nrk;teryt;nro;adres;lwug;lkw;lkwzu;lgnw;lgw;freq;pgnw;lwug15;lkw15;lkwzu15;lgnw15;lgw15;freq15;pgnw15
79378;181405;8;Szkoła Podstawowa w Kańczudze 37-220 Kańczuga ul. Szkolna 7;1135;149;149;2;147;13.13;1.34;1131;426;426;16;410;37.67;3.76
79379;181405;9;Hala Sportowa w Kańczudze 37-220 Kańczuga ul. Parkowa 10;1332;295;295;16;279;22.15;5.42;1332;596;596;18;578;44.74;3.02
79380;181406;1;Zespół Szkół w Chałupkach 37-200 Chałupki 109;635;106;106;1;105;16.69;0.94;635;319;319;12;307;50.24;3.76
79381;181406;2;Gimnazjum Nr 5 w Gorliczynie 37-200 Gorliczyna 148;1370;277;277;8;269;20.22;2.89;1327;694;694;18;676;52.30;2.59
79382;181406;3;Wiejski Dom Kultury w Grzęsce 37-200 Grzęska 199;1582;316;316;6;310;19.97;1.90;1602;844;844;23;821;52.68;2.73
79383;181406;4;Wiejski Dom Kultury w Gwizdaju 37-200 Gwizdaj al. Jana Pawła II 3A;246;66;66;4;62;26.83;6.06;246;166;166;3;163;67.48;1.81
79384;181406;5;Zespół Szkół w Mirocinie 37-200 Mirocin 384;1064;203;203;2;201;19.08;0.99;1060;549;549;33;516;51.79;6.01
79385;181406;6;Wiejski Dom Kultury w Nowosielcach 37-200 Nowosielce 565;1186;335;335;11;324;28.25;3.28;1201;744;744;19;725;61.95;2.55
79386;181406;7;Remiza OSP w Rozborzu 37-200 Rozbórz 583;1631;332;332;6;326;20.36;1.81;1640;842;842;33;809;51.34;3.92
79387;181406;8;Zespół Szkół w Studzianie 37-200 Studzian 338;1283;237;237;5;232;18.47;2.11;1309;639;639;34;605;48.82;5.32
79388;181406;9;Wiejski Dom Kultury w Świętoniowej 37-200 Świętoniowa 229A;712;133;133;4;129;18.68;3.01;705;388;388;16;372;55.04;4.12
79389;181406;10;Zespół Szkół w Ujeznej 37-200 Ujezna 227;640;188;188;3;185;29.38;1.60;631;358;358;10;348;56.74;2.79
79390;181406;11;Zespół Szkół w Urzejowicach 37-200 Urzejowice 542;1452;316;316;12;304;21.76;3.80;1450;679;679;20;659;46.83;2.95
79391;181407;1;Remizo-świetlica w Czercach 37-530 Czerce 130;348;76;76;4;72;21.84;5.26;355;136;136;2;134;38.31;1.47
79392;181407;2;Remizo-świetlica w Czerwonej Woli 37-530 Czerwona Wola 130;388;104;104;1;103;26.80;0.96;403;201;201;13;188;49.88;6.47
79393;181407;3;Remizo-świetlica w Dobrej 37-530 Dobra 143;361;64;64;1;63;17.73;1.56;380;161;161;17;144;42.37;10.56
79394;181407;4;Remizo-świetlica w Dybkowie 37-530 Dybków;609;157;157;6;151;25.78;3.82;628;324;324;11;313;51.59;3.40
79395;181407;5;Dom Ludowy w Leżachowie 37-530 Leżachów;389;68;68;1;67;17.48;1.47;395;151;151;5;146;38.23;3.31
79396;181407;6;Dom Ludowy w Piganach 37-530 Pigany;600;109;109;3;106;18.17;2.75;597;216;216;11;205;36.18;5.09
79397;181407;7;Remizo-świetlica w Rudce 37-530 Rudka;595;162;162;12;150;27.23;7.41;602;282;282;12;270;46.84;4.26
79398;181407;8;Szkoła Podstawowa w Sieniawie 37-530 Sieniawa Rynek 1;1785;438;438;18;420;24.54;4.11;1773;885;885;16;869;49.92;1.81
79399;181407;9;Remizo-świetlica w Wylewie 37-530 Wylewa;564;155;155;1;154;27.48;0.65;579;285;285;5;280;49.22;1.75
79400;181408;1;Zespół Szkół w Tryńczy 37-204 Tryńcza 129;1507;292;292;9;283;19.38;3.08;1497;727;727;25;702;48.56;3.44
79401;181408;2;Wiejski Dom Kultury Gorzyce 37-204 Gorzyce 88;1032;182;182;12;170;17.64;6.59;1047;444;444;16;428;42.41;3.60
79402;181408;3;Wiejski Dom Kultury w Gniewczynie Łańcuckiej 37-203 Gniewczyna Łańcucka 621;1641;328;328;12;316;19.99;3.66;1669;945;945;29;916;56.62;3.07
79403;181408;4;Zespół Szkoły i Przedszkola w Jagielle 37-203 Jagiełła 275;878;184;184;3;181;20.96;1.63;894;440;440;22;418;49.22;5.00
79404;181408;5;Wiejski Dom Kultury w Głogowcu 37-204 Głogowiec 60;245;85;85;1;84;34.69;1.18;241;137;137;3;134;56.85;2.19
79405;181408;6;Wiejski Dom Kultury w Gniewczynie Trynieckiej 37-203 Gniewczyna Tryniecka 27;672;151;151;5;146;22.47;3.31;682;406;406;12;394;59.53;2.96
79406;181408;7;Szkoła Podstawowa w Ubieszynie 37-204 Ubieszyn 65;569;96;96;1;95;16.87;1.04;579;264;264;10;254;45.60;3.79
79407;181409;1;Zespół Szkół im. Jana Pawła II w Zarzeczu 37-205 Zarzecze 9A;1266;390;390;12;378;30.81;3.08;1256;708;708;25;683;56.37;3.53
79408;181409;2;Szkoła Podstawowa w Siennowie 37-205 Siennów 227;877;123;123;6;117;14.03;4.88;866;381;381;25;356;44.00;6.56
79409;181409;3;Zespół Szkół im. św. Brata Alberta w Żurawiczkach 37-200 Żurawiczki 82;976;176;176;7;169;18.03;3.98;978;473;473;19;454;48.36;4.02
79410;181409;4;Szkoła Podstawowa w Maćkówce 37-200 Maćkówka 210;662;118;118;8;110;17.82;6.78;673;393;393;17;376;58.40;4.33
79411;181409;5;Szkoła Podstawowa w Pełnatyczach 37-205 Pełnatycze 16;579;107;107;5;102;18.48;4.67;580;270;270;11;259;46.55;4.07
79412;181409;6;Szkoła Podstawowa w Rożniatowie 37-205 Rożniatów 5A;537;71;71;1;70;13.22;1.41;532;211;211;9;202;39.66;4.27
79413;181409;7;Remiza OSP w Zalesiu 37-205 Zalesie;328;91;91;3;88;27.74;3.30;329;190;190;11;179;57.75;5.79
79414;181409;8;Remiza OSP w Kisielowie 37-205 Kisielów;335;123;123;3;120;36.72;2.44;328;189;189;3;186;57.62;1.59
79415;181409;9;Szkoła Podstawowa w Łapajówce 37-205 Łapajówka 133;223;63;63;2;61;28.25;3.17;216;125;125;10;115;57.87;8.00
79416;181501;1;Zespół Szkół w Iwierzycach 39-124 Iwierzyce 188;829;200;200;7;193;24.13;3.50;821;473;473;17;456;57.61;3.59
79417;181501;2;Szkoła Podstawowa w Sielcu 39-120 Sielec 51 B;562;169;169;6;163;30.07;3.55;568;337;337;9;328;59.33;2.67
79418;181501;3;Szkoła Podstawowa w Olchowej 39-127 Olchowa 3;972;271;271;13;258;27.88;4.80;987;547;547;15;532;55.42;2.74
79419;181501;4;Szkoła Podstawowa w Nockowej 39-124 Nockowa 1;1006;225;225;8;217;22.37;3.56;1014;545;545;24;521;53.75;4.40
79420;181501;5;Szkoła Podstawowa w Będzienicy 39-124 Będzienica 44;352;91;91;3;88;25.85;3.30;361;200;200;6;194;55.40;3.00
79421;181501;6;Szkoła Podstawowa w Wiśniowej 39-124 Wiśniowa 69;561;103;103;2;101;18.36;1.94;562;259;259;8;251;46.09;3.09
79422;181501;7;Szkoła Podstawowa w Bystrzycy 39-124 Bystrzyca 52 A;716;156;156;1;155;21.79;0.64;708;393;393;10;383;55.51;2.54
79423;181501;8;Dom Strażaka w Olimpowie 39-124 Olimpów 57;437;158;158;4;154;36.16;2.53;438;286;286;5;281;65.30;1.75
79424;181501;9;Szkoła Podstawowa w Wiercanach 39-124 Wiercany 73;588;155;155;5;150;26.36;3.23;587;305;305;4;301;51.96;1.31
79425;181502;1;Dom Strażaka w Ostrowie 39-103 Ostrów 224;1276;186;186;10;176;14.58;5.38;1297;590;590;26;564;45.49;4.41
79426;181502;2;Szkoła Podstawowa w Skrzyszowie 39-103 Skrzyszów 190;831;122;122;5;117;14.68;4.10;848;317;317;15;302;37.38;4.73
79427;181502;3;Szkoła Podstawowa w Woli Ocieckiej 39-104 Wola Ociecka 114;542;48;48;1;47;8.86;2.08;552;218;218;9;209;39.49;4.13
79428;181502;4;Szkoła Podstawowa w Ociece 39-104 Ocieka 352;996;167;167;11;156;16.77;6.59;1009;476;476;15;461;47.18;3.15
79429;181502;5;Wiejski Ośrodek Kultury w Bliźnie 39-104 Blizna 68;193;56;56;2;54;29.02;3.57;195;72;72;0;72;36.92;0.00
79430;181502;6;Szkoła Podstawowa w Kamionce 39-122 Kamionka 206;696;159;159;4;155;22.84;2.52;693;355;355;14;341;51.23;3.94
79431;181502;7;Szkoła Podstawowa w Zdżarach 39-104 Zdżary 59;214;36;36;0;36;16.82;0.00;217;77;77;1;76;35.48;1.30
79432;181502;8;Dom Ludowy w Borku Małym 39-120 Borek Mały 41;245;53;53;4;49;21.63;7.55;247;126;126;1;125;51.01;0.79
79433;181502;9;Szkoła Podstawowa w Kozodrzy 39-103 Kozodrza 175;657;140;140;5;135;21.31;3.57;653;341;341;15;326;52.22;4.40
79434;181503;1;Dom Strażaka w Brzezówce 39-102 Brzezówka 160;904;144;144;6;138;15.93;4.17;906;380;380;14;366;41.94;3.68
79435;181503;2;Zespół Szkół w Lubzinie 39-102 Lubzina 188;1577;324;324;8;316;20.55;2.47;1603;751;751;25;726;46.85;3.33
79436;181503;3;Dom Strażaka w Łączkach Kucharskich 39-106 Łączki Kucharskie 160;1094;214;214;2;212;19.56;0.93;1097;539;539;19;520;49.13;3.53
79437;181503;4;Dom Strażaka w Okoninie 39-100 Okonin 29;324;79;79;1;78;24.38;1.27;332;183;183;2;181;55.12;1.09
79438;181503;5;Zespół Szkół w Niedźwiadzie Dolnej 39-107 Niedźwiada 40;1079;245;245;10;235;22.71;4.08;1093;616;616;17;599;56.36;2.76
79439;181503;6;Zespół Szkół w Niedźwiadzie Górnej 39-107 Niedźwiada 261;959;249;249;5;244;25.96;2.01;968;536;536;25;511;55.37;4.66
79440;181503;7;Zespół Szkół w Małej 39-107 Mała 35;1096;285;285;11;274;26.00;3.86;1081;580;580;21;559;53.65;3.62
79441;181503;8;Zespół Szkół w Gnojnicy Dolnej 39-105 Gnojnica 268;961;278;278;8;270;28.93;2.88;962;587;587;15;572;61.02;2.56
79442;181503;9;Zespół Szkół w Gnojnicy Woli 39-105 Gnojnica 504;735;227;227;4;223;30.88;1.76;738;394;394;15;379;53.39;3.81
79443;181503;10;Dom Strażaka w Ropczycach - Brzyźnie 39-100 Ropczyce ul. Ogrodnicza 36f;485;135;135;5;130;27.84;3.70;509;280;280;4;276;55.01;1.43
79444;181503;11;Szkoła Podstawowa w Ropczycach - Granicach 39-100 Ropczyce ul. Leśna 88;595;195;195;23;172;32.77;11.79;593;340;340;16;324;57.34;4.71
79445;181503;12;Szkoła Muzyczna I stopnia w Ropczycach 39-100 Ropczyce ul. Armii Krajowej 7;627;200;200;12;188;31.90;6.00;619;357;357;11;346;57.67;3.08
79446;181503;13;Zespół Szkół Nr 3 w Ropczycach 39-100 Ropczyce ul. Robotnicza 48;1119;261;261;8;253;23.32;3.07;1137;608;608;15;593;53.47;2.47
79447;181503;14;Zespół Szkół Nr 4 w Ropczycach 39 - 100 Ropczyce ul. 3 Maja 424;1468;331;331;17;314;22.55;5.14;1459;814;814;27;787;55.79;3.32
79448;181503;15;Publiczne Przedszkole Nr 3 w Ropczycach 39-100 Ropczyce ul. Szkolna 33A;735;179;179;8;171;24.35;4.47;736;394;394;12;382;53.53;3.05
79449;181503;16;Dom Strażaka w Ropczycach - Witkowicach 39-100 Ropczyce ul. Sucharskiego 101A;1335;343;343;3;340;25.69;0.87;1292;742;742;17;725;57.43;2.29
79450;181503;17;Zespół Szkół Nr 2 w Ropczycach 39-100 Ropczyce ul. Konarskiego 4;1313;350;350;8;342;26.66;2.29;1276;669;669;20;649;52.43;2.99
79451;181503;18;Zespół Szkół Nr 2 w Ropczycach 39-100 Ropczyce ul. Konarskiego 4;588;154;154;2;152;26.19;1.30;584;320;320;1;319;54.79;0.31
79452;181503;19;Przedszkole Publiczne Nr 2 w Ropczycach 39-100 Ropczyce ul. Armii Krajowej 6;1452;368;368;12;356;25.34;3.26;1389;784;784;25;759;56.44;3.19
79453;181503;20;Zespół Szkół im. ks. dr. J. Zwierza w Ropczycach 39-100 Ropczyce ul. Mickiewicza 14;724;318;318;10;308;43.92;3.14;705;471;471;11;460;66.81;2.34
79454;181503;21;Centrum Kultury im. Józefa Mehoffera w Ropczycach 39-100 Ropczyce ul. Bursztyna 1;595;165;165;7;158;27.73;4.24;593;325;325;9;316;54.81;2.77
79455;181503;22;Miejska i Powiatowa Biblioteka Publiczna w Ropczycach 39-100 Ropczyce ul. Grunwaldzka 19;1552;495;495;12;483;31.89;2.42;1511;845;845;16;829;55.92;1.89
79456;181504;1;Liceum Ogólnokształcące Sędziszów Młp. 39-120 Sędziszów Małopolski Fabryczna 5;717;231;231;9;222;32.22;3.90;742;434;434;13;421;58.49;3.00
79457;181504;2;Szkoła Podstawowa Nr 3 Sędziszów Młp. 39-120 Sędziszów Małopolski Osiedle Młodych 20;893;280;280;6;274;31.35;2.14;876;523;523;10;513;59.70;1.91
79458;181504;3;Szkoła Podstawowa Nr 3 Sędziszów Młp. 39-120 Sędziszów Małopolski Osiedle Młodych 20;751;277;277;1;276;36.88;0.36;734;447;447;8;439;60.90;1.79
79459;181504;4;Szkoła Podstawowa Nr 2 Sędziszów Młp. 39-120 Sędziszów Małopolski Rynek 9;1414;462;462;11;451;32.67;2.38;1376;865;865;20;845;62.86;2.31
79460;181504;5;Gimnazjum w Sędziszowie Młp. 39-120 Sędziszów Małopolski ks. Maciąga 3;879;260;260;8;252;29.58;3.08;901;523;523;2;521;58.05;0.38
79461;181504;6;Gimnazjum w Sędziszowie Młp. 39-120 Sędziszów Małopolski Ks. Maciąga 3;1338;342;342;4;338;25.56;1.17;1322;755;755;4;751;57.11;0.53
79462;181504;7;Dom Ludowy w Będziemyślu 39-127 Będziemyśl 35;801;211;211;5;206;26.34;2.37;806;401;401;16;385;49.75;3.99
79463;181504;8;Szkoła Podstawowa w Boreczku 39-120 Boreczek 46;293;72;72;1;71;24.57;1.39;292;168;168;4;164;57.53;2.38
79464;181504;9;Szkoła Podstawowa w Borku Wielkim 39-120 Borek Wielki 254;1246;250;250;3;247;20.06;1.20;1251;687;687;19;668;54.92;2.77
79465;181504;10;Budynek byłej szkoły w Cierpiszu 39-123 Cierpisz 33;146;33;33;3;30;22.60;9.09;150;87;87;1;86;58.00;1.15
79466;181504;11;Gimnazjum w Czarnej Sędziszowskiej 39-123 Czarna Sędziszowska 145;1147;237;237;7;230;20.66;2.95;1149;624;624;15;609;54.31;2.40
79467;181504;12;Szkoła Podstawowa w Górze Ropczyckiej 39-120 Góra Ropczycka 2;934;310;310;14;296;33.19;4.52;934;559;559;23;536;59.85;4.11
79468;181504;13;Szkoła Podstawowa w Kawęczynie Sędziszowskim 39-120 Kawęczyn Sędziszowski 73;781;169;169;3;166;21.64;1.78;779;420;420;14;406;53.92;3.33
79469;181504;14;Dom Ludowy w Klęczanach 39-127 Klęczany 112;1179;223;223;13;210;18.91;5.83;1184;576;576;15;561;48.65;2.60
79470;181504;15;Szkoła Podstawowa w Krzywej 39-120 Krzywa 121;926;179;179;7;172;19.33;3.91;929;507;507;14;493;54.57;2.76
79471;181504;16;Dom Strażaka w Rudzie 39-122 Ruda 65;236;61;61;0;61;25.85;0.00;235;129;129;3;126;54.89;2.33
79472;181504;17;Szkoła Podstawowa w Szkodnej 39-126 Szkodna 121;610;202;202;9;193;33.11;4.46;594;345;345;22;323;58.08;6.38
79473;181504;18;Przedszkole w Wolicy Ługowej 39-120 Wolica Ługowa 70;581;132;132;1;131;22.72;0.76;567;247;247;6;241;43.56;2.43
79474;181504;19;Szkoła Podstawowa w Wolicy Piaskowej 39-120 Wolica Piaskowa 76;1008;246;246;5;241;24.40;2.03;1009;565;565;10;555;56.00;1.77
79475;181504;20;Szkoła Podstawowa w Zagorzycach Dolnych 39-126 Zagorzyce, Dolne Zagorzyce 78;1341;531;531;2;529;39.60;0.38;1346;895;895;18;877;66.49;2.01
79476;181504;21;Szkoła Podstawowa w Zagorzycach Górnych 39-126 Zagorzyce, Górne Zagorzyce 175;1258;418;418;9;409;33.23;2.15;1237;776;776;10;766;62.73;1.29
91103;181504;22;Dom Pomocy Społecznej 39-122 Ruda 102;90;34;34;2;32;37.78;5.88;89;53;53;6;47;59.55;11.32
91104;181504;23;Oddział Chorób Wewnętrznych w Sędziszowie Młp. 39-120 Sędziszów Małopolski Wyspiańskiego 14;87;15;15;0;15;17.24;0.00;77;31;31;2;29;40.26;6.45
79477;181505;1;Filia GOKiW w Broniszowie 39-106 Broniszów 79;676;128;128;10;118;18.93;7.81;675;352;352;14;338;52.15;3.98
79478;181505;2;Budynek wielofunkcyjny w Gliniku 39-106 Glinik 133;1152;395;395;17;378;34.29;4.30;1138;722;722;22;700;63.44;3.05
79479;181505;3;GOKiW w Wielopolu Skrzyńskim 39-110 Wielopole Skrzyńskie 202;1621;360;360;6;354;22.21;1.67;1596;867;867;31;836;54.32;3.58
79480;181505;4;Filia GOKiW w Brzezinach 39-111 Brzeziny 168;1425;346;346;15;331;24.28;4.34;1421;700;700;32;668;49.26;4.57
79481;181505;5;Szkoła Podstawowa w Brzezinach-Berdechowie 39-111 Brzeziny 382a;444;63;63;3;60;14.19;4.76;434;172;172;16;156;39.63;9.30
79482;181505;6;Filia GOKiW w Nawsiu 39-110 Nawsie 304;1176;224;224;9;215;19.05;4.02;1165;567;567;27;540;48.67;4.76
79483;181601;1;Urząd Miejski w Dynowie 36-065 Dynów ul. Rynek 2;1785;411;411;16;395;23.03;3.89;1763;839;839;24;815;47.59;2.86
79484;181601;2;Środowiskowy Dom Samopomocy 36-065 Dynów ul. Jana Pawła II 13;901;209;209;5;204;23.20;2.39;825;414;414;14;400;50.18;3.38
79485;181601;3;Liceum Ogólnokształcące 36-065 Dynów ul. 1 - Maja 18;1547;367;367;3;364;23.72;0.82;1599;825;825;17;808;51.59;2.06
79486;181601;4;Dom Ludowy 36-065 Dynów ul. Bartkówka 120;719;161;161;7;154;22.39;4.35;715;354;354;13;341;49.51;3.67
91105;181601;5;Dom Pogodnej Starości 36-065 Dynów ul. ks. Józefa Ożoga 12A;53;42;42;4;38;79.25;9.52;73;57;57;0;57;78.08;0.00
79487;181602;1;Szkoła Podstawowa w Błażowej 36-030 Błażowa ul. Armii Krajowej 11;1768;451;451;13;438;25.51;2.88;1750;936;936;23;913;53.49;2.46
79488;181602;2;Świetlica w Błażowej Górnej 36-030 Błażowa Górna 204;579;95;95;0;95;16.41;0.00;581;253;253;2;251;43.55;0.79
79489;181602;3;Szkoła Podstawowa w Nowym Borku 36-030 Nowy Borek 331;1318;323;323;9;314;24.51;2.79;1330;715;715;18;697;53.76;2.52
79490;181602;4;Szkoła Podstawowa w Błażowej Dolnej 36-030 Błażowa Dolna 196;1003;226;226;10;216;22.53;4.42;1012;495;495;15;480;48.91;3.03
79491;181602;5;Szkoła Podstawowa w Piatkowej 36-030 Piątkowa 429;707;176;176;5;171;24.89;2.84;700;364;364;10;354;52.00;2.75
79492;181602;6;Szkoła Podstawowa w Futomie 36-030 Futoma 168;1033;338;338;13;325;32.72;3.85;1028;571;571;27;544;55.54;4.73
79493;181602;7;Szkoła Podstawowa w Kąkolówce 36-030 Kąkolówka 468;1116;213;213;12;201;19.09;5.63;1117;536;536;10;526;47.99;1.87
79494;181602;8;Szkoła Podstawowa w Białce 36-030 Białka 175;477;118;118;2;116;24.74;1.69;484;272;272;6;266;56.20;2.21
79495;181602;9;Szkoła Podstawowa w Lecce 36-030 Lecka 230;718;185;185;4;181;25.77;2.16;708;367;367;14;353;51.84;3.81
79496;181603;1;Sala widowiskowa przy Urzędzie Miejskim w Boguchwale 36-040 Boguchwała ul. Doktora Tkaczowa 134;2231;614;614;9;605;27.52;1.47;2180;1243;1243;18;1225;57.02;1.45
79497;181603;2;Gimnazjum w Boguchwale 36-040 Boguchwała ul. Doktora Tkaczowa 156;1812;488;488;9;479;26.93;1.84;1820;1079;1079;13;1066;59.29;1.20
79498;181603;3;Przedszkole Publiczne w Boguchwale 36-040 Boguchwała Techniczna 1a;765;242;242;6;236;31.63;2.48;761;453;453;12;441;59.53;2.65
79499;181603;4;Szkoła Podstawowa w Mogielnicy 36-040 Mogielnica 167;953;248;248;8;240;26.02;3.23;976;558;558;10;548;57.17;1.79
79500;181603;5;Zespół Szkół w Niechobrzu 36-047 Niechobrz 679;2238;655;655;11;644;29.27;1.68;2244;1364;1364;20;1344;60.78;1.47
79501;181603;6;Szkoła Podstawowa w Woli Zgłobieńskiej 36-046 Wola Zgłobieńska 140;1138;295;295;6;289;25.92;2.03;1158;644;644;11;633;55.61;1.71
79502;181603;7;Szkoła Podstawowa w Zgłobniu 36-046 Zgłobień 70;1231;295;295;7;288;23.96;2.37;1228;722;722;10;712;58.79;1.39
79503;181603;8;Szkoła Podstawowa w Nosówce 36-046 Nosówka 186;1085;296;296;3;293;27.28;1.01;1102;668;668;8;660;60.62;1.20
79504;181603;9;Zespół Szkół w Racławówce 36-047 Racławówka 215;1139;330;330;22;308;28.97;6.67;1161;702;702;12;690;60.47;1.71
79505;181603;10;Zespół Szkół w Kielanówce 35-106 Kielanówka 111;1150;386;386;10;376;33.57;2.59;1219;798;798;7;791;65.46;0.88
79506;181603;11;Szkoła Podstawowa w Lutoryżu 36-040 Lutoryż 432;1282;287;287;6;281;22.39;2.09;1301;710;710;21;689;54.57;2.96
79507;181603;12;Szkoła Podstawowa w Zarzeczu 36-041 Zarzecze 133;462;177;177;3;174;38.31;1.69;453;289;289;4;285;63.80;1.38
91106;181603;13;Niepubliczny Zakład Opieki Zdrowotnej AVEE-med. Zakład Opiekuńczo Leczniczy 36-047 Niechobrz 972;41;5;5;1;4;12.20;20.00;31;4;4;0;4;12.90;0.00
91107;181603;14;Dom Spokojnej Starości ,,Złote Liście” 36-041 Zarzecze 23;21;15;15;1;14;71.43;6.67;45;2;2;0;2;4.44;0.00
79508;181604;1;Szkoła Podstawowa Nr 2 w Chmielniku 36-016 Chmielnik 316;1415;433;433;14;419;30.60;3.23;1413;898;898;21;877;63.55;2.34
79509;181604;2;Urząd Gminy w Chmielniku 36-016 Chmielnik 50;1421;419;419;10;409;29.49;2.39;1437;862;862;26;836;59.99;3.02
79510;181604;3;Dom Ludowy w Woli Rafałowskiej 36-017 Wola Rafałowska 137;853;195;195;5;190;22.86;2.56;855;435;435;14;421;50.88;3.22
79511;181604;4;Dom Ludowy w Błędowej Tyczyńskiej 36-017 Błędowa Tyczyńska 29;733;172;175;8;164;23.47;4.65;721;367;367;5;362;50.90;1.36
79512;181604;5;Dom Ludowy w Zabratówce 36-017 Zabratówka 42;567;134;134;4;130;23.63;2.99;559;279;279;5;274;49.91;1.79
79513;181604;6;Dom Ludowy w Borówkach 36-016 Borówki 34;232;63;63;3;60;27.16;4.76;227;132;132;5;127;58.15;3.79
91108;181604;7;Dom Pomocy Społecznej Im. Św. Ojca Pio 36-016 Chmielnik 4;56;50;50;1;49;89.29;2.00;65;56;56;1;55;86.15;1.79
79514;181605;1;Dom Strażaka w Bachórzu 36-068 Bachórz 82;934;159;159;2;157;17.02;1.26;926;369;369;12;357;39.85;3.25
79515;181605;2;Szkoła Podstawowa w Dąbrówce Starzeńskiej 36-065 Dąbrówka Starzeńska 131;355;78;78;1;77;21.97;1.28;358;174;174;12;162;48.60;6.90
79516;181605;3;Szkoła Podstawowa w Dylągowej 36-069 Dylągowa 44;483;93;93;12;81;19.25;12.90;472;182;182;6;176;38.56;3.30
79517;181605;4;Zespół Szkół Nr 2 w Harcie 36-067 Harta 106;821;142;142;0;142;17.30;0.00;817;356;356;6;350;43.57;1.69
79518;181605;5;Dom Ludowy w Harcie 36-067 Harta 225;854;189;189;5;184;22.13;2.65;857;456;456;13;443;53.21;2.85
79519;181605;6;Szkoła Podstawowa w Laskówce 36-068 Laskówka 69;338;63;63;4;59;18.64;6.35;327;133;133;3;130;40.67;2.26
79520;181605;7;Zespół Szkół Nr 3 w Łubnie 36-065 Łubno 82;998;105;105;4;101;10.52;3.81;990;340;340;23;317;34.34;6.76
79521;181605;8;Zespół Szkół Nr 4 w Pawłokomie 36-065 Pawłokoma 24;409;54;54;4;50;13.20;7.41;420;119;119;11;108;28.33;9.24
79522;181605;9;Szkoła Podstawowa w Ulanicy 36-065 Ulanica 28A;336;92;92;3;89;27.38;3.26;326;166;166;9;157;50.92;5.42
79523;181605;10;Dom Strażaka w Wyrębach 36-065 Wyręby 52;157;33;33;1;32;21.02;3.03;155;72;72;1;71;46.45;1.39
79524;181606;1;Miejsko Gminny Dom Kultury w Głogowie Małopolskim 36-060 Głogów Małopolski Kardynała Stefana Wyszyńskiego 12;2295;693;693;12;681;30.20;1.73;987;561;561;13;548;56.84;2.32
79525;181606;2;Miejsko Gminny Dom Kultury w Głogowie Małopolskim 36-060 Głogów Małopolski Kardynała Stefana Wyszyńskiego 12;2354;850;850;13;837;36.11;1.53;1986;1166;1166;24;1142;58.71;2.06
79526;181606;3;Dom Ludowy w Hucisku 36-003 Hucisko 1;329;58;58;4;54;17.63;6.90;322;157;157;2;155;48.76;1.27
79527;181606;4;Dom Ludowy w Pogwizdowie Starym 36-130 Pogwizdów Stary 56;377;83;83;1;82;22.02;1.20;403;180;180;6;174;44.67;3.33
79528;181606;5;Zespół Szkół w Przewrotnem 36-003 Przewrotne 589;1388;221;221;8;213;15.92;3.62;1386;612;612;21;591;44.16;3.43
79529;181606;6;Dom Ludowy w Stykowie 36-060 Styków 318;675;176;176;4;172;26.07;2.27;678;365;365;17;348;53.83;4.66
79530;181606;7;Zespół Szkół w Budach Głogowskich 36-060 Budy Głogowskie 846;1460;334;334;8;326;22.88;2.40;1467;780;780;29;751;53.17;3.72
79531;181606;8;Dom Ludowy w Wysokiej Głogowskiej 36-061 Wysoka Głogowska 302;1770;498;498;20;478;28.14;4.02;1782;1098;1098;24;1074;61.62;2.19
79532;181606;9;Dom Ludowy w Woli Cichej 36-060 Wola Cicha 151;272;99;99;3;96;36.40;3.03;268;159;159;5;154;59.33;3.14
79533;181606;10;Dom Ludowy w Zabajce 36-060 Zabajka 145;574;195;195;5;190;33.97;2.56;579;332;332;9;323;57.34;2.71
79534;181606;11;Dom Strażaka w Lipiu 36-060 Lipie 64;392;119;119;0;119;30.36;0.00;396;244;244;16;228;61.62;6.56
79535;181606;12;Dom Ludowy w Rogoźnicy 36-060 Rogoźnica 98;488;143;143;8;135;29.30;5.59;489;285;285;8;277;58.28;2.81
79536;181606;13;Szkoła Podstawowa w Rudnej Małej 36-054 Rudna Mała 345;1158;313;313;5;308;27.03;1.60;1166;657;657;8;649;56.35;1.22
79537;181606;14;Remiza OSP w Pogwizdowie Nowym 36-062 Pogwizdów Nowy 252;862;250;250;10;240;29.00;4.00;887;550;550;11;539;62.01;2.00
79538;181606;15;Dom Ludowy w Miłocinie 36-062 Miłocin 207;613;190;190;5;185;31.00;2.63;610;372;372;8;364;60.98;2.15
79539;181607;1;Szkoła Podstawowa 36-024 Brzezówka 111;441;131;131;5;126;29.71;3.82;433;241;241;9;232;55.66;3.73
79540;181607;2;Budynek Gimnazjum 36-024 Hyżne 614;1124;341;341;9;332;30.34;2.64;1122;703;703;32;671;62.66;4.55
79541;181607;3;Gminny Ośrodek Kultury 36-024 Hyżne 182;1133;368;368;9;359;32.48;2.45;1141;681;681;21;660;59.68;3.08
79542;181607;4;Klub Strażaka Nieborów 36-024 Hyżne 791;263;136;136;4;132;51.71;2.94;267;181;181;5;176;67.79;2.76
79543;181607;5;Szkoła Podstawowa 36-025 Grzegorzówka 173;427;100;100;1;99;23.42;1.00;425;230;230;7;223;54.12;3.04
79544;181607;6;Szkoła Podstawowa 36-025 Wólka Hyżneńska 28;546;147;147;5;142;26.92;3.40;564;315;315;11;304;55.85;3.49
79545;181607;7;Szkoła Podstawowa 36-025 Dylągówka 29;836;203;203;3;200;24.28;1.48;836;486;486;11;475;58.13;2.26
79546;181607;8;Szkoła Podstawowa 36-025 Szklary 148;715;138;138;11;127;19.30;7.97;706;348;348;11;337;49.29;3.16
79547;181608;1;Środowiskowy Dom Samopomocy w Kamieniu 36-053 Kamień, Górka 376;1008;265;265;7;258;26.29;2.64;1017;527;527;11;516;51.82;2.09
79548;181608;2;Zespół Szkół im. Jana Pawła II w Łowisku 36-053 Łowisko 181;1130;384;384;3;381;33.98;0.78;1130;656;656;8;648;58.05;1.22
79549;181608;3;Szkoła Podstawowa w Krzywej Wsi 36-053 Kamień, Krzywa Wieś 35;627;169;169;2;167;26.95;1.18;630;353;353;8;345;56.03;2.27
79550;181608;4;Szkoła Podstawowa im. św. Floriana w Kamieniu Podlesiu 36-053 Kamień, Podlesie 78A;618;113;113;3;110;18.28;2.65;631;356;356;20;336;56.42;5.62
79551;181608;5;Szkoła Podstawowa im. Św. Jadwigi Królowej w Kamieniu Prusinie 36-053 Kamień, Prusina 119;1367;229;229;4;225;16.75;1.75;1357;687;687;14;673;50.63;2.04
79552;181608;6;Zespół Szkół im. św. Stanisława Kostki w Nowym Kamieniu 36-053 Nowy Kamień 26;770;205;205;0;205;26.62;0.00;773;432;432;6;426;55.89;1.39
79553;181609;1;Gminny Ośrodek Kultury i Biblioteka w Krasnem 36-007 Krasne 743;1725;383;383;8;375;22.20;2.09;1729;930;930;25;905;53.79;2.69
79554;181609;2;Szkoła Podstawowa w Krasnem 36-007 Krasne 742;1643;424;424;9;415;25.81;2.12;1711;1043;1043;9;1034;60.96;0.86
79555;181609;3;Zespół Szkół w Malawie 36-007 Malawa 199 A;1521;437;437;11;426;28.73;2.52;1535;970;970;23;947;63.19;2.37
79556;181609;4;Gminne Przedszkole Publiczne w Malawie 36-007 Malawa 199 B;1070;295;295;10;285;27.57;3.39;1075;617;617;19;598;57.40;3.08
79557;181609;5;Zespół Szkół w Strażowie 36-073 Strażów 270 A;1408;370;370;7;363;26.28;1.89;1441;811;811;22;789;56.28;2.71
79558;181609;6;Zespół Szkół w Palikówce 36-073 Palikówka 271;988;282;282;3;279;28.54;1.06;991;622;622;9;613;62.76;1.45
79559;181610;1;Urząd Gminy 36-042 Lubenia 131;1930;479;479;17;462;24.82;3.55;1917;1035;1035;17;1018;53.99;1.64
79560;181610;2;Dom Kultury 36-042 Siedliska 124;1429;487;487;9;478;34.08;1.85;1420;860;860;18;842;60.56;2.09
79561;181610;3;Szkoła Podstawowa w Straszydlu 36-043 Straszydle 155;1499;422;422;10;412;28.15;2.37;1500;785;785;24;761;52.33;3.06
79562;181610;4;Dom Kultury 36-043 Sołonka 26;360;122;122;3;119;33.89;2.46;355;205;205;3;202;57.75;1.46
79563;181611;1;Miejsko-Gminny Ośrodek Kultury, Sportu i Rekreacji 36-050 Sokołów Małopolski Lubelska 5;1608;563;563;17;546;35.01;3.02;1647;959;959;21;938;58.23;2.19
79564;181611;2;Zespół Szkół im. Jana Pawła II 36-050 Sokołów Małopolski Lubelska 41;1649;589;589;15;574;35.72;2.55;1630;949;949;27;922;58.22;2.85
79565;181611;3;Świetlica Wiejska 36-051 Markowizna 34;318;95;95;9;86;29.87;9.47;324;159;159;8;151;49.07;5.03
79566;181611;4;Samodzielny Publiczny Zespół Zakładów Opieki Zdrowotnej „Sanatorium” 36-051 Górno Rzeszowska 5;442;113;113;6;107;25.57;5.31;443;166;166;10;156;37.47;6.02
79567;181611;5;Zespół Szkół im. ks. M.Lachora 36-051 Górno Centralna 14;1241;425;425;8;417;34.25;1.88;1247;778;778;14;764;62.39;1.80
79568;181611;6;Zespół Szkół im. Bł. Bronisława Markiewicza 36-050 Trzeboś, Trzeboś Górna Kościelna 1;1658;512;512;6;506;30.88;1.17;1669;896;896;30;866;53.68;3.35
79569;181611;7;Stara Szkoła 36-052 Nienadówka 707;2203;690;690;19;671;31.32;2.75;2172;1132;1132;47;1085;52.12;4.15
79570;181611;8;Zespół Szkół im. Królowej Jadwigi 36-050 Trzebuska 196;908;255;255;9;246;28.08;3.53;906;440;440;19;421;48.57;4.32
79571;181611;9;Dom Kultury 36-050 Wólka Niedźwiedzka 264;1419;359;359;5;354;25.30;1.39;1445;750;750;23;727;51.90;3.07
79572;181611;10;Dom Strażaka 36-050 Wólka Sokołowska 109;556;148;148;7;141;26.62;4.73;561;295;295;12;283;52.58;4.07
79573;181611;11;Szkoła Podstawowa im. Św. St. Kostki 36-050 Trzeboś-Podlas Podlas 29;263;46;46;1;45;17.49;2.17;275;93;93;4;89;33.82;4.30
79574;181611;12;Zespół Szkół w Sokołowie Młp. 36-050 Sokołów Małopolski Lubelska 37;507;143;143;6;137;28.21;4.20;508;287;287;1;286;56.50;0.35
79575;181611;13;Świetlica Wiejska 36-050 Trzebuska, Kąty 625;435;140;140;3;137;32.18;2.14;436;252;252;17;235;57.80;6.75
79576;181612;1;Dom Strażaka w Świlczy 36-072 Świlcza 151;1846;480;480;11;469;26.00;2.29;1842;1040;1040;20;1020;56.46;1.92
79577;181612;2;Dom Strażaka w Świlczy 36-072 Świlcza 151;903;217;217;3;214;24.03;1.38;900;532;532;4;528;59.11;0.75
79578;181612;3;Szkoła Podstawowa Nr 1 w Mrowli 36-054 Mrowla 79 B;1154;301;301;8;293;26.08;2.66;1160;679;679;25;654;58.53;3.68
79579;181612;4;Zespół Szkół w Rudnej Wielkiej 36-054 Rudna Wielka 60;1188;354;355;16;338;29.80;4.52;1196;747;747;13;734;62.46;1.74
79580;181612;5;Publiczna Szkoła Podstawowa Sióstr Nazaretanek w Bziance 35-213 Bzianka 20;469;127;127;0;127;27.08;0.00;493;295;295;13;282;59.84;4.41
79581;181612;6;Dom Ludowy w Woliczce 36-071 Woliczka 56;417;119;119;1;118;28.54;0.84;418;251;251;7;244;60.05;2.79
79582;181612;7;Dom Ludowy w Błędowej Zgłobieńskiej 36-071 Błędowa Zgłobieńska 110 A;442;88;88;2;86;19.91;2.27;445;217;217;7;210;48.76;3.23
79583;181612;8;Zespół Szkół w Dąbrowie 36-071 Dąbrowa 51;817;164;164;6;158;20.07;3.66;844;433;433;11;422;51.30;2.54
79584;181612;9;Zespół Szkół w Trzcianie 36-071 Trzciana 168;2023;480;480;15;465;23.73;3.12;2003;1095;1095;30;1065;54.67;2.74
79585;181612;10;Zespół Szkół w Bratkowicach 36-055 Bratkowice 398;1715;440;440;14;426;25.66;3.18;1704;953;953;19;934;55.93;1.99
79586;181612;11;Zespół Szkół w Bratkowicach 36-055 Bratkowice 398;1675;374;374;13;361;22.33;3.48;1678;906;906;27;879;53.99;2.98
79587;181613;1;Gimnazjum w Trzebownisku 36-001 Trzebownisko 968;1310;412;412;5;407;31.45;1.21;921;554;554;16;538;60.15;2.89
79588;181613;2;Gimnazjum w Trzebownisku 36-001 Trzebownisko 968;1360;369;369;6;363;27.13;1.63;1786;988;988;18;970;55.32;1.82
79589;181613;3;Zespół Szkół w Zaczerniu 36-062 Zaczernie 249a;791;299;299;7;292;37.80;2.34;1741;1134;1134;25;1109;65.13;2.20
79590;181613;4;Zespół Szkół w Zaczerniu 36-062 Zaczernie 249a;1869;616;616;9;607;32.96;1.46;944;606;606;15;591;64.19;2.48
79591;181613;5;Zespół Szkół w Nowej Wsi 36-001 Nowa Wieś 200;1046;379;379;13;366;36.23;3.43;1050;729;729;14;715;69.43;1.92
79592;181613;6;Dom Ludowy w Tajęcinie 36-002 Tajęcina 39;1063;214;214;4;210;20.13;1.87;427;233;233;4;229;54.57;1.72
79593;181613;7;Zespół Szkół w Jasionce 36-002 Jasionka 301;1104;324;324;12;312;29.35;3.70;1791;1004;1004;25;979;56.06;2.49
79594;181613;8;Dom Strażaka w Stobiernej 36-002 Stobierna 350a;1206;255;255;7;248;21.14;2.75;1674;900;900;29;871;53.76;3.22
79595;181613;9;Zespół Szkół Nr 1 w Stobiernej 36-002 Stobierna 357;1238;236;236;8;228;19.06;3.39;809;416;416;9;407;51.42;2.16
79596;181613;10;Zespół Szkół w Wólce Podleśnej 36-002 Wólka Podleśna 438;1140;349;349;11;338;30.61;3.15;1186;662;662;23;639;55.82;3.47
79597;181613;11;Dom Strażaka w Łukawcu 36-004 Łukawiec 426;1782;373;373;4;369;20.93;1.07;1804;1022;1022;10;1012;56.65;0.98
79598;181613;12;Spółdzielnia Telekomunikacyjna WIST w Łące 36-004 Łąka 175;999;249;249;4;245;24.92;1.61;1555;844;844;12;832;54.28;1.42
79599;181613;13;Szkoła Podstawowa w Terliczce 36-001 Terliczka 213;994;243;243;2;241;24.45;0.82;473;252;252;9;243;53.28;3.57
79600;181614;1;Miejsko - Gminny Ośrodek Kultury w Tyczynie (holl) 36-020 Tyczyn ul. Mickiewicza 1;1057;332;332;12;320;31.41;3.61;1057;650;650;21;629;61.49;3.23
79601;181614;2;Miejsko - Gminny Ośrodek Kultury w Tyczynie (sala widowiskowa) 36-020 Tyczyn ul. Mickiewicza 1;1743;528;528;14;514;30.29;2.65;1754;1079;1079;34;1045;61.52;3.15
79602;181614;3;Szkoła Podstawowa w Matysówce 35-330 Matysówka 55;1147;245;245;9;236;21.36;3.67;1169;651;651;12;639;55.69;1.84
79603;181614;4;Dom Ludowy w Kielnarowej 36-020 Kielnarowa 57;1424;298;298;4;294;20.93;1.34;1453;770;770;16;754;52.99;2.08
79604;181614;5;Dom Ludowy w Borku Starym 36-020 Borek Stary 84;1388;345;345;13;332;24.86;3.77;1397;816;816;22;794;58.41;2.70
79605;181614;6;Dom Ludowy w Hermanowej 36-020 Hermanowa 225;1108;286;286;16;270;25.81;5.59;1100;631;631;15;616;57.36;2.38
79606;181614;7;Szkoła Podstawowa w Hermanowej 36-020 Hermanowa 212;970;163;163;5;158;16.80;3.07;989;474;474;10;464;47.93;2.11
79607;181701;1;Zespół Szkół Nr 5 im. Ignacego Łukasiewicza 38-500 Sanok ul. Jagiellońska 22;1324;286;286;7;279;21.60;2.45;1282;568;568;11;557;44.31;1.94
79608;181701;2;Gimnazjum Nr 2 38-500 Sanok ul. Jana III Sobieskiego 5;1270;352;352;6;346;27.72;1.70;1234;555;555;12;543;44.98;2.16
79609;181701;3;Szkoła Podstawowa Nr 2 38-500 Sanok ul. Rymanowska 17;1398;403;403;10;393;28.83;2.48;1360;676;676;5;671;49.71;0.74
79610;181701;4;Państwowa Wyższa Szkoła Zawodowa im. J. Grodka 38-500 Sanok ul. Mickiewicza 21;1271;318;318;6;312;25.02;1.89;1223;593;593;5;588;48.49;0.84
79611;181701;5;Budynek Rady Dzielnicy Dąbrówka 38-500 Sanok ul. Krakowska 36;1468;418;418;7;411;28.47;1.67;1439;782;782;11;771;54.34;1.41
79612;181701;6;Filia Samorządowego Przedszkola Publicznego Nr 1 38-500 Sanok ul. Piastowska 47;1743;424;424;5;419;24.33;1.18;1718;835;835;20;815;48.60;2.40
79613;181701;7;Gimnazjum Nr 4 38-500 Sanok ul. Jana Pawła II 25;1575;390;390;10;380;24.76;2.56;1530;740;740;11;729;48.37;1.49
79614;181701;8;Samorządowe Przedszkole Publiczne Nr 2 38-500 Sanok ul. Sadowa 11;1576;304;304;4;300;19.29;1.32;1530;667;667;17;650;43.59;2.55
79615;181701;9;Szkoła Podstawowa Nr 4 38-500 Sanok ul. Sadowa 12;1569;334;334;5;329;21.29;1.50;1509;723;723;14;709;47.91;1.94
79616;181701;10;Żłobek Samorządowy Nr 2 38-500 Sanok ul. Traugutta 23;1281;245;245;8;237;19.13;3.27;1212;530;530;9;521;43.73;1.70
79617;181701;11;Osiedlowy Dom Kultury „Puchatek” 38-500 Sanok ul. Traugutta 9;1428;378;378;14;364;26.47;3.70;1412;686;686;19;667;48.58;2.77
79618;181701;12;GOPR 38-500 Sanok ul. Mickiewicza 49;1488;323;323;7;316;21.71;2.17;1440;624;624;18;606;43.33;2.88
79619;181701;13;TS „Sanoczanka” 38-500 Sanok ul. Kwiatowa 25;1423;410;410;12;398;28.81;2.93;1395;725;725;15;710;51.97;2.07
79620;181701;14;Gimnazjum Nr 1 38-500 Sanok ul. Kochanowskiego 2;1506;481;481;11;470;31.94;2.29;1463;810;810;17;793;55.37;2.10
79621;181701;15;Szkoła Podstawowa Nr 1 38-500 Sanok al. Szwajcarii 5;1440;387;387;11;376;26.88;2.84;1387;703;703;18;685;50.68;2.56
79622;181701;16;Państwowa Wyższa Szkoła Zawodowa im. J. Grodka 38-500 Sanok ul. Reymonta 6;1412;268;268;11;257;18.98;4.10;1354;598;598;12;586;44.17;2.01
79623;181701;17;Szkoła Podstawowa Nr 6 38-500 Sanok ul. Przemyska 80;1931;447;447;10;437;23.15;2.24;2002;1001;1001;28;973;50.00;2.80
79624;181701;18;Samorządowe Przedszkole Publiczne Nr 4 38-500 Sanok ul. Robotnicza 13a;1607;408;408;15;393;25.39;3.68;1597;780;780;18;762;48.84;2.31
79625;181701;19;Szkoła Podstawowa Nr 3 38-500 Sanok ul. Stróżowska 4;1888;455;480;10;445;24.10;2.20;1855;895;895;18;877;48.25;2.01
79626;181701;20;Gimnazjum Nr 3 38-500 Sanok ul. Lipińskiego 63;1533;321;321;12;309;20.94;3.74;1505;667;667;14;653;44.32;2.10
79627;181701;21;Sanockie Przedsiębiorstwo Gospodarki Mieszkaniowej 38-500 Sanok ul. Konarskiego 22;1383;428;428;5;423;30.95;1.17;1364;743;743;13;730;54.47;1.75
91109;181701;22;Areszt Śledczy 38-500 Sanok Zaułek Dobrego Wojaka Szwejka 4;126;40;40;3;37;31.75;7.50;183;84;84;9;75;45.90;10.71
91110;181701;23;Szpital Powiatowy 38-500 Sanok 800 Lecia 26;231;18;18;3;15;7.79;16.67;114;53;53;14;39;46.49;26.42
79628;181702;1;Szkoła Podstawowa 38-524 Besko ul. Kolejowa 54;1165;213;213;9;204;18.28;4.23;1155;488;488;26;462;42.25;5.33
79629;181702;2;Gimnazjum 38-524 Besko ul. Kolejowa 54;999;156;156;15;141;15.62;9.62;1002;414;414;13;401;41.32;3.14
79630;181702;3;Gminny Ośrodek Kuktury 38-524 Besko ul. Starowiejska 64;1019;212;212;6;206;20.80;2.83;1017;483;483;13;470;47.49;2.69
79631;181702;4;Szkoła Podstawowa w Besku Filia w Mymoniu 38-524 Mymoń Szkolna 14;304;38;38;1;37;12.50;2.63;300;81;81;6;75;27.00;7.41
79632;181703;1;Urząd Gminy (sala narad) 38-505 Bukowsko 290;1972;350;350;18;332;17.75;5.14;1965;848;848;27;821;43.16;3.18
79633;181703;2;Dom Ludowy 38-505 Nowotaniec 92;1327;262;262;8;254;19.74;3.05;1310;626;626;20;606;47.79;3.19
79634;181703;3;Dom Ludowy 38-505 Pobiedno 128;1032;180;180;5;175;17.44;2.78;1018;471;471;9;462;46.27;1.91
79635;181704;1;Urząd Gminy 38-543 Komańcza 166;992;115;115;3;112;11.59;2.61;1008;336;336;7;329;33.33;2.08
79636;181704;2;Szkoła Podstawowa 38-543 Wisłok Wielki 26A;605;39;39;0;39;6.45;0.00;585;138;139;7;131;23.59;5.07
79637;181704;3;Ośrodek Kultury 38-542 Szczawne 32;601;62;62;3;59;10.32;4.84;595;146;146;8;138;24.54;5.48
79638;181704;4;Klub 38-543 Nowy Łupków 46;650;91;91;3;88;14.00;3.30;639;182;182;2;180;28.48;1.10
79639;181704;5;Rzepedzki Ośrodek Kultury 38-542 Rzepedź Osiedle A 19A;1338;204;204;7;197;15.25;3.43;1303;442;442;14;428;33.92;3.17
91111;181704;6;Świetlica na terenie ZK Nowy Łupków 38-543 Nowy Łupków 45;199;44;44;7;37;22.11;15.91;154;64;64;12;52;41.56;18.75
91112;181704;7;Świetlica na terenie OZ Moszczaniec 38-543 Moszczaniec 14;276;37;37;3;34;13.41;8.11;252;86;86;6;80;34.13;6.98
79640;181705;1;Dom Ludowy 38-500 Płowce 78;541;91;91;0;91;16.82;0.00;547;250;250;4;246;45.70;1.60
79641;181705;2;Szkoła Podstawowa 38-504 Niebieszczany 492;1728;338;338;11;327;19.56;3.25;1749;857;857;22;835;49.00;2.57
79642;181705;3;Szkoła Podstawowa 38-504 Prusiek 157;643;145;145;10;135;22.55;6.90;636;304;304;13;291;47.80;4.28
79643;181705;4;Szkoła Podstawowa 38-533 Markowce 55;283;70;70;0;70;24.73;0.00;286;125;125;6;119;43.71;4.80
79644;181705;5;Dom Ludowy 38-500 Sanoczek 205;643;164;164;5;159;25.51;3.05;631;280;280;7;273;44.37;2.50
79645;181705;6;Dom Ludowy 38-500 Zabłotce 100;373;84;84;1;83;22.52;1.19;370;184;184;11;173;49.73;5.98
79646;181705;7;Szkoła Podstawowa 38-533 Pisarowce 92;871;156;156;3;153;17.91;1.92;866;378;378;9;369;43.65;2.38
79647;181705;8;Szkoła Podstawowa 38-500 Czerteż 133;513;135;135;2;133;26.32;1.48;508;235;235;8;227;46.26;3.40
79648;181705;9;Dom Ludowy 38-507 Kostarowce 224;625;138;138;2;136;22.08;1.45;621;314;314;9;305;50.56;2.87
79649;181705;10;Dom Ludowy 38-507 Jurowce 110;1059;196;196;9;187;18.51;4.59;1068;458;458;11;447;42.88;2.40
79650;181705;11;Dom Ludowy 38-507 Strachocina 345A;907;240;240;7;233;26.46;2.92;906;544;544;23;521;60.04;4.23
79651;181705;12;Dom Ludowy 38-507 Pakoszówka 224;1026;230;230;9;221;22.42;3.91;1002;467;467;21;446;46.61;4.50
79652;181705;13;Dom Ludowy 38-507 Falejówka 174A;775;132;132;9;123;17.03;6.82;774;289;289;12;277;37.34;4.15
79653;181705;14;Dom Ludowy 38-500 Trepcza Środkowa 25;965;142;142;2;140;14.72;1.41;964;408;408;10;398;42.32;2.45
79654;181705;15;Dom Ludowy 38-503 Dębna 12;206;65;65;1;64;31.55;1.54;202;97;97;2;95;48.02;2.06
79655;181705;16;Szkoła Podstawowa 38-500 Liszna 77;284;70;70;4;66;24.65;5.71;283;110;110;4;106;38.87;3.64
79656;181705;17;Szkoła Podstawowa 38-503 Mrzygłód 170;636;131;131;6;125;20.60;4.58;644;265;265;3;262;41.15;1.13
79657;181705;18;Dom Ludowy 38-503 Dobra 100;736;104;104;4;100;14.13;3.85;715;260;260;11;249;36.36;4.23
79658;181705;19;Dom Ludowy 38-500 Bykowce Przemyska 91;657;125;125;3;122;19.03;2.40;673;305;305;5;300;45.32;1.64
79659;181705;20;Szkoła Podstawowa 38-534 Wujskie 1;573;88;88;3;85;15.36;3.41;567;260;260;14;246;45.86;5.38
79660;181706;1;Urząd Gminy 38-535 Tyrawa Wołoska 175;1570;181;181;7;174;11.53;3.87;1579;615;615;38;577;38.95;6.18
79661;181707;1;Szkoła Podstawowa w Zagórzu 38-540 Zagórz ul. Piłsudskiego 70;1848;339;339;11;328;18.34;3.24;1832;798;798;24;774;43.56;3.01
79662;181707;2;Szkoła Podstawowa w Zagórzu 38-540 Zagórz ul. Wolności 10;2329;460;460;12;448;19.75;2.61;2302;1028;1028;29;999;44.66;2.82
79663;181707;3;Szkoła Podstawowa 38-516 Łukowe 64;951;136;136;7;129;14.30;5.15;961;314;314;24;290;32.67;7.64
79664;181707;4;Dom Ludowy w Tarnawie Górnej 38-516 Tarnawa Górna 75;1705;323;323;11;312;18.94;3.41;1681;742;742;13;729;44.14;1.75
79665;181707;5;Dom Kultury w Czaszynie 38-516 Czaszyn 178;1131;253;253;1;252;22.37;0.40;1140;553;553;19;534;48.51;3.44
79666;181707;6;Szkoła Podstawowa 38-540 Poraż 45;1086;197;197;7;190;18.14;3.55;1076;462;462;26;436;42.94;5.63
79667;181707;7;Dom Strażaka w Mokrem 38-542 Mokre 116;570;90;90;7;83;15.79;7.78;557;192;192;12;180;34.47;6.25
79668;181707;8;Szkoła Podstawowa w Zahutyniu 38-500 Zahutyń 111;947;256;256;5;251;27.03;1.95;948;444;444;18;426;46.84;4.05
79669;181708;1;Dom Kultury w Zarszynie 38-530 Zarszyn ul. Szkolna 1;1572;270;270;6;264;17.18;2.22;1562;657;657;22;635;42.06;3.35
79670;181708;2;Dom Ludowy w Jaćmierzu 38-530 Jaćmierz 134;1059;227;227;9;218;21.44;3.96;1066;461;461;24;437;43.25;5.21
79671;181708;3;Szkoła Podstawowa w Bażanówce 38-530 Bażanówka 102;635;151;151;3;148;23.78;1.99;633;316;316;8;308;49.92;2.53
79672;181708;4;Dom Strażaka w Długiem 38-530 Długie 464;1333;301;301;15;286;22.58;4.98;1305;637;637;25;612;48.81;3.92
79673;181708;5;Dom Ludowy w Nowosielcach 38-530 Nowosielce 292;1045;221;221;7;214;21.15;3.17;1071;518;518;14;504;48.37;2.70
79674;181708;6;Szkoła Podstawowa w Pielni 38-530 Pielnia 55;745;140;140;5;135;18.79;3.57;734;302;302;8;294;41.14;2.65
79675;181708;7;Szkoła Podstawowa w Odrzechowej 38-530 Odrzechowa 220;1106;156;157;12;144;14.10;7.69;1101;377;377;13;364;34.24;3.45
79676;181801;1;Ochotnicza Straż Pożarna 37-464 Stalowa Wola ul. Targowa 3;1533;426;427;8;418;27.79;1.88;1510;822;822;7;815;54.44;0.85
79677;181801;2;Ochotnicza Straż Pożarna 37-464 Stalowa Wola ul. Jaśminowa 4;1854;456;456;4;452;24.60;0.88;1816;988;988;23;965;54.41;2.33
79678;181801;3;Zespół Szkół Nr 4 37-464 Stalowa Wola ul. Rozwadowska 10;1919;499;499;14;485;26.00;2.81;1853;921;921;18;903;49.70;1.95
79679;181801;4;Przedszkole Nr 15 37-450 Stalowa Wola ul. Obrońców Westerplatte 1;1248;287;287;4;283;23.00;1.39;1200;628;628;8;620;52.33;1.27
79680;181801;5;Publiczna Szkoła Podstawowa Nr 11 37-450 Stalowa Wola ul. Wojska Polskiego 9;1275;321;321;5;316;25.18;1.56;1233;615;615;5;610;49.88;0.81
79681;181801;6;Komenda Powiatowa Straży Pożarnej 37-450 Stalowa Wola Aleje Jana Pawła II 27;1219;249;249;2;247;20.43;0.80;1188;573;573;10;563;48.23;1.75
79682;181801;7;Mostostal S.A. 37-450 Stalowa Wola Aleje Jana Pawła II 25a;1175;274;274;11;263;23.32;4.01;1143;549;549;13;536;48.03;2.37
79683;181801;8;Przedszkole Nr 3 37-450 Stalowa Wola ul. Józefa Poniatowskiego 57;1444;379;379;7;372;26.25;1.85;1348;707;707;19;688;52.45;2.69
79684;181801;9;Zespół Szkół Nr 3 Publiczna Szkoła Podstawowa Nr 12 37-450 Stalowa Wola ul. Józefa Poniatowskiego 55;1589;390;390;4;386;24.54;1.03;1486;787;787;8;779;52.96;1.02
79685;181801;10;Hotel STAL 37-450 Stalowa Wola ul. Komisji Edukacji Narodowej 4;1373;325;325;3;322;23.67;0.92;1293;725;725;17;708;56.07;2.34
79686;181801;11;Zespół Szkół Nr 3 Gimnazjum Nr 5 37-450 Stalowa Wola ul. Józefa Poniatowskiego 55;1222;265;265;7;258;21.69;2.64;1182;581;581;8;573;49.15;1.38
79687;181801;12;Przedszkole Nr 18 37-450 Stalowa Wola ul. Józefa Poniatowskiego 33;1416;387;387;1;386;27.33;0.26;1362;762;762;14;748;55.95;1.84
79688;181801;13;budynek przyległy do Przedszkola Nr 18 37-450 Stalowa Wola ul. Józefa Poniatowskiego 33A;1668;390;390;10;380;23.38;2.56;1590;805;805;24;781;50.63;2.98
79689;181801;14;Yacht Klub 37-450 Stalowa Wola ul. Wałowa 1;1406;328;328;10;318;23.33;3.05;1335;657;657;12;645;49.21;1.83
79690;181801;15;Niepubliczny Zakład Opieki Zdrowotnej „MEDYK” Sp. z o.o. 37-450 Stalowa Wola ul. Józefa Poniatowskiego 31;1347;356;356;10;346;26.43;2.81;1323;736;736;12;724;55.63;1.63
79691;181801;16;Warsztat Terapii Zajęciowej przy Stowarzyszeniu „Szansa” 37-450 Stalowa Wola ul. Czarnieckiego 1;1385;339;340;7;332;24.48;2.06;1322;641;641;10;631;48.49;1.56
79692;181801;17;NZOZ Ośrodek Rehabilitacji Dzieci Niepełnosprawnych 37-450 Stalowa Wola ul. Czarnieckiego 3;1280;272;272;7;265;21.25;2.57;1256;605;605;13;592;48.17;2.15
79693;181801;18;Przedszkole Nr 11 37-450 Stalowa Wola Aleje Jana Pawła II 6;1547;411;411;11;400;26.57;2.68;1490;792;792;13;779;53.15;1.64
79694;181801;19;Miejska Biblioteka Publiczna im. M. Wańkowicza 37-450 Stalowa Wola ul. Ks. Jerzego Popiełuszki 10;1290;306;306;4;302;23.72;1.31;1204;626;626;8;618;51.99;1.28
79695;181801;20;Zespół Szkół Nr 6 Specjalnych w Stalowej Woli 37-450 Stalowa Wola Aleje Jana Pawła II 21;1289;330;330;3;327;25.60;0.91;1228;625;625;12;613;50.90;1.92
79696;181801;21;Spółdzielnia Mieszkaniowa 37-450 Stalowa Wola ul. Generała Leopolda Okulickiego 32;1755;472;472;4;468;26.89;0.85;1704;896;896;16;880;52.58;1.79
79697;181801;22;Przedszkole Integracyjne Nr 12 37-450 Stalowa Wola ul. Generała Leopolda Okulickiego 20;1139;335;335;7;328;29.41;2.09;1124;598;598;12;586;53.20;2.01
79698;181801;23;Publiczna Szkoła Podstawowa Nr 7 37-450 Stalowa Wola ul. Generała Leopolda Okulickiego 14;1189;310;310;39;271;26.07;12.58;1157;579;579;10;569;50.04;1.73
79699;181801;24;Klub Spółdzielni Mieszkaniowej EMKA 37-450 Stalowa Wola ul. Żwirki i Wigury 6;2048;528;529;7;521;25.78;1.33;1993;1039;1039;23;1016;52.13;2.21
79700;181801;25;Przedszkole Nr 6 37-450 Stalowa Wola ul.Partyzantów 10;1036;287;287;3;284;27.70;1.05;1020;538;538;14;524;52.75;2.60
79701;181801;26;Publiczna Szkoła Podstawowa Nr 3 37-450 Stalowa Wola ul. Prymasa Stefana Wyszyńskiego 14;1312;371;371;10;361;28.28;2.70;1278;656;656;12;644;51.33;1.83
79702;181801;27;Szkoła Muzyczna 37-450 Stalowa Wola ul. Narutowicza 11;1648;524;524;22;502;31.80;4.20;1591;844;844;25;819;53.05;2.96
79703;181801;28;Liceum Ogólnokształcące im. KEN 37-450 Stalowa Wola ul. Staszica 5;1823;479;479;14;465;26.28;2.92;1745;766;766;13;753;43.90;1.70
79704;181801;29;Publiczna Szkoła Podstawowa Nr 5 37-450 Stalowa Wola ul. Energetyków 18;1290;242;242;3;239;18.76;1.24;1266;574;574;8;566;45.34;1.39
79705;181801;30;Środowiskowy Dom Samopomocy Nr 2 dla osób z zaburzeniami psychicznymi 37-450 Stalowa Wola ul. Melchiora Wańkowicza 72/ lokal: 2;1737;464;464;14;450;26.71;3.02;1689;969;969;8;961;57.37;0.83
79706;181801;31;Publiczna Szkoła Podstawowa Nr 1 37-450 Stalowa Wola ul. Romana Dmowskiego 9;1533;363;364;12;351;23.68;3.31;1517;681;681;24;657;44.89;3.52
79707;181801;32;Przedszkole Nr 7 37-450 Stalowa Wola ul. Ks. Jerzego Popiełuszki 29a;2103;460;460;8;452;21.87;1.74;2050;921;921;27;894;44.93;2.93
79708;181801;33;Bursa Międzyszkolna 37-450 Stalowa Wola Orzeszkowej 2;1267;316;316;4;312;24.94;1.27;1242;651;651;14;637;52.42;2.15
79709;181801;34;Wydział Zamiejscowy Nauk o Społeczeństwie KUL w Stalowej Woli-Dziekanat 37-450 Stalowa Wola ul. Ofiar Katynia 6;960;241;241;5;236;25.10;2.07;933;422;422;7;415;45.23;1.66
79710;181801;35;Publiczna Szkoła Podstawowa Nr 4 37-450 Stalowa Wola ul. Niezłomnych 1;1954;520;520;21;499;26.61;4.04;1920;988;988;25;963;51.46;2.53
91113;181801;36;SP ZZOZ Powiatowy Szpital Specjalistyczny 37-450 Stalowa Wola ul. Staszica 4;274;87;87;2;85;31.75;2.30;264;140;140;4;136;53.03;2.86
91114;181801;37;Dom Pomocy Społecznej 37-450 Stalowa Wola ul. Romana Dmowskiego 2a;69;26;26;4;22;37.68;15.38;80;27;27;4;23;33.75;14.81
91115;181801;38;Zakład Pielęgnacyjno-Opiekuńczy SPZOZ i Wojewódzki Ośrodek Terapii Uzależnienia od Alkoholu i Współuzależnienia 37-464 Stalowa Wola ul. Dąbrowskiego 5;95;18;18;2;16;18.95;11.11;100;26;26;0;26;26.00;0.00
79711;181802;1;Dom Kultury w Bojanowie 37-433 Bojanów ul. Strażacka 1;642;147;147;3;144;22.90;2.04;657;313;313;9;304;47.64;2.88
79712;181802;2;Przedszkole w Bojanowie 37-433 Bojanów ul. Kolbuszowska 11;479;125;125;4;121;26.10;3.20;485;249;249;3;246;51.34;1.20
79713;181802;3;Remiza OSP Laski 37-433 Laski 38;260;62;62;1;61;23.85;1.61;271;142;142;4;138;52.40;2.82
79714;181802;4;Świetlica Wiejska w Korabinie 37-433 Korabina 40a;287;65;65;0;65;22.65;0.00;291;119;119;5;114;40.89;4.20
79715;181802;5;Świetlica Wiejska w Cisowym Lesie 37-433 Cisów-Las 31;195;60;60;1;59;30.77;1.67;193;107;107;1;106;55.44;0.93
79716;181802;6;Dom Kultury w Gwoźdźcu 37-433 Gwoździec 147;491;93;93;4;89;18.94;4.30;497;215;215;5;210;43.26;2.33
79717;181802;7;Remiza OSP Stany 37-433 Stany ul. Strażacka 1;1287;275;275;26;249;21.37;9.45;1272;568;568;19;549;44.65;3.35
79718;181802;8;Dom Kultury w Maziarni 37-433 Maziarnia 126;531;109;109;11;98;20.53;10.09;525;277;277;12;265;52.76;4.33
79719;181802;9;Dom Kultury w Przyszowie Zapuściu 37-433 Przyszów, Zapuście 23;1095;201;201;11;190;18.36;5.47;1097;487;487;21;466;44.39;4.31
79720;181802;10;Świetlica Wiejska 37-433 Przyszów, Ruda 38;346;95;95;3;92;27.46;3.16;365;203;203;3;200;55.62;1.48
79721;181802;11;Remiza OSP Przyszów Burdze 37-433 Przyszów, Burdze 25;267;61;61;3;58;22.85;4.92;265;129;129;10;119;48.68;7.75
79722;181803;1;Dom Kultury w Pysznicy 37-403 Pysznica ul. Wolności 277;1882;411;411;17;394;21.84;4.14;1887;936;936;21;915;49.60;2.24
79723;181803;2;Dom Ludowy w Jastkowicach 37-403 Jastkowice ul. Armii Krajowej 18;2400;513;513;11;502;21.38;2.14;2351;1039;1039;17;1022;44.19;1.64
79724;181803;3;Budynek byłej szkoły w Brandwicy 37-464 Brandwica ul. Jana Kochanowskiego 50;591;140;140;9;131;23.69;6.43;604;280;280;2;278;46.36;0.71
79725;181803;4;Dom Strażaka w Kłyżowie 37-403 Kłyżów ul. Mickiewicza 46;1028;324;324;10;314;31.52;3.09;994;500;500;21;479;50.30;4.20
79726;181803;5;Szkoła Podstawowa im. Orła Białego w Krzakach 37-403 Krzaki ul. Nowa 15;885;170;170;14;156;19.21;8.24;884;326;326;19;307;36.88;5.83
79727;181803;6;Budynek byłej szkoły w Studzieńcu nr 6 37-403 Studzieniec 6;270;49;49;2;47;18.15;4.08;271;112;112;6;106;41.33;5.36
79728;181803;7;Budynek byłej szkoły 37-403 Pysznica ul. Sanowa 40;311;47;47;1;46;15.11;2.13;316;130;130;3;127;41.14;2.31
79729;181803;8;Zespół Szkół w Pysznicy 37-403 Pysznica ul. Sportowa 1;1070;254;254;8;246;23.74;3.15;1081;515;515;14;501;47.64;2.72
79730;181804;1;Urząd Gminy 37-455 Radomyśl nad Sanem ul. Rynek Duży 7;1387;211;211;11;200;15.21;5.21;1403;590;590;27;563;42.05;4.58
79731;181804;2;Zespół Szkół 37-455 Antoniów 33;1153;177;177;3;174;15.35;1.69;1125;484;484;25;459;43.02;5.17
79732;181804;3;Wiejski Dom Kultury 37-455 Chwałowice 132;1148;179;179;14;165;15.59;7.82;1137;454;454;28;426;39.93;6.17
79733;181804;4;Publiczna Szkoła Podstawowa 37-455 Wola Rzeczycka 254;1207;200;200;6;194;16.57;3.00;1214;545;545;18;527;44.89;3.30
79734;181804;5;Zespół Szkół 37-455 Rzeczyca Długa 176;1071;158;158;8;150;14.75;5.06;1070;399;399;15;384;37.29;3.76
79735;181805;1;Gminny Ośrodek Kultury w Zaklikowie 37-470 Zaklików ul. Strażacka 4;1468;265;265;11;254;18.05;4.15;1461;658;658;20;638;45.04;3.04
79736;181805;2;Urząd Gminy w Zaklikowie 37-470 Zaklików ul. Zachodnia 15;991;158;158;15;143;15.94;9.49;972;419;419;33;386;43.11;7.88
79737;181805;3;Budynek byłej Szkoły Podstawowej w Starych Barakach 37-470 Stare Baraki 22;225;26;26;0;26;11.56;0.00;214;64;64;4;60;29.91;6.25
79738;181805;4;Zespół Szkół w Zdziechowicach Drugich 37-470 Zdziechowice Drugie 212;1323;224;224;5;219;16.93;2.23;1336;600;600;18;582;44.91;3.00
79739;181805;5;Szkoła Podstawowa w Łysakowie 37-470 Łysaków 1;299;42;42;0;42;14.05;0.00;299;108;108;7;101;36.12;6.48
79740;181805;6;Budynek Prywatny 37-470 Antoniówka 5;377;60;60;0;60;15.92;0.00;367;152;152;2;150;41.42;1.32
79741;181805;7;Zespół Szkół w Lipie 37-470 Lipa ul. Szkolna 5;1188;129;129;3;126;10.86;2.33;1173;483;483;16;467;41.18;3.31
79742;181805;8;Zespół Szkół w Lipie 37-470 Lipa ul. Szkolna 5;994;147;147;9;138;14.79;6.12;993;448;448;15;433;45.12;3.35
79743;181805;9;Dom Sołecki w Irenie 37-470 Irena 85;193;31;31;3;28;16.06;9.68;190;58;58;0;58;30.53;0.00
91116;181805;10;Dom Pomocy Społecznej dla Dorosłych w Irenie 37-470 Irena 72;64;56;56;0;56;87.50;0.00;61;57;57;0;57;93.44;0.00
79744;181806;1;Publiczna Szkoła Podstawowa im.Por.J.Mączki w Zaleszanach 37 - 415 Zaleszany Sandomierska 95;1038;222;222;7;215;21.39;3.15;1036;488;488;26;462;47.10;5.33
79745;181806;2;Publiczna Szkoła Podstawowa im.Rodziny Horodyńskich w Zbydniowie 37 - 415 Zbydniów Sandomierska 210;1038;231;231;8;223;22.25;3.46;1039;499;499;18;481;48.03;3.61
79746;181806;3;Publiczna Szkoła Podstawowa w Turbi 37 - 415 Turbia 37;1228;193;193;13;180;15.72;6.74;1206;535;535;28;507;44.36;5.23
79747;181806;4;Domu Ludowy w Kępiu Zaleszańskim 37 - 415 Kępie Zaleszańskie 1;1071;215;215;9;206;20.07;4.19;1052;485;485;26;459;46.10;5.36
79748;181806;5;Dom Ludowy w Skowierzynie 37 - 415 Skowierzyn 127;705;120;120;8;112;17.02;6.67;698;282;282;16;266;40.40;5.67
79749;181806;6;Publiczna Szkoła Podstawowa w Kotowej Woli 37 - 415 Kotowa Wola 1;775;139;139;17;122;17.94;12.23;764;330;330;22;308;43.19;6.67
79750;181806;7;Publiczna Szkoła Podstawowa im.II Armii Wojska Polskiego w Majdanie Zbydniowskim i Wólce Turebskiej 37 - 415 Majdan Zbydniowski 1;690;121;121;9;112;17.54;7.44;684;300;300;21;279;43.86;7.00
79751;181806;8;Publiczna Szkoła Podstawowa w Pilchowie 37 - 464 Pilchów 241;923;217;217;11;206;23.51;5.07;908;443;443;14;429;48.79;3.16
79752;181806;9;Remiza OSP w Obojnej 37 - 415 Obojna 13;494;86;86;1;85;17.41;1.16;505;223;223;9;214;44.16;4.04
79753;181806;10;Dom Ludowy w Dzierdziówce 37 - 415 Dzierdziówka 161;508;107;107;6;101;21.06;5.61;489;193;193;11;182;39.47;5.70
79754;181806;11;Remiza OSP w Agatówce 37-464 Agatówka Kalinowa 5;355;116;116;4;112;32.68;3.45;342;219;219;8;211;64.04;3.65
79755;181901;1;Urząd Gminy w Czudcu - Sala Widowiskowa 38-120 Czudec ul. Starowiejska 6;2445;710;710;17;693;29.04;2.39;2437;1496;1496;27;1469;61.39;1.80
79756;181901;2;Gminna Biblioteka Publiczna w Czudcu 38-120 Czudec ul. Słoneczna 2;1502;323;323;12;311;21.50;3.72;1514;775;775;20;755;51.19;2.58
79757;181901;3;Dom Ludowy w Babicy 38-120 Babica 97;982;235;235;6;229;23.93;2.55;1001;558;558;4;554;55.74;0.72
79758;181901;4;Zespół Szkół w Wyżnem 38-120 Wyżne 39;1148;247;247;6;241;21.52;2.43;1160;555;555;13;542;47.84;2.34
79759;181901;5;Szkoła Podstawowa w Zaborowie 38-100 Zaborów 99;868;178;178;1;177;20.51;0.56;852;466;466;6;460;54.69;1.29
79760;181901;6;Szkoła Podstawowa w Nowej Wsi 38-120 Nowa Wieś 152;683;197;197;5;192;28.84;2.54;684;399;399;10;389;58.33;2.51
79761;181901;7;Zespół Szkół w Pstrągowej 38-121 Pstrągowa 105;1533;362;362;8;354;23.61;2.21;1528;752;752;25;727;49.21;3.32
79762;181901;8;Dom Pomocy Społecznej - Filia w Pstrągowej Woli 38-121 Pstrągowa 616;198;43;43;2;41;21.72;4.65;200;90;90;2;88;45.00;2.22
79763;181902;1;Urząd Gminy we Frysztaku 38-130 Frysztak ul. Ks. Wojciecha Blajera 20;936;255;255;2;253;27.24;0.78;931;488;488;7;481;52.42;1.43
79764;181902;2;Szkoła Podstawowa im. J. Wybickiego Nr 1 we Frysztaku 38-130 Frysztak ul. Piętniewicza 7;1217;263;263;13;250;21.61;4.94;1208;556;556;26;530;46.03;4.68
79765;181902;3;Szkoła Podstawowa w Gliniku Górnym 38-131 Glinik Górny 47;685;129;129;5;124;18.83;3.88;695;303;303;6;297;43.60;1.98
79766;181902;4;Zespół Szkół w Gogołowie 38-131 Gogołów 316;901;168;168;7;161;18.65;4.17;921;407;407;19;388;44.19;4.67
79767;181902;5;Budynek Wiejski w Hucie Gogołowskiej 38-131 Huta Gogołowska 69;197;44;44;0;44;22.34;0.00;191;111;111;7;104;58.12;6.31
79768;181902;6;Zespół Szkół w Stępinie 38-125 Stępina 54;645;80;80;2;78;12.40;2.50;656;248;248;8;240;37.80;3.23
79769;181902;7;Szkoła Podstawowa w Cieszynie 38-125 Cieszyna 76;846;124;124;2;122;14.66;1.61;851;351;351;7;344;41.25;1.99
79770;181902;8;Budynek Wiejski w Pułankach 38-130 Pułanki 34;648;146;146;7;139;22.53;4.79;648;327;327;10;317;50.46;3.06
79771;181902;9;Budynek Wiejski w Kobylu 38-130 Kobyle 1;466;103;103;2;101;22.10;1.94;476;234;234;6;228;49.16;2.56
79772;181902;10;Gminny Ośrodek Kultury we Frysztaku 38-130 Twierdza 1;718;159;159;1;158;22.14;0.63;696;332;332;6;326;47.70;1.81
79773;181902;11;Zespół Szkół w Lubli 38-130 Lubla 328;1162;198;198;6;192;17.04;3.03;1164;558;558;36;522;47.94;6.45
79774;181903;1;Urząd Stanu Cywilnego Niebylec 38-114 Niebylec 183;477;151;151;4;147;31.66;2.65;471;276;276;2;274;58.60;0.72
79775;181903;2;Szkoła Podstawowa im. Krzysztofa Kamila Baczyńskiego w Bliziance 38-114 Blizianka 72;324;62;62;4;58;19.14;6.45;325;173;173;8;165;53.23;4.62
79776;181903;3;Dom Wiejski w Gwoździance 38-114 Gwoździanka 32;269;40;40;2;38;14.87;5.00;260;121;121;0;121;46.54;0.00
79777;181903;4;Zespół Szkół im. Jana Pawła II w Konieczkowej 38-114 Konieczkowa 58;1008;207;207;8;199;20.54;3.86;1002;572;572;17;555;57.09;2.97
79778;181903;5;Dom Strażaka w Gwoźnicy Dolnej 38-116 Gwoźnica Dolna 91;358;73;73;6;67;20.39;8.22;358;190;190;5;185;53.07;2.63
79779;181903;6;Zespół Szkół im. Juliana Przybosia w Gwoźnicy Górnej 38-116 Gwoźnica Górna 292;1080;193;193;5;188;17.87;2.59;1098;567;567;17;550;51.64;3.00
79780;181903;7;Zespół Szkół im. Św. Rodziny w Lutczy 38-112 Lutcza 614;1772;310;310;9;301;17.49;2.90;1795;862;862;25;837;48.02;2.90
79781;181903;8;Szkoła Podstawowa im. św. Józefa Sebastiana Pelczara w Jaworniku 38-114 Jawornik 108;937;230;230;6;224;24.55;2.61;943;506;506;10;496;53.66;1.98
79782;181903;9;Zespół Szkół im. ks. kard. Stefana Wyszyńskiego w Połomi 38-115 Połomia 125;1255;336;336;8;328;26.77;2.38;1252;655;655;19;636;52.32;2.90
79783;181903;10;Szkoła Podstawowa im. bł. ks. Bronisława Markiewicza w Baryczce 38-115 Baryczka 213;805;147;147;1;146;18.26;0.68;793;478;478;9;469;60.28;1.88
79784;181903;11;Zespół Szkół im. ks. Jana Twardowskiego w Niebylcu 38-114 Niebylec 11;213;42;42;0;42;19.72;0.00;216;100;100;3;97;46.30;3.00
79785;181904;1;Szkoła Podstawowa Nr 1 w Strzyżowie 38-100 Strzyżów ul. gen. Wł. Andersa 4;1589;359;359;12;347;22.59;3.34;1582;750;750;18;732;47.41;2.40
79786;181904;2;Zespoł Szkół Technicznych w Strzyżowie 38-100 Strzyżów ul. Mickiewicza 11;1888;450;450;13;437;23.83;2.89;1863;925;925;14;911;49.65;1.51
79787;181904;3;Miejski Zespół Szkół w Strzyżowie 38-100 Strzyżów ul. Daszyńskiego 4;1386;378;378;7;371;27.27;1.85;1372;774;774;10;764;56.41;1.29
79788;181904;4;Miejsko - Gminne Przedszkole Publiczne w Strzyżowie 38-100 Strzyżów ul. Zawale 11;733;156;156;2;154;21.28;1.28;718;333;333;5;328;46.38;1.50
79789;181904;5;Dom Kultury „Sokół” w Strzyżowie 38-100 Strzyżów ul. Mostowa 2;1586;340;340;9;331;21.44;2.65;1584;742;742;15;727;46.84;2.02
79790;181904;6;Szkoła Podstawowa w Brzeżance 38-100 Brzeżanka 50;262;43;43;1;42;16.41;2.33;257;110;110;2;108;42.80;1.82
79791;181904;7;Remiza OSP w Gbiskach 38-100 Gbiska 25;242;36;36;1;35;14.88;2.78;239;72;72;1;71;30.13;1.39
79792;181904;8;Budynek OSP w Tropii 38-100 Tropie 237;326;39;39;3;36;11.96;7.69;329;131;131;6;125;39.82;4.58
79793;181904;9;Budynek Wiejski w Łętowni 38-100 Łętownia 34;132;15;15;0;15;11.36;0.00;134;72;72;4;68;53.73;5.56
79794;181904;10;Szkoła Podstawowa w Gliniku Zaborowskim 38-100 Glinik Zaborowski 92;467;84;84;4;80;17.99;4.76;476;229;229;5;224;48.11;2.18
79795;181904;11;Szkoła Podstawowa w Gliniku Charzewskim 38-100 Glinik Charzewski 91;678;114;114;5;109;16.81;4.39;671;309;309;4;305;46.05;1.29
79796;181904;12;Zespół Szkół w Żarnowej 38-100 Żarnowa 90;703;124;124;6;118;17.64;4.84;700;332;332;10;322;47.43;3.01
79797;181904;13;Zespół Szkół w Godowej 38-100 Godowa 261;1801;344;344;10;334;19.10;2.91;1789;808;808;28;780;45.16;3.47
79798;181904;14;Zespół Szkół w Żyznowie 38-111 Żyznów 124;721;155;155;2;153;21.50;1.29;716;349;349;11;338;48.74;3.15
79799;181904;15;Budynek OSP w Bonarówce 38-111 Bonarówka 10;128;45;45;0;45;35.16;0.00;121;56;56;2;54;46.28;3.57
79800;181904;16;Szkoła Podstawowa Nr 1 w Wysokiej Strzyżowskiej 38-123 Wysoka Strzyżowska 312;781;106;106;5;101;13.57;4.72;779;274;274;6;268;35.17;2.19
79801;181904;17;Zespół Szkół w Wysokiej Strzyżowskiej 38-123 Wysoka Strzyżowska 127;906;154;154;3;151;17.00;1.95;883;367;367;6;361;41.56;1.63
79802;181904;18;Zespół Szkół w Dobrzechowie 38-100 Dobrzechów 197;1387;318;318;4;314;22.93;1.26;1385;713;713;15;698;51.48;2.10
79803;181904;19;Dom Ludowy w Grodzisku 38-102 Grodzisko 50;840;130;130;14;116;15.48;10.77;837;346;346;4;342;41.34;1.16
79804;181904;20;Budynek b. Szkoły Podstawowej w Zawadce 38-102 Zawadka 21;276;56;56;1;55;20.29;1.79;274;135;135;1;134;49.27;0.74
91117;181904;21;Szpital Powiatowy w Strzyżowie 38-100 Strzyżów ul. 700-Lecia Strzyżowa 1;92;12;12;0;12;13.04;0.00;87;27;27;1;26;31.03;3.70
79805;181905;1;Ośrodek Kultury w Wiśniowej 38-124 Wiśniowa 136;1328;313;313;9;304;23.57;2.88;1325;709;709;12;697;53.51;1.69
79806;181905;2;Szkoła Podstawowa w Różance 38-102 Różanka 43;783;136;136;6;130;17.37;4.41;781;383;383;11;372;49.04;2.87
79807;181905;3;Szkoła Podstawowa w Niewodnej 38-124 Niewodna 26;473;106;106;4;102;22.41;3.77;464;242;242;4;238;52.16;1.65
79808;181905;4;Szkoła Podstawowa w Tułkowicach 38-124 Tułkowice 32;344;103;103;0;103;29.94;0.00;338;178;178;7;171;52.66;3.93
79809;181905;5;Dom Ludowy w Kalembinie 38-124 Kalembina 52;335;57;57;1;56;17.01;1.75;335;145;145;0;145;43.28;0.00
79810;181905;6;Szkoła Podstawowa w Markuszowej 38-126 Markuszowa 16;630;92;92;5;87;14.60;5.43;645;253;253;5;248;39.22;1.98
79811;181905;7;Szkoła Podstawowa w Pstrągówce 38-124 Pstrągówka 128;459;70;70;5;65;15.25;7.14;464;196;196;2;194;42.24;1.02
79812;181905;8;Szkoła Podstawowa w Jaszczurowej 38-124 Jaszczurowa 31;241;28;28;2;26;11.62;7.14;234;97;97;1;96;41.45;1.03
79813;181905;9;Szkoła Podstawowa w Szufnarowej 38-124 Szufnarowa 101;974;160;160;9;151;16.43;5.62;953;441;441;14;427;46.27;3.17
79814;181905;10;Dom Strażaka w Kożuchowie 38-124 Kożuchów 68;282;92;92;2;90;32.62;2.17;279;157;157;2;155;56.27;1.27
79815;181905;11;Szkoła Podstawowa w Kozłówku 38-126 Kozłówek 39;364;86;86;6;80;23.63;6.98;364;153;153;4;149;42.03;2.61
79816;181905;12;Budynek byłej Szkoły Podstawowej w Oparówce 38-123 Oparówka 50;202;15;15;0;15;7.43;0.00;202;56;56;0;56;27.72;0.00
79817;181905;13;Szkoła Podstawowa w Jazowej 38-124 Jazowa 66;282;65;65;5;60;23.05;7.69;274;134;134;2;132;48.91;1.49
79818;182001;1;Miejsko-Gminny Ośrodek Kultury w Baranowie Sandomierskim 39-450 Baranów Sandomierski ul. Fabryczna 37;1259;422;422;13;409;33.52;3.08;1242;641;641;15;626;51.61;2.34
79819;182001;2;Środowiskowy Dom Kultury w Skopaniu 39-451 Skopanie ul.Kardynała Wyszyńskiego 7;2161;600;600;18;582;27.76;3.00;2153;1081;1081;20;1061;50.21;1.85
79820;182001;3;Dom Wiejski w Suchorzowie 39-450 Suchorzów ul.Wspólna 40;705;207;207;12;195;29.36;5.80;704;339;339;6;333;48.15;1.77
79821;182001;4;Remiza OSP w Dąbrowicy 39-450 Dąbrowica 185;992;313;313;8;305;31.55;2.56;985;492;492;11;481;49.95;2.24
79822;182001;5;Dom Ludowy w Ślęzakach 39-450 Ślęzaki 60;565;191;191;11;180;33.81;5.76;561;289;289;9;280;51.52;3.11
79823;182001;6;Szkoła Podstawowa w Knapach 39-451 Knapy 59;487;125;125;3;122;25.67;2.40;475;222;222;11;211;46.74;4.95
79824;182001;7;Dom Ludowy w Woli Baranowskiej 39-451 Wola Baranowska ul. Zachodnia 2;1779;423;423;12;411;23.78;2.84;1765;893;893;34;859;50.59;3.81
79825;182001;8;Dom Wiejski w Durdach 39-451 Durdy 1A;576;140;140;7;133;24.31;5.00;570;258;258;11;247;45.26;4.26
79826;182001;9;Dom Ludowy w Dymitrowie Dużym 39-450 Dymitrów Duży 99;299;73;73;3;70;24.41;4.11;303;143;143;10;133;47.19;6.99
79827;182001;10;Remiza OSP w Dymitrowie Małym 39-450 Dymitrów Mały 75;245;76;76;3;73;31.02;3.95;245;111;111;4;107;45.31;3.60
79828;182001;11;Ośrodek Kultury i Sportu w Markach 39-450 Marki ul.Leśna 32;259;119;119;8;111;45.95;6.72;265;134;134;2;132;50.57;1.49
79829;182001;12;Remiza OSP w Kaczakach 39-450 Kaczaki 296;487;107;107;2;105;21.97;1.87;496;203;203;8;195;40.93;3.94
79830;182002;1;Szkoła Podstawowa Nr 2 w Gorzycach 39-432 Gorzyce ul.Edukacji Narodowej 3;1697;307;307;12;295;18.09;3.91;1631;761;761;26;735;46.66;3.42
79831;182002;2;Środowiskowy Dom Kultury w Gorzycach 39-432 Gorzyce Plac Erazma Mieszczańskiego 10;1282;227;227;22;205;17.71;9.69;1280;584;584;21;563;45.62;3.60
79832;182002;3;Budynek administracyjno-biurowy 39-432 Gorzyce ul.3 Maja 4;1476;251;251;5;246;17.01;1.99;1434;635;635;15;620;44.28;2.36
79833;182002;4;Świetlica Wiejska 39-432 Gorzyce Pańska 1;1198;237;237;2;235;19.78;0.84;1174;568;568;24;544;48.38;4.23
79834;182002;5;Dom Ludowy w Motyczu Poduchownym 39-432 Motycze Poduchowne 88;248;47;47;3;44;18.95;6.38;254;112;112;2;110;44.09;1.79
79835;182002;6;Świetlica w Zalesiu Gorzyckim 39-432 Zalesie Gorzyckie 74;159;41;41;0;41;25.79;0.00;160;90;90;1;89;56.25;1.11
79836;182002;7;Dom Kultury we Wrzawach 39-432 Wrzawy 486;1270;154;154;4;150;12.13;2.60;1263;515;515;24;491;40.78;4.66
79837;182002;8;Remiza OSP w Trześni 39-432 Trześń ul.Błonie 4;1255;226;226;19;207;18.01;8.41;1244;571;571;17;554;45.90;2.98
79838;182002;9;Dom Kultury w Sokolnikach 39-432 Sokolniki ul.Sandomierska 84;1548;200;200;10;190;12.92;5.00;1513;610;610;15;595;40.32;2.46
79839;182002;10;Remiza OSP w Orliskach 39-432 Orliska 65;188;49;49;5;44;26.06;10.20;189;89;89;2;87;47.09;2.25
79840;182002;11;Szkoła Podstawowa w Furmanach 39-400 Furmany ul.Kościelna 2;580;93;93;10;83;16.03;10.75;585;279;279;10;269;47.69;3.58
79841;182003;1;Zespół Szkół Ogólnokształcących w Grębowie 39-410 Grębów 393;2054;456;456;15;441;22.20;3.29;2022;1019;1019;44;975;50.40;4.32
79842;182003;2;Filia Szkoły Podstawowej w Zapoledniku 39-410 Grębów, Zapolednik 754A;388;76;76;5;71;19.59;6.58;389;171;171;7;164;43.96;4.09
79843;182003;3;Filia Szkoły Podstawowej w Jamnicy 39-410 Jamnica 135;552;172;172;3;169;31.16;1.74;563;316;316;16;300;56.13;5.06
79844;182003;4;Publiczna Szkoła Podstawowa w Zabrniu 39-410 Zabrnie Górne 582;1046;127;127;6;121;12.14;4.72;1056;395;395;22;373;37.41;5.57
79845;182003;5;Zespół Szkół w Stalach 39-400 Stale 1;1560;265;265;11;254;16.99;4.15;1577;707;707;20;687;44.83;2.83
79846;182003;6;Publiczna Szkoła Podstawowa w Żupawie 39-400 Żupawa 41;691;117;117;7;110;16.93;5.98;706;305;305;16;289;43.20;5.25
79847;182003;7;Publiczna Szkoła Podstawowa w Krawcach 39-410 Krawce 167;608;127;127;3;124;20.89;2.36;625;271;271;10;261;43.36;3.69
79848;182003;8;Zespół Szkoła Podstawowa i Przedszkole w Wydrzy 39-410 Wydrza 383;1009;135;135;4;131;13.38;2.96;1014;405;405;28;377;39.94;6.91
79849;182004;1;Szkoła Podstawowa Nr 2 39-460 Nowa Dęba Leśna 40;1168;285;285;9;276;24.40;3.16;1111;469;469;11;458;42.21;2.35
79850;182004;2;Miejsko-Gminny Ośrodek Pomocy Społecznej 39-460 Nowa Dęba Mikołaja Reja 3;1138;288;288;12;276;25.31;4.17;1085;468;468;13;455;43.13;2.78
79851;182004;3;Samorządowy Ośrodek Kultury 39-460 Nowa Dęba Stefana Żeromskiego 2;2151;612;612;20;592;28.45;3.27;2073;997;997;24;973;48.09;2.41
79852;182004;4;Zespół Szkół Nr 1 39-460 Nowa Dęba Mikołaja Reja 7;1928;447;447;20;427;23.18;4.47;1877;857;857;26;831;45.66;3.03
79853;182004;5;Świetlica Szkolna Szkoły Podstawowej Nr 3 39-460 Nowa Dęba ks. Henryka Łagockiego 38;1560;353;353;15;338;22.63;4.25;1505;748;748;19;729;49.70;2.54
79854;182004;6;budynek dawnej Szkoły Filialnej Szkoły Podstawowej Nr 2 39-460 Nowa Dęba Bieszczadzka 2;1511;342;342;9;333;22.63;2.63;1498;683;683;14;669;45.59;2.05
79855;182004;7;Publiczna Szkoła Podstawowa 39-460 Alfredówka 174;631;137;137;3;134;21.71;2.19;622;306;306;10;296;49.20;3.27
79856;182004;8;Zespół Szkół 39-442 Chmielów 394;1696;301;301;15;286;17.75;4.98;1659;761;761;39;722;45.87;5.12
79857;182004;9;Zespół Szkół 39-442 Cygany 70;888;130;130;7;123;14.64;5.38;886;415;415;22;393;46.84;5.30
79858;182004;10;Zespół Szkół 39-442 Jadachy 380;1266;204;204;4;200;16.11;1.96;1255;587;587;16;571;46.77;2.73
79859;182004;11;Szkoła Podstawowa 39-460 Rozalin 185;565;138;138;10;128;24.42;7.25;549;260;260;3;257;47.36;1.15
79860;182004;12;Wiejskie Centrum Aktywności 39-460 Tarnowska Wola 240;718;170;170;5;165;23.68;2.94;694;345;345;10;335;49.71;2.90
91118;182004;13;Dom Pomocy Społecznej w Nowej Dębie 39-460 Nowa Dęba Jana Pawła II 7;43;28;28;1;27;65.12;3.57;45;33;33;2;31;73.33;6.06
91119;182004;14;Szpital Powiatowy w Nowej Dębie 39-460 Nowa Dęba Marii Skłodowskiej-Curie 1A;123;26;26;1;25;21.14;3.85;118;23;23;1;22;19.49;4.35
91120;182004;15;Szpital Powiatowy w Nowej Dębie 39-460 Nowa Dęba Tadeusza Kościuszki 1c;34;12;12;1;11;35.29;8.33;33;20;20;1;19;60.61;5.00
91121;182004;16;Szpital Powiatowy w Nowej Dębie 39-460 Nowa Dęba Rzeszowska 8;33;32;32;2;30;96.97;6.25;14;14;14;0;14;100.00;0.00
91122;182004;17;Oddział Zewnętrzny Chmielów 39-442 Chmielów 1000;197;130;130;7;123;65.99;5.38;168;69;69;12;57;41.07;17.39
79861;182101;1;Gminny Ośrodek Kultury 38-606 Baligród ul Plac Wolności 11;1490;342;342;15;327;22.95;4.39;1484;656;656;23;633;44.20;3.51
79862;182101;2;Świetlica 38-606 Mchawa 49;584;121;121;2;119;20.72;1.65;601;252;252;13;239;41.93;5.16
79863;182101;3;budynek komunalny 38-604 Nowosiółki 3;582;106;106;3;103;18.21;2.83;577;229;229;8;221;39.69;3.49
79864;182102;1;Urząd Gminy 38-607 Cisna 49;907;347;347;22;325;38.26;6.34;908;442;442;20;422;48.68;4.52
79865;182102;2;Szkolne Schronisko Młodzieżowe 38-608 Wetlina 16;588;215;215;18;197;36.56;8.37;655;373;373;16;357;56.95;4.29
79866;182103;1;Szkoła Podstawowa 38-600 Lesko ul. Smolki 2;1181;325;325;14;311;27.52;4.31;1128;583;583;16;567;51.68;2.74
79867;182103;2;Przedszkole Samorządowe 38-600 Lesko ul. Zygmunta Kaczkowskiego 26;1295;364;364;20;344;28.11;5.49;1268;619;619;22;597;48.82;3.55
79868;182103;3;Bieszczadzki Dom Kultury 38-600 Lesko ul. Piłsudskiego 1;1251;337;337;9;328;26.94;2.67;1230;559;559;16;543;45.45;2.86
79869;182103;4;Publiczne Gimnazjum 38-600 Lesko ul. Kościuszki 7;1067;210;210;6;204;19.68;2.86;1044;490;490;11;479;46.93;2.24
79870;182103;5;Remiza OSP 38-600 Jankowce 109B;740;152;152;3;149;20.54;1.97;739;371;371;22;349;50.20;5.93
79871;182103;6;Świetlica Wiejska 38-600 Huzele 110;698;133;133;4;129;19.05;3.01;690;305;305;13;292;44.20;4.26
79872;182103;7;Szkoła Podstawowa 38-600 Bezmiechowa Dolna 215;611;157;157;5;152;25.70;3.18;600;279;279;8;271;46.50;2.87
79873;182103;8;Zespół Szkół Samorządowych 38-604 Hoczew 157;736;161;161;9;152;21.88;5.59;755;292;292;11;281;38.68;3.77
79874;182103;9;Szkoła Podstawowa 38-600 Manasterzec 18;737;98;98;3;95;13.30;3.06;744;269;270;18;251;36.16;6.69
79875;182103;10;Zespół Szkół Samorządowych 38-604 Średnia Wieś 172;1086;219;219;8;211;20.17;3.65;1077;458;458;13;445;42.53;2.84
91123;182103;11;Szpital Powiatowy 38-600 Lesko Kochanowskiego 2;34;13;13;2;11;38.24;15.38;60;16;16;1;15;26.67;6.25
79876;182104;1;Dom Ludowy 38-722 Olszanica 85;1306;292;292;12;280;22.36;4.11;1293;539;539;9;530;41.69;1.67
79877;182104;2;Swietlica Szkolna 38-623 Uherce Mineralne 154A;1710;359;359;2;357;20.99;0.56;1660;784;784;24;760;47.23;3.06
79878;182104;3;Świetlica Wiejska 38-722 Stefkowa 52A;538;124;124;2;122;23.05;1.61;540;262;262;6;256;48.52;2.29
79879;182104;4;Świetlica Wiejska 38-711 Wańkowa 66;582;64;64;4;60;11.00;6.25;583;182;182;17;165;31.22;9.34
91124;182104;5;Zakład Karny 38-623 Uherce Mineralne 153;594;136;136;27;109;22.90;19.85;407;168;168;20;148;41.28;11.90
79880;182105;1;Zespół Szkół w Bóbrce 38-623 Bóbrka 50;684;157;157;12;145;22.95;7.64;679;330;330;15;315;48.60;4.55
79881;182105;2;Szkoła Podstawowa w Zawozie 38-610 Zawóz 65;323;42;42;0;42;13.00;0.00;315;109;109;5;104;34.60;4.59
79882;182105;3;Zespół Szkół w Wołkowyi 38-610 Wołkowyja ul. Szkolna 7;711;230;230;10;220;32.35;4.35;754;378;378;19;359;50.13;5.03
79883;182105;4;Szkolne Schronisko Młodzieżowe w Myczkowie 38-610 Myczków 29;440;101;101;4;97;22.95;3.96;461;204;204;9;195;44.25;4.41
79884;182105;5;Świetlica wiejska w Polańczyku 38-610 Polańczyk ul. Bieszczadzka 18;785;236;236;7;229;30.06;2.97;995;638;638;14;624;64.12;2.19
79885;182105;6;Szkoła Podstawowa w Bukowcu 38-610 Bukowiec 37;497;138;138;3;135;27.77;2.17;505;218;218;14;204;43.17;6.42
79886;182105;7;Szkoła Podstawowa w Berezce 38-610 Berezka 18;690;101;101;2;99;14.64;1.98;700;289;289;11;278;41.29;3.81
79887;182105;8;Szkoła Podstawowa w Myczkowcach 38-623 Myczkowce 89;423;137;137;8;129;32.39;5.84;422;203;203;9;194;48.10;4.43
79888;186101;1;Zespół Szkół Ponadgimnazjalnych Nr 5 38-400 Krosno, Turaszówka ul. Rzeszowska 10;2323;548;548;12;536;23.59;2.19;2346;1219;1219;13;1206;51.96;1.07
79889;186101;2;Miejski Zespół Szkół Nr 3 38-400 Krosno, Polanka ul.Ks.S.Decowskiego 9;1838;385;385;5;380;20.95;1.30;1793;873;876;13;860;48.69;1.49
79890;186101;3;Miejski Zespół Szkół Nr 3 38-400 Krosno, Polanka ul. Ks. S.Decowskiego 9;1989;512;512;12;500;25.74;2.34;1984;1080;1080;12;1068;54.44;1.11
79891;186101;4;Szkoła Podstawowa Nr 3 38-400 Krosno, Białobrzegi ul. M. Konopnickiej 5;1203;357;357;5;352;29.68;1.40;1140;650;650;5;645;57.02;0.77
79892;186101;5;Dzielnicowy Dom Ludowy 38-400 Krosno, Białobrzegi ul. M. Kopernika 17;1388;338;338;10;328;24.35;2.96;1375;744;744;5;739;54.11;0.67
79893;186101;6;Miejski Zespół Szkół Nr 1 38-400 Krosno, Białobrzegi ul. J. i S. Magurów 1;1600;464;464;3;461;29.00;0.65;1554;799;799;11;788;51.42;1.38
79894;186101;7;Regionalne Centrum Kultur Pogranicza 38-400 Krosno ul.Kolejowa 1;2132;546;546;12;534;25.61;2.20;2100;982;982;16;966;46.76;1.63
79895;186101;8;Miejski Zespół Szkół Nr 6 38-400 Krosno ul. Kletówki 1;1297;343;343;14;329;26.45;4.08;1276;630;630;3;627;49.37;0.48
79896;186101;9;Zespół Szkół Kształcenia Ustawicznego 38-400 Krosno ul. F. Czajkowskiego 49;765;204;204;3;201;26.67;1.47;734;363;363;8;355;49.46;2.20
79897;186101;10;Miejski Zespół Szkół Nr 8 38-400 Krosno, Zawodzie ul. Prochownia 7;1483;491;491;9;482;33.11;1.83;1455;828;828;10;818;56.91;1.21
79898;186101;11;Miejski Zespół Szkół Nr 8 38-400 Krosno, Zawodzie ul. Prochownia 7;1313;406;406;2;404;30.92;0.49;1300;735;735;5;730;56.54;0.68
79899;186101;12;Państwowa Wyższa Szkoła Zawodowa 38-400 Krosno ul. Kazimierza Wielkiego 4;508;174;174;3;171;34.25;1.72;467;272;272;2;270;58.24;0.74
79900;186101;13;Miejski Zespół Szkół Nr 5 38-400 Krosno ul. Ks. P. Skargi 3;1640;487;487;10;477;29.70;2.05;1586;857;857;22;835;54.04;2.57
79901;186101;14;Miejski Ośrodek Pomocy Rodzinie 38-400 Krosno, Guzikówka ul. Piastowska 58;1827;482;482;7;475;26.38;1.45;1806;958;958;8;950;53.05;0.84
79902;186101;15;Dzielnicowy Dom Ludowy PUCHATEK 38-400 Krosno, Krościenko Niżne ul. F. Chopina 8;1522;383;383;6;377;25.16;1.57;1509;777;777;5;772;51.49;0.64
79903;186101;16;Miejski Zespół Szkół Nr 4 38-400 Krosno, Guzikówka ul. S. Kisielewskiego 18;1702;426;426;7;419;25.03;1.64;1615;818;818;18;800;50.65;2.20
79904;186101;17;Miejski Zespół Szkół Nr 4 38-400 Krosno, Guzikówka ul. S. Kisielewskiego 18;1143;304;304;5;299;26.60;1.64;1112;646;646;7;639;58.09;1.08
79905;186101;18;Miejski Zespół Szkół Nr 4 38-400 Krosno, Guzikówka ul. S. Kisielewskiego 18;1476;365;365;8;357;24.73;2.19;1427;701;701;5;696;49.12;0.71
79906;186101;19;Niepubliczny Zakład Opieki Zdrowotnej ,,NASZE ZDROWIE” 38-400 Krosno, Guzikówka ul. Podkarpacka 5a;1279;303;303;7;296;23.69;2.31;1241;641;641;7;634;51.65;1.09
79907;186101;20;Szkoła Podstawowa nr 5 38-400 Krosno, Suchodół ul. Grunwaldzka 15;2372;727;727;12;715;30.65;1.65;2358;1365;1365;19;1346;57.89;1.39
79908;186101;21;Miejski Zespół Szkół Nr 7 38-400 Krosno, Krościenko Niżne ul. Powstańców Śląskich 75;1727;522;522;13;509;30.23;2.49;1655;917;917;9;908;55.41;0.98
79909;186101;22;Zespół Szkół Ponadgimnazjalnych nr 4 38-400 Krosno, Krościenko Niżne ul. Bohaterów Westerplatte 20;2036;619;619;9;610;30.40;1.45;1926;1048;1048;12;1036;54.41;1.15
79910;186101;23;Miejski Zespół Szkół z Oddziałami Integracyjnymi 38-400 Krosno, Krościenko Niżne ul. Wojska Polskiego 45;1765;531;531;5;526;30.08;0.94;1688;982;982;13;969;58.18;1.32
79911;186101;24;Miejski Zespół Szkół z Oddziałami Integracyjnymi 38-400 Krosno, Krościenko Niżne ul. Wojska Polskiego 45;2063;552;553;12;540;26.76;2.17;2022;1105;1105;11;1094;54.65;1.00
91125;186101;25;Dom Pomocy Społecznej Nr 1 38-400 Krosno, Guzikówka F Żwirki i S.Wigury 4a;80;42;42;0;42;52.50;0.00;78;49;49;1;48;62.82;2.04
91126;186101;26;Dom Pomocy Społecznej Nr 2 38-400 Krosno Kletówki 7;25;6;6;1;5;24.00;16.67;22;9;9;1;8;40.91;11.11
91127;186101;27;Wojewódzki Szpital Podkarpacki 38-400 Krosno Korczyńska 57;222;39;39;4;35;17.57;10.26;274;110;110;3;107;40.15;2.73
91128;186101;28;Wojewódzki Szpital Podkarpacki 38-400 Krosno, Guzikówka Grodzka 45;97;18;18;1;17;18.56;5.56;80;25;25;1;24;31.25;4.00
79912;186201;1;Sala Sportowa przy Towarzystwie Budownictwa Społecznego Sp. z o.o. 37-700 Przemyśl ul.Wysockiego 24;1146;320;320;13;307;27.92;4.06;1158;611;611;6;605;52.76;0.98
79913;186201;2;Szkoła Podstawowa Nr 6 im. Ojca Świętego Jana Pawła II 37-700 Przemyśl ul. gen. M. Boruty-Spiechowicza 1;1937;535;535;12;523;27.62;2.24;1854;952;952;14;938;51.35;1.47
79914;186201;3;Szkoła Podstawowa Nr 6 im. Ojca Świętego Jana Pawła II 37-700 Przemyśl ul. gen. M. Boruty-Spiechowicza 1;2186;628;628;18;610;28.73;2.87;2088;1080;1080;27;1053;51.72;2.50
79915;186201;4;Gimnazjum Nr 1 im. Orląt Przemyskich 37-700 Przemyśl ul. 3 Maja 38;2166;585;585;12;573;27.01;2.05;2080;1039;1039;22;1017;49.95;2.12
79916;186201;5;Wojewódzki Szpital im. Św. Ojca Pio w Przemyślu - Poradnia Ortopedyczna 37-700 Przemyśl ul. Monte Cassino 18;1024;259;259;7;252;25.29;2.70;1025;541;541;9;532;52.78;1.66
79917;186201;6;Nadleśnictwo Krasiczyn z siedzibą w Przemyślu 37-700 Przemyśl ul. 29 Listopada 12;1465;379;379;7;372;25.87;1.85;1418;696;698;16;680;49.08;2.30
79918;186201;7;II Liceum Ogólnokształcące 37-700 Przemyśl ul. bpa J. Glazera 44;877;236;236;5;231;26.91;2.12;879;470;470;2;468;53.47;0.43
79919;186201;8;II Liceum Ogólnokształcące 37-700 Przemyśl ul. bpa J. Glazera 44;2063;551;551;8;543;26.71;1.45;1997;1063;1063;12;1051;53.23;1.13
79920;186201;9;Klub Osiedlowy PSM 37-700 Przemyśl ul. bpa J. Glazera 10;2191;702;702;16;686;32.04;2.28;2087;1101;1101;25;1076;52.76;2.27
79921;186201;10;Szkoła Podstawowa Nr 4 37-700 Przemyśl ul. Św. Jana Nepomucena 10;2114;593;593;16;577;28.05;2.70;2047;1009;1009;21;988;49.29;2.08
79922;186201;11;Szkoła Podstawowa Nr 14 im. Zjednoczonej Europy 37-700 Przemyśl ul. Borelowskiego 12;1843;525;525;14;511;28.49;2.67;1774;948;948;14;934;53.44;1.48
79923;186201;12;Klub Sportowy „Czuwaj” 37-700 Przemyśl ul. 22 Stycznia 6;1710;547;547;14;533;31.99;2.56;1708;901;901;16;885;52.75;1.78
79924;186201;13;Szkoła Podstawowa Nr 14 im. Zjednoczonej Europy 37-700 Przemyśl ul. Borelowskiego 12;1846;529;529;13;516;28.66;2.46;1866;955;955;15;940;51.18;1.57
79925;186201;14;Przedszkole Miejskie Nr 12 37-700 Przemyśl ul. F. Dolińskiego 4;2324;697;697;14;683;29.99;2.01;2259;1258;1258;28;1230;55.69;2.23
79926;186201;15;Osiedlowy Dom Kultury PSM 37-700 Przemyśl ul. Wyb. Ojca Świętego Jana Pawła II 70;1846;542;542;15;527;29.36;2.77;1782;937;937;13;924;52.58;1.39
79927;186201;16;Zespół Szkół z Oddziałami Integracyjnymi im. Orląt Lwowskich 37-700 Przemyśl ul. Grunwaldzka 81;1792;507;507;17;490;28.29;3.35;1692;927;927;10;917;54.79;1.08
79928;186201;17;Gimnazjum Nr 5 im. Świętego Jana Kantego 37-700 Przemyśl ul. Grunwaldzka 17;1139;321;321;7;314;28.18;2.18;1072;535;535;10;525;49.91;1.87
79929;186201;18;Specjalny Ośrodek Szkolno-Wychowawczy Nr 2 37-700 Przemyśl ul. Czarnieckiego 27;2230;453;453;14;439;20.31;3.09;2189;1001;1001;17;984;45.73;1.70
79930;186201;19;Szkoła Podstawowa Nr 15 37-700 Przemyśl ul. W. Pola 5;1361;291;291;11;280;21.38;3.78;1335;638;638;15;623;47.79;2.35
79931;186201;20;Szkoła Podstawowa Nr 1 37-700 Przemyśl ul. Sienkiewicza 3;2037;490;490;20;470;24.05;4.08;1992;900;900;14;886;45.18;1.56
79932;186201;21;Gimnazjum Nr 2 37-700 Przemyśl ul. Ratuszowa 1;1167;209;209;13;196;17.91;6.22;1167;465;465;12;453;39.85;2.58
79933;186201;22;Szkoła Podstawowa Nr 11 37-700 Przemyśl ul. Władycze 5;1235;242;242;5;237;19.60;2.07;1135;553;553;8;545;48.72;1.45
79934;186201;23;Przemyski Ośrodek Sportu i Rekreacji 37-700 Przemyśl ul. Mickiewicza 30;2046;376;376;4;372;18.38;1.06;2007;776;776;21;755;38.66;2.71
79935;186201;24;Internat Specjalnego Ośrodka Szkolno-Wychowawczego Nr 1 37-700 Przemyśl ul. Basztowa 34;1335;304;304;7;297;22.77;2.30;1329;621;621;12;609;46.73;1.93
79936;186201;25;I Liceum Ogólnokształcące 37-700 Przemyśl ul. Słowackiego 21;1688;305;305;12;293;18.07;3.93;1636;666;666;17;649;40.71;2.55
79937;186201;26;I Liceum Ogólnokształcące 37-700 Przemyśl ul. Słowackiego 21;887;130;130;6;124;14.66;4.62;846;265;265;9;256;31.32;3.40
79938;186201;27;Gimnazjum Nr 3 37-700 Przemyśl ul. Łukasińskiego 7;1987;404;404;8;396;20.33;1.98;1909;802;802;23;779;42.01;2.87
79939;186201;28;Gimnazjum nr 3 37-700 Przemyśl ul. Łukasińskiego 7;1798;360;360;13;347;20.02;3.61;1722;794;794;9;785;46.11;1.13
79940;186201;29;Ośrodek Kopalni Gazu 37-700 Przemyśl ul. Jasińskiego 3;2091;464;468;7;457;22.19;1.51;2022;1048;1048;20;1028;51.83;1.91
79941;186201;30;Przedszkole Miejskie Nr 19 37-700 Przemyśl ul. Ofiar Katynia 4a;1367;321;321;5;316;23.48;1.56;1338;599;599;14;585;44.77;2.34
79942;186201;31;Polskie Towarzystwo Walki z Kalectwem Oddział w Przemyślu 37-700 Przemyśl ul. Sobótki 23;519;118;118;1;117;22.74;0.85;527;242;242;5;237;45.92;2.07
91129;186201;32;Zakład Opiekuńczo - Leczniczy 37-700 Przemyśl ul. Jasińskiego 15;138;51;51;13;38;36.96;25.49;140;58;58;0;58;41.43;0.00
91130;186201;33;Świetlica Zakładu Karnego 37-700 Przemyśl ul. Rokitniańska 1;149;49;49;8;41;32.89;16.33;156;94;94;11;83;60.26;11.70
91131;186201;34;Miejski Dom Pomocy Społecznej 37-700 Przemyśl ul. Wysockiego 99;73;46;46;1;45;63.01;2.17;79;48;48;2;46;60.76;4.17
91132;186201;35;D.P.S. Zgromadzenia Braci Albertynów 37-700 Przemyśl ul. Św. Brata Alberta 1;31;27;27;0;27;87.10;0.00;33;28;28;2;26;84.85;7.14
91133;186201;36;Miejski Dom Pomocy Społecznej 37-700 Przemyśl ul. Św. Brata Alberta 3;51;33;33;6;27;64.71;18.18;51;29;29;7;22;56.86;24.14
91134;186201;37;Wojewódzki Szpital im. Św. Ojca Pio w Przemyślu 37-700 Przemyśl ul. Monte Cassino 18;394;78;78;1;77;19.80;1.28;322;163;163;8;155;50.62;4.91
91135;186201;38;Szpital Miejski w Przemyślu 37-700 Przemyśl ul. Słowackiego 85;165;56;56;5;51;33.94;8.93;154;66;66;1;65;42.86;1.52
91136;186201;39;Niepubliczny Zakład Opiekuńczo-Leczniczy i Opieki Paliatywnej SAN-MED BiK s.c 37-700 Przemyśl ul. Rogozińskiego 30;49;19;19;0;19;38.78;0.00;39;28;28;0;28;71.79;0.00
79943;186301;1;Szkoła Podstawowa Nr 1 35-069 Rzeszów ul. Bernardyńska 4;1821;477;477;15;462;26.19;3.14;1864;944;944;14;930;50.64;1.48
79944;186301;2;Gimnazjum Nr 9 35-006 Rzeszów ul. Orzeszkowej 8 a;1806;493;493;3;490;27.30;0.61;1797;886;886;17;869;49.30;1.92
79945;186301;3;Zespół Szkół Muzycznych Nr 1 35-055 Rzeszów ul. Szopena 32;1672;542;542;11;531;32.42;2.03;1654;916;916;8;908;55.38;0.87
79946;186301;4;I Liceum Ogólnokształcące 35-030 Rzeszów ul. 3 Maja 15;1009;333;333;6;327;33.00;1.80;1006;592;592;8;584;58.85;1.35
79947;186301;5;Przedszkole Publiczne nr 7 35-011 Rzeszów ul. Pułaskiego 3a;2184;917;917;9;908;41.99;0.98;2130;1366;1366;7;1359;64.13;0.51
79948;186301;6;Zespół Szkół Ekonomicznych 35-016 Rzeszów ul. Hoffmanowej 13;1926;597;597;15;582;31.00;2.51;1879;1052;1052;18;1034;55.99;1.71
79949;186301;7;Szkoła Podstawowa Nr 17 35-051 Rzeszów ul. Bulwarowa 3;1250;469;469;16;453;37.52;3.41;1230;762;762;14;748;61.95;1.84
79950;186301;8;Zespół Szkół Plastycznych 35-051 Rzeszów ul. Staszica 16a;1752;618;618;13;605;35.27;2.10;1710;1061;1061;18;1043;62.05;1.70
79951;186301;9;Miejskie Przedsiębiorstwo Energetyki Cieplnej - Rzeszów Sp. z o.o. 35-051 Rzeszów ul. Staszica 24;1406;412;412;8;404;29.30;1.94;1433;760;760;14;746;53.04;1.84
79952;186301;10;Zespół Szkół Ogólnokształcących nr 2 35-045 Rzeszów ul. Hetmańska 38;2063;607;607;15;592;29.42;2.47;1952;1079;1079;12;1067;55.28;1.11
79953;186301;11;Szkoła Podstawowa nr 10 35-077 Rzeszów ul. Dominikańska 4;1936;633;633;22;611;32.70;3.48;1876;1074;1074;16;1058;57.25;1.49
79954;186301;12;Szkoła Podstawowa nr 10 35-077 Rzeszów ul. Dominikańska 4;2027;626;626;12;614;30.88;1.92;1988;1116;1116;10;1106;56.14;0.90
79955;186301;13;Gimnazjum nr 6 35-021 Rzeszów ul. W. Pola 1;1900;576;576;7;569;30.32;1.22;1853;1021;1021;18;1003;55.10;1.76
79956;186301;14;Zespół Szkół Energetycznych 35-040 Rzeszów ul. Dąbrowskiego 66a;1350;342;342;4;338;25.33;1.17;1297;645;645;5;640;49.73;0.78
79957;186301;15;Zespół Szkół Technicznych im. Eugeniusza Kwiatkowskiego 35-083 Rzeszów ul. Matuszczaka 7;1345;428;428;10;418;31.82;2.34;1700;1150;1150;10;1140;67.65;0.87
79958;186301;16;Zespół Szkolno-Przedszkolny nr 4 35-101 Rzeszów ul. Staroniwska 55;2178;751;751;17;734;34.48;2.26;2291;1362;1362;14;1348;59.45;1.03
79959;186301;17;Szkoła Podstawowa Nr 16 35-112 Rzeszów ul. Bohaterów 1;2007;797;797;12;785;39.71;1.51;1926;1229;1229;8;1221;63.81;0.65
79960;186301;18;Szkoła Podstawowa nr 16 35-112 Rzeszów ul. Bohaterów 1;1791;696;696;6;690;38.86;0.86;1742;1155;1155;10;1145;66.30;0.87
79961;186301;19;Przedszkole Publiczne nr 17 35-111 Rzeszów ul. Witkacego 5;2112;827;827;18;809;39.16;2.18;2042;1335;1335;23;1312;65.38;1.72
79962;186301;20;Zespół Szkół nr 3 35-207 Rzeszów ul. Ptasia 2;1477;442;442;8;434;29.93;1.81;1429;782;782;13;769;54.72;1.66
79963;186301;21;Przedszkole Publiczne nr 12 35-225 Rzeszów ul. Rudnickiego 1;1569;425;425;2;423;27.09;0.47;1535;844;844;15;829;54.98;1.78
79964;186301;22;Szkoła Podstawowa nr 8 35-225 Rzeszów ul. Rudnickiego 2;1232;307;307;15;292;24.92;4.89;1207;567;567;19;548;46.98;3.35
79965;186301;23;Zespół Szkół Specjalnych im. UNICEF 35-209 Rzeszów ul. Ofiar Katynia 1;1823;409;409;1;408;22.44;0.24;1777;859;859;20;839;48.34;2.33
79966;186301;24;Zespół Szkół Specjalnych im. UNICEF 35-209 Rzeszów ul. Ofiar Katynia 1;1579;514;514;8;506;32.55;1.56;1538;907;907;11;896;58.97;1.21
79967;186301;25;Przedszkole Publiczne nr 22 35-209 Rzeszów ul. Ofiar Katynia 11;1567;539;539;6;533;34.40;1.11;1575;955;955;8;947;60.63;0.84
79968;186301;26;Zespół Szkolno-Przedszkolny nr 3 35-231 Rzeszów ul. Skrajna 1;1466;531;531;12;519;36.22;2.26;1549;1030;1030;19;1011;66.49;1.84
79969;186301;27;Rzeszowski Dom Kultury 35-231 Rzeszów ul. Staromiejska 43a;1445;517;517;11;506;35.78;2.13;1512;990;990;11;979;65.48;1.11
79970;186301;28;Budynek dawnej siedziby Zespołu Szkół Specjalnych im. UNICEF 35-215 Rzeszów ul. Marszałkowska 24a;1651;516;516;15;501;31.25;2.91;1618;951;951;9;942;58.78;0.95
79971;186301;29;Budynek dawnej siedziby Zespołu Szkół Specjalnych im. UNICEF 35-215 Rzeszów ul. Marszałkowska 24a;1843;616;616;17;599;33.42;2.76;1825;1030;1030;15;1015;56.44;1.46
79972;186301;30;Zespół Szkolno-Przedszkolny nr 9 35-202 Rzeszów ul. Piotra Skargi 3;1811;633;633;19;614;34.95;3.00;1765;1076;1076;22;1054;60.96;2.04
79973;186301;31;Gimnazjum nr 10 35-234 Rzeszów ul. Partyzantów 10a;1834;574;574;13;561;31.30;2.26;1803;1051;1051;12;1039;58.29;1.14
79974;186301;32;Zespół Szkolno-Przedszkolny nr 2 35-301 Rzeszów ul. Lwowska 17;1509;411;411;7;404;27.24;1.70;1490;793;793;28;765;53.22;3.53
79975;186301;33;Rzeszowski Dom Kultury 35-321 Rzeszów ul. Konfederatów Barskich 43a;1624;479;479;12;467;29.50;2.51;1613;935;935;11;924;57.97;1.18
79976;186301;34;Gimnazjum nr 8 35-303 Rzeszów ul. Miodowa 6;1704;655;655;5;650;38.44;0.76;1687;1112;1112;6;1106;65.92;0.54
79977;186301;35;Gimnazjum nr 8 35-303 Rzeszów ul. Miodowa 6;1618;633;633;6;627;39.12;0.95;1595;1065;1065;7;1058;66.77;0.66
79978;186301;36;Gimnazjum nr 8 35-303 Rzeszów ul. Miodowa 6;1446;591;591;11;580;40.87;1.86;1404;904;904;5;899;64.39;0.55
79979;186301;37;Zespół Szkół nr 2 35-310 Rzeszów al. Rejtana 3;1993;600;600;12;588;30.11;2.00;1921;1142;1142;18;1124;59.45;1.58
79980;186301;38;Uniwersytet Rzeszowski 35-310 Rzeszów al. Rejtana 16c;1116;378;378;10;368;33.87;2.65;1116;690;690;8;682;61.83;1.16
79981;186301;39;Zespół Szkół Ogólnokształcących nr 4 35-310 Rzeszów al. Rejtana 30;1562;505;505;2;503;32.33;0.40;1551;921;921;9;912;59.38;0.98
79982;186301;40;Przedszkole Publiczne nr 38 35-310 Rzeszów al. Rejtana 28;1796;582;583;7;575;32.41;1.20;1698;990;991;6;984;58.30;0.61
79983;186301;41;Zespół Szkolno - Przedszkolny Nr 5 35-312 Rzeszów ul. bpa Pelczara 3;1388;345;345;4;341;24.86;1.16;1369;742;742;9;733;54.20;1.21
79984;186301;42;Zespół Szkolno-Przedszkolny nr 5 35-312 Rzeszów ul. bpa Pelczara 3;1680;508;508;21;487;30.24;4.13;1611;974;974;6;968;60.46;0.62
79985;186301;43;Szkoła Podstawowa nr 11 35-309 Rzeszów ul. Podwisłocze 14;1769;514;514;8;506;29.06;1.56;1748;1018;1018;12;1006;58.24;1.18
79986;186301;44;Szkoła Podstawowa nr 11 35-309 Rzeszów ul. Podwisłocze 14;2004;560;560;14;546;27.94;2.50;1962;1121;1121;7;1114;57.14;0.62
79987;186301;45;Przedszkole Publiczne Nr 9 35-309 Rzeszów ul. Podwisłocze 20;1858;575;575;6;569;30.95;1.04;1797;1056;1056;14;1042;58.76;1.33
79988;186301;46;Rzeszowski Dom Kultury 35-614 Rzeszów ul. Jana Olbrachta 120;2105;742;742;13;729;35.25;1.75;2264;1475;1475;12;1463;65.15;0.81
79989;186301;47;Przedszkole Publiczne nr 11 35-620 Rzeszów ul. Mazurska 19;1925;675;675;15;660;35.06;2.22;1986;1293;1293;9;1284;65.11;0.70
79990;186301;48;Szkoła Podstawowa Nr 5 35-330 Rzeszów ul. Słocińska 4;1644;580;580;4;576;35.28;0.69;1830;1190;1190;10;1180;65.03;0.84
79991;186301;49;Gimnazjum nr 12 35-330 Rzeszów ul. Słocińska 4;1227;428;428;9;419;34.88;2.10;1245;794;794;12;782;63.78;1.51
79992;186301;50;Dom Pomocy Społecznej dla Kombatantów 35-610 Rzeszów ul. Powstańców Śląskich 4;1683;604;604;13;591;35.89;2.15;1747;1111;1111;13;1098;63.59;1.17
79993;186301;51;Szkoła Podstawowa Nr 24 35-602 Rzeszów ul. Czajkowskiego 11;1980;609;609;3;606;30.76;0.49;2115;1354;1354;17;1337;64.02;1.26
79994;186301;52;Szkoła Podstawowa nr 24 35-602 Rzeszów ul. Czajkowskiego 11;1846;764;764;13;751;41.39;1.70;1838;1292;1292;15;1277;70.29;1.16
79995;186301;53;Szkoła Podstawowa nr 24 35-602 Rzeszów ul. Czajkowskiego 11;1845;765;765;9;756;41.46;1.18;1792;1281;1281;8;1273;71.48;0.62
79996;186301;54;Przedszkole Publiczne nr 33 35-119 Rzeszów ul. bł. Karoliny 19;1121;410;410;0;410;36.57;0.00;1375;959;959;5;954;69.75;0.52
79997;186301;55;Rzeszowski Dom Kultury 35-213 Rzeszów ul. Debicka 170;1837;500;500;2;498;27.22;0.40;1900;1120;1120;15;1105;58.95;1.34
79998;186301;56;Zespół Szkół nr 4 35-213 Rzeszów ul. Dębicka 288;1561;405;405;5;400;25.94;1.23;1560;926;926;15;911;59.36;1.62
79999;186301;57;Zespół Szkół nr 4 35-213 Rzeszów ul. Debicka 288;1333;323;323;4;319;24.23;1.24;1320;745;745;11;734;56.44;1.48
80000;186301;58;Przedszkole Publiczne nr 28 35-509 Rzeszów ul. Obrońców Poczty Gdańskiej 5;1958;682;682;14;668;34.83;2.05;1909;1234;1234;14;1220;64.64;1.13
80001;186301;59;Gimnazjum nr 11 35-508 Rzeszów ul.Starzyńskiego 17;1502;441;441;4;437;29.36;0.91;1450;869;869;8;861;59.93;0.92
80002;186301;60;Szkoła Podstawowa Nr 25 35-508 Rzeszów ul. Starzyńskiego 17;1968;584;588;11;573;29.67;1.88;1886;1118;1118;10;1108;59.28;0.89
80003;186301;61;Szkoła Podstawowa nr 25 35-508 Rzeszów ul. Starzyńskiego 17;1704;535;535;5;530;31.40;0.93;1638;1032;1032;14;1018;63.00;1.36
80004;186301;62;Młodzieżowy Dom Kultury 35-506 Rzeszów ul. Osmeckiego 51;1411;388;388;8;380;27.50;2.06;1354;813;813;13;800;60.04;1.60
80005;186301;63;Szkoła Podstawowa nr 2 35-211 Rzeszów ul. Kamińskiego 12;1558;512;512;2;510;32.86;0.39;1538;922;922;13;909;59.95;1.41
80006;186301;64;Generalna Dyrekcja Dróg Krajowych i Autostrad, Oddział w Rzeszowie 35-111 Rzeszów ul. Legionów 20;1304;466;466;5;461;35.74;1.07;1298;782;782;4;778;60.25;0.51
80007;186301;65;Zespół Szkół Ogólnokształcących nr 3 35-111 Rzeszów ul. Wyspiańskiego 16a;1505;542;542;8;534;36.01;1.48;1472;934;934;7;927;63.45;0.75
80008;186301;66;Zespół Szkolno-Przedszkolny nr 6 35-329 Rzeszów al. Krzyżanowskiego 24;1747;620;620;14;606;35.49;2.26;1667;1084;1084;9;1075;65.03;0.83
80009;186301;67;Zespół Szkolno-Przedszkolny nr 6 35-329 Rzeszów al. Krzyżanowskiego 24;1713;542;542;5;537;31.64;0.92;1652;1003;1003;13;990;60.71;1.30
80010;186301;68;Dom Studencki „FILON” 35-326 Rzeszów ul. Cicha 4;1562;442;442;10;432;28.30;2.26;1532;901;901;17;884;58.81;1.89
80011;186301;69;Przedszkole Publiczne nr 43 35-326 Rzeszów ul. Cicha 5;1780;595;595;11;584;33.43;1.85;1753;1138;1138;22;1116;64.92;1.93
80012;186301;70;Dom Strażaka 35-312 Rzeszów ul. Strażacka 9;2002;601;601;14;587;30.02;2.33;2150;1371;1371;21;1350;63.77;1.53
80013;186301;71;Dom Strażaka 35-312 Rzeszów ul. Strażacka 9;2031;691;691;11;680;34.02;1.59;2174;1497;1497;13;1484;68.86;0.87
80014;186301;72;Zespół Szkół nr 6 35-118 Rzeszów ul. Solarza 12;1846;640;640;13;627;34.67;2.03;1812;1134;1134;11;1123;62.58;0.97
80015;186301;73;Zespół Szkół nr 6 35-118 Rzeszów ul. Solarza 12;1771;611;611;10;601;34.50;1.64;1700;1109;1109;15;1094;65.24;1.35
80016;186301;74;Zespół Szkół nr 6 35-118 Rzeszów ul. Solarza 12;1443;455;455;6;449;31.53;1.32;1381;874;874;17;857;63.29;1.95
80017;186301;75;Przedszkole Publiczne nr 40 35-116 Rzeszów ul. Rataja 14;1483;590;590;9;581;39.78;1.53;1418;942;942;11;931;66.43;1.17
80018;186301;76;Rzeszowski Dom Kultury 35-119 Rzeszów ul. Widokowa 1;1771;634;634;9;625;35.80;1.42;1874;1193;1193;10;1183;63.66;0.84
80019;186301;77;Przedszkole Publiczne nr 3 35-505 Rzeszów ul. Krośnieńska 15a;1707;680;680;9;671;39.84;1.32;1765;1260;1260;15;1245;71.39;1.19
80020;186301;78;Zespół Szkolno-Przedszkolny nr 1 35-322 Rzeszów ul. Rubinowa 4;1613;436;436;4;432;27.03;0.92;1668;966;966;15;951;57.91;1.55
80021;186301;79;Zespół Szkół nr 5 35-083 Rzeszów ul. Beskidzka 5;1270;349;349;9;340;27.48;2.58;1277;717;717;13;704;56.15;1.81
80022;186301;80;Zespół Szkół nr 5 35-083 Rzeszów ul. Beskidzka 5;1358;458;458;12;446;33.73;2.62;1373;921;921;8;913;67.08;0.87
80023;186301;81;Rzeszowski Dom Kultury 35-313 Rzeszów ul. Kardynała Karola Wojtyły 164;1847;564;564;8;556;30.54;1.42;1901;1207;1207;15;1192;63.49;1.24
80024;186301;82;Zespół Szkół Agroprzedsiębiorczości 35-232 Rzeszów ul. Miłocińska 75;653;294;294;7;287;45.02;2.38;663;470;470;6;464;70.89;1.28
80025;186301;83;Zespół Szkolno - Przedszkolny nr 7 35-317 Rzeszów ul. Budziwojska 154;1936;622;622;14;608;32.13;2.25;2086;1350;1350;24;1326;64.72;1.78
80026;186301;84;Zespół Szkolno-Przedszkolny nr 7 35-317 Rzeszów ul. Budziwojska 154;1869;430;430;14;416;23.01;3.26;1927;1065;1065;24;1041;55.27;2.25
91137;186301;85;Wojewódzki Szpital Specjalistyczny im. Fryderyka Chopina w Rzeszowie 35-055 Rzeszów ul. Szopena 2;352;75;75;4;71;21.31;5.33;408;171;171;4;167;41.91;2.34
91138;186301;86;Szpital Wojewódzki Nr 2 im. Św. Jadwigi Królowej w Rzeszowie 35-302 Rzeszów ul. Lwowska 60;673;41;41;1;40;6.09;2.44;475;146;146;2;144;30.74;1.37
91139;186301;87;Szpital Miejski im. Jana Pawła II w Rzeszowie 35-216 Rzeszów ul. Rycerska 4;27;8;8;0;8;29.63;0.00;113;43;43;1;42;38.05;2.33
91140;186301;88;Podkarpackie Centrum Chorób Płuc w Rzeszowie 35-216 Rzeszów ul. Rycerska 2;82;16;16;0;16;19.51;0.00;87;44;44;2;42;50.57;4.55
91141;186301;89;Samodzielny Publiczny ZOZ MSW w Rzeszowie 35-111 Rzeszów ul. Krakowska 16;67;19;19;0;19;28.36;0.00;86;40;40;1;39;46.51;2.50
91142;186301;90;Szpital Specjalistyczny Pro-Familia T. Wapiński, Z. Sobieszczański i Wspólnicy SP. J. w Rzeszowie 35-302 Rzeszów ul. Witolda 6B;67;2;2;0;2;2.99;0.00;136;5;5;0;5;3.68;0.00
91143;186301;91;Dom Pomocy Społecznej dla Osób w Podeszłym Wieku oraz Osób Niepełnosprawnych Fizycznie w Rzeszowie 35-225 Rzeszów ul. Sucharskiego 1;67;23;23;5;18;34.33;21.74;86;36;36;5;31;41.86;13.89
91144;186301;92;Filia Domu Pomocy Społecznej dla Osób w Podeszłym Wieku oraz Osób Niepełnosprawnych Fizycznie w Rzeszowie 35-207 Rzeszów ul. Łabędzia 9;37;10;10;2;8;27.03;20.00;43;14;14;1;13;32.56;7.14
91145;186301;93;Zakład Karny w Rzeszowie 35-322 Rzeszów ul. Załęska 76;950;280;280;49;231;29.47;17.50;797;335;335;61;274;42.03;18.21
80027;186401;1;Miejski Ośrodek Sportu i Rekreacji im. Alfreda Freyera 39-400 Tarnobrzeg Aleja Niepodległości 2;1733;399;399;13;386;23.02;3.26;1667;790;790;24;766;47.39;3.04
80028;186401;2;Miejski Ośrodek Sportu i Rekreacji im. Alfreda Freyera 39-400 Tarnobrzeg Aleja Niepodległości 2;1962;465;465;24;441;23.70;5.16;1891;861;861;17;844;45.53;1.97
80029;186401;3;Szkoła Podstawowa Nr 3 39-400 Tarnobrzeg ul.Kochanowskiego 1;1277;337;337;14;323;26.39;4.15;1244;583;583;12;571;46.86;2.06
80030;186401;4;Szkoła Podstawowa Nr 10 39-400 Tarnobrzeg ul.Dąbrowskiej 10;1576;370;370;12;358;23.48;3.24;1521;753;753;17;736;49.51;2.26
80031;186401;5;Szkoła Podstawowa Nr 10 39-400 Tarnobrzeg ul.Dąbrowskiej 10;1710;427;427;14;413;24.97;3.28;1670;815;815;8;807;48.80;0.98
80032;186401;6;Szkoła Podstawowa Nr 10 39-400 Tarnobrzeg ul.Dąbrowskiej 10;1724;380;380;13;367;22.04;3.42;1662;729;730;13;716;43.86;1.78
80033;186401;7;Szkoła Podstawowa Nr 10 39-400 Tarnobrzeg ul.Dąbrowskiej 10;1848;392;392;7;385;21.21;1.79;1807;835;835;9;826;46.21;1.08
80034;186401;8;Administracja Osiedla „Serbinów” 39-400 Tarnobrzeg ul.Zwierzyniecka 3;1608;376;376;13;363;23.38;3.46;1541;755;755;13;742;48.99;1.72
80035;186401;9;Administracja Osiedla „Serbinów” 39-400 Tarnobrzeg ul.Zwierzyniecka 3;1695;403;403;8;395;23.78;1.99;1651;774;774;13;761;46.88;1.68
80036;186401;10;Państwowa Wyższa Szkoła Zawodowa 39-400 Tarnobrzeg ul.Kardynała Wyszyńskiego 10;774;208;208;7;201;26.87;3.37;734;347;347;4;343;47.28;1.15
80037;186401;11;Państwowa Wyższa Szkoła Zawodowa 39-400 Tarnobrzeg ul.Sienkiewicza 50;544;171;171;6;165;31.43;3.51;522;293;293;4;289;56.13;1.37
80038;186401;12;Zespół Szkół 39-400 Tarnobrzeg ul.Kopernika 1;1269;369;369;1;368;29.08;0.27;1310;729;729;14;715;55.65;1.92
80039;186401;13;Zespół Szkół Ponadgimnazjalnych Nr 3 39-400 Tarnobrzeg ul.Świętej Barbary 1B;1539;424;424;9;415;27.55;2.12;1494;799;799;14;785;53.48;1.75
80040;186401;14;Gimnazjum Nr 2 39-400 Tarnobrzeg ul.Kopernika 18;1437;334;334;4;330;23.24;1.20;1389;679;680;6;673;48.88;0.88
80041;186401;15;Dom Osiedlowy 39-400 Tarnobrzeg ul.Krzywa 2;896;260;260;2;258;29.02;0.77;910;508;508;9;499;55.82;1.77
80042;186401;16;Dom Osiedlowy 39-400 Tarnobrzeg ul.Nadwiślańska 16;129;47;47;0;47;36.43;0.00;136;87;87;0;87;63.97;0.00
80043;186401;17;Ochotnicza Straż Pożarna 39-400 Tarnobrzeg ul.Ocicka 89;416;113;113;6;107;27.16;5.31;420;223;223;7;216;53.10;3.14
80044;186401;18;Gimnazjum Nr 3 39-400 Tarnobrzeg ul.Dekutowskiego 17;2048;576;576;12;564;28.12;2.08;1943;984;984;25;959;50.64;2.54
80045;186401;19;Szkoła Podstawowa Nr 4 39-400 Tarnobrzeg ul.Wyspiańskiego 10;1818;517;517;12;505;28.44;2.32;1781;907;907;11;896;50.93;1.21
80046;186401;20;Szkoła Podstawowa Nr 4 39-400 Tarnobrzeg ul.Wyspiańskiego 10;1907;524;524;9;515;27.48;1.72;1855;905;905;22;883;48.79;2.43
80047;186401;21;Gimnazjum Nr 1 39-400 Tarnobrzeg ul.Jachowicza 4;395;107;107;4;103;27.09;3.74;370;187;187;5;182;50.54;2.67
80048;186401;22;Państwowa Wyższa Szkoła Zawodowa 39-400 Tarnobrzeg ul.Kardynała Wyszyńskiego 10;909;251;251;2;249;27.61;0.80;889;467;467;6;461;52.53;1.28
80049;186401;23;Szkoła Podstawowa Nr 9 39-400 Tarnobrzeg ul.Wiejska 4;1427;327;327;8;319;22.92;2.45;1400;646;646;10;636;46.14;1.55
80050;186401;24;Szkoła Podstawowa Nr 9 39-400 Tarnobrzeg ul.Wiejska 4;1109;344;344;9;335;31.02;2.62;1092;558;558;3;555;51.10;0.54
80051;186401;25;Szkoła Podstawowa Nr 9 39-400 Tarnobrzeg ul.Wiejska 4;1258;428;428;8;420;34.02;1.87;1251;743;743;8;735;59.39;1.08
80052;186401;26;Szkoła Podstawowa Nr 7 39-400 Tarnobrzeg ul.Sienkiewicza 215;1773;348;348;13;335;19.63;3.74;1777;809;809;13;796;45.53;1.61
80053;186401;27;Szkoła Podstawowa Nr 8 39-400 Tarnobrzeg ul.Piętaka 53;1299;290;290;7;283;22.32;2.41;1303;647;647;13;634;49.65;2.01
80054;186401;28;Dom Strażaka 39-400 Tarnobrzeg ul.Spokojna 9;767;203;203;6;197;26.47;2.96;784;429;429;12;417;54.72;2.80
80055;186401;29;Dom Ludowy 39-400 Tarnobrzeg ul.Sielecka 29;426;99;100;4;95;23.24;4.04;435;210;210;6;204;48.28;2.86
80056;186401;30;Szkoła Podstawowa Nr 11 39-400 Tarnobrzeg ul.Olszowa 1;1288;218;218;6;212;16.93;2.75;1256;567;567;12;555;45.14;2.12
80057;186401;31;Szkoła podstawowa Nr 9 39-400 Tarnobrzeg ul. Wiejska 4;770;214;214;3;211;27.79;1.40;779;440;440;5;435;56.48;1.14
91146;186401;32;Dom Pomocy Społecznej 39-400 Tarnobrzeg ul. Kurasia 7;55;16;16;2;14;29.09;12.50;57;17;17;1;16;29.82;5.88
91147;186401;33;Wojewódzki Szpital im. Zofii z Zamoyskich Tarnowskiej 39-400 Tarnobrzeg ul. Szpitalna 1;142;30;30;2;28;21.13;6.67;151;73;73;3;70;48.34;4.11
91148;186401;34;Zakład Pielęgnacyjno-Opiekuńczy 39-400 Tarnobrzeg ul. Dekutowskiego 20;22;22;22;3;19;100.00;13.64;71;15;15;1;14;21.13;6.67
80058;200101;1;Szkoła Podstawowa Nr 6 w Augustowie 16-300 Augustów ul. Tartaczna 21;969;204;204;5;199;21.05;2.45;958;421;421;11;410;43.95;2.61
80059;200101;2;Augustowskie Towarzystwo Budownictwa Społecznego „Kodrem” w Augustowie 16-300 Augustów ul. Komunalna 2;1128;187;187;6;181;16.58;3.21;1115;469;469;18;451;42.06;3.84
80060;200101;3;Augustowskie Centrum Edukacyjne w Augustowie 16-300 Augustów Al. Kardynała Wyszyńskiego 3;853;249;249;2;247;29.19;0.80;826;418;418;7;411;50.61;1.67
80061;200101;4;II Liceum Ogólnokształcące w Augustowie 16-300 Augustów Al. Kardynała Wyszyńskiego 1;1087;210;210;9;201;19.32;4.29;1063;461;461;12;449;43.37;2.60
80062;200101;5;Kompleks Hotelowy LOGOS w Augustowie 16-300 Augustów ul. 29 Listopada 9;763;138;138;3;135;18.09;2.17;747;320;320;11;309;42.84;3.44
80063;200101;6;Przedszkole Nr 1 w Augustowie 16-300 Augustów ul. Waryńskiego 57;1207;216;216;14;202;17.90;6.48;1195;541;541;17;524;45.27;3.14
80064;200101;7;Szkoła Muzyczna w Augustowie 16-300 Augustów ul. Wybickiego 1;1031;220;220;6;214;21.34;2.73;1000;468;468;6;462;46.80;1.28
80065;200101;8;Powiatowy Zarząd Dróg w Augustowie 16-300 Augustów ul. Wojska Polskiego 54;1061;172;172;2;170;16.21;1.16;1055;460;460;5;455;43.60;1.09
80066;200101;9;Osiedlowy Dom Kultury w Augustowie 16-300 Augustów ul. Hoża 2b;1122;232;232;4;228;20.68;1.72;1088;555;555;5;550;51.01;0.90
80067;200101;10;Centrum Sportu i Rekreacji w Augustowie 16-300 Augustów ul. mjr H. Sucharskiego 15;1345;239;239;5;234;17.77;2.09;1309;524;524;13;511;40.03;2.48
80068;200101;11;Zespół Szkół Ogólnokształcących w Augustowie 16-300 Augustów ul. Śródmieście 31;1288;241;241;5;236;18.71;2.07;1238;552;552;8;544;44.59;1.45
80069;200101;12;Miejska Biblioteka Publiczna w Augustowie 16-300 Augustów ul. Hoża 7;1227;248;248;3;245;20.21;1.21;1191;569;569;12;557;47.77;2.11
80070;200101;13;Zespół Szkół Specjalnych w Augustowie 16-300 Augustów ul. Mickiewicza 2;1311;319;319;9;310;24.33;2.82;1270;632;632;15;617;49.76;2.37
80071;200101;14;Miejski Dom Kultury w Augustowie 16-300 Augustów Rynek Zygmunta Augusta 9;1368;269;269;6;263;19.66;2.23;1411;763;763;22;741;54.08;2.88
80072;200101;15;Gimnazjum Nr 1 w Augustowie 16-300 Augustów ul. Młyńska 35;1533;324;324;8;316;21.14;2.47;1494;706;706;19;687;47.26;2.69
80073;200101;16;Gimnazjum Nr 2 w Augustowie 16-300 Augustów ul. Nowomiejska 41;1109;235;235;4;231;21.19;1.70;1088;520;520;16;504;47.79;3.08
80074;200101;17;Centrum Informacji Turystycznej w Augustowie 16-300 Augustów Rynek Zygmunta Augusta 44;1145;231;231;2;229;20.17;0.87;1136;542;542;10;532;47.71;1.85
80075;200101;18;Przedszkole Nr 2 w Augustowie 16-300 Augustów ul. Kopernika 24;1478;354;354;8;346;23.95;2.26;1452;750;750;17;733;51.65;2.27
80076;200101;19;Filia Nr 1 Miejskiej Biblioteki Publicznej w Augustowie 16-300 Augustów ul. Nowomiejska 100a;1009;184;184;5;179;18.24;2.72;973;425;425;15;410;43.68;3.53
80077;200101;20;Szkoła Podstawowa Nr 2 w Augustowie 16-300 Augustów ul. Rajgrodzka 1;1139;242;242;2;240;21.25;0.83;1171;552;552;16;536;47.14;2.90
80078;200101;21;Zespół Szkół Samorządowych w Augustowie 16-300 Augustów ul. Mickiewicza 1;1021;172;172;11;161;16.85;6.40;971;441;441;12;429;45.42;2.72
91149;200101;22;Zakład Opieki Zdrowotnej w Augustowie 16-300 Augustów ul. Szpitalna 12;101;15;15;0;15;14.85;0.00;105;31;31;1;30;29.52;3.23
80079;200102;1;Gminny Ośrodek Kultury 16-300 Żarnowo Drugie 16;878;200;200;7;193;22.78;3.50;867;421;421;11;410;48.56;2.61
80080;200102;2;Szkoła Podstawowa 16-300 Rutki Nowe 1;711;88;88;2;86;12.38;2.27;694;214;214;7;207;30.84;3.27
80081;200102;3;Gimnazjum 16-300 Janówka 48A;1626;319;319;8;311;19.62;2.51;1624;640;640;13;627;39.41;2.03
80082;200102;4;Szkoła Podstawowa 16-320 Netta Pierwsza 14;663;98;98;2;96;14.78;2.04;659;277;277;8;269;42.03;2.89
80083;200102;5;Zespół Szkół 16-300 Białobrzegi 75;977;123;123;1;122;12.59;0.81;970;327;327;12;315;33.71;3.67
80084;200102;6;Szkoła Podstawowa 16-300 Kolnica 48;572;53;53;3;50;9.27;5.66;567;161;161;6;155;28.40;3.73
80085;200103;1;Urząd Gminy w Bargłowie Kościelnym 16-320 Bargłów Kościelny ul.Augustowska 47;2267;273;273;0;273;12.04;0.00;2264;781;781;25;756;34.50;3.20
80086;200103;2;Szkoła Podstawowa 16-320 Łabętnik 10;845;102;102;3;99;12.07;2.94;837;275;275;17;258;32.86;6.18
80087;200103;3;Szkoła Podstawowa 16-320 Kroszewo 27;1445;122;122;3;119;8.44;2.46;1444;449;449;15;434;31.09;3.34
80088;200104;1;MGOK w Lipsku 16-315 Lipsk ul. Rynek 23;1275;158;158;2;156;12.39;1.27;1279;425;425;12;413;33.23;2.82
80089;200104;2;Szkoła Podstawowa w Bartnikach 16-315 Bartniki 8;599;46;46;5;41;7.68;10.87;575;181;181;10;171;31.48;5.52
80090;200104;3;Szkoła Podstawowa w Rygałówce 16-315 Rygałówka 1;623;97;97;2;95;15.57;2.06;609;177;177;10;167;29.06;5.65
80091;200104;4;MGOK w Lipsku 16-315 Lipsk ul. Rynek 23;2087;417;417;15;402;19.98;3.60;2036;855;855;32;823;41.99;3.74
80092;200105;1;Gminny Ośrodek Kultury w Nowince 16-304 Nowinka 26A;578;82;82;8;74;14.19;9.76;575;234;234;10;224;40.70;4.27
80093;200105;2;Zespół Szkół w Nowince 16-304 Nowinka 14;570;90;90;3;87;15.79;3.33;560;265;265;12;253;47.32;4.53
80094;200105;3;Szkoła Podstawowa w Monkiniach 16-304 Monkinie 27;679;160;160;6;154;23.56;3.75;679;321;321;22;299;47.28;6.85
80095;200105;4;Szkoła Podstawowa w Olszance 16-304 Olszanka 54;607;98;98;3;95;16.14;3.06;604;240;240;16;224;39.74;6.67
80096;200106;1;Świetlica Wiejska 16-326 Płaska 81M;1531;232;232;5;227;15.15;2.16;1531;623;623;29;594;40.69;4.65
80097;200106;2;Świetlica Wiejska 16-326 Gruszki 2A;651;116;116;2;114;17.82;1.72;639;241;241;8;233;37.72;3.32
80098;200107;1;Remiza OSP 16-310 Sztabin ul. Kościuszki 10;1879;316;316;20;296;16.82;6.33;1870;745;745;27;718;39.84;3.62
80099;200107;2;Remiza OSP 16-310 Jaminy 21B;1105;192;192;5;187;17.38;2.60;1092;418;418;22;396;38.28;5.26
80100;200107;3;Zespół Szkół Samorządowych 16-310 Krasnybór 59;1357;176;176;6;170;12.97;3.41;1327;398;398;12;386;29.99;3.02
80101;200201;1;Zespół Szkół w Choroszczy /Gimnazjum/ 16-070 Choroszcz ul.Powstania Styczniowego 26A;2217;580;580;16;564;26.16;2.76;2210;1235;1235;31;1204;55.88;2.51
80102;200201;2;Świetlica Miejsko-Gminnego Centrum Kultury w Choroszczy 16-070 Choroszcz ul.Sienkiewicza 29;1733;452;452;7;445;26.08;1.55;1704;916;916;21;895;53.76;2.29
80103;200201;3;Szkoła Podstawowa w Złotorii 16-070 Złotoria 159A;775;223;223;11;212;28.77;4.93;755;387;387;7;380;51.26;1.81
80104;200201;4;Szkoła Filialna w Rogowie 16-070 Rogowo 64;762;128;128;3;125;16.80;2.34;752;308;308;10;298;40.96;3.25
80105;200201;5;Szkoła Podstawowa w Kruszewie 16-070 Kruszewo 62;664;94;94;4;90;14.16;4.26;648;243;243;12;231;37.50;4.94
80106;200201;6;Przedszkole Samorządowe w Barszczewie 16-070 Barszczewo 41;1780;408;408;5;403;22.92;1.23;1823;1003;1003;20;983;55.02;1.99
80107;200201;7;Remiza OSP w Klepaczach 15-635 Klepacze ul.Niewodnicka 19;1263;405;405;12;393;32.07;2.96;1300;820;820;16;804;63.08;1.95
80108;200201;8;Świetlica wiejska w Łyskach 16-070 Łyski 52A;1015;239;239;10;229;23.55;4.18;1063;594;594;10;584;55.88;1.68
80109;200201;9;Remiza OSP w Choroszczy 16-070 Choroszcz ul.Dominikańska 22;944;239;239;6;233;25.32;2.51;961;541;541;6;535;56.30;1.11
91150;200201;10;SPP ZOZ w Choroszczy 16-070 Choroszcz Pl.Brodowicza 1;816;114;114;15;99;13.97;13.16;191;33;33;7;26;17.28;21.21
91151;200201;11;Dom Pomocy Społecznej w Choroszczy 16-070 Choroszcz Aleja Niepodległości 4;164;9;9;1;8;5.49;11.11;785;210;210;19;191;26.75;9.05
80110;200202;1;Gimnazjum im. Jana Pawła II 16-020 Czarna Białostocka ul. Bolesława Prusa 1;2096;435;435;15;420;20.75;3.45;2046;851;851;24;827;41.59;2.82
80111;200202;2;Zespół Szkół 16-020 Czarna Białostocka ul. Henryka Sienkiewicza 7;1858;407;407;3;404;21.91;0.74;1838;873;873;20;853;47.50;2.29
80112;200202;3;Szkoła Podstawowa Nr 2 16-020 Czarna Białostocka ul. Romualda Traugutta 28;1564;336;336;9;327;21.48;2.68;1525;725;725;25;700;47.54;3.45
80113;200202;4;Dom Kultury 16-020 Czarna Białostocka ul. Kościelna 8;1342;214;214;3;211;15.95;1.40;1328;568;568;20;548;42.77;3.52
80114;200202;5;Wiejski Dom Kultury 16-020 Czarna Wieś Kościelna ul. Wesoła 26;1170;221;221;5;216;18.89;2.26;1145;489;489;16;473;42.71;3.27
80115;200202;6;Centrum Rękodzieła Ludowego w Niemczynie 16-020 Niemczyn 42;425;54;54;4;50;12.71;7.41;423;150;150;3;147;35.46;2.00
80116;200202;7;Budynek Przychodni 16-020 Czarna Białostocka ul.Torowa 1;807;167;167;3;164;20.69;1.80;819;401;401;11;390;48.96;2.74
80117;200203;1;Wiejski Dom Kultury 16-002 Nowe Aleksandrowo ul. Pogodna 109;1913;366;366;5;361;19.13;1.37;1959;1035;1035;21;1014;52.83;2.03
80118;200203;2;Gminne Centrum Kultury Dobrzyniewo Duże 16-002 Dobrzyniewo Duże ul.Lipowa 71;1076;230;230;8;222;21.38;3.48;1113;540;540;25;515;48.52;4.63
80119;200203;3;Wiejski Dom Kultury 16-002 Kozińce 9;1611;208;208;9;199;12.91;4.33;1610;660;660;31;629;40.99;4.70
80120;200203;4;Szkoła Podstawowa 16-002 Pogorzałki 127;992;125;125;4;121;12.60;3.20;999;383;383;5;378;38.34;1.31
80121;200203;5;Szkoła Podstawowa 15-694 Fasty ul.Białostocka 5;1288;290;290;2;288;22.52;0.69;1317;712;712;42;670;54.06;5.90
80122;200204;1;Gminne Centrum Kultury w Gródku 16-040 Gródek ul. Chodkiewiczów 4;813;104;104;0;104;12.79;0.00;819;355;355;10;345;43.35;2.82
80123;200204;2;Zespół Szkół w Gródku 16-040 Gródek ul. Chodkiewiczów 18;845;85;85;2;83;10.06;2.35;813;355;355;7;348;43.67;1.97
80124;200204;3;Zespół Szkół w Gródku 16-040 Gródek ul. Chodkiewiczów 18;772;101;101;4;97;13.08;3.96;762;274;274;9;265;35.96;3.28
80125;200204;4;Świetlica w Słuczance 16-040 Słuczanka 22;356;45;45;1;44;12.64;2.22;368;108;108;6;102;29.35;5.56
80126;200204;5;BOBREX w Bobrownikach 16-040 Bobrowniki 80;237;22;22;2;20;9.28;9.09;219;44;44;2;42;20.09;4.55
80127;200204;6;Świetlica Ochotniczej Straży Pożarnej w Podozieranach 16-040 Podozierany 37;219;33;33;2;31;15.07;6.06;214;65;65;4;61;30.37;6.15
80128;200204;7;Rolnicza Spółdzielnia Produkcyjna w Zubrach 16-040 Zubry 76;244;38;38;3;35;15.57;7.89;234;83;83;1;82;35.47;1.20
80129;200204;8;Nadleśnictwo Waliły w Waliłach-Stacji 16-040 Waliły-Stacja Białostocka 3;550;78;78;1;77;14.18;1.28;547;248;248;3;245;45.34;1.21
80130;200204;9;16-040 Królowy Most 22;320;51;51;0;51;15.94;0.00;313;120;120;6;114;38.34;5.00
80131;200204;10;Szkoła Podstawowa w Załukach 16-040 Załuki 5;288;57;57;0;57;19.79;0.00;297;141;141;12;129;47.47;8.51
80132;200205;1;Świetlica Wiejska w Tryczówce 16-061 Tryczówka 39A;1084;147;147;4;143;13.56;2.72;1074;453;453;9;444;42.18;1.99
80133;200205;2;Ośrodek Kultury w Gminie Juchnowcu Kościelny 16-061 Juchnowiec Kościelny ul. Plac Królowej Rodzin 1;813;258;258;12;246;31.73;4.65;833;499;499;9;490;59.90;1.80
80134;200205;3;Zespół Szkół im. Ks. Jerzego Popiełuszki w Juchnowcu Górnym 16-061 Juchnowiec Górny ul. Szkolna 5;1017;234;234;15;219;23.01;6.41;1007;557;557;11;546;55.31;1.97
80135;200205;4;Świetlica Wiejska w Lewickich 16-061 Lewickie 74;646;178;178;8;170;27.55;4.49;667;414;414;10;404;62.07;2.42
80136;200205;5;Szkoła Podstawowa im. Ks. Michała Sopoćki w Księżynie 16-001 Księżyno ul. Szkolna 7;717;187;187;4;183;26.08;2.14;744;425;425;12;413;57.12;2.82
80137;200205;6;Szkoła Podstawowa im. Ks. Michała Sopoćki w Księżynie 16-001 Księżyno ul. Szkolna 7;920;246;246;8;238;26.74;3.25;939;571;571;13;558;60.81;2.28
80138;200205;7;Remiza OSP w Hermanówce 16-061 Hermanówka 1A;745;206;206;11;195;27.65;5.34;767;441;441;5;436;57.50;1.13
80139;200205;8;Świetlica Wiejska w Olmontach 15-603 Olmonty 93;569;177;177;3;174;31.11;1.69;606;365;365;7;358;60.23;1.92
80140;200205;9;Zespół Szkół im. Jana Pawła II w Kleosinie 16-001 Kleosin ul. Zambrowska 20;1512;346;346;5;341;22.88;1.45;1553;926;926;12;914;59.63;1.30
80141;200205;10;Zespół Szkół im. Jana Pawła II w Kleosinie 16-001 Kleosin ul. Zambrowska 20;1484;489;489;5;484;32.95;1.02;1477;901;901;13;888;61.00;1.44
80142;200205;11;Zespół Szkół im. Jana Pawła II w Kleosinie 16-001 Kleosin ul. Zambrowska 20;799;170;170;4;166;21.28;2.35;827;438;438;4;434;52.96;0.91
80143;200205;12;Zespół Szkół im. Jana Pawła II w Kleosinie 16-001 Kleosin ul. Zambrowska 20;1446;327;327;5;322;22.61;1.53;1396;687;687;16;671;49.21;2.33
91152;200205;13;Dom Pomocy Społecznej w Czerewkach 16-061 Czerewki 1;78;18;18;0;18;23.08;0.00;81;29;29;9;20;35.80;31.03
80144;200206;1;Szkoła Podstawowa w Łupiance Starej 18-100 Łupianka Stara 1;801;143;143;6;137;17.85;4.20;780;382;382;9;373;48.97;2.36
80145;200206;2;Zespół Szkół w Płonce Kościelnej 18-100 Płonka Kościelna 47;1202;259;259;5;254;21.55;1.93;1149;506;506;9;497;44.04;1.78
80146;200206;3;Zespół Szkół w Łapach (Osse) 18-100 Łapy ul. Letnia 1;1616;305;305;12;293;18.87;3.93;1610;728;728;31;697;45.22;4.26
80147;200206;4;Niepubliczna Szkoła Podstawowa w Daniłowie Dużym 18-112 Daniłowo Duże 53;396;105;105;2;103;26.52;1.90;382;198;198;5;193;51.83;2.53
80148;200206;5;Wiejski Dom Kultury w Uhowie 18-100 Uhowo ul. Kościelna 42;1196;282;282;10;272;23.58;3.55;1196;646;646;20;626;54.01;3.10
80149;200206;6;Przedszkole Nr 2 w Łapach 18-100 Łapy ul. Cmentarna 23;2090;474;474;13;461;22.68;2.74;2043;1040;1040;17;1023;50.91;1.63
80150;200206;7;Przedszkole Nr 2 w Łapach 18-100 Łapy ul. Cmentarna 23;2241;547;547;7;540;24.41;1.28;2170;1119;1119;14;1105;51.57;1.25
80151;200206;8;Szkoła Podstawowa Nr 2 w Łapach im. M. Kopernika 18-100 Łapy ul Piękna 17;917;252;252;5;247;27.48;1.98;910;517;517;7;510;56.81;1.35
80152;200206;9;Gimnazjum Nr 1 w Łapach im. ppłk. Stanisława Nilskiego-Łapińskiego 18-100 Łapy ul. Jana Matejki 19;786;220;220;6;214;27.99;2.73;777;420;420;5;415;54.05;1.19
80153;200206;10;Szkoła Podstawowa Nr 1 w Łapach im. Papieża Jana Pawła II 18-100 Łapy ul. Polna 9;2326;642;642;19;623;27.60;2.96;2288;1246;1246;20;1226;54.46;1.61
80154;200206;11;Dom Kultury w Łapach 18-100 Łapy ul. Nowy Rynek 15;965;281;281;4;277;29.12;1.42;924;516;516;9;507;55.84;1.74
80155;200206;12;I Liceum Ogólnokształcące w Łapach 18-100 Łapy ul. Bohaterów Westerplatte 10;960;225;225;5;220;23.44;2.22;932;416;416;10;406;44.64;2.40
80156;200206;13;Gimnazjum Nr 1 w Łapach im. ppłk. Stanisława Nilskiego-Łapińskiego 18-100 Łapy ul. Jana Matejki 19;853;247;247;2;245;28.96;0.81;840;475;475;3;472;56.55;0.63
90044;200206;14;Dom Kultury w Łapach 18-100 Łapy ul. Główna 8;1964;500;500;13;487;25.46;2.60;1880;914;914;24;890;48.62;2.63
91153;200206;15;Dom Pomocy Społecznej w Uhowie 18-100 Uhowo ul. Surażska 67;112;46;47;10;36;41.07;21.74;84;41;42;10;31;48.81;24.39
91154;200206;16;Samodzielny Publiczny Zakład Opieki Zdrowotnej w Łapach 18-100 Łapy ul. Janusza Korczaka 23;19;5;5;1;4;26.32;20.00;37;11;11;0;11;29.73;0.00
80157;200207;1;Gminny Ośrodek Kultury w Michałowie 16-050 Michałowo ul. Białostocka 19;1206;212;212;9;203;17.58;4.25;1191;481;481;22;459;40.39;4.57
80158;200207;2;Gminny Zespół Szkół w Michałowie 16-050 Michałowo ul. Sienkiewicza 21;1125;229;229;17;212;20.36;7.42;1101;437;437;12;425;39.69;2.75
80159;200207;3;Urząd Miejski w Michałowie 16-050 Michałowo Białostocka 11;837;152;152;5;147;18.16;3.29;820;309;309;13;296;37.68;4.21
80160;200207;4;Dom Ludowy w Sokolu 16-050 Sokole 59;253;34;34;2;32;13.44;5.88;279;125;125;4;121;44.80;3.20
80161;200207;5;Świetlica w Topolanach 16-050 Topolany 29;204;18;18;1;17;8.82;5.56;199;45;45;0;45;22.61;0.00
80162;200207;6;Remiza OSP w Nowej Woli 16-050 Nowa Wola 80;423;41;41;3;38;9.69;7.32;411;115;115;5;110;27.98;4.35
80163;200207;7;Ośrodek Zdrowia w Juszkowym Grodzie 16-050 Juszkowy Gród 20;416;50;50;4;46;12.02;8.00;411;103;103;7;96;25.06;6.80
80164;200207;8;Świetlica na Osiedlu Bondary 16-050 Osiedle Bondary Blok nr 5;382;40;40;0;40;10.47;0.00;380;118;118;5;113;31.05;4.24
80165;200207;9;Ośrodek Zdrowia w Szymkach 16-050 Szymki 104;621;79;79;5;74;12.72;6.33;584;181;181;5;176;30.99;2.76
80166;200207;10;Remiza OSP w Jałówce 16-050 Jałówka Dworna 20;301;47;47;1;46;15.61;2.13;284;87;87;2;85;30.63;2.30
91155;200207;11;Dom Pomocy Społecznej „Spokojna Przystań” w Garbarach 16-050 Garbary 1;94;36;36;2;34;38.30;5.56;71;41;41;7;34;57.75;17.07
91156;200207;12;Dom Pomocy Społecznej „Jawor” w Jałówce 16-050 Jałówka Leśna 11;65;18;18;1;17;27.69;5.56;63;31;31;2;29;49.21;6.45
80167;200208;1;Zespół Szkół w Poświętnem 18-112 Gołębie 11;1132;252;252;4;248;22.26;1.59;1126;573;573;20;553;50.89;3.49
80168;200208;2;Świetlica Wiejska w Brzozowie Starym 18-112 Brzozowo Stare 35;1066;202;202;3;199;18.95;1.49;1031;488;488;9;479;47.33;1.84
80169;200208;3;Remiza OSP w Pietkowie 18-112 Pietkowo 49;776;161;161;6;155;20.75;3.73;780;336;336;10;326;43.08;2.98
80170;200209;1;Zespół Szkół Sportowych w Supraślu 16-030 Supraśl ul. Józefa Piłsudskiego 1;1605;453;453;8;445;28.22;1.77;1591;841;841;18;823;52.86;2.14
80171;200209;2;Zespół Szkół Sportowych w Supraślu 16-030 Supraśl ul. Józefa Piłsudskiego 1;1253;312;312;5;307;24.90;1.60;1268;718;718;22;696;56.62;3.06
80172;200209;3;Zespół Szkolno-Przedszkolny 16-030 Ogrodniczki ul. Zagórna 7;1565;319;319;2;317;20.38;0.63;1594;841;841;23;818;52.76;2.73
80173;200209;4;Świetlica Strażnicy OSP 16-030 Sokołda 16;208;47;47;2;45;22.60;4.26;217;95;95;2;93;43.78;2.11
80174;200209;5;Zespół Szkół 15-509 Sobolewo ul. Podlaska 8;1263;259;259;8;251;20.51;3.09;1309;639;639;11;628;48.82;1.72
80175;200209;6;ADAMPOL S.A. 15-521 Zaścianki ul. Usługowa 3;1888;396;396;7;389;20.97;1.77;1952;1051;1051;16;1035;53.84;1.52
80176;200209;7;Świetlica Środowiskowa 15-509 Sobolewo ul. Szosa Baranowicka 94;1562;350;350;6;344;22.41;1.71;1623;912;912;8;904;56.19;0.88
80177;200209;8;Świetlica Środowiskowa 15-509 Sobolewo ul. Szosa Baranowicka 94;956;238;238;2;236;24.90;0.84;986;546;546;10;536;55.38;1.83
80178;200209;9;Zespół Szkół Sportowych w Supraślu 16-030 Supraśl ul. Józefa Piłsudskiego 1;1019;247;247;3;244;24.24;1.21;1020;551;551;15;536;54.02;2.72
80179;200210;1;Miejsko - Gminny Ośrodek Kultury w Surażu 18-105 Suraż ul.Bielska 4;873;198;198;4;194;22.68;2.02;875;467;467;19;448;53.37;4.07
80180;200210;2;Siedziba Stowarzyszenia „Nasze Zawyki” 18-105 Zawyki 110;300;73;73;4;69;24.33;5.48;298;153;153;4;149;51.34;2.61
80181;200210;3;Świetlica Wiejska w Rynkach 18-105 Rynki 3;222;87;87;1;86;39.19;1.15;213;125;125;3;122;58.69;2.40
80182;200210;4;Siedziba Stowarzyszenia „Zielona Szkoła w Doktorcach” 18-105 Doktorce 1;244;104;104;5;99;42.62;4.81;236;128;128;0;128;54.24;0.00
80183;200211;1;Urząd Gminy w Turośni Kościelnej 18-106 Turośń Kościelna ul. Białostocka 5;1398;457;457;7;450;32.69;1.53;1407;837;837;19;818;59.49;2.27
80184;200211;2;Szkoła Podstawowa w Turośni Dolnej 18-106 Turośń Dolna 20;776;196;196;7;189;25.26;3.57;779;461;461;14;447;59.18;3.04
80185;200211;3;Szkoła Podstawowa w Tołczach 18-106 Tołcze 6;1074;189;189;5;184;17.60;2.65;1102;534;534;21;513;48.46;3.93
80186;200211;4;Świetlica wiejska w Baciutach 18-106 Baciuty 41;423;77;77;4;73;18.20;5.19;420;219;219;7;212;52.14;3.20
80187;200211;5;Świetlica wiejska w Niewodnicy Koryckiej 18-106 Niewodnica Korycka ul. Tadeusza Kościuszki 52;991;401;401;2;399;40.46;0.50;1036;679;679;9;670;65.54;1.33
80188;200212;1;Zespół Szkół i Przedszkole w Tykocinie 16-080 Tykocin ul. Kochanowskiego 1;1629;405;405;7;398;24.86;1.73;1595;818;818;26;792;51.29;3.18
80189;200212;2;Budynek OSP w Jeżewie Starym 16-080 Jeżewo Stare 28;684;116;116;1;115;16.96;0.86;684;279;279;7;272;40.79;2.51
80190;200212;3;Budynek OSP w Sanikach 16-080 Saniki 18A;438;107;107;6;101;24.43;5.61;437;208;208;8;200;47.60;3.85
80191;200212;4;Budynek po byłej Szkole Podstawowej w Łaziukach 16-080 Łaziuki 23;518;115;115;5;110;22.20;4.35;518;179;179;4;175;34.56;2.23
80192;200212;5;Budynek OSP w Łopuchowie 16-080 Łopuchowo 14;403;82;82;0;82;20.35;0.00;392;161;161;3;158;41.07;1.86
80193;200212;6;Świetlica wiejska w Siekierkach 16-080 Siekierki 5;599;127;127;3;124;21.20;2.36;599;234;234;9;225;39.07;3.85
80194;200212;7;Zespół Szkół w Radulach 16-080 Radule 87;740;125;125;3;122;16.89;2.40;730;273;273;5;268;37.40;1.83
80195;200212;8;Świetlica wiejska w Sierkach 16-080 Sierki 88;243;94;94;2;92;38.68;2.13;234;132;132;4;128;56.41;3.03
91157;200212;9;Dom Pomocy Społecznej pw. Św. Franciszka z Asyżu w Tykocinie 16-080 Tykocin ul. Klasztorna 1;35;35;35;2;33;100.00;5.71;40;33;33;1;32;82.50;3.03
80196;200213;1;Gimnazjum im. Ks. W. Rabczyńskiego w Wasilkowie 16-010 Wasilków ul. Mickiewicza 2;1884;425;425;10;415;22.56;2.35;1903;986;986;22;964;51.81;2.23
80197;200213;2;Szkoła Podstawowa im. króla Zygmunta Augusta w Wasilkowie 16-010 Wasilków ul. Polna 1/4a;2175;549;549;10;539;25.24;1.82;2163;1075;1075;28;1047;49.70;2.60
80198;200213;3;Przedszkole w Wasilkowie 16-010 Wasilków ul. Sienkiewicza 24;1445;345;345;7;338;23.88;2.03;1435;743;743;9;734;51.78;1.21
80199;200213;4;Szkoła Podstawowa w Studziankach 16-010 Studzianki ul. Supraślska 2;1246;225;225;7;218;18.06;3.11;1272;534;534;19;515;41.98;3.56
80200;200213;5;Szkoła Podstawowa w Sochoniach 16-010 Sochonie Kościelna 1;1828;426;426;10;416;23.30;2.35;1918;1023;1023;21;1002;53.34;2.05
80201;200213;6;Przedszkole w Wasilkowie 16-010 Wasilków ul. Polna 1/4c;1414;359;359;6;353;25.39;1.67;1431;814;814;7;807;56.88;0.86
80202;200213;7;Przedszkole w Wasilkowie 16-010 Wasilków ul. Polna 1/4c;1581;402;402;10;392;25.43;2.49;1641;875;875;11;864;53.32;1.26
80203;200214;1;Szkoła Podstawowa w Zabłudowie 16-060 Zabłudów ul. Adama Mickiewicza 20;540;113;113;3;110;20.93;2.65;559;273;273;9;264;48.84;3.30
80204;200214;2;Szkoła Podstawowa w Dobrzyniówce 16-060 Dobrzyniówka 40;555;85;85;3;82;15.32;3.53;543;190;190;16;174;34.99;8.42
80205;200214;3;Szkoła Podstawowa w Rafałówce 16-060 Rafałówka 64;746;120;120;4;116;16.09;3.33;734;298;298;11;287;40.60;3.69
80206;200214;4;Strażnica OSP w Folwarkach Wielkich 16-060 Folwarki Wielkie 7/1;455;75;75;1;74;16.48;1.33;448;193;193;4;189;43.08;2.07
80207;200214;5;Była Szkoła Podstawowa w Zwierkach 16-060 Zwierki 43;1027;180;180;4;176;17.53;2.22;1052;489;489;21;468;46.48;4.29
80208;200214;6;Wiejski Dom Kultury w Krynickich 16-060 Krynickie 55;485;124;124;4;120;25.57;3.23;490;277;277;7;270;56.53;2.53
80209;200214;7;Wiejski Dom Kultury w Rybołach 16-060 Ryboły 129;993;100;100;1;99;10.07;1.00;980;312;312;15;297;31.84;4.81
80210;200214;8;Świetlica Wiejska w Halickich 15-593 Halickie 3;492;114;114;6;108;23.17;5.26;499;247;247;7;240;49.50;2.83
80211;200214;9;Szkoła Podstawowa w Zabłudowie 16-060 Zabłudów Adama Mickiewicza 20;974;207;207;5;202;21.25;2.42;974;478;478;14;464;49.08;2.93
80212;200214;10;Szkoła Podstawowa w Zabłudowie 16-060 Zabłudów Adama Mickiewicza 20;1010;178;178;0;178;17.62;0.00;1018;483;483;14;469;47.45;2.90
80213;200215;1;Sala Widowiskowa Urzędu Gminy Zawady 16-075 Zawady Plac Wolności 12;1591;328;328;16;312;20.62;4.88;1583;673;673;21;652;42.51;3.12
80214;200215;2;Świetlica w Nowych Chlebiotkach 16-075 Nowe Chlebiotki 38;804;114;114;1;113;14.18;0.88;792;297;297;8;289;37.50;2.69
80215;200301;1;Liceum Ogólnokształcące im. Tadeusza Kościuszki 17-100 Bielsk Podlaski ul. 11 Listopada 6;1012;232;232;4;228;22.92;1.72;936;415;415;9;406;44.34;2.17
80216;200301;2;Gimnazjum Nr 1 im. Niepodległości Polski 17-100 Bielsk Podlaski ul. Tadeusza Kościuszki 21;1177;264;264;3;261;22.43;1.14;1163;569;569;10;559;48.93;1.76
80217;200301;3;Bielski Dom Kultury 17-100 Bielsk Podlaski ul. 3 Maja 2;2063;417;417;8;409;20.21;1.92;2018;910;910;24;886;45.09;2.64
80218;200301;4;Zespół Szkół Nr 1 im. Józefa Klemensa Piłsudskiego 17-100 Bielsk Podlaski ul. Szkolna 12;1124;201;201;7;194;17.88;3.48;1099;552;552;5;547;50.23;0.91
80219;200301;5;Zespół Szkół im. Adama Mickiewicza 17-100 Bielsk Podlaski ul. Adama Mickiewicza 126;2171;308;310;9;299;14.19;2.92;2121;964;964;21;943;45.45;2.18
80220;200301;6;Zespół Szkół Nr 3 im. Władysława Stanisława Reymonta 17-100 Bielsk Podlaski ul. Widowska 1;2053;321;321;13;308;15.64;4.05;1996;907;907;20;887;45.44;2.21
80221;200301;7;Miejska Biblioteka Publiczna 17-100 Bielsk Podlaski ul. Kazimierzowska 14;2125;365;365;5;360;17.18;1.37;2050;912;912;20;892;44.49;2.19
80222;200301;8;Zespół Szkół z Dodatkową Nauką Języka Białoruskiego im. Jarosława Kostycewicza 17-100 Bielsk Podlaski ul. Józefa Poniatowskiego 9;1972;374;374;5;369;18.97;1.34;1860;871;871;18;853;46.83;2.07
80223;200301;9;Przedszkole Nr 5 Krasnala Hałabały 17-100 Bielsk Podlaski ul. Tadeusza Kościuszki 16;962;227;227;3;224;23.60;1.32;939;476;476;15;461;50.69;3.15
80224;200301;10;Zespół Szkół Nr 4 im. Ziemi Podlaskiej 17-100 Bielsk Podlaski ul. Hołowieska 18;2164;378;378;10;368;17.47;2.65;2189;1080;1080;20;1060;49.34;1.85
80225;200301;11;Zespół Szkół Specjalnych im. Jana Pawła II 17-100 Bielsk Podlaski ul. Wojska Polskiego 17;1898;317;317;16;301;16.70;5.05;1862;830;830;15;815;44.58;1.81
80226;200301;12;Szkoła Podstawowa Nr 2 im. kpt. Władysława Wysockiego 17-100 Bielsk Podlaski ul. Władysława Wysockiego 6;2007;477;477;10;467;23.77;2.10;1963;1001;1001;17;984;50.99;1.70
80227;200301;13;Agencja Restrukturyzacji i Modernizacji Rolnictwa 17-100 Bielsk Podlaski ul. Białowieska 113 D;1098;146;146;5;141;13.30;3.42;1074;411;411;10;401;38.27;2.43
91158;200301;14;Samodzielny Publiczny ZOZ w Bielsku Podlaskim 17-100 Bielsk Podlaski Kleszczelowska 1;86;19;19;0;19;22.09;0.00;95;35;35;1;34;36.84;2.86
80228;200302;1;Miejski Ośrodek Kultury w Brańku 17-120 Brańsk ul. Rynek 19;1606;486;486;9;477;30.26;1.85;1508;768;768;20;748;50.93;2.60
80229;200302;2;Urząd Miasta w Brańsku 17-120 Brańsk ul. Rynek 8;1498;417;417;12;405;27.84;2.88;1537;829;829;24;805;53.94;2.90
91159;200302;3;Dom Pomocy Społecznej im. Jana Pawła II w Brańsku 17-120 Brańsk ul. Jana Pawła II 12;83;22;22;4;18;26.51;18.18;97;30;30;10;20;30.93;33.33
80230;200303;1;Zespół Szkół w Augustowie 17-100 Augustowo 30;828;118;118;4;114;14.25;3.39;838;285;285;9;276;34.01;3.16
80231;200303;2;Szkoła Podstawowa im. Jana Pawła II w Łubinie Kościelnym 17-100 Łubin Kościelny 40;825;154;154;9;145;18.67;5.84;817;370;370;5;365;45.29;1.35
80232;200303;3;Centrum Kultury Wiejskiej w Dubiażynie 17-106 Dubiażyn 100;693;75;75;3;72;10.82;4.00;691;228;228;9;219;33.00;3.95
80233;200303;4;Ośrodek Kultury Lokalnej w Pilikach 17-100 Piliki 53;440;101;101;2;99;22.95;1.98;447;218;218;1;217;48.77;0.46
80234;200303;5;Sala Konferencyjna Urzędu Gminy w Bielsku Podlaskim 17-100 Bielsk Podlaski ul. Mickiewicza 46;757;43;43;2;41;5.68;4.65;776;271;271;6;265;34.92;2.21
80235;200303;6;Ośrodek Kultury Lokalnej w Proniewiczach 17-100 Proniewicze 12;452;84;84;0;84;18.58;0.00;453;195;195;6;189;43.05;3.08
80236;200303;7;Remiza Strażacka w Pasynkach 17-100 Pasynki 30;791;35;35;0;35;4.42;0.00;787;200;200;8;192;25.41;4.00
80237;200303;8;Wiejski Dom Kultury w Rajsku 17-100 Rajsk 57/2;768;71;71;1;70;9.24;1.41;761;250;250;11;239;32.85;4.40
80238;200303;9;Remiza Strażacka w Ploskach 17-100 Ploski 88;500;26;26;1;25;5.20;3.85;508;130;130;8;122;25.59;6.15
80239;200304;1;Szkoła Podstawowa w Andryjankach 17-111 Andryjanki 1;533;77;77;0;77;14.45;0.00;527;187;187;7;180;35.48;3.74
80240;200304;2;Gminny Ośrodek Kultury w Boćkach 17-111 Boćki ul. Dubieńska 11;1501;404;404;15;389;26.92;3.71;1475;690;690;13;677;46.78;1.88
80241;200304;3;Wiejski Dom Kultury w Nurcu 17-111 Nurzec 34;782;80;80;3;77;10.23;3.75;762;232;232;12;220;30.45;5.17
80242;200304;4;Świetlica Wiejska we wsi Olszewo 17-111 Olszewo 36;565;140;140;5;135;24.78;3.57;552;242;242;4;238;43.84;1.65
80243;200304;5;Świetlica Wiejska we wsi Sielc 17-120 Sielc 37;499;137;137;9;128;27.45;6.57;500;228;228;6;222;45.60;2.63
80244;200305;1;Gminny Ośrodek Upowszechniania Kultury w Kalnicy 17-120 Kalnica 54;634;162;162;2;160;25.55;1.23;614;259;259;6;253;42.18;2.32
80245;200305;2;Szkoła Podstawowa w Holonkach, Szkoła Filialna w Chojewie 17-120 Chojewo 109;348;127;127;0;127;36.49;0.00;337;183;183;2;181;54.30;1.09
80246;200305;3;Filia GOUK w Popławach 17-120 Popławy 76;811;198;198;8;190;24.41;4.04;798;337;337;9;328;42.23;2.67
80247;200305;4;Remiza OSP Klichy 17-120 Klichy 98;328;130;130;3;127;39.63;2.31;328;178;178;6;172;54.27;3.37
80248;200305;5;Szkoła Podstawowa w Domanowie 17-120 Domanowo 19a;909;273;273;2;271;30.03;0.73;924;488;488;18;470;52.81;3.69
80249;200305;6;Szkoła Podstawowa w Domanowie, Szkoła Filialna w Świrydach 17-120 Świrydy 2;667;184;184;1;183;27.59;0.54;662;302;302;6;296;45.62;1.99
80250;200305;7;Publiczne Gimnazjum w Glinniku 17-120 Glinnik 40c;710;230;230;4;226;32.39;1.74;713;403;403;10;393;56.52;2.48
80251;200305;8;Remiza OSP Szmurły 17-120 Szmurły 31;410;110;110;1;109;26.83;0.91;401;164;164;7;157;40.90;4.27
80252;200305;9;Remiza OSP Lubieszcze 17-120 Lubieszcze 39A;280;102;102;2;100;36.43;1.96;273;152;152;6;146;55.68;3.95
80253;200306;1;Świetlica Gminnego Ośrodka Kultury w Orli 17-106 Orla ul. Spółdzielcza 1;773;171;171;3;168;22.12;1.75;786;333;333;9;324;42.37;2.70
80254;200306;2;Zespół Szkół z dodatkowym nauczaniem języka białoruskiego im. Ziemi Orlańskiej w Orli 17-106 Orla ul. Bielska 32;884;85;85;2;83;9.62;2.35;872;269;269;17;252;30.85;6.32
80255;200306;3;Świetlica wiejska w Paszkowszczyźnie 17-106 Paszkowszczyzna 80;311;52;52;0;52;16.72;0.00;316;94;94;7;87;29.75;7.45
80256;200306;4;Świetlica wiejska w Dydulach 17-106 Dydule 60;337;36;36;1;35;10.68;2.78;329;98;98;1;97;29.79;1.02
80257;200306;5;Świetlica wiejska w Wólce Wygonowskiej 17-106 Wólka Wygonowska 62b;283;30;30;2;28;10.60;6.67;275;84;84;8;76;30.55;9.52
80258;200307;1;Świetlica Wiejska w Rudce 17-123 Rudka ul.Wolności 1;1282;369;369;9;360;28.78;2.44;1246;537;537;15;522;43.10;2.79
80259;200307;2;Świetlica Wiejska w Kocach Borowych 17-123 Koce Borowe 1;373;89;89;1;88;23.86;1.12;365;166;166;7;159;45.48;4.22
80260;200308;1;budynek Szkoły Podstawowej im. Prezydenta Ryszarda Kaczorowskiego w Strabli 17-132 Strabla ul. Wesoła 2A;822;213;213;5;208;25.91;2.35;815;371;371;17;354;45.52;4.58
80261;200308;2;budynek Szkoły Podstawowej im. ks. F. J. Falkowskiego w Topczewie 17-132 Topczewo ul. Szkolna 2;1319;324;324;5;319;24.56;1.54;1298;648;648;17;631;49.92;2.62
80262;200308;3;budynek Urzędu Gminy Wyszki 17-132 Wyszki ul. Piórkowska 2;1712;414;414;6;408;24.18;1.45;1676;848;848;4;844;50.60;0.47
80263;200401;1;Zespół Szkół Nr 1 19-200 Grajewo ul. A. Mickiewicza 3;1588;345;345;10;335;21.73;2.90;1595;766;766;18;748;48.03;2.35
80264;200401;2;Szkoła Podstawowa Nr 2 19-200 Grajewo ul. A. Mickiewicza 2;1501;249;249;8;241;16.59;3.21;1488;603;603;20;583;40.52;3.32
80265;200401;3;Przedszkole Miejskie Nr 4 19-200 Grajewo ul. Ełcka 31;1516;282;282;10;272;18.60;3.55;1514;626;626;14;612;41.35;2.24
80266;200401;4;Zespół Szkół Specjalnych 19-200 Grajewo ul. Ełcka 11;799;156;156;3;153;19.52;1.92;755;365;365;10;355;48.34;2.74
80267;200401;5;Publiczne Gimnazjum Nr 1 19-200 Grajewo ul. Szkolna 12;1271;220;220;2;218;17.31;0.91;1260;522;522;14;508;41.43;2.68
80268;200401;6;Szkoła Podstawowa Nr 1 19-200 Grajewo ul. Szkolna 12;1119;197;197;4;193;17.61;2.03;1074;450;450;13;437;41.90;2.89
80269;200401;7;Miejski Dom Kultury 19-200 Grajewo ul. Wojska Polskiego 20;1461;283;283;8;275;19.37;2.83;1372;595;595;15;580;43.37;2.52
80270;200401;8;Publiczne Gimnazjum Nr 3 19-200 Grajewo ul. Konstytucji 3-go Maja 23;1591;272;272;6;266;17.10;2.21;1587;648;648;21;627;40.83;3.24
80271;200401;9;Szkoła Podstawowa Nr 4 19-200 Grajewo ul. Konstytucji 3-go Maja 23;1311;289;289;10;279;22.04;3.46;1277;574;574;14;560;44.95;2.44
80272;200401;10;Przedszkole Miejskie Nr 6 19-200 Grajewo os. Południe 34;1192;238;238;8;230;19.97;3.36;1229;568;568;19;549;46.22;3.35
80273;200401;11;Przedszkole Miejskie Nr 2 19-200 Grajewo ul. Krasickiego 2;1559;299;299;6;293;19.18;2.01;1519;722;722;32;690;47.53;4.43
80274;200401;12;Środowiskowy Dom Samopomocy 19-200 Grajewo ul. Konstytucji 3-go Maja 2B;1541;309;309;7;302;20.05;2.27;1507;627;627;14;613;41.61;2.23
80275;200401;13;Zespół Szkół Nr 2 19-200 Grajewo ul. Wojska Polskiego 84;1177;143;143;3;140;12.15;2.10;1146;466;466;18;448;40.66;3.86
91160;200401;14;Szpital Ogólny w Grajewie 19-200 Grajewo Konstytucji 3 Maja 34;90;34;34;0;34;37.78;0.00;89;47;47;7;40;52.81;14.89
80276;200402;1;Urząd Gminy Grajewo 19-200 Grajewo ul. Komunalna 6;905;97;97;3;94;10.72;3.09;899;291;291;17;274;32.37;5.84
80277;200402;2;Szkoła Podstawowa w Wierzbowie 19-200 Wierzbowo 72;984;156;156;2;154;15.85;1.28;969;369;369;9;360;38.08;2.44
80278;200402;3;Szkoła Podstawowa w Rudzie 19-200 Ruda ul. Szkolna 8;647;112;112;2;110;17.31;1.79;637;248;248;8;240;38.93;3.23
80279;200402;4;Szkoła Podstawowa w Białaszewie 19-200 Białaszewo ul. Mikołaja Kopernika 2;836;178;178;1;177;21.29;0.56;822;304;304;8;296;36.98;2.63
80280;200402;5;Gimnazjum w Danówku 19-200 Danówek 7;803;125;125;4;121;15.57;3.20;777;306;306;7;299;39.38;2.29
80281;200402;6;Świetlica Wiejska w Ciemnoszyjach 19-200 Ciemnoszyje 54;561;110;110;8;102;19.61;7.27;540;183;183;9;174;33.89;4.92
80282;200403;1;Świetlica wiejska 19-213 Łoje-Awissa 1;335;89;89;2;87;26.57;2.25;321;165;167;2;163;51.40;1.21
80283;200403;2;Świetlica wiejska 19-213 Glinki 32;204;51;51;1;50;25.00;1.96;205;66;66;2;64;32.20;3.03
80284;200403;3;Słucz - Filia nr I Biblioteki Samorządowej 19-213 Słucz 82;671;61;61;1;60;9.09;1.64;659;216;216;9;207;32.78;4.17
80285;200403;4;Szkoła Podstawowa 19-213 Kramarzewo 1;525;101;101;0;101;19.24;0.00;519;227;227;11;216;43.74;4.85
80286;200403;5;Szkoła Podstawowa 19-213 Klimaszewnica 41;420;42;42;3;39;10.00;7.14;407;112;112;6;106;27.52;5.36
80287;200403;6;Szkoła Podstawowa 19-213 Mścichy 33;366;39;39;2;37;10.66;5.13;350;116;116;2;114;33.14;1.72
80288;200403;7;Świetlica wiejska 19-213 Karwowo 34;423;131;131;3;128;30.97;2.29;402;187;187;4;183;46.52;2.14
80289;200403;8;Biblioteka Samorządowa w Radziłowie 19-213 Radziłów Plac 500-lecia 15;1191;184;184;8;176;15.45;4.35;1151;423;423;19;404;36.75;4.49
80290;200404;1;Urząd Miejski w Rajgrodzie 19-206 Rajgród ul.Warszawska 32;1759;240;240;10;230;13.64;4.17;1749;627;627;23;604;35.85;3.67
80291;200404;2;Remiza OSP w Woźnejwsi 19-206 Woźnawieś 85;581;90;90;4;86;15.49;4.44;577;171;171;7;164;29.64;4.09
80292;200404;3;Niepubliczna Szkoła Podstawowa w Bełdzie 19-206 Bełda 37;624;100;100;2;98;16.03;2.00;616;160;160;17;143;25.97;10.62
80293;200404;4;Świetlica Zakładowa Instytutu Technologiczno-Przyrodniczego w Falentach Zakład Doswiadczalny w Biebrzy 19-206 Biebrza ul.Spacerowa 2;485;60;60;3;57;12.37;5.00;472;154;154;15;139;32.63;9.74
80294;200404;5;Szkoła Podstawowa w Rydzewie 19-206 Rydzewo 6;982;152;152;7;145;15.48;4.61;977;318;318;15;303;32.55;4.72
80295;200405;1;Zespół Szkolno - Przedszkolny 19-230 Szczuczyn ul. Kilińskiego 42;1130;175;175;6;169;15.49;3.43;1125;428;428;21;407;38.04;4.91
80296;200405;2;Publiczne Gimnazjum 19-230 Szczuczyn Plac Tysiąclecia 15;1093;212;212;11;201;19.40;5.19;1094;415;415;13;402;37.93;3.13
80297;200405;3;Świetlica wiejska 19-230 Skaje 53;651;111;111;12;99;17.05;10.81;640;242;242;10;232;37.81;4.13
80298;200405;4;Remiza Ochotniczej Straży Pożarnej 19-230 Szczuczyn ul. Strażacka 11;942;168;168;9;159;17.83;5.36;921;350;350;12;338;38.00;3.43
80299;200405;5;Zespół Szkół 19-230 Niećkowo 63;790;95;95;1;94;12.03;1.05;759;264;264;17;247;34.78;6.44
80300;200405;6;Szkoła Podstawowa 19-230 Niedźwiadna 49;611;142;142;10;132;23.24;7.04;617;220;220;18;202;35.66;8.18
80301;200406;1;Urząd Gminy 19-222 Wąsosz Plac Rzędzina 8;1063;246;246;23;223;23.14;9.35;1025;393;393;21;372;38.34;5.34
80302;200406;2;Szkoła Podstawowa 19-222 Ławsk 107;848;129;129;7;122;15.21;5.43;844;313;313;11;302;37.09;3.51
80303;200406;3;Szkoła Podstawowa 19-222 Sulewo-Kownaty;614;136;136;6;130;22.15;4.41;597;240;240;13;227;40.20;5.42
80304;200406;4;Gimnazjum 19-222 Wąsosz ul.Piaskowa 13;577;53;53;3;50;9.19;5.66;570;224;224;6;218;39.30;2.68
80305;200501;1;Hajnowski Dom Kultury 17-200 Hajnówka ul. Tamary Sołoniewicz 4;1630;276;276;6;270;16.93;2.17;1612;785;785;19;766;48.70;2.42
80306;200501;2;Zespół Szkół Nr 2 z Oddziałami Integracyjnymi 17-200 Hajnówka ul. Walerego Wróblewskiego 2;1483;208;208;9;199;14.03;4.33;1478;587;587;15;572;39.72;2.56
80307;200501;3;Zespół Szkół Nr 3 17-200 Hajnówka ul. Nowowarszawska 20;1610;239;239;10;229;14.84;4.18;1556;695;695;19;676;44.67;2.73
80308;200501;4;Przedszkole Nr 1 17-200 Hajnówka ul. Władysława Jagiełły 7;1678;297;297;10;287;17.70;3.37;1653;668;668;31;637;40.41;4.64
80309;200501;5;Przedszkole Nr 3 z Oddziałami Integracyjnymi 17-200 Hajnówka ul. Rzeczna 3;1975;332;332;11;321;16.81;3.31;1863;822;822;22;800;44.12;2.68
80310;200501;6;Miejski Ośrodek Pomocy Społecznej 17-200 Hajnówka ul. 11 Listopada 24;873;98;98;3;95;11.23;3.06;855;326;326;10;316;38.13;3.07
80311;200501;7;Samodzielny Publiczny Zakład Opieki Zdrowotnej 17-200 Hajnówka ul. Lipowa 190;962;145;145;5;140;15.07;3.45;957;453;453;7;446;47.34;1.55
80312;200501;8;Zespół Szkół z Dodatkową Nauką Języka Białoruskiego 17-200 Hajnówka ul. Marszałka Józefa Piłsudskiego 3;1720;359;359;7;352;20.87;1.95;1650;741;741;13;728;44.91;1.75
80313;200501;9;Zespół Szkół Nr 1 17-200 Hajnówka ul. 3 Maja 54;1643;299;299;8;291;18.20;2.68;1613;677;677;26;651;41.97;3.84
80314;200501;10;Zespół Szkół Nr 3 17-200 Hajnówka ul. Nowowarszawska 20;818;131;131;4;127;16.01;3.05;801;371;371;7;364;46.32;1.89
80315;200501;11;Przedszkole Nr 5 z Oddziałami Żłobkowymi 17-200 Hajnówka ul. Mikołaja Reja 2;1840;363;363;15;348;19.73;4.13;1778;806;806;24;782;45.33;2.98
80316;200501;12;Szkoła Podstawowa Nr 3 17-200 Hajnówka ul. Działowa 1;1866;287;287;11;276;15.38;3.83;1838;846;846;30;816;46.03;3.55
91161;200501;13;Sala konferencyjna Samodzielnego Publicznego Zakładu Opieki Zdrowotnej 17-200 Hajnówka ul. Lipowa 190;165;12;12;0;12;7.27;0.00;153;45;45;1;44;29.41;2.22
91162;200501;14;Świetlica Zakładu Pielęgnacyjno-Opiekuńczego Samodzielnego Publicznego Zakładu Opieki Zdrowotnej 17-200 Hajnówka ul. 11 Listopada 20;43;2;2;1;1;4.65;50.00;44;6;6;0;6;13.64;0.00
91163;200501;15;Areszt Śledczy 17-200 Hajnówka ul. Warszawska 67;196;42;42;4;38;21.43;9.52;212;121;121;17;104;57.08;14.05
80317;200502;1;Białowieski Ośrodek Kultury w Białowieży 17-230 Białowieża ul.Sportowa 1;1679;326;326;9;317;19.42;2.76;1644;747;747;17;730;45.44;2.28
80318;200502;2;Klub Kultury w Budach 17-230 Budy 36a;269;43;43;0;43;15.99;0.00;253;92;92;2;90;36.36;2.17
91164;200502;3;Dom Pmocy Społecznej „Rokitnik” 17-230 Białowieża Centura 2;49;17;17;1;16;34.69;5.88;50;16;16;2;14;32.00;12.50
80319;200503;1;Gminny Ośrodek Kultury w Czeremsze 17-240 Czeremcha ul. 1-go Maja 77;2092;276;276;20;256;13.19;7.25;2055;839;839;32;807;40.83;3.81
80320;200503;2;Zespół Szkolno-Przedszkolny w Czeremsze Szkoła Podstawowa 17-240 Czeremcha ul. Szkolna 2;877;98;98;10;88;11.17;10.20;844;256;256;14;242;30.33;5.47
80321;200504;1;Sala konferencyjna Nr 4 W Urzedzie Gminy Czyże 17-207 Czyże 98;698;98;98;7;91;14.04;7.14;687;251;251;8;243;36.54;3.19
80322;200504;2;Świetlica Wiejska w Klejnikach 17-207 Klejniki 51;494;55;55;2;53;11.13;3.64;454;145;145;5;140;31.94;3.45
80323;200504;3;Świetlica wiejska w Kuraszewie 17-207 Kuraszewo 14a;526;51;51;0;51;9.70;0.00;503;169;169;4;165;33.60;2.37
80324;200504;4;Świetlica wiejska w Zbuczu 17-207 Zbucz 65;289;19;19;1;18;6.57;5.26;285;98;98;3;95;34.39;3.06
80325;200505;1;Zespół Szkolno-Oświatowy w Dubiczach Cerkiewnych 17-204 Dubicze Cerkiewne ul.Parkowa 30;832;63;63;4;59;7.57;6.35;815;318;320;19;299;39.02;5.97
80326;200505;2;Świetlica Wiejska w Starym Korninie 17-204 Stary Kornin 62;418;61;61;2;59;14.59;3.28;422;142;142;12;130;33.65;8.45
80327;200505;3;Świetlica Wiejska w Wojnówce 17-204 Wojnówka 34;231;11;11;3;8;4.76;27.27;245;78;78;4;74;31.84;5.13
80328;200506;1;Zespół Szkół w Dubinach 17-200 Dubiny ul. Główna 1b;517;59;59;1;58;11.41;1.69;532;205;205;9;196;38.53;4.39
80329;200506;2;Gminny Ośrodek Kultury w Dubinach 17-200 Dubiny ul. Główna 116;506;88;88;2;86;17.39;2.27;511;240;240;6;234;46.97;2.50
80330;200506;3;Świetlica Wiejska 17-200 Nowosady 114;562;74;74;4;70;13.17;5.41;566;194;194;10;184;34.28;5.15
80331;200506;4;Szkoła Podstawowa 17-200 Nowokornino 147;461;57;57;0;57;12.36;0.00;453;134;134;4;130;29.58;2.99
80332;200506;5;Świetlica Wiejska 17-200 Nowoberezowo 86;490;60;60;5;55;12.24;8.33;490;161;161;6;155;32.86;3.73
80333;200506;6;Świetlica Wiejska 17-200 Mochnate 58;430;55;55;0;55;12.79;0.00;419;148;148;5;143;35.32;3.38
80334;200506;7;Niepubliczna Szkoła Podstawowa w Orzeszkowie 17-200 Orzeszkowo 2;479;63;63;6;57;13.15;9.52;484;145;145;6;139;29.96;4.14
80335;200507;1;Miejski Ośrodek Kultury, Sportu i Rekreacji w Kleszczelach 17-250 Kleszczele ul. 1 Maja 19;1390;213;213;7;206;15.32;3.29;1358;569;569;18;551;41.90;3.16
80336;200507;2;Świetlica Wiejska w Policznej 17-250 Policzna 84;198;34;34;3;31;17.17;8.82;194;70;70;3;67;36.08;4.29
80337;200507;3;Świetlica Wiejska w Daszach 17-250 Dasze 40;389;61;61;5;56;15.68;8.20;368;129;129;5;124;35.05;3.88
80338;200507;4;Świetlica Wiejska w Sakach 17-250 Saki 35;387;59;59;2;57;15.25;3.39;369;143;143;5;138;38.75;3.50
80339;200508;1;Urząd Gminy Narew 17-210 Narew ul. Mickiewicza 101;1771;292;292;12;280;16.49;4.11;1727;672;672;30;642;38.91;4.46
80340;200508;2;Świetlica wiejska w Łosince 17-210 Łosinka 41;540;43;43;1;42;7.96;2.33;544;157;157;10;147;28.86;6.37
80341;200508;3;Świetlica wiejska w Tyniewiczach Dużych 17-210 Tyniewicze Duże 57;270;29;29;1;28;10.74;3.45;269;83;83;9;74;30.86;10.84
80342;200508;4;Świetlica wiejska w Trześciance 17-210 Trześcianka 90;409;57;57;4;53;13.94;7.02;424;150;150;8;142;35.38;5.33
80343;200508;5;Świetlica wiejska w Janowie 17-210 Janowo 37;266;28;28;4;24;10.53;14.29;242;57;57;1;56;23.55;1.75
80344;200509;1;Gminny Ośrodek Kultury w Narewce 17-220 Narewka ul. Nowa 3A;971;193;193;9;184;19.88;4.66;958;398;398;13;385;41.54;3.27
80345;200509;2;Zespół Szkół w Narewce 17-220 Narewka ul. Nowa 4;863;120;120;6;114;13.90;5.00;849;281;281;6;275;33.10;2.14
80346;200509;3;Świetlica samorządowa w Siemianówce 17-220 Siemianówka Szkolna 37;617;90;90;0;90;14.59;0.00;626;246;246;9;237;39.30;3.66
80347;200509;4;Swietlica samorządowa w Lewkowie Starym 17-220 Lewkowo Stare 62;864;90;90;1;89;10.42;1.11;861;306;306;6;300;35.54;1.96
80348;200601;1;Szkoła Podstawowa Nr 1 18-500 Kolno ul. Wojska Polskiego 22;607;102;102;3;99;16.80;2.94;606;254;254;11;243;41.91;4.33
80349;200601;2;Kolneński Ośrodek Kultury i Sportu 18-500 Kolno ul. Marii Konopnickiej 4;632;97;97;2;95;15.35;2.06;626;264;264;9;255;42.17;3.41
80350;200601;3;Szkoła Podstawowa Nr 2 18-500 Kolno ul. Szkolna 8;1183;213;213;13;200;18.01;6.10;1157;454;454;16;438;39.24;3.52
80351;200601;4;Zakład Doskonalenia Zawodowego 18-500 Kolno ul. Księcia Janusza I 40;1121;258;258;10;248;23.02;3.88;1106;500;500;11;489;45.21;2.20
80352;200601;5;Zespół Szkół Technicznych 18-500 Kolno ul. Teofila Kubraka 6;930;176;176;8;168;18.92;4.55;907;394;394;13;381;43.44;3.30
80353;200601;6;Starostwo Powiatowe 18-500 Kolno ul. 11 Listopada 1;1036;162;162;9;153;15.64;5.56;996;390;390;5;385;39.16;1.28
80354;200601;7;Zespół Szkół Ponadgimnazjalnych 18-500 Kolno ul. Wojska Polskiego 34;1092;231;231;13;218;21.15;5.63;1057;460;460;21;439;43.52;4.57
80355;200601;8;Przeszkole Miejskie Nr 4 18-500 Kolno ul. Wojska Polskiego 65a;1275;242;242;9;233;18.98;3.72;1267;587;587;9;578;46.33;1.53
80356;200601;9;Gimnazjum 18-500 Kolno ul. Marii Dąbrowskiej 4;744;141;141;5;136;18.95;3.55;718;287;287;9;278;39.97;3.14
91165;200601;10;Szpital Ogólny 18-500 Kolno ul. Wojska Polskiego 69;84;3;3;0;3;3.57;0.00;84;17;17;0;17;20.24;0.00
80357;200602;1;Świetlica 18-507 Grabowo ul. Kpt. Adama Gątkiewicza 31;386;60;60;2;58;15.54;3.33;374;160;160;12;148;42.78;7.50
80358;200602;2;Urząd Gminy 18-507 Grabowo ul. Gen. Władysława Sikorskiego 1;869;127;127;0;127;14.61;0.00;864;322;322;13;309;37.27;4.04
80359;200602;3;Szkoła Podstawowa im.Antoniego i Jakuba Wagów 18-507 Grabowo ul.Szkolna 7;949;177;177;9;168;18.65;5.08;950;392;392;15;377;41.26;3.83
80360;200602;4;Szkoła Podstawowa 18-507 Surały 22;472;101;101;4;97;21.40;3.96;452;194;194;7;187;42.92;3.61
80361;200602;5;Remiza OSP 18-507 Siwki 8;256;47;47;1;46;18.36;2.13;259;89;89;3;86;34.36;3.37
80362;200603;1;Centrum Kulturalno-Rozrywkowe w Czerwonem 18-500 Czerwone;776;119;119;2;117;15.34;1.68;769;286;286;20;266;37.19;6.99
80363;200603;2;Centrum Kultury Gminy Kolno w Koźle 18-500 Kozioł;613;108;108;1;107;17.62;0.93;606;206;206;11;195;33.99;5.34
80364;200603;3;Cenrtum Kulturalno-Rozrywkowe w Zabielu 18-500 Zabiele;823;152;152;3;149;18.47;1.97;817;382;382;18;364;46.76;4.71
80365;200603;4;Szkoła Podstawowa w Janowie 18-500 Janowo;676;72;72;0;72;10.65;0.00;681;224;224;7;217;32.89;3.12
80366;200603;5;Szkoła Podstawowa w Borkowie 18-500 Borkowo;589;140;140;4;136;23.77;2.86;596;271;271;14;257;45.47;5.17
80367;200603;6;Szkoła Podstawowa w Wykowie 18-500 Wykowo;660;134;134;5;129;20.30;3.73;655;281;281;10;271;42.90;3.56
80368;200603;7;Szkoła Podstawowa w Zaskrodziu 18-500 Zaskrodzie;586;96;96;2;94;16.38;2.08;580;239;239;7;232;41.21;2.93
80369;200603;8;Remiza OSP w Starym Gromadzynie 18-500 Stary Gromadzyn;427;74;74;1;73;17.33;1.35;434;226;226;4;222;52.07;1.77
80370;200603;9;Centrum Kulturalno-Rozrywkowe w Lachowie 18-500 Lachowo;430;62;62;3;59;14.42;4.84;425;135;135;9;126;31.76;6.67
80371;200603;10;Szkoła Podstawowa w Lachowie 18-500 Lachowo;767;138;138;6;132;17.99;4.35;775;311;311;13;298;40.13;4.18
80372;200603;11;Remiza OSP w Kumelsku 18-500 Kumelsk;544;51;51;1;50;9.38;1.96;549;164;164;11;153;29.87;6.71
80373;200604;1;Szkoła Podstawowa w Kątach 18-516 Kąty 168;833;144;144;1;143;17.29;0.69;816;268;268;8;260;32.84;2.99
80374;200604;2;Urząd Gminy Mały Płock 18-516 Mały Płock ul. Kochanowskiego 15;1401;210;210;9;201;14.99;4.29;1405;482;482;19;463;34.31;3.94
80375;200604;3;Gminny Ośrodek Kultury w Małym Płocku 18-516 Mały Płock ul. Ciborowskiego 38;1444;201;201;9;192;13.92;4.48;1420;580;580;29;551;40.85;5.00
80376;200604;4;Szkoła Podstawowa w Rogienicach Wielkich 18-516 Rogienice Wielkie ul.Długa 1;394;66;66;5;61;16.75;7.58;386;151;151;10;141;39.12;6.62
80377;200605;1;Urząd Miejski w Stawiskach 18-520 Stawiski ul. Plac Wolności 13/15;1082;182;182;6;176;16.82;3.30;1057;408;408;15;393;38.60;3.68
80378;200605;2;Gminny Ośrodek Kultury i Sportu w Stawiskach 18-520 Stawiski ul. Krótka 4;861;151;151;8;143;17.54;5.30;831;281;281;13;268;33.81;4.63
80379;200605;3;Szkoła Podstawowa im. Tadeusza Kościuszki w Stawiskach 18-520 Stawiski ul. Polowa 12;981;182;182;5;177;18.55;2.75;975;379;379;6;373;38.87;1.58
80380;200605;4;Szkoła Filialna w Jurcu Szlacheckim 18-520 Jurzec Szlachecki 53;295;66;66;2;64;22.37;3.03;297;142;142;2;140;47.81;1.41
80381;200605;5;Gimnazjum im. Adama Mickiewicza w Stawiskach 18-520 Stawiski ul. Polowa 26;575;34;34;2;32;5.91;5.88;555;182;182;3;179;32.79;1.65
80382;200605;6;Remiza OSP Wysokie Małe 18-520 Wysokie Małe 3;267;52;52;3;49;19.48;5.77;267;120;120;2;118;44.94;1.67
80383;200605;7;Szkoła Podstawowa w Porytem 18-520 Poryte ul. Szkolna 23;706;117;117;2;115;16.57;1.71;703;269;269;13;256;38.26;4.83
80384;200605;8;Szkoła Filialna w Budach Stawiskich 18-520 Budy Stawiskie 1;419;45;45;5;40;10.74;11.11;416;109;109;9;100;26.20;8.26
80385;200606;1;Gimnazjum im. Adama Mickiewicza 18-525 Turośl ul. Jana Pawła II 28A;1071;212;212;6;206;19.79;2.83;1056;484;484;21;463;45.83;4.34
80386;200606;2;Szkoła Podstawowa im. ks. Jana Twardowskiego 18-525 Turośl ul. Jana Pawła II 28;1048;224;224;3;221;21.37;1.34;1063;510;510;24;486;47.98;4.71
80387;200606;3;Szkoła Podstawowa im. Marii Konopnickiej 18-525 Ptaki 27;642;87;87;6;81;13.55;6.90;642;201;201;10;191;31.31;4.98
80388;200606;4;Szkoła Podstawowa im. Stanisława Krupki 18-525 Leman 48;1220;216;216;4;212;17.70;1.85;1213;462;462;9;453;38.09;1.95
80389;200701;1;Urząd Miejski w Jedwabnem 18-420 Jedwabne ul.Żwirki i Wigury 3;877;152;152;9;143;17.33;5.92;873;338;338;20;318;38.72;5.92
80390;200701;2;Szkoła Podstawowa w Jedwabnem 18-420 Jedwabne ul.Wojska Polskiego 17;906;173;173;2;171;19.09;1.16;886;375;375;9;366;42.33;2.40
80391;200701;3;Remiza OSP w Burzynie 18-420 Burzyn ul. Cmentarna 5;1031;260;260;7;253;25.22;2.69;1021;492;492;10;482;48.19;2.03
80392;200701;4;Miejsko Gminny Ośrodek Kultury w Jedwabnem 18-420 Jedwabne ul.Piękna 8;949;164;164;4;160;17.28;2.44;954;407;407;15;392;42.66;3.69
80393;200701;5;Publiczne Gimnazjum w Jedwabnem 18-420 Jedwabne ul. Mickiewicza 2;775;138;138;2;136;17.81;1.45;777;312;312;9;303;40.15;2.88
80394;200702;1;Szkoła Podstawowa 18-400 Jarnuty 1;612;113;113;1;112;18.46;0.88;615;289;289;11;278;46.99;3.81
80395;200702;2;Szkoła Podstawowa 18-400 Nowe Kupiski 137;1479;291;291;9;282;19.68;3.09;1526;740;740;27;713;48.49;3.65
80396;200702;3;Świetlica Wiejska 18-400 Giełczyn ul. Spokojna 12;549;129;129;5;124;23.50;3.88;592;270;270;12;258;45.61;4.44
80397;200702;4;Szkoła Podstawowa 18-400 Podgórze ul. Szkolna 1;534;61;61;2;59;11.42;3.28;555;198;198;14;184;35.68;7.07
80398;200702;5;Szkoła Podstawowa 18-400 Puchały 31;634;167;167;8;159;26.34;4.79;628;272;272;7;265;43.31;2.57
80399;200702;6;Szkoła Podstawowa 18-400 Wygoda ul. Łomżyńska 2;1106;205;205;5;200;18.54;2.44;1114;468;468;12;456;42.01;2.56
80400;200702;7;Szkoła Podstawowa 18-400 Pniewo ul. Akacjowa 1;527;91;91;4;87;17.27;4.40;535;199;199;8;191;37.20;4.02
80401;200702;8;Szkoła Podstawowa 18-400 Czaplice 59;433;66;66;2;64;15.24;3.03;423;200;200;12;188;47.28;6.00
80402;200702;9;Remiza Ochotniczej Straży Pożarnej 18-400 Chojny Młode 1A;478;108;108;2;106;22.59;1.85;480;223;223;8;215;46.46;3.59
80403;200702;10;Świetlica Wiejska 18-400 Jednaczewo ul. Łomżyńska 77;412;114;114;2;112;27.67;1.75;443;248;248;9;239;55.98;3.63
80404;200702;11;Szkoła Podstawowa 18-400 Konarzyce ul. Szkolna 4;822;178;178;2;176;21.65;1.12;857;477;477;10;467;55.66;2.10
80405;200702;12;Remiza Ochotniczej Straży Pożarnej 18-400 Siemień Nadrzeczny 40;289;58;58;6;52;20.07;10.34;298;114;114;2;112;38.26;1.75
80406;200702;13;Sala Konferencyjna Urzędu Gminy 18-400 Łomża ul. Marii Skłodowskiej Curie 1a;691;140;140;0;140;20.26;0.00;712;385;385;6;379;54.07;1.56
80407;200703;1;Publiczne Gimnazjum 18-413 Miastkowo ul. Łomżyńska 10;740;141;141;9;132;19.05;6.38;723;299;299;9;290;41.36;3.01
80408;200703;2;Publiczne Gimnazjum 18-413 Miastkowo ul. Łomżyńska 10;833;118;118;8;110;14.17;6.78;840;365;365;19;346;43.45;5.21
80409;200703;3;Świetlica Wiejska 18-413 Miastkowo ul.Łomżyńska 32A;777;76;76;3;73;9.78;3.95;792;256;256;8;248;32.32;3.12
80410;200703;4;Szkoła Podstawowa 18-413 Rydzewo ul.Mazurska 22;1038;125;125;8;117;12.04;6.40;1036;433;433;23;410;41.80;5.31
80411;200704;1;Klub wiejski w Mątwicy 18-414 Mątwica 76;420;107;107;6;101;25.48;5.61;416;222;222;5;217;53.37;2.25
80412;200704;2;Miejsko-Gminny Ośrodek Kultury w Nowogrodzie 18-414 Nowogród ul. Łomżyńska 13;1142;186;186;8;178;16.29;4.30;1136;493;493;22;471;43.40;4.46
80413;200704;3;Zespół Szkół Samorządowych w Nowogrodzie 18-414 Nowogród ul.11 Listopada 12;824;132;132;6;126;16.02;4.55;823;365;365;19;346;44.35;5.21
80414;200704;4;Zespół Szkół Samorządowych 18-414 Nowogród ul. 11Listopada 12;865;152;152;4;148;17.57;2.63;864;389;389;8;381;45.02;2.06
80415;200705;1;Szkoła Podstawowa 18-421 Piątnica Poduchowna ul. Szkolna 29;1805;363;363;9;354;20.11;2.48;1787;842;842;24;818;47.12;2.85
80416;200705;2;Publiczne Gimnazjum 18-421 Piątnica Poduchowna ul. Szkolna 31;1155;148;148;2;146;12.81;1.35;1164;436;436;14;422;37.46;3.21
80417;200705;3;Szkoła Podstawowa 18-421 Drozdowo ul. Główna 15;1211;156;156;6;150;12.88;3.85;1208;418;418;21;397;34.60;5.02
80418;200705;4;Szkoła Podstawowa 18-421 Jeziorko 42;981;123;123;10;113;12.54;8.13;1004;385;385;16;369;38.35;4.16
80419;200705;5;Szkoła Podstawowa 18-421 Dobrzyjałowo ul. Zdrojowa 1;1021;222;222;5;217;21.74;2.25;1011;382;382;16;366;37.78;4.19
80420;200705;6;Szkoła Podstawowa 18-421 Olszyny ul. Wiśniowa 19;523;70;70;4;66;13.38;5.71;514;211;211;8;203;41.05;3.79
80421;200705;7;Szkoła Podstawowa 18-421 Rakowo-Boginie 49;543;40;40;3;37;7.37;7.50;529;154;154;4;150;29.11;2.60
80422;200705;8;Urząd Gminy 18-421 Piątnica Poduchowna ul. Stawiskowska 53;1206;150;150;7;143;12.44;4.67;1196;428;428;23;405;35.79;5.37
80423;200706;1;Szkoła Podstawowa 18-423 Wilamowo 10;354;44;44;0;44;12.43;0.00;368;118;118;3;115;32.07;2.54
80424;200706;2;Zespół Szkół w Przytułach 18-423 Przytuły ul. Lipowa 28;599;97;97;4;93;16.19;4.12;576;230;230;2;228;39.93;0.87
80425;200706;3;Szkoła Podstawowa 18-423 Wagi 16;247;82;82;1;81;33.20;1.22;239;132;132;4;128;55.23;3.03
80426;200706;4;Świetlica Wiejska 18-423 Przytuły ul. Lipowa 1;599;108;108;1;107;18.03;0.93;576;233;233;8;225;40.45;3.43
80427;200707;1;Szkoła Podstawowa 18-411 Uśnik 27;513;80;80;3;77;15.59;3.75;500;210;210;9;201;42.00;4.29
80428;200707;2;Szkoła Podstawowa 18-411 Szczepankowo 20;807;170;170;4;166;21.07;2.35;788;380;380;14;366;48.22;3.68
80429;200707;3;Szkoła Podstawowa 18-411 Śniadowo ul. Łomżyńska 29;993;199;199;5;194;20.04;2.51;970;455;455;16;439;46.91;3.52
80430;200707;4;Szkoła Podstawowa 18-411 Śniadowo ul. Łomżyńska 29;1105;180;180;6;174;16.29;3.33;1089;531;531;16;515;48.76;3.01
80431;200707;5;Gminny Ośrodek Kultury 18-411 Śniadowo ul. Ostrołęcka 13;1085;181;181;1;180;16.68;0.55;1085;566;566;11;555;52.17;1.94
80432;200708;1;Budynek wielofunkcyjny (świetlica) 18-430 Bronowo ul.Mostowa 5;336;57;57;4;53;16.96;7.02;342;152;152;5;147;44.44;3.29
80433;200708;2;Publiczna Szkoła Podstawowa (sala lekcyjna) 18-430 Stare Bożejewo 37;416;67;67;1;66;16.11;1.49;402;148;148;6;142;36.82;4.05
80434;200708;3;Budynek wielofunkcyjny (sala OSP) 18-430 Wizna ul.Plac Kpt. Raginisa 35;1189;268;268;7;261;22.54;2.61;1170;517;517;12;505;44.19;2.32
80435;200708;4;Gimnazjum (sala gimnastyczna) 18-430 Wizna ul.Plac Kpt.Raginisa 12;994;131;131;0;131;13.18;0.00;973;337;337;8;329;34.64;2.37
80436;200708;5;Szkoła Podstawowa (sala lekcyjna) 18-430 Rutki;564;94;94;2;92;16.67;2.13;570;272;272;4;268;47.72;1.47
80437;200709;1;Gminny Ośrodek Kultury 18-416 Zbójna ul.Łomżyńska 44;989;135;135;2;133;13.65;1.48;989;379;379;19;360;38.32;5.01
80438;200709;2;Urząd Gminy 18-416 Zbójna ul.Łomżyńska 64;700;108;108;3;105;15.43;2.78;695;272;272;10;262;39.14;3.68
80439;200709;3;Szkoła Podstawowa 18-416 Dobry Las 65;695;112;112;5;107;16.12;4.46;688;285;285;7;278;41.42;2.46
80440;200709;4;Świetlica Wiejska 18-416 Kuzie 92;744;96;96;4;92;12.90;4.17;738;257;257;15;242;34.82;5.84
80441;200709;5;budynek Ochotniczej Straży Pożarnej 18-416 Osowiec 16;405;60;60;2;58;14.81;3.33;396;141;141;6;135;35.61;4.26
80442;200801;1;Gminny Ośrodek Kultury w Goniądzu 19-110 Goniądz ul. Stary Rynek 23;1975;320;320;6;314;16.20;1.88;1938;789;789;18;771;40.71;2.28
80443;200801;2;Szkoła Podstawowa w Downarach 19-110 Downary 52;677;98;98;3;95;14.48;3.06;689;295;295;18;277;42.82;6.10
80444;200801;3;Szkoła Podstawowa w Klewiance 19-110 Klewianka 114;641;55;55;1;54;8.58;1.82;630;188;188;8;180;29.84;4.26
80445;200801;4;Remiza w Osowcu 19-110 Osowiec 59A;404;70;70;4;66;17.33;5.71;405;162;162;9;153;40.00;5.56
80446;200801;5;Budynek po Szkole Podstawowej we Wroceniu 19-110 Wroceń 86;464;65;65;1;64;14.01;1.54;445;154;154;11;143;34.61;7.14
80447;200802;1;Zespół Szkolno-Przedszkolny w Jasionówce 19-122 Jasionówka ul.Knyszyńska 21B;1202;233;233;9;224;19.38;3.86;1184;504;504;11;493;42.57;2.18
80448;200802;2;Gminny Ośrodek Kultury,Sportu i Turystyki w Jasionówce 19-122 Jasionówka ul.Rynek 19;1245;197;197;2;195;15.82;1.02;1218;522;522;19;503;42.86;3.64
80449;200803;1;Gminny Ośrodek Kultury w Jaświłach Filia w Dolistowie Starym 19-124 Dolistowo Stare 110;1870;284;284;7;277;15.19;2.46;1840;597;597;19;578;32.45;3.18
80450;200803;2;Gminny Ośrodek Kultury w Jaświłach Filia w Brzozowej 19-124 Brzozowa 42;955;159;159;0;159;16.65;0.00;915;314;314;9;305;34.32;2.87
80451;200803;3;Sala Konferencyjna Urzędu Gminy Jaświły 19-124 Jaświły 7;1511;272;272;9;263;18.00;3.31;1484;593;593;17;576;39.96;2.87
91166;200803;4;Sala ćwiczeń rehabilitacyjnch w Domu Pomocy Społecznej „Dom Kombatanta” w Mocieszach 19-124 Mociesze 4 a;39;17;17;1;16;43.59;5.88;35;18;18;3;15;51.43;16.67
80452;200804;1;Urząd Miejski w Knyszynie 19-120 Knyszyn ul. Rynek 39;1666;322;322;13;309;19.33;4.04;1683;728;728;25;703;43.26;3.43
80453;200804;2;Knyszyński Ośrodek Kultury w Knyszynie 19-120 Knyszyn Rynek 39;1577;211;211;6;205;13.38;2.84;1608;644;644;35;609;40.05;5.43
80454;200804;3;Zespół Szkół w Kalinówce Kościelnej 19-120 Kalinówka Kościelna 36;716;111;111;5;106;15.50;4.50;694;292;292;11;281;42.07;3.77
80455;200805;1;Gminny Ośrodek Kultury w Krypnie 19-111 Krypno Wielkie 9;1786;335;335;15;320;18.76;4.48;1754;709;709;26;683;40.42;3.67
80456;200805;2;Świetlica „Warszawa” 19-111 Długołęka 49;969;212;212;12;200;21.88;5.66;972;409;409;12;397;42.08;2.93
80457;200805;3;Świetlica wiejska w Zastoczu 19-111 Zastocze 29A;525;133;133;4;129;25.33;3.01;510;204;204;1;203;40.00;0.49
80458;200806;1;Szkoła Podstawowa Nr 2 w Mońkach 19-100 Mońki ul. Tysiąclecia 17;1648;310;310;9;301;18.81;2.90;1637;691;691;20;671;42.21;2.89
80459;200806;2;Zespół Szkół Ogólnokształcących i Zawodowych w Mońkach 19-100 Mońki ul. Tysiąclecia 15;1720;267;267;6;261;15.52;2.25;1725;690;690;18;672;40.00;2.61
80460;200806;3;Urząd Miejski w Mońkach 19-100 Mońki ul. Juliusza Słowackiego 5a;1616;224;224;7;217;13.86;3.12;1606;597;597;14;583;37.17;2.35
80461;200806;4;Moniecki Ośrodek Kultury 19-100 Mońki ul. Białostocka 25;1572;312;312;12;300;19.85;3.85;1569;620;620;7;613;39.52;1.13
80462;200806;5;Gimnazjum w Mońkach 19-100 Mońki ul. Leśna 3;1700;328;328;6;322;19.29;1.83;1706;748;748;25;723;43.85;3.34
80463;200806;6;Zespół Szkół Ogólnokształcących i Zawodowych w Mońkach 19-100 Mońki ul. Szkolna 22;1767;220;220;6;214;12.45;2.73;1777;675;675;23;652;37.99;3.41
80464;200806;7;Zespół Szkół w Mońkach 19-100 Mońki ul. Planetarna 13;974;165;165;7;158;16.94;4.24;1001;450;450;9;441;44.96;2.00
80465;200806;8;Szkoła Podstawowa w Boguszewie 19-100 Boguszewo 67;731;79;79;2;77;10.81;2.53;726;235;235;11;224;32.37;4.68
80466;200806;9;Szkoła Podstawowa w Kuleszach 19-100 Kulesze 144;829;72;72;5;67;8.69;6.94;814;239;239;7;232;29.36;2.93
91167;200806;10;SP ZOZ w Mońkach 19-100 Mońki Al. Niepodległości 9;85;24;24;4;20;28.24;16.67;87;42;42;2;40;48.28;4.76
91168;200806;11;DPS w Mońkach 19-100 Mońki PCK 15;32;17;17;1;16;53.12;5.88;30;14;14;0;14;46.67;0.00
80467;200807;1;Gminny Ośrodek Kultury w Trzciannem 19-104 Trzcianne ul. Wojska Polskiego 10;1302;278;278;8;270;21.35;2.88;1290;478;478;13;465;37.05;2.72
80468;200807;2;Gimnazjum w Trzciannem 19-104 Trzcianne ul. 3 Maja 9B;1319;207;207;12;195;15.69;5.80;1286;415;415;20;395;32.27;4.82
80469;200807;3;Świetlica w Wyszowatych 19-104 Wyszowate 14;530;93;93;3;90;17.55;3.23;527;174;174;3;171;33.02;1.72
80470;200807;4;Szkoła Podstawowa w Laskowcu 19-104 Laskowiec 46;625;73;73;4;69;11.68;5.48;606;165;165;12;153;27.23;7.27
80471;200901;1;Szkoła Podstawowa im. mjr Henryka Dobrzańskiego „Hubala” w Sejnach 16-500 Sejny ul. Wojska Polskiego 64;1534;242;242;14;228;15.78;5.79;1442;572;572;16;556;39.67;2.80
80472;200901;2;Szkoła Podstawowa im. mjr Henryka Dobrzańskiego „Hubala” w Sejnach 16-500 Sejny ul. Wojska Polskiego 64;1541;329;329;17;312;21.35;5.17;1522;696;696;26;670;45.73;3.74
80473;200901;3;Komenda Powiatowa Państwowej Straży Pożarnej w Sejnach 16-500 Sejny ul. Strażacka 2;1529;310;310;6;304;20.27;1.94;1532;662;662;18;644;43.21;2.72
91169;200901;4;Samodzielny Publiczny Zakład Opieki Zdrowotnej w Sejnach 16-500 Sejny ul. Dr Edwarda Rittlera 1;17;2;2;0;2;11.76;0.00;29;12;12;1;11;41.38;8.33
80474;200902;1;Gimnazjum w Gibach 16-506 Giby 75;911;188;188;4;184;20.64;2.13;898;377;377;12;365;41.98;3.18
80475;200902;2;Świetlica Wiejska w Pogorzelcu 16-506 Pogorzelec 23;395;72;72;3;69;18.23;4.17;393;183;183;4;179;46.56;2.19
80476;200902;3;Budynek po Szkole Podstawowej we Frąckach 16-506 Frącki 33;480;86;86;0;86;17.92;0.00;497;217;217;5;212;43.66;2.30
80477;200902;4;Budynek po Szkole Podstawowej w Zelwie 16-506 Zelwa 21;232;53;53;1;52;22.84;1.89;227;97;97;3;94;42.73;3.09
80478;200902;5;Gminny Ośrodek Kultury w Gibach 16-506 Giby 74A;366;24;24;0;24;6.56;0.00;377;104;104;2;102;27.59;1.92
80479;200903;1;Szkoła Podstawowa 16-503 Krasnopol ul. W. Polskiego 63;902;93;93;3;90;10.31;3.23;891;285;285;9;276;31.99;3.16
80480;200903;2;Ośrodek Kultury Sportu i Rekreacji 16-503 Krasnopol ul. 1 Maja 1;831;173;173;5;168;20.82;2.89;830;391;391;11;380;47.11;2.81
80481;200903;3;Świetlica Wiejska 16-503 Maćkowa Ruda 22;854;82;82;0;82;9.60;0.00;861;293;293;12;281;34.03;4.10
80482;200903;4;Budynek po Szkole Podstawowej 16-503 Jegliniec 42;324;26;26;0;26;8.02;0.00;322;89;89;2;87;27.64;2.25
80483;200903;5;Mieszkanie prywatne 16-503 Remieńkiń 22;266;59;59;1;58;22.18;1.69;263;91;91;3;88;34.60;3.30
80484;200904;1;Urząd Gminy 16-515 Puńsk ul.Mickiewicza 23;1369;108;108;5;103;7.89;4.63;1370;375;375;19;356;27.37;5.07
80485;200904;2;Świetlica 16-515 Smolany 9;523;78;78;1;77;14.91;1.28;507;156;156;2;154;30.77;1.28
80486;200904;3;Szkoła Podstawowa 16-515 Widugiery 19A;681;51;51;0;51;7.49;0.00;660;172;172;2;170;26.06;1.16
80487;200904;4;Szkoła Podstawowa 16-515 Puńsk ul.11 Marca 16;988;181;181;9;172;18.32;4.97;989;414;414;16;398;41.86;3.86
80488;200905;1;Urząd Gminy Sejny 16-500 Sejny ul.Świerczewskiego 1;1595;277;277;4;273;17.37;1.44;1555;592;592;7;585;38.07;1.18
80489;200905;2;Szkoła Podstawowa w Krasnowie 16-500 Krasnowo 17;415;31;31;0;31;7.47;0.00;410;114;114;1;113;27.80;0.88
80490;200905;3;Świetlica OSP w Żegarach 16-500 Żegary 40;426;42;42;0;42;9.86;0.00;414;116;116;3;113;28.02;2.59
80491;200905;4;Świetlica OSP w Ogrodnikach 16-500 Ogrodniki 14;249;42;42;3;39;16.87;7.14;250;92;92;3;89;36.80;3.26
80492;200905;5;Budynek po Szkole Podstawowej w Berżnikach 16-500 Berżniki 45b;757;108;108;3;105;14.27;2.78;733;257;257;9;248;35.06;3.50
80493;201001;1;Szkoła Podstawowa Nr 1 w Siemiatyczach 17-300 Siemiatycze ul. Ogrodowa 2;1904;464;464;7;457;24.37;1.51;1863;924;924;11;913;49.60;1.19
80494;201001;2;Siemiatycki Ośrodek Kultury w Siemiatyczach 17-300 Siemiatycze ul. Zaszkolna 1;1156;253;253;4;249;21.89;1.58;1120;509;509;17;492;45.45;3.34
80495;201001;3;Szkoła Muzyczna I Stopnia w Siemiatyczach 17-300 Siemiatycze ul. Leg. Piłsudskiego 1;1362;313;313;15;298;22.98;4.79;1304;614;614;19;595;47.09;3.09
80496;201001;4;Zespół Szkół z Oddziałami Integracyjnymi w Siemiatyczach 17-300 Siemiatycze ul. Gen. Andersa 4;2115;358;358;9;349;16.93;2.51;2027;863;863;17;846;42.58;1.97
80497;201001;5;Przedszkole Nr 3 w Siemiatyczach 17-300 Siemiatycze ul. 11 Listopada 24;1947;351;351;10;341;18.03;2.85;1890;814;815;25;789;43.07;3.07
80498;201001;6;Gimnazjum Nr 1 w Siemiatyczach 17-300 Siemiatycze ul. Świętojańska 25;722;146;146;2;144;20.22;1.37;688;275;275;5;270;39.97;1.82
80499;201001;7;Przedszkole Nr 5 w Siemiatyczach 17-300 Siemiatycze ul. Gen. Wł. Andersa 9;1961;378;378;9;369;19.28;2.38;1927;881;881;23;858;45.72;2.61
80500;201001;8;Miejska Biblioteka Publiczna w Siemiatyczach 17-300 Siemiatycze ul. Górna 23A;1021;239;239;5;234;23.41;2.09;1002;522;522;7;515;52.10;1.34
91170;201001;9;Powiatowy Dom Pomocy Społecznej w Siemiatyczach 17-300 Siemiatycze ul. Szpitalna 10;61;18;18;5;13;29.51;27.78;61;25;25;3;22;40.98;12.00
91171;201001;10;Samodzielny Publiczny Zakład Opieki Zdrowotnej Szpital Powiatowy w Siemiatyczach 17-300 Siemiatycze ul. Szpitalna 8;94;6;6;0;6;6.38;0.00;66;13;13;1;12;19.70;7.69
80501;201002;1;Drohiczyn, Kino „Daniel'', wejście od strony ulicy Jagiellończyka 17-312 Drohiczyn Kraszewskiego 13;1828;502;502;10;492;27.46;1.99;1748;820;820;27;793;46.91;3.29
80502;201002;2;Drohiczyn, Kino „Daniel'', wejście od strony ulicy Kraszewskiego 17-312 Drohiczyn Kraszewskiego 13;1327;216;216;7;209;16.28;3.24;1317;511;511;19;492;38.80;3.72
80503;201002;3;Szkoła Podstawowa 17-312 Miłkowice-Janki 14;819;144;144;6;138;17.58;4.17;802;357;357;17;340;44.51;4.76
80504;201002;4;Szkoła Podstawowa 17-312 Ostrożany 14;500;143;143;5;138;28.60;3.50;488;231;231;7;224;47.34;3.03
80505;201002;5;Szkoła Podstawowa 17-312 Śledzianów 1;1065;168;168;12;156;15.77;7.14;1055;369;369;9;360;34.98;2.44
80506;201003;1;Gminny Ośrodek Kultury w Dziadkowicach 17-306 Dziadkowice Kąty 22;874;215;215;7;208;24.60;3.26;873;409;409;5;404;46.85;1.22
80507;201003;2;Świetlica OSP w Żurobicach 17-306 Żurobice Żurobice 17a;293;36;36;3;33;12.29;8.33;291;96;96;6;90;32.99;6.25
80508;201003;3;Świetlica Wiejska w Dołubowie 17-306 Dołubowo Dołubowo 34;639;101;101;3;98;15.81;2.97;624;251;251;4;247;40.22;1.59
80509;201003;4;Świetlica wiejska w Hornowie 17-306 Hornowo Hornowo 43;657;98;98;3;95;14.92;3.06;632;243;243;3;240;38.45;1.23
80510;201004;1;Budynek po byłej Szkole Podstawowej w Czarnej Cerkiewnej 17-315 Czarna Cerkiewna 45;459;66;66;5;61;14.38;7.58;454;160;160;9;151;35.24;5.62
80511;201004;2;Świetlica OSP w Grodzisku 17-315 Grodzisk ul. 1 Maja 6;1038;253;253;8;245;24.37;3.16;1029;475;475;18;457;46.16;3.79
80512;201004;3;Świetlica wiejska w Sypniach Nowych 17-315 Sypnie Nowe 43;790;157;157;7;150;19.87;4.46;778;342;342;2;340;43.96;0.58
80513;201004;4;Świetlica wiejska 17-315 Stadniki 44;603;152;152;4;148;25.21;2.63;594;271;271;7;264;45.62;2.58
80514;201004;5;Świetlica wiejska w Makarkach 17-315 Makarki 35;746;166;166;6;160;22.25;3.61;730;316;316;10;306;43.29;3.16
80515;201005;1;Wiejski Ośrodek Kultury,Sportu i Rekreacji w Wilanowie 17-307 Wilanowo 72;498;108;108;10;98;21.69;9.26;482;197;197;14;183;40.87;7.11
80516;201005;2;Świetlica Ochotniczej Straży Pożarnej w Mielniku 17-307 Mielnik ul. Bugowa 10;1198;233;233;4;229;19.45;1.72;1177;556;556;14;542;47.24;2.52
80517;201005;3;Świetlica Wiejska w Moszczonie Królewskiej 17-307 Moszczona Królewska 55;595;50;50;1;49;8.40;2.00;586;222;222;7;215;37.88;3.15
80518;201006;1;Zespół Szkół w Milejczycach 17-332 Milejczyce ul. Szkolna 2;841;156;156;2;154;18.55;1.28;833;348;348;11;337;41.78;3.16
80519;201006;2;Ochotnicz Straż Pożarna w Rogaczach 17-332 Rogacze 11;308;53;53;6;47;17.21;11.32;312;115;115;10;105;36.86;8.70
80520;201006;3;Budynek byłej szkoły podstawowej w Wałkach 17-332 Wałki 35;243;27;27;0;27;11.11;0.00;237;105;105;14;91;44.30;13.33
80521;201006;4;Ochotnicza Straż Pożarna w Sobiatynie 17-332 Sobiatyno 70;136;14;14;2;12;10.29;14.29;138;37;37;2;35;26.81;5.41
80522;201006;5;Świetlica wiejska w Pokaniewie 17-332 Pokaniewo 11;218;52;52;0;52;23.85;0.00;220;88;88;5;83;40.00;5.68
80523;201007;1;Świetlica OSP w Nurcu-Stacji 17-330 Nurzec-Stacja ul. Nowa 1;1404;245;245;8;237;17.45;3.27;1395;537;537;21;516;38.49;3.91
80524;201007;2;Zespół Szkolno-Przedszkolny w Nurcu-Stacji 17-330 Nurzec-Stacja ul. Szkolna 6;1221;118;118;4;114;9.66;3.39;1197;329;329;14;315;27.49;4.26
80525;201007;3;Świetlica wiejska w Siemichoczach 17-330 Siemichocze 57;669;69;69;1;68;10.31;1.45;646;153;153;14;139;23.68;9.15
80526;201007;4;Budynek po Szkole Podstawowej w Klukowiczach 17-330 Klukowicze 54;367;28;28;0;28;7.63;0.00;349;101;101;2;99;28.94;1.98
80527;201008;1;Świetlica wiejska 17-322 Borzymy 16A;202;47;47;2;45;23.27;4.26;206;104;104;1;103;50.49;0.96
80528;201008;2;Szkoła Podstawowa 17-322 Perlejewo 45;1702;365;365;2;363;21.45;0.55;1693;700;700;16;684;41.35;2.29
80529;201008;3;Nadbużańskie Centrum Turystyczne 17-322 Granne 15;454;82;82;3;79;18.06;3.66;453;168;168;5;163;37.09;2.98
80530;201008;4;Świetlica wiejska 17-322 Kobyla 4;159;34;34;0;34;21.38;0.00;157;51;51;4;47;32.48;7.84
80531;201009;1;Gimnazjum Gminne w Siemiatyczach 17 - 300 Siemiatycze ul. Tadeusza Kościuszki 88;442;13;13;1;12;2.94;7.69;437;109;109;7;102;24.94;6.42
80532;201009;2;Szkoła Podstawowa w Czartajewie 17 - 300 Czartajew ul. Szkolna 4;594;123;123;1;122;20.71;0.81;595;255;255;12;243;42.86;4.71
80533;201009;3;Świetlica wiejska w Kłopotach-Bańkach 17 - 300 Kłopoty-Bańki 10a;670;115;115;0;115;17.16;0.00;660;285;285;9;276;43.18;3.16
80534;201009;4;Świetlica Wiejska w Krupicach 17 - 300 Krupice 22;672;57;57;4;53;8.48;7.02;679;186;186;6;180;27.39;3.23
80535;201009;5;Świetlica Wiejska w Bacikach Średnich 17 - 300 Baciki Średnie 49;1072;132;132;5;127;12.31;3.79;1067;377;377;8;369;35.33;2.12
80536;201009;6;Centrum Kulturalno-Wypoczynkowe w Siemiatyczach-Stacji 17 - 300 Siemiatycze-Stacja Drohiczńska 35;989;155;155;0;155;15.67;0.00;969;387;387;10;377;39.94;2.58
80537;201009;7;Świetlica Wiejska w Wiercieniu Dużym 17 - 300 Wiercień Duży 17;329;46;46;3;43;13.98;6.52;325;125;125;2;123;38.46;1.60
80538;201009;8;Swietlica Wiejska w Skiwach Małych 17 - 300 Skiwy Małe 26;378;50;50;0;50;13.23;0.00;374;135;135;2;133;36.10;1.48
80539;201101;1;Zespół Szkół w Dąbrowie Białostockiej 16-200 Dąbrowa Białostocka ul. Tysiąclecia PP 24;1562;314;315;7;307;20.10;2.23;1515;703;703;12;691;46.40;1.71
80540;201101;2;Miejsko-Gminny Ośrodek Kultury 16-200 Dąbrowa Białostocka ul. Tysiąclecia PP 4;1223;197;197;7;190;16.11;3.55;1193;397;397;8;389;33.28;2.02
80541;201101;3;Szkoła Podstawowa 16-200 Dąbrowa Białostocka ul. Południowa 13;1597;379;379;14;365;23.73;3.69;1560;762;762;16;746;48.85;2.10
80542;201101;4;Gimnazjum w Dąbrowie Białostockiej 16-200 Dąbrowa Białostocka ul. Szkolna 9a;1213;297;297;4;293;24.48;1.35;1151;577;577;16;561;50.13;2.77
80543;201101;5;Kino „Lotos” 16-200 Dąbrowa Białostocka ul. Kunawina 1;824;156;156;3;153;18.93;1.92;814;361;361;12;349;44.35;3.32
80544;201101;6;Gimnazjum w Różanymstoku 16-200 Różanystok 7;1124;236;236;7;229;21.00;2.97;1104;420;420;16;404;38.04;3.81
80545;201101;7;Szkoła Podstawowa w Nierośnie 16-200 Nierośno 33;851;152;152;7;145;17.86;4.61;832;308;308;19;289;37.02;6.17
80546;201101;8;Szkoła Podstawowa w Zwierzyńcu Wielkim 16-200 Zwierzyniec Wielki 17;785;162;162;6;156;20.64;3.70;788;340;340;17;323;43.15;5.00
80547;201101;9;Szkoła Podstawowa w Suchodolinie 16-200 Suchodolina 1;648;80;80;0;80;12.35;0.00;628;249;249;6;243;39.65;2.41
80548;201101;10;Szkoła Podstawowa w Reszkowcach 16-200 Reszkowce 23;369;88;88;4;84;23.85;4.55;368;173;173;5;168;47.01;2.89
91172;201101;11;Samodzielny Publiczny Zakład Opieki Zdrowotnej w Dąbrowie Białostockiej (szpital) 16-200 Dąbrowa Białostocka ul. Skłodowskiej 15;16;14;14;0;14;87.50;0.00;51;33;33;4;29;64.71;12.12
80549;201102;1;Zespół Szkół Samorządowych 16-130 Janów ul. Białostocka 16;1485;232;232;9;223;15.62;3.88;1465;565;565;14;551;38.57;2.48
80550;201102;2;Szkoła Podstawowa 16-130 Białousy 59;708;144;144;3;141;20.34;2.08;702;282;282;5;277;40.17;1.77
80551;201102;3;Mieszkanie prywatne 16-130 Nowowola 9;391;57;57;2;55;14.58;3.51;394;128;128;11;117;32.49;8.59
80552;201102;4;Urząd Gminy Janów 16-130 Janów ul. Parkowa 3;984;145;145;3;142;14.74;2.07;949;396;396;9;387;41.73;2.27
80553;201103;1;Świetlica Wiejska w Bombli 16-140 Bombla 41;341;74;74;1;73;21.70;1.35;333;150;150;4;146;45.05;2.67
80554;201103;2;Gminny Ośrodek Kultury Sportu i Turystyki w Korycinie 16-140 Korycin ul. Knyszyńska 2a;2009;367;367;9;358;18.27;2.45;1994;800;800;8;792;40.12;1.00
80555;201103;3;Budynek po byłym Domu Nauczyciela w Zabrodziu 16-140 Zabrodzie 1A;364;55;55;1;54;15.11;1.82;354;124;124;3;121;35.03;2.42
80556;201104;1;Mieszkanie prywatne 16-120 Górany 46;199;40;40;1;39;20.10;2.50;192;75;75;2;73;39.06;2.67
80557;201104;2;Mieszkanie prywatne 16-120 Kruszyniany 51 A;399;51;51;2;49;12.78;3.92;398;111;111;5;106;27.89;4.50
80558;201104;3;Urząd Miejski w Krynkach 16-120 Krynki ul. Garbarska 16;1315;331;331;11;320;25.17;3.32;1290;598;598;15;583;46.36;2.51
80559;201104;4;Gminny Ośrodek Kultury w Krynkach 16-120 Krynki ul. Grodzieńska 7;865;167;167;5;162;19.31;2.99;852;346;346;12;334;40.61;3.47
80560;201105;1;Gminny Ośrodek Kultury i Sportu w Kuźnicy (duża sala) 16-123 Kuźnica ul. Sidrzańska 2;1155;246;246;8;238;21.30;3.25;1129;543;543;17;526;48.10;3.13
80561;201105;2;Gminny Ośrodek Kultury i Sportu w Kuźnicy (mała sala) 16-123 Kuźnica ul. Sidrzańska 2;1034;227;227;5;222;21.95;2.20;1014;462;462;20;442;45.56;4.33
80562;201105;3;Przedszkole w Kuźnicy 16-123 Kuźnica ul. Sokólska 16;448;42;43;1;41;9.38;2.38;432;168;168;5;163;38.89;2.98
80563;201105;4;Budynek po byłej Szkole Podstawowej 16-123 Popławce 29;421;94;94;4;90;22.33;4.26;426;175;175;4;171;41.08;2.29
80564;201105;5;Bydynek po byłej Szkole Podstawowej 16-123 Klimówka 23;409;72;72;1;71;17.60;1.39;391;146;146;6;140;37.34;4.11
80565;201106;1;Budynek Gimnazjum 16-205 Nowy Dwór ul.Kolejowa 2;1310;275;275;10;265;20.99;3.64;1270;533;533;24;509;41.97;4.50
80566;201106;2;Świetlica Wiejska 16-205 Dubaśno 4;484;69;69;4;65;14.26;5.80;480;186;186;9;177;38.75;4.84
80567;201106;3;Szkoła Podstawowa 16-205 Sieruciowce 37;622;75;75;4;71;12.06;5.33;608;148;148;14;134;24.34;9.46
80568;201107;1;Budynek po Gimnazjum w Sidrze 16-124 Sidra ul. Kalwińska 6;1497;230;230;5;225;15.36;2.17;1473;591;591;26;565;40.12;4.40
80569;201107;2;Szkoła Podstawowa w Jacowlanach 16-124 Jacowlany 13;529;94;94;2;92;17.77;2.13;521;212;212;10;202;40.69;4.72
80570;201107;3;Szkoła Podstawowa w Majewie 16-124 Nowinka 1;543;86;86;8;78;15.84;9.30;544;176;176;11;165;32.35;6.25
80571;201107;4;Budynek parafialny 16-124 Zalesie 25;508;47;47;0;47;9.25;0.00;502;151;151;6;145;30.08;3.97
80572;201108;1;Szkoła Podstawowa w Starej Kamionce 16-100 Stara Kamionka 65;1085;113;113;5;108;10.41;4.42;1071;410;410;11;399;38.28;2.68
80573;201108;2;Zespół Szkół Integracyjnych 16-100 Sokółka ul. Szkolna 2;1071;118;118;9;109;11.02;7.63;1058;338;338;14;324;31.95;4.14
80574;201108;3;Świetlica Wiejska w Sokolanach 16-100 Sokolany;962;118;118;2;116;12.27;1.69;953;369;369;12;357;38.72;3.25
80575;201108;4;Szkoła Podstawowa w Starej Rozedrance 16-100 Stara Rozedranka 3;998;172;172;8;164;17.23;4.65;1007;351;351;11;340;34.86;3.13
80576;201108;5;Szkoła Podstawowa w Malawiczach Dolnych 16-100 Malawicze Dolne 56;1028;97;97;5;92;9.44;5.15;1012;315;315;19;296;31.13;6.03
80577;201108;6;Niepubliczna Szkoła Podstawowa w Lipinie 16-100 Lipina 103;945;134;134;2;132;14.18;1.49;943;321;321;16;305;34.04;4.98
80578;201108;7;Zespół Szkół Ogólnokształcących 16-100 Sokółka ul. Os. Zielone 2;1066;207;207;9;198;19.42;4.35;1053;429;429;13;416;40.74;3.03
80579;201108;8;Zespół Szkół Zawodowych 16-100 Sokółka ul. Os. Zielone 1a;1012;202;202;10;192;19.96;4.95;1000;436;436;17;419;43.60;3.90
80580;201108;9;Ośrodek Sportu i Rekreacji 16-100 Sokółka ul. Mariańska 31;1134;242;242;4;238;21.34;1.65;1110;541;541;9;532;48.74;1.66
80581;201108;10;Gimnazjum Nr 1 16-100 Sokółka ul. Mickiewicza 2a;731;140;140;6;134;19.15;4.29;726;321;321;10;311;44.21;3.12
80582;201108;11;Przedszkole Nr 3 16-100 Sokółka ul. Kresowa 73;945;145;145;9;136;15.34;6.21;926;418;418;15;403;45.14;3.59
80583;201108;12;Zespół Szkół 16-100 Sokółka ul. Mickiewicza 11;1199;329;329;6;323;27.44;1.82;1158;652;652;16;636;56.30;2.45
80584;201108;13;Przedszkole Nr 1 16-100 Sokółka ul. Sikorskiego 4;962;205;205;4;201;21.31;1.95;972;464;464;9;455;47.74;1.94
80585;201108;14;Zespół Szkół Integracyjnych 16-100 Sokółka ul. Szkolna 2;1018;199;199;2;197;19.55;1.01;1021;468;468;6;462;45.84;1.28
80586;201108;15;Zespół Szkół Integracyjnych 16-100 Sokółka ul. Szkolna 2;928;213;213;6;207;22.95;2.82;919;425;425;12;413;46.25;2.82
80587;201108;16;Zespół Szkół Integracyjnych 16-100 Sokółka ul. Szkolna 2;1025;205;205;9;196;20.00;4.39;995;367;367;3;364;36.88;0.82
80588;201108;17;Przedszkole Nr 4 16-100 Sokółka ul. Kołłątaja 22;1008;233;233;6;227;23.12;2.58;971;489;489;11;478;50.36;2.25
80589;201108;18;Sokólski Ośrodek Kultury 16-100 Sokółka ul. Grodzieńska 1;1029;192;192;6;186;18.66;3.12;985;436;436;9;427;44.26;2.06
80590;201108;19;Przedszkole Nr 1 16-100 Sokółka ul. Sikorskiego 4;1061;226;226;5;221;21.30;2.21;1037;455;455;11;444;43.88;2.42
80591;201108;20;Przedszkole nr 5 16-100 Sokółka ul. Os. Centrum 18;956;210;210;8;202;21.97;3.81;937;440;440;12;428;46.96;2.73
80592;201108;21;Szkoła Podstawowa Nr 1 16-100 Sokółka ul. Grodzieńska 43;1221;261;261;11;250;21.38;4.21;1172;557;557;10;547;47.53;1.80
91173;201108;22;Samodzielny Publiczny Zakład Opieki Zdrowotnej w Sokółce 16-100 Sokółka ul. Gen. Władysława Sikorskiego 40;46;43;43;1;42;93.48;2.33;55;53;53;4;49;96.36;7.55
80593;201109;1;Gimnazjum w Suchowoli 16-150 Suchowola ul. Augustowska 2;867;138;138;1;137;15.92;0.72;877;357;357;8;349;40.71;2.24
80594;201109;2;Szkoła Podstawowa 16-150 Jatwieź Duża 29;311;70;70;4;66;22.51;5.71;313;130;130;6;124;41.53;4.62
80595;201109;3;Szkoła Podstawowa 16-150 Suchowola ul. Szkolna 1;1001;188;188;6;182;18.78;3.19;970;420;420;20;400;43.30;4.76
80596;201109;4;Szkoła Podstawowa 16-150 Suchowola ul. Szkolna 1;883;219;219;6;213;24.80;2.74;866;432;432;14;418;49.88;3.24
80597;201109;5;Urząd Stanu Cywilnego 16-150 Suchowola Plac Kościuszki 5;1248;198;198;7;191;15.87;3.54;1225;460;460;4;456;37.55;0.87
80598;201109;6;Szkoła Podstawowa 16-150 Chodorówka Nowa 17;888;142;142;7;135;15.99;4.93;888;350;350;9;341;39.41;2.57
80599;201109;7;Szkoła Podstawowa 16-150 Wólka 68;710;161;161;3;158;22.68;1.86;710;259;259;9;250;36.48;3.47
80600;201110;1;Urząd Gminy w Szudziałowie 16-113 Szudziałowo ul. Bankowa 1;1428;303;303;14;289;21.22;4.62;1398;595;595;36;559;42.56;6.05
80601;201110;2;Remiza OSP w Wierzchlesiu 16-113 Wierzchlesie 94;355;74;74;2;72;20.85;2.70;350;138;138;9;129;39.43;6.52
80602;201110;3;Szkoła Podstawowa w Babikach 16-113 Babiki 22A;920;119;119;3;116;12.93;2.52;881;319;319;16;303;36.21;5.02
80603;201201;1;Gminna Biblioteka Publiczna w Bakałarzewie 16-423 Bakałarzewo ul. Młyńska 11;803;131;131;8;123;16.31;6.11;802;375;375;17;358;46.76;4.53
80604;201201;2;Zespół Szkół w Bakałarzewie 16-423 Bakałarzewo ul. Osiedle 40-lecia PRL 26a;661;70;70;4;66;10.59;5.71;668;218;218;5;213;32.63;2.29
80605;201201;3;Urząd Gminy Bakałarzewo 16-423 Bakałarzewo ul. Rynek 3;710;86;86;9;77;12.11;10.47;706;264;264;12;252;37.39;4.55
80606;201201;4;Szkoła Podstawowa w Zdrębach 16-423 Zdręby 34;397;27;27;3;24;6.80;11.11;393;102;102;7;95;25.95;6.86
80607;201202;1;Urząd Gminy Filipów 16-424 Filipów ul. Garbaska 2;1416;212;212;10;202;14.97;4.72;1407;502;502;20;482;35.68;3.98
80608;201202;2;Zespół Szkół w Filipowie 16-424 Filipów ul. M. Konopnickiej 6;1702;222;222;10;212;13.04;4.50;1709;589;589;19;570;34.46;3.23
80609;201202;3;Klub Rolnika w Jemielistem 16-424 Jemieliste 41;482;43;43;2;41;8.92;4.65;482;187;187;3;184;38.80;1.60
80610;201203;1;budynek byłej Szkoły Podstawowej 16-404 Bachanowo 12;321;35;35;0;35;10.90;0.00;317;119;119;10;109;37.54;8.40
80611;201203;2;Biblioteka Publiczna 16-404 Jeleniewo ul. Sportowa 1A;1168;227;227;3;224;19.43;1.32;1168;545;545;22;523;46.66;4.04
80612;201203;3;Zespół Szkół 16-404 Jeleniewo ul. Suwalska 51;1042;157;157;3;154;15.07;1.91;1038;408;408;15;393;39.31;3.68
80613;201204;1;Szkoła Podstawowa 16-427 Nowa Pawłówka 1;598;128;128;4;124;21.40;3.12;595;245;245;8;237;41.18;3.27
80614;201204;2;Urząd Gminy 16-427 Przerośl ul.Rynek 2;1163;134;134;13;121;11.52;9.70;1164;401;401;16;385;34.45;3.99
80615;201204;3;Gminny Ośrodek Kultury 16-427 Przerośl ul.Rynek 11;661;134;134;4;130;20.27;2.99;666;307;307;7;300;46.10;2.28
80616;201205;1;Zespół Szkół im.Ludwika Michała Paca 16-420 Dowspuda 10;574;83;83;3;80;14.46;3.61;557;256;256;15;241;45.96;5.86
80617;201205;2;Gminny Ośrodek Kultury 16-420 Raczki Plac Kościuszki 15;1452;195;195;8;187;13.43;4.10;1453;607;607;20;587;41.78;3.29
80618;201205;3;Gminny Ośrodek Kultury 16-420 Raczki Plac Kościuszki 15;1883;348;348;11;337;18.48;3.16;1813;819;819;22;797;45.17;2.69
80619;201205;4;Remiza OSP 16-420 Sucha Wieś 10;547;100;100;1;99;18.28;1.00;544;222;222;17;205;40.81;7.66
80620;201205;5;Remiza OSP 16-420 Sidory 22;411;72;72;1;71;17.52;1.39;413;149;149;7;142;36.08;4.70
80621;201206;1;Urząd Gminy Rutka-Tartak 16-406 Rutka-Tartak ul. 3 Maja 13;1704;267;267;13;254;15.67;4.87;1704;719;719;31;688;42.19;4.31
80622;201206;2;Świetlica wiejska 16-407 Smolniki 32;292;57;57;6;51;19.52;10.53;291;145;145;7;138;49.83;4.83
80623;201207;1;Zespół Szkół 16-402 Płociczno-Tartak 16;1165;223;223;3;220;19.14;1.35;1150;567;567;15;552;49.30;2.65
80624;201207;2;Szkoła Podstawowa 16-402 Poddubówek 17;429;58;58;1;57;13.52;1.72;430;183;183;4;179;42.56;2.19
80625;201207;3;Zespół Szkół 16-402 Przebród 15;1016;112;112;4;108;11.02;3.57;1044;378;378;11;367;36.21;2.91
80626;201207;4;Szkoła Podstawowa Nr 9 w Suwałkach 16-400 Suwałki ul. Ks. Kazimierza A. Hamerszmita 11;2033;311;311;5;306;15.30;1.61;2136;981;981;27;954;45.93;2.75
80627;201207;5;Zespół Szkół 16-402 Stary Folwark 49;746;179;179;3;176;23.99;1.68;746;413;413;12;401;55.36;2.91
80628;201207;6;Szkoła Podstawowa 16-402 Nowa Wieś 40A;452;94;94;1;93;20.80;1.06;452;202;202;8;194;44.69;3.96
80629;201208;1;Świetlica Gminna w Szypliszkach 16-411 Szypliszki ul Suwalska 21;1325;169;169;4;165;12.75;2.37;1301;476;476;10;466;36.59;2.10
80630;201208;2;Szkoła Podstawowa w Jasionowie z siedzibą w Żubrynie 16-411 Żubryn 17;470;56;56;1;55;11.91;1.79;484;173;173;6;167;35.74;3.47
80631;201208;3;Zespół Szkół w Kaletniku 16-411 Kaletnik 46;862;132;132;1;131;15.31;0.76;860;296;296;19;277;34.42;6.42
80632;201208;4;Szkoła Podstawowa w Becejłach 16-411 Becejły 7;603;87;87;1;86;14.43;1.15;597;248;248;5;243;41.54;2.02
80633;201209;1;Świetlica Gminna 16-407 Wiżajny ul. Wierzbołowska 3;780;136;136;1;135;17.44;0.74;747;337;337;7;330;45.11;2.08
80634;201209;2;Publiczne Gimnazjum 16-407 Wiżajny ul. Szkolna 11;875;150;150;3;147;17.14;2.00;860;367;367;11;356;42.67;3.00
80635;201209;3;Remiza Ochotniczej Straży Pożarnej w Oklinach 16-407 Okliny 16;384;65;65;1;64;16.93;1.54;379;150;150;5;145;39.58;3.33
80636;201301;1;Gimnazjum w Wysokiem Mazowieckiem 18-200 Wysokie Mazowieckie ul. Ludowa 5;1897;638;638;7;631;33.63;1.10;1830;1085;1085;20;1065;59.29;1.84
80637;201301;2;Szkoła Podstawowa Nr 1 w Wysokiem Mazowieckiem 18-200 Wysokie Mazowieckie ul. Kościelna 1;1512;436;436;11;425;28.84;2.52;1496;774;774;15;759;51.74;1.94
80638;201301;3;Miejski Osrodek Kultury w Wysokiem Mazowieckiem 18-200 Wysokie Mazowieckie ul. Ludowa 19;1759;423;423;4;419;24.05;0.95;1687;862;862;23;839;51.10;2.67
80639;201301;4;Przedszkole Miejskie Nr 1 w Wysokiem Mazowieckiem 18-200 Wysokie Mazowieckie ul.Armii Krajowej 3;1405;386;386;19;367;27.47;4.92;1359;676;676;10;666;49.74;1.48
80640;201301;5;Przedszkole Miejskie Nr 2 w Wysokiem Mazowieckiem 18-200 Wysokie Mazowieckie ul. Wołodyjowskiego 2;1096;357;357;16;341;32.57;4.48;1066;560;560;12;548;52.53;2.14
91174;201301;6;Szpital Ogólny w Wysokiem Mazowieckiem 18-200 Wysokie Mazowieckie Szpitalna 5;59;9;9;1;8;15.25;11.11;72;30;30;0;30;41.67;0.00
80641;201302;1;Gimnazium im. Papieża Jana Pawła II w Ciechanowcu 18-230 Ciechanowiec ul. Sosnowa 2;1370;185;185;5;180;13.50;2.70;1354;569;569;19;550;42.02;3.34
80642;201302;2;Budynek byłej Synagogi 18-230 Ciechanowiec ul. Mostowa 6;1006;173;173;3;170;17.20;1.73;990;427;427;15;412;43.13;3.51
80643;201302;3;Swietlica Organizacji Społecznych bydynek Przedszkola w Ciechanowcu 18-230 Ciechanowiec Mickiewicza 29A;510;116;116;2;114;22.75;1.72;476;210;210;4;206;44.12;1.90
80644;201302;4;Szkoła Podstawowa w Ciechanowcu 18-230 Ciechanowiec 11 Listopada 5;977;159;159;2;157;16.27;1.26;956;399;399;13;386;41.74;3.26
80645;201302;5;Sala Gimnastyczna przy budynku Szkoły Podstawowej w Ciechanowcu (były COKIS) 18-230 Ciechanowiec 11 Listopada 5;813;152;152;2;150;18.70;1.32;819;342;342;9;333;41.76;2.63
80646;201302;6;Świetlica Wiejska w Kosiorkach 18-230 Kosiorki 25;371;43;43;2;41;11.59;4.65;363;137;137;7;130;37.74;5.11
80647;201302;7;Świetlica Wiejska w Wojtkowicach Starych 18-230 Wojtkowice Stare 12A;374;46;46;1;45;12.30;2.17;366;133;133;2;131;36.34;1.50
80648;201302;8;Szkoła Podstawowa w Łempicach 13A 18-230 Łempice 13A;343;97;97;0;97;28.28;0.00;346;191;191;3;188;55.20;1.57
80649;201302;9;Szkoła Podstawowa w Kocach-Schabach 18-230 Koce-Schaby 24;290;78;78;1;77;26.90;1.28;289;168;168;1;167;58.13;0.60
80650;201302;10;Świetlica Wiejska w Winnej-Poświętnej 18-230 Winna-Poświętna 6;210;56;56;1;55;26.67;1.79;210;94;94;3;91;44.76;3.19
80651;201302;11;Szkoła Podstawowa w Radziszewie Starym 18-230 Radziszewo Stare 9;422;90;90;1;89;21.33;1.11;413;187;187;7;180;45.28;3.74
80652;201302;12;Budynek byłej Szkoły Podstawowej w Czajach-Wólce 18-230 Czaje-Wólka 33;175;46;46;2;44;26.29;4.35;178;88;88;2;86;49.44;2.27
80653;201302;13;Świetlica Wiejska w Pobikrach 18-230 Pobikry 50;209;52;52;6;46;24.88;11.54;206;102;102;7;95;49.51;6.86
80654;201302;14;Swietlica Wiejska w Skórcu 18-230 Skórzec 61 lokal: 61;336;88;88;1;87;26.19;1.14;335;130;130;3;127;38.81;2.31
91175;201302;15;Dom Pomocy Społecznej w Kozarzach 18-230 Kozarze 63;44;9;9;1;8;20.45;11.11;45;35;35;4;31;77.78;11.43
91176;201302;16;Zakład Opiekuńczo - Leczniczy w Ciechanowcu 18-230 Ciechanowiec Plac Ks. Kluka 4;57;8;8;0;8;14.04;0.00;63;7;7;0;7;11.11;0.00
80655;201303;1;Gminny Ośrodek Kultury w Czyżewie 18-220 Czyżew ul. Mazowiecka 34;1440;241;241;12;229;16.74;4.98;1449;661;661;21;640;45.62;3.18
80656;201303;2;Zespół Szkół Ogólnokształcących i Zawodowych w Czyżewie 18-220 Czyżew ul. Niepodległości 3;1153;205;205;7;198;17.78;3.41;1139;580;580;26;554;50.92;4.48
80657;201303;3;Zespół Szkół w Rosochatem Kościelnem 18-220 Rosochate Kościelne ul. Mazowiecka 5;921;144;144;0;144;15.64;0.00;910;430;430;3;427;47.25;0.70
80658;201303;4;Szkoła Podstawowa w Dąbrowie Wielkiej 18-220 Dąbrowa Wielka 19;616;117;117;2;115;18.99;1.71;612;323;323;6;317;52.78;1.86
80659;201303;5;Zespół Szkół w Czyżewie 18-220 Czyżew ul.Polna 5;1193;225;225;6;219;18.86;2.67;1178;617;617;17;600;52.38;2.76
80660;201304;1;Gminny Ośrodek Kultury w Klukowie 18-214 Klukowo ul. Mazowiecka 14;1361;354;354;13;341;26.01;3.67;1333;717;717;20;697;53.79;2.79
80661;201304;2;Szkoła Podstawowa 18-214 Kuczyn 69;1208;239;239;3;236;19.78;1.26;1207;652;652;19;633;54.02;2.91
80662;201304;3;Szkoła Podstawowa 18-214 Wyszonki Kościelne 1;1174;286;286;11;275;24.36;3.85;1150;578;578;14;564;50.26;2.42
80663;201305;1;Urząd Gminy 18-204 Kobylin-Borzymy Główna 11;730;165;165;6;159;22.60;3.64;721;351;351;2;349;48.68;0.57
80664;201305;2;Zespół Szkół 18-204 Kobylin-Borzymy Lipowa 17;704;151;151;0;151;21.45;0.00;684;346;346;6;340;50.58;1.73
80665;201305;3;Zespół Szkół 18-204 Kobylin-Borzymy Lipowa 17;738;187;187;2;185;25.34;1.07;724;396;396;8;388;54.70;2.02
80666;201305;4;Szkoła Podstawowa 18-208 Wnory-Kużele 37;629;137;137;2;135;21.78;1.46;618;310;310;7;303;50.16;2.26
80667;201306;1;Gimnazjum 18-208 Kulesze Kościelne ul. Główna 2;626;188;188;6;182;30.03;3.19;617;330;330;6;324;53.48;1.82
80668;201306;2;Szkoła Podstawowa 18-208 Kulesze Kościelne ul. Główna 2;761;115;115;6;109;15.11;5.22;734;348;348;10;338;47.41;2.87
80669;201306;3;Urząd Gminy 18-208 Kulesze Kościelne ul.Główna 6;702;220;220;6;214;31.34;2.73;697;381;381;9;372;54.66;2.36
80670;201306;4;Budynek Socjalny 18-208 Kalinowo Solki;512;189;189;6;183;36.91;3.17;504;330;330;10;320;65.48;3.03
80671;201307;1;Urząd Gminy Nowe Piekuty 18-212 Nowe Piekuty ul.Główna 8;1010;259;259;8;251;25.64;3.09;989;533;533;18;515;53.89;3.38
80672;201307;2;Zespół Szkół Nowe Piekuty 18-212 Nowe Piekuty ul.Główna 3;1098;282;282;12;270;25.68;4.26;1098;580;580;17;563;52.82;2.93
80673;201307;3;Zespół Szkół Jabłoń Kościelna 18-212 Jabłoń Kościelna ul.Mazowiecka 1;1147;325;325;16;309;28.33;4.92;1112;622;622;17;605;55.94;2.73
80674;201308;1;Szkoła Podstawowa 18-218 Kowalewszczyzna 29;788;135;135;0;135;17.13;0.00;771;288;288;10;278;37.35;3.47
80675;201308;2;Szkoła Podstawowa 18-218 Sokoły ul. Kościelna 5;1407;387;387;2;385;27.51;0.52;1390;779;779;11;768;56.04;1.41
80676;201308;3;Gminny Ośrodek Kultury 18-218 Sokoły ul. Kolejowa 3;1378;336;336;2;334;24.38;0.60;1353;710;710;17;693;52.48;2.39
80677;201308;4;Urząd Gminy 18-218 Sokoły ul. Rynek Mickiewicza 10;1222;347;347;11;336;28.40;3.17;1197;591;591;15;576;49.37;2.54
91177;201308;5;NZOZ MD CARE Sp. z o.o. Centrum Rehabilitacji i Adaptacji 18-218 Dworaki-Staśki 46;61;13;13;2;11;21.31;15.38;52;20;20;4;16;38.46;20.00
80678;201309;1;Ochotnicza Straż Pożarna w Szepietowie 18-210 Szepietowo ul. Sienkiewicza 52;806;159;159;6;153;19.73;3.77;771;305;305;5;300;39.56;1.64
80679;201309;2;Gminny Ośrodek Kultury w Szepietowie 18-210 Szepietowo ul. Sienkiewicza 52;1052;265;265;7;258;25.19;2.64;1033;544;544;15;529;52.66;2.76
80680;201309;3;Ochotnicza Straż Pożarna w Średnicy Maćkowiętach 18-210 Średnica Maćkowięta 16;720;167;167;4;163;23.19;2.40;706;360;360;6;354;50.99;1.67
80681;201309;4;Szkoła Podstawowa w Dąbrowie Moczydłach 18-210 Dąbrowa Moczydły 2;1199;255;255;1;254;21.27;0.39;1188;605;605;8;597;50.93;1.32
80682;201309;5;Szkoła Podstawowa w Dąbrówce Kościelnej 18-210 Dąbrówka Kościelna 35;1304;268;268;6;262;20.55;2.24;1287;587;587;11;576;45.61;1.87
80683;201309;6;Szkoła Podstawowa w Wojnach Krupach 18-210 Wojny Krupy 11;809;165;165;2;163;20.40;1.21;793;404;404;9;395;50.95;2.23
80684;201310;1;Urząd Gminy Wysokie Mazowieckie 18-200 Wysokie Mazowieckie Mickiewicza 1A;1451;283;283;10;273;19.50;3.53;1470;663;663;14;649;45.10;2.11
80685;201310;2;Zespół Szkół w Jabłonce Kościelnej 18-200 Jabłonka Kościelna;1156;222;222;4;218;19.20;1.80;1151;545;545;8;537;47.35;1.47
80686;201310;3;Remiza OSP w Starej Rusi 18-218 Stara Ruś;226;67;67;0;67;29.65;0.00;213;137;137;3;134;64.32;2.19
80687;201310;4;Budynek po Szkole Podstawowej w Dąbrowie-Dzięcieli 18-200 Dąbrowa-Dzięciel;311;59;59;0;59;18.97;0.00;302;131;131;6;125;43.38;4.58
80688;201310;5;Szkoła Podstawowa w Święcku Wielkim 18-200 Święck Wielki;300;48;48;1;47;16.00;2.08;305;131;131;6;125;42.95;4.58
80689;201310;6;Budynek po Szkole Podstawowej w Kalinowie-Czosnowie 18-200 Kalinowo-Czosnowo;292;80;80;3;77;27.40;3.75;281;172;172;0;172;61.21;0.00
80690;201310;7;Szkoła Podstawowa w Jabłonce Kościelnej, Szkoła Filialna w Gołaszach-Puszczy 18-200 Gołasze-Puszcza;310;75;75;3;72;24.19;4.00;301;145;145;6;139;48.17;4.14
80691;201310;8;Wiejski Dom Kultury w Mazurach 18-200 Mazury;248;71;71;1;70;28.63;1.41;249;125;125;2;123;50.20;1.60
80692;201401;1;Szkoła Podstawowa Nr 4 18-300 Zambrów ul. Konopnickiej 13;1127;332;332;6;326;29.46;1.81;1044;579;579;10;569;55.46;1.73
80693;201401;2;Zespół Szkół Ogólnokształcących 18-300 Zambrów ul. Konopnickiej 16;1978;424;424;10;414;21.44;2.36;1960;865;865;22;843;44.13;2.54
80694;201401;3;Miejskie Przedszkole Nr 4 18-300 Zambrów ul. Papieża Jana Pawła II 8A;1069;206;206;8;198;19.27;3.88;1037;518;518;10;508;49.95;1.93
80695;201401;4;Miejska Biblioteka Publiczna 18-300 Zambrów ul. Prymasa Wyszyńskiego 2;931;200;200;3;197;21.48;1.50;884;397;397;10;387;44.91;2.52
80696;201401;5;Miejskie Przedszkole Nr 1 18-300 Zambrów ul. Sadowa 5;1466;287;287;10;277;19.58;3.48;1443;578;578;12;566;40.06;2.08
80697;201401;6;Miejski Ośrodek Kultury 18-300 Zambrów ul. Prymasa Wyszyńskiego 2A;1694;383;383;2;381;22.61;0.52;1653;789;789;13;776;47.73;1.65
80698;201401;7;Miejskie Gimnazjum Nr 1 18-300 Zambrów ul. Prymasa Wyszyńskiego 6A;1688;302;302;12;290;17.89;3.97;1635;723;723;16;707;44.22;2.21
80699;201401;8;Szkoła Podstawowa Nr 5 18-300 Zambrów ul. Obrońców Zambrowa 6;948;207;207;2;205;21.84;0.97;949;486;486;7;479;51.21;1.44
80700;201401;9;Miejskie Przedszkole Nr 6 18-300 Zambrów ul. 71 Pułku Piechoty 10;802;204;204;1;203;25.44;0.49;834;427;427;8;419;51.20;1.87
80701;201401;10;Sala Konferencyjna Starostwa Powiatowego 18-300 Zambrów ul. Fabryczna 3;1642;304;304;10;294;18.51;3.29;1594;669;669;10;659;41.97;1.49
80702;201401;11;Szkoła Podstawowa Nr 3 18-300 Zambrów ul. Magazynowa 13;1712;340;340;11;329;19.86;3.24;1661;683;683;17;666;41.12;2.49
80703;201401;12;Szkoła Podstawowa Nr 3 18-300 Zambrów ul. Magazynowa 13;1848;317;317;18;299;17.15;5.68;1788;673;674;21;652;37.64;3.12
80704;201401;13;Zespół Placówek Opiekuńczo-Wychowawczych 18-300 Zambrów ul. Aleja Wojska Polskiego 52;1238;143;143;6;137;11.55;4.20;1255;418;418;12;406;33.31;2.87
91178;201401;14;Szpital Powiatowy 18-300 Zambrów ul. Papieża Jana Pawła II 3;58;10;10;0;10;17.24;0.00;62;36;36;1;35;58.06;2.78
80705;201402;1;Urząd Gminy w Kołakach Kościelnych 18-315 Kołaki Kościelne ul. Kościelna 11;688;201;201;3;198;29.22;1.49;693;365;365;8;357;52.67;2.19
80706;201402;2;Zespół Szkół w Kołakach Kościelnych 18-315 Kołaki Kościelne ul. Kościelna 26;652;209;209;8;201;32.06;3.83;640;358;358;7;351;55.94;1.96
80707;201402;3;Sala gimnastyczna przy Zespole Szkół w Kołakach Kościelnych 18-315 Kołaki Kościelne ul. Kościelna 26;621;147;147;3;144;23.67;2.04;610;323;323;8;315;52.95;2.48
80708;201403;1;Urząd Gminy Rutki Sala konferencyjna 18-312 Rutki-Kossaki ul.11 Listopada 7;1262;168;168;10;158;13.31;5.95;1244;472;472;20;452;37.94;4.24
80709;201403;2;Świetlica Wiejska w Zambrzycach - Królach 18-312 Zambrzyce-Króle 6;1007;218;218;6;212;21.65;2.75;978;501;501;10;491;51.23;2.00
80710;201403;3;Szkoła Podstawowa w Grądach-Woniecko 18-312 Grądy-Woniecko 18;664;113;113;8;105;17.02;7.08;655;197;197;14;183;30.08;7.11
80711;201403;4;Szkoła Podstawowa w Kołomyi 18-312 Kołomyja 35;614;108;108;0;108;17.59;0.00;608;261;261;6;255;42.93;2.30
80712;201403;5;Urząd Stanu Cywilnego w Rutkach 18-312 Rutki-Kossaki ul.11 Listopada 7;1117;224;224;9;215;20.05;4.02;1114;487;487;17;470;43.72;3.49
91179;201403;6;Zakład Karny w Grądach-Woniecko 18-312 Grądy-Woniecko 34;213;202;202;82;120;94.84;40.59;180;88;88;16;72;48.89;18.18
80713;201404;1;Gminny Ośrodek Kultury w Szumowie 18-305 Szumowo ul. XXX-lecia 2;752;185;185;6;179;24.60;3.24;752;390;390;8;382;51.86;2.05
80714;201404;2;Zespół Szkół w Szumowie 18-305 Szumowo ul. Szkolna 14;565;120;120;2;118;21.24;1.67;546;267;267;7;260;48.90;2.62
80715;201404;3;Szkoła Podstawowa w Srebrnej 18-305 Srebrna 81;581;123;123;4;119;21.17;3.25;568;267;267;17;250;47.01;6.37
80716;201404;4;Szkoła Podstawowa w Pęchratce Polskiej 18-305 Pęchratka Polska 54;388;102;102;0;102;26.29;0.00;377;202;202;1;201;53.58;0.50
80717;201404;5;Szkoła Podstawowa w Paproci Dużej 18-305 Paproć Duża 53;432;53;53;1;52;12.27;1.89;431;157;157;13;144;36.43;8.28
80718;201404;6;Szkoła Podstawowa w Łętownicy 18-305 Łętownica 68;225;45;45;2;43;20.00;4.44;214;93;93;1;92;43.46;1.08
80719;201404;7;Remiza Strażacka w Ostrożnem 18-305 Ostrożne 53;374;88;88;2;86;23.53;2.27;375;192;192;5;187;51.20;2.60
80720;201404;8;Remiza Strażacka w Głęboczu Wielkim 18-305 Głębocz Wielki 17;178;41;41;0;41;23.03;0.00;189;85;85;10;75;44.97;11.76
80721;201404;9;Remiza Strażacka w Srebrnym Borku 18-305 Srebrny Borek 40;294;60;60;1;59;20.41;1.67;280;106;106;2;104;37.86;1.89
80722;201404;10;Remiza Strażacka w Zarębach-Jartuzach 18-305 Zaręby-Jartuzy 16a;188;77;77;4;73;40.96;5.19;191;92;92;3;89;48.17;3.26
80723;201405;1;Szkoła Podstawowa w Starym Zakrzewie 18-300 Stare Zakrzewo 15;451;91;91;0;91;20.18;0.00;448;225;225;4;221;50.22;1.78
80724;201405;2;Szkoła Podstawowa w Starym Laskowcu 18-300 Stary Laskowiec 14;757;170;170;5;165;22.46;2.94;747;380;380;5;375;50.87;1.32
80725;201405;3;Szkoła Podstawowa w Osowcu 18-300 Osowiec 22;610;94;94;0;94;15.41;0.00;613;229;229;8;221;37.36;3.49
80726;201405;4;Świetlica Wiejska w Wądołkach-Bućkach 18-300 Wądołki-Bućki 11B;776;123;123;3;120;15.85;2.44;774;313;313;4;309;40.44;1.28
80727;201405;5;Szkoła Podstawowa w Porytem-Jabłoni 18-300 Poryte-Jabłoń 103;907;144;144;3;141;15.88;2.08;882;346;346;4;342;39.23;1.16
80728;201405;6;Szkoła Podstawowa w Starym Skarżynie 18-300 Stary Skarżyn 44;496;144;144;1;143;29.03;0.69;488;265;265;9;256;54.30;3.40
80729;201405;7;Świetlica Wiejska w Przeździecko-Mroczkach, 18-300 Przeździecko-Mroczki 5;449;72;72;1;71;16.04;1.39;447;209;209;8;201;46.76;3.83
80730;201405;8;Świetlica Wiejska w Ładach Polnych 18-300 Łady Polne 11B;492;146;146;6;140;29.67;4.11;487;274;274;3;271;56.26;1.09
80731;201405;9;Szkoła Podstawowa w Wiśniewie 18-300 Wiśniewo 10;908;159;159;4;155;17.51;2.52;915;380;380;0;380;41.53;0.00
80732;201405;10;Świetlica Wiejska w Woli Zambrowskiej 18-300 Wola Zambrowska 95A;547;100;100;4;96;18.28;4.00;558;270;270;3;267;48.39;1.11
80733;201405;11;Świetlica Wiejska w Tabędzu 18-300 Tabędz 16A;589;119;119;4;115;20.20;3.36;598;291;291;10;281;48.66;3.44
91180;201405;12;Zakład Karny w Czerwonym Borze, 18-400 Czerwony Bór 2;802;230;230;67;163;28.68;29.13;566;189;189;19;170;33.39;10.05
80734;206101;1;Szkoła Podstawowa Nr 2 15-873 Białystok ul. Bohaterów Monte Cassino 25;1336;423;423;2;421;31.66;0.47;1319;760;760;20;740;57.62;2.63
80735;206101;2;Szkoła Podstawowa Nr 2 15-873 Białystok ul. Bohaterów Monte Cassino 25;1107;352;352;6;346;31.80;1.70;1086;634;634;18;616;58.38;2.84
80736;206101;3;Zespół Szkół Technicznych 15-879 Białystok ul. Stołeczna 21;1503;461;461;12;449;30.67;2.60;1441;796;796;11;785;55.24;1.38
80737;206101;4;Publiczne Gimnazjum Nr 7 15-879 Białystok ul. Stołeczna 6;1313;477;477;7;470;36.33;1.47;1295;799;799;14;785;61.70;1.75
80738;206101;5;Szkoła Podstawowa Nr 2 15-873 Białystok ul. Bohaterów Monte Cassino 25;1104;287;287;4;283;26.00;1.39;1147;629;629;11;618;54.84;1.75
80739;206101;6;IV Liceum Ogólnokształcące 15-312 Białystok, Piaski ul. Zwierzyniecka 9a;1588;494;494;11;483;31.11;2.23;1531;869;869;15;854;56.76;1.73
80740;206101;7;IV Liceum Ogólnokształcące 15-312 Białystok, Piaski ul. Zwierzyniecka 9a;1017;352;352;6;346;34.61;1.70;905;543;543;10;533;60.00;1.84
80741;206101;8;Szkoła Podstawowa Nr 6 15-307 Białystok, Piaski ul. Wesoła 11a;1461;623;623;10;613;42.64;1.61;1506;1008;1008;13;995;66.93;1.29
80742;206101;9;Publiczne Gimnazjum Nr 2 15-281 Białystok, Piaski ul. Legionowa 7;1490;548;548;6;542;36.78;1.09;1485;948;948;10;938;63.84;1.05
80743;206101;10;Publiczne Gimnazjum Nr 2 15-281 Białystok, Piaski ul. Legionowa 7;1282;400;401;8;392;31.20;2.00;1220;690;690;8;682;56.56;1.16
80744;206101;11;Przedszkole Samorządowe Nr 25 15-274 Białystok, Piaski ul. Waszyngtona 4;1213;394;395;26;368;32.48;6.60;1152;620;620;4;616;53.82;0.65
80745;206101;12;Przedszkole Samorządowe Nr 52 15-274 Białystok, Piaski ul. Waszyngtona 16;1442;454;454;7;447;31.48;1.54;1411;816;816;7;809;57.83;0.86
80746;206101;13;Szkoła Podstawowa Nr 34 15-365 Białystok ul. Pogodna 12;1775;497;497;10;487;28.00;2.01;1710;905;905;13;892;52.92;1.44
80747;206101;14;Szkoła Podstawowa Nr 34 15-354 Białystok ul. Pogodna 12;1449;419;419;2;417;28.92;0.48;1469;875;875;7;868;59.56;0.80
80748;206101;15;Zarząd Mienia Komunalnego 15-370 Białystok ul. Bema 89/1;1756;431;431;25;406;24.54;5.80;1682;875;875;22;853;52.02;2.51
80749;206101;16;Zespół Szkół Handlowo-Ekonomicznych 15-370 Białystok ul. Bema 105;1555;487;487;11;476;31.32;2.26;1683;1049;1049;11;1038;62.33;1.05
80750;206101;17;Zespół Szkół Handlowo-Ekonomicznych 15-370 Białystok ul. Bema 105;1576;368;368;13;355;23.35;3.53;1508;710;710;23;687;47.08;3.24
80751;206101;18;Szkoła Podstawowa Nr 14 15-337 Białystok ul. Pułaskiego 25;1383;429;429;13;416;31.02;3.03;1386;887;887;9;878;64.00;1.01
80752;206101;19;Szkoła Podstawowa Nr 14 15-337 Białystok ul. Pułaskiego 25;1194;391;391;14;377;32.75;3.58;1227;743;743;6;737;60.55;0.81
80753;206101;20;Szkoła Podstawowa Nr 14 15-337 Białystok ul. Pułaskiego 25;1366;472;472;11;461;34.55;2.33;1407;876;876;13;863;62.26;1.48
80754;206101;21;Przedszkole Samorządowe Nr 1 15-325 Białystok ul. Kawaleryjska 70;1171;351;351;4;347;29.97;1.14;1146;703;703;10;693;61.34;1.42
80755;206101;22;Przedszkole Samorządowe Nr 64 15-349 Białystok, Nowe Miasto ul. Dubois 12;1643;408;408;10;398;24.83;2.45;1594;919;919;28;891;57.65;3.05
80756;206101;23;Przedszkole Samorządowe Nr 32 15-338 Białystok, Nowe Miasto ul. Pułaskiego 55;1455;408;408;10;398;28.04;2.45;1412;841;841;17;824;59.56;2.02
80757;206101;24;Szkoła Podstawowa Nr 50 15-338 Białystok, Nowe Miasto ul. Pułaskiego 96;1485;326;326;14;312;21.95;4.29;1444;794;794;20;774;54.99;2.52
80758;206101;25;Szkoła Podstawowa Nr 50 15-338 Białystok, Nowe Miasto ul. Pułaskiego 96;1707;445;445;7;438;26.07;1.57;1695;906;906;15;891;53.45;1.66
80759;206101;26;Szkoła Podstawowa Nr 50 15-337 Białystok, Nowe Miasto ul. Pułaskiego 96;1563;379;379;7;372;24.25;1.85;1518;807;807;5;802;53.16;0.62
80760;206101;27;Szkoła Podstawowa Nr 50 15-337 Białystok, Nowe Miasto ul. Pułaskiego 96;1766;534;534;4;530;30.24;0.75;1803;1131;1131;11;1120;62.73;0.97
80761;206101;28;Szkoła Podstawowa Nr 50 15-337 Białystok, Nowe Miasto ul. Pułaskiego 96;1040;295;295;3;292;28.37;1.02;1141;715;715;8;707;62.66;1.12
80762;206101;29;Publiczne Gimnazjum Nr 2 15-281 Białystok, Piaski ul. Legionowa 7;776;174;174;2;172;22.42;1.15;765;381;381;7;374;49.80;1.84
80763;206101;30;I Liceum Ogólnokształcące 15-889 Białystok ul. Brukowa 2;959;226;226;2;224;23.57;0.88;896;427;433;5;422;47.66;1.17
80764;206101;31;Szkoła Podstawowa Nr 4 15-459 Białystok ul. Częstochowska 6a;1320;342;342;10;332;25.91;2.92;1254;581;581;9;572;46.33;1.55
80765;206101;32;Szkoła Podstawowa Nr 4 15-459 Piaski ul. Częstochowska 6a;1352;364;364;9;355;26.92;2.47;1306;657;657;12;645;50.31;1.83
80766;206101;33;Zespół Szkół Nr 12 15-875 Białystok ul. Krakowska 19;1000;252;252;3;249;25.20;1.19;942;456;456;2;454;48.41;0.44
80767;206101;34;Przedszkole Samorządowe Nr 10 15-446 Białystok Al. Piłsudskiego 34;1306;402;402;7;395;30.78;1.74;1254;652;652;11;641;51.99;1.69
80768;206101;35;Niepubliczna Szkoła Podstawowa św. św. Cyryla i Metodego 15-461 Białystok ul. Waryńskiego 30;1492;321;321;4;317;21.51;1.25;1410;594;594;3;591;42.13;0.51
80769;206101;36;Niepubliczna Szkoła Podstawowa św. św. Cyryla i Metodego 15-461 Białystok ul. Waryńskiego 30;1491;335;335;4;331;22.47;1.19;1442;679;679;13;666;47.09;1.91
80770;206101;37;Białostocki Ośrodek Sportu i Rekreacji 15-465 Białystok ul. Włókiennicza 4;1269;362;362;5;357;28.53;1.38;1223;652;652;10;642;53.31;1.53
80771;206101;38;Szkoła Podstawowa Nr 26 15-863 Białystok, Białostoczek ul. Radzymińska 11;1544;577;577;8;569;37.37;1.39;1511;926;926;12;914;61.28;1.30
80772;206101;39;Przedszkole Samorządowe Nr 55 15-868 Białystok, Białostoczek ul. Kozłowa 25;1096;381;381;5;376;34.76;1.31;1042;608;608;7;601;58.35;1.15
80773;206101;40;Szkoła Podstawowa Nr 26 15-863 Białystok, Białostoczek ul. Radzymińska 11;1460;420;420;10;410;28.77;2.38;1408;825;826;11;814;58.59;1.33
80774;206101;41;Zespół Szkół Ogólnokształcących Nr 10 15-865 Białystok, Białostoczek ul. Sokólska 1;1472;411;411;6;405;27.92;1.46;1418;794;794;14;780;55.99;1.76
80775;206101;42;Zespół Szkół Ogólnokształcących Nr 10 15-865 Białystok, Białostoczek ul. Sokólska 1;1575;594;594;10;584;37.71;1.68;1504;941;941;9;932;62.57;0.96
80776;206101;43;Zespół Szkół Ogólnokształcących Nr 10 15-865 Białystok, Białostoczek ul. Sokólska 1;1215;384;384;11;373;31.60;2.86;1195;691;691;13;678;57.82;1.88
80777;206101;44;Zespół Szkół Elektrycznych 15-111 Białystok, Białostoczek Al. Tysiąclecia Państwa Polskiego 14;1558;477;477;7;470;30.62;1.47;1762;1118;1118;6;1112;63.45;0.54
80778;206101;45;Szkoła Podstawowa Nr 11 15-114 Białystok, Białostoczek ul. Poleska 27;1279;361;361;13;348;28.23;3.60;1236;667;667;11;656;53.96;1.65
80779;206101;46;Szkoła Podstawowa Nr 11 15-114 Białystok, Białostoczek ul. Poleska 27;1325;418;418;9;409;31.55;2.15;1317;753;753;13;740;57.18;1.73
80780;206101;47;Zespół Szkół Technicznych i Ogólnokształcących 15-002 Białystok ul. Sienkiewicza 57;1080;379;379;14;365;35.09;3.69;1079;658;658;3;655;60.98;0.46
80781;206101;48;Zespół Szkół Technicznych i Ogólnokształcących 15-002 Białystok ul. Sienkiewicza 57;1046;280;280;1;279;26.77;0.36;1022;540;540;10;530;52.84;1.85
80782;206101;49;Publiczne Gimnazjum Nr 4 15-472 Białystok ul. Ciepła 32;1499;423;423;7;416;28.22;1.65;1459;830;830;10;820;56.89;1.20
80783;206101;50;Żłobek Miejski Nr 3 15-137 Białystok, Wygoda ul. Wasilkowska 4;1622;453;453;14;439;27.93;3.09;1595;906;906;12;894;56.80;1.32
80784;206101;51;Przedszkole Samorządowe Nr 45 15-182 Białystok, Wygoda ul. Gen. Sosabowskiego 6;1262;411;411;3;408;32.57;0.73;1224;703;703;5;698;57.43;0.71
80785;206101;52;Zespół Szkół Nr 3 Szkoła Podstawowa Nr 8 15-151 Białystok, Wygoda ul. Jesienna 8;1565;407;407;5;402;26.01;1.23;1520;819;821;10;809;53.88;1.22
80786;206101;53;Zespół Szkół Nr 3 Szkoła Podstawowa Nr 8 15-151 Białystok, Wygoda ul. Jesienna 8;1462;388;388;6;382;26.54;1.55;1461;765;765;15;750;52.36;1.96
80787;206101;54;Szkoła Podstawowa Nr 51 15-197 Białystok, Wygoda ul. Kluka 11A;1139;310;310;9;301;27.22;2.90;1136;695;695;7;688;61.18;1.01
80788;206101;55;Szkoła Podstawowa Nr 51 15-197 Białystok, Wygoda ul. Kluka 11A;1498;351;351;7;344;23.43;1.99;1460;777;777;19;758;53.22;2.45
80789;206101;56;Szkoła Podstawowa Nr 51 15-197 Białystok, Wygoda ul. Kluka 11A;1582;510;510;11;499;32.24;2.16;1779;1101;1101;24;1077;61.89;2.18
80790;206101;57;Szkoła Podstawowa Nr 51 15-197 Białystok, Wygoda ul. Kluka 11A;1400;452;452;7;445;32.29;1.55;1378;811;811;4;807;58.85;0.49
80791;206101;58;Zespół Szkół Nr 6 (Publiczne Gimnazjum Nr 12) 15-131 Białystok ul. Pietrasze 29;1653;576;576;14;562;34.85;2.43;1601;1002;1002;15;987;62.59;1.50
80792;206101;59;Zespół Szkół Nr 6 (Publiczne Gimnazjum Nr 12) 15-131 Białystok ul. Pietrasze 29;1815;514;514;13;501;28.32;2.53;1798;1036;1036;17;1019;57.62;1.64
80793;206101;60;Zespół Szkół Nr 6 (Publiczne Gimnazjum Nr 12) 15-131 Białystok ul. Pietrasze 29;1760;532;532;11;521;30.23;2.07;1712;1038;1038;8;1030;60.63;0.77
80794;206101;61;Prywatna Szkoła Podstawowa Nr 1 15-157 Białystok ul. Boruty 18;1674;600;600;11;589;35.84;1.83;1658;1095;1095;10;1085;66.04;0.91
80795;206101;62;Prywatna Szkoła Podstawowa Nr 1 15-157 Białystok ul. Boruty 18;1015;357;357;9;348;35.17;2.52;1021;647;647;3;644;63.37;0.46
80796;206101;63;Prywatna Szkoła Podstawowa Nr 1 15-157 Białystok ul. Boruty 18;1704;593;593;9;584;34.80;1.52;1753;1115;1115;12;1103;63.61;1.08
80797;206101;64;VI Liceum Ogólnokształcące 15-063 Białystok, Bojary ul. Warszawska 8;859;262;262;4;258;30.50;1.53;857;475;475;6;469;55.43;1.26
80798;206101;65;Zespół Szkół Ogólnokształcących Nr 3 (III Liceum Ogólnokształcące) 15-042 Bojary ul. Pałacowa 2/1;1361;466;466;7;459;34.24;1.50;1330;807;807;6;801;60.68;0.74
80799;206101;66;Przedszkole Samorządowe Nr 22 15-017 Białystok, Bojary ul. Łąkowa 17;673;217;217;4;213;32.24;1.84;688;427;427;7;420;62.06;1.64
80800;206101;67;Zespół Szkół Nr 5 (Szkoła Podstawowa Nr 5) 15-021 Bojary ul. Kamienna 15;1298;456;456;11;445;35.13;2.41;1288;827;827;7;820;64.21;0.85
80801;206101;68;Zespół Szkół Nr 5 (Szkoła Podstawowa Nr 5) 15-021 Bojary ul. Kamienna 15;1529;498;498;14;484;32.57;2.81;1534;833;833;6;827;54.30;0.72
80802;206101;69;Zespół Szkół Budowlano-Geodezyjnych 15-029 Białystok, Bojary ul. Słonimska 47/1;1536;471;471;15;456;30.66;3.18;1567;966;966;17;949;61.65;1.76
80803;206101;70;Publiczne Gimnazjum Nr 3 15-040 Białystok ul. Spacerowa 4;1082;332;332;8;324;30.68;2.41;1039;599;599;13;586;57.65;2.17
80804;206101;71;Publiczne Gimnazjum nr 3 15-040 Białystok ul. Spacerowa 4;1537;463;463;14;449;30.12;3.02;1476;782;784;13;769;52.98;1.66
80805;206101;72;Przedszkole Samorządowe Nr 68 15-054 Białystok ul. Mieszka I 19;1661;527;527;20;507;31.73;3.80;1606;920;920;15;905;57.29;1.63
80806;206101;73;Szkoła Podstawowa Nr 19 15-054 Białystok ul. Mieszka I 18;1358;408;408;11;397;30.04;2.70;1384;872;872;3;869;63.01;0.34
80807;206101;74;Szkoła Podstawowa Nr 19 15-054 Białystok ul. Mieszka I 18;1489;437;437;10;427;29.35;2.29;1443;823;823;14;809;57.03;1.70
80808;206101;75;Szkoła Podstawowa Nr 19 15-054 Białystok ul. Mieszka I 18;1561;506;506;12;494;32.42;2.37;1531;865;865;13;852;56.50;1.50
80809;206101;76;Szkoła Podstawowa Nr 19 15-054 Białystok ul. Mieszka I 18;1416;468;468;9;459;33.05;1.92;1373;830;830;11;819;60.45;1.33
80810;206101;77;Zespół Szkół Budowlano-Geodezyjnych, 15-029 Białystok, Bojary ul. Słonimska 47/1;1141;341;341;5;336;29.89;1.47;1078;669;669;6;663;62.06;0.90
80811;206101;78;VIII Liceum Ogólnokształcące 15-207 Białystok ul. Piastowska 5;1208;395;395;5;390;32.70;1.27;1185;677;677;6;671;57.13;0.89
80812;206101;79;Publiczne Gimnazjum Nr 13 15-207 Białystok ul. Piastowska 3D;1323;397;397;11;386;30.01;2.77;1295;695;695;11;684;53.67;1.58
80813;206101;80;Publiczne Gimnazjum Nr 13 15-207 Białystok ul. Piastowska 3D;1468;456;456;1;455;31.06;0.22;1401;820;820;7;813;58.53;0.85
80814;206101;81;Internat VIII Liceum Ogólnokształcącego 15-207 Białystok ul. Piastowska 5;1100;255;255;3;252;23.18;1.18;1033;508;508;4;504;49.18;0.79
80815;206101;82;Zespół Szkół Ogólnokształcących Mistrzostwa Sportowego 15-215 Białystok ul. Konopnickiej 3;1645;576;578;11;565;35.02;1.91;1592;944;944;15;929;59.30;1.59
80816;206101;83;Zespół Szkół Ogólnokształcących Mistrzostwa Sportowego 15-215 Białystok ul. Konopnickiej 3;1191;474;474;9;465;39.80;1.90;1164;735;735;11;724;63.14;1.50
80817;206101;84;XI Liceum Ogólnokształcące 15-225 Białystok ul. Grottgera 9;1391;498;498;7;491;35.80;1.41;1380;844;844;11;833;61.16;1.30
80818;206101;85;XI Liceum Ogólnokształcące 15-225 Białystok ul. Grottgera 9;1303;483;483;6;477;37.07;1.24;1281;785;785;15;770;61.28;1.91
80819;206101;86;Zespół Szkół Nr 2 15-249 Białystok ul. Gdańska 23/1;1111;375;375;4;371;33.75;1.07;1074;669;669;7;662;62.29;1.05
80820;206101;87;Zespół Szkół Nr 2 15-249 Białystok ul. Gdańska 23/1;1503;470;470;17;453;31.27;3.62;1487;877;877;10;867;58.98;1.14
80821;206101;88;Szkoła Podstawowa Nr 28 15-553 Białystok, Skorupy ul. Warmińska 55;1078;314;314;9;305;29.13;2.87;1100;614;614;15;599;55.82;2.44
80822;206101;89;Szkoła Podstawowa Nr 28 15-553 Białystok, Skorupy ul. Warmińska 55;1203;328;328;12;316;27.27;3.66;1203;667;667;9;658;55.44;1.35
80823;206101;90;Zespół Szkół Nr 1 15-559 Białystok, Skorupy ul. Leśna 30;1692;452;452;14;438;26.71;3.10;1647;941;941;20;921;57.13;2.13
80824;206101;91;Zespół Szkół Nr 1 15-559 Białystok, Skorupy ul. Leśna 30;1416;409;409;12;397;28.88;2.93;1384;815;815;15;800;58.89;1.84
80825;206101;92;Zespół Szkół Nr 1 15-559 Białystok, Skorupy ul. Leśna 30;1361;310;310;5;305;22.78;1.61;1309;693;693;9;684;52.94;1.30
80826;206101;93;Zespół Szkół Ogólnokształcących Nr 8 15-540 Białystok, Dojlidy ul. Żurawia 12;1142;413;413;4;409;36.16;0.97;1138;719;719;6;713;63.18;0.83
80827;206101;94;Zespół Szkół Ogólnokształcących Nr 8 15-540 Białystok, Dojlidy ul. Żurawia 12;1132;319;319;2;317;28.18;0.63;1094;602;602;14;588;55.03;2.33
80828;206101;95;Zespół Szkół Nr 4 (Szkoła Podstawowa Nr 52) 15-572 Białystok, Dojlidy Górne ul. Dojlidy Górne 48;1158;350;350;9;341;30.22;2.57;1168;670;670;11;659;57.36;1.64
80829;206101;96;Zespół Szkół Nr 4 (Szkoła Podstawowa Nr 52) 15-572 Białystok, Dojlidy Górne ul. Dojlidy Górne 48;1184;340;340;9;331;28.72;2.65;1225;734;734;7;727;59.92;0.95
80830;206101;97;Zespół Szkół Nr 4 (Szkoła Podstawowa Nr 52) 15-572 Białystok, Dojlidy Górne ul. Dojlidy Górne 48;983;242;242;3;239;24.62;1.24;1033;642;642;10;632;62.15;1.56
80831;206101;98;Zespół Szkół Sportowych Nr 1 15-720 Białystok ul. Promienna 13a;1249;395;395;4;391;31.63;1.01;1243;729;729;9;720;58.65;1.23
80832;206101;99;Zespół Szkół Nr 16 15-703 Białystok ul. Zwycięstwa 28;1271;332;332;4;328;26.12;1.20;1223;609;609;11;598;49.80;1.81
80833;206101;100;Zespół Szkół Sportowych Nr 1 15-720 Białystok ul. Promienna 13a;1357;437;437;9;428;32.20;2.06;1350;805;805;14;791;59.63;1.74
80834;206101;101;Zespół Szkół Ogólnokształcących Nr 9 15-668 Białystok ul. Upalna 26;1522;452;452;8;444;29.70;1.77;1484;851;851;16;835;57.35;1.88
80835;206101;102;Zespół Szkół Ogólnokształcących Nr 9 15-668 Białystok ul. Upalna 26;1196;313;313;9;304;26.17;2.88;1166;678;678;10;668;58.15;1.47
80836;206101;103;Przedszkole Samorządowe Nr 50 15-668 Białystok ul. Upalna 74;987;287;287;5;282;29.08;1.74;947;542;542;5;537;57.23;0.92
80837;206101;104;Szkoła Podstawowa Nr 43 15-662 Białystok ul. Stroma 16;1529;396;396;15;381;25.90;3.79;1452;774;774;8;766;53.31;1.03
80838;206101;105;Szkoła Podstawowa Nr 43 15-662 Białystok ul. Stroma 16;1353;318;318;12;306;23.50;3.77;1299;677;677;14;663;52.12;2.07
80839;206101;106;Szkoła Podstawowa Nr 43 15-662 Białystok ul. Stroma 16;1096;277;277;5;272;25.27;1.81;1060;596;596;8;588;56.23;1.34
80840;206101;107;Przedszkole Samorządowe Nr 39 15-660 Białystok ul. Witosa 22;1295;389;389;17;372;30.04;4.37;1251;723;723;9;714;57.79;1.24
80841;206101;108;Szkoła Podstawowa Nr 49 15-661 Białystok ul. Armii Krajowej 32;1684;445;445;11;434;26.43;2.47;1758;1039;1039;21;1018;59.10;2.02
80842;206101;109;Szkoła Podstawowa Nr 49 15-661 Białystok ul. Armii Krajowej 32;1504;389;389;12;377;25.86;3.08;1476;835;835;17;818;56.57;2.04
80843;206101;110;Szkoła Podstawowa Nr 49 15-661 Białystok ul. Armii Krajowej 32;1486;442;442;7;435;29.74;1.58;1458;858;858;9;849;58.85;1.05
80844;206101;111;Szkoła Podstawowa Nr 49 15-661 Białystok ul. Armii Krajowej 32;1761;462;462;16;446;26.24;3.46;1752;942;942;25;917;53.77;2.65
80845;206101;112;Szkoła Podstawowa Nr 49 15-661 Białystok ul. Armii Krajowej 32;1804;441;441;6;435;24.45;1.36;1828;1059;1059;20;1039;57.93;1.89
80846;206101;113;Szkoła Podstawowa Nr 44 15-665 Białystok ul. Rumiankowa 13;1341;326;326;5;321;24.31;1.53;1277;695;695;10;685;54.42;1.44
80847;206101;114;Szkoła Podstawowa Nr 44 15-665 Białystok ul. Rumiankowa 13;1489;405;405;10;395;27.20;2.47;1412;807;808;11;796;57.15;1.36
80848;206101;115;Szkoła Podstawowa Nr 44 15-665 Białystok ul. Rumiankowa 13;1441;377;377;8;369;26.16;2.12;1373;784;784;14;770;57.10;1.79
80849;206101;116;Przedszkole Samorządowe Nr 79 15-674 Białystok ul. Konwaliowa 8;1516;388;388;10;378;25.59;2.58;1448;774;774;10;764;53.45;1.29
80850;206101;117;Publiczne Gimnazjum Nr 18 15-669 Białystok ul. Magnoliowa 13;1442;345;345;10;335;23.93;2.90;1402;733;733;17;716;52.28;2.32
80851;206101;118;Publiczne Gimnazjum Nr 18 15-669 Białystok ul. Magnoliowa 13;1158;302;302;9;293;26.08;2.98;1103;632;632;11;621;57.30;1.74
80852;206101;119;Publiczne Gimnazjum Nr 18 15-669 Białystok ul. Magnoliowa 13;1185;320;320;7;313;27.00;2.19;1152;642;642;10;632;55.73;1.56
80853;206101;120;Publiczne Gimnazjum Nr 18 15-669 Białystok ul. Magnoliowa 13;1385;382;382;6;376;27.58;1.57;1312;747;747;11;736;56.94;1.47
80854;206101;121;V Liceum Ogólnokształcące 15-656 Białystok, Starosielce ul. Miodowa 5;1285;361;361;11;350;28.09;3.05;1282;758;758;7;751;59.13;0.92
80855;206101;122;V Liceum Ogólnokształcące 15-656 Białystok, Starosielce ul. Miodowa 5;932;266;266;4;262;28.54;1.50;939;515;515;13;502;54.85;2.52
80856;206101;123;Szkoła Podstawowa Nr 21 15-612 Białystok, Starosielce ul. Polowa 7/1;1257;238;238;6;232;18.93;2.52;1200;571;571;8;563;47.58;1.40
80857;206101;124;Szkoła Podstawowa Nr 21 15-612 Białystok, Starosielce ul. Polowa 7/1;1511;484;484;1;483;32.03;0.21;1475;877;877;4;873;59.46;0.46
80858;206101;125;Szkoła Podstawowa Nr 21 15-612 Białystok, Starosielce ul. Polowa 7/1;1067;361;361;3;358;33.83;0.83;1083;656;656;7;649;60.57;1.07
80859;206101;126;Świetlica Dziennego Pobytu dla Dzieci przy Dziennym Domu Pomocy Społecznej 15-639 Białystok, Starosielce ul. Barszczańska 18;1099;231;231;6;225;21.02;2.60;1075;470;470;9;461;43.72;1.91
80860;206101;127;Świetlica Dziennego Pobytu dla Dzieci przy Dziennym Domu Pomocy Społecznej 15-639 Białystok, Starosielce ul. Barszczańska 18;846;118;118;3;115;13.95;2.54;800;306;306;13;293;38.25;4.25
80861;206101;128;Zespół Szkół Mechanicznych 15-748 Białystok, Antoniuk ul. Broniewskiego 14;1374;384;384;17;367;27.95;4.43;1310;687;688;14;673;52.44;2.04
80862;206101;129;Zespół Szkół Mechanicznych 15-748 Białystok, Antoniuk ul. Broniewskiego 14;1321;293;293;3;290;22.18;1.02;1296;570;570;9;561;43.98;1.58
80863;206101;130;Szkoła Podstawowa Nr 15 15-748 Białystok, Antoniuk ul. Broniewskiego 1;1247;399;399;9;390;32.00;2.26;1219;680;680;14;666;55.78;2.06
80864;206101;131;Szkoła Podstawowa Nr 15 15-748 Białystok, Antoniuk ul. Broniewskiego 1;1508;459;459;19;440;30.44;4.14;1434;732;786;9;723;51.05;1.23
80865;206101;132;VII Liceum Ogólnokształcące 15-743 Białystok, Antoniuk ul. Wierzbowa 7;1251;364;364;6;358;29.10;1.65;1214;679;679;9;670;55.93;1.33
80866;206101;133;VII Liceum Ogólnokształcące 15-743 Białystok, Antoniuk ul. Wierzbowa 7;1392;344;344;8;336;24.71;2.33;1335;602;602;10;592;45.09;1.66
80867;206101;134;Szkoła Podstawowa Nr 7 15-827 Białystok, Antoniuk ul. Wiatrakowa 18;1112;336;336;1;335;30.22;0.30;1054;577;577;7;570;54.74;1.21
80868;206101;135;Szkoła Podstawowa Nr 7 15-827 Białystok, Antoniuk ul. Wiatrakowa 18;1084;387;387;14;373;35.70;3.62;1043;609;611;13;596;58.39;2.13
80869;206101;136;Zespół Szkół Ogólnokształcących Nr 2 15-840 Białystok, Antoniuk ul. Narewska 11;1208;391;391;7;384;32.37;1.79;1184;665;665;6;659;56.17;0.90
80870;206101;137;Zespół Szkół Ogólnokształcących Nr 2 15-840 Białystok, Antoniuk ul. Narewska 11;1366;412;412;8;404;30.16;1.94;1389;803;803;14;789;57.81;1.74
80871;206101;138;Zespół Szkół Ogólnokształcących i Technicznych 15-762 Białystok, Wysoki Stoczek ul. Antoniuk Fabryczny 1;1539;548;548;13;535;35.61;2.37;1535;960;961;9;951;62.54;0.94
80872;206101;139;Zespół Szkół Nr 11 15-773 Białystok, Wysoki Stoczek ul. Rzemieślnicza 12/3;1449;333;333;12;321;22.98;3.60;1414;694;694;14;680;49.08;2.02
80873;206101;140;Zespół Szkół Nr 11 15-773 Białystok, Wysoki Stoczek ul. Rzemieślnicza 12/3;1355;356;356;10;346;26.27;2.81;1306;758;758;13;745;58.04;1.72
80874;206101;141;Zespół Szkół Nr 11 15-773 Białystok, Wysoki Stoczek ul. Rzemieślnicza 12/3;1047;296;296;7;289;28.27;2.36;1025;665;665;11;654;64.88;1.65
80875;206101;142;Szkoła Podstawowa Nr 37 15-808 Białystok, Dziesięciny ul. Jaworowa 8;949;357;357;3;354;37.62;0.84;938;592;592;2;590;63.11;0.34
80876;206101;143;Przedszkole Samorządowe Nr 71 15-806 Białystok, Dziesięciny ul. Dziesięciny 50;1213;471;471;1;470;38.83;0.21;1180;787;787;12;775;66.69;1.52
80877;206101;144;Przedszkole Samorządowe Nr 71 15-806 Białystok, Dziesięciny ul. Dziesięciny 50;1555;449;449;5;444;28.87;1.11;1503;821;821;16;805;54.62;1.95
80878;206101;145;Przedszkole Samorządowe Nr 71 15-806 Białystok, Dziesięciny ul. Dziesięciny 50;1498;373;373;7;366;24.90;1.88;1449;752;752;12;740;51.90;1.60
80879;206101;146;Szkoła Podstawowa Nr 37 15-808 Białystok, Dziesięciny ul. Jaworowa 8;1295;338;338;9;329;26.10;2.66;1260;683;683;18;665;54.21;2.64
80880;206101;147;Szkoła Podstawowa Nr 47 15-795 Białystok, Dziesięciny ul. Palmowa 28;1299;417;417;10;407;32.10;2.40;1258;751;751;13;738;59.70;1.73
80881;206101;148;Szkoła Podstawowa Nr 47 15-795 Białystok, Dziesięciny ul. Palmowa 28;964;297;297;4;293;30.81;1.35;1045;652;652;8;644;62.39;1.23
80882;206101;149;Szkoła Podstawowa Nr 47 15-795 Białystok, Dziesięciny ul. Palmowa 28;1181;296;296;3;293;25.06;1.01;1145;571;571;12;559;49.87;2.10
80883;206101;150;Szkoła Podstawowa Nr 47 15-795 Białystok, Dziesięciny ul. Palmowa 28;1392;351;351;7;344;25.22;1.99;1341;718;718;14;704;53.54;1.95
80884;206101;151;Przedszkole Samorządowe Nr 73 15-794 Białystok, Dziesięciny ul. Gajowa 66;897;229;229;8;221;25.53;3.49;877;473;473;13;460;53.93;2.75
80885;206101;152;Publiczne Gimnazjum Nr 15 15-815 Białystok, Dziesięciny ul. Porzeczkowa 11;1290;322;322;10;312;24.96;3.11;1248;675;675;14;661;54.09;2.07
80886;206101;153;Publiczne Gimnazjum Nr 15 15-815 Białystok, Dziesięciny ul. Porzeczkowa 11;1335;307;307;6;301;23.00;1.95;1302;690;690;3;687;53.00;0.43
80887;206101;154;Publiczne Gimnazjum Nr 15 15-815 Białystok, Dziesięciny ul. Porzeczkowa 11;1408;376;376;9;367;26.70;2.39;1360;723;723;11;712;53.16;1.52
80888;206101;155;Zespół Szkół Zawodowych Nr 5 15-741 Białystok, Dziesięciny ul. Antoniuk Fabryczny 40;1492;405;405;5;400;27.14;1.23;1465;751;751;9;742;51.26;1.20
80889;206101;156;Zespół Szkół Zawodowych Nr 5 15-741 Białystok, Dziesięciny ul. Antoniuk Fabryczny 40;1473;303;303;10;293;20.57;3.30;1420;690;690;13;677;48.59;1.88
80890;206101;157;Zespół Szkół Integracyjnych Nr 1 15-757 Białystok, Wysoki Stoczek ul. Łagodna 10;1234;338;338;21;317;27.39;6.21;1194;664;664;9;655;55.61;1.36
80891;206101;158;Zespół Szkół Integracyjnych Nr 1 15-757 Białystok, Wysoki Stoczek ul. Łagodna 10;1227;334;334;9;325;27.22;2.69;1229;711;711;7;704;57.85;0.98
80892;206101;159;Zespół Szkół Integracyjnych Nr 1 15-757 Białystok, Wysoki Stoczek ul. Łagodna 10;1486;442;443;16;426;29.74;3.62;1472;911;911;10;901;61.89;1.10
80893;206101;160;Zespół Szkół Integracyjnych Nr 1 15-757 Białystok, Wysoki Stoczek ul. Łagodna 10;1343;395;395;7;388;29.41;1.77;1314;774;774;12;762;58.90;1.55
80894;206101;161;Przedszkole Samorządowe Nr 65 15-757 Białystok, Wysoki Stoczek ul. Łagodna 12;1385;431;431;4;427;31.12;0.93;1355;861;861;14;847;63.54;1.63
80895;206101;162;Zespół Szkolno - Przedszkolny Nr 1 (Szkoła Podstawowa Nr 16) 15-687 Białystok, Bacieczki ul. Strażacka 25;1784;627;627;5;622;35.15;0.80;1877;1140;1140;5;1135;60.74;0.44
80896;206101;163;Zespół Szkolno - Przedszkolny Nr 1 (Szkoła Podstawowa Nr 16) 15-687 Białystok, Bacieczki ul. Strażacka 25;1117;324;324;5;319;29.01;1.54;1109;626;626;9;617;56.45;1.44
80897;206101;164;Szkoła Podstawowa Nr 12 15-687 Białystok, Bacieczki ul. Komisji Edukacji Narodowej 1A;1375;294;294;11;283;21.38;3.74;1458;757;758;23;734;51.92;3.04
80898;206101;165;Publiczne Gimnazjum Nr 6 15-687 Białystok, Bacieczki ul. Komisji Edukacji Narodowej 1;1001;210;210;8;202;20.98;3.81;1112;570;570;9;561;51.26;1.58
80899;206101;166;Publiczne Gimnazjum Nr 6 15-687 Białystok, Bacieczki ul. Komisji Edukacji Narodowej 1;1384;325;325;7;318;23.48;2.15;1379;822;822;11;811;59.61;1.34
80900;206101;167;Publiczne Gimnazjum Nr 6 15-687 Białystok, Bacieczki ul. Komisji Edukacji Narodowej 1;1183;314;314;4;310;26.54;1.27;1182;652;652;4;648;55.16;0.61
80901;206101;168;Szkoła Podstawowa Nr 12 15-687 Białystok, Bacieczki ul. Komisji Edukacji Narodowej 1A;1016;185;185;2;183;18.21;1.08;1035;490;490;9;481;47.34;1.84
80902;206101;169;Szkoła Podstawowa Nr 12 15-687 Białystok, Bacieczki ul. Komisji Edukacji Narodowej 1A;1258;237;237;9;228;18.84;3.80;1247;670;670;14;656;53.73;2.09
91181;206101;170;Samodzielny Publiczny ZOZ Wojewódzki Szpital Zespolony im. J. Śniadeckiego (Interna) 15-275 Białystok ul. M. Skłodowskiej-Curie 25;260;21;21;0;21;8.08;0.00;193;52;52;0;52;26.94;0.00
91182;206101;171;Samodzielny Publiczny ZOZ Wojewódzki Szpital Zespolony im. J. Śniadeckiego (Rehabilitacja) 15-278 Białystok ul. M. Skłodowskiej-Curie 26;144;34;34;0;34;23.61;0.00;113;30;30;1;29;26.55;3.33
91183;206101;172;Samodzielny Publiczny ZOZ Wojewódzki Szpital Zespolony im. J. Śniadeckiego (Szpital Położniczy) 15-063 Białystok ul. Warszawska 15;77;3;3;1;2;3.90;33.33;50;15;15;0;15;30.00;0.00
91184;206101;173;Samodzielny Publiczny ZOZ Wojewódzki Szpital Zespolony im. J. Śniadeckiego (Zakład Pielęgnacyjno - Opiekuńczy) 15-272 Białystok ul. Wołodyjowskiego 2/1;70;12;12;0;12;17.14;0.00;65;19;19;0;19;29.23;0.00
91185;206101;174;Uniwersytecki Szpital Kliniczny 15-278 Białystok ul. M. Skłodowskiej-Curie 24a;151;34;34;4;30;22.52;11.76;169;115;115;3;112;68.05;2.61
91186;206101;175;Uniwersytecki Szpital Kliniczny 15-540 Białystok ul. Żurawia 14;111;43;43;2;41;38.74;4.65;94;67;67;0;67;71.28;0.00
91187;206101;176;Uniwersytecki Szpital Kliniczny 15-063 Białystok ul. Warszawska 18;88;16;16;2;14;18.18;12.50;6;6;6;0;6;100.00;0.00
91188;206101;177;Samodzielny Publiczny Zakład Opieki Zdrowotnej MSWiA 15-482 Białystok ul. Fabryczna 27;169;6;6;0;6;3.55;0.00;156;32;32;1;31;20.51;3.12
91189;206101;178;Samodzielny Szpital Miejski im. PCK. 15-003 Białystok ul. Sienkiewicza 79;90;9;9;0;9;10.00;0.00;78;17;17;1;16;21.79;5.88
91190;206101;179;Białostockie Centrum Onkologii im. Marii Skłodowskiej - Curie. 15-011 Białystok ul. Ogrodowa 12;99;24;24;0;24;24.24;0.00;104;44;44;2;42;42.31;4.55
91191;206101;180;Dom Pomocy Społecznej 15-328 Białystok ul. Świerkowa 9;174;65;65;8;57;37.36;12.31;176;89;89;14;75;50.57;15.73
91192;206101;181;Zakład Karny 15-727 Białystok ul. Hetmańska 89;291;98;98;12;86;33.68;12.24;275;103;103;15;88;37.45;14.56
91193;206101;182;Areszt Śledczy 15-377 Białystok ul. Kopernika 21;607;182;182;19;163;29.98;10.44;563;242;242;46;196;42.98;19.01
80903;206201;1;Szkoła Podstawowa Nr 4 w Łomży 18-400 Łomża ul. Kierzkowa 7;1736;465;465;6;459;26.79;1.29;1713;858;858;7;851;50.09;0.82
80904;206201;2;Zespół Szkół Ekonomicznych i Ogólnokształcących Nr 6 w Łomży 18-400 Łomża ul. Mikołaja Kopernika 16;1612;406;406;6;400;25.19;1.48;1562;787;787;19;768;50.38;2.41
80905;206201;3;Miejski Ośrodek Pomocy Społecznej w Łomży - KLUB SENIORA 18-400 Łomża ul. Marii Skłodowskiej-Curie 2;1963;395;395;9;386;20.12;2.28;1883;773;773;16;757;41.05;2.07
80906;206201;4;Stowarzyszenie EDUKATOR, Przedszkole Niepubliczne „Mały Artysta” w Łomży 18-400 Łomża ul. Wojska Polskiego 29A;947;153;153;3;150;16.16;1.96;903;328;328;12;316;36.32;3.66
80907;206201;5;Zespół Szkół Ogólnokształcących w Łomży 18-400 Łomża ul. Bernatowicza 4;1491;349;349;12;337;23.41;3.44;1461;654;654;12;642;44.76;1.83
80908;206201;6;II Liceum Ogólnokształcące w Łomży 18-400 Łomża ul. Plac Kościuszki 3;1383;293;293;6;287;21.19;2.05;1363;527;527;8;519;38.66;1.52
80909;206201;7;III Liceum Ogólnokształcące w Łomży 18-400 Łomża ul. Senatorska 13;1429;341;341;8;333;23.86;2.35;1414;653;653;5;648;46.18;0.77
80910;206201;8;Zespół Szkół Drzewnych i Gimnazjalnych w Łomży 18-400 Łomża ul. Marii Skłodowskiej-Curie 5;740;180;180;3;177;24.32;1.67;712;362;362;1;361;50.84;0.28
80911;206201;9;Nadleśnictwo Łomża 18-400 Łomża ul. Nowogrodzka 60;1579;423;423;5;418;26.79;1.18;1540;827;827;9;818;53.70;1.09
80912;206201;10;Szkoła Podstawowa Nr 5 w Łomży 18-400 Łomża ul. Polna 40A;1344;285;285;8;277;21.21;2.81;1329;651;651;11;640;48.98;1.69
80913;206201;11;Przedszkole Publiczne TWP „Pinokio” w Łomży 18-400 Łomża ul. Studencka 11;2262;575;575;9;566;25.42;1.57;2247;1200;1200;11;1189;53.40;0.92
80914;206201;12;Miejskie Przedsiębiorstwo Komunikacji Zakład Budżetowy w Łomży 18-400 Łomża ul. Spokojna 9;1426;231;231;6;225;16.20;2.60;1416;593;593;9;584;41.88;1.52
80915;206201;13;Państwowa Wyższa Szkoła Informatyki i Przedsiębiorczości w Łomży 18-400 Łomża ul. Akademicka 14;1191;229;229;6;223;19.23;2.62;1180;551;551;9;542;46.69;1.63
80916;206201;14;Niepubliczne Przedszkole „Wesołe Słoneczko” Stowarzyszenia „EDUKATOR” w Łomży 18-400 Łomża ul. Spółdzielcza 74;1753;452;452;9;443;25.78;1.99;1714;842;842;24;818;49.12;2.85
80917;206201;15;Szkoła Podstawowa Nr 7 w Łomży 18-400 Łomża ul. Adama Mickiewicza 6;1642;434;434;5;429;26.43;1.15;1579;844;844;12;832;53.45;1.42
80918;206201;16;Publiczne Gimnazjum Nr 1 w Łomży 18-400 Łomża ul. Władysława Reymonta 9;1496;379;379;6;373;25.33;1.58;1469;733;733;20;713;49.90;2.73
80919;206201;17;Publiczne Gimnazjum Nr 1 w Łomży 18-400 Łomża ul. Władysława Reymonta 9;1839;314;314;6;308;17.07;1.91;1790;756;756;17;739;42.23;2.25
80920;206201;18;Przedszkole Publiczne Nr 9 w Łomży 18-400 Łomża ul. Bolesława Prusa 11a;1840;412;412;14;398;22.39;3.40;1763;871;871;12;859;49.40;1.38
80921;206201;19;Świetlica ŁSM w Łomży 18-400 Łomża ul. Konstytucji 3 Maja 2;2139;363;363;13;350;16.97;3.58;2053;869;869;31;838;42.33;3.57
80922;206201;20;Regionalny Ośrodek Kultury w Łomży 18-400 Łomża ul. Stanisława Małachowskiego 4;1778;377;377;6;371;21.20;1.59;1716;870;870;21;849;50.70;2.41
80923;206201;21;Szkoła Podstawowa Nr 10 w Łomży 18-400 Łomża ul. Juliana Ursyna Niemcewicza 17;1805;386;386;4;382;21.39;1.04;1731;845;845;11;834;48.82;1.30
80924;206201;22;Szkoła Podstawowa Nr 10 w Łomży 18-400 Łomża ul. Juliana Ursyna Niemcewicza 17;1474;341;341;10;331;23.13;2.93;1582;781;781;11;770;49.37;1.41
80925;206201;23;Świetlica Spółdzielni Mieszkaniowej „Perspektywa” w Łomży 18-400 Łomża ul. Kazańska 1;1799;368;368;9;359;20.46;2.45;1747;838;838;14;824;47.97;1.67
80926;206201;24;Spółdzielnia Mieszkaniowa „Perspektywa” w Łomży 18-400 Łomża ul. Kazańska 1;2060;443;443;26;417;21.50;5.87;2008;1006;1006;17;989;50.10;1.69
80927;206201;25;Przedszkole Publiczne Nr 10 w Łomży 18-400 Łomża ul. Księżnej Anny 12;1538;349;349;6;343;22.69;1.72;1442;699;699;10;689;48.47;1.43
80928;206201;26;Przedszkole Publiczne Nr 10 w Łomży 18-400 Łomża ul. Księżnej Anny 12;1938;398;398;7;391;20.54;1.76;1902;906;906;21;885;47.63;2.32
80929;206201;27;Szkoła Podstawowa Nr 9 w Łomży 18-400 Łomża ul. Księżnej Anny 18;1983;441;441;8;433;22.24;1.81;1936;930;930;12;918;48.04;1.29
80930;206201;28;Szkoła Podstawowa Nr 9 w Łomży 18-400 Łomża ul. Księżnej Anny 18;1848;349;349;12;337;18.89;3.44;1770;842;842;32;810;47.57;3.80
80931;206201;29;Zespół Szkół Specjalnych w Łomży 18-400 Łomża ul. Nowogrodzka 4;807;191;191;0;191;23.67;0.00;780;348;348;3;345;44.62;0.86
80932;206201;30;Szkoła Podstawowa Nr 5 w Łomży 18-400 Łomża ul. Polna 40A;1241;308;308;6;302;24.82;1.95;1197;574;574;13;561;47.95;2.26
80933;206201;31;Świetlica Spółdzielni Mieszkaniowej „Perspektywa” w Łomży 18-400 Łomża ul. Kazańska 1;1293;270;270;6;264;20.88;2.22;1419;764;764;10;754;53.84;1.31
91196;206201;32;Szpital Wojewódzki im. Kard. Stefana Wyszyńskiego w Łomży 18-400 Łomża ul. Piłsudskiego 11;136;55;55;1;54;40.44;1.82;152;116;116;3;113;76.32;2.59
80934;206301;1;Przedszkole nr 1 16-400 Suwałki ul. M. Buczka 41;2207;427;427;3;424;19.35;0.70;2199;1017;1017;18;999;46.25;1.77
80935;206301;2;Szkoła Podstawowa nr 4 16-400 Suwałki ul. Wojska Polskiego 13;1470;204;204;5;199;13.88;2.45;1563;688;688;27;661;44.02;3.92
80936;206301;3;Klub Wojskowy 14 Suwalskiego Dywizjonu Artylerii Przeciwpancernej im. Marszałka Józefa Piłsudskiego 16-400 Suwałki ul. Wojska Polskiego 40;1463;305;305;3;302;20.85;0.98;1468;750;750;10;740;51.09;1.33
80937;206301;4;Wojewódzka Stacja Pogotowia Ratunkowego 16-400 Suwałki ul. A. Mickiewicza 15;2081;460;460;14;446;22.10;3.04;2071;1070;1070;23;1047;51.67;2.15
80938;206301;5;Suwalski Ośrodek Doskonalenia Nauczycieli 16-400 Suwałki ul. Kamedulska 3;1363;322;322;14;308;23.62;4.35;1332;649;649;10;639;48.72;1.54
80939;206301;6;Biblioteka Publiczna 16-400 Suwałki ul. E. Plater 33A;1301;337;337;9;328;25.90;2.67;1268;643;643;14;629;50.71;2.18
80940;206301;7;Zespół Szkół nr 8 16-400 Suwałki ul. T. Kościuszki 126;2073;377;377;9;368;18.19;2.39;2062;893;893;29;864;43.31;3.25
80941;206301;8;Przedszkole nr 2 16-400 Suwałki ul. L. Waryńskiego 29;683;140;140;2;138;20.50;1.43;649;271;271;8;263;41.76;2.95
80942;206301;9;Suwalska Specjalna Strefa Ekonomiczna 16-400 Suwałki ul. T. Noniewicza 49;1166;258;258;6;252;22.13;2.33;1116;472;472;19;453;42.29;4.03
80943;206301;10;Państwowa Wyższa Szkoła Zawodowa 16-400 Suwałki ul. T. Noniewicza 10;1398;337;337;5;332;24.11;1.48;1353;674;674;8;666;49.82;1.19
80944;206301;11;Suwalski Ośrodek Kultury 16-400 Suwałki ul. T. Noniewicza 71;778;183;183;9;174;23.52;4.92;763;351;351;10;341;46.00;2.85
80945;206301;12;Naczelna Organizacja Techniczna 16-400 Suwałki ul. 1 Maja 15;1780;391;391;14;377;21.97;3.58;1710;823;823;15;808;48.13;1.82
80946;206301;13;Zespół Szkół Technicznych 16-400 Suwałki ul. Sejneńska 33;1274;208;208;1;207;16.33;0.48;1235;519;519;11;508;42.02;2.12
80947;206301;14;Zespół Szkół nr 1 16-400 Suwałki ul. T. Noniewicza 83;1777;467;467;12;455;26.28;2.57;1725;871;871;17;854;50.49;1.95
80948;206301;15;Suwalska Spółdzielnia Mieszkaniowa 16-400 Suwałki ul. J. Korczaka 2A;1272;374;374;5;369;29.40;1.34;1248;690;690;7;683;55.29;1.01
80949;206301;16;Przedszkole nr 3 16-400 Suwałki ul. J. Korczaka 4A;1339;380;380;16;364;28.38;4.21;1296;671;671;9;662;51.77;1.34
80950;206301;17;Fabryka Mebli „Forte” Sp.z o o. 16-400 Suwałki ul. Północna 30;1822;313;313;4;309;17.18;1.28;1781;784;784;18;766;44.02;2.30
80951;206301;18;Filia Biblioteki Publicznej 16-400 Suwałki ul. Klonowa 41;2193;481;481;10;471;21.93;2.08;2130;1102;1102;17;1085;51.74;1.54
80952;206301;19;Poradnia Psychologiczno-Pedagogiczna 16-400 Suwałki ul. Nowomiejska 10;2083;419;419;7;412;20.12;1.67;1997;971;971;19;952;48.62;1.96
80953;206301;20;Zespół Szkół nr 9 16-400 Suwałki ul. Klonowa 51;2147;442;442;6;436;20.59;1.36;2137;1122;1122;19;1103;52.50;1.69
80954;206301;21;Gimnazjum nr 4 16-400 Suwałki ul. Klonowa 51;1592;279;279;9;270;17.53;3.23;1524;737;737;14;723;48.36;1.90
80955;206301;22;Przedszkole nr 10 16-400 Suwałki ul. Nowomiejska 18;2101;452;452;7;445;21.51;1.55;2034;963;963;9;954;47.35;0.93
80956;206301;23;Dom Pomocy Społecznej „Kalina” 16-400 Suwałki ul. K. Pułaskiego 66;164;103;103;1;102;62.80;0.97;159;87;87;5;82;54.72;5.75
80957;206301;24;Przedszkole nr 8 z Oddz. Integracyjnymi 16-400 Suwałki ul. A. Putry 4B;1977;352;352;5;347;17.80;1.42;1920;828;828;15;813;43.12;1.81
80958;206301;25;Przedszkole nr 7 16-400 Suwałki ul. W. Andersa 10;1583;304;304;7;297;19.20;2.30;1507;700;700;9;691;46.45;1.29
80959;206301;26;Zespół Szkół nr 7 Szkoła Podstawowa nr 7 16-400 Suwałki ul. R. Minkiewicza 50;2134;355;355;5;350;16.64;1.41;2060;936;936;24;912;45.44;2.56
80960;206301;27;Oddział Terenowy Stowarzyszenia OHP 16-400 Suwałki ul. Paca 4;2042;408;408;12;396;19.98;2.94;1941;958;958;21;937;49.36;2.19
80961;206301;28;Przedszkole nr 6 16-400 Suwałki ul. A. Wierusza-Kowalskiego 19;1427;243;243;4;239;17.03;1.65;1387;592;592;7;585;42.68;1.18
80962;206301;29;Zespół Szkół nr 7 Gimnazjum nr 6 16-400 Suwałki ul. R. Minkiewicza 50;1990;333;333;24;309;16.73;7.21;1931;855;855;17;838;44.28;1.99
80963;206301;30;Przedszkole nr 5 z Oddz. Integracyjnym 16-400 Suwałki ul. W. Witosa 4;1542;292;292;8;284;18.94;2.74;1477;650;650;10;640;44.01;1.54
80964;206301;31;Zespół Szkół nr 10 16-400 Suwałki ul. J. Antoniewicza 5;1666;303;303;4;299;18.19;1.32;1584;683;683;8;675;43.12;1.17
80965;206301;32;Międzyzakładowa Spółdzielnia Mieszkaniowa 16-400 Suwałki ul. I. Daszyńskiego 25A;1482;278;278;2;276;18.76;0.72;1469;663;663;19;644;45.13;2.87
80966;206301;33;Zespół Szkół nr 3 16-400 Suwałki ul. Szpitalna 66;1419;209;209;5;204;14.73;2.39;1542;649;649;20;629;42.09;3.08
80967;206301;34;Zespół Szkół Nr 3 Szkoła Podstawowa nr 11 16-400 Suwałki ul. Szpitalna 66;1269;214;214;3;211;16.86;1.40;1300;598;598;13;585;46.00;2.17
91197;206301;35;Areszt Śledczy 16-400 Suwałki ul. Wojska Polskiego 29;587;174;174;17;157;29.64;9.77;587;240;240;44;196;40.89;18.33
91198;206301;36;Specjalistyczny Psychiatryczny Samodzielny Publiczny Zakład Opieki Zdrowotnej 16-400 Suwałki ul. Szpitalna 62;151;22;22;2;20;14.57;9.09;196;37;37;2;35;18.88;5.41
91199;206301;37;Szpital Wojewódzki im. dr Ludwika Rydygiera 16-400 Suwałki ul. Szpitalna 60;170;30;30;0;30;17.65;0.00;174;51;51;3;48;29.31;5.88
80968;220101;1;Gminny Ośrodek Kultury 77-141 Borzytuchom ul. Czterdziestolecia 2;1453;275;275;8;267;18.93;2.91;1485;662;662;47;615;44.58;7.10
80969;220101;2;Szkoła Podstawowa 77-100 Dąbrówka 21;462;90;90;9;81;19.48;10.00;461;141;141;13;128;30.59;9.22
80970;220101;3;Szkoła Podstawowa 77-141 Niedarzyno 21b;422;101;101;12;89;23.93;11.88;421;204;204;18;186;48.46;8.82
80971;220102;1;Zespół Szkół Ogólnokształcących 77-100 Bytów ul. Gdańska 57;723;168;168;6;162;23.24;3.57;704;369;369;14;355;52.41;3.79
80972;220102;2;Szkoła Podstawowa Nr 2 77-100 Bytów ul. Ks. dr Bolesława Domańskiego 13;984;236;236;6;230;23.98;2.54;973;519;519;7;512;53.34;1.35
80973;220102;3;Zespół Szkół Ogólnokształcących 77-100 Bytów ul. Gdańska 57;819;174;174;4;170;21.25;2.30;812;429;429;9;420;52.83;2.10
80974;220102;4;Starostwo Powiatowe Bytów 77-100 Bytów ul. Ks. dr Bolesława Domańskiego 2;1179;321;321;13;308;27.23;4.05;1141;619;619;19;600;54.25;3.07
80975;220102;5;Przedszkole 77-100 Bytów ul. Słoneczna 22;916;199;199;10;189;21.72;5.03;889;428;428;20;408;48.14;4.67
80976;220102;6;Gimnazjum Nr 2 77-100 Bytów ul. Gen. Władysława Sikorskiego 37;1199;237;237;11;226;19.77;4.64;1170;514;514;11;503;43.93;2.14
80977;220102;7;Gimnazjum Nr 1 77-100 Bytów ul. Gen. Ludwika Mierosławskiego 7;1077;311;311;12;299;28.88;3.86;1143;677;677;14;663;59.23;2.07
80978;220102;8;Szkoła Specjalnego Ośrodka Szkolno - Wychowawczego 77-100 Bytów ul. Jana Styp-Rekowskiego 2a;1008;240;240;8;232;23.81;3.33;1010;523;523;7;516;51.78;1.34
80979;220102;9;Zespół Szkół Ekonomiczno - Rolniczych 77-100 Bytów ul. Hieronima Derdowskiego 3;1247;270;270;3;267;21.65;1.11;1259;623;623;21;602;49.48;3.37
80980;220102;10;Zespół Szkół Ekonomiczno - Rolniczych - Sala Gimnastyczna 77-100 Bytów ul. Hieronima Derdowskiego 7;933;169;169;7;162;18.11;4.14;918;381;381;15;366;41.50;3.94
80981;220102;11;Szkoła Podstawowa Nr 5 77-100 Bytów ul. Młyńska 11;1045;256;256;16;240;24.50;6.25;1013;474;474;15;459;46.79;3.16
80982;220102;12;Przedszkole Nr 2 77-100 Bytów ul. Jana Bauera 9;1157;275;275;13;262;23.77;4.73;1141;554;554;9;545;48.55;1.62
80983;220102;13;Zespół Szkół Ponadgimnazjalnych 77-100 Bytów ul. Gen. Władysława Sikorskiego 35;960;213;213;6;207;22.19;2.82;928;420;420;14;406;45.26;3.33
80984;220102;14;Szkoła Podstawowa 77-114 Gostkowo 20;780;109;109;6;103;13.97;5.50;785;277;277;11;266;35.29;3.97
80985;220102;15;Szkoła Podstawowa 77-121 Pomysk Wielki 26;878;143;143;6;137;16.29;4.20;875;365;365;13;352;41.71;3.56
80986;220102;16;Szkoła Podstawowa Nr 2 77-100 Bytów ul. Ks. dr Bolesława Domańskiego 13;746;212;212;0;212;28.42;0.00;821;512;512;5;507;62.36;0.98
80987;220102;17;Świetlica Wiejska 77-100 Mądrzechowo ul. Brylantowa 6;401;112;112;5;107;27.93;4.46;432;237;237;10;227;54.86;4.22
80988;220102;18;Świetlica Wiejska 77-100 Ząbinowice 19;425;77;77;3;74;18.12;3.90;419;192;192;16;176;45.82;8.33
80989;220102;19;Bytowskie Centrum Kultury 77-100 Bytów ul. Wojska Polskiego 12;553;69;69;7;62;12.48;10.14;559;245;245;14;231;43.83;5.71
80990;220102;20;Świetlica Wiejska 77-100 Udorpie 12;814;176;176;6;170;21.62;3.41;808;406;406;17;389;50.25;4.19
80991;220102;21;Szkoła Podstawowa 77-132 Niezabyszewo 9;636;76;76;4;72;11.95;5.26;636;265;265;11;254;41.67;4.15
80992;220102;22;Szkoła Podstawowa 77-131 Rekowo 18;654;109;109;7;102;16.67;6.42;654;296;296;20;276;45.26;6.76
91201;220102;23;Szpital Powiatu Bytowskiego 77-100 Bytów Lęborska 13;68;19;19;1;18;27.94;5.26;77;23;23;1;22;29.87;4.35
80993;220103;1;Gminny Ośrodek Kultury,Sportu i Turystyki 77-116 w Czarnej Dąbrówce ul.Bytowska 10;1414;223;223;11;212;15.77;4.93;1404;477;477;39;438;33.97;8.18
80994;220103;2;Wiejski Dom Kultury 77-122 Jasień 6;420;113;113;6;107;26.90;5.31;414;214;214;9;205;51.69;4.21
80995;220103;3;Budynek byłej Szkoły Podstawowej 76-243 Mikorowo 15/2;574;90;90;11;79;15.68;12.22;585;186;186;4;182;31.79;2.15
80996;220103;4;Zespół Szkół w Rokitach 77-123 Rokity 34;1220;211;211;4;207;17.30;1.90;1224;544;544;23;521;44.44;4.23
80997;220103;5;Zespół Szkół w Nożynie 77-115 Nożyno 40;887;110;110;4;106;12.40;3.64;890;331;331;23;308;37.19;6.95
80998;220104;1;Urząd Gminy 77-140 Kołczygłowy ul. Słupska 56;994;205;205;17;188;20.62;8.29;1008;474;474;13;461;47.02;2.74
80999;220104;2;Gminny Osrodek Kultury 77-140 Kołczygłowy ul. Szkolna 1;1393;169;169;8;161;12.13;4.73;1398;477;477;46;431;34.12;9.64
81000;220104;3;Budynek Szkoły 77-140 Gałąźnia Wielka 27;402;53;53;2;51;13.18;3.77;396;141;141;19;122;35.61;13.48
81001;220104;4;Zespoł Szkół 77-140 Łubno 22;550;67;67;11;56;12.18;16.42;553;180;180;20;160;32.55;11.11
81002;220105;1;Zespół Szkół 77-138 Borowy Młyn ul.Kaszubska 1;700;171;171;4;167;24.43;2.34;689;325;325;13;312;47.17;4.00
81003;220105;2;Budynek byłej szkoły 77-130 Borzyszkowy 4;878;204;204;2;202;23.23;0.98;906;391;391;24;367;43.16;6.14
81004;220105;3;Zespół Szkół 77-139 Brzeźno Szlacheckie Jana Pawła II 79;890;183;183;6;177;20.56;3.28;897;397;397;7;390;44.26;1.76
81005;220105;4;Zespół Szkół 77-130 Lipnica ul. Szkolna 2;970;262;262;12;250;27.01;4.58;981;488;488;17;471;49.75;3.48
81006;220105;5;Szkoła Podstawowa 77-130 Zapceń 6;682;122;122;3;119;17.89;2.46;678;323;323;26;297;47.64;8.05
81007;220106;1;Niepubliczny Zakład Opieki Zdrowotnej ,,Onyx” 77-200 Miastko Osiedle Ceglane 1;984;198;198;2;196;20.12;1.01;968;443;443;10;433;45.76;2.26
81008;220106;2;Siedziba Miejsko-Gminnej Komisji ds. Rozwiązywania Problemów Alkoholowych w Miastku 77-200 Miastko ul. Konopnickiej 12;982;232;232;2;230;23.63;0.86;975;464;464;15;449;47.59;3.23
81009;220106;3;Przedszkole Miejskie Nr 3 w Miastku 77-200 Miastko ul. Konopnickiej 10;1201;242;242;10;232;20.15;4.13;1189;544;544;24;520;45.75;4.41
81010;220106;4;Państwowa Straż Pożarna w Miastku 77-200 Miastko ul. Konstytucji 3 Maja 2a;1143;249;249;9;240;21.78;3.61;1106;487;487;14;473;44.03;2.87
81011;220106;5;Przedszkole Miejskie Nr 1 w Miastku 77-200 Miastko ul. Koszalińska 19;863;151;151;4;147;17.50;2.65;835;317;317;10;307;37.96;3.15
81012;220106;6;Zespoł Szkół Ogólnokształcących i Technicznych 77-200 Miastko ul. Młodzieżowa 3;1202;203;203;4;199;16.89;1.97;1167;524;524;6;518;44.90;1.15
81013;220106;7;Szkoła Podstawowa Nr 2 w Miastku 77-200 Miastko ul. Kujawska 1;1036;213;213;8;205;20.56;3.76;1006;427;427;10;417;42.45;2.34
81014;220106;8;Centrostal Konstrukcje Sp. zo.o 77-200 Miastko ul. Kaszubska 20;1335;172;172;6;166;12.88;3.49;1311;522;522;21;501;39.82;4.02
81015;220106;9;Zespół Szkół w Dretyniu 77-203 Dretyń 26;1113;130;130;6;124;11.68;4.62;1106;357;357;20;337;32.28;5.60
81016;220106;10;Szkoła Podstawowa w Słosinku 77-211 Słosinko 4;984;53;53;2;51;5.39;3.77;968;223;223;20;203;23.04;8.97
81017;220106;11;Szkoła Podstawowa w Świerznie 77-222 Świerzno 4;1006;107;107;3;104;10.64;2.80;995;294;294;15;279;29.55;5.10
81018;220106;12;Świetlica Wiejska w Trzcinnie 77-200 Trzcinno 8a;845;69;69;3;66;8.17;4.35;838;214;214;7;207;25.54;3.27
81019;220106;13;Szkoła Podstawowa w Piaszczynie 77-207 Piaszczyna 6-7;964;96;96;4;92;9.96;4.17;968;277;277;13;264;28.62;4.69
81020;220106;14;Środowiskowy Dom Samopomocy w Miastku 77-200 Miastko ul. Konopnickiej 12;893;90;90;0;90;10.08;0.00;878;298;298;4;294;33.94;1.34
81021;220106;15;Szkoła Podstawowa Nr 2 w Miastku 77-200 Miastko ul. Kujawska 1;1219;142;142;4;138;11.65;2.82;1245;483;483;14;469;38.80;2.90
91202;220106;16;Szpital Miejski w Miastku Sp.zo.o 77-200 Miastko ul. Generała Wybickiego 30;79;15;15;1;14;18.99;6.67;138;51;51;2;49;36.96;3.92
81022;220107;1;Gminny Ośrodek Kultury 77-124 Parchowo ul. Kartuska 5;1379;394;394;12;382;28.57;3.05;1409;846;846;30;816;60.04;3.55
81023;220107;2;Wiejski Dom Kultury 77-127 Nakla Długa 11 lokal: 6;744;132;132;6;126;17.74;4.55;747;331;331;19;312;44.31;5.74
81024;220107;3;Budynek po byłej szkole 77-124 Chośnica 7;243;47;47;0;47;19.34;0.00;244;111;111;3;108;45.49;2.70
81025;220107;4;Sala wiejska 77-121 Żukówko 17A;334;75;75;4;71;22.46;5.33;337;140;140;6;134;41.54;4.29
81026;220108;1;Świetlica Wiejska 77-143 Studzienice ul.Brzozowa 5;1394;253;253;6;247;18.15;2.37;1392;623;623;11;612;44.76;1.77
81027;220108;2;Świetlica Wiejska 77-125 Półczno 6;632;124;124;2;122;19.62;1.61;627;285;285;15;270;45.45;5.26
81028;220108;3;Zespół Szkół 77-142 Ugoszcz 46;778;150;150;6;144;19.28;4.00;773;374;374;15;359;48.38;4.01
81029;220109;1;Urząd Gminy 77-235 Trzebielino 7a;1298;202;202;16;186;15.56;7.92;1286;476;476;13;463;37.01;2.73
81030;220109;2;Filia Biblioteki w Domu Socjalnym 77-235 Suchorze 30;1619;189;189;6;183;11.67;3.17;1603;540;540;21;519;33.69;3.89
81031;220110;1;Zespół Szkół 77-133 Tuchomie ul. ks. Jana Hinza 1;1058;200;200;10;190;18.90;5.00;1063;445;445;13;432;41.86;2.92
81032;220110;2;Urząd Gminy 77-133 Tuchomie ul. Jana III Sobieskiego 16;999;122;122;8;114;12.21;6.56;994;332;332;18;314;33.40;5.42
81033;220110;3;Wiejski Ośrodek Kultury 77-134 Trzebiatkowa 37;634;116;116;4;112;18.30;3.45;650;272;272;9;263;41.85;3.31
81034;220110;4;Wiejski Ośrodek Kultury 77-135 Kramarzyny ul. Leśna 1;499;105;105;4;101;21.04;3.81;504;220;220;17;203;43.65;7.73
81035;220201;1;Zespół Szkół Nr 7 89-600 Chojnice ul. Tuwima 2;1502;338;338;3;335;22.50;0.89;1505;832;832;12;820;55.28;1.44
81036;220201;2;Szkoła Podstawowa Nr 1 89-600 Chojnice ul. 31 Stycznia 21;1392;261;261;9;252;18.75;3.45;1361;616;616;16;600;45.26;2.60
81037;220201;3;Zespół Szkół Ponadgimnazjalnych Nr 1 89-604 Chojnice ul. Kościerska 11;1415;262;262;5;257;18.52;1.91;1410;756;756;10;746;53.62;1.32
81038;220201;4;Zespół Szkół Specjalnych 89-604 Chojnice ul. Jana Pawła II 11;836;213;213;11;202;25.48;5.16;840;450;450;16;434;53.57;3.56
81039;220201;5;Szkoła Podstawowa nr 3 89-620 Chojnice ul. Dworcowa 6;1747;299;299;12;287;17.12;4.01;1732;753;753;25;728;43.48;3.32
81040;220201;6;Zespół Szkół Ponadgimnazjalnych Nr 2 89-600 Chojnice ul. Angowicka 45;2064;399;399;15;384;19.33;3.76;2023;881;881;10;871;43.55;1.14
81041;220201;7;Świetlica Zakładu Energetycznego 89-600 Chojnice ul. 14 Lutego 15;1778;471;471;24;447;26.49;5.10;1739;955;955;33;922;54.92;3.46
81042;220201;8;Gimnazjum nr 2 89-600 Chojnice ul. Szpitalna 3;1298;234;234;11;223;18.03;4.70;1312;504;504;8;496;38.41;1.59
81043;220201;9;Zespół Szkół 89-600 Chojnice ul. Nowe Miasto 4-6;1310;256;256;21;235;19.54;8.20;1259;491;491;19;472;39.00;3.87
81044;220201;10;Gimnazjum nr 1 89-604 Chojnice ul. Młodzieżowa 44;1072;222;222;12;210;20.71;5.41;1045;506;506;14;492;48.42;2.77
81045;220201;11;HALA WIDOWISKOWO- SPORTOWA „CENTRUM PARK” 89-600 Chojnice ul. WAGNERA 3;1259;329;329;20;309;26.13;6.08;1172;663;663;9;654;56.57;1.36
81046;220201;12;Świetlica Sp-ni Mieszkaniowej 89-620 Chojnice ul. Łanowa 11A;1596;373;373;10;363;23.37;2.68;1538;757;757;28;729;49.22;3.70
81047;220201;13;Powiatowa Bursa dla Młodzieży Szkolnej 89-620 Chojnice ul. Świętopełka 1;1871;488;488;15;473;26.08;3.07;1829;953;953;22;931;52.10;2.31
81048;220201;14;Szkoła Podstawowa Nr 5 89-604 Chojnice ul. Wicka Rogali 18;1699;406;406;18;388;23.90;4.43;1635;861;861;18;843;52.66;2.09
81049;220201;15;Świetlica Sp-ni Mieszkaniowej 89-604 Chojnice ul. Młodzieżowa 35;1814;431;431;5;426;23.76;1.16;1747;910;910;6;904;52.09;0.66
81050;220201;16;Świetlica Miejskiego Zakładu Energetyki Cieplnej 89-604 Chojnice ul. Ceynowy 15;1379;314;314;7;307;22.77;2.23;1405;702;702;23;679;49.96;3.28
81051;220201;17;Świetlica Osiedlowa 89-600 Chojnice ul. Jabłoniowa 43;1449;375;375;17;358;25.88;4.53;1464;778;778;14;764;53.14;1.80
81052;220201;18;Przedszkole Niepubliczne z Grupą Żłobkową „MISIOWA AKADEMIA” 89-600 Chojnice ul. Kardynała Stefana Wyszyńskiego 8;1726;417;417;16;401;24.16;3.84;1740;954;954;14;940;54.83;1.47
81053;220201;19;Żłobek Miejski 89-604 Chojnice ul. Młodzieżowa 7;1433;309;309;8;301;21.56;2.59;1396;723;723;13;710;51.79;1.80
81054;220201;20;Sala konferencyjna Szpitala Specjalistycznego im.J.K. Łukowicza 89-600 Chojnice ul.Leśna 10;1223;282;282;5;277;23.06;1.77;1265;685;685;16;669;54.15;2.34
81055;220201;21;Zespół Szkół nr 7 89-600 Chojnice Tuwima 2;1509;424;424;12;412;28.10;2.83;1512;820;820;16;804;54.23;1.95
91203;220201;22;Świetlica Szpitala Specjalistycznego im.J.K.Łukowicza 89-600 Chojnice Leśna 10;129;18;18;1;17;13.95;5.56;110;22;22;0;22;20.00;0.00
91204;220201;23;Dom Pomocy Społecznej 89-600 Chojnice ul.Leśna 12;69;31;31;2;29;44.93;6.45;61;34;34;3;31;55.74;8.82
91205;220201;24;Świetlica Aresztu Śledczego 89-600 Chojnice Pietruszkowa 4;171;81;81;24;57;47.37;29.63;137;50;50;3;47;36.50;6.00
81056;220202;1;Centrum Kultury i Biblioteki im. Jana Karnowskiego 89-632 Brusy ul. Dworcowa 18;808;243;243;12;231;30.07;4.94;807;479;479;19;460;59.36;3.97
81057;220202;2;Gimnazjum 89-632 Brusy ul. Ogrodowa 2;811;246;246;4;242;30.33;1.63;824;501;501;12;489;60.80;2.40
81058;220202;3;Gimnazjum 89-632 Brusy ul. Ogrodowa 2;619;211;211;9;202;34.09;4.27;625;368;368;6;362;58.88;1.63
81059;220202;4;Ochotnicza Straż Pożarna 89-632 Brusy ul. Gdańska 1B;796;241;241;6;235;30.28;2.49;793;441;441;9;432;55.61;2.04
81060;220202;5;Szkoła Podstawowa im. Jana Pawła II 89-632 Brusy ul. Ogrodowa 2;720;194;194;9;185;26.94;4.64;720;386;386;14;372;53.61;3.63
81061;220202;6;Urząd Miejski 89-632 Brusy ul. Na Zaborach 1;1317;332;332;7;325;25.21;2.11;1325;645;645;23;622;48.68;3.57
81062;220202;7;Szkoła Podstawowa im. Kard. St. Wyszyńskiego 89-634 Leśno ul. Kard. St. Wyszyńskiego 15;1424;320;320;7;313;22.47;2.19;1462;716;716;22;694;48.97;3.07
81063;220202;8;Szkoła Podstawowa 89-632 Lubnia ul. Szkolna 13;989;208;208;4;204;21.03;1.92;992;510;510;24;486;51.41;4.71
81064;220202;9;Szkoła Podstawowa 89-632 Zalesie Gdańska 26;451;73;73;4;69;16.19;5.48;459;155;155;6;149;33.77;3.87
81065;220202;10;Szkoła Podstawowa 89-632 Kosobudy ul. Szkolna 30;926;359;359;23;336;38.77;6.41;925;522;522;17;505;56.43;3.26
81066;220202;11;Szkoła Podstawowa 89-632 Męcikał Szkolna 7;545;139;139;10;129;25.50;7.19;572;287;287;18;269;50.17;6.27
81067;220202;12;Szkoła Podstawowa im. Stanisława Sikorskiego 89-632 Wielkie Chełmy 35;569;74;74;3;71;13.01;4.05;562;188;188;4;184;33.45;2.13
81068;220202;13;Szkoła Podstawowa im. Bł. Ks. Józefa Jankowskiego 89-632 Czyczkowy Główna 46;650;184;184;12;172;28.31;6.52;645;316;316;16;300;48.99;5.06
81069;220203;1;Wiejski Dom Kultury 89-608 Swornegacie ul. Mestwina 10;950;183;183;10;173;19.26;5.46;955;437;437;13;424;45.76;2.97
81070;220203;2;Zespół Szkoł 89-606 Charzykowy ul. Szkolna 1;1371;410;410;2;408;29.91;0.49;1387;776;776;17;759;55.95;2.19
81071;220203;3;Świetlica Wiejska 89-606 Chojniczki ul. Chojnicka 76;867;211;211;6;205;24.34;2.84;911;498;498;12;486;54.67;2.41
81072;220203;4;Świetlica Wiejska 89-632 Kłodawa 4;864;235;235;25;210;27.20;10.64;851;411;411;18;393;48.30;4.38
81073;220203;5;Świetlica Wiejska 89-641 Krojanty ul. 18 Pułku Ułanów Pomorskich 11;980;186;186;5;181;18.98;2.69;1000;456;456;14;442;45.60;3.07
81074;220203;6;Zespół Szkół 89-641 Nowa Cerkiew ul. Szkolna 11;1106;193;193;9;184;17.45;4.66;1137;459;459;19;440;40.37;4.14
81075;220203;7;Zespół Szkół 89-620 Pawłowo ul. Tucholska 16;1107;187;187;7;180;16.89;3.74;1114;542;542;20;522;48.65;3.69
81076;220203;8;Wiejski Dom Kultury 89-620 Silno ul. Główna 49;782;123;123;3;120;15.73;2.44;767;286;286;11;275;37.29;3.85
81077;220203;9;Świetlica Wiejska 89-620 Racławki 23;534;67;67;4;63;12.55;5.97;535;205;205;11;194;38.32;5.37
81078;220203;10;Szkoła Podstawowa 89-620 Ostrowite ul. Szkolna 3;784;67;67;2;65;8.55;2.99;779;220;220;10;210;28.24;4.55
81079;220203;11;Szkoła Podstawowa 89-620 Lichnowy ul. Szkolna 15;1105;129;129;8;121;11.67;6.20;1105;427;427;17;410;38.64;3.98
81080;220203;12;Gimnazjum 89-620 Sławęcin ul. Szkolna 11;646;95;95;4;91;14.71;4.21;638;257;257;17;240;40.28;6.61
81081;220203;13;Szkoła Podstawowa 89-665 Ogorzeliny ul. Obkaska 3;902;124;124;5;119;13.75;4.03;892;347;347;42;305;38.90;12.10
81082;220203;14;Świetlica Wiejska 89-665 Nowy Dwór 19 lokal: 2;449;60;60;5;55;13.36;8.33;455;164;164;5;159;36.04;3.05
81083;220203;15;Szkoła Podstawowa 89-620 Nieżychowice 55;1139;147;147;3;144;12.91;2.04;1125;435;435;12;423;38.67;2.76
81084;220204;1;Szkoła Podstawowa Nr 1 89-650 Czersk ul.Dworcowa 8;1759;388;388;22;366;22.06;5.67;1722;856;856;29;827;49.71;3.39
81085;220204;2;Zespół Szkół im. Jana Pawła II 89-650 Czersk ul. Kościuszki 6;1857;374;374;23;351;20.14;6.15;1827;875;875;36;839;47.89;4.11
81086;220204;3;Remiza OSP 89-650 Czersk ul. Starogardzka 42;1891;459;459;11;448;24.27;2.40;1954;983;983;20;963;50.31;2.03
81087;220204;4;Ośrodek Kultury 89-650 Czersk ul. Szkolna 11;2109;344;344;11;333;16.31;3.20;2136;872;872;28;844;40.82;3.21
81088;220204;5;Liceum Ogólnokształcące im. Wincentego Pola 89-650 Czersk ul. Szkolna 3;1551;222;222;8;214;14.31;3.60;1583;610;610;26;584;38.53;4.26
81089;220204;6;Świetlica Wiejska 89-642 Gutowiec ul. Czerska 3a;354;64;64;0;64;18.08;0.00;362;154;154;4;150;42.54;2.60
81090;220204;7;Świetlica Wiejska 89-642 Krzyż 23a;492;71;71;4;67;14.43;5.63;490;204;204;9;195;41.63;4.41
81091;220204;8;Zespół Szkół 89-642 Rytel ul. Ks.Kowalkowskiego 6;1599;304;304;8;296;19.01;2.63;1597;748;748;41;707;46.84;5.48
81092;220204;9;Ośrodek Kultury 89-642 Rytel ul. Ks. Kowalkowskiego 11;473;64;64;1;63;13.53;1.56;478;196;196;8;188;41.00;4.08
81093;220204;10;Zespół Szkół w Rytlu 89-642 Zapędowo 12;316;48;48;0;48;15.19;0.00;317;108;108;0;108;34.07;0.00
81094;220204;11;Zwspół Szkół Ponadgimnazjalnych 89-650 Malachin ul. Główna 11;662;94;94;4;90;14.20;4.26;668;282;282;13;269;42.22;4.61
81095;220204;12;Szkoła Podstawowa 89-651 Gotelp 12;812;65;65;5;60;8.00;7.69;824;294;294;12;282;35.68;4.08
81096;220204;13;Szkoła Podstawowa 89-651 Odry ul. Długa 1;596;139;139;6;133;23.32;4.32;593;271;271;13;258;45.70;4.80
81097;220204;14;Ośrodek Kultury 89-652 Łąg ul. Chojnicka 30;1897;304;304;11;293;16.03;3.62;1889;823;823;16;807;43.57;1.94
91206;220204;15;Oddział Zewnętrzny Aresztu Śledczego w Chojnicach 89-650 Czersk ul. Dworcowa 29;58;56;56;18;38;96.55;32.14;57;32;32;12;20;56.14;37.50
81098;220205;1;Sala Gminnego Ośrodka Kultury 89-607 Konarzyny ul.Szkolna 7;1757;327;327;17;310;18.61;5.20;1760;786;786;16;770;44.66;2.04
81099;220301;1;Ośrodek Doradztwa Rolniczego 77-300 Człuchów Osiedle Młodych 9;1222;278;278;17;261;22.75;6.12;1212;651;651;17;634;53.71;2.61
81100;220301;2;Gimnazjum nr 1 77-300 Człuchów ul. Szkolna 3;1387;304;304;2;302;21.92;0.66;1359;713;713;7;706;52.47;0.98
81101;220301;3;Urząd Miejski 77-300 Człuchów al. Wojska Polskiego 1;1206;241;241;5;236;19.98;2.07;1200;526;526;18;508;43.83;3.42
81102;220301;4;Niepubliczne Przedszkole MOTYLEK 77-300 Człuchów ul. Słowackiego 2;814;145;145;5;140;17.81;3.45;793;339;339;10;329;42.75;2.95
81103;220301;5;Przedszkole Niepubliczne BAJKA 77-300 Człuchów ul. Sobieskiego 7;1771;411;411;26;385;23.21;6.33;1710;828;828;24;804;48.42;2.90
81104;220301;6;Szkoła Podstawowa nr 1 77-300 Człuchów ul. Średnia 4a;1761;440;440;11;429;24.99;2.50;1660;849;849;32;817;51.14;3.77
81105;220301;7;Miejski Dom Kultury 77-300 Człuchów ul. Traugutta 2;1663;365;365;9;356;21.95;2.47;1622;828;828;19;809;51.05;2.29
81106;220301;8;Wyższa Szkoła Pedagogiczna Towarzystwa Wiedzy Powszechnej w Warszawie Wydział Zamiejscowy w Człuchowie 77-300 Człuchów osiedle Wincentego Witosa 20;1721;379;379;7;372;22.02;1.85;1687;865;865;15;850;51.27;1.73
91207;220301;9;Szpital Powiatowy 77 - 300 Człuchów ul. Szczecińska 31;128;1;1;0;1;0.78;0.00;113;33;33;4;29;29.20;12.12
81107;220302;1;Czarneńskie Centrum Kultury 77-330 Czarne ul.Kolejowa 14;1641;291;291;10;281;17.73;3.44;1628;684;684;26;658;42.01;3.80
81108;220302;2;Przedszkole Gminne 77-330 Czarne ul.Parkowa 7;1617;311;311;15;296;19.23;4.82;1541;630;630;32;598;40.88;5.08
81109;220302;3;Sala remizy Ochotniczej Straży Pożarnej 77-330 Czarne ul. Ogrodowa 20;1320;214;214;6;208;16.21;2.80;1330;620;620;21;599;46.62;3.39
81110;220302;4;Świetlica Wiejska 77-330 Nadziejewo 21;270;72;72;1;71;26.67;1.39;264;88;88;5;83;33.33;5.68
81111;220302;5;Świetlica Wiejska 77-326 Wyczechy 18;690;103;103;0;103;14.93;0.00;681;240;240;9;231;35.24;3.75
81112;220302;6;Międzypokoleniowe Wiejskie Centrum Aktywności 77-324 Bińcze 12;544;113;113;12;101;20.77;10.62;544;198;198;15;183;36.40;7.58
81113;220302;7;Świetlica Wiejska 77-330 Domisław 30a;481;71;71;4;67;14.76;5.63;493;126;126;7;119;25.56;5.56
81114;220302;8;Klub Animacji Społecznej 77-330 Krzemieniewo 34;577;91;91;7;84;15.77;7.69;573;183;183;11;172;31.94;6.01
91208;220302;9;Czarne 77-330 Czarne Pomorska 1;1393;288;288;43;245;20.67;14.93;1286;458;458;63;395;35.61;13.76
91209;220302;10;Czarne 77-330 Czarne Zamkowa 19;114;61;61;2;59;53.51;3.28;103;57;57;3;54;55.34;5.26
81115;220303;1;Szkoła Podstawowa 77-300 Polnica 72;1373;196;196;9;187;14.28;4.59;1407;493;493;23;470;35.04;4.67
81116;220303;2;Szkoła Podstawowa 77-300 Rychnowy 5;1280;244;244;5;239;19.06;2.05;1308;495;495;26;469;37.84;5.25
81117;220303;3;Szkoła Podstawowa 77-300 Wierzchowo-Dworzec ul. Szkolna 16;2038;243;243;14;229;11.92;5.76;2014;663;663;47;616;32.92;7.09
81118;220303;4;Świetlica wiejska 77-300 Mosiny 26;862;96;96;4;92;11.14;4.17;864;276;276;19;257;31.94;6.88
81119;220303;5;Świetlica wiejska 77-300 Kołdowo 42;1024;182;182;10;172;17.77;5.49;1089;480;480;19;461;44.08;3.96
81120;220303;6;Szkoła Podstawowa 77-300 Stołczno 1;824;73;73;3;70;8.86;4.11;829;233;233;11;222;28.11;4.72
81121;220303;7;Świetlica wiejska 77-300 Barkowo 31a;746;102;102;2;100;13.67;1.96;723;210;210;14;196;29.05;6.67
81122;220304;1;Ośrodek Pomocy Społecznej 77-310 Debrzno ul.Ogrodowa 27;877;149;149;11;138;16.99;7.38;858;359;359;16;343;41.84;4.46
81123;220304;2;Centrum Kultury Sportu i Turystyki 77-310 Debrzno ul.Wojska Polskiego 1;1036;159;159;10;149;15.35;6.29;1064;365;365;22;343;34.30;6.03
81124;220304;3;Lokal Wyborczy 77-310 Debrzno Przechodnia 1;1203;218;218;9;209;18.12;4.13;1229;446;446;18;428;36.29;4.04
81125;220304;4;Ochotnicza Straż Pożarna 77-310 Debrzno Miła 8;1006;213;213;9;204;21.17;4.23;969;438;438;11;427;45.20;2.51
81126;220304;5;Świetlica Wiejska 77-310 Stanisławka 10B;390;42;42;9;33;10.77;21.43;379;65;65;8;57;17.15;12.31
81127;220304;6;Świetlica Wiejska 77-310 Strzeczona 4A;517;49;49;0;49;9.48;0.00;524;142;142;10;132;27.10;7.04
81128;220304;7;Świetlica Wiejska 77-310 Słupia 38A;481;33;33;4;29;6.86;12.12;480;134;134;11;123;27.92;8.21
81129;220304;8;Świetlica Wiejska 77-310 Uniechów 18C;467;57;57;6;51;12.21;10.53;469;127;127;4;123;27.08;3.15
81130;220304;9;Świetlica Wiejska 77-310 Cierznie 20;397;59;59;1;58;14.86;1.69;384;148;148;6;142;38.54;4.05
81131;220304;10;Świetlica Wiejska 77-310 Nowe Gronowo 27;384;41;41;4;37;10.68;9.76;367;75;75;4;71;20.44;5.33
81132;220304;11;Pałac 77-310 Stare Gronowo 48;541;75;75;3;72;13.86;4.00;547;151;151;4;147;27.61;2.65
81133;220305;1;Sala Wiejska w Bielsku 77-220 Bielsko 10;486;88;88;7;81;18.11;7.95;475;156;156;8;148;32.84;5.13
81134;220305;2;Gminny Ośrodek Kultury w Koczale 77-220 Koczała Klonowa 9;825;126;126;4;122;15.27;3.17;806;315;315;11;304;39.08;3.49
81135;220305;3;Zespół Kształcenia i Wychowania w Koczale 77-220 Koczała Szkolna 16;1031;156;156;15;141;15.13;9.62;1006;396;396;23;373;39.36;5.81
81136;220305;4;Świetlica OSP w Pietrzykowie 77-220 Pietrzykowo 34;460;65;65;4;61;14.13;6.15;451;155;155;15;140;34.37;9.68
81137;220306;1;Świetlica wiejska 77-320 Szczytno 11;378;29;29;1;28;7.67;3.45;369;89;89;5;84;24.12;5.62
81138;220306;2;Świetlica Wiejska 77-320 Nowa Wieś 55a;645;96;96;7;89;14.88;7.29;619;206;206;11;195;33.28;5.34
81139;220306;3;Szkoła Podstawowa 77-320 Sąpolno 45;586;105;105;4;101;17.92;3.81;580;250;250;12;238;43.10;4.80
81140;220306;4;Dom Kultury 77-320 Przechlewo ul. Młyńska 11;939;120;120;5;115;12.78;4.17;939;355;355;9;346;37.81;2.54
81141;220306;5;Przedszkole 77-320 Przechlewo Osiedle Juźkowa 14;932;160;160;10;150;17.17;6.25;934;422;422;33;389;45.18;7.82
81142;220306;6;Publiczne Gimnazjum 77-320 Przechlewo Szkolna 4e;881;189;189;12;177;21.45;6.35;880;405;405;12;393;46.02;2.96
81143;220306;7;Świetlica wiejska 77-320 Lisewo 3a;272;35;35;1;34;12.87;2.86;273;97;97;8;89;35.53;8.25
81144;220306;8;Świetlica wiejska 77-320 Płaszczyca 12b;285;36;36;2;34;12.63;5.56;275;67;67;6;61;24.36;8.96
81145;220307;1;Gminne Centrum Kultury Sportu Turystyki i Rekreacji 77-304 Rzeczenica ul.Lipowa 1;657;90;90;3;87;13.70;3.33;654;240;240;9;231;36.70;3.75
81146;220307;2;Zespół Szkół 77-304 Rzeczenica ul. Przechlewska 6;810;123;123;5;118;15.19;4.07;794;263;263;24;239;33.12;9.13
81147;220307;3;Świetlica wiejska 77-304 Brzezie Koszalińska 33;383;54;54;3;51;14.10;5.56;400;149;149;4;145;37.25;2.68
81148;220307;4;Świetlica wiejska 77-304 Międzybórz 22;413;55;55;0;55;13.32;0.00;425;145;145;10;135;34.12;6.90
81149;220307;5;Zespół Szkół Filia w Gwieździnie 77-304 Gwieździn 26;436;63;63;5;58;14.45;7.94;427;149;149;9;140;34.89;6.04
81150;220307;6;Szkoła Podstawowa 77-304 Pieniężnica 55;283;26;26;2;24;9.19;7.69;280;80;80;5;75;28.57;6.25
81151;220401;1;Niepubliczne Przedszkole „Bursztynek” 83-000 Pruszcz Gdański ul. Edmunda Pawła Strzeleckiego 4;1068;316;316;5;311;29.59;1.58;1229;763;763;5;758;62.08;0.66
81152;220401;2;Zespół Szkół Nr 2 83-000 Pruszcz Gdański ul. Tysiąclecia 5;935;304;304;12;292;32.51;3.95;926;556;556;13;543;60.04;2.34
81153;220401;3;Pedagogiczna Biblioteka Wojewódzka w Gdańsku Filia w Pruszczu Gdańskim 83-000 Pruszcz Gdański ul. Obrońców Pokoju 6;2032;602;602;16;586;29.63;2.66;2020;1123;1123;18;1105;55.59;1.60
81154;220401;4;Miejski Ośrodek Pomocy Społecznej 83-000 Pruszcz Gdański ul. Niepodległości 9;1012;352;352;4;348;34.78;1.14;1022;616;616;9;607;60.27;1.46
81155;220401;5;Przedszkole Publiczne Nr 3 im. Kubusia Puchatka 83-000 Pruszcz Gdański ul. Niepodległości 10;2073;584;584;17;567;28.17;2.91;2029;1052;1052;26;1026;51.85;2.47
81156;220401;6;Centrum Kultury i Sportu 83-000 Pruszcz Gdański ul.Fryderyka Chopina 34;976;276;276;9;267;28.28;3.26;997;577;577;6;571;57.87;1.04
81157;220401;7;Szkoła Podstawowa Nr 3 83-000 Pruszcz Gdański ul. Jana Matejki 1;1794;565;565;14;551;31.49;2.48;1784;1054;1054;20;1034;59.08;1.90
81158;220401;8;Szkoła Podstawowa Nr 3 83-000 Pruszcz Gdański ul. Jana Matejki 1;845;159;159;3;156;18.82;1.89;826;358;358;6;352;43.34;1.68
81159;220401;9;Kasyno Wojskowe 83-000 Pruszcz Gdański ul. Dywizjonu 303;802;232;232;7;225;28.93;3.02;798;506;506;5;501;63.41;0.99
81160;220401;10;Zespół Szkół Ogólnokształcących Nr 1 83-000 Pruszcz Gdański ul. Juliana Ursyna Niemcewicza 1;1155;340;340;5;335;29.44;1.47;1139;676;676;14;662;59.35;2.07
81161;220401;11;Niepubliczne Przedszkole im. Janusza Korczaka 83-000 Pruszcz Gdański ul. Żwirki i Wigury 8;2260;689;689;16;673;30.49;2.32;2229;1278;1278;22;1256;57.34;1.72
81162;220401;12;Hala Widowiskowo-Sportowa przy ZSO Nr 1 83-000 Pruszcz Gdański ul. Juliana Ursyna Niemcewicza 1;1121;308;308;9;299;27.48;2.92;1124;586;586;16;570;52.14;2.73
81163;220401;13;Hala Widowiskowo-Sportowa przy ZSO Nr 1 83-000 Pruszcz Gdański ul. Juliana Ursyna Niemcewicza 1;972;253;253;5;248;26.03;1.98;1011;581;581;6;575;57.47;1.03
81164;220401;14;Zespół Szkół Nr 4 83-000 Pruszcz Gdański ul. Jana Kasprowicza 16;1866;659;659;7;652;35.32;1.06;1999;1284;1284;19;1265;64.23;1.48
81165;220401;15;Zespół Szkół Nr 4 83-000 Pruszcz Gdański ul. Jana Kasprowicza 16;1198;393;393;3;390;32.80;0.76;1204;727;727;13;714;60.38;1.79
81166;220401;16;Przedszkole Niepubliczne „JEDYNECZKA” 83-000 Pruszcz Gdański ul. Jana Kochanowskiego 8;1152;348;348;11;337;30.21;3.16;1208;682;682;13;669;56.46;1.91
81167;220402;1;Zespól Szkól, Gimnazjum i Szkoła Podstawowa 83-020 Cedry Małe ul.Żuławska 58;1530;209;209;5;204;13.66;2.39;1517;550;550;26;524;36.26;4.73
81168;220402;2;Żuławski Ośrodek Kultury i Sportu 83-020 Cedry Wielkie ul.Osadników Wojskowych 8;1770;273;273;9;264;15.42;3.30;1814;768;768;28;740;42.34;3.65
81169;220402;3;Szkoła Podstawowa 83-020 Trutnowy ul.Św.Piotra i Pawła 3;1187;275;275;5;270;23.17;1.82;1214;501;501;19;482;41.27;3.79
81170;220402;4;Świetlica Wiejska 83-011 Koszwały ul.Lipowa 15;620;119;119;4;115;19.19;3.36;626;234;234;7;227;37.38;2.99
81171;220403;1;Urząd Gminy w Kolbudach (dawny GOK) 83-050 Kolbudy ul. Staromłyńska 1;2258;714;714;20;694;31.62;2.80;2288;1285;1285;35;1250;56.16;2.72
81172;220403;2;Zespół Kształcenia Podstawowego i Gimnazjalnego w Kolbudach 83-050 Kolbudy ul. Gen. Józefa Wybickiego 33;1847;589;589;8;581;31.89;1.36;1892;1191;1191;18;1173;62.95;1.51
81173;220403;3;Szkoła Podstawowa w Pręgowie 83-050 Pręgowo ul. Brzozowa 1;2257;535;535;10;525;23.70;1.87;2293;1162;1162;44;1118;50.68;3.79
81174;220403;4;Budynek gospodarczy (świetlica wiejska) 83-050 Bąkowo ul. Otomińska 6;1877;554;554;12;542;29.52;2.17;1962;1137;1137;19;1118;57.95;1.67
81175;220403;5;Dom Kultury w Kowalach 80-180 Kowale ul. Glazurowa 1;2303;800;801;17;783;34.74;2.12;1726;1052;1052;15;1037;60.95;1.43
81176;220403;6;Urząd Gminy w Kolbudach (dawny GOK) 83-050 Kolbudy Staromłyńska 1;771;191;191;3;188;24.77;1.57;746;464;464;5;459;62.20;1.08
81177;220404;1;Świetlica Wiejska 83-010 Jagatowo Żurawia 27;810;174;174;7;167;21.48;4.02;844;392;392;9;383;46.45;2.30
81178;220404;2;Szkoła Podstawowa im. Romualda Traugutta 83-000 Wojanowo Parkowa 4;775;87;87;4;83;11.23;4.60;780;239;239;17;222;30.64;7.11
81179;220404;3;Zespół Szkół im. Ignacego Krasickiego (sala nr 43) 83-010 Straszyn Starogardzka 48;1640;438;438;6;432;26.71;1.37;1746;1023;1023;16;1007;58.59;1.56
81180;220404;4;Zespół Szkół im. Ignacego Krasickiego (mała sala gimnastyczna) 83-010 Straszyn Starogardzka 48;1591;532;532;11;521;33.44;2.07;1656;1027;1027;12;1015;62.02;1.17
81181;220404;5;Zespół Szkół im. Karola Wojtyły 83-010 Rotmanka Aleja Piłsudskiego 37;1901;828;828;16;812;43.56;1.93;2040;1416;1416;22;1394;69.41;1.55
81182;220404;6;Zespół Szkolno-Przedszkolny 80-180 Borkowo Akacjowa 2;1936;578;578;19;559;29.86;3.29;2232;1400;1400;12;1388;62.72;0.86
81183;220404;7;Świetlica Wiejska 83-000 Juszkowo Sportowa 10a;1901;581;581;14;567;30.56;2.41;2045;1258;1258;25;1233;61.52;1.99
81184;220404;8;Szkoła Podstawowa 83-011 Wiślinka Szkolna 10;1560;333;333;14;319;21.35;4.20;1597;806;806;20;786;50.47;2.48
81185;220404;9;Centrum Profilaktyki Uzależnień 83-021 Rokitnica Bałtycka 3C;1170;239;239;10;229;20.43;4.18;1306;620;623;23;597;47.47;3.71
81186;220404;10;Zespół Szkół im. Bohaterów Grudnia 70 83-031 Łęgowo Szkolna 9;1834;487;487;17;470;26.55;3.49;1850;987;987;29;958;53.35;2.94
81187;220404;11;Ośrodek Kultury, Sportu i Rekreacji Gminy Pruszcz Gdański 83-031 Cieplewo Długa 20a;745;199;199;8;191;26.71;4.02;789;454;454;9;445;57.54;1.98
81188;220404;12;Zespół Szkół Rolniczych Centrum Kształcenia Praktycznego im. Macieja Rataja 83-031 Rusocin Macieja Rataja 12;1039;246;246;6;240;23.68;2.44;1031;539;539;17;522;52.28;3.15
81189;220404;13;Szkoła Podstawowa 83-021 Wiślina Mostowa 5;1250;246;246;12;234;19.68;4.88;1247;513;513;18;495;41.14;3.51
81190;220405;1;Remiza Strażacka 83-047 Jodłowno ul. Kasztanowa 21;1090;212;212;11;201;19.45;5.19;1113;506;506;22;484;45.46;4.35
81191;220405;2;Gimnazjum 83-047 Przywidz ul. Szkolna 1;2149;444;444;18;426;20.66;4.05;2155;941;941;55;886;43.67;5.84
81192;220405;3;Szkoła Podstawowa (Trzepowo) 83-047 Borowina ul. Długa 1;1129;160;160;9;151;14.17;5.62;1176;475;475;22;453;40.39;4.63
81193;220406;1;Urząd Gminy w Pszczółkach 83-032 Pszczółki Pomorska 20;1333;290;290;10;280;21.76;3.45;1330;623;623;28;595;46.84;4.49
81194;220406;2;Szkoła Podstawowa w Pszczółkach 83-032 Pszczółki Szkolna 4;1160;276;276;7;269;23.79;2.54;1183;573;573;7;566;48.44;1.22
81195;220406;3;Świetlica Wiejska w Skowarczu 83-032 Skowarcz Gdańska 11;1027;197;197;6;191;19.18;3.05;1085;503;503;22;481;46.36;4.37
81196;220406;4;Szkoła Podstawowa w Żelisławkach 83-032 Żelisławki 3;633;77;77;7;70;12.16;9.09;637;225;225;15;210;35.32;6.67
81197;220406;5;Szkoła Podstawowa w Różynach 83-031 Różyny Kościelna 2;1144;267;267;6;261;23.34;2.25;1209;583;583;22;561;48.22;3.77
81198;220406;6;Publicznme Gimnazjum w Pszczółkach 83-032 Pszczółki Pomorska 25;997;258;258;11;247;25.88;4.26;1013;555;555;14;541;54.79;2.52
81199;220406;7;Fundacja ,,Żyć godnie” Kolnik 83-032 Kolnik Dębowa 4;424;115;115;2;113;27.12;1.74;417;190;190;5;185;45.56;2.63
81200;220407;1;Zespół Szkół 83-022 Suchy Dąb ul. Sportowa 11;1181;255;255;7;248;21.59;2.75;1180;512;512;21;491;43.39;4.10
81201;220407;2;Świetlica Wiejska 83-022 Krzywe Koło 45;1267;152;152;4;148;12.00;2.63;1274;395;395;18;377;31.00;4.56
81202;220407;3;Zespół Szkolno-Przedszkolny 83-022 Grabiny-Zameczek ul. Gdańska 88;770;161;161;5;156;20.91;3.11;773;327;327;14;313;42.30;4.28
81203;220408;1;Szkoła Podstawowa w Czerniewie 83-041 Czerniewo 9;1441;192;192;14;178;13.32;7.29;1464;558;558;11;547;38.11;1.97
81204;220408;2;Szkoła Podstawowa w Mierzeszynie 83-041 Mierzeszyn ul. Wolności 19;1462;197;197;5;192;13.47;2.54;1448;455;455;32;423;31.42;7.03
81205;220408;3;Szkoła Podstawowa w Sobowidzu 83-033 Sobowidz ul. Tadeusza Kościuszki 18;1709;286;286;11;275;16.73;3.85;1725;640;640;27;613;37.10;4.22
81206;220408;4;Szkoła Podstawowa w Trąbkach Wielkich 83-034 Trąbki Wielkie ul. Sportowa 2;2236;344;344;6;338;15.38;1.74;2290;896;896;38;858;39.13;4.24
81207;220408;5;Szkoła Podstawowa w Kłodawie 83-035 Kłodawa ul. Szkolna 10;1127;258;258;13;245;22.89;5.04;1171;560;561;18;542;47.82;3.21
81208;220501;1;Dom Kultury w Chmielnie 83-333 Chmielno ul. Gryfa Pomorskiego 20;2000;692;692;25;667;34.60;3.61;2028;1181;1181;40;1141;58.23;3.39
81209;220501;2;Szkoła Podstawowa 83-334 Miechucino ul. Szkolna 1;1691;357;357;7;350;21.11;1.96;1727;862;862;36;826;49.91;4.18
81210;220501;3;Szkoła Podstawowa 83-335 Borzestowo 182;671;129;129;3;126;19.23;2.33;701;388;388;13;375;55.35;3.35
81211;220501;4;Centrum Integracji Społecznej 83-333 Garcz Kartuska 25;1064;273;273;8;265;25.66;2.93;1093;547;547;18;529;50.05;3.29
81212;220502;1;Szkoła Podstawowa Nr 2 83-300 Kartuzy ul. Wzgórze Wolności 1;2251;720;720;14;706;31.99;1.94;2279;1393;1393;32;1361;61.12;2.30
81213;220502;2;Szkoła Podstawowa Nr 1 83-300 Kartuzy ul. 3 Maja 14;2290;611;611;13;598;26.68;2.13;2262;1121;1121;43;1078;49.56;3.84
81214;220502;3;Urząd Miejski w Kartuzach 83-300 Kartuzy ul. gen. Józefa Hallera 1;1728;526;526;13;513;30.44;2.47;1700;907;907;27;880;53.35;2.98
81215;220502;4;Gimnazjum Nr 1 83-300 Kartuzy ul. Marszałka Piłsudskiego 10;1698;572;572;19;553;33.69;3.32;1674;1023;1023;23;1000;61.11;2.25
81216;220502;5;Zespół Szkół Ogólnokształcących Nr 2 83-300 Kartuzy osiedle Wybickiego 33;1338;372;372;21;351;27.80;5.65;1319;726;726;11;715;55.04;1.52
81217;220502;6;Zespół Szkół Ogólnokształcących Nr 2 83-300 Kartuzy osiedle Wybickiego 33;1150;349;349;11;338;30.35;3.15;1125;652;652;22;630;57.96;3.37
81218;220502;7;Gminne Przedszkole z Oddziałami Integracyjnymi Akademia Przedszkolaka 83-300 Kartuzy osiedle Wybickiego 33;1137;347;347;7;340;30.52;2.02;1123;656;656;12;644;58.41;1.83
81219;220502;8;Szkoła Podstawowa 83-329 Mirachowo ul.Szkolna 2;1005;207;207;3;204;20.60;1.45;1024;497;497;15;482;48.54;3.02
81220;220502;9;Zespół Szkół 83-328 Staniszewo 2A;1023;203;203;3;200;19.84;1.48;1033;479;479;27;452;46.37;5.64
81221;220502;10;Ośrodek Geriatryczny 83-328 Sianowo 4;1034;245;245;14;231;23.69;5.71;1041;516;516;25;491;49.57;4.84
81222;220502;11;Szkoła Podstawowa 83-300 Prokowo ul.Kartuska 10;1152;264;264;5;259;22.92;1.89;1176;558;558;22;536;47.45;3.94
81223;220502;12;Szkoła Podstawowa 83-300 Grzybno ul.Szkolna 12;1191;333;333;13;320;27.96;3.90;1187;652;652;14;638;54.93;2.15
81224;220502;13;Zespół Kształcenia i Wychowania 83-332 Dzierżążno ul.Edukacji Narodowej 4a;1673;507;507;7;500;30.30;1.38;1710;1006;1006;21;985;58.83;2.09
81225;220502;14;Dom Strażaka 83-332 Dzierżążno ul.Kartuska 31;923;266;266;6;260;28.82;2.26;909;510;510;8;502;56.11;1.57
81226;220502;15;Zespół Szkół 83-307 Kiełpino ul.Szkolna 29;1224;301;301;6;295;24.59;1.99;1280;698;698;17;681;54.53;2.44
81227;220502;16;Zespół Szkół 83-307 Kiełpino ul.Szkolna 29;1302;296;296;15;281;22.73;5.07;1348;664;664;13;651;49.26;1.96
81228;220502;17;Szkoła Podstawowa 83-300 Łapalice ul.Szkolna 2;762;197;197;2;195;25.85;1.02;798;412;412;5;407;51.63;1.21
81229;220502;18;Zespół Kształcenia i Wychowania 83-324 Brodnica Górna ul.Chmieleńska 1;1480;297;297;8;289;20.07;2.69;1500;743;743;29;714;49.53;3.90
91210;220502;19;Powiatowe Centrum Zdrowia Sp. z o.o. NZOZ w Kartuzach 83-300 Kartuzy ul.Ceynowy 7;34;4;4;0;4;11.76;0.00;54;12;12;0;12;22.22;0.00
91211;220502;20;Szpital Specjalistyczny w Kościerzynie Sp. z o.o. Placówka w Dzierżążnie 83-332 Dzierżążno ul.Szpitalna 36;40;17;17;0;17;42.50;0.00;87;14;14;0;14;16.09;0.00
81230;220503;1;Zespół Szkół - Szkoła Podstawowa i Publiczne Gimnazjum (sala sportowa) 83-304 Przodkowo ul. Sportowa 1;1352;277;277;7;270;20.49;2.53;1410;716;716;19;697;50.78;2.65
81231;220503;2;Zespół Szkół - Szkoła Podstawowa i Publiczne Gimnazjum 83-304 Przodkowo ul. Sportowa 1;905;297;297;16;281;32.82;5.39;921;516;516;13;503;56.03;2.52
81232;220503;3;Zespół Szkół-SPiPG w Czeczewie 84-208 Czeczewo ul. Gdańska 8;1022;241;241;3;238;23.58;1.24;1089;601;601;16;585;55.19;2.66
81233;220503;4;Zespół Szkół - Szkoła Podstawowa i Publiczne Gimnazjum 83-305 Pomieczyno ul. Kartuska 14;1398;308;308;6;302;22.03;1.95;1470;782;782;32;750;53.20;4.09
81234;220503;5;Zespół Szkół 83-304 Przodkowo ul. Sportowa 1;1281;307;307;19;288;23.97;6.19;1318;687;687;13;674;52.12;1.89
81235;220504;1;Zespół Szkół Ponadgimnazjalnych w Sierakowicach 83-340 Sierakowice ul. Dworcowa 3;1223;357;357;7;350;29.19;1.96;1244;761;761;29;732;61.17;3.81
81236;220504;2;Urząd Gminy w Sierakowicach 83-340 Sierakowice ul. Lęborska 30;1930;560;560;7;553;29.02;1.25;1941;1177;1177;36;1141;60.64;3.06
81237;220504;3;Gminny Ośrodek Kultury w Sierakowicach 83-340 Sierakowice ul. Kartuska 27;1803;488;488;9;479;27.07;1.84;1857;1021;1021;31;990;54.98;3.04
81238;220504;4;Szkoła Podstawowa w Sierakowicach 83-340 Sierakowice ul. Kubusia Puchatka 7;863;256;256;9;247;29.66;3.52;870;496;496;17;479;57.01;3.43
81239;220504;5;Szkoła Podstawowa w Puzdrowie 83-340 Puzdrowo 32;1153;306;306;16;290;26.54;5.23;1180;648;648;46;602;54.92;7.10
81240;220504;6;Zespół Szkół w Gowidlinie 83-341 Gowidlino ul. Wyszyńskiego 5;1568;467;467;14;453;29.78;3.00;1603;888;888;50;838;55.40;5.63
81241;220504;7;Remiza Ochotniczej Straży Pożarnej w Kamienicy Królewskiej 83-342 Kamienica Królewska ul. Królewska 10;834;175;175;7;168;20.98;4.00;837;400;400;22;378;47.79;5.50
81242;220504;8;Szkoła Podstawowa w Mojuszu 83-334 Mojusz 23;893;187;187;6;181;20.94;3.21;915;422;422;25;397;46.12;5.92
81243;220504;9;Szkoła Podstawowa w Lisich Jamach 83-335 Długi Kierz, Lisie Jamy 60 A;865;166;166;3;163;19.19;1.81;878;427;427;25;402;48.63;5.85
81244;220504;10;Zespół Szkół w Tuchlinie 83-340 Tuchlino 16 B;821;200;200;8;192;24.36;4.00;839;474;474;26;448;56.50;5.49
81245;220504;11;Gimnazjum Sierakowice 83-340 Sierakowice Spacerowa 14;1212;427;427;15;412;35.23;3.51;1238;784;784;28;756;63.33;3.57
81246;220505;1;Remiza Ochotniczej Straży Pożarnej w Egiertowie 83-312 Egiertowo 39;1400;181;181;8;173;12.93;4.42;1416;552;552;39;513;38.98;7.07
81247;220505;2;Remiza Ochotniczej Straży Pożarnej w Goręczynie 83-311 Goręczyno Kasztelańska 63a;2158;422;422;12;410;19.56;2.84;2160;994;994;44;950;46.02;4.43
81248;220505;3;Gminny Ośrodek Kultury - sala na parterze 83-314 Somonino Ceynowy 1a;2128;446;446;10;436;20.96;2.24;2208;1173;1173;55;1118;53.12;4.69
81249;220505;4;Remiza Ochotniczej Straży Pożarnej w Hopowie 83-312 Hopowo 33;1334;175;175;8;167;13.12;4.57;1360;496;496;27;469;36.47;5.44
81250;220505;5;Remiza Ochotniczej Straży Pożarnej w Somoninie - sala na I-wszym piętrze 83-314 Somonino Ceynowy 1a;374;88;88;2;86;23.53;2.27;386;195;195;10;185;50.52;5.13
81251;220506;1;Zespół Kształcenia i Wychowania 83-322 Stężyca ul. Abrahama 2;1283;396;396;17;379;30.87;4.29;1256;674;674;20;654;53.66;2.97
81252;220506;2;Zespół Kształcenia i Wychowania 83-322 Stężyca ul. Abrahama 2;1167;295;295;11;284;25.28;3.73;1203;678;678;34;644;56.36;5.01
81253;220506;3;Zespół Kształcenia i Wychowania 83-323 Kamienica Szlachecka ul. Długa 13;1268;282;282;7;275;22.24;2.48;1280;635;635;24;611;49.61;3.78
81254;220506;4;Zespół Kształcenia i Wychowania 83-322 Klukowa Huta ul. Józefa Wybickiego 6;1032;249;249;16;233;24.13;6.43;1065;510;510;26;484;47.89;5.10
81255;220506;5;Zespół Kształcenia i Wychowania 83-316 Gołubie ul. Sambora II 17;499;110;110;2;108;22.04;1.82;536;260;260;10;250;48.51;3.85
81256;220506;6;Zespół Kształcenia i Wychowania 83-316 Gołubie ul. Sambora II 17;882;226;226;9;217;25.62;3.98;891;466;466;14;452;52.30;3.00
81257;220506;7;Zespół Kształcenia i Wychowania 83-315 Szymbark ul. Szkolna 1;1015;313;313;4;309;30.84;1.28;1017;514;514;19;495;50.54;3.70
81258;220507;1;Zespół Szkół 83-320 Sulęczyno ul. Szkolna 2;1460;475;475;25;450;32.53;5.26;1497;823;823;42;781;54.98;5.10
81259;220507;2;Zespół Szkół 83-321 Mściszewice Szkolna 5;838;159;159;11;148;18.97;6.92;854;385;385;25;360;45.08;6.49
81260;220507;3;Szkoła Podstawowa 83-320 Węsiory 63a;651;194;194;11;183;29.80;5.67;663;327;327;17;310;49.32;5.20
81261;220507;4;Zespół Szkół 83-320 Sulęczyno ul. Szkolna 2;1001;202;202;1;201;20.18;0.50;1011;479;479;18;461;47.38;3.76
81262;220508;1;Zespół Publicznego Gimnazjum w Chwaszczynie i Szkoły Podstawowej w Chwaszczynie 80-209 Chwaszczyno ul. Mickiewicza 16;1382;457;457;13;444;33.07;2.84;1429;868;868;21;847;60.74;2.42
81263;220508;2;Zespół Publicznego Gimnazjum w Chwaszczynie i Szkoły Podstawowej w Chwaszczynie 80-209 Chwaszczyno ul. Mickiewicza 16;1223;480;480;12;468;39.25;2.50;1289;891;891;10;881;69.12;1.12
81264;220508;3;Szkoła Podstawowa w Tuchomiu 80-209 Tuchom ul. Gdyńska 106;841;217;217;10;207;25.80;4.61;854;486;486;26;460;56.91;5.35
81265;220508;4;Szkoła Podstawowa w Miszewie 80-297 Miszewo 29;666;181;181;2;179;27.18;1.10;676;377;377;10;367;55.77;2.65
81266;220508;5;Centrum Kulturalno-Sportowe w Małkowie 83-330 Małkowo ul. Pałacowa 92;463;126;126;0;126;27.21;0.00;490;252;252;5;247;51.43;1.98
81267;220508;6;Szkoła Podstawowa w Pępowie 83-330 Pępowo ul. Gdańska 117;1168;322;322;7;315;27.57;2.17;1263;759;759;16;743;60.10;2.11
81268;220508;7;Szkoła Podstawowa w Baninie 80-297 Banino ul. Lotnicza 15;1198;413;413;9;404;34.47;2.18;1370;894;894;15;879;65.26;1.68
81269;220508;8;Remiza OSP Sala św. Floriana w Baninie 80-297 Banino ul. Lotnicza 29;1615;519;519;16;503;32.14;3.08;1931;1219;1219;13;1206;63.13;1.07
81270;220508;9;Szkoła Podstawowa w Baninie 80-297 Banino ul. Lotnicza 15;948;282;282;10;272;29.75;3.55;983;526;526;12;514;53.51;2.28
81271;220508;10;Zespół Publicznego Gimnazjum w Leźnie i Szkoły Podstawowej w Leźnie 80-298 Leźno ul. Aleja Lipowa 44;1823;453;453;13;440;24.85;2.87;1890;1004;1004;37;967;53.12;3.69
81272;220508;11;Szkoła Podstawowa w Niestępowie 83-331 Niestępowo ul. Raduńska 62;1522;378;378;4;374;24.84;1.06;1545;843;843;25;818;54.56;2.97
81273;220508;12;Zespół Publicznego Gimnazjum w Przyjaźni i Szkoły Podstawowej w Przyjaźni 83-331 Przyjaźń ul. Szkolna 2;1604;376;376;14;362;23.44;3.72;1657;840;840;30;810;50.69;3.57
81274;220508;13;Szkoła Podstawowa w Skrzeszewie 83-331 Skrzeszewo 3;1143;178;178;5;173;15.57;2.81;1155;408;408;24;384;35.32;5.88
81275;220508;14;Szkoła Podstawowa w Glinczu 83-330 Glincz ul. Brzozowa 6;1082;319;319;8;311;29.48;2.51;1134;580;580;15;565;51.15;2.59
81276;220508;15;Szkoła Podstawowa w Borkowie 83-330 Borkowo ul. Szkolna 2;1045;361;361;2;359;34.55;0.55;1083;635;635;14;621;58.63;2.20
81277;220508;16;Szkoła Podstawowa im. Obrońców Wybrzeża w Żukowie - budynek szkoły przy ul. Gdańska 66 83-330 Żukowo ul. Gdańska 66;1738;535;535;19;516;30.78;3.55;1786;1022;1022;23;999;57.22;2.25
81278;220508;17;Szkoła Podstawowa im. Obrońców Wybrzeża w Żukowie 83-330 Żukowo ul. Gdyńska 7;1746;498;498;8;490;28.52;1.61;1794;1017;1017;17;1000;56.69;1.67
81279;220508;18;Publiczne Gimnazjum Nr 2 w Żukowie 83-330 Żukowo ul. Armii Krajowej 2e;1016;313;313;14;299;30.81;4.47;1015;558;558;6;552;54.98;1.08
81280;220508;19;Publiczne Gimnazjum Nr 2 w Żukowie 83-330 Żukowo ul. Armii Krajowej 2e;1195;434;434;9;425;36.32;2.07;1226;780;780;17;763;63.62;2.18
81281;220601;1;Szkoła Podstawowa Nr 1 Kościerzyna 83-400 Kościerzyna ul. 8 Marca 1;1792;409;409;13;396;22.82;3.18;1822;964;964;32;932;52.91;3.32
81282;220601;2;Zespół Szkół Publicznych Nr 1 83-400 Kościerzyna ul. Marii Skłodowskiej-Curie 19;1542;416;416;8;408;26.98;1.92;1492;823;823;26;797;55.16;3.16
81283;220601;3;Zespół Szkół Publicznych Nr 1 83-400 Kościerzyna ul. Marii Skłodowskiej-Curie 19;1502;366;366;4;362;24.37;1.09;1464;767;767;13;754;52.39;1.69
81284;220601;4;Zespół Szkół Publicznych Nr 1 83-400 Kościerzyna ul. Marii Skłodowskiej-Curie 19;1583;407;407;6;401;25.71;1.47;1517;818;818;23;795;53.92;2.81
81285;220601;5;Zespół Szkół Publicznych nr 1 83-400 Kościerzyna ul. Marii Skłodowskiej-Curie 19;1423;333;333;12;321;23.40;3.60;1497;826;826;13;813;55.18;1.57
81286;220601;6;Nadleśnictwo Państwowe Kościerzyna 83-400 Kościerzyna ul. Marii Skłodowskie-Curie 6;2145;639;639;7;632;29.79;1.10;2095;1181;1181;25;1156;56.37;2.12
81287;220601;7;Zespół Szkół Publicznych Nr 2 83-400 Kościerzyna ul. Szkolna 1;1963;456;456;15;441;23.23;3.29;1975;950;950;23;927;48.10;2.42
81288;220601;8;Szkoła Podstawowa Nr 2 83-400 Kościerzyna ul. Strzelecka 1;1971;438;438;11;427;22.22;2.51;1924;872;872;45;827;45.32;5.16
81289;220601;9;Powiatowy Zespół Szkół Nr 1 83-400 Kościerzyna ul. Sikorskiego 1;1076;223;223;8;215;20.72;3.59;1062;443;443;13;430;41.71;2.93
81290;220601;10;Zespół Szkół Publicznych Nr 3 83-400 Kościerzyna ul. Mestwina II 2;1958;465;465;19;446;23.75;4.09;1955;1022;1022;41;981;52.28;4.01
81291;220601;11;Szkoła Muzyczna 83-400 Kościerzyna ul. Dworcowa 12;1110;249;249;6;243;22.43;2.41;1144;596;596;17;579;52.10;2.85
91212;220601;12;Szpital Specjalistyczny w Kościerzynie 83-400 Kościerzyna Piechowskiego 36;208;60;60;4;56;28.85;6.67;273;73;73;7;66;26.74;9.59
81292;220602;1;Gimnazjum im. Kard. S. Wyszyńskiego 83-425 Dziemiany ul. Wyzwolenia 20;1507;374;374;10;364;24.82;2.67;1511;818;818;24;794;54.14;2.93
81293;220602;2;Szkoła Podstawowa im. Gen. St. Sosabowskiego 83-425 Kalisz ul. Pomorska 8;775;145;145;4;141;18.71;2.76;766;375;375;7;368;48.96;1.87
81294;220602;3;Zespół Kształcenia i Wychowania 83-425 Dziemiany ul. Wyzwolenia 20;1031;218;218;8;210;21.14;3.67;1045;498;498;20;478;47.66;4.02
81295;220603;1;Dom Kultury w Karsinie 83-440 Karsin ul. Strażacka 1;1995;419;419;9;410;21.00;2.15;2022;1033;1033;47;986;51.09;4.55
81296;220603;2;Dom Kultury w Wielu 83-441 Wiele ul. Dąbrowska 32;2000;524;524;26;498;26.20;4.96;2013;984;984;42;942;48.88;4.27
81297;220603;3;Dom Kultury w Osowie 83-440 Osowo ul. Wielewska 46;643;124;124;11;113;19.28;8.87;653;270;270;7;263;41.35;2.59
91213;220603;4;Dom Pomocy Społecznej w Cisewiu 35 83-440 Cisewie 35;80;48;48;4;44;60.00;8.33;88;40;40;5;35;45.45;12.50
81298;220604;1;Zespół Kształcenia w Wielkim Klinczu 83-423 Wielki Klincz ul. Szkolna 10;1634;271;271;14;257;16.59;5.17;1652;783;783;43;740;47.40;5.49
81299;220604;2;Szkoła Podstawowa w Niedamowie 83-423 Niedamowo 44;659;174;174;5;169;26.40;2.87;670;346;346;6;340;51.64;1.73
81300;220604;3;Szkoła Podstawowa w Nowym Klinczu 83-400 Nowy Klincz 8;897;193;193;7;186;21.52;3.63;904;465;465;17;448;51.44;3.66
81301;220604;4;Sala wiejska w Nowej Wsi Kościerskiej 83-400 Nowa Wieś Kościerska;651;95;95;1;94;14.59;1.05;668;307;307;6;301;45.96;1.95
81302;220604;5;Zespół Kształcenia w Łubianie 83-407 Łubiana ul. Szkolna 1;1729;577;577;17;560;33.37;2.95;1714;989;989;25;964;57.70;2.53
81303;220604;6;Zespół Szkół w Skorzewie 83-400 Skorzewo ul. Peplińskiego 6;1115;221;221;11;210;19.82;4.98;1131;573;573;21;552;50.66;3.66
81304;220604;7;Zespół Szkół w Wąglikowicach 83-406 Wąglikowice ul. Kościerska 8;834;254;254;3;251;30.46;1.18;846;437;437;20;417;51.65;4.58
81305;220604;8;Szkoła Podstawowa w Kaliskach 83-400 Kaliska Kościerskie 32d;764;127;127;7;120;16.62;5.51;771;337;337;13;324;43.71;3.86
81306;220604;9;Kompleks Wypoczynkowy „SZARLOTA” 83-400 Szarlota 11;694;146;146;3;143;21.04;2.05;735;339;339;6;333;46.12;1.77
81307;220604;10;Szkoła Podstawowa w Kornem 83-409 Korne 4;730;135;135;4;131;18.49;2.96;728;367;367;14;353;50.41;3.81
81308;220604;11;Salka wiejska w Dobrogoszczu 83-400 Dobrogoszcz 19;783;140;140;1;139;17.88;0.71;810;384;384;9;375;47.41;2.34
81309;220604;12;Zespół Szkół w Wielkim Podlesiu 83-423 Wielki Podleś 12A;814;177;177;4;173;21.74;2.26;835;415;415;9;406;49.70;2.17
81310;220605;1;GOKSiR 83-420 Liniewo ul. Dworcowa 3;1432;332;332;5;327;23.18;1.51;1434;678;678;18;660;47.28;2.65
81311;220605;2;Szkoła Podstawowa 83-421 Wysin ul. Wyzwolenia 4;886;211;211;6;205;23.81;2.84;894;429;429;19;410;47.99;4.43
81312;220605;3;Szkoła Podstawowa 83-412 Głodowo 16;523;94;94;4;90;17.97;4.26;527;208;208;13;195;39.47;6.25
81313;220605;4;Zespół Oświatowy 83-420 Garczyn 10;761;135;135;6;129;17.74;4.44;732;288;288;17;271;39.34;5.90
81314;220606;1;Urząd Gminy Lipusz 83-424 Lipusz ul.Wybickiego 27;965;297;297;16;281;30.78;5.39;974;525;525;18;507;53.90;3.43
81315;220606;2;Gminny Ośrodek Kultury Sportu i Rekreacji 83-424 Lipusz Młyńska 12;893;261;261;10;251;29.23;3.83;881;483;483;16;467;54.82;3.31
81316;220606;3;Ochotnicza Straż Pożarna 83-424 Lipusz Młyńska 18;901;251;251;8;243;27.86;3.19;891;471;471;23;448;52.86;4.88
81317;220607;1;Zespół Szkół 83-404 Nowa Karczma ul. Szkolna 4;972;247;247;16;231;25.41;6.48;975;511;511;17;494;52.41;3.33
81318;220607;2;Gminny Ośrodek Kultury, Sportu i Rekreacji 83-404 Nowa Karczma Szkolna 5;1025;141;141;10;131;13.76;7.09;1041;453;453;26;427;43.52;5.74
81319;220607;3;Zespół Szkół 83-422 Lubań 31;785;179;179;6;173;22.80;3.35;768;344;344;15;329;44.79;4.36
81320;220607;4;Zespół Szkół 83-422 Lubań 31;1016;195;195;4;191;19.19;2.05;1022;468;468;18;450;45.79;3.85
81321;220607;5;Zespół Szkół 83-403 Grabowo Kościerskie Starowiejska 68;1187;166;166;7;159;13.98;4.22;1194;505;505;26;479;42.29;5.15
81322;220608;1;Zespół Kształcenia i Wychowania Stara Kiszewa 83-430 Stara Kiszewa Tysiąclecia 25;1271;301;301;14;287;23.68;4.65;1276;605;605;20;585;47.41;3.31
81323;220608;2;Świetlica Górne Maliki 83-430 Górne Maliki 1;610;92;92;4;88;15.08;4.35;617;248;248;9;239;40.19;3.63
81324;220608;3;Świetlica Stary Bukowiec 83-431 Stary Bukowiec 25;674;125;125;7;118;18.55;5.60;655;264;264;8;256;40.31;3.03
81325;220608;4;Zespół Szkół Stare Polaszki 83-433 Stare Polaszki 33;1081;231;231;10;221;21.37;4.33;1080;499;499;16;483;46.20;3.21
81326;220608;5;Urząd Gminy Stara Kiszewa 83-430 Stara Kiszewa Ogrodowa 1;1520;238;238;11;227;15.66;4.62;1506;601;601;39;562;39.91;6.49
81327;220701;1;Budynek Zakładu Utylizacji Odpadów sp.z o. o 82-500 Kwidzyn ul. Owcza 7;1574;374;374;10;364;23.76;2.67;1607;951;951;24;927;59.18;2.52
81328;220701;2;Przedszkole Niepubliczne „Promyk” 82-500 Kwidzyn ul. Kazimierza Wielkiego 2;1317;301;301;6;295;22.85;1.99;1300;644;644;21;623;49.54;3.26
81329;220701;3;Przedszkole Niepubliczne „Promyk” 82-500 Kwidzyn ul. Kazimierza Wielkiego 2;1825;437;437;13;424;23.95;2.97;1782;917;917;22;895;51.46;2.40
81330;220701;4;Zespół Szkół Ogólnokształcących Nr.1 82-500 Kwidzyn ul.Konarskiego 12;1482;347;347;10;337;23.41;2.88;1467;769;769;18;751;52.42;2.34
81331;220701;5;Zespół Szkół Technicznych 82-500 Kwidzyn ul.Staszica 27;1541;409;409;14;395;26.54;3.42;1495;776;776;24;752;51.91;3.09
81332;220701;6;Szkoła Podstawowa Nr.2 sala gimnastyczna 82-500 Kwidzyn ul.Mickiewicza 3;1376;371;371;12;359;26.96;3.23;1321;703;703;12;691;53.22;1.71
81333;220701;7;Gimnazjum Nr.2 82-500 Kwidzyn ul. Mickiewicza 56B;1525;356;356;8;348;23.34;2.25;1454;771;771;19;752;53.03;2.46
81334;220701;8;Gimnazjum Nr.2 82-500 Kwidzyn ul. Mickiewicza 56B;1119;290;290;8;282;25.92;2.76;1081;565;565;18;547;52.27;3.19
81335;220701;9;Szkoła Podstawowa Nr.6 82-500 Kwidzyn ul. Grunwaldzka 54;1316;305;305;7;298;23.18;2.30;1304;639;639;14;625;49.00;2.19
81336;220701;10;Przedszkole Niepubliczne Nr.2 82-500 Kwidzyn ul.Kasprowicza 20F;1578;362;362;9;353;22.94;2.49;1490;769;769;8;761;51.61;1.04
81337;220701;11;Zespół Szkół Ogólnokształcących Nr.2 82-500 Kwidzyn ul.Słoneczna 2;1479;335;335;5;330;22.65;1.49;1486;719;719;13;706;48.38;1.81
81338;220701;12;Hala Widowiskowo -Sportowa 82-500 Kwidzyn ul.Wiejska 1A;1299;279;279;7;272;21.48;2.51;1270;647;647;8;639;50.94;1.24
81339;220701;13;Gimnazjum Nr.3 82-500 Kwidzyn ul.Kamienna 18;1413;319;319;14;305;22.58;4.39;1382;691;691;30;661;50.00;4.34
81340;220701;14;Gimnazjum Nr.3 82-500 Kwidzyn ul.Kamienna 18;1462;368;368;8;360;25.17;2.17;1422;790;790;28;762;55.56;3.54
81341;220701;15;Zespół Szkół Gimnazjalnych 82-500 Kwidzyn ul.Hallera 5;1435;332;332;7;325;23.14;2.11;1395;690;690;10;680;49.46;1.45
81342;220701;16;Kwidzyńskie Centrum Kultury 82-500 Kwidzyn ul.11 Listopada 13;1405;235;235;4;231;16.73;1.70;1349;493;493;25;468;36.55;5.07
81343;220701;17;Szkoła Podstawowa Nr.5 82-500 Kwidzyn ul.Hallera 4;1188;234;234;8;226;19.70;3.42;1161;467;467;14;453;40.22;3.00
81344;220701;18;Zespół Szkół Ponadgimnazjalnych Nr.1 82-500 Kwidzyn ul.Słowiańska 17;1459;278;278;11;267;19.05;3.96;1454;560;560;18;542;38.51;3.21
81345;220701;19;Zespół Szkół Ponadgimnazjalnych Nr.2 82-500 Kwidzyn ul.Katedralna 5;1336;251;251;6;245;18.79;2.39;1326;505;505;13;492;38.08;2.57
81346;220701;20;Szkoła Podstawowa Nr.4 82-500 Kwidzyn Warszawska 13;1447;428;428;8;420;29.58;1.87;1382;704;704;31;673;50.94;4.40
81347;220701;21;Dom Pomocy Społecznej 82-500 Kwidzyn Malborska 18;1072;173;173;3;170;16.14;1.73;1083;464;464;21;443;42.84;4.53
91214;220701;22;„Zdrowie” sp. z o.o Niepubliczny Zakład Opieki Zdrowotnej 82-500 Kwidzyn Hallera 31;77;2;2;0;2;2.60;0.00;63;9;9;0;9;14.29;0.00
91215;220701;23;Dom Pomocy Społecznej 82-500 Kwidzyn Malborska 18;65;26;26;3;23;40.00;11.54;84;37;37;5;32;44.05;13.51
91216;220701;24;Zakład Karny 82-500 Kwidzyn Lotnicza 1;572;143;143;11;132;25.00;7.69;622;178;178;18;160;28.62;10.11
81348;220702;1;Zespół Szkół 82-520 Gardeja ul. Sportowa 1;1766;182;182;12;170;10.31;6.59;1783;644;644;23;621;36.12;3.57
81349;220702;2;Szkoła Podstawowa 82-520 Czarne Dolne ul. Szkolna 7/9;1204;107;107;4;103;8.89;3.74;1197;338;338;22;316;28.24;6.51
81350;220702;3;Gimnazjum 82-520 Wandowo 60;810;109;109;6;103;13.46;5.50;795;276;276;7;269;34.72;2.54
81351;220702;4;Szkoła Podstawowa 82-520 Trumieje 12;691;71;71;3;68;10.27;4.23;690;164;164;21;143;23.77;12.80
81352;220702;5;Szkoła Podstawowa 82-520 Morawy 43;846;102;102;6;96;12.06;5.88;839;262;262;18;244;31.23;6.87
81353;220702;6;Szkoła Podstawowa 82-520 Otłowiec 26;709;58;58;1;57;8.18;1.72;717;180;180;7;173;25.10;3.89
81354;220702;7;Szkoła Podstawowa 82-520 Cygany 27;468;69;69;6;63;14.74;8.70;464;120;120;10;110;25.86;8.33
81355;220703;1;Szkoła Podstawowa 82-500 Janowo 42;707;92;92;8;84;13.01;8.70;692;223;223;11;212;32.23;4.93
81356;220703;2;Świetlica wiejska 82-500 Pastwa 25;601;68;68;3;65;11.31;4.41;592;202;202;12;190;34.12;5.94
81357;220703;3;Szkoła Podstawowa 82-500 Korzeniewo ul. Kwidzyńska 20;559;95;95;7;88;16.99;7.37;562;237;237;10;227;42.17;4.22
81358;220703;4;Gimnazjum 82-500 Nowy Dwór 13a;930;113;113;3;110;12.15;2.65;929;349;349;16;333;37.57;4.58
81359;220703;5;Świetlica wiejska 82-500 Mareza ul. Długa 5;1198;220;220;9;211;18.36;4.09;1207;532;532;18;514;44.08;3.38
81360;220703;6;Dwór 82-500 Górki 4;473;88;88;5;83;18.60;5.68;484;223;223;10;213;46.07;4.48
81361;220703;7;Szkoła Podstawowa 82-500 Rakowiec ul. Szkolna 2;1531;266;266;9;257;17.37;3.38;1550;639;639;41;598;41.23;6.42
81362;220703;8;Gimnazjum 82-500 Licze 34;619;77;77;3;74;12.44;3.90;619;174;174;13;161;28.11;7.47
81363;220703;9;Zielona Szkoła 82-500 Brachlewo 42a;681;80;80;3;77;11.75;3.75;654;239;239;11;228;36.54;4.60
81364;220703;10;Szkoła Podstawowa 82-500 Tychnowy 81;1216;195;195;6;189;16.04;3.08;1221;505;505;16;489;41.36;3.17
81365;220704;1;Gimnazjum w Prabutach 82-550 Prabuty Grunwaldzka 6;617;58;58;1;57;9.40;1.72;624;144;144;15;129;23.08;10.42
81366;220704;2;Budynek lekcyjny przy Gimnazjum w Prabutach 82-550 Prabuty Grunwaldzka 6;865;147;147;10;137;16.99;6.80;855;331;331;12;319;38.71;3.63
81367;220704;3;Przedszkole Niepubliczne „Miś Uszatek” Beata Lewandowska w Prabutach 82-550 Prabuty Kopernika 2;765;112;112;8;104;14.64;7.14;760;282;282;16;266;37.11;5.67
81368;220704;4;Przedszkole Niepubliczne „Bratek” w Prabutach 82-550 Prabuty Mickiewicza 3;634;117;117;1;116;18.45;0.85;640;291;291;11;280;45.47;3.78
81369;220704;5;Sala gimnastyczna Gimnazjum w Prabutach 82-550 Prabuty Grunwaldzka 6;626;104;104;6;98;16.61;5.77;618;253;253;8;245;40.94;3.16
81370;220704;6;Szkoła Podstawowa Nr 2 w Prabutach (budynek główny-pokój nauczycielski) 82-550 Prabuty Obrońców Westerplatte 11;662;129;129;6;123;19.49;4.65;649;297;297;13;284;45.76;4.38
81371;220704;7;Sala gimnastyczna Szkoły Podstawowej Nr 2 w Prabutach 82-550 Prabuty Obrońców Westerplatte 11;561;114;114;2;112;20.32;1.75;550;262;262;5;257;47.64;1.91
81372;220704;8;Budynek Nauczania Początkowego przy Szkole Podstawowej Nr 2 w Prabutach 82-550 Prabuty Obrońców Westerplatte 11A;849;99;99;4;95;11.66;4.04;846;285;285;11;274;33.69;3.86
81373;220704;9;Hala Sportowa przy Szkole Podstawowej Nr 2 w Prabutach 82-550 Prabuty Obrońców Westerplatte 11B;868;151;151;2;149;17.40;1.32;873;331;331;14;317;37.92;4.23
81374;220704;10;Klub Nauczyciela w Prabutach 82-550 Prabuty Brzozowa 1;896;167;167;9;158;18.64;5.39;882;362;362;15;347;41.04;4.14
81375;220704;11;Szkoła Podstawowa w Obrzynowie 82-550 Obrzynowo 37;827;98;98;3;95;11.85;3.06;809;278;278;18;260;34.36;6.47
81376;220704;12;Zespół Szkół w Rodowie 82-550 Rodowo 14;560;72;72;2;70;12.86;2.78;568;204;204;13;191;35.92;6.37
81377;220704;13;Świetlica Wiejska w Sypanicy 82-550 Sypanica 36A;573;89;89;2;87;15.53;2.25;564;172;172;8;164;30.50;4.65
81378;220704;14;Budynek po Szkole Podstawowej w Kołodziejach 82-550 Kołodzieje 35;481;59;59;4;55;12.27;6.78;488;145;145;12;133;29.71;8.28
81379;220704;15;Zespół Szkół w Trumiejkach 82-550 Trumiejki 42;470;35;35;2;33;7.45;5.71;467;105;105;14;91;22.48;13.33
91217;220704;16;Szpital Specjalistyczny w Prabutach (oddział II) 82-550 Prabuty Kuracyjna 36;210;32;32;4;28;15.24;12.50;220;92;92;15;77;41.82;16.30
81380;220705;1;Specjalny Ośrodek Szkolno-Wychowawczy 82-420 Barcice 66;854;104;104;7;97;12.18;6.73;853;283;283;17;266;33.18;6.01
81381;220705;2;Zespół Szkół 82-420 Ryjewo ul. Grunwaldzka 63;1532;233;233;10;223;15.21;4.29;1514;546;546;22;524;36.06;4.03
81382;220705;3;Gminny Ośrodek Kultury 82-420 Ryjewo ul. Grunwaldzka 70;996;165;165;3;162;16.57;1.82;967;367;367;14;353;37.95;3.81
81383;220705;4;Szkoła Podstawowa 82-420 Straszewo 55;1001;107;107;7;100;10.69;6.54;997;274;274;23;251;27.48;8.39
91218;220705;5;Dom Pomocy Społecznej w Ryjewie 82-420 Ryjewo ul. Słoneczna 14;46;23;23;6;17;50.00;26.09;53;25;25;9;16;47.17;36.00
81384;220706;1;Sala posiedzeń Urząd Gminy Sadlinki 82-522 Sadlinki ul. Kwidzyńska 12;1611;243;243;6;237;15.08;2.47;1593;655;655;46;609;41.12;7.02
81385;220706;2;Zespół Szkół w Nebrowie Wielkim 82-522 Nebrowo Wielkie ul. Szkolna 6;1437;173;173;9;164;12.04;5.20;1411;513;513;21;492;36.36;4.09
81386;220706;3;Zespół Szkół w Sadlinkach 82-522 Sadlinki ul. Grudziądzka 14a;1493;206;206;11;195;13.80;5.34;1486;544;544;23;521;36.61;4.23
81387;220801;1;Gimnazjum Nr 1 w Lęborku 84-300 Lębork ul. I Armii Wojska Polskiego 10;1558;468;468;22;446;30.04;4.70;1520;811;811;17;794;53.36;2.10
81388;220801;2;Szkoła Podstawowa Nr 8 w Lęborku 84-300 Lębork ul. Plater 13;1048;275;275;10;265;26.24;3.64;1040;570;570;15;555;54.81;2.63
81389;220801;3;Państwowa Szkoła Muzyczna I stopnia w Lęborku 84-300 Lębork ul. Legionów Polskich 35;963;307;307;12;295;31.88;3.91;950;530;530;9;521;55.79;1.70
81390;220801;4;Zespół Szkół Gospodarki Żywnościowej i Agrobiznesu w Lęborku 84-300 Lębork ul. Warszawska 17;1279;361;361;19;342;28.23;5.26;1262;634;634;12;622;50.24;1.89
81391;220801;5;Zespół Szkół Ogólnokształcących Nr 1 w Lęborku 84-300 Lębork ul. Dygasińskiego 14;1246;289;289;6;283;23.19;2.08;1229;534;534;14;520;43.45;2.62
81392;220801;6;Przedszkole Nr 9 w Lęborku 84-300 Lębork ul. Mireckiego 9;1456;398;398;12;386;27.34;3.02;1429;786;786;9;777;55.00;1.15
81393;220801;7;Przedszkole nr 2 w Lęborku 84-300 Lębork ul. Plater 12;1211;365;365;9;356;30.14;2.47;1177;620;620;19;601;52.68;3.06
81394;220801;8;Szkoła Podstawowa Nr 8 w Lęborku, Wejście A 84-300 Lębork ul. Mireckiego 10;861;248;248;8;240;28.80;3.23;865;474;474;6;468;54.80;1.27
81395;220801;9;Przedszkole Nr 1 w Lęborku 84-300 Lębork ul. Czołgistów 37;1060;325;325;2;323;30.66;0.62;1029;584;584;8;576;56.75;1.37
81396;220801;10;Starostwo Powiatowe w Lęborku 84-300 Lębork ul. Czołgistów 5;1653;478;478;15;463;28.92;3.14;1609;884;884;14;870;54.94;1.58
81397;220801;11;Zespół Szkół Nr 3 w Lęborku 84-300 Lębork ul. Aleja Wolności 31;1286;221;221;11;210;17.19;4.98;1231;432;432;12;420;35.09;2.78
81398;220801;12;Specjalny Ośrodek Szkolno-Wychowawczy, Internat w Lęborku 84-300 Lębork ul. Plac Piastowski 6;1190;252;252;12;240;21.18;4.76;1153;491;491;9;482;42.58;1.83
81399;220801;13;Szkoła Podstawowa Nr 8 w Lęborku, Wejście B 84-300 Lębork ul. Mireckiego 10;967;199;199;8;191;20.58;4.02;996;448;448;14;434;44.98;3.12
81400;220801;14;Urząd Miejski w Lęborku 84-300 Lębork ul. Armii Krajowej 14;1772;453;453;8;445;25.56;1.77;1685;803;803;21;782;47.66;2.62
81401;220801;15;Szkoła Podstawowa Nr 3 w Lęborku 84-300 Lębork ul. Kossaka 103;1356;243;243;10;233;17.92;4.12;1365;542;542;19;523;39.71;3.51
81402;220801;16;Przedszkole Nr 6 w Lęborku 84-300 Lębork ul. Kardynała Stefana Wyszyńskiego 7;1830;407;407;9;398;22.24;2.21;1800;867;867;30;837;48.17;3.46
81403;220801;17;Przedszkole Nr 5 w Lęborku 84-300 Lębork ul. Wyspiańskiego 1;1250;304;305;8;296;24.32;2.63;1220;623;623;16;607;51.07;2.57
81404;220801;18;ENERGA-OPERATOR S.A.,Rejon Dystrybucji w Lęborku 84-300 Lębork ul. Bolesława Krzywoustego 34A;1344;354;354;20;334;26.34;5.65;1289;686;686;18;668;53.22;2.62
81405;220801;19;Przedszkole Nr 10 w Lęborku 84-300 Lębork ul. Bolesława Krzywoustego 6;1358;289;289;7;282;21.28;2.42;1358;626;626;14;612;46.10;2.24
81406;220801;20;Szkoła Podstawowa Nr 5 w Lęborku, Sala Gimnastyczna, Wejście B 84-300 Lębork ul. Kościuszki 14;1201;280;280;12;268;23.31;4.29;1275;538;538;16;522;42.20;2.97
81407;220801;21;Centrum Sportu i Rekreacji, Pływalnia Miejska RAFA w Lęborku 84-300 Lębork ul. Olimpijczyków 31;1515;364;364;11;353;24.03;3.02;1555;850;850;27;823;54.66;3.18
91219;220801;22;Samodzielny Publiczny Specjalistyczny Zakład Opieki Zdrowotnej - Szpital w Lęborku 84-300 Lębork ul. Juliana Wegrzynowicza 13;18;7;7;0;7;38.89;0.00;22;9;9;0;9;40.91;0.00
91220;220801;23;Dom Pomocy Społecznej Nr 1 w Lęborku 84-300 Lębork ul. Mieczysława Stryjewskiego 23;55;22;22;5;17;40.00;22.73;51;17;17;5;12;33.33;29.41
91221;220801;24;Dom Pomocy Społecznej Nr 2 w Lęborku 84-300 Lębork ul. I Armii Wojska Polskiego 43;42;18;18;5;13;42.86;27.78;48;11;11;0;11;22.92;0.00
81408;220802;1;Szkoła Podstawowa im. Adama Mickiewicza 84-360 Łeba ul. Tysiąclecia 11;1177;341;341;13;328;28.97;3.81;1129;576;576;13;563;51.02;2.26
81409;220802;2;Miejska Biblioteka Publiczna 84-360 Łeba ul. 11 Listopada 5A;1073;270;270;7;263;25.16;2.59;1062;470;470;15;455;44.26;3.19
81410;220802;3;Urząd Miejski 84-360 Łeba ul. Kościuszki 90;1098;282;282;11;271;25.68;3.90;1045;526;526;16;510;50.33;3.04
81411;220803;1;Szkoła Podstawowa 84-312 Cewice ul. Juliana Węgrzynowicza 1;1670;335;335;15;320;20.06;4.48;1659;792;792;27;765;47.74;3.41
81412;220803;2;Szkoła Podstawowa 84-315 Maszewo Lęborskie ul. Szkolna 5;1039;150;150;14;136;14.44;9.33;1035;370;370;31;339;35.75;8.38
81413;220803;3;Szkoła Podstawowa 84-313 Siemirowice ul. Szkolna 15;1154;226;226;14;212;19.58;6.19;1143;583;583;20;563;51.01;3.43
81414;220803;4;Szkoła Podstawowa 84-311 Łebunia Sportowa 7;1505;206;206;14;192;13.69;6.80;1523;581;581;38;543;38.15;6.54
81415;220804;1;Gminny Ośrodek Kultury 84-351 Nowa Wieś Lęborska ul. Lęborska 20;2167;504;504;14;490;23.26;2.78;2178;1215;1215;30;1185;55.79;2.47
81416;220804;2;Budynek (podkowa) 84-300 Mosty Kwiatowa 26;1334;371;371;8;363;27.81;2.16;1324;755;755;13;742;57.02;1.72
81417;220804;3;świetlica 84-300 Lubowidz 1;450;109;109;6;103;24.22;5.50;473;193;193;2;191;40.80;1.04
81418;220804;4;Zespół Szkół 84-300 Leśnice 18A;772;114;114;5;109;14.77;4.39;764;282;282;11;271;36.91;3.90
81419;220804;5;Dawna Szkoła Podstawowa 84-351 Chocielewko 25;404;69;69;6;63;17.08;8.70;409;158;158;21;137;38.63;13.29
81420;220804;6;Zespół Szkół 84-351 Redkowice 18;479;80;80;2;78;16.70;2.50;482;172;172;8;164;35.68;4.65
81421;220804;7;Szkoła Podstawowa 84-351 Janowice 7;524;45;45;2;43;8.59;4.44;531;147;147;21;126;27.68;14.29
81422;220804;8;świetlica 84-351 Krępa Kaszubska 59F;448;86;86;5;81;19.20;5.81;463;187;187;6;181;40.39;3.21
81423;220804;9;Zespół Szkół 84-351 Garczegorze 24A;995;149;149;5;144;14.97;3.36;990;386;386;13;373;38.99;3.37
81424;220804;10;świetlica 84-351 Kębłowo Nowowiejskie 46;475;67;67;4;63;14.11;5.97;467;198;198;24;174;42.40;12.12
81425;220804;11;Zespół Szkół 84-351 Łebień 93A;962;123;123;7;116;12.79;5.69;956;332;332;11;321;34.73;3.31
81426;220804;12;Świetlica 84-351 Tawęcino 36A;599;66;66;6;60;11.02;9.09;611;172;172;6;166;28.15;3.49
81427;220804;13;świetlica 84-300 Pogorzelice 35;579;87;87;7;80;15.03;8.05;565;190;190;6;184;33.63;3.16
81428;220805;1;Gminny Ośrodek Kulturi i Sportu w Wicku 84-352 Wicko Wicko 39;2193;339;339;18;321;15.46;5.31;2183;849;849;35;814;38.89;4.12
81429;220805;2;Szkoła Podstawowa 84-360 Szczenurze 32;1529;161;161;5;156;10.53;3.11;1489;521;521;16;505;34.99;3.07
81430;220805;3;Szkoła Podstawowa 84-352 Maszewko 7;821;73;73;7;66;8.89;9.59;817;209;209;11;198;25.58;5.26
81431;220901;1;Szkoła Podstawowa nr 3 82-200 Malbork ul. S. Hadyny 18;1424;343;343;10;333;24.09;2.92;1433;761;761;14;747;53.11;1.84
81432;220901;2;Szkoła Podstawowa nr 3 82-200 Malbork ul. S. Hadyny 18;1356;362;362;11;351;26.70;3.04;1327;752;752;16;736;56.67;2.13
81433;220901;3;Specjalny Ośrodek Szkolno Wychowawczy 82-200 Malbork ul. Jagiellońska 79/82;1118;278;278;4;274;24.87;1.44;1180;571;571;10;561;48.39;1.75
81434;220901;4;Powiatowy Urząd Pracy 82-200 Malbork al. Armii Krajowej 70;1349;214;214;12;202;15.86;5.61;1315;508;508;15;493;38.63;2.95
81435;220901;5;Młodzieżowy Ośrodek Wychowawczy nr 1 im. T. Kościuszki 82-200 Malbork ul. Jagiellońska 94;1132;267;267;14;253;23.59;5.24;1108;543;543;18;525;49.01;3.31
81436;220901;6;Zakład Gospodarki Komunalnej i Mieszkaniowej w Malborku Spółka z o.o. 82-200 Malbork ul. Gen. de Gaulle'a 70;1407;305;305;6;299;21.68;1.97;1443;708;708;12;696;49.06;1.69
81437;220901;7;Przedszkole nr 10 82-200 Malbork ul. W. Reymonta 3;1563;304;304;5;299;19.45;1.64;1596;734;734;13;721;45.99;1.77
81438;220901;8;Szkoła Podstawowa nr 5 82-200 Malbork ul. J. Wybickiego 32;1526;338;338;11;327;22.15;3.25;1490;729;729;15;714;48.93;2.06
81439;220901;9;Szkoła Podstawowa nr 8 82-200 Malbork ul. Gen. de Gaulle'a 91;1413;337;337;10;327;23.85;2.97;1375;722;722;15;707;52.51;2.08
81440;220901;10;Gimnazjum nr 3 82-2000 Malbork ul. J. Wybickiego 32;1973;399;399;18;381;20.22;4.51;1921;925;925;24;901;48.15;2.59
81441;220901;11;Centrum Profilaktyki i Terapii Uzależnień w Malborku 82-200 Malbork ul. Nowowiejskiego 48;1524;320;320;5;315;21.00;1.56;1515;671;671;6;665;44.29;0.89
81442;220901;12;Przedszkole Niepubliczne „Pod Kasztanami” 82-200 Malbork ul. Zieleniecka 15;1681;341;341;13;328;20.29;3.81;1659;731;731;19;712;44.06;2.60
81443;220901;13;Zespół Szkół nr 2 82-200 Malbork al. Wojska Polskiego 479;1209;230;230;7;223;19.02;3.04;1178;450;450;16;434;38.20;3.56
81444;220901;14;Zespół Szkół Ponadgimnazjalnych nr 2 82-200 Malbork al. Wojska Polskiego 493;1598;297;297;8;289;18.59;2.69;1585;695;695;24;671;43.85;3.45
81445;220901;15;Przedszkiole Niepubliczne „Krasnal” 82-200 Malbork ul. F. Chopina 71;1157;216;216;7;209;18.67;3.24;1139;512;512;13;499;44.95;2.54
81446;220901;16;Zespół Szkół nr 1 82-200 Malbork ul. Tczewska 13;1472;322;322;8;314;21.88;2.48;1435;635;635;12;623;44.25;1.89
81447;220901;17;Poradnia Psychologiczno-Pedagogiczna 82-200 Malbork ul. W. Reymonta 24;1834;397;397;17;380;21.65;4.28;1792;725;725;19;706;40.46;2.62
81448;220901;18;Gimnazjum nr 1 82-200 Malbork ul. S. Żeromskiego 45;1362;302;302;9;293;22.17;2.98;1331;557;557;7;550;41.85;1.26
81449;220901;19;Przedszkole nr 5 82-200 Malbork ul. W. Witosa 10;1405;377;377;8;369;26.83;2.12;1344;658;658;14;644;48.96;2.13
81450;220901;20;Szkoła Podstawowa nr 9 82-200 Malbork Plac Narutowicza 15;1455;367;367;15;352;25.22;4.09;1441;696;696;19;677;48.30;2.73
81451;220901;21;Swietlica Malborskiej Spółdzielni Mieszkaniowej 82-200 Malbork ul. E. Orzeszkowej 1;1742;520;520;14;506;29.85;2.69;1701;885;885;11;874;52.03;1.24
91222;220901;22;Dom Pomocy Społecznej w Malborku 82-200 Malbork ul. J. Słowackiego 45;69;17;17;1;16;24.64;5.88;72;20;20;3;17;27.78;15.00
91223;220901;23;Zakład Karny w Malborku 82-200 Malbork ul. Poczty Gdańskiej 19a;198;60;60;9;51;30.30;15.00;229;104;104;15;89;45.41;14.42
91224;220901;24;Powiatowe Centrum Zdrowia Sp. z o.o. Szpital w Malborku 82-200 Malbork al. Armii Krajowej 105/106;38;3;3;0;3;7.89;0.00;37;17;17;2;15;45.95;11.76
81452;220903;1;Świetlica środowiskowa „Nazaret” 82-224 Lichnowy ul. Lachowicza 25A;1403;218;218;14;204;15.54;6.42;1376;491;491;23;468;35.68;4.68
81453;220903;2;Świetlica wiejska 82-224 Lisewo Malborskie ul. 10 Marca 51A;1401;191;191;12;179;13.63;6.28;1390;435;435;17;418;31.29;3.91
81454;220903;3;Szkoła Podstawowa im.Edyty Czoskówny 82-224 Szymankowo ul. Główna 5;793;107;107;5;102;13.49;4.67;800;275;275;22;253;34.38;8.00
81455;220904;1;Urząd Gminy Malbork 82-200 Malbork ul. Ceglana 7;1205;154;154;3;151;12.78;1.95;1251;486;486;10;476;38.85;2.06
81456;220904;2;Świetlica wiejska w Lasowicach Wielkich 82-200 Lasowice Wielkie;804;93;93;3;90;11.57;3.23;810;298;298;13;285;36.79;4.36
81457;220904;3;Szkoła Podstawowa w Nowej Wsi 82-200 Nowa Wieś Malborska ul. Moniuszki 24;828;162;162;3;159;19.57;1.85;927;434;434;11;423;46.82;2.53
81458;220904;4;Świetlica wiejska w Stogach 82-200 Stogi;698;113;113;5;108;16.19;4.42;703;248;248;2;246;35.28;0.81
81459;220906;1;Gminny Ośrodek Kultury i Sportu 82-213 Miłoradz ul. Główna 54;1721;210;210;9;201;12.20;4.29;1721;577;577;30;547;33.53;5.20
81460;220906;2;Świetlica Wiejska w Kończewicach 82-213 Kończewice 40;970;180;180;6;174;18.56;3.33;984;370;370;27;343;37.60;7.30
81461;220907;1;Urząd Miejski 82-230 Nowy Staw ul. Generała Józefa Bema 1/ lokal: 1;1792;277;277;13;264;15.46;4.69;1781;732;732;38;694;41.10;5.19
81462;220907;2;Nowostawskie Centrum Kultury i Biblioteki w Nowym Stawie 82-230 Nowy Staw ul. Jana Pawła II 2;1586;218;218;10;208;13.75;4.59;1573;568;568;35;533;36.11;6.16
81463;220907;3;Zespół Szkolno-Przedszkolny Szkoła Podstawowa Nr 2 82-230 Nowy Staw ul. Gdańska 53;1611;216;216;12;204;13.41;5.56;1596;588;588;22;566;36.84;3.74
81464;220907;4;Nowostawskie Centrum Kultury i Biblioteki -Świetlica w Lipince 82-230 Lipinka 16a;1029;80;80;0;80;7.77;0.00;1014;274;274;16;258;27.02;5.84
81465;220908;1;Gminny Ośrodek Kultury i Sportu w Starym Polu 82-220 Stare Pole Marynarki Wojennej 1B;1284;262;262;21;241;20.40;8.02;1302;467;467;28;439;35.87;6.00
81466;220908;2;Zespół Szkół w Starym Polu 82-220 Stare Pole Gen. Józefa Bema 6;1058;241;241;12;229;22.78;4.98;1055;463;463;21;442;43.89;4.54
81467;220908;3;Świetlica wiejska w Królewie 82-220 Królewo;1284;137;137;4;133;10.67;2.92;1302;429;429;27;402;32.95;6.29
81468;221001;1;sala narad przy Urzędzie Miasta 82-120 Krynica Morska Górników 15 A;1256;416;416;10;406;33.12;2.40;1172;559;559;15;544;47.70;2.68
81469;221002;1;Urząd Miejski 82-100 Nowy Dwór Gdański Wejhera 3;1304;212;212;7;205;16.26;3.30;1248;495;495;10;485;39.66;2.02
81470;221002;2;Gimnazjum nr 1 82-100 Nowy Dwór Gdański Szkolna 3;1017;217;217;3;214;21.34;1.38;1020;477;477;7;470;46.76;1.47
81471;221002;3;Żuławski Park Historyczny 82-100 Nowy Dwór Gdański Kopernika 17;1444;313;313;9;304;21.68;2.88;1450;752;752;7;745;51.86;0.93
81472;221002;4;Szkoła Podstawowa Nr 2 82-100 Nowy Dwór Gdański Mickiewicza 10;1244;233;233;6;227;18.73;2.58;1253;537;537;15;522;42.86;2.79
81473;221002;5;Miejskie Obiekty Sportowe 82-100 Nowy Dwór Gdański Warszawska 22;1022;166;166;4;162;16.24;2.41;1011;450;450;11;439;44.51;2.44
81474;221002;6;Liceum Ogólnokształcące 82-100 Nowy Dwór Gdański 3 Maja 5;865;187;187;9;178;21.62;4.81;851;407;407;16;391;47.83;3.93
81475;221002;7;Miejskie Przedszkole Nr 4 82-100 Nowy Dwór Gdański Tczewska 6;959;225;225;8;217;23.46;3.56;943;501;501;7;494;53.13;1.40
81476;221002;8;Zespół Szkół nr 2 82-100 Nowy Dwór Gdański Warszawska 54;839;68;68;3;65;8.10;4.41;854;267;267;10;257;31.26;3.75
81477;221002;9;Zespół Szkolno- Przedszkolny w Marzęcinie 82-100 Marzęcino Polna 5;709;71;71;2;69;10.01;2.82;699;226;226;7;219;32.33;3.10
81478;221002;10;Swietlica Wiejska w Kępkach 82-100 Kępki 45;759;76;76;5;71;10.01;6.58;766;240;240;11;229;31.33;4.58
81479;221002;11;Świetlica w Jazowej 82-100 Jazowa 32A;955;75;75;3;72;7.85;4.00;924;284;284;8;276;30.74;2.82
81480;221002;12;Zespół Szkolno- Przedszkolny w Kmiecinie 82-100 Kmiecin Żuławska 6;1079;163;163;2;161;15.11;1.23;1063;431;431;8;423;40.55;1.86
81481;221002;13;Szkoła Podstawowa w Lubieszewie, Filia Marynowy 82-100 Marynowy Nowodworska 42;764;92;92;3;89;12.04;3.26;765;279;279;8;271;36.47;2.87
81482;221002;14;Świetlica Wiejska w Lubieszewie 82-100 Lubieszewo 16;1152;129;129;2;127;11.20;1.55;1126;430;430;13;417;38.19;3.02
91225;221002;15;Szpital 82-100 Nowy Dwór Gdański Dworcowa 12;50;0;0;0;0;0.00;NA;55;8;8;0;8;14.55;0.00
81483;221003;1;Gminny Dom Kultury i Sportu 82-112 Ostaszewo Kościuszki 34;1150;196;196;11;185;17.04;5.61;1141;452;452;26;426;39.61;5.75
81484;221003;2;Szkoła Podstawowa 82-112 Nowa Cerkiew 10;715;70;70;2;68;9.79;2.86;715;229;229;15;214;32.03;6.55
81485;221003;3;Świetlica Wiejska 82-112 Nowa Kościelnica 42;672;126;126;5;121;18.75;3.97;662;309;309;12;297;46.68;3.88
81486;221004;1;Urząd Gminy 82-103 Stegna ul. Gdańska 34;1830;388;388;14;374;21.20;3.61;1817;839;839;12;827;46.18;1.43
81487;221004;2;Dom Ludowy 82-103 Rybina 63;474;49;49;1;48;10.34;2.04;486;171;171;12;159;35.19;7.02
81488;221004;3;Świetlica Wiejska 82-103 Tujsk 34;963;92;92;7;85;9.55;7.61;953;268;268;17;251;28.12;6.34
81489;221004;4;Świetlica Wiejska 82-103 Dworek 6;584;68;68;5;63;11.64;7.35;524;154;154;14;140;29.39;9.09
81490;221004;5;Świetlica Wiejska 82-103 Bronowo 13b;434;51;51;5;46;11.75;9.80;430;120;120;12;108;27.91;10.00
81491;221004;6;Stowarzyszenie Przyjaciół Niepełnosprawnych „DAR” 82-103 Jantar ul. Gdańska 38;1273;237;237;7;230;18.62;2.95;1258;510;510;12;498;40.54;2.35
81492;221004;7;Gimnazjum Publiczne 82-103 Mikoszewo ul. Gdańska 29;787;173;173;3;170;21.98;1.73;779;346;346;7;339;44.42;2.02
81493;221004;8;Zespół Szkolno-Przedszkolny 82-103 Drewnica ul. Wierzbowa 7;1536;237;237;11;226;15.43;4.64;1533;579;579;13;566;37.77;2.25
91226;221004;9;Dom Pomocy Społecznej ''MORS'' 82-103 Stegna ul. Morska 11;179;63;63;2;61;35.20;3.17;125;56;56;4;52;44.80;7.14
81494;221005;1;Urząd Gminy w Sztutowie 82-110 Sztutowo ul.Gdańska 55;2346;456;456;24;432;19.44;5.26;2376;982;982;44;938;41.33;4.48
81495;221005;2;Świetlica 82-110 Kąty Rybackie ul. Rybacka 41;627;131;131;2;129;20.89;1.53;607;258;258;6;252;42.50;2.33
81496;221101;1;Urząd Miasta 84-150 Hel ul. Wiejska 50;1510;427;427;16;411;28.28;3.75;1430;683;683;39;644;47.76;5.71
81497;221101;2;Zespół Szkół Ogólnokształcących 84-150 Hel ul. Szkolna 1;1468;356;356;16;340;24.25;4.49;1424;675;675;13;662;47.40;1.93
91227;221101;3;115 Szpital Wojskowy z Przychodnią 84-150 Hel Boczna 10;34;29;29;0;29;85.29;0.00;31;26;26;1;25;83.87;3.85
81498;221102;1;Urząd Miasta Jastarni 84-140 Jastarnia ul. Portowa 24;2317;776;776;21;755;33.49;2.71;2206;1275;1275;51;1224;57.80;4.00
81499;221102;2;Biuro Informacji Turystycznej 84-130 Kuźnica ul. Gen.J.Hallera 1A;512;207;207;8;199;40.43;3.86;493;290;290;4;286;58.82;1.38
81500;221102;3;Budynek dawnej Szkoły Podstawowej w Juracie 84-141 Jurata ul. Sosnowa 3;546;238;238;5;233;43.59;2.10;406;180;180;4;176;44.33;2.22
81501;221103;1;Szkoła Podstawowa 84-100 Puck ul. Przebendowskiego 27;1463;400;400;17;383;27.34;4.25;1420;717;717;13;704;50.49;1.81
81502;221103;2;Publiczne Gimnazjum 84-100 Puck ul. Nowy Świat 12;1753;517;517;20;497;29.49;3.87;1735;879;879;20;859;50.66;2.28
81503;221103;3;Specjalny Ośrodek Szkolno-Wychowawczy w Pucku 84-100 Puck ul. Zamkowa 5;1537;400;400;22;378;26.02;5.50;1477;700;700;38;662;47.39;5.43
81504;221103;4;Zespół Szkół Ogólnokształcących w Pucku 84-100 Puck ul. Morskiego Dywizjonu Lotniczego 14;2289;597;597;26;571;26.08;4.36;2304;1154;1154;38;1116;50.09;3.29
81505;221103;5;Ośrodek Adaptacyjny Puckiego Stowarzyszenia Wspierającego Osoby Niepełnosprawne Umysłowo „Razem” 84-100 Puck ul. Mestwina 32;1855;546;547;21;525;29.43;3.85;1862;999;999;25;974;53.65;2.50
91228;221103;6;Dom Pomocy Społecznej 84-100 Puck Aleksandra Majkowskiego 3;72;23;23;2;21;31.94;8.70;58;14;14;1;13;24.14;7.14
91229;221103;7;Szpital Pucki Sp. z o.o. 84-100 Puck 1-go Maja 13A;47;9;9;1;8;19.15;11.11;25;3;3;0;3;12.00;0.00
81506;221104;1;Zespół Szkół Nr 1 84-120 Władysławowo ul. Morska 1;1630;468;468;11;457;28.71;2.35;1538;761;761;19;742;49.48;2.50
81507;221104;2;Urząd Miejski 84-120 Władysławowo ul. Gen.Józefa Hallera 19;1268;301;301;13;288;23.74;4.32;1243;560;560;19;541;45.05;3.39
81508;221104;3;Szkoła Podstawowa Nr 2 84-120 Władysławowo ul. 1000-lecia Państwa Polskiego 2;1834;491;491;27;464;26.77;5.50;1826;1010;1010;22;988;55.31;2.18
81509;221104;4;Dom Parafialny im. bł. Jana Pawła II 84-120 Władysławowo ul. Żeromskiego 30;1656;545;545;16;529;32.91;2.94;1652;954;954;28;926;57.75;2.94
81510;221104;5;Szkoła Podstawowa Nr 3 84-120 Władysławowo ul. Drogowców 1;1786;455;455;16;439;25.48;3.52;1778;943;943;24;919;53.04;2.55
81511;221104;6;Świetlica Stowarzyszenia „BLIZA” 84-120 Władysławowo, Chałupy ul. Kaperska 26;337;133;133;2;131;39.47;1.50;325;196;196;5;191;60.31;2.55
81512;221104;7;Szkoła Podstawowa 84-120 Władysławowo, Chłapowo ul. Władysławowska 87;922;221;221;9;212;23.97;4.07;915;486;486;14;472;53.11;2.88
81513;221104;8;Świetlica 84-104 Władysławowo, Tupadły ul. Szkolna 3;385;75;75;1;74;19.48;1.33;383;190;190;6;184;49.61;3.16
81514;221104;9;Świetlica Samorządu Mieszkańców 84-104 Władysławowo, Rozewie ul. Garnizonowa 28;210;63;63;7;56;30.00;11.11;207;117;117;3;114;56.52;2.56
81515;221104;10;Szkoła Podstawowa 84-104 Władysławowo, Jastrzębia Góra ul. Słowackiego 4;910;319;319;6;313;35.05;1.88;857;454;454;7;447;52.98;1.54
81516;221104;11;Świetlica 84-105 Władysławowo, Ostrowo ul. Zabytkowa 2;500;161;161;3;158;32.20;1.86;508;280;280;11;269;55.12;3.93
81517;221104;12;Szkoła Podstawowa 84-105 Władysławowo, Karwia ul. Wojska Polskiego 47;796;243;243;5;238;30.53;2.06;798;407;407;15;392;51.00;3.69
81518;221105;1;Gimnazjum w Mostach, Hala Sportowa 81-198 Mosty ul. Szkolna 16;1190;322;322;7;315;27.06;2.17;840;486;486;12;474;57.86;2.47
81519;221105;2;Gimnazjum w Mostach, Hala Sportowa 81-198 Mosty ul. Szkolna 16;1012;322;322;11;311;31.82;3.42;1431;914;914;12;902;63.87;1.31
81520;221105;3;Punkt Informacji Turystycznej w Rewie 81-198 Rewa ul. Morska 56;799;225;225;7;218;28.16;3.11;799;443;443;14;429;55.44;3.16
81521;221105;4;Gminny Dom Kultury w Pierwoszynie 81-198 Pierwoszyno ul. Kaszubska 11;736;275;275;4;271;37.36;1.45;768;519;519;10;509;67.58;1.93
81522;221105;5;Biblioteka Publiczna Gminy Kosakowo w Kosakowie 81-198 Kosakowo ul. Fiołkowa 2A;1000;321;321;4;317;32.10;1.25;1151;753;753;14;739;65.42;1.86
81523;221105;6;Szkoła Podstawowa w Dębogórzu 81-198 Dębogórze ul. Pomorska 30;1427;367;367;3;364;25.72;0.82;1453;782;782;25;757;53.82;3.20
81524;221105;7;Szkoła Podstawowa w Pogórzu 81-198 Pogórze ul. Szkolna 15;1793;577;577;20;557;32.18;3.47;2051;1292;1292;12;1280;62.99;0.93
81525;221105;8;Świetlica Sołecka w Suchym Dworze 81-198 Suchy Dwór ul. Jana Chryzostoma Paska 6;933;402;402;6;396;43.09;1.49;948;655;655;5;650;69.09;0.76
81526;221106;1;Gimnazjum w Wierzchucinie 84-113 Wierzchucino Abrahama 34;2100;286;286;14;272;13.62;4.90;2097;908;908;52;856;43.30;5.73
81527;221106;2;Szkoła Podstawowa w Żarnowcu 84-110 Żarnowiec Szkolna 2;1260;275;275;12;263;21.83;4.36;1286;644;644;32;612;50.08;4.97
81528;221106;3;Szkoła Podstawowa w Krokowej 84-110 Krokowa Szkola 6;2034;380;380;18;362;18.68;4.74;2010;953;953;44;909;47.41;4.62
81529;221106;4;Szkoła Podstawowa w Sławoszynie 84-110 Sławoszyno Floriana Ceynowy 24;1716;281;281;8;273;16.38;2.85;1731;752;752;44;708;43.44;5.85
81530;221106;5;Szkoła Podstawowa w Lubocinie 84-110 Lubocino 10;901;113;113;2;111;12.54;1.77;898;387;387;33;354;43.10;8.53
91230;221106;6;DPS Lubkowo 84-110 Lubkowo Długa 50;52;23;23;3;20;44.23;13.04;42;23;23;3;20;54.76;13.04
81531;221107;1;Szkoła Podstawowa 84-106 Leśniewo ul. Mechowska 2;2107;360;360;9;351;17.09;2.50;2212;1018;1018;25;993;46.02;2.46
81532;221107;2;Zespół Szkół 84-123 Mrzezino ul. Dworcowa 54;1827;338;338;22;316;18.50;6.51;1861;942;942;58;884;50.62;6.16
81533;221107;3;Szkoła Podstawowa 84-123 Połchowo ul. Dworcowa 2;996;245;245;6;239;24.60;2.45;1026;538;538;16;522;52.44;2.97
81534;221107;4;Szkoła Podstawowa 84-100 Połczyno ul. Szkolna 21;950;226;226;9;217;23.79;3.98;990;538;538;16;522;54.34;2.97
81535;221107;5;Zespół Szkół 84-107 Starzyno ul. Żarnowiecka 22;1813;263;263;12;251;14.51;4.56;1830;743;743;31;712;40.60;4.17
81536;221107;6;Wiejski Dom Kultury 84-103 Strzelno ul. Bałtycka 14;841;186;186;7;179;22.12;3.76;828;398;398;18;380;48.07;4.52
81537;221107;7;Dom Kaszubski 84-100 Swarzewo ul. Ks. Pronobisa 11;821;241;241;11;230;29.35;4.56;824;433;433;15;418;52.55;3.46
81538;221107;8;Zespół Szkół 84-100 Żelistrzewo ul. Szkolna 1;1915;488;488;27;461;25.48;5.53;1974;1062;1062;27;1035;53.80;2.54
81539;221107;9;Szkoła Podstawowa 84-123 Rekowo Górne ul. W. Czapiewskiego 1;893;212;212;17;195;23.74;8.02;919;448;448;7;441;48.75;1.56
81540;221107;10;Szkoła Podstawowa 84-100 Celbowo 7;932;162;162;10;152;17.38;6.17;940;394;394;19;375;41.91;4.82
81541;221107;11;Szkoła Podstawowa 84-103 Łebcz ul. Pucka 27;1357;195;195;11;184;14.37;5.64;1387;565;565;26;539;40.74;4.60
81542;221107;12;Szkoła Podstawowa 84-100 Gnieżdżewo ul. Dworcowa 6;920;172;172;9;163;18.70;5.23;931;439;439;11;428;47.15;2.51
81543;221107;13;Zespół Szkół Ponadgimnazjalnych 84-100 Rzucewo 20;701;111;111;10;101;15.83;9.01;713;262;262;15;247;36.75;5.73
81544;221107;14;Remiza Ochotniczej Straży Pożarnej 84-100 Smolno ul. Pucka 46;651;116;116;4;112;17.82;3.45;670;286;286;11;275;42.69;3.85
81545;221107;15;Zespół Szkół w Darzlubiu 84-100 Darzlubie Pucka 74;936;158;158;4;154;16.88;2.53;962;426;426;21;405;44.28;4.93
81546;221107;16;Szkoła Podstawowa w Mieroszynie 84-103 Mieroszyno Szkolna 2;648;157;157;4;153;24.23;2.55;664;328;328;7;321;49.40;2.13
81547;221201;1;Szkoła Podstawowa nr 1 76-270 Ustka ul.Darłowska 18;1846;418;418;14;404;22.64;3.35;1791;942;942;29;913;52.60;3.08
81548;221201;2;Przedszkole Miejskie nr 3 76-270 Ustka ul. Polna 12;1047;200;200;4;196;19.10;2.00;1067;505;505;12;493;47.33;2.38
81549;221201;3;Szkoła Podstawowa nr 2 76-270 Ustka ul. Jagiellońska 1;1844;440;440;8;432;23.86;1.82;1791;916;916;30;886;51.14;3.28
81550;221201;4;Spółdzielnia Mieszkaniowa „Korab” 76-270 Ustka ul. Grunwaldzka 10;1902;383;383;9;374;20.14;2.35;1871;884;884;27;857;47.25;3.05
81551;221201;5;Gimnazjum 76-270 Ustka ul. Wróblewskiego 7;1774;461;461;12;449;25.99;2.60;1701;873;873;25;848;51.32;2.86
81552;221201;6;Kino „Delfin” 76-270 Ustka ul. Marynarki Polskiej 82;1540;343;343;12;331;22.27;3.50;1482;649;649;15;634;43.79;2.31
81553;221201;7;Dom Kultury 76-270 Ustka ul. Kosynierów 19;1530;369;369;14;355;24.12;3.79;1452;757;757;17;740;52.13;2.25
81554;221201;8;Urząd Miasta 76-270 Ustka ul. Ks. Kard. Wyszyńskiego 3;1740;548;548;10;538;31.49;1.82;1763;937;937;14;923;53.15;1.49
91231;221201;9;Areszt Śledczy w Słupsku, Oddział Zewnętrzny w Ustce 76-270 Ustka Darłowska 1b;390;211;211;37;174;54.10;17.54;299;167;167;25;142;55.85;14.97
91232;221201;10;Wojewódzki Szpital Specjalistyczny im. Janusza Korczaka w Słupsku, Oddział w Ustce 76-270 Ustka ul. Mickiewicza 12;47;13;13;5;8;27.66;38.46;60;27;27;6;21;45.00;22.22
81555;221202;1;Centrum Edukacji i Kultury 76-231 Damnica ul.Wincentego Witosa 13;1494;242;243;8;234;16.20;3.31;1498;637;637;24;613;42.52;3.77
81556;221202;2;Zespół Szkół w Damnie 76-231 Damno 42;1858;149;149;11;138;8.02;7.38;1825;490;490;42;448;26.85;8.57
81557;221202;3;Zespół Szkół w Zagórzycy 76-231 Zagórzyca 20;1481;161;161;11;150;10.87;6.83;1474;498;498;32;466;33.79;6.43
81558;221203;1;Urząd Gminy 76-248 Dębnica Kaszubska ul. Zjednoczenia 16a;1035;154;154;7;147;14.88;4.55;1044;373;373;19;354;35.73;5.09
81559;221203;2;Zespół Szkolno-Przedszkolny 76-248 Dębnica Kaszubska ul. Zjednoczenia 28;1495;242;242;3;239;16.19;1.24;1511;680;680;21;659;45.00;3.09
81560;221203;3;Gminny Ośrodek Kultury 76-248 Dębnica Kaszubska Zjednoczenia 55;1227;188;188;7;181;15.32;3.72;1244;535;535;16;519;43.01;2.99
81561;221203;4;Zespół Szkolno-Przedszkolny 76-248 Borzęcino 33;1252;87;87;5;82;6.95;5.75;1251;272;272;21;251;21.74;7.72
81562;221203;5;Szkoła Podstawowa 76-248 Motarzyno 9a;680;117;117;4;113;17.21;3.42;662;215;215;22;193;32.48;10.23
81563;221203;6;Szkoła Podstawowa 76-248 Gogolewo 40;540;64;64;8;56;11.85;12.50;546;161;161;9;152;29.49;5.59
81564;221203;7;Szkoła Podstawowa 76-248 Budowo 52;1255;110;110;5;105;8.76;4.55;1259;339;339;27;312;26.93;7.96
81565;221204;1;Gminny Ośrodek Kultury w Główczycach Sala posiedzeń 76-220 Główczyce ul. Kościuszki 15A;552;93;93;6;87;16.85;6.45;534;200;200;15;185;37.45;7.50
81566;221204;2;Zespół Szkół Ogólnokształcących w Główczycach 76-220 Główczyce ul. Szkolna 1;530;107;107;3;104;20.19;2.80;530;228;228;10;218;43.02;4.39
81567;221204;3;Zespół Szkół Ogólnokształcących w Główczycach 76-220 Główczyce ul. Szkolna 1;518;71;71;3;68;13.71;4.23;501;188;188;11;177;37.52;5.85
81568;221204;4;Świetlica wiejska 76-220 Wielka Wieś 41;492;48;48;2;46;9.76;4.17;488;121;121;1;120;24.80;0.83
81569;221204;5;Świetlica wiejska 76-220 Żoruchowo 13;383;33;33;2;31;8.62;6.06;365;105;105;4;101;28.77;3.81
81570;221204;6;Świetlica wiejska 76-220 Żelkowo 17;483;74;74;3;71;15.32;4.05;474;165;165;7;158;34.81;4.24
81571;221204;7;Świetlica wiejska 76-220 Szczypkowice 40A;506;55;55;4;51;10.87;7.27;499;133;133;6;127;26.65;4.51
81572;221204;8;Sala gimnastyczna Zespołu Szkół 76-220 Stowięcino 15;611;100;100;4;96;16.37;4.00;611;237;237;22;215;38.79;9.28
81573;221204;9;Świetlica wiejska 76-220 Podole Wielkie 18A;454;61;61;0;61;13.44;0.00;453;118;118;9;109;26.05;7.63
81574;221204;10;Wiejski Dom Kultury 76-220 Pobłocie 10;603;79;79;4;75;13.10;5.06;584;206;206;10;196;35.27;4.85
81575;221204;11;Wiejski Dom Kultury 76-220 Pobłocie 10;556;41;41;1;40;7.37;2.44;541;124;124;9;115;22.92;7.26
81576;221204;12;Świetlica wiejska 76-220 Rzuszcze 16;448;44;44;1;43;9.82;2.27;438;130;130;5;125;29.68;3.85
81577;221204;13;Swietlica wiejska 76-220 Izbica 34;446;62;62;9;53;13.90;14.52;426;122;122;5;117;28.64;4.10
81578;221204;14;Świetlica wiejska 76-220 Rumsko 20;386;45;45;1;44;11.66;2.22;380;86;86;4;82;22.63;4.65
81579;221204;15;Budynek poszkolny 76-220 Będziechowo 12;383;31;31;3;28;8.09;9.68;382;84;84;5;79;21.99;5.95
81580;221205;1;Zespół Szkół 77-230 Kępice ul. Szkolna 1e lokal: sala nr 13;674;136;136;14;122;20.18;10.29;662;285;285;17;268;43.05;5.96
81581;221205;2;Zespół Szkół 77-230 Barcino 59 lokal: sala nr 1;499;93;93;5;88;18.64;5.38;498;203;203;22;181;40.76;10.84
81582;221205;3;Szkoła Podstawowa 77-230 Warcino 21;385;61;61;2;59;15.84;3.28;383;124;124;5;119;32.38;4.03
81583;221205;4;Świetlica wiejska 77-230 Płocko 25;368;47;47;2;45;12.77;4.26;363;90;90;5;85;24.79;5.56
81584;221205;5;Zespół Szkół 77-230 Korzybie ul. Dworcowa 6;700;116;116;1;115;16.57;0.86;685;260;260;11;249;37.96;4.23
81585;221205;6;Zespół Szkół 77-230 Biesowice 38;711;70;70;3;67;9.85;4.29;707;232;232;28;204;32.81;12.07
81586;221205;7;Szkoła Podstawowa 77-230 Kępice ul. Szkolna 1 lokal: sala nr 17;499;99;99;2;97;19.84;2.02;473;208;208;5;203;43.97;2.40
81587;221205;8;Zespół Szkół 77-230 Kępice Szkolna 1e lokal: sala nr 14;486;91;91;2;89;18.72;2.20;485;175;175;8;167;36.08;4.57
81588;221205;9;Gimnazjum 77-230 Kępice Szkolna 1 lokal: sala nr 2;432;57;57;4;53;13.19;7.02;424;129;129;6;123;30.42;4.65
81589;221205;10;Gimnazjum 77-230 Kępice Szkolna 1 lokal: sala nr 3;517;103;103;7;96;19.92;6.80;509;248;248;12;236;48.72;4.84
81590;221205;11;Gimnazjum 77-230 Kępice Szkolna 1 lokal: sala nr 1;557;112;112;4;108;20.11;3.57;530;242;242;3;239;45.66;1.24
81591;221205;12;Świetlica wiejska 77-230 Osowo 16A;248;39;39;5;34;15.73;12.82;247;71;71;5;66;28.74;7.04
81592;221205;13;Świetlica wiejska 77-230 Mzdowo 25;298;49;49;2;47;16.44;4.08;297;67;67;2;65;22.56;2.99
81593;221205;14;Świetlica wiejska 77-230 Pustowo 10;364;43;43;2;41;11.81;4.65;360;110;110;5;105;30.56;4.55
81594;221205;15;Zespół Szkół 77-230 Barcino 59 lokal: sala nr 2;586;41;41;4;37;7.00;9.76;583;142;142;4;138;24.36;2.82
81595;221206;1;Wiejski Dom Kultury 76-251 Wrząca 53;1080;107;107;2;105;9.91;1.87;1082;269;269;14;255;24.86;5.20
81596;221206;2;Gminne Centrum Kultury i Promocji w Kobylnicy 76-251 Kobylnica Wodna 20 lokal: 4;1276;187;187;2;185;14.66;1.07;1306;584;584;16;568;44.72;2.74
81597;221206;3;Zespół Szkół Samorządowych w Sycewicach 76-251 Sycewice ul.Szkolna 1;1317;135;135;10;125;10.25;7.41;1309;445;445;21;424;34.00;4.72
81598;221206;4;Szkoła Podstawowa w Kwakowie 76-251 Kwakowo ul.Słupska 5;1156;159;159;10;149;13.75;6.29;1148;399;399;15;384;34.76;3.76
81599;221206;5;Szkoła Podstawowa w Kończewie 76-251 Kończewo ul.Szkolna 1;1217;106;106;5;101;8.71;4.72;1201;365;365;30;335;30.39;8.22
81600;221206;6;Szkoła Podstawowa w Kobylnicy 76-251 Kobylnica ul.Główna 63;1173;265;265;9;256;22.59;3.40;1232;624;624;14;610;50.65;2.24
81601;221206;7;Gimnazjum w Kobylnicy 76-251 Kobylnica ul.Główna 63;1142;296;296;3;293;25.92;1.01;1263;760;760;13;747;60.17;1.71
91233;221206;8;Kobylnica 76-251 Kobylnica Franciszkańska 1;71;35;35;7;28;49.30;20.00;23;16;16;4;12;69.57;25.00
81602;221207;1;Zespół Szkół 76-242 Łupawa 22;1419;126;126;8;118;8.88;6.35;1395;432;432;26;406;30.97;6.02
81603;221207;2;Zespół Szkół 76-230 Potęgowo ul. Szeroka 16;1765;259;259;10;249;14.67;3.86;1748;658;658;33;625;37.64;5.02
81604;221207;3;Szkoła Podstawowa 76-230 Skórowo 13a;762;83;83;2;81;10.89;2.41;745;221;221;22;199;29.66;9.95
81605;221207;4;Świetnica Wiejska 76-230 Rzechcino 36;885;77;77;12;65;8.70;15.58;882;191;191;12;179;21.66;6.28
81606;221207;5;Świetlica Wiejska 76-230 Żochowo 26B;679;48;48;4;44;7.07;8.33;677;165;165;18;147;24.37;10.91
81607;221208;1;Zespół Szkół 76-200 Jezierzyce Szkolna 3;2090;246;246;9;237;11.77;3.66;2092;743;743;35;708;35.52;4.71
81608;221208;2;Szkoła Podstawowa 76-200 Wrzeście 44;1030;142;142;10;132;13.79;7.04;1030;365;365;26;339;35.44;7.12
81609;221208;3;Szkoła Podstawowa 76-200 Głobino 47;809;117;117;0;117;14.46;0.00;830;358;358;18;340;43.13;5.03
81610;221208;4;Świetlica Wiejska 76-200 Kusowo 10c;1256;215;215;9;206;17.12;4.19;1279;536;536;19;517;41.91;3.54
81611;221208;5;Szkoła Podstawowa 76-200 Włynkówko Błękitna 17;2007;351;351;14;337;17.49;3.99;2087;1053;1053;26;1027;50.46;2.47
81612;221208;6;Szkoła Podstawowa 76-200 Bierkowo Grodzka 89;1076;153;153;11;142;14.22;7.19;1070;478;478;23;455;44.67;4.81
81613;221208;7;Świetlica Wiejska 76-206 Bruskowo Małe 14b;750;51;51;5;46;6.80;9.80;742;213;213;12;201;28.71;5.63
81614;221208;8;Zespół Szkół 76-200 Redzikowo 16a;1436;283;283;7;276;19.71;2.47;1384;618;618;8;610;44.65;1.29
81615;221208;9;Zespół Szkół 76-200 Siemianice Słupska 42;1781;402;402;11;391;22.57;2.74;1940;1064;1064;28;1036;54.85;2.63
91234;221208;10;Dom Pomocy Społecznej 76-200 Lubuczewo 29a;42;20;20;1;19;47.62;5.00;40;31;31;10;21;77.50;32.26
81616;221209;1;Świetlica wiejska w Smołdzinie 76-214 Smołdzino ul. Bohaterów Warszawy 30;1724;241;241;12;229;13.98;4.98;1683;607;607;33;574;36.07;5.44
81617;221209;2;Sala Gimnastyczna 76-214 Gardna Wielka Plac Wolności 7;1037;129;129;5;124;12.44;3.88;1004;373;373;22;351;37.15;5.90
81618;221210;1;Gminny Ośrodek Kultury 76-270 Zaleskie 48;356;43;43;4;39;12.08;9.30;356;150;150;9;141;42.13;6.00
81619;221210;2;Świetlica Wiejska 76-270 Duninowo 27;621;102;102;3;99;16.43;2.94;699;317;317;9;308;45.35;2.84
81620;221210;3;Świetlica Wiejska 76-270 Wytowno 9;538;85;85;11;74;15.80;12.94;538;191;191;15;176;35.50;7.85
81621;221210;4;Świetlica Wiejska 76-211 Objazda 77;775;101;101;8;93;13.03;7.92;770;255;255;16;239;33.12;6.27
81622;221210;5;Świetlica Wiejska 76-270 Charnowo 35B;406;69;69;2;67;17.00;2.90;411;158;158;8;150;38.44;5.06
81623;221210;6;Pensjonat 76-270 Przewłoka ul. Armii Krajowej 1;755;218;218;7;211;28.87;3.21;751;428;428;12;416;56.99;2.80
81624;221210;7;Świetlica Wiejska 76-270 Grabno Pałacowa 14;438;94;94;5;89;21.46;5.32;479;251;251;13;238;52.40;5.18
81625;221210;8;Świetlica Wiejska 76-270 Możdżanowo 1;163;58;58;0;58;35.58;0.00;172;92;92;1;91;53.49;1.09
81626;221210;9;Świetlica Wiejska 76-270 Starkowo 5;179;50;50;1;49;27.93;2.00;176;80;80;3;77;45.45;3.75
81627;221210;10;Świetlica Wiejska 76-270 Pęplino 12;283;51;51;5;46;18.02;9.80;286;95;95;11;84;33.22;11.58
81628;221210;11;Świetlica Wiejska 76-270 Wodnica 52;429;90;90;5;85;20.98;5.56;460;235;235;8;227;51.09;3.40
81629;221210;12;Świetlica Wiejska 76-270 Machowino 2;376;79;79;2;77;21.01;2.53;396;171;171;5;166;43.18;2.92
81630;221210;13;Świetlica Wiejska 76-270 Gąbino Kasztanowa 3;439;54;54;8;46;12.30;14.81;441;137;137;15;122;31.07;10.95
81631;221210;14;Świetlica Wiejska 76-212 Rowy ul. Kościelna 2a;503;152;152;2;150;30.22;1.32;497;228;228;5;223;45.88;2.19
81632;221301;1;Miejska Biblioteka Publiczna 83-262 Czarna Woda ul. Starogardzka 13;1365;248;248;9;239;18.17;3.63;1362;618;618;31;587;45.37;5.02
81633;221301;2;Przedszkole Publiczne 83-262 Czarna Woda ul. Mostowa 2;973;231;231;14;217;23.74;6.06;950;484;484;15;469;50.95;3.10
81634;221301;3;Budynek byłej Szkoły 83-261 Huta Kalna ul. Szkolna 2;340;66;66;4;62;19.41;6.06;334;137;137;12;125;41.02;8.76
81635;221302;1;Zespół Szkół Publicznych 83-220 Skórcz ul. Generała Józefa Hallera 1;1425;338;338;6;332;23.72;1.78;1412;722;722;31;691;51.13;4.29
81636;221302;2;Miejski Ośrodek Kultury 83-220 Skórcz ul. 27 Stycznia 4;1302;228;228;10;218;17.51;4.39;1272;597;597;18;579;46.93;3.02
81637;221303;1;Przedszkole Nr 3 83-200 Starogard Gdański al. Wojska Polskiego 8b;2265;482;482;7;475;21.28;1.45;2227;948;948;26;922;42.57;2.74
81638;221303;2;Zespół Szkół Publicznych 83-200 Starogard Gdański ul. Dominika 32;2175;440;440;8;432;20.23;1.82;2157;1134;1134;27;1107;52.57;2.38
81639;221303;3;Dyrekcja Szpitala 83-200 Starogard Gdański ul. Skarszewska 7;1399;372;372;9;363;26.59;2.42;1390;712;712;18;694;51.22;2.53
81640;221303;4;Szkoła Podstawowa Nr 3 83-200 Starogard Gdański ul. Wybickiego 17;2019;528;528;12;516;26.15;2.27;1973;974;974;18;956;49.37;1.85
81641;221303;5;Zespół Szkół Ogólnokształcących 83-200 Starogard Gdański ul. Gen. Hallera 34;1196;219;219;5;214;18.31;2.28;1164;431;431;9;422;37.03;2.09
81642;221303;6;Publiczne Gimnazjum Nr 2 83-200 Starogard Gdański ul. Traugutta 2;2207;495;495;17;478;22.43;3.43;2110;1044;1044;22;1022;49.48;2.11
81643;221303;7;Dom Rzemiosła 83-200 Starogard Gdański ul. Chojnicka 2;1701;235;235;13;222;13.82;5.53;1675;563;563;20;543;33.61;3.55
81644;221303;8;Środowiskowy Dom Samopomocy 83-200 Starogard Gdański ul. Pelplińska 3;1825;286;286;13;273;15.67;4.55;1782;689;689;20;669;38.66;2.90
81645;221303;9;Szkoła Podstawowa Nr 4 83-200 Starogard Gdański al. Jana Pawła II 4;1731;307;307;15;292;17.74;4.89;1722;670;670;24;646;38.91;3.58
81646;221303;10;Starogardzkie Centrum Kultury 83-200 Starogard Gdański al. Jana Pawła II 3;1706;386;386;8;378;22.63;2.07;1668;875;875;20;855;52.46;2.29
81647;221303;11;Przedszkole Nr 6 83-200 Starogard Gdański al. Jana Pawła II 5;1670;420;420;6;414;25.15;1.43;1632;862;862;15;847;52.82;1.74
81648;221303;12;Przedszkole Nr 5 83-200 Starogard Gdański al. Jana Pawła II 8;2132;524;524;8;516;24.58;1.53;2093;1058;1059;20;1038;50.55;1.89
81649;221303;13;Spółdzielczy Dom Kultury 83-200 Starogard Gdański ul. Reymonta 1;1602;326;326;9;317;20.35;2.76;1576;729;729;23;706;46.26;3.16
81650;221303;14;Publiczne Gimnazjum Nr 1 83-200 Starogard Gdański al. Jana Pawła II 10;1216;265;265;1;264;21.79;0.38;1260;643;643;9;634;51.03;1.40
81651;221303;15;Przedszkole Nr 4 83-200 Starogard Gdański ul. Reymonta 7;1687;357;357;12;345;21.16;3.36;1687;826;826;19;807;48.96;2.30
81652;221303;16;Przedszkole Nr 10 83-200 Starogard Gdański os. 60-lecia 8;1826;427;427;5;422;23.38;1.17;1764;954;954;31;923;54.08;3.25
81653;221303;17;Przedszkole Nr 8 83-200 Starogard Gdański os. Konstytucji 3 Maja 15;1878;448;448;20;428;23.86;4.46;1815;950;950;18;932;52.34;1.89
81654;221303;18;Szkoła Podstawowa Nr 1 83-200 Starogard Gdański ul. Zblewska 18;1521;408;408;9;399;26.82;2.21;1526;882;882;15;867;57.80;1.70
81655;221303;19;Publiczne Gimnazjum Nr 3 83-200 Starogard Gdański ul. Szwoleżerów 4;2172;380;380;6;374;17.50;1.58;2195;940;940;27;913;42.82;2.87
81656;221303;20;Szkoła Podstawowa nr 1 83-200 Starogard Gdański ul. Zblewska 18;1396;374;374;9;365;26.79;2.41;1366;757;757;12;745;55.42;1.59
81657;221303;21;Publiczne Gimnazjum Nr 1 83-200 Starogard Gdański al. Jana Pawła II 10;1316;318;318;1;317;24.16;0.31;1333;698;698;5;693;52.36;0.72
91235;221303;22;Kociewskie Centrum Zdrowia Sp. z o.o. Niepubliczny Zakład Opieki Zdrowotnej Szpital św. Jana, 83-200 Starogard Gdański Balewskiego 1;79;14;14;1;13;17.72;7.14;126;42;42;3;39;33.33;7.14
91236;221303;23;Szpital dla Nerwowo i Psychicznie Chorych 83-200 Starogard Gdański Skarszewska 7;560;158;158;9;149;28.21;5.70;519;180;180;30;150;34.68;16.67
91237;221303;24;Areszt Śledczy 83-200 Starogard Gdański Kościuszki 30A;315;100;100;13;87;31.75;13.00;245;136;136;19;117;55.51;13.97
91238;221303;25;Dom św. Elżbiety 83-200 Starogard Gdański Hallera 27;41;29;29;1;28;70.73;3.45;39;14;14;1;13;35.90;7.14
81658;221304;1;Publiczna Szkoła Podstawowa w Bobowie 83-212 Bobowo ul. Gdańska 81;1144;180;180;9;171;15.73;5.00;1160;481;481;19;462;41.47;3.95
81659;221304;2;Świetlica Wiejska w Grabowie 83-212 Grabowo 39;367;78;78;3;75;21.25;3.85;373;173;173;9;164;46.38;5.20
81660;221304;3;Świetlica Wiejska w Jabłówku 83-212 Jabłówko 13;416;61;61;3;58;14.66;4.92;414;136;136;2;134;32.85;1.47
81661;221304;4;Świetlica Wiejska w Wysokiej 83-212 Wysoka 27;368;75;75;6;69;20.38;8.00;364;143;143;7;136;39.29;4.90
81662;221305;1;Remiza OSP 83-260 Kaliska ul. Nowowiejska 2b;1806;358;358;10;348;19.82;2.79;1834;855;855;27;828;46.62;3.16
81663;221305;2;Zespół Oświatowo-Wychowawczy 83-261 Piece ul. Kościelna 3;1043;194;194;12;182;18.60;6.19;1051;478;478;27;451;45.48;5.65
81664;221305;3;Gminny Ośrodek Kultury 83-260 Kaliska ul. Długa 18;1258;207;207;9;198;16.45;4.35;1253;519;519;15;504;41.42;2.89
81665;221306;1;Publiczne Gminazjum 83-240 Lubichowo ul. Księdza Lorenza 8;1531;282;282;10;272;18.42;3.55;1565;700;700;34;666;44.73;4.86
81666;221306;2;Publiczna Szkoła Podstawowa 83-240 Lubichowo Dworcowa 15;1224;248;248;6;242;20.26;2.42;1251;600;600;35;565;47.96;5.83
81667;221306;3;Publiczna Szkoła Podstawowa 83-208 Zelgoszcz ul. Główna 29;680;110;110;5;105;16.18;4.55;688;281;281;22;259;40.84;7.83
81668;221306;4;Świetlica 83-240 Wda ul. Szkolna 2;487;92;92;4;88;18.89;4.35;478;220;220;15;205;46.03;6.82
81669;221306;5;Świetlica 83-240 Ocypel ul. Szkolna 4;539;115;115;4;111;21.34;3.48;543;248;248;10;238;45.67;4.03
81670;221306;6;Świetlica 83-240 Osowo Leśne 18;396;66;66;6;60;16.67;9.09;397;96;96;5;91;24.18;5.21
81671;221307;1;Zespół Szkół Publicznych 83-242 Osieczna ul. Mickiewicza 1;1257;230;230;21;209;18.30;9.13;1256;554;554;36;518;44.11;6.50
81672;221307;2;Zespół Szkół Publicznych 83-243 Szlachta ul. 3 Maja 32;1002;206;206;18;188;20.56;8.74;1002;425;425;25;400;42.42;5.88
81673;221308;1;Remiza OSP w Bukowinach 83-221 Bukowiny 24a;328;65;65;4;61;19.82;6.15;322;129;129;12;117;40.06;9.30
81674;221308;2;Środowiskowy Dom Samopomocy 83-221 Osiek ul.Wyzwolenia 25;513;102;102;3;99;19.88;2.94;513;214;214;13;201;41.72;6.07
81675;221308;3;Remiza Ochotniczej Straży Pożarnej 83-221 Osiek ul.Strażacka 1;857;202;202;3;199;23.57;1.49;883;441;441;14;427;49.94;3.17
81676;221308;4;Remiza Ochotniczej Straży Pożarnej 83-221 Kasparus 9 a;364;74;74;4;70;20.33;5.41;366;149;149;4;145;40.71;2.68
81677;221309;1;Publiczna Szkoła Podstawowa w Skarszewach 83-250 Skarszewy ul. Dworcowa 27;2253;387;387;12;375;17.18;3.10;2277;948;948;17;931;41.63;1.79
81678;221309;2;Zespół Szkół Publicznych w Skarszewach 83-250 Skarszewy ul. Kopernika 3;2067;470;470;18;452;22.74;3.83;2043;944;944;45;899;46.21;4.77
81679;221309;3;Urząd Miejski w Skarszewach 83-250 Skarszewy ul. Plac Gen. J. Hallera 18;1655;323;323;21;302;19.52;6.50;1622;631;631;18;613;38.90;2.85
81680;221309;4;Publiczna Szkoła Podstawowa w Szczodrowie 83-250 Szczodrowo Szkolna 1;769;136;136;11;125;17.69;8.09;748;298;298;16;282;39.84;5.37
81681;221309;5;Publiczna Szkoła Podstawowa w Więckowach 83-250 Więckowy 25;612;96;96;2;94;15.69;2.08;606;295;295;23;272;48.68;7.80
81682;221309;6;Zespół Szkół Publicznych w Pogódkach 83-236 Pogódki ul. Szkolna 3;1281;241;241;12;229;18.81;4.98;1273;572;572;30;542;44.93;5.24
81683;221309;7;Zespół Szkół Publicznych w Godziszewie 83-209 Godziszewo ul. Gdańska 7;1115;176;176;8;168;15.78;4.55;1120;401;401;14;387;35.80;3.49
81684;221309;8;Publiczna Szkoła Podstawowa w Skarszewach Filia w Bączku 83-250 Bączek 1;522;99;99;1;98;18.97;1.01;513;236;236;5;231;46.00;2.12
81685;221309;9;Zespół Szkół Rolniczych Centrum Kształcenia Praktycznego w Bolesławowie 83-250 Bolesławowo 15;577;98;98;8;90;16.98;8.16;575;227;227;15;212;39.48;6.61
81686;221310;1;Świetlica Wiejska w Wielbrandowie 83-220 Wielbrandowo ul. Główna 2;724;118;118;7;111;16.30;5.93;716;314;314;14;300;43.85;4.46
81687;221310;2;Publiczna Szkoła Podstawowa im. Ks. Senatora Feliksa Bolta w Barłożnie 83-225 Barłożno 23;1044;190;190;10;180;18.20;5.26;1036;397;397;16;381;38.32;4.03
81688;221310;3;Zespół Szkół Publicznych w Pączewie 83-213 Pączewo 124;959;184;184;11;173;19.19;5.98;959;388;388;17;371;40.46;4.38
81689;221310;4;Publiczna Szkoła Podstawowa w Wielkim Bukowcu 83-220 Wielki Bukowiec 40A;825;139;139;3;136;16.85;2.16;829;330;330;14;316;39.81;4.24
81690;221311;1;Publiczne Gimnazjum 83-230 Smętowo Graniczne ul. Gdańska 23;1256;219;219;13;206;17.44;5.94;1257;628;628;28;600;49.96;4.46
81691;221311;2;Publiczna Szkoła Podstawowa 83-230 Kopytkowo 18;651;97;97;9;88;14.90;9.28;651;185;185;16;169;28.42;8.65
81692;221311;3;Świetlica wiejska 83-230 Kościelna Jania 37;739;79;79;6;73;10.69;7.59;734;248;248;12;236;33.79;4.84
81693;221311;4;Warsztaty Terapii Zajęciowej 83-230 Lalkowy 10;443;95;95;3;92;21.44;3.16;438;181;181;7;174;41.32;3.87
81694;221311;5;Publiczna Szkoła Podstawowa 83-230 Kamionka 11;502;74;74;4;70;14.74;5.41;505;190;190;16;174;37.62;8.42
81695;221311;6;Publiczne Gimnazjum 83-230 Smętowo Graniczne ul. Gdańska 23;578;83;83;6;77;14.36;7.23;581;220;220;13;207;37.87;5.91
81696;221312;1;Publiczna Szkoła Podstawowa 83-212 Dąbrówka ul. Hermanowska 4;687;150;150;10;140;21.83;6.67;691;354;354;11;343;51.23;3.11
81697;221312;2;Publiczna Szkoła Podstawowa 83-211 Jabłowo ul. Szkolna 5;673;105;105;6;99;15.60;5.71;667;272;272;12;260;40.78;4.41
81698;221312;3;Świetlica Wiejska 83-211 Owidz ul. Szkolna 13;886;189;189;8;181;21.33;4.23;889;427;427;11;416;48.03;2.58
81699;221312;4;Świetlica Wiejska 83-211 Kolincz ul. Główna 52;656;145;145;4;141;22.10;2.76;677;338;338;19;319;49.93;5.62
81700;221312;5;Świetlica Wiejska 83-211 Lipinki Szlacheckie ul. Jana Pawła II 40;361;88;88;2;86;24.38;2.27;363;198;198;5;193;54.55;2.53
81701;221312;6;Świetlica Wiejska 83-130 Klonówka ul. Kościelna 1;343;55;55;4;51;16.03;7.27;334;126;126;9;117;37.72;7.14
81702;221312;7;Zespół Kształcenia i Wychowania 83-200 Rywałd Szkolna 4;738;104;104;2;102;14.09;1.92;754;300;300;8;292;39.79;2.67
81703;221312;8;Świetlica Wiejska 83-115 Zduny 26;471;78;78;6;72;16.56;7.69;468;181;181;8;173;38.68;4.42
81704;221312;9;Świetlica Wiejska 83-200 Szpęgawsk Kasztanowa 26;333;77;77;3;74;23.12;3.90;329;153;153;9;144;46.50;5.88
81705;221312;10;Publiczna Szkoła Podstawowa 83-209 Trzcińsk 14;723;149;149;2;147;20.61;1.34;739;312;312;13;299;42.22;4.17
81706;221312;11;Zespół Szkół Publicznych 83-207 Kokoszkowy Szkolna 24;1245;276;276;8;268;22.17;2.90;1267;696;696;21;675;54.93;3.02
81707;221312;12;Świetlica Wiejska 83-200 Linowiec 21;297;48;48;4;44;16.16;8.33;307;133;133;9;124;43.32;6.77
81708;221312;13;Świetlica Wiejska 83-200 Krąg 44;782;220;220;6;214;28.13;2.73;814;456;456;19;437;56.02;4.17
81709;221312;14;Świetlica Wiejska 83-200 Nowa Wieś Rzeczna Rzeczna 18;746;193;193;6;187;25.87;3.11;754;420;420;8;412;55.70;1.90
81710;221312;15;Publiczna Szkoła Podstawowa 83-200 Rokocin 19;827;199;199;8;191;24.06;4.02;854;478;478;18;460;55.97;3.77
81711;221312;16;Świetlica Wiejska 83-200 Sucumin 29;431;102;102;3;99;23.67;2.94;445;218;218;5;213;48.99;2.29
81712;221312;17;Zespół Szkół Publicznych 83-200 Sumin 38;506;171;171;4;167;33.79;2.34;503;259;259;10;249;51.49;3.86
81713;221312;18;Świetlica Wiejska 83-200 Koteże Jana Wróblewskiego 5;665;190;190;9;181;28.57;4.74;687;419;419;15;404;60.99;3.58
91239;221312;19;Dom Pomocy Społecznej 83-200 Szpęgawsk Kasztanowa 23;129;24;24;3;21;18.60;12.50;119;23;23;4;19;19.33;17.39
91240;221312;20;Centrum Rehabilitacyjno-Lecznicze 83-200 Nowa Wieś Rzeczna Leśna 1a;58;7;7;1;6;12.07;14.29;46;17;17;1;16;36.96;5.88
81714;221313;1;Zespół Szkół Publicznych 83-206 Kleszczewo Kościerskie 41;1404;305;305;14;291;21.72;4.59;1409;611;611;30;581;43.36;4.91
81715;221313;2;Zespół Kształcenia i Wychowania 83-251 Pinczyn ul. Sportowa 8;1259;236;236;14;222;18.75;5.93;1263;543;543;31;512;42.99;5.71
81716;221313;3;Zespół Szkół Publicznych 83-224 Borzechowo ul. Szkolna 3a;1148;187;187;10;177;16.29;5.35;1174;445;445;22;423;37.90;4.94
81717;221313;4;Zespół Szkół Publicznych 83-210 Zblewo ul. Kościerska 39;1446;269;269;10;259;18.60;3.72;1494;637;637;32;605;42.64;5.02
81718;221313;5;Gminny Ośrodek Kultury 83-210 Zblewo ul. Główna 40;1606;382;382;20;362;23.79;5.24;1592;837;837;43;794;52.58;5.14
81719;221313;6;Zespół Szkół Publicznych 83-210 Bytonia ul. Kasztelańska 3;775;116;116;2;114;14.97;1.72;790;321;321;23;298;40.63;7.17
90045;221313;7;Wiejski Dom Kultury 83-251 Pinczyn Semlińska 1B;1016;204;204;13;191;20.08;6.37;1043;443;443;12;431;42.47;2.71
81720;221401;1;Szkoła Podstawowa Nr 7 83-110 Tczew ul. Stoczniowców 15A;1948;374;374;20;354;19.20;5.35;1970;882;884;22;860;44.77;2.49
81721;221401;2;Gimnazjum Nr 2 83-110 Tczew ul. Południowa 6;1617;293;293;18;275;18.12;6.14;1614;648;648;27;621;40.15;4.17
81722;221401;3;Sportowa Szkoła Podstawowa Nr 2 83-110 Tczew ul. Gdańska 2;2328;475;475;10;465;20.40;2.11;2247;987;987;18;969;43.93;1.82
81723;221401;4;Urząd Stanu Cywilnego 83-110 Tczew ul. Armii Krajowej 39;2017;621;621;23;598;30.79;3.70;1965;1087;1087;27;1060;55.32;2.48
81724;221401;5;Szkoła Podstawowa Nr 8 83-110 Tczew ul. Armii Krajowej 70;1217;239;239;6;233;19.64;2.51;1259;594;594;16;578;47.18;2.69
81725;221401;6;Szkoła Podstawowa Nr 8 83-110 Tczew ul. Armii Krajowej 70;1282;347;347;15;332;27.07;4.32;1295;745;745;10;735;57.53;1.34
81726;221401;7;Przedszkole Nr 8 83-110 Tczew ul. Jodłowa 6;2060;561;561;18;543;27.23;3.21;2008;1082;1082;21;1061;53.88;1.94
81727;221401;8;Szkoła Podstawowa Nr 12 83-110 Tczew ul. Topolowa 23;2210;658;658;26;632;29.77;3.95;2123;1241;1241;26;1215;58.46;2.10
81728;221401;9;Przedszkole Niepubliczne „Jarzębinka” 83-110 Tczew ul. Jarzębinowa 4;1664;394;394;16;378;23.68;4.06;1642;800;800;22;778;48.72;2.75
81729;221401;10;Gimnazjum Nr 3 83-110 Tczew ul. Władysława Jagiełły 8;2305;591;591;16;575;25.64;2.71;2256;1149;1149;41;1108;50.93;3.57
81730;221401;11;Warsztaty Terapii Zajęciowej 83-110 Tczew ul. Wigury 84;1599;443;443;5;438;27.70;1.13;1565;876;876;15;861;55.97;1.71
81731;221401;12;Obwodowy Urząd Miar O/Tczew 83-110 Tczew ul. Rokicka 16;993;303;303;16;287;30.51;5.28;1038;627;627;7;620;60.40;1.12
81732;221401;13;„Akademia Melodica” (żłobek) 83-110 Tczew ul. Kubusia Puchatka 1;1404;425;425;8;417;30.27;1.88;1414;851;851;7;844;60.18;0.82
81733;221401;14;Szkoła Podstawowa Nr 11 83-110 Tczew ul. Saperska 12;2123;608;608;14;594;28.64;2.30;2049;1067;1067;14;1053;52.07;1.31
81734;221401;15;Szkoła Podstawowa Nr 11 83-110 Tczew ul. Saperska 12;2428;593;593;15;578;24.42;2.53;2362;1142;1142;26;1116;48.35;2.28
81735;221401;16;Ośrodek Opiekuńczy 83-110 Tczew ul. Niepodległości 10;2449;659;659;26;633;26.91;3.95;2370;1260;1260;21;1239;53.16;1.67
81736;221401;17;Specjalny Ośrodek Szkolno-Wychowawczy 83-110 Tczew ul. Grunwaldzka 1;1501;365;365;5;360;24.32;1.37;1508;771;771;18;753;51.13;2.33
81737;221401;18;Szkoła Podstawowa Nr 5 83-110 Tczew ul. Obrońców Westerplatte 18;1978;373;373;16;357;18.86;4.29;1952;787;787;32;755;40.32;4.07
81738;221401;19;Centrum Kultury i Sztuki 83-110 Tczew ul. Stefana Kardynała Wyszyńskiego 10;1808;352;352;12;340;19.47;3.41;1808;691;691;31;660;38.22;4.49
81739;221401;20;Fabryka Sztuk 83-110 Tczew ul. 30 Stycznia 4;1517;408;408;10;398;26.90;2.45;1513;776;776;22;754;51.29;2.84
81740;221401;21;Szkoła Podstawowa Nr 10 83-110 Tczew ul. Marii Konopnickiej 11;1779;484;484;19;465;27.21;3.93;1771;954;954;22;932;53.87;2.31
81741;221401;22;Zespół Szkół Rzemieślniczych i Kupieckich 83-110 Tczew ul. Czyżykowska 17;1667;436;436;13;423;26.15;2.98;1604;811;811;12;799;50.56;1.48
81742;221401;23;Gimnazjum Nr 1 83-110 Tczew ul. Czyżykowska 69;2338;595;595;15;580;25.45;2.52;2313;1165;1165;41;1124;50.37;3.52
81743;221401;24;Gimnazjum Nr 1 83-110 Tczew ul. Czyżykowska 69;2101;511;511;15;496;24.32;2.94;2050;960;960;30;930;46.83;3.12
81744;221401;25;„Tęczowe Przedszkole” 83-110 Tczew ul. Józefa Chełmońskiego 1a;1961;589;589;28;561;30.04;4.75;2007;1184;1185;18;1166;58.99;1.52
91241;221401;26;Szpitale Tczewskie S.A 83-110 Tczew ul. 30 Stycznia 57;24;4;4;0;4;16.67;0.00;24;15;15;1;14;62.50;6.67
91242;221401;27;Szpitale Tczewskie S.A 83-110 Tczew ul. Ignacego Paderewskiego 11;50;3;3;0;3;6.00;0.00;45;9;9;0;9;20.00;0.00
91243;221401;28;Szpitale Tczewskie S.A 83-110 Tczew ul. 1 Maja 2;79;18;18;0;18;22.78;0.00;72;28;28;1;27;38.89;3.57
81745;221402;1;Szkoła Podstawowa w Gniewie 83-140 Gniew ul. Gdańska 16;813;212;212;9;203;26.08;4.25;797;376;376;11;365;47.18;2.93
81746;221402;2;Szkoła Podstawowa w Gniewie 83-140 Gniew ul. Gdańska 16;854;198;198;9;189;23.19;4.55;838;380;380;11;369;45.35;2.89
81747;221402;3;Szkoła Podstawowa w Gniewie 83-140 Gniew ul. Gdańska 16;714;143;143;5;138;20.03;3.50;699;270;270;12;258;38.63;4.44
81748;221402;4;Sień Powiatowej i Miejskiej Biblioteki Publicznej w Gniewie 83-140 Gniew Plac Grunwaldzki 17;772;143;143;9;134;18.52;6.29;748;277;277;19;258;37.03;6.86
81749;221402;5;Biuro Referatu Promocji i Informacji Urzędu Miasta i Gminy Gniew 83-140 Gniew Plac Grunwaldzki 16;536;91;91;7;84;16.98;7.69;453;170;170;8;162;37.53;4.71
81750;221402;6;Gimnazjum w Gniewie 83-140 Gniew 27 Stycznia 19;786;195;195;8;187;24.81;4.10;846;393;393;12;381;46.45;3.05
81751;221402;7;Gimnazjum w Gniewie 83-140 Gniew 27 Stycznia 19;917;190;190;9;181;20.72;4.74;907;354;354;15;339;39.03;4.24
81752;221402;8;Świetlica Wiejska w Kursztynie 83-140 Kursztyn 16;863;63;63;5;58;7.30;7.94;861;221;221;11;210;25.67;4.98
81753;221402;9;Szkoła Podstawowa w Polskim Gronowie 83-140 Polskie Gronowo 31;949;89;89;7;82;9.38;7.87;943;266;266;15;251;28.21;5.64
81754;221402;10;Szkoła Podstawowa w Piasecznie 83-123 Piaseczno 26;863;181;181;4;177;20.97;2.21;853;306;306;17;289;35.87;5.56
81755;221402;11;Zespół Szkół w Opaleniu 83-136 Opalenie ul. Ks. Ludwika Warneckiego 10;1145;190;190;19;171;16.59;10.00;1152;438;438;31;407;38.02;7.08
81756;221402;12;Filia w Pieniążkowie Zespołu Szkół w Opaleniu 83-135 Pieniążkowo 27;533;83;83;2;81;15.57;2.41;520;185;185;9;176;35.58;4.86
81757;221402;13;Filia w Piniążkowie Zespołu Szkół w Opaleniu 83-135 Pieniążkowo 27;578;113;113;4;109;19.55;3.54;575;195;195;8;187;33.91;4.10
81758;221402;14;Świetlica Wiejska w Rakowcu 83-135 Rakowiec 44;996;149;149;7;142;14.96;4.70;955;319;319;12;307;33.40;3.76
81759;221402;15;Świetlica Wiejska w Nicponi 83-140 Nicponia 95D;1009;215;215;10;205;21.31;4.65;983;422;422;11;411;42.93;2.61
91244;221402;16;Świetlica DPS w Gniewie 83-140 Gniew ul. Gdańska 23;85;31;31;2;29;36.47;6.45;88;27;27;5;22;30.68;18.52
81760;221403;1;Świetlica Urzędu Gminy 83-132 Morzeszczyn ul. 22 Lipca 4;1273;181;181;9;172;14.22;4.97;1260;492;492;26;466;39.05;5.28
81761;221403;2;Świetlica Domu Strażaka 83-132 Nowa Cerkiew 25A;748;110;110;10;100;14.71;9.09;719;246;246;13;233;34.21;5.28
81762;221403;3;Świetlica Wiejska 83-132 Lipia Góra 19C;861;88;88;5;83;10.22;5.68;851;263;263;11;252;30.90;4.18
81763;221404;1;Niepubliczny Zakład Opieki Zdrowotnej PELMED Sp. zo.o., 83-130 Pelplin ul. Wybickiego 14;1819;392;392;34;358;21.55;8.67;1784;793;793;28;765;44.45;3.53
81764;221404;2;Zespoł Kształcenia i Wychowania Nr 1 83-130 Pelplin ul. Sambora 5a;1595;310;310;10;300;19.44;3.23;1601;683;683;26;657;42.66;3.81
81765;221404;3;Sala Sportowa 83-130 Pelplin ul. Starogardzka 4a;842;122;122;12;110;14.49;9.84;822;259;259;16;243;31.51;6.18
81766;221404;4;Zespół Szkół Nr 2 83-130 Pelplin ul. Kościuszki 12A;1943;357;357;11;346;18.37;3.08;1983;806;806;22;784;40.65;2.73
81767;221404;5;PELKOM Sp. z o.o. 83-130 Pelplin ul. Starogardzka 12;1191;205;205;8;197;17.21;3.90;1192;509;509;16;493;42.70;3.14
81768;221404;6;Świetlica Wiejska 83-122 Międzyłęż 36;757;106;106;9;97;14.00;8.49;755;237;237;21;216;31.39;8.86
81769;221404;7;Centrum Kultury Wiejskiej 83-121 Rudno ul. Kościelna 6;1155;156;156;13;143;13.51;8.33;1157;447;447;18;429;38.63;4.03
81770;221404;8;Świetlica Wiejska 83-121 Lignowy Szlacheckie 90;789;146;146;11;135;18.50;7.53;784;304;304;25;279;38.78;8.22
81771;221404;9;Świetlica Wiejska 83-130 Bielawki 45;555;91;91;7;84;16.40;7.69;576;205;205;12;193;35.59;5.85
81772;221404;10;Zespół Szkół 83-130 Rajkowy ul. Jesionowa 6;1232;148;148;9;139;12.01;6.08;1243;420;420;25;395;33.79;5.95
81773;221404;11;Zespół Kształcenia i Wychowania 83-130 Kulice ul. Szkolna 1;772;108;108;2;106;13.99;1.85;759;296;296;13;283;39.00;4.39
91245;221404;12;Dom Pomocy Społecznej 83-130 Pelplin Szpitalna 2;142;20;20;2;18;14.08;10.00;137;60;60;3;57;43.80;5.00
81774;221405;1;Dom Kultury 83-120 Subkowy ul. Wybickiego 22a;1027;253;253;8;245;24.63;3.16;1074;518;518;16;502;48.23;3.09
81775;221405;2;Zespół Kształcenia Podstawowego i Przedszkolnego 83-120 Mała Słońca ul. Długa 1;1053;103;103;8;95;9.78;7.77;1053;284;284;19;265;26.97;6.69
81776;221405;3;Szkoła Filialna 83-120 Brzuśce ul. Milenijna 12;1179;196;196;8;188;16.62;4.08;1158;428;428;34;394;36.96;7.94
81777;221405;4;Gimnazjum im. Zjednoczonej Europy 83-120 Subkowy ul. Wybickiego 19b;852;145;145;7;138;17.02;4.83;863;370;370;20;350;42.87;5.41
81778;221406;1;Świetlica Wiejska 83-110 Tczewskie Łąki ul. Szkolna 2;631;133;133;1;132;21.08;0.75;666;325;325;8;317;48.80;2.46
81779;221406;2;Świetlica Wiejska 83-110 Bałdowo ul. Piękna 1;595;194;194;5;189;32.61;2.58;623;360;360;7;353;57.78;1.94
81780;221406;3;Świetlica Wiejska 83-110 Czarlin ul. Szkolna 13;671;165;165;9;156;24.59;5.45;671;337;337;14;323;50.22;4.15
81781;221406;4;Zespół Kształcenia i Wychowania 83-115 Swarożyn ul. Wyzwolenia 18;1257;241;241;17;224;19.17;7.05;1250;495;495;21;474;39.60;4.24
81782;221406;5;Świetlica Wiejska 83-115 Boroszewo 34;529;118;118;16;102;22.31;13.56;535;242;242;17;225;45.23;7.02
81783;221406;6;Zespół Kształcenia i Wychowania 83-113 Turze ul. Kościelna 7;1204;199;199;13;186;16.53;6.53;1210;480;480;23;457;39.67;4.79
81784;221406;7;Świetlica Wiejska 83-113 Dalwin 22;660;125;125;4;121;18.94;3.20;675;264;264;11;253;39.11;4.17
81785;221406;8;Szkoła Podstawowa 83-112 Lubiszewo ul. Sambora 3;642;181;181;8;173;28.19;4.42;693;350;350;9;341;50.51;2.57
81786;221406;9;Gimnazjum 83-111 Dąbrówka 37;761;222;222;2;220;29.17;0.90;798;444;444;19;425;55.64;4.28
81787;221406;10;Świetlica Wiejska 83-112 Rokitki ul. Kasztanowa 24;1116;223;223;3;220;19.98;1.35;1162;581;581;14;567;50.00;2.41
81788;221406;11;Szkoła Podstawowa 83-111 Miłobądz ul. Szkolna 6;1712;264;264;17;247;15.42;6.44;1746;676;676;28;648;38.72;4.14
91246;221406;12;Dom Pomocy Społecznej 83-209 Damaszka 1;76;42;42;4;38;55.26;9.52;72;53;53;10;43;73.61;18.87
91247;221406;13;Dom Pomocy Społecznej 83-112 Stanisławie 31;28;10;10;2;8;35.71;20.00;28;8;8;2;6;28.57;25.00
81789;221501;1;Szkoła Podstawowa nr 6 84-240 Reda ul. Gniewowska 33;1972;671;671;10;661;34.03;1.49;1972;1161;1161;26;1135;58.87;2.24
81790;221501;2;Szkoła Podstawowa nr 2 84-240 Reda ul. A. Zawadzkiego 10;2167;651;651;11;640;30.04;1.69;1484;907;907;44;863;61.12;4.85
81791;221501;3;Szkoła Podstawowa nr 2 84-240 Reda ul. A. Zawadzkiego 10;2235;604;604;9;595;27.02;1.49;1634;1010;1010;16;994;61.81;1.58
81792;221501;4;Miejska Biblioteka Publiczna 84-240 Reda ul. H. Derdowskiego 3;1853;518;518;18;500;27.95;3.47;1867;992;992;24;968;53.13;2.42
81793;221501;5;Gimnazjum Nr 1 84-240 Reda ul. Łąkowa 36/38;1657;437;437;16;421;26.37;3.66;1738;960;960;29;931;55.24;3.02
81794;221501;6;Gimnazjum Nr 1 84-240 Reda ul. Łąkowa 36/38;1789;558;558;24;534;31.19;4.30;1725;1012;1012;18;994;58.67;1.78
81795;221501;7;Szkoła Podstawowa nr 5 84-240 Reda ul. Rekowska 36;1927;514;514;20;494;26.67;3.89;1891;978;978;48;930;51.72;4.91
81796;221501;8;Szkoła Podstawowa nr 3 84-240 Reda ul. Brzozowa 30;1750;474;474;10;464;27.09;2.11;1943;1146;1146;21;1125;58.98;1.83
81797;221501;9;Szkoła Podstawowa nr 3 84-240 Reda ul. Brzozowa 30;1796;470;470;28;442;26.17;5.96;1824;1020;1020;25;995;55.92;2.45
81798;221502;1;Szkoła Podstawowa Nr 1 84-230 Rumia ul. Kościelna 6;1725;590;590;9;581;34.20;1.53;1701;1102;1102;13;1089;64.79;1.18
81799;221502;2;Powiatowy Zespół Placówek Szkolno-Rewalidacyjno-Wychowawczych 84-230 Rumia ul. Sabata 12;1582;374;374;11;363;23.64;2.94;1579;742;742;25;717;46.99;3.37
81800;221502;3;Zespół Szkół Ponadgimnazjalnych Nr 2 (sala gimnastyczna) 84-230 Rumia ul. Grunwaldzka 57;1539;384;384;12;372;24.95;3.12;1563;794;795;21;773;50.80;2.64
81801;221502;4;Gimnazjum Nr 2 84-230 Rumia ul. Świętojańska 11;1888;650;650;22;628;34.43;3.38;1856;1177;1177;23;1154;63.42;1.95
81802;221502;5;Zespół Szkół Ponadgimnazjalnych Nr 1 84-230 Rumia ul. Starowiejska 4;1722;587;587;14;573;34.09;2.39;1678;992;992;22;970;59.12;2.22
81803;221502;6;Szkoła Podstawowa Nr 6 84-230 Rumia ul. Sienkiewicza 30;1625;555;555;11;544;34.15;1.98;1646;1030;1030;13;1017;62.58;1.26
81804;221502;7;Gimnazjum Nr 4 84-230 Rumia ul. Batorego 29;1685;576;576;30;546;34.18;5.21;1706;1015;1015;29;986;59.50;2.86
81805;221502;8;Gimnazjum Nr 1 84-230 Rumia ul. Rodziewiczówny 10;1825;653;653;12;641;35.78;1.84;1807;1079;1079;7;1072;59.71;0.65
81806;221502;9;Zespół Szkół Ogólnokształcących 84-230 Rumia ul. Stoczniowców 6;1831;605;605;18;587;33.04;2.98;1859;1119;1119;28;1091;60.19;2.50
81807;221502;10;„ISKIERKA” Przedszkole Niepubliczne 84-230 Rumia ul. Dokerów 5;2055;714;714;22;692;34.74;3.08;1952;1195;1195;34;1161;61.22;2.85
81808;221502;11;Ekologiczna Szkoła Społeczna 84-230 Rumia ul. Kujawska 8a;1863;674;674;19;655;36.18;2.82;1823;1135;1135;27;1108;62.26;2.38
81809;221502;12;Hala Widowiskowo-Sportowa 84-230 Rumia ul. Mickiewicza 49;1640;529;529;9;520;32.26;1.70;1714;1059;1059;14;1045;61.79;1.32
81810;221502;13;Szkoła Podstawowa Nr 10 84-230 Rumia ul. Górnicza 19;1791;660;660;19;641;36.85;2.88;1772;1064;1064;17;1047;60.05;1.60
81811;221502;14;Przedszkole Niepubliczne „JANOWIACZEK” 84-230 Rumia ul. Pomorska 27;1816;686;686;23;663;37.78;3.35;1742;1127;1127;19;1108;64.70;1.69
81812;221502;15;Szkoła Podstawowa Nr 1 (sala gimnastyczna) 84-230 Rumia ul. Kościelna 6;1525;461;461;3;458;30.23;0.65;1511;869;869;24;845;57.51;2.76
81813;221502;16;Gimnazjum Nr 2 (sala gimnastyczna) 84-230 Rumia ul. Świętojańska 11;1925;640;640;8;632;33.25;1.25;1900;1150;1150;14;1136;60.53;1.22
81814;221502;17;CARITAS Archidiecezji Gdańskiej - Centrum im. Św. s.Faustyny 84-230 Rumia ul. Księdza Lucjana Gierosa 8A;1624;537;537;17;520;33.07;3.17;1591;914;914;25;889;57.45;2.74
81815;221502;18;Szkoła Podstawowa Nr 1 (wejście od ul. Świętopełka) 84-230 Rumia ul. Kościelna 6;1551;437;437;11;426;28.18;2.52;1543;906;906;19;887;58.72;2.10
81816;221502;19;Zespół Szkół Ponadgimnzajalnych Nr 2 84-230 Rumia ul. Grunwaldzka 57;1729;494;494;10;484;28.57;2.02;1737;940;940;29;911;54.12;3.09
81817;221502;20;Szkoła Podstawowa Nr 6 84-230 Rumia ul. Sienkiewicza 30;1627;480;480;7;473;29.50;1.46;1672;995;995;22;973;59.51;2.21
81818;221502;21;Gimnazjum Nr 1 84-230 Rumia ul. Rodziewiczówny 10;1963;522;522;15;507;26.59;2.87;2026;1206;1206;33;1173;59.53;2.74
81819;221503;1;Świetlica Zakładu Energetycznego 84-200 Wejherowo ul. Przemysłowa 18;1814;443;443;15;428;24.42;3.39;1781;952;952;27;925;53.45;2.84
81820;221503;2;Przedszkole Samorządowe Nr 2 84-200 Wejherowo ul. Derdowskiego 1;1838;521;521;11;510;28.35;2.11;1826;1019;1019;23;996;55.81;2.26
81821;221503;3;Zespół Szkół Nr 3 84-200 Wejherowo ul. Nanicka 22;1848;644;644;18;626;34.85;2.80;1823;1080;1080;25;1055;59.24;2.31
81822;221503;4;Wejherowski Zarząd Nieruchomości Komunalnych (ZUK) 84-200 Wejherowo ul. Obrońców Helu 1;1849;547;547;8;539;29.58;1.46;1822;1054;1054;22;1032;57.85;2.09
81823;221503;5;Społeczna Szkoła Podstawowa Nr 1 i Gimnazjum Społeczne Nr 1 84-200 Wejherowo ul. Obrońców Wybrzeża 1;1952;602;602;11;591;30.84;1.83;1909;1140;1140;18;1122;59.72;1.58
81824;221503;6;Miejska Biblioteka Publiczna 84-200 Wejherowo ul. Kaszubska 14;1975;596;596;19;577;30.18;3.19;1935;1094;1094;24;1070;56.54;2.19
81825;221503;7;Przedszkole Niepubliczne „Bajka” 84-200 Wejherowo Osiedle Kaszubskie 28;1971;634;634;23;611;32.17;3.63;1985;1095;1095;24;1071;55.16;2.19
81826;221503;8;Zespół Szkół Ogólnokształcących Nr 2 84-200 Wejherowo Osiedle Kaszubskie 27;1733;489;489;11;478;28.22;2.25;1861;1033;1033;7;1026;55.51;0.68
81827;221503;9;Zespół Szkół Nr 2 84-200 Wejherowo Gdańska 30;1572;429;429;10;419;27.29;2.33;1532;834;834;21;813;54.44;2.52
81828;221503;10;Zespół Szkół Nr 2 84-200 Wejherowo ul. Gdańska 30;1874;528;529;12;516;28.18;2.27;1837;1056;1056;25;1031;57.49;2.37
81829;221503;11;Zespół Szkół Nr 2 84-200 Wejherowo ul. Gdańska 30;1731;315;315;8;307;18.20;2.54;1743;822;822;10;812;47.16;1.22
81830;221503;12;Zespół Szkół Nr 1 84-200 Wejherowo ul. Śmiechowska 36;1633;407;407;12;395;24.92;2.95;1643;855;855;12;843;52.04;1.40
81831;221503;13;Zespół Szkół Nr 1 84-200 Wejherowo ul. Śmiechowska 36;1812;547;547;18;529;30.19;3.29;1801;1046;1046;15;1031;58.08;1.43
81832;221503;14;Zespół Szkół Nr 1 84-200 Wejherowo ul. Śmiechowska 36;1615;353;353;7;346;21.86;1.98;1621;812;812;22;790;50.09;2.71
81833;221503;15;Muzeum Piśmiennictwa i Muzyki Kaszubsko- Pomorskiej 84-200 Wejherowo ul. Zamkowa 2A;1690;441;441;21;420;26.09;4.76;1584;768;768;21;747;48.48;2.73
81834;221503;16;Wejherowskie Towarzystwo Budownictwa Społecznego 84-200 Wejherowo ul. Parkowa 2A lokal: 20;1631;433;433;17;416;26.55;3.93;1570;739;739;17;722;47.07;2.30
81835;221503;17;Zespół Szkół Ponadgimnazjalnych Nr 2 84-200 Wejherowo ul. Strzelecka 9;1661;384;384;9;375;23.12;2.34;1634;743;743;25;718;45.47;3.36
81836;221503;18;Gimnazjum nr 1 84-200 Wejherowo ul. Sobieskiego 300;1681;443;443;1;442;26.35;0.23;1661;788;788;18;770;47.44;2.28
81837;221503;19;Zespół Szkół Ponadgimnazjalnych Nr 1 84-200 Wejherowo ul. Bukowa 1;1792;549;549;12;537;30.64;2.19;1748;1006;1006;25;981;57.55;2.49
81838;221503;20;Szkoła Podstawowa Nr 9 84-200 Wejherowo Osiedle 1000 lecia PP 15;1631;478;478;17;461;29.31;3.56;1616;858;858;12;846;53.09;1.40
81839;221503;21;Zasadnicza Szkoła Zawodowa Nr 5, Specjalny Ośrodek Szkolno-Wychowawczy Nr 1 84-200 Wejherowo ul. Sobieskiego 279;1719;495;495;13;482;28.80;2.63;1753;994;994;14;980;56.70;1.41
91248;221503;22;Areszt Śledczy 84-200 Wejherowo ul. Sobieskiego 302;336;102;102;11;91;30.36;10.78;354;181;181;28;153;51.13;15.47
91249;221503;23;Szpital Specjalistyczny 84-200 Wejherowo ul. Jagalskiego 10;202;11;11;0;11;5.45;0.00;268;70;70;1;69;26.12;1.43
91250;221503;24;Dom Pomocy Społecznej z Ośrodkiem Dziennego Pobytu dla Dzieci 84-200 Wejherowo ul. Św. Jacka 14;68;36;36;2;34;52.94;5.56;44;33;33;6;27;75.00;18.18
91251;221503;25;Dom Pomocy Społecznej 84-200 Wejherowo ul. Przebendowskiego 1;43;36;36;5;31;83.72;13.89;55;30;30;3;27;54.55;10.00
81840;221504;1;Zespół Szkół Stołówka szkolna 84-210 Choczewo ul. Szkolna 2;1110;249;249;7;242;22.43;2.81;1091;589;589;19;570;53.99;3.23
81841;221504;2;Zespół Szkół 84-210 Choczewo ul. Szkolna 2;1289;179;179;7;172;13.89;3.91;1280;418;418;23;395;32.66;5.50
81842;221504;3;Świetlica 84-210 Łętowo 2;505;60;60;4;56;11.88;6.67;501;131;131;14;117;26.15;10.69
81843;221504;4;Sala gimnastyczna byłej szkoły 84-210 Zwartowo 19b;567;60;60;14;46;10.58;23.33;567;172;172;17;155;30.34;9.88
81844;221504;5;Szkoła Podstawowa 84-210 Ciekocino 11;622;70;70;5;65;11.25;7.14;602;149;149;13;136;24.75;8.72
81845;221504;6;Budynek byłej szkoły 84-210 Sasino ul. Cisowa 6;400;69;69;8;61;17.25;11.59;388;154;154;13;141;39.69;8.44
91252;221504;7;Oddział Tymczasowego Zakwaterowania Skazanych 84-210 Zwartowo 25;24;24;24;9;15;100.00;37.50;30;30;30;5;25;100.00;16.67
81846;221505;1;Samorządowy Zespół Szkół 84-250 Gniewino Szkolna 1;1637;347;347;19;328;21.20;5.48;1654;715;715;29;686;43.23;4.06
81847;221505;2;Centrum Kultury,Sportu,Turystyki i Biblioteka 84-250 Gniewino Sportowa 1;764;123;123;3;120;16.10;2.44;767;308;308;11;297;40.16;3.57
81848;221505;3;Samorządowy Zespół Szkół 84-252 Kostkowo Księdza Galasa 1;1662;226;226;31;195;13.60;13.72;1676;581;581;32;549;34.67;5.51
81849;221505;4;Ochotnicza Straż Pożarna 84-250 Nadole Strażacka 20;560;120;120;2;118;21.43;1.67;282;163;163;2;161;57.80;1.23
81850;221505;5;Dom Sołecki 84-252 Rybno Dębowa 7;568;127;127;6;121;22.36;4.72;845;330;330;8;322;39.05;2.42
81851;221505;6;Dom Pomocy Społecznej 84-250 Strzebielinko, Strzebielinek 15;117;45;45;11;34;38.46;24.44;107;44;44;4;40;41.12;9.09
81852;221506;1;Zespół Szkół w Linii 84-223 Linia Szkolna 1;1451;294;294;16;278;20.26;5.44;1471;684;684;50;634;46.50;7.31
81853;221506;2;Zespół Szkół w Linii 84-223 Linia Szkolna 1;744;159;159;7;152;21.37;4.40;749;347;347;16;331;46.33;4.61
81854;221506;3;Zespół Szkół w Strzepczu 84-223 Strzepcz Heronima Derdowskiego 3;1772;336;336;9;327;18.96;2.68;1788;854;854;45;809;47.76;5.27
81855;221506;4;Szkoła Podstawowa w Niepoczołowicach 84-223 Niepoczołowice 29;512;152;152;3;149;29.69;1.97;528;289;289;10;279;54.73;3.46
81856;221507;1;Szkoła Podstawowa w Luzinie (nowa część szkoły) 84-242 Luzino ul. Szkolna 13;2038;574;574;24;550;28.16;4.18;2015;1142;1142;48;1094;56.67;4.20
81857;221507;2;Szkoła Podstawowa w Luzinie (stara część szkoły) 84-242 Luzino ul. Szkolna 13;1354;327;327;12;315;24.15;3.67;1361;749;749;26;723;55.03;3.47
81858;221507;3;Gimnazjum Publiczne w Luzinie 84-242 Luzino ul. Mickiewicza 22;2040;636;636;16;620;31.18;2.52;2116;1202;1202;31;1171;56.81;2.58
81859;221507;4;Szkoła Podstawowa w Wyszecinie 84-242 Wyszecino ul. Szkolna 2;1016;174;174;8;166;17.13;4.60;1025;394;394;23;371;38.44;5.84
81860;221507;5;Szkoła Podstawowa w Sychowie 84-242 Sychowo Szkolna 4;1532;226;226;8;218;14.75;3.54;1558;704;704;52;652;45.19;7.39
81861;221507;6;Szkoła Podstawowa w Kębłowie (budynek szkoły) 84-242 Kębłowo ul. Wiejska 49;1330;291;291;6;285;21.88;2.06;1376;680;680;39;641;49.42;5.74
81862;221507;7;Szkoła Podstawowa w Kębłowie (budynek sali gimnastycznej) 84-242 Kębłowo ul. Wiejska 49;1282;217;217;21;196;16.93;9.68;1325;575;575;22;553;43.40;3.83
81863;221508;1;Zespół Szkół w Bożympolu Wielkim 84-214 Bożepole Wielkie Szkolna 1;877;200;200;11;189;22.81;5.50;893;363;363;13;350;40.65;3.58
81864;221508;2;Zespół Szkół w Bożympolu Wielkim 84-214 Bożepole Wielkie Szkolna 1;1134;288;288;25;263;25.40;8.68;1132;527;527;21;506;46.55;3.98
81865;221508;3;Szkoła Podstawowa w Brzeźnie Lęborskim 84-213 Brzeźno Lęborskie 43a;671;93;93;5;88;13.86;5.38;665;210;210;7;203;31.58;3.33
81866;221508;4;Świetlica wiejska Kaczkowo 84-218 Kaczkowo 18A;779;116;116;3;113;14.89;2.59;776;275;275;11;264;35.44;4.00
81867;221508;5;Zespół Szkół w Łęczycach 84-218 Łęczyce Topolowa 1;575;85;85;1;84;14.78;1.18;565;212;212;3;209;37.52;1.42
81868;221508;6;Zespół Szkół w Łęczycach 84-218 Łęczyce Topolowa 1;1123;240;240;13;227;21.37;5.42;1136;507;507;19;488;44.63;3.75
81869;221508;7;Zespół Kształcenia i Wychowania w Rozłazinie 84-218 Rozłazino Długa 21;845;250;250;8;242;29.59;3.20;859;387;387;18;369;45.05;4.65
81870;221508;8;Świetlica wiejska Nawcz 84-218 Nawcz 34;458;142;142;10;132;31.00;7.04;462;203;203;9;194;43.94;4.43
81871;221508;9;Zespół Kształcenia i Wychowania w Strzebielinie Osiedlu 84-220 Strzebielino, Strzebielino-Osiedle M.C.Skłodowskiej 1;1280;284;284;1;283;22.19;0.35;1298;643;643;25;618;49.54;3.89
81872;221508;10;Zespół Kształcenia i Wychowania w Strzebielinie Osiedlu 84-220 Strzebielino, Strzebielino-Osiedle M.C. Skłodowskiej 1;1004;204;204;5;199;20.32;2.45;1007;482;482;18;464;47.86;3.73
81873;221509;1;Zespół Szkolno-Przedszkolny w Szemudzie 84-217 Szemud ul. Szkolna 4;1997;468;468;18;450;23.44;3.85;2035;1045;1045;48;997;51.35;4.59
81874;221509;2;Zespół Szkół w Kielnie 84-208 Kielno ul. Szkolna 4;2015;450;450;14;436;22.33;3.11;2090;1095;1095;65;1030;52.39;5.94
81875;221509;3;Szkoła Podstawowa w Łebnie 84-217 Łebno ul. Szkolna 1;1599;321;321;21;300;20.08;6.54;1619;729;729;45;684;45.03;6.17
81876;221509;4;Zespół Szkół w Bojanie 84-207 Bojano ul. Józefa Wybickiego 38;1983;689;689;21;668;34.75;3.05;2069;1281;1281;40;1241;61.91;3.12
81877;221509;5;Zespół Szkół w Kielnie 84-208 Kielno ul. Szkolna 4;854;230;230;2;228;26.93;0.87;903;522;522;19;503;57.81;3.64
81878;221509;6;Zespół Szkolno-Przedszkolny w Szemudzie 84-217 Szemud ul. Szkolna 4;2069;420;420;20;400;20.30;4.76;2126;1020;1020;61;959;47.98;5.98
81879;221509;7;Zespół Szkolno-Przedszkolny w Koleczkowie 84-207 Koleczkowo ul. Wejherowska 24;1084;333;333;9;324;30.72;2.70;1135;649;649;12;637;57.18;1.85
81880;221510;1;Samorządowa Szkoła Podstawowa w Bolszewie 84-239 Bolszewo ul. Szkolna 7;855;235;235;7;228;27.49;2.98;845;448;448;15;433;53.02;3.35
81881;221510;2;Samorządowa Szkoła Podstawowa w Bolszewie 84-239 Bolszewo ul. Szkolna 7;813;191;191;9;182;23.49;4.71;937;490;490;21;469;52.29;4.29
81882;221510;3;Samorządowa Szkoła Podstawowa w Bolszewie 84-239 Bolszewo ul. Szkolna 7;954;213;213;10;203;22.33;4.69;981;501;501;22;479;51.07;4.39
81883;221510;4;Samorządowe Gimnazjum w Bolszewie 84-239 Bolszewo ul. Leśna 35;822;215;215;8;207;26.16;3.72;828;493;493;12;481;59.54;2.43
81884;221510;5;Samorządowe Gimnazjum w Bolszewie 84-239 Bolszewo ul. Leśna 35;722;161;161;9;152;22.30;5.59;746;424;424;9;415;56.84;2.12
81885;221510;6;Samorządowe Gimnazjum w Bolszewie 84-239 Bolszewo ul. Leśna 35;552;135;135;17;118;24.46;12.59;572;316;316;20;296;55.24;6.33
81886;221510;7;Samorządowe Gimnazjum w Bolszewie 84-239 Bolszewo ul. Leśna 35;722;180;180;5;175;24.93;2.78;798;424;424;16;408;53.13;3.77
81887;221510;8;Dworek Drzewiarza Gościcino 84-241 Gościcino ul. Drzewiarza 2;743;129;129;6;123;17.36;4.65;736;334;334;13;321;45.38;3.89
81888;221510;9;Dworek Drzewiarza Gościcino 84-241 Gościcino ul. Drzewiarza 2;681;151;151;0;151;22.17;0.00;690;339;339;12;327;49.13;3.54
81889;221510;10;Samorządowa Szkoła Podstawowa w Gościcinie 84-241 Gościcino ul. Wejherowska 22;631;115;115;2;113;18.23;1.74;638;324;324;6;318;50.78;1.85
81890;221510;11;Samorządowa Szkoła Podstawowa w Gościcinie 84-241 Gościcino ul. Wejherowska 22;738;146;146;1;145;19.78;0.68;757;369;369;17;352;48.75;4.61
81891;221510;12;Samorządowa Szkoła Podstawowa w Gościcinie 84-241 Gościcino ul. Wejherowska 22;684;100;100;3;97;14.62;3.00;705;289;289;8;281;40.99;2.77
81892;221510;13;Samorządowa Szkoła Podstawowa w Gościcinie 84-241 Gościcino ul. Wejherowska 22;832;181;181;9;172;21.75;4.97;836;437;437;26;411;52.27;5.95
81893;221510;14;Samorządowa Szkoła Podstawowa w Orlu 84-252 Orle ul. Nadrzeczna 19;634;182;182;7;175;28.71;3.85;665;411;411;12;399;61.80;2.92
81894;221510;15;Samorządowa Szkoła Podstawowa w Orlu 84-252 Orle ul. Nadrzeczna 19;801;185;185;7;178;23.10;3.78;829;407;407;9;398;49.10;2.21
81895;221510;16;Samorządowa Szkoła Podstawowa w Gowinie 84-200 Małe Gowino ul. Wejherowska 60;1035;268;268;11;257;25.89;4.10;1088;594;594;22;572;54.60;3.70
81896;221510;17;Świetlica w budynku Agory Kąpino 84-200 Kąpino ul. Wiejska 29;703;233;233;9;224;33.14;3.86;736;447;447;6;441;60.73;1.34
81897;221510;18;Świetlica Wiejska Zbychowo 84-200 Zbychowo ul. Kamienna 2;896;243;243;11;232;27.12;4.53;924;501;501;22;479;54.22;4.39
81898;221510;19;Samorządowa Szkoła Podstawowa Gowino 84-200 Małe Gowino ul. Wejherowska 60;711;90;90;0;90;12.66;0.00;699;286;286;19;267;40.92;6.64
81899;221510;20;Samorządowa Szkoła Podstawowa Nowy Dwór Wejherowski 84-206 Nowy Dwór Wejherowski ul. Szkolna 1;1083;215;215;6;209;19.85;2.79;1080;512;512;16;496;47.41;3.12
81900;221510;21;Świetlica wiejska przy remizie OSP Kniewo 84-252 Kniewo ul. Aleja Lipowa 14;1017;206;206;10;196;20.26;4.85;1049;520;520;19;501;49.57;3.65
81901;221601;1;Szkoła Podstawowa im. Tysiąclecia Państwa Polskiego w Dzierzgoniu - budynek główny 82-440 Dzierzgoń ul. Krzywa 17;1533;260;260;16;244;16.96;6.15;1488;551;551;33;518;37.03;5.99
81902;221601;2;Sala Sportowa Zespołu Szkół im. K.C. Norwida w Dzierzgoniu 82-440 Dzierzgoń ul. Zawadzkiego 15;1442;248;248;11;237;17.20;4.44;1401;481;481;22;459;34.33;4.57
81903;221601;3;Świetlica Nowiec 82-440 Nowiec 6;248;27;27;2;25;10.89;7.41;247;62;62;1;61;25.10;1.61
81904;221601;4;Szkoła Podstawowa im. Świętego Wojciecha w Bągarcie 82-440 Bągart 3;321;47;47;7;40;14.64;14.89;310;122;122;6;116;39.35;4.92
81905;221601;5;Świetlica Jasna 80-440 Jasna 17;481;57;57;4;53;11.85;7.02;472;128;128;9;119;27.12;7.03
81906;221601;6;Świetlica Żulawka Sztumska 82-440 Żuławka Sztumska 25;360;48;48;3;45;13.33;6.25;364;142;142;12;130;39.01;8.45
81907;221601;7;Szkoła Podstawowa w Bruku - sala gimnastyczna 82-440 Bruk 1;402;53;53;5;48;13.18;9.43;389;105;105;7;98;26.99;6.67
81908;221601;8;Świetlica Ankamaty 82-440 Ankamaty 1;295;33;33;4;29;11.19;12.12;297;70;70;4;66;23.57;5.71
81909;221601;9;Świetlica Stanowo 82-440 Stanowo 1;387;42;42;1;41;10.85;2.38;380;115;115;10;105;30.26;8.70
81910;221601;10;Świetlica Tywęzy 82-440 Tywęzy 16;196;20;20;1;19;10.20;5.00;194;50;50;2;48;25.77;4.00
81911;221601;11;Świetlica Morany 82-440 Morany;260;32;32;3;29;12.31;9.38;257;78;78;5;73;30.35;6.41
81912;221601;12;Szkoła Podstawowa im. Tysiąclecia Państwa Polskiego w Dzierzgoniu Centrum sportowo-rekreacyjne 82-440 Dzierzgoń Krzywa 17;1625;269;269;15;254;16.55;5.58;1582;553;553;29;524;34.96;5.24
81913;221602;1;Zespół Szkół w Mikołajkach Pomorskich 82-433 Mikołajki Pomorskie Szreibera 10-12;1268;192;193;13;179;15.14;6.77;1263;542;542;32;510;42.91;5.90
81914;221602;2;Gminny Ośrodek Kultury w Mikołajkach Pomorskich 82-433 Mikołajki Pomorskie Szreibera 13;559;46;46;3;43;8.23;6.52;554;154;154;6;148;27.80;3.90
81915;221602;3;Świetlica Krasna Łąka 82-433 Krasna Łąka 28d;454;27;27;1;26;5.95;3.70;445;109;109;6;103;24.49;5.50
81916;221602;4;Świetlica Cieszymowo 82-433 Cieszymowo 1;611;40;40;1;39;6.55;2.50;609;104;104;7;97;17.08;6.73
81917;221603;1;Świetlica Wiejska 82-450 Stare Miasto 36;536;54;54;4;50;10.07;7.41;541;123;123;6;117;22.74;4.88
81918;221603;2;Gminny Ośrodek Kultury 82-450 Stary Dzierzgoń 22A;689;102;102;5;97;14.80;4.90;690;215;215;9;206;31.16;4.19
81919;221603;3;Publiczna Szkoła Podstawowa 82-450 Myślice 16;903;52;52;1;51;5.76;1.92;901;225;225;11;214;24.97;4.89
81920;221603;4;Świetlica Wiejska 82-450 Lubochowo 54A;550;75;75;9;66;13.64;12.00;531;112;112;10;102;21.09;8.93
81921;221603;5;Gimnazjum Publiczne im. Zygmunta Steinborn 82-450 Przezmark 32;606;64;64;2;62;10.56;3.12;596;165;165;10;155;27.68;6.06
81922;221604;1;Gminny Ośrodek Kultury 82-410 Stary Targ ul. 22 Lipca 1;918;135;135;4;131;14.71;2.96;924;324;324;16;308;35.06;4.94
81923;221604;2;Zespół Szkół w Starym Targu 82-410 Stary Targ Świerczewskiego 37A;1010;80;80;2;78;7.92;2.50;1012;229;229;5;224;22.63;2.18
81924;221604;3;Świetlica Wiejska 82-410 Waplewo Wielkie 18;898;127;127;12;115;14.14;9.45;874;240;240;16;224;27.46;6.67
81925;221604;4;Szkoła Podstawowa 82-410 Szropy 40;1017;102;102;11;91;10.03;10.78;1002;257;257;4;253;25.65;1.56
81926;221604;5;Remiza OSP 82-410 Dąbrówka Malborska 65;791;108;108;5;103;13.65;4.63;792;237;237;16;221;29.92;6.75
81927;221604;6;Świetlica Wiejska 82-410 Bukowo 9;409;40;40;6;34;9.78;15.00;408;153;153;14;139;37.50;9.15
81928;221605;1;Budynek po Szkołe Podstawowej w Piekle 82-400 Piekło 30;432;77;77;3;74;17.82;3.90;429;155;155;4;151;36.13;2.58
81929;221605;2;Zespół Szkół w Gościszewie 82-400 Gościszewo 75;1310;216;216;11;205;16.49;5.09;1323;522;522;27;495;39.46;5.17
81930;221605;3;Zespół Szkół w Czerninie 82-400 Czernin ul. Donimirskich 19;1708;253;253;17;236;14.81;6.72;1711;617;617;18;599;36.06;2.92
81931;221605;4;Szkoła Podstawowa w Nowej Wsi 82-400 Nowa Wieś 60;708;98;98;4;94;13.84;4.08;724;257;257;7;250;35.50;2.72
81932;221605;5;Biblioteka w Postolinie 82-400 Postolin 14B;499;44;44;4;40;8.82;9.09;505;137;137;3;134;27.13;2.19
81933;221605;6;Gimnazjum nr 1 w Sztumie 82-400 Sztum ul. Sienkiewicza 54;1403;281;281;16;265;20.03;5.69;1401;652;652;19;633;46.54;2.91
81934;221605;7;Szkoła Podstawowa Nr 2 w Sztumie 82-400 Sztum ul. Reja 15A;2143;460;460;18;442;21.47;3.91;2155;951;951;31;920;44.13;3.26
81935;221605;8;Biblioteka w Sztumie 82-400 Sztum ul. Mickiewicza 23;1071;203;203;8;195;18.95;3.94;1026;406;406;7;399;39.57;1.72
81936;221605;9;Siedziba Starostwa Powiatowego w Sztumie 82-400 Sztum ul. Mickiewicza 31;772;216;216;7;209;27.98;3.24;764;382;382;14;368;50.00;3.66
81937;221605;10;Urząd Stanu Cywilnego w Sztumie 82-400 Sztum ul. Mickiewicza 39;1753;377;377;26;351;21.51;6.90;1706;761;761;14;747;44.61;1.84
81938;221605;11;Zespół Szkół Zawodowych 82-400 Barlewiczki 13;1348;271;271;10;261;20.10;3.69;1327;576;576;24;552;43.41;4.17
81939;221605;12;Świetlica Straży Pożarnej w Sztumie 82-400 Sztum ul. Sienkiewicza 27;1242;258;258;16;242;20.77;6.20;1195;520;520;13;507;43.51;2.50
91253;221605;13;Szpital Polski Sztum 82-400 Sztum ul.Reja 12;175;33;33;1;32;18.86;3.03;223;51;51;2;49;22.87;3.92
91254;221605;14;Zakład Karny w Sztumie 82-400 Sztum ul.Nowowiejskiego 14;945;266;266;28;238;28.15;10.53;857;405;405;52;353;47.26;12.84
81940;226101;1;Szkoła Podstawowa Nr 20 80-509 Gdańsk, Brzeźno ul. Wczasy 3;1785;654;654;12;642;36.64;1.83;1733;1102;1102;12;1090;63.59;1.09
81941;226101;2;Projektornia Gdański Archipelag Kultury 80-506 Gdańsk, Brzeźno ul. Dworska 29A;1889;660;660;11;649;34.94;1.67;1808;1040;1040;18;1022;57.52;1.73
81942;226101;3;STOWARZYSZENIE SZKOŁY GEDANENSIS 80-506 Gdańsk, Brzeźno ul. Dworska 34;1593;449;449;13;436;28.19;2.90;1565;821;821;11;810;52.46;1.34
81943;226101;4;STOWARZYSZENIE SZKOŁY GEDANENSIS 80-506 Gdańsk, Brzeźno ul. Dworska 34;1776;520;520;10;510;29.28;1.92;1829;1009;1009;21;988;55.17;2.08
81944;226101;5;Zespół Szkół Ogólnokształcących i Zawodowych Nr 1 80-515 Gdańsk, Brzeźno ul. Krasickiego 10;1884;723;723;19;704;38.38;2.63;1845;1168;1168;11;1157;63.31;0.94
81945;226101;6;Zespół Szkół Ogólnokształcących i Zawodowych Nr 1 80-515 Gdańsk, Brzeźno ul. Krasickiego 10;1955;602;602;11;591;30.79;1.83;1890;1112;1112;21;1091;58.84;1.89
81946;226101;7;Zespół Szkół Morskich 80-537 Gdańsk, Nowy Port ul. Wyzwolenia 8;2284;727;727;18;709;31.83;2.48;2235;1333;1333;17;1316;59.64;1.28
81947;226101;8;Zespół Szkół Ogólnokształcących Nr 5 80-546 Gdańsk, Nowy Port ul. Na Zaspę 31A;1594;479;479;14;465;30.05;2.92;1577;879;879;12;867;55.74;1.37
81948;226101;9;Zespół Szkół Ogólnokształcących Nr 5 80-546 Gdańsk, Nowy Port ul. Na Zaspę 31A;1333;313;313;14;299;23.48;4.47;1292;611;611;18;593;47.29;2.95
81949;226101;10;Szkoła Podstawowa Nr 55 80-538 Gdańsk, Nowy Port ul. Wolności 6A;1601;330;330;15;315;20.61;4.55;1536;690;690;21;669;44.92;3.04
81950;226101;11;Szkoła Podstawowa Nr 55 80-538 Gdańsk, Nowy Port ul. Wolności 6A;1559;344;344;13;331;22.07;3.78;1521;717;717;15;702;47.14;2.09
81951;226101;12;Szkoła Podstawowa Nr 69 80-531 Gdańsk, Letnica ul. Sucha 29;1040;153;153;3;150;14.71;1.96;1014;389;389;10;379;38.36;2.57
81952;226101;13;Dom Sztuki - Gdański Archipelag Kultury 80-625 Gdańsk, Stogi ul. Stryjewskiego 25;2007;492;492;26;466;24.51;5.28;1956;967;967;25;942;49.44;2.59
81953;226101;14;Dom Sztuki - Gdański Archipelag Kultury 80-625 Gdańsk, Stogi ul. Stryjewskiego 25;1973;447;447;19;428;22.66;4.25;1914;927;927;11;916;48.43;1.19
81954;226101;15;Szkoła Podstawowa Nr 11 80-620 Gdańsk, Stogi ul. Stryjewskiego 28;1989;484;484;16;468;24.33;3.31;1935;924;924;20;904;47.75;2.16
81955;226101;16;Szkoła Podstawowa Nr 11 80-620 Gdańsk, Stogi ul. Stryjewskiego 28;1758;402;402;18;384;22.87;4.48;1724;855;855;19;836;49.59;2.22
81956;226101;17;Gimnazjum Nr 11 80-627 Gdańsk, Stogi ul. Kłosowa 3;1841;496;496;13;483;26.94;2.62;1797;980;980;23;957;54.54;2.35
81957;226101;18;Szkoła Podstawowa Nr 61 80-605 Gdańsk, Przeróbka ul. Sienna 26;1768;456;456;9;447;25.79;1.97;1712;836;836;17;819;48.83;2.03
81958;226101;19;Szkoła Podstawowa Nr 61 80-605 Gdańsk, Przeróbka ul. Sienna 26;1948;588;588;33;555;30.18;5.61;1885;993;994;20;973;52.68;2.01
81959;226101;20;Szkoła Podstawowa Nr 62 80-635 Gdańsk, Krakowiec ul. Kępna 38;1547;314;314;8;306;20.30;2.55;1493;708;708;28;680;47.42;3.95
81960;226101;21;Zespół Kształcenia Podstawowego i Przedszkolnego Nr 1 80-680 Gdańsk, Wyspa Sobieszewska ul. Tęczowa 6;1171;315;315;4;311;26.90;1.27;1167;619;619;9;610;53.04;1.45
81961;226101;22;Zespół Kształcenia Podstawowego i Gimnazjalnego Nr 25 80-690 Gdańsk, Wyspa Sobieszewska ul. Boguckiego 44;1520;346;346;10;336;22.76;2.89;1504;727;727;16;711;48.34;2.20
81962;226101;23;Szkoła Podstawowa Nr 29 80-717 Gdańsk, Rudniki ul. Miałki Szlak 74;1080;199;199;7;192;18.43;3.52;1064;424;424;9;415;39.85;2.12
81963;226101;24;Zespół Szkół Samochodowych 80-724 Gdańsk, Śródmieście ul. Elbląska 54/64;631;148;148;9;139;23.45;6.08;620;278;278;3;275;44.84;1.08
81964;226101;25;Szkoła Podstawowa Nr 59 80-736 Gdańsk, Olszynka ul. Modra 2;1929;403;403;8;395;20.89;1.99;1902;924;924;13;911;48.58;1.41
81965;226101;26;Zespół Kształcenia Podstawowego i Gimnazjalnego Nr 5 80-037 Gdańsk, Orunia ul. Małomiejska 8A;1615;324;324;10;314;20.06;3.09;1561;577;577;14;563;36.96;2.43
81966;226101;27;Zespół Kształcenia Podstawowego i Gimnazjalnego Nr 5 80-037 Gdańsk, Orunia ul. Małomiejska 8A;1581;502;502;20;482;31.75;3.98;1531;844;844;11;833;55.13;1.30
81967;226101;28;Zespół Kształcenia Podstawowego i Gimnazjalnego Nr 5 80-037 Gdańsk, Orunia ul. Małomiejska 8A;1545;454;454;9;445;29.39;1.98;1504;813;813;9;804;54.06;1.11
81968;226101;29;Szkoła Podstawowa Nr 16 80-052 Gdańsk, Orunia ul. Ubocze 3;1200;203;203;6;197;16.92;2.96;1102;435;435;15;420;39.47;3.45
81969;226101;30;Szkoła Podstawowa Nr 16 80-052 Gdańsk, Orunia ul. Ubocze 3;959;194;194;10;184;20.23;5.15;984;419;419;10;409;42.58;2.39
81970;226101;31;Gimnazjum Nr 10 80-032 Gdańsk, Orunia ul. Gościnna 17;1472;278;278;12;266;18.89;4.32;1501;638;638;23;615;42.50;3.61
81971;226101;32;Centrum Kształcenia Zawodowego i Ustawicznego Nr 2 80-058 Gdańsk, Orunia ul. Smoleńska 5/7;1164;314;314;5;309;26.98;1.59;1117;558;558;12;546;49.96;2.15
81972;226101;33;Centrum Kształcenia Zawodowego i Ustawicznego Nr 2 80-058 Gdańsk, Orunia ul. Smoleńska 5/7;1246;265;265;6;259;21.27;2.26;1235;567;567;16;551;45.91;2.82
81973;226101;34;Przedszkole Nr 24 80-001 Gdańsk, Orunia Trakt Św. Wojciecha 320;858;241;241;2;239;28.09;0.83;832;408;408;17;391;49.04;4.17
81974;226101;35;Szkoła Podstawowa Nr 40 80-012 Gdańsk, Św.Wojciech ul. Stroma 19;698;243;243;5;238;34.81;2.06;703;399;399;7;392;56.76;1.75
81975;226101;36;I Liceum Ogólnokształcące 80-855 Gdańsk, Śródmieście ul. Wały Piastowskie 6;1442;433;433;5;428;30.03;1.15;1408;758;758;14;744;53.84;1.85
81976;226101;37;Ogólnokształcąca Szkoła Muzyczna I i II Stopnia 80-847 Gdańsk, Śródmieście ul. Gnilna 3;1004;416;416;6;410;41.43;1.44;985;633;633;6;627;64.26;0.95
81977;226101;38;Nadbałtyckie Centrum Kultury 80-851 Gdańsk, Śródmieście ul. Korzenna 33/35;1015;427;427;7;420;42.07;1.64;1036;665;665;5;660;64.19;0.75
81978;226101;39;Zespół Szkół Łączności 80-845 Gdańsk, Śródmieście ul. Podwale Staromiejskie 51/52;1521;498;498;12;486;32.74;2.41;1494;836;836;12;824;55.96;1.44
81979;226101;40;Szkoła Podstawowa Nr 50 80-837 Gdańsk, Śródmieście ul. Grobla IV 8;1362;530;530;6;524;38.91;1.13;1302;777;777;6;771;59.68;0.77
81980;226101;41;Szkoła Podstawowa Nr 50 80-837 Gdańsk, Śródmieście ul. Grobla IV 8;1368;465;465;6;459;33.99;1.29;1301;816;816;8;808;62.72;0.98
81981;226101;42;Pałac Młodzieży 80-826 Gdańsk, Śródmieście ul. Ogarna 56;1670;629;629;20;609;37.66;3.18;1581;953;953;5;948;60.28;0.52
81982;226101;43;Centrum Kształcenia Ustawicznego 80-819 Gdańsk, Śródmieście ul. Augustyńskiego 1;1314;392;392;5;387;29.83;1.28;1287;681;681;8;673;52.91;1.17
81983;226101;44;Bursa Gdańska 80-880 Gdańsk, Śródmieście ul. Lastadia 41;990;342;342;4;338;34.55;1.17;970;573;573;6;567;59.07;1.05
81984;226101;45;Szkoła Podstawowa Nr 65 80-770 Gdańsk, Śródmieście ul. Śluza 6;1478;393;393;10;383;26.59;2.54;1403;714;714;9;705;50.89;1.26
81985;226101;46;Szkoła Podstawowa Nr 65 80-770 Gdańsk, Śródmieście ul. Śluza 6;1768;368;368;21;347;20.81;5.71;1730;766;766;19;747;44.28;2.48
81986;226101;47;Szkoła Podstawowa Nr 4 80-769 Gdańsk, Śródmieście ul. Łąkowa 61;1739;429;429;17;412;24.67;3.96;1690;771;771;11;760;45.62;1.43
81987;226101;48;Oświata-Lingwista Nadbałtyckie Centrum Edukacji Sp. z o.o. 80-753 Gdańsk, Śródmieście ul. Św. Barbary 1;1616;454;454;15;439;28.09;3.30;1572;833;833;15;818;52.99;1.80
81988;226101;49;Szkoły Ekonomiczno-Handlowe 80-753 Gdańsk, Śródmieście ul. Seredyńskiego 1A;1627;504;504;8;496;30.98;1.59;1537;836;836;11;825;54.39;1.32
81989;226101;50;Zespół Szkół Ogólnokształcących Nr 6 80-759 Gdańsk, Śródmieście ul. Głęboka 11;1291;420;420;7;413;32.53;1.67;1254;735;735;12;723;58.61;1.63
81990;226101;51;Urząd Miejski w Gdańsku 80-802 Gdańsk, Śródmieście ul. 3 Maja 9;869;170;170;6;164;19.56;3.53;843;388;388;6;382;46.03;1.55
81991;226101;52;Szkoła Podstawowa Nr 21 80-811 Gdańsk, Śródmieście ul. Na Stoku 43;1851;477;477;10;467;25.77;2.10;1797;856;856;18;838;47.63;2.10
81992;226101;53;Zespół Kształcenia Podstawowego i Gimnazjalnego Nr 4 80-180 Gdańsk, Łostowice ul. Wielkopolska 20;2058;721;721;10;711;35.03;1.39;2262;1479;1479;7;1472;65.38;0.47
81993;226101;54;Zespół Kształcenia Podstawowego i Gimnazjalnego Nr 4 80-180 Gdańsk, Łostowice ul. Wielkopolska 20;1014;296;296;2;294;29.19;0.68;1013;530;530;7;523;52.32;1.32
81994;226101;55;Szkoła Podstawowa Nr 12 80-180 Gdańsk, Łostowice ul. Człuchowska 6;1623;576;576;7;569;35.49;1.22;1709;1141;1141;8;1133;66.76;0.70
81995;226101;56;Szkoła Podstawowa Nr 12 80-180 Gdańsk, Łostowice ul. Człuchowska 6;1432;518;518;9;509;36.17;1.74;1656;1064;1064;7;1057;64.25;0.66
81996;226101;57;Szkoła Podstawowa Nr 12 80-180 Gdańsk, Łostowice ul. Człuchowska 6;1819;629;629;14;615;34.58;2.23;1876;1264;1264;6;1258;67.38;0.47
81997;226101;58;Szkoła Podstawowa Nr 12 80-180 Gdańsk, Łostowice ul. Człuchowska 6;2140;650;650;7;643;30.37;1.08;2207;1296;1296;8;1288;58.72;0.62
81998;226101;59;Spółdzielnia Mieszkaniowa „Ujeścisko” 80-180 Gdańsk, Łostowice ul. Płocka 6;2288;949;949;13;936;41.48;1.37;2406;1704;1704;23;1681;70.82;1.35
81999;226101;60;Przedszkole „Słoneczna Kraina” 80-180 Gdańsk, Łostowice ul. Lubelska 3A;802;220;220;2;218;27.43;0.91;916;528;528;6;522;57.64;1.14
82000;226101;61;Gimnazjum Nr 48 80-177 Gdańsk, Jasień ul. Stolema 59;1813;668;668;5;663;36.85;0.75;2210;1513;1513;14;1499;68.46;0.93
82001;226101;62;Zespół Kształcenia Podstawowego i Gimnazjalnego Nr 4 80-180 Gdańsk, Łostowice ul. Wielkopolska 20;1578;387;387;8;379;24.52;2.07;1673;909;909;7;902;54.33;0.77
82002;226101;63;Zespół Kształcenia Podstawowego i Gimnazjalnego Nr 4 80-180 Gdańsk, Łostowice ul. Wielkopolska 20;1717;420;420;5;415;24.46;1.19;2002;1148;1148;7;1141;57.34;0.61
82003;226101;64;Zespół Kształcenia Podstawowego i Gimnazjalnego Nr 4 80-180 Gdańsk, Łostowice ul. Wielkopolska 20;1616;542;542;6;536;33.54;1.11;1780;1213;1213;6;1207;68.15;0.49
82004;226101;65;Zespół Kształcenia Podstawowego i Gimnazjalnego Nr 6 80-041 Gdańsk, Chełm ul. Hoene 6;2030;834;834;10;824;41.08;1.20;2005;1341;1341;12;1329;66.88;0.89
82005;226101;66;Zespół Kształcenia Podstawowego i Gimnazjalnego Nr 6 80-041 Gdańsk, Chełm ul. Hoene 6;1918;812;812;9;803;42.34;1.11;1977;1365;1365;9;1356;69.04;0.66
82006;226101;67;Zespół Kształcenia Podstawowego i Gimnazjalnego Nr 6 80-041 Gdańsk, Chełm ul. Hoene 6;2121;841;841;14;827;39.65;1.66;2143;1484;1484;7;1477;69.25;0.47
82007;226101;68;Zespół Kształcenia Podstawowego i Gimnazjalnego Nr 6 80-041 Gdańsk, Chełm ul. Hoene 6;1927;758;758;14;744;39.34;1.85;1974;1383;1383;10;1373;70.06;0.72
82008;226101;69;Zespół Kształcenia Podstawowego i Gimnazjalnego Nr 6 80-041 Gdańsk, Chełm ul. Hoene 6;1719;634;634;7;627;36.88;1.10;1786;1246;1246;13;1233;69.76;1.04
82009;226101;70;Morskie Przedszkole Niepubliczne 80-809 Gdańsk, Chełm ul. Rogalińska 17;1750;613;613;5;608;35.03;0.82;1909;1341;1341;13;1328;70.25;0.97
82010;226101;71;Morskie Przedszkole Niepubliczne 80-809 Gdańsk, Chełm ul. Rogalińska 17;1929;596;596;5;591;30.90;0.84;2131;1252;1252;15;1237;58.75;1.20
82011;226101;72;Szkoła Podstawowa Nr 47 80-808 Gdańsk, Chełm ul. Reformacka 18;1520;471;471;11;460;30.99;2.34;1559;872;872;12;860;55.93;1.38
82012;226101;73;Szkoła Podstawowa Nr 47 80-808 Gdańsk, Chełm ul. Reformacka 18;1562;555;556;4;551;35.53;0.72;1545;928;928;14;914;60.06;1.51
82013;226101;74;Przedszkole Niepubliczne „RADOSNY ZAKĄTEK” 80-807 Gdańsk, Chełm ul. Chałubińskiego 18;1851;671;671;12;659;36.25;1.79;1780;1167;1167;18;1149;65.56;1.54
82014;226101;75;Zespół Szkół Ogólnokształcących Nr 7 80-807 Gdańsk, Chełm ul. Chałubińskiego 13;1772;665;665;13;652;37.53;1.95;1736;1074;1074;16;1058;61.87;1.49
82015;226101;76;Zespół Szkół Ogólnokształcących Nr 7 80-807 Gdańsk, Chełm ul. Chałubińskiego 13;2079;828;828;8;820;39.83;0.97;2034;1371;1371;16;1355;67.40;1.17
82016;226101;77;Zespół Szkół Ogólnokształcących Nr 7 80-807 Gdańsk, Chełm ul. Chałubińskiego 13;1560;646;646;9;637;41.41;1.39;1583;1146;1146;7;1139;72.39;0.61
82017;226101;78;Szkoła Podstawowa Nr 8 80-807 Gdańsk, Chełm ul. Dragana 22;2357;880;880;26;854;37.34;2.95;2297;1429;1429;16;1413;62.21;1.12
82018;226101;79;Szkoła Podstawowa Nr 8 80-807 Gdańsk, Chełm ul. Dragana 22;2210;836;836;15;821;37.83;1.79;2131;1420;1420;13;1407;66.64;0.92
82019;226101;80;Szkoła Podstawowa Nr 8 80-807 Gdańsk, Chełm ul. Dragana 2;2373;890;890;23;867;37.51;2.58;2340;1539;1539;26;1513;65.77;1.69
82020;226101;81;Szkoła Podstawowa Nr 8 80-807 Gdańsk, Chełm ul. Dragana 2;2240;782;782;19;763;34.91;2.43;2207;1428;1428;13;1415;64.70;0.91
82021;226101;82;Szkoła Podstawowa Nr 85 80-177 Gdańsk, Jasień ul. Stolema 59;1917;729;729;8;721;38.03;1.10;1765;1222;1222;6;1216;69.24;0.49
82022;226101;83;Szkoła Podstawowa Nr 85 80-177 Gdańsk, Jasień ul. Stolema 59;2210;524;524;4;520;23.71;0.76;2403;1392;1392;13;1379;57.93;0.93
82023;226101;84;Szkoła Podstawowa Nr 85 80-177 Gdańsk, Jasień ul. Stolema 59;2194;955;955;18;937;43.53;1.88;1941;1371;1371;19;1352;70.63;1.39
82024;226101;85;Szkoła Podstawowa Nr 85 80-177 Gdańsk, Jasień ul. Stolema 59;2188;956;956;10;946;43.69;1.05;1978;1340;1340;17;1323;67.75;1.27
82025;226101;86;Szkoła Podstawowa Nr 8 80-807 Gdańsk, Chełm ul. Dragana 2;2137;1021;1021;10;1011;47.78;0.98;1718;1048;1048;5;1043;61.00;0.48
82026;226101;87;Szkolne Schronisko Młodzieżowe Filia 80-122 Gdańsk, Siedlce ul. Kartuska 245B;1957;567;567;12;555;28.97;2.12;2104;1540;1540;10;1530;73.19;0.65
82027;226101;88;Szkoła Podstawowa Nr 14 80-104 Gdańsk, Siedlce ul. Kartuska 126A;1322;411;411;6;405;31.09;1.46;1959;1141;1141;9;1132;58.24;0.79
82028;226101;89;Szkoła Podstawowa Nr 14 80-104 Gdańsk, Siedlce ul. Kartuska 126A;1631;535;535;13;522;32.80;2.43;1298;687;687;8;679;52.93;1.16
82029;226101;90;Szkoła Podstawowa Nr 58 80-145 Gdańsk, Siedlce ul. Skarpowa 3;2058;739;739;19;720;35.91;2.57;1596;965;965;15;950;60.46;1.55
82030;226101;91;Szkoła Podstawowa Nr 58 80-145 Gdańsk, Siedlce ul. Skarpowa 3;1877;637;637;9;628;33.94;1.41;2037;1232;1232;19;1213;60.48;1.54
82031;226101;92;Gimnazjum Nr 2 80-104 Gdańsk, Siedlce ul. Kartuska 32/34;1717;610;610;9;601;35.53;1.48;1833;1033;1033;10;1023;56.36;0.97
82032;226101;93;Scena Muzyczna Gdański Archipelag Kultury 80-152 Gdańsk, Siedlce ul.Powstańców Warszawskich 25;839;233;233;2;231;27.77;0.86;1792;1086;1086;9;1077;60.60;0.83
82033;226101;94;Gdański Zarząd Nieruchomości Komunalnych 80-171 Gdańsk, Suchanino ul. Cygańska Góra 1;1443;511;511;19;492;35.41;3.72;848;460;460;4;456;54.25;0.87
82034;226101;95;Gimnazjum Nr 29 80-171 Gdańsk, Suchanino ul. Beethovena 20;1489;601;601;13;588;40.36;2.16;1418;910;910;21;889;64.17;2.31
82035;226101;96;Gimnazjum Nr 29 80-171 Gdańsk, Suchanino ul. Beethovena 20;1394;543;543;12;531;38.95;2.21;1476;948;948;7;941;64.23;0.74
82036;226101;97;Szkoła Podstawowa Nr 42 80-169 Gdańsk, Suchanino ul. Czajkowskiego 1;1705;620;620;15;605;36.36;2.42;1386;897;897;10;887;64.72;1.11
82037;226101;98;Szkoła Podstawowa Nr 42 80-169 Gdańsk, Suchanino ul. Czajkowskiego 1;1535;642;643;12;630;41.82;1.87;1701;1054;1054;21;1033;61.96;1.99
82038;226101;99;Szkoła Podstawowa Nr 42 80-169 Gdańsk, Suchanino ul. Czajkowskiego 1;1558;637;637;4;633;40.89;0.63;1529;965;965;11;954;63.11;1.14
82039;226101;100;Zespół Kształcenia Podstawowego i Gimnazjalnego Nr 20 80-286 Gdańsk, Piecki-Migowo ul. Gojawiczyńskiej 10;1856;825;825;8;817;44.45;0.97;1550;995;995;9;986;64.19;0.90
82040;226101;101;Zespół Kształcenia Podstawowego i Gimnazjalnego Nr 20 80-286 Gdańsk, Piecki-Migowo ul. Gojawiczyńskiej 10;1339;584;584;9;575;43.61;1.54;1832;1248;1248;6;1242;68.12;0.48
82041;226101;102;Zespół Kształcenia Podstawowego i Gimnazjalnego Nr 20 80-286 Gdańsk, Piecki-Migowo ul. Gojawiczyńskiej 10;1694;783;783;13;770;46.22;1.66;1292;863;863;6;857;66.80;0.70
82042;226101;103;XX Liceum Ogólnokształcące 80-286 Gdańsk, Piecki-Migowo ul. Dobrowolskiego 6;1955;736;736;8;728;37.65;1.09;1689;1158;1158;8;1150;68.56;0.69
82043;226101;104;Zespół Kształcenia Podstawowego i Gimnazjalnego Nr 21 80-288 Gdańsk, Piecki-Migowo ul. Marusarzówny 10;2276;875;875;10;865;38.44;1.14;2073;1355;1355;12;1343;65.36;0.89
82044;226101;105;Zespół Kształcenia Podstawowego i Gimnazjalnego Nr 21 80-288 Gdańsk, Piecki-Migowo ul. Marusarzówny 10;2287;887;887;14;873;38.78;1.58;2134;1558;1558;9;1549;73.01;0.58
82045;226101;106;Zespół Kształcenia Podstawowego i Gimnazjalnego Nr 21 80-288 Gdańsk, Piecki-Migowo ul. Marusarzówny 10;2298;947;947;11;936;41.21;1.16;2268;1550;1550;14;1536;68.34;0.90
82046;226101;107;Zespół Kształcenia Podstawowego i Gimnazjalnego Nr 21 80-288 Gdańsk, Piecki-Migowo ul. Marusarzówny 10;2282;923;923;19;904;40.45;2.06;2272;1537;1537;15;1522;67.65;0.98
82047;226101;108;Zespół Kształcenia Podstawowego i Gimnazjalnego Nr 21 80-288 Gdańsk, Piecki-Migowo ul. Marusarzówny 10;2025;819;819;15;804;40.44;1.83;2486;1645;1645;13;1632;66.17;0.79
82048;226101;109;Niepubliczny Zakład Opieki Zdrowotnej „PRZYCHODNIA MORENA” Sp. z o.o. 80-286 Gdańsk, Piecki-Migowo ul. Jaśkowa Dolina 105;1925;774;774;13;761;40.21;1.68;2396;1643;1643;14;1629;68.57;0.85
82049;226101;110;Scena Muzyczna Gdański Archipelag Kultury 80-152 Gdańsk, Siedlce ul. Powstańców Warszawskich 25;1947;870;870;7;863;44.68;0.80;1935;1339;1339;19;1320;69.20;1.42
82050;226101;111;Szkoła Podstawowa Nr 15 80-214 Gdańsk, Aniołki ul. Smoluchowskiego 11;944;327;327;6;321;34.64;1.83;1925;1340;1340;9;1331;69.61;0.67
82051;226101;112;Szkoła Podstawowa Nr 15 80-214 Gdańsk, Aniołki ul. Smoluchowskiego 13;1012;336;336;2;334;33.20;0.60;981;531;531;7;524;54.13;1.32
82052;226101;113;Szkoła Podstawowa Nr 69 80-869 Gdańsk, Młyniska ul. Zielony Trójkąt 1;1627;584;584;9;575;35.89;1.54;992;529;529;3;526;53.33;0.57
82053;226101;114;Szkoła Podstawowa Nr 69 80-869 Gdańsk, Młyniska ul. Zielony Trójkąt 1;993;259;259;8;251;26.08;3.09;1594;952;953;18;934;59.72;1.89
82054;226101;115;Zespół Kształcenia Podstawowego i Gimnazjalnego Nr 24 80-281 Gdańsk, Brętowo ul. Leśna Góra 2;2413;1055;1057;12;1043;43.72;1.14;967;487;487;14;473;50.36;2.87
82055;226101;116;Zespół Kształcenia Podstawowego i Gimnazjalnego Nr 24 80-281 Gdańsk, Brętowo ul. Leśna Góra 2;2272;868;868;15;853;38.20;1.73;2348;1595;1595;12;1583;67.93;0.75
82056;226101;117;Szkoły im. Św. Jana de La Salle 80-281 Gdańsk, Brętowo ul. Słowackiego 101;1539;665;665;10;655;43.21;1.50;2240;1412;1412;15;1397;63.04;1.06
82057;226101;118;Szkoła Podstawowa Nr 27 80-282 Gdańsk, Wrzeszcz Górny ul. Srebrniki 10;1880;797;797;17;780;42.39;2.13;1567;1043;1043;4;1039;66.56;0.38
82058;226101;119;Szkoła Podstawowa Nr 39 80-259 Gdańsk, Wrzeszcz Górny ul. Obywatelska 1;1880;592;592;9;583;31.49;1.52;1871;1226;1226;9;1217;65.53;0.73
82059;226101;120;Szkoła Podstawowa Nr 39 80-259 Gdańsk, Wrzeszcz Górny ul. Obywatelska 1;1984;703;703;15;688;35.43;2.13;2258;1268;1268;13;1255;56.16;1.03
82060;226101;121;III Liceum Ogólnokształcące 80-255 Gdańsk, Wrzeszcz Górny ul. Topolowa 7;1633;738;738;15;723;45.19;2.03;2032;1239;1239;20;1219;60.97;1.61
82061;226101;122;Szkoła Podstawowa Nr 45 80-251 Gdańsk, Wrzeszcz Górny ul. Matki Polki 3A;682;252;252;4;248;36.95;1.59;1591;1074;1074;7;1067;67.50;0.65
82062;226101;123;Zarząd Dróg i Zieleni 80-254 Gdańsk, Wrzeszcz Górny ul. Partyzantów 36;1472;494;494;6;488;33.56;1.21;2020;1166;1166;9;1157;57.72;0.77
82063;226101;124;Zakład Komunikacji Miejskiej Sp. z o.o. 80-252 Gdańsk, Wrzeszcz Górny ul. Jaśkowa Dolina 2;1651;576;576;6;570;34.89;1.04;1435;808;808;10;798;56.31;1.24
82064;226101;125;Polska Akademia Nauk Oddział w Gdańsku 80-286 Gdańsk, Wrzeszcz Górny ul. Jaśkowa Dolina 31;1739;725;725;13;712;41.69;1.79;1653;971;971;7;964;58.74;0.72
82065;226101;126;Gimnazjum Nr 26 80-226 Gdańsk, Wrzeszcz Górny ul. Traugutta 92;1337;465;465;6;459;34.78;1.29;1698;1076;1076;9;1067;63.37;0.84
82066;226101;127;Pomorskie Szkoły Rzemiosł 80-216 Gdańsk, Wrzeszcz Górny ul. Sobieskiego 90;830;383;383;1;382;46.14;0.26;1311;745;745;15;730;56.83;2.01
82067;226101;128;Szkoły Okrętowe i Ogólnokształcące „CONRADINUM” 80-218 Gdańsk, Wrzeszcz Górny ul. Piramowicza 1/2;1239;412;412;11;401;33.25;2.67;797;523;523;5;518;65.62;0.96
82068;226101;129;Szkoła Podstawowa Nr 17 80-239 Gdańsk, Wrzeszcz Górny ul. Czarnieckiego 2;1593;576;576;7;569;36.16;1.22;1205;689;689;6;683;57.18;0.87
82069;226101;130;Gdańskie Przedsiębiorstwo Energetyki Cieplnej Sp. z o.o. 80-243 Gdańsk, Wrzeszcz Górny ul. Brzozowa 8;1785;555;555;9;546;31.09;1.62;1581;946;946;9;937;59.84;0.95
82070;226101;131;Centrum Kształcenia Zawodowego i Ustawicznego Nr 1 80-426 Gdańsk, Wrzeszcz Dolny al. Hallera 16/18;1181;387;387;8;379;32.77;2.07;1144;663;663;7;656;57.95;1.06
82071;226101;132;Centrum Kształcenia Zawodowego i Ustawicznego Nr 1 80-426 Gdańsk, Wrzeszcz Dolny al. Hallera 16/18;1289;456;456;5;451;35.38;1.10;1258;741;741;8;733;58.90;1.08
82072;226101;133;WINDA - Gdański Archipelag Kultury 80-406 Gdańsk, Wrzeszcz Dolny ul. Racławicka 17;1610;566;566;8;558;35.16;1.41;1542;901;901;20;881;58.43;2.22
82073;226101;134;Szkoła Podstawowa Nr 52 80-427 Gdańsk, Wrzeszcz Dolny ul. Kościuszki 111;1990;683;683;16;667;34.32;2.34;1960;1193;1193;14;1179;60.87;1.17
82074;226101;135;Szkoła Podstawowa Nr 52 80-427 Gdańsk, Wrzeszcz Dolny ul. Kościuszki 111;2025;661;661;13;648;32.64;1.97;2001;1180;1180;19;1161;58.97;1.61
82075;226101;136;Gimnazjum Nr 12 80-409 Gdańsk, Wrzeszcz Dolny ul. Wrzeszczańska 29;1890;718;718;19;699;37.99;2.65;1850;1110;1110;18;1092;60.00;1.62
82076;226101;137;Szkoła Podstawowa Nr 24 80-419 Gdańsk, Wrzeszcz Dolny ul. Lilli Wenedy 19;1687;667;667;8;659;39.54;1.20;1656;1007;1007;11;996;60.81;1.09
82077;226101;138;Ogólnokształcąca Szkoła Baletowa 80-441 Gdańsk, Wrzeszcz Dolny al. Legionów 3;1718;603;603;15;588;35.10;2.49;1704;1011;1011;6;1005;59.33;0.59
82078;226101;139;Zespół Szkół Gastronomiczno-Hotelarskich 80-441 Gdańsk, Wrzeszcz Dolny al. Legionów 7;1851;507;527;13;494;27.39;2.56;1776;921;921;22;899;51.86;2.39
82079;226101;140;Szkoła Podstawowa Nr 49 80-441 Gdańsk, Wrzeszcz Dolny al. Legionów 11;1822;649;649;20;629;35.62;3.08;1767;1069;1069;9;1060;60.50;0.84
82080;226101;141;XIX Liceum Ogólnokształcące 80-445 Gdańsk, Wrzeszcz Dolny ul. Pestalozziego 11/13;1755;580;580;9;571;33.05;1.55;1672;967;967;13;954;57.83;1.34
82081;226101;142;II Liceum Ogólnokształcące 80-445 Gdańsk, Wrzeszcz Dolny ul. Pestalozziego 7/9;1651;501;501;11;490;30.35;2.20;1605;874;874;12;862;54.45;1.37
82082;226101;143;IX Liceum Ogólnokształcące 80-271 Gdańsk, Strzyża ul. Wilka-Krzyżanowskiego 8;1122;491;491;8;483;43.76;1.63;1116;783;783;13;770;70.16;1.66
82083;226101;144;Rada Osiedla Strzyża 80-276 Gdańsk, Strzyża ul. Sychty 12/14;1299;617;617;9;608;47.50;1.46;1347;928;928;7;921;68.89;0.75
82084;226101;145;Państwowe Szkoły Budownictwa 80-266 Gdańsk, Strzyża al. Grunwaldzka 238;1196;517;517;5;512;43.23;0.97;1188;793;793;6;787;66.75;0.76
82085;226101;146;Gimnazjum Nr 1 80-271 Gdańsk, Strzyża ul. Wilka-Krzyżanowskiego 6;980;369;369;9;360;37.65;2.44;987;620;620;8;612;62.82;1.29
82086;226101;147;Zespół Kształcenia Podstawowego i Gimnazjalnego Nr 12 80-462 Gdańsk, Zaspa Rozstaje ul. Burzyńskiego 10;2218;944;944;13;931;42.56;1.38;2208;1522;1522;12;1510;68.93;0.79
82087;226101;148;Zespół Kształcenia Podstawowego i Gimnazjalnego Nr 12 80-462 Gdańsk, Zaspa Rozstaje ul. Burzyńskiego 10;1973;857;857;13;844;43.44;1.52;1927;1328;1328;16;1312;68.92;1.20
82088;226101;149;Niepubliczna Szkoła Podstawowa „NASZA SZKOŁA” z Przedszkolem 80-463 Gdańsk, Zaspa Rozstaje ul. Ciołkowskiego 10;2023;834;834;12;822;41.23;1.44;2023;1344;1344;9;1335;66.44;0.67
82089;226101;150;Zespół Szkół Ogólnokształcących Nr 8 80-462 Gdańsk, Zaspa Rozstaje ul. Meissnera 9;1989;815;815;10;805;40.98;1.23;1965;1289;1289;10;1279;65.60;0.78
82090;226101;151;Zespół Szkół Ogólnokształcących Nr 8 80-462 Gdańsk, Zaspa Rozstaje ul. Meissnera 9;1055;453;453;7;446;42.94;1.55;1284;937;937;5;932;72.98;0.53
82091;226101;152;Klub „Szafir” 80-464 Gdańsk, Zaspa Rozstaje ul. Kombatantów 4;1460;660;660;17;643;45.21;2.58;1400;935;935;12;923;66.79;1.28
82092;226101;153;XV Liceum Ogólnokształcące 80-460 Gdańsk, Zaspa Młyniec ul. Pilotów 7;1786;752;752;8;744;42.11;1.06;1740;1144;1144;7;1137;65.75;0.61
82093;226101;154;Plama - Gdański Archipelag Kultury 80-460 Gdańsk, Zaspa Młyniec ul. Pilotów 11;2036;830;830;11;819;40.77;1.33;2016;1348;1348;15;1333;66.87;1.11
82094;226101;155;Zespół Kształcenia Podstawowego i Gimnazjalnego Nr 13 80-461 Gdańsk, Zaspa Młyniec ul. Startowa 9;1790;817;817;9;808;45.64;1.10;1761;1163;1163;16;1147;66.04;1.38
82095;226101;156;Zespół Kształcenia Podstawowego i Gimnazjalnego Nr 13 80-461 Gdańsk, Zaspa Młyniec ul. Startowa 9;1501;665;665;9;656;44.30;1.35;1513;1050;1050;10;1040;69.40;0.95
82096;226101;157;Przedszkole Nr 86 80-462 Gdańsk, Zaspa Młyniec ul. Dywizjonu 303 27;2194;939;939;24;915;42.80;2.56;2149;1493;1493;13;1480;69.47;0.87
82097;226101;158;Przedszkole Nr 86 80-462 Gdańsk, Zaspa Młyniec ul. Dywizjonu 303 27;2209;935;935;17;918;42.33;1.82;2176;1522;1522;15;1507;69.94;0.99
82098;226101;159;Szkoła Podstawowa Nr 80 80-395 Gdańsk, Przymorze Wielkie ul. Opolska 9;1939;659;659;14;645;33.99;2.12;1865;1120;1120;13;1107;60.05;1.16
82099;226101;160;Szkoła Podstawowa Nr 80 80-395 Gdańsk, Przymorze Wielkie ul. Opolska 9;1907;639;639;9;630;33.51;1.41;1872;1088;1088;6;1082;58.12;0.55
82100;226101;161;Szkoła Podstawowa Nr 79 80-391 Gdańsk, Przymorze Wielkie ul. Kołobrzeska 49;1804;778;778;16;762;43.13;2.06;1772;1203;1203;11;1192;67.89;0.91
82101;226101;162;Szkoła Podstawowa Nr 79 80-391 Gdańsk, Przymorze Wielkie ul. Kołobrzeska 49;1971;679;679;6;673;34.45;0.88;1933;1093;1093;15;1078;56.54;1.37
82102;226101;163;Zespół Kształcenia Podstawowego i Gimnazjalnego Nr 33 80-396 Gdańsk, Przymorze Wielkie ul. Kołobrzeska 75;2200;775;775;9;766;35.23;1.16;2232;1315;1315;9;1306;58.92;0.68
82103;226101;164;Zespół Kształcenia Podstawowego i Gimnazjalnego Nr 33 80-396 Gdańsk, Przymorze Wielkie ul. Kołobrzeska 75;1748;604;604;18;586;34.55;2.98;1724;1000;1000;12;988;58.00;1.20
82104;226101;165;Ogólnokształcące Szkoły Sportowe 80-396 Gdańsk, Przymorze Wielkie ul. Kołobrzeska 77;2198;804;804;21;783;36.58;2.61;2244;1433;1433;14;1419;63.86;0.98
82105;226101;166;Zespół Szkół Zawodowych Nr 9 80-365 Gdańsk, Przymorze Wielkie ul. Dąbrowszczaków 35;1854;761;761;18;743;41.05;2.37;1845;1207;1207;5;1202;65.42;0.41
82106;226101;167;Szkoła Podstawowa Nr 44 80-366 Gdańsk, Przymorze Wielkie ul. Jagiellońska 24;1497;641;641;12;629;42.82;1.87;1490;961;962;7;954;64.50;0.73
82107;226101;168;Gimnazjum Nr 19 80-371 Gdańsk, Przymorze Wielkie ul. Jagiellońska 5;2141;833;833;10;823;38.91;1.20;2094;1293;1293;6;1287;61.75;0.46
82108;226101;169;Gimnazjum Nr 19 80-371 Gdańsk, Przymorze Wielkie ul. Jagiellońska 5;2055;710;710;12;698;34.55;1.69;2007;1216;1216;17;1199;60.59;1.40
82109;226101;170;Szkoła Podstawowa Nr 76 80-371 Gdańsk, Przymorze Wielkie ul. Jagiellońska 14;1987;749;749;15;734;37.70;2.00;1963;1222;1222;4;1218;62.25;0.33
82110;226101;171;Szkoła Podstawowa Nr 76 80-371 Gdańsk, Przymorze Wielkie ul. Jagiellońska 14;1748;646;646;11;635;36.96;1.70;1691;1007;1007;15;992;59.55;1.49
82111;226101;172;Wojewódzka i Miejska Biblioteka Publiczna Ośrodek Czytelnictwa Chorych i Niepełnosprawnych 80-376 Gdańsk, Przymorze Małe ul. Czerwony Dwór 21;1932;760;760;7;753;39.34;0.92;1909;1164;1164;20;1144;60.97;1.72
82112;226101;173;Wojewódzka i Miejska Biblioteka Publiczna Filia Nr 11 80-376 Gdańsk, Przymorze Małe ul. Czerwony Dwór 21;2367;1044;1044;11;1033;44.11;1.05;2379;1572;1572;17;1555;66.08;1.08
82113;226101;174;Gimnazjum Nr 20 80-380 Gdańsk, Przymorze Małe ul. Zgody II 6;2417;1042;1042;12;1030;43.11;1.15;2456;1693;1693;13;1680;68.93;0.77
82114;226101;175;Gimnazjum Nr 20 80-380 Gdańsk, Przymorze Małe ul. Zgody II 6;2444;1012;1012;20;992;41.41;1.98;2385;1597;1597;14;1583;66.96;0.88
82115;226101;176;Osiedlowy Dom Kultury PSM „Kolejarz” 80-390 Gdańsk, Przymorze Małe ul. Kołobrzeska 25E;1497;635;635;17;618;42.42;2.68;1570;991;991;10;981;63.12;1.01
82116;226101;177;Szkoła Podstawowa Nr 46 80-387 Gdańsk, Przymorze Małe ul. Arkońska 17;1981;769;769;10;759;38.82;1.30;1978;1269;1269;9;1260;64.16;0.71
82117;226101;178;Szkoła Podstawowa Nr 82 80-298 Gdańsk, Matarnia ul. Radarowa 26;2362;896;896;13;883;37.93;1.45;2415;1552;1552;13;1539;64.27;0.84
82118;226101;179;Zespół Kształcenia Podstawowego i Gimnazjalnego Nr 23 80-298 Gdańsk, Matarnia ul. Słabego 6;2349;838;838;21;817;35.67;2.51;2347;1464;1464;19;1445;62.38;1.30
82119;226101;180;Szkoła Podstawowa Nr 83 80-298 Gdańsk, Kokoszki ul. Stokłosy 1;1923;575;575;12;563;29.90;2.09;1967;1199;1199;36;1163;60.96;3.00
82120;226101;181;Szkoła Podstawowa Nr 83 80-298 Gdańsk, Kokoszki ul. Stokłosy 1;1872;553;553;5;548;29.54;0.90;1940;1190;1190;12;1178;61.34;1.01
82121;226101;182;Szkoła Podstawowa Nr 84 80-178 Gdańsk, Kokoszki ul. Otomińska 72;1212;504;504;3;501;41.58;0.60;1260;901;901;20;881;71.51;2.22
82122;226101;183;Szkoła Podstawowa Nr 84 80-178 Gdańsk, Kokoszki ul. Otomińska 72;1273;576;576;5;571;45.25;0.87;1318;976;976;16;960;74.05;1.64
82123;226101;184;Szkoła Podstawowa Nr 60 80-350 Gdańsk, Jelitkowo-Tysiąclecia ul. Chłopska 64;1971;822;822;13;809;41.70;1.58;1915;1199;1199;14;1185;62.61;1.17
82124;226101;185;Szkoła Podstawowa Nr 60 80-350 Gdańsk, Jelitkowo-Tysiąclecia ul. Chłopska 64;1970;643;643;13;630;32.64;2.02;1939;1056;1056;7;1049;54.46;0.66
82125;226101;186;Zespół Kształcenia Podstawowego i Gimnazjalnego Nr 7 80-347 Gdańsk, Wejhera ul. Orłowska 13;1881;752;752;12;740;39.98;1.60;1877;1201;1201;6;1195;63.99;0.50
82126;226101;187;Zespół Kształcenia Podstawowego i Gimnazjalnego Nr 7 80-347 Gdańsk, Wejhera ul. Orłowska 13;1694;604;604;20;584;35.66;3.31;1647;949;949;14;935;57.62;1.48
82127;226101;188;Zespół Szkół Sportowych i Ogólnokształcących 80-354 Gdańsk, Żabianka ul. Subisława 22;1945;875;875;11;864;44.99;1.26;1918;1285;1285;9;1276;67.00;0.70
82128;226101;189;Zespół Szkół Sportowych i Ogólnokształcących 80-354 Gdańsk, Żabianka ul. Subisława 22;1936;800;800;11;789;41.32;1.38;1887;1228;1228;17;1211;65.08;1.38
82129;226101;190;Zespół Kształcenia Podstawowego i Gimnazjalnego Nr 8 80-335 Gdańsk, Żabianka ul. Szyprów 3;1980;900;900;3;897;45.45;0.33;1961;1320;1320;8;1312;67.31;0.61
82130;226101;191;Zespół Kształcenia Podstawowego i Gimnazjalnego Nr 8 80-335 Gdańsk, Żabianka ul. Szyprów 3;1891;837;837;13;824;44.26;1.55;1851;1222;1222;5;1217;66.02;0.41
82131;226101;192;Zespół Szkół Architektury Krajobrazu i Handlowo-Usługowych 80-336 Gdańsk, Oliwa ul. Czyżewskiego 31;1698;632;632;15;617;37.22;2.37;1655;1015;1015;12;1003;61.33;1.18
82132;226101;193;RSM „BUDOWLANI” KLUB OSIEDLOWY AD-REM 80-336 Gdańsk, Oliwa ul. Czyżewskiego 12;1890;788;788;11;777;41.69;1.40;1808;1138;1138;6;1132;62.94;0.53
82133;226101;194;Akademia Wychowania Fizycznego i Sportu 80-336 Gdańsk, Oliwa ul. Czyżewskiego 30A;1996;671;671;17;654;33.62;2.53;1945;1103;1103;12;1091;56.71;1.09
82134;226101;195;Szkoła Podstawowa Nr 23 80-330 Gdańsk, Oliwa ul. Opacka 7;1713;579;579;15;564;33.80;2.59;1645;918;918;22;896;55.81;2.40
82135;226101;196;Fregata Szkoła Podstawowa 80-330 Gdańsk, Oliwa ul. Cystersów 13;1538;511;511;8;503;33.22;1.57;1471;831;831;14;817;56.49;1.68
82136;226101;197;V Liceum Ogólnokształcące 80-322 Gdańsk, Oliwa ul. Polanki 130;1530;607;607;7;600;39.67;1.15;1521;942;942;9;933;61.93;0.96
82137;226101;198;Zespół Kształcenia Podstawowego i Gimnazjalnego Nr 17 z klasami sportowymi 80-318 Gdańsk, Oliwa ul. Wąsowicza 30;1847;693;693;15;678;37.52;2.16;1819;1139;1139;12;1127;62.62;1.05
82138;226101;199;Zespół Szkół Specjalnych Nr 2 80-312 Gdańsk, Oliwa ul. Wita Stwosza 23;1284;513;513;7;506;39.95;1.36;1266;806;806;7;799;63.67;0.87
82139;226101;200;Uniwersytet Gdański 80-309 Gdańsk, Oliwa ul. Bażyńskiego 1A;595;301;301;13;288;50.59;4.32;603;406;406;2;404;67.33;0.49
82140;226101;201;Zespół Kształcenia Podstawowego i Gimnazjalnego Nr 26 z Klasami Sportowymi 80-301 Gdańsk, VII Dwór ul. VII Dwór 6;1501;712;712;17;695;47.44;2.39;1480;989;989;11;978;66.82;1.11
82141;226101;202;Zespół Kształcenia Podstawowego i Gimnazjalnego Nr 26 z Klasami Sportowymi 80-301 Gdańsk, VII Dwór ul. VII Dwór 6;1653;751;751;10;741;45.43;1.33;1658;1124;1124;9;1115;67.79;0.80
82142;226101;203;Szkoła Podstawowa Nr 81 80-299 Gdańsk, Osowa ul. Siedleckiego 14;2253;1032;1032;10;1022;45.81;0.97;2256;1647;1647;6;1641;73.01;0.36
91255;226101;204;Szkoła Podstawowa Nr 81 80-299 Gdańsk, Osowa ul. Siedleckiego 14;2104;911;912;17;894;43.30;1.87;2120;1451;1452;12;1439;68.44;0.83
91256;226101;205;Szkoła Podstawowa Nr 81 80-299 Gdańsk, Osowa ul. Siedleckiego 14;2344;1090;1090;16;1074;46.50;1.47;2384;1729;1733;16;1713;72.53;0.93
91257;226101;206;Zespół Szkół Ogólnokształcących Nr 2 80-299 Gdańsk, Osowa ul. Wodnika 57;2065;1033;1033;10;1023;50.02;0.97;2134;1582;1582;17;1565;74.13;1.07
91258;226101;207;Zespół Szkół Ogólnokształcących Nr 2 80-299 Gdańsk, Osowa ul. Wodnika 57;2052;883;883;12;871;43.03;1.36;2209;1570;1570;10;1560;71.07;0.64
91259;226101;208;Dom Pomocy Społecznej Integracyjny Dom Opieki „Za Sosnami” 80-502 Gdańsk, Brzeźno al. Hallera 227A;80;15;15;0;15;18.75;0.00;35;21;21;2;19;60.00;9.52
91260;226101;209;Dom Pomocy Społecznej „Ostoja” 80-628 Gdańsk, Stogi ul. Hoża 4;38;25;25;6;19;65.79;24.00;601;253;253;31;222;42.10;12.25
91261;226101;210;Zakład Karny 80-758 Gdańsk, Przeróbka ul. Siennicka 23;501;188;188;36;152;37.52;19.15;816;475;475;73;402;58.21;15.37
91262;226101;211;Areszt Śledczy 80-803 Gdańsk, Śródmieście ul. Kurkowa 12;918;354;354;28;326;38.56;7.91;300;33;33;1;32;11.00;3.03
91263;226101;212;COPERNICUS Podmiot Leczniczy Sp. z o.o. Szpital im. Mikołaja Kopernika 80-803 Gdańsk, Śródmieście ul. Nowe Ogrody 1/6;260;13;13;0;13;5.00;0.00;30;26;26;2;24;86.67;7.69
91264;226101;213;Samodzielny Publiczny Zakład Opieki Zdrowotnej MSWiA w Gdańsku Zakład Opieki Zdrowotnej MSWiA 80-104 Gdańsk, Siedlce ul. Kartuska 4/6;27;12;12;0;12;44.44;0.00;54;20;20;2;18;37.04;10.00
91265;226101;214;COPERNICUS Podmiot Leczniczy Sp. z o.o. Zakład Opiekuńczo-Leczniczy 80-152 Gdańsk, Siedlce ul. Powstańców Warszawskich 1/2;78;3;3;0;3;3.85;0.00;450;86;86;5;81;19.11;5.81
91266;226101;215;Uniwersyteckie Centrum Kliniczne 80-211 Gdańsk, Aniołki ul. Dębinki 7;517;65;65;9;56;12.57;13.85;132;50;50;0;50;37.88;0.00
91267;226101;216;Pomorskie Centrum Chorób Zakaźnych i Gruźlicy Sp. z o.o. Specjalistyczny Szpital Zakaźny 80-214 Gdańsk, Aniołki ul. Smoluchowskiego 18;123;32;32;2;30;26.02;6.25;301;120;120;2;118;39.87;1.67
91268;226101;217;Wojewódzki Szpital Psychiatryczny 80-282 Gdańsk, Wrzeszcz Górny ul. Srebrniki 17;266;67;67;3;64;25.19;4.48;67;34;34;3;31;50.75;8.82
91269;226101;218;Uniwersyteckie Centrum Kliniczne 80-219 Gdańsk, Wrzeszcz Górny al. Zwycięstwa 30;59;24;24;2;22;40.68;8.33;106;55;55;0;55;51.89;0.00
91270;226101;219;Uniwersyteckie Centrum Kliniczne 80-402 Gdańsk, Wrzeszcz Dolny ul. Kliniczna 1A;102;10;10;0;10;9.80;0.00;394;108;108;2;106;27.41;1.85
91271;226101;220;Szpital Specjalistyczny Św. Wojciecha w Gdańsku Sp. z o.o. Wielospecjalistyczny Szpital Św. Wojciecha 80-462 Gdańsk, Zaspa Rozstaje al. Jana Pawła II 50;283;46;46;0;46;16.25;0.00;80;45;45;5;40;56.25;11.11
91272;226101;221;Stowarzyszenie Domu Opieki „Złota Jesień” 80-465 Gdańsk, Zaspa Młyniec ul. Hynka 12;72;34;34;6;28;47.22;17.65;70;41;41;3;38;58.57;7.32
91273;226101;222;Caritas Archidiecezji Gdańskiej Centrum Pomocowe Caritas 80-389 Gdańsk, Przymorze Małe ul. Fromborska 24;85;38;38;4;34;44.71;10.53;16;16;16;2;14;100.00;12.50
91274;226101;223;NZOZ MONAR Ośrodek Leczenia, Terapii i Rehabilitacji Uzależnień dla Dzieci i Młodzieży 80-298 Gdańsk, Matarnia ul. Agrarna 2;8;8;8;0;8;100.00;0.00;96;38;38;1;37;39.58;2.63
91275;226101;224;Dom Pomocy Społecznej 80-308 Gdańsk, Oliwa ul. Polanki 121;98;33;33;0;33;33.67;0.00;119;60;60;1;59;50.42;1.67
91276;226101;225;7 Szpital Marynarki Wojennej z Przychodnią SP ZOZ 80-308 Gdańsk, VII Dwór ul. Polanki 117;82;44;44;0;44;53.66;0.00;318;290;290;4;286;91.19;1.38
91277;226101;226;Dom Studencki Nr 3 80-227 Gdańsk, Wrzeszcz Górny ul. Do Studzienki 32;144;118;118;2;116;81.94;1.69;345;331;331;3;328;95.94;0.91
82143;226201;1;Zespół Szkół Ekologicznych 81-007 Gdynia, Cisowa ul. Chylońska 237;1666;513;513;17;496;30.79;3.31;1643;993;993;20;973;60.44;2.01
82144;226201;2;Zespół Szkół nr 9 81-007 Gdynia, Cisowa ul. Chylońska 227;1643;593;593;25;568;36.09;4.22;1610;1053;1053;20;1033;65.40;1.90
82145;226201;3;Zespół Szkół Ekologicznych 81-007 Gdynia, Cisowa Chylońska 237;1628;559;559;14;545;34.34;2.50;1596;987;987;13;974;61.84;1.32
82146;226201;4;Zespół Szkół nr 9 81-007 Gdynia, Cisowa ul. Chylońska 227;1460;394;394;14;380;26.99;3.55;1430;750;750;12;738;52.45;1.60
82147;226201;5;Gimnazjum nr 3 81-068 Gdynia, Cisowa ul. Gospodarska 1;1974;593;593;17;576;30.04;2.87;1907;1102;1102;20;1082;57.79;1.81
82148;226201;6;Przedszkole nr 32 81-005 Gdynia, Cisowa ul. Kcyńska 6;2010;681;681;4;677;33.88;0.59;1957;1190;1190;24;1166;60.81;2.02
82149;226201;7;Szkoła Podstawowa nr 16 81-079 Gdynia, Pustki Cisowskie-Demptowo ul. Chabrowa 43;2376;834;834;23;811;35.10;2.76;2293;1435;1465;30;1405;62.58;2.09
82150;226201;8;Szkoła Podstawowa nr 16 81-079 Gdynia, Pustki Cisowskie-Demptowo ul. Chabrowa 43;1583;597;597;15;582;37.71;2.51;1543;996;996;27;969;64.55;2.71
82151;226201;9;Przedszkole nr 46 81-078 Gdynia, Pustki Cisowskie-Demptowo ul. Pusta 9;1713;613;613;9;604;35.79;1.47;1683;1046;1046;8;1038;62.15;0.76
82152;226201;10;Przedszkole nr 21 81-094 Gdynia, Pustki Cisowskie-Demptowo ul. Demptowska 42;1239;384;384;3;381;30.99;0.78;1247;748;748;10;738;59.98;1.34
82153;226201;11;Kolegium Miejskie - Centrum Kształcenia Ustawicznego 81-057 Gdynia, Chylonia ul. Raduńska 21;1820;594;594;11;583;32.64;1.85;1794;1035;1035;10;1025;57.69;0.97
82154;226201;12;Szkoła Podstawowa nr 40 81-055 Gdynia, Chylonia ul. Rozewska 33;2035;643;643;14;629;31.60;2.18;2007;1147;1147;16;1131;57.15;1.39
82155;226201;13;Szkoła Podstawowa nr 40 81-055 Gdynia, Chylonia ul. Rozewska 33;1857;654;654;16;638;35.22;2.45;1811;1104;1104;17;1087;60.96;1.54
82156;226201;14;Zespół Szkół Ogólnokształcących nr 5 81-049 Gdynia, Chylonia ul. Wejherowska 55;1616;532;532;15;517;32.92;2.82;1543;938;938;18;920;60.79;1.92
82157;226201;15;Gimnazjum nr 3 81-068 Gdynia, Chylonia ul. Gospodarska 1;1910;567;567;22;545;29.69;3.88;1858;974;974;27;947;52.42;2.77
82158;226201;16;Zespół Placówek Specjalistycznych 81-049 Gdynia, Chylonia ul. Wejherowska 65;1989;672;672;12;660;33.79;1.79;1937;1120;1120;16;1104;57.82;1.43
82159;226201;17;Przedszkole nr 27 81-058 Gdynia, Chylonia ul. Wiejska 30;1627;542;542;2;540;33.31;0.37;1572;959;959;7;952;61.01;0.73
82160;226201;18;Przedszkole nr 26 81-050 Gdynia, Chylonia ul. Starogardzka 10a;1976;574;574;8;566;29.05;1.39;1883;1065;1065;20;1045;56.56;1.88
82161;226201;19;Szkoła Podstawowa nr 10 81-222 Gdynia, Chylonia ul. Morska 192;1720;560;560;10;550;32.56;1.79;1684;1016;1016;36;980;60.33;3.54
82162;226201;20;Przedszkole nr 31 81-218 Gdynia, Chylonia ul. Zamenhofa 8;2069;560;560;19;541;27.07;3.39;2030;1036;1036;37;999;51.03;3.57
82163;226201;21;Szkoła Podstawowa nr 10 81-222 Gdynia, Chylonia ul. Morska 192;1790;390;390;14;376;21.79;3.59;1734;814;814;27;787;46.94;3.32
82164;226201;22;IV Liceum Ogólnokształcące 81-216 Gdynia, Leszczynki ul. Morska 186;1571;490;492;6;484;31.19;1.22;1573;884;884;3;881;56.20;0.34
82165;226201;23;IV Liceum Ogólnokształcące 81-216 Gdynia, Leszczynki ul. Morska 186;1125;334;334;3;331;29.69;0.90;1105;617;621;8;609;55.84;1.30
82166;226201;24;Szkoła Podstawowa nr 29 81-257 Gdynia, Leszczynki ul. Ściegiennego 8;2010;663;663;16;647;32.99;2.41;1986;1136;1136;9;1127;57.20;0.79
82167;226201;25;Zespół Szkół Chłodniczych i Elektronicznych 81-201 Gdynia, Leszczynki ul. Sambora 48;2152;639;639;11;628;29.69;1.72;2164;1277;1277;15;1262;59.01;1.17
82168;226201;26;Gimnazjum nr 4 81-228 Gdynia, Grabówek ul. Okrzei 6;2154;655;655;14;641;30.41;2.14;2126;1129;1129;25;1104;53.10;2.21
82169;226201;27;Zespół Szkół Chłodniczych i Elektronicznych 81-201 Gdynia, Grabówek ul. Sambora 48;872;315;315;5;310;36.12;1.59;858;547;547;8;539;63.75;1.46
82170;226201;28;Szkoła Podstawowa nr 17 81-265 Gdynia, Grabówek ul. Grabowo 12;2104;730;730;15;715;34.70;2.05;2072;1220;1220;13;1207;58.88;1.07
82171;226201;29;Zespół Szkół Hotelarsko-Gastronomicznych 81-222 Gdynia, Grabówek ul. Morska 77;1644;566;566;12;554;34.43;2.12;1620;978;978;19;959;60.37;1.94
82172;226201;30;Zespół Szkół Usługowych 81-222 Gdynia, Grabówek ul. Morska 77;712;285;285;6;279;40.03;2.11;663;424;424;6;418;63.95;1.42
82173;226201;31;Zespół Szkół Ogólnokształcących nr 2 81-327 Gdynia, Działki Leśne ul. Wolności 22B;1522;585;585;10;575;38.44;1.71;1552;1003;1003;8;995;64.63;0.80
82174;226201;32;Gimnazjum nr 2 81-327 Gdynia, Działki Leśne ul. Wolności 25;1031;367;367;8;359;35.60;2.18;999;590;590;7;583;59.06;1.19
82175;226201;33;Strefa Płatnego Parkowania 81-310 Gdynia, Działki Leśne ul. Białostocka 3;1011;393;393;4;389;38.87;1.02;990;623;623;9;614;62.93;1.44
82176;226201;34;Szkoła Podstawowa nr 26 81-313 Gdynia, Działki Leśne ul. Tatrzańska 40;983;444;445;9;435;45.17;2.03;953;654;654;7;647;68.63;1.07
82177;226201;35;ABK nr 4 81-309 Gdynia, Działki Leśne ul. Warszawska 67A;823;315;315;3;312;38.27;0.95;790;484;484;6;478;61.27;1.24
82178;226201;36;Zespół Szkół Specjalnych nr 17 81-311 Gdynia, Działki Leśne ul. Witomińska 25/27;1491;568;568;21;547;38.10;3.70;1482;939;939;14;925;63.36;1.49
82179;226201;37;I Akademickie LO 81-653 Gdynia, Witomino-Radiostacja ul. Narcyzowa 6;2169;875;875;17;858;40.34;1.94;2190;1396;1396;27;1369;63.74;1.93
82180;226201;38;I Akademickie LO 81-653 Gdynia, Witomino-Radiostacja ul. Narcyzowa 6;1720;592;592;10;582;34.42;1.69;1691;1040;1040;20;1020;61.50;1.92
82181;226201;39;Przedszkole nr 13 81-649 Gdynia, Witomino-Radiostacja ul. Widna 15;1730;390;390;16;374;22.54;4.10;1670;751;751;33;718;44.97;4.39
82182;226201;40;Szkoła Podstawowa nr 35 81-647 Gdynia, Witomino-Radiostacja ul. Uczniowska 1;1777;531;531;8;523;29.88;1.51;1732;921;921;20;901;53.18;2.17
82183;226201;41;Spółdzielnia Mieszkaniowa Senior 81-602 Gdynia, Witomino-Radiostacja ul. Chwarznieńska 136/138;1049;406;406;16;390;38.70;3.94;1069;643;643;13;630;60.15;2.02
82184;226201;42;Zespół Szkół nr 7 81-629 Gdynia, Witomino-Leśniczówka ul. Stawna 4/6;2257;886;886;14;872;39.26;1.58;2230;1462;1462;10;1452;65.56;0.68
82185;226201;43;Zespół Szkół nr 7 81-629 Gdynia, Witomino-Leśniczówka ul. Stawna 4/6;2036;775;775;9;766;38.06;1.16;1977;1291;1291;15;1276;65.30;1.16
82186;226201;44;Szkoła Podstawowa nr 35 81-647 Gdynia, Witomino-Leśniczówka ul. Uczniowska 1;1998;824;824;14;810;41.24;1.70;1966;1328;1328;9;1319;67.55;0.68
82187;226201;45;Obwodowy Urząd Miar 81-605 Gdynia, Witomino-Leśniczówka ul. Słoneczna 59a;772;286;286;6;280;37.05;2.10;753;476;476;6;470;63.21;1.26
82188;226201;46;Zespół Szkół nr 15 81-601 Gdynia, Chwarzno-Wiczlino ul. Jowisza 60;1383;447;447;11;436;32.32;2.46;1384;820;820;2;818;59.25;0.24
82189;226201;47;Zespół Szkół nr 15 81-601 Gdynia, Chwarzno-Wiczlino ul. Jowisza 60;2153;939;939;18;921;43.61;1.92;2149;1543;1543;18;1525;71.80;1.17
82190;226201;48;Szkoła Podstawowa nr 37 81-578 Gdynia, Chwarzno-Wiczlino ul. Wiczlińska 93;1537;516;516;17;499;33.57;3.29;1726;1092;1092;13;1079;63.27;1.19
82191;226201;49;Szkoła Podstawowa nr 37 81-589 Gdynia, Chwarzno-Wiczlino ul. Wiczlińska 93;1889;652;652;4;648;34.52;0.61;2156;1454;1459;13;1441;67.44;0.89
82192;226201;50;Zespół Szkół nr 14 81-589 Gdynia, Dąbrowa ul. Nagietkowa 73;1658;614;614;2;612;37.03;0.33;1674;1130;1130;18;1112;67.50;1.59
82193;226201;51;Zespół Szkół nr 14 81-589 Gdynia, Dąbrowa ul. Nagietkowa 73;2018;833;833;11;822;41.28;1.32;1984;1409;1410;8;1401;71.02;0.57
82194;226201;52;Zespół Szkół nr 14 81-589 Gdynia, Dąbrowa ul. Nagietkowa 73;2153;892;892;16;876;41.43;1.79;2140;1457;1457;12;1445;68.08;0.82
82195;226201;53;Zespół Wczesnej Edukacji nr 1 81-578 Gdynia, Dąbrowa ul. Wiczlińska 33;1696;752;752;7;745;44.34;0.93;1668;1206;1206;7;1199;72.30;0.58
82196;226201;54;Zespół Wczesnej Edukacji nr 1 81-578 Gdynia, Dąbrowa ul. Wiczlińska 33;2121;781;781;17;764;36.82;2.18;2077;1384;1384;18;1366;66.63;1.30
82197;226201;55;Zespół Wczesnej Edukacji nr 1 81-578 Gdynia, Dąbrowa ul. Wiczlińska 33;1809;599;599;34;565;33.11;5.68;1767;1061;1061;13;1048;60.05;1.23
82198;226201;56;Zespół Szkół nr 13 81-571 Gdynia, Wielki Kack ul. Chwaszczyńska 26;2361;976;976;12;964;41.34;1.23;2311;1635;1635;8;1627;70.75;0.49
82199;226201;57;Zespół Szkół nr 13 81-571 Gdynia, Wielki Kack ul. Chwaszczyńska 26;2156;854;854;8;846;39.61;0.94;2147;1556;1569;7;1549;72.47;0.45
82200;226201;58;Szkoła Podstawowa nr 20 81-575 Gdynia, Wielki Kack ul. Starodworcowa 36;2076;791;792;11;780;38.10;1.39;2185;1413;1413;14;1399;64.67;0.99
82201;226201;59;Szkoła Podstawowa nr 20 81-575 Gdynia, Wielki Kack ul. Starodworcowa 36;1503;719;719;12;707;47.84;1.67;1517;1087;1087;4;1083;71.65;0.37
82202;226201;60;Przedszkole nr 44 81-591 Gdynia, Karwiny ul. Tatarczana 4;1101;454;454;8;446;41.24;1.76;1057;742;742;4;738;70.20;0.54
82203;226201;61;Przedszkole nr 44 81-591 Gdynia, Karwiny ul. Tatarczana 4;1937;759;759;13;746;39.18;1.71;1892;1285;1285;12;1273;67.92;0.93
82204;226201;62;Zespół Szkół nr 10 81-597 Gdynia, Karwiny ul. Staffa 10;2059;844;844;18;826;40.99;2.13;2021;1361;1361;22;1339;67.34;1.62
82205;226201;63;Zespół Szkół nr 10 81-597 Gdynia, Karwiny ul. Staffa 10;1993;734;734;14;720;36.83;1.91;1988;1302;1302;24;1278;65.49;1.84
82206;226201;64;Zespół Szkół nr 13 81-571 Gdynia, Karwiny ul. Chwaszczyńska 26;1901;744;744;18;726;39.14;2.42;1863;1238;1239;23;1215;66.45;1.86
82207;226201;65;Przedszkole nr 44 81-591 Gdynia, Mały Kack ul. Tatarczana 4;2202;918;918;17;901;41.69;1.85;2377;1546;1579;9;1537;65.04;0.58
82208;226201;66;Zespół Szkół nr 6 81-508 Gdynia, Mały Kack ul. Wrocławska 52;2127;793;793;17;776;37.28;2.14;2148;1323;1323;6;1317;61.59;0.45
82209;226201;67;Szkoła Podstawowa nr 13 81-506 Gdynia, Mały Kack ul. Halicka 8;2253;758;758;17;741;33.64;2.24;2256;1331;1331;20;1311;59.00;1.50
82210;226201;68;Zespół Szkół nr 6 81-553 Gdynia, Orłowo ul. Wrocławska 52;1085;461;461;7;454;42.49;1.52;1074;721;721;10;711;67.13;1.39
82211;226201;69;Gdyńska Szkoła Filmowa 81-547 Gdynia, Orłowo ul. Wrocławska 93;1480;677;677;13;664;45.74;1.92;1492;1003;1003;13;990;67.23;1.30
82212;226201;70;Zespół Szkół Administracyjno-Ekonomicznych 81-542 Gdynia, Orłowo ul. Orłowska 57;1295;603;603;8;595;46.56;1.33;1286;903;903;17;886;70.22;1.88
82213;226201;71;Zespół Szkół nr 5 81-522 Gdynia, Orłowo ul. Orłowska 27/33;1830;871;871;11;860;47.60;1.26;1862;1313;1313;6;1307;70.52;0.46
82214;226201;72;Szkoła Podstawowa nr 34 81-465 Gdynia, Redłowo ul. Cylkowskiego 5;2276;987;987;19;968;43.37;1.93;2200;1423;1423;17;1406;64.68;1.19
82215;226201;73;Przedszkole nr 24 81-473 Gdynia, Redłowo ul. Korczaka 22;2459;1110;1110;17;1093;45.14;1.53;2468;1732;1732;10;1722;70.18;0.58
82216;226201;74;Szkoła Podstawowa nr 34 81-465 Gdynia, Redłowo ul. Cylkowskiego 5;2066;842;842;9;833;40.76;1.07;2161;1312;1312;23;1289;60.71;1.75
82217;226201;75;Zespół Szkół Ogólnokształcących nr 6 81-453 Gdynia, Wzgórze Świętego Maksymiliana ul. Hallera 9;1491;624;624;11;613;41.85;1.76;1480;958;958;7;951;64.73;0.73
82218;226201;76;Przedszkole nr 22 81-428 Gdynia, Wzgórze Świętego Maksymiliana ul. Hallera 37;1511;426;426;12;414;28.19;2.82;1480;770;771;15;755;52.03;1.95
82219;226201;77;Przedszkole nr 9 81-402 Gdynia, Wzgórze Świętego Maksymiliana ul. Bp. Dominika 5;1589;486;486;7;479;30.59;1.44;1544;892;892;6;886;57.77;0.67
82220;226201;78;VI Liceum Ogólnokształcące 81-424 Gdynia, Wzgórze Świętego Maksymiliana ul. Kopernika 34;1222;438;438;9;429;35.84;2.05;1188;728;728;9;719;61.28;1.24
82221;226201;79;Szkoła Podstawowa nr 23 81-438 Gdynia, Wzgórze Świętego Maksymiliana ul. Grottgera 19;1124;451;451;5;446;40.12;1.11;1094;686;686;8;678;62.71;1.17
82222;226201;80;Zespół Szkół Ogólnokształcących nr 1 81-405 Gdynia, Wzgórze Świętego Maksymiliana ul. Legionów 27;1263;548;548;11;537;43.39;2.01;1267;826;826;6;820;65.19;0.73
82223;226201;81;Zespół Szkół Ogólnokształcących nr 1 81-405 Gdynia, Wzgórze Świętego Maksymiliana ul. Legionów 27;1482;632;632;8;624;42.65;1.27;1413;899;899;17;882;63.62;1.89
82224;226201;82;b. Młodzieżowy Dom Kultury 81-381 Gdynia, Kamienna Góra ul. Bema 33;982;426;426;11;415;43.38;2.58;955;637;637;7;630;66.70;1.10
82225;226201;83;Szkoła Podstawowa nr 18 81-385 Gdynia, Kamienna Góra ul. Krasickiego 28;1407;655;655;9;646;46.55;1.37;1421;963;963;3;960;67.77;0.31
82226;226201;84;Przedszkole nr 25 81-377 Gdynia, Kamienna Góra ul. Necla 14;1053;510;510;10;500;48.43;1.96;1081;760;760;9;751;70.31;1.18
82227;226201;85;X Liceum Ogólnokształcące 81-384 Gdynia, Śródmieście ul. Władysława IV 58;1209;487;487;6;481;40.28;1.23;1207;756;756;11;745;62.63;1.46
82228;226201;86;Zespół Sportowych Szkół Ogólnokształcących 81-384 Gdynia, Śródmieście ul. Władysława IV 54;1035;388;388;14;374;37.49;3.61;1006;589;589;4;585;58.55;0.68
82229;226201;87;Zespół Sportowych Szkół Ogólnokształcących 81-384 Gdynia, Śródmieście ul. Władysława IV 54;1007;400;400;7;393;39.72;1.75;994;602;602;5;597;60.56;0.83
82230;226201;88;Przedszkole nr 7 81-384 Gdynia, Śródmieście ul. Władysława IV 56;731;279;279;16;263;38.17;5.73;707;433;433;12;421;61.24;2.77
82231;226201;89;IX Liceum Ogólnokształcące 81-346 Gdynia, Śródmieście ul. Żeromskiego 31;1376;642;642;12;630;46.66;1.87;1371;895;895;8;887;65.28;0.89
82232;226201;90;Gdyńskie Centrum Organizacji Pozarządowych 81-364 Gdynia, Śródmieście ul. 3 Maja 27/31;871;398;398;8;390;45.69;2.01;865;590;590;7;583;68.21;1.19
82233;226201;91;IX Liceum Ogólnokształcące 81-346 Gdynia, Śródmieście ul. Żeromskiego 31;770;303;303;5;298;39.35;1.65;766;484;484;2;482;63.19;0.41
82234;226201;92;Zakład Ubezpieczeń Społecznych 81-361 Gdynia, Śródmieście ul. Władysława IV 24;1271;523;523;6;517;41.15;1.15;1250;796;796;9;787;63.68;1.13
82235;226201;93;Gimnazjum nr 1 81-364 Gdynia, Śródmieście ul. 10 Lutego 26;936;412;412;5;407;44.02;1.21;970;613;613;9;604;63.20;1.47
82236;226201;94;Szkoła Podstawowa nr 21 81-351 Gdynia, Śródmieście ul. Jana z Kolna 5;1659;625;625;11;614;37.67;1.76;1658;998;998;14;984;60.19;1.40
82237;226201;95;Zespół Szkół Rzemiosła i Handlu 81-127 Gdynia, Oksywie ul. Śmidowicza 49;1071;241;241;14;227;22.50;5.81;1069;486;486;10;476;45.46;2.06
82238;226201;96;Szkoła Podstawowa nr 33 81-134 Gdynia, Oksywie ul. Godebskiego 8;1668;574;574;15;559;34.41;2.61;1644;1018;1018;23;995;61.92;2.26
82239;226201;97;Przedszkole nr 35 81-167 Gdynia, Oksywie ul. Płk. Dąbka 167;1905;604;604;23;581;31.71;3.81;1845;1139;1139;21;1118;61.73;1.84
82240;226201;98;Szkoła Podstawowa nr 33 81-134 Gdynia, Oksywie ul. Godebskiego 8;1937;668;668;11;657;34.49;1.65;2054;1342;1342;13;1329;65.34;0.97
82241;226201;99;Szkoła Podstawowa nr 33 81-134 Gdynia, Oksywie ul. Godebskiego 8;1281;425;425;6;419;33.18;1.41;1263;770;770;8;762;60.97;1.04
82242;226201;100;Przedszkole nr 11 81-116 Gdynia, Oksywie ul. Bosmańska 26a;2254;705;706;10;695;31.28;1.42;2208;1310;1310;33;1277;59.33;2.52
82243;226201;101;V Liceum Ogólnokształcące 81-109 Gdynia, Oksywie ul. Dickmana 14;1591;502;502;12;490;31.55;2.39;1579;889;889;20;869;56.30;2.25
82244;226201;102;Szkoła Podstawowa nr 28 81-197 Gdynia, Babie Doły ul. Zielona 53;1784;541;541;12;529;30.33;2.22;1748;1067;1067;19;1048;61.04;1.78
82245;226201;103;Przedszkole nr 42 81-167 Gdynia, Obłuże ul. Płk. Dąbka 199A;1324;449;449;11;438;33.91;2.45;1303;774;774;9;765;59.40;1.16
82246;226201;104;Przedszkole nr 47 81-189 Gdynia, Obłuże ul. Maciejewicza 9;1085;380;380;11;369;35.02;2.89;1054;648;648;5;643;61.48;0.77
82247;226201;105;Zespół Szkół Ogólnokształcących nr 4 81-167 Gdynia, Obłuże ul. Płk. Dąbka 207;1833;659;659;7;652;35.95;1.06;1782;1129;1129;17;1112;63.36;1.51
82248;226201;106;Szkoła Podstawowa nr 6 81-194 Gdynia, Obłuże ul. Cechowa 22;2259;860;860;14;846;38.07;1.63;2238;1470;1470;18;1452;65.68;1.22
82249;226201;107;Przedszkole nr 18 81-178 Gdynia, Obłuże ul. Krawiecka 35;2016;677;677;13;664;33.58;1.92;2012;1220;1220;20;1200;60.64;1.64
82250;226201;108;Przedszkole nr 48 81-181 Gdynia, Obłuże ul. Unruga 86;2115;703;703;12;691;33.24;1.71;2190;1352;1352;14;1338;61.74;1.04
82251;226201;109;Szkoła Podstawowa nr 39 81-181 Gdynia, Obłuże ul. Unruga 88;1175;447;447;15;432;38.04;3.36;1140;764;764;16;748;67.02;2.09
82252;226201;110;Szkoła Podstawowa nr 39 81-181 Gdynia, Obłuże ul. Unruga 88;1610;587;587;13;574;36.46;2.21;1567;1017;1017;12;1005;64.90;1.18
82253;226201;111;Zespół Szkół nr 12 81-157 Gdynia, Obłuże ul. Sucharskiego 10;2174;788;788;16;772;36.25;2.03;2121;1330;1330;20;1310;62.71;1.50
82254;226201;112;Zespół Szkół nr 11 81-185 Gdynia, Pogórze ul. Porębskiego 21;1814;585;587;22;563;32.25;3.76;1756;1110;1110;29;1081;63.21;2.61
82255;226201;113;Przedszkole nr 29 81-181 Gdynia, Pogórze ul. Unruga 53;2205;718;718;17;701;32.56;2.37;2176;1385;1385;20;1365;63.65;1.44
82256;226201;114;Zespół Szkół nr 11 81-185 Gdynia, Pogórze ul. Porębskiego 21;1460;505;505;12;493;34.59;2.38;1429;910;910;17;893;63.68;1.87
82257;226201;115;Przedszkole nr 49 81-185 Gdynia, Pogórze ul. Steyera 2;2047;672;672;34;638;32.83;5.06;1979;1223;1223;15;1208;61.80;1.23
82258;226201;116;Firma Samochodowa „KAJA” 81-153 Gdynia, Pogórze ul. Unruga 182;1603;440;443;13;427;27.45;2.95;1614;940;940;18;922;58.24;1.91
82259;226201;117;Firma Samochodowa „KAJA” 81-153 Gdynia, Pogórze ul. Unruga 182;1961;498;499;11;487;25.40;2.21;1919;973;973;13;960;50.70;1.34
91279;226201;118;Szpital Św.Wincentego a Paulo 81-348 Gdynia, Śródmieście ul. Wójta Radtkego 1;137;31;31;1;30;22.63;3.23;167;64;64;2;62;38.32;3.12
91280;226201;119;Szpital Morski im. PCK 81-519 Gdynia, Redłowo ul. Powstania Styczniowego 1;136;43;43;3;40;31.62;6.98;126;65;65;3;62;51.59;4.62
91281;226201;120;Uniwersyteckie Centrum Medycyny Morskiej i Tropikalnej 81-519 Gdynia, Redłowo ul. Powstania Styczniowego 9B;50;26;26;0;26;52.00;0.00;45;33;33;2;31;73.33;6.06
91282;226201;121;Dom Pomocy Społecznej 81-078 Gdynia, Pustki Cisowskie ul. Pawia 31;71;47;47;14;33;66.20;29.79;70;33;33;1;32;47.14;3.03
82260;226301;1;Przedszkole Miejskie nr 25 „Kubuś Puchatek” 76-200 Słupsk ul. Powstańców Wielkopolskich 1;1178;385;385;12;373;32.68;3.12;1142;675;675;7;668;59.11;1.04
82261;226301;2;Zespół Szkół Ponadgimnazjalnych nr 1 im. Noblistów Polskich 76-200 Słupsk ul. Szczecińska 60;1859;439;439;6;433;23.61;1.37;1821;1018;1018;14;1004;55.90;1.38
82262;226301;3;Przedszkole Miejskie nr 31 „Bajkowa Kraina” 76-200 Słupsk ul. Witosa 1;1983;504;504;8;496;25.42;1.59;1917;1026;1026;20;1006;53.52;1.95
82263;226301;4;Zespół Szkół Ogólnokształcących nr 3 76-200 Słupsk ul. Zaborowskiej 2;1873;453;453;4;449;24.19;0.88;1823;1003;1003;15;988;55.02;1.50
82264;226301;5;Szkoła Podstawowa z Oddziałami Integracyjnymi nr 10 im. Polonii 76-200 Słupsk ul. Kulczyńskiego 1a;2180;554;554;27;527;25.41;4.87;2104;1209;1209;18;1191;57.46;1.49
82265;226301;6;Przedszkole Miejskie nr 19 76-200 Słupsk ul. Norwida 4;1841;552;552;12;540;29.98;2.17;1745;1027;1028;32;995;58.85;3.12
82266;226301;7;Przychodnia Rejonowa 76-200 Słupsk ul. 11 Listopada 7;2003;510;510;19;491;25.46;3.73;1944;1116;1116;20;1096;57.41;1.79
82267;226301;8;Zespół Szkół Agrotechnicznych 76-200 Słupsk ul. Szczecińska 36;2228;618;618;17;601;27.74;2.75;2142;1236;1236;28;1208;57.70;2.27
82268;226301;9;Szkoła Podstawowa nr 8 im. Żołnierzy Armii Krajowej 76-200 Słupsk ul. Grottgera 10a;1998;538;539;19;519;26.93;3.53;1936;1048;1048;31;1017;54.13;2.96
82269;226301;10;Państwowa Szkoła Muzyczna I i II st. 76-200 Słupsk ul. Szczecińska 106;1322;302;302;9;293;22.84;2.98;1279;637;637;11;626;49.80;1.73
82270;226301;11;Słupski Ośrodek Kultury 76-200 Słupsk ul. Braci Gierymskich 1;2193;512;512;19;493;23.35;3.71;2152;1099;1099;18;1081;51.07;1.64
82271;226301;12;Gimnazjum nr 2 im. Ks. Jana Twardowskiego 76-200 Słupsk ul. Sobieskiego 3;1863;389;389;8;381;20.88;2.06;1824;821;821;12;809;45.01;1.46
82272;226301;13;Przedszkole Miejskie nr 10 „Świat Fantazji” 76-200 Słupsk ul. Zygmunta Augusta 10;2049;548;548;14;534;26.74;2.55;1957;1006;1006;18;988;51.41;1.79
82273;226301;14;I Społeczna Szkoła Postawowa STO 76-200 Słupsk ul. Zygmunta Augusta 8;1155;233;233;7;226;20.17;3.00;1134;501;501;15;486;44.18;2.99
82274;226301;15;Szkoła Podstawowa nr 3 im. Janusza Karczaka 76-200 Słupsk ul. Banacha 5;1605;393;393;24;369;24.49;6.11;1551;782;782;20;762;50.42;2.56
82275;226301;16;Przedszkole Miejskie nr 23 „Promyczek” 76-200 Słupsk ul. Wazów 1a;1308;356;356;11;345;27.22;3.09;1259;628;628;10;618;49.88;1.59
82276;226301;17;Gimnazjum z Oddziałami Integracyjnymi nr 4 im. Orła Białego 76-200 Słupsk ul. Banacha 17;1226;268;268;12;256;21.86;4.48;1180;553;553;11;542;46.86;1.99
82277;226301;18;Młodzieżowe Centrum Kultury 76-200 Słupsk Al. 3 Maja 22;1989;521;521;11;510;26.19;2.11;1940;1122;1122;16;1106;57.84;1.43
82278;226301;19;Przedszkole Miejskie nr 24 „Słupski Niedźwiadek Szczęścia” 76-200 Słupsk Al. 3 Maja 15;1609;494;494;12;482;30.70;2.43;1573;935;935;18;917;59.44;1.93
82279;226301;20;Zespół Szkół Budowlanych im. Inżynierów Polskich 76-200 Słupsk ul. Królowej Jadwigi 3;1534;420;420;9;411;27.38;2.14;1479;790;790;17;773;53.41;2.15
82280;226301;21;Szkoła Podstawowa z Oddziałami Integracyjnymi nr 4 im. Gustawa Morcinka 76-200 Słupsk ul. Leszczyńskiego 17;1786;354;354;10;344;19.82;2.82;1782;835;835;11;824;46.86;1.32
82281;226301;22;Przedszkole Miejskie nr 15 76-200 Słupsk ul. Wiatraczna 6;2005;509;509;14;495;25.39;2.75;1949;1102;1102;11;1091;56.54;1.00
82282;226301;23;Szkoła Podstawowa z Oddziałami Przyszpitalnymi nr 9 im. kmdra por. Stanisława Hryniewieckiego 76-200 Słupsk ul. Małachowskiego 9;1853;310;311;10;300;16.73;3.23;1792;661;661;9;652;36.89;1.36
82283;226301;24;II Liceum Ogólnokształcące z Oddziałami Dwujęzycznymi im. Adama Mickiewicza w Zespole Szkół Ogólnokształcacych nr 2 76-200 Słupsk ul. Mickiewicza 32;1877;269;270;9;260;14.33;3.35;1808;687;687;21;666;38.00;3.06
82284;226301;25;Przedszkole Miejskie nr 5 76-200 Słupsk ul. Niemcewicza 9;1759;278;278;8;270;15.80;2.88;1735;640;640;32;608;36.89;5.00
82285;226301;26;Gimnazjum nr 3 z Oddziałami Dwujęzycznymi im. Adama Mickiewicza w Zespole Szkół Ogólnokształcących nr 2 76-200 Słupsk ul. Prusa 1;1833;317;317;14;303;17.29;4.42;1803;716;716;25;691;39.71;3.49
82286;226301;27;Zespół Szkół Mechanicznych i Logistycznych im. inż. Tadeusza Tańskiego 76-200 Słupsk ul. Niedziałkowskiego 2;1726;344;344;9;335;19.93;2.62;1651;718;718;20;698;43.49;2.79
82287;226301;28;Miejski Ośrodek Pomocy Rodzinie 76-200 Słupsk ul. Jaracza 5;1191;374;374;5;369;31.40;1.34;1108;583;583;6;577;52.62;1.03
82288;226301;29;Szkoła Podstawowa nr 6 im. Ludwika Waryńskiego 76-200 Słupsk ul. Starzyńskiego 6;1223;193;193;7;186;15.78;3.63;1168;475;475;14;461;40.67;2.95
82289;226301;30;Pedagogiczna Biblioteka Wojewódzka 76-200 Słupsk ul. Jaracza 18a;1496;262;262;10;252;17.51;3.82;1462;520;520;18;502;35.57;3.46
82290;226301;31;V Liceum Ogólnokształcące im. Zbigniewa Herberta 76-200 Słupsk ul. Deotymy 15a;1644;350;350;10;340;21.29;2.86;1591;680;680;15;665;42.74;2.21
82291;226301;32;Szkoła Podstawowa nr 1 im. Henryka Sienkiewicza 76-200 Słupsk ul. Lutosławskiego 23;1976;444;444;10;434;22.47;2.25;1929;919;919;25;894;47.64;2.72
82292;226301;33;Zespół Szkół Technicznych 76-200 Słupsk ul. Szymanowskiego 5;1859;483;483;18;465;25.98;3.73;1780;879;879;14;865;49.38;1.59
82293;226301;34;Szkoła Podstawowa nr 2 im. Tadeusza Kościuszki 76-200 Słupsk ul. Henryka Pobożnego 2;1426;280;280;10;270;19.64;3.57;1398;568;568;15;553;40.63;2.64
82294;226301;35;Zespół Szkół Ekonomicznych i Technicznych im. Stanisława Staszica 76-200 Słupsk ul. Patryzantów 24;1880;355;355;14;341;18.88;3.94;1795;720;720;18;702;40.11;2.50
82295;226301;36;Wojewódzki Zespół Szkół Policealnych 76-200 Słupsk ul. Bałtycka 29;606;116;116;2;114;19.14;1.72;666;322;322;3;319;48.35;0.93
82296;226301;37;Przedszkole Miejskie nr 2 76-200 Słupsk ul. Zamkowa 6;1986;523;523;11;512;26.33;2.10;1918;1034;1034;27;1007;53.91;2.61
82297;226301;38;Niepubliczna Szkoła Podstawowa Nr 7 76-200 Słupsk ul. Kilińskiego 38;1910;489;489;8;481;25.60;1.64;1856;932;933;23;909;50.22;2.47
82298;226301;39;Gimnazjum nr 5 im. Sejmu Polskiego 76-200 Słupsk ul. Prof. Lotha 3;2219;491;491;12;479;22.13;2.44;2151;1032;1032;24;1008;47.98;2.33
82299;226301;40;Przedszkole Miejskie z Oddziałami Integracyjnymi nr 32 „Tęczowa Dolina” 76-200 Słupsk ul. Kasztanowa 1;1966;481;481;9;472;24.47;1.87;1916;1104;1105;13;1091;57.62;1.18
82300;226301;41;Akademia Pomorska 76-200 Słupsk ul. Arciszewskiego 22a;1546;443;443;10;433;28.65;2.26;1535;851;851;17;834;55.44;2.00
82301;226301;42;Szkoła Podstawowa z Oddziałami Integracynymi nr 5 im. Gryfitów 76-200 Słupsk ul. Hubalczyków 7;1848;420;420;8;412;22.73;1.90;1944;1136;1136;14;1122;58.44;1.23
82302;226301;43;Przedszkole Miejskie nr 11 „Calineczka” 76-200 Słupsk ul. Kosynierów Gdyńskich 6;2000;559;559;10;549;27.95;1.79;1939;1067;1067;9;1058;55.03;0.84
91283;226301;44;Wojewódzki Szpital Specjalistyczny im. Janusza Korczaka 76-200 Słupsk ul. Hubalczyków 1;149;20;20;1;19;13.42;5.00;154;47;47;0;47;30.52;0.00
91284;226301;45;Areszt Śledczy 76-200 Słupsk ul. Sądowa 1;184;72;72;8;64;39.13;11.11;148;82;82;7;75;55.41;8.54
91285;226301;46;Dom Pomocy Społecznej „Leśna Oaza” 76-200 Słupsk ul. Leśna 8;47;10;10;1;9;21.28;10.00;59;18;18;4;14;30.51;22.22
82303;226401;1;Zespół Szkół Nr 3 81-715 Sopot ul. Jana Jerzego Haffnera 55;1137;470;470;14;456;41.34;2.98;1092;665;665;6;659;60.90;0.90
82304;226401;2;Państwowa Galeria Sztuki 81-718 Sopot Plac Zdrojowy 2;873;346;346;5;341;39.63;1.45;947;631;631;9;622;66.63;1.43
82305;226401;3;Zespół Szkół Handlowych 81-704 Sopot ul. Tadeusza Kościuszki 18/20;1109;431;431;5;426;38.86;1.16;1057;657;657;3;654;62.16;0.46
82306;226401;4;Wojewódzki Zespół Reumatologiczny Zakład Rehabilitacji Leczniczej 81-759 Sopot Plac Zdrojowy 3;1285;531;532;6;525;41.32;1.13;1198;751;751;9;742;62.69;1.20
82307;226401;5;Centrum Kształcenia Ustawicznego 81-704 Sopot ul. Tadeusza Kościuszki 22/24;1125;478;478;5;473;42.49;1.05;1132;731;731;6;725;64.58;0.82
82308;226401;6;Zespół Szkół Specjalnych Nr 5 81-780 Sopot ul. Kazimierza Wielkiego 14;1800;734;735;8;726;40.78;1.09;1769;1092;1092;17;1075;61.73;1.56
82309;226401;7;Muzeum Miasta Sopotu 81-724 Sopot ul. Księcia Józefa Poniatowskiego 8;1019;438;438;10;428;42.98;2.28;1058;701;701;13;688;66.26;1.85
82310;226401;8;Szkoła Podstawowa Nr 8 81-743 Sopot ul. 3 Maja 41;1851;837;837;10;827;45.22;1.19;1798;1156;1156;10;1146;64.29;0.87
82311;226401;9;Przedszkole Nr 8 81-742 Sopot ul. Jana z Kolna 3;2146;904;904;9;895;42.12;1.00;2214;1453;1453;12;1441;65.63;0.83
82312;226401;10;Szkoła Podstawowa Nr 1 (wejście od ul. Bocznej) 81-843 Sopot ul. Armii Krajowej 50/54;1883;854;854;11;843;45.35;1.29;1825;1182;1182;11;1171;64.77;0.93
82313;226401;11;Szkoła Podstawowa Nr 1 (wejście od ul. Armii Krajowej) 81-843 Sopot ul. Armii Krajowej 50/54;1438;699;700;10;689;48.61;1.43;1405;943;943;10;933;67.12;1.06
82314;226401;12;Dom Pomocy Społecznej 81-866 Sopot ul. Adama Mickiewicza 49;1328;691;691;9;682;52.03;1.30;1282;910;911;9;901;70.98;0.99
82315;226401;13;II Liceum Ogólnokształcące 81-838 Sopot Al. Niepodległości 751;1942;701;701;13;688;36.10;1.85;1884;1112;1112;21;1091;59.02;1.89
82316;226401;14;Uniwersytet Gdański 81-824 Sopot ul. Armii Krajowej 119/121;1466;536;536;7;529;36.56;1.31;1496;912;912;9;903;60.96;0.99
82317;226401;15;Przedszkole Nr 2 81-820 Sopot ul. 23 Marca 90;1843;871;874;12;859;47.26;1.38;1828;1181;1181;11;1170;64.61;0.93
82318;226401;16;Sopockie Ognisko Plastyczne 81-821 Sopot ul. Księżycowa 3b;1342;503;503;8;495;37.48;1.59;1279;744;744;15;729;58.17;2.02
82319;226401;17;Spółdzielnia Mieszkaniowa im. Józefa Ignacego Kraszewskego 81-815 Sopot ul. Józefa Ignacego Kraszewskiego Klub Potok 31;1810;835;835;13;822;46.13;1.56;1734;1164;1164;16;1148;67.13;1.37
82320;226401;18;Gimnazjum Nr 2 81-816 Sopot ul. Wejherowska 1;1008;379;379;6;373;37.60;1.58;995;583;583;5;578;58.59;0.86
82321;226401;19;Miejska Bblioteka Publiczna 81-862 Sopot ul. Mazowiecka 26;1552;697;697;4;693;44.91;0.57;1501;1025;1025;7;1018;68.29;0.68
82322;226401;20;Szkoła Podstawowa Nr 9 81-881 Sopot ul. Oskara Kolberga 15;1546;695;695;7;688;44.95;1.01;1489;1002;1002;7;995;67.29;0.70
82323;226401;21;Przedszkole Nr 12 81-881 Sopot ul. Oskara Kolberga 8;1594;754;754;5;749;47.30;0.66;1518;1047;1047;11;1036;68.97;1.05
91286;226401;22;Wojewódzki Zespół Reumatologiczny im.Dr Jadwigi Titz- Kosko w Sopocie 81-759 Sopot Grunwaldzka 1-3;48;26;26;1;25;54.17;3.85;65;44;44;3;41;67.69;6.82
91853;229901;1000;Oceania ;19;19;19;2;17;100.00;10.53;20;20;20;1;19;100.00;5.00
91856;229901;1003;Baltic Beta ;63;56;56;6;50;88.89;10.71;48;48;48;1;47;100.00;2.08
91857;229901;1004;LOTOS Petrobaltic ;49;49;49;7;42;100.00;14.29;64;64;64;1;63;100.00;1.56
82324;240101;1;Przedszkole Miejskie Nr 15 42-506 Będzin ul. Barlickiego 75;764;145;145;1;144;18.98;0.69;767;351;351;14;337;45.76;3.99
82325;240101;2;Szkoła Podstawowa Nr 6 42-506 Będzin ul. Marii Konopnickiej 13;1727;251;251;9;242;14.53;3.59;1691;668;668;26;642;39.50;3.89
82326;240101;3;Miejski Zespół Szkół Nr 3 42-506 Będzin ul. Hugo Kołłątaja 63;919;243;243;5;238;26.44;2.06;927;518;518;5;513;55.88;0.97
82327;240101;4;Przedszkole Miejskie Nr 14 42-506 Będzin ul. Romualda Traugutta 1;1210;286;286;6;280;23.64;2.10;1192;621;621;13;608;52.10;2.09
82328;240101;5;Ośrodek Kultury Filia w Grodźcu 42-506 Będzin ul. Juliusza Słowackiego 2;2092;397;397;10;387;18.98;2.52;2053;975;976;21;954;47.49;2.15
82329;240101;6;Przedszkole Miejskie Nr 2 42-500 Będzin ul. Turniejowa 5;1416;351;351;14;337;24.79;3.99;1394;766;766;13;753;54.95;1.70
82330;240101;7;Miejski Zespół Szkół Nr 1 42-500 Będzin ul. Wolności 51;666;196;196;7;189;29.43;3.57;657;420;420;2;418;63.93;0.48
82331;240101;8;Przedszkole Miejskie Nr 2 42-500 Będzin ul. Turniejowa 5;1897;612;612;13;599;32.26;2.12;1838;1188;1188;8;1180;64.64;0.67
82332;240101;9;Miejski Zespół Szkół Nr 1 42-500 Będzin ul. Wolności 51;1262;386;386;11;375;30.59;2.85;1233;782;782;7;775;63.42;0.90
82333;240101;10;Remsen Invsetments Sp. z o.o. S.K.A Warszawa, Oddział Południe 42-500 Będzin ul. Brzozowicka 47/49;581;174;174;4;170;29.95;2.30;620;382;382;6;376;61.61;1.57
82334;240101;11;Miejski Zespół Szkół nr 4 Hala Sportowa 42-504 Będzin ul. Jedności 38;1802;364;364;15;349;20.20;4.12;1806;910;910;17;893;50.39;1.87
82335;240101;12;Ochotnicza Straż Pożarna Łagisza 42-504 Będzin ul. Pokoju 44;935;207;207;21;186;22.14;10.14;948;511;511;4;507;53.90;0.78
82336;240101;13;Przedszkole Miejskie Nr 11 42-504 Będzin ul. Podłosie 10;797;176;176;7;169;22.08;3.98;813;402;402;3;399;49.45;0.75
82337;240101;14;Szkoła Podstawowa nr 11 42-500 Będzin ul. Władysława Broniewskiego 12;1335;356;356;7;349;26.67;1.97;1273;674;674;16;658;52.95;2.37
82338;240101;15;Powiatowy Młodzieżowy Dom Kultury 42-500 Będzin ul. Powstańców Śląskich 1;968;245;245;5;240;25.31;2.04;950;496;496;12;484;52.21;2.42
82339;240101;16;Spółdzielnia Mieszkaniowa „Wspólnota” Klub Rytm 42-500 Będzin ul. Zwycięstwa 12;836;207;207;7;200;24.76;3.38;812;417;417;8;409;51.35;1.92
82340;240101;17;Miejski Zespół Szkól Nr 2 42-500 Będzin ul. Rewolucjonistów 18;1734;455;455;24;431;26.24;5.27;1679;955;955;26;929;56.88;2.72
82341;240101;18;Przedszkole Miejskie nr 5 42-500 Będzin ul. Zwycięstwa 21;1997;401;401;11;390;20.08;2.74;1926;877;877;28;849;45.53;3.19
82342;240101;19;Miejski Zespół Szkól Nr 2 42-500 Będzin ul. Rewolucjonistów 18;1646;434;434;11;423;26.37;2.53;1620;938;938;13;925;57.90;1.39
82343;240101;20;Przedszkole Miejskie Nr 13 42-500 Będzin ul. Józefa Skalskiego 4;1239;338;338;14;324;27.28;4.14;1246;712;712;20;692;57.14;2.81
82344;240101;21;Przedszkole Miejskie Nr 13 42-500 Będzin ul. Józefa Skalskiego 4;1222;309;309;15;294;25.29;4.85;1199;696;696;14;682;58.05;2.01
82345;240101;22;Miejski Zespół Szkół Nr 2 42-500 Będzin ul. Rewolucjonistów 18;852;196;196;9;187;23.00;4.59;829;407;407;3;404;49.10;0.74
82346;240101;23;Szkoła Podstawowa nr 1 42-500 Będzin ul. Szkolna 3;1530;361;361;9;352;23.59;2.49;1543;964;964;11;953;62.48;1.14
82347;240101;24;Szkoła Podstawowa nr 1 42-500 Będzin ul. Szkolna 3;1632;466;466;6;460;28.55;1.29;1598;919;919;17;902;57.51;1.85
82348;240101;25;I Liceum Ogólnokształcące im. Mikołaja Kopernika 42-500 Będzin ul. Mikołaja Kopernika 2;1894;341;341;9;332;18.00;2.64;1871;785;785;22;763;41.96;2.80
82349;240101;26;Ośrodek Kultury 42-500 Będzin ul. Stanisława Małachowskiego 43;1794;321;321;13;308;17.89;4.05;1709;671;671;20;651;39.26;2.98
82350;240101;27;Zespół Szkół Techniczno - Usługowych 42-500 Będzin ul. 11 Listopada 3;979;224;224;10;214;22.88;4.46;931;425;425;9;416;45.65;2.12
82351;240101;28;Przedszkole Miejskie Nr 1 42-500 Będzin ul. Zawale 7;1529;240;240;12;228;15.70;5.00;1501;578;578;17;561;38.51;2.94
82352;240101;29;II Liceum Ogólnokształcące im. St. Wyspiańskiego 42-500 Będzin ul. Teatralna 5;711;156;156;1;155;21.94;0.64;695;310;310;8;302;44.60;2.58
82353;240101;30;Szkoła Podstawowa Nr 4 Hala Sportowa 42-500 Będzin ul. Wawrzyńca Stalickiego 1;1370;263;263;6;257;19.20;2.28;1356;612;612;9;603;45.13;1.47
82354;240101;31;GPW S.A. Stacja Uzdatniania Wody Będzin 42-500 Będzin ul. Siemońska 45;1374;285;285;13;272;20.74;4.56;1361;686;686;15;671;50.40;2.19
82355;240101;32;Przedszkole Miejskie Nr 6 42-500 Będzin ul. Wawrzyńca Stalickiego 10a;1399;289;289;16;273;20.66;5.54;1364;663;663;20;643;48.61;3.02
82356;240101;33;Administracja Nieruchomości Budynek Biurowy Tadeusz Kożuch 42-500 Będzin ul. Koszelew 7;1129;180;180;5;175;15.94;2.78;1109;514;514;18;496;46.35;3.50
82357;240101;34;Szkoła Podstawowa Nr 8 42-500 Będzin ul. Orla 4;1475;295;295;8;287;20.00;2.71;1471;749;749;6;743;50.92;0.80
82358;240101;35;Przedszkole Miejskie Nr 10 42-500 Będzin ul. Kielecka 11;1735;400;400;13;387;23.05;3.25;1685;949;949;18;931;56.32;1.90
91287;240101;36;Dom Pomocy Społecznej 42-506 Będzin Fryderyka Chopina 1;58;29;29;2;27;50.00;6.90;60;24;24;8;16;40.00;33.33
91288;240101;37;PZZOZ Szpital w Będzinie 42-500 Będzin Stanisława Małachowskiego 12;82;16;16;2;14;19.51;12.50;77;24;24;1;23;31.17;4.17
82359;240102;1;Dom Pomocy Społecznej „Senior” 41-250 Czeladź ul. Szpitalna 5A;1206;291;291;3;288;24.13;1.03;1198;597;597;14;583;49.83;2.35
82360;240102;2;Przedszkole Nr 11 41-250 Czeladź ul. Kombatantów 2;1349;283;283;6;277;20.98;2.12;1323;693;693;15;678;52.38;2.16
82361;240102;3;Miejski Ośrodek Pomocy Społecznej 41-250 Czeladź ul. 17 Lipca 27;1330;259;259;7;252;19.47;2.70;1294;680;680;16;664;52.55;2.35
82362;240102;4;Miejski Zespół Szkół 41-250 Czeladź ul. Szkolna 6;1431;246;246;5;241;17.19;2.03;1424;598;598;19;579;41.99;3.18
82363;240102;5;Przedszkole Nr 7 41-250 Czeladź ul. Waryńskiego 19;1103;171;171;6;165;15.50;3.51;1070;473;474;16;457;44.21;3.38
82364;240102;6;Przedszkole nr 4 41-250 Czeladź ul. Miasta Auby 14;1501;349;349;11;338;23.25;3.15;1467;712;712;23;689;48.53;3.23
82365;240102;7;Gimnazjum Nr 2 41-250 Czeladź ul. Katowicka 42;1585;468;468;8;460;29.53;1.71;1559;968;968;17;951;62.09;1.76
82366;240102;8;Szkoła Podstawowa Nr 1 41-250 Czeladź ul. Reymonta 80;1532;359;359;5;354;23.43;1.39;1490;766;766;13;753;51.41;1.70
82367;240102;9;Przedszkole Nr 9 41-250 Czeladź ul. 35 Lecia PRL 8;1198;319;319;9;310;26.63;2.82;1153;672;672;6;666;58.28;0.89
82368;240102;10;Szkoła Podstawowa nr 3 41-250 Czeladź ul. Staszica 47;1183;280;280;7;273;23.67;2.50;1144;630;630;14;616;55.07;2.22
82369;240102;11;Żłobek Miejski 41-250 Czeladź ul. 35 Lecia PRL 6;1104;188;188;2;186;17.03;1.06;1075;487;487;24;463;45.30;4.93
82370;240102;12;Muzeum Miejskie Saturn 41-250 Czeladź ul. Dehnelów 10;1198;224;224;8;216;18.70;3.57;1172;561;561;20;541;47.87;3.57
82371;240102;13;Muzeum Miejskie „Saturn 41-253 Czeladź, Piaski ul. Dehnelów 10;1088;263;263;7;256;24.17;2.66;1054;595;595;18;577;56.45;3.03
82372;240102;14;Muzeum Miejskie „Saturn” 41-253 Czeladź, Piaski ul. Dehnelów 10;1108;245;245;6;239;22.11;2.45;1091;580;580;3;577;53.16;0.52
82373;240102;15;Siedziba Zarządu KS Górnik Piaski 41-253 Czeladź, Piaski ul. Mickiewicza;1309;245;245;7;238;18.72;2.86;1280;673;673;13;660;52.58;1.93
82374;240102;16;Miejski Ośrodek Pomocy Społecznej 41-253 Czeladź, Piaski ul. Zwycięstwa 6;1407;268;268;9;259;19.05;3.36;1374;678;678;15;663;49.34;2.21
82375;240102;17;Przedszkole nr 10 41-253 Czeladź, Piaski ul. Żeromskiego 19;1288;214;214;15;199;16.61;7.01;1234;573;573;13;560;46.43;2.27
82376;240102;18;Gimnazjum nr 3 41-253 Czeladź ul. Lwowska 2;1453;293;293;5;288;20.17;1.71;1129;785;785;15;770;69.53;1.91
82377;240102;19;Szkoła Podstawowa nr 7 41-253 Czeladź ul. Spacerowa 2;1176;295;295;12;283;25.09;4.07;1139;622;622;6;616;54.61;0.96
82378;240102;20;Przedszkole nr 5 41-253 Czeladź ul. Krótka 1;1176;344;344;15;329;29.25;4.36;1115;675;675;12;663;60.54;1.78
82379;240102;21;Szkoła Podstaowa nr 7 41-253 Czeladź ul. Spacerowa 2;1216;278;278;10;268;22.86;3.60;1195;684;684;14;670;57.24;2.05
91289;240102;22;Powiatowy Zespół Zakładów Opieki Zdrowotnej- Szpital w Czeladzi 41-250 Czeladź ul. Szpitalna 40;225;60;60;5;55;26.67;8.33;197;53;53;2;51;26.90;3.77
82380;240103;1;Szkoła Podstawowa Nr 1 42-580 Wojkowice ul. Jana III Sobieskiego 29;1394;276;276;13;263;19.80;4.71;1389;693;693;9;684;49.89;1.30
82381;240103;2;Centrum Młodzieżowe 42-580 Wojkowice ul. Jana III Sobieskiego 125;1112;138;138;13;125;12.41;9.42;1085;388;388;14;374;35.76;3.61
82382;240103;3;Gimnazjum 42-580 Wojkowice ul. Jana III Sobieskiego 211b;1983;384;384;7;377;19.36;1.82;1915;947;947;21;926;49.45;2.22
82383;240103;4;Urząd Miasta 42-580 Wojkowice ul. Jana III Sobieskiego 290a;1185;282;282;8;274;23.80;2.84;1163;569;569;16;553;48.93;2.81
82384;240103;5;Miejski Ośrodek Kultury 42-580 Wojkowice ul. Jaworznik 6;1856;465;466;9;456;25.05;1.94;1866;1091;1091;28;1063;58.47;2.57
91290;240103;6;Zakład Karny 42-580 Wojkowice Jana III Sobieskiego 298;607;168;168;39;129;27.68;23.21;561;204;204;21;183;36.36;10.29
91291;240103;7;Zakład Karny Oddział Aresztu Śledczego 42-580 Wojkowice Jana III Sobieskiego 298;393;136;136;19;117;34.61;13.97;369;210;210;43;167;56.91;20.48
82385;240104;1;Gminny Ośrodek Kultury 42-583 Bobrowniki ul. Sienkiewicza 121A;1342;342;342;10;332;25.48;2.92;1339;722;722;12;710;53.92;1.66
82386;240104;2;Przedszkole Publiczne 42-583 Bobrowniki ul. 1 Maja 73a;1225;225;225;7;218;18.37;3.11;1207;568;568;7;561;47.06;1.23
82387;240104;3;Zespół Szkolno - Przedszkolny 42-584 Dobieszowice ul. Kościuszki 32;1615;358;358;12;346;22.17;3.35;1600;812;812;13;799;50.75;1.60
82388;240104;4;Remiza OSP 42-595 Myszkowice ul. Strażacka 1;335;66;66;5;61;19.70;7.58;348;161;161;2;159;46.26;1.24
82389;240104;5;Gminny Ośrodek Kultury Filia w Rogoźniku - „Sołtysówka” 42-582 Rogoźnik ul. Kościuszki 56;1234;294;294;3;291;23.82;1.02;1238;694;694;36;658;56.06;5.19
82390;240104;6;Przedszkole Publiczne 42-582 Rogoźnik ul. Zacisze 1;1230;297;297;7;290;24.15;2.36;1229;644;644;17;627;52.40;2.64
82391;240104;7;Zespół Szkolno - Przedszkolny 42-595 Sączów ul. Szkolna 5;1149;246;246;8;238;21.41;3.25;1144;577;577;13;564;50.44;2.25
82392;240104;8;Gimnazjum Publiczne 42-595 Siemonia ul. Kościuszki 71;788;188;188;17;171;23.86;9.04;773;455;455;17;438;58.86;3.74
82393;240104;9;Remiza OSP 42-595 Twardowice ul. Wolności 31;354;55;55;0;55;15.54;0.00;352;186;186;3;183;52.84;1.61
82394;240104;10;Remiza OSP 42-584 Wymysłów ul. Kościuszki 21;509;114;114;3;111;22.40;2.63;499;275;275;3;272;55.11;1.09
82395;240105;1;Gminna Biblioteka Publiczna w Mierzęcicach 42-460 Mierzęcice ul.Wolności 62a;982;189;189;7;182;19.25;3.70;992;472;472;10;462;47.58;2.12
82396;240105;2;Szkoła Podstawowa w Przeczycach 42-460 Przeczyce ul.Tysiąclecia 6;1183;169;169;8;161;14.29;4.73;1181;510;510;11;499;43.18;2.16
82397;240105;3;Szkoła Podstawowa w Toporowicach 42-460 Toporowice ul.Czerwonego Zagłębia 6;779;109;109;4;105;13.99;3.67;772;384;384;13;371;49.74;3.39
82398;240105;4;Zespół Szkolno-Przedszkolny w Nowej Wsi 42-460 Nowa Wieś ul.Zawadzkiego 161;834;161;161;4;157;19.30;2.48;827;429;429;8;421;51.87;1.86
82399;240105;5;Szkoła Podstawowa w Boguchwałowicach 42-460 Boguchwałowice ul.Buczka 1;635;99;99;6;93;15.59;6.06;637;297;297;8;289;46.62;2.69
82400;240105;6;Remiza OSP w Sadowiu 42-460 Sadowie ul.Dworska 3 B;485;72;72;9;63;14.85;12.50;493;240;240;10;230;48.68;4.17
82401;240105;7;Szkoła Podstawowa Nr 2 w Mierzęcicach 42-460 Mierzęcice ul.Kolejowa 122;709;145;145;4;141;20.45;2.76;696;376;376;10;366;54.02;2.66
82402;240105;8;Siedziba OSP w Mierzęcicach II 42-460 Mierzęcice ul.Kolejowa 4;520;79;79;3;76;15.19;3.80;524;237;237;6;231;45.23;2.53
82403;240106;1;Szkoła Podstawowa w Dąbiu 42-504 Dąbie ul. Pocztowa 39;869;144;144;2;142;16.57;1.39;883;470;470;14;456;53.23;2.98
82404;240106;2;Remiza Ochotniczej Straży Pożarnej w Goląszy - Brzękowicach 42-504 Brzękowice Górne 2;591;105;105;1;104;17.77;0.95;583;277;277;6;271;47.51;2.17
82405;240106;3;Remiza Ochotniczej Straży Pożarnej w Górze Siewierskiej 42-575 Góra Siewierska ul. Szopena 5;766;187;187;11;176;24.41;5.88;778;431;431;8;423;55.40;1.86
82406;240106;4;Szkoła Podstawowa w Gródkowie 42-575 Grodków ul. Leśna 2;767;194;194;8;186;25.29;4.12;764;452;452;10;442;59.16;2.21
82407;240106;5;Budynek byłej Szkoły Podstawowej w Malinowicach 42-512 Malinowice ul. Szkolna 23;602;131;131;11;120;21.76;8.40;610;336;336;12;324;55.08;3.57
82408;240106;6;Dom Kultury w Preczowie 42-512 Preczów ul. Dębowa 1;738;172;172;11;161;23.31;6.40;761;423;423;6;417;55.58;1.42
82409;240106;7;Gimnazjum w Psarach 42-512 Psary ul. Szkolna 32;2272;442;442;12;430;19.45;2.71;2270;1135;1135;23;1112;50.00;2.03
82410;240106;8;Szkoła Podstawowa w Sarnowie 42-512 Sarnów ul. Szkolna 5;1516;360;360;14;346;23.75;3.89;1506;835;835;35;800;55.44;4.19
82411;240106;9;Szkoła Podstawowa w Strzyżowicach 42-575 Strzyżowice ul. 1 Maja 17;1504;313;313;7;306;20.81;2.24;1520;806;806;12;794;53.03;1.49
82412;240107;1;Liceum Ogólnokształcące 42-470 Siewierz ul. Kościuszki 15;2476;553;553;21;532;22.33;3.80;2459;1230;1230;31;1199;50.02;2.52
82413;240107;2;Miejsko-Gminny Ośrodek Kultury 42-470 Siewierz ul. Słowackiego 2a;2093;540;540;19;521;25.80;3.52;2087;1209;1209;19;1190;57.93;1.57
82414;240107;3;Centrum Kulturalno-Edukacyjne w Brudzowicach 42-470 Brudzowice, Szkolna ul. Szkolna 2;987;178;178;8;170;18.03;4.49;991;413;413;13;400;41.68;3.15
82415;240107;4;Budynek szkolny w Dziewkach 42-470 Dziewki 52;590;106;106;8;98;17.97;7.55;598;299;299;12;287;50.00;4.01
82416;240107;5;Zespół Szkolno-Przedszkolny 42-510 Wojkowice Kościelne ul. Zachodnia 4;2212;408;408;13;395;18.44;3.19;2195;1090;1090;30;1060;49.66;2.75
82417;240107;6;Zespół Szkolno-Przedszkolny 42-470 Żelisławice ul. Przyszłości 9;1447;265;265;8;257;18.31;3.02;1455;659;659;15;644;45.29;2.28
82418;240107;7;Remiza Ochotniczej Straży Pożarnej w Gołuchowicach 42-470 Gołuchowice 82;331;47;47;1;46;14.20;2.13;327;157;157;2;155;48.01;1.27
91292;240107;8;Szpital Chorób Płuc w Siewierzu Sp. z o.o. 42-470 Siewierz Oleśnickiego 21;25;6;6;1;5;24.00;16.67;31;6;6;0;6;19.35;0.00
82419;240108;1;Szkoła Podstawowa im. Jana Baranowskiego 41-260 Sławków ul. Browarna 55;1182;238;238;6;232;20.14;2.52;1188;625;625;13;612;52.61;2.08
82420;240108;2;Szkoła Podstawowa im. Jana Baranowskiego 41-260 Sławków ul. Browarna 55;1096;252;252;9;243;22.99;3.57;1080;571;571;11;560;52.87;1.93
82421;240108;3;Zespół Szkół im. Jana Pawła II 41-260 Sławków ul. gen. Władysława Sikorskiego 4;1237;322;322;18;304;26.03;5.59;1204;669;669;24;645;55.56;3.59
82422;240108;4;Miejska Biblioteka Publiczna 41-260 Sławków ul. gen. Władysława Sikorskiego 4;1123;230;230;6;224;20.48;2.61;1136;584;584;15;569;51.41;2.57
82423;240108;5;Szkolne Schronisko Młodzieżowe 41-260 Sławków, Niwa ul. Niwa 45;1114;229;229;6;223;20.56;2.62;1105;592;592;12;580;53.57;2.03
82424;240201;1;Zespół Szkoły Podstawowej i Gimnazjum Nr 1 43-370 Szczyrk ul. Szkolna 9;1585;409;409;17;392;25.80;4.16;1586;919;919;12;907;57.94;1.31
82425;240201;2;Miejski Ośrodek Kultury, Promocji i Informacji 43-370 Szczyrk ul. Myśliwska 34;1408;370;370;8;362;26.28;2.16;1394;776;776;16;760;55.67;2.06
82426;240201;3;Zespół Szkoły Podstawowej i Gimnazjum Nr 2 43-370 Szczyrk ul. Myśliwska 154;675;208;208;4;204;30.81;1.92;681;432;432;16;416;63.44;3.70
82427;240201;4;OSW „Exploris” 43-370 Szczyrk ul. Salmopolska 30;1065;237;237;3;234;22.25;1.27;1062;577;577;17;560;54.33;2.95
82428;240202;1;Dom Strażaka 43-512 Bestwina ul. Kościelna 41;1877;534;534;25;509;28.45;4.68;1884;1116;1116;24;1092;59.24;2.15
82429;240202;2;Szkoła Podstawowa 43-512 Bestwina ul. Szkolna 11;1868;525;525;13;512;28.10;2.48;1910;1138;1138;25;1113;59.58;2.20
82430;240202;3;Szkoła Podstawowa 43-512 Bestwinka ul. Dworkowa 3;1303;330;330;10;320;25.33;3.03;1321;764;764;15;749;57.83;1.96
82431;240202;4;Szkoła Podstawowa 43-512 Janowice ul. Korczaka 2;1375;390;390;19;371;28.36;4.87;1405;868;868;18;850;61.78;2.07
82432;240202;5;Szkoła Podstawowa 43-514 Kaniów ul. Batalionów Chłopskich 15;1318;300;300;13;287;22.76;4.33;1334;720;720;26;694;53.97;3.61
82433;240202;6;Szkoła Podstawowa 43-514 Kaniów ul. Batalionów Chłopskich 15;1223;317;317;9;308;25.92;2.84;1261;751;751;18;733;59.56;2.40
82434;240203;1;Urząd Gminy (Biblioteka) 43-374 Buczkowice ul. Lipowska 730;1769;462;462;17;445;26.12;3.68;1765;1048;1048;15;1033;59.38;1.43
82435;240203;2;Urząd Gminy (Sala Posiedzeń) 43-374 Buczkowice ul. Lipowska 730;1702;422;422;8;414;24.79;1.90;1698;1026;1026;24;1002;60.42;2.34
82436;240203;3;Szkoła Podstawowa (Świetlica) 43-378 Rybarzowice ul. Beskidzka 242;1159;371;371;7;364;32.01;1.89;1140;714;714;17;697;62.63;2.38
82437;240203;4;Szkoła Podstawowa (Sala Lekcyjna Nr 5) 43-378 Rybarzowice ul. Beskidzka 242;1582;467;467;16;451;29.52;3.43;1583;854;854;24;830;53.95;2.81
82438;240203;5;Szkoła Podstawowa (Świetlica) 43-376 Godziszka ul. Beskidzka 162;1845;399;399;14;385;21.63;3.51;1848;987;987;20;967;53.41;2.03
82439;240203;6;Szkoła Podstawowa (Sala Lekcyjna Nr 1) 43-376 Kalna ul. Widokowa 66;692;231;231;7;224;33.38;3.03;703;439;439;13;426;62.45;2.96
82440;240204;1;Gimnazjum Publiczne Nr 1 43-502 Czechowice-Dziedzice Polna 33;1954;499;499;15;484;25.54;3.01;1951;1163;1163;18;1145;59.61;1.55
82441;240204;2;Szkoła Podstawowa Nr 2 43-502 Czechowice-Dziedzice ul. Węglowa 54;1690;431;431;8;423;25.50;1.86;1660;921;921;20;901;55.48;2.17
82442;240204;3;Zespół Szkół „Silesia” 43-502 Czechowice-Dziedzice Nad Białką 1e;1862;372;372;18;354;19.98;4.84;1828;853;853;26;827;46.66;3.05
82443;240204;4;Zespół Szkół Technicznych i Licealnych 43-502 Czechowice-Dziedzice ul. R. Traugutta 11;1879;535;535;14;521;28.47;2.62;1890;1103;1103;19;1084;58.36;1.72
82444;240204;5;Przedszkole Publiczne Nr 4 43-502 Czechowice-Dziedzice ul. K.P. Tetmajera 18;1855;502;502;10;492;27.06;1.99;1822;1096;1096;18;1078;60.15;1.64
82445;240204;6;Szkoła Podstawowa Nr 7 43-502 Czechowice-Dziedzice ul. Szkolna 6;1831;548;548;11;537;29.93;2.01;1790;1060;1060;13;1047;59.22;1.23
82446;240204;7;Strażnica OSP „Dziedzice” 43-502 Czechowice-Dziedzice ul. Strażacka 1;968;267;267;6;261;27.58;2.25;961;527;527;4;523;54.84;0.76
82447;240204;8;Liceum Ogólnokształcące 43-502 Czechowice-Dziedzice ul. M. Konopnickiej 9;2057;578;578;24;554;28.10;4.15;2021;1137;1137;30;1107;56.26;2.64
82448;240204;9;Szkoła Podstawowa Nr 5 43-502 Czechowice-Dziedzice ul. Klasztorna 21;1981;645;645;20;625;32.56;3.10;1947;1207;1207;14;1193;61.99;1.16
82449;240204;10;Strażnica OSP „Czechowice” 43-502 Czechowice-Dziedzice ul. Barlickiego 24;2066;493;493;4;489;23.86;0.81;2005;1023;1023;20;1003;51.02;1.96
82450;240204;11;Szkoła Podstawowa Nr 4 43-502 Czechowice-Dziedzice ul. Studencka 2;1722;424;424;14;410;24.62;3.30;1702;857;857;20;837;50.35;2.33
82451;240204;12;Gimnazjum Publiczne Nr 3 43-502 Czechowice-Dziedzice ul. I. Łukasiewicza 37;1308;360;360;7;353;27.52;1.94;1349;705;705;14;691;52.26;1.99
82452;240204;13;Przedszkole Publiczne Nr 3 43-502 Czechowice-Dziedzice ul. Junacka 2;1491;372;372;5;367;24.95;1.34;1470;825;825;15;810;56.12;1.82
82453;240204;14;Strażnica OSP „Czechowice” 43-502 Czechowice-Dziedzice ul. Zamkowa 74;1297;322;322;7;315;24.83;2.17;1341;771;771;22;749;57.49;2.85
82454;240204;15;Szkoła Podstawowa Nr 3 43-502 Czechowice-Dziedzice ul. Lipowska 26;1912;609;609;9;600;31.85;1.48;1947;1285;1285;33;1252;66.00;2.57
82455;240204;16;Zespół Szkolno Przedszkolny Nr 1 43-502 Czechowice-Dziedzice ul. Chłopska 70;2058;535;535;12;523;26.00;2.24;2083;1247;1247;34;1213;59.87;2.73
82456;240204;17;Strażnica OSP 43-516 Zabrzeg ul. T. Gazdy 3;1340;345;345;12;333;25.75;3.48;1347;816;816;14;802;60.58;1.72
82457;240204;18;Zespół Szkół 43-516 Zabrzeg ul. K. Pytla 1;1307;346;346;8;338;26.47;2.31;1301;783;783;17;766;60.18;2.17
82458;240204;19;Szkoła Podstawowa Nr 2 43-518 Ligota ul. Miliardowicka 46;1702;415;415;19;396;24.38;4.58;1724;992;992;23;969;57.54;2.32
82459;240204;20;Szkoła Podstawowa Nr 3 43-518 Ligota ul. Bory 2;815;200;200;5;195;24.54;2.50;828;478;478;11;467;57.73;2.30
82460;240204;21;Zespół Szkół 43-518 Ligota ul. Bielska 17;1163;317;317;5;312;27.26;1.58;1158;675;675;24;651;58.29;3.56
82461;240204;22;Strażnica OSP 43-502 Bronów ul. A. Czyża 12;853;242;242;6;236;28.37;2.48;862;572;572;14;558;66.36;2.45
91293;240204;23;Dom Pomocy Społecznej „Złota Jesień” 43-502 Czechowice-Dziedzice ul. Zacisze 28;28;21;21;3;18;75.00;14.29;24;17;17;1;16;70.83;5.88
82462;240205;1;Zespół Szkolno- Przedzkolny Wieszczeta 50 43-386 Bielowicko, Wieszczeta 50;882;215;215;8;207;24.38;3.72;888;481;481;14;467;54.17;2.91
82463;240205;2;Gminny Ośrodek Kultury w Jasienicy Filia w Bierach 43-386 Biery 219;1003;320;320;14;306;31.90;4.38;1026;671;671;17;654;65.40;2.53
82464;240205;3;Zespół Szkolno-Przedrzedszkolny 43-386 Grodziec 9;983;385;385;11;374;39.17;2.86;980;558;559;11;547;56.94;1.97
82465;240205;4;Zespół Szkolno- Przedszkolny 43-394 Iłownica 127;777;166;166;7;159;21.36;4.22;789;415;415;10;405;52.60;2.41
82466;240205;5;Zespół Szkolno-Przedszkolny 43385 Jasienica 271;1686;491;491;15;476;29.12;3.05;1701;967;967;21;946;56.85;2.17
82467;240205;6;Urząd Gminy Jasienica 43385 Jasienica 159;1773;480;480;10;470;27.07;2.08;1772;1013;1013;21;992;57.17;2.07
82468;240205;7;Budynek sportowo- kulturalny 43-385 Jasienica 1360;688;239;239;4;235;34.74;1.67;687;420;420;3;417;61.14;0.71
82469;240205;8;Ochotnicza Straż Pożarna 43-394 Landek 79;461;100;100;4;96;21.69;4.00;461;244;244;7;237;52.93;2.87
82470;240205;9;Gminny Ośrodek Kultury w Jasienicy Filia w Rudzicy 43-394 Rudzica 124;1397;440;440;9;431;31.50;2.05;1416;851;851;16;835;60.10;1.88
82471;240205;10;Gimnazjum im. Jana Pawła II 43-394 Rudzica 52;855;292;292;5;287;34.15;1.71;881;517;517;7;510;58.68;1.35
82472;240205;11;Szkoła Podstawowa w Świętoszówce Filia Łazy 43-386 Łazy 41;691;233;233;11;222;33.72;4.72;702;415;415;18;397;59.12;4.34
82473;240205;12;Gminny Ośrodek Kultury w Jasienicy Filia Mazańcowice 43-391 Mazańcowice 347;1022;269;269;3;266;26.32;1.12;1050;695;695;11;684;66.19;1.58
82474;240205;13;Zespół Szkolno- Przedszkolny 43-391 Mazańcowice 162;860;214;214;1;213;24.88;0.47;831;488;488;6;482;58.72;1.23
82475;240205;14;Ochotnicza Straż Pożarna 43-391 Mazańcowice 350;931;311;311;4;307;33.40;1.29;931;601;601;5;596;64.55;0.83
82476;240205;15;Budynek kulturalno-sportowy 43-392 Międzyrzecze Dolne 214;858;195;195;6;189;22.73;3.08;875;480;480;13;467;54.86;2.71
82477;240205;16;Zespół Szkolno-Przedszkolny 43-392 Międzyrzecze Górne 81;809;251;251;5;246;31.03;1.99;800;495;495;13;482;61.88;2.63
82478;240205;17;Gminny Ośrodek Kultury w Jasienicy Filia w Międzyrzeczu Górnym „Chata Międzyrzecze” 43-392 Międzyrzecze Górne 511;1134;362;362;13;349;31.92;3.59;1160;698;698;38;660;60.17;5.44
82479;240205;18;Ochotnicza Straż Pożarna 43-394 Roztropce 145;574;134;134;11;123;23.34;8.21;573;276;276;10;266;48.17;3.62
82480;240205;19;Zespół Szkolno-Przedszkolny 43-386 Świętoszówka 40;504;132;132;7;125;26.19;5.30;494;273;273;9;264;55.26;3.30
82481;240206;1;Szkoła Podstawowa Nr 1 im. Marii Dąbrowskiej 43-384 Jaworze ul. Szkolna 180;1697;599;599;13;586;35.30;2.17;1723;1046;1048;27;1019;60.71;2.58
82482;240206;2;Szkoła Podstawowa Nr 1 im. Marii Dąbrowskiej 43-384 Jaworze ul. Szkolna 180;1602;463;463;11;452;28.90;2.38;1632;913;914;16;897;55.94;1.75
82483;240206;3;Szkoła Podstawowa Nr 1 im. Marii Dąbrowskiej 43-384 Jaworze Szkolna 180;2178;676;676;8;668;31.04;1.18;2195;1363;1363;12;1351;62.10;0.88
91294;240206;4;Beskidzki Zespół Leczn iczo-Rehabilitacyjny Szpital Opieki Długoterminowej budynek „Nowy Jerzy” (parter) 43-384 Jaworze Słoneczna 83;9;9;9;0;9;100.00;0.00;101;70;70;3;67;69.31;4.29
82484;240207;1;Szkoła Podstawowa Nr 1 /nowy segment budynku/ 43-340 Kozy Plac Ks. K. Kochaja 1;2113;699;699;12;687;33.08;1.72;2116;1315;1316;24;1291;62.15;1.83
82485;240207;2;Szkoła Podstawowa Nr 1 /stary segment budynku/ 43-340 Kozy Plac Ks. K. Kochaja 1;1720;594;594;13;581;34.53;2.19;1717;1080;1080;14;1066;62.90;1.30
82486;240207;3;Szkoła Podstawowa Nr 2 43-340 Kozy ul. Przecznia 1;1825;489;489;21;468;26.79;4.29;1833;1052;1052;20;1032;57.39;1.90
82487;240207;4;Dom Kultury 43-340 Kozy ul. Krakowska 2;2172;625;625;16;609;28.78;2.56;2185;1335;1335;40;1295;61.10;3.00
82488;240207;5;Strażnica OSP 43-340 Kozy ul. Bielska 15;2130;551;551;7;544;25.87;1.27;2138;1211;1212;24;1187;56.64;1.98
82489;240208;1;Zespół Szkół 43-356 Bujaków ul. Szkolna 13;1795;429;429;16;413;23.90;3.73;1802;1021;1021;13;1008;56.66;1.27
82490;240208;2;Szkoła Podstawowa 43-354 Czaniec ul. Kardynała Karola Wojtyły 32;1343;274;274;10;264;20.40;3.65;1333;762;762;22;740;57.16;2.89
82491;240208;3;Szkoła Podstawowa 43-354 Czaniec ul. Kardynała Karola Wojtyły 32;1511;387;387;13;374;25.61;3.36;1509;881;881;19;862;58.38;2.16
82492;240208;4;Szkoła Podstawowa 43-354 Czaniec ul. Kardynała Karola Wojtyły 32;1676;488;488;10;478;29.12;2.05;1670;1005;1005;15;990;60.18;1.49
82493;240208;5;Zespół Szkół 43-356 Kobiernice ul.Szkolna 1;1834;375;375;9;366;20.45;2.40;1823;953;953;31;922;52.28;3.25
82494;240208;6;Zespół Szkół 43-356 Kobiernice ul.Szkolna 1;959;234;234;1;233;24.40;0.43;967;528;528;7;521;54.60;1.33
82495;240208;7;Szkoła Podstawowa 43-353 Porąbka ul.Krakowska 4;1600;424;424;16;408;26.50;3.77;1593;905;905;42;863;56.81;4.64
82496;240208;8;Wiejski Dom Kultury 43-353 Porąbka ul.Rynek 22;1629;395;395;14;381;24.25;3.54;1603;881;881;33;848;54.96;3.75
82497;240209;1;Urząd Gminy w Wilamowicach 43-330 Wilamowice Rynek 1;2395;735;735;19;716;30.69;2.59;2367;1485;1485;32;1453;62.74;2.15
82498;240209;2;Zespół Szkolno-Przedszkolny w Starej Wsi - budynek przedszkola w Dankowicach 43-331 Dankowice ul. Św. Wojciecha 25;2239;512;512;17;495;22.87;3.32;2259;1285;1285;33;1252;56.88;2.57
82499;240209;3;Zespół Szkolno - Przedszkolny Hecznarowice 43-330 Hecznarowice ul. Krakowska 110;1912;555;555;14;541;29.03;2.52;1914;1199;1199;37;1162;62.64;3.09
82500;240209;4;Gimnazjum Pisarzowice 43-332 Pisarzowice ul. Św. Floriana 28;1768;508;508;17;491;28.73;3.35;1800;1103;1103;26;1077;61.28;2.36
82501;240209;5;Gimnazjum Pisarzowice 43-332 Pisarzowice ul. Św. Floriana 28;1640;371;371;9;362;22.62;2.43;1661;933;933;26;907;56.17;2.79
82502;240209;6;Gimnazjum Pisarzowice 43-332 Pisarzowice ul. Św. Floriana 28;892;241;241;6;235;27.02;2.49;873;462;462;16;446;52.92;3.46
82503;240209;7;Zespół Szkolno - Przedszkolny Stara Wieś 43-330 Stara Wieś ul. Dolna 12;1631;517;517;16;501;31.70;3.09;1622;961;961;36;925;59.25;3.75
82504;240209;8;Dom Ludowy w Zasolu Bielańskim 43-330 Zasole Bielańskie ul. Piękna 64;658;163;163;9;154;24.77;5.52;685;390;390;23;367;56.93;5.90
82505;240210;1;Gimnazjum 43-365 Wilkowice ul. Szkolna 8;1462;386;386;13;373;26.40;3.37;1440;804;804;12;792;55.83;1.49
82506;240210;2;Przedszkole Publiczne 43-365 Wilkowice ul. Strażacka 13;1329;367;367;7;360;27.61;1.91;1321;741;741;9;732;56.09;1.21
82507;240210;3;Szkoła Podstawowa 43-365 Wilkowice ul. Kościelna 10;1376;419;419;18;401;30.45;4.30;1373;813;813;17;796;59.21;2.09
82508;240210;4;Urząd Gminy 43-365 Wilkowice ul. Wyzwolenia 25;1251;334;334;8;326;26.70;2.40;1258;732;732;17;715;58.19;2.32
82509;240210;5;Przedszkole Publiczne 43-360 Bystra ul. Przedszkolna 3;1309;470;470;7;463;35.91;1.49;1304;848;848;11;837;65.03;1.30
82510;240210;6;Szkoła Podstawowa 43-360 Bystra ul. Klimczoka 68;2049;673;673;22;651;32.85;3.27;2080;1252;1252;8;1244;60.19;0.64
82511;240210;7;Szkoła Podstawowa 43-360 Meszna ul. Szkolna 1;1650;422;422;10;412;25.58;2.37;1703;951;951;12;939;55.84;1.26
91295;240210;8;Szpital Kolejowy, Wilkowice 43-365 Wilkowice Żywiecka 19;140;47;47;1;46;33.57;2.13;124;60;60;2;58;48.39;3.33
91296;240210;9;Centrum Pulmonologii i Torakochirurgii, Bystra 43-360 Bystra Juliana Fałata 2;148;84;84;7;77;56.76;8.33;147;98;98;4;94;66.67;4.08
91297;240210;10;Dom Pomocy Społecznej, Wilkowice 43-365 Wilkowice Kościelna 5;54;34;34;3;31;62.96;8.82;51;33;33;4;29;64.71;12.12
91298;240210;11;Dom Pomocy Społecznej Sadyba, Bystra 43-360 Bystra Klimczoka 80;70;2;2;0;2;2.86;0.00;36;9;9;0;9;25.00;0.00
82512;240301;1;PPG Polifarb Cieszyn S.A. 43-400 Cieszyn ul. Chemików 4;737;125;125;7;118;16.96;5.60;750;345;345;6;339;46.00;1.74
82513;240301;2;Ochotnicza Straż Pożarna 43-400 Cieszyn ul. Motokrosowa 18;724;199;199;4;195;27.49;2.01;737;402;402;5;397;54.55;1.24
82514;240301;3;Zespół Szkół Technicznych 43-400 Cieszyn ul. Frysztacka 48;1174;344;344;9;335;29.30;2.62;1160;649;649;12;637;55.95;1.85
82515;240301;4;Szkoła Podstawowa Nr 6 43-400 Cieszyn ul. Katowicka 68;1909;621;621;4;617;32.53;0.64;1908;1151;1151;12;1139;60.32;1.04
82516;240301;5;Niepubliczne Przedszkole im. Jasia i Małgosi 43-400 Cieszyn ul. Przepilińskiego 5;928;343;343;4;339;36.96;1.17;946;556;556;9;547;58.77;1.62
82517;240301;6;Ochotnicza Straż Pożarna 43-400 Cieszyn ul. Kościuszki 3;1789;509;509;13;496;28.45;2.55;1739;999;999;17;982;57.45;1.70
82518;240301;7;Ochotnicza Straż Pożarna 7 43-400 Cieszyn ul. Bielska 160a;917;266;266;6;260;29.01;2.26;929;540;540;28;512;58.13;5.19
82519;240301;8;Przedszkole Nr 19 43-400 Cieszyn ul. Skrajna 5;1637;466;466;13;453;28.47;2.79;1575;871;871;14;857;55.30;1.61
82520;240301;9;Ośrodek Doradztwa i Doskonalenia Kadr 43-400 Cieszyn ul. Moniuszki 4;984;303;303;8;295;30.79;2.64;967;534;534;18;516;55.22;3.37
82521;240301;10;Szkoła Podstawowa Nr 2 43-400 Cieszyn ul. Chopina 37;1327;388;388;14;374;29.24;3.61;1310;712;712;16;696;54.35;2.25
82522;240301;11;Przedszkole Nr 20 43-400 Cieszyn ul. św. Jerzego 4;1727;530;530;17;513;30.69;3.21;1703;950;950;16;934;55.78;1.68
82523;240301;12;Gimnazjum Nr 1 43-400 Cieszyn ul. Michejdy 1;1131;292;292;11;281;25.82;3.77;1090;489;489;8;481;44.86;1.64
82524;240301;13;Zespół Szkół Budowlanych im. gen. Grota Roweckiego 43-400 Cieszyn pl. Dominikański 1;758;237;237;10;227;31.27;4.22;734;361;361;12;349;49.18;3.32
82525;240301;14;Zespół Szkół Ekonomiczno - Gastronomicznych 43-400 Cieszyn pl. Londzina 3;1180;351;351;8;343;29.75;2.28;1137;544;544;16;528;47.85;2.94
82526;240301;15;II Liceum Ogólnokształcące im. M. Kopernika 43-400 Cieszyn pl. Wolności 7B;1114;351;351;8;343;31.51;2.28;1134;586;586;6;580;51.68;1.02
82527;240301;16;Szkolne Schronisko Młodzieżowe 43-400 Cieszyn ul. Błogocka 24;1710;467;467;8;459;27.31;1.71;1684;883;883;18;865;52.43;2.04
82528;240301;17;Przedszkole nr 2 Integracyjne 43-400 Cieszyn ul. Ks. Trzanowskiego 4;1698;420;420;13;407;24.73;3.10;1664;770;770;21;749;46.27;2.73
82529;240301;18;Przedszkole Nr 16 43-400 Cieszyn ul. Bielska 75;1592;466;466;16;450;29.27;3.43;1587;852;852;27;825;53.69;3.17
82530;240301;19;Spółdzielnia Mieszkaniowa „Cieszynianka” 43-400 Cieszyn ul. Kossak - Szatkowskiej 6;1802;675;675;20;655;37.46;2.96;1746;1089;1089;10;1079;62.37;0.92
82531;240301;20;Przedszkole Nr 18 43-400 Cieszyn ul. Kossak - Szatkowskiej 6;1153;394;394;23;371;34.17;5.84;1139;673;673;20;653;59.09;2.97
82532;240301;21;Ochotnicza Straż Pożarna 43-400 Cieszyn ul. gen. J. Hallera 161;1629;695;695;13;682;42.66;1.87;1633;1070;1070;12;1058;65.52;1.12
91300;240301;22;Zakład Opiekuńczo-Leczniczy Sióstr Boromeuszek 43-400 Cieszyn Górny Rynek 6;46;30;30;0;30;65.22;0.00;402;77;77;0;77;19.15;0.00
91301;240301;23;Szpital Śląski 43-400 Cieszyn Bielska 4;371;25;25;1;24;6.74;4.00;70;35;35;1;34;50.00;2.86
91302;240301;24;Zakład Karny 43-400 Cieszyn Bolesława Chrobrego 2;395;113;113;11;102;28.61;9.73;381;167;167;22;145;43.83;13.17
82533;240302;1;Szkoła Podstawowa Nr 3 43-450 Ustroń, Polana ul. Polańska 25;1168;242;242;8;234;20.72;3.31;1163;587;587;9;578;50.47;1.53
82534;240302;2;Państwowe Gospodarstwo Leśne Lasy Państwowe Nadleśnictwo 43-450 Ustroń, Poniwiec ul. 3 Maja 108;753;192;192;2;190;25.50;1.04;767;400;400;4;396;52.15;1.00
82535;240302;3;Przedszkole Nr 7 43-450 Ustroń ul. K.I.Gałczyńskiego 16;2165;676;676;12;664;31.22;1.78;2110;1207;1207;16;1191;57.20;1.33
82536;240302;4;Szkoła Podstawowa Nr 1 43-450 Ustroń ul. Partyzantów 2;1343;450;450;4;446;33.51;0.89;1411;845;845;15;830;59.89;1.78
82537;240302;5;Szkoła Podstawowa Nr 2 43-450 Ustroń ul. Ignacego Daszyńskiego 31;2069;587;587;18;569;28.37;3.07;2089;1158;1158;27;1131;55.43;2.33
82538;240302;6;Przedszkole Nr 4 43-450 Ustroń, Hermanice ul. Wiśniowa 13;2036;561;561;10;551;27.55;1.78;2034;1135;1135;16;1119;55.80;1.41
82539;240302;7;Szkoła Podstawowa nr 5 43-450 Ustroń, Lipowiec ul. Szkolna 1;1268;312;312;8;304;24.61;2.56;1286;665;665;24;641;51.71;3.61
82540;240302;8;Szkoła Podstawowa Nr 6 43-450 Ustroń, Nierodzim ul. Józefa Kreta 6;1228;331;331;15;316;26.95;4.53;1231;665;665;17;648;54.02;2.56
82541;240302;9;Gimnazjum Nr 2 43-450 Ustroń ul. Ignacego Daszyńskiego 31;924;251;251;6;245;27.16;2.39;1005;590;590;6;584;58.71;1.02
91303;240302;10;Przedsiębiorstwo Uzdrowiskowe „Ustroń” S.A. 43-450 Ustroń Sanatoryjna 1;260;240;243;0;240;92.31;0.00;1199;656;656;15;641;54.71;2.29
91304;240302;11;Śląski Szpital Reumatologiczno-Rehabilitacyjny im. gen. Jerzego Ziętka 43-450 Ustroń Szpitalna 11;192;51;51;1;50;26.56;1.96;182;129;129;4;125;70.88;3.10
91305;240302;12;Śląskie Centrum Rehabilitacji i Prewencji 43-450 Ustroń Zdrojowa 6;136;65;65;4;61;47.79;6.15;143;100;100;1;99;69.93;1.00
91306;240302;13;Miejski Dom Spokojnej Starości 43-450 Ustroń Słoneczna 10;33;30;30;0;30;90.91;0.00;33;33;33;7;26;100.00;21.21
82542;240303;1;Państwowa Szkoła Muzyczna I stopnia w Cieszynie- Filia w Wiśle 43-460 Wisła ul. 1 Maja 66;564;100;100;1;99;17.73;1.00;562;273;273;7;266;48.58;2.56
82543;240303;2;Szkoła Podstawowa Nr 1 w Wiśle 43-460 Wisła Plac Hoffa 5;1197;310;310;3;307;25.90;0.97;1219;626;626;17;609;51.35;2.72
82544;240303;3;Szkoła Podstawowa Nr 1 w Wiśle 43-460 Wisła Plac Hoffa 5;1255;375;375;6;369;29.88;1.60;1187;638;638;12;626;53.75;1.88
82545;240303;4;Szkola Podstawowa Nr 5 w Wiśle 43-460 Wisła ul. Jawornik 58;1175;357;357;7;350;30.38;1.96;1176;608;608;22;586;51.70;3.62
82546;240303;5;Szkoła Podstawowa Nr 4 w Wiśle 43-460 Wisła ul. Kopydło 74;2035;398;398;5;393;19.56;1.26;2020;914;914;16;898;45.25;1.75
82547;240303;6;Remiza OSP Wisła-Malinka 43-460 Wisła ul. Malinka 18;1412;256;256;5;251;18.13;1.95;1425;598;598;8;590;41.96;1.34
82548;240303;7;Remiza OSP Wisła-Czarne 43-460 Wisła ul. Biała Wisełka 22;650;154;154;4;150;23.69;2.60;656;325;325;6;319;49.54;1.85
82549;240303;8;DW „RYMER” Wisła 43-460 Wisła ul. Wyzwolenia 38;1006;217;217;6;211;21.57;2.76;1027;500;500;9;491;48.69;1.80
82550;240304;1;Świetlica przy Klasztorze oo Franciszkanów w Górkach Wielkich - Sojka 43-436 Górki Wielkie Zofii Kossak 130;1231;276;276;7;269;22.42;2.54;1232;677;677;17;660;54.95;2.51
82551;240304;2;Zespół Szkół Publicznych w Górkach Wielkich 43-436 Górki Wielkie Szkolna 1;1330;369;369;17;352;27.74;4.61;1353;742;742;13;729;54.84;1.75
82552;240304;3;Zespół Szkół Publicznych w Górkach Wielkich 43-436 Górki Wielkie Szkolna 1;1216;256;256;9;247;21.05;3.52;1230;610;610;27;583;49.59;4.43
82553;240304;4;Szkoła Podstawowa Nr 1 w Brennej Leśnicy 43-438 Brenna Leśnica 103;776;200;200;6;194;25.77;3.00;787;437;437;19;418;55.53;4.35
82554;240304;5;Gimnazjum w Brennej 43-438 Brenna Górecka 224;936;212;212;2;210;22.65;0.94;978;480;480;10;470;49.08;2.08
82555;240304;6;Gimnazjum w Brennej 43-438 Brenna Górecka 224;1038;172;172;2;170;16.57;1.16;1090;500;500;15;485;45.87;3.00
82556;240304;7;Budynek Amfiteatru w Brennej Centrum 43-438 Brenna Malinowa 2b;2103;518;518;8;510;24.63;1.54;2095;1054;1054;28;1026;50.31;2.66
82557;240305;1;Szkoła Podstawowa Nr 1 43-520 Chybie ul. Bielska 80;1786;514;514;15;499;28.78;2.92;1769;1046;1046;31;1015;59.13;2.96
82558;240305;2;Szkoła Podstawowa Nr 1 43-520 Chybie ul. Bielska 80;1527;269;269;11;258;17.62;4.09;1559;769;769;20;749;49.33;2.60
82559;240305;3;Dom Kultury 43-520 Chybie ul. Cieszyńska 2;1470;264;264;7;257;17.96;2.65;1465;764;764;36;728;52.15;4.71
82560;240305;4;Szkoła Podstawowa im. Pawła Kojzara w Mnichu 43-520 Mnich ul. Kopernika 12;1893;431;431;21;410;22.77;4.87;1913;1081;1081;44;1037;56.51;4.07
82561;240305;5;Zespół Szkolno-Przedszkolny w Zaborzu 43-520 Zaborze ul. K. Miarki 7;820;181;181;3;178;22.07;1.66;815;457;457;25;432;56.07;5.47
82562;240306;1;„Stara Szkoła” 43-426 Dębowiec Szkolna 5;1462;377;377;20;357;25.79;5.31;1488;820;820;33;787;55.11;4.02
82563;240306;2;Remiza OSP 43-426 Kostkowice Dworska 1;416;103;103;3;100;24.76;2.91;413;213;213;4;209;51.57;1.88
82564;240306;3;Remiza OSP 43-426 Simoradz Sportowa 9;814;193;193;2;191;23.71;1.04;819;406;406;10;396;49.57;2.46
82565;240306;4;Szkoła Podstawowa 43-426 Iskrzyczyn Mirów 6;497;111;111;6;105;22.33;5.41;507;256;256;5;251;50.49;1.95
82566;240306;5;Środowiskowy Ośrodek Kultury 43-426 Ogrodzona 32;1319;281;281;2;279;21.30;0.71;1321;692;692;24;668;52.38;3.47
82567;240307;1;Gimnazjum 43-440 Goleszów ul. Szkolna 2;1374;365;365;13;352;26.56;3.56;1393;752;752;14;738;53.98;1.86
82568;240307;2;Dom Kultury 43-440 Goleszów ul. Cieszyńska 25;1309;287;287;5;282;21.93;1.74;1341;684;684;15;669;51.01;2.19
82569;240307;3;Dom Ludowy 43-440 Goleszów ul. Osiedlowa 13;799;191;191;4;187;23.90;2.09;799;416;416;13;403;52.07;3.12
82570;240307;4;OSP 43-440 Bażanowice ul. Cieszyńska 17;971;245;245;10;235;25.23;4.08;979;445;445;8;437;45.45;1.80
82571;240307;5;OSP 43-440 Kozakowice Górne ul. dra Andrzeja Cinciały 35;554;100;100;1;99;18.05;1.00;567;290;290;2;288;51.15;0.69
82572;240307;6;OSP 43-440 Kisielów ul. Główna 1;545;158;158;9;149;28.99;5.70;573;300;300;4;296;52.36;1.33
82573;240307;7;OSP 43-440 Godziszów 150;486;74;74;0;74;15.23;0.00;487;222;222;5;217;45.59;2.25
82574;240307;8;Szkoła Podstawowa 43-445 Dzięgielów ul. Cieszyńska 4;1057;338;338;4;334;31.98;1.18;1076;611;611;7;604;56.78;1.15
82575;240307;9;OSP 43-400 Puńców ul. Cieszyńska 98;1312;296;296;9;287;22.56;3.04;1305;654;654;12;642;50.11;1.83
82576;240307;10;Świetlica Gminna 43-440 Cisownica 79;1396;331;331;12;319;23.71;3.63;1389;684;684;9;675;49.24;1.32
82577;240307;11;Świetlica Gminna 43-445 Leszna Górna ul. Główna 54;441;109;109;4;105;24.72;3.67;436;217;217;8;209;49.77;3.69
91307;240307;12;Ewangelicki Dom Opieki „EMAUS” 43-445 Dzięgielów ks.Karola Kulisza 47;102;49;49;5;44;48.04;10.20;100;57;57;0;57;57.00;0.00
82578;240308;1;Dom Wiejski 43-418 Brzezówka ul. Jagodowa 3;548;110;110;9;101;20.07;8.18;562;253;253;7;246;45.02;2.77
82579;240308;2;Szkoła Podstawowa 43-419 Hażlach ul. Kościelna 2;1866;422;422;15;407;22.62;3.55;1887;994;994;22;972;52.68;2.21
82580;240308;3;Szkoła Podstawowa 43-419 Kończyce Wielkie ul. Kościelna 12;1476;340;340;18;322;23.04;5.29;1494;792;792;18;774;53.01;2.27
82581;240308;4;Szkoła Podstawowa 43-418 Pogwizdów ul. Katowicka 34;1739;332;332;4;328;19.09;1.20;1745;917;917;15;902;52.55;1.64
82582;240308;5;Dom Kultury 43-418 Pogwizdów ul. Północna 5;1064;154;154;4;150;14.47;2.60;1070;509;509;15;494;47.57;2.95
82583;240308;6;Dom Wiejski 43-419 Rudnik ul. Leśna 3;354;96;96;6;90;27.12;6.25;372;195;195;7;188;52.42;3.59
82584;240308;7;Szkoła Podstawowa 43-419 Zamarski ul. Szkolna 1;1095;252;252;16;236;23.01;6.35;1101;553;553;28;525;50.23;5.06
82585;240309;1;Gminny Ośrodek Kultury,Promocji,Informacji Turystycznej i Biblioteki Publicznej w Istebnej 43-470 Istebna 68;2035;566;566;17;549;27.81;3.00;2049;1161;1161;36;1125;56.66;3.10
82586;240309;2;Gimnazjum im. Jana Pawła II w Istebnej 43-470 Istebna 1345;1846;470;470;9;461;25.46;1.91;1850;979;979;33;946;52.92;3.37
82587;240309;3;Szkoła Podstawowa nr 1 im. Jana Twardowskiego w Jaworzynce 43-476 Jaworzynka 366;1185;364;364;7;357;30.72;1.92;1205;689;689;32;657;57.18;4.64
82588;240309;4;Szkoła Podstawowa nr 1 im. Jana Twardowskiego w Jaworzynce 43-476 Jaworzynka 366;1212;292;292;19;273;24.09;6.51;1196;589;589;33;556;49.25;5.60
82589;240309;5;Szkoła Podstawowa nr 1 im. Stanisława Wyspiańskiego w Koniakowie 43-474 Koniaków 280;1659;376;376;4;372;22.66;1.06;1659;819;819;32;787;49.37;3.91
82590;240309;6;Szkoła Podstawowa nr 1 im. Stanisława Wyspiańskiego w Koniakowie 43-474 Koniaków 280;1155;214;214;6;208;18.53;2.80;1152;542;542;29;513;47.05;5.35
82591;240310;1;Zespół Szkół Technicznych i Ogólnokształcących w Skoczowie 43-430 Skoczów ul. Bielska 34;1307;357;357;5;352;27.31;1.40;1321;747;747;11;736;56.55;1.47
82592;240310;2;Zespół Szkół Technicznych i Ogólnokształcących w Skoczowie 43-430 Skoczów ul. Bielska 34;713;196;196;4;192;27.49;2.04;710;385;385;4;381;54.23;1.04
82593;240310;3;Szkoła Podstawowa nr 3 im. Jana Pawla II w Skoczowie 43-430 Skoczów ul. Osiedlowa 1;990;172;172;2;170;17.37;1.16;961;447;447;16;431;46.51;3.58
82594;240310;4;Skoczowski Ośrodek Sportu i Rekreacji - Stadion Miejski „BESKID” im. Rudolfa Kukucza 43-430 Skoczów ul. Sportowa 6;515;114;114;0;114;22.14;0.00;505;210;210;8;202;41.58;3.81
82595;240310;5;Skoczowskie Przedsiębiorstwo Komunalne Sp. z o.o. 43-430 Skoczów ul. Krzywa 4;651;188;188;8;180;28.88;4.26;662;371;371;9;362;56.04;2.43
82596;240310;6;Przedszkole Publiczne nr 4 w Skoczowie 43-430 Skoczów ul. Gustawa Morcinka 20;972;213;213;3;210;21.91;1.41;926;428;428;7;421;46.22;1.64
82597;240310;7;Zespół Szkół nr 1 w Skoczowie 43-430 Skoczów ul. Gustawa Morcinka 20;2366;642;642;26;616;27.13;4.05;2289;1229;1229;28;1201;53.69;2.28
82598;240310;8;Przedszkole Publiczne nr 2 w Skoczowie 43-430 Skoczów ul. Targowa 19;1140;266;266;10;256;23.33;3.76;1125;572;572;14;558;50.84;2.45
82599;240310;9;Zespół Szkół nr 3, Szkoła Podstawowa nr 1, Gimnazjum nr 4 w Skoczowie 43-430 Skoczów ul. Mickiewicza 11;1299;384;384;15;369;29.56;3.91;1275;691;691;11;680;54.20;1.59
82600;240310;10;Gimnazjum nr 2 w Skoczowie 43-430 Skoczów ul. Bielska 17;1472;389;389;4;385;26.43;1.03;1496;783;783;13;770;52.34;1.66
82601;240310;11;Szkoła Podstawowa nr 4 w Kiczycach 43-430 Kiczyce ul. Długa 52;869;187;187;11;176;21.52;5.88;876;450;450;9;441;51.37;2.00
82602;240310;12;Szkoła Podstawowa nr 6 w Pierśćcu 43-430 Pierściec ul. Jerzego Tomanka 8;1055;268;268;8;260;25.40;2.99;1064;567;567;16;551;53.29;2.82
82603;240310;13;Szkoła Podstawowa nr 6 w Pierśćcu 43-430 Pierściec ul. Jerzego Tomanka 8;429;123;123;2;121;28.67;1.63;438;255;255;4;251;58.22;1.57
82604;240310;14;Ochotnicza Straż Pożarna w Kowalach 43-430 Kowale ul. Pożarnicza 2;523;123;123;5;118;23.52;4.07;535;282;282;7;275;52.71;2.48
82605;240310;15;Zespół Szkół nr 5 w Pogórzu 43-430 Pogórze ul. Zamek 8;1386;337;337;10;327;24.31;2.97;1391;739;739;25;714;53.13;3.38
82606;240310;16;Dom Rolnika w Harbutowicach 43-430 Harbutowice ul. Chabrowa 6;753;177;177;2;175;23.51;1.13;723;378;378;2;376;52.28;0.53
82607;240310;17;Świetlica Wiejska w Bładnicach 43-430 Bładnice Dolne Bładnice Dolne 185;642;106;106;2;104;16.51;1.89;667;347;347;8;339;52.02;2.31
82608;240310;18;Filia Przedszkola Publicznego nr 4 w Międzyświeciu 43-430 Międzyświeć ul. Malinowa 2;1259;271;271;1;270;21.53;0.37;1252;611;611;16;595;48.80;2.62
82609;240310;19;Przedszkole Publiczne w Wiślicy 43-430 Wiślica ul. Powiatowa 85;573;130;130;1;129;22.69;0.77;580;297;297;8;289;51.21;2.69
82610;240310;20;Przedszkole Publiczne w Ochabach 43-430 Ochaby Małe ul. Gołyska 12;627;148;148;5;143;23.60;3.38;641;348;348;9;339;54.29;2.59
82611;240310;21;Przedszkole Publiczne w Ochabach 43-430 Ochaby Małe ul. Gołyska 12;1028;237;237;12;225;23.05;5.06;1024;555;555;21;534;54.20;3.78
91308;240310;22;Powiatowy Dom Pomocy Społecznej „Feniks” 43-430 Skoczów Sportowa 13;44;23;23;6;17;52.27;26.09;39;17;17;2;15;43.59;11.76
91309;240310;23;Powiatowy Dom Pomocy Społecznej w Pogórzu 43-430 Pogórze Zamek 132;77;31;31;6;25;40.26;19.35;65;32;32;8;24;49.23;25.00
91310;240310;24;Centrum Psychiatrii w Katowicach - Oddział Terapii Uzależnienia od Alkoholu 43-430 Skoczów Katowicka 21;31;7;7;0;7;22.58;0.00;20;8;8;0;8;40.00;0.00
82612;240311;1;Gimnazjum 43-246 Strumień ul. 1 Maja 38;1471;418;418;11;407;28.42;2.63;1454;858;858;18;840;59.01;2.10
82613;240311;2;Szkoła Podstawowa 43-246 Strumień ul. Młyńska 8;1321;385;385;8;377;29.14;2.08;1307;782;782;18;764;59.83;2.30
82614;240311;3;Zespół Szkół (wejście od ul. Głównej) 43-523 Pruchna ul. Główna 60;895;192;192;9;183;21.45;4.69;893;446;446;9;437;49.94;2.02
82615;240311;4;Zespół Szkół (wejście od ul. Szkolnej) 43-523 Pruchna ul. Główna 60;1139;271;271;10;261;23.79;3.69;1133;624;624;18;606;55.08;2.88
82616;240311;5;Zespół Szkół 43-424 Drogomyśl ul. Główna 15;1766;377;377;19;358;21.35;5.04;1762;899;899;32;867;51.02;3.56
82617;240311;6;Świetlica Wiejska 43-246 Bąków ul. Osiedlowa 1;1363;300;300;11;289;22.01;3.67;1388;794;794;13;781;57.20;1.64
82618;240311;7;Zespół Szkolno-Przedszkolny 43-246 Zabłocie ul. Bielska 36;1090;209;209;18;191;19.17;8.61;1106;574;574;27;547;51.90;4.70
82619;240311;8;Przedszkole 43-246 Zbytków ul. Wyzwolenia 49;1059;268;268;9;259;25.31;3.36;1092;708;708;20;688;64.84;2.82
82620;240312;1;Remiza OSP 43-410 Marklowice Górne ul. Szkolna 10;853;232;232;5;227;27.20;2.16;854;493;493;5;488;57.73;1.01
82621;240312;2;Szkoła Podstawowa 43-410 Zebrzydowice ul. Orzeszkowej 73;1521;402;402;20;382;26.43;4.98;1514;880;880;23;857;58.12;2.61
82622;240312;3;Urząd Gminy 43-410 Zebrzydowice ul. Ks. Janusza 6;1364;364;364;9;355;26.69;2.47;1344;782;782;15;767;58.18;1.92
82623;240312;4;Urząd Gminy 43-410 Zebrzydowice ul. Ks. Janusza 6;1464;441;441;4;437;30.12;0.91;1445;911;911;21;890;63.04;2.31
82624;240312;5;Szkoła Podstawowa 43-410 Kończyce Małe ul. Jagiellońska 56;1375;353;353;11;342;25.67;3.12;1362;807;807;22;785;59.25;2.73
82625;240312;6;Szkoła Podstawowa 43-410 Kończyce Małe ul. Jagiellońska 56;1222;284;284;10;274;23.24;3.52;1220;711;711;14;697;58.28;1.97
82626;240312;7;Zespół Szkół 43-417 Kaczyce ul. Harcerska 13;1251;309;309;15;294;24.70;4.85;1248;708;708;17;691;56.73;2.40
82627;240312;8;Zespół Szkół 43-417 Kaczyce ul. Harcerska 13;1179;203;203;13;190;17.22;6.40;1178;573;573;23;550;48.64;4.01
82628;240401;1;Ochotnicza Straż Pożarna 42-290 Blachownia ul. Plac Wolności 2;2140;423;423;14;409;19.77;3.31;2113;1111;1111;24;1087;52.58;2.16
82629;240401;2;Szkoła Podstawowa Nr 1 42-290 Blachownia ul.Sienkiewicza 8;2189;450;450;13;437;20.56;2.89;2141;1073;1073;26;1047;50.12;2.42
82630;240401;3;Hala widowiskowo - sportowa w Blachowni 42-290 Blachownia ul.Sportowa 1;2164;393;393;16;377;18.16;4.07;2093;952;952;40;912;45.48;4.20
82631;240401;4;Zespół Szkolno-Przedszkolny w Blachowni 42-290 Blachownia ul.Wspólna 5;1423;295;295;5;290;20.73;1.69;1398;752;752;19;733;53.79;2.53
82632;240401;5;Zespół Szkolno-Przedszkolny w Łojkach 42-290 Łojki ul.Długa 48;2216;332;332;12;320;14.98;3.61;2197;1026;1026;29;997;46.70;2.83
82633;240401;6;Publiczna Szkoła Podstawowa 42-290 Cisie ul.Cisiańska 46;573;106;106;8;98;18.50;7.55;569;252;252;7;245;44.29;2.78
91311;240401;7;Dom Pomocy Społecznej 42-290 Blachownia ul. Sienkiewicza 6;121;62;62;6;56;51.24;9.68;47;13;13;1;12;27.66;7.69
82634;240402;1;Zespół Szkół 42-265 Dąbrowa Zielona Pl. Kościuszki 49;1185;216;216;9;207;18.23;4.17;1202;547;547;34;513;45.51;6.22
82635;240402;2;Szkoła Podstawowa 42-265 Olbrachcice 146;1133;99;99;1;98;8.74;1.01;1107;378;378;17;361;34.15;4.50
82636;240402;3;Remiza OSP 42-265 Cielętniki ul. Placowa 2;364;50;50;3;47;13.74;6.00;360;143;143;9;134;39.72;6.29
82637;240402;4;Środowiskowy Dom Samopomocy 42-265 Soborzyce Pl. Wolności 1;721;95;95;2;93;13.18;2.11;718;327;327;16;311;45.54;4.89
82638;240403;1;Filia Gminnej Biblioteki Publicznej 42-253 Żuraw ul. Kościelna 19;671;90;90;2;88;13.41;2.22;667;296;296;8;288;44.38;2.70
82639;240403;2;Szkoła Podstawowa im. Wł. Broniewskiego 42-253 Lusławice 70;313;75;75;1;74;23.96;1.33;313;167;167;5;162;53.35;2.99
82640;240403;3;Szkoła Podstawowa im. Św. St. Kostki 42-253 Lgoczanka 1;707;99;99;2;97;14.00;2.02;720;300;300;8;292;41.67;2.67
82641;240403;4;Gimnazjum im. Armii Krajowej 42-253 Piasek ul. Żurawska 2;699;84;84;6;78;12.02;7.14;705;258;258;8;250;36.60;3.10
82642;240403;5;Szkolne Schronisko Młodzieżowe 42-253 Siedlec ul. Szkolna 8;448;50;50;2;48;11.16;4.00;448;192;192;8;184;42.86;4.17
82643;240403;6;Zespół Szkolno-Przedszkolny 42-253 Janów ul. Szkolna 2;1168;306;306;12;294;26.20;3.92;1171;593;593;12;581;50.64;2.02
82644;240403;7;Przedszkole 42-253 Złoty Potok Plac Chrzciciela 31;915;175;175;8;167;19.13;4.57;895;450;450;13;437;50.28;2.89
82645;240404;1;Gminny Ośrodek Kultury Sportu i Rekreacji 42-260 Kamienica Polska ul. Konopnickiej 135;1504;310;310;6;304;20.61;1.94;1491;735;735;18;717;49.30;2.45
82646;240404;2;Przedszkole 42-260 Kamienica Polska ul. Konopnickiej 11A;1206;265;265;10;255;21.97;3.77;1192;631;631;15;616;52.94;2.38
82647;240404;3;Przedszkole 42-260 Rudnik Wielki ul. Słoneczna 186;775;128;128;0;128;16.52;0.00;775;336;336;6;330;43.35;1.79
82648;240404;4;Szkoła Podstawowa 42-260 Osiny ul. Częstochowska 165;668;149;149;6;143;22.31;4.03;657;304;304;15;289;46.27;4.93
82649;240404;5;Przedszkole 42-260 Zawisna 69;493;98;98;4;94;19.88;4.08;494;205;205;10;195;41.50;4.88
82650;240405;1;Szkoła Podstawowa 42-270 Kłomnice ul. Szkolna 1;2389;526;526;23;503;22.02;4.37;2385;1234;1234;23;1211;51.74;1.86
82651;240405;2;Gminny Ośrodek Kultury 42-270 Kłomnice ul. Częstochowska 96;671;88;88;2;86;13.11;2.27;685;267;267;22;245;38.98;8.24
82652;240405;3;Szkoła Podstawowa 42-270 Witkowice ul. Częstochowska 22;982;153;153;6;147;15.58;3.92;982;492;494;16;476;50.10;3.25
82653;240405;4;Strażnica OSP 42-270 Nieznanice ul. Sobieskiego 1a;482;77;77;5;72;15.98;6.49;480;211;211;9;202;43.96;4.27
82654;240405;5;Świetlica OSP 42-270 Zdrowa ul. Kłomnicka 31;511;79;79;2;77;15.46;2.53;501;210;210;12;198;41.92;5.71
82655;240405;6;Szkoła Podstawowa 42-270 Skrzydlów ul. Główna 6a;1051;166;166;3;163;15.79;1.81;1041;493;494;13;480;47.36;2.64
82656;240405;7;Szkoła Podstawowa 42-270 Rzeki Wielkie ul. Główna 11;544;51;51;2;49;9.38;3.92;541;239;239;11;228;44.18;4.60
82657;240405;8;Szkoła Podstawowa 42-270 Rzerzęczyce ul. Skrzydlowska 91;1593;254;254;6;248;15.94;2.36;1591;742;742;18;724;46.64;2.43
82658;240405;9;Szkoła Podstawowa 42-270 Garnek ul. Szkolna 18;1287;150;150;2;148;11.66;1.33;1276;539;539;27;512;42.24;5.01
82659;240405;10;Szkoła Podstawowa 42-270 Zawada ul. Częstochowska 8;884;120;120;4;116;13.57;3.33;876;387;387;13;374;44.18;3.36
82660;240405;11;Szkoła Podstawowa 42-270 Konary ul. Szkolna 3;506;63;63;4;59;12.45;6.35;501;232;232;10;222;46.31;4.31
82661;240405;12;Strażnica OSP 42-270 Pacierzów ul. Częstochowska 29;407;83;83;3;80;20.39;3.61;395;188;188;3;185;47.59;1.60
82662;240406;1;Szkoła Podstawowa Nr 2 42-230 Koniecpol ul. Szkolna 17;1434;213;213;6;207;14.85;2.82;1378;637;637;11;626;46.23;1.73
82663;240406;2;Szkoła Podstawowa Nr 1 42-230 Koniecpol ul. Mickiewicza 26;1955;327;327;11;316;16.73;3.36;1921;900;900;38;862;46.85;4.22
82664;240406;3;Koło Katolickiego Stowarzyszenia Niepełnosprawnych 42-230 Stary Koniecpol ul. Częstochowska 150;826;70;70;9;61;8.47;12.86;834;261;261;14;247;31.29;5.36
82665;240406;4;Szkoła Podstawowa 42-230 Łysiny ul. Szkolna 14;1141;104;104;6;98;9.11;5.77;1127;432;432;50;382;38.33;11.57
82666;240406;5;Remiza OSP 42-230 Kuźnica Grodziska ul. Centralna 128;500;52;52;0;52;10.40;0.00;486;151;151;10;141;31.07;6.62
82667;240406;6;Szkoła Podstawowa 42-230 Rudniki 1A;294;21;21;3;18;7.14;14.29;296;105;105;8;97;35.47;7.62
82668;240406;7;Hala Sportowa przy Szkole Podstawowej Nr 2 42-230 Koniecpol ul. Szkolna 17;2212;350;350;10;340;15.82;2.86;2192;944;944;37;907;43.07;3.92
82669;240407;1;Zespół Szkolno-Przedszkolny 42-274 Aleksandria Pierwsza ul. Gościnna 130;738;109;109;10;99;14.77;9.17;752;325;325;14;311;43.22;4.31
82670;240407;2;Zespół Szkolno-Przedszkolny 42-274 Aleksandria Pierwsza ul. Gościnna 130;678;102;102;3;99;15.04;2.94;674;321;321;17;304;47.63;5.30
82671;240407;3;Zespół Szkolno-Przedszkolny 42-274 Kopalnia ul. Szkolna 2;481;99;99;1;98;20.58;1.01;482;237;237;10;227;49.17;4.22
82672;240407;4;Zespół Szkolno-Przedszkolny 42-274 Kopalnia ul. Szkolna 2;551;89;89;2;87;16.15;2.25;543;237;237;6;231;43.65;2.53
82673;240407;5;Zespół Szkolno-Przedszkolny 42-274 Hutki 161;807;141;141;6;135;17.47;4.26;819;377;377;18;359;46.03;4.77
82674;240407;6;Remiza OSP 42-274 Jamki 112;551;61;61;4;57;11.07;6.56;547;219;219;6;213;40.04;2.74
82675;240407;7;Hala Sportowa 42-274 Konopiska ul. Sportowa 7a;1162;197;197;2;195;16.95;1.02;1164;578;578;17;561;49.66;2.94
82676;240407;8;Hala Sportowa 42-274 Konopiska ul. Sportowa 7a;1225;233;233;12;221;19.02;5.15;1201;618;618;17;601;51.46;2.75
82677;240407;9;Filia GCKiR 42-274 Korzonek 87;485;67;67;0;67;13.81;0.00;480;200;200;9;191;41.67;4.50
82678;240407;10;Szkoła Podstawowa 42-274 Łaziec 66;814;108;108;5;103;13.27;4.63;822;328;328;15;313;39.90;4.57
82679;240407;11;Zespół Szkolno-Przedszkolny 42-274 Rększowice 78;761;98;98;3;95;12.88;3.06;765;333;333;11;322;43.53;3.30
82680;240407;12;Dom Koła Gospodyń Wiejskich „Wygodzianka” 42-274 Wygoda 17;500;112;112;6;106;22.40;5.36;501;250;250;7;243;49.90;2.80
82681;240408;1;Zespół Szkół 42-282 Kruszyna ul. Pocztowa 2;1335;227;227;6;221;17.00;2.64;1352;678;678;22;656;50.15;3.24
82682;240408;2;Zespół Szkolno-Przedszkolny 42-282 Lgota Mała ul.Szkolna 1/3;902;149;149;5;144;16.52;3.36;920;408;408;16;392;44.35;3.92
82683;240408;3;Zespół Szkół 42-282 Widzów ul.Żwirki i Wigury 16;990;136;136;7;129;13.74;5.15;993;425;425;11;414;42.80;2.59
82684;240408;4;Szkoła Podstawowa 42-282 Jacków ul. Szkolna 3;735;108;108;6;102;14.69;5.56;744;343;343;15;328;46.10;4.37
82685;240409;1;Remiza OSP 42-235 Biała Wielka 153;398;80;80;7;73;20.10;8.75;395;163;163;7;156;41.27;4.29
82686;240409;2;Szkoła Podstawowa 42-235 Drochlin 73;434;66;66;3;63;15.21;4.55;433;165;165;16;149;38.11;9.70
82687;240409;3;Gimnazjum 42-235 Lelów ul. Szczekocińska 41;1260;256;256;11;245;20.32;4.30;1299;632;632;21;611;48.65;3.32
82688;240409;4;Szkoła Podstawowa 42-235 Nakło 197;488;91;91;4;87;18.65;4.40;485;176;176;12;164;36.29;6.82
82689;240409;5;Szkoła Podstawowa 42-235 Podlesie 99;666;112;112;10;102;16.82;8.93;662;250;250;14;236;37.76;5.60
82690;240409;6;Remiza OSP 42-235 Staromieście 26;834;161;161;6;155;19.30;3.73;849;455;455;11;444;53.59;2.42
91312;240409;7;Dom Pomocy Społecznej 42-235 Lelów ul. Szczekocińska 19;70;37;37;3;34;52.86;8.11;67;52;52;7;45;77.61;13.46
82691;240410;1;Urząd Gminy 42-244 Mstów ul. 16 Stycznia 14;770;158;158;2;156;20.52;1.27;803;432;432;9;423;53.80;2.08
82692;240410;2;Zespół Szkolno-Przedszkolny 42-244 Jaskrów ul. Starowiejska 2;1461;342;342;7;335;23.41;2.05;1512;832;832;7;825;55.03;0.84
82693;240410;3;Szkoła Podstawowa 42-244 Kuchary ul. Główna 18;754;103;103;6;97;13.66;5.83;776;354;354;6;348;45.62;1.69
82694;240410;4;Szkoła Podstawowa 42-244 Mokrzesz ul. Kościelna 24;740;107;107;7;100;14.46;6.54;746;289;289;11;278;38.74;3.81
82695;240410;5;Szkoła Podstawowa 42-244 Krasice ul. Strażacka 7;524;84;84;2;82;16.03;2.38;529;220;220;16;204;41.59;7.27
82696;240410;6;Zespół Szkolno-Przedszkolny 42-244 Małusy Wielkie 19;628;82;82;2;80;13.06;2.44;623;271;271;7;264;43.50;2.58
82697;240410;7;Szkoła Podstawowa 42-244 Brzyszów 50;697;102;102;2;100;14.63;1.96;709;359;359;11;348;50.63;3.06
82698;240410;8;Zespół Szkół 42-244 Mstów ul. Partyzantów 15;1455;267;267;9;258;18.35;3.37;1458;778;778;9;769;53.36;1.16
82699;240410;9;Zespół Szkolno-Przedszkolny 42-244 Zawada ul. Główna 18;744;104;104;1;103;13.98;0.96;744;331;331;9;322;44.49;2.72
82700;240410;10;Przedszkole 42-244 Siedlec 24;436;83;83;0;83;19.04;0.00;444;239;239;8;231;53.83;3.35
82701;240410;11;Przedszkole 42-244 Kobyłczyce 23;398;36;36;0;36;9.05;0.00;402;156;156;7;149;38.81;4.49
82702;240411;1;Zespół Szkolno - Przedszkolny 42-233 Lubojna ul. Strażacka 20;1406;270;270;4;266;19.20;1.48;1419;777;777;26;751;54.76;3.35
82703;240411;2;Zespół Szkół 42-233 Czarny Las ul. Szkolna 6;1533;376;376;12;364;24.53;3.19;1517;848;848;22;826;55.90;2.59
82704;240411;3;Zespół Szkół 42-231 Stary Cykarzew ul. Szkolna 12;1468;203;203;11;192;13.83;5.42;1493;700;700;21;679;46.89;3.00
82705;240411;4;Szkoła Podstawowa 42-231 Stary Broniszew ul. Kwiatowa 28;921;147;147;9;138;15.96;6.12;923;389;389;12;377;42.15;3.08
82706;240411;5;Zespół Szkolno - Przedszkolny 42-233 Borowno ul. Armii Ludowej 6/8;1492;331;331;6;325;22.18;1.81;1492;796;796;20;776;53.35;2.51
82707;240411;6;Zespół Szkolno - Przedszkolny 42-233 Mykanów ul. Słoneczna 114;858;207;207;14;193;24.13;6.76;873;508;508;14;494;58.19;2.76
82708;240411;7;Publiczna Szkoła Podstawowa SPSK 42-231 Rybna ul. Szkolna 5;1070;204;204;4;200;19.07;1.96;1073;563;563;18;545;52.47;3.20
82709;240411;8;Szkoła Podstawowa 42-233 Radostków-Kolonia ul. Szkolna 1;804;144;144;5;139;17.91;3.47;804;399;399;12;387;49.63;3.01
82710;240411;9;Szkoła Podstawowa 42-233 Wierzchowisko ul. Długa 110;953;279;279;17;262;29.28;6.09;996;628;628;15;613;63.05;2.39
82711;240411;10;Przedszkole 42-233 Kuźnica Kiedrzyńska ul. Witosa 120;627;179;179;0;179;28.55;0.00;629;370;370;14;356;58.82;3.78
82712;240411;11;Szkoła Podstawowa 42-231 Stary Kocin ul. Kręta 91;656;97;97;4;93;14.79;4.12;650;297;297;25;272;45.69;8.42
82713;240412;1;Szkoła Podstawowa 42-256 Biskupice ul. Szkolna 4;751;121;121;3;118;16.11;2.48;758;331;331;11;320;43.67;3.32
82714;240412;2;Zespół Szkół 42-256 Kusięta 208;981;159;159;4;155;16.21;2.52;1000;507;507;16;491;50.70;3.16
82715;240412;3;Urząd Gminy Olsztyn 42-256 Olsztyn Pl. Piłsudskiego 10;2291;526;526;22;504;22.96;4.18;2325;1306;1306;34;1272;56.17;2.60
82716;240412;4;Szkoła Podstawowa 42-256 Turów ul. Szkolna 12;690;103;103;2;101;14.93;1.94;695;355;355;10;345;51.08;2.82
82717;240412;5;Zespół Szkół 42-256 Zrębice ul. Główna 143;958;86;86;6;80;8.98;6.98;968;385;385;12;373;39.77;3.12
82718;240412;6;Świetlica środowiskowa 42-256 Przymiłowice ul. Zamkowa 118;667;134;134;4;130;20.09;2.99;695;341;341;5;336;49.06;1.47
91313;240412;7;Dom Pomocy Społecznej 42-256 Turów ul. Joachimowska 85;57;38;38;1;37;66.67;2.63;57;30;30;2;28;52.63;6.67
82719;240413;1;Gminne Centrum Kultury, Informacji i Rekreacji 42-262 Poczesna ul. Modrzewiowa 3;1537;331;331;16;315;21.54;4.83;1505;859;859;7;852;57.08;0.81
82720;240413;2;Remiza OSP 42-262 Nierada ul. Targowa 103;1285;99;99;2;97;7.70;2.02;1292;506;506;19;487;39.16;3.75
82721;240413;3;Zespół Szkolno-Przedszkolny 42-263 Słowik ul. Podlaska 4;1150;244;244;11;233;21.22;4.51;1159;630;630;8;622;54.36;1.27
82722;240413;4;Zespół Szkół 42-263 Huta Stara B ul. Mickiewicza 12;1979;341;341;18;323;17.23;5.28;1962;909;909;15;894;46.33;1.65
82723;240413;5;Świetlica 42-263 Brzeziny Nowe ul. Biała 33;945;187;187;6;181;19.79;3.21;956;519;519;17;502;54.29;3.28
82724;240413;6;Zespół Szkół 42-263 Wrzosowa ul. Szkolna 4;1624;363;363;16;347;22.35;4.41;1612;849;849;15;834;52.67;1.77
82725;240413;7;Wiejskie Centrum Kultury i Rekreacji w Bargłach 42-262 Bargły ul. Śląska 84;548;117;117;6;111;21.35;5.13;550;295;295;9;286;53.64;3.05
82726;240413;8;Świetlica wiejska 42-262 Nowa Wieś ul. Częstochowska 8;507;99;99;2;97;19.53;2.02;509;260;260;4;256;51.08;1.54
82727;240413;9;Szkoła Podstawowa w Poczesnej 42-262 Kolonia Poczesna ul. Szkolna 2;887;134;134;5;129;15.11;3.73;892;429;429;21;408;48.09;4.90
82728;240414;1;Niepubliczna Szkoła Podstawowa 42-248 Wola Mokrzeska ul. Główna 7;331;54;54;3;51;16.31;5.56;344;135;135;6;129;39.24;4.44
82729;240414;2;Zespół Szkolno-Przedszkolny - Hala sportowa 42-248 Przyrów ul. Szkolna 44;1144;234;234;5;229;20.45;2.14;1138;558;558;13;545;49.03;2.33
82730;240414;3;Strażnica OSP 42-248 Zarębice 35;527;41;41;1;40;7.78;2.44;514;181;181;3;178;35.21;1.66
82731;240414;4;Niepubliczna Szkoła Podstawowa 42-250 Zalesice ul. Nadrzeczna 3;330;54;54;1;53;16.36;1.85;326;125;125;6;119;38.34;4.80
82732;240414;5;Wiejska Izba Obrzędowa 42-250 Sygontka ul. Kościelna 2;552;99;99;6;93;17.93;6.06;532;238;238;12;226;44.74;5.04
82733;240414;6;Strażnica OSP 42-250 Wiercica 76;377;45;45;3;42;11.94;6.67;369;153;153;10;143;41.46;6.54
82734;240415;1;Szkoła Podstawowa im. G.Morcinka 42-242 Rędziny ul. Szkolna 7;2020;377;377;14;363;18.66;3.71;2013;1058;1058;30;1028;52.56;2.84
82735;240415;2;Gminny Ośrodek Kultury 42-242 Rędziny ul. Mickiewicza 7;1956;374;374;9;365;19.12;2.41;1937;963;963;24;939;49.72;2.49
82736;240415;3;Klub 42-242 Marianka Rędzińska ul. Srebrna 17;452;85;85;4;81;18.81;4.71;463;210;210;10;200;45.36;4.76
82737;240415;4;Szkoła Podstawowa 42-240 Rudniki ul. Szkolna 11;1307;207;207;9;198;15.84;4.35;1295;589;589;14;575;45.48;2.38
82738;240415;5;Szkoła Podstawowa im. Korczaka 42-240 Kościelec ul. Wolności 93;1658;189;189;8;181;11.40;4.23;1660;735;735;40;695;44.28;5.44
82739;240415;6;Szkoła Podstawowa 42-240 Konin ul. Kielecka 37;764;110;110;2;108;14.40;1.82;749;341;341;13;328;45.53;3.81
82740;240416;1;Świetlica Środowiskowa 42-261 Starcza ul. Szkolna 1;569;104;104;3;101;18.28;2.88;576;283;283;11;272;49.13;3.89
82741;240416;2;Świetlica Wiejska 42-261 Starcza ul. Sportowa 7;571;143;143;7;136;25.04;4.90;569;318;318;12;306;55.89;3.77
82742;240416;3;Świetlica Wiejska 42-261 Własna ul. Stawowa 1;715;174;174;5;169;24.34;2.87;704;365;365;18;347;51.85;4.93
82743;240416;4;Remiza OSP 42-261 Rudnik Mały ul. Śląska 50;432;78;78;1;77;18.06;1.28;424;206;206;13;193;48.58;6.31
82744;240501;1;Miejskie Przedszkole Nr 13 44-196 Knurów ul.Piłsudczyków 4;1625;429;429;13;416;26.40;3.03;1579;927;927;9;918;58.71;0.97
82745;240501;2;Miejskie Przedszkole Nr 2 44-196 Knurów ul.Lotników 2;1073;228;228;2;226;21.25;0.88;1044;542;542;6;536;51.92;1.11
82746;240501;3;Miejska Szkoła Podstawowa Nr 9 44-196 Knurów ul.Aleja Lipowa 12;1976;531;531;9;522;26.87;1.69;1957;1217;1217;38;1179;62.19;3.12
82747;240501;4;Miejskie Gimnazjum Nr 3 44-196 Knurów ul.Aleja Lipowa 12;1031;216;216;8;208;20.95;3.70;1004;520;520;11;509;51.79;2.12
82748;240501;5;Miejskie Przedszkole Nr 12 44-194 Knurów ul.Armii Krajowej 5;1020;224;224;3;221;21.96;1.34;1005;568;568;13;555;56.52;2.29
82749;240501;6;Miejska Szkoła Podstawowa Nr 7 44-194 Knurów ul.Jedności Narodowej 5 lokal: 1;1051;264;264;6;258;25.12;2.27;1020;539;539;9;530;52.84;1.67
82750;240501;7;Miejska Szkoła Podstawowa Nr 7 44-194 Knurów ul.Jedności Narodowej 5 lokal: 2;1246;253;253;6;247;20.30;2.37;1223;650;650;10;640;53.15;1.54
82751;240501;8;Miejska Szkoła Podstwawowa Nr 6 44-194 Knurów ul.Stefana Batorego 5 lokal: 2;1493;302;302;9;293;20.23;2.98;1457;709;709;22;687;48.66;3.10
82752;240501;9;Miejskie Gimnazjum Nr 2 44-194 Knurów ul.Stefana Batorego 7;1527;339;339;17;322;22.20;5.01;1504;777;777;28;749;51.66;3.60
82753;240501;10;Miejska Szkoła Podstawowa Nr 6 44-194 Knurów ul.Stefana Batorego 5 lokal: 1;1719;351;351;19;332;20.42;5.41;1692;803;803;20;783;47.46;2.49
82754;240501;11;Zespół Szkół im.I.J.Paderewskiego L.O. 44-194 Knurów ul.1 -go Maja 21 lokal: 1;1646;382;382;9;373;23.21;2.36;1606;883;883;15;868;54.98;1.70
82755;240501;12;Świetlica PPHU „KOMART” 44-194 Knurów ul.Szpitalna 7;1742;362;362;11;351;20.78;3.04;1721;854;854;16;838;49.62;1.87
82756;240501;13;Miejska Szkoła Podstawowa Nr 2 44-190 Knurów ul.Wilsona 22;1871;496;496;15;481;26.51;3.02;1851;1004;1004;14;990;54.24;1.39
82757;240501;14;Zespół Szkół im.I.J.Paderewskiego L.O. 44-194 Knurów ul.1-go Maja 21 lokal: 2;1544;344;344;7;337;22.28;2.03;1558;888;888;11;877;57.00;1.24
82758;240501;15;Miejskie Gimnazjum Nr 1 44-190 Knurów ul.Ks.Alojzego Koziełka 7;1345;255;255;6;249;18.96;2.35;1368;709;709;22;687;51.83;3.10
82759;240501;16;Miejska Szkoła Podstawowa Nr 1 44-190 Knurów ul.Słoniny 1;1843;309;309;14;295;16.77;4.53;1789;804;804;36;768;44.94;4.48
82760;240501;17;Fundacja na Rzecz Rozwoju Miasta Knurowa 44-190 Knurów ul.Dworcowa 38a;1169;191;191;18;173;16.34;9.42;1180;525;525;25;500;44.49;4.76
82761;240501;18;Zespół Szkolno-Przedszkolny, Miejska Szkoła Podstawowa Nr 3 44-193 Knurów ul.Michalskiego 27;1367;319;319;12;307;23.34;3.76;1382;767;767;18;749;55.50;2.35
82762;240501;19;Miejskie Gimnazjum Nr 4 44-193 Knurów ul.Kilińskiego 6;1807;317;317;8;309;17.54;2.52;1776;847;847;29;818;47.69;3.42
82763;240501;20;Dom Kultury 44-193 Knurów ul.Górnicza 1;1186;193;193;11;182;16.27;5.70;1189;477;477;24;453;40.12;5.03
82764;240501;21;Miejska Szkoła Podstawowa Nr 4 44-193 Knurów Kilińskiego 6;1213;223;223;5;218;18.38;2.24;1187;493;493;28;465;41.53;5.68
91314;240501;22;Szpital w Knurowie Sp. z o.o. w budynku głównym Szpitala w Knurowie 44-190 Knurów Niepodległości 8;63;24;24;1;23;38.10;4.17;67;43;43;2;41;64.18;4.65
82765;240502;1;Przedszkole Miejskie Nr 1 44-120 Pyskowice ul. Oświęcimska 28;2003;449;449;17;432;22.42;3.79;2005;920;920;20;900;45.89;2.17
82766;240502;2;Miejska Biblioteka Publiczna - Filia Nr 1 44-120 Pyskowice ul. Traugutta 53;1043;250;250;8;242;23.97;3.20;1044;517;517;23;494;49.52;4.45
82767;240502;3;Ratusz 44-120 Pyskowice ul. Rynek 1;2027;367;367;17;350;18.11;4.63;2024;929;929;25;904;45.90;2.69
82768;240502;4;Szkoła Podstawowa Nr 4 44-120 Pyskowice ul. Wojska Polskiego 23;1845;396;396;12;384;21.46;3.03;1756;887;887;22;865;50.51;2.48
82769;240502;5;Miejska Biblioteka Publiczna 44-120 Pyskowice Plac Józefa Piłsudskiego 1;1955;373;373;7;366;19.08;1.88;1910;851;851;23;828;44.55;2.70
82770;240502;6;Hala Widowiskowo-Sportowa im. H.Wagnera 44-120 Pyskowice ul. Strzelców Bytomskich 1A;1860;285;285;15;270;15.32;5.26;1772;715;715;27;688;40.35;3.78
82771;240502;7;Świetlica Osiedlowa 44-120 Pyskowice ul. Wojska Polskiego 3;1958;315;315;11;304;16.09;3.49;1921;763;763;25;738;39.72;3.28
82772;240502;8;Przedszkole Miejskie Nr 5 44-120 Pyskowice ul. Szopena 9A;1972;472;472;6;466;23.94;1.27;1947;1010;1010;19;991;51.87;1.88
91315;240502;9;Szpital w Pyskowicach Sp. z o.o. 44-120 Pyskowice Szpitalna 2;39;10;10;1;9;25.64;10.00;59;31;31;0;31;52.54;0.00
82773;240503;1;Szkoła Podstawowa 44-186 Gierałtowice ul. Powstańców Śląskich 41;1952;423;423;12;411;21.67;2.84;1934;1035;1035;22;1013;53.52;2.13
82774;240503;2;Szkoła Podstawowa 44-186 Gierałtowice ul. Powstańców Śląskich 41;1171;279;279;4;275;23.83;1.43;1197;673;673;18;655;56.22;2.67
82775;240503;3;Szkoła Podstawowa 44-178 Przyszowice ul. Szkolna 4;1629;441;441;9;432;27.07;2.04;1635;979;979;23;956;59.88;2.35
82776;240503;4;Szkoła Podstawowa 44-178 Przyszowice ul. Szkolna 4;1041;271;271;3;268;26.03;1.11;0;0;0;0;0;NA;NA
82777;240503;5;Szkoła Podstawowa 44-177 Paniówki ul. Zwycięstwa 44;2064;630;630;13;617;30.52;2.06;2104;1392;1392;35;1357;66.16;2.51
82778;240503;6;Szkoła Podstawowa 44-177 Chudów ul. Szkolna 52;1211;305;305;17;288;25.19;5.57;1238;741;741;25;716;59.85;3.37
82779;240504;1;Świetlica Wiejska w Nieborowicach 44-144 Nieborowice ul. Główna 48a;715;200;200;4;196;27.97;2.00;748;423;423;11;412;56.55;2.60
82780;240504;2;Świetlica Wiejska w Leboszowicach 44-145 Leboszowice ul. Wiejska 14;495;170;170;2;168;34.34;1.18;482;266;266;8;258;55.19;3.01
82781;240504;3;Świetlica Wiejska przy OSP w Pilchowicach 44-145 Pilchowice ul. Strażaków 3;2289;421;421;17;404;18.39;4.04;2308;1039;1039;29;1010;45.02;2.79
82782;240504;4;Zespół Szkolno - Przedszkolny w Stanicy 44-145 Stanica ul. Gliwicka 18;1169;274;274;20;254;23.44;7.30;1189;502;502;17;485;42.22;3.39
82783;240504;5;Zespół Szkolno-Przedszkolny 44-189 Wilcza ul. Karola Miarki 27;1637;306;306;4;302;18.69;1.31;1641;828;828;31;797;50.46;3.74
82784;240504;6;Zespół Szkolno-Przedszkolny 44-144 Żernica ul. Leopolda Miki 37;2282;517;517;12;505;22.66;2.32;2312;1147;1147;29;1118;49.61;2.53
82785;240504;7;Kuźnia Nieborowska DPS „Zameczek” 44-144 Kuźnia Nieborowska Knurowska 13;338;84;84;4;80;24.85;4.76;334;152;152;3;149;45.51;1.97
91316;240504;8;Szpital Pilchowice 44-145 Pilchowice Dworcowa 31;72;7;7;0;7;9.72;0.00;90;29;29;0;29;32.22;0.00
82786;240505;1;Zespół Szkolno-Przedszkolny Rudziniec 44-160 Rudziniec ul. Gliwicka 5;1274;278;278;17;261;21.82;6.12;1287;586;586;34;552;45.53;5.80
82787;240505;2;Szkoła Podstawowa Bojszów 44-160 Bojszów ul. Szkolna 23;1149;211;211;7;204;18.36;3.32;1164;530;530;14;516;45.53;2.64
82788;240505;3;Szkoła Podstawowa Rudno 44-160 Rudno ul. Szkolna 9;879;133;133;10;123;15.13;7.52;884;372;372;25;347;42.08;6.72
82789;240505;4;Szkoła Podstawowa Kleszczów 44-164 Kleszczów ul. Szkolna 23;729;194;194;10;184;26.61;5.15;722;411;411;10;401;56.93;2.43
82790;240505;5;Budynek świetlicy wiejskiej Rzeczyce 44-164 Rzeczyce ul. Kolejowa 10;697;153;153;4;149;21.95;2.61;689;257;257;10;247;37.30;3.89
82791;240505;6;Szkoła Podstawowa Bycina 44-120 Bycina ul. Szkolna 13;739;127;127;3;124;17.19;2.36;733;285;285;14;271;38.88;4.91
82792;240505;7;budynek byłej szkoły podstawowej Taciszów 44-171 Taciszów ul. Szkolna 2;437;79;79;1;78;18.08;1.27;437;188;188;4;184;43.02;2.13
82793;240505;8;Zespół Szkono-Przedszkolny, Pławniowice 44-171 Pławniowice ul. Gliwicka 107;720;117;117;2;115;16.25;1.71;722;259;259;6;253;35.87;2.32
82794;240505;9;Gminny Ośrodek Kultury Poniszowice 44-172 Poniszowice ul. Parkowa 11;1280;225;225;6;219;17.58;2.67;1289;554;554;33;521;42.98;5.96
82795;240505;10;Szkoła Podstawowa Chechło 44-172 Chechło ul. Szkolna 1;762;83;83;8;75;10.89;9.64;753;268;268;10;258;35.59;3.73
82796;240506;1;Szkoła Podstawowa w Sośnicowicach 44-153 Sośnicowice ul. Gliwicka 21;755;137;137;7;130;18.15;5.11;753;325;325;11;314;43.16;3.38
82797;240506;2;Świetlica Rady Sołeckiej w Trachach 44-153 Trachy ul. Raciborska 31;645;104;104;1;103;16.12;0.96;667;248;248;8;240;37.18;3.23
82798;240506;3;Szkoła Podstawowa w Sierakowicach 44-156 Sierakowice ul. Wiejska 1;931;201;201;9;192;21.59;4.48;945;412;412;11;401;43.60;2.67
82799;240506;4;Szkoła Podstawowa w Kozłowie 44-153 Kozłów ul. Marcina 33;846;166;166;4;162;19.62;2.41;862;351;351;12;339;40.72;3.42
82800;240506;5;Gminne Przedszkole w Łanach Wielkich 44-153 Łany Wielkie ul. Wiejska 9;562;90;90;2;88;16.01;2.22;572;203;203;8;195;35.49;3.94
82801;240506;6;Gminne Przedszkole w Smolnicy 44-153 Smolnica ul. Szkolna 1;992;299;299;7;292;30.14;2.34;1025;567;567;11;556;55.32;1.94
82802;240506;7;Gminne Przedszkole w Rachowicach 44-156 Rachowice ul. Wiejska 111;576;118;118;3;115;20.49;2.54;588;264;264;10;254;44.90;3.79
82803;240506;8;Szkoła Podstawowa w Bargłówce 44-153 Bargłówka ul. Raciborska 67;591;80;80;1;79;13.54;1.25;585;262;262;9;253;44.79;3.44
82804;240506;9;Szkoła Podstawowa w Sośnicowicach 44-153 Sośnicowice ul. Gliwicka 21;901;218;218;7;211;24.20;3.21;904;399;399;15;384;44.14;3.76
82805;240507;1;Szkoła Podstawowa im.Gustawa Morcinka w Toszku 44-180 Toszek ul.Wilkowicka 2;1513;323;323;8;315;21.35;2.48;1511;765;765;22;743;50.63;2.88
82806;240507;2;Gimnazjum im.Ireny Sendler w Toszku 44-180 Toszek ul.Dworcowa 27;1412;277;277;13;264;19.62;4.69;1380;608;608;14;594;44.06;2.30
82807;240507;3;Gimnazjum im.Ireny Sendler w Toszku 44-180 Toszek ul.Dworcowa 27;1041;123;123;8;115;11.82;6.50;1013;390;390;8;382;38.50;2.05
82808;240507;4;Szkoła Podstawowa im.Gustawa Morcinka w Toszku 44-180 Toszek ul.Wilkowicka 2;1005;114;114;2;112;11.34;1.75;979;382;382;18;364;39.02;4.71
82809;240507;5;Szkoła Podstawowa w Kotulinie 44-180 Kotulin ul.Gliwicka 13;1141;161;161;10;151;14.11;6.21;1150;517;517;9;508;44.96;1.74
82810;240507;6;Szkoła Podstawowa w Paczynie 44-120 Paczyna ul.Wiejska 80;978;89;89;4;85;9.10;4.49;977;310;310;18;292;31.73;5.81
82811;240507;7;Szkoła Podstawowa w Pniowie 44-120 Pniów ul.Szkolna 4 lokal: 1;580;96;96;6;90;16.55;6.25;593;217;217;9;208;36.59;4.15
91317;240507;8;Szpital Psychiatryczny 44-180 Toszek Gliwicka 5;364;63;63;11;52;17.31;17.46;333;71;71;9;62;21.32;12.68
82812;240508;1;Gminny Ośrodek Kultury 44-187 Wielowieś ul. Główna 47;2192;308;308;11;297;14.05;3.57;2201;822;822;27;795;37.35;3.28
82813;240508;2;Szkoła Podstawowa 44-187 Świbie ul. Szkolna 2;1937;235;235;4;231;12.13;1.70;1944;666;666;28;638;34.26;4.20
82814;240508;3;Świetlica wiejska 44-187 Sieroty ul. Kościelna 17;616;77;77;0;77;12.50;0.00;622;208;208;14;194;33.44;6.73
91318;240508;4;Dom Pomocy Społecznej 44-187 Wiśnicze ul.Wiejska 42A;87;42;42;7;35;48.28;16.67;92;41;41;2;39;44.57;4.88
82815;240601;1;Zespół Szkół Nr 1 42-100 Kłobuck ul. Zamkowa 6;1363;220;220;9;211;16.14;4.09;1369;691;691;29;662;50.47;4.20
82816;240601;2;Zespół Szkół Nr 2 42-100 Kłobuck ul. 3 Maja 33;1450;321;321;17;304;22.14;5.30;1409;799;799;19;780;56.71;2.38
82817;240601;3;Gimnazjum 42-100 Kłobuck ul. Bohaterów Bitwy pod Mokrą 4;1828;385;385;13;372;21.06;3.38;1769;914;914;21;893;51.67;2.30
82818;240601;4;Szkoła Podstawowa Nr 1 42-100 Kłobuck ul. Baczyńskiego 2;1155;218;218;10;208;18.87;4.59;1105;505;505;17;488;45.70;3.37
82819;240601;5;Szkoła Podstawowa Nr 2 42-100 Kłobuck ul. Szkolna 1;1228;283;283;5;278;23.05;1.77;1208;662;662;12;650;54.80;1.81
82820;240601;6;Przychodnia Rejonowa Nr 1 42-100 Kłobuck ul. Staszica 28;837;172;172;3;169;20.55;1.74;831;492;492;11;481;59.21;2.24
82821;240601;7;Publiczna Szkoła Podstawowa Stowarzyszenia Przyjaciół Szkół Katolickich 42-100 Lgota ul. Południowa 138;739;139;139;6;133;18.81;4.32;734;391;391;9;382;53.27;2.30
82822;240601;8;Zespół Szkół 42-125 Libidza ul. Olszyńskiego 2;675;55;55;0;55;8.15;0.00;695;290;290;16;274;41.73;5.52
82823;240601;9;Zespół Szkolno-Przedszkolny 42-125 Kamyk ul. Szkolna 3;1945;282;282;9;273;14.50;3.19;1950;962;962;31;931;49.33;3.22
82824;240601;10;Zespół Szkół 42-125 Biała ul. Częstochowska 73;1198;219;219;15;204;18.28;6.85;1184;607;607;16;591;51.27;2.64
82825;240601;11;Zespół Szkolno-Przedszkolny 42-125 Łobodno ul. Sienkiewicza 69;1463;129;129;4;125;8.82;3.10;1462;617;617;33;584;42.20;5.35
82826;240601;12;Publiczna Szkoła Podstawowa Stowarzyszenia Przyjaciół Szkół Katolickich 42-100 Kłobuck ul. Witosa 21;580;113;113;5;108;19.48;4.42;582;267;267;11;256;45.88;4.12
82827;240601;13;Zarząd Dróg i Gospodarki Komunalnej 42-100 Kłobuck ul. 11 Listopada 26;1117;242;242;6;236;21.67;2.48;1134;683;683;9;674;60.23;1.32
82828;240601;14;Zespół Szkół Nr 3 42-100 Kłobuck ul. Ks. Skorupki 46;845;163;163;9;154;19.29;5.52;850;425;425;11;414;50.00;2.59
82829;240601;15;Państwowe Gospodarstwo Leśne Lasy Państwowe 42-100 Kłobuck ul. Zakrzewska 85;528;73;73;3;70;13.83;4.11;546;209;209;3;206;38.28;1.44
91319;240601;16;Szpital Rejonowy 42-100 Kłobuck ul. 11 Listopada 5E;18;9;9;0;9;50.00;0.00;17;17;17;1;16;100.00;5.88
82830;240602;1;Dom Kultury 42-160 Krzepice ul. Częstochowska 26;1076;234;234;7;227;21.75;2.99;1068;542;542;17;525;50.75;3.14
82831;240602;2;Zespół Szkół Liceum Ogólnokształcące 42-160 Krzepice ul. Ryły 26;1564;321;321;11;310;20.52;3.43;1551;769;769;21;748;49.58;2.73
82832;240602;3;Remiza OSP 42-160 Krzepice ul. Kuków 79;327;44;44;1;43;13.46;2.27;330;141;141;2;139;42.73;1.42
82833;240602;4;Szkoła Podstawowa Nr 2 42-160 Krzepice ul. Skłodowskiej 21;961;180;180;8;172;18.73;4.44;961;442;442;12;430;45.99;2.71
82834;240602;5;Szkoła Podstawowa 42-160 Dankowice Drugie 30;616;89;89;2;87;14.45;2.25;613;220;220;6;214;35.89;2.73
82835;240602;6;Zespół Szkół 42-161 Starokrzepice ul. Oleska 250;1371;262;262;15;247;19.11;5.73;1368;646;646;9;637;47.22;1.39
82836;240602;7;Szkoła Podstawowa 42-160 Zajączki Pierwsze 50;705;121;121;7;114;17.16;5.79;685;310;310;11;299;45.26;3.55
82837;240602;8;Remiza OSP 42-160 Zajączki Drugie ul. Główna 140;1090;190;190;7;183;17.43;3.68;1097;495;495;22;473;45.12;4.44
91320;240602;9;Szpital Rejonowy im. Dr. Anki 42-160 Krzepice ul. Szkolna 1;58;2;2;0;2;3.45;0.00;24;12;12;1;11;50.00;8.33
82838;240603;1;Gminny Ośrodek Kultury 42-165 Lipie ul. Częstochowska 95;1811;369;369;20;349;20.38;5.42;1787;833;833;40;793;46.61;4.80
82839;240603;2;Zespół Szkolno-Przedszkolny 42-164 Parzymiechy ul. Parkowa 2;1645;286;286;14;272;17.39;4.90;1658;800;800;15;785;48.25;1.88
82840;240603;3;Zespół Szkolno-Przedszkolny 42-165 Lindów 33;843;139;139;5;134;16.49;3.60;851;368;368;15;353;43.24;4.08
82841;240603;4;Szkoła Podstawowa 42-165 Rębielice Szlacheckie 93;566;104;104;2;102;18.37;1.92;566;239;239;9;230;42.23;3.77
82842;240603;5;Lokal szkolny Zespołu Szkolno-Przedszkolnego w Lipiu 42-165 Natolin 51;467;95;95;2;93;20.34;2.11;461;216;216;11;205;46.85;5.09
82843;240604;1;Gimnazjum 42-120 Miedźno ul. Szkolna 1;451;93;93;5;88;20.62;5.38;458;226;226;10;216;49.34;4.42
82844;240604;2;Gimnazjum 42-120 Miedźno ul. Szkolna 1;813;146;146;8;138;17.96;5.48;801;396;396;15;381;49.44;3.79
82845;240604;3;Szkoła Podstawowa 42-120 Miedźno ul. Szkolna 1;836;165;165;8;157;19.74;4.85;843;418;418;12;406;49.58;2.87
82846;240604;4;Gminny Ośrodek Kultury 42-120 Miedźno ul. Gen. Juliana Filipowicza 5;500;70;70;5;65;14.00;7.14;494;203;203;9;194;41.09;4.43
82847;240604;5;Zespół Szkół 42-122 Ostrowy nad Okszą ul. Szkolna 6;865;147;147;3;144;16.99;2.04;838;449;449;19;430;53.58;4.23
82848;240604;6;Zespół Szkół 42-122 Ostrowy nad Okszą ul. Szkolna 6;952;140;140;2;138;14.71;1.43;964;500;500;17;483;51.87;3.40
82849;240604;7;Świetlica w budynku po byłej Szkole Podstawowej 42-120 Kołaczkowice 110;511;105;105;8;97;20.55;7.62;495;237;238;7;230;47.88;2.95
82850;240604;8;Zespół Szkolno-Przedszkolny 42-120 Mokra 194;634;88;88;1;87;13.88;1.14;637;247;247;11;236;38.78;4.45
82851;240604;9;Świetlica przy Ochotniczej Straży Pożarnej 42-120 Borowa 60a;401;68;68;2;66;16.96;2.94;397;165;165;5;160;41.56;3.03
82852;240604;10;Świetlica w budynku po byłej Szkole Podstawowej 42-120 Władysławów ul. Turystyczna 122;293;50;50;2;48;17.06;4.00;291;110;110;0;110;37.80;0.00
82853;240605;1;Gimnazjum 42-152 Opatów ul. Szkolna 5;1002;143;143;11;132;14.27;7.69;998;455;455;16;439;45.59;3.52
82854;240605;2;Gimnazjum 42-152 Opatów ul. Szkolna 5;483;41;41;0;41;8.49;0.00;475;177;177;5;172;37.26;2.82
82855;240605;3;Szkoła Podstawowa 42-152 Iwanowice Duże ul. Częstochowska 63;765;125;125;11;114;16.34;8.80;776;310;310;22;288;39.95;7.10
82856;240605;4;Szkoła Podstawowa 42-151 Waleńczów ul. Szkolna 19;902;143;143;4;139;15.85;2.80;908;445;445;13;432;49.01;2.92
82857;240605;5;Szkoła Podstawowa 42-152 Wilkowiecko ul. Szkolna 1;877;150;150;4;146;17.10;2.67;883;381;381;5;376;43.15;1.31
82858;240605;6;Szkoła Podstawowa 42-151 Złochowice ul. Wesoła 3;1032;105;105;2;103;10.17;1.90;1012;461;461;16;445;45.55;3.47
82859;240605;7;Remiza OSP 42-152 Zwierzyniec Pierwszy ul. Jasna 5;520;78;78;5;73;15.00;6.41;512;189;189;18;171;36.91;9.52
82860;240606;1;Gminny Ośrodek Kultury i Sportu 42-140 Panki ul. 1 Maja 8;1036;185;185;6;179;17.86;3.24;1039;519;519;9;510;49.95;1.73
82861;240606;2;Zespół Szkół 42-140 Panki ul. Tysiąclecia 17;1222;172;172;3;169;14.08;1.74;1229;537;537;17;520;43.69;3.17
82862;240606;3;Szkoła Podstawowa 42-140 Aleksandrów 31;767;120;120;2;118;15.65;1.67;758;323;323;13;310;42.61;4.02
82863;240606;4;Szkoła Podstawowa 42-140 Konieczki 64;1119;115;115;2;113;10.28;1.74;1111;467;467;18;449;42.03;3.85
82864;240607;1;Gminny Zespół Szkolno-Przedszkolny Nr 1 42-110 Popów ul. Długosza 7;1304;227;227;15;212;17.41;6.61;1292;627;627;16;611;48.53;2.55
82865;240607;2;Gminny Zespół Szkolno-Przedszkolny Nr 3 42-110 Rębielice Królewskie ul. Szkolna 1;684;92;92;12;80;13.45;13.04;691;290;290;25;265;41.97;8.62
82866;240607;3;Gminny Zespół Szkolno-Przedszkolny Nr 2 42-110 Wąsosz Górny ul. Witosa 11;1224;145;145;9;136;11.85;6.21;1240;455;455;16;439;36.69;3.52
82867;240607;4;Gminny Zespół Szkolno-Przedszkolny Nr 4 42-110 Więcki ul. Szkolna 1;745;80;80;3;77;10.74;3.75;732;247;247;10;237;33.74;4.05
82868;240607;5;Gimnazjum Nr 1 42-110 Zawady ul. Szkolna 8;983;143;143;7;136;14.55;4.90;985;406;406;18;388;41.22;4.43
91321;240607;6;Oddział Zewnętrzny Aresztu Śledczego w Częstochowie 42-110 Wąsosz Górny ul. Powstańców 150;100;57;57;15;42;57.00;26.32;101;43;43;3;40;42.57;6.98
82869;240608;1;Zespół Szkół w Przystajni 42-141 Przystajń ul. Szkolna 9;1894;292;292;14;278;15.42;4.79;1898;886;886;29;857;46.68;3.27
82870;240608;2;Gminny Ośrodek Kultury, Sportu i Rekreacji w Przystajni 42-141 Przystajń ul. Targowa 5;1616;143;143;6;137;8.85;4.20;1621;576;576;27;549;35.53;4.69
82871;240608;3;Publiczna Szkoła Podstawowa w Borze Zajacińskim 42-142 Bór Zajaciński 78;781;67;67;5;62;8.58;7.46;799;280;280;17;263;35.04;6.07
82872;240608;4;Strażnica OSP w Ługach-Radłach 42-142 Ługi-Radły ul. Leśna 1A;581;82;82;0;82;14.11;0.00;567;245;245;9;236;43.21;3.67
82873;240609;1;Zespół Szkół 42-130 Wręczyca Wielka ul. Szkolna 11;2336;416;416;12;404;17.81;2.88;2313;1165;1165;30;1135;50.37;2.58
82874;240609;2;Szkoła Podstawowa 42-130 Grodzisko ul. Kłobucka 1;842;148;148;4;144;17.58;2.70;862;450;450;16;434;52.20;3.56
82875;240609;3;Szkoła Podstawowa 42-133 Borowe ul. Długa 75;1868;253;253;9;244;13.54;3.56;1903;762;762;41;721;40.04;5.38
82876;240609;4;Zespół Szkolno-Przedszkolny 42-130 Kalej ul. Szkolna 1;2359;430;430;26;404;18.23;6.05;2340;1078;1078;46;1032;46.07;4.27
82877;240609;5;Zespół Szkół 42-133 Węglowice 3;1929;273;273;11;262;14.15;4.03;1928;879;879;18;861;45.59;2.05
82878;240609;6;Szkoła Podstawowa 42-134 Kuleje ul. Szkolna 1;1115;138;138;10;128;12.38;7.25;1128;497;497;13;484;44.06;2.62
82879;240609;7;Oddział Przedszkola 42-134 Piła Pierwsza 4;590;42;42;1;41;7.12;2.38;587;240;240;15;225;40.89;6.25
82880;240609;8;Zespół Szkół 42-134 Truskolasy ul. Szkolna 3;2267;255;255;19;236;11.25;7.45;2260;920;920;49;871;40.71;5.33
82881;240609;9;OSP 42-134 Hutka ul. Dolna 2;505;70;70;2;68;13.86;2.86;517;219;219;9;210;42.36;4.11
82882;240609;10;Zespół Szkół 42-130 Wręczyca Wielka ul. Szkolna 11;525;94;94;3;91;17.90;3.19;527;211;211;14;197;40.04;6.64
82883;240701;1;OSP 42-700 Lubliniec ul. Sokoła 13;1806;453;454;19;434;25.08;4.19;1765;952;952;19;933;53.94;2.00
82884;240701;2;Siedziba Zespołu Pieśni i Tańca „HALKA” 42-700 Lubliniec ul. Stalmacha 12;1100;285;285;8;277;25.91;2.81;1103;584;584;7;577;52.95;1.20
82885;240701;3;Świetlica przy Domu Parafialnym 42-700 Lubliniec ul. Kokotek 22;246;64;64;1;63;26.02;1.56;245;132;132;3;129;53.88;2.27
82886;240701;4;Basen Kryty 42-700 Lubliniec ul. Powstańców Śląskich 42;1997;450;450;13;437;22.53;2.89;1945;957;957;19;938;49.20;1.99
82887;240701;5;Państwowa Szkoła Muzyczna I stopnia im. J. Garści 42-700 Lubliniec Plac K. Mańki 9;979;229;229;9;220;23.39;3.93;915;461;461;15;446;50.38;3.25
82888;240701;6;Miejski Dom Kultury 42-700 Lubliniec ul. Plebiscytowa 9;1117;226;226;11;215;20.23;4.87;1083;475;475;25;450;43.86;5.26
82889;240701;7;Gimnazjum Nr 1 42-700 Lubliniec ul. Wilimowskiego 8;1976;386;386;15;371;19.53;3.89;1913;807;807;16;791;42.19;1.98
82890;240701;8;Przedszkole Miejskie Nr 1 42-700 Lubliniec ul. Słoneczna 13;1564;385;385;13;372;24.62;3.38;1397;766;766;16;750;54.83;2.09
82891;240701;9;Zespół Szkół im. Św. Edyty Stein Katolickiego Stowarzyszenia Wychowawców 42-700 Lubliniec ul. Marszałka Piłsudskiego 8;1738;425;425;25;400;24.45;5.88;1786;988;988;29;959;55.32;2.94
82892;240701;10;Przedszkole Miejskie Nr 8 42-700 Lubliniec ul. Uchodźców 34;1753;456;456;15;441;26.01;3.29;1748;940;940;18;922;53.78;1.91
82893;240701;11;Klub przy Rzymsko-katolickiej parafii p.w. św. Teresy Benedykty od Krzyża 42-700 Lubliniec ul. Żeromskiego 2;769;160;160;5;155;20.81;3.12;777;433;433;7;426;55.73;1.62
82894;240701;12;Szkoła Podstawowa Nr 3 42-700 Lubliniec ul. Zwycięstwa 32;1832;459;459;15;444;25.05;3.27;1824;934;935;20;914;51.21;2.14
82895;240701;13;Gimnazjum Nr 2 42-700 Lubliniec ul. Droniowicka 45;1810;498;498;13;485;27.51;2.61;1815;1073;1073;18;1055;59.12;1.68
91322;240701;14;Dom Pomocy Społecznej „Dom Kombatanta” 42-700 Lubliniec ul. Cyrana 10;148;56;56;5;51;37.84;8.93;177;60;60;7;53;33.90;11.67
91323;240701;15;Zakład Karny 42-700 Lubliniec ul. Sobieskiego 6;220;69;69;8;61;31.36;11.59;201;117;117;16;101;58.21;13.68
82896;240702;1;Zespół Placówek Oświatowych 42-283 Boronów ul. Poznańska 2;1378;215;215;8;207;15.60;3.72;1374;624;624;22;602;45.41;3.53
82897;240702;2;Zespół Placówek Oświatowych 42-283 Boronów ul. Poznańska 2;1386;221;221;3;218;15.95;1.36;1391;672;672;16;656;48.31;2.38
82898;240703;1;Urząd Gminy 42-793 Ciasna ul. Nowa 1a;2323;267;267;20;247;11.49;7.49;2297;758;758;23;735;33.00;3.03
82899;240703;2;Szkoła Podstawowa 42-793 Glinica ul. Asfaltowa 6;791;120;120;2;118;15.17;1.67;792;336;336;14;322;42.42;4.17
82900;240703;3;Hala Sportowa 42-793 Sieraków Śląski al. Parkowa 2;1877;203;203;8;195;10.82;3.94;1851;593;593;17;576;32.04;2.87
82901;240703;4;Szkoła Podstawowa 42-793 Wędzina ul. Szkolna 23;528;56;56;5;51;10.61;8.93;518;153;153;5;148;29.54;3.27
82902;240703;5;Szkoła Podstawowa 42-793 Zborowskie ul. Myśliwska 1;838;72;72;5;67;8.59;6.94;839;210;210;10;200;25.03;4.76
91324;240703;6;Zakład Karny 42-793 Sieraków Śląski ul. Cegielniana 13;547;71;71;8;63;12.98;11.27;479;215;215;35;180;44.89;16.28
82903;240704;1;Gminne Centrum Kultury i Informacji 42-284 Herby ul. Lubliniecka 31;1972;450;450;13;437;22.82;2.89;1939;1021;1021;24;997;52.66;2.35
82904;240704;2;Szkoła Podstawowa 42-284 Olszyna ul.Szkolna 4;957;177;177;10;167;18.50;5.65;958;461;461;16;445;48.12;3.47
82905;240704;3;Szkoła Podstawowa 42-714 Lisów ul.Szkolna 2;2041;307;307;8;299;15.04;2.61;2018;885;885;37;848;43.86;4.18
82906;240704;4;Szkoła Podstawowa 42-714 Hadra ul.Szkolna 29;563;89;89;10;79;15.81;11.24;562;237;237;12;225;42.17;5.06
91325;240704;5;Zakład Karny 42-284 Herby ul. Krótka 28;395;111;111;5;106;28.10;4.50;414;161;161;35;126;38.89;21.74
82907;240705;1;Wiejski Dom Spotkań 42-700 Droniowice ul. Ogrodowa 7;521;79;79;7;72;15.16;8.86;519;180;180;6;174;34.68;3.33
82908;240705;2;budynek byłej szkoły 42-700 Jawornica ul. Szkolna 3;472;97;97;3;94;20.55;3.09;476;205;205;7;198;43.07;3.41
82909;240705;3;Gminne Centrum Kultury i Informacji 42-713 Kochanowice ul. Lubliniecka 5;1695;332;332;19;313;19.59;5.72;1687;774;774;14;760;45.88;1.81
82910;240705;4;Zespół Szkolno - Przedszkolny 42-713 Kochcice ul. Parkowa 45;1775;227;227;8;219;12.79;3.52;1780;678;678;16;662;38.09;2.36
82911;240705;5;Zespół Szkół 42-700 Lubecko ul. Lipska 21;650;112;112;1;111;17.23;0.89;649;260;260;8;252;40.06;3.08
82912;240705;6;Remiza OSP 42-713 Lubockie ul. Szkolna 8;479;62;62;0;62;12.94;0.00;472;168;168;8;160;35.59;4.76
91326;240705;7;Oddział Rehabilitacji, Balneologii i Medycyny Fizykalnej 42-713 Kochcice ul. Zamkowa 1;104;71;71;5;66;68.27;7.04;110;88;88;5;83;80.00;5.68
82913;240706;1;Urząd Gminy 42-286 Koszęcin ul. Powstańców Śląskich 10;1979;393;393;20;373;19.86;5.09;1980;1003;1003;37;966;50.66;3.69
82914;240706;2;Szkoła Podstawowa 42-286 Koszęcin ul. Sobieskiego 7;2014;548;548;19;529;27.21;3.47;2013;1113;1113;24;1089;55.29;2.16
82915;240706;3;Szkoła Podstawowa 42-288 Strzebiń ul. Lompy 9;1620;294;294;6;288;18.15;2.04;1623;734;734;17;717;45.22;2.32
82916;240706;4;Dom Strażaka 42-288 Strzebiń ul. 1 Maja 23a;1204;185;185;7;178;15.37;3.78;1192;482;482;7;475;40.44;1.45
82917;240706;5;Szkoła Podstawowa 42-700 Sadów ul. Powstańców Śląskich 72;1431;296;296;10;286;20.68;3.38;1452;653;653;26;627;44.97;3.98
82918;240706;6;Szkoła Podstawowa 42-700 Rusinowice ul. 1 Maja 29;1197;262;262;8;254;21.89;3.05;1214;594;594;18;576;48.93;3.03
82919;240707;1;Świetlica dla dzieci i młodzieży 42-772 Pawonków ul. Zawadzkiego 6;1213;191;191;3;188;15.75;1.57;1208;477;477;11;466;39.49;2.31
82920;240707;2;Przedszkole 42-772 Łagiewniki Wielkie ul. Lompy 20;517;66;66;6;60;12.77;9.09;516;202;202;9;193;39.15;4.46
82921;240707;3;Zespół Szkolno-Przedszkolny 42-700 Lisowice ul. Mickiewicza 22;1281;215;215;5;210;16.78;2.33;1309;558;558;9;549;42.63;1.61
82922;240707;4;Szkoła Podstawowa 42-772 Kośmidry ul. Szkolna 3;783;124;124;6;118;15.84;4.84;780;315;315;8;307;40.38;2.54
82923;240707;5;Szkoła Podstawowa 42-772 Łagiewniki Małe ul. Lubliniecka 30;934;103;103;5;98;11.03;4.85;930;300;300;20;280;32.26;6.67
82924;240707;6;Szkoła Podstawowa 42-772 Gwoździany ul. Lubliniecka 5;593;61;61;4;57;10.29;6.56;589;180;180;10;170;30.56;5.56
82925;240708;1;Miejsko-Gminny Ośrodek Kultury 42-289 Woźniki ul. Górna 5;1245;248;248;15;233;19.92;6.05;1240;581;581;19;562;46.85;3.27
82926;240708;2;Miejsko-Gminny Ośrodek Kultury 42-289 Woźniki ul. Górna 5;1310;284;284;7;277;21.68;2.46;1290;604;604;20;584;46.82;3.31
82927;240708;3;Szkoła Podstawowa 42-289 Woźniki ul. Szkolna 5;714;131;131;4;127;18.35;3.05;710;353;353;16;337;49.72;4.53
82928;240708;4;Szkoła Podstawowa 42-287 Psary ul. Główna 91;1075;233;233;6;227;21.67;2.58;1062;562;562;28;534;52.92;4.98
82929;240708;5;Szkoła Podstawowa 42-287 Kamienica ul. Częstochowska 42;669;91;91;4;87;13.60;4.40;680;326;326;13;313;47.94;3.99
82930;240708;6;Szkoła Podstawowa 42-287 Lubsza ul. Szkolna 1;771;164;164;0;164;21.27;0.00;763;345;345;13;332;45.22;3.77
82931;240708;7;OSP 42-287 Piasek ul. Strażacka 2;258;62;62;1;61;24.03;1.61;259;140;140;2;138;54.05;1.43
82932;240708;8;Budynek Szkoły Podstawowej prowadzonej przez Stowarzyszenie 42-287 Kamieńskie Młyny ul. Szkolna 10;511;121;121;4;117;23.68;3.31;506;258;258;13;245;50.99;5.04
82933;240708;9;Budynek GS 42-289 Woźniki ul. Asfaltowa 58;359;79;79;2;77;22.01;2.53;362;182;182;2;180;50.28;1.10
82934;240708;10;Szkoła Podstawowa 42-287 Psary ul. Główna 91;909;153;153;5;148;16.83;3.27;907;395;395;14;381;43.55;3.54
82935;240801;1;Szkoła Podstawowa nr 5 im. Powstańców Śląskich 43-173 Łaziska Górne ul. Szkolna 4;814;225;225;4;221;27.64;1.78;821;510;510;2;508;62.12;0.39
82936;240801;2;Szkoła Podstawowa nr 5 im. Powstańców Śląskich 43-173 Łaziska Górne ul. Szkolna 4;874;207;207;6;201;23.68;2.90;892;527;527;15;512;59.08;2.85
82937;240801;3;Miejski Dom Kultury (Filia Łaziska Średnie) 43-173 Łaziska Górne ul. Pstrowskiego 17;900;172;172;5;167;19.11;2.91;868;441;441;10;431;50.81;2.27
82938;240801;4;Gimnazjum nr 3 im. „Przyjaciół Ziemi” 43-173 Łaziska Górne ul. Powstańców 6;850;175;175;9;166;20.59;5.14;841;466;466;11;455;55.41;2.36
82939;240801;5;Powiatowa i Miejska Biblioteka Publiczna (Filia w Łaziskach Średnich) 43-173 Łaziska Górne ul. Wyszyńskiego 8;747;125;125;2;123;16.73;1.60;720;286;286;8;278;39.72;2.80
82940;240801;6;Szkoła Podstawowa nr 6 z Oddziałami Integracyjnymi im. Jana Pawła II 43-173 Łaziska Górne ul. Wyrska 4;887;199;199;7;192;22.44;3.52;844;466;466;14;452;55.21;3.00
82941;240801;7;Szkoła Podstawowa nr 6 z Oddziałami Integracyjnymi im. Jana Pawła II 43-173 Łaziska Górne ul. Wyrska 4;862;211;211;7;204;24.48;3.32;818;465;465;12;453;56.85;2.58
82942;240801;8;Gimnazjum nr 3 im. „Przyjaciół Ziemi” 43-173 Łaziska Górne ul. Powstańców 6;931;183;183;7;176;19.66;3.83;910;404;404;10;394;44.40;2.48
82943;240801;9;Szkoła Podstawowa nr 6 z Oddziałami Integracyjnymi im. Jana Pawła II 43-173 Łaziska Górne ul. Wyrska 4;855;204;204;4;200;23.86;1.96;855;448;448;4;444;52.40;0.89
82944;240801;10;Zespół Szkół im. Piastów Śląskich 43-170 Łaziska Górne ul. Cieszyńska 12;866;194;194;2;192;22.40;1.03;864;452;452;8;444;52.31;1.77
82945;240801;11;Przedszkole nr 2 Integracyjne 43-170 Łaziska Górne ul. Miodowa 11;892;266;266;3;263;29.82;1.13;887;506;506;6;500;57.05;1.19
82946;240801;12;Salon Samochodowy 43-170 Łaziska Górne ul. Leśna 1;836;319;319;8;311;38.16;2.51;889;624;624;18;606;70.19;2.88
82947;240801;13;Zespół Szkół Energetycznych i Usługowych 43-170 Łaziska Górne ul. Chopina 11b;807;190;190;7;183;23.54;3.68;782;423;423;10;413;54.09;2.36
82948;240801;14;Miejski Dom Kultury 43-170 Łaziska Górne ul. Świerczewskiego 2;812;217;217;4;213;26.72;1.84;802;487;487;8;479;60.72;1.64
82949;240801;15;Przedszkole nr 5 im. Przyjaciół Bohaterów Bajek 43-170 Łaziska Górne ul. Chopina 1;705;166;166;11;155;23.55;6.63;697;378;378;14;364;54.23;3.70
82950;240801;16;Szkoła Podstawowa nr 1 43-170 Łaziska Górne ul. Dworcowa 4;786;228;228;4;224;29.01;1.75;772;444;444;5;439;57.51;1.13
82951;240801;17;Miejski Dom Kultury 43-170 Łaziska Górne ul. Świerczewskiego 2;691;170;170;4;166;24.60;2.35;682;383;383;5;378;56.16;1.31
82952;240801;18;Powiatowa i Miejska Biblioteka Publiczna 43-170 Łaziska Górne ul. Świerczewskiego 1;782;176;176;4;172;22.51;2.27;777;416;416;13;403;53.54;3.12
82953;240801;19;Gimnazjum nr 1 im. Mikołaja Kopernika 43-170 Łaziska Górne ul. Ogrodowa 48;743;180;180;6;174;24.23;3.33;723;396;396;10;386;54.77;2.53
82954;240801;20;Szkoła Podstawowa nr 1 43-170 Łaziska Górne ul. Dworcowa 4;930;211;211;3;208;22.69;1.42;920;495;495;11;484;53.80;2.22
82955;240801;21;Gimnazjum nr 1 im. Mikołaja Kopernika 43-170 Łaziska Górne ul. Ogrodowa 48;867;167;167;5;162;19.26;2.99;849;415;415;12;403;48.88;2.89
82956;240802;1;Miejski Dom Kultury 43-190 Mikołów Rynek 19;1245;291;291;4;287;23.37;1.37;1234;558;558;19;539;45.22;3.41
82957;240802;2;Dom Katecheczny 43-190 Mikołów ul. Okrzei 14a;1320;406;406;11;395;30.76;2.71;1313;756;756;7;749;57.58;0.93
82958;240802;3;Sąd Rejonowy 43-190 Mikołów ul. kard. Wyszyńskiego 4;1248;340;340;9;331;27.24;2.65;1216;738;738;17;721;60.69;2.30
82959;240802;4;Przedszkole nr 2 43-190 Mikołów ul.Janasa 2;912;230;230;6;224;25.22;2.61;912;445;445;10;435;48.79;2.25
82960;240802;5;Gimnazjum nr 2 43-190 Mikołów ul. Krakowska 30;1274;331;331;8;323;25.98;2.42;1230;681;681;9;672;55.37;1.32
82961;240802;6;Gimnazjum nr 2 43-190 Mikołów ul. Krakowska 30;1677;432;432;9;423;25.76;2.08;1643;920;920;10;910;56.00;1.09
82962;240802;7;Szkoła Podstawowa nr 3 43-190 Mikołów ul. Bandurskiego 1;1902;642;642;9;633;33.75;1.40;1898;1212;1212;10;1202;63.86;0.83
82963;240802;8;Szkoła Podstawowa nr 3 43-190 Mikołów ul. Bandurskiego 1;2178;553;553;12;541;25.39;2.17;2137;1200;1200;19;1181;56.15;1.58
82964;240802;9;Gimnazjum nr 1 43-190 Mikołów ul. Konstytucji 3 Maja 20;2039;679;679;7;672;33.30;1.03;2041;1276;1276;21;1255;62.52;1.65
82965;240802;10;Liceum Ogólnokształcące 43-190 Mikołów ul. Żwirki i Wigury 25;1916;550;550;13;537;28.71;2.36;1834;1055;1055;40;1015;57.52;3.79
82966;240802;11;Liceum Ogólnokształcące 43-190 Mikołów ul. Żwirki i Wigury 25;1494;339;339;19;320;22.69;5.60;1496;730;730;20;710;48.80;2.74
82967;240802;12;Zespół Szkół Technicznych 43-190 Mikołów ul. Rybnicka 44;1194;322;322;5;317;26.97;1.55;1170;622;622;7;615;53.16;1.13
82968;240802;13;Szkoła Podstawowa nr 5 43-190 Mikołów ul. Katowicka 24;1112;279;279;8;271;25.09;2.87;1113;599;599;21;578;53.82;3.51
82969;240802;14;Biurowiec w zarządzie ZGL 43-190 Mikołów ul. kard. S. Wyszyńskiego 13;900;222;222;2;220;24.67;0.90;932;568;568;8;560;60.94;1.41
82970;240802;15;Szkoła Podstawowa nr 4 43-190 Mikołów, Kamionka ul. Katowicka 122;2075;720;720;8;712;34.70;1.11;2118;1405;1405;17;1388;66.34;1.21
82971;240802;16;Zespół Szkolno-Przedszkolny 43-190 Mikołów, ul. Skalna 10;1345;409;409;5;404;30.41;1.22;1375;839;839;13;826;61.02;1.55
82972;240802;17;Szkoła Podstawowa nr 7 43-190 Mikołów,Mokre ul. Zamkowa 1;2084;546;546;16;530;26.20;2.93;2150;1187;1187;16;1171;55.21;1.35
82973;240802;18;Biblioteka 43-190 Mikołów, Śmiłowice ul. Gliwicka 102;796;209;209;12;197;26.26;5.74;823;451;451;9;442;54.80;2.00
82974;240802;19;Szkoła Podstawowa nr 8 43-190 Mikołów, Paniowy ul. Wolności 30;1288;401;401;15;386;31.13;3.74;1289;808;808;35;773;62.68;4.33
82975;240802;20;Zespół Szkół nr 2 43-190 Mikołów, Borowa Wieś Gliwicka 299;1797;454;454;14;440;25.26;3.08;1849;1079;1079;12;1067;58.36;1.11
82976;240802;21;Zespół Szkół nr 3 43-196 Mikołów Szkolna 1;1617;445;445;11;434;27.52;2.47;1628;958;958;17;941;58.85;1.77
91327;240802;22;Szpital Powiatowy 43-190 Mikołów ul. Waryńskiego 4;134;24;24;3;21;17.91;12.50;112;35;35;1;34;31.25;2.86
91328;240802;23;Szpital św. Józefa 43-190 Mikołów ul. Okrzei 27;134;26;26;1;25;19.40;3.85;133;38;38;1;37;28.57;2.63
91329;240802;24;Ośrodek dla Niepełnosprawnych Miłosierdzie Boże - Dom Pomocy Społecznej 43-190 Mikołów, Borowa Wieś ul. Gliwicka 366;133;43;43;5;38;32.33;11.63;133;67;67;6;61;50.38;8.96
82977;240803;1;Miejski Ośrodek Kultury 43-180 Orzesze ul.Rynek 1;930;243;243;3;240;26.13;1.23;910;512;512;10;502;56.26;1.95
82978;240803;2;Miejski Ośrodek Kultury 43-180 Orzesze ul.Rynek 1;843;235;235;5;230;27.88;2.13;846;493;493;9;484;58.27;1.83
82979;240803;3;Zespół Szkół 43-180 Orzesze ul.K.Miarki 1a;971;236;236;2;234;24.30;0.85;961;522;522;11;511;54.32;2.11
82980;240803;4;Miejski Ośrodek Kultury 43-180 Orzesze ul.Rynek 1;862;253;253;5;248;29.35;1.98;839;435;435;3;432;51.85;0.69
82981;240803;5;Szkoła Podstawowa Nr 2 43-180 Orzesze ul.Bukowina 19-21;919;243;243;6;237;26.44;2.47;914;517;517;8;509;56.56;1.55
82982;240803;6;Przedszkole Nr 2 43-180 Orzesze ul.Miła 1a;932;222;222;4;218;23.82;1.80;943;532;532;13;519;56.42;2.44
82983;240803;7;Szkoła Podstawowa Nr 4 43-180 Orzesze, Jaśkowice ul.Stuska 10;1037;236;236;3;233;22.76;1.27;1046;555;555;4;551;53.06;0.72
82984;240803;8;Szkoła Podstawowa Nr 4 43-180 Orzesze, Jaśkowice ul.Stuska 10;962;198;198;4;194;20.58;2.02;946;504;504;4;500;53.28;0.79
82985;240803;9;Gimnazjum Nr 3 43-180 Orzesze, Gardawice ul.Uczniowska 1;1548;302;302;11;291;19.51;3.64;1588;922;922;32;890;58.06;3.47
82986;240803;10;Szkoła Podstawowa Nr 8 43-180 Orzesze, Mościska ul.Bolesława Chrobrego 64;706;166;166;5;161;23.51;3.01;757;486;486;17;469;64.20;3.50
82987;240803;11;Szkoła Podstawowa Nr 10 43-180 Orzesze, Woszczyce ul.Norwida 2;1177;251;251;12;239;21.33;4.78;1192;642;642;12;630;53.86;1.87
82988;240803;12;Gimnazjum Nr 2 43-180 Orzesze, Zawada ul.Szkolna 44;1504;336;336;11;325;22.34;3.27;1526;827;827;26;801;54.19;3.14
82989;240803;13;Szkoła Podstawowa Nr 6 43-180 Orzesze, Zawiść ul.1000 Lecia 1;1541;433;433;13;420;28.10;3.00;1554;924;924;15;909;59.46;1.62
82990;240803;14;Szkoła Podstawowa Nr 5 43-180 Orzesze, Zazdrość ul.Żorska 101;919;203;203;8;195;22.09;3.94;943;569;569;11;558;60.34;1.93
82991;240803;15;Szkoła Podstawowa Nr 9 43-180 Orzesze, Zgoń ul. Kobiórska 1;863;230;230;5;225;26.65;2.17;878;580;580;16;564;66.06;2.76
91330;240803;16;Szpital Chorób Płuc 43-180 Orzesze ul. Gliwicka 20;34;9;9;0;9;26.47;0.00;45;25;25;2;23;55.56;8.00
82992;240804;1;Gimnazjum im.Noblistów Polskich 43-178 Ornontowice ul. Zwycięstwa 7c;1494;395;395;14;381;26.44;3.54;1504;902;902;17;885;59.97;1.88
82993;240804;2;Gimnazjum im.Noblistów Polskich 43-178 Ornontowice ul. Zwycięstwa 7c;1497;376;376;15;361;25.12;3.99;1504;807;807;30;777;53.66;3.72
90046;240804;3;Gimnazjum im.Noblistów Polskich 43-178 Ornontowice Zwycięstwa 7c;1631;366;366;14;352;22.44;3.83;1589;879;879;27;852;55.32;3.07
82994;240805;1;Pawilon Handlowy 43-175 Wyry ul. Dąbrowszczaków 58;1131;302;302;11;291;26.70;3.64;1141;673;673;15;658;58.98;2.23
82995;240805;2;Zespół Szkół w Wyrach 43-175 Wyry ul. Aleksandra Puszkina 10;727;184;184;3;181;25.31;1.63;732;439;439;10;429;59.97;2.28
82996;240805;3;Zespół Szkół w Wyrach 43-175 Wyry ul. Aleksandra Puszkina 10;1088;267;267;6;261;24.54;2.25;1188;686;686;8;678;57.74;1.17
82997;240805;4;Dom Kultury w Gostyni 43-176 Gostyń ul. Pszczyńska 366;1282;378;378;8;370;29.49;2.12;1309;839;839;17;822;64.09;2.03
82998;240805;5;Zespół Szkół w Gostyni 43-176 Gostyń ul. Rybnicka 141;776;201;201;4;197;25.90;1.99;808;485;485;9;476;60.02;1.86
82999;240805;6;Zespół Szkół w Gostyni 43-176 Gostyń ul. Rybnicka 141;782;243;243;5;238;31.07;2.06;836;514;514;11;503;61.48;2.14
83000;240901;1;Szkoła Podstawowa Nr 7 42-300 Myszków ul. Pińczycka 2;1040;149;149;5;144;14.33;3.36;1041;442;442;13;429;42.46;2.94
83001;240901;2;Przedszkole nr 2 42-300 Myszków ul. Pułaskiego 7a;1410;308;308;5;303;21.84;1.62;1376;707;707;11;696;51.38;1.56
83002;240901;3;Zespół Szkół Publicznych Nr 1 42-300 Myszków ul. Leśna 1;1145;199;199;11;188;17.38;5.53;1141;507;507;15;492;44.43;2.96
83003;240901;4;Zespół Szkół Publicznych nr 1 42-300 Myszków ul. Leśna 1;1139;233;233;10;223;20.46;4.29;1121;559;559;13;546;49.87;2.33
83004;240901;5;Przedszkole nr 2 42-300 Myszków ul. Pułaskiego 7a;836;149;149;1;148;17.82;0.67;821;376;376;14;362;45.80;3.72
83005;240901;6;Szkoła Podstawowa nr 4 42-300 Myszków ul. Jedwabna 93;1329;250;250;10;240;18.81;4.00;1302;617;617;8;609;47.39;1.30
83006;240901;7;Zespół Szkolno-Przedszkolny nr 4 42-300 Myszków ul. Traugutta 43;1521;257;257;7;250;16.90;2.72;1510;690;690;8;682;45.70;1.16
83007;240901;8;Ochotnicza Straż Pożarna 42-300 Myszków ul. Pogodna 4;786;111;111;3;108;14.12;2.70;770;313;313;15;298;40.65;4.79
83008;240901;9;Środowiskowy Dom Samopomocy 42-300 Myszków ul. Millenium 19c;1480;314;314;4;310;21.22;1.27;1460;716;716;24;692;49.04;3.35
83009;240901;10;Zespół Szkół Publicznych nr 2 42-300 Myszków ul. Jaworznicka 34;1167;240;240;9;231;20.57;3.75;1152;587;587;10;577;50.95;1.70
83010;240901;11;Zespół Szkół Publicznych Nr 5 42-300 Myszków ul. Sikorskiego 20a;1462;260;260;38;222;17.78;14.62;1416;563;563;24;539;39.76;4.26
83011;240901;12;Zespół Szkół Publicznych nr 5 42-300 Myszków ul. Sikorskiego 20a;1811;332;332;8;324;18.33;2.41;1757;811;811;11;800;46.16;1.36
83012;240901;13;Liceum Ogólnokształcące 42-300 Myszków ul. 11 Listopada 19;1653;316;316;16;300;19.12;5.06;1619;623;623;20;603;38.48;3.21
83013;240901;14;Myszkowska Spółdzielnia Mieszkaniowa 42-300 Myszków ul. 11 Listopada 7;1280;300;300;12;288;23.44;4.00;1237;572;572;10;562;46.24;1.75
83014;240901;15;Zespół Szkół Publicznych nr 3 42-300 Myszków ul. Kościuszki 30;814;198;198;3;195;24.32;1.52;788;408;408;13;395;51.78;3.19
83015;240901;16;Przedszkole nr 5 42-300 Myszków ul. Stalowa 1;980;208;208;6;202;21.22;2.88;976;522;522;9;513;53.48;1.72
83016;240901;17;Przedszkole nr 5 42-300 Myszków ul. Stalowa 1;926;225;225;5;220;24.30;2.22;909;462;462;8;454;50.83;1.73
83017;240901;18;Szkoła Podstawowa nr 6 42-300 Myszków ul. Wapienna 2;1553;210;210;10;200;13.52;4.76;1560;587;587;24;563;37.63;4.09
83018;240901;19;Świetlica Rejonu Energetycznego 42-300 Myszków ul. Jana Pawła II 32;1169;293;293;2;291;25.06;0.68;1149;625;625;9;616;54.40;1.44
83019;240901;20;Przedszkole nr 1 42-300 Myszków ul. Majora Sucharskiego 32;1496;308;308;10;298;20.59;3.25;1465;715;715;19;696;48.81;2.66
83020;240901;21;Przedsiębiorstwo Usług Komunalnych SANiKO 42-300 Myszków ul. Prusa 70;1488;261;261;14;247;17.54;5.36;1483;652;652;14;638;43.96;2.15
91331;240901;22;Szpital Powiatowy 42-300 Myszków ul. Aleja Wolności 29;82;22;22;2;20;26.83;9.09;58;19;19;0;19;32.76;0.00
83021;240902;1;Szkoła Podstawowa 42-350 Cynków ul. Strażacka 1;977;137;137;4;133;14.02;2.92;966;299;299;11;288;30.95;3.68
83022;240902;2;Dom Ludowy 42-350 Gniazdów ul. Szkolna 5;775;180;180;1;179;23.23;0.56;770;344;344;12;332;44.68;3.49
83023;240902;3;Miejsko-Gminny Ośrodek Promocji Kultury 42-350 Koziegłowy ul. Żarecka 28;1311;286;286;7;279;21.82;2.45;1301;559;559;9;550;42.97;1.61
83024;240902;4;Zespół Szkół 42-350 Koziegłowy ul. 3 Maja 12;721;231;231;11;220;32.04;4.76;721;386;386;9;377;53.54;2.33
83025;240902;5;Szkoła Podstawowa 42-350 Koziegłówki ul. Lipowa 6;746;118;118;5;113;15.82;4.24;742;301;301;10;291;40.57;3.32
83026;240902;6;Szkoła Podstawowa 42-350 Mysłów ul. Myszkowska 22;928;92;92;5;87;9.91;5.43;932;352;352;22;330;37.77;6.25
83027;240902;7;Zespół Szkół w Lgocie Górnej 42-350 Lgota Mokrzesz ul. Szkolna 3;2109;297;297;9;288;14.08;3.03;2111;927;927;19;908;43.91;2.05
83028;240902;8;Zespół Szkół 42-350 Pińczyce ul. Śląska 3;1771;258;258;9;249;14.57;3.49;1782;797;797;34;763;44.73;4.27
83029;240902;9;OSP 42-350 Markowice ul. Świętego Floriana 2;644;79;79;1;78;12.27;1.27;643;221;221;5;216;34.37;2.26
83030;240902;10;OSP 42-350 Rzeniszów ul. Leśników 11;859;121;121;6;115;14.09;4.96;862;359;360;11;348;41.65;3.06
83031;240902;11;Szkoła Podstawowa 42-350 Siedlec Duży ul. Jana Pawła II 34;1044;152;152;8;144;14.56;5.26;1043;431;431;17;414;41.32;3.94
83032;240903;1;Szkoła Podstawowa 42-320 Niegowa ul. Szkolna 36;1219;214;214;4;210;17.56;1.87;1219;653;653;38;615;53.57;5.82
83033;240903;2;Szkoła Podstawowa 42-320 Niegowa ul. Szkolna 36;1009;165;165;2;163;16.35;1.21;1047;504;504;29;475;48.14;5.75
83034;240903;3;Szkoła Podstawowa 42-320 Ludwinów 30;818;105;105;3;102;12.84;2.86;838;314;314;14;300;37.47;4.46
83035;240903;4;Zespół Szkolno-Przedszkolny 42-320 Sokolniki 76;721;168;168;4;164;23.30;2.38;709;410;410;10;400;57.83;2.44
83036;240903;5;Szkoła Podstawowa 42-320 Dąbrowno 50;379;88;88;2;86;23.22;2.27;381;192;192;10;182;50.39;5.21
83037;240903;6;Szkoła Podstawowa 42-320 Bliżyce 63;463;100;100;4;96;21.60;4.00;465;235;235;4;231;50.54;1.70
83038;240904;1;Szkoła Podstawowa 42-360 Poraj ul. Górnicza 18;1763;399;399;5;394;22.63;1.25;1742;978;978;19;959;56.14;1.94
83039;240904;2;Urząd Gminy 42-360 Poraj ul. Jasna 21;1854;389;389;14;375;20.98;3.60;1878;935;935;25;910;49.79;2.67
83040;240904;3;Szkoła Podstawowa 42-360 Jastrząb ul. Mickiewicza 1;1098;142;142;4;138;12.93;2.82;1098;408;408;20;388;37.16;4.90
83041;240904;4;Szkoła Podstawowa 42-360 Choroń ul. Szkolna 9;1050;166;166;8;158;15.81;4.82;1054;512;512;15;497;48.58;2.93
83042;240904;5;Szkoła Podstawowa 42-360 Kuźnica Stara 4;565;94;94;3;91;16.64;3.19;566;241;241;17;224;42.58;7.05
83043;240904;6;Niepubliczna Szkoła Podstawowa 42-360 Masłońskie ul. Sportowa 11;539;112;112;5;107;20.78;4.46;525;258;258;4;254;49.14;1.55
83044;240904;7;Szkoła Podstawowa 42-311 Żarki-Letnisko ul. Szkolna 20;2104;514;514;13;501;24.43;2.53;2121;1201;1201;23;1178;56.62;1.92
83045;240905;1;Miejsko-Gminny Ośrodek Kultury 42-310 Żarki ul. Moniuszki 2;1255;301;301;6;295;23.98;1.99;1277;631;631;21;610;49.41;3.33
83046;240905;2;Szkoła Podstawowa im. Władysława Szafera 42-310 Żarki ul. Częstochowska 61;620;158;158;4;154;25.48;2.53;639;312;312;4;308;48.83;1.28
83047;240905;3;Gimnazjum im. Jana Pawła II 42-310 Żarki ul. Ofiar Katynia 3;1273;287;287;9;278;22.55;3.14;1285;652;652;15;637;50.74;2.30
83048;240905;4;Zespół Szkół im. Tadeusza Kościuszki 42-310 Żarki, Olesiów ul. Myszkowska 50;534;128;128;7;121;23.97;5.47;523;256;256;3;253;48.95;1.17
83049;240905;5;Szkoła Podstawowa im. Jana Pawła II 42-310 Jaworznik ul. Szkolna 35;622;118;118;5;113;18.97;4.24;633;278;278;8;270;43.92;2.88
83050;240905;6;Szkoła Podstawowa 42-310 Przybynów ul. Szkolna 2;958;133;133;0;133;13.88;0.00;932;344;344;10;334;36.91;2.91
83051;240905;7;Szkoła Podstawowa 42-310 Zawada 56;709;83;83;4;79;11.71;4.82;705;216;216;18;198;30.64;8.33
83052;240905;8;Świetlica Wiejska „Przystań” 42-310 Wysoka Lelowska ul. Częstochowska 95;492;73;73;5;68;14.84;6.85;485;189;189;9;180;38.97;4.76
83053;240905;9;Filia Przedszkola Publicznego w Żarkach 42-310 Kotowice ul. Zamkowa 13;383;91;91;5;86;23.76;5.49;395;162;162;6;156;41.01;3.70
83054;241001;1;Sanatorium „Wrzos” 43-230 Goczałkowice-Zdrój ul. Uzdrowiskowa 54;1292;378;378;7;371;29.26;1.85;1248;726;727;14;712;58.17;1.93
83055;241001;2;Przedszkole Nr1 43-230 Goczałkowice-Zdrój ul. Szkolna 15;1073;284;284;7;277;26.47;2.46;1076;621;621;16;605;57.71;2.58
83056;241001;3;Szkoła Podstawowa Nr 1 43-230 Goczałkowice-Zdrój ul. Powstańców Śląskich 3;1074;341;341;14;327;31.75;4.11;1090;646;646;16;630;59.27;2.48
83057;241001;4;Gimnazjum 43-230 Goczałkowice-Zdrój ul. Powstańców Śląskich 3;1439;357;357;13;344;24.81;3.64;1445;804;804;23;781;55.64;2.86
83058;241001;5;Budynek Administracji Zakładu Produkcji Wody 43-230 Goczałkowice-Zdrój ul. Jeziorna 5;424;98;98;2;96;23.11;2.04;439;260;260;7;253;59.23;2.69
91332;241001;6;Zespół Sanatoryjno-Szpitalny Rehabilitacji Narządu Ruchu „Gwarek” 43-230 Goczałkowice-Zdrój Uzdrowiskowa 51;207;90;90;4;86;43.48;4.44;207;158;158;5;153;76.33;3.16
91333;241001;7;Szpital Reumatologiczno-Rehabilitacyjny 43-230 Goczałkowice-Zdrój Uzdrowiskowa 55;83;31;31;1;30;37.35;3.23;322;245;245;3;242;76.09;1.22
83059;241002;1;Gminny Dom Kultury w Kobiórze 43-210 Kobiór ul.Centralna 16;1038;305;305;8;297;29.38;2.62;1037;574;574;10;564;55.35;1.74
83060;241002;2;Szkoła Podstawowa w Kobiórze 43-210 Kobiór ul. Tuwima 33;1485;455;455;7;448;30.64;1.54;1478;883;883;11;872;59.74;1.25
83061;241002;3;Szkoła Podstawowa w Kobiórze 43-210 Kobiór ul. Tuwima 33;1317;402;402;3;399;30.52;0.75;1340;868;869;8;860;64.78;0.92
83062;241003;1;Gminna Biblioteka Publiczna 43-227 Grzawa ul. Księża 19;523;135;135;3;132;25.81;2.22;515;300;300;9;291;58.25;3.00
83063;241003;2;Szkoła Podstawowa 43-227 Miedźna ul. Szkolna 24;1168;319;319;14;305;27.31;4.39;1178;766;766;20;746;65.03;2.61
83064;241003;3;Szkoła Podstawowa 43-227 Frydek ul. Miodowa 17;866;213;213;8;205;24.60;3.76;884;533;533;13;520;60.29;2.44
83065;241003;4;Liceum Ogólnokształcące 43-227 Gilowice ul. Wojciecha Korfantego 38;1173;352;352;10;342;30.01;2.84;1177;716;716;11;705;60.83;1.54
83066;241003;5;Dom Kultury 43-225 Wola ul. Pszczyńska 110;1482;491;491;15;476;33.13;3.05;1488;1026;1026;22;1004;68.95;2.14
83067;241003;6;Szkoła Podstawowa nr 1 43-225 Wola ul. Górnicza 47;1548;310;310;13;297;20.03;4.19;1485;745;745;29;716;50.17;3.89
83068;241003;7;Szkoła Podstawowa nr 1 43-225 Wola ul. Górnicza 47;1525;295;295;14;281;19.34;4.75;1477;703;703;22;681;47.60;3.13
83069;241003;8;Szkoła Podstawowa Nr 2 43-225 Wola ul. Lipowa 3;989;166;166;6;160;16.78;3.61;954;486;486;18;468;50.94;3.70
83070;241003;9;Szkoła Podstawowa Nr 2 43-225 Wola ul. Lipowa 3;944;201;201;3;198;21.29;1.49;916;486;486;13;473;53.06;2.67
83071;241003;10;Szkoła Podstawowa 43-227 Góra ul. Pszczyńska 34;1461;328;328;16;312;22.45;4.88;1496;839;839;20;819;56.08;2.38
83072;241003;11;Szkoła Podstawowa 43-227 Góra ul. Pszczyńska 34;734;153;153;7;146;20.84;4.58;744;397;397;11;386;53.36;2.77
83073;241004;1;Szkoła Podstawowa nr 1 43-250 Pawłowice ul. Szkolna 1;982;275;275;7;268;28.00;2.55;992;668;669;13;655;67.34;1.95
83074;241004;2;Gminna Biblioteka Publiczna 43-250 Pawłowice ul. Zjednoczenia 65;1094;314;314;9;305;28.70;2.87;1095;742;742;23;719;67.76;3.10
83075;241004;3;Gminny Ośrodek Kultury 43-250 Pawłowice ul. Zjednoczenia 12;911;209;209;11;198;22.94;5.26;912;508;508;18;490;55.70;3.54
83076;241004;4;Szkoła Podstawowa nr 2 43-251 Pawłowice ul. Pukowca 4;1009;210;210;14;196;20.81;6.67;954;541;541;17;524;56.71;3.14
83077;241004;5;Szkoła Podstawowa nr 2 43-251 Pawłowice ul. Pukowca 4;933;157;157;8;149;16.83;5.10;893;473;473;15;458;52.97;3.17
83078;241004;6;Zespół Szkół Ogólnokształcących 43-251 Pawłowice ul. Pukowca 5;788;126;126;3;123;15.99;2.38;767;413;413;9;404;53.85;2.18
83079;241004;7;Dom Kultury-Osiedle 43-251 Pawłowice ul. Ludowego Wojska Polskiego 11;917;142;142;6;136;15.49;4.23;896;513;513;16;497;57.25;3.12
83080;241004;8;Dom Kultury-Osiedle 43-251 Pawłowice ul. Ludowego Wojska Polskiego 11;873;180;180;6;174;20.62;3.33;857;463;463;9;454;54.03;1.94
83081;241004;9;Szkoła Podstawowa 43-252 Pielgrzymowice ul. Powstańców 6;1106;204;204;6;198;18.44;2.94;1107;647;647;17;630;58.45;2.63
83082;241004;10;Szkoła Podstawowa 43-252 Pielgrzymowice ul. Powstańców 6;933;183;183;8;175;19.61;4.37;951;579;579;13;566;60.88;2.25
83083;241004;11;Szkoła Podstawowa 43-254 Warszowice ul. Pszczyńska 2;851;207;207;12;195;24.32;5.80;848;514;514;16;498;60.61;3.11
83084;241004;12;Szkoła Podstawowa 43-254 Warszowice ul. Pszczyńska 2;665;138;138;5;133;20.75;3.62;694;393;393;5;388;56.63;1.27
83085;241004;13;Zespół Szkolno-Przedszkolny 43-252 Golasowice ul. Z. Nałkowskiej 2;1082;209;209;7;202;19.32;3.35;1096;571;571;7;564;52.10;1.23
83086;241004;14;Zespół Szkolno-Przedszkolny 43-254 Krzyżowice ul. Szkolna 7;802;216;216;8;208;26.93;3.70;786;464;464;11;453;59.03;2.37
83087;241004;15;Dom Ludowy 43-252 Jarząbkowice ul. Rolnicza 1;501;81;81;3;78;16.17;3.70;502;247;247;6;241;49.20;2.43
83088;241004;16;Dom Ludowy 43-251 Pniówek ul. Kanarkowa 2;425;100;100;5;95;23.53;5.00;435;246;246;7;239;56.55;2.85
83089;241005;1;Szkoła Podstawowa Nr 1 im. Książąt Pszczyńskich 43-200 Pszczyna ul. ks. biskupa Bogedaina 1;1172;229;229;12;217;19.54;5.24;1169;566;566;20;546;48.42;3.53
83090;241005;2;Przedszkole Publiczne Nr 2 im. Juliana Tuwima 43-200 Pszczyna ul. L. Zamenhofa 12;1388;368;368;5;363;26.51;1.36;1337;711;711;18;693;53.18;2.53
83091;241005;3;Powiatowy Zespół Szkół Nr 2 im. Karola Miarki 43-200 Pszczyna ul. ks. biskupa Bogedaina 20;936;265;265;8;257;28.31;3.02;911;523;523;15;508;57.41;2.87
83092;241005;4;Pszczyńskie Towarzystwo Budownictwa Społecznego 43-200 Pszczyna ul. Jana Kilińskiego 5a;1134;279;279;8;271;24.60;2.87;1122;596;596;17;579;53.12;2.85
83093;241005;5;Szkoła Podstawowa Nr 18 z oddziałami integracyjnymi im. ks. J. Twardowskiego 43-200 Pszczyna ul. Księżycowa 25;1482;380;380;9;371;25.64;2.37;1430;857;857;18;839;59.93;2.10
83094;241005;6;Szkoła Podstawowa Nr 18 z oddziałami integracyjnymi im. ks. J. Twardowskiego 43-200 Pszczyna ul. Księżycowa 25;1431;523;524;13;510;36.55;2.49;1392;901;901;12;889;64.73;1.33
83095;241005;7;Zespół Szkół Nr 1 43-200 Pszczyna ul. Kazimierza Wielkiego 5;1665;449;449;14;435;26.97;3.12;1636;941;941;7;934;57.52;0.74
83096;241005;8;Zespół Szkół Nr 1 43-200 Pszczyna ul. Kazimierza Wielkiego 5;1527;384;384;13;371;25.15;3.39;1479;864;864;16;848;58.42;1.85
83097;241005;9;Publiczne Gimnazjum Nr 4 43-200 Pszczyna ul. Marii Konopnickiej 44;1794;652;652;15;637;36.34;2.30;1781;1122;1122;10;1112;63.00;0.89
83098;241005;10;Przedszkole Publiczne Nr 4 43-200 Pszczyna ul. Narcyzów 30;1639;492;492;3;489;30.02;0.61;1634;996;996;16;980;60.95;1.61
83099;241005;11;Szkoła Podstawowa Nr 2 im. Jadwigi Śląskiej 43-200 Pszczyna ul. Katowicka 47;1524;432;432;7;425;28.35;1.62;1529;898;898;13;885;58.73;1.45
83100;241005;12;Przedszkole Publiczne Nr 8 43-200 Pszczyna ul. Jana Kupca 1;1630;456;456;13;443;27.98;2.85;1607;903;903;10;893;56.19;1.11
83101;241005;13;Zespół Szkół Nr 2 43-200 Pszczyna ul. Staromiejska 41;1708;429;429;11;418;25.12;2.56;1738;1027;1027;24;1003;59.09;2.34
83102;241005;14;Powiatowy Zespół Szkół Nr 2 im. Karola Miarki 43-200 Pszczyna ul. Karola Szymanowskiego 12;1561;371;371;5;366;23.77;1.35;1544;863;864;15;848;55.89;1.74
83103;241005;15;Ośrodek Kultury 43-211 Czarków ul. Powstańców Śląskich 25a;1625;274;274;12;262;16.86;4.38;1645;936;937;52;884;56.90;5.56
83104;241005;16;„Sołtysówka” 43-211 Piasek ul. Mjr. Henryka Sucharskiego 1;1385;403;403;10;393;29.10;2.48;1402;809;809;19;790;57.70;2.35
83105;241005;17;Zespół Szkolno-Przedszkolny 43-211 Piasek ul. Szkolna 4;1255;315;315;11;304;25.10;3.49;1264;796;796;14;782;62.97;1.76
83106;241005;18;Szkoła Podstawowa Nr 19 43-200 Brzeźce ul. Pokoju 2;851;189;189;2;187;22.21;1.06;857;530;530;14;516;61.84;2.64
83107;241005;19;Szkoła Podstawowa Nr 11 43-200 Poręba ul. Gen. Karola Świerczewskiego 8;796;135;135;6;129;16.96;4.44;811;492;492;12;480;60.67;2.44
83108;241005;20;Szkoła Podstawowa Nr 15 43-215 Jankowice ul. Baziowa 15;1184;289;289;6;283;24.41;2.08;1174;749;749;19;730;63.80;2.54
83109;241005;21;Szkoła Podstawowa Nr 15 43-215 Jankowice ul. Baziowa 15;1045;267;267;6;261;25.55;2.25;1048;660;660;16;644;62.98;2.42
83110;241005;22;Zespół Szkolno-Przedszkolny 43-215 Studzienice ul. Klemensa Szewczyka 74;1404;349;349;8;341;24.86;2.29;1442;808;808;19;789;56.03;2.35
83111;241005;23;Szkoła Podstawowa Nr 7 im. Żołnierzy Września 43-229 Ćwiklice ul. Męczenników Oświęcimskich 71;1556;359;359;10;349;23.07;2.79;1564;878;878;13;865;56.14;1.48
83112;241005;24;Ośrodek Kultury 43-229 Ćwiklice ul. Aleksandra Zawadzkiego 15;691;135;135;4;131;19.54;2.96;693;376;376;4;372;54.26;1.06
83113;241005;25;Ośrodek Kultury 43-229 Rudołtowice ul. Anieli Krzywoń 6;887;183;183;8;175;20.63;4.37;885;486;486;18;468;54.92;3.70
83114;241005;26;Zespół Szkolno-Przedszkolny 43-241 Łąka ul. Grzegorza Fitelberga 1;1142;251;251;9;242;21.98;3.59;1153;639;639;16;623;55.42;2.50
83115;241005;27;Zespół Szkolno-Przedszkolny 43-241 Łąka ul. Grzegorza Fitelberga 1;1178;289;289;5;284;24.53;1.73;1235;737;737;17;720;59.68;2.31
83116;241005;28;Zespół Szkolno-Przedszkolny 43-243 Wisła Wielka ul. Hodowców 38;1412;349;349;6;343;24.72;1.72;1429;863;863;30;833;60.39;3.48
83117;241005;29;Szkoła Podstawowa Nr 13 43-243 Wisła Mała ul. Sokola 10;1367;219;219;0;219;16.02;0.00;1364;746;746;21;725;54.69;2.82
83118;241005;30;Przedszkole Publiczne Nr 14 43-245 Studzionka ul. Jedności 7;1766;422;422;6;416;23.90;1.42;1771;1031;1031;39;992;58.22;3.78
91334;241005;31;„CENTRUM DIALIZA” Sp. z o.o. NZOZ Szpital w Pszczynie 43-200 Pszczyna dr. Witolda Antesa 11;123;25;25;0;25;20.33;0.00;151;51;51;1;50;33.77;1.96
83119;241006;1;Szkoła Podstawowa w Kobielicach 43-262 Kobielice ul. Topolowa 61;1039;189;189;6;183;18.19;3.17;1054;562;562;5;557;53.32;0.89
83120;241006;2;Remizo - świetlica w Kryrach 43-265 Kryry ul. Wyzwolenia 116;1102;366;366;8;358;33.21;2.19;1096;721;721;7;714;65.78;0.97
83121;241006;3;Zespół Szkolno-Przedszkolny w Mizerowie 43-265 Mizerów ul. Nadrzeczna 31;1115;211;211;4;207;18.92;1.90;1131;649;649;13;636;57.38;2.00
83122;241006;4;Szkoła Podstawowa w Radostowicach 43-262 Radostowice ul. Dworcowa 56;1316;310;310;9;301;23.56;2.90;1331;796;796;19;777;59.80;2.39
83123;241006;5;Zespół Szkolno-Przedszkolny w Rudziczce 43-267 Rudziczka ul. Woszczycka 20;1055;210;210;15;195;19.91;7.14;1060;639;639;13;626;60.28;2.03
83124;241006;6;Szkoła Podstawowa w Suszcu 43-267 Suszec ul. Szkolna 130;1580;484;484;12;472;30.63;2.48;1611;1027;1027;27;1000;63.75;2.63
83125;241006;7;Boisko piłkarskie w Suszcu - Budynek socjalny 43-267 Suszec Piaskowa 33;784;136;136;10;126;17.35;7.35;740;345;345;10;335;46.62;2.90
83126;241006;8;Szkoła Podstawowa w Suszcu 43-267 Suszec ul. Szkolna 130;1044;255;255;5;250;24.43;1.96;1062;667;667;12;655;62.81;1.80
83127;241101;1;Szkoła Podstawowa Nr 3 47-400 Racibórz ul. Kpt. Myśliwca 16;2114;406;406;6;400;19.21;1.48;2102;975;975;40;935;46.38;4.10
83128;241101;2;Zespół Szkolno-Przedszkolny Nr 2 47-400 Racibórz ul. Tuwima 1;2062;470;470;13;457;22.79;2.77;2078;975;975;27;948;46.92;2.77
83129;241101;3;Szkoła Podstawowa Nr 5 47-400 Racibórz ul. Bojanowska 5;1929;267;267;8;259;13.84;3.00;1899;773;773;29;744;40.71;3.75
83130;241101;4;Remiza OSP 47-400 Racibórz ul. Podmiejska 21;472;76;76;1;75;16.10;1.32;473;198;198;6;192;41.86;3.03
83131;241101;5;Zespół Szkolno-Przedszkolny Nr 1 47-400 Racibórz ul. Jordana 6;1792;313;313;11;302;17.47;3.51;1798;754;754;25;729;41.94;3.32
83132;241101;6;Gimnazjum Nr 5 47-400 Racibórz ul. Opawska 81;2288;509;509;12;497;22.25;2.36;2202;939;939;22;917;42.64;2.34
83133;241101;7;II Liceum Ogólnokształcące 47-400 Racibórz ul. Kardynała Wyszyńskiego 3;1755;329;329;9;320;18.75;2.74;1689;689;689;22;667;40.79;3.19
83134;241101;8;Gimnazjum Nr 5 47-400 Racibórz ul. Opawska 81;1679;374;374;15;359;22.28;4.01;1637;736;736;18;718;44.96;2.45
83135;241101;9;Przedszkole nr 14 47-400 Racibórz ul. Słoneczna 31;2251;464;464;28;436;20.61;6.03;2194;910;910;32;878;41.48;3.52
83136;241101;10;Szkoła Podstawowa Nr 15 47-400 Racibórz ul. Słowackiego 48;2016;563;563;11;552;27.93;1.95;1956;1093;1093;23;1070;55.88;2.10
83137;241101;11;Szkoła Podstawowa Nr 15 - wejście boczne, do sali gimnastycznej 47-400 Racibórz ul. Słowackiego 48;1347;317;318;9;308;23.53;2.84;1295;664;664;15;649;51.27;2.26
83138;241101;12;Szkoła Podstawowa Nr 18 - wejście boczne 47-400 Racibórz ul. Ocicka 52;1831;452;452;16;436;24.69;3.54;1752;904;904;26;878;51.60;2.88
83139;241101;13;Gimnazjum Nr 3 47-400 Racibórz ul. Żorska 2;1682;431;431;12;419;25.62;2.78;1634;855;855;22;833;52.33;2.57
83140;241101;14;Szkoła Podstawowa Nr 18 47-400 Racibórz ul. Ocicka 52;1918;456;456;3;453;23.77;0.66;1873;908;908;17;891;48.48;1.87
83141;241101;15;Szkoła Podstawowa Nr 13 47-400 Racibórz ul. ks. Staszica 12;2027;484;484;8;476;23.88;1.65;2004;947;947;28;919;47.26;2.96
83142;241101;16;Gimnazjum Nr 1 47-400 Racibórz ul. Kasprowicza 4;1626;331;331;12;319;20.36;3.63;1608;699;699;23;676;43.47;3.29
83143;241101;17;Szkoła Podstawowa Nr 4 47-400 Racibórz ul. Wojska Polskiego 8;1735;448;448;12;436;25.82;2.68;1691;755;755;15;740;44.65;1.99
83144;241101;18;Zespół Szkół Ekonomicznych 47-400 Racibórz ul. Gimnazjalna 3;1881;411;411;15;396;21.85;3.65;1820;799;799;21;778;43.90;2.63
83145;241101;19;Zespół Szkół Ogólnokształcących Mistrzostwa Sportowego Budynek A 47-400 Racibórz ul. Kozielska 19;2222;343;343;14;329;15.44;4.08;2192;805;805;18;787;36.72;2.24
83146;241101;20;Zespół Szkół Budowlanych i Rzemiosł Różnych 47-400 Racibórz ul. Wileńska 6;1917;559;559;12;547;29.16;2.15;1841;946;946;25;921;51.39;2.64
83147;241101;21;Szkoła Podstawowa Nr 1 47-400 Racibórz ul. Elżbiety 14;2007;506;506;20;486;25.21;3.95;1939;1031;1031;30;1001;53.17;2.91
83148;241101;22;Zespół Szkolno-Przedszkolny Nr 3 47-400 Racibórz ul. Sudecka 2;1645;273;273;4;269;16.60;1.47;1605;641;641;13;628;39.94;2.03
83149;241101;23;Gimnazjum Nr 2 47-400 Racibórz ul. Elżbiety 14;1663;307;307;7;300;18.46;2.28;1613;691;691;24;667;42.84;3.47
83150;241101;24;Szkoła Podstawowa Nr 1 47-400 Racibórz ul. Cecylii 30;1582;395;395;30;365;24.97;7.59;1540;770;770;25;745;50.00;3.25
91335;241101;25;Dom Pomocy Społecznej 47-400 Racibórz Plac Władysława Jagiełły 3;128;85;85;0;85;66.41;0.00;127;68;68;3;65;53.54;4.41
91336;241101;26;Dom Pomocy Społecznej „Złota Jesień” 47-400 Racibórz Grzonki 1;195;71;71;5;66;36.41;7.04;196;79;79;4;75;40.31;5.06
91337;241101;27;Szpital Rejonowy 47-400 Racibórz Gamowska 3;179;26;26;1;25;14.53;3.85;194;87;87;2;85;44.85;2.30
91338;241101;28;Zakład Karny 47-400 Racibórz Eichendorffa 14;784;190;190;16;174;24.23;8.42;781;365;365;14;351;46.73;3.84
83151;241102;1;Gminny Ośrodek Kultury 44-285 Kobyla ul. Główna 78;862;160;160;7;153;18.56;4.38;870;439;439;21;418;50.46;4.78
83152;241102;2;Publiczne Gimnazjum 44-285 Kornowac ul. Starowiejska 66;747;153;153;3;150;20.48;1.96;756;314;314;16;298;41.53;5.10
83153;241102;3;Budynek Wielofunkcyjny 44-285 Łańce ul. Strażacka 2;472;89;89;4;85;18.86;4.49;467;201;201;6;195;43.04;2.99
83154;241102;4;Zespół Szkolno-Przedszkolny 44-285 Pogrzebień ul. Pamiątki 25;1041;254;254;2;252;24.40;0.79;1076;589;589;19;570;54.74;3.23
83155;241102;5;Zespół Szkolno-Przedszkolny 44-285 Rzuchów ul. Karola Miarki 8;855;131;131;4;127;15.32;3.05;865;384;384;9;375;44.39;2.34
83156;241103;1;Przedszkole w Bojanowie 47-470 Bojanów ul. Raciborska 21;622;58;58;4;54;9.32;6.90;611;161;161;14;147;26.35;8.70
83157;241103;2;Zespół Szkolno-Przedszkolny w Borucinie 47-470 Borucin ul. Bończyka 13;983;86;86;2;84;8.75;2.33;978;284;284;14;270;29.04;4.93
83158;241103;3;Miejski Ośrodek Kultury w Krzanowicach 47-470 Krzanowice ul. Zawadzkiego 3;1254;166;166;10;156;13.24;6.02;1244;428;428;13;415;34.41;3.04
83159;241103;4;Ochotnicza Straż Pożarna Krzanowice 47-470 Krzanowice ul. 15 Grudnia 20;884;132;132;5;127;14.93;3.79;868;320;320;15;305;36.87;4.69
83160;241103;5;Oddział Zamiejscowy Przedszkola w Pietraszynie 47-470 Pietraszyn ul. Wesoła 6;311;58;58;1;57;18.65;1.72;301;126;126;1;125;41.86;0.79
83161;241103;6;Zespół Szkolno-Przedszkolny w Wojnowicach 47-470 Wojnowice ul. Polna 2;741;132;132;3;129;17.81;2.27;725;260;260;5;255;35.86;1.92
83162;241104;1;Centrum Kultury w Tworkowie 47-451 Tworków ul.Zamkowa 48;2283;203;203;7;196;8.89;3.45;2273;661;661;36;625;29.08;5.45
83163;241104;2;Sala Narad Urzędu Gminy w Krzyżanowicach 47-450 Krzyżanowice ul.Główna 5;2008;382;382;12;370;19.02;3.14;1987;843;843;25;818;42.43;2.97
83164;241104;3;Szkoła Podstawowa w Zabełkowie 47-460 Zabełków ul. J.Rymera 7;694;110;110;5;105;15.85;4.55;694;257;257;6;251;37.03;2.33
83165;241104;4;Zespół Szkół Ogólnokształcących w Bieńkowicach 47-451 Bieńkowice ul.Szkolna 1;1353;157;157;2;155;11.60;1.27;1349;495;495;26;469;36.69;5.25
83166;241104;5;Zespół Szkolno-Przedszkolny w Owsiszczach 47-450 Owsiszcze ul.Szkolna 1;908;100;100;3;97;11.01;3.00;888;302;302;6;296;34.01;1.99
83167;241104;6;Przedszkole w Rudyszwałdzie 47-460 Rudyszwałd ul.Główna 31;613;119;119;5;114;19.41;4.20;603;222;222;5;217;36.82;2.25
83168;241104;7;Zespół Szkół Ogólnokształcących w Chałupkach 47-460 Chałupki ul.Szkolna 7;1362;231;231;15;216;16.96;6.49;1349;562;562;25;537;41.66;4.45
83169;241105;1;Zespół Szkół Ogólnokształcących w Kuźni Raciborskiej 47-420 Kuźnia Raciborska ul. Piaskowa 28;1328;191;191;6;185;14.38;3.14;1296;474;474;29;445;36.57;6.12
83170;241105;2;Zespół Szkół Ogólnokształcących w Kuźni Raciborskiej 47-420 Kuźnia Raciborska ul. Piaskowa 28;1399;200;200;3;197;14.30;1.50;1339;474;474;21;453;35.40;4.43
83171;241105;3;Miejski Ośrodek Kultury, Sportu i Rekreacji 47-420 Kuźnia Raciborska ul. Klasztorna 9;1572;261;261;8;253;16.60;3.07;1559;576;576;14;562;36.95;2.43
83172;241105;4;Świetlica Ochotniczej Straży Pożarnej w Turzu 47-420 Turze ul. Raciborska 68;2092;187;187;11;176;8.94;5.88;2074;617;617;44;573;29.75;7.13
83173;241105;5;Zespół Szkół Ogólnokształcących 47-430 Rudy ul. Rogera 2;2314;452;452;13;439;19.53;2.88;2319;972;972;23;949;41.91;2.37
83174;241105;6;Zespół Szkół Ogólnokształcących 47-430 Rudy ul. Rogera 2;892;159;159;8;151;17.83;5.03;875;352;352;6;346;40.23;1.70
83175;241106;1;SALA GIMNASTYCZNA przy Zespole Szkolno - Przedszkolnym 47-440 Babice ul. Wiejska 68;715;142;142;7;135;19.86;4.93;712;305;305;29;276;42.84;9.51
83176;241106;2;SALA GIMNASTYCZNA przy Zepole Szkolno-Przedszkolnym 47-440 Górki Śląskie ul. Ofiar Oświęcimskich 57;798;196;196;6;190;24.56;3.06;803;434;434;17;417;54.05;3.92
83177;241106;3;SALA GIMNASTYCZNA przy Zespole Szkolno - Przedszkolnym 47-440 Zawada Książęca ul. Szkolna 2;1064;122;122;4;118;11.47;3.28;1059;310;310;7;303;29.27;2.26
83178;241106;4;Sala przy GOSiR 47-440 Nędza ul. Sportowa 10;930;117;117;2;115;12.58;1.71;926;328;328;12;316;35.42;3.66
83179;241106;5;SALA przy OSP 47-440 Nędza ul. Strażacka 2;799;113;113;3;110;14.14;2.65;797;241;241;12;229;30.24;4.98
83180;241106;6;STRAŻNICA OSP 47-440 Szymocice ul. Gliwicka 22;235;77;77;3;74;32.77;3.90;241;130;130;2;128;53.94;1.54
83181;241106;7;SALA przy Zespole Szkolno - Gimnazjalnym 47-440 Nędza ul. Leśna 2;997;191;191;8;183;19.16;4.19;1007;430;430;15;415;42.70;3.49
83182;241106;8;Przedszkole 47-440 Łęg ul. Wyzwolenia 8;370;46;46;0;46;12.43;0.00;364;120;120;1;119;32.97;0.83
83183;241107;1;Centrum Społeczno-Kulturalne 47-480 Pietrowice Wielkie ul. 1 Maja 8b;2187;305;305;4;301;13.95;1.31;2167;856;856;32;824;39.50;3.74
83184;241107;2;Zespół Szkolno-Przedszkolny w Pawłowie 47-480 Pawłów ul. Pietrowicka 16;898;145;145;0;145;16.15;0.00;899;311;311;10;301;34.59;3.22
83185;241107;3;Zespół Szkolno-Przedszkolny w Krowiarkach 47-480 Krowiarki ul. Szkolna 19;865;52;52;4;48;6.01;7.69;845;200;200;7;193;23.67;3.50
83186;241107;4;Wiejskie Centrum Kultury 47-480 Maków ul. Szkolna 1;510;69;69;1;68;13.53;1.45;517;182;182;4;178;35.20;2.20
83187;241107;5;Publiczna Szkoła Podstawowa w Pietrowicach Wielkich Szkoła Filialna w Cyprzanowie 47-480 Cyprzanów ul. Szkolna 1;620;86;86;1;85;13.87;1.16;610;204;204;14;190;33.44;6.86
83188;241107;6;Zespół Szkolno-Przedszkolny w Samborowicach 47-470 Samborowice ul. Szkolna 1;526;84;84;0;84;15.97;0.00;532;212;212;6;206;39.85;2.83
83189;241108;1;Gminne Centrum Informacji 47-411 Rudnik ul. Mickiewicza 2;1116;178;178;4;174;15.95;2.25;1131;432;432;13;419;38.20;3.01
83190;241108;2;Szkoła Podstawowa 47-411 Gamów ul. Długa 48;367;89;89;0;89;24.25;0.00;364;178;178;1;177;48.90;0.56
83191;241108;3;Szkoła Podstawowa 47-411 Szonowice ul. Marii Konopnickiej 2;903;82;82;0;82;9.08;0.00;896;247;247;10;237;27.57;4.05
83192;241108;4;Górnośląskie Centrum Kultury i Spotkań im. J.v.Eichendorffa (budynek byłej szkoły) 47-411 Łubowice ul. Zamkowa 1;1358;167;167;3;164;12.30;1.80;1307;484;484;20;464;37.03;4.13
83193;241108;5;Dom Kultury 47-411 Sławików ul. Parkowa 1;512;36;36;1;35;7.03;2.78;513;126;126;3;123;24.56;2.38
83194;241201;1;Szkoła Podstawowa nr 3 44-238 Czerwionka-Leszczyny ul. Broniewskiego 11;1532;284;284;9;275;18.54;3.17;1487;671;671;21;650;45.12;3.13
83195;241201;2;Przedszkole nr 3 44-238 Czerwionka-Leszczyny ul. Mostowa 3;1508;206;206;18;188;13.66;8.74;1480;599;599;32;567;40.47;5.34
83196;241201;3;Gimnazjum nr 2 44-238 Czerwionka-Leszczyny ul. Ogrodowa 6;1522;250;250;16;234;16.43;6.40;1524;649;649;28;621;42.59;4.31
83197;241201;4;Dom Kultury 44-238 Czerwionka-Leszczyny ul. Ligonia 2A;1574;272;272;8;264;17.28;2.94;1538;684;684;19;665;44.47;2.78
83198;241201;5;Klub Mieszkańców „Krokus” 44-238 Czerwionka-Leszczyny ul. Chopina 3;1502;308;308;17;291;20.51;5.52;1448;711;711;22;689;49.10;3.09
83199;241201;6;Zespół Szkół nr 1 Gimnazjum nr 1 44-238 Czerwionka-Leszczyny ul. Księdza Pojdy 77C;1835;474;474;14;460;25.83;2.95;1811;1082;1082;22;1060;59.75;2.03
83200;241201;7;Miejski Ośrodek Kultury 44-230 Czerwionka-Leszczyny ul. Wolności 2;1921;229;229;17;212;11.92;7.42;1895;696;696;37;659;36.73;5.32
83201;241201;8;Zespół Szkół nr 3 Gimnazjum nr 4 44-230 Czerwionka-Leszczyny ul. Szkolna 3;1875;322;322;10;312;17.17;3.11;1807;913;913;33;880;50.53;3.61
83202;241201;9;Zespół Szkół nr 2 Gimnazjum nr 3 44-230 Czerwionka-Leszczyny ul. Furgoła 71;1516;292;292;8;284;19.26;2.74;1497;752;752;21;731;50.23;2.79
83203;241201;10;Przedszkole nr 10 44-230 Czerwionka-Leszczyny ul. Jana Pawła II 18;1347;248;248;8;240;18.41;3.23;1292;674;674;30;644;52.17;4.45
83204;241201;11;Przedszkole nr 7 44-230 Czerwionka-Leszczyny ul. Młyńska 2;1378;263;263;3;260;19.09;1.14;1367;707;707;22;685;51.72;3.11
83205;241201;12;Zespół Szkół nr 4 Gimnazjum nr 5 44-230 Czerwionka-Leszczyny ul. Gliwicka 2;1741;270;270;7;263;15.51;2.59;1740;936;936;32;904;53.79;3.42
83206;241201;13;Szkoła Podstawowa nr 8 44-230 Czerwionka-Leszczyny ul. Prosta 5;1464;269;269;7;262;18.37;2.60;1474;815;815;22;793;55.29;2.70
83207;241201;14;Gimnazjum nr 6 44-230 Czerwionka-Leszczyny ul. Kołłątaja 1;1659;321;321;6;315;19.35;1.87;1662;908;908;20;888;54.63;2.20
83208;241201;15;Zespół Szkół nr 5 Szkoła Podstawowa 44-230 Bełk ul. Szymochy 16;1225;204;204;3;201;16.65;1.47;1212;595;595;23;572;49.09;3.87
83209;241201;16;Zespół Szkół nr 5 Gimnazjum nr 7 44-230 Bełk ul. Szymochy 16;1547;264;264;8;256;17.07;3.03;1546;790;790;20;770;51.10;2.53
83210;241201;17;Szkoła Podstawowa 44-213 Książenice ul. Księdza Pojdy 100;2102;421;421;9;412;20.03;2.14;2124;1222;1222;31;1191;57.53;2.54
83211;241201;18;Remiza OSP 44-246 Palowice ul. Wiejska 62;1173;182;182;4;178;15.52;2.20;1195;614;614;13;601;51.38;2.12
83212;241201;19;Szkoła Podstawowa 44-238 Przegędza ul. Szkolna 1;1380;294;294;4;290;21.30;1.36;1366;752;752;14;738;55.05;1.86
83213;241201;20;Szkoła Podstawowa 44-230 Stanowice ul. Szkolna 7;1910;426;426;11;415;22.30;2.58;1929;1146;1146;24;1122;59.41;2.09
83214;241201;21;Szkoła Podstawowa 44-246 Szczejkowice ul. Wiejska 20;1351;220;220;2;218;16.28;0.91;1349;754;754;24;730;55.89;3.18
83215;241202;1;Ośrodek Kultury i Sportu 44-293 Gaszowice ul. Rydułtowska 7;1462;331;331;10;321;22.64;3.02;1481;842;842;18;824;56.85;2.14
83216;241202;2;Szkoła Podstawowa im. Tadeusza Kościuszki 44-293 Gaszowice ul. Rydułtowska 8;900;185;185;6;179;20.56;3.24;898;496;496;17;479;55.23;3.43
83217;241202;3;Gimnazjum im. Ziemi Śląskiej 44-293 Piece ul. Rydułtowska 9;811;174;174;3;171;21.45;1.72;814;399;399;10;389;49.02;2.51
83218;241202;4;Szkoła Podstawowa im. Zygmunta Biernackiego 44-293 Szczerbice ul. Szkolna 6;976;150;150;3;147;15.37;2.00;995;487;487;12;475;48.94;2.46
83219;241202;5;Szkoła Podstawowa im. Zygmunta Biernackiego 44-293 Szczerbice ul. Szkolna 6;858;147;147;7;140;17.13;4.76;870;449;449;11;438;51.61;2.45
83220;241202;6;Szkoła Podstawowa im. Henryka Mikołaja Góreckiego 44-282 Czernica ul. Wolności 41;1726;308;308;7;301;17.84;2.27;1731;846;846;19;827;48.87;2.25
83221;241202;7;Szkoła Podstawowa im. Henryka Mikołaja Góreckiego 44-282 Czernica ul. Wolności 41;597;120;120;3;117;20.10;2.50;596;287;287;8;279;48.15;2.79
83222;241203;1;Szkoła Podstawowa w Jejkowicach 44-290 Jejkowice ul. Główna 42;994;185;185;8;177;18.61;4.32;1001;525;525;23;502;52.45;4.38
83223;241203;2;Szkoła Podstawowa w Jejkowicach 44-290 Jejkowice ul. Główna 42;1006;270;270;19;251;26.84;7.04;1021;632;632;8;624;61.90;1.27
83224;241203;3;Gimnazjum w Jejkowicach 44-290 Jejkowice ul. Główna 42;1116;236;236;7;229;21.15;2.97;1119;644;644;19;625;57.55;2.95
83225;241204;1;Szkoła Podstawowa 47-435 Adamowice ul. Szkolna 7;763;179;179;11;168;23.46;6.15;768;390;390;13;377;50.78;3.33
83226;241204;2;Szkoła Podstawowa 44-295 Bogunice ul. Szkolna 5;614;133;133;5;128;21.66;3.76;624;319;319;3;316;51.12;0.94
83227;241204;3;Remiza OSP 44-295 Dzimierz ul. Sportowa;408;69;69;3;66;16.91;4.35;426;195;195;4;191;45.77;2.05
83228;241204;4;Remiza OSP 44-295 Lyski ul. Dworcowa 1a;1441;368;368;7;361;25.54;1.90;1440;835;835;20;815;57.99;2.40
83229;241204;5;Świetlica Środowiskowa 44-295 Nowa Wieś ul. Rybnicka;358;109;109;7;102;30.45;6.42;364;218;218;7;211;59.89;3.21
83230;241204;6;Szkoła Podstawowa 44-284 Pstrążna ul. Szkolna 5;797;156;156;9;147;19.57;5.77;800;382;382;14;368;47.75;3.66
83231;241204;7;Szkoła Podstawowa 47-435 Raszczyce ul. Szkolna 3;913;223;223;3;220;24.42;1.35;912;412;412;14;398;45.18;3.40
83232;241204;8;Przedszkole 44-295 Sumina ul. Dworcowa 11;743;146;146;2;144;19.65;1.37;761;360;360;6;354;47.31;1.67
83233;241204;9;Filia Świetlicy Środowiskowej 44-292 Zwonowice ul. Sumińska 1;1122;188;188;15;173;16.76;7.98;1124;568;568;24;544;50.53;4.23
83234;241204;10;Filia Świetlicy Środowiskowej 47-435 Żytna ul. Rybnicka;479;109;109;7;102;22.76;6.42;470;198;198;5;193;42.13;2.53
91339;241204;11;Dom Pomocy Społecznej w Lyskach 44-295 Lyski ul. Rybnicka 7;96;44;44;6;38;45.83;13.64;84;38;38;9;29;45.24;23.68
83235;241205;1;Szkoła Podstawowa nr 1 im. Ludwika Holesza w Świerklanach 44-266 Świerklany ul. Boryńska 6;1869;461;461;8;453;24.67;1.74;1886;1098;1098;20;1078;58.22;1.82
83236;241205;2;Szkoła Podstawowa nr 1 im. Ludwika Holesza w Świerklanach 44-266 Świerklany ul. Boryńska 6;1433;368;368;16;352;25.68;4.35;1441;850;850;27;823;58.99;3.18
83237;241205;3;Gimnazjum im. Karola Miarki w Świerklanach 44-266 Świerklany ul. 3 Maja 20;1622;368;368;10;358;22.69;2.72;1660;893;893;24;869;53.80;2.69
83238;241205;4;Gimnazjum im. Karola Miarki w Świerklanach 44-266 Świerklany ul. 3 Maja 20;1118;350;350;4;346;31.31;1.14;1142;694;694;24;670;60.77;3.46
83239;241205;5;Szkoła Podstawowa im. Stanisława Staszica w Jankowicach 44-264 Jankowice ul. Równoległa 5;1897;403;403;17;386;21.24;4.22;1884;993;993;33;960;52.71;3.32
83240;241205;6;Szkoła Podstawowa im. Stanisława Staszica w Jankowicach 44-264 Jankowice ul. Równoległa 5;1298;385;385;15;370;29.66;3.90;1310;774;774;31;743;59.08;4.01
83241;241301;1;Publiczna Szkoła Podstawowa Nr 1 w Kaletach 42-660 Kalety ul. 1 Maja 6;1924;368;368;11;357;19.13;2.99;1884;805;805;24;781;42.73;2.98
83242;241301;2;Miejski Dom Kultury w Kaletach 42-660 Kalety ul. Lubliniecka 2;691;125;125;5;120;18.09;4.00;695;275;275;15;260;39.57;5.45
83243;241301;3;były Zespół Szkół w Kaletach 42-660 Kalety, Jędrysek ul. Ks. Rogowskiego 43;2327;508;508;23;485;21.83;4.53;2335;1122;1122;46;1076;48.05;4.10
83244;241301;4;Klub w Kaletach - Drutarni 42-660 Kalety, Drutarnia ul. Koszęcińska 33;571;140;140;5;135;24.52;3.57;0;0;0;0;0;NA;NA
83245;241301;5;Publiczna Szkoła Podstawowa Nr 2 w Kaletach-Miotku 42-660 Kalety, Miotek ul. Orzeszkowej 10;1695;336;336;9;327;19.82;2.68;1710;832;832;12;820;48.65;1.44
83246;241302;1;Świetlica Publicznego Gimnazjum 42-610 Miasteczko Śląskie ul. Dworcowa 8;1599;374;374;7;367;23.39;1.87;1561;811;811;19;792;51.95;2.34
83247;241302;2;Miejski Ośrodek Kultury 42-610 Miasteczko Śląskie ul. Srebrna 24;1175;203;203;7;196;17.28;3.45;1144;529;529;17;512;46.24;3.21
83248;241302;3;Miejski Ośrodek Kultury 42-610 Miasteczko Śląskie ul. Srebrna 24;1260;194;194;6;188;15.40;3.09;1230;512;512;15;497;41.63;2.93
83249;241302;4;Szkoła Podstawowa Nr 2 42-610 Miasteczko Śląskie ul. Harcerska 5;1408;220;220;3;217;15.62;1.36;1393;606;606;13;593;43.50;2.15
83250;241302;5;Strażnica OSP Brynica 42-610 Miasteczko Śląskie ul. Władysława Łokietka 5;457;105;105;7;98;22.98;6.67;432;226;226;8;218;52.31;3.54
83251;241303;1;Zespół Szkół Techniczno-Ekonomicznych 41-922 Radzionków ul. Nałkowskiej 2;855;178;178;3;175;20.82;1.69;847;422;422;14;408;49.82;3.32
83252;241303;2;Zespół Szkół Techniczno-Ekonomicznych 41-922 Radzionków ul. Nałkowskiej 2;824;105;105;5;100;12.74;4.76;808;275;275;16;259;34.03;5.82
83253;241303;3;Zespół Szkół Podstawowo-Gimnazjalnych 41-922 Radzionków ul. Sikorskiego 8a;839;222;222;1;221;26.46;0.45;823;476;476;5;471;57.84;1.05
83254;241303;4;Zespół Szkół Podstawowo-Gimnazjalnych 41-922 Radzionków ul. Sikorskiego 8a;1055;407;407;17;390;38.58;4.18;1041;690;690;6;684;66.28;0.87
83255;241303;5;Przedszkole nr 4 41-922 Radzionków ul. Kużaja 15;922;175;175;6;169;18.98;3.43;928;397;397;18;379;42.78;4.53
83256;241303;6;Szkoła Podstawowa nr 2 im. Jana Pawła II 41-922 Radzionków ul. Szymały 36;905;226;226;10;216;24.97;4.42;901;498;498;15;483;55.27;3.01
83257;241303;7;Szkoła Podstawowa nr 2 im. Jana Pawła II 41-922 Radzionków ul. Szymały 36;938;214;214;8;206;22.81;3.74;937;520;520;21;499;55.50;4.04
83258;241303;8;Gimnazjum im. Ojca Ludwika Wrodarczyka 41-922 Radzionków ul. Krzywa 18;932;277;277;15;262;29.72;5.42;935;562;562;12;550;60.11;2.14
83259;241303;9;Gimnazjum im. Ojca Ludwika Wrodarczyka 41-922 Radzionków ul. Krzywa 18;822;231;231;3;228;28.10;1.30;812;444;444;10;434;54.68;2.25
83260;241303;10;Centrum Kultury „Karolinka” 41-922 Radzionków pl. Jana Pawła II 2;855;255;255;8;247;29.82;3.14;872;493;493;13;480;56.54;2.64
83261;241303;11;Centrum Kultury „Karolinka” 41-922 Radzionków pl. Jana Pawła II 2;924;261;261;9;252;28.25;3.45;939;547;547;24;523;58.25;4.39
83262;241303;12;Szkoła Podstawowa nr 1 im. Adama Mickiewicza 41-922 Radzionków ul. ks. dra J. Knosały 16;967;272;272;4;268;28.13;1.47;963;550;550;23;527;57.11;4.18
83263;241303;13;Szkoła Podstawowa nr 1 im. Adama Mickiewicza 41-922 Radzionków ul. ks. dra J. Knosały 16;1064;277;277;4;273;26.03;1.44;1085;630;630;18;612;58.06;2.86
83264;241303;14;Liceum Ogólnokształcące im. Powstańców Śląskich 41-922 Radzionków pl. Jana Pawła II 8;856;216;216;12;204;25.23;5.56;841;430;430;13;417;51.13;3.02
83265;241303;15;Liceum Ogólnokształcące im. Powstańców Śląskich 41-922 Radzionków pl. Jana Pawła II 8;882;200;200;7;193;22.68;3.50;859;482;482;6;476;56.11;1.24
83266;241304;1;Zespół Szkolno-Przedszkolny Nr 2 42-609 Tarnowskie Góry ul. Jagodowa 72;988;216;216;16;200;21.86;7.41;1007;495;495;18;477;49.16;3.64
83267;241304;2;Świetlica Miejska Nr 2 42-609 Tarnowskie Góry ul.Kościelna 36;1745;421;421;6;415;24.13;1.43;1733;926;926;19;907;53.43;2.05
83268;241304;3;Szkoła Podstawowa Nr 13 42-609 Tarnowskie Góry ul. Armii Krajowej 1;1370;297;297;10;287;21.68;3.37;1325;731;731;20;711;55.17;2.74
83269;241304;4;Szkoła Podstawowa Nr 13 42-609 Tarnowskie Góry ul. Armii Krajowej 1;1345;274;274;11;263;20.37;4.01;1327;637;637;17;620;48.00;2.67
83270;241304;5;Zespół Szkolno-Przedszkolny Nr 1 42-600 Tarnowskie Góry ul. Słowackiego 34;1333;260;260;14;246;19.50;5.38;1333;597;597;21;576;44.79;3.52
83271;241304;6;Szkoła Podstawowa Nr 5 42-600 Tarnowskie Góry ul. Leśna 23;1918;467;467;6;461;24.35;1.28;1899;964;964;18;946;50.76;1.87
83272;241304;7;Szkoła Podstawowa Nr 5 42-600 Tarnowskie Góry ul. Leśna 23;1969;421;421;4;417;21.38;0.95;1927;1030;1030;27;1003;53.45;2.62
83273;241304;8;Publiczne Gimnazjum Nr 3 42-606 Tarnowskie Góry ul. Zaciszna 17;2001;608;608;18;590;30.38;2.96;1962;1198;1198;19;1179;61.06;1.59
83274;241304;9;Publiczne Gimnazjum Nr 3 42-606 Tarnowskie Góry ul. Zaciszna 17;2215;641;641;11;630;28.94;1.72;2144;1204;1204;27;1177;56.16;2.24
83275;241304;10;Szkoła Podstawowa Nr 11 42-605 Tarnowskie Góry ul. Korola 38a;1657;361;361;11;350;21.79;3.05;1692;858;858;19;839;50.71;2.21
83276;241304;11;Szkoła Podstawowa Nr 11 42-605 Tarnowskie Góry ul. Korola 38a;1656;497;497;8;489;30.01;1.61;1623;960;960;14;946;59.15;1.46
83277;241304;12;Świetlica Miejska Nr 1 42-603 Tarnowskie Góry ul. Witosa 61;1770;474;474;4;470;26.78;0.84;1837;984;984;19;965;53.57;1.93
83278;241304;13;Zespół Szkolno-Przedszkolny Nr 4 42-680 Tarnowskie Góry ul. Powstańców Warszawskich 42;2027;500;500;12;488;24.67;2.40;1952;1063;1063;14;1049;54.46;1.32
83279;241304;14;Świetlica Miejska Nr 3 42-680 Tarnowskie Góry ul. Pastuszki 9;689;255;255;5;250;37.01;1.96;843;553;553;7;546;65.60;1.27
83280;241304;15;Publiczne Gimnazjum Nr 4 42-612 Tarnowskie Góry ul. Janasa 11;2124;566;566;16;550;26.65;2.83;2146;1245;1245;19;1226;58.01;1.53
83281;241304;16;Publiczne Gimnazjum Nr 4 42-612 Tarnowskie Góry ul. Janasa 11;2041;578;578;16;562;28.32;2.77;2069;1252;1252;16;1236;60.51;1.28
83282;241304;17;Publiczne Gimnazjum Nr 4 42-612 Tarnowskie Góry ul. Janasa 11;1971;541;541;20;521;27.45;3.70;1913;1141;1141;21;1120;59.64;1.84
83283;241304;18;Szkoła Podstawowa Nr 15 42-612 Tarnowskie Góry ul. Litewska 6;1949;545;545;17;528;27.96;3.12;1866;1098;1098;17;1081;58.84;1.55
83284;241304;19;Szkoła Podstawowa Nr 15 42-612 Tarnowskie Góry ul. Litewska 6;2045;640;640;11;629;31.30;1.72;2027;1264;1264;18;1246;62.36;1.42
83285;241304;20;I Liceum Ogólnokształcące im. Stefanii Sempołowskiej 42-600 Tarnowskie Góry ul. Opolska 28;2170;598;598;11;587;27.56;1.84;2104;1175;1175;20;1155;55.85;1.70
83286;241304;21;Szkoła Podstawowa Nr 3 42-600 Tarnowskie Góry ul. Wyspiańskiego 1;2304;791;791;21;770;34.33;2.65;2229;1355;1355;13;1342;60.79;0.96
83287;241304;22;Powiatowy Młodzieżowy Dom Kultury im. H. Jordana 42-600 Tarnowskie Góry Gliwicka 36;2287;674;674;13;661;29.47;1.93;2320;1338;1338;21;1317;57.67;1.57
83288;241304;23;Miejska Biblioteka Publiczna 42-600 Tarnowskie Góry ul. Zamkowa 5;2193;408;408;10;398;18.60;2.45;2157;883;883;21;862;40.94;2.38
83289;241304;24;Miejska Biblioteka Publiczna 42-600 Tarnowskie Góry ul. Zamkowa 5;2058;381;381;9;372;18.51;2.36;2017;858;858;28;830;42.54;3.26
83290;241304;25;Szkoła Podstawowa Nr 9 42-600 Tarnowskie Góry ul. Korczaka 2;2264;694;694;16;678;30.65;2.31;2244;1221;1221;13;1208;54.41;1.06
83291;241304;26;Zespół Szkół Techniczno-Usługowych im. Jana Pawła II 42-600 Tarnowskie Góry ul. Pokoju 14;2059;468;468;12;456;22.73;2.56;2053;962;963;14;948;46.86;1.46
91340;241304;27;Dom Pomocy Społecznej dla Osób Przewlekle Psychicznie Chorych prowadzony przez ZG.SS. Boromeuszek 42-600 Tarnowskie Góry Gliwicka 22;50;15;15;3;12;30.00;20.00;46;19;19;4;15;41.30;21.05
91341;241304;28;Szpital Św. Kamila Zakonu Ojców Kamilianów 42-606 Tarnowskie Góry Bytomska 22;54;11;11;0;11;20.37;0.00;48;5;5;0;5;10.42;0.00
91342;241304;29;Areszt Śledczy Tarnowskie Góry 42-600 Tarnowskie Góry Opolska 17a;416;129;129;19;110;31.01;14.73;318;161;161;13;148;50.63;8.07
91343;241304;30;Dom Pomocy Społecznej „Przyjaźń” 42-612 Tarnowskie Góry Włoska 24;121;44;44;2;42;36.36;4.55;120;34;34;2;32;28.33;5.88
91344;241304;31;Wielospecjalistyczny Szpital Powiatowy S.A. w Tarnowskich Górach 42-600 Tarnowskie Góry Opolska 21;15;3;3;0;3;20.00;0.00;28;16;16;0;16;57.14;0.00
91345;241304;32;Wielospecjalistyczny Szpital Powiatowy S.A. w Tarnowskich Górach 42-612 Tarnowskie Góry Pyskowicka 47-51;182;39;39;4;35;21.43;10.26;227;58;58;2;56;25.55;3.45
91346;241304;33;Samodzielny Publiczny Zakład Opieki Zdrowotnej „REPTY” Górnośląskie Centrum Rehabilitacji im. gen. J.Ziętka 42-612 Tarnowskie Góry Śniadeckiego 1;542;256;256;19;237;47.23;7.42;536;298;298;15;283;55.60;5.03
83292;241305;1;Sala posiedzeń Rady Gminy 42-693 Krupski Młyn ul. Główna 5;829;204;204;10;194;24.61;4.90;806;439;439;13;426;54.47;2.96
83293;241305;2;Gminny Ośrodek Kultury, Sportu i Rekreacji 42-693 Krupski Młyn ul. Zawadzkiego 3;590;157;157;3;154;26.61;1.91;564;323;323;5;318;57.27;1.55
83294;241305;3;Świetlica Osiedlowa 42-693 Krupski Młyn Kolonia Ziętek 2;551;108;108;2;106;19.60;1.85;540;220;220;5;215;40.74;2.27
83295;241305;4;Szkoła Podstawowa 42-693 Potępa ul. Tarnogórska 12;765;178;178;3;175;23.27;1.69;784;409;409;15;394;52.17;3.67
83296;241306;1;Niepubliczna Szkoła Podstawowa w Pyrzowicach 42-625 Pyrzowice ul. Wolności 46;666;111;111;2;109;16.67;1.80;666;344;344;14;330;51.65;4.07
83297;241306;2;Szkoła Podstawowa w Zendku 42-625 Zendek ul. Główna 126;935;159;159;4;155;17.01;2.52;944;480;480;13;467;50.85;2.71
83298;241306;3;Gimnazjum w Ożarowicach 42-625 Ożarowice ul. Szkolna 10;1287;281;281;14;267;21.83;4.98;1304;707;707;20;687;54.22;2.83
83299;241306;4;Szkoła Podstawowa w Tąpkowicach 42-624 Tąpkowice ul. Kopernika 2;1666;423;423;8;415;25.39;1.89;1660;938;938;27;911;56.51;2.88
83300;241307;1;Zespół Szkół Rolniczych 42-620 Nakło Śląskie ul. Morcinka 9;1165;241;241;6;235;20.69;2.49;1174;571;571;21;550;48.64;3.68
83301;241307;2;Zespół Szkół 42-620 Nakło Śląskie ul. Dworcowa 2;1949;403;403;12;391;20.68;2.98;1954;943;943;26;917;48.26;2.76
83302;241307;3;Szkoła Podstawowa 42-622 Nowe Chechło ul. Lasowicka 103;1340;263;263;4;259;19.63;1.52;1366;681;681;13;668;49.85;1.91
83303;241307;4;Szkoła Podstawowa 42-622 Orzech ul. Brzechwy 8;1687;404;404;17;387;23.95;4.21;1698;928;928;32;896;54.65;3.45
83304;241307;5;Szkoła Podstawowa 42-622 Świerklaniec ul. Młyńska 7;1916;424;424;16;408;22.13;3.77;1951;1054;1054;13;1041;54.02;1.23
83305;241307;6;Koło Gospodyń Wiejskich - świetlica 42-622 Świerklaniec ul. Oświęcimska 7;1342;294;294;11;283;21.91;3.74;1335;699;699;12;687;52.36;1.72
83306;241308;1;Gminny Ośrodek Kultury 42-690 Tworóg ul. Zamkowa 1;1135;237;237;11;226;20.88;4.64;1159;534;534;18;516;46.07;3.37
83307;241308;2;Szkoła Podstawowa 42-690 Tworóg ul. Szkolna 15;907;182;182;4;178;20.07;2.20;917;417;417;9;408;45.47;2.16
83308;241308;3;Gminne Przedszkole w Kotach 42-690 Koty ul. Szkolna 2;700;146;146;6;140;20.86;4.11;690;304;304;7;297;44.06;2.30
83309;241308;4;Budynek Wielofunkcyjny 42-690 Nowa Wieś Tworoska ul. Jaśminowa 42;644;106;106;5;101;16.46;4.72;652;315;315;13;302;48.31;4.13
83310;241308;5;Szkoła Podstawowa w Boruszowicach 42-690 Boruszowice ul. Szkolna 2;1347;326;326;9;317;24.20;2.76;1363;656;656;6;650;48.13;0.91
83311;241308;6;Technikum Leśne 42-690 Brynek ul. Park 5;419;99;99;6;93;23.63;6.06;408;204;204;6;198;50.00;2.94
83312;241308;7;Świetlica Wiejska 42-690 Połomia ul. Bytomska 42;405;105;105;8;97;25.93;7.62;409;186;186;5;181;45.48;2.69
83313;241308;8;Szkoła Podstawowa w Wojsce 42-690 Wojska Szkolna 12;601;104;104;3;101;17.30;2.88;588;268;268;11;257;45.58;4.10
83314;241308;9;Dom Wielofunkcyjny 42-690 Świniowice Wiejska 77;342;58;58;2;56;16.96;3.45;347;136;136;1;135;39.19;0.74
83315;241309;1;Gminna Biblioteka Publiczna/Centrum Usług Publicznych w Zbrosławicach 42-674 Zbrosławice ul. Oświęcimska 2A;1952;448;448;10;438;22.95;2.23;2007;1031;1031;28;1003;51.37;2.72
83316;241309;2;Gminna Bibloteka Publiczna/Centrum Usług Publicznych w Zbrosławicach 42-674 Ptakowice ul. Oświęcimska 2A;516;113;113;3;110;21.90;2.65;514;224;224;13;211;43.58;5.80
83317;241309;3;Zespół Szkolno Przedszkolny w Miedarach 42-676 Miedary ul. Główna 26;1565;255;255;8;247;16.29;3.14;1552;593;593;21;572;38.21;3.54
83318;241309;4;Zespół Szkół Ogólnokształcących im. Jana Pawła II w Kamieńcu 42-674 Kamieniec ul. Gliwicka 6;1061;136;136;2;134;12.82;1.47;1066;422;422;23;399;39.59;5.45
83319;241309;5;Szkoła Podstawowa w Kopienicy 42-674 Kopienica ul. 1 Maja 3;1398;169;169;16;153;12.09;9.47;1398;463;463;22;441;33.12;4.75
83320;241309;6;Świetlica Stacji Uzdatniania Wody Zawada w Karchowicach 42-674 Karchowice ul. Bytomska 6;570;107;107;2;105;18.77;1.87;577;239;239;9;230;41.42;3.77
83321;241309;7;Świetlica Gminna w Ziemięcicach 42-675 Ziemięcice ul. Mikulczycka 14;1393;251;251;11;240;18.02;4.38;1398;616;616;20;596;44.06;3.25
83322;241309;8;Szkoła Podstawowa w Czekanowie 42-677 Czekanów ul. Szkolna 26;760;150;150;4;146;19.74;2.67;765;304;304;9;295;39.74;2.96
83323;241309;9;Świetlica Gminna w Wieszowie 42-672 Wieszowa ul. Bytomska 154;1982;343;343;8;335;17.31;2.33;1962;788;788;13;775;40.16;1.65
83324;241309;10;OSP Świętoszowice 42-674 Świętoszowice ul. Mikulczycka 93A;894;273;273;6;267;30.54;2.20;907;501;501;9;492;55.24;1.80
91347;241309;11;Dom Pomocy Społecznej prowadzony przez Ojców Kamilianów w Zbrosławicach 42-674 Zbrosławice Wolności 34;64;15;15;0;15;23.44;0.00;66;22;22;5;17;33.33;22.73
91348;241309;12;Dom Pomocy Społecznej w Miedarach 42-676 Miedary Zamkowa 7;21;19;19;0;19;90.48;0.00;17;15;15;2;13;88.24;13.33
83325;241401;1;Liceum Ogólnokształcące im. Powstańców Śląskich w Bieruniu 43-150 Bieruń ul. Licealna 17;1294;378;378;5;373;29.21;1.32;1365;775;775;17;758;56.78;2.19
83326;241401;2;Liceum Ogólnokształcące im. Powstańców Śląskich w Bieruniu 43-150 Bieruń ul. Licealna 17;1200;322;322;9;313;26.83;2.80;1181;682;682;18;664;57.75;2.64
83327;241401;3;Gimnazjum Nr 2 w Bieruniu 43-150 Bieruń ul. Licealna 17a;951;123;123;7;116;12.93;5.69;950;361;361;11;350;38.00;3.05
83328;241401;4;Dom Kultury „Gama” w Bieruniu 43-150 Bieruń ul. Chemików 45;860;226;226;13;213;26.28;5.75;868;441;441;11;430;50.81;2.49
83329;241401;5;Szkoła Podstawowa Nr 1 w Bieruniu 43-150 Bieruń ul. Krakowska 28;1200;354;354;11;343;29.50;3.11;1192;731;731;13;718;61.33;1.78
83330;241401;6;Szkoła Podstawowa Nr 1 w Bieruniu 43-150 Bieruń ul. Krakowska 28;1223;325;325;6;319;26.57;1.85;1233;734;734;17;717;59.53;2.32
83331;241401;7;Filia Szkoły Podstawowej Nr 3 w Ścierniach 43-155 Bieruń ul. Kamienna 17;1009;202;202;10;192;20.02;4.95;979;542;542;21;521;55.36;3.87
83332;241401;8;Powiatowy Zespół Szkół w Bieruniu 43-155 Bieruń ul. Granitowa 130;1052;196;196;7;189;18.63;3.57;1002;525;525;8;517;52.40;1.52
83333;241401;9;Powiatowy Zespół Szkół w Bieruniu 43-155 Bieruń ul. Granitowa 130;1159;290;290;7;283;25.02;2.41;1115;624;641;16;608;55.96;2.56
83334;241401;10;Szkoła Podstawowa Nr 3 w Bieruniu 43-155 Bieruń ul. Węglowa 11;1131;252;252;8;244;22.28;3.17;1087;591;591;9;582;54.37;1.52
83335;241401;11;Szkoła Podsatwowa Nr 3 w Bieruniu 43-155 Bieruń ul. Węglowa 11;1018;205;205;5;200;20.14;2.44;963;498;498;17;481;51.71;3.41
83336;241401;12;Gimnazjum Nr 1 w Bieruniu 43-155 Bieruń ul. Warszawska 294;889;201;201;12;189;22.61;5.97;864;444;444;14;430;51.39;3.15
83337;241401;13;Gimnazjum Nr 1 w Bieruniu 43-155 Bieruń ul. Warszawska 294;1002;280;280;5;275;27.94;1.79;981;609;609;14;595;62.08;2.30
83338;241401;14;Szkoła Podstawowa w Bijasowicach 43-155 Bieruń ul. Bijasowicka 58;744;192;192;3;189;25.81;1.56;773;429;429;14;415;55.50;3.26
83339;241401;15;Remiza OSP w Czarnuchowicach 43-155 Bieruń ul. Mielęckiego 1a;874;237;237;16;221;27.12;6.75;888;504;504;15;489;56.76;2.98
83340;241402;1;Biblioteka Miejska 41-407 Imielin ul. Imielińska 92;1783;479;479;11;468;26.86;2.30;1799;1076;1076;36;1040;59.81;3.35
83341;241402;2;Biblioteka Miejska 41-407 Imielin ul. Imielińska 92;1800;456;456;19;437;25.33;4.17;1829;1036;1036;23;1013;56.64;2.22
83342;241402;3;Urząd Miasta Imielin 41-407 Imielin ul. Imielińska 81;1528;464;464;16;448;30.37;3.45;1574;936;936;24;912;59.47;2.56
83343;241402;4;Urząd Miasta Imielin 41-407 Imielin ul. Imielińska 81;1659;399;399;11;388;24.05;2.76;1692;973;973;20;953;57.51;2.06
83344;241403;1;Gimnazjum z Oddziałami Integracyjnymi Nr 2 43-143 Lędziny ul. Palmowa 21;1510;361;361;23;338;23.91;6.37;1536;885;885;25;860;57.62;2.82
83345;241403;2;Gimnazjum z Oddziałami Integracyjnymi Nr 2 43-143 Lędziny ul. Palmowa 21;700;134;134;7;127;19.14;5.22;688;298;298;4;294;43.31;1.34
83346;241403;3;Szkoła Podstawowa Nr 3 43-143 Lędziny ul. Hołdunowska 13;960;205;205;9;196;21.35;4.39;930;511;511;20;491;54.95;3.91
83347;241403;4;Szkoła Podstawowa Nr 3 43-143 Lędziny ul. Hołdunowska 13;1559;210;210;8;202;13.47;3.81;1549;718;718;31;687;46.35;4.32
83348;241403;5;Szkoła Podstawowa Nr 3 43-143 Lędziny ul. Hołdunowska 13;1696;332;332;6;326;19.58;1.81;1687;924;924;36;888;54.77;3.90
83349;241403;6;Plac Farski 43-140 Lędziny ul. Lędzińska 88;1540;419;419;16;403;27.21;3.82;1562;877;877;27;850;56.15;3.08
83350;241403;7;Ochotnicza Straż Pożarna 43-140 Lędziny ul. Księdza Kontnego 32;1051;240;240;12;228;22.84;5.00;1047;626;626;16;610;59.79;2.56
83351;241403;8;Powiatowy Zespół Szkół 43-140 Lędziny ul. Pokoju 4;1673;255;255;7;248;15.24;2.75;1664;782;785;16;766;47.00;2.05
83352;241403;9;Zespół Szkół 43-144 Lędziny ul. Goławiecka 36;871;196;196;3;193;22.50;1.53;857;496;496;15;481;57.88;3.02
83353;241403;10;Górki 43-144 Lędziny ul. Szenwalda 49;380;70;70;2;68;18.42;2.86;376;223;223;5;218;59.31;2.24
83354;241403;11;Szkoła Podstawowa z Oddziałami Integracyjnymi nr 1 43-140 Lędziny ul. Paderewskiego 5;1064;268;268;3;265;25.19;1.12;1072;646;646;17;629;60.26;2.63
83355;241404;1;Szkoła Podstawowa 43-220 Bojszowy ul. Świętego Jana 33;851;282;282;10;272;33.14;3.55;869;576;576;6;570;66.28;1.04
83356;241404;2;Szkoła Podstawowa 43-220 Bojszowy ul. Świetęgo Jana 33;802;249;249;10;239;31.05;4.02;802;524;524;10;514;65.34;1.91
83357;241404;3;Urząd Gminy Bojszowy 43-220 Bojszowy ul. Gaikowa 35;788;263;263;8;255;33.38;3.04;780;495;495;5;490;63.46;1.01
83358;241404;4;Gminne Gimnazjum w Bojszowach 43-220 Bojszowy ul. Świętego Jana 33a;750;129;129;3;126;17.20;2.33;746;411;411;15;396;55.09;3.65
83359;241404;5;Szkoła Podstawowa 43-220 Międzyrzecze ul. Żubrów 13;668;218;218;2;216;32.63;0.92;721;438;438;6;432;60.75;1.37
83360;241404;6;Gminna Szkoła Podstawowa 43-220 Świerczyniec ul. Sierpowa 38;378;127;127;3;124;33.60;2.36;383;245;245;5;240;63.97;2.04
83361;241404;7;Gminna Szkoła Podstawowa 43-220 Świerczyniec ul. Sierpowa 38;632;187;187;1;186;29.59;0.53;625;401;401;17;384;64.16;4.24
83362;241404;8;Gminna Szkoła Podstawowa 43-220 Świerczyniec ul. Sierpowa 38;958;286;288;5;281;29.85;1.75;994;643;643;14;629;64.69;2.18
83363;241405;1;Gimnazjum 41-403 Chełm Śląski ul. Śląska 12;1498;404;404;6;398;26.97;1.49;1504;873;873;23;850;58.05;2.63
83364;241405;2;Szkoła Podstawowa Nr 2 41-403 Chełm Śląski ul. Kolberga 1;2302;630;630;17;613;27.37;2.70;2289;1325;1325;21;1304;57.89;1.58
83365;241405;3;Szkoła Podstawowa Nr 1 41-403 Chełm Śląski ul. Górnośląska 45;999;267;267;6;261;26.73;2.25;1013;579;579;7;572;57.16;1.21
83366;241501;1;Miejski Ośrodek Kultury 44-370 Pszów Traugutta 1;2341;552;552;12;540;23.58;2.17;2309;1227;1227;30;1197;53.14;2.44
83367;241501;2;Gościniec Pszowski (d. Hotel Miejski) 44-370 Pszów Traugutta 48;2141;278;278;11;267;12.98;3.96;2093;798;798;35;763;38.13;4.39
83368;241501;3;Gimnazjum 44-370 Pszów Niepodległości 99;2418;593;593;7;586;24.52;1.18;2397;1383;1383;18;1365;57.70;1.30
83369;241501;4;Szkoła Podstawowa Nr 2 44-370 Pszów K. Miarki 16;2243;383;383;17;366;17.08;4.44;2200;975;975;26;949;44.32;2.67
83370;241501;5;Szkoła Podstawowa Nr 3 44-370 Pszów Armii Krajowej 54;2170;422;422;12;410;19.45;2.84;2201;1178;1178;31;1147;53.52;2.63
83371;241502;1;Szkoła Podstawowa Nr 3 44-310 Radlin ul. Józefa Rymera 170;1812;325;325;16;309;17.94;4.92;1873;932;933;29;903;49.76;3.11
83372;241502;2;Szkoła Podstawowa Nr 3 44-310 Radlin ul. Józefa Rymera 170;1653;367;367;13;354;22.20;3.54;1665;908;909;24;884;54.53;2.64
83373;241502;3;MOSIR „Sokolnia” 44-310 Radlin ul. Sokolska 6;942;184;184;6;178;19.53;3.26;929;489;489;14;475;52.64;2.86
83374;241502;4;Miejski Ośrodek Kultury 44-310 Radlin ul. Mariacka 9;2024;486;486;5;481;24.01;1.03;2001;1150;1150;18;1132;57.47;1.57
83375;241502;5;Zespół Szkół Sportowych 44-310 Radlin ul. mjr Piotra Iwanowicza Rogozina 55;1803;427;427;8;419;23.68;1.87;1750;948;948;22;926;54.17;2.32
83376;241502;6;MOSIR Dom Sportu 44-310 Radlin ul. Wojciecha Korfantego 17;954;201;201;5;196;21.07;2.49;931;489;489;11;478;52.52;2.25
83377;241502;7;MOSIR Dom Sportu 44-310 Radlin ul. Wojciecha Korfantego 17;1927;396;396;6;390;20.55;1.52;1892;975;975;43;932;51.53;4.41
83378;241502;8;Przedszkole Publiczne nr 2 44-310 Radlin ul. Andrzeja Mielęckiego 13;1982;308;308;10;298;15.54;3.25;1940;843;843;44;799;43.45;5.22
83379;241502;9;Hala Zborna Koksowni „Radlin” 44-310 Radlin ul. Hutnicza 1;933;197;197;7;190;21.11;3.55;952;475;475;14;461;49.89;2.95
91349;241502;10;NZOZ „SANUS” 44-310 Radlin Władysława Orkana 8;19;9;9;3;6;47.37;33.33;20;7;7;2;5;35.00;28.57
83380;241503;1;Biblioteka Publiczna Miasta Rydułtowy 44-280 Rydułtowy ul. Adama Mickiewicza 33;1779;363;363;10;353;20.40;2.75;1738;811;811;19;792;46.66;2.34
83381;241503;2;Urząd Stanu Cywilnego 44-280 Rydułtowy ul. Raciborska 369;1598;314;314;12;302;19.65;3.82;1550;795;795;35;760;51.29;4.40
83382;241503;3;Zespół Szkół Ponadgimnazjalnych Nr 2 44-280 Rydułtowy ul. Obywatelska 30;767;172;172;6;166;22.43;3.49;738;369;369;15;354;50.00;4.07
83383;241503;4;Publiczne Przedszkole nr 4 44-280 Rydułtowy Osiedle Orłowiec 37;1640;291;291;9;282;17.74;3.09;1559;743;743;26;717;47.66;3.50
83384;241503;5;Szkoła Podstawowa Nr 3 44-280 Rydułtowy ul. Radoszowska 3;1718;403;403;8;395;23.46;1.99;1710;944;944;29;915;55.20;3.07
83385;241503;6;Publiczne Przedszkole Nr 1 44-280 Rydułtowy ul. Jana Kochanowskiego 25;1448;352;352;15;337;24.31;4.26;1426;716;716;16;700;50.21;2.23
83386;241503;7;Gimnazjum Nr 1 44-280 Rydułtowy ul. Strzelców Bytomskich 13;947;219;219;4;215;23.13;1.83;977;525;525;14;511;53.74;2.67
83387;241503;8;Ochotnicza Straż Pożarna 44-280 Rydułtowy ul. Radoszowska 35;1479;276;276;5;271;18.66;1.81;1435;755;755;18;737;52.61;2.38
83388;241503;9;Zespół Szkół Ponadgimnazjalnych Nr 1 44-280 Rydułtowy ul. Skalna 1;1548;306;306;8;298;19.77;2.61;1512;756;756;21;735;50.00;2.78
83389;241503;10;Urząd Miasta Rydułtowy 44-280 Rydułtowy ul. Ofiar Terroru 36;875;215;215;7;208;24.57;3.26;859;524;524;9;515;61.00;1.72
83390;241503;11;Szkoła Podstawowa Nr 1 44-280 Rydułtowy ul. Św. Maksymiliana Kolbe 5;1740;338;338;11;327;19.43;3.25;1709;853;853;22;831;49.91;2.58
83391;241503;12;Szkoła Podstawowa Nr 1 44-280 Rydułtowy ul. Św. Maksymiliana Kolbe 5;1633;321;321;7;314;19.66;2.18;1624;870;870;34;836;53.57;3.91
91350;241503;13;Szpital Powiatowego Publicznego Zakładu Opieki Zdrowotnej w Rydułtowach i Wodzisławiu Śląskim 44-280 Rydułtowy ul. Plebiscytowa 47;43;23;23;1;22;53.49;4.35;155;44;44;1;43;28.39;2.27
83392;241504;1;Zespół Szkół nr 2 w Wodzisławiu Śląskim 44-300 Wodzisław Śląski ul. Wałowa 5;1536;438;438;7;431;28.52;1.60;1499;778;778;11;767;51.90;1.41
83393;241504;2;Zespół Szkół nr 2 w Wodzisławiu Śląskim 44-300 Wodzisław Śląski ul. Wałowa 5;1632;462;462;8;454;28.31;1.73;1598;960;960;13;947;60.08;1.35
83394;241504;3;Zespół Placówek Szkolno-Wychowawczo-Rewalidacyjnych w Wodzisławiu Śląskim 44-300 Wodzisław Śląski ul. Mikołaja Kopernika 71;1644;485;485;9;476;29.50;1.86;1626;984;984;11;973;60.52;1.12
83395;241504;4;Szkoła Podstawowa nr 3 w Wodzisławiu Śląskim 44-300 Wodzisław Śląski ul. 26 Marca 9;2016;382;382;14;368;18.95;3.66;1988;864;864;28;836;43.46;3.24
83396;241504;5;Zespół Szkolno-Przedszkolny nr 7 w Wodzisławiu Śląskim 44-300 Wodzisław Śląski ul. Tysiąclecia 25;2054;407;407;7;400;19.81;1.72;2042;891;891;36;855;43.63;4.04
83397;241504;6;Zespół Szkół Ponadgimnazjalnych w Wodzisławiu Śląskim 44-300 Wodzisław Śląski ul. Kardynała Stefana Wyszyńskiego 41;1681;426;426;7;419;25.34;1.64;1631;858;858;18;840;52.61;2.10
83398;241504;7;Gimnazjum nr 2 w Wodzisławiu Śląskim 44-300 Wodzisław Śląski ul. 26 Marca 66;2241;480;480;20;460;21.42;4.17;2182;1039;1039;36;1003;47.62;3.46
83399;241504;8;Zespół Poradni Specjalistycznych w Wodzisławiu Śląskim 44-286 Wodzisław Śląski ul. 26 Marca 164;1898;472;472;12;460;24.87;2.54;1818;909;909;14;895;50.00;1.54
83400;241504;9;Publiczne Przedszkole nr 19 w Wodzisławiu Śląskim 44-286 Wodzisław Śląski Osiedle XXX Lecia PRL 30;1663;458;458;10;448;27.54;2.18;1619;967;967;17;950;59.73;1.76
83401;241504;10;Szkoła Podstawowa nr 10 w Wodzisławiu Śląskim 44-286 Wodzisław Śląski Osiedle XXX Lecia PRL 63;2026;598;598;18;580;29.52;3.01;2005;1142;1142;26;1116;56.96;2.28
83402;241504;11;Publiczne Przedszkole nr 16 w Wodzisławiu Śląskim 44-286 Wodzisław Śląski ul. Przemysława 10;1485;396;396;14;382;26.67;3.54;1435;802;802;16;786;55.89;2.00
83403;241504;12;Publiczne Przedszkole nr 15 w Wodzisławiu Śląskim 44-286 Wodzisław Śląski ul. Przemysława 20;1894;430;430;10;420;22.70;2.33;1833;979;979;15;964;53.41;1.53
83404;241504;13;Zespół Szkolno-Przedszkolny nr 4 w Wodzisławiu Śląskim 44-300 Wodzisław Śląski ul. Górnicza 7;1141;264;264;7;257;23.14;2.65;1156;507;507;24;483;43.86;4.73
83405;241504;14;Szkoła Podstawowa nr 2 w Wodzisławiu Śląskim 44-300 Wodzisław Śląski ul. Ks. Antoniego Roboty 7;1264;394;394;13;381;31.17;3.30;1267;773;773;13;760;61.01;1.68
83406;241504;15;Szkoła Podstawowa nr 2 w Wodzisławiu Śląskim 44-300 Wodzisław Śląski ul. Ks. Antoniego Roboty 7;1179;307;307;9;298;26.04;2.93;1186;674;674;24;650;56.83;3.56
83407;241504;16;Zespół Szkolno-Przedszkolny nr 2 w Wodzisławiu Śląskim 44-304 Wodzisław Śląski ul. Jastrzębska 136;1630;403;404;9;394;24.72;2.23;1594;896;896;17;879;56.21;1.90
83408;241504;17;Zespół Szkolno-Przedszkolny nr 2 w Wodzisławiu Śląskim 44-304 Wodzisław Śląski ul. Jastrzębska 136;1352;260;260;12;248;19.23;4.62;1355;723;723;18;705;53.36;2.49
83409;241504;18;Zespół Szkół nr 1 w Wodzisławiu Śląskim 44-304 Wodzisław Śląski ul. Armii Ludowej 11;2070;415;415;18;397;20.05;4.34;1982;952;952;35;917;48.03;3.68
83410;241504;19;Zespół Szkolno-Przedszkolny nr 6 w Wodzisławiu Śląskim 44-373 Wodzisław Śląski ul. Młodzieżowa 47;2042;437;437;23;414;21.40;5.26;1996;1034;1034;34;1000;51.80;3.29
83411;241504;20;Zespół Szkolno-Przedszkolny nr 1 w Wodzisławiu Śląskim 44-373 Wodzisław Śląski ul. Konwaliowa 4;1943;335;335;14;321;17.24;4.18;1953;952;952;29;923;48.75;3.05
83412;241504;21;Zespół Szkolno-Przedszkolny nr 3 w Wodzisławiu Śląskim 44-313 Wodzisław Śląski ul. Marii Skłodowskiej Curie 3;2339;521;521;12;509;22.27;2.30;2331;1252;1252;23;1229;53.71;1.84
83413;241504;22;Zespół Szkolno-Przedszkolny nr 3 w Wodzisławiu Śląskim 44-313 Wodzisław Śląski ul. Marii Skłodowskiej Curie 3;911;147;147;1;146;16.14;0.68;903;468;468;7;461;51.83;1.50
83414;241504;23;Zespół Szkolno-Przedszkolny nr 5 w Wodzisławiu Śląskim 44-313 Wodzisław Śląski ul. Bolesława Chrobrego 308;1227;224;224;5;219;18.26;2.23;1216;642;642;24;618;52.80;3.74
91351;241504;24;Powiatowy Publiczny Zakład Opieki Zdrowotnej w Rydułtowach i Wodzisławiu Śląskim z siedzibą w Wodzisławiu Śląskim - Szpital w Wodzisławiu Śląskim 44-300 Wodzisław Śląski ul. 26 Marca 51;67;30;30;1;29;44.78;3.33;36;25;25;1;24;69.44;4.00
91352;241504;25;Wojewódzki Szpital Chorób Płuc w Wodzisławiu Śląskim 44-300 Wodzisław Śląski ul Bracka 13;56;7;7;1;6;12.50;14.29;54;33;33;4;29;61.11;12.12
83415;241505;1;Remiza OSP 44-340 Godów ul. Gliniki 10;767;146;146;3;143;19.04;2.05;778;440;440;9;431;56.56;2.05
83416;241505;2;Remiza OSP 44-340 Godów ul. Gliniki 10;778;177;177;3;174;22.75;1.69;781;416;416;8;408;53.27;1.92
83417;241505;3;Zespół Szkół 44-341 Gołkowice ul. 1 Maja 101a;762;182;182;4;178;23.88;2.20;777;401;401;12;389;51.61;2.99
83418;241505;4;Zespół Szkół 44-341 Gołkowice ul. 1 Maja 101a;669;155;155;3;152;23.17;1.94;659;412;412;7;405;62.52;1.70
83419;241505;5;Zespół Szkół 44-340 Gołkowice ul. 1 Maja 101a;854;216;216;9;207;25.29;4.17;856;495;495;18;477;57.83;3.64
83420;241505;6;Zespół Szkół 44-341 Gołkowice ul. 1 Maja 101a;760;137;137;2;135;18.03;1.46;787;482;482;11;471;61.25;2.28
83421;241505;7;Szkoła Podstawowa 44-348 Krostoszowice ul. G. Morcinka 4;486;103;103;5;98;21.19;4.85;484;249;249;15;234;51.45;6.02
83422;241505;8;Szkoła Podstawowa 44-348 Krostoszowice ul. G. Morcinka 4;506;110;110;11;99;21.74;10.00;506;271;271;6;265;53.56;2.21
83423;241505;9;Zespół Szkolno-Przedszkolny 44-340 Łaziska ul. Powstańców Śl. 151;747;172;172;3;169;23.03;1.74;744;437;437;7;430;58.74;1.60
83424;241505;10;Zespół Szkolno-Przedszkolny 44-340 Łaziska ul. Powstańców Śl. 151;682;201;201;5;196;29.47;2.49;691;437;437;18;419;63.24;4.12
83425;241505;11;Szkoła Podstawowa 44-341 Skrbeńsko ul. Szkolna 1;748;205;205;5;200;27.41;2.44;745;462;462;13;449;62.01;2.81
83426;241505;12;Ośrodek Kultury 44-348 Skrzyszów ul. Wyzwolenia 12;773;191;191;6;185;24.71;3.14;795;444;444;10;434;55.85;2.25
83427;241505;13;Ośrodek Kultury 44-348 Skrzyszów ul. Wyzwolenia 12;726;173;173;5;168;23.83;2.89;732;386;386;13;373;52.73;3.37
83428;241505;14;Ośrodek Kultury 44-348 Skrzyszów ul. Wyzwolenia 12;746;133;133;3;130;17.83;2.26;741;352;352;5;347;47.50;1.42
83429;241505;15;Ośrodek Kultury 44-348 Skrzyszów ul. Wyzwolenia 12;696;143;143;4;139;20.55;2.80;705;369;369;12;357;52.34;3.25
91353;241505;16;Skrzyszów 44-348 Skrzyszów ul. Dębowa 13c;21;6;6;1;5;28.57;16.67;27;14;14;0;14;51.85;0.00
83430;241506;1;Remiza Strażacka 44-362 Bełsznica ul. Raciborska 53;879;226;226;8;218;25.71;3.54;879;462;462;16;446;52.56;3.46
83431;241506;2;Szkoła Podstawowa 44-362 Bluszczów ul. Wiejska 8;788;144;144;2;142;18.27;1.39;805;389;389;10;379;48.32;2.57
83432;241506;3;Wiejski Dom Kultury 44-352 Czyżowice ul. Strażacka 8a;1354;301;301;5;296;22.23;1.66;1348;724;724;15;709;53.71;2.07
83433;241506;4;Remiza Strażacka 44-352 Czyżowice ul.Strażacka 8;1366;289;289;8;281;21.16;2.77;1385;723;723;14;709;52.20;1.94
83434;241506;5;Wiejski Dom Kultury 44-350 Gorzyce ul. Mikołaja Kopernika 8;1623;378;378;12;366;23.29;3.17;1619;858;858;10;848;53.00;1.17
83435;241506;6;Świetlica Wiejska 44-350 Osiny ul. 7 Kwietnia 2;778;153;153;3;150;19.67;1.96;781;370;370;11;359;47.38;2.97
83436;241506;7;Zespół Szkolno-Przedszkolny 44-350 Gorzyczki ul. Wiejska 30;1571;292;292;0;292;18.59;0.00;1578;730;730;19;711;46.26;2.60
83437;241506;8;Szkoła Podstawowa nr 2 w Gorzycach 44-350 Gorzyczki ul. Leśna 46;847;139;139;10;129;16.41;7.19;850;377;377;15;362;44.35;3.98
83438;241506;9;Świetlica Wiejska 44-362 Odra ul. Główna 10;843;148;148;2;146;17.56;1.35;801;306;306;6;300;38.20;1.96
83439;241506;10;Wiejski Dom Kultury 44-353 Olza ul. Szkolna 7;827;206;206;9;197;24.91;4.37;831;397;397;17;380;47.77;4.28
83440;241506;11;Szkoła Podstawowa 44-362 Rogów ul. Szkolna 2;864;142;142;3;139;16.44;2.11;861;399;399;15;384;46.34;3.76
83441;241506;12;Gimnazjum 44-362 Rogów ul. Szkolna 2;1603;323;323;7;316;20.15;2.17;1623;872;872;20;852;53.73;2.29
83442;241506;13;Szkoła Podstawowa 44-351 Turza Śląska ul. Ligonia 2b;1355;273;273;7;266;20.15;2.56;1350;736;736;17;719;54.52;2.31
83443;241506;14;Gimnazjum 44-351 Turza Śląska ul. Ligonia 2b;1379;364;364;10;354;26.40;2.75;1377;754;754;8;746;54.76;1.06
91354;241506;15;Dom Pomocy Społecznej 44-350 Gorzyce ul. Bogumińska 22;211;68;68;5;63;32.23;7.35;210;84;84;19;65;40.00;22.62
83444;241507;1;Gminny Ośrodek Kultury 44-360 Lubomia ul. Mickiewicza 4;1687;210;210;9;201;12.45;4.29;1690;720;720;13;707;42.60;1.81
83445;241507;2;Gminny Ośrodek Kultury 44-360 Lubomia ul. Mickiewicza 4;1294;207;207;3;204;16.00;1.45;1282;538;538;12;526;41.97;2.23
83446;241507;3;Świetlica 44-360 Grabówka ul.Bordynowska 2a;277;42;42;0;42;15.16;0.00;280;112;112;5;107;40.00;4.46
83447;241507;4;Wiejski Dom Kultury 44-361 Syrynia ul. 3 Maja 65;1361;209;209;12;197;15.36;5.74;1371;666;666;41;625;48.58;6.16
83448;241507;5;Wiejski Dom Kultury 44-361 Syrynia ul. 3 Maja 65;1216;203;203;8;195;16.69;3.94;1225;596;596;19;577;48.65;3.19
83449;241507;6;Szkoła Podstawowa 44-360 Nieboczowy ul.Rzeczna 20;295;43;43;1;42;14.58;2.33;244;110;110;7;103;45.08;6.36
83450;241507;7;Świetlica OSP 44-360 Buków ul.Główna 24a;267;52;52;1;51;19.48;1.92;267;104;104;2;102;38.95;1.92
83451;241508;1;Szkoła Podstawowa Nr 1 44-321 Marklowice ul. Wyzwolenia 160 lokal: 1;947;200;200;13;187;21.12;6.50;976;568;568;18;550;58.20;3.17
83452;241508;2;Szkoła Podstawowa Nr 1 44-321 Marklowice ul. Wyzwolenia 160 lokal: 2;920;176;176;2;174;19.13;1.14;938;536;536;14;522;57.14;2.61
83453;241508;3;Budynek Ochotniczej Straży Pożarnej 44-321 Marklowice ul. Krakusa 1 lokal: 3;1111;229;229;4;225;20.61;1.75;1073;528;528;19;509;49.21;3.60
83454;241508;4;Szkoła Podstawowa Nr 2 44-321 Marklowice, Marklowice-Chałupki ul. Wiosny Ludów 78 lokal: 4;1322;299;299;7;292;22.62;2.34;1333;794;794;23;771;59.56;2.90
83455;241509;1;Urząd Gminy 44-325 Mszana ul. 1 Maja 81;1560;380;380;17;363;24.36;4.47;1570;879;879;31;848;55.99;3.53
83456;241509;2;Urząd Gminy 44-325 Mszana ul. 1 Maja 81;1404;254;254;6;248;18.09;2.36;1391;811;811;29;782;58.30;3.58
83457;241509;3;Szkoła Podstawowa 44-323 Połomia ul. Szkolna 21;2082;477;477;17;460;22.91;3.56;2096;1286;1286;62;1224;61.35;4.82
83458;241509;4;Zespół Szkół 44-323 Gogołowa ul. Wiejska 89;822;209;209;5;204;25.43;2.39;832;501;501;20;481;60.22;3.99
83459;241601;1;Miejski Ośrodek Kultury (piętro) 42-480 Poręba ul. A. Mickiewicza 2;781;183;183;10;173;23.43;5.46;767;394;394;15;379;51.37;3.81
83460;241601;2;Miejski Ośrodek Kultury (parter) 42-480 Poręba ul. A. Mickiewicza 2;1196;274;274;13;261;22.91;4.74;1199;569;569;22;547;47.46;3.87
83461;241601;3;Miejski Zespół Szkół (nowy segment budynku) 42-480 Poręba ul. Ludowego Wojska Polskiego 4;1327;246;246;12;234;18.54;4.88;1314;608;608;20;588;46.27;3.29
83462;241601;4;Miejski Zespół Szkół (stary segment budynku) 42-480 Poręba ul. Ludowego Wojska Polskiego 4;1195;250;250;11;239;20.92;4.40;1168;581;581;16;565;49.74;2.75
83463;241601;5;Szkoła Podstawowa nr 2 42-480 Poręba ul. Wiedzy 3;1265;247;247;4;243;19.53;1.62;1268;628;628;7;621;49.53;1.11
83464;241601;6;Szkoła Podstawowa nr 3 42-480 Poręba ul. Generała Ziętka 44;817;139;139;3;136;17.01;2.16;821;389;389;13;376;47.38;3.34
83465;241601;7;Remiza OSP 42-480 Poręba ul. Kopernika 66;652;119;119;9;110;18.25;7.56;640;302;302;14;288;47.19;4.64
83466;241602;1;Zespół Szkół im. Oskara Langego 42-400 Zawiercie, Blanowice ul. Rataja 30;1173;182;182;5;177;15.52;2.75;1148;549;549;7;542;47.82;1.28
83467;241602;2;Zespół Szkół im. Oskara Langego 42-400 Zawiercie ul. Rataja 30;1076;199;199;5;194;18.49;2.51;1056;496;496;7;489;46.97;1.41
83468;241602;3;Szkoła Podstawowa Nr 7 42-400 Zawiercie ul. Oświatowa 55;909;209;209;8;201;22.99;3.83;903;508;508;10;498;56.26;1.97
83469;241602;4;Szkoła Podstawowa nr 7 42-400 Zawiercie ul. Oświatowa 55;1009;233;233;13;220;23.09;5.58;996;559;559;5;554;56.12;0.89
83470;241602;5;Remiza Ochotniczej Straży Pożarnej 42-400 Zawiercie, Blanowice ul. Olendry 10;1250;241;241;8;233;19.28;3.32;1241;616;616;13;603;49.64;2.11
83471;241602;6;Remiza Ochotniczej Straży Pożarnej 42-400 Zawiercie, Skarżyce ul. Skarżycka 4;579;148;148;2;146;25.56;1.35;561;300;300;10;290;53.48;3.33
83472;241602;7;Remiza Ochotniczej Straży Pożarnej 42-400 Zawiercie, Żerkowice ul. Fredry 1;735;100;100;5;95;13.61;5.00;736;322;322;5;317;43.75;1.55
83473;241602;8;Remiza Ochotniczej Straży Pożarnej 42-400 Zawiercie, Bzów ul. Poległych 27;767;162;162;3;159;21.12;1.85;759;452;452;7;445;59.55;1.55
83474;241602;9;Przedszkole Nr 3 42-400 Zawiercie, Bzów ul. Kardynała Wyszyńskiego 5;1151;306;306;12;294;26.59;3.92;1133;608;608;6;602;53.66;0.99
83475;241602;10;Przedszkole Nr 3 42-400 Zawiercie, Żerkowice ul. Kardynała Wyszyńskiego 5;1011;226;226;7;219;22.35;3.10;975;507;507;13;494;52.00;2.56
83476;241602;11;Szkoła Podstawowa Nr 4 42-400 Zawiercie ul. Powstańców Śląskich 18;1166;261;261;5;256;22.38;1.92;1151;619;619;6;613;53.78;0.97
83477;241602;12;II Liceum Ogólnokształcące 42-400 Zawiercie ul. Daszyńskiego 2;1182;234;234;12;222;19.80;5.13;1154;610;610;12;598;52.86;1.97
83478;241602;13;Szkoła Podstawowa Nr 5 42-400 Zawiercie ul. Paderewskiego 49;1627;306;306;9;297;18.81;2.94;1580;781;781;9;772;49.43;1.15
83479;241602;14;II Liceum Ogólnokształcące 42-400 Zawiercie ul. Daszyńskiego 2;838;217;217;10;207;25.89;4.61;794;420;420;4;416;52.90;0.95
83480;241602;15;Gimnazjum Nr 3 42-400 Zawiercie ul. Marii Skłodowskiej-Curie 16;1169;267;267;3;264;22.84;1.12;1136;627;627;5;622;55.19;0.80
83481;241602;16;Gimnazjum Nr 3 42-400 Zawiercie ul. Marii Skłodowskiej-Curie 16;1148;261;261;2;259;22.74;0.77;1106;631;631;1;630;57.05;0.16
83482;241602;17;Regionalne Centrum Kształcenia Ustawicznego w Sosnowcu, Filia Zawiercie 42-400 Zawiercie ul. Żabia 19b;1113;172;172;2;170;15.45;1.16;1075;552;552;15;537;51.35;2.72
83483;241602;18;Zespół Szkół, Gimnazjum Nr 6 i Szkoła Podstawowa Nr 13 42-400 Zawiercie ul. Filaretów 9;1076;232;232;6;226;21.56;2.59;1055;555;555;10;545;52.61;1.80
83484;241602;19;Zespół Szkół, Gimnazjum Nr 6 i Szkoła Podstawowa Nr 13 42-400 Zawiercie ul. Filaretów 9;1089;193;193;8;185;17.72;4.15;1168;552;552;14;538;47.26;2.54
83485;241602;20;Szkoła Podstawowa Nr 11 42-400 Zawiercie ul. Zarzecze 2;1304;233;233;2;231;17.87;0.86;1341;673;673;12;661;50.19;1.78
83486;241602;21;Zespół Szkół im. Hugona Kołłątaja 42-400 Zawiercie ul. Miodowa 1;1247;253;253;5;248;20.29;1.98;1241;625;625;4;621;50.36;0.64
83487;241602;22;Zespół Szkół im. Gen. Józefa Bema 42-400 Zawiercie ul. Parkowa 7;1409;304;304;12;292;21.58;3.95;1377;767;767;26;741;55.70;3.39
83488;241602;23;Zespół Szkół im. Gen. Józefa Bema, budynek Nr 2 42-400 Zawiercie ul. Parkowa 2;925;190;190;2;188;20.54;1.05;908;440;440;8;432;48.46;1.82
83489;241602;24;Przedszkole Nr 15 42-400 Zawiercie ul. Wierzbowa 27;1044;230;230;20;210;22.03;8.70;1014;531;531;13;518;52.37;2.45
83490;241602;25;Gimnazjum Nr 2 42-400 Zawiercie ul. Niedziałkowskiego 21;1129;184;184;4;180;16.30;2.17;1089;566;566;4;562;51.97;0.71
83491;241602;26;Gimnazjum Nr 1 42-400 Zawiercie ul. 11 Listopada 22;1119;206;206;9;197;18.41;4.37;1105;523;523;9;514;47.33;1.72
83492;241602;27;Przedszkole Nr 2 42-400 Zawiercie ul. Marszałkowska 28;1342;144;144;6;138;10.73;4.17;1303;388;388;8;380;29.78;2.06
83493;241602;28;Szkoła Podstawowa Nr 6 42-400 Zawiercie ul. Wierzbowa 4;952;182;182;5;177;19.12;2.75;906;422;422;4;418;46.58;0.95
83494;241602;29;Szkoła Podstawowa Nr 6 42-400 Zawiercie ul. Wierzbowa 4;923;168;168;3;165;18.20;1.79;909;439;439;8;431;48.29;1.82
83495;241602;30;Przedszkole Nr 8 42-400 Zawiercie ul. Wierzbowa 8;1099;232;232;6;226;21.11;2.59;1115;598;598;5;593;53.63;0.84
83496;241602;31;Ośrodek Sportu i Rekreacji 42-400 Zawiercie ul. Moniuszki 10;905;110;110;3;107;12.15;2.73;888;291;291;5;286;32.77;1.72
83497;241602;32;Ośrodek Sportu i Rekreacji 42-400 Zawiercie ul. Moniuszki 10;918;146;146;9;137;15.90;6.16;894;332;332;11;321;37.14;3.31
83498;241602;33;Przedszkole Nr 1 42-400 Zawiercie ul. Paderewskiego 57;1592;302;302;6;296;18.97;1.99;1549;719;719;19;700;46.42;2.64
83499;241602;34;Przedszkole Nr 4 42-400 Zawiercie ul. Gałczyńskiego 5;972;224;224;3;221;23.05;1.34;950;529;529;8;521;55.68;1.51
83500;241602;35;Szkoła Podstawowa nr 9 42-400 Zawiercie ul. Piłsudskiego 117;912;253;253;1;252;27.74;0.40;909;551;551;3;548;60.62;0.54
83501;241602;36;Przedszkole Nr 5 42-400 Zawiercie ul. Moniuszki 9;1098;181;181;5;176;16.48;2.76;1084;473;473;9;464;43.63;1.90
83502;241602;37;Miejski Ośrodek Kultury „CENTRUM” 42-400 Zawiercie ul. Piastowska 1;1022;177;177;7;170;17.32;3.95;989;497;497;7;490;50.25;1.41
83503;241602;38;Szkoła Podstawowa Nr 9 42-400 Zawiercie ul. Piłsudskiego 117;1012;159;159;5;154;15.71;3.14;975;440;440;12;428;45.13;2.73
83504;241602;39;Szkoła Podstawowa Nr 9 42-400 Zawiercie ul. Piłsudskiego 117;1201;212;212;6;206;17.65;2.83;1166;558;558;21;537;47.86;3.76
91355;241602;40;Dom Pomocy Społecznej 42-400 Zawiercie ul. Rzemieślnicza 9;100;48;48;2;46;48.00;4.17;109;54;54;5;49;49.54;9.26
91356;241602;41;Szpital Powiatowy 42-400 Zawiercie ul. Miodowa 14;178;34;34;3;31;19.10;8.82;74;35;35;2;33;47.30;5.71
83505;241603;1;Urząd Gminy 42-446 Irządze 124;1415;222;222;9;213;15.69;4.05;1396;579;579;16;563;41.48;2.76
83506;241603;2;Agronomówka 42-446 Woźniki 34;484;63;63;0;63;13.02;0.00;480;220;220;6;214;45.83;2.73
83507;241603;3;Remiza OSP 42-446 Witów 165;399;58;58;4;54;14.54;6.90;382;156;156;13;143;40.84;8.33
83508;241604;1;Gimnazjum 42-425 Kroczyce ul. Sienkiewicza 7;1480;293;293;6;287;19.80;2.05;1492;745;745;27;718;49.93;3.62
83509;241604;2;Szkoła Podstawowa Fundacji „Elementarz” 42-425 Dzibice 62;566;68;68;4;64;12.01;5.88;569;246;246;12;234;43.23;4.88
83510;241604;3;Szkoła Podstawowa 42-425 Pradła ul. Batalionów Chłopskich 14;1256;202;202;4;198;16.08;1.98;1257;540;540;20;520;42.96;3.70
83511;241604;4;Szkoła Podstawowa Fundacji „Elementarz” z Oddziałem Przedszkolnym 42-425 Siamoszyce 7;768;121;121;2;119;15.76;1.65;772;340;340;9;331;44.04;2.65
83512;241604;5;Szkoła Podstawowa 42-425 Kroczyce ul. Kościuszki 29;1068;160;160;6;154;14.98;3.75;1087;493;493;13;480;45.35;2.64
83513;241605;1;Zespół Szkół Nr 1 42-450 Łazy ul. Szkolna 1;1722;394;394;12;382;22.88;3.05;1692;926;926;19;907;54.73;2.05
83514;241605;2;Dom Kultury „Kolejarz” 42-450 Łazy ul. Kościuszki 5;1613;360;360;17;343;22.32;4.72;1586;860;860;30;830;54.22;3.49
83515;241605;3;Szkoła Podstawowa Nr 3 42-450 Łazy ul. 19 Stycznia 14;920;198;198;4;194;21.52;2.02;903;491;491;22;469;54.37;4.48
83516;241605;4;Szkoła Podstawowa Nr 3 42-450 Łazy ul. 19 Stycznia 14;1556;330;330;12;318;21.21;3.64;1506;751;751;17;734;49.87;2.26
83517;241605;5;Szkoła Podstawowa 42-450 Grabowa ul. Szkolna 37;638;72;72;7;65;11.29;9.72;637;242;242;12;230;37.99;4.96
83518;241605;6;Zespół Szkół Nr 2 42-450 Niegowonice ul. Szkolna 11;2044;339;339;10;329;16.59;2.95;2077;1032;1032;35;997;49.69;3.39
83519;241605;7;Niepubliczna Szkoła Podstawowa 42-450 Rokitno Szlacheckie ul. Szkolna 2;990;197;197;3;194;19.90;1.52;994;492;492;13;479;49.50;2.64
83520;241605;8;Niepubliczna Szkoła Podstawowa 42-450 Ciągowice ul. Zwycięstwa 72;931;201;201;7;194;21.59;3.48;926;488;488;14;474;52.70;2.87
83521;241605;9;Szkoła Podstawowa 42-450 Wysoka ul. Adama Mickiewicza 8;1182;182;182;13;169;15.40;7.14;1173;505;505;15;490;43.05;2.97
83522;241605;10;Zespół Szkół Nr 3 42-450 Chruszczobród ul. Adama Mickiewicza 113;1662;300;300;9;291;18.05;3.00;1632;754;754;10;744;46.20;1.33
83523;241606;1;Miejsko-Gminny Ośrodek Kultury 42-440 Ogrodzieniec Plac Wolności 24;1565;355;355;6;349;22.68;1.69;1554;849;849;15;834;54.63;1.77
83524;241606;2;Zespół Szkolno-Przedszkolny 42-440 Ogrodzieniec ul. Kościuszki 67;1570;385;385;6;379;24.52;1.56;1559;833;833;14;819;53.43;1.68
83525;241606;3;Gimnazjum Publiczne 42-440 Ogrodzieniec ul. Osiedle Elizy Orzeszkowej 13;1261;239;239;3;236;18.95;1.26;1241;613;613;12;601;49.40;1.96
83526;241606;4;Szkoła Podstawowa 42-440 Ryczów ul. Armii Krajowej 26;1189;147;147;6;141;12.36;4.08;1172;482;482;15;467;41.13;3.11
83527;241606;5;Szkoła Podstawowa Fundacji Elementarz 42-440 Podzamcze ul. Szkolna 6;868;189;189;2;187;21.77;1.06;824;425;425;8;417;51.58;1.88
83528;241606;6;Szkoła Podstawowa 42-440 Giebło ul. Edukacyjna 6;1425;243;243;5;238;17.05;2.06;1419;748;748;22;726;52.71;2.94
83529;241607;1;Remiza OSP 42-439 Dobraków 48;628;160;160;2;158;25.48;1.25;636;319;319;2;317;50.16;0.63
83530;241607;2;Remiza OSP 42-436 Kidów ul. Szkolna 5;633;159;159;4;155;25.12;2.52;635;343;343;5;338;54.02;1.46
83531;241607;3;Szkoła Podstawowa 42-436 Pilica ul. 17 Stycznia 2a;2035;516;516;13;503;25.36;2.52;2041;1096;1096;17;1079;53.70;1.55
83532;241607;4;Przedszkole 42-436 Pilica ul. Senatorska 17;956;158;158;16;142;16.53;10.13;941;452;452;14;438;48.03;3.10
83533;241607;5;Szkoła Podstawowa 42-436 Dzwono-Sierbowice 2;891;143;143;3;140;16.05;2.10;876;413;413;7;406;47.15;1.69
83534;241607;6;Szkoła Podstawowa 42-436 Sławniów ul. Długa 9;1039;223;223;6;217;21.46;2.69;1028;501;501;8;493;48.74;1.60
83535;241607;7;Szkoła Podstawowa 42-436 Wierbka ul. Szkolna 3;1144;218;218;7;211;19.06;3.21;1153;584;584;15;569;50.65;2.57
83536;241608;1;Szkoła Podstawowa Nr 1 42-445 Szczekociny ul. Senatorska 22;839;176;176;6;170;20.98;3.41;822;392;392;9;383;47.69;2.30
83537;241608;2;Szkoła Podstawowa Nr 1 42-445 Szczekociny ul. Senatorska 22;626;107;107;13;94;17.09;12.15;610;248;248;13;235;40.66;5.24
83538;241608;3;Miejsko-Gminny Ośrodek Kutury i Sportu 42-445 Szczekociny ul. Krakowska 23;859;179;179;6;173;20.84;3.35;845;421;421;14;407;49.82;3.33
83539;241608;4;Społeczna Szkoła Podstawowa w Szczekocinach 42-445 Szczekociny ul. Śląska 86;922;188;188;1;187;20.39;0.53;905;506;506;11;495;55.91;2.17
83540;241608;5;Remiza OSP 42-445 Bonowice 83;411;58;58;3;55;14.11;5.17;405;172;172;4;168;42.47;2.33
83541;241608;6;Wiejskie Centrum Kultury 42-445 Starzyny 20;349;80;80;1;79;22.92;1.25;362;162;162;6;156;44.75;3.70
83542;241608;7;Remiza OSP 42-445 Przyłęk 27;238;59;59;5;54;24.79;8.47;226;99;99;6;93;43.81;6.06
83543;241608;8;Remiza OSP 42-445 Drużykowa 103;319;61;61;4;57;19.12;6.56;315;135;135;8;127;42.86;5.93
83544;241608;9;Zespół Szkół 42-445 Goleniowy ul. Kościuszki 20;644;153;153;9;144;23.76;5.88;635;334;334;9;325;52.60;2.69
83545;241608;10;Zespół Szkół 42-445 Rokitno 34;730;133;133;5;128;18.22;3.76;722;333;333;15;318;46.12;4.50
83546;241608;11;Zespół Szkół 42-445 Rokitno 34;350;89;89;2;87;25.43;2.25;345;168;168;4;164;48.70;2.38
83547;241608;12;Remiza OSP 42-445 Siedliska 19;499;65;65;4;61;13.03;6.15;495;207;207;8;199;41.82;3.86
83548;241609;1;Remiza OSP 42-421 Góra Włodowska ul. Strażacka 5;457;83;83;3;80;18.16;3.61;461;186;186;3;183;40.35;1.61
83549;241609;2;Szkoła Podstawowa 42-421 Rudniki ul. Szkolna 11;1364;217;217;7;210;15.91;3.23;1356;621;621;5;616;45.80;0.81
83550;241609;3;Szkoła Podstawowa 42-421 Włodowice ul. Krakowska 13;1466;278;278;15;263;18.96;5.40;1428;725;725;14;711;50.77;1.93
83551;241609;4;Filia Szkoły Podstawowej we Włodowicach 42-421 Zdów ul. Topolowa 1;692;52;52;7;45;7.51;13.46;680;252;252;12;240;37.06;4.76
83552;241609;5;Świetlica Wiejska 42-421 Rzędkowice ul. Wiejska 2;437;85;85;11;74;19.45;12.94;430;189;189;2;187;43.95;1.06
83553;241610;1;Dom Ludowy 42-439 Żarnowiec ul. Rynek 9;861;219;219;2;217;25.44;0.91;853;458;458;7;451;53.69;1.53
83554;241610;2;Szkoła Podstawowa 42-439 Chlina 135a;813;161;161;3;158;19.80;1.86;813;351;351;29;322;43.17;8.26
83555;241610;3;Szkoła Podstawowa 42-439 Wola Libertowska 26a;424;77;77;4;73;18.16;5.19;416;170;170;7;163;40.87;4.12
83556;241610;4;Szkoła Podstawowa 42-439 Otola 57;519;136;136;7;129;26.20;5.15;520;270;270;11;259;51.92;4.07
83557;241610;5;Szkoła Podstawowa 42-439 Małoszyce 84;263;61;61;7;54;23.19;11.48;258;114;114;5;109;44.19;4.39
83558;241610;6;Remiza Ochotniczej Straży Pożarnej 42-439 Łany Wielkie;633;110;110;3;107;17.38;2.73;636;298;298;6;292;46.86;2.01
83559;241610;7;Szkoła Podstawowa 42-439 Koryczany 106;336;60;60;2;58;17.86;3.33;337;176;176;4;172;52.23;2.27
83560;241701;1;Liceum Ogólnokształcące im. Kopernika 34-300 Żywiec ul. Słowackiego 2;1258;328;328;13;315;26.07;3.96;1217;615;615;6;609;50.53;0.98
83561;241701;2;Szkoła Podstawowa Nr 5 34-300 Żywiec ul. Powstańców Śląskich 4;1102;335;335;6;329;30.40;1.79;1087;631;631;11;620;58.05;1.74
83562;241701;3;Szkoła Podstawowa Nr 5 34-300 Żywiec ul. Powstańców Śląskich 4;1245;346;346;10;336;27.79;2.89;1214;682;682;13;669;56.18;1.91
83563;241701;4;Miejskie Centrum Kultury Klub „AKWARIUM” 34-300 Żywiec Os. 700-lecia 9B;1222;310;310;10;300;25.37;3.23;1178;662;662;13;649;56.20;1.96
83564;241701;5;Zespół Szkół Mechaniczno-Elektrycznych 34-300 Żywiec ul. KEN 3;1305;380;380;8;372;29.12;2.11;1246;727;727;17;710;58.35;2.34
83565;241701;6;Zespół Szkolno-Przedszkolny Nr 2 34-300 Żywiec ul. Niezapominajki 14;1131;230;230;12;218;20.34;5.22;1123;612;612;23;589;54.50;3.76
83566;241701;7;Zespół Szkolno-Przedszkolny Nr 1 34-300 Żywiec ul. Moszczanicka 26;1213;300;300;6;294;24.73;2.00;1215;692;692;11;681;56.95;1.59
83567;241701;8;Specjalny Ośrodek Szkolno Wychowawczy 34-300 Żywiec ul. Kopernika 77;1294;401;401;7;394;30.99;1.75;1277;760;760;8;752;59.51;1.05
83568;241701;9;Szkoła Podstawowa Nr 3 34-300 Żywiec ul. M. C. Skłodowskiej 2;1202;354;354;9;345;29.45;2.54;1181;645;645;7;638;54.61;1.09
83569;241701;10;Miejskie Centrum Kultury Klub Środowiskowy 34-300 Żywiec ul. Sporyska 39;1257;344;344;9;335;27.37;2.62;1265;735;735;24;711;58.10;3.27
83570;241701;11;Miejskie Centrum Kultury Klub „Śrubka” 34-300 Żywiec ul. Grunwaldzka 13;718;233;233;4;229;32.45;1.72;712;422;422;3;419;59.27;0.71
83571;241701;12;Klub Środowiskowy 34-300 Żywiec ul. Kocurowska 61;540;152;152;1;151;28.15;0.66;558;322;322;6;316;57.71;1.86
83572;241701;13;Przedszkole Nr 10 34-300 Żywiec ul. Browar Kolonia 44;1209;348;348;5;343;28.78;1.44;1171;648;648;13;635;55.34;2.01
83573;241701;14;Szkoła Podstawowa Nr 1 34-300 Żywiec ul. Ks. Pr. St. Słonki 14;1355;376;376;5;371;27.75;1.33;1334;730;730;14;716;54.72;1.92
83574;241701;15;Gimnazjum Nr 1 34-300 Żywiec ul. Dworcowa 26;1331;373;373;9;364;28.02;2.41;1318;707;707;15;692;53.64;2.12
83575;241701;16;Zespół Szkół Budowlano-Drzewnych 34-300 Żywiec ul. Szkolna 2;1348;377;377;14;363;27.97;3.71;1327;699;699;18;681;52.68;2.58
83576;241701;17;Szkoła Podstawowa Nr 9 34-300 Żywiec ul. Podlesie 63;1064;232;232;3;229;21.80;1.29;1053;507;507;10;497;48.15;1.97
83577;241701;18;Przedszkole Nr 9 34-300 Żywiec ul. Poniatowskiego 12;1200;321;321;7;314;26.75;2.18;1200;679;679;11;668;56.58;1.62
83578;241701;19;Samorządowa Szkoła Muzyczna II stopnia 34-300 Żywiec ul. Sienkiewicza 19;1174;289;289;4;285;24.62;1.38;1093;599;599;15;584;54.80;2.50
83579;241701;20;Przedszkole Nr 11 34-300 Żywiec Os. Parkowe 16;1143;301;301;9;292;26.33;2.99;1100;610;610;14;596;55.45;2.30
83580;241701;21;Gimnazjum Nr 2 34-300 Żywiec ul. Zielona 1;1220;392;392;13;379;32.13;3.32;1183;695;695;16;679;58.75;2.30
83581;241701;22;Przedszkole Nr 2 34-300 Żywiec ul. Słowicza 4;1213;354;354;10;344;29.18;2.82;1177;653;653;17;636;55.48;2.60
91357;241701;23;Szpital Powiatowy 34-300 Żywiec Sienkiewicza 52;59;34;34;3;31;57.63;8.82;82;57;57;1;56;69.51;1.75
83582;241702;1;Zespól Szkolno-Przedszkolny 34-311 Czernichów ul. Turystyczna 8;1501;407;407;18;389;27.12;4.42;1487;852;852;38;814;57.30;4.46
83583;241702;2;Zespół Szkół 34-312 Międzybrodzie Żywieckie ul. Beskidzka 27;1199;357;357;10;347;29.77;2.80;1203;711;711;17;694;59.10;2.39
83584;241702;3;Zespół Szkół 34-312 Międzybrodzie Bialskie ul. Bielska 2;1585;445;445;14;431;28.08;3.15;1586;936;936;28;908;59.02;2.99
83585;241702;4;Zespół Szkół Sala gimnastyczna 34-312 Międzybrodzie Bialskie ul. Bielska 2;941;233;233;5;228;24.76;2.15;938;552;552;9;543;58.85;1.63
83586;241702;5;Psychiatryczny Zakład Opiekuńczo-Leczniczy 34-312 Międzybrodzie Bialskie ul. Graniczna 7;129;35;35;4;31;27.13;11.43;119;56;56;2;54;47.06;3.57
83587;241703;1;Dom Ludowy w Rychwałdzie 34-322 Rychwałd ul. Beskidzka 41;1262;305;305;12;293;24.17;3.93;1282;679;679;10;669;52.96;1.47
83588;241703;2;Sala Narad Urzędu Gminy Gilowice 34-322 Gilowice ul. Krakowska 40;1644;515;515;22;493;31.33;4.27;1652;957;957;26;931;57.93;2.72
83589;241703;3;Gminny Ośrodek Kultury w Gilowicach 34-322 Gilowice ul. Krakowska 40;1889;573;573;25;548;30.33;4.36;1924;1086;1086;20;1066;56.44;1.84
83590;241704;1;Przedszkole w Krzyżowej 34-335 Krzyżowa ul. Jana Pawła II 228;1157;266;266;3;263;22.99;1.13;1137;565;565;21;544;49.69;3.72
83591;241704;2;Zespół Szkół Nr 5 w Korbielowie 34-335 Korbielów ul. Beskidzka 40;934;139;139;1;138;14.88;0.72;933;409;409;10;399;43.84;2.44
83592;241704;3;Zespół Szkół Nr 2 w Jeleśni 34-340 Jeleśnia ul. Żywiecka 17;1661;341;341;11;330;20.53;3.23;1628;828;828;28;800;50.86;3.38
83593;241704;4;Zespół Szkół Nr 1 w Jeleśni 34-340 Jeleśnia ul. Rynek 11;1631;366;366;10;356;22.44;2.73;1638;867;867;29;838;52.93;3.34
83594;241704;5;Zespół Szkół Nr 4 w Sopotni Wielkiej 34-340 Sopotnia Wielka 289;1338;272;272;10;262;20.33;3.68;1326;589;589;32;557;44.42;5.43
83595;241704;6;Zespół Szkół Nr 6 w Sopotni Małej 34-340 Sopotnia Mała 201;987;195;195;3;192;19.76;1.54;981;441;441;17;424;44.95;3.85
83596;241704;7;Środowiskowy Dom Samopomocy w Pewli Wielkiej 34-340 Pewel Wielka 485;1219;270;270;9;261;22.15;3.33;1210;618;618;26;592;51.07;4.21
83597;241704;8;Filia Niepublicznej Szkoły Podstawowej w Krzyżówkach 34-335 Krzyżówki 377;206;27;27;0;27;13.11;0.00;202;88;88;2;86;43.56;2.27
83598;241704;9;Szkoła Podstawowa w Mutnem 34-340 Mutne 59;369;80;80;4;76;21.68;5.00;375;199;199;7;192;53.07;3.52
83599;241704;10;Zespół Szkół Nr 7 w Przyborowie 34-340 Przyborów 187;1337;234;234;10;224;17.50;4.27;1336;666;666;37;629;49.85;5.56
83600;241704;11;Niepubliczna Szkoła Podstawowa w Koszarawie Bystrej 34-332 Koszarawa Bystra 74;86;26;26;2;24;30.23;7.69;85;45;45;2;43;52.94;4.44
83601;241705;1;Zespół Gimanazjalno-Przedszkolny w Koszarawie 34-332 Koszarawa 142;688;115;115;3;112;16.72;2.61;695;317;317;14;303;45.61;4.42
83602;241705;2;Zespół Gimnazjalno-Przedszkolny w Koszarawie 34-332 Koszarawa 142;660;127;127;16;111;19.24;12.60;674;326;326;5;321;48.37;1.53
83603;241705;3;Zespół Szkolno-Przedszkolny w Koszarawie 34-332 Koszarawa 434;516;143;143;7;136;27.71;4.90;523;258;258;14;244;49.33;5.43
83604;241705;4;Niepubliczna Szkoła Podstawowa Fundacji Królowej Świętej Jadwigi w Koszarawie Bystrej 34-332 Koszarawa 675;158;34;34;4;30;21.52;11.76;166;87;87;3;84;52.41;3.45
83605;241706;1;Szkoła Podstawowa 34-324 Lipowa 771;2137;502;502;19;483;23.49;3.78;2167;1145;1145;45;1100;52.84;3.93
83606;241706;2;Szkoła Podstawowa 34-324 Lipowa 771;1457;290;290;11;279;19.90;3.79;1483;746;746;40;706;50.30;5.36
83607;241706;3;Szkoła Podstawowa 34-300 Leśna 68;1718;396;396;16;380;23.05;4.04;1746;849;849;33;816;48.63;3.89
83608;241706;4;Szkoła Podstawowa 34-324 Twardorzeczka 333;1055;228;228;12;216;21.61;5.26;1095;596;596;14;582;54.43;2.35
83609;241706;5;Szkoła Podstawowa 34-300 Sienna 5;760;180;180;10;170;23.68;5.56;768;399;399;18;381;51.95;4.51
83610;241706;6;Szkoła Podstawowa 34-324 Słotwina 31;618;176;176;16;160;28.48;9.09;635;366;366;8;358;57.64;2.19
83611;241706;7;Remiza OSP 34-324 Ostre 137;384;105;105;3;102;27.34;2.86;378;189;189;4;185;50.00;2.12
83612;241707;1;Sala Sesyjna w Urzędzie Gminy 34-321 Łękawica ul. Wspólna 24;1781;438;438;20;418;24.59;4.57;1773;1004;1005;31;973;56.63;3.09
83613;241707;2;Szkoła Podstawowa w Kocierzu Moszczanickim 34-321 Kocierz Moszczanicki ul. Beskidzka 56;812;183;183;4;179;22.54;2.19;812;461;461;12;449;56.77;2.60
83614;241707;3;Budynek komunalny 34-321 Kocierz Rychwałdzki ul. Turystyczna 17;245;57;57;1;56;23.27;1.75;247;119;119;1;118;48.18;0.84
83615;241707;4;Szkoła Podstawowa w Okrajniku 34-321 Łękawica ul. Żywiecka 82;692;166;166;7;159;23.99;4.22;701;377;377;15;362;53.78;3.98
83616;241708;1;Zespół Szkół Ogólnokształcących 34-325 Łodygowice Piłsudskiego 121;2165;585;585;31;554;27.02;5.30;2168;1274;1274;35;1239;58.76;2.75
83617;241708;2;Zespół Szkół nr 1 w Łodygowicach 34-325 Łodygowice Okrężna 1;1433;407;407;16;391;28.40;3.93;1431;890;890;17;873;62.19;1.91
83618;241708;3;Zespół Szkół nr 1 w Łodygowicach 34-325 Łodygowice Okrężna 1;2104;554;554;19;535;26.33;3.43;2095;1191;1191;39;1152;56.85;3.27
83619;241708;4;Remiza OSP 34-325 Bierna Kopernika 34;802;169;169;7;162;21.07;4.14;808;397;397;12;385;49.13;3.02
83620;241708;5;Zespół Szkolno-Przedszkolny 34-326 Zarzecze Staszica 8;1071;301;301;15;286;28.10;4.98;1074;642;642;13;629;59.78;2.02
83621;241708;6;Zespół Szkół 34-326 Pietrzykowice Kościuszki 120;1625;374;374;14;360;23.02;3.74;1622;866;866;22;844;53.39;2.54
83622;241708;7;Remiza OSP 34-326 Pietrzykowice Jana Pawła II 91;1984;470;470;22;448;23.69;4.68;1983;1109;1109;28;1081;55.93;2.52
83623;241709;1;Szkoła Podstawowa 34-360 Milówka ul. Dworcowa 3;2009;457;457;15;442;22.75;3.28;2025;1125;1125;49;1076;55.56;4.36
83624;241709;2;Szkoła Podstawowa 34-360 Milówka ul. Dworcowa 3;1558;401;401;16;385;25.74;3.99;1581;895;895;29;866;56.61;3.24
83625;241709;3;Szkoła Podstawowa nr 2 w Kamesznicy 34-383 Kamesznica ul. Sportowa 382;1120;164;164;5;159;14.64;3.05;1104;535;535;32;503;48.46;5.98
83626;241709;4;Szkoła Podstawowa nr 1 w Kamesznicy 34-383 Kamesznica ul. Parkowa 70;1114;204;204;9;195;18.31;4.41;1120;583;583;21;562;52.05;3.60
83627;241709;5;Szkoła Podstawowa w Szarem 34-383 Szare 51;616;78;78;2;76;12.66;2.56;617;254;254;7;247;41.17;2.76
83628;241709;6;Szkoła Podstawowa w Nieledwi 34-360 Nieledwia ul. Górska 297;798;65;65;5;60;8.15;7.69;774;271;271;11;260;35.01;4.06
83629;241709;7;Szkoła Podstawowa w Lalikach 34-373 Laliki 365;810;122;122;3;119;15.06;2.46;798;328;328;11;317;41.10;3.35
83630;241710;1;Dom Wielofunkcyjny w Brzuśniku 34-382 Brzuśnik 233;856;213;213;6;207;24.88;2.82;860;461;461;6;455;53.60;1.30
83631;241710;2;Dom Ludowy w Bystrej 34-382 Bystra 13;751;174;174;8;166;23.17;4.60;758;405;405;11;394;53.43;2.72
83632;241710;3;Szkoła Podstawowa im. Franciszka Polaka w Juszczynie 34-382 Juszczyna 275;1375;378;378;17;361;27.49;4.50;1376;757;757;60;697;55.01;7.93
83633;241710;4;Dom Ludowy w Przybędzy 34-381 Przybędza 3 Maja 75;780;197;197;6;191;25.26;3.05;794;393;393;12;381;49.50;3.05
83634;241710;5;Strażnica OSP Radziechowy 34-381 Radziechowy Główna 23;1458;383;383;18;365;26.27;4.70;1472;767;767;19;748;52.11;2.48
83635;241710;6;Przedszkole (góra) w Radziechowach 34-381 Radziechowy Św. Marcina 740;2101;453;453;27;426;21.56;5.96;2113;1047;1047;31;1016;49.55;2.96
83636;241710;7;Salka katechetyczna na plebanii w Wieprzu 34-382 Bystra Kościelna 680;1420;306;306;10;296;21.55;3.27;1396;733;733;23;710;52.51;3.14
83637;241710;8;Szkoła Podstawowa im. Jana Klicha w Wieprzu 34-382 Wieprz Szkolna 800;1533;270;270;13;257;17.61;4.81;1570;744;744;21;723;47.39;2.82
83638;241711;1;Szkoła Podstawowa 34-370 Rajcza 54a;353;92;92;4;88;26.06;4.35;352;171;171;5;166;48.58;2.92
83639;241711;2;Szkoła Podstawowa 34-370 Rajcza Rynek 2;1748;298;298;9;289;17.05;3.02;1735;803;803;25;778;46.28;3.11
83640;241711;3;Szkoła Podstawowa 34-370 Rajcza Rynek 2;646;165;165;4;161;25.54;2.42;639;357;357;7;350;55.87;1.96
83641;241711;4;Szkoła Podstawowa 34-370 Rycerka Dolna 134b;1198;161;161;2;159;13.44;1.24;1174;517;517;15;502;44.04;2.90
83642;241711;5;Zespół Szkół 34-370 Rycerka Górna 183;1209;153;153;8;145;12.66;5.23;1194;518;518;19;499;43.38;3.67
83643;241711;6;Szkoła Podstawowa 34-370 Sól 111;1027;183;183;7;176;17.82;3.83;1010;466;466;8;458;46.14;1.72
83644;241711;7;Świetlica Środowiskowa 34-370 Sól-Kiczora 297;374;52;52;0;52;13.90;0.00;384;195;195;7;188;50.78;3.59
83645;241711;8;Zespół Szkół 34-373 Zwardoń 2b;721;99;99;4;95;13.73;4.04;702;273;273;14;259;38.89;5.13
91358;241711;9;Samodzielny Publiczny Zakład Opiekuńczo-Leczniczy w Rajczy 34-370 Rajcza Ujsolska 35;89;8;8;1;7;8.99;12.50;94;10;10;1;9;10.64;10.00
83646;241712;1;Gminny Ośrodek Kultury „Jemioła” 34-323 Ślemień ul. Krakowska 124;1658;445;445;19;426;26.84;4.27;1683;970;970;27;943;57.64;2.78
83647;241712;2;Remiza Ochotniczej Straży Pożarnej 34-323 Kocoń ul. Żywiecka 38;568;168;168;4;164;29.58;2.38;559;313;313;14;299;55.99;4.47
83648;241712;3;Filia Szkoły Podstawowej 34-323 Las ul. Zakopiańska 59;637;151;151;4;147;23.70;2.65;653;358;358;10;348;54.82;2.79
83649;241713;1;Urząd Gminy 34-331 Świnna ul. Wspólna 13;1601;373;373;10;363;23.30;2.68;1590;865;865;38;827;54.40;4.39
83650;241713;2;Zespół Szkolno-Przedszkolny im. Jerzego Kukuczki 34-331 Pewel Mała ul. Jana Pawła II 15;1198;265;265;10;255;22.12;3.77;1204;674;674;21;653;55.98;3.12
83651;241713;3;Zespół Szkolno-Przedszkolny im. ks. Bronisława Markiewicza 34-331 Pewel Ślemieńska ul. Krakowska 169;1233;260;260;13;247;21.09;5.00;1246;639;639;34;605;51.28;5.32
83652;241713;4;Zespół Szkolno-Przedszkolny im. Janusza Korczaka 34-300 Trzebinia ul. Beskidzka 158;1400;316;316;9;307;22.57;2.85;1382;747;747;32;715;54.05;4.28
83653;241713;5;REMIZA OSP W RYCHWAŁDKU 34-331 Rychwałdek ul. Szkolna 19;668;149;149;7;142;22.31;4.70;683;366;366;7;359;53.59;1.91
83654;241713;6;REMIZA OSP W PRZYŁĘKOWIE 34-331 Przyłęków ul. Wspólna 36;334;68;68;4;64;20.36;5.88;326;150;150;7;143;46.01;4.67
83655;241714;1;Szkoła Podstawowa 34-371 Złatna 95;627;109;109;8;101;17.38;7.34;621;267;267;13;254;43.00;4.87
83656;241714;2;Szkoła Podstawowa 34-371 Glinka 68;709;98;98;6;92;13.82;6.12;684;289;289;25;264;42.25;8.65
83657;241714;3;Szkoła Podstawowa 34-371 Soblówka 191;533;117;117;5;112;21.95;4.27;531;253;253;12;241;47.65;4.74
83658;241714;4;Gimnazjum 34-371 Ujsoły ul. Ks. Prałata Józefa Piotrowskiego 6;991;140;140;6;134;14.13;4.29;995;435;435;12;423;43.72;2.76
83659;241714;5;Gimnazjum 34-371 Ujsoły ul. Ks. Prałata Józefa Piotrowskiego 6;925;221;221;7;214;23.89;3.17;919;452;452;12;440;49.18;2.65
83660;241715;1;Zespół Szkół Publicznych 34-350 Cisiec ul. Szkolna 6;1268;296;296;12;284;23.34;4.05;1267;696;696;25;671;54.93;3.59
83661;241715;2;Zespół Szkół Publicznych 34-350 Cisiec ul. Szkolna 6;1381;389;389;12;377;28.17;3.08;1367;798;798;22;776;58.38;2.76
83662;241715;3;Szkoła Podstawowa 34-350 Węgierska Górka ul. Zielona 41;1751;488;488;19;469;27.87;3.89;1722;1002;1002;31;971;58.19;3.09
83663;241715;4;OSP Węgierska Górka 34-350 Węgierska Górka ul. Kościuszki 19 lokal: A;1633;420;420;9;411;25.72;2.14;1668;936;936;14;922;56.12;1.50
83664;241715;5;Szkoła Podstawowa 34-350 Żabnica ul. Szkolna 6;892;159;159;4;155;17.83;2.52;906;426;426;8;418;47.02;1.88
83665;241715;6;Szkoła Podstawowa 34-350 Żabnica ul. Szkolna 6;1581;292;292;19;273;18.47;6.51;1586;800;800;32;768;50.44;4.00
83666;241715;7;Szkoła Podstawowa Nr 1 34-350 Cięcina ul. Świetej Katarzyny 20;1778;452;452;25;427;25.42;5.53;1776;1035;1035;33;1002;58.28;3.19
83667;241715;8;Szkoła Podstawowa Nr 1 34-350 Cięcina ul. Świętej Katarzyny 20;1668;416;416;23;393;24.94;5.53;1669;912;912;31;881;54.64;3.40
83668;246101;1;Gimnazjum Nr 14 43-300 Bielsko-Biała ul. Mazańcowicka 34;1925;620;620;5;615;32.21;0.81;1909;1138;1138;14;1124;59.61;1.23
83669;246101;2;„AQUA” S.A. Oczyszczalnia Ścieków 43-300 Bielsko-Biała ul. Bestwińska 63;2139;610;610;10;600;28.52;1.64;2203;1364;1364;17;1347;61.92;1.25
83670;246101;3;Przedszkole Nr 40 43-300 Bielsko-Biała ul. Komorowicka 338;2182;595;595;21;574;27.27;3.53;2173;1261;1261;28;1233;58.03;2.22
83671;246101;4;Szkoła Podstawowa Nr 29 43-300 Bielsko-Biała ul. Czereśniowa 20;2152;657;657;14;643;30.53;2.13;2137;1338;1338;15;1323;62.61;1.12
83672;246101;5;OSP 43-300 Bielsko-Biała ul. Janowicka 9;2280;707;707;15;692;31.01;2.12;2329;1408;1408;24;1384;60.46;1.70
83673;246101;6;Szkoła Podstawowa Nr 28 43-300 Bielsko-Biała ul. Wyzwolenia 343;2165;658;658;10;648;30.39;1.52;2197;1325;1325;24;1301;60.31;1.81
83674;246101;7;Gimnazjum Nr 6 43-300 Bielsko-Biała ul. Witosa 96;2241;632;632;13;619;28.20;2.06;2225;1231;1231;16;1215;55.33;1.30
83675;246101;8;Przedszkole Nr 5 43-300 Bielsko-Biała ul. Montażowa 5;2285;687;687;16;671;30.07;2.33;2227;1308;1308;31;1277;58.73;2.37
83676;246101;9;Zespół Szkół Budowlanych 43-300 Bielsko-Biała ul. Budowlanych 4;1948;511;511;9;502;26.23;1.76;1877;938;938;15;923;49.97;1.60
83677;246101;10;Liceum Ogólnokształcące im. M. Kopernika 43-300 Bielsko-Biała ul. Listopadowa 70;1808;576;576;11;565;31.86;1.91;1723;976;976;12;964;56.65;1.23
83678;246101;11;Zespół Szkół Podstwowo-Gimnazjalny Nr 1 43-300 Bielsko-Biała ul. Norwida 30;1774;487;487;15;472;27.45;3.08;1733;981;981;16;965;56.61;1.63
83679;246101;12;Przedszkole Nr 4 43-300 Bielsko-Biała ul. Kazimierza Wielkiego 12;1694;492;492;10;482;29.04;2.03;1673;917;917;17;900;54.81;1.85
83680;246101;13;Zespół Szkół Podstawowo-Gimnazjalnych Nr 1 43-300 Bielsko-Biała ul. Norwida 30;1931;548;548;13;535;28.38;2.37;1860;1110;1110;19;1091;59.68;1.71
83681;246101;14;Sala Gimnastyczna Zespołu Szkół im. J. Tuwima 43-300 Bielsko-Biała ul. Jaskrowa 13;2192;478;478;13;465;21.81;2.72;2121;1013;1013;17;996;47.76;1.68
83682;246101;15;Siedziba Rady Osiedla ''Wapienica'' 43-300 Bielsko-Biała ul. Cieszyńska 388;2246;640;640;9;631;28.50;1.41;2242;1320;1320;22;1298;58.88;1.67
83683;246101;16;Szkoła Podstawowa Nr 32 43-300 Bielsko-Biała ul. Cieszyńska 393;2041;629;629;12;617;30.82;1.91;2008;1204;1204;19;1185;59.96;1.58
83684;246101;17;Biuro Nadleśnictwa 43-300 Bielsko-Biała ul. Kopytko 13;2242;753;753;15;738;33.59;1.99;2269;1441;1441;22;1419;63.51;1.53
83685;246101;18;NZOZ Przychodnia Lekarska ''IKAR” sp. z o.o. 43-300 Bielsko-Biała ul. Ikara 6;1367;452;452;8;444;33.07;1.77;1326;808;808;8;800;60.94;0.99
83686;246101;19;Siedziba Rady Osiedla ''Polskich Skrzydeł” 43-300 Bielsko-Biała ul. Trzech Diamentów 7;1362;436;436;4;432;32.01;0.92;1316;825;825;9;816;62.69;1.09
83687;246101;20;Szkoła Podstawowa Nr 1 43-300 Bielsko-Biała ul. Dywizji Kościuszkowskiej 2;2111;643;643;23;620;30.46;3.58;2024;1197;1197;12;1185;59.14;1.00
83688;246101;21;Szkoła Podstawowa Nr 1 43-300 Bielsko-Biała ul. Dywizji Kościuszkowskiej 2;2311;676;676;23;653;29.25;3.40;2246;1322;1322;21;1301;58.86;1.59
83689;246101;22;Szkoła Podstawowa Nr 6 43-300 Bielsko-Biała ul. Brodzińskiego 3;1978;508;508;16;492;25.68;3.15;1926;1010;1010;17;993;52.44;1.68
83690;246101;23;Gimnazjum Nr 13 43-300 Bielsko-Biała ul. Bratków 6;2141;766;766;24;742;35.78;3.13;2118;1269;1269;23;1246;59.92;1.81
83691;246101;24;Środowiskowe Centrum Pomocy Klub Samopomocy 43-300 Bielsko-Biała ul. Piastowska 86;1979;653;653;19;634;33.00;2.91;1898;1114;1114;21;1093;58.69;1.89
83692;246101;25;Gimnazjum Nr 16 43-300 Bielsko-Biała ul. Asnyka 30;1394;477;477;6;471;34.22;1.26;1336;805;805;8;797;60.25;0.99
83693;246101;26;Siedziba Rady Osiedla „Stare Bielsko” 43-300 Bielsko-Biała ul. Sobieskiego 307A;1657;585;585;11;574;35.30;1.88;1670;1088;1088;20;1068;65.15;1.84
83694;246101;27;Szkoła Podstawowa Nr 31 43-300 Bielsko-Biała ul. Zapłocie Duże 1;1840;594;594;5;589;32.28;0.84;1850;1168;1168;13;1155;63.14;1.11
83695;246101;28;Zespół Szkół Samochodowych i Ogólnokształcących 43-300 Bielsko-Biała ul. Filarowa 52;1662;540;540;9;531;32.49;1.67;1656;1048;1048;11;1037;63.29;1.05
83696;246101;29;Zespół Szkół Ekonomicznych im. M. Kaleckiego 43-300 Bielsko-Biała ul. Komorowicka 27;1220;219;219;6;213;17.95;2.74;1182;532;532;13;519;45.01;2.44
83697;246101;30;NZOZ Przychodnia „Trójka” S.C. 43-300 Bielsko-Biała ul. Staszica 1;1651;372;372;14;358;22.53;3.76;1615;692;692;23;669;42.85;3.32
83698;246101;31;Gimnazjum Nr 11 43-300 Bielsko-Biała ul. Plater 3;2080;722;722;9;713;34.71;1.25;1998;1195;1195;18;1177;59.81;1.51
83699;246101;32;Zespół Szkół Gastronomicznych i Handlowych 43-300 Bielsko-Biała ul. Wyspiańskiego 5;2014;630;630;16;614;31.28;2.54;1927;1064;1064;16;1048;55.22;1.50
83700;246101;33;Zespół Szkół Gastronomicznych i Handlowych 43-300 Bielsko-Biała ul. Sobieskiego 15;1912;527;527;9;518;27.56;1.71;1842;921;936;0;921;50.00;0.00
83701;246101;34;Zespół Szkół Elektronicznych, Elektrycznych i Mechanicznych im. J. Śniadeckiego 43-300 Bielsko-Biała ul. Słowackiego 24;2033;446;446;7;439;21.94;1.57;1959;894;894;21;873;45.64;2.35
83702;246101;35;Dom Kultury „Włókniarzy” 43-300 Bielsko-Biała ul. 1 Maja 12;1764;557;557;14;543;31.58;2.51;1704;979;979;17;962;57.45;1.74
83703;246101;36;Urząd Miejski w Bielsku-Białej 43-300 Bielsko-Biała ul. Plac Ratuszowy 6;2203;797;797;18;779;36.18;2.26;2124;1319;1319;20;1299;62.10;1.52
83704;246101;37;Zespół Szkół Ogrodniczych 43-300 Bielsko-Biała ul. Akademii Umiejętności 1;1726;551;551;9;542;31.92;1.63;1683;976;976;15;961;57.99;1.54
83705;246101;38;Środowiskowe Centrum Pomocy Klub Samopomocy 43-300 Bielsko-Biała ul. Milusińskich 6;1876;583;583;26;557;31.08;4.46;1825;1055;1055;17;1038;57.81;1.61
83706;246101;39;Szkoła Podstawowa Nr 27 43-300 Bielsko-Biała ul. Kossak-Szczuckiej 19;1798;639;639;9;630;35.54;1.41;1774;1147;1147;16;1131;64.66;1.39
83707;246101;40;Szkoła Podstawowa Nr 27 43-300 Bielsko-Biała ul. Kossak-Szczuckiej 19;1790;509;509;11;498;28.44;2.16;1731;976;976;7;969;56.38;0.72
83708;246101;41;Zespół Szkół Technicznych i Handlowych 43-300 Bielsko-Biała ul. Lompy 11;1682;467;467;6;461;27.76;1.28;1644;866;866;1;865;52.68;0.12
83709;246101;42;Przedszkole Nr 38 43-300 Bielsko-Biała ul. Grażyny 19;2101;616;616;15;601;29.32;2.44;2053;1102;1102;19;1083;53.68;1.72
83710;246101;43;Powiatowy Urząd Pracy 43-300 Bielsko-Biała ul. Partyzantów 55;1906;524;524;9;515;27.49;1.72;1836;934;934;12;922;50.87;1.28
83711;246101;44;Bielska Szkoła Rzemiosł 43-300 Bielsko-Biała ul. Gorkiego 7;1810;624;624;13;611;34.48;2.08;1750;1054;1054;10;1044;60.23;0.95
83712;246101;45;Szkoła Podsatawowa Nr 20 43-300 Bielsko-Biała ul. Lenartowicza 17;1646;643;643;13;630;39.06;2.02;1607;986;986;21;965;61.36;2.13
83713;246101;46;Przedszkole Integracyjne Nr 2 43-300 Bielsko-Biała ul. Łagodna 16;1667;583;583;10;573;34.97;1.72;1600;1004;1004;12;992;62.75;1.20
83714;246101;47;Szkola Podstawowa Nr 33 43-300 Bielsko-Biała ul. Łagodna 26;1771;604;604;15;589;34.11;2.48;1724;1088;1088;12;1076;63.11;1.10
83715;246101;48;Przedszkole Nr 50 43-300 Bielsko-Biała ul. Łagodna 27a;1844;621;621;6;615;33.68;0.97;1756;1078;1078;16;1062;61.39;1.48
83716;246101;49;Zespół Szkół Ogólnokształcących 43-300 Bielsko-Biała ul. Jutrzenki 13;1653;507;507;1;506;30.67;0.20;1606;988;988;14;974;61.52;1.42
83717;246101;50;Zespół Szkół Ogólnokształcących 43-300 Bielsko-Biała ul. Jutrzenki 13;2248;751;751;6;745;33.41;0.80;2196;1450;1450;8;1442;66.03;0.55
83718;246101;51;Szkoła Podstawowa Nr 13 43-300 Bielsko-Biała ul. Lipnicka 226;1389;462;462;8;454;33.26;1.73;1406;892;892;6;886;63.44;0.67
83719;246101;52;Miejski Dom Kultury 43-300 Bielsko-Biała ul. Podgórna 29;1451;443;443;12;431;30.53;2.71;1444;863;863;15;848;59.76;1.74
83720;246101;53;Miejski Dom Kultury 43-300 Bielsko-Biała ul. Podgórna 29;2003;873;873;15;858;43.58;1.72;2005;1416;1416;24;1392;70.62;1.69
83721;246101;54;Sala Widowiskowa GE Power Controls Sp. z o.o. 43-300 Bielsko-Biała ul. Leszczyńska 6;1587;530;530;10;520;33.40;1.89;1551;891;891;11;880;57.45;1.23
83722;246101;55;Gimnazjum Nr 1 43-300 Bielsko-Biała ul. Straconki 25;1777;629;629;11;618;35.40;1.75;1707;1043;1043;8;1035;61.10;0.77
83723;246101;56;Przedszkole Nr 6 43-300 Bielsko-Biała ul. Góralska 4;1757;632;632;6;626;35.97;0.95;1732;1083;1083;7;1076;62.53;0.65
83724;246101;57;Miejski Dom Kultury 43-300 Bielsko-Biała ul. Żywiecka 302;2298;855;855;18;837;37.21;2.11;2280;1405;1405;14;1391;61.62;1.00
83725;246101;58;Szkoła Podstawowa Nr 26 43-300 Bielsko-Biała ul. Złoty Potok 7;1856;706;706;12;694;38.04;1.70;1864;1259;1259;20;1239;67.54;1.59
83726;246101;59;Szkoła Podstawowa Nr 26 43-300 Bielsko-Biała ul. Złoty Potok 7;872;299;299;5;294;34.29;1.67;869;552;552;5;547;63.52;0.91
83727;246101;60;Siedziba Rady Osiedla Aleksandrowice 43-300 Bielsko-Biała ul. Wrzosowa 20;1505;571;571;5;566;37.94;0.88;1476;951;951;3;948;64.43;0.32
83728;246101;61;Zespół Szkół Ogólnokształcących im. Armii Krajowej 43-300 Bielsko-Biała ul. Sternicza 4;2129;714;714;5;709;33.54;0.70;2178;1353;1353;12;1341;62.12;0.89
83729;246101;62;Przedszkole Nr 55 43-300 Bielsko-Biała ul. Sternicza 4;2048;664;664;13;651;32.42;1.96;2006;1227;1227;22;1205;61.17;1.79
83730;246101;63;Środowiskowe Centrum Pomocy Dom Dziennego Pobytu 43-300 Bielsko-Biała ul. Sternicza 8a;2248;708;708;22;686;31.49;3.11;2204;1251;1251;38;1213;56.76;3.04
83731;246101;64;Szkoła Podstawowa Nr 37 43-300 Bielsko-Biała ul. Doliny Miętusiej 5;2244;809;809;15;794;36.05;1.85;2194;1405;1405;21;1384;64.04;1.49
83732;246101;65;Szkoła Podstawowa Nr 37 43-300 Bielsko-Biała ul. Doliny Miętusiej 5;2023;692;692;18;674;34.21;2.60;1973;1243;1243;7;1236;63.00;0.56
83733;246101;66;Szkoła Podstawowa Nr 37 43-300 Bielsko-Biała ul. Doliny Miętusiej 5;1995;708;708;8;700;35.49;1.13;1941;1198;1198;12;1186;61.72;1.00
83734;246101;67;Szkoła Podstawowa Nr 37 43-300 Bielsko-Biała ul. Doliny Miętusiej 5;2033;641;641;5;636;31.53;0.78;1970;1231;1231;7;1224;62.49;0.57
83735;246101;68;Siedziba Rady Osiedla „Kamienica” 43-300 Bielsko-Biała ul. Karpacka 119;2215;816;816;15;801;36.84;1.84;1472;971;971;4;967;65.96;0.41
83736;246101;69;DOMENA Spółka z o.o. 43-300 Bielsko-Biała ul. Generała Kustronia 39;2360;915;915;17;898;38.77;1.86;1666;1025;1025;5;1020;61.52;0.49
83737;246101;70;Dom Kultury „Mikuszowice Śląskie” 43-300 Bielsko-Biała ul. Olszówka 20;2071;758;758;11;747;36.60;1.45;1501;1043;1043;7;1036;69.49;0.67
83738;246101;71;Szkoła Podstawowa Nr 25 43-300 Bielsko-Biała ul. Pocztowa 28a;2044;706;706;12;694;34.54;1.70;2107;1264;1264;9;1255;59.99;0.71
83739;246101;72;Akademia Techniczno-Humanistyczna 43-300 Bielsko-Biała ul. Willowa 2 Budynek B-27;1918;686;686;11;675;35.77;1.60;2038;1229;1229;11;1218;60.30;0.90
91359;246101;73;” Dom Pomocy Społecznej dla Osób Starszych” 43-300 Bielsko-Biała Żywiecka 15;51;40;40;5;35;78.43;12.50;1915;1180;1180;16;1164;61.62;1.36
91360;246101;74;„Areszt Śledczy” 43-300 Bielsko-Biała Słowackiego 15a;219;100;100;16;84;45.66;16.00;52;45;45;2;43;86.54;4.44
91361;246101;75;Beskidzkie Centrum Onkologii im.Jana Pawła II Szpital Miejski” 43-300 Bielsko-Biała Wyspiańskiego 21;136;7;7;1;6;5.15;14.29;197;120;120;7;113;60.91;5.83
91362;246101;76;„Beskidzkie Centrum Onkologii im.Jana Pawła II Szpital Miejski” 43-300 Bielsko-Biała Wyzwolenia 18;99;45;45;1;44;45.45;2.22;162;71;71;3;68;43.83;4.23
91363;246101;77;„Beskidzkie Centrum Onkologii im.Jana Pawła II Szpital Miejski” 43-300 Bielsko-Biała E.Plater 17;70;5;5;0;5;7.14;0.00;92;55;55;3;52;59.78;5.45
91364;246101;78;„Szpital Wojewódzki” 43-300 Bielsko-Biała Armii Krajowej 101;317;78;78;3;75;24.61;3.85;59;14;14;0;14;23.73;0.00
91365;246101;79;„Dom Nauczyciela” 43-300 Bielsko-Biała Pocztowa 14a;86;60;60;0;60;69.77;0.00;444;234;234;10;224;52.70;4.27
83740;246201;1;Szkoła Podstawowa Nr 33 41-923 Bytom ul. Matki Ewy 9;2093;422;422;14;408;20.16;3.32;2057;982;982;14;968;47.74;1.43
83741;246201;2;Szkoła Podstawowa Nr 33 41-923 Bytom ul. Matki Ewy 9;2344;376;376;9;367;16.04;2.39;2300;1011;1011;29;982;43.96;2.87
83742;246201;3;Szkoła Podstawowa Nr 33 41-923 Bytom ul. Matki Ewy 9;1985;296;296;14;282;14.91;4.73;1965;702;702;18;684;35.73;2.56
83743;246201;4;Szkoła Podstawowa Nr 54 41-923 Bytom ul. Reptowska 86;2161;533;533;10;523;24.66;1.88;2120;1170;1170;14;1156;55.19;1.20
83744;246201;5;Szkoła Podstawowa Nr 54 41-923 Bytom ul. Reptowska 86;2295;447;447;8;439;19.48;1.79;2276;1165;1165;26;1139;51.19;2.23
83745;246201;6;Dom Pomocy Społecznej „KOMBATANT” 41-923 Bytom ul. Stolarzowicka 33;2211;617;617;12;605;27.91;1.94;2189;1305;1305;19;1286;59.62;1.46
83746;246201;7;Zespół Szkół Ogólnokształcących Nr 5 41-923 Bytom ul. Nickla 19;2042;405;405;10;395;19.83;2.47;1995;1006;1006;14;992;50.43;1.39
83747;246201;8;Zespół Szkół Ogólnokształcących Nr 5 41-923 Bytom ul. Nickla 19;2132;550;550;11;539;25.80;2.00;2055;1188;1188;20;1168;57.81;1.68
83748;246201;9;Zespół Szkół Ogólnokształcących Nr 5 41-923 Bytom ul. Nickla 19;1748;435;435;11;424;24.89;2.53;1685;970;970;7;963;57.57;0.72
83749;246201;10;Szkoła Podstawowa Nr 21 41-906 Bytom ul. Racławicka 17;1453;108;108;13;95;7.43;12.04;1297;287;287;29;258;22.13;10.10
83750;246201;11;Młodzieżowy Dom Kultury Nr 2 41-906 Bytom ul. Popiełuszki 9;1748;340;340;19;321;19.45;5.59;1687;769;769;22;747;45.58;2.86
83751;246201;12;Gimnazjum Nr 8 41-906 Bytom ul. Worpie 14-16;2000;379;379;15;364;18.95;3.96;1934;936;936;19;917;48.40;2.03
83752;246201;13;Szkoła Podstawowa Nr 16 41-906 Bytom ul. Rataja 3;1571;150;150;0;150;9.55;0.00;1520;461;461;16;445;30.33;3.47
83753;246201;14;Zespół Szkół Specjalnych Nr 3 41-905 Bytom ul. Konstytucji 20-22;1871;91;91;8;83;4.86;8.79;1838;303;303;25;278;16.49;8.25
83754;246201;15;Szkoła Podstawowa Nr 44 41-907 Bytom ul. Grota-Roweckiego 6;2036;306;306;7;299;15.03;2.29;1985;791;791;24;767;39.85;3.03
83755;246201;16;Szkoła Podstawowa Nr 44 41-907 Bytom ul. Grota-Roweckiego 6;2194;468;468;13;455;21.33;2.78;2149;1055;1055;20;1035;49.09;1.90
83756;246201;17;Szkoła Podstawowa Nr 44 41-907 Bytom ul. Grota-Roweckiego 6;1941;354;354;8;346;18.24;2.26;1929;1001;1001;20;981;51.89;2.00
83757;246201;18;Zespół Szkół Technicznych i Ogólnokształcących 41-907 Bytom ul. Modrzewskiego 5;1922;290;290;6;284;15.09;2.07;1890;709;709;17;692;37.51;2.40
83758;246201;19;Szkoła Podstawowa Nr 45 41-907 Bytom ul. Zakątek 20;2116;429;429;6;423;20.27;1.40;2082;1033;1033;23;1010;49.62;2.23
83759;246201;20;Szkoła Podstawowa Nr 45 41-907 Bytom ul. Zakątek 20;1843;323;323;11;312;17.53;3.41;1808;802;802;14;788;44.36;1.75
83760;246201;21;Gimnazjum Nr 7 41-907 Bytom ul. Karpacka 27;1931;450;450;12;438;23.30;2.67;1868;998;998;6;992;53.43;0.60
83761;246201;22;Gimnazjum Nr 7 41-907 Bytom ul. Karpacka 27;2129;486;486;17;469;22.83;3.50;2072;1090;1090;21;1069;52.61;1.93
83762;246201;23;Zespół Ogólnokształcących Szkół Społecznych 41-907 Bytom ul. Skrajna 14a;2259;514;514;12;502;22.75;2.33;2265;1142;1142;20;1122;50.42;1.75
83763;246201;24;Gimnazjum Nr 9 41-909 Bytom ul. Świętochłowicka 12;2231;365;365;4;361;16.36;1.10;2170;875;875;26;849;40.32;2.97
83764;246201;25;Szkoła Podstawowa Nr 28 41-909 Bytom ul. Armii Krajowej 40;2211;334;334;9;325;15.11;2.69;2145;821;821;36;785;38.28;4.38
83765;246201;26;Szkoła Podstawowa Nr 28 41-909 Bytom ul. Armii Krajowej 40;2216;532;532;14;518;24.01;2.63;2164;1159;1159;20;1139;53.56;1.73
83766;246201;27;Ochotnicza Straż Pożarna w Górnikach 41-936 Bytom ul. Żołnierska 41;806;124;124;4;120;15.38;3.23;804;319;319;5;314;39.68;1.57
83767;246201;28;Szkoła Podstawowa Nr 43 41-936 Bytom ul. Suchogórska 98;1284;260;260;3;257;20.25;1.15;1272;557;557;16;541;43.79;2.87
83768;246201;29;Placówka Opiekuńczo-Wychowawcza „Szansa dla Dziecka” 41-936 Bytom Plac Jana 13;1452;318;318;15;303;21.90;4.72;1457;712;712;13;699;48.87;1.83
83769;246201;30;Szkoła Podstawowa Nr 38 41-935 Bytom ul. Korczaka 1;1373;346;346;7;339;25.20;2.02;1365;758;758;11;747;55.53;1.45
83770;246201;31;Szkoła Podstawowa Nr 38 41-935 Bytom ul. Korczaka 1;1213;319;319;7;312;26.30;2.19;1200;680;680;14;666;56.67;2.06
83771;246201;32;Gimanazjum Nr 11 41-933 Bytom ul. Tysiąclecia 7;2028;391;391;8;383;19.28;2.05;2002;1014;1014;21;993;50.65;2.07
83772;246201;33;Gimnazjum Nr 11 41-933 Bytom ul. Tysiąclecia 7;2024;362;362;14;348;17.89;3.87;0;0;0;0;0;NA;NA
83773;246201;34;Szkoła Podstawowa Nr 23 41-933 Bytom ul. Wojciechowskiego 6;2113;367;367;14;353;17.37;3.81;2081;965;965;23;942;46.37;2.38
83774;246201;35;Szkoła Podstawowa Nr 37 41-933 Bytom ul. Narutowicza 9;1996;355;355;9;346;17.79;2.54;1954;887;887;26;861;45.39;2.93
83775;246201;36;Szkoła Podstawowa Nr 37 41-933 Bytom ul. Narutowicza 9;2072;269;269;5;264;12.98;1.86;1999;832;832;22;810;41.62;2.64
83776;246201;37;Zespół Szkół Ogólnokształcących Nr 11 41-933 Bytom ul. Szymały 124;2213;504;504;18;486;22.77;3.57;2136;1222;1222;25;1197;57.21;2.05
83777;246201;38;Zespół Szkół Ogólnokształcących Nr 11 41-933 Bytom ul. Szymały 124;2006;466;466;18;448;23.23;3.86;1932;1105;1105;12;1093;57.19;1.09
83778;246201;39;Zespół Szkół Ogólnokształcących Nr 11 41-933 Bytom ul. Szymały 124;1847;432;432;7;425;23.39;1.62;1766;955;955;15;940;54.08;1.57
83779;246201;40;Spółdzielnia Mieszkaniowa „Nasz Dom” 41-933 Bytom ul. Szymały 126;1635;216;216;3;213;13.21;1.39;1586;649;649;22;627;40.92;3.39
83780;246201;41;Państwowe Szkoły Budownictwa - Zespół Szkół 41-902 Bytom ul. Powstańców Śląskich 10;2214;408;408;17;391;18.43;4.17;2199;979;979;21;958;44.52;2.15
83781;246201;42;Zespół Szkół Ogólnokształcących Nr 3 41-902 Bytom ul. Powstańców Śląskich 2;2112;481;481;5;476;22.77;1.04;2057;960;960;35;925;46.67;3.65
83782;246201;43;Zespół Szkół Specjalnych Nr 6 41-902 Bytom ul. Orląt Lwowskich 12b;2017;444;444;12;432;22.01;2.70;1957;943;943;27;916;48.19;2.86
83783;246201;44;Szkoła Podstawowa Nr 46 41-902 Bytom ul. Prusa 10;1863;393;393;5;388;21.10;1.27;1839;813;813;20;793;44.21;2.46
83784;246201;45;Szkoła Podstawowa Nr 46 41-902 Bytom ul. Prusa 10;1907;435;435;7;428;22.81;1.61;1848;800;800;16;784;43.29;2.00
83785;246201;46;Zespół Szkół Gastronomiczno-Hotelarskich 41-902 Bytom ul. Żeromskiego 26;1346;257;257;9;248;19.09;3.50;1314;589;589;13;576;44.82;2.21
83786;246201;47;Szkoła Podstawowa Nr 9 41-902 Bytom ul. Matejki 15;1895;402;402;10;392;21.21;2.49;1826;864;864;18;846;47.32;2.08
83787;246201;48;Szkoła Podstawowa Nr 9 41-902 Bytom ul. Matejki 15;1925;318;318;11;307;16.52;3.46;1829;688;688;18;670;37.62;2.62
83788;246201;49;Szkoła Podstawowa Nr 6 41-902 Bytom ul. Królowej Jadwigi 2;1595;265;265;17;248;16.61;6.42;1583;589;589;13;576;37.21;2.21
83789;246201;50;Szkoła Podstawowa Nr 6 41-902 Bytom ul. Królowej Jadwigi 2;1656;212;212;4;208;12.80;1.89;1628;533;533;21;512;32.74;3.94
83790;246201;51;Gimnazjum Nr 2 41-902 Bytom Plac Klasztorny 2;1441;200;200;5;195;13.88;2.50;1416;456;456;9;447;32.20;1.97
83791;246201;52;Gimnazjum Nr 2 41-902 Bytom Plac Klasztorny 2;1463;253;253;11;242;17.29;4.35;1448;566;566;14;552;39.09;2.47
83792;246201;53;Przedszkole Miejskie Nr 14 41-902 Bytom ul. Prokopa 3;1833;408;408;18;390;22.26;4.41;1790;935;935;27;908;52.23;2.89
83793;246201;54;Kolegium Nauczycielskie 41-902 Bytom ul. Chorzowska 22;1889;376;376;11;365;19.90;2.93;1859;883;883;16;867;47.50;1.81
83794;246201;55;Zespół Szkół Ogólnokształcących Nr 1 41-902 Bytom ul. Arki Bożka 21;1852;513;513;14;499;27.70;2.73;1795;1063;1063;16;1047;59.22;1.51
83795;246201;56;Szkoła Podstawowa Nr 51 z Oddziałami Integracyjnymi 41-902 Bytom ul. Łużycka 12a;2231;572;572;19;553;25.64;3.32;2169;1204;1204;16;1188;55.51;1.33
83796;246201;57;Szkoła Podstawowa Nr 51 z Oddziałami Integracyjnymi 41-902 Bytom ul. Łużycka 12a;2215;464;464;15;449;20.95;3.23;2144;1223;1223;17;1206;57.04;1.39
83797;246201;58;Urząd Skarbowy 41-902 Bytom ul. Wrocławska 92;2366;532;532;8;524;22.49;1.50;2288;1154;1154;23;1131;50.44;1.99
83798;246201;59;Zespół Szkół Ogólnokształcących Nr 7 41-902 Bytom ul. Siemiradzkiego 9;1996;384;384;5;379;19.24;1.30;1931;855;855;27;828;44.28;3.16
83799;246201;60;Zespół Szkół Ogólnokształcących Nr 7 41-902 Bytom ul. Siemiradzkiego 9;1846;368;368;19;349;19.93;5.16;1784;790;790;25;765;44.28;3.16
83800;246201;61;Zespół Szkół Ogólnokształcących Nr 7 41-902 Bytom ul. Siemiradzkiego 9;1938;478;478;19;459;24.66;3.97;1888;1004;1004;12;992;53.18;1.20
83801;246201;62;Szkoła Podstawowa Nr 5 41-902 Bytom Aleja Legionów 6;1767;324;324;5;319;18.34;1.54;1729;764;764;12;752;44.19;1.57
83802;246201;63;Szkoła Podstawowa Nr 5 41-902 Bytom Aleja Legionów 6;1945;285;285;11;274;14.65;3.86;1886;661;661;23;638;35.05;3.48
83803;246201;64;Gimnazjum Nr 1 z Oddziałami Integracyjnymi 41-902 Bytom ul. Tarnogórska 2;1663;335;335;18;317;20.14;5.37;1637;793;793;10;783;48.44;1.26
83804;246201;65;I Liceum Ogólnokształcące 41-902 Bytom ul. Strzelców Bytomskich 11;1760;348;348;7;341;19.77;2.01;1702;693;693;28;665;40.72;4.04
83805;246201;66;Zakład Budynków Miejskich Sp. z o.o. 41-902 Bytom ul. Kolejowa 2a;1905;472;472;21;451;24.78;4.45;1852;941;941;12;929;50.81;1.28
83806;246201;67;Ogólnokształcąca Szkoła Muzyczna 41-902 Bytom ul. Moniuszki 17;1861;394;394;26;368;21.17;6.60;1832;793;793;30;763;43.29;3.78
83807;246201;68;IV Liceum Ogólnokształcące 41-902 Bytom Plac Sikorskiego 1;1073;219;219;2;217;20.41;0.91;1027;450;450;11;439;43.82;2.44
83808;246201;69;Szkoła Podstawowa Nr 3 41-902 Bytom ul. Strażacka 2;1501;301;301;12;289;20.05;3.99;1456;606;606;15;591;41.62;2.48
91366;246201;70;Dom Pomocy Społecznej Ewangelicki Dom Opieki „Ostoja Pokoju” 41-923 Bytom ul. Matki Ewy 1;79;31;31;0;31;39.24;0.00;79;34;34;2;32;43.04;5.88
91367;246201;71;Miejski Ośrodek Opiekuńczy 41-923 Bytom Plac Szpitalny 1;60;23;23;0;23;38.33;0.00;62;5;5;1;4;8.06;20.00
91368;246201;72;Dom Pomocy Społecznej Stowarzyszenia „Pomocna Dłoń” Dom Seniora „Dolomity” 41-935 Bytom ul. Strzelców Bytomskich 450;109;30;30;7;23;27.52;23.33;102;35;35;6;29;34.31;17.14
91369;246201;73;Centrum Pomocy pw. Ducha Świętego w Bytomiu 41-902 Bytom ul. Krakowska 30;74;46;46;0;46;62.16;0.00;69;37;37;1;36;53.62;2.70
91370;246201;74;Szpital Specjalistyczny nr 1 41-902 Bytom ul. Żeromskiego 7;146;28;28;2;26;19.18;7.14;115;49;49;2;47;42.61;4.08
91371;246201;75;Szpital Specjalstyczny nr 1 (budynek Aleja Legionów 49) 41-902 Bytom ul. Zeromskiego 7;121;18;18;2;16;14.88;11.11;99;21;21;0;21;21.21;0.00
91372;246201;76;Szpital Specjalistyczny nr 2 41-902 Bytom ul. Batorego 15;223;51;51;2;49;22.87;3.92;207;99;99;5;94;47.83;5.05
91373;246201;77;Wojewódzki Szpital Specjalistyczny nr 4 41-902 Bytom Aleja Legionów 10;324;63;63;8;55;19.44;12.70;257;97;97;8;89;37.74;8.25
91374;246201;78;Areszt Śledczy 41-902 Bytom ul. Wrocławska 4;292;92;92;13;79;31.51;14.13;229;111;111;12;99;48.47;10.81
91375;246201;79;Dom Pomocy Społecznej dla Dorosłych 41-902 Bytom ul. Dworcowa 7;104;56;56;7;49;53.85;12.50;100;51;51;4;47;51.00;7.84
91376;246201;80;Zakład Opiekuńczo-Leczniczy dla Przewlekle Chorych Zgromadzenia Służebnic N.S.J. 41-902 Bytom ul. Piekarska 59;68;13;13;0;13;19.12;0.00;66;26;26;0;26;39.39;0.00
83809;246301;1;Szkoła Podstawowa Nr 25 41-503 Chorzów ul. Główna 21;1810;377;377;20;357;20.83;5.31;1796;841;841;15;826;46.83;1.78
83810;246301;2;Szkoła Podstawowa Nr 24 41-503 Chorzów ul. 17 Sierpnia 1;961;207;207;1;206;21.54;0.48;949;433;433;15;418;45.63;3.46
83811;246301;3;Zespół Szkół Ogólnokształcących Nr 2 41-503 Chorzów ul. Harcerska 2;2044;425;425;10;415;20.79;2.35;2026;950;950;13;937;46.89;1.37
83812;246301;4;Szkoła Podstawowa Nr 29 41-500 Chorzów ul. Lwowska 36;1738;470;470;21;449;27.04;4.47;1720;879;879;12;867;51.10;1.37
83813;246301;5;Gimnazjum Nr 5 41-500 Chorzów ul. 11 Listopada 21;1536;243;243;8;235;15.82;3.29;1503;552;552;18;534;36.73;3.26
83814;246301;6;Gimnazjum Nr 5 41-500 Chorzów ul. 11 Listopada 21;1577;416;416;11;405;26.38;2.64;1581;888;888;12;876;56.17;1.35
83815;246301;7;Gimnazjum Nr 5 41-500 Chorzów ul. 11 Listopada 21;1665;360;360;10;350;21.62;2.78;1600;785;785;24;761;49.06;3.06
83816;246301;8;Szkoła Podstawowa Nr 17 41-500 Chorzów ul. Łagiewnicka 18;1423;197;197;9;188;13.84;4.57;1429;507;507;20;487;35.48;3.94
83817;246301;9;Szkoła Podstawowa Nr 17 41-500 Chorzów ul. Łagiewnicka 18;1586;479;479;8;471;30.20;1.67;1580;940;941;11;929;59.49;1.17
83818;246301;10;Szkoła Podstawowa Nr 17 41-500 Chorzów ul. Łagiewnicka 18;1466;419;419;11;408;28.58;2.63;1452;794;794;22;772;54.68;2.77
83819;246301;11;Zespół Szkół Technicznych i Ogólnokształcących Nr 4 41-500 Chorzów ul. Św. Piotra 1;1915;327;327;14;313;17.08;4.28;1892;748;748;35;713;39.53;4.68
83820;246301;12;Zespół Szkół Nr 3 41-500 Chorzów ul. 3 Maja 16;1760;281;281;14;267;15.97;4.98;1702;622;622;17;605;36.55;2.73
83821;246301;13;Zespół Szkół Nr 3 41-500 Chorzów ul. 3 Maja 16;1995;434;434;14;420;21.75;3.23;1914;891;891;20;871;46.55;2.24
83822;246301;14;Szkoła Podstawowa Nr 15 41-500 Chorzów ul. 3 Maja 78;1850;393;393;9;384;21.24;2.29;1771;868;868;18;850;49.01;2.07
83823;246301;15;Gimnazjum Nr 4 41-500 Chorzów ul. Śląska 3;2115;497;497;19;478;23.50;3.82;2067;1024;1024;39;985;49.54;3.81
83824;246301;16;Gimnazjum Nr 4 41-500 Chorzów ul. Śląska 3;1918;513;513;12;501;26.75;2.34;1870;1043;1043;23;1020;55.78;2.21
83825;246301;17;Gimnazjum Nr 4 41-500 Chorzów ul. Śląska 3;2072;636;636;12;624;30.69;1.89;2041;1211;1211;20;1191;59.33;1.65
83826;246301;18;Szkoła Podstawowa Nr 13 41-500 Chorzów ul. Dr Wincentego Styczyńskiego 32;2038;369;369;18;351;18.11;4.88;2002;840;840;21;819;41.96;2.50
83827;246301;19;Szkoła Podstawowa Nr 13 41-500 Chorzów ul. Dr Wincentego Styczyńskiego 32;2024;498;498;17;481;24.60;3.41;1962;992;992;20;972;50.56;2.02
83828;246301;20;Gimnazjum Nr 1 41-500 Chorzów ul. gen. H. Dąbrowskiego 53;1516;364;364;8;356;24.01;2.20;1475;752;752;10;742;50.98;1.33
83829;246301;21;Szkoła Podstawowa Nr 1 41-500 Chorzów ul. gen. Henryka Dąbrowskiego 41;967;190;190;7;183;19.65;3.68;938;337;337;13;324;35.93;3.86
83830;246301;22;Szkoła Podstawowa Nr 1 41-500 Chorzów ul. gen. Henryka Dąbrowskiego 41;1421;442;442;5;437;31.10;1.13;1377;833;833;17;816;60.49;2.04
83831;246301;23;Zespól Szkól Technicznych Nr 2 41-500 Chorzów ul. Powstańców 6a;1335;198;198;3;195;14.83;1.52;1265;437;437;10;427;34.55;2.29
83832;246301;24;Zespół Szkół Technicznych Nr 2 41-500 Chorzów ul. Powstańców 6a;1120;222;222;9;213;19.82;4.05;1059;468;468;6;462;44.19;1.28
83833;246301;25;Zespół Szkół Technicznych Nr 2 41-500 Chorzów ul. Powstańców 6a;1118;256;256;4;252;22.90;1.56;1079;549;549;5;544;50.88;0.91
83834;246301;26;Zespół Szkół Ekonomicznych im. Oskara Langego 41-500 Chorzów ul. Ludwika Urbanowicza 2;1663;432;432;9;423;25.98;2.08;1621;853;853;18;835;52.62;2.11
83835;246301;27;Zespół Szkół Ekonomicznych im. Oskara Langego 41-500 Chorzów ul. Ludwika Urbanowicza 2;1928;653;653;17;636;33.87;2.60;1897;1145;1145;20;1125;60.36;1.75
83836;246301;28;Zespół Szkół Gastronomiczno-Usługowych 41-500 Chorzów ul. Katowicka 64;1852;392;392;12;380;21.17;3.06;1793;841;841;18;823;46.90;2.14
83837;246301;29;Szkoła Podstawowa Nr 29 41-500 Chorzów ul. Lwowska 36;1789;500;500;15;485;27.95;3.00;1763;946;946;21;925;53.66;2.22
83838;246301;30;Zespół Szkół Sportowych Nr 1 41-500 Chorzów ul. Ryszki 55;1651;484;484;10;474;29.32;2.07;1614;899;899;7;892;55.70;0.78
83839;246301;31;Zespół Szkół Sportowych Nr 1 41-500 Chorzów ul. Ryszki 55;1668;586;586;8;578;35.13;1.37;1668;1070;1070;14;1056;64.15;1.31
83840;246301;32;Klub Młodzieżowy Ch.S.M. 41-500 Chorzów ul. Młodzieżowa 29;1535;614;614;14;600;40.00;2.28;1509;1027;1027;13;1014;68.06;1.27
83841;246301;33;Klub Młodzieżowy Ch. S.M 41-500 Chorzów ul. Młodzieżowa 29;1464;481;481;14;467;32.86;2.91;1427;810;810;11;799;56.76;1.36
83842;246301;34;Zespół Szkół Technicznych I Ogólnokształcących Nr 1 41-500 Chorzów ul. Sportowa 23;1550;412;412;11;401;26.58;2.67;1540;905;905;5;900;58.77;0.55
83843;246301;35;Zespół Szkół Sportowych Nr 2 41-500 Chorzów ul. Wolności 133;1807;391;391;13;378;21.64;3.32;1765;720;720;19;701;40.79;2.64
83844;246301;36;Zespół Szkół Sportowych Nr 2 41-500 Chorzów ul. Wolności 133;1751;338;338;12;326;19.30;3.55;1761;751;751;9;742;42.65;1.20
83845;246301;37;Chorzowskie Centrum Wspierania Organizacji Pozarządowych 41-500 Chorzów ul. Powstańców 70 lokal: 3;1445;360;360;10;350;24.91;2.78;1432;751;751;7;744;52.44;0.93
83846;246301;38;Chorzowskie Centrum Wspierania Organizacji Pozarządowych 41-500 Chorzów ul. Powstańców 70 lokal: 3;1310;218;218;3;215;16.64;1.38;1279;480;480;10;470;37.53;2.08
83847;246301;39;Szkoła Podstawowa Nr 37 41-506 Chorzów ul. Ratuszowa 20;1476;291;291;10;281;19.72;3.44;1444;670;670;25;645;46.40;3.73
83848;246301;40;Szkoła Podstawowa Nr 37 41-506 Chorzów ul. Ratuszowa 20;1520;229;229;7;222;15.07;3.06;1506;491;491;12;479;32.60;2.44
83849;246301;41;Szkoła Podstawowa Nr 37 41-506 Chorzów ul. Ratuszowa 20;1677;489;489;4;485;29.16;0.82;1638;967;967;6;961;59.04;0.62
83850;246301;42;Zespól Szkół Nr 2 im. J.Brzechwy 41-506 Chorzów ul. Dyrekcyjna 3;1678;316;316;11;305;18.83;3.48;1627;643;643;5;638;39.52;0.78
83851;246301;43;Szkoła Podstawowa Nr 34 41-506 Chorzów ul. Kaliny 55;1326;167;167;7;160;12.59;4.19;1297;451;451;12;439;34.77;2.66
83852;246301;44;Szkoła Podstawowa Nr 34 41-506 Chorzów ul. Kaliny 55;1438;345;345;11;334;23.99;3.19;1402;762;762;19;743;54.35;2.49
83853;246301;45;Szkoła Podstawowa Nr 32 41-506 Chorzów ul. Kaliny 61;1623;438;438;11;427;26.99;2.51;1585;871;871;8;863;54.95;0.92
83854;246301;46;Akademicki Zespól Szkół Ogólnokształcących Nr 2 41-506 Chorzów ul. Farna 5-7;1283;342;342;8;334;26.66;2.34;1264;664;664;11;653;52.53;1.66
83855;246301;47;Akademicki Zespól Szkół Ogólnokształcących Nr 2 41-506 Chorzów ul. Farna 5-7;1337;314;314;9;305;23.49;2.87;1295;651;651;10;641;50.27;1.54
83856;246301;48;Gimnazjum Nr 8 41-506 Chorzów ul. ks.J.Czempiela 52;1462;413;413;13;400;28.25;3.15;1418;808;808;20;788;56.98;2.48
83857;246301;49;Gimnazjum Nr 8 41-506 Chorzów ul. ks.J.Czempiela 52;1338;368;368;11;357;27.50;2.99;1306;733;733;11;722;56.13;1.50
83858;246301;50;Przedszkole Nr 16 Integracyjne 41-506 Chorzów ul. Brzozowa 9;1892;575;575;13;562;30.39;2.26;1862;1136;1136;14;1122;61.01;1.23
83859;246301;51;Szkoła Podstawowa Nr 12 z Oddziałami Integracyjnymi 41-506 Chorzów ul. Skrajna 2;1789;465;465;10;455;25.99;2.15;1766;952;952;21;931;53.91;2.21
83860;246301;52;Szkoła Podstawowa Nr 12 z Oddziałami Integracyjnymi 41-506 Chorzów ul. Skrajna 2;1702;323;323;13;310;18.98;4.02;1692;764;764;17;747;45.15;2.23
83861;246301;53;Szkoła Podstawowa Nr 12 z Oddziałami Integracyjnymi 41-506 Chorzów ul. Skrajna 2;1703;351;351;8;343;20.61;2.28;1655;773;773;19;754;46.71;2.46
91377;246301;54;Polski Związek Niewidomych DPS im Kazimierza Jaworka 41-500 Chorzów ul. Siemianowicka 101;139;57;57;6;51;41.01;10.53;137;53;53;5;48;38.69;9.43
91378;246301;55;DPS św. Wincentego prowadzony przez zgromadzenia Sióstr Miłosierdzia św. Wincentego a Paulo 41-500 Chorzów ul. Powstańców 45;63;17;17;0;17;26.98;0.00;64;26;26;0;26;40.62;0.00
91379;246301;56;DPS „Nadzieja” 41-500 Chorzów ul. Wandy 64;54;28;28;0;28;51.85;0.00;57;48;48;1;47;84.21;2.08
91380;246301;57;Samodzielny Publiczny Zakład Opieki Zdrowotnej Zespól Szpitali Miejskich 41-500 Chorzów ul. Karola Miarki 40;63;17;17;0;17;26.98;0.00;67;23;23;1;22;34.33;4.35
91381;246301;58;Samodzielny Publiczny Zakład Opieki Zdrowotnej Zespół Szpitali Miejskich 41-500 Chorzów ul. Strzelców Bytomskich 11;157;48;48;2;46;30.57;4.17;209;105;105;4;101;50.24;3.81
91382;246301;59;Szpital Specjalistyczny 41-500 Chorzów ul. Zjednoczenia 10;110;22;22;1;21;20.00;4.55;102;34;34;5;29;33.33;14.71
91383;246301;60;„AMICUS” sp. z o.o. Zakład Pielęgnacyjno-Opiekuńczy NZOZ 41-500 Chorzów ul. Szpitalna 25;62;4;4;0;4;6.45;0.00;62;23;23;6;17;37.10;26.09
91384;246301;61;Ośrodek św. Florian Caritas Archidiecezji Katowickiej 41-500 Chorzów ul. Harcerska 3;45;37;37;0;37;82.22;0.00;47;44;44;7;37;93.62;15.91
83862;246401;1;Zespół Szkół Zawodowych Specjalnych 42-202 Częstochowa ul. Krótka 22;1132;142;142;10;132;12.54;7.04;1083;347;347;8;339;32.04;2.31
83863;246401;2;Zespół Szkół Zawodowych Specjalnych 42-202 Częstochowa ul. Krótka 22;1232;199;199;2;197;16.15;1.01;1184;471;471;9;462;39.78;1.91
83864;246401;3;Zespół Szkół im. Jana Kochanowskiego 42-202 Częstochowa ul. Warszawska 142;532;76;76;1;75;14.29;1.32;514;193;193;5;188;37.55;2.59
83865;246401;4;Szkoła Podstawowa nr 12 42-202 Częstochowa ul. Warszawska 27/31;939;178;178;6;172;18.96;3.37;922;426;426;6;420;46.20;1.41
83866;246401;5;Szkoła Podstawowa nr 12 42-202 Częstochowa ul. Warszawska 27/31;1279;203;203;11;192;15.87;5.42;1181;487;487;11;476;41.24;2.26
83867;246401;6;Zespół Gimnazjów 42-202 Częstochowa ul. Krakowska 29;1482;219;219;7;212;14.78;3.20;1420;507;507;17;490;35.70;3.35
83868;246401;7;V LO im. A. Mickiewicza 42-202 Częstochowa ul. Krakowska 29;1500;215;215;9;206;14.33;4.19;1472;513;513;9;504;34.85;1.75
83869;246401;8;Szkoła Podstawowa nr 35 42-202 Częstochowa ul. Ogrodowa 50/64;1042;173;173;5;168;16.60;2.89;949;320;320;2;318;33.72;0.62
83870;246401;9;I LO im. J. Słowackiego 42-202 Częstochowa al. Kościuszki 8;1302;339;339;9;330;26.04;2.65;1254;632;632;9;623;50.40;1.42
83871;246401;10;IX L.O. im. C.K. Norwida 42-202 Częstochowa ul. Jasnogórska 8;1418;471;471;13;458;33.22;2.76;1370;793;793;18;775;57.88;2.27
83872;246401;11;Zespół Szkół Muzycznych 42-202 Częstochowa ul. Jasnogórska 17;1135;348;348;5;343;30.66;1.44;1081;595;595;5;590;55.04;0.84
83873;246401;12;Techniczne Zakłady Naukowe 42-217 Częstochowa ul. Jasnogórska 84/90;983;391;391;19;372;39.78;4.86;936;555;555;2;553;59.29;0.36
83874;246401;13;IV LO im. H. Sienkiewicza 42-217 Częstochowa Aleja Najświętszej Maryi Panny 56;738;245;245;3;242;33.20;1.22;714;414;414;7;407;57.98;1.69
83875;246401;14;Urząd Miasta Częstochowy 42-217 Częstochowa ul. Waszyngtona 5;1225;257;257;3;254;20.98;1.17;1184;554;554;6;548;46.79;1.08
83876;246401;15;Szkola Podstawowa nr 14 42-217 Częstochowa ul. Waszyngtona 62;1503;401;401;3;398;26.68;0.75;1451;736;736;4;732;50.72;0.54
83877;246401;16;Szkoła Podstawowa nr 39 42-217 Częstochowa ul. Kopernika 79/87;1378;383;383;5;378;27.79;1.31;1355;766;766;10;756;56.53;1.31
83878;246401;17;VII LO im. M. Kopernika 42-217 Częstochowa ul. Nowowiejskiego 18;1694;442;442;15;427;26.09;3.39;1662;884;884;12;872;53.19;1.36
83879;246401;18;Świetlica Oddz. Eksploatacji ZGM TBS sp. z o.o. 42-217 Częstochowa ul. Nowowiejskiego 26;1016;297;297;4;293;29.23;1.35;973;557;557;8;549;57.25;1.44
83880;246401;19;Gimnazjum nr 9 42-217 Częstochowa ul. Jana III Sobieskiego 15;1645;438;438;10;428;26.63;2.28;1578;833;833;12;821;52.79;1.44
83881;246401;20;Gimnazjum nr 9 42-217 Częstochowa ul. Jana III Sobieskiego 15;1992;550;550;13;537;27.61;2.36;1947;1107;1107;23;1084;56.86;2.08
83882;246401;21;Szkoła Podstawowa nr 33 42-217 Częstochowa ul. Goszczyńskiego 9/11;1553;423;423;10;413;27.24;2.36;1515;854;854;11;843;56.37;1.29
83883;246401;22;Szkoła Podstawowa nr 33 42-217 Częstochowa ul. Goszczyńskiego 9/11;1677;375;375;11;364;22.36;2.93;1654;847;847;10;837;51.21;1.18
83884;246401;23;Miejskie Przedszkole nr 35 42-202 Częstochowa ul. 1 Maja 5/7;2105;503;503;7;496;23.90;1.39;2035;1084;1084;27;1057;53.27;2.49
83885;246401;24;Zespół Szkół Gastronomicznych 42-202 Częstochowa al. Worcella 1;781;266;266;5;261;34.06;1.88;785;499;499;6;493;63.57;1.20
83886;246401;25;Zespół Szkół Gastronomicznych 42-202 Częstochowa ul. Worcella 1;1475;426;426;15;411;28.88;3.52;1420;805;805;10;795;56.69;1.24
83887;246401;26;Gimnazjum nr 5 42-202 Częstochowa ul. Worcella 20/22;1267;426;426;10;416;33.62;2.35;1208;741;741;8;733;61.34;1.08
83888;246401;27;Szkoła Podstawowa nr 1 42-202 Częstochowa ul. Księżycowa 6;1199;359;359;5;354;29.94;1.39;1170;658;658;9;649;56.24;1.37
83889;246401;28;Miejskie Przedszkole nr 11 42-215 Częstochowa ul. Kurpińskiego-Ponurego 6;1609;451;462;9;442;28.03;2.00;1595;953;953;7;946;59.75;0.73
83890;246401;29;Szkoła Podstawowa nr 42 42-215 Częstochowa Aleja Armii Krajowej 68a;1232;323;323;6;317;26.22;1.86;1216;659;659;4;655;54.19;0.61
83891;246401;30;Szkoła Podstawowa nr 42 42-215 Częstochowa Aleja Armii Krajowej 68a;1091;294;294;11;283;26.95;3.74;1050;570;570;13;557;54.29;2.28
83892;246401;31;Szkoła Podstawowa nr 42 42-215 Częstochowa Aleja Armii Krajowej 68a;1500;402;402;8;394;26.80;1.99;1455;793;793;9;784;54.50;1.13
83893;246401;32;Klub Spółdzielczy Cz.S.M. „Nasza Praca” 42-215 Częstochowa Aleja Armii Krajowej 66B;1449;464;464;19;445;32.02;4.09;1420;853;853;8;845;60.07;0.94
83894;246401;33;II LO im. R. Traugutta 42-218 Częstochowa ul. Kilińskiego 62;702;239;239;4;235;34.05;1.67;728;436;436;6;430;59.89;1.38
83895;246401;34;Gimnazjum nr 12 42-218 Częstochowa ul. Okólna 31/39;1858;680;680;7;673;36.60;1.03;1820;1172;1172;12;1160;64.40;1.02
83896;246401;35;Gimnazjum nr 12 42-218 Częstochowa ul. Okólna 31/39;1792;651;651;5;646;36.33;0.77;1747;1179;1179;1;1178;67.49;0.08
83897;246401;36;Miejskie Przedszkole nr 12 42-218 Częstochowa ul. Broniewskiego 18;1769;514;514;9;505;29.06;1.75;1681;973;973;12;961;57.88;1.23
83898;246401;37;Miejskie Przedszkole nr 42 42-218 Częstochowa ul. Polskiego Czerwonego Krzyża 16;1868;589;590;24;565;31.53;4.07;1808;1121;1121;13;1108;62.00;1.16
83899;246401;38;Szkoła Podstawowa nr 31 42-218 Częstochowa ul. Polskiego Czerwonego Krzyża 18;2080;649;649;29;620;31.20;4.47;2025;1251;1251;23;1228;61.78;1.84
83900;246401;39;Szkoła Podstawowa nr 31 42-218 Częstochowa ul. Polskiego czerwonego Krzyża 18;2310;842;842;13;829;36.45;1.54;2258;1445;1445;18;1427;63.99;1.25
83901;246401;40;Szkoła Podstawowa nr 30 42-215 Częstochowa ul. Ludowa 58;1522;421;421;2;419;27.66;0.48;1511;932;932;8;924;61.68;0.86
83902;246401;41;Szkoła Podstawowa nr 30 42-215 Częstochowa ul. Ludowa 58;868;260;260;2;258;29.95;0.77;868;552;552;10;542;63.59;1.81
83903;246401;42;Szkoła Podstawowa nr 38 42-200 Częstochowa ul. Sikorskiego 56;1934;564;564;5;559;29.16;0.89;1884;1166;1166;15;1151;61.89;1.29
83904;246401;43;Szkoła Podstawowa nr 38 42-200 Częstochowa ul. Sikorskiego 56;1535;558;558;3;555;36.35;0.54;1550;1083;1083;6;1077;69.87;0.55
83905;246401;44;Miejskie Przedszkole nr 38 42-218 Częstochowa ul. Okulickiego 63;1807;525;525;14;511;29.05;2.67;1745;1080;1080;5;1075;61.89;0.46
83906;246401;45;Zespół Szkół Technicznych 42-200 Częstochowa Aleja Jana Pawła II 126/130;1796;524;524;6;518;29.18;1.15;1723;981;981;7;974;56.94;0.71
83907;246401;46;Szkoła Podstawowa nr 2 42-224 Częstochowa ul. Baczyńskiego 2a;2054;559;559;10;549;27.22;1.79;1985;1178;1178;5;1173;59.35;0.42
83908;246401;47;Gimnazjum nr 2 42-224 Częstochowa ul. Baczyńskiego 2a;1704;410;410;5;405;24.06;1.22;1690;980;980;10;970;57.99;1.02
83909;246401;48;Gimnazjum nr 2 42-224 Częstochowa ul. Baczyńskiego 2a;1881;545;545;7;538;28.97;1.28;1862;1104;1104;15;1089;59.29;1.36
83910;246401;49;Gimnazjum nr 3 42-224 Częstochowa ul. Schillera 5;1874;512;512;5;507;27.32;0.98;1784;1084;1084;13;1071;60.76;1.20
83911;246401;50;Gimnazjum nr 3 42-224 Częstochowa ul. Schillera 5;1784;453;453;17;436;25.39;3.75;1722;982;982;12;970;57.03;1.22
83912;246401;51;Szkoła Podstawowa nr 48 42-224 Częstochowa ul. Schillera 5;1011;287;287;8;279;28.39;2.79;984;569;569;9;560;57.83;1.58
83913;246401;52;Szkoła Podstawowa nr 48 42-224 Częstochowa ul. Schillera 5;1778;526;526;10;516;29.58;1.90;1724;1025;1025;9;1016;59.45;0.88
83914;246401;53;Spółdzielnia Mieszkaniowa „Segment” 42-224 Częstochowa ul. Kutrzeby 32;455;185;185;8;177;40.66;4.32;432;294;294;1;293;68.06;0.34
83915;246401;54;Miejskie Przedszkole nr 16 42-224 Częstochowa ul. Starzyńskiego 9;1874;491;491;12;479;26.20;2.44;1805;1055;1055;15;1040;58.45;1.42
83916;246401;55;Szkoła Podstawowa nr 50 42-224 Częstochowa ul. Starzyńskiego 10;1761;422;422;7;415;23.96;1.66;1666;912;912;10;902;54.74;1.10
83917;246401;56;Szkoła Podstawowa nr 50 42-224 Częstochowa ul. Starzyńskiego 10;1853;648;648;12;636;34.97;1.85;1863;1228;1228;7;1221;65.92;0.57
83918;246401;57;Gimnazjum nr 1 42-224 Częstochowa ul. Starzyńskiego 10;1618;366;366;10;356;22.62;2.73;1576;887;887;8;879;56.28;0.90
83919;246401;58;Gimnazjum nr 1 42-224 Częstochowa ul. Starzyńskiego 10;1605;423;423;10;413;26.36;2.36;1553;900;900;9;891;57.95;1.00
83920;246401;59;Zespół Szkół nr 1 42-224 Częstochowa ul. Kukuczki 30;1464;390;390;8;382;26.64;2.05;1402;858;858;5;853;61.20;0.58
83921;246401;60;VIII LO Samorządowe 42-224 Częstochowa ul. Kukuczki 30;1117;353;353;10;343;31.60;2.83;1059;646;646;2;644;61.00;0.31
83922;246401;61;Zespół Szkolno-Przedszkolny 42-209 Częstochowa ul. Połaniecka 50;948;162;162;2;160;17.09;1.23;951;448;448;7;441;47.11;1.56
83923;246401;62;Wojewódzki Inspektorat Ochrony Środowiska 42-209 Częstochowa ul. Rząsawska 24/28;848;141;141;3;138;16.63;2.13;777;364;364;3;361;46.85;0.82
83924;246401;63;Szkoła Podstawowa nr 25 42-209 Częstochowa ul. Rędzińska 23;1268;253;253;8;245;19.95;3.16;1251;696;696;10;686;55.64;1.44
83925;246401;64;Dom Pomocy Społecznej 42-209 Częstochowa ul. Kontkiewicza 2;1222;276;276;6;270;22.59;2.17;1215;701;701;11;690;57.70;1.57
83926;246401;65;Szkoła Podstawowa nr 24 42-209 Częstochowa ul. Hubermana 7;1258;281;281;2;279;22.34;0.71;1264;749;749;8;741;59.26;1.07
83927;246401;66;Gimnazjum nr 20 42-209 Częstochowa ul. Hubermana 7;1451;375;375;9;366;25.84;2.40;1409;830;830;13;817;58.91;1.57
83928;246401;67;Zespół Szkół im. Jana Kochanowskiego 42-202 Częstochowa ul. Warszawska 142;313;71;71;1;70;22.68;1.41;302;147;147;1;146;48.68;0.68
83929;246401;68;Szkoła Podstawowa nr 22 42-202 Częstochowa ul. Żabia 1;1190;242;242;7;235;20.34;2.89;1155;529;529;7;522;45.80;1.32
83930;246401;69;Zespół Szkolno-Przedszkolny nr 2 42-202 Częstochowa ul. Olsztyńska 42;1474;319;319;16;303;21.64;5.02;1416;712;712;17;695;50.28;2.39
83931;246401;70;Gimnazjum nr 17 42-202 Częstochowa ul. Legionów 23;1292;292;292;6;286;22.60;2.05;1266;597;597;16;581;47.16;2.68
83932;246401;71;Gimnazjum nr 17 42-202 Częstochowa ul. Legionów 23;1459;316;316;7;309;21.66;2.22;1403;717;717;18;699;51.10;2.51
83933;246401;72;Zespół Szkół nr 15 42-202 Częstochowa ul. Orla 4/8;2014;490;490;16;474;24.33;3.27;1985;1038;1038;12;1026;52.29;1.16
83934;246401;73;Zespół Szkół nr 3 42-202 Częstochowa ul. Rozdolna 5;1840;387;387;5;382;21.03;1.29;1826;1019;1019;16;1003;55.81;1.57
83935;246401;74;Szkoła Podstawowa nr 8 42-216 Częstochowa ul. Szczytowa 28/30;1493;226;226;16;210;15.14;7.08;1468;548;548;12;536;37.33;2.19
83936;246401;75;Szkoła Podstawowa nr 8 42-216 Częstochowa ul. Szczytowa 28/30;1764;419;419;10;409;23.75;2.39;1705;859;859;11;848;50.38;1.28
83937;246401;76;Zespół Szkół Technicznych i Ogólnokształcących 42-216 Częstochowa Aleja Niepodległości 16/18;2064;517;517;12;505;25.05;2.32;2002;1105;1105;19;1086;55.19;1.72
83938;246401;77;Szkoła Podstawowa nr 17 42-207 Częstochowa Aleja Wojska Polskiego 130;1525;319;319;6;313;20.92;1.88;1505;731;731;15;716;48.57;2.05
83939;246401;78;Szkoła Podstawowa nr 17 42-207 Częstochowa Aleja Wojska Polskiego 130;1055;210;211;6;204;19.91;2.86;1031;549;549;11;538;53.25;2.00
83940;246401;79;Szkoła Podstawowa nr 32 42-207 Częstochowa ul. Przerwy-Tetmajera 40;2145;409;409;10;399;19.07;2.44;2068;942;942;25;917;45.55;2.65
83941;246401;80;Gimnazjum nr 7 42-207 Częstochowa ul. Zamenhofa 23;1600;354;354;5;349;22.12;1.41;1547;802;802;20;782;51.84;2.49
83942;246401;81;Gimnazjum nr 7 42-207 Częstochowa ul. Zamenhofa 23;1218;246;246;2;244;20.20;0.81;1201;527;527;7;520;43.88;1.33
83943;246401;82;Zespół Szkół im. B. Prusa 42-207 Częstochowa ul. Prusa 20;2067;483;483;19;464;23.37;3.93;2001;1035;1035;22;1013;51.72;2.13
83944;246401;83;VI LO im. J. Dąbrowskiego 42-207 Częstochowa ul. Łukasińskiego 40;1100;160;160;4;156;14.55;2.50;1076;329;329;9;320;30.58;2.74
83945;246401;84;Zespół Szkolno-Przedszkolny nr 3 42-207 Częstochowa ul. Łukasińskiego 70/74;1595;391;391;10;381;24.51;2.56;1565;863;863;23;840;55.14;2.67
83946;246401;85;Zespół Szkolno-Przedszkolny nr 3 42-207 Częstochowa ul. Łukasińskiego 70/74;1155;269;269;8;261;23.29;2.97;1125;544;544;14;530;48.36;2.57
83947;246401;86;Szkoła Podstawowa nr 34 42-208 Częstochowa ul. Dąbrowskiej 5/9;1844;537;537;9;528;29.12;1.68;1770;1017;1017;11;1006;57.46;1.08
83948;246401;87;Szkoła Podstawowa nr 34 42-208 Częstochowa ul. Dąbrowskiej 5/9;1329;285;285;12;273;21.44;4.21;1288;699;699;15;684;54.27;2.15
83949;246401;88;Szkoła Podstawowa nr 34 42-208 Częstochowa ul. Dąbrowskiej 5/9;1719;373;373;13;360;21.70;3.49;1656;882;882;11;871;53.26;1.25
83950;246401;89;Miejskie Przedszkole nr 6 42-216 Częstochowa ul. Sosnowa 22/28;1266;352;352;9;343;27.80;2.56;1239;727;727;15;712;58.68;2.06
83951;246401;90;Świetlica MPK 42-216 Częstochowa Aleja Niepodległości 30;2240;450;450;15;435;20.09;3.33;2178;1053;1053;13;1040;48.35;1.23
83952;246401;91;Szkoła Podstawowa nr 36 42-216 Częstochowa ul. Kasztanowa 7/9;2070;501;501;14;487;24.20;2.79;2049;1147;1147;11;1136;55.98;0.96
83953;246401;92;Gimnazjum nr 18 42-229 Częstochowa ul. Orkana 95/109;1996;452;452;6;446;22.65;1.33;1908;1100;1100;13;1087;57.65;1.18
83954;246401;93;Gimnazjum nr 18 42-229 Częstochowa ul. Orkana 95/109;1669;367;367;16;351;21.99;4.36;1617;902;902;8;894;55.78;0.89
83955;246401;94;Szkoła Podstawowa nr 53 42-229 Częstochowa ul. Orkana 95/109;2193;492;492;10;482;22.44;2.03;2112;1137;1137;23;1114;53.84;2.02
83956;246401;95;Szkoła Podstawowa nr 53 42-229 Częstochowa ul. Orkana 95/109;2024;427;427;7;420;21.10;1.64;1950;1113;1113;11;1102;57.08;0.99
83957;246401;96;Miejskie Przedszkole nr 20 42-216 Częstochowa ul. Wierzbowa 20;1596;346;346;5;341;21.68;1.45;1552;874;874;12;862;56.31;1.37
83958;246401;97;Miejskie Przedszkole nr 20 42-216 Częstochowa ul. Wierzbowa 20;1416;304;305;12;292;21.47;3.95;1391;748;748;12;736;53.77;1.60
83959;246401;98;Szkoła Podstawowa nr 49 42-208 Częstochowa ul. Jesienna 42;756;195;195;8;187;25.79;4.10;729;442;442;4;438;60.63;0.90
83960;246401;99;Szkoła Podstawowa nr 49 42-208 Częstochowa ul. Jesienna 42;1776;430;430;8;422;24.21;1.86;1696;952;952;15;937;56.13;1.58
83961;246401;100;Szkoła Podstawowa nr 26 42-208 Częstochowa ul. Rakowska 42;1920;404;404;7;397;21.04;1.73;1914;1050;1050;15;1035;54.86;1.43
83962;246401;101;Szkoła Podstawowa nr 26 42-208 Częstochowa ul. Rakowska 42;2062;420;420;6;414;20.37;1.43;1998;1102;1102;10;1092;55.16;0.91
83963;246401;102;Miejskie Przedszkole nr 19 42-208 Częstochowa ul. Szkolna 1;1905;457;457;10;447;23.99;2.19;1895;1016;1016;9;1007;53.61;0.89
83964;246401;103;Rodzinny Ogród Działkowy Wypalanki 42-202 Częstochowa ul. Bór 201;700;158;158;4;154;22.57;2.53;702;381;381;8;373;54.27;2.10
83965;246401;104;Zespół Szkół nr 2 42-202 Częstochowa ul. Wirażowa 8;741;140;140;2;138;18.89;1.43;735;370;370;7;363;50.34;1.89
83966;246401;105;Remiza Ochotniczej Straży Pożarnej w Kuźnicy Marianowej 42-200 Częstochowa ul. Zdrowa 80/82;855;191;191;6;185;22.34;3.14;842;457;457;8;449;54.28;1.75
83967;246401;106;Szkoła Podstawowa nr 52 42-271 Częstochowa ul. Powstańców Warszawy 144a;1539;303;303;14;289;19.69;4.62;1526;698;698;16;682;45.74;2.29
83968;246401;107;Szkoła Podstawowa nr 52 42-271 Częstochowa ul. Powstańców Warszawy 144a;1768;316;316;21;295;17.87;6.65;1722;740;740;15;725;42.97;2.03
83969;246401;108;Środowiskowy Dom Samopomocy 42-280 Częstochowa ul. Lakowa 101;523;85;85;6;79;16.25;7.06;534;268;268;4;264;50.19;1.49
83970;246401;109;Miejskie Przedszkole nr 9 42-202 Częstochowa ul. Sabinowska 81/83;992;258;258;7;251;26.01;2.71;980;567;567;8;559;57.86;1.41
83971;246401;110;Szkoła Podstawowa nr 21 42-202 Częstochowa ul. Sabinowska 7/9;1255;329;329;2;327;26.22;0.61;1216;685;685;6;679;56.33;0.88
83972;246401;111;Gimnazjum nr 16 42-202 Częstochowa ul. Ułańska 5/7;1809;494;494;12;482;27.31;2.43;1810;1017;1017;9;1008;56.19;0.88
83973;246401;112;Gimnazjum nr 16 42-280 Częstochowa ul. Ułańska 5/7;1844;446;446;14;432;24.19;3.14;1806;953;953;17;936;52.77;1.78
83974;246401;113;Centralna Szkoła Pństwowej Straży Pożarnej 42-280 Częstochowa ul. Sabinowska 62/64;1300;257;257;3;254;19.77;1.17;1392;806;806;6;800;57.90;0.74
83975;246401;114;Centralna Szkoła Państwowej Straży Pożarnej 42-280 Częstochowa ul. Sabinowska 62/64;1451;352;352;9;343;24.26;2.56;1344;780;780;14;766;58.04;1.79
83976;246401;115;Szkoła Podstawowa nr 47 42-202 Częstochowa ul. Przestrzenna 68/70;1071;224;224;5;219;20.92;2.23;1067;545;545;8;537;51.08;1.47
83977;246401;116;Szkoła Podstawowa nr 11 42-202 Częstochowa ul. Festynowa 24;1439;319;319;6;313;22.17;1.88;1432;727;727;7;720;50.77;0.96
83978;246401;117;Gimnazjum nr 11 42-202 Częstochowa ul. Festynowa 24;1775;382;384;9;373;21.52;2.36;1741;903;903;14;889;51.87;1.55
83979;246401;118;Szkoła Podstawowa nr 46 42-202 Częstochowa ul. Szamotowa 8;1129;295;295;8;287;26.13;2.71;1105;617;617;14;603;55.84;2.27
83980;246401;119;Szkoła Podstawowa nr 37 42-221 Częstochowa ul. Wielkoborska 54;2032;452;452;10;442;22.24;2.21;2040;1123;1123;21;1102;55.05;1.87
83981;246401;120;Szkoła Podstawowa nr 13 42-221 Częstochowa ul. Wręczycka 111/115;2059;558;558;6;552;27.10;1.08;2075;1271;1271;16;1255;61.25;1.26
83982;246401;121;Szkoła Podstawowa nr 13 42-226 Częstochowa ul. Wręczycka 111/115;1710;556;556;5;551;32.51;0.90;1705;1066;1066;12;1054;62.52;1.13
83983;246401;122;Szkoła Podstawowa nr 13 42-226 Częstochowa ul. Wręczycka 111/115;1899;724;724;13;711;38.13;1.80;1901;1319;1319;9;1310;69.38;0.68
83984;246401;123;Szkoła Podstawowa nr 29 42-209 Częstochowa ul. Św. Rocha 221;1888;586;586;17;569;31.04;2.90;1915;1215;1215;11;1204;63.45;0.91
83985;246401;124;Gimnazjum nr 14 42-202 Częstochowa ul. Św. Rocha 221;1878;670;670;6;664;35.68;0.90;1887;1285;1285;11;1274;68.10;0.86
90047;246401;125;Zespół Szkół Ekonomicznych 42-226 Częstochowa ul. Św. Augustyna 28/30;765;165;165;1;164;21.57;0.61;774;392;392;5;387;50.65;1.28
90048;246401;126;Zespół Szkolno-Przedszkolny nr 5 42-226 Częstochowa ul. Św. Barbary 32;2092;633;633;7;626;30.26;1.11;2116;1279;1279;11;1268;60.44;0.86
91385;246401;127;Zakład Opiekuńczo-Leczniczy 42-200 Częstochowa ul. Ogrodowa 35;132;54;54;0;54;40.91;0.00;123;61;61;0;61;49.59;0.00
91386;246401;128;Miejski Szpital Zespolony 42-200 Częstochowa ul. Mickiewicza 12;66;22;22;1;21;33.33;4.55;77;35;35;1;34;45.45;2.86
91387;246401;129;Wojewódzki Szpital Specjalistyczny 42-200 Częstochowa ul. Polskiego Czerwonego Krzyża 1;179;38;38;1;37;21.23;2.63;157;77;77;4;73;49.04;5.19
91388;246401;130;Wojewódzki Szpital Specjalistyczny 42-200 Częstochowa ul. Bialska 104/118;252;30;30;2;28;11.90;6.67;240;74;74;3;71;30.83;4.05
91389;246401;131;Dom Pomocy Społecznej 42-200 Częstochowa ul. Wieluńska 1;137;69;69;1;68;50.36;1.45;135;80;80;0;80;59.26;0.00
91390;246401;132;Miejski Szpital Zespolony 42-200 Częstochowa ul. Mirowska 15;82;12;12;0;12;14.63;0.00;136;79;79;2;77;58.09;2.53
91391;246401;133;Areszt Śledczy 42-200 Częstochowa ul. Mirowska 22;227;77;77;9;68;33.92;11.69;173;95;95;15;80;54.91;15.79
91392;246401;134;Szpital Chorób Wewnętrznych - „Hutniczy” SP ZOZ 42-200 Częstochowa Aleja Pokoju 44;63;32;32;0;32;50.79;0.00;68;40;40;2;38;58.82;5.00
91393;246401;135;Dom Pomocy Społecznej 42-200 Częstochowa ul. Kontkiewicza 2;115;60;60;10;50;52.17;16.67;112;61;61;13;48;54.46;21.31
91394;246401;136;Miejski Szpital Zespolony 42-200 Częstochowa ul. Bony 1/3;114;9;9;1;8;7.89;11.11;85;12;12;0;12;14.12;0.00
83986;246501;1;V LO 41-300 Dąbrowa Górnicza ul. Czapińskiego 8;1460;394;394;5;389;26.99;1.27;1438;855;855;9;846;59.46;1.05
83987;246501;2;Szkoła Podstawowa NR 3 41-300 Dąbrowa Górnicza ul. Mireckiego 1;621;104;104;3;101;16.75;2.88;601;320;320;8;312;53.24;2.50
83988;246501;3;Zespół Szkół nr 7 41-300 Dąbrowa Górnicza ul. Jaworowa 6;1662;414;414;13;401;24.91;3.14;1619;949;949;17;932;58.62;1.79
83989;246501;4;Zespół Szkół Nr 7 41-300 Dąbrowa Górnicza ul. Jaworowa 6;1812;419;419;9;410;23.12;2.15;1726;894;894;10;884;51.80;1.12
83990;246501;5;ADM Nr 2 SM „Lokator” 41-300 Dąbrowa Górnicza ul. Jaworowa 2;1961;466;466;7;459;23.76;1.50;1907;1077;1077;17;1060;56.48;1.58
83991;246501;6;Klub „Krąg” 41-300 Dąbrowa Górnicza ul. Ludowa 19A;2105;511;511;24;487;24.28;4.70;2032;1108;1108;24;1084;54.53;2.17
83992;246501;7;Szkoła Podstawowa Nr 3 41-300 Dąbrowa Górnicza ul. Mireckiego 1;1478;356;356;5;351;24.09;1.40;1438;850;850;7;843;59.11;0.82
83993;246501;8;Zespół Szkół Sportowych 41-300 Dąbrowa Górnicza ul. Chopina 34;1347;243;243;6;237;18.04;2.47;1305;702;702;7;695;53.79;1.00
83994;246501;9;Zespół Szkół Sportowych 41-300 Dąbrowa Górnicza ul. Chopina 34;2015;516;516;15;501;25.61;2.91;1976;1151;1151;15;1136;58.25;1.30
83995;246501;10;Zespół Szkół Sportowych 41-300 Dąbrowa Górnicza ul. Chopina 34;1992;447;447;3;444;22.44;0.67;1935;1014;1014;20;994;52.40;1.97
83996;246501;11;Młodzieżowy Ośrodek Pracy Twórczej 41-300 Dąbrowa Górnicza ul. 3 Maja 30;1348;336;336;5;331;24.93;1.49;1293;682;682;14;668;52.75;2.05
83997;246501;12;II LO 41-300 Dąbrowa Górnicza ul. Górnicza 17;1612;304;304;9;295;18.86;2.96;1570;700;700;14;686;44.59;2.00
91395;246501;13;Szpital Specjalistyczny im.Sz.Starkiewicza 41-300 Dąbrowa Górnicza Szpitalna 13;277;62;62;5;57;22.38;8.06;302;86;86;5;81;28.48;5.81
83998;246501;14;Szkoła Podstawowa Nr 10 41-300 Dąbrowa Górnicza ul. Górników Redenu 4;1168;268;268;7;261;22.95;2.61;1146;586;586;11;575;51.13;1.88
83999;246501;15;Szkoła Podstawowa Nr 10 41-300 Dąbrowa Górnicza ul. Górników Redenu 4;1761;434;434;20;414;24.65;4.61;1723;954;954;6;948;55.37;0.63
84000;246501;16;Gimnazjum Nr 1 41-300 Dąbrowa Górnicza ul. Królowej Jadwigi 11;1964;469;469;15;454;23.88;3.20;1888;990;990;25;965;52.44;2.53
84001;246501;17;Szkoła Podstawowa Nr 20 41-300 Dąbrowa Górnicza ul.Karola Adamieckiego 12;1464;304;304;6;298;20.77;1.97;1419;735;735;12;723;51.80;1.63
84002;246501;18;Szkoła Podstawowa Nr 20 41-300 Dąbrowa Górnicza ul.Karola Adamieckiego 12;1091;282;282;5;277;25.85;1.77;1059;564;564;11;553;53.26;1.95
84003;246501;19;Budynek byłej Szkoły Muzycznej 41-300 Dąbrowa Górnicza ul. Wojska Polskiego 52;1855;441;441;7;434;23.77;1.59;1767;967;967;21;946;54.73;2.17
84004;246501;20;I Liceum Ogółnokształcące 41-300 Dąbrowa Górnicza ul. Kopernika 40;1962;463;463;12;451;23.60;2.59;1924;1027;1027;11;1016;53.38;1.07
84005;246501;21;Szkoła Podstawowa Nr 8 41-300 Dąbrowa Górnicza ul. Krasińskiego 34;910;256;256;8;248;28.13;3.12;902;492;492;3;489;54.55;0.61
84006;246501;22;Przedszkole Nr 6 41-300 Dąbrowa Górnicza ul. Robotnicza 33;1445;239;239;6;233;16.54;2.51;1489;683;683;11;672;45.87;1.61
84007;246501;23;Zespół Szkół Nr 4 41-303 Dąbrowa Górnicza ul. Łęknice 35;2056;402;402;9;393;19.55;2.24;1997;1062;1062;24;1038;53.18;2.26
84008;246501;24;Zespół Szkół Nr 4 41-303 Dąbrowa Górnicza ul. Łęknice 35;1482;308;308;5;303;20.78;1.62;1471;799;799;5;794;54.32;0.63
84009;246501;25;Zespół Szkół Nr 1 41-300 Dąbrowa Górnicza ul. Konopnickiej 56;1549;429;429;10;419;27.70;2.33;1523;935;935;13;922;61.39;1.39
84010;246501;26;Placówka Opiekuńczo - Wychowawcza 41-303 Dąbrowa Górnicza ul. Jasna 29;550;114;114;1;113;20.73;0.88;559;300;300;6;294;53.67;2.00
84011;246501;27;Klub „Helikon” 41-300 Dąbrowa Górnicza ul. Wojska Polskiego 26;1571;425;425;22;403;27.05;5.18;1561;915;915;9;906;58.62;0.98
84012;246501;28;Zespół Szkół Ekonomicznych 41-300 Dąbrowa Górnicza ul. Aleja Józefa Piłsudskiego 5;1447;270;270;9;261;18.66;3.33;1432;685;685;15;670;47.84;2.19
84013;246501;29;Zespół Szkół Ekonomicznych 41-300 Dąbrowa Górnicza ul. Aleja Józefa Piłsudskiego 5;2309;536;536;14;522;23.21;2.61;2272;1159;1159;20;1139;51.01;1.73
84014;246501;30;Gimnazjum Nr 4 41-300 Dąbrowa Górnicza ul. Wyspiańskiego 1;1956;422;422;14;408;21.57;3.32;1918;965;965;24;941;50.31;2.49
84015;246501;31;Szkoła Podstawowa Nr 8 41-300 Dąbrowa Górnicza ul. Krasińskiego 34;1769;409;409;10;399;23.12;2.44;1704;917;917;10;907;53.81;1.09
84016;246501;32;Przedszkole nr 11 41-300 Dąbrowa Górnicza ul. Krasińskiego 35;1239;302;302;5;297;24.37;1.66;1206;662;662;3;659;54.89;0.45
91396;246501;33;Dom Pomocy Społecznej 41-300 Dąbrowa Górnicza Norwida 1;96;44;44;4;40;45.83;9.09;108;47;47;2;45;43.52;4.26
84017;246501;34;Zespół Szkół Nr 2 41-303 Dąbrowa Górnicza ul. Aleja Józefa Piłsudskiego 24;1883;517;517;22;495;27.46;4.26;1845;1079;1079;12;1067;58.48;1.11
84018;246501;35;Zespół Szkół Nr 2 41-303 Dąbrowa Górnicza ul. Aleja Józefa Piłsudskiego 24;1167;307;307;11;296;26.31;3.58;1114;667;667;8;659;59.87;1.20
84019;246501;36;Zespół Szkół Nr 2 41-303 Dąbrowa Górnicza ul. Aleja Józefa Piłsudskiego 24;1106;298;298;5;293;26.94;1.68;1068;647;647;7;640;60.58;1.08
84020;246501;37;Zespół Szkół Nr 3 41-303 Dąbrowa Górnicza ul. Gustawa Morcinka 4;1707;400;400;9;391;23.43;2.25;1690;976;976;16;960;57.75;1.64
84021;246501;38;Zespół Szkół Nr 3 41-303 Dąbrowa Górnicza ul. Gustawa Morcinka 4;1849;361;361;7;354;19.52;1.94;1792;963;963;18;945;53.74;1.87
84022;246501;39;Przedszkole Nr 14 41-303 Dąbrowa Górnicza ul. Tysiąclecia 25A;1945;435;435;13;422;22.37;2.99;1900;1033;1033;15;1018;54.37;1.45
84023;246501;40;Klub „Unikat” 41-303 Dąbrowa Górnicza ul. Kasprzaka 46;2052;480;480;16;464;23.39;3.33;1994;1096;1096;19;1077;54.96;1.73
84024;246501;41;Szkoła Podstawowa Nr 12 41-303 Dąbrowa Górnicza ul. Tysiąclecia 25;1006;234;234;9;225;23.26;3.85;966;548;548;9;539;56.73;1.64
84025;246501;42;Szkoła Podstawowa Nr 12 41-303 Dąbrowa Górnicza ul. Tysiąclecia 25;1822;476;476;13;463;26.13;2.73;1765;981;981;11;970;55.58;1.12
84026;246501;43;Przedszkole nr 12 41-303 Dąbrowa Górnicza ul. Krasickiego 1;1292;281;281;7;274;21.75;2.49;1249;581;581;10;571;46.52;1.72
84027;246501;44;Zespół Szkół Ogólnokształcących Nr 2 41-303 Dąbrowa Górnicza ul. Prusa 3;1497;272;272;10;262;18.17;3.68;1439;646;646;16;630;44.89;2.48
84028;246501;45;Zespół Szkół Ogólnokształcących Nr 2 41-303 Dąbrowa Górnicza ul. Prusa 3;872;168;168;6;162;19.27;3.57;853;403;403;7;396;47.25;1.74
84029;246501;46;Szkoła Podstawowa Nr 18 41-303 Dąbrowa Górnicza ul. Aleja Józefa Piłsudskiego 73;1880;460;460;10;450;24.47;2.17;1786;991;991;18;973;55.49;1.82
84030;246501;47;Szkoła Podstawowa Nr 18 41-303 Dąbrowa Górnicza ul. Aleja Józefa Piłsudskiego 73;2062;333;333;3;330;16.15;0.90;2040;907;907;15;892;44.46;1.65
84031;246501;48;Szkoła Podstawowa Nr 11 41-303 Dąbrowa Górnicza ul. Aleja Józefa Piłsudskiego 103;2286;366;366;15;351;16.01;4.10;2264;980;980;15;965;43.29;1.53
84032;246501;49;Zespół Szkół Plastycznych 41-303 Dąbrowa Górnicza ul. Kosmonautów 8;1310;293;293;11;282;22.37;3.75;1263;641;641;16;625;50.75;2.50
84033;246501;50;Szkoła Podstawowa Nr 25 42-520 Dąbrowa Górnicza, Ujejsce ul. Mieszka I-go 20;1800;321;321;6;315;17.83;1.87;1827;927;927;20;907;50.74;2.16
84034;246501;51;Szkoła Podstawowa Nr 35 42-520 Dąbrowa Górnicza ul. Uczniowska 24;865;155;155;1;154;17.92;0.65;860;417;417;3;414;48.49;0.72
84035;246501;52;Szkoła Podstawowa nr 21 42-520 Dąbrowa Górnicza, Ząbkowice ul. Gospodarcza 1;1378;274;274;4;270;19.88;1.46;1384;646;646;12;634;46.68;1.86
84036;246501;53;Dom Kultury 42-520 Dąbrowa Górnicza, Ząbkowice ul. Chemiczna 2;1736;399;399;7;392;22.98;1.75;1698;904;904;22;882;53.24;2.43
84037;246501;54;Dom Kultury 42-520 Dąbrowa Górnicza, Ząbkowice ul. Chemiczna 2;776;174;174;4;170;22.42;2.30;751;394;394;3;391;52.46;0.76
84038;246501;55;Gimnazjum nr 9 42-520 Dąbrowa Górnicza, Ząbkowice ul. Aleja Zwycięstwa 44;2398;545;545;18;527;22.73;3.30;2357;1291;1291;15;1276;54.77;1.16
84039;246501;56;Szkoła Podstawowa Nr 31 42-520 Dąbrowa Górnicza, Ząbkowice ul. Aleja Zwycięstwa;1130;152;152;7;145;13.45;4.61;1096;458;458;19;439;41.79;4.15
84040;246501;57;Szkoła Podstawowa Nr 31 42-520 Dąbrowa Górnicza Ząbkowice ul. Aleja Zwycięstwa;1516;187;187;8;179;12.34;4.28;1495;673;673;15;658;45.02;2.23
84041;246501;58;Szkoła Podstawowa Nr 23 42-520 Dąbrowa Górnicza, Tucznawa ul. Idzikowskiego 139;1978;439;439;8;431;22.19;1.82;1975;1092;1092;20;1072;55.29;1.83
84042;246501;59;Świetlica Klub 42-523 Dąbrowa Górnicza, Łęka ul. Przelotowa 185A;603;125;125;4;121;20.73;3.20;614;306;306;4;302;49.84;1.31
84043;246501;60;Szkoła Podstawowa Nr 28 42-524 Dąbrowa Górnicza, Okradzionów ul. Górna 1;1033;222;222;4;218;21.49;1.80;1010;526;526;10;516;52.08;1.90
84044;246501;61;Szkoła Podstawowa Nr 27 42-525 Dąbrowa Górnicza, Błędów ul. Żołnierska 188;1476;323;323;15;308;21.88;4.64;1462;748;748;19;729;51.16;2.54
84045;246501;62;Szkoła Podstawowa nr 2 42-530 Dąbrowa Górnicza, Strzemieszyce ul. Sportowa 16;1790;343;343;6;337;19.16;1.75;1810;936;936;15;921;51.71;1.60
84046;246501;63;Szkoła Podstawowa nr 17 42-530 Dąbrowa Górnicza, Strzemieszyce ul. Ofiar Katynia 76;2116;363;363;10;353;17.16;2.75;2077;928;928;20;908;44.68;2.16
84047;246501;64;Gimnazjum Nr 10 42-530 Dąbrowa Górnicza, Strzemieszyce Wielkie ul. Obrońców Pokoju 7;1302;279;279;8;271;21.43;2.87;1282;640;640;9;631;49.92;1.41
84048;246501;65;Szkoła Podstawowa Nr 5 42-530 Dąbrowa Górnicza, Strzemieszyce ul. Strzemieszycka 390;1714;348;348;12;336;20.30;3.45;1695;842;842;14;828;49.68;1.66
84049;246501;66;Świetlica Środowiskowa 42-530 Dąbrowa Górnicza, Strzemieszyce ul. Główna 61;1183;161;161;4;157;13.61;2.48;1192;480;480;6;474;40.27;1.25
84050;246501;67;Szkoła Podstawowa Nr 26 42-523 Dąbrowa Górnicza, Łosień ul. Gołonoska 23;1219;236;236;11;225;19.36;4.66;1211;564;564;5;559;46.57;0.89
84051;246601;1;Warsztaty Terapii Zajęciowej Caritas Diecezji Gliwickiej 44-109 Gliwice ul. Toszecka 179;603;144;144;2;142;23.88;1.39;0;0;0;0;0;NA;NA
84052;246601;2;Szkoła Podstawowa nr 29 44-109 Gliwice ul. Staromiejska 24;1365;312;312;7;305;22.86;2.24;1343;646;646;11;635;48.10;1.70
84053;246601;3;Gimnazjum nr 19 44-109 Gliwice ul. Główna 30;993;117;117;4;113;11.78;3.42;969;366;366;9;357;37.77;2.46
84054;246601;4;Szkoła Podstawowa nr 32 44-109 Gliwice ul. Wrzosowa 14;1125;300;300;6;294;26.67;2.00;1096;581;581;14;567;53.01;2.41
84055;246601;5;Szkoła Podstawowa nr 32 44-109 Gliwice ul. Wrzosowa 14;1162;205;205;6;199;17.64;2.93;1154;494;494;16;478;42.81;3.24
84056;246601;6;Szkoła Podstawowa nr 38 44-113 Gliwice ul. Partyzantów 25;1306;261;261;6;255;19.98;2.30;1255;645;645;21;624;51.39;3.26
84057;246601;7;Szkoła Podstawowa nr 38 44-113 Gliwice ul. Partyzantów 25;1238;239;239;11;228;19.31;4.60;1201;592;592;8;584;49.29;1.35
84058;246601;8;Zespół Szkół Ogólnokształcących nr 2 44-113 Gliwice ul. Partyzantów 25;1301;234;234;8;226;17.99;3.42;1261;605;605;9;596;47.98;1.49
84059;246601;9;Zespół Szkół Ogólnokształcących nr 2 44-113 Gliwice ul. Partyzantów 25;1298;393;393;3;390;30.28;0.76;1280;805;805;9;796;62.89;1.12
84060;246601;10;Przedszkole Miejskie nr 38 44-113 Gliwice ul. Literatów 41;1597;453;453;5;448;28.37;1.10;1535;954;954;10;944;62.15;1.05
84061;246601;11;Przedszkole Miejskie nr 38 44-113 Gliwice ul. Literatów 41;1691;329;329;8;321;19.46;2.43;1641;840;840;22;818;51.19;2.62
84062;246601;12;Zespół Szkół Ogólnokształcąco - Ekonomicznych 44-117 Gliwice ul. Syriusza 30;1656;503;503;2;501;30.37;0.40;1582;952;952;12;940;60.18;1.26
84063;246601;13;Zespół Szkół Ogólnokształcąco - Ekonomicznych 44-117 Gliwice ul. Syriusza 30;1757;575;575;7;568;32.73;1.22;1681;998;998;14;984;59.37;1.40
84064;246601;14;Zespół Szkół Ogólnokształcąco - Ekonomicznych 44-117 Gliwice ul. Syriusza 30;1679;535;535;16;519;31.86;2.99;1614;985;985;13;972;61.03;1.32
84065;246601;15;Zespół Szkolno - Przedszkolny nr 2 44-117 Gliwice ul. Kopernika 63;1388;393;393;12;381;28.31;3.05;1361;800;800;12;788;58.78;1.50
84066;246601;16;Zespół Szkolno - Przedszkolny nr 2 44-117 Gliwice ul. Kopernika 63;1310;413;413;11;402;31.53;2.66;1256;766;766;19;747;60.99;2.48
84067;246601;17;Zespół Szkolno - Przedszkolny nr 2 44-117 Gliwice ul. Kopernika 63;1484;348;348;4;344;23.45;1.15;1443;795;795;13;782;55.09;1.64
84068;246601;18;Gimnazjum nr 3 44-101 Gliwice ul. Jasnogórska 15/17;907;326;326;3;323;35.94;0.92;892;571;571;11;560;64.01;1.93
84069;246601;19;Zespół Szkół Ekonomiczno - Usługowych 44-101 Gliwice ul. Kozielska 1;1579;499;499;9;490;31.60;1.80;1538;861;861;11;850;55.98;1.28
84070;246601;20;Zespół Szkół Ogólnokształcących nr 1 44-121 Gliwice ul. Kozielska 1a;1810;627;627;10;617;34.64;1.59;1787;1044;1044;22;1022;58.42;2.11
84071;246601;21;Szkoła Podstawowa z Oddziałami Integracyjnymi nr 1 44-121 Gliwice ul. Kozielska 39;1533;546;546;8;538;35.62;1.47;1509;961;961;10;951;63.68;1.04
84072;246601;22;Szkoła Podstawowa z Oddziałami Integracyjnymi nr 1 44-121 Gliwice ul. Kozielska 39;1437;450;450;9;441;31.32;2.00;1404;873;873;16;857;62.18;1.83
84073;246601;23;Szkoła Podstawowa z Oddziałami Integracyjnymi nr 1 44-121 Gliwice ul. Kozielska 39;1683;596;596;6;590;35.41;1.01;1649;1020;1020;8;1012;61.86;0.78
84074;246601;24;Szkoła Podstawowa z Oddziałami Integracyjnymi nr 10 44-100 Gliwice ul. Ligonia 36;1316;543;543;4;539;41.26;0.74;1305;890;890;10;880;68.20;1.12
84075;246601;25;Przedszkole Miejskie nr 28 44-105 Gliwice ul. Paderewskiego 70;1393;453;453;5;448;32.52;1.10;1415;907;907;10;897;64.10;1.10
84076;246601;26;Szkoła Podstawowa nr 39 44-105 Gliwice ul. Obrońców Pokoju 4;1463;505;505;14;491;34.52;2.77;1414;951;951;6;945;67.26;0.63
84077;246601;27;Szkoła Podstawowa nr 39 44-105 Gliwice ul. Obrońców Pokoju 4;1479;466;466;5;461;31.51;1.07;1431;877;877;8;869;61.29;0.91
84078;246601;28;Szkoła Podstawowa nr 13 44-105 Gliwice ul. Elsnera 25;1309;578;578;7;571;44.16;1.21;1322;899;899;14;885;68.00;1.56
84079;246601;29;Szkoła Podstawowa nr 13 44-105 Gliwice ul. Elsnera 25;1320;419;422;6;413;31.74;1.43;1355;803;803;10;793;59.26;1.25
84080;246601;30;Zespół Szkół Ogólnokształcących nr 4 44-105 Gliwice ul. Orląt Śląskich 25;1102;374;374;9;365;33.94;2.41;1060;629;629;7;622;59.34;1.11
84081;246601;31;Zespół Szkół Ogólnokształcących nr 4 44-105 Gliwice ul. Orląt Śląskich 25;1101;319;319;6;313;28.97;1.88;1082;615;615;11;604;56.84;1.79
84082;246601;32;Przedszkole Miejskie nr 3 44-102 Gliwice ul. Grottgera 23A;950;317;317;3;314;33.37;0.95;953;552;552;10;542;57.92;1.81
84083;246601;33;Szkoła Podstawowa nr 7 44-102 Gliwice ul. Tarnogórska 59;997;241;241;18;223;24.17;7.47;968;466;466;6;460;48.14;1.29
84084;246601;34;Zespół Szkół Mechaniczno-Elektronicznych 44-102 Gliwice ul. Toszecka 25B;1346;242;242;12;230;17.98;4.96;1306;543;543;12;531;41.58;2.21
84085;246601;35;Zespół Szkół Mechaniczno-Elektronicznych 44-102 Gliwice ul. Toszecka 25B;1359;241;241;6;235;17.73;2.49;1320;546;546;16;530;41.36;2.93
84086;246601;36;Szkoła Podstawowa nr 20 44-102 Gliwice ul. Śliwki 8;1352;204;204;2;202;15.09;0.98;1343;516;516;18;498;38.42;3.49
84087;246601;37;Zespół Szkół Łączności 44-102 Gliwice ul. Warszawska 35;1039;328;328;8;320;31.57;2.44;1018;584;584;14;570;57.37;2.40
84088;246601;38;Zespół Szkół Ogólnokształcących Specjalnych nr 7 44-102 Gliwice ul. Gierymskiego 7;1246;230;230;8;222;18.46;3.48;1210;517;517;13;504;42.73;2.51
84089;246601;39;Szkoła Podstawowa nr 7 44-102 Gliwice ul. Tarnogórska 59;1672;565;565;9;556;33.79;1.59;1635;1032;1032;18;1014;63.12;1.74
84090;246601;40;Szkoła Podstawowa nr 7 44-102 Gliwice ul. Tarnogórska 59;1690;425;425;11;414;25.15;2.59;1670;894;894;16;878;53.53;1.79
84091;246601;41;Górnośląskie Centrum Edukacyjne 44-100 Gliwice ul. Okrzei 20;1593;454;454;12;442;28.50;2.64;1549;904;904;18;886;58.36;1.99
84092;246601;42;Przedszkole Miejskie nr 18 44-106 Gliwice ul. Brzozowa 50;1684;502;502;10;492;29.81;1.99;1701;881;881;13;868;51.79;1.48
84093;246601;43;Zespół Szkół Techniczno-Informatycznych 44-106 Gliwice ul. Chorzowska 5;1640;450;450;7;443;27.44;1.56;1588;828;828;13;815;52.14;1.57
84094;246601;44;Zespół Szkół Ogólnokształcących nr 3 44-106 Gliwice ul. Wróblewskiego 9;1632;461;461;15;446;28.25;3.25;1573;848;848;14;834;53.91;1.65
84095;246601;45;Gimnazjum nr 10 44-102 Gliwice ul. Lipowa 29;1520;389;389;8;381;25.59;2.06;1424;726;726;16;710;50.98;2.20
84096;246601;46;Gimnazjum nr 10 44-102 Gliwice ul. Lipowa 29;1478;390;390;7;383;26.39;1.79;1441;745;745;17;728;51.70;2.28
84097;246601;47;Gimnazjum nr 10 44-102 Gliwice ul. Lipowa 29;1349;361;361;15;346;26.76;4.16;1311;721;721;22;699;55.00;3.05
84098;246601;48;Przedszkole Miejskie nr 4 44-100 Gliwice ul. Barlickiego 16;1145;347;347;5;342;30.31;1.44;1121;604;604;12;592;53.88;1.99
84099;246601;49;Przedszkole Niepubliczne „Stokrotka” 44-100 Gliwice ul. Studzienna 1;1584;557;557;8;549;35.16;1.44;1582;929;929;17;912;58.72;1.83
84100;246601;50;Szkoła Podstawowa nr 28 44-100 Gliwice ul. Księdza Strzody 4;1283;328;328;7;321;25.57;2.13;1232;655;655;7;648;53.17;1.07
84101;246601;51;Szkoła Podstawowa nr 28 44-101 Gliwice ul. Księdza Strzody 4;1081;313;313;4;309;28.95;1.28;1059;568;568;15;553;53.64;2.64
84102;246601;52;Zespół Szkół Gimnazjalnych 44-100 Gliwice ul. Ziemowita 12;1174;348;348;5;343;29.64;1.44;1161;681;681;14;667;58.66;2.06
84103;246601;53;Zespół Szkół Ogólnokształcących nr 11 44-100 Gliwice ul. Górnych Wałów 29;1319;435;435;10;425;32.98;2.30;1286;715;715;11;704;55.60;1.54
84104;246601;54;Zespół Szkół Ogólnokształcących nr 11 44-100 Gliwice ul. Górnych Wałów 29;1396;459;459;13;446;32.88;2.83;1386;789;789;6;783;56.93;0.76
84105;246601;55;Szkoła Podstawowa nr 23 44-122 Gliwice ul. Sikornik 1;1233;383;383;4;379;31.06;1.04;1211;685;685;5;680;56.56;0.73
84106;246601;56;Szkoła Podstawowa nr 9 44-100 Gliwice ul. Jana III Sobieskiego 14;1436;513;513;8;505;35.72;1.56;1393;852;852;17;835;61.16;2.00
84107;246601;57;Szkoła Podstawowa z Oddziałami Integracyjnymi nr 21 44-103 Gliwice ul. Reymonta 18a;1693;297;297;10;287;17.54;3.37;1647;787;787;10;777;47.78;1.27
84108;246601;58;Szkoła Podstawowa z Oddziałami Integracyjnymi nr 21 44-103 Gliwice ul. Reymonta 18a;1721;313;313;9;304;18.19;2.88;1694;807;807;19;788;47.64;2.35
84109;246601;59;Szkoła Podstawowa z Oddziałami Integracyjnymi nr 21 44-103 Gliwice ul. Reymonta 18a;1885;423;423;10;413;22.44;2.36;1810;941;941;31;910;51.99;3.29
84110;246601;60;Szkoła Podstawowa z Oddziałami Integracyjnymi nr 21 44-103 Gliwice ul. Reymonta 18a;1635;187;187;6;181;11.44;3.21;1603;579;579;22;557;36.12;3.80
84111;246601;61;Przedszkole Miejskie nr 22 44-119 Gliwice ul. Żeromskiego 26;803;122;122;10;112;15.19;8.20;809;338;338;18;320;41.78;5.33
84112;246601;62;Szkoła Podstawowa nr 14 44-119 Gliwice ul. Jedności 35;1284;286;286;9;277;22.27;3.15;1244;668;668;14;654;53.70;2.10
84113;246601;63;Szkoła Podstawowa nr 14 44-119 Gliwice ul. Jedności 35;1285;261;261;6;255;20.31;2.30;1246;626;626;9;617;50.24;1.44
84114;246601;64;Zespół Szkół Ogólnokształcących nr 14 44-119 Gliwice ul. Przedwiośnie 2;1588;352;352;9;343;22.17;2.56;1554;801;801;12;789;51.54;1.50
84115;246601;65;Zespół Szkół Ogólnokształcących nr 14 44-119 Gliwice ul. Przedwiośnie 2;1642;376;376;16;360;22.90;4.26;1596;851;851;10;841;53.32;1.18
84116;246601;66;Przedszkole Miejskie nr 33 44-119 Gliwice ul. Wiślana 12;1424;303;303;7;296;21.28;2.31;1366;724;724;12;712;53.00;1.66
84117;246601;67;Przedszkole Miejskie nr 42 44-119 Gliwice ul. Młodopolska 4;1076;215;215;11;204;19.98;5.12;1041;526;526;8;518;50.53;1.52
84118;246601;68;Szkoła Podstawowa nr 11 44-100 Gliwice ul. Pocztowa 31;1683;341;341;8;333;20.26;2.35;1627;741;741;12;729;45.54;1.62
84119;246601;69;Przedszkole Miejskie nr 16 44-100 Gliwice ul. Sportowa 17;1582;219;219;13;206;13.84;5.94;1587;534;534;12;522;33.65;2.25
84120;246601;70;Szkoła Podstawowa nr 36 44-101 Gliwice ul. Robotnicza 6;668;156;156;7;149;23.35;4.49;651;314;314;5;309;48.23;1.59
84121;246601;71;Politechnika Śląska Kolegium Pedagogiczne 44-100 Gliwice ul. Hutnicza 9-9A;1252;284;284;13;271;22.68;4.58;1205;547;547;14;533;45.39;2.56
84122;246601;72;Politechnika Śląska Kolegium Pedagogiczne 44-100 Gliwice ul. Hutnicza 9-9A;1359;245;245;8;237;18.03;3.27;1348;572;572;12;560;42.43;2.10
84123;246601;73;Politechnika Śląska Wydział Automatyki, Elektroniki i Informatyki 44-100 Gliwice ul. Akademicka 16;844;264;264;2;262;31.28;0.76;917;504;504;9;495;54.96;1.79
84124;246601;74;Szkoła Podstawowa nr 28 44-100 Gliwice ul. Księdza Strzody 4;916;264;264;5;259;28.82;1.89;902;479;479;3;476;53.10;0.63
84125;246601;75;Zespół Szkół Ogólnokształcących nr 10 44-100 Gliwice ul. Zimnej Wody 8;762;221;221;6;215;29.00;2.71;733;411;411;11;400;56.07;2.68
84126;246601;76;Zespół Szkół Ogólnokształcących nr 10 44-100 Gliwice ul. Zimnej Wody 8;805;276;276;5;271;34.29;1.81;792;464;464;4;460;58.59;0.86
84127;246601;77;Szkoła Podstawowa nr 8 44-141 Gliwice ul. Spacerowa 6;1079;273;273;3;270;25.30;1.10;1082;621;621;11;610;57.39;1.77
84128;246601;78;Szkoła Podstawowa nr 8 44-141 Gliwice ul. Spacerowa 6;1157;292;292;9;283;25.24;3.08;1207;667;667;17;650;55.26;2.55
84129;246601;79;Szkoła Podstawowa nr 2 44-152 Gliwice ul. Goździkowa 2;976;217;217;5;212;22.23;2.30;974;499;499;11;488;51.23;2.20
84130;246601;80;Szkoła Podstawowa z Oddziałami Integracyjnymi nr 3 44-151 Gliwice ul. Daszyńskiego 424;1175;259;259;3;256;22.04;1.16;1174;605;605;12;593;51.53;1.98
84131;246601;81;Szkoła Podstawowa z Oddziałami Integracyjnymi nr 3 44-151 Gliwice ul. Daszyńskiego 424;1225;258;258;7;251;21.06;2.71;1227;551;551;12;539;44.91;2.18
84132;246601;82;Zespół Szkół Ogólnokształcących nr 12 44-164 Gliwice ul. Płocka 16;976;295;295;10;285;30.23;3.39;987;523;523;9;514;52.99;1.72
84133;246601;83;Zespół Szkół Ogólnokształcących nr 12 44-164 Gliwice ul. Płocka 16;928;284;284;11;273;30.60;3.87;945;518;518;14;504;54.81;2.70
84134;246601;84;Zespół Szkół Ogólnokształcących nr 13 44-121 Gliwice ul. Gomułki 16a;1740;603;603;12;591;34.66;1.99;1719;1107;1107;10;1097;64.40;0.90
84135;246601;85;Zespół Szkół Ogólnokształcących nr 13 44-121 Gliwice ul. Gomułki 16a;1882;743;743;11;732;39.48;1.48;1837;1234;1234;7;1227;67.17;0.57
84136;246601;86;Zespół Szkół Ogólnokształcących nr 13 44-121 Gliwice ul. Gomułki 16a;1634;585;585;13;572;35.80;2.22;1642;1121;1121;15;1106;68.27;1.34
84137;246601;87;Zespół Szkół Specjalnych 44-100 Gliwice ul. Dolnej Wsi 74;1672;486;486;10;476;29.07;2.06;1692;932;932;16;916;55.08;1.72
84138;246601;88;Szkoła Podstawowa z Oddziałami Integracyjnymi nr 10 44-100 Gliwice ul. Ligonia 36;1449;498;498;14;484;34.37;2.81;1416;843;843;6;837;59.53;0.71
84139;246601;89;Przedszkole Miejskie z Oddziałami Integracyjnymi nr 31 44-100 Gliwice ul. Mickiewicza 65;820;330;330;2;328;40.24;0.61;807;546;546;9;537;67.66;1.65
84140;246601;90;Szkoła Podstawowa nr 9 44-100 Gliwice ul. Jana III Sobieskiego 14;861;351;351;4;347;40.77;1.14;866;553;553;4;549;63.86;0.72
84141;246601;91;Przedszkole Miejskie nr 20 44-100 Gliwice ul. Pszczyńska 18;1314;358;358;8;350;27.25;2.23;1252;638;638;8;630;50.96;1.25
84142;246601;92;Przedszkole Miesjkie nr 20 44-100 Gliwice ul. Pszczyńska 18;1433;500;500;10;490;34.89;2.00;1423;862;862;10;852;60.58;1.16
84143;246601;93;Zespół Szkół Budowlano-Ceramicznych 44-122 Gliwice ul. Bojkowska 16;1192;217;217;3;214;18.20;1.38;1148;505;505;14;491;43.99;2.77
84144;246601;94;Zespół Szkół Budowlano-Ceramicznych 44-122 Gliwice ul. Bojkowska 16;1409;384;384;8;376;27.25;2.08;1353;782;782;7;775;57.80;0.90
84145;246601;95;Szkoła Podstawowa nr 5 44-122 Gliwice ul. Żwirki i Wigury 85;907;269;269;5;264;29.66;1.86;900;498;498;9;489;55.33;1.81
84146;246601;96;Zespół Szkolno-Przedszkolny nr 1 44-122 Gliwice ul. Kilińskiego 1;1599;364;364;10;354;22.76;2.75;1558;748;748;16;732;48.01;2.14
84147;246601;97;Zespół Szkół Samochodowych 44-122 Gliwice ul. Kilińskiego 24a;836;180;180;5;175;21.53;2.78;834;361;361;6;355;43.29;1.66
84148;246601;98;Gimnazjum nr 4 44-122 Gliwice ul. Asnyka 36;1120;304;304;7;297;27.14;2.30;1075;610;610;10;600;56.74;1.64
84149;246601;99;Gimnazjum nr 4 44-122 Gliwice ul. Asnyka 36;1235;359;359;9;350;29.07;2.51;1182;706;706;3;703;59.73;0.42
84150;246601;100;Zespół Szkół Ponadgimnazjalnych 44-122 Gliwice ul. Jasna 31;1409;397;397;8;389;28.18;2.02;1337;793;793;8;785;59.31;1.01
84151;246601;101;Zespół Szkół Ponadgimnazjalnych 44-122 Gliwice ul. Jasna 31;1130;330;330;1;329;29.20;0.30;1086;647;647;11;636;59.58;1.70
84152;246601;102;Przedszkole Miejskie nr 6 44-122 Gliwice ul. Młodych Patriotów 10;1651;585;585;5;580;35.43;0.85;1607;956;956;7;949;59.49;0.73
84153;246601;103;Szkoła Podstawowa nr 23 44-122 Gliwice ul. Sikornik 1;1181;440;440;7;433;37.26;1.59;1150;697;697;10;687;60.61;1.43
84154;246601;104;Szkoła Podstawowa nr 23 44-122 Gliwice ul. Sikornik 1;1069;269;269;3;266;25.16;1.12;1029;519;519;5;514;50.44;0.96
84155;246601;105;Zespół Szkół Ogólnokształcących nr 5 44-122 Gliwice ul. Sikornik 34;1446;414;414;5;409;28.63;1.21;1410;805;805;6;799;57.09;0.75
84156;246601;106;Zespół Szkół Ogólnokształcących nr 5 44-122 Gliwice ul. Sikornik 34;1649;544;544;4;540;32.99;0.74;1411;884;884;10;874;62.65;1.13
84157;246601;107;Zespół Szkół Ogólnokształcących nr 5 44-122 Gliwice ul. Sikornik 34;1677;515;515;16;499;30.71;3.11;1634;923;923;15;908;56.49;1.63
84158;246601;108;Szkoła Podstawowa nr 41 44-122 Gliwice ul. Kormoranów 23;1324;472;472;7;465;35.65;1.48;1302;820;820;10;810;62.98;1.22
84159;246601;109;Szkoła Podstawowa nr 41 44-122 Gliwice ul. Kormoranów 23;1323;402;402;17;385;30.39;4.23;1296;715;715;17;698;55.17;2.38
84160;246601;110;Szkoła Podstawowa nr 41 44-122 Gliwice ul. Kormoranów 23;1377;451;451;8;443;32.75;1.77;1335;795;795;12;783;59.55;1.51
91397;246601;111;Szpital Wielospecjalistyczny Sp. z o. o. 44-100 Gliwice ul. Kościuszki 1;36;5;5;1;4;13.89;20.00;50;24;24;1;23;48.00;4.17
91398;246601;112;Gliwickie Centrum Medyczne Sp. z o. o. 44-100 Gliwice ul. Kościuszki 29;71;16;16;1;15;22.54;6.25;55;22;22;1;21;40.00;4.55
91399;246601;113;Szpital Miejski nr 4 z Przychodnią Samodzielny Publiczny Zakład Opieki Zdrowotnej 44-100 Gliwice ul. Zygmunta Starego 20;61;15;15;1;14;24.59;6.67;77;31;31;1;30;40.26;3.23
91400;246601;114;VITO_MED Sp. z o. o. 44-100 Gliwice ul. Radiowa 2;44;10;10;0;10;22.73;0.00;55;20;20;0;20;36.36;0.00
91401;246601;115;VITO-MED Sp. o. o. Zakład Opiekuńczo - Leczniczy 44-100 Gliwice ul. Kozielska 8;60;6;6;0;6;10.00;0.00;61;10;10;3;7;16.39;30.00
91402;246601;116;Niepubliczny Zakład opieki Zdrowotnej Hospicjum Miłosierdzia Bożego 44-100 Gliwice ul. Daszyńskiego 29;27;13;13;0;13;48.15;0.00;25;9;9;0;9;36.00;0.00
91403;246601;117;Centrum Onkologii - Instytut im. Marii Skłodowskiej - Curie Oddział w Gliwicach 44-100 Gliwice ul. Wybrzeże Armii Krajowej 15;270;58;58;1;57;21.48;1.72;260;112;112;6;106;43.08;5.36
91404;246601;118;Dom Pomocy Społecznej „OPOKA” 44-100 Gliwice ul. Pszczyńska 100;52;16;16;1;15;30.77;6.25;51;22;22;1;21;43.14;4.55
91405;246601;119;Dom Pomocy Społecznej „NASZ DOM” 44-122 Gliwice ul. Derkacza 10;116;49;49;7;42;42.24;14.29;114;64;64;14;50;56.14;21.88
91406;246601;120;Areszt Śledczy w Gliwicach 44-100 Gliwice ul. Wieczorka 10;382;178;178;16;162;46.60;8.99;322;198;198;29;169;61.49;14.65
84161;246701;1;Zespół Szkół Nr 8 44-335 Jastrzębie-Zdrój ul. Edukacyjna 13;2060;383;383;14;369;18.59;3.66;2096;1162;1162;17;1145;55.44;1.46
84162;246701;2;Zespół Szkół Nr 12 44-335 Jastrzębie-Zdrój Osiedle 1000-lecia 9;2343;489;489;23;466;20.87;4.70;2231;1180;1180;39;1141;52.89;3.31
84163;246701;3;Zespół Szkół Nr 12 44-335 Jastrzębie-Zdrój Osiedle 1000-lecia 9;1947;312;312;7;305;16.02;2.24;2017;818;818;26;792;40.56;3.18
84164;246701;4;Szkoła Podstawowa Nr 1 44-335 Jastrzębie-Zdrój ul. Pszczyńska 125;1344;406;406;12;394;30.21;2.96;1351;880;880;15;865;65.14;1.70
84165;246701;5;Szkoła Podstawowa Nr 1 44-335 Jastrzębie-Zdrój ul. Pszczyńska 125;1367;402;402;8;394;29.41;1.99;1381;838;838;20;818;60.68;2.39
84166;246701;6;Publiczne Przedszkole Nr 16 44-335 Jastrzębie-Zdrój ul. Ruchu Oporu 25;1883;465;465;25;440;24.69;5.38;1823;1047;1047;25;1022;57.43;2.39
84167;246701;7;Publiczne Przedszkole nr 16 44-335 Jastrzębie-Zdrój ul. Ruchu Oporu 25;1585;265;265;7;258;16.72;2.64;1548;759;759;15;744;49.03;1.98
84168;246701;8;Dom Strażaka 44-335 Jastrzębie-Zdrój ul. Świerczewskiego 174;1896;480;480;13;467;25.32;2.71;1966;1222;1222;35;1187;62.16;2.86
84169;246701;9;Zespół Szkół Nr 13 44-335 Jastrzębie-Zdrój ul. Świerczewskiego 34;1080;208;208;1;207;19.26;0.48;1092;588;588;27;561;53.85;4.59
84170;246701;10;Gimnazjum Nr 8 44-335 Jastrzębie-Zdrój ul. Katowicka 35;1657;468;468;7;461;28.24;1.50;1619;950;950;22;928;58.68;2.32
84171;246701;11;Gimnazjum Nr 8 44-335 Jastrzębie-Zdrój ul. Katowicka 35;1669;478;478;21;457;28.64;4.39;1645;985;985;16;969;59.88;1.62
84172;246701;12;Zespół Szkół Nr 2 44-335 Jastrzębie-Zdrój ul. Poznańska 1A;2308;614;614;15;599;26.60;2.44;2231;1287;1287;25;1262;57.69;1.94
84173;246701;13;Zespół Szkół Nr 2 44-335 Jastrzębie-Zdrój ul. Poznańska 1A;2262;670;670;17;653;29.62;2.54;2219;1337;1337;21;1316;60.25;1.57
84174;246701;14;Zespół Szkół Mistrzostwa Sportowego 44-335 Jastrzębie-Zdrój ul. Piastów 15;1668;316;316;14;302;18.94;4.43;1631;768;768;32;736;47.09;4.17
84175;246701;15;Zespół Szkół Mistrzostwa Sportowego 44-335 Jastrzębie-Zdrój ul. Piastów 15;1728;251;251;9;242;14.53;3.59;1672;627;627;20;607;37.50;3.19
84176;246701;16;Zespół Szkół Mistrzostwa Sportowego 44-335 Jastrzębie-Zdrój ul. Piastów 15;1179;269;269;3;266;22.82;1.12;1145;658;658;15;643;57.47;2.28
84177;246701;17;Szkoła Podstawowa Nr 4 44-335 Jastrzębie-Zdrój ul. Kościuszki 19;2230;546;546;15;531;24.48;2.75;2183;1016;1016;25;991;46.54;2.46
84178;246701;18;Szkoła Podstawowa Nr 4 44-335 Jastrzębie-Zdrój ul. Kościuszki 19;1953;620;620;11;609;31.75;1.77;1954;1119;1119;21;1098;57.27;1.88
84179;246701;19;Zespół Szkół Zawodowych 44-335 Jastrzębie-Zdrój ul. 11 Listopada 45;1837;442;442;17;425;24.06;3.85;1828;989;989;27;962;54.10;2.73
84180;246701;20;Szkoła Podstawowa Nr 9 44-335 Jastrzębie-Zdrój ul. Wielkopolska 22;1969;423;423;6;417;21.48;1.42;1906;997;997;20;977;52.31;2.01
84181;246701;21;Szkoła Podstawowa nr 9 44-335 Jastrzębie-Zdrój ul. Wielkopolska 22;2126;526;526;14;512;24.74;2.66;2056;1062;1062;13;1049;51.65;1.22
84182;246701;22;Szkoła Podstawowa nr 9 44-335 Jastrzębie-Zdrój ul. Wielkopolska 22;1908;504;504;10;494;26.42;1.98;1867;1011;1011;24;987;54.15;2.37
84183;246701;23;Zespół Szkół nr 11 44-335 Jastrzębie-Zdrój ul. Czecha 20A;2227;595;595;13;582;26.72;2.18;2135;1173;1173;17;1156;54.94;1.45
84184;246701;24;Zespół Szkół nr 11 44-335 Jastrzębie-Zdrój ul. Czecha 20A;2046;551;551;14;537;26.93;2.54;1983;1140;1140;35;1105;57.49;3.07
84185;246701;25;Szkoła Podstawowa Nr 16 44-335 Jastrzębie-Zdrój ul. Komuny Paryskiej 18C;1744;330;330;5;325;18.92;1.52;1717;936;936;24;912;54.51;2.56
84186;246701;26;Szkoła Podstawowa Nr 16 44-335 Jastrzębie-Zdrój ul. Komuny Paryskiej 18C;1562;316;316;8;308;20.23;2.53;1560;810;810;19;791;51.92;2.35
84187;246701;27;Szkoła Podstawowa nr 17 44-335 Jastrzębie-Zdrój ul. Księdza Płonki 23;1340;306;306;7;299;22.84;2.29;1381;745;745;17;728;53.95;2.28
84188;246701;28;Szkoła Podstawowa nr 17 44-335 Jastrzębie-Zdrój ul. Księdza Płonki 23;1621;382;382;14;368;23.57;3.66;1656;923;923;19;904;55.74;2.06
84189;246701;29;Szkoła Podstawowa nr 6 44-335 Jastrzębie-Zdrój ul. Śląska 6;1853;477;479;17;460;25.74;3.56;1807;894;894;22;872;49.47;2.46
84190;246701;30;Szkoła Podstawowa Nr 6 44-335 Jastrzębie-Zdrój ul. Śląska 6;1803;417;417;10;407;23.13;2.40;1725;888;888;9;879;51.48;1.01
84191;246701;31;Publiczne Przedszkole nr 5 44-335 Jastrzębie-Zdrój ul. Kaszubska 4;1500;399;399;5;394;26.60;1.25;1460;736;736;14;722;50.41;1.90
84192;246701;32;Publiczne Przedszkole nr 5 44-335 Jastrzębie-Zdrój ul. Kaszubska 4;1684;360;360;14;346;21.38;3.89;1678;862;862;24;838;51.37;2.78
84193;246701;33;Publiczne Przedszkole nr 5 44-335 Jastrzębie-Zdrój ul. Kaszubska 4;1811;434;434;17;417;23.96;3.92;1770;919;919;12;907;51.92;1.31
84194;246701;34;Szkoła Podstawowa Nr 10 44-335 Jastrzębie-Zdrój ul. Zielona 2A;1566;389;389;11;378;24.84;2.83;1535;834;834;27;807;54.33;3.24
84195;246701;35;Szkoła Podstawowa Nr 10 44-335 Jastrzębie-Zdrój ul. Zielona 2A;1911;476;476;19;457;24.91;3.99;1850;1036;1036;16;1020;56.00;1.54
84196;246701;36;Szkoła Podstawowa Nr 10 44-335 Jastrzębie-Zdrój ul. Zielona 2A;1427;367;367;14;353;25.72;3.81;1374;788;788;19;769;57.35;2.41
84197;246701;37;Zespół Szkół Nr 1 44-335 Jastrzębie-Zdrój ul. Graniczna 2;1521;345;345;3;342;22.68;0.87;1510;830;830;22;808;54.97;2.65
84198;246701;38;Zespół Szkół Nr 1 44-335 Jastrzębie-Zdrój ul. Graniczna 2;1613;362;362;4;358;22.44;1.10;1551;852;852;13;839;54.93;1.53
84199;246701;39;Szkoła Podstawowa nr 12 44-335 Jastrzębie-Zdrój ul. Szkolna 7;2190;520;520;16;504;23.74;3.08;2137;1153;1153;27;1126;53.95;2.34
84200;246701;40;Szkoła Podstawowa nr 12 44-335 Jastrzębie-Zdrój ul. Szkolna 7;2249;582;582;16;566;25.88;2.75;2209;1260;1260;24;1236;57.04;1.90
91407;246701;41;Zakład Karny 44-335 Jastrzębie-Zdrój Norwida 23;895;110;110;17;93;12.29;15.45;767;243;243;38;205;31.68;15.64
91408;246701;42;Wojewódzki Szpital Specjalistyczny nr 2 44-335 Jastrzębie-Zdrój Al. Jana Pawła II 7;107;54;54;4;50;50.47;7.41;155;109;109;1;108;70.32;0.92
91409;246701;43;Wojewódzki Szpital Specjalistyczny nr 2 44-335 Jastrzębie-Zdrój Krasickiego 21;83;11;11;0;11;13.25;0.00;89;26;26;0;26;29.21;0.00
91410;246701;44;Dom Pomocy Społecznej 44-335 Jastrzębie-Zdrój Kaszubska 6;41;26;26;1;25;63.41;3.85;32;22;22;1;21;68.75;4.55
84201;246801;1;Sala lustrzana w Hali Widowiskowo - Sportowej MCKiS /wejście od ul. Farnej/ 43 - 600 Jaworzno ul. Grunwaldzka 80;1513;438;438;16;422;28.95;3.65;1576;928;928;17;911;58.88;1.83
84202;246801;2;Gimnazjum nr 1 43 - 600 Jaworzno ul. Urzędnicza 11;1533;383;383;12;371;24.98;3.13;1512;885;885;23;862;58.53;2.60
84203;246801;3;Gimnazjum nr 1 43 - 600 Jaworzno ul. Urzędnicza 11;1720;303;303;8;295;17.62;2.64;1670;659;659;5;654;39.46;0.76
84204;246801;4;Zespół Szkolno - Przedszkolny nr 1 43 - 600 Jaworzno ul. Matejki 3;1774;426;426;7;419;24.01;1.64;1728;909;909;21;888;52.60;2.31
84205;246801;5;Zespół Szkolno - Przedszkolny nr 1 43 - 600 Jaworzno ul. Matejki 3;1906;310;310;19;291;16.26;6.13;1874;764;764;18;746;40.77;2.36
84206;246801;6;Przedszkole Miejskie nr 1 43 - 600 Jaworzno ul. Szymanowskiego 10;1565;269;269;7;262;17.19;2.60;1546;601;601;17;584;38.87;2.83
84207;246801;7;Zespół Szkół Ponadgimnazjalnych nr 3 43 - 600 Jaworzno ul. Północna 9a;1492;319;319;15;304;21.38;4.70;1487;785;785;22;763;52.79;2.80
84208;246801;8;I Liceum Ogólnokształcące 43 - 600 Jaworzno ul. Licealna 3;1549;370;370;29;341;23.89;7.84;1493;747;747;18;729;50.03;2.41
84209;246801;9;Szkoła Podstawowa nr 16 43 - 600 Jaworzno ul. 3 Maja 18;2010;472;472;14;458;23.48;2.97;1932;986;986;21;965;51.04;2.13
84210;246801;10;Szkoła Podstawowa nr 16 43 - 600 Jaworzno ul. 3 Maja 18;1924;435;435;9;426;22.61;2.07;1874;969;969;24;945;51.71;2.48
84211;246801;11;Gimnazjum nr 3 43 - 600 Jaworzno ul. Lipowa 24;1934;331;331;11;320;17.11;3.32;1894;870;870;20;850;45.93;2.30
84212;246801;12;Gimnazjum nr 3 43 - 600 Jaworzno ul. Lipowa 24;2048;387;387;16;371;18.90;4.13;1977;1012;1012;22;990;51.19;2.17
84213;246801;13;Gimnazjum nr 3 43 - 600 Jaworzno ul. Lipowa 24;1878;369;369;14;355;19.65;3.79;1806;879;879;17;862;48.67;1.93
84214;246801;14;Szkoła Podstawowa nr 3 43-600 Jaworzno ul. Kasprzaka 6;672;118;118;2;116;17.56;1.69;657;329;329;12;317;50.08;3.65
84215;246801;15;Szkoła Podstawowa nr 7 43-600 Jaworzno ul. Ławczana 12;1669;304;304;13;291;18.21;4.28;1616;832;832;17;815;51.49;2.04
84216;246801;16;Szkoła Podstawowa Nr 7 43 - 600 Jaworzno ul. Ławczana 12;1577;295;295;6;289;18.71;2.03;1524;768;768;12;756;50.39;1.56
84217;246801;17;Zespół Szkół Ogólnokształcących 43 - 600 Jaworzno ul. Towarowa 61;1888;388;388;19;369;20.55;4.90;1819;998;998;19;979;54.87;1.90
84218;246801;18;Zespół Szkół Ogólnokształcących 43 - 600 Jaworzno ul. Towarowa 61;2282;550;550;20;530;24.10;3.64;2235;1175;1175;18;1157;52.57;1.53
84219;246801;19;Szkoła Podstawowa nr 15 43 - 600 Jaworzno ul. Leśna 49;2128;568;568;23;545;26.69;4.05;2081;1191;1191;23;1168;57.23;1.93
84220;246801;20;Gimnazjum nr 11 43 - 600 Jaworzno ul. Sobieskiego 61;1332;265;265;4;261;19.89;1.51;1315;627;627;15;612;47.68;2.39
84221;246801;21;Zespół Szkół nr 3 43 - 600 Jaworzno ul. Koszarowa 20;2007;461;461;16;445;22.97;3.47;1961;990;990;22;968;50.48;2.22
84222;246801;22;Przedszkole Miejskie nr 17 43 - 600 Jaworzno ul. Kościuszki 6;1588;279;279;8;271;17.57;2.87;1583;628;628;17;611;39.67;2.71
84223;246801;23;Szkoła Postawowa Nr 9 43 - 600 Jaworzno ul. Batorego 48;1896;512;512;19;493;27.00;3.71;1866;1005;1005;10;995;53.86;1.00
84224;246801;24;Zespół Szkolno Przedszkolny nr 2 43 - 600 Jaworzno ul. Chropaczówka 101;1505;299;299;7;292;19.87;2.34;1517;832;832;36;796;54.85;4.33
84225;246801;25;Szkoła Podstawowa Nr 3 43 - 600 Jaworzno ul. Kasprzaka 6;1090;280;280;8;272;25.69;2.86;1106;613;613;7;606;55.42;1.14
84226;246801;26;Szkoła Podstawowa nr 5 43 - 600 Jaworzno ul. Puszkina 5;1557;276;276;11;265;17.73;3.99;1503;657;657;17;640;43.71;2.59
84227;246801;27;II Liceum Ogólnokształcące 43 - 600 Jaworzno ul. M. Curie-Skłodowskiej 6;1787;365;365;2;363;20.43;0.55;1709;802;802;22;780;46.93;2.74
84228;246801;28;Zespół Szkół Ponadgimnazjalnych nr 4 43 - 600 Jaworzno ul. Armii Krajowej 5;1739;321;321;12;309;18.46;3.74;1662;750;750;24;726;45.13;3.20
84229;246801;29;Zespół Szkół Ponadgimnazjalnych nr 4 43 - 600 Jaworzno ul. Armii Krajowej 5;1866;425;425;11;414;22.78;2.59;1788;990;990;14;976;55.37;1.41
84230;246801;30;Gimnazjum Nr 5 43 - 600 Jaworzno ul. Starowiejska 15;1999;567;567;18;549;28.36;3.17;1944;1137;1137;13;1124;58.49;1.14
84231;246801;31;Zespół Szkół Ponadgimnazjalnych nr 2 43 - 600 Jaworzno ul. Inwalidów Wojennych 16;513;53;53;3;50;10.33;5.66;499;166;166;7;159;33.27;4.22
84232;246801;32;Zespół Szkół nr 4 43 - 600 Jaworzno ul. Spółdzielcza 9;2202;516;516;8;508;23.43;1.55;2187;1266;1266;13;1253;57.89;1.03
84233;246801;33;Przedszkole Miejskie nr 24 43 - 600 Jaworzno ul. Czwartaków 1;1872;443;443;14;429;23.66;3.16;1849;991;991;26;965;53.60;2.62
84234;246801;34;Szkoła Podstawowa nr 18 43 - 600 Jaworzno ul. ks. Andrzeja Mroczka 53c;2170;428;428;8;420;19.72;1.87;2181;1212;1212;29;1183;55.57;2.39
84235;246801;35;Szkoła Podstawowa nr 18 43 - 600 Jaworzno ul. ks. Andrzeja Mroczka 53c;2045;372;372;16;356;18.19;4.30;2045;1034;1034;38;996;50.56;3.68
84236;246801;36;Szkoła Podstawowa nr 19 43 - 600 Jaworzno ul. Kasztanowa 33;1714;346;346;8;338;20.19;2.31;1699;910;910;17;893;53.56;1.87
84237;246801;37;Przedszkole Miejskie nr 18 43 - 600 Jaworzno ul. Korczyńskiego 12;1598;445;445;8;437;27.85;1.80;1619;960;962;15;945;59.30;1.56
84238;246801;38;Klub Środowiskowy „NIKO” 43 - 600 Jaworzno ul. Korczyńskiego 10;2104;538;538;17;521;25.57;3.16;2082;1156;1156;21;1135;55.52;1.82
84239;246801;39;Szkoła Podstawowa Nr 22 43 - 600 Jaworzno ul. Szymona Banasika 1;2377;662;662;17;645;27.85;2.57;2335;1353;1353;30;1323;57.94;2.22
84240;246801;40;Gimnazjum nr 8 43 - 600 Jaworzno ul. Zwycięstwa 30;1678;403;403;10;393;24.02;2.48;1665;872;872;22;850;52.37;2.52
84241;246801;41;Szkoła Podstawowa nr 14 43 - 600 Jaworzno ul. Niemcewicza 7a;2042;480;480;18;462;23.51;3.75;2014;1131;1131;26;1105;56.16;2.30
84242;246801;42;Gimnazjum nr 2 43 - 600 Jaworzno ul. Olszewskiego 76;985;254;254;7;247;25.79;2.76;961;556;556;9;547;57.86;1.62
84243;246801;43;Przedszkole Miejskie nr 15 43 - 600 Jaworzno ul. Azot 16;1721;285;285;10;275;16.56;3.51;1707;796;796;22;774;46.63;2.76
84244;246801;44;Szkoła Podstawowa nr 15 43-600 Jaworzno ul. Leśna 49;1212;333;333;5;328;27.48;1.50;1221;736;736;7;729;60.28;0.95
91411;246801;45;Dom Pomocy Społecznej 43 - 600 Jaworzno ul. Obrońców Poczty Gdańskiej 63;97;48;48;3;45;49.48;6.25;100;35;35;8;27;35.00;22.86
91412;246801;46;SP ZOZ Szpital Wielospecjalistyczny 43 - 600 Jaworzno Chełmońskiego 28;186;54;54;4;50;29.03;7.41;167;74;74;3;71;44.31;4.05
84245;246901;1;Zakłady Metalowe „ZA-MET” Sp. z o.o. 40-773 Katowice ul. Panewnicka 375;2000;739;739;9;730;36.95;1.22;1998;1348;1348;11;1337;67.47;0.82
84246;246901;2;Szkoła Podstawowa nr 9 40-772 Katowice ul. Panewnicka 172;1981;874;874;11;863;44.12;1.26;1975;1350;1350;16;1334;68.35;1.19
84247;246901;3;Przedszkole nr 99 40-755 Katowice ul. Płochy 6;2030;748;748;13;735;36.85;1.74;1980;1255;1255;34;1221;63.38;2.71
84248;246901;4;Szkoła Podstawowa nr 67 40-756 Katowice ul. Zielona 5;1735;492;492;9;483;28.36;1.83;1724;998;998;10;988;57.89;1.00
84249;246901;5;Szkoła Podstawowa nr 67 40-756 Katowice ul. Zielona 5;1335;520;520;8;512;38.95;1.54;1312;920;920;10;910;70.12;1.09
84250;246901;6;Gimnazjum nr 23 40-751 Katowice ul. Medyków 27;1950;790;790;19;771;40.51;2.41;1967;1305;1305;13;1292;66.34;1.00
84251;246901;7;VII Liceum Ogólnokształcące 40-709 Katowice ul. Panewnicka 13;2177;616;616;12;604;28.30;1.95;2145;1120;1120;11;1109;52.21;0.98
84252;246901;8;VII Liceum Ogólnokształcące 40-709 Katowice ul. Panewnicka 13;2177;670;670;16;654;30.78;2.39;2120;1181;1181;17;1164;55.71;1.44
84253;246901;9;Szkoła Podstawowa nr 34 40-710 Katowice ul. Zielonogórska 3;2062;705;705;14;691;34.19;1.99;2023;1167;1167;57;1110;57.69;4.88
84254;246901;10;Gimnazjum nr 21 40-710 Katowice ul. Zielonogórska 23;1811;512;512;13;499;28.27;2.54;1752;886;886;9;877;50.57;1.02
84255;246901;11;Zespół Szkół Specjalnych nr 12 40-718 Katowice ul. Kołobrzeska 8;995;330;330;3;327;33.17;0.91;982;611;611;10;601;62.22;1.64
84256;246901;12;Przedszkole nr 76 40-718 Katowice ul. Kołobrzeska 20a;1543;502;502;9;493;32.53;1.79;1504;904;904;16;888;60.11;1.77
84257;246901;13;Przedszkole nr 89 40-719 Katowice ul. Zadole 26a;1483;531;531;12;519;35.81;2.26;1455;912;912;10;902;62.68;1.10
84258;246901;14;Szkoła Podstawowa nr 11 40-551 Katowice ul. Nasypowa 16;981;338;338;5;333;34.45;1.48;975;571;571;3;568;58.56;0.53
84259;246901;15;Dom Pomocy Społecznej „Zacisze” 40-695 Katowice ul. Traktorzystów 42;1771;705;705;5;700;39.81;0.71;1707;1090;1090;12;1078;63.85;1.10
84260;246901;16;Zespół Szkolno-Przedszkolny nr 2 40-685 Katowice ul. Sobańskiego 86;1319;472;472;9;463;35.78;1.91;1291;771;771;7;764;59.72;0.91
84261;246901;17;Zespół Szkolno-Przedszkolny nr 2 40-685 Katowice ul. Sobańskiego 86;1878;651;651;8;643;34.66;1.23;1978;1283;1283;15;1268;64.86;1.17
84262;246901;18;Zespół Szkół Poligraficzno-Mechanicznych 40-671 Katowice ul. Armii Krajowej 84;1265;408;408;5;403;32.25;1.23;1234;734;734;14;720;59.48;1.91
84263;246901;19;Gimnazjum nr 20 40-613 Katowice ul. Gen. W. Jankego 160;1454;529;529;3;526;36.38;0.57;1592;1048;1048;9;1039;65.83;0.86
84264;246901;20;Gimnazjum nr 20 40-613 Katowice ul. Gen. W. Jankego 160;1956;567;567;8;559;28.99;1.41;1912;1085;1085;7;1078;56.75;0.65
84265;246901;21;V Liceum Ogólnokształcące 40-615 Katowice ul. Gen. W. Jankego 65;1909;683;683;17;666;35.78;2.49;1882;1197;1197;25;1172;63.60;2.09
84266;246901;22;Gimnazjum nr 19 40-642 Katowice ul. Spółdzieczości 21;2137;735;735;24;711;34.39;3.27;2102;1315;1315;17;1298;62.56;1.29
84267;246901;23;Szkoła Podstawowa nr 27 40-648 Katowice ul. Łętowskiego 18;2036;669;669;14;655;32.86;2.09;1980;1209;1209;13;1196;61.06;1.08
84268;246901;24;Szkoła Podstawowa nr 27 40-648 Katowice ul. Łętowskiego 18;2153;759;759;21;738;35.25;2.77;2088;1318;1318;21;1297;63.12;1.59
84269;246901;25;Przedszkole nr 93 40-648 Katowice ul. Łętowskiego 24;2000;616;616;18;598;30.80;2.92;1907;1203;1203;21;1182;63.08;1.75
84270;246901;26;Miejski Dom Kultury „Południe” Filia w Zarzeczu 40-748 Katowice ul. Stellera 4;1820;793;793;13;780;43.57;1.64;1883;1280;1280;8;1272;67.98;0.62
84271;246901;27;Dom Katechetyczny 40-750 Katowice ul. Boya Żeleńskiego 34 wejście od ul. Migdałowców;2267;805;805;14;791;35.51;1.74;1479;1003;1003;10;993;67.82;1.00
84272;246901;28;Dom Katechetyczny 40-750 Katowice ul. Boya Żeleńskiego 34 wejście od ul. Migdałowców;2338;797;797;13;784;34.09;1.63;1597;1047;1047;20;1027;65.56;1.91
84273;246901;29;Miejski Dom Kultury „Południe” 40-750 Katowice ul. Boya Żeleńskiego 83;981;181;181;6;175;18.45;3.31;1681;1054;1054;17;1037;62.70;1.61
84274;246901;30;Miejski Dom Kultury „Południe” 40-750 Katowice ul. Boya Żeleńskiego 83;1510;320;320;7;313;21.19;2.19;968;497;497;19;478;51.34;3.82
84275;246901;31;Szkoła Podstawowa nr 21 40-748 Katowice ul. Malczewskiego 1;2238;754;754;8;746;33.69;1.06;1450;758;758;26;732;52.28;3.43
84276;246901;32;Szkoła Podstawowa nr 21 40-748 Katowice ul. Malczewskiego 1;2342;812;812;16;796;34.67;1.97;2284;1488;1488;14;1474;65.15;0.94
84277;246901;33;Zespół Szkół nr 2 40-749 Katowice ul. Goetla 2;1603;562;562;23;539;35.06;4.09;799;537;537;4;533;67.21;0.74
84278;246901;34;Zespół Szkół nr 2 40-749 Katowice ul. Goetla 2;1478;358;358;8;350;24.22;2.23;1615;1023;1023;14;1009;63.34;1.37
84279;246901;35;Miejski Dom Kultury „Południe” Filia Murcki 40-749 Katowice ul. Kołodzieja 42;1351;313;313;10;303;23.17;3.19;1573;1016;1016;11;1005;64.59;1.08
84280;246901;36;Centrum Kształcenia Zawodowego i Ustawicznego Województwa Śląskiego w Katowicach 40-304 Katowice ul. Wiertnicza 3;2259;565;565;16;549;25.01;2.83;1435;794;794;24;770;55.33;3.02
84281;246901;37;Zespół Szkolno-Przedszkolny nr 3 40-309 Katowice ul. Grzegorzka 4;1074;236;236;7;229;21.97;2.97;1318;680;680;16;664;51.59;2.35
84282;246901;38;Zespół Szkolno-Przedszkolny nr 3 40-309 Katowice ul. Grzegorzka 4;945;269;269;10;259;28.47;3.72;2209;1240;1240;23;1217;56.13;1.85
84283;246901;39;Zespół Szkół Handlowych 40-320 Katowice ul. Gen. J. Hallera 60;1449;313;313;12;301;21.60;3.83;1053;481;481;20;461;45.68;4.16
84284;246901;40;Gimnazjum nr 11 40-318 Katowice ul. Deszczowa 14;1571;428;428;13;415;27.24;3.04;935;513;513;13;500;54.87;2.53
84285;246901;41;Miejski Dom Kultury „Szopienice-Giszowiec” 40-321 Katowice ul. Gen. J. Hallera 28;1007;142;142;8;134;14.10;5.63;1432;640;640;11;629;44.69;1.72
84286;246901;42;Szkoła Podstawowa nr 44 40-353 Katowice ul. Morawa 86;1605;368;368;9;359;22.93;2.45;1450;792;792;20;772;54.62;2.53
84287;246901;43;Szkoła Podstawowa nr 42 40-374 Katowice ul. Wiosny Ludów 22;2033;369;369;9;360;18.15;2.44;1084;462;462;9;453;42.62;1.95
84288;246901;44;Szkoła Podstawowa nr 42 40-374 Katowice ul. Wiosny Ludów 22;1363;219;219;16;203;16.07;7.31;1592;757;757;24;733;47.55;3.17
84289;246901;45;Zespół Szkół Przemysłu Spożywczego 40-358 Katowice ul. Bednorza 15;1225;148;148;0;148;12.08;0.00;1984;818;818;34;784;41.23;4.16
84290;246901;46;Zespół Szkół Przemysłu Spożywczego 40-384 Katowice ul. Bednorza 15;1665;264;264;16;248;15.86;6.06;1353;481;481;25;456;35.55;5.20
84291;246901;47;Gimnazjum nr 14 40-404 Katowice ul. Oswobodzenia 47;2028;357;357;12;345;17.60;3.36;1197;410;410;11;399;34.25;2.68
84292;246901;48;Przedszkole nr 63 40-413 Katowice ul. Zamkowa 10;1661;442;442;17;425;26.61;3.85;1645;593;593;5;588;36.05;0.84
84293;246901;49;Szkoła Podstawowa nr 53 40-423 Katowice Pl. Wyzwolenia 18;1476;306;306;9;297;20.73;2.94;1984;801;801;14;787;40.37;1.75
84294;246901;50;Szkoła Podstawowa nr 53 40-423 Katowice Pl. Wyzwolenia 18;1417;262;262;10;252;18.49;3.82;1642;802;802;25;777;48.84;3.12
84295;246901;51;Budynek Szkoły Podstawowej nr 53 40-431 Katowice ul. Szopienicka 58a;1949;379;379;7;372;19.45;1.85;1453;727;727;11;716;50.03;1.51
84296;246901;52;Gimnazjum nr 15 40-488 Katowice ul. Karliczka 15;1943;512;512;19;493;26.35;3.71;1360;598;598;8;590;43.97;1.34
84297;246901;53;Gimnazjum nr 15 40-488 Katowice ul. Karliczka 15;1857;458;458;17;441;24.66;3.71;1880;993;993;16;977;52.82;1.61
84298;246901;54;Szkoła Podstawowa nr 51 40-466 Katowice ul. Przyjazna 7a;1869;455;455;3;452;24.34;0.66;1908;1050;1050;4;1046;55.03;0.38
84299;246901;55;Szkoła Podstawowa nr 51 40-466 Katowice ul. Przyjazna 7a;1981;471;471;14;457;23.78;2.97;1813;1018;1018;20;998;56.15;1.96
84300;246901;56;Przedszkole nr 91 40-467 Katowice ul. Adama 33;2044;532;532;17;515;26.03;3.20;1782;1051;1051;9;1042;58.98;0.86
84301;246901;57;Gimnazjum nr 16 40-474 Katowice ul. Wojciecha 9;1296;357;357;2;355;27.55;0.56;1965;1018;1018;14;1004;51.81;1.38
84302;246901;58;Gimnazjum nr 16 40-474 Katowice ul. Wojciecha 9;1469;420;420;19;401;28.59;4.52;1922;1097;1097;14;1083;57.08;1.28
84303;246901;59;Gimnazjum nr 16 40-474 Katowice ul. Wojciecha 9;1876;473;473;15;458;25.21;3.17;1280;766;766;5;761;59.84;0.65
84304;246901;60;Katowicka Spółdzielnia Mieszkaniowa Osiedle Zgrzebnioka 40-521 Katowice ul. Łabędzia 19;1840;1004;1004;14;990;54.57;1.39;1420;814;814;15;799;57.32;1.84
84305;246901;61;Zespół Szkół Technicznych i Ogólnokształcących nr 2 40-592 Katowice ul. Mikołowska 131;486;164;164;6;158;33.74;3.66;1820;975;975;15;960;53.57;1.54
84306;246901;62;Szkoła Podstawowa nr 65 40-533 Katowice ul. Kukułek 2a;1602;836;836;7;829;52.18;0.84;1839;1378;1378;8;1370;74.93;0.58
84307;246901;63;Dom Dziecka „Zakątek” 40-584 Katowice ul. Brynowska 70a;1673;724;724;12;712;43.28;1.66;488;303;303;5;298;62.09;1.65
84308;246901;64;KPE Nieruchomości S.A. 40-082 Katowice ul. Sobieskiego 2;1058;287;287;11;276;27.13;3.83;1545;1148;1148;2;1146;74.30;0.17
84309;246901;65;Gimnazjum nr 3 40-086 Katowice ul. Sokolska 23;1238;539;539;12;527;43.54;2.23;1620;1067;1067;5;1062;65.86;0.47
84310;246901;66;III Liceum Ogólnokształcące 40-092 Katowice ul. Mickiewicza 11;630;168;168;1;167;26.67;0.60;1060;517;517;8;509;48.77;1.55
84311;246901;67;Dział Nadzoru Systemu Parkowania przy MZUiM 40-009 Katowice ul. Warszawska 19;813;173;173;3;170;21.28;1.73;1213;790;790;12;778;65.13;1.52
84312;246901;68;VIII Liceum Ogólnokształcące 40-097 Katowice ul. 3 Maja 42;1165;336;336;11;325;28.84;3.27;603;287;287;7;280;47.60;2.44
84313;246901;69;Gimnazjum nr 2 40-052 Katowice ul. Głowackiego 4;1217;291;291;10;281;23.91;3.44;778;339;339;4;335;43.57;1.18
84314;246901;70;Gimnazjum nr 2 40-052 Katowice ul. Głowackiego 4;1529;536;536;12;524;35.06;2.24;1097;499;499;12;487;45.49;2.40
84315;246901;71;Świetlica Śląskiego Oddziału Okręgowego PCK 40-057 Katowice ul. PCK 8;1618;465;465;11;454;28.74;2.37;1174;539;539;9;530;45.91;1.67
84316;246901;72;Komunikacyjny Związek Komunalny Górnośląskiego Okręgu Przemysłowego 40-053 Katowice ul. Barbary 21a;1624;516;516;12;504;31.77;2.33;1474;868;868;3;865;58.89;0.35
84317;246901;73;Dom Pomocy Społecznej „Przystań” 40-069 Katowice ul. Adamskiego 22;2015;692;692;8;684;34.34;1.16;1547;821;821;24;797;53.07;2.92
84318;246901;74;Zespół Szkół Ekonomicznych 40-074 Katowice ul. Raciborska 3;1553;316;316;13;303;20.35;4.11;1604;935;935;9;926;58.29;0.96
84319;246901;75;Biurowiec 40-042 Katowice ul. Wita Stwosza 31;1143;523;523;7;516;45.76;1.34;1931;1176;1176;23;1153;60.90;1.96
84320;246901;76;Zespół Szkół Ogólnokształcących nr 1 40-039 Katowice ul. Sienkiewicza 74;1752;731;731;6;725;41.72;0.82;1518;640;640;24;616;42.16;3.75
84321;246901;77;Szkoła Podstawowa nr 1 40-035 Katowice ul. Jagiellońska 18;1593;469;469;12;457;29.44;2.56;1121;761;761;10;751;67.89;1.31
84322;246901;78;Szkoła Podstawowa nr 1 40-035 Katowice ul. Jagiellońska 18;1314;380;380;14;366;28.92;3.68;1710;1130;1130;10;1120;66.08;0.88
84323;246901;79;Dom Technika 40-026 Katowice ul. Podgórna 4;1610;565;565;4;561;35.09;0.71;1599;817;817;6;811;51.09;0.73
84324;246901;80;Przedszkole nr 6 40-007 Katowice ul. Uniwersytecka 15;1249;417;417;10;407;33.39;2.40;1250;661;661;13;648;52.88;1.97
84325;246901;81;Terenowy Punkt Pomocy Społecznej nr 2 MOPS Katowice 40-009 Katowice ul. Warszawska 42;1198;252;252;9;243;21.04;3.57;1598;852;852;6;846;53.32;0.70
84326;246901;82;Gimnazjum nr 5 40-017 Katowice ul. Graniczna 27;1691;554;554;16;538;32.76;2.89;1230;718;718;14;704;58.37;1.95
84327;246901;83;Gimnazjum nr 5 40-017 Katowice ul. Graniczna 27;1673;759;759;8;751;45.37;1.05;1113;460;460;4;456;41.33;0.87
84328;246901;84;Szkoła Podstawowa nr 12 40-282 Katowice ul. Paderewskiego 46;1920;802;802;8;794;41.77;1.00;1722;1022;1022;14;1008;59.35;1.37
84329;246901;85;Gimnazjum nr 4 40-018 Katowice ul. Graniczna 46;1905;724;724;23;701;38.01;3.18;1670;1155;1155;13;1142;69.16;1.13
84330;246901;86;Gimnazjum nr 4 40-024 Katowice ul. Graniczna 46;1923;585;585;9;576;30.42;1.54;1937;1290;1290;14;1276;66.60;1.09
84331;246901;87;Przedszkole nr 57 40-866 Katowice ul. Piastów 13;1597;606;606;20;586;37.95;3.30;1821;1177;1177;24;1153;64.63;2.04
84332;246901;88;Szkoła Podstawowa nr 66 40-870 Katowice Al. Krzywoustego 7;1956;707;707;10;697;36.15;1.41;1906;1121;1121;7;1114;58.81;0.62
84333;246901;89;Młodzieżowy Dom Kultury 40-873 Katowice ul. Tysiąclecia 5;1718;629;629;15;614;36.61;2.38;1583;1002;1002;13;989;63.30;1.30
84334;246901;90;Młodzieżowy Dom Kultury 40-873 Katowice ul. Tysiąclecia 5;1589;482;482;15;467;30.33;3.11;1878;1170;1170;11;1159;62.30;0.94
84335;246901;91;Zespół Szkół Integracyjnych nr 1 40-870 Katowice Al. Krzywoustego 11;1244;424;424;8;416;34.08;1.89;1704;1093;1093;14;1079;64.14;1.28
84336;246901;92;Spółdzielczy Ośrodek Kultury przy Spółdzielni Mieszkaniowej „Piast” 40-872 Katowice ul. Zawiszy Czarnego 8;1654;544;544;7;537;32.89;1.29;1564;847;847;14;833;54.16;1.65
84337;246901;93;Przedszkole nr 90 40-881 Katowice ul. Chrobrego 39;1464;637;637;9;628;43.51;1.41;1226;747;747;9;738;60.93;1.20
84338;246901;94;Zespół Szkół Ogólnokształcących nr 3 40-881 Katowice ul. Chrobrego 4;2073;765;765;12;753;36.90;1.57;1706;1091;1091;11;1080;63.95;1.01
84339;246901;95;Przedszkole nr 34 40-871 Katowice ul. Tysiąclecia 84a;1624;581;581;14;567;35.78;2.41;1427;933;933;17;916;65.38;1.82
84340;246901;96;Szkoła Podstawowa nr 59 40-881 Katowice ul. Chrobrego 5;1738;597;597;22;575;34.35;3.69;2035;1316;1316;21;1295;64.67;1.60
84341;246901;97;Szkoła Podstawowa nr 59 40-881 Katowice ul. Chrobrego 5;1894;704;704;16;688;37.17;2.27;1586;1014;1014;20;994;63.93;1.97
84342;246901;98;Zespół Szkół Specjalnych nr 11 40-859 Katowice ul. Gliwicka 148a;1697;264;264;17;247;15.56;6.44;1673;1034;1034;11;1023;61.81;1.06
84343;246901;99;Młodzieżowy Dom Kultury 40-860 Katowice ul. Gliwicka 214;1958;446;446;9;437;22.78;2.02;1811;1156;1156;16;1140;63.83;1.38
84344;246901;100;Szkoła Podstawowa nr 20 40-854 Katowice ul. Zarębskiego 2;1578;324;324;13;311;20.53;4.01;1652;656;656;19;637;39.71;2.90
84345;246901;101;Szkoła Podstawowa nr 20 40-854 Katowice ul. Zarębskiego 2;1528;226;226;11;215;14.79;4.87;1949;919;919;17;902;47.15;1.85
84346;246901;102;Szkoła Podstawowa nr 20 40-854 Katowice ul. Zarębskiego 2;1367;342;342;12;330;25.02;3.51;1544;707;707;13;694;45.79;1.84
84347;246901;103;Szkoła Podstawowa nr 19 40-110 Katowice ul. Agnieszki 2;1969;463;463;23;440;23.51;4.97;1503;556;556;17;539;36.99;3.06
84348;246901;104;Przedszkole nr 27 40-114 Katowice ul. Ściegiennego 27;1675;600;600;19;581;35.82;3.17;1312;679;679;20;659;51.75;2.95
84349;246901;105;Zespół Szkolno-Przedszkolny nr 1 40-106 Katowice ul. Sportowa 29;1070;299;299;9;290;27.94;3.01;1904;936;936;20;916;49.16;2.14
84350;246901;106;Zespół Szkolno-Przedszkolny nr 1 40-106 Katowice ul. Sportowa 29;1535;465;465;9;456;30.29;1.94;1687;1015;1015;21;994;60.17;2.07
84351;246901;107;Śląski Oddział Wojewódzki Narodowego Funduszu Zdrowia w Katowicach 40-833 Katowice ul. Kossutha 13;1590;470;470;16;454;29.56;3.40;1026;551;551;14;537;53.70;2.54
84352;246901;108;XV Liceum Ogólnokształcące 40-833 Katowice ul. Obroki 87;1530;394;394;16;378;25.75;4.06;1472;804;804;25;779;54.62;3.11
84353;246901;109;Przedszkole nr 13 40-832 Katowice ul. Witosa 16a;1808;568;568;16;552;31.42;2.82;1645;997;997;30;967;60.61;3.01
84354;246901;110;Zespół Szkół Ogólnokształcących nr 7 40-832 Katowice ul. Witosa 23;1914;535;535;17;518;27.95;3.18;1522;851;851;11;840;55.91;1.29
84355;246901;111;Zespół Szkół Ogólnokształcących nr 7 40-832 Katowice ul. Witosa 23;1853;600;600;18;582;32.38;3.00;1724;1036;1036;10;1026;60.09;0.97
84356;246901;112;Zespół Szkół Ogólnokształcących nr 7 40-832 Katowice ul. Witosa 23;1867;545;545;15;530;29.19;2.75;1858;1084;1084;17;1067;58.34;1.57
84357;246901;113;Gimnazjum nr 22 40-560 Katowice ul. Hetmańska 8;1882;609;609;9;600;32.36;1.48;1791;1166;1166;18;1148;65.10;1.54
84358;246901;114;Gimnazjum nr 22 40-560 Katowice ul. Hetmańska 8;1142;414;414;10;404;36.25;2.42;1800;1042;1042;8;1034;57.89;0.77
84359;246901;115;Zespół Szkół Zawodowych Specjalnych nr 6 40-555 Katowice ul. Rolna 22;2025;781;781;9;772;38.57;1.15;1825;1096;1096;12;1084;60.05;1.09
84360;246901;116;Szkoła Podstawowa nr 11 40-551 Katowice ul. Nasypowa 16;1928;807;807;14;793;41.86;1.73;1144;730;730;3;727;63.81;0.41
84361;246901;117;Zakładowy Dom Kultury KWK „Wujek” 40-595 Katowice ul. W. Pola 73;2226;596;596;16;580;26.77;2.68;2042;1388;1388;12;1376;67.97;0.86
84362;246901;118;Szkoła Podstawowa nr 5 40-594 Katowice ul. Gallusa 5;1745;519;519;27;492;29.74;5.20;1921;1277;1277;11;1266;66.48;0.86
84363;246901;119;Zespół Szkół Technicznych i Ogólnokształcących nr 2 40-592 Katowice ul. Mikołowska 131;1706;497;497;10;487;29.13;2.01;2154;1161;1161;16;1145;53.90;1.38
84364;246901;120;Szkoła Podstawowa nr 17 40-143 Katowice ul. Dekerta 1;2179;654;654;14;640;30.01;2.14;1709;929;929;15;914;54.36;1.61
84365;246901;121;Szkoła Podstawowa nr 17 40-143 Katowice ul. Dekerta 1;1866;611;611;15;596;32.74;2.45;1656;980;980;16;964;59.18;1.63
84366;246901;122;Gimnazjum nr 9 40-111 Katowice ul. Krzyżowa 12;1748;668;668;17;651;38.22;2.54;2116;1134;1134;23;1111;53.59;2.03
84367;246901;123;Gimnazjum nr 9 40-111 Katowice ul. Krzyżowa 12;1593;490;490;9;481;30.76;1.84;1796;1031;1031;13;1018;57.41;1.26
84368;246901;124;XIV Liceum Ogólnokształcące 40-144 Katowice ul. Józefowska 32;1818;464;464;12;452;25.52;2.59;1726;1080;1080;10;1070;62.57;0.93
84369;246901;125;Gimnazjum nr 9 40-111 Katowice ul. Krzyżowa 12;1594;496;496;7;489;31.12;1.41;1552;910;910;10;900;58.63;1.10
84370;246901;126;Przedszkole nr 73 40-136 Katowice ul. Słoneczna 77a;1616;537;537;11;526;33.23;2.05;1813;806;806;18;788;44.46;2.23
84371;246901;127;Szkoła Podstawowa nr 36 40-134 Katowice ul. Iłłakowiczówny 13;1723;563;563;17;546;32.68;3.02;1551;903;903;18;885;58.22;1.99
84372;246901;128;Szkoła Podstawowa nr 36 40-134 Katowice ul. Iłłakowiczówny 13;1181;350;350;3;347;29.64;0.86;1553;978;978;11;967;62.97;1.12
84373;246901;129;Komunalny Zakład Gospodarki Mieszkaniowej Świetlica 40-126 Katowice ul. Grażyńskiego 5;1258;497;497;7;490;39.51;1.41;1703;956;956;18;938;56.14;1.88
84374;246901;130;Miejska Biblioteka Publiczna, Filia nr 11 40-126 Katowice ul. Grażyńskiego 47;2050;709;709;24;685;34.59;3.39;1171;671;671;5;666;57.30;0.75
84375;246901;131;Główny Instytut Górnictwa 40-166 Katowice Pl. Gwarków 1;1873;589;589;13;576;31.45;2.21;1281;806;806;12;794;62.92;1.49
84376;246901;132;IV Liceum Ogólnokształcące 40-165 Katowice ul. Katowicka 54;1403;647;647;5;642;46.12;0.77;2032;1162;1164;7;1155;57.19;0.60
84377;246901;133;IV Liceum Ogólnokształcące 40-165 Katowice ul. Katowicka 54;1348;277;277;10;267;20.55;3.61;1835;971;971;16;955;52.92;1.65
84378;246901;134;IV Liceum Ogólnokształcące 40-165 Katowice ul. Katowicka 54;1350;473;473;7;466;35.04;1.48;1375;986;986;7;979;71.71;0.71
84379;246901;135;Miejska Biblioteka Publiczna Filia nr 16 40-175 Katowice ul. Wajdy 21;2130;747;747;17;730;35.07;2.28;1341;633;633;9;624;47.20;1.42
84380;246901;136;Zespół Szkół Specjalnych nr 9 40-208 Katowice ul. Ścigały 17;2050;505;505;14;491;24.63;2.77;1302;818;818;5;813;62.83;0.61
84381;246901;137;Miejski Dom Kultury „Bogucice-Zawodzie” 40-213 Katowice ul. Markiefki 44a;1564;293;293;10;283;18.73;3.41;2082;1278;1278;18;1260;61.38;1.41
84382;246901;138;Gimnazjum nr 10 40-216 Katowice ul. Słowiańska 1;1782;564;564;10;554;31.65;1.77;2004;1055;1055;21;1034;52.64;1.99
84383;246901;139;Gimnazjum nr 10 40-216 Katowice ul. Słowiańska 1;2043;762;762;14;748;37.30;1.84;1502;675;675;17;658;44.94;2.52
84384;246901;140;Szkoła Podstawowa nr 2 40-203 Katowice Al. Roździeńskiego 82;1419;590;590;18;572;41.58;3.05;1740;1009;1009;17;992;57.99;1.68
84385;246901;141;Szkoła Podstawowa nr 2 40-203 Katowice Al. Roździeńskiego 82;1138;486;486;11;475;42.71;2.26;1951;1298;1298;11;1287;66.53;0.85
84386;246901;142;X Liceum Ogólnokształcące 40-224 Katowice ul. Miarki 6;1418;237;237;9;228;16.71;3.80;1345;896;896;10;886;66.62;1.12
84387;246901;143;Zespół Szkół nr 1 40-230 Katowice ul. Staszica 2;2375;756;756;24;732;31.83;3.17;1095;708;708;11;697;64.66;1.55
84388;246901;144;Zespół Szkół nr 1 40-230 Katowice ul. Staszica 2;1434;299;299;6;293;20.85;2.01;1409;517;517;15;502;36.69;2.90
84389;246901;145;Miejski Dom Kultury „Bogucice-Zawodzie” 40-233 Katowice ul. Marcinkowskiego 13;1269;422;422;14;408;33.25;3.32;2301;1348;1348;17;1331;58.58;1.26
84390;246901;146;Miejski Dom Kultury „Bogucice-Zawodzie” 40-233 Katowice ul. Marcinkowskiego 13;1242;428;428;10;418;34.46;2.34;1503;629;629;22;607;41.85;3.50
91413;246901;147;Dom Pomocy Społecznej „Przystań” 40-069 Katowice ul. Adamskiego 22;82;33;33;8;25;40.24;24.24;1208;697;697;15;682;57.70;2.15
91414;246901;148;Dom Pomocy Społecznej „Zacisze” 40-695 Katowice ul. Traktorzystów 42;94;34;34;2;32;36.17;5.88;1247;785;785;12;773;62.95;1.53
91415;246901;149;„Senior Residence” Dom Pomocy Społecznej 40-668 Katowice ul. Pijarska 4;49;14;14;0;14;28.57;0.00;83;47;47;8;39;56.63;17.02
91416;246901;150;„Senior Residence” Placówka Świadcząca Całodobową Opiekę 40-750 Katowice ul. Zabłockiego 26;33;13;13;0;13;39.39;0.00;97;31;31;2;29;31.96;6.45
91417;246901;151;Społeczne Towarzystwo Hospicjum Cordis 40-413 Katowice ul. Ociepki 2;25;10;10;1;9;40.00;10.00;77;35;35;1;34;45.45;2.86
91418;246901;152;Zakład Opiekuńczo-Leczniczy 40-854 Katowice ul. Gliwicka 78;76;39;39;1;38;51.32;2.56;72;23;23;2;21;31.94;8.70
91419;246901;153;Zakład Opiekuńczo-Leczniczy 40-044 Katowice ul. Czempiela 1;42;27;27;1;26;64.29;3.70;27;17;17;0;17;62.96;0.00
91420;246901;154;Zakład Opieki Zdrowotnej 40-052 Katowice ul. Głowackiego 10;73;30;30;1;29;41.10;3.33;55;28;28;0;28;50.91;0.00
91421;246901;155;Szpital Katowice 40-027 Katowice ul. Reymonta 8;208;79;79;7;72;37.98;8.86;42;33;33;0;33;78.57;0.00
91422;246901;156;Szpital Katowice 40-749 Katowice ul. Sokołowskiego 2;108;24;24;0;24;22.22;0.00;295;145;145;7;138;49.15;4.83
91423;246901;157;Szpital Katowice 40-635 Katowice ul. Ziołowa 45/47;463;80;80;5;75;17.28;6.25;120;49;49;4;45;40.83;8.16
91424;246901;158;Szpital Katowice 40-752 Katowice ul. Medyków 14;351;87;87;5;82;24.79;5.75;473;153;153;1;152;32.35;0.65
91425;246901;159;Szpital Katowice 40-211 Katowice ul. Markiefki 87;292;22;22;0;22;7.53;0.00;503;156;156;6;150;31.01;3.85
91426;246901;160;Szpital Katowice 40-341 Katowice ul. Korczaka 27;213;33;33;2;31;15.49;6.06;178;46;46;1;45;25.84;2.17
91427;246901;161;Szpital Katowice 40-074 Katowice ul. Raciborska 27;86;35;35;1;34;40.70;2.86;212;75;75;3;72;35.38;4.00
91428;246901;162;Szpital Katowice 40-073 Katowice ul. Strzelecka 9;68;29;29;0;29;42.65;0.00;101;65;65;1;64;64.36;1.54
91429;246901;163;Szpital Katowice 40-145 Katowice ul. Józefowska 119;75;19;19;1;18;25.33;5.26;103;38;38;1;37;36.89;2.63
91430;246901;164;Szpital Katowice 40-008 Katowice ul. Warszawska 52;18;8;8;1;7;44.44;12.50;39;12;12;1;11;30.77;8.33
91431;246901;165;Szpital Katowice 40-760 Katowice ul. Panewnicka 65;57;17;17;0;17;29.82;0.00;30;15;15;0;15;50.00;0.00
91432;246901;166;Szpital Katowice 40-514 Katowice ul. Ceglana 35;15;8;8;1;7;53.33;12.50;50;24;24;2;22;48.00;8.33
91433;246901;167;Szpital Katowice 40-353 Katowice ul. Morawa 31;29;12;12;0;12;41.38;0.00;32;25;25;2;23;78.12;8.00
91434;246901;168;Areszt Śledczy 40-067 Katowice ul. Mikołowska 10a;313;166;166;22;144;53.04;13.25;52;21;21;0;21;40.38;0.00
84391;247001;1;Zespół Szkół Sportowych 41-400 Mysłowice, Szabelnia ul. Gwarków 1;1557;240;240;21;219;15.41;8.75;1457;590;590;27;563;40.49;4.58
84392;247001;2;Przedszkole Nr 8 41-400 Mysłowice, Szabelnia ul. Gwarków 22;1362;238;238;4;234;17.47;1.68;1344;586;586;28;558;43.60;4.78
84393;247001;3;Szkoła Podstawowa Nr 2 41-400 Mysłowice, Szabelnia ul. Piastowska 7;1591;250;250;14;236;15.71;5.60;1627;623;623;15;608;38.29;2.41
84394;247001;4;Mysłowicki Ośrodek Kultury 41-400 Mysłowice, Szabelnia ul. Grunwaldzka 7;1316;281;281;10;271;21.35;3.56;1314;600;600;11;589;45.66;1.83
84395;247001;5;Szkoła Podstawowa Nr 9 41-400 Mysłowice, Szabelnia ul. Armii Krajowej 30;1461;331;331;11;320;22.66;3.32;1420;714;714;24;690;50.28;3.36
84396;247001;6;II Liceum Ogólnokształcące 41-400 Mysłowice, Szabelnia ul. Mikołowska 3;1980;455;455;11;444;22.98;2.42;1926;925;925;28;897;48.03;3.03
84397;247001;7;Zespół Szkół Ogólnokształcących 41-400 Mysłowice, Szabelnia ul. Adama Mickiewicza 6-8;1878;466;466;12;454;24.81;2.58;1819;942;942;12;930;51.79;1.27
84398;247001;8;Gimnazjum Nr 2 41-400 Mysłowice, Szabelnia ul. Górnicza 4;1543;244;244;11;233;15.81;4.51;1497;569;571;19;550;38.01;3.34
84399;247001;9;Gimnazjum Nr 2 41-400 Mysłowice, Szabelnia ul. Górnicza 4;876;136;136;4;132;15.53;2.94;993;415;415;9;406;41.79;2.17
84400;247001;10;Przedszkole Nr 9 41-406 Mysłowice, Janów Miejski ul. Różyckiego 10J;1813;474;474;7;467;26.14;1.48;1779;999;999;67;932;56.16;6.71
84401;247001;11;Zespół Szkół Ponadgimnazjalnych Nr 1 41-406 Mysłowice, Ćmok ul. Mikołowska 44;1504;442;442;15;427;29.39;3.39;1464;907;907;13;894;61.95;1.43
84402;247001;12;Zespół Szkół Ponadgimnazjalnych Nr 1 41-406 Mysłowice, Ćmok ul. Mikołowska 44;2021;672;672;7;665;33.25;1.04;1867;1147;1147;11;1136;61.44;0.96
84403;247001;13;Szkoła Podstawowa Nr 3 41-406 Mysłowice, Janów Miejski ul. 1000-lecia Państwa Polskiego 6;2201;580;580;10;570;26.35;1.72;2221;1254;1254;22;1232;56.46;1.75
84404;247001;14;Gimnazjum Nr 1 41-400 Mysłowice, Janów Miejski ul. Wielka Skotnica 84a;2010;443;443;24;419;22.04;5.42;1913;1005;1005;18;987;52.54;1.79
84405;247001;15;Gimnazjum Nr 1 41-400 Mysłowice, Janów Miejski ul. Wielka Skotnica 84a;1964;480;480;19;461;24.44;3.96;1877;1073;1073;24;1049;57.17;2.24
84406;247001;16;Przedszkole Nr 20 41-400 Mysłowice, Janów Miejski ul. Gabrieli Zapolskiej 1;965;353;353;9;344;36.58;2.55;961;667;667;9;658;69.41;1.35
84407;247001;17;Szkoła Podstawowa Nr 1 41-406 Mysłowice, Szabelnia ul. Wielka Skotnica 2;1445;386;386;6;380;26.71;1.55;1398;773;773;9;764;55.29;1.16
84408;247001;18;Szkoła Podstawowa Nr 1 41-406 Mysłowice, Szabelnia ul. Wielka Skotnica 2;1745;470;470;25;445;26.93;5.32;1692;966;966;21;945;57.09;2.17
84409;247001;19;Przedszkole Nr 13 41-406 Mysłowice, Szabelnia ul. Armii Krajowej 19;1918;358;358;7;351;18.67;1.96;1857;779;779;17;762;41.95;2.18
84410;247001;20;Szkoła Podstawowa Nr 7 41-400 Mysłowice, Słupna ul. Stadionowa 2;551;118;118;2;116;21.42;1.69;529;268;268;3;265;50.66;1.12
84411;247001;21;Zespół Szkolno-Przedszkolny Nr 1 41-412 Mysłowice, Brzęczkowice ul. Gen.Jerzego Ziętka 116;948;287;287;10;277;30.27;3.48;960;594;594;6;588;61.88;1.01
84412;247001;22;Gimnazjum Nr 3 z Oddziałami Integracyjnymi i Dwujęzycznymi 41-412 Mysłowice, Brzęczkowice ul. Ks. Kardynała Augusta Hlonda 14;1671;471;471;10;461;28.19;2.12;1654;951;951;15;936;57.50;1.58
84413;247001;23;Gimnazjum Nr 3 z Oddziałami Integracyjnymi i Dwujęzycznymi 41-412 Mysłowice, Brzęczkowice ul. Ks. Kardynała Augusta Hlonda 14;1644;468;468;15;453;28.47;3.21;1574;951;951;14;937;60.42;1.47
84414;247001;24;Zespół Szkół Specjalnych 41-412 Mysłowice, Brzęczkowice ul. Bernarda Wały 4;1473;397;397;14;383;26.95;3.53;1425;769;769;10;759;53.96;1.30
84415;247001;25;Przedszkole Nr 16 41-412 Mysłowice, Brzęczkowice ul. Franciszka Kawy 4;1829;465;465;17;448;25.42;3.66;1783;1082;1082;14;1068;60.68;1.29
84416;247001;26;Szkoła Podstawowa Nr 10 41-404 Mysłowice, Brzezinka ul. Mikołaja Reja 28;2265;587;587;15;572;25.92;2.56;2246;1220;1220;20;1200;54.32;1.64
84417;247001;27;Mysłowicki Ośrodek Kultury 41-404 Mysłowice, Brzezinka ul. Laryska 5;1751;368;368;6;362;21.02;1.63;1677;827;827;26;801;49.31;3.14
84418;247001;28;Szkoła Podstawowa Nr 17 41-409 Mysłowice, Krasowy ul. PCK 209b;2025;575;575;14;561;28.40;2.43;2062;1238;1238;25;1213;60.04;2.02
84419;247001;29;Szkoła Podstawowa Nr 16 41-409 Mysłowice, Kosztowy ul. Kosztowska 46;1449;481;481;8;473;33.20;1.66;1462;914;914;15;899;62.52;1.64
84420;247001;30;Gimnazjum Nr 6 41-409 Mysłowice, Kosztowy ul. Jerzego Chromika 3;1391;495;495;9;486;35.59;1.82;1437;927;927;11;916;64.51;1.19
84421;247001;31;Szkoła Podstawowa Nr 5 41-409 Mysłowice, Dziećkowice ul. Długa 92;1132;260;260;10;250;22.97;3.85;1149;586;590;9;577;51.00;1.54
84422;247001;32;Zespół Szkolno-Przedszkolny Nr 3 41-404 Mysłowice, Brzezinka ul. Laryska 101;1069;280;280;7;273;26.19;2.50;1073;633;633;14;619;58.99;2.21
84423;247001;33;Zespół Szkolno-Przedszkolny Nr 2 41-404 Mysłowice, Morgi ul. Józefa Wybickiego 79;1873;576;576;16;560;30.75;2.78;1917;1259;1259;14;1245;65.68;1.11
84424;247001;34;Gimnazjum Nr 5 41-408 Mysłowice, Wesoła ul. Jana Dierżonia 26;2326;421;421;14;407;18.10;3.33;2284;1149;1149;42;1107;50.31;3.66
84425;247001;35;Dom Katechetyczny 41-408 Mysłowice, Ławki ul. Murckowska 147;771;208;208;13;195;26.98;6.25;779;457;457;5;452;58.66;1.09
84426;247001;36;Zespół Szkół Ponadgimnazjalnych Nr 2 41-408 Mysłowice, Wesoła ul. Pocztowa 20;1001;196;196;18;178;19.58;9.18;972;452;452;6;446;46.50;1.33
84427;247001;37;Zespół Szkół Ponadgimnazjalnych Nr 2 41-408 Mysłowice, Wesoła ul. Pocztowa 20;1025;263;263;14;249;25.66;5.32;996;496;496;21;475;49.80;4.23
84428;247001;38;Szkoła Podstawowa Nr 14 41-408 Mysłowice, Wesoła ul. 3-go Maja 19;1411;483;483;14;469;34.23;2.90;1450;939;939;16;923;64.76;1.70
91435;247001;39;Mysłowickie Centrum Zdrowia Sp. z o. o. 41-400 Mysłowice, Szabelnia ul. Mikołowska 1;30;3;3;0;3;10.00;0.00;27;9;9;0;9;33.33;0.00
91436;247001;40;SP ZOZ Szpital nr 2 im. dr. T. Boczonia 41-400 Mysłowice, Szabelnia ul. Bytomska 41;62;17;17;1;16;27.42;5.88;53;31;31;1;30;58.49;3.23
91437;247001;41;Areszt Śledczy 41-400 Mysłowice, Szabelnia ul. K. Szymanowskiego 6;361;128;128;7;121;35.46;5.47;276;181;181;15;166;65.58;8.29
84429;247101;1;Miejski Dom Kultury Filia 41-945 Piekary Śląskie, Kozłowa Góra ul. Tarnogórska 49;1349;271;271;11;260;20.09;4.06;1345;719;719;15;704;53.46;2.09
84430;247101;2;Zespół Szkolno-Przedszkolny Nr 1 41-945 Piekary Śląskie, Kozłowa Góra ul. Tarnogóska 40;1141;270;270;6;264;23.66;2.22;1155;643;643;6;637;55.67;0.93
84431;247101;3;Miejski Ośrodek Sportu i Rekreacji 41-943 Piekary Śląskie ul. Olimpijska 3;1855;280;280;16;264;15.09;5.71;1820;707;707;26;681;38.85;3.68
84432;247101;4;Szkoła Podstawowa Nr 9 41-943 Piekary Śląskie ul. Księdza Waculika 10;2204;485;485;17;468;22.01;3.51;2222;1139;1139;26;1113;51.26;2.28
84433;247101;5;Szkoła Podstawowa Nr 9 41-943 Piekary Śląskie ul. Księdza Waculika 10;1983;382;382;11;371;19.26;2.88;1957;904;904;13;891;46.19;1.44
84434;247101;6;Szkoła Podstawowa Nr 11 41-943 Piekary Śląskie ul. Śląska 8;1333;206;206;9;197;15.45;4.37;1287;540;540;18;522;41.96;3.33
84435;247101;7;Szkoła Podstawowa Nr 11 41-943 Piekary Śląskie ul. Śląska 8;1312;275;275;3;272;20.96;1.09;1257;609;609;12;597;48.45;1.97
84436;247101;8;Szkoła Podstawowa Nr 11 41-943 Piekary Śląskie ul. Śląska 8;1480;438;438;13;425;29.59;2.97;1426;858;858;19;839;60.17;2.21
84437;247101;9;Miejskie Gimnazjum Nr 1 41-943 Piekary Śląskie ul. Armii Krajowej 2;1532;354;354;24;330;23.11;6.78;1493;790;790;22;768;52.91;2.78
84438;247101;10;Miejskie Gimnazjum Nr 1 41-943 Piekary Śląskie ul. Armii Krajowej 2;1548;313;313;17;296;20.22;5.43;1530;756;756;15;741;49.41;1.98
84439;247101;11;Miejskie Gimnazjum Nr 2 41-940 Piekary Śląskie ul. Księdza Popiełuszki 8;1797;461;461;21;440;25.65;4.56;1739;991;991;32;959;56.99;3.23
84440;247101;12;Miejskie Gimnazjum Nr 2 41-940 Piekary Śląskie ul. Księdza Popiełuszki 8;1843;478;478;14;464;25.94;2.93;1810;1028;1028;22;1006;56.80;2.14
84441;247101;13;Zasadnicza Szkoła Zawodowa 41-940 Piekary Śląskie ul. Bytomska 207;1992;487;487;9;478;24.45;1.85;1912;1039;1039;32;1007;54.34;3.08
91438;247101;14;Zakład Opiekuńczo-Leczniczy 41-940 Piekary Śląskie Księdza Ficka 1;70;3;3;0;3;4.29;0.00;76;30;30;0;30;39.47;0.00
84442;247101;15;Szkoła Podstawowa Nr 5 41-940 Piekary Śląskie ul. Chopina 11;2015;644;644;27;617;31.96;4.19;1980;1190;1190;23;1167;60.10;1.93
84443;247101;16;Miejskie Gimnazjum Nr 3 41-940 Piekary Śląskie ul. Bytomska 81a;1925;440;440;19;421;22.86;4.32;1902;1010;1010;23;987;53.10;2.28
91439;247101;17;Samodzielny Publiczny Wojewódzki Szpital Chirurgii Urazowej im. Dra J.Daaba 41-940 Piekary Śląskie Bytomska 62;140;46;46;1;45;32.86;2.17;188;104;104;4;100;55.32;3.85
84444;247101;18;Liceum Ogólnokształcące 41-940 Piekary Śląskie ul. Gimnazjalna 24;1578;290;290;12;278;18.38;4.14;1565;735;735;16;719;46.96;2.18
91440;247101;19;Szpital Miejski w Piekarach Śląskich pw.św. Łukasza 41-940 Piekary Śląskie Szpitalna 11;91;24;24;1;23;26.37;4.17;83;43;43;0;43;51.81;0.00
84445;247101;20;Szkoła Podstawowa Nr 1 41-940 Piekary Śląskie ul. Szpitalna 9;1230;182;182;4;178;14.80;2.20;1204;396;396;15;381;32.89;3.79
84446;247101;21;Szkoła Podstawowa Nr 1 41-940 Piekary Śląskie ul. Szpitalna 9;1445;301;301;10;291;20.83;3.32;1409;696;696;14;682;49.40;2.01
84447;247101;22;Szkoła Podstawowa Nr 12 41-949 Piekary Śląskie, Brzozowice ul. Związkowa 14;1548;366;366;13;353;23.64;3.55;1554;799;799;20;779;51.42;2.50
84448;247101;23;Ośrodek Kultury „Andaluzja” 41-949 Piekary Śląskie, Brzozowice-Kamień ul. Oświęcimska 45;1515;299;299;5;294;19.74;1.67;1486;783;783;16;767;52.69;2.04
84449;247101;24;Zespół Szkół Nr 1 41-949 Piekary Śląskie, Brzozowice-Kamień ul. Skłodowskiej-Curie 49;1211;306;306;6;300;25.27;1.96;1186;719;719;12;707;60.62;1.67
84450;247101;25;Zespół Szkół Nr 1 41-949 Piekary Śląskie, Brzozowice-Kamień ul. Skłodowskiej-Curie 49;1277;240;240;8;232;18.79;3.33;1248;596;596;21;575;47.76;3.52
84451;247101;26;Miejskie Gimnazjum Nr 4 41-949 Piekary Śląskie, Brzozowice-Kamień ul. Skłodowskiej-Curie 108;1557;328;328;20;308;21.07;6.10;1504;769;769;16;753;51.13;2.08
84452;247101;27;Miejskie Gimnazjum Nr 4 41-949 Piekary Śląskie, Brzozowice-Kamień ul. Skłodowskiej-Curie 108;1647;380;380;14;366;23.07;3.68;1610;879;879;12;867;54.60;1.37
84453;247101;28;Szkoła Podstawowa Nr 14 41-946 Piekary Śląskie, Brzeziny Śląskie ul. Biskupa Bednorza 29;1944;282;282;9;273;14.51;3.19;1893;766;766;33;733;40.46;4.31
84454;247101;29;Szkoła Podstawowa Nr 15 41-946 Piekary Śląskie, Brzeziny Śląskie ul. Kotuchy 40;1652;283;283;17;266;17.13;6.01;1614;661;674;31;630;40.95;4.69
91441;247101;30;Dom Pomocy Społecznej 41-946 Piekary Śląskie, Brzeziny Śląskie Trautmana 4;94;46;46;6;40;48.94;13.04;98;56;56;21;35;57.14;37.50
84455;247101;31;Zespół Szkolno-Przedszkolny Nr 2 41-948 Piekary Śląskie, Dąbrówka Wielka ul. Rycerska 15a;1444;332;332;8;324;22.99;2.41;1446;761;761;16;745;52.63;2.10
84456;247101;32;Zespół Szkolno-Przedszkolny Nr 2 41-948 Piekary Śląskie, Dąbrówka Wielka ul. Rycerska 15a;1824;390;390;17;373;21.38;4.36;1814;987;987;18;969;54.41;1.82
84457;247201;1;Gimnazjum Nr 2 41-700 Ruda Śląska ul. Ryszarda Sprusa 4;1533;168;168;6;162;10.96;3.57;1500;468;468;22;446;31.20;4.70
84458;247201;2;Gimnazjum Nr 2 41-700 Ruda Śląska ul. Ryszarda Sprusa 4;1205;126;126;8;118;10.46;6.35;1180;418;418;14;404;35.42;3.35
84459;247201;3;Szkoła Podstawowa Nr 41 41-700 Ruda Śląska ul. Jana Gierałtowskiego 15;1291;280;280;11;269;21.69;3.93;1310;614;614;14;600;46.87;2.28
84460;247201;4;Szkoła Podstawowa Nr 41 41-700 Ruda Śląska ul. Jana Gierałtowskiego 15;1194;196;196;7;189;16.42;3.57;1169;491;491;15;476;42.00;3.05
84461;247201;5;Zespół Szkół Ogólnokształcących Nr 1 41-700 Ruda Śląska ul. Adama Mickiewicza 15;1077;240;240;7;233;22.28;2.92;1085;507;507;12;495;46.73;2.37
84462;247201;6;Zespół Szkół Ogólnokształcących Nr 1 41-700 Ruda Śląska ul. Adama Mickiewicza 15;1104;237;237;6;231;21.47;2.53;1093;524;524;14;510;47.94;2.67
84463;247201;7;Zespół Szkół Ponadgimnazjalnych Nr 7 Specjalnych 41-700 Ruda Śląska ul. Wiktora Bujoczka 2;1664;215;215;4;211;12.92;1.86;1631;591;591;15;576;36.24;2.54
84464;247201;8;Szkoła Podstawowa Nr 3 41-700 Ruda Śląska ul. Cypriana Norwida 10;644;146;146;5;141;22.67;3.42;623;328;328;6;322;52.65;1.83
84465;247201;9;Szkoła Podstawowa Nr 3 41-700 Ruda Śląska ul. Cypriana Norwida 10;1609;424;424;17;407;26.35;4.01;1568;904;904;11;893;57.65;1.22
84466;247201;10;Dyrekcja Rudzkiej Spółdzielni Mieszkaniowej 41-700 Ruda Śląska ul. Magazynowa 12;737;178;178;7;171;24.15;3.93;728;415;415;5;410;57.01;1.20
84467;247201;11;Niepubliczny Zakład Opieki Zdrowotnej Przychodnia Lekarska s.c 41-700 Ruda Śląska ul. Wawelska 7;1892;426;426;16;410;22.52;3.76;1858;1033;1033;27;1006;55.60;2.61
84468;247201;12;Miejskie Przedszkole Nr 38 41-700 Ruda Śląska ul. Astrów 5;1764;350;350;17;333;19.84;4.86;1745;885;885;18;867;50.72;2.03
84469;247201;13;Szkoła Podstawowa Nr 30 41-700 Ruda Śląska ul. Chryzantem 10;1095;259;259;9;250;23.65;3.47;1077;674;674;18;656;62.58;2.67
84470;247201;14;Szkoła Podstawowa Nr 30 41-700 Ruda Śląska ul. Chryzantem 10;1279;323;323;11;312;25.25;3.41;1229;662;662;8;654;53.86;1.21
84471;247201;15;Dom Pomocy Społecznej „Senior” 41-712 Ruda Śląska ul. Aleksandra Puszkina 7;1904;236;236;8;228;12.39;3.39;1989;673;673;34;639;33.84;5.05
84472;247201;16;Szkoła Podstawowa Nr 6 41-712 Ruda Śląska ul. Bytomska 8;1540;281;281;8;273;18.25;2.85;1526;712;712;7;705;46.66;0.98
84473;247201;17;Szkoła Podstawowa Nr 6 41-712 Ruda Śląska ul. Bytomska 8;1675;420;420;9;411;25.07;2.14;1604;934;934;18;916;58.23;1.93
84474;247201;18;Gimnazjum Nr 5 41-712 Ruda Śląska ul. Bytomska 1;1357;304;304;9;295;22.40;2.96;1338;763;763;11;752;57.03;1.44
84475;247201;19;Gimnazjum Nr 5 41-712 Ruda Śląska ul. Bytomska 1;1053;273;273;7;266;25.93;2.56;1024;631;631;17;614;61.62;2.69
84476;247201;20;Przychodnia Rejonowa Samodzielny Publiczny Zakład Opieki Zdrowotnej 41-712 Ruda Śląska ul. Wincentego Lipa 3;1635;350;350;9;341;21.41;2.57;1603;766;766;12;754;47.79;1.57
84477;247201;21;Osiedlowy Dom Kultury RSM „Jowisz” 41-712 Ruda Śląska ul. Joanny 12;1684;373;373;9;364;22.15;2.41;1652;858;858;13;845;51.94;1.52
84478;247201;22;Szkoła Podstawowa Nr 40 41-712 Ruda Śląska ul. Joanny 13;1840;445;445;16;429;24.18;3.60;1806;994;994;28;966;55.04;2.82
84479;247201;23;Szkoła Podstawowa Nr 40 41-712 Ruda Śląska ul. Joanny 13;1483;237;237;9;228;15.98;3.80;1462;640;640;18;622;43.78;2.81
84480;247201;24;Szkoła Podstawowa Nr 40 41-712 Ruda Śląska ul. Joanny 13;1323;312;312;3;309;23.58;0.96;1287;630;630;12;618;48.95;1.90
84481;247201;25;Miejskie Przedszkole nr 14 41-709 Ruda Śląska ul. Węglowa 8;747;93;93;5;88;12.45;5.38;765;301;301;4;297;39.35;1.33
84482;247201;26;Zespół Szkół Ponadgimnazjalnych Nr1 41-709 Ruda Śląska ul. Gen. Hallera 6;1943;251;251;7;244;12.92;2.79;1901;566;566;18;548;29.77;3.18
84483;247201;27;Urząd Miasta (budynek B) 41-709 Ruda Śląska ul. Piotra Niedurnego 46;1286;265;265;6;259;20.61;2.26;1256;625;625;16;609;49.76;2.56
84484;247201;28;Zespół Szkół Muzycznych I i II Stopnia 41-709 Ruda Śląska ul. Piotra Niedurnego 36;2010;403;403;14;389;20.05;3.47;1999;945;945;35;910;47.27;3.70
84485;247201;29;Samodzielny Publiczny Zakład Opieki Zdrowotnej Przychodnia Rejonowa 41-709 Ruda Śląska ul. Pokoju 4;1770;307;307;12;295;17.34;3.91;1724;712;712;42;670;41.30;5.90
84486;247201;30;Gimnazjum Nr 11 41-709 Ruda Śląska ul. Ratowników 15;1033;297;297;13;284;28.75;4.38;1011;587;587;8;579;58.06;1.36
84487;247201;31;Gimnazjum Nr 11 41-709 Ruda Śląska ul. Ratowników 15;1084;254;254;4;250;23.43;1.57;1071;585;585;14;571;54.62;2.39
84488;247201;32;Szkoła Podstawowa nr 4 41-710 Ruda Śląska ul. Lwa Tołstoja 1;1888;395;395;11;384;20.92;2.78;1851;925;925;21;904;49.97;2.27
84489;247201;33;Szkoła Podstawowa Nr 8 41-710 Ruda Śląska ul. Główna 1;1263;289;289;14;275;22.88;4.84;1228;611;611;19;592;49.76;3.11
84490;247201;34;Szkoła Podstawowa Nr 8 41-710 Ruda Śląska ul. Główna 1;1414;254;254;6;248;17.96;2.36;1380;586;586;17;569;42.46;2.90
84491;247201;35;Miejskie Przedszkole nr 37 41-710 Ruda Śląska ul. Obrońców Westerplatte 7A;564;113;113;1;112;20.04;0.88;560;295;295;10;285;52.68;3.39
84492;247201;36;Miejskie Przedszkole nr 37 41-710 Ruda Śląska ul. Obrońców Westerplatte 7A;1543;368;369;13;355;23.85;3.53;1504;844;844;13;831;56.12;1.54
84493;247201;37;Zespół Szkół Ogólnokształcących Nr 2 41-710 Ruda Śląska ul. Alojzego Jankowskiego 22;1590;367;367;8;359;23.08;2.18;1543;762;762;15;747;49.38;1.97
84494;247201;38;Zespół Szkół Ogólnokształcących Nr 2 41-710 Ruda Śląska ul. Alojzego Jankowskiego 22;1480;276;276;8;268;18.65;2.90;1458;640;640;24;616;43.90;3.75
84495;247201;39;Zespół Szkół Ogólnokształcących Nr 2 41-710 Ruda Śląska ul. Alojzego Jankowskiego 22;1616;474;474;11;463;29.33;2.32;1602;969;969;10;959;60.49;1.03
84496;247201;40;Gimnazjum Nr 7 41-710 Ruda Śląska ul. Obrońców Westerplatte 2A;1017;192;192;4;188;18.88;2.08;989;496;496;12;484;50.15;2.42
84497;247201;41;Gimnazjum Nr 7 41-710 Ruda Śląska ul. Obrońców Westerplatte 2A;1223;196;196;4;192;16.03;2.04;1193;611;611;10;601;51.22;1.64
84498;247201;42;Zespół Szkół Ponadgimnazjalnych Nr 6 im. M. Kopernika 41-710 Ruda Śląska ul. Wawrzyna Kałusa 3;876;78;78;3;75;8.90;3.85;850;222;222;11;211;26.12;4.95
84499;247201;43;Szkoła Podstawowa Nr 7 41-710 Ruda Śląska ul. 1 Maja 173;1075;314;314;11;303;29.21;3.50;1074;638;638;11;627;59.40;1.72
84500;247201;44;Szkoła Podstawowa Nr 14 41-711 Ruda Śląska ul. Główna 40;1503;269;269;5;264;17.90;1.86;1508;725;725;21;704;48.08;2.90
84501;247201;45;Dom Kultury w Rudzie Śląskiej-Bielszowicach 41-711 Ruda Śląska ul. Edmunda Kokota 170;1881;483;483;14;469;25.68;2.90;1891;1026;1026;28;998;54.26;2.73
84502;247201;46;Dom Kultury w Rudzie Śląskiej-Bielszowicach 41-711 Ruda Śląska ul. Edmunda Kokota 170;1602;342;342;13;329;21.35;3.80;1553;826;826;14;812;53.19;1.69
84503;247201;47;Szkoła Podstawowa Nr 13 41-711 Ruda Śląska ul. Ks. Józefa Nidzieli 61;1605;314;314;7;307;19.56;2.23;1586;790;790;17;773;49.81;2.15
84504;247201;48;Gimnazjum Nr 14 41-711 Ruda Śląska ul. Szkolna 22;1416;283;283;3;280;19.99;1.06;1441;706;706;15;691;48.99;2.12
84505;247201;49;Miejskie Przedszkole Nr 43 41-717 Ruda Śląska ul. Drozdów 6;1503;423;423;13;410;28.14;3.07;1458;840;840;20;820;57.61;2.38
84506;247201;50;Miejskie Przedszkole Nr 43 41-717 Ruda Śląska ul. Drozdów 6;1351;340;340;18;322;25.17;5.29;1312;808;808;6;802;61.59;0.74
84507;247201;51;Szkoła Podstawowa Nr 23 41-705 Ruda Śląska ul. 11 Listopada 15;2187;414;414;13;401;18.93;3.14;2124;1049;1049;27;1022;49.39;2.57
84508;247201;52;Miejskie Przedszkole Nr 45 41-705 Ruda Śląska ul. Bolesława Chrobrego 6;1525;257;257;18;239;16.85;7.00;1486;686;686;18;668;46.16;2.62
84509;247201;53;Miejskie Przedszkole Nr 45 41-705 Ruda Śląska ul. Bolesława Chrobrego 6;1063;187;187;3;184;17.59;1.60;1036;533;533;13;520;51.45;2.44
84510;247201;54;Szkoła Podstawowa Nr 2 41-717 Ruda Śląska ul. Gwarecka 2;1636;370;370;9;361;22.62;2.43;1566;884;884;24;860;56.45;2.71
84511;247201;55;Miejska Biblioteka Publiczna Filia Nr 1 41-717 Ruda Śląska ul. Józefa Grzegorzka 8;1568;343;343;10;333;21.88;2.92;1523;871;871;15;856;57.19;1.72
84512;247201;56;Gimnazjum Nr 6 41-717 Ruda Śląska ul. Gwarecka 2;1588;374;374;16;358;23.55;4.28;1531;859;859;15;844;56.11;1.75
84513;247201;57;Gimnazjum Nr 6 41-717 Ruda Śląska ul. Gwarecka 2;1521;364;364;10;354;23.93;2.75;1476;836;836;18;818;56.64;2.15
84514;247201;58;Szkoła Podstawowa Nr 21 41-707 Ruda Śląska ul. Ks. Ludwika Tunkla 125;2069;348;348;8;340;16.82;2.30;2029;996;996;16;980;49.09;1.61
84515;247201;59;Niepubliczny Zakład Opieki Zdrowotnej BUM-MED Sp. z o.o 41-707 Ruda Śląska ul. Radoszowska 163;1719;455;455;10;445;26.47;2.20;1743;956;956;15;941;54.85;1.57
84516;247201;60;Szkoła Podstawowa Nr 20 41-707 Ruda Śląska ul. Wyzwolenia 11;1547;464;464;14;450;29.99;3.02;1592;941;941;16;925;59.11;1.70
84517;247201;61;Szkoła Podstawowa Nr 18 41-707 Ruda Śląska ul. Ignacego Łukasiewicza 7;1384;338;338;13;325;24.42;3.85;1353;752;752;21;731;55.58;2.79
84518;247201;62;Szkoła Podstawowa Nr 18 41-707 Ruda Śląska ul. Ignacego Łukasiewicza 7;1485;385;385;15;370;25.93;3.90;1445;810;810;12;798;56.06;1.48
84519;247201;63;Zespół Szkół Ogólnokształcących Nr 3 41-707 Ruda Śląska ul. Oświęcimska 90;1964;423;423;8;415;21.54;1.89;1915;981;981;22;959;51.23;2.24
84520;247201;64;Szkoła Podstawowa Nr 24 41-706 Ruda Śląska ul. Ks. Pawła Lexa 3;2215;631;631;19;612;28.49;3.01;2168;1304;1304;22;1282;60.15;1.69
84521;247201;65;Gimnazjum Nr 8 41-706 Ruda Śląska ul. Ks. Pawła Lexa 14;2075;520;520;13;507;25.06;2.50;2079;1168;1168;33;1135;56.18;2.83
84522;247201;66;Hala Widowiskowo-Sportowa 41-706 Ruda Śląska ul. Kłodnicka 95;1695;345;345;19;326;20.35;5.51;1637;877;878;23;854;53.57;2.62
84523;247201;67;Hala Widowiskowo-Sportowa 41-706 Ruda Śląska ul. Kłodnicka 95;1938;457;457;22;435;23.58;4.81;1930;1077;1077;20;1057;55.80;1.86
84524;247201;68;Zespół Szkolno-Przedszkolny nr 2 41-706 Ruda Śląska ul. Ignacego Kaczmarka 9;1816;547;547;7;540;30.12;1.28;1890;1213;1213;22;1191;64.18;1.81
84525;247201;69;Szkoła Podstawowa nr 15 z Klasami Integracyjnymi 41-706 Ruda Śląska ul. Energetyków 15;1960;489;489;17;472;24.95;3.48;1892;1082;1082;24;1058;57.19;2.22
84526;247201;70;Szkoła Podstawowa Nr 15 z Klasami Integracyjnymi 41-706 Ruda Śląska ul. Energetyków 15;1815;417;418;18;399;22.98;4.32;1785;955;955;21;934;53.50;2.20
84527;247201;71;Miejskie Przedszkole nr 35 41-706 Ruda Śląska ul. Ludwika Zamenhofa 3;1862;394;394;6;388;21.16;1.52;1812;885;885;25;860;48.84;2.82
84528;247201;72;Gimnazjum nr 9 z Oddziałami Integracyjnymi 41-706 Ruda Śląska ul. Ludwika Zamenhofa 12;1973;469;469;12;457;23.77;2.56;1940;1040;1040;31;1009;53.61;2.98
84529;247201;73;Gimnazjum Nr 9 z Oddziałami Integracyjnymi 41-706 Ruda Śląska ul. Lidwika Zamenhofa 12;1448;379;379;10;369;26.17;2.64;1412;802;802;13;789;56.80;1.62
84530;247201;74;Gimnazjum Nr 9 z Oddziałami Integracyjnymi 41-706 Ruda Śląska ul. Ludwika Zamenhofa 12;1684;411;411;18;393;24.41;4.38;1620;853;853;14;839;52.65;1.64
91442;247201;75;Caritas Archidiecezji Katowickiej Dom Pomocy Społecznej Święta Elżbieta 41-700 Ruda Śląska Wolności 30;71;29;29;5;24;40.85;17.24;80;39;39;8;31;48.75;20.51
91443;247201;76;NZOZ Szpital Miejski w Rudzie Śląskiej Sp. z o. o. 41-712 Ruda Śląska Wincentego Lipa 2;91;35;35;0;35;38.46;0.00;74;48;48;3;45;64.86;6.25
91444;247201;77;NZOZ Szpital Miejski w Rudzie Śląskiej Sp. z o. o. 41-711 Ruda Śląska Główna 11;62;21;21;2;19;33.87;9.52;42;27;27;1;26;64.29;3.70
91445;247201;78;Dom Pomocy Społecznej „Senior” 41-712 Ruda Ślaska Aleksandra Puszkina 7;137;61;61;8;53;44.53;13.11;17;7;7;1;6;41.18;14.29
84531;247301;1;Powiatowa i Miejska Biblioteka Publiczna 44-200 Rybnik ul. Księdza Szafranka 7;1497;444;444;11;433;29.66;2.48;1482;863;863;12;851;58.23;1.39
84532;247301;2;Powiatowy Urząd Pracy 44-200 Rybnik ul. Jankowicka 1;1375;403;403;14;389;29.31;3.47;1373;723;723;14;709;52.66;1.94
84533;247301;3;Zespół Szkół Technicznych 44-200 Rybnik ul. Kościuszki 5;1657;514;514;22;492;31.02;4.28;1627;920;920;9;911;56.55;0.98
84534;247301;4;Gimnazjum Sportowe Nr 1 z Oddziałami Integracyjnymi im. Adama Mickiewicza 44-200 Rybnik ul. Cmentarna 1;1832;534;534;13;521;29.15;2.43;1788;998;998;16;982;55.82;1.60
84535;247301;5;Gimnazjum Sportowe Nr 1 z Oddziałami Integracyjnymi im. Adama Mickiewicza 44-200 Rybnik ul. Cmentarna 1;1641;431;431;9;422;26.26;2.09;1619;901;901;11;890;55.65;1.22
84536;247301;6;Zespół Szkół Nr 2 44-200 Rybnik ul. Mikołowska 19;2147;675;675;12;663;31.44;1.78;2053;1146;1146;10;1136;55.82;0.87
84537;247301;7;Zespół Szkolno - Przedszkolny Nr 5 44-200 Rybnik ul. Doktora Różańskiego 14A;1439;543;543;9;534;37.73;1.66;1442;899;899;6;893;62.34;0.67
84538;247301;8;Zespół Szkolno - Przedszkolny Nr 5 44-200 Rybnik ul. Doktora Różańskiego 14A;1297;492;492;12;480;37.93;2.44;1266;819;820;13;806;64.69;1.59
84539;247301;9;Szkoła Podstawowa Nr 28 im. Alojzego Szewczyka 44-200 Rybnik ul. Szewczyka 6;1757;437;437;4;433;24.87;0.92;1783;1002;1002;21;981;56.20;2.10
84540;247301;10;Szkoła Podstawowa Nr 28 im. Alojzego Szewczyka 44-200 Rybnik ul. Szewczyka 6;1719;454;454;9;445;26.41;1.98;1730;987;987;38;949;57.05;3.85
84541;247301;11;Zespół Szkolno - Przedszkolny z Oddziałami Integracyjnymi Nr 1 44-200 Rybnik ul. Gliwicka 105;1578;367;367;7;360;23.26;1.91;1587;905;905;19;886;57.03;2.10
84542;247301;12;Zespół Szkolno - Przedszkolny Nr 7 44-200 Rybnik ul. Borki 37D;1454;356;356;6;350;24.48;1.69;1479;878;878;12;866;59.36;1.37
84543;247301;13;Zespół Szkolno - Przedszkolny Nr 7 44-200 Rybnik ul. Borki 37D;1242;309;309;6;303;24.88;1.94;1244;704;704;14;690;56.59;1.99
84544;247301;14;Gimnazjum Nr 4 im. Jana Kochanowskiego 44-200 Rybnik ul. Rybacka 55;1458;416;416;7;409;28.53;1.68;1432;877;877;13;864;61.24;1.48
84545;247301;15;Zespół Szkolno-Przedszkolny Nr 13 44-200 Rybnik ul. Świętego Maksymiliana 26;1565;376;376;14;362;24.03;3.72;1540;865;865;14;851;56.17;1.62
84546;247301;16;Zespół Szkolno - Przedszkolny Nr 4 44-200 Rybnik ul. Komisji Edukacji Narodowej 29;1821;591;591;10;581;32.45;1.69;1820;1162;1162;21;1141;63.85;1.81
84547;247301;17;Zespół Szkolno - Przedszkolny Nr 4 44-200 Rybnik ul. Komisji Edukacji Narodowej 29;591;156;156;3;153;26.40;1.92;584;326;326;7;319;55.82;2.15
84548;247301;18;Zespół Szkolno - Przedszkolny Nr 15 44-200 Rybnik ul. Gzelska 7;1438;265;265;1;264;18.43;0.38;1458;778;778;19;759;53.36;2.44
84549;247301;19;Budynek Ochotniczej Straży Pożarnej 44-200 Rybnik ul. Zwonowicka 5;505;107;107;3;104;21.19;2.80;501;221;221;10;211;44.11;4.52
84550;247301;20;Zespół Szkolno - Przedszkolny Nr 3 im. Jana Pawła II 44-200 Rybnik ul. Kuglera 8A;1529;295;295;4;291;19.29;1.36;1540;859;859;26;833;55.78;3.03
84551;247301;21;Szkoła Podstawowa Nr 3 im. Św. Stanisława Kostki 44-200 Rybnik ul. Wolna 17;1698;391;391;6;385;23.03;1.53;1661;831;831;32;799;50.03;3.85
84552;247301;22;Przedszkole Nr 3 44-200 Rybnik ul. Za Torem 3B;1884;410;410;11;399;21.76;2.68;1850;898;898;19;879;48.54;2.12
84553;247301;23;Gimnazjum Nr 10 im. Jana Pawła II 44-200 Rybnik ul. Miarki 74;1451;383;383;7;376;26.40;1.83;1454;849;849;13;836;58.39;1.53
84554;247301;24;Gimnazjum Nr 10 im. Jana Pawła II 44-200 Rybnik ul. Miarki 74;1610;439;439;15;424;27.27;3.42;1623;960;960;21;939;59.15;2.19
84555;247301;25;Szkoła Podstawowa Nr 20 im. Harcerzy Buchalików 44-200 Rybnik ul. Ziołowa 3;1404;377;377;14;363;26.85;3.71;1435;877;877;22;855;61.11;2.51
84556;247301;26;Szkoła Podstawowa Nr 20 im. Harcerzy Buchalików 44-200 Rybnik ul. Ziołowa 3;1361;342;342;6;336;25.13;1.75;1362;777;777;19;758;57.05;2.45
84557;247301;27;Zespół Szkolno - Przedszkolny nr 6 44-200 Rybnik ul. Małachowskiego 44;2066;634;634;17;617;30.69;2.68;2069;1327;1328;26;1301;64.14;1.96
84558;247301;28;Zespół Szkolno - Przedszkolny Nr 6 44-200 Rybnik ul. Małachowskiego 44;1790;488;488;8;480;27.26;1.64;1793;1036;1036;14;1022;57.78;1.35
84559;247301;29;Gimnazjum z Oddziałami Integracyjnymi Nr 7 im. Czesława Miłosza 44-200 Rybnik ul. Sztolniowa 29B;2241;436;436;8;428;19.46;1.83;2164;1129;1129;18;1111;52.17;1.59
84560;247301;30;Gimnazjum Nr 5 im. Władysława Webera 44-200 Rybnik ul. Żurawia 8;1553;238;238;10;228;15.33;4.20;1507;615;615;11;604;40.81;1.79
84561;247301;31;Przedszkole z Oddziałami Integracyjnymi Nr 39 44-200 Rybnik ul. Osiedle Południe 20;1916;452;452;15;437;23.59;3.32;1834;1003;1003;26;977;54.69;2.59
84562;247301;32;Przedszkole z Oddziałami Integracyjnymi Nr 39 44-200 Rybnik ul. Osiedle Południe 20;1631;199;199;8;191;12.20;4.02;1571;569;569;17;552;36.22;2.99
84563;247301;33;Zespół Szkolno - Przedszkolny Nr 8 44-200 Rybnik ul. Lompy 6;1775;225;225;6;219;12.68;2.67;1733;578;578;38;540;33.35;6.57
84564;247301;34;Zespół Szkolno - Przedszkolny Nr 8 44-200 Rybnik ul. Lompy 6;1977;249;249;3;246;12.59;1.20;1922;752;752;24;728;39.13;3.19
84565;247301;35;Szkoła Podstawowa Nr 19 44-200 Rybnik ul. Włościańska 39E;2011;329;329;3;326;16.36;0.91;2020;995;995;35;960;49.26;3.52
84566;247301;36;Zespół Szkół Budowlanych 44-200 Rybnik ul. Świerklańska 42;1091;339;339;15;324;31.07;4.42;1078;629;629;14;615;58.35;2.23
84567;247301;37;Zespół Szkół Budowlanych 44-200 Rybnik ul. Świerklańska 42;1065;306;306;2;304;28.73;0.65;1062;602;602;8;594;56.69;1.33
84568;247301;38;Gimnazjum Nr 3 im. Pukowca 44-200 Rybnik ul. Śląska 18A;2206;468;468;11;457;21.21;2.35;2123;1061;1061;22;1039;49.98;2.07
84569;247301;39;IV Liceum Ogólnokształcące im. Mikołaja Kopernika 44-200 Rybnik ul. 1 Maja 91 A;2091;454;454;16;438;21.71;3.52;2040;1002;1002;23;979;49.12;2.30
84570;247301;40;Szkoła Podstawowa Nr 13 - im. Bohaterskich Harcerzy Rybnika -Chwałowic 44-253 Rybnik ul. 1 Maja 51;2087;446;446;11;435;21.37;2.47;2007;1020;1020;35;985;50.82;3.43
84571;247301;41;Gimnazjum Nr 13 im. Jana III Sobieskiego 44-200 Rybnik ul. Kręta 20;1522;298;298;13;285;19.58;4.36;1508;802;802;15;787;53.18;1.87
84572;247301;42;Szkoła Podstawowa Nr 24 im. Leopolda Kruczkowskiego 44-200 Rybnik ul. Staffa 42A;1216;320;320;15;305;26.32;4.69;1229;709;709;18;691;57.69;2.54
84573;247301;43;Szkoła Podstawowa Nr 24 im. Leopolda Kruczkowskiego 44-200 Rybnik ul. Staffa 42A;1455;299;299;4;295;20.55;1.34;1424;766;766;15;751;53.79;1.96
84574;247301;44;Szkoła Podstawowa Nr 22 im. Juliusza Slowackiego 44-200 Rybnik ul. Boczna 17;1717;305;305;14;291;17.76;4.59;1675;812;812;17;795;48.48;2.09
84575;247301;45;Szkoła Podstawowa Nr 22 im. Juliusza Słowackiego 44-200 Rybnik ul. Boczna 17;1619;279;279;9;270;17.23;3.23;1557;730;730;7;723;46.89;0.96
84576;247301;46;Zespół Szkół Nr 5 im. Józefa Rymera 44-200 Rybnik ul. Rymera 24A;1459;257;257;5;252;17.61;1.95;1413;666;666;21;645;47.13;3.15
84577;247301;47;Zespół Szkół Nr 5 im. Józefa Rymera 44-200 Rybnik ul. Rymera 24A;1454;287;287;9;278;19.74;3.14;1465;738;738;11;727;50.38;1.49
84578;247301;48;Szkoła Podstawowa Nr 21 im. Karola Miarki 44-200 Rybnik ul. Niedobczycka 191;1818;432;432;11;421;23.76;2.55;1863;1046;1046;24;1022;56.15;2.29
84579;247301;49;Szkoła Podstawowa Nr 21 im. Karola Miarki 44-200 Rybnik ul. Niedobczycka 191;1824;402;402;10;392;22.04;2.49;1795;935;935;35;900;52.09;3.74
84580;247301;50;Zespół Szkolno - Przedszkolny Nr 2 im. Janusza Korczaka 44-200 Rybnik ul. Morcinka 18;1853;392;392;10;382;21.15;2.55;1814;855;855;33;822;47.13;3.86
84581;247301;51;Gimnazjum Nr 12 im. Górniczego Stanu 44-200 Rybnik ul. Sportowa 52;2037;378;378;9;369;18.56;2.38;2038;1005;1006;21;984;49.31;2.09
84582;247301;52;Zespół Szkół Nr 3 44-200 Rybnik ul. Orzepowicka 15A;2244;386;386;16;370;17.20;4.15;2173;1080;1080;25;1055;49.70;2.31
84583;247301;53;Zespół Szkół Nr 3 44-200 Rybnik ul. Orzepowicka 15A;2037;551;551;11;540;27.05;2.00;1977;1104;1104;15;1089;55.84;1.36
84584;247301;54;Zespół Szkół Nr 3 44-200 Rybnik ul. Orzepowicka 15A;1513;429;429;6;423;28.35;1.40;1465;808;808;8;800;55.15;0.99
84585;247301;55;Zespół Szkół Nr 3 Rybnik 44-200 Rybnik ul. Orzepowicka 15A;2282;632;632;20;612;27.70;3.16;2239;1281;1281;14;1267;57.21;1.09
84586;247301;56;Gimnazjum Sportowe Nr 2 im. Świętej Jadwigi Królowej Polski 44-200 Rybnik ul. Grunwaldzka 18;1679;404;404;6;398;24.06;1.49;1647;859;859;9;850;52.16;1.05
84587;247301;57;Gimnazjum Sportowe Nr 2 im. Świętej Jadwigi Królowej Polski 44-200 Rybnik ul. Grunwaldzka 18;2167;571;571;10;561;26.35;1.75;2108;1120;1120;19;1101;53.13;1.70
84588;247301;58;Zespół Szkolno - Przedszkolny Nr 11 44-200 Rybnik ul. Hibnera 25;2171;483;483;17;466;22.25;3.52;2143;979;979;21;958;45.68;2.15
84589;247301;59;Rybnickie Centrum Edukacji Zawodowej-Centrum Kształcenia Ustawicznego oraz Praktycznego 44-200 Rybnik ul. Świętego Józefa 30;1678;494;494;13;481;29.44;2.63;1648;985;985;12;973;59.77;1.22
84590;247301;60;Szkoła Podstawowa z Oddziałami Integracyjnymi Nr 34 im. Ireny Sendlerowej 44-200 Rybnik ul. Reymonta 69;1919;440;440;8;432;22.93;1.82;1838;1032;1032;28;1004;56.15;2.71
84591;247301;61;Szkoła Podstawowa z Oddziałami Integracyjnymi Nr 34 im. Ireny Sendlerowej 44-200 Rybnik ul. Reymonta 69;1915;551;551;7;544;28.77;1.27;1889;1122;1122;18;1104;59.40;1.60
84592;247301;62;Zespół Szkolno - Przedszkolny Nr 10 44-200 Rybnik ul. Wodzisławska 46;1954;656;656;10;646;33.57;1.52;1922;1096;1096;4;1092;57.02;0.36
84593;247301;63;Zespół Szkolno-Przedszkolny Nr 9 44-200 Rybnik ul. Wodzisławska 123;1289;427;427;10;417;33.13;2.34;1284;787;787;6;781;61.29;0.76
84594;247301;64;Zespół Szkolno-Przedszkolny Nr 9 44-200 Rybnik ul. Wodzisławska 123;1392;505;505;13;492;36.28;2.57;1401;913;913;11;902;65.17;1.20
84595;247301;65;Zespół Szkolno-Przedszkolny Nr 12 44-200 Rybnik ul. Maksymiliana Buhla 3;1329;356;356;9;347;26.79;2.53;1366;790;790;13;777;57.83;1.65
84596;247301;66;Zespół Szkolno -Przedszkolny Nr 12 44-200 Rybnik ul. Maksymiliana Buhla 3;1125;270;270;9;261;24.00;3.33;1136;613;613;7;606;53.96;1.14
91447;247301;67;Państwowy Szpital dla Nerwowo i Psychicznie Chorych w Rybniku 44-200 Rybnik ul. Gliwicka 33;595;132;132;16;116;22.18;12.12;575;192;192;24;168;33.39;12.50
91448;247301;68;Miejski Dom Pomocy Społecznej 44 - 200 Rybnik ul. Żużlowa 25;137;52;52;5;47;37.96;9.62;134;56;56;4;52;41.79;7.14
91449;247301;69;Wojewódzki Szpital Specjalistyczny Nr 3 w Rybniku 44-200 Rybnik ul. Energetyków 46;139;15;15;0;15;10.79;0.00;386;141;141;2;139;36.53;1.42
91450;247301;70;Śląskie Centrum Medyczne - Dom Opieki „Senior” 44-200 Rybnik ul. Wrębowa 21;35;8;8;0;8;22.86;0.00;21;14;14;0;14;66.67;0.00
84597;247401;1;Zespół Szkół Ponadpodstawowych „Cogito” 41-100 Siemianowice Śląskie ul. Matejki 5;1011;100;100;8;92;9.89;8.00;990;217;217;13;204;21.92;5.99
84598;247401;2;Szkoła Podstawowa Nr 11 41-100 Siemianowice Śląskie, Sadzawki ul. Słowackiego 5;1096;233;233;9;224;21.26;3.86;1078;488;488;9;479;45.27;1.84
84599;247401;3;Świetlica Wojskowych Zakładów Mechanocznych 41-100 Siemianowice Śląskie ul. Powstańców 5;1378;248;249;9;239;18.00;3.63;1370;563;563;15;548;41.09;2.66
84600;247401;4;Zespół Szkół Specjalnych 41-100 Siemianowice Śląskie ul. Myśliwiecka 6;1551;258;258;12;246;16.63;4.65;1554;551;551;26;525;35.46;4.72
84601;247401;5;Szkoła Podstawowa Nr 6 41-100 Siemianowice Śląskie ul. 1 Maja 16;1378;236;236;10;226;17.13;4.24;1368;526;526;15;511;38.45;2.85
84602;247401;6;Liceum Ogólnokształcące Nr 1 41-100 Siemianowice Śląskie ul. Wyspiańskiego 5;1267;253;253;15;238;19.97;5.93;1224;491;491;10;481;40.11;2.04
91451;247401;7;Samodzielny Publiczny Zakład Pielęgnacyjno-Opiekuńczy 41-100 Siemianowice Śląskie Szpitalna 4;43;6;6;0;6;13.95;0.00;42;3;3;0;3;7.14;0.00
91452;247401;8;Szpital 41-100 Siemianowice Śląskie 1 Maja 9;106;40;40;3;37;37.74;7.50;79;50;50;2;48;63.29;4.00
84603;247401;9;Samodzielny Publiczny Zespół Lecznictwa Psychiatrycznego 41-100 Siemianowice Śląskie ul. Szkolna 2;1988;270;270;12;258;13.58;4.44;1959;724;724;39;685;36.96;5.39
84604;247401;10;Szkoła Podstawowa Nr 3 41-100 Siemianowice Śląskie ul. Szkolna 3;2034;309;309;8;301;15.19;2.59;1953;721;721;22;699;36.92;3.05
84605;247401;11;Zespół Szkół Integracyjnych 41-100 Siemianowice Śląskie ul. Lipowa 3;1692;324;324;6;318;19.15;1.85;1664;742;742;25;717;44.59;3.37
84606;247401;12;Przedszkole Nr 9 41-100 Siemianowice Śląskie ul. Okrężna 17;1157;381;381;4;377;32.93;1.05;1144;705;705;16;689;61.63;2.27
84607;247401;13;Liceum Ogólnokształcące Nr 2 41-100 Siemianowice Śląskie ul. Leśna 1;1515;311;311;20;291;20.53;6.43;1456;675;675;16;659;46.36;2.37
84608;247401;14;Szkoła Podstawowa Nr 1 41-106 Siemianowice Śląskie, Bytków ul. Niepodległości 47;1524;486;486;8;478;31.89;1.65;1486;876;876;13;863;58.95;1.48
84609;247401;15;Dom Kultury „Chemik” 41-100 Siemianowice Śląskie ul. Niepodległości 51;2315;673;673;17;656;29.07;2.53;2259;1333;1333;27;1306;59.01;2.03
84610;247401;16;Przedszkole Nr 15 41-106 Siemianowice Śląskie, Bytków ul. Grunwaldzka 10;1779;620;620;11;609;34.85;1.77;1742;1147;1147;14;1133;65.84;1.22
84611;247401;17;Siemianowickie Centrum Kultury 41-106 Siemianowice Śląskie, Bytków ul. Niepodległości 45;1477;408;408;7;401;27.62;1.72;1442;844;844;10;834;58.53;1.18
84612;247401;18;Przedszkole Nr 15 41-106 Siemianowice Śląskie, Bytków ul. Grunwaldzka 10;1860;485;485;7;478;26.08;1.44;1818;1063;1063;17;1046;58.47;1.60
84613;247401;19;Gimnazjum Nr 3 41-100 Siemianowice Śląskie ul. Korfantego 18;1412;422;422;18;404;29.89;4.27;1376;831;831;17;814;60.39;2.05
84614;247401;20;Przedszkole Nr 20 41-100 Siemianowice Śląskie ul. Wróbla 11;1183;353;353;7;346;29.84;1.98;1155;713;713;17;696;61.73;2.38
84615;247401;21;Przedszkole Nr 2 41-106 Siemianowice Śląskie, Bytków ul. ZHP 8;1356;389;389;9;380;28.69;2.31;1335;758;758;11;747;56.78;1.45
84616;247401;22;Zespół Szkół Sportowych 41-106 Siemianowice Śląskie, Bytków ul. Mikołaja 3;1539;472;472;10;462;30.67;2.12;1511;900;900;9;891;59.56;1.00
84617;247401;23;Szkoła Podstawowa Nr 8 41-106 Siemianowice Śląskie, Bytków pl. Skrzeka i Wójcika 4;1106;329;329;8;321;29.75;2.43;1080;653;653;15;638;60.46;2.30
84618;247401;24;Dom Harcerza 41-106 Siemianowice Śląskie, Bytków ul. Wróblewskiego 10;1244;343;343;16;327;27.57;4.66;1248;745;745;12;733;59.70;1.61
84619;247401;25;Młodzieżowy Dom Kultury 41-100 Siemianowice Śląskie ul. Chopina 2;1310;535;535;7;528;40.84;1.31;1298;875;875;9;866;67.41;1.03
84620;247401;26;Gimnazjum Nr 4 41-100 Siemianowice Śląskie ul. Chopina 4a;1330;256;256;5;251;19.25;1.95;1273;552;552;20;532;43.36;3.62
84621;247401;27;Liceum Ogólnokształcące Nr 1 41-100 Siemianowice Śląskie ul. Wyspiańskiego 1;1662;275;275;4;271;16.55;1.45;1630;711;711;17;694;43.62;2.39
84622;247401;28;Szkoła Podstawowa Nr 5 41-100 Siemianowice Śląskie ul. Michałkowicka 15;1633;293;293;17;276;17.94;5.80;1563;683;683;22;661;43.70;3.22
84623;247401;29;Prywatne Liceum ARKONA 41-103 Siemianowice Śląskie, Bańgów ul. Okrzei 2;395;105;105;1;104;26.58;0.95;407;206;206;4;202;50.61;1.94
84624;247401;30;Zespół Szkół Nr 1 41-103 Siemianowice Śląskie, Bańgów ul. Szymanowskiego 11;1359;383;383;14;369;28.18;3.66;1330;795;795;12;783;59.77;1.51
84625;247401;31;Zespół Szkół Nr 1 41-103 Siemianowice Śląskie, Bańgów ul. Szymanowskiego 11;925;239;239;7;232;25.84;2.93;911;495;495;10;485;54.34;2.02
84626;247401;32;Ośrodek Rehabilitacyjny „Wichrowe Wzgórza” 41-103 Siemianowice Śląskie, Przełajka ul. Wiejska 2;947;245;245;2;243;25.87;0.82;1006;613;613;10;603;60.93;1.63
84627;247401;33;Zespół Szkół Nr 4 41-103 Siemianowice Śląskie, Michałkowice ul. Dąbrowskiej 10;1610;438;438;15;423;27.20;3.42;1565;895;895;25;870;57.19;2.79
84628;247401;34;Przedszkole Nr 12 41-103 Siemianowice Śląskie, Michałkowice ul. Oświęcimska 3;1750;441;441;14;427;25.20;3.17;1710;932;932;22;910;54.50;2.36
84629;247401;35;Gimnazjum Nr 2 41-103 Siemianowice Śląskie, Michałkowice ul. Przyjaźni 28;1843;446;446;22;424;24.20;4.93;1789;988;988;23;965;55.23;2.33
84630;247401;36;Przedszkole Nr 16 41-103 Siemianowice Śląskie, Michałkowice ul. Stawowa 22;1843;381;381;8;373;20.67;2.10;1837;989;989;23;966;53.84;2.33
84631;247401;37;Przedszkole Nr 6 41-103 Siemianowice Śląskie, Michałkowice ul. Kościelna 39;1346;251;251;3;248;18.65;1.20;1318;604;604;9;595;45.83;1.49
84632;247401;38;Zespół Szkół Ogólnokształcących i Zawodowych 41-103 Siemianowice Śląskie, Michałkowice ul. Budryka 2;692;111;111;2;109;16.04;1.80;658;283;283;4;279;43.01;1.41
84633;247401;39;Świetlica Katowickich Zakładów Wyrobów Metalowych 41-103 Siemianowice Śląskie, Michałkowice ul. Żeromskiego 21;1205;188;188;6;182;15.60;3.19;1222;534;534;23;511;43.70;4.31
84634;247401;40;Szkoła Podstawowa Nr 13 41-103 Siemianowice Śląskie, Michałkowice ul. Barlickiwgo 2;1991;573;573;11;562;28.78;1.92;2001;1209;1209;13;1196;60.42;1.08
84635;247501;1;Przedszkole Miejskie Nr 11 41-203 Sosnowiec, Milowice ul. Krzysztofa Kamila Baczyńskiego 16;1112;322;322;14;308;28.96;4.35;1102;638;638;10;628;57.89;1.57
84636;247501;2;Zespół Szkół Ogólnokształcących Nr 13 41-203 Sosnowiec, Milowice ul. Krzysztofa Kamila Baczyńskiego 14;1723;443;443;15;428;25.71;3.39;1693;927;927;12;915;54.75;1.29
84637;247501;3;Regionalne Centrum Kształcenia Ustawicznego 41-214 Sosnowiec, Kalety ul. Stalowa 9a;1310;385;385;6;379;29.39;1.56;1314;796;796;7;789;60.58;0.88
84638;247501;4;Regionalne Centrum Kształcenia Ustawicznego 41-214 Sosnowiec, Kalety ul. Stalowa 9a;867;110;110;4;106;12.69;3.64;852;329;329;8;321;38.62;2.43
84639;247501;5;Zespół Szkół Specjalnych Nr 2 41-205 Sosnowiec, Pogoń ul. Sucha 21;1067;392;392;8;384;36.74;2.04;1062;664;664;10;654;62.52;1.51
84640;247501;6;Uniwersytet Śląski, Wydział Informatyki i Nauki o Materiałach, Instytut Informatyki 41-205 Sosnowiec, Pogoń ul. Będzińska 39;1827;425;425;9;416;23.26;2.12;1784;911;911;15;896;51.07;1.65
84641;247501;7;Zespół Szkół Ogólnokształcących Nr 8 41-205 Sosnowiec, Pogoń ul. Hutnicza 6;868;177;177;6;171;20.39;3.39;845;401;401;5;396;47.46;1.25
84642;247501;8;Miejski Klub im. Jana Kiepury 41-205 Sosnowiec, Pogoń ul. Będzińska 6;1254;413;413;5;408;32.93;1.21;1247;735;735;21;714;58.94;2.86
84643;247501;9;Zespół Szkół Ogólnokształcących Nr 8 41-205 Sosnowiec, Pogoń ul. Hutnicza 6;782;113;113;1;112;14.45;0.88;774;241;241;5;236;31.14;2.07
84644;247501;10;Zespół Szkół Ogólnokształcących Nr 1 41-200 Sosnowiec ul. Stanisława Staszica 62;1224;106;106;8;98;8.66;7.55;1166;336;336;13;323;28.82;3.87
84645;247501;11;Centrum Kształcenia Zawodowego i Ustawicznego w Sosnowcu Technikum Nr 1 Ekonomiczne (dawny Zespół Szkół Ekonomicznych) 41-214 Sosnowiec ul. gen. Stefana Grota-Roweckiego 66;1437;477;477;9;468;33.19;1.89;1391;825;825;5;820;59.31;0.61
84646;247501;12;Centrum Kształcenia Zawodowego i Ustawicznego w Sosnowcu (dawny Zespół SzkóŁ Projektowania i Stylizcji Ubioru ) Zespół Szkół Projektowania i Stylizacji Ubioru 41-214 Sosnowiec ul. gen. Stefana Grota-Roweckiego 64;1450;394;394;8;386;27.17;2.03;1437;783;783;8;775;54.49;1.02
84647;247501;13;Centrum Kształcenia Zawodowego i Ustawicznego w Sosnowcu Technikum Nr 1 Ekonomiczne (dawny Zespół Szkół Ekonomicznych) 41-214 Sosnowiec ul. gen. Stefana Grota-Roweckiego 66;1273;343;343;16;327;26.94;4.66;1244;681;681;7;674;54.74;1.03
84648;247501;14;Gimnazjum Nr 13 41-214 Sosnowiec, Pogoń ul. Ludwika Zamenhofa 15;2106;553;553;23;530;26.26;4.16;2069;1068;1068;20;1048;51.62;1.87
84649;247501;15;Przedszkole Miejskie Nr 3 41-214 Sosnowiec, Pogoń ul. Dąbrowszczaków 1;1569;363;363;11;352;23.14;3.03;1537;749;749;24;725;48.73;3.20
84650;247501;16;Szkoła Podstawowa Nr 27 41-209 Sosnowiec, Stary Sosnowiec ul. Grabowa 2;2126;658;658;10;648;30.95;1.52;2063;1321;1321;20;1301;64.03;1.51
84651;247501;17;Zespół Szkół Ogólnokształcących Nr 3 41-209 Sosnowiec, Stary Sosnowiec ul. Piłsudskiego 114;1874;583;583;25;558;31.11;4.29;1834;1093;1093;20;1073;59.60;1.83
84652;247501;18;Szkoła Podstawowa Nr 27 41-209 Sosnowiec, Stary Sosnowiec ul. Grabowa 2;1653;507;507;9;498;30.67;1.78;1621;913;913;40;873;56.32;4.38
84653;247501;19;Centrum Kształcenia Zawodowego i Ustawicznego w Sosnowcu Technikum Nr 4 Transportowe (dawny Zespół Szkół Technicznych i Licealnych ) 41-209 Sosnowiec ul. Jana Kilińskiego 31;2261;763;763;12;751;33.75;1.57;2234;1309;1309;13;1296;58.59;0.99
84654;247501;20;Szkoła Podstawowa Nr 19 41-209 Sosnowiec, Stary Sosnowiec ul. Składowa 5;1785;567;567;13;554;31.76;2.29;1758;1008;1008;20;988;57.34;1.98
84655;247501;21;Szkoła Podstawowa Nr 19 41-209 Sosnowiec, Stary Sosnowiec ul. Składowa 5;2041;558;558;15;543;27.34;2.69;1954;1052;1052;13;1039;53.84;1.24
84656;247501;22;Zespół Szkół Ogólnokształcących Nr 2 41-214 Sosnowiec, Pogoń ul. Czeladzka 58;2132;585;585;13;572;27.44;2.22;2142;1161;1161;15;1146;54.20;1.29
84657;247501;23;Uniwersytet Śląski, Wydział Filologiczny 41-205 Sosnowiec ul. Żytnia 10;887;203;203;3;200;22.89;1.48;853;421;421;7;414;49.36;1.66
84658;247501;24;Szkoła Podstawowa Nr 10 41-205 Sosnowiec, Pogoń ul. Władysława Reymonta 36;1723;414;414;12;402;24.03;2.90;1740;885;885;9;876;50.86;1.02
84659;247501;25;Uniwersytet Śląski, Wydział Informatyki i Nauki o Materiałach 41-205 Sosnowiec, Pogoń ul. Żytnia 12;1160;279;279;16;263;24.05;5.73;1154;529;529;7;522;45.84;1.32
84660;247501;26;Zespół Szkół Ogólnokształcących Nr 15 41-205 Sosnowiec plac Waldemara Zillingera 1;1807;379;379;19;360;20.97;5.01;1813;769;769;22;747;42.42;2.86
84661;247501;27;Szkoła Podstawowa Nr 1 41-205 Sosnowiec ul. Niepodległości 7;1865;392;392;14;378;21.02;3.57;1827;828;828;17;811;45.32;2.05
84662;247501;28;Niepubliczne LO, Szkoła Mistrzostwa Sportowego PZHL 41-200 Sosnowiec ul. 3 Maja 41;1579;372;372;19;353;23.56;5.11;1541;771;771;9;762;50.03;1.17
84663;247501;29;Zespół Szkół Nr 1 41-200 Sosnowiec ul. Zamkowa 7;2039;609;609;18;591;29.87;2.96;2015;1196;1196;14;1182;59.35;1.17
84664;247501;30;Szkoła Podstawowa Nr 6 41-200 Sosnowiec ul. Wawel 13;1599;397;397;10;387;24.83;2.52;1577;890;890;17;873;56.44;1.91
84665;247501;31;Gimnazjum Nr 16 41-200 Sosnowiec ul. Legionów 21;1478;442;442;10;432;29.91;2.26;1433;817;817;8;809;57.01;0.98
84666;247501;32;Centrum kształcenia Zawodowego i Ustawicznego w Sosnowcu Technikum nr 6 Grafiki Logistyki i srodowisk (dawny Zespół Szkół Technicznych) 41-200 Sosnowiec ul. Legionów 9;1549;433;433;8;425;27.95;1.85;1553;880;880;16;864;56.66;1.82
84667;247501;33;Centrum kształcenia Zawodowego i Ustawicznego w Sosnowcu Technikum Nr 6 Grafiki Logistyki i środowiska (dawny Zespół Szkół Technicznycvh) w Sosnowcu Technikum nr 6 Gr 41-200 Sosnowiec ul. Legionów 9;1676;490;490;10;480;29.24;2.04;1641;975;975;8;967;59.41;0.82
84668;247501;34;Przedszkole Miejskie Nr 12 41-200 Sosnowiec ul. Ignacego Mościckiego 26a;1362;349;349;13;336;25.62;3.72;1337;710;710;10;700;53.10;1.41
84669;247501;35;Szkoła Podstawowa Nr 22 41-200 Sosnowiec ul. Anieli Urbanowicz 14;1408;425;425;7;418;30.18;1.65;1387;743;743;13;730;53.57;1.75
84670;247501;36;Szkoła Podstawowa Nr 22 41-200 Sosnowiec ul. Anieli Urbanowicz 14;1088;308;308;12;296;28.31;3.90;1055;536;536;13;523;50.81;2.43
84671;247501;37;Urząd Miejski w Sosnowcu 41-200 Sosnowiec ul. Stanisława Małachowskiego 3;1118;226;226;4;222;20.21;1.77;1163;543;543;9;534;46.69;1.66
84672;247501;38;Centrum Kształcenia Zawodowego i Ustawicznegow Sosnowcu Zasadnicza Szkoła Zawodowa Specjalna (dawny Zespół Szkół Specjalnych Nr 1 ) 41-200 Sosnowiec ul. Teatralna 3;1415;305;305;13;292;21.55;4.26;1386;660;660;16;644;47.62;2.42
84673;247501;39;Szkoła Podstawowa Nr 4 41-200 Sosnowiec ul. Kościelna 9;1045;122;122;3;119;11.67;2.46;1002;270;270;12;258;26.95;4.44
84674;247501;40;Przedszkole Miejskie nr 28 41-200 Sosnowiec ul. Leona Kruczkowskiego 9;1878;491;491;6;485;26.14;1.22;1823;934;934;9;925;51.23;0.96
84675;247501;41;Szkoła Podstawowa Nr 8 41-200 Sosnowiec ul. Teatralna 8;1114;217;217;8;209;19.48;3.69;1102;421;421;10;411;38.20;2.38
84676;247501;42;Przedszkole Miejskie Nr 55 41-200 Sosnowiec ul. Akacjowa 81;1327;431;431;4;427;32.48;0.93;1284;789;789;5;784;61.45;0.63
84677;247501;43;Przedszkole Miejskie Nr 55 41-200 Sosnowiec Akacjowa 81;2032;622;622;19;603;30.61;3.05;1980;1094;1094;9;1085;55.25;0.82
84678;247501;44;Szkoła Podstawowa Nr 4 41-200 Sosnowiec ul. Kościelna 4;1254;364;364;3;361;29.03;0.82;1201;673;673;7;666;56.04;1.04
84679;247501;45;Przedszkole Miejskie Nr 56 41-200 Sosnowiec ul. Jagiellońska 13E;1854;569;569;15;554;30.69;2.64;1801;993;993;12;981;55.14;1.21
84680;247501;46;Zespół Szkół Elektronicznych i Informatycznych 41-200 Sosnowiec ul. Jagiellońska 13;1544;506;506;20;486;32.77;3.95;1561;891;891;10;881;57.08;1.12
84681;247501;47;Zespół Szkół Specjalnych Nr 4 41-200 Sosnowiec ul. Franciszkańska 5a;1952;486;486;21;465;24.90;4.32;1906;962;962;15;947;50.47;1.56
84682;247501;48;Szkoła Podstawowa Nr 42 41-219 Sosnowiec, Środula ul. Bolesawa Prusa 253a;1947;523;523;16;507;26.86;3.06;1907;1132;1132;23;1109;59.36;2.03
84683;247501;49;Przedszkole Miejskie Nr 52 41-219 Sosnowiec, Środula ul. Stanisława Witkiewicza 1;1654;400;400;2;398;24.18;0.50;1622;888;888;12;876;54.75;1.35
84684;247501;50;Szkoła Podstawowa Nr 16 41-219 Sosnowiec, Środula ul. Okrzei 56;1468;370;370;12;358;25.20;3.24;1428;792;792;6;786;55.46;0.76
84685;247501;51;Szkoła Podstawowa Nr 42 41-219 Sosnowiec, Środula ul. Bolesława Prusa 253a;1888;528;528;18;510;27.97;3.41;1849;1101;1101;12;1089;59.55;1.09
84686;247501;52;Przedszkole Miejskie Nr 51 41-219 Sosnowiec, Środula ul. Bolesława Prusa 253a;1277;320;320;10;310;25.06;3.12;1248;682;682;9;673;54.65;1.32
84687;247501;53;Powiatowy Urząd Pracy 41-200 Sosnowiec, Sielec ul. Rzeźnicza 12;2397;654;654;28;626;27.28;4.28;2432;1390;1390;9;1381;57.15;0.65
84688;247501;54;Szkoła Podstawowa Nr 20 41-200 Sosnowiec ul. gen. Władysława Andersa 66;1283;376;376;4;372;29.31;1.06;1340;842;842;5;837;62.84;0.59
84689;247501;55;Przedszkole Miejskie Nr 50 41-200 Sosnowiec ul. Franciszkańska 19;474;40;40;1;39;8.44;2.50;458;133;133;3;130;29.04;2.26
84690;247501;56;Przedszkole Miejskie Nr 14 41-200 Sosnowiec ul. Mariana Maliny 25;965;229;229;3;226;23.73;1.31;941;451;451;13;438;47.93;2.88
84691;247501;57;Zespół Szkół Ogólnokształcących Nr 9 41-208 Sosnowiec, Dańdówka ul. Jedności 7;1117;238;238;16;222;21.31;6.72;1102;555;555;11;544;50.36;1.98
84692;247501;58;Warsztaty Terapii Zajęciowej przy TPD 41-208 Sosnowiec, Dańdówka ul. Jodłowa 1;2065;438;438;25;413;21.21;5.71;2039;1002;1002;39;963;49.14;3.89
84693;247501;59;Przedszkole Miejskie Nr 54 41-208 Sosnowiec, Dańdówka ul. Kalinowa 115;2010;503;503;9;494;25.02;1.79;1976;1031;1031;19;1012;52.18;1.84
84694;247501;60;Szkoła Podstawowa Nr 29 41-208 Sosnowiec, Dańdówka ul. Zagłębiowska 25;2093;450;450;16;434;21.50;3.56;2043;946;946;20;926;46.30;2.11
84695;247501;61;Szkoła Podstawowa Nr 11 „Modrzejów” 41-208 Sosnowiec, Modrzejów ul. Orląt Lwowskich 2;759;164;164;5;159;21.61;3.05;755;379;379;10;369;50.20;2.64
84696;247501;62;Szkoła Podstawowa Nr 15 41-208 Sosnowiec, Niwka ul. Wojska Polskiego 84;2274;461;461;15;446;20.27;3.25;2208;1099;1099;21;1078;49.77;1.91
84697;247501;63;Gimnazjum Nr 1 41-208 Sosnowiec, Niwka ul. Wojska Polskiego 86;2077;426;426;13;413;20.51;3.05;2041;992;992;13;979;48.60;1.31
84698;247501;64;Przedszkole Miejskie Nr 20 41-208 Sosnowiec, Modrzejów ul. Adama Śliwki 38;1993;464;464;8;456;23.28;1.72;1957;934;934;26;908;47.73;2.78
84699;247501;65;Rada Dzielnicy „Południe” Fabryka Maszyn Górniczych 41-208 Sosnowiec, Bór ul. Wojska Polskiego 25/27;1841;298;298;5;293;16.19;1.68;1803;910;910;19;891;50.47;2.09
84700;247501;66;Szkoła Podstawowa Nr 21 41-208 Sosnowiec, Jęzor ul. Zawodzie 34;1064;285;285;3;282;26.79;1.05;1061;592;592;14;578;55.80;2.36
84701;247501;67;Szkoła Podstawowa Nr 20 41-200 Sosnowiec ul. gen. Władysława Andersa 66;1627;312;312;4;308;19.18;1.28;1587;742;743;17;725;46.75;2.29
84702;247501;68;Hala Widowiskowo - Sportowa 41-219 Sosnowiec, Zagórze ul. Braci Mieroszewskich 91;1034;235;235;8;227;22.73;3.40;1021;474;474;9;465;46.43;1.90
84703;247501;69;Przedszkole Miejskie Nr 38 41-219 Sosnowiec, Zagórze ul. Bolesława Krzywoustego 6;1558;386;386;18;368;24.78;4.66;1517;826;826;13;813;54.45;1.57
84704;247501;70;Szkoła Podstawowa Nr 23 41-219 Sosnowiec, Zagórze ul. Tomasza Zapały 3;1740;342;342;11;331;19.66;3.22;1729;808;808;12;796;46.73;1.49
84705;247501;71;Szkoła Podstawowa Nr 9 41-219 Sosnowiec, Zagórze ul. Braci Mieroszewskich 54;1770;404;404;10;394;22.82;2.48;1734;892;892;18;874;51.44;2.02
84706;247501;72;Przedszkole Miejskie Nr 59 41-219 Sosnowiec, Zagórze ul. Jana Długosza 11a;2104;515;515;15;500;24.48;2.91;2099;1134;1134;22;1112;54.03;1.94
84707;247501;73;Przedszkole Miejskie Nr 39 41-219 Sosnowiec, Zagórze ul. Romana Dmowskiego 18a;1975;449;449;10;439;22.73;2.23;1953;981;981;27;954;50.23;2.75
84708;247501;74;Gimnazjum Nr 9 41-219 Sosnowiec, Zagórze ul. Ignacego Kalagi 9a;2244;453;453;7;446;20.19;1.55;2236;1133;1133;19;1114;50.67;1.68
84709;247501;75;Zespół Szkół Ogólnokształcących nr 5 41-219 Sosnowiec, Zagórze ul. Bohterów Monte Cassino 46;2174;258;258;5;253;11.87;1.94;2123;799;799;19;780;37.64;2.38
84710;247501;76;Zespół Szkół Ogólnokształcących Nr 5 41-219 Sosnowiec, Zagórze ul. Bohaterów Monte Cassino 46;1675;325;325;7;318;19.40;2.15;1630;790;790;12;778;48.47;1.52
84711;247501;77;Przedszkole Miejskie Nr 43 41-219 Sosnowiec, Zagórze ul. Bohaterów Monte Cassino 46;1224;305;305;9;296;24.92;2.95;1198;630;630;14;616;52.59;2.22
84712;247501;78;Zespół Szkół Ogólnokształcących Nr 14 41-219 Sosnowiec, Zagórze ul. Stefana Kisielewskiego 4b;1819;448;448;10;438;24.63;2.23;1749;936;936;12;924;53.52;1.28
84713;247501;79;Przedszkole Miejskie Nr 45 41-219 Sosnowiec, Zagórze ul. Stefana Kisielewskiego 4a;1761;469;469;10;459;26.63;2.13;1718;999;999;17;982;58.15;1.70
84714;247501;80;Szkoła Podstawowa Nr 39 41-219 Sosnowiec, Zagórze ul. Lubelska 51;1805;479;479;11;468;26.54;2.30;1782;1055;1055;10;1045;59.20;0.95
84715;247501;81;Przedszkole Miejskie Nr 46 41-219 Sosnowiec, Zagórze ul. Koszalińska 55;1449;361;361;10;351;24.91;2.77;1420;774;774;19;755;54.51;2.45
84716;247501;82;Przedszkole Miejskie Nr 44 41-219 Sosnowiec, Zagórze ul. Lubelska 49;1835;513;513;10;503;27.96;1.95;1786;1073;1073;19;1054;60.08;1.77
84717;247501;83;Klub „Bakcyl” Spółdzielni Mieszkaniowej Hutnik 41-219 Sosnowiec, Zagórze ul. Koszalińska 25;1102;268;268;5;263;24.32;1.87;1071;535;535;3;532;49.95;0.56
84718;247501;84;Szkoła Podstawowa Nr 39 41-219 Sosnowiec, Zagórze ul. Lubelska 51;1413;351;351;5;346;24.84;1.42;1349;751;751;12;739;55.67;1.60
84719;247501;85;Poradnia Psychologiczno - Pedagogiczna Nr 2 41-219 Sosnowiec, Zagórze ul. Białostocka 17;1680;427;427;14;413;25.42;3.28;1603;931;931;10;921;58.08;1.07
84720;247501;86;Klub „Bios” Spółdzielni Mieszkaniowej Zagórze 41-219 Sosnowiec, Zagórze ul. Teofila Lenartowicza 106;1863;468;468;16;452;25.12;3.42;1808;1086;1086;16;1070;60.07;1.47
84721;247501;87;Zespół Szkół Ogólnokształcących Nr 7 41-218 Sosnowiec, Klimontów ul. Gwiezdna 2;2164;547;547;9;538;25.28;1.65;2142;1238;1238;23;1215;57.80;1.86
84722;247501;88;Szkoła Podstawowa Nr 25 41-218 Sosnowiec, Klimontów ul. Janka Krasickiego 1;2337;562;562;27;535;24.05;4.80;2342;1303;1303;32;1271;55.64;2.46
84723;247501;89;Przedszkole Miejskie nr 40 41-218 Sosnowiec, Klimontów ul. Gwiezdna 16D;1609;352;352;12;340;21.88;3.41;1546;852;852;11;841;55.11;1.29
84724;247501;90;Centrum Kształcenia Zawodowego i Ustawicznegow Sosnowcu, Zasadnicza Szkoła ZawodowaNr 2 (dawny Zespół Szkół Usługowych) 41-218 Sosnowiec, Klimontów ul. mjr. Henryka Hubala-Dobrzańskiego 131;908;226;226;9;217;24.89;3.98;897;463;463;7;456;51.62;1.51
84725;247501;91;Przedszkole Miejskie Nr 53 41-218 Sosnowiec, Klimontów Kornela Makuszyńskiego 4b;1794;356;356;17;339;19.84;4.78;1734;822;822;13;809;47.40;1.58
84726;247501;92;Miejski Klub Maczki - Filia Klimontów 41-218 Sosnowiec, Klimontów ul. Mjr Hubala-Dobrzańskiego 99a;1806;383;383;9;374;21.21;2.35;1746;817;817;10;807;46.79;1.22
84727;247501;93;Zespół Szkół Ogólnokształcących Nr 12 41-215 Sosnowiec, Kazimierz ul. Brunona Jasieńskiego 2a;2430;474;474;12;462;19.51;2.53;2385;1146;1146;15;1131;48.05;1.31
84728;247501;94;Przedszkole Miejskie Nr 35 41-216 Sosnowiec, Porąbka ul. Zagórska 3;981;188;188;5;183;19.16;2.66;971;467;467;4;463;48.09;0.86
84729;247501;95;Szkoła Podstawowa Nr 35 41-216 Sosnowiec, Porąbka ul. Stanisława Ligonia 3a;765;156;156;6;150;20.39;3.85;774;344;344;10;334;44.44;2.91
84730;247501;96;Zespół Szkół Ogólnokształcących Nr 10 41-216 Sosnowiec, Juliusz ul. Czołgistów 12;2144;367;367;16;351;17.12;4.36;2101;887;887;22;865;42.22;2.48
84731;247501;97;Przedszkole Miejskie Nr 34 41-216 Sosnowiec, Juliusz ul. Hanki Sawickiej 1;1904;355;355;15;340;18.64;4.23;1869;760;760;15;745;40.66;1.97
84732;247501;98;Zespół Szkół Ogólnokształcących Nr 12 41-215 Sosnowiec, Kazimierz ul. Brunona Jasieńskiego 2a;1961;362;362;6;356;18.46;1.66;1930;941;942;12;929;48.76;1.28
84733;247501;99;Przedszkole Miejskie Nr 33 41-215 Sosnowiec, Kazimierz ul. Ogrodowa 6;1880;332;332;9;323;17.66;2.71;1835;918;918;27;891;50.03;2.94
84734;247501;100;Zespół Szkół Ogólnokształcących Nr 6 41-215 Sosnowiec, Ostrowy Górnicze ul. Stefana Starzyńskiego 41;1272;251;251;7;244;19.73;2.79;1261;585;585;8;577;46.39;1.37
84735;247501;101;Zespół Szkół Ogólnokształcących Nr 6 41-215 Sosnowiec, Ostrowy Górnicze ul. Stefana Starzyńskiego 41;1220;270;270;7;263;22.13;2.59;1235;634;634;10;624;51.34;1.58
84736;247501;102;Zespół Szkół Ogólnokształcących Nr 11 41-217 Sosnowiec, Maczki ul. Skwerowa 21;1421;302;302;12;290;21.25;3.97;1406;725;725;10;715;51.56;1.38
84737;247501;103;Przedszkole Miejskie Nr 57 41-214 Sosnowiec, Pogoń ul. Gospodarcza 63;1410;416;416;18;398;29.50;4.33;1392;809;809;15;794;58.12;1.85
84738;247501;104;Szkoła Podstawowa Nr 6 41-200 Sosnowiec, Sielec ul. Wawel 13;1266;437;437;10;427;34.52;2.29;1281;758;758;9;749;59.17;1.19
84739;247501;105;Szkoła Podstawowa Nr 15 41-208 Sosnowiec, Niwka ul. Wojska Polskiego 84;842;235;235;7;228;27.91;2.98;824;446;446;5;441;54.13;1.12
84740;247501;106;Szkoła Podstawowa Nr 16 41-219 Sosnowiec, Środula ul. Okrzei 56;1627;367;367;8;359;22.56;2.18;1606;772;772;9;763;48.07;1.17
84741;247501;107;Szkoła Podstawowa Nr 42 41-219 Sosnowiec, Środula ul. Bolesława Prusa 253a;1509;364;364;9;355;24.12;2.47;1475;808;808;11;797;54.78;1.36
84742;247501;108;Zespół Szkół Elektronicznych i Informatycznych 41-200 Sosnowiec ul. Jagiellońska 13;1317;418;418;15;403;31.74;3.59;1332;776;776;7;769;58.26;0.90
84743;247501;109;Zespół Szkół Ogólnokształcących Nr 5 41-219 Sosnowiec, Zagórze ul. Bohaterów Monte Cassino 46;1250;339;339;2;337;27.12;0.59;1230;650;650;9;641;52.85;1.38
91453;247501;110;Dom Pomocy Społecznej Nr 1 41-200 Sosnowiec, Dańdówka Gen.Władysława Andersa 81B;71;30;30;5;25;42.25;16.67;71;34;34;3;31;47.89;8.82
91454;247501;111;Sosnowiecki Szpital Miejski Sp. z o.o. 41-200 Sosnowiec Emila Zegadłowicza 3;245;37;37;1;36;15.10;2.70;214;64;64;9;55;29.91;14.06
91455;247501;112;Dom Pomocy Społecznej Nr 2 41-200 Sosnowiec Jagiellońska 2;79;58;58;2;56;73.42;3.45;80;53;53;1;52;66.25;1.89
91456;247501;113;Sosnowiecki Szpital Miejski Sp z o.o. 41-200 Sosnowiec Szpitalna 1;239;29;29;0;29;12.13;0.00;229;66;66;0;66;28.82;0.00
91457;247501;114;Wojewódzki Szpital Specjalistyczny nr 5 im. św. Barbary w Sosnowcu 41-200 Sosnowiec Plac medyków 1;443;64;64;3;61;14.45;4.69;331;90;90;3;87;27.19;3.33
91458;247501;115;Centrum Profilaktyki leczenia i Opieki MEDICO NZOZ Sp. z o.o. 41-200 Sosnowiec Odrodzenia 9;63;5;5;0;5;7.94;0.00;65;4;4;0;4;6.15;0.00
91459;247501;116;Areszt Śledczy w Sosnowcu 41-200 Sosnowiec Radocha 25;326;82;82;12;70;25.15;14.63;299;151;151;7;144;50.50;4.64
91460;247501;117;Ośrodek Opiekuńczy dla Bezdomnych 41-200 Sosnowiec Piotrkowska 19;71;40;40;5;35;56.34;12.50;62;22;22;5;17;35.48;22.73
84744;247601;1;Przedszkole Miejskie Nr 9 41-608 Świętochłowice, Chropaczów ul. Sportowa 6;1986;415;415;13;402;20.90;3.13;1936;962;962;10;952;49.69;1.04
84745;247601;2;Szkoła Podstawowa Nr 17 41-608 Świętochłowice, Chropaczów ul. Armii Ludowej 14;1929;166;166;9;157;8.61;5.42;1875;485;485;23;462;25.87;4.74
84746;247601;3;Miejskie Przedsiębiorstwo Gospodarki Komunalnej Sp. z o.o. 41-608 Świętochłowice, Chropaczów ul. Łagiewnicka 76;1807;403;403;15;388;22.30;3.72;1758;899;899;19;880;51.14;2.11
84747;247601;4;Szkoła Podstawowa Specjalna Nr 10 41-608 Świętochłowice, Chropaczów ul. Łagiewnicka 65;1929;456;456;11;445;23.64;2.41;1858;1018;1018;19;999;54.79;1.87
84748;247601;5;Zespół Szkół Ogólnokształcących Nr 2 41-608 Świętochłowice, Chropaczów ul. Sudecka 5;1530;376;376;11;365;24.58;2.93;1515;862;862;11;851;56.90;1.28
84749;247601;6;Zespół Szkół Ogólnokształcących Nr 2 41-608 Świętochłowice, Chropaczów ul. Sudecka 5;1242;290;290;6;284;23.35;2.07;1203;685;685;9;676;56.94;1.31
84750;247601;7;Zespół Szkół Gimnazjalnych i Pracy Pozaszkolnej 41-605 Świętochłowice, Lipiny ul. Doktora Bukowego 23;1312;83;83;8;75;6.33;9.64;1239;228;228;13;215;18.40;5.70
84751;247601;8;Zespół Szkół Gimnazjalnych i Pracy Pozaszkolnej 41-605 Świętochłowice, Lipiny ul. Doktora Bukowego 23;1523;172;172;11;161;11.29;6.40;1442;399;399;21;378;27.67;5.26
84752;247601;9;Centrum Kultury Śląskiej -Lipiny 41-605 Świętochłowice, Lipiny ul. Chorzowska 73;1929;249;249;10;239;12.91;4.02;1853;663;663;25;638;35.78;3.77
84753;247601;10;Miejska Biblioteka Publiczna 41-605 Świętochłowice, Piaśniki ul. Chorzowska 37;1989;478;478;12;466;24.03;2.51;1935;1030;1030;26;1004;53.23;2.52
84754;247601;11;Świetlica Spółdzielni Mieszkaniowej 41-605 Świętochłowice, Piaśniki ul. Korfantego 1;1826;471;471;10;461;25.79;2.12;1777;945;945;18;927;53.18;1.90
84755;247601;12;Szkoła Podstawowa Nr 1 41-605 Świętochłowice, Piaśniki ul. Zubrzyckiego 38;1987;596;596;9;587;29.99;1.51;1962;1180;1180;18;1162;60.14;1.53
84756;247601;13;Sala Gimnastyczna OSIR Skałka 41-600 Świętochłowice ul. Szkolna 10;1692;168;168;9;159;9.93;5.36;1677;496;496;30;466;29.58;6.05
84757;247601;14;Szkoła Podstawowa nr 4 41-600 Świętochłowice ul. Szkolna 17;1935;576;576;14;562;29.77;2.43;1886;1076;1076;20;1056;57.05;1.86
84758;247601;15;Zespół Szkół Specjalnych 41-600 Świętochłowice ul. Szkolna 13;1988;394;394;21;373;19.82;5.33;1882;857;857;18;839;45.54;2.10
84759;247601;16;Zespół Szkół Ogólnokształcących nr 1 41-600 Świętochłowice ul. Licealna 1;1479;407;407;12;395;27.52;2.95;1461;811;811;16;795;55.51;1.97
84760;247601;17;Szkoła Podstawowa nr 2 41-600 Świętochłowice ul. Wyzwolenia 50;1945;413;413;13;400;21.23;3.15;1938;882;882;15;867;45.51;1.70
84761;247601;18;Miejska Biblioteka Publiczna 41-600 Świętochłowice ul. Świerczewskiego 1D;2104;335;335;8;327;15.92;2.39;2016;713;713;17;696;35.37;2.38
84762;247601;19;Zespół Szkół Ekonomiczno-Usługowych 41-600 Świętochłowice ul. Sikorskiego 9;1820;209;209;10;199;11.48;4.78;1751;565;565;9;556;32.27;1.59
84763;247601;20;Szkoła Podstawowa Nr 3 41-600 Świętochłowice ul. Chopina 1;1386;334;334;11;323;24.10;3.29;1345;691;691;21;670;51.38;3.04
84764;247601;21;Centrum Kultury Śląskiej - Zgoda 41-600 Świętochłowice ul. Krauzego 1;1887;402;402;7;395;21.30;1.74;1889;869;869;14;855;46.00;1.61
84765;247601;22;Szkoła Podstawowa Nr 8 41-600 Świętochłowice ul. Komandra 9;2247;670;670;9;661;29.82;1.34;2224;1219;1219;19;1200;54.81;1.56
84766;247601;23;Powiatowy Urząd Pracy 41-600 Świętochłowice, Zgoda ul. Plebiscytowa 3;1123;254;254;9;245;22.62;3.54;1082;488;488;7;481;45.10;1.43
91461;247601;24;Miejski Dom Pomocy Społecznej „Złota Jesień” 41-605 Świętochłowice, Lipiny Imieli 12;60;43;43;2;41;71.67;4.65;61;37;37;0;37;60.66;0.00
91462;247601;25;Szpital Powiatowy w Świętochłowicach 41-605 Świętochłowice, Piaśniki Chorzowska 36;144;14;14;1;13;9.72;7.14;143;49;49;3;46;34.27;6.12
84767;247701;1;II Liceum Ogólnokształcące 43-100 Tychy ul. Norwida 40;1657;600;600;10;590;36.21;1.67;1711;1130;1130;18;1112;66.04;1.59
84768;247701;2;Szkoła Podstawowa Nr1 43-100 Tychy pl. Wolności 4;1663;643;643;16;627;38.67;2.49;1684;1140;1140;17;1123;67.70;1.49
84769;247701;3;Szkoła Podstawowa Nr 1 43-100 Tychy pl. Wolności 4;1730;541;541;11;530;31.27;2.03;1689;1003;1003;11;992;59.38;1.10
84770;247701;4;Szkoła Podstawowa Nr 6 43-100 Tychy ul. Katowicka 102;1995;664;664;17;647;33.28;2.56;1991;1336;1336;12;1324;67.10;0.90
84771;247701;5;Szkoła Podstawowa Nr 6 43-100 Tychy ul. Katowicka 102;1787;517;517;11;506;28.93;2.13;1818;1022;1022;19;1003;56.22;1.86
84772;247701;6;Szkoła Podstawowa Nr 3 43-100 Tychy ul. Wojska Polskiego 10;1766;333;333;10;323;18.86;3.00;1759;770;770;34;736;43.77;4.42
84773;247701;7;Szkoła Podstawowa Nr 3 43-100 Tychy ul. Wojska Polskiego 10;1286;293;293;6;287;22.78;2.05;1257;610;610;23;587;48.53;3.77
84774;247701;8;Gimnazjum Nr 1 43-100 Tychy ul. Brzozowa 24;1356;342;342;11;331;25.22;3.22;1311;697;697;11;686;53.17;1.58
84775;247701;9;Miejskie Centrum Kultuty 43-100 Tychy ul. Bohaterów Warszawy 26;1764;417;417;19;398;23.64;4.56;1736;827;827;17;810;47.64;2.06
84776;247701;10;Przedszkole Nr 11 43-100 Tychy ul. Bukowa 29;2086;554;554;18;536;26.56;3.25;2046;1005;1005;24;981;49.12;2.39
84777;247701;11;Szkoła Podstawowa Nr 17 43-100 Tychy ul. Begonii 5;1366;298;298;11;287;21.82;3.69;1321;624;624;13;611;47.24;2.08
84778;247701;12;Szkoła Podstawowa Nr 17 43-100 Tychy ul. Begonii 5;1335;375;375;6;369;28.09;1.60;1373;892;892;12;880;64.97;1.35
84779;247701;13;Zespół Szkolno-Przedszkolny Nr 3 43-100 Tychy ul. Cmentarna 54;984;336;336;8;328;34.15;2.38;996;654;654;14;640;65.66;2.14
84780;247701;14;Szkoła Podstawowa Nr 4 43-100 Tychy ul. Oświęcimska 256;1551;318;318;7;311;20.50;2.20;1581;915;915;8;907;57.87;0.87
84781;247701;15;Szkoła Podstawowa Nr 4 43-100 Tychy ul. Oświęcimska 256;1336;328;328;8;320;24.55;2.44;1341;787;787;21;766;58.69;2.67
84782;247701;16;Zespół Szkół Nr 5 43-100 Tychy ul. Edukacji 11;1642;363;363;2;361;22.11;0.55;1633;817;817;12;805;50.03;1.47
84783;247701;17;I Liceum Ogółnokształcące 43-100 Tychy ul. Korczaka 6;1934;540;540;15;525;27.92;2.78;1910;1040;1040;41;999;54.45;3.94
84784;247701;18;Zespół Szkół Nr 1 43-100 Tychy ul. Filaretów 27;1953;663;663;20;643;33.95;3.02;1920;1178;1178;16;1162;61.35;1.36
84785;247701;19;Zespół Szkół Nr 2 43-100 Tychy ul. Elfów 9;1925;463;463;14;449;24.05;3.02;1863;825;825;13;812;44.28;1.58
84786;247701;20;Gimnazjum Nr 11 43-100 Tychy Al. Niepodległości 108;1741;440;440;17;423;25.27;3.86;1679;810;810;13;797;48.24;1.60
84787;247701;21;Gimnazjum Nr 11 43-100 Tychy Al. Niepodległości 108;1205;293;293;9;284;24.32;3.07;1164;556;556;5;551;47.77;0.90
84788;247701;22;Przedszkole Nr 22 43-100 Tychy ul. Dąbrowskiego 85;2005;568;568;6;562;28.33;1.06;1921;1039;1039;6;1033;54.09;0.58
84789;247701;23;Przedszkole Nr 19 43-100 Tychy Al. Niepodległości 154;1649;479;479;12;467;29.05;2.51;1604;874;874;22;852;54.49;2.52
84790;247701;24;Zespół Szkół Specjalnych Nr 8 43-100 Tychy ul. Edukacji 21;1370;359;359;12;347;26.20;3.34;1335;670;670;13;657;50.19;1.94
84791;247701;25;Zespół Szkół Sportowych 43-100 Tychy Al. Niepodległości 190;1191;303;303;10;293;25.44;3.30;1081;642;642;9;633;59.39;1.40
84792;247701;26;Szkoła Podstawowa Nr 36 43-100 Tychy ul. Generała de Gaulle'a 18;857;211;211;2;209;24.62;0.95;847;450;450;9;441;53.13;2.00
84793;247701;27;Przedszkole Nr 5 43-100 Tychy ul. Orzeszkowej 56;1404;425;425;10;415;30.27;2.35;1327;779;779;8;771;58.70;1.03
84794;247701;28;Przedszkole Nr 3 43-100 Tychy ul. Paprocańska 156;1386;480;480;13;467;34.63;2.71;1349;809;809;17;792;59.97;2.10
84795;247701;29;Przedszkole Nr 3 43-100 Tychy ul. Paprocańska 156;1981;508;508;14;494;25.64;2.76;1929;1149;1149;12;1137;59.56;1.04
84796;247701;30;Przedszkole Nr 3 43-100 Tychy ul. Paprocańska 156;1444;575;575;15;560;39.82;2.61;1429;1049;1049;17;1032;73.41;1.62
84797;247701;31;Szkoła Podstawowa Nr 7 43-100 Tychy ul. Tołstoja 1;1514;442;442;8;434;29.19;1.81;1579;978;978;8;970;61.94;0.82
84798;247701;32;Szkoła Podstawowa Nr 7 43-100 Tychy ul. Tołstoja 1;1554;404;404;6;398;26.00;1.49;1508;892;892;11;881;59.15;1.23
84799;247701;33;Szkoła Podstawowa Nr 7 43-100 Tychy ul. Tołstoja 1;1668;433;433;11;422;25.96;2.54;1604;921;921;17;904;57.42;1.85
84800;247701;34;Przedszkole Nr 17 43-100 Tychy ul. Tołstoja 5;1515;407;407;10;397;26.86;2.46;1466;835;835;12;823;56.96;1.44
84801;247701;35;Przedszkole Nr 17 43-100 Tychy ul. Tołstoja 5;1466;416;416;10;406;28.38;2.40;1454;911;911;15;896;62.65;1.65
84802;247701;36;Szkoła Podstawowa Nr 40 43-100 Tychy ul. Zgrzebnioka 45;1727;554;554;15;539;32.08;2.71;1686;1064;1064;8;1056;63.11;0.75
84803;247701;37;Szkoła Podstawowa Nr 40 43-100 Tychy ul. Zgrzebnioka 45;1259;383;383;8;375;30.42;2.09;1225;783;783;11;772;63.92;1.40
84804;247701;38;Szkoła Podstawowa Nr 40 43-100 Tychy ul. Zgrzebnioka 45;1462;443;443;12;431;30.30;2.71;1442;903;903;14;889;62.62;1.55
84805;247701;39;Zespół Szkolno - Przedszkolny Nr 2 43-100 Tychy ul. Jedności 51;1149;308;308;5;303;26.81;1.62;1162;655;655;9;646;56.37;1.37
84806;247701;40;Zespół Szkół 43-100 Tychy ul. Czarnieckiego 22;2094;450;450;10;440;21.49;2.22;2047;913;913;36;877;44.60;3.94
84807;247701;41;Szkoła Podstawowa Nr 11 43-100 Tychy ul. Curie Skłodowskiej 4;1611;391;391;14;377;24.27;3.58;1563;759;759;13;746;48.56;1.71
84808;247701;42;Szkoła Podstawowa Nr 11 43-100 Tychy ul. Curie Skłodowskiej 4;1691;430;430;7;423;25.43;1.63;1664;855;855;17;838;51.38;1.99
84809;247701;43;Gimnazjum Nr 5 43-100 Tychy ul. Młodzieżowa 7;2174;548;548;21;527;25.21;3.83;2060;1094;1094;21;1073;53.11;1.92
84810;247701;44;Przedszkole Nr 26 43-100 Tychy ul. Młodzieżowa 5;1823;505;505;10;495;27.70;1.98;1769;1039;1039;14;1025;58.73;1.35
84811;247701;45;Szkoła Podstawowa Nr 35 43-100 Tychy Al. Marszałka Piłsudskiego 21;1796;476;476;9;467;26.50;1.89;1728;1011;1011;7;1004;58.51;0.69
84812;247701;46;Szkoła Podstawowa Nr 35 43-100 Tychy Al. Marszałka Piłsudskiego 21;1613;490;490;21;469;30.38;4.29;1554;934;934;9;925;60.10;0.96
84813;247701;47;Przedszkole Niepubliczne 43-100 Tychy ul. Nałkowskiej 6;1709;503;503;17;486;29.43;3.38;1669;995;995;14;981;59.62;1.41
84814;247701;48;Zespół Szkół Nr 6 43-100 Tychy Al. Marszałka Piłsudskiego 10;1836;548;548;20;528;29.85;3.65;1765;1079;1079;15;1064;61.13;1.39
84815;247701;49;Zespół Szkół Nr 6 43-100 Tychy Al. Marszałka Piłsudskiego 10;1539;384;384;5;379;24.95;1.30;1453;822;822;12;810;56.57;1.46
84816;247701;50;Szkoła Podstawowa Nr 37 43-100 Tychy ul. Konecznego 1;1675;492;492;10;482;29.37;2.03;1593;942;942;0;942;59.13;0.00
84817;247701;51;Szkoła Podstawowa Nr 37 43-100 Tychy ul. Konecznego 1;1369;440;440;9;431;32.14;2.05;1321;781;781;7;774;59.12;0.90
84818;247701;52;Przedszkole Nr 1 43-100 Tychy ul. Myśliwska 102;1922;537;537;15;522;27.94;2.79;1830;1105;1105;16;1089;60.38;1.45
84819;247701;53;Gimnazjum Nr 3 43-100 Tychy ul. Borowa 123;1518;425;425;10;415;28.00;2.35;1600;1009;1009;12;997;63.06;1.19
84820;247701;54;Gimnazjum Nr 3 43-100 Tychy ul. Borowa 123;1505;407;407;8;399;27.04;1.97;1458;893;893;16;877;61.25;1.79
84821;247701;55;Gimnazjum Nr 3 43-100 Tychy ul. Borowa 123;1696;514;514;20;494;30.31;3.89;1632;1045;1045;26;1019;64.03;2.49
84822;247701;56;Gimnazjum Nr 3 43-100 Tychy ul. Borowa 123;1761;667;667;10;657;37.88;1.50;1730;1191;1191;11;1180;68.84;0.92
84823;247701;57;Szkoła Podstawowa Nr 22 43-100 Tychy ul. Harcerska 25;1942;480;480;11;469;24.72;2.29;1885;1025;1025;20;1005;54.38;1.95
84824;247701;58;Szkoła Podstawowa Nr 22 43-100 Tychy ul. Harcerska 25;1798;576;576;14;562;32.04;2.43;1757;1082;1082;11;1071;61.58;1.02
84825;247701;59;Szkoła Podstawowa Nr 22 43-100 Tychy ul. Harcerska 25;2037;580;580;11;569;28.47;1.90;1989;1227;1227;27;1200;61.69;2.20
84826;247701;60;Szkoła Podstawowa Nr 22 43-100 Tychy ul. Harcerska 25;1877;471;471;20;451;25.09;4.25;1787;972;972;19;953;54.39;1.95
84827;247701;61;Zespół Szkół Nr 4 43-100 Tychy Al. Bielska 100;1780;514;514;14;500;28.88;2.72;1751;1063;1063;19;1044;60.71;1.79
84828;247701;62;Zespół Szkół Nr 4 43-100 Tychy Al. Bielska 100;1702;398;398;11;387;23.38;2.76;1651;936;936;19;917;56.69;2.03
84829;247701;63;Zespół Szkolno-Przedszkolny Nr 1 43-100 Tychy ul. Leśna 66;1471;342;342;9;333;23.25;2.63;1524;766;766;13;753;50.26;1.70
91463;247701;64;Szpital Miejski Sp. z o.o. w Tychach 43-100 Tychy ul. Cicha 27;35;13;13;2;11;37.14;15.38;42;19;19;1;18;45.24;5.26
91464;247701;65;Megrez Sp. z o.o. - Wojewódzki Szpital Specjalistyczny w Tychach 43-100 Tychy ul. Edukacji 102;242;62;62;2;60;25.62;3.23;203;116;116;4;112;57.14;3.45
91465;247701;66;Dom Pomocy Społecznej Św. Anna w Tychach 43-100 Tychy ul. Kopernika 6;50;34;34;2;32;68.00;5.88;53;28;28;1;27;52.83;3.57
84830;247801;1;Szkoła Podstawowa Nr 30 41-813 Zabrze ul. Ludwiki Wawrzyńskiej 11;1506;240;240;6;234;15.94;2.50;1484;578;578;13;565;38.95;2.25
84831;247801;2;Szkoła Podstawowa Nr 30 41-813 Zabrze ul. Ludwiki Wawrzyńskiej 11;1819;289;289;10;279;15.89;3.46;1774;678;678;15;663;38.22;2.21
84832;247801;3;Salezjański Zespół Szkół Publicznych 41-813 Zabrze ul. Leona Kruczkowskiego 31;1354;259;259;11;248;19.13;4.25;1280;526;526;15;511;41.09;2.85
84833;247801;4;Gimnazjum Nr 24 41-813 Zabrze ul. Ludwika Zamenhofa 56;1676;375;375;8;367;22.37;2.13;1632;765;765;18;747;46.88;2.35
84834;247801;5;Gimnazjum Nr 24 41-813 Zabrze ul. Ludwika Zamenhofa 56;1794;356;356;9;347;19.84;2.53;1716;798;798;9;789;46.50;1.13
84835;247801;6;Szkoła Podstawowa Nr 31 41-813 Zabrze ul. Dr. Henryka Jordana 7;1706;304;304;15;289;17.82;4.93;1659;656;656;12;644;39.54;1.83
84836;247801;7;Zespół Szkół Ogólnokształcących Nr 12 41-808 Zabrze ul. Gen. Władysława Andersa 64;1811;223;223;7;216;12.31;3.14;1785;622;622;11;611;34.85;1.77
84837;247801;8;Zespół Szkół Ogólnokształcących Nr 12 41-808 Zabrze ul. Gen. Władysława Andersa 64;2256;423;423;11;412;18.75;2.60;2212;1004;1004;19;985;45.39;1.89
84838;247801;9;Gimnazjum Nr 29 41-808 Zabrze ul. Budowlana 26;1718;245;245;5;240;14.26;2.04;1687;614;614;13;601;36.40;2.12
84839;247801;10;Gimnazjum Nr 29 41-808 Zabrze ul. Budowlana 26;2153;410;410;11;399;19.04;2.68;2077;887;887;13;874;42.71;1.47
84840;247801;11;Szkoła Podstawowa Nr 28 41-808 Zabrze ul. Ireny Kosmowskiej 43;2279;331;331;8;323;14.52;2.42;2223;809;809;23;786;36.39;2.84
84841;247801;12;Zespół Szkolno-Przedszkolny Nr 8 41-814 Zabrze ul. Ks. Jerzego Badestinusa 30;1760;426;426;2;424;24.20;0.47;1767;854;854;14;840;48.33;1.64
84842;247801;13;Szkoła Podstawowa Nr 24 41-807 Zabrze ul. Tarnopolska 85;2277;377;377;12;365;16.56;3.18;2243;1003;1003;13;990;44.72;1.30
84843;247801;14;Zespół Szkół Nr 10 41-807 Zabrze ul. Fryderyka Chopina 26;2068;233;233;5;228;11.27;2.15;1983;596;596;11;585;30.06;1.85
84844;247801;15;Zespół Szkół Nr 10 41-807 Zabrze ul. Fryderyka Chopina 26;2001;279;279;7;272;13.94;2.51;1923;718;718;12;706;37.34;1.67
84845;247801;16;Zespół Szkół Nr 10 41-807 Zabrze ul. Fryderyka Chopina 26;1330;159;159;7;152;11.95;4.40;1306;415;415;13;402;31.78;3.13
84846;247801;17;Szkoła Podstawowa Nr 26 41-807 Zabrze ul. Stanisława Ogórka 9;2048;329;329;14;315;16.06;4.26;2025;706;706;15;691;34.86;2.12
84847;247801;18;Zespół Szkół Katolickich Fundacji Na Rzecz Szkół Katolickich 41-800 Zabrze ul. Tarnopolska 3;1562;320;320;5;315;20.49;1.56;1558;755;755;11;744;48.46;1.46
84848;247801;19;Rada Osiedla 41-808 Zabrze ul. Młodego Górnika 2;1022;188;188;18;170;18.40;9.57;994;486;486;9;477;48.89;1.85
84849;247801;20;Szkoła Podstawowa Nr 42 41-818 Zabrze ul. Jurija Gagarina 2;2084;528;528;21;507;25.34;3.98;2058;1201;1201;30;1171;58.36;2.50
84850;247801;21;Zespół Szkół nr 20 41-818 Zabrze ul. Jurija Gagarina 2;1981;432;432;12;420;21.81;2.78;1909;1011;1011;27;984;52.96;2.67
84851;247801;22;Szkoła Podstawowa nr 23 41-819 Zabrze ul. Johanna Pestalozziego 16;940;232;232;5;227;24.68;2.16;923;457;457;8;449;49.51;1.75
84852;247801;23;Przdszkole nr 14 41-800 Zabrze ul. Ks. Piotra Ściegiennego 1;1951;443;443;12;431;22.71;2.71;1866;888;888;18;870;47.59;2.03
84853;247801;24;Szkoła Podstawowa Nr 7 41-800 Zabrze ul. Pokoju 41;2035;530;530;16;514;26.04;3.02;1985;1045;1045;13;1032;52.64;1.24
84854;247801;25;Szkoła Podstawowa Nr 7 41-800 Zabrze ul. Pokoju 41;2099;468;468;7;461;22.30;1.50;2065;1003;1003;29;974;48.57;2.89
84855;247801;26;Szkoła Podsatwowa nr 7 41-800 Zabrze ul. Pokoju 41;1988;406;406;7;399;20.42;1.72;1959;922;922;24;898;47.06;2.60
84856;247801;27;Przedszkole nr 7 41-800 Zabrze ul. Wolności 215;1843;320;320;8;312;17.36;2.50;1821;731;731;27;704;40.14;3.69
84857;247801;28;Szkoła Podstawowa Nr 25 41-819 Zabrze ul. Prof. Tadeusza Kotarbińskiego 18;2249;524;524;14;510;23.30;2.67;2186;1184;1184;20;1164;54.16;1.69
84858;247801;29;Szkoła Podstawowa Nr 25 41-819 Zabrze ul. Prof. Tadeusza Kotarbińskiego 18;1305;367;367;14;353;28.12;3.81;1270;777;777;8;769;61.18;1.03
84859;247801;30;Zespół Szkół Spożywczych 41-819 Zabrze ul. Franciszkańska 13;2126;414;414;8;406;19.47;1.93;2150;1043;1043;21;1022;48.51;2.01
84860;247801;31;Szkoła podstawowa nr 14 41-800 Zabrze ul. Gdańska 10;2048;523;523;11;512;25.54;2.10;2028;1022;1022;16;1006;50.39;1.57
84861;247801;32;Przedszkole nr 25 41-800 Zabrze ul. Cieszyśka 33;2099;547;547;22;525;26.06;4.02;2024;1147;1147;16;1131;56.67;1.39
84862;247801;33;Szkoła podstawowa nr 14 41-800 Zabrze ul. Gdańska 10;1271;255;255;8;247;20.06;3.14;1233;586;586;12;574;47.53;2.05
84863;247801;34;Przedszkole nr 25 41-800 Zabrze ul. Cieszyńska 33;1464;186;186;12;174;12.70;6.45;1412;479;479;14;465;33.92;2.92
84864;247801;35;Szkoła Podstawowa n 8 41-800 Zabrze ul. Ks. Józefa Londzina 2;1619;193;193;8;185;11.92;4.15;1604;478;478;16;462;29.80;3.35
84865;247801;36;Zespół Szkół Ekonomiczno-Usługowych 41-800 Zabrze ul. Plac Romualda Traugutta 1;1548;265;265;3;262;17.12;1.13;1550;655;655;14;641;42.26;2.14
84866;247801;37;Zespół Szkół Ogólnokształcacych nr 13 41-800 Zabrze ul. Ks. Józefa Wajdy 7;2109;528;528;10;518;25.04;1.89;2048;991;991;25;966;48.39;2.52
84867;247801;38;Gimnazjum nr 20 41-803 Zabrze ul. Jana Kasprowicza 7;1493;169;169;5;164;11.32;2.96;1468;392;392;11;381;26.70;2.81
84868;247801;39;Zespół Szkół Specjalnych nr 40 41-803 Zabrze ul. Bytomska 24;1581;228;228;13;215;14.42;5.70;1521;521;521;17;504;34.25;3.26
84869;247801;40;Szkoła podstawowa nr 21 41-803 Zabrze ul. Bytomska 26;1940;331;331;8;323;17.06;2.42;1935;773;773;19;754;39.95;2.46
84870;247801;41;Szkoła Podstawowa Nr 22 41-803 Zabrze ul. Bytomska 94;1610;215;215;7;208;13.35;3.26;1555;532;532;19;513;34.21;3.57
84871;247801;42;Szkoła Podstawowa Nr 22 41-803 Zabrze ul. Bytomska 94;1669;124;124;15;109;7.43;12.10;1671;411;411;22;389;24.60;5.35
84872;247801;43;Szkoła Podstawowa Nr 18 41-806 Zabrze ul. Wacława Karczewskiego 10;2243;421;421;16;405;18.77;3.80;2138;1030;1030;21;1009;48.18;2.04
84873;247801;44;Szkoła podstawowa nr 18 41-806 Zabrze ul. Wacława Karczewskiego 10;1684;271;271;6;265;16.09;2.21;1648;740;740;16;724;44.90;2.16
84874;247801;45;Gimnazjum nr 9 41-806 Zabrze ul. Olchowa 2;1985;388;388;22;366;19.55;5.67;1935;922;922;25;897;47.65;2.71
84875;247801;46;Gimnazjum nr 9 41-806 Zabrze ul. Olchowa 2;2117;405;405;15;390;19.13;3.70;2062;949;949;19;930;46.02;2.00
84876;247801;47;Szkoła Podstawowa Nr 17 41-806 Zabrze ul. Ks. Antoniego Korczoka 98;1910;397;397;17;380;20.79;4.28;1863;976;976;21;955;52.39;2.15
84877;247801;48;Szkoła Podstawowa Nr 17 41-806 Zabrze ul. Ks. Doktora Antoniego Korczoka 98;1820;382;382;26;356;20.99;6.81;1777;963;963;20;943;54.19;2.08
84878;247801;49;Szkoła Podstawowa nr 17 41-806 Zabrze ul. Ks. Doktora Antoniego Korczoka 98;1701;436;436;21;415;25.63;4.82;1641;945;945;15;930;57.59;1.59
84879;247801;50;Zespół Szkół Sportowych 41-806 Zabrze ul. Filipiny Płaskowickiej 2;294;50;50;1;49;17.01;2.00;285;116;116;8;108;40.70;6.90
84880;247801;51;Zespół Szkół Sportowych 41-806 Zabrze ul. Filipiny Płaskowickiej 2;1918;236;236;13;223;12.30;5.51;1900;664;664;29;635;34.95;4.37
84881;247801;52;Szkoła Podstawowa nr 16 41-806 Zabrze ul. Józefa Lompy 78;1482;183;183;7;176;12.35;3.83;1459;503;503;23;480;34.48;4.57
84882;247801;53;Zespół Szkół nr 3 41-800 Zabrze ul. 3 Maja 118;2084;448;448;4;444;21.50;0.89;1991;958;958;22;936;48.12;2.30
84883;247801;54;Szkoła Podstawowa nr 1 41-800 Zabrze ul. Sportowa 5;1621;295;295;4;291;18.20;1.36;1563;712;712;9;703;45.55;1.26
84884;247801;55;Szkoła Podstawowa nr 1 41-800 Zabrze ul. Sportowa 5;1495;300;300;13;287;20.07;4.33;1451;691;691;17;674;47.62;2.46
84885;247801;56;Szkoła podstawowa nr 1 41-800 Zabrze ul. Sportowa 5;1643;337;337;13;324;20.51;3.86;1595;834;834;25;809;52.29;3.00
84886;247801;57;Zespół Szkolno Przdszkolny nr 6 41-809 Zabrze ul. Gen. Władysława Sikorskiego 74;1771;429;429;16;413;24.22;3.73;1763;955;955;16;939;54.17;1.68
84887;247801;58;Przedszkole nr 29 41-810 Zabrze ul. Ignacego Padrewskiego 53;888;215;215;9;206;24.21;4.19;885;469;469;13;456;52.99;2.77
84888;247801;59;Zespół Szkół nr 18 41-810 Zabrze ul. Konrada Sitki 55;914;209;209;6;203;22.87;2.87;926;480;480;10;470;51.84;2.08
84889;247801;60;Zespół Szkolno-Przedszkolny nr 7 41-811 Zabrze ul. Daleka 2;1755;371;371;6;365;21.14;1.62;1740;847;847;22;825;48.68;2.60
84890;247801;61;Zabrzańskie Centrum Kształcenia Ogólnego i Zawodowego 41-800 Zabrze ul. Marszałka Józefa Pilsudskiego 58;2119;481;481;8;473;22.70;1.66;2073;1015;1015;20;995;48.96;1.97
84891;247801;62;Zespół Szkół Specjalnych nr 38 41-800 Zabrze ul. Ks. Konstantego Damrota 33;2027;402;402;13;389;19.83;3.23;1961;847;847;22;825;43.19;2.60
84892;247801;63;Zespł Szkół Specjalnych nr 38 41-800 Zabrze ul. Ks. Konstantego Damrota 33;1994;220;220;6;214;11.03;2.73;1951;641;641;21;620;32.85;3.28
84893;247801;64;Szkoła podstawowa nr 5 41-800 Zabrze ul. Królewska 4;2085;424;424;16;408;20.34;3.77;2033;906;906;29;877;44.56;3.20
84894;247801;65;Szkoła Podstawowa Nr 5 41-800 Zabrze ul. Królewska 4;1295;334;334;8;326;25.79;2.40;1264;676;676;12;664;53.48;1.78
84895;247801;66;Centrum Edukacji 41-800 Zabrze ul. 1 Maja 12;2040;531;531;7;524;26.03;1.32;1962;1036;1036;16;1020;52.80;1.54
84896;247801;67;Szkoła Podstawowa Nr 36 41-800 Zabrze Plac Warszawski 6;1714;347;347;9;338;20.25;2.59;1695;758;758;12;746;44.72;1.58
84897;247801;68;Szkoła Podstawowa nr 43 41-800 Zabrze ul. Buchenwaldczyków 25;1838;364;364;8;356;19.80;2.20;1833;735;735;18;717;40.10;2.45
84898;247801;69;Zespół Szkół Ogólnokształcących 41-800 Zabrze ul. Wolności 323;1880;467;467;12;455;24.84;2.57;1828;942;942;16;926;51.53;1.70
84899;247801;70;Gimnazjum nr 16 41-800 Zabrze ul. Lucjana Szenwalda 2;1538;225;225;5;220;14.63;2.22;1523;516;516;13;503;33.88;2.52
84900;247801;71;Gimnajzum nr 16 41-800 Zabrze ul. Lucjana Szenwalda 2;1607;302;302;10;292;18.79;3.31;1598;689;689;15;674;43.12;2.18
84901;247801;72;Dom Socjalny K.K. „Zabrze” 41-800 Zabrze ul. Alojzego Pawliczka 1;1461;208;208;9;199;14.24;4.33;1451;500;500;18;482;34.46;3.60
84902;247801;73;Medyczna Szkoła Policealna Województwa Śląskiego 41-800 Zabrze ul. 3 Maja 63;2090;449;449;14;435;21.48;3.12;1973;889;889;27;862;45.06;3.04
84903;247801;74;Szkoła Podstawowa nr 6 41-800 Zabrze ul. Klonowa 23;1914;551;551;18;533;28.79;3.27;1878;1047;1047;17;1030;55.75;1.62
84904;247801;75;Szkoła Podstawowa nr 6 41-800 Zabrze ul. Klonowa 23;2319;604;604;13;591;26.05;2.15;2246;1128;1128;34;1094;50.22;3.01
84905;247801;76;Gimnazjum nr 12 41-800 Zabrze ul. Juliana Ursyna Niemcewicza 1;1906;404;404;15;389;21.20;3.71;1873;878;878;23;855;46.88;2.62
84906;247801;77;Szkoła Podstawowa nr 15 41-800 Zabrze ul. Czołgistów 1;2118;490;490;8;482;23.14;1.63;2085;1072;1072;24;1048;51.41;2.24
84907;247801;78;Zespól Szkolno-Przedszkolny nr 16 41-800 Zabrze ul. Cmentarna 7;1843;200;200;13;187;10.85;6.50;1835;563;563;14;549;30.68;2.49
91466;247801;79;Dom Pomocy Społecznej nr 1 41-800 Zabrze ul. Jana Matejki 62;95;45;45;6;39;47.37;13.33;94;50;50;10;40;53.19;20.00
91467;247801;80;Dom Pomocy Społecznej nr 2 41-800 Zabrze ul. Jaskółcza 11;66;31;31;5;26;46.97;16.13;68;38;38;2;36;55.88;5.26
91468;247801;81;Dom Pomovy Społecznej nr 3 41-800 Zabrze ul. Wiktora Brysza 3;54;31;31;4;27;57.41;12.90;55;25;25;4;21;45.45;16.00
91469;247801;82;Dom Pomocy Społecznej Zakonu Kamilianów 41-800 Zabrze ul. Cisowa 6;78;44;44;0;44;56.41;0.00;77;30;30;3;27;38.96;10.00
91470;247801;83;Zakład Opiekuńczo-Leczniczy Zakonu Ojców Kamilianów 41-800 Zabrze ul. Pawła Dubiela 10;57;10;10;3;7;17.54;30.00;65;19;19;1;18;29.23;5.26
91471;247801;84;Zakład Karny 41-806 Zabrze ul. Ks. Pawła Janika 12;598;97;97;9;88;16.22;9.28;572;222;222;17;205;38.81;7.66
91472;247801;85;Areszt Śledczy 41-800 Zabrze ul. Sądowa 1;259;122;122;19;103;47.10;15.57;213;143;143;25;118;67.14;17.48
91473;247801;86;Oddział Położnictwa i Ginekologii NZOZ Szpitala Miejskiego w Zabrzu 41-800 Zabrze pl. Romualda Traugutta 6;28;6;6;0;6;21.43;0.00;159;86;86;6;80;54.09;6.98
91474;247801;87;NZOZ Szpital Miejski w Zabrzu Sp. z o.o. 41-803 Zabrze ul. Zamkowa 4;123;24;24;1;23;19.51;4.17;60;52;52;1;51;86.67;1.92
91475;247801;88;Samodzielny Publiczny Szpital Kliniczny nr 1 Śląskiego Uniwersytetu Medycznego 41-803 Zabrze ul. Ks. Karola Koziołka 1;56;25;25;2;23;44.64;8.00;257;117;117;3;114;45.53;2.56
91476;247801;89;Śląskie Cenrtum Chorób Serca 41-800 Zabrze ul. Marii Curie-Skłodowskiej 9;116;7;7;0;7;6.03;0.00;91;57;57;5;52;62.64;8.77
91477;247801;90;Szpital Specjalistyczny 41-800 Zabrze ul. Marii Curie-Skłodowskiej 10;68;18;18;0;18;26.47;0.00;77;37;37;2;35;48.05;5.41
91478;247801;91;Samodzielny Publiczny Szpital Kliniczny nr 1 Śląskiego Uniwersytetu Medycznego 41-800 Zabrze ul. 3 Maja 13-15;82;23;23;0;23;28.05;0.00;41;15;15;0;15;36.59;0.00
84908;247901;1;Zespół Szkół Ogólnokształcących 44-240 Żory ul. Powstańców 6;1159;307;307;15;292;26.49;4.89;1110;577;577;10;567;51.98;1.73
84909;247901;2;Gimnazjum Nr 2 z oddziałami sportowymi im. Wojciecha Korfantego 44-240 Żory ul. Klimka 7;927;295;295;12;283;31.82;4.07;935;559;559;6;553;59.79;1.07
84910;247901;3;Szkoła Podstawowa Nr 3 44-240 Żory Osiedle 700-lecia Żor;1786;486;486;14;472;27.21;2.88;1732;927;927;26;901;53.52;2.80
84911;247901;4;Szkoła Podstawowa Nr 3 44-240 Żory Osiedle 700-lecia Żor;868;165;165;5;160;19.01;3.03;846;397;397;11;386;46.93;2.77
84912;247901;5;Zespół Szkół Budowlano-Informatycznych im. Mikołaja Kopernika 44-240 Żory ul. Rybnicka 5;1680;532;532;8;524;31.67;1.50;1695;1091;1091;16;1075;64.37;1.47
84913;247901;6;Zespół Szkół Budowlano-Informatycznych im. Mikołaja Kopernika 44-240 Żory ul. Rybnicka 5;1221;340;340;5;335;27.85;1.47;1261;788;788;12;776;62.49;1.52
84914;247901;7;Zespół Szkolno-Przedszkolny Nr 9 44-240 Żory ul. Rybnicka 226;1950;493;493;14;479;25.28;2.84;1959;1159;1159;31;1128;59.16;2.67
84915;247901;8;Szkoła Podstawowa Nr 1 im. Janusza Korczaka 44-240 Żory ul. Słoneczna 2;1297;305;305;13;292;23.52;4.26;1276;673;673;17;656;52.74;2.53
84916;247901;9;Szkoła Podstawowa Nr 1 im. Janusza Korczaka 44-240 Żory ul. Słoneczna 2;1601;550;550;10;540;34.35;1.82;1594;1024;1024;20;1004;64.24;1.95
84917;247901;10;Zespół Szkół Nr 8 44-240 Żory Osiedle Korfantego;1903;458;458;21;437;24.07;4.59;1903;1056;1056;22;1034;55.49;2.08
84918;247901;11;Zespół Szkół Nr 8 44-240 Żory Osiedle Korfantego;1863;414;414;25;389;22.22;6.04;1773;910;910;20;890;51.33;2.20
84919;247901;12;Gimnazjum Nr 4 44-240 Żory Osiedle Księcia Władysława;1967;399;399;18;381;20.28;4.51;1904;982;982;27;955;51.58;2.75
84920;247901;13;Gimnazjum Nr 4 44-240 Żory Osiedle Księcia Władysława;1923;473;473;12;461;24.60;2.54;1839;1048;1048;19;1029;56.99;1.81
84921;247901;14;Gimnazjum Nr 4 44-240 Żory Osiedle Księcia Władysława;1737;411;411;6;405;23.66;1.46;1686;903;903;24;879;53.56;2.66
84922;247901;15;Szkoła Podstawowa Nr 17 im. Stanisława Ligonia 44-240 Żory Osiedle Powstańców Śląskich;1477;354;354;14;340;23.97;3.95;1443;791;791;24;767;54.82;3.03
84923;247901;16;Szkoła Podstawowa Nr 17 im Stanisława Ligonia 44-240 Żory Osiedle Powstańców Śląskich;1543;389;389;11;378;25.21;2.83;1492;823;823;17;806;55.16;2.07
84924;247901;17;Szkoła Podstawowa Nr 17 im. Stanisława Ligonia 44-240 Żory Osiedle Powstańców Śląskich;1495;335;335;15;320;22.41;4.48;1457;771;771;13;758;52.92;1.69
84925;247901;18;Zespół Szkół Nr 6 44-240 Żory Osiedle Pawlikowskiego;1682;290;290;13;277;17.24;4.48;1617;756;756;27;729;46.75;3.57
84926;247901;19;Zespół Szkół Nr 6 44-240 Żory Osiedle Pawlikowskiego;1575;328;328;9;319;20.83;2.74;1516;722;722;29;693;47.63;4.02
84927;247901;20;Zespół Szkół Nr 6 44-240 Żory Osiedle Pawlikowskiego;1610;333;333;15;318;20.68;4.50;1583;824;824;23;801;52.05;2.79
84928;247901;21;Zespół Szkolno-Przedszkolny Nr 8 44-240 Żory ul. Wysoka 13;1736;357;357;6;351;20.56;1.68;1780;1061;1061;29;1032;59.61;2.73
84929;247901;22;Zespół Szkół Nr 5 44-240 Żory ul. Wodzisławska 201;1348;271;271;7;264;20.10;2.58;1352;777;777;32;745;57.47;4.12
84930;247901;23;Zespół Szkół Nr 5 44-240 Żory ul. Wodzisławska 201;994;209;209;9;200;21.03;4.31;1002;593;593;32;561;59.18;5.40
84931;247901;24;Miejski Ośrodek Kultury Świetlica-Rój 44-240 Żory ul. Gwarków;1060;118;118;8;110;11.13;6.78;979;333;333;14;319;34.01;4.20
84932;247901;25;Zespół Szkół Nr 3 44-240 Żory Osiedle Sikorskiego;1923;398;398;17;381;20.70;4.27;1880;932;932;20;912;49.57;2.15
84933;247901;26;Szkoła Podstawowa Nr 15 44-240 Żory ul. Bankowa 1;2000;409;409;15;394;20.45;3.67;1923;985;985;21;964;51.22;2.13
84934;247901;27;Zespół Szkół Nr 3 44-240 Żory Osiedle Sikorskiego;1912;350;350;8;342;18.31;2.29;1859;930;930;30;900;50.03;3.23
84935;247901;28;Szkoła Podstawowa Nr 15 44-240 Żory ul. Bankowa 1;1736;319;319;9;310;18.38;2.82;1686;853;853;37;816;50.59;4.34
84936;247901;29;Zespół Szkolno-Przedszkolny Nr 7 44-240 Żory ul. Szkolna 8;959;325;325;8;317;33.89;2.46;973;586;586;21;565;60.23;3.58
84937;247901;30;Zespół Szkolno-Przedszkolny Nr 5 44-240 Żory ul. Strażacka 6;1409;296;296;10;286;21.01;3.38;1445;835;835;24;811;57.79;2.87
84938;247901;31;Zespół Szkolno-Przedszkolny Nr 6 44-240 Żory ul. Pszczyńska 81;1453;390;390;10;380;26.84;2.56;1466;877;877;36;841;59.82;4.10
91480;247901;32;Szpital Miejski w Żorach 44-240 Żory ul. Dąbrowskiego 20;51;3;3;0;3;5.88;0.00;80;27;27;1;26;33.75;3.70
91481;247901;33;Miejski Dom Pomocy Społecznej w Żorach 44-240 Żory Osiedle Powstańców Śląskich 20;25;15;15;1;14;60.00;6.67;21;12;12;2;10;57.14;16.67
84939;260101;1;Miejsko-Gminny Ośrodek Pomocy Społecznej w Busku-Zdroju 28-100 Busko-Zdrój os. Kościuszki 2A;1384;365;365;9;356;26.37;2.47;1337;671;671;11;660;50.19;1.64
84940;260101;2;Publiczne Przedszkole Nr 2 w Busku-Zdroju 28-100 Busko-Zdrój os. Kościuszki 14;1308;328;328;23;305;25.08;7.01;1308;648;648;15;633;49.54;2.31
84941;260101;3;Miejsko-Gminna Biblioteka Publiczna w Busku-Zdroju 28-100 Busko-Zdrój os. Świerczewskiego 17;1138;300;300;7;293;26.36;2.33;1101;563;563;15;548;51.14;2.66
84942;260101;4;Publiczne Przedszkole Nr 3 w Busku-Zdroju 28-100 Busko-Zdrój os. Sikorskiego 12;1124;240;240;4;236;21.35;1.67;1084;582;582;1;581;53.69;0.17
84943;260101;5;Przychodnia Rejonowa Nr 2 w Busku-Zdroju 28-100 Busko-Zdrój os. Sikorskiego 10;1095;233;233;7;226;21.28;3.00;1043;531;531;22;509;50.91;4.14
84944;260101;6;Buskie Samorządowe Centrum Kultury w Busku-Zdroju 28-100 Busko-Zdrój ul. Mickiewicza 22;1322;512;512;9;503;38.73;1.76;1782;1263;1263;10;1253;70.88;0.79
84945;260101;7;Hala Sportowa w Busku-Zdroju 28-100 Busko-Zdrój ul. Kusocińskiego 3;1201;316;316;6;310;26.31;1.90;1159;632;632;14;618;54.53;2.22
84946;260101;8;Zespół Szkół Technicznych i Ogólnokształcących w Busku-Zdroju 28-100 Busko-Zdrój ul. Boh. Warszawy 106;1279;295;295;3;292;23.06;1.02;1265;720;720;11;709;56.92;1.53
84947;260101;9;Szkoła Podstawowa Nr 2 w Busku-Zdroju 28-100 Busko-Zdrój ul. Korczaka 13;1261;361;361;12;349;28.63;3.32;1215;658;658;6;652;54.16;0.91
84948;260101;10;Zakład Doskonalenia Zawodowego w Busku-Zdroju 28-100 Busko-Zdrój ul. Wojska Polskiego 31;1399;350;350;9;341;25.02;2.57;1381;696;696;14;682;50.40;2.01
84949;260101;11;Zakład Ubezpieczeń Społecznych Inspektorat w Busku-Zdroju 28-100 Busko-Zdrój ul. Partyzantów 33;1431;359;359;11;348;25.09;3.06;1409;762;762;14;748;54.08;1.84
84950;260101;12;Niepubliczne Przedszkole Bajkowe Wzgórze w Mikułowicach 28-100 Mikułowice 123;1367;190;190;2;188;13.90;1.05;1406;652;652;17;635;46.37;2.61
84951;260101;13;Świetlica OSP w Młynach 28-100 Młyny 98;1184;198;198;7;191;16.72;3.54;1180;488;488;15;473;41.36;3.07
84952;260101;14;Szkoła Podstawowa w Kołaczkowicach 28-100 Kołaczkowice 122;1380;167;167;0;167;12.10;0.00;1389;445;445;9;436;32.04;2.02
84953;260101;15;Świetlica Wiejska w Widuchowej 28-100 Widuchowa 76;1515;213;213;4;209;14.06;1.88;1510;584;584;14;570;38.68;2.40
84954;260101;16;Szkoła Podstawowa w Szczaworyżu 28-100 Szczaworyż 49;1263;169;169;1;168;13.38;0.59;1261;482;482;12;470;38.22;2.49
84955;260101;17;Szkoła Podstawowa w Dobrowodzie 28-100 Dobrowoda 26;1178;115;115;4;111;9.76;3.48;1207;456;456;11;445;37.78;2.41
84956;260101;18;Zespół Placówek Oświatowych w Zbludowicach 28-100 Zbludowice ul. Świętokrzyska 9;1311;280;280;1;279;21.36;0.36;1315;697;697;9;688;53.00;1.29
84957;260101;19;Szkoła Podstawowa w Siesławicach 28-100 Siesławice 140;1176;204;204;11;193;17.35;5.39;1160;449;449;19;430;38.71;4.23
84958;260101;20;Świetlica Wiejska w Wełczu 28-100 Wełecz 118;1282;159;159;2;157;12.40;1.26;1308;474;474;18;456;36.24;3.80
84959;260101;21;Zespół Placówek Oświatowych w Szańcu 28-100 Szaniec 240;1392;145;145;7;138;10.42;4.83;1398;561;561;31;530;40.13;5.53
91482;260101;22;Zespół Opieki Zdrowotnej w Busku-Zdroju 28-100 Busko-Zdrój ul. Bohaterów Warszawy 67;128;10;10;0;10;7.81;0.00;128;15;15;1;14;11.72;6.67
91483;260101;23;Uzdrowiskowy Szpital Kompleksowej Rehabilitacji „Krystyna” w Busku-Zdroju 28-100 Busko-Zdrój ul. Gen.Feliksa Rzewuskiego 3;302;127;127;2;125;42.05;1.57;323;204;204;7;197;63.16;3.43
91484;260101;24;21 Wojskowy Szpital Uzdrowiskowo-Rehabilitacyjny SP ZOZ w Busku-Zdroju 28-100 Busko-Zdrój ul. Gen. Feliksa Rzewuskiego 8;142;91;91;1;90;64.08;1.10;81;68;68;2;66;83.95;2.94
91485;260101;25;Specjalistyczny Szpital Ortopedyczno-Rehabilitacyjny „Górka” w Busku-Zdroju 28-100 Busko-Zdrój ul. Dr. Starkiewicza 1;97;44;44;4;40;45.36;9.09;128;97;97;5;92;75.78;5.15
84960;260102;1;Szkoła Podstawowa 28-114 Balice 59;856;115;115;5;110;13.43;4.35;844;299;299;20;279;35.43;6.69
84961;260102;2;Strażnica OSP 28-114 Gnojno 144;1317;190;190;12;178;14.43;6.32;1332;513;513;19;494;38.51;3.70
84962;260102;3;Szkoła Podstawowa 28-114 Jarząbki 90;576;94;94;4;90;16.32;4.26;574;203;203;2;201;35.37;0.99
84963;260102;4;Szkoła Podstawowa 28-114 Raczyce 64;927;106;106;4;102;11.43;3.77;899;298;298;16;282;33.15;5.37
91486;260102;5;Dom Pomocy Społecznej 28-114 Gnojno 118;67;20;20;7;13;29.85;35.00;64;12;12;1;11;18.75;8.33
84964;260103;1;Dom Strażaka w Nowym Korczynie 28-136 Nowy Korczyn ul. Józefa Piłsudskiego 7;1585;374;374;22;352;23.60;5.88;1537;699;699;26;673;45.48;3.72
84965;260103;2;Dom Strażaka w Ostrowcach 28-136 Ostrowce 30;668;138;138;7;131;20.66;5.07;678;298;298;23;275;43.95;7.72
84966;260103;3;Publiczna Szkoła Podstawowa w Starym Korczynie 28-136 Stary Korczyn 85;717;123;123;6;117;17.15;4.88;700;305;305;14;291;43.57;4.59
84967;260103;4;Dom Strażaka w Strożyskach 28-136 Strożyska 72;1286;257;257;13;244;19.98;5.06;1283;551;551;19;532;42.95;3.45
84968;260103;5;Szkoła Podstawowa w Brzostkowie 28-136 Brzostków 1;971;174;174;7;167;17.92;4.02;945;394;394;17;377;41.69;4.31
84969;260104;1;Szkoła Podstawowa w Pacanowie 28-133 Pacanów ul. Karska 3;1655;318;318;7;311;19.21;2.20;1642;700;700;11;689;42.63;1.57
84970;260104;2;Remiza OSP w Zborówku 28-133 Zborówek 51;998;89;89;2;87;8.92;2.25;992;360;360;36;324;36.29;10.00
84971;260104;3;Szkoła Podstawowa w Ratajach Słupskich 28-133 Rataje Słupskie 39a;1272;210;210;8;202;16.51;3.81;1278;456;456;10;446;35.68;2.19
84972;260104;4;Szkoła Podstawowa w Oblekoniu 28-133 Oblekoń 73;782;101;101;4;97;12.92;3.96;762;256;256;9;247;33.60;3.52
84973;260104;5;Remiza OSP w Biechowie 28-133 Biechów 42;1089;170;170;10;160;15.61;5.88;1089;425;425;24;401;39.03;5.65
84974;260104;6;Remiza OSP w Sroczkowie 28-133 Sroczków 27;509;91;91;5;86;17.88;5.49;513;165;165;1;164;32.16;0.61
91487;260104;7;Dom Pomocy Społecznej w Słupi 28-133 Słupia 91;77;50;50;4;46;64.94;8.00;67;55;55;3;52;82.09;5.45
91488;260104;8;Dom Pomocy Społecznej w Ratajach Słupskich 28-133 Rataje Słupskie 39b;25;11;11;3;8;44.00;27.27;29;12;12;2;10;41.38;16.67
84975;260105;1;Szkoła Podstawowa w Kikowie 28-131 Kików 67;567;109;109;1;108;19.22;0.92;579;241;241;11;230;41.62;4.56
84976;260105;2;Szkoła Podstawowa w Zborowie 28-131 Zborów 121;709;140;140;5;135;19.75;3.57;729;326;326;19;307;44.72;5.83
84977;260105;3;Zespół Szkół w Solcu-Zdroju 28-131 Solec-Zdrój ul.1 Maja 18;1150;335;335;17;318;29.13;5.07;1183;679;679;19;660;57.40;2.80
84978;260105;4;Remiza OSP w Świniarach 28-131 Świniary 44;610;107;107;4;103;17.54;3.74;604;196;196;6;190;32.45;3.06
84979;260105;5;Remiza OSP w Piestrzcu 28-131 Piestrzec 7;514;65;65;3;62;12.65;4.62;507;179;179;8;171;35.31;4.47
84980;260105;6;Świetlica wiejska w Piasku Małym 28-131 Piasek Mały 83;558;79;79;2;77;14.16;2.53;553;218;218;5;213;39.42;2.29
91489;260105;7;Dom Pomocy Społecznej w Świniarach 28-131 Świniary 25;26;24;24;0;24;92.31;0.00;41;37;37;7;30;90.24;18.92
91490;260105;8;Dom Pomocy Społecznej w Zborowie 28-131 Zborów 112;45;20;20;4;16;44.44;20.00;42;20;20;1;19;47.62;5.00
84981;260106;1;OSP w Stopnicy 28-130 Stopnica ul. Adama Mickiewicza 5a;1916;452;452;21;431;23.59;4.65;1882;895;895;26;869;47.56;2.91
84982;260106;2;Urząd Gminy w Stopnicy 28-130 Stopnica ul. Tadeusza Kościuszki 2;1913;268;268;14;254;14.01;5.22;1900;717;717;24;693;37.74;3.35
84983;260106;3;Gminne Centrum Kultury w Stopnicy 28-130 Stopnica ul. Kazimierza Wielkiego 15;1923;364;364;10;354;18.93;2.75;1911;861;861;30;831;45.05;3.48
84984;260106;4;Świetlica wiejska w Strzałkowie 28-130 Strzałków 51;719;94;94;1;93;13.07;1.06;720;252;252;7;245;35.00;2.78
84985;260107;1;Szkoła Podstawowa w Kargowie 28-142 Kargów 65A;441;60;60;3;57;13.61;5.00;432;148;148;10;138;34.26;6.76
84986;260107;2;Szkoła Podstawowa w Tuczępach 28-142 Tuczępy 33;1538;279;279;12;267;18.14;4.30;1556;662;662;41;621;42.54;6.19
84987;260107;3;Szkoła Podstawowa w Nizinach 28-142 Niziny 120A;1094;153;153;7;146;13.99;4.58;1086;416;416;22;394;38.31;5.29
84988;260108;1;Gimnazjum w Wiślicy 28-160 Wiślica ul. Okopowa 27;1212;268;268;16;252;22.11;5.97;1196;585;585;17;568;48.91;2.91
84989;260108;2;Szkoła Podstawowa w Wiślicy 28-160 Wiślica ul. Podwale 1;1056;99;99;5;94;9.38;5.05;1055;329;329;13;316;31.18;3.95
84990;260108;3;Świetlica Wiejska w Chotlu Czerwonym 28-160 Chotel Czerwony 63a;1040;127;127;9;118;12.21;7.09;1030;361;361;18;343;35.05;4.99
84991;260108;4;Dom Strażaka w Szczerbakowie 28-160 Szczerbaków 104;688;136;136;9;127;19.77;6.62;686;272;272;18;254;39.65;6.62
84992;260108;5;Szkoła Podstawowa w Skotnikach Dolnych 28-160 Skotniki Dolne 41;750;116;116;1;115;15.47;0.86;755;285;285;6;279;37.75;2.11
84993;260201;1;Urząd Gminy w Imielnie 28-313 Imielno ul. Cmentarna 7;1584;281;281;11;270;17.74;3.91;1600;694;694;22;672;43.38;3.17
84994;260201;2;Zespół Szkół w Motkowicach 28-313 Motkowice ul. Szkolna 2;1052;179;179;9;170;17.02;5.03;1050;412;412;21;391;39.24;5.10
84995;260201;3;Zespół Szkół w Mierzwinie 38-313 Mierzwin 11;567;63;63;3;60;11.11;4.76;557;171;171;9;162;30.70;5.26
84996;260201;4;Strażnica OSP w Opatkowicach Murowanych 28-313 Opatkowice Murowane 32;450;44;44;4;40;9.78;9.09;445;125;125;8;117;28.09;6.40
84997;260202;1;Przedszkole Nr 3 w Jędrzejowie 28-300 Jędrzejów ul. Kościelna 16;1161;257;257;5;252;22.14;1.95;1147;547;547;19;528;47.69;3.47
84998;260202;2;Specjalny Ośrodek Szkolno-Wychowawczy w Jędrzejowie 28-300 Jędrzejów ul. Feliksa Przypkowskiego 5;938;256;256;12;244;27.29;4.69;910;505;505;10;495;55.49;1.98
84999;260202;3;Szkoła Podstawowa Nr 2 w Jędrzejowie 28-300 Jędrzejów ul. Feliksa Przypkowskiego 12;1386;332;332;11;321;23.95;3.31;1382;754;754;18;736;54.56;2.39
85000;260202;4;I Liceum Ogólnokształcące w Jędrzejowie 28-300 Jędrzejów ul. 11 Listopada 37;887;177;177;5;172;19.95;2.82;848;362;362;10;352;42.69;2.76
85001;260202;5;Przedszkole Nr 1 w Jędrzejowie 28-300 Jędrzejów ul. Mieszka I 9;1412;373;373;16;357;26.42;4.29;1385;701;701;15;686;50.61;2.14
85002;260202;6;Zespół Szkół w Jędrzejowie 28-300 Jędrzejów ul. Feliksa Przypkowskiego 43;1089;229;229;11;218;21.03;4.80;1079;539;539;6;533;49.95;1.11
85003;260202;7;Zespół Szkół Ponadgimnazjalnych Nr 1 w Jędrzejowie 28-300 Jędrzejów ul. Feliksa Przypkowskiego 49;946;238;238;16;222;25.16;6.72;923;477;477;12;465;51.68;2.52
85004;260202;8;Spółdzielnia Mieszkaniowa ,,Przyszłość” w Jędrzejowie 28-300 Jędrzejów ul. Dojazd 56;963;249;249;11;238;25.86;4.42;912;496;496;1;495;54.39;0.20
85005;260202;9;Specjalny Ośrodek Szkolno-Wychowawczy Internat w Jędrzejowie 28-300 Jędrzejów ul. Bolesława Krzywoustego 4;868;163;163;7;156;18.78;4.29;824;342;342;12;330;41.50;3.51
85006;260202;10;Zespół Szkół Ponadgimnazjalnych Nr 2 w Jędrzejowie 28-300 Jędrzejów ul. Okrzei 63;1492;324;324;13;311;21.72;4.01;1444;716;716;23;693;49.58;3.21
85007;260202;11;Szkoła Podstawowa Nr 3 w Jędrzejowie 28-300 Jędrzejów ul. Władysława Stanisława Reymonta 1;1107;248;248;10;238;22.40;4.03;1096;593;593;9;584;54.11;1.52
85008;260202;12;Przedszkole Nr 2 w Jędrzejowie 28-300 Jędrzejów ul. 11 Listopada 113a;894;286;286;6;280;31.99;2.10;856;491;491;13;478;57.36;2.65
85009;260202;13;Zespół Placówek Oświatowych w Prząsławiu 28-300 Prząsław 55;1507;272;272;7;265;18.05;2.57;1487;671;671;21;650;45.12;3.13
85010;260202;14;Szkoła Podstawowa w Potoku Wielkim 28-300 Potok Wielki 9;813;105;105;1;104;12.92;0.95;811;330;330;8;322;40.69;2.42
85011;260202;15;Zespół Placówek Oświatowych w Skroniowie 28-300 Skroniów 75;1529;305;305;14;291;19.95;4.59;1556;737;737;17;720;47.37;2.31
85012;260202;16;Szkoła Podstawowa w Piaskach 28-300 Piaski 83;997;174;174;6;168;17.45;3.45;973;507;507;10;497;52.11;1.97
85013;260202;17;Szkoła Podstawowa w Rakowie 28-300 Raków 45;917;100;100;1;99;10.91;1.00;911;342;342;13;329;37.54;3.80
85014;260202;18;Szkoła Podstawowa w Jasionnie 28-300 Jasionna 8;679;83;83;1;82;12.22;1.20;677;252;252;11;241;37.22;4.37
85015;260202;19;Szkoła Podstawowa w Mnichowie 28-300 Mnichów 72;1114;176;176;9;167;15.80;5.11;1110;465;465;17;448;41.89;3.66
85016;260202;20;Szkoła Podstawowa w Podchojnach 28-300 Podchojny 106;1492;208;208;10;198;13.94;4.81;1476;640;640;21;619;43.36;3.28
85017;260202;21;Szkoła Podstawowa w Łysakowie 28-300 Łysaków Drugi 44b;1237;168;168;7;161;13.58;4.17;1248;457;457;17;440;36.62;3.72
91491;260202;22;NZOZ Szpital Specjalistyczny 28-300 Jędrzejów ul. Małogoska 25;128;4;4;0;4;3.12;0.00;84;17;17;0;17;20.24;0.00
91492;260202;23;Dom Pomocy Społecznej w Mnichowie 28-300 Mnichów 135;54;3;3;0;3;5.56;0.00;52;6;6;1;5;11.54;16.67
85018;260203;1;Sala konferencyjna Urzędu Miasta i Gminy 28-366 Małogoszcz ul. Jaszowskiego 3a;1446;353;353;9;344;24.41;2.55;1439;758;758;27;731;52.68;3.56
85019;260203;2;Dom Kultury 28-366 Małogoszcz ul. 11 Listopada 17;1698;400;400;21;379;23.56;5.25;1624;803;803;20;783;49.45;2.49
85020;260203;3;Szkoła Podstawowa 28-366 Kozłów 182;1333;187;187;19;168;14.03;10.16;1338;532;532;17;515;39.76;3.20
85021;260203;4;Zespół Placówek Oświatowych 28-366 Żarczyce Duże 29;712;103;103;3;100;14.47;2.91;718;327;327;11;316;45.54;3.36
85022;260203;5;Szkoła Podstawowa 28-366 Rembieszyce 10;1180;174;174;18;156;14.75;10.34;1174;523;523;28;495;44.55;5.35
85023;260203;6;Zespół Placówek Oświatowych 28-366 Złotniki 66A;1218;243;243;7;236;19.95;2.88;1234;545;545;45;500;44.17;8.26
85024;260203;7;Zespół Szkół Ogólnokształcących 28-366 Małogoszcz ul. 11 Listopada 14B;1810;323;323;9;314;17.85;2.79;1811;757;757;16;741;41.80;2.11
85025;260204;1;Zespół Placówek Oświatowych w Nagłowicach 28-362 Nagłowice ul. Mikołaja Reja 40;1034;152;152;9;143;14.70;5.92;1035;372;372;15;357;35.94;4.03
85026;260204;2;Remiza OSP w Jaronowicach 28-362 Jaronowice 122;277;45;45;4;41;16.25;8.89;266;83;83;4;79;31.20;4.82
85027;260204;3;Zespół Placówek Oświatowych w Warzynie Pierwszym 28-362 Warzyn Pierwszy 95;703;125;125;4;121;17.78;3.20;677;257;257;8;249;37.96;3.11
85028;260204;4;Szkoła Podstawowa w Trzcińcu 28-362 Trzciniec 59;490;76;76;9;67;15.51;11.84;480;169;169;5;164;35.21;2.96
85029;260204;5;Remiza OSP w Ciernie-Żabieńcu 28-362 Cierno-Żabieniec 34;794;99;99;4;95;12.47;4.04;796;242;242;18;224;30.40;7.44
85030;260204;6;Ośrodek Zdrowia w Desznie 28-362 Deszno 74;410;69;69;2;67;16.83;2.90;416;171;171;7;164;41.11;4.09
85031;260204;7;Budynek po Szkole Podstawowej w Rakoszynie 28-362 Rakoszyn 19;469;52;52;2;50;11.09;3.85;469;144;144;5;139;30.70;3.47
85032;260205;1;Zespół Placówek Oświatowych w Oksie 28-363 Oksa Pl. M. Reja 19;1381;287;287;24;263;20.78;8.36;1384;561;561;17;544;40.53;3.03
85033;260205;2;Budynek po Szkole Podstawowej w Lipnie 28-363 Lipno 71;377;57;57;5;52;15.12;8.77;391;156;156;9;147;39.90;5.77
85034;260205;3;Szkoła Podstawowa w Węgleszynie 28-363 Węgleszyn 51A;1456;197;197;3;194;13.53;1.52;1437;598;598;19;579;41.61;3.18
85035;260205;4;Remiza Strażacka Ochotniczej Straży Pożarnej Tyniec-Kolonia 28-363 Tyniec-Kolonia 5;328;63;63;2;61;19.21;3.17;334;129;129;8;121;38.62;6.20
85036;260205;5;Budynek po Szkole Podstawowej w Nowych Kanicach 28-363 Nowe Kanice 15A;312;31;31;1;30;9.94;3.23;314;116;116;3;113;36.94;2.59
85037;260206;1;Szkoła Podstawowa w Krzcięcicach 28-340 Krzcięcice 34;737;147;147;13;134;19.95;8.84;750;351;351;11;340;46.80;3.13
85038;260206;2;Remiza OSP w Borszowicach 28-340 Borszowice 11a;813;156;156;5;151;19.19;3.21;830;394;394;19;375;47.47;4.82
85039;260206;3;Szkoła Podstawowa w Pawłowicach 28-340 Pawłowice 94;448;65;65;2;63;14.51;3.08;454;169;169;9;160;37.22;5.33
85040;260206;4;Szkoła Podstawowa w Tarnawie 28-340 Tarnawa 119;970;194;194;4;190;20.00;2.06;968;443;443;14;429;45.76;3.16
85041;260206;5;Szkoła Podstawowa w Mstyczowie 28-340 Mstyczów 37;701;128;128;14;114;18.26;10.94;707;274;274;12;262;38.76;4.38
85042;260206;6;Remiza OSP w Klimontowie 28-340 Klimontów 42;688;108;108;6;102;15.70;5.56;676;281;281;12;269;41.57;4.27
85043;260206;7;Świetlica Wiejska w Gniewięcinie 28-340 Gniewięcin 150;527;91;91;3;88;17.27;3.30;541;245;245;4;241;45.29;1.63
85044;260206;8;Strażnica PSP w Sędziszowie 28-340 Sędziszów ul. Sportowa 4;1426;270;270;9;261;18.93;3.33;1431;620;620;15;605;43.33;2.42
85045;260206;9;Przedszkole Samorządowe w Sędziszowie 28-340 Sędziszów Osiedle Na Skarpie 8;1623;284;284;20;264;17.50;7.04;1592;722;722;18;704;45.35;2.49
85046;260206;10;Przedszkole Samorządowe w Sędziszowie 28-340 Sędziszów Osiedle Na Skarpie 8;781;151;151;6;145;19.33;3.97;790;342;342;10;332;43.29;2.92
85047;260206;11;Samorządowe Centrum Kultury w Sędziszowie 28-340 Sędziszów ul. Dworcowa 26;1901;361;361;8;353;18.99;2.22;1844;868;868;21;847;47.07;2.42
85048;260207;1;Remiza Strażacka 28-350 Rożnica 209;776;85;85;5;80;10.95;5.88;797;270;270;13;257;33.88;4.81
85049;260207;2;Świetlica Wiejska 28-350 Słupia 95;1364;274;274;11;263;20.09;4.01;1375;648;648;25;623;47.13;3.86
85050;260207;3;Remiza Strażacka 28-350 Raszków 51;525;78;78;23;55;14.86;29.49;540;181;181;8;173;33.52;4.42
85051;260207;4;Szkoła Podstawowa 28-350 Obiechów 47;893;70;70;7;63;7.84;10.00;910;306;306;5;301;33.63;1.63
85052;260208;1;Zespół Placówek Oświatowych w Mokrsku Dolnym 28-305 Mokrsko Dolne 50a;801;90;90;6;84;11.24;6.67;803;324;324;4;320;40.35;1.23
85053;260208;2;Szkoła Podstawowa w Chomentowie 28-305 Chomentów 72;1181;118;118;3;115;9.99;2.54;1182;422;422;20;402;35.70;4.74
85054;260208;3;Budynek Remizy w Brzegach 28-305 Brzegi 116;1108;205;205;11;194;18.50;5.37;1120;587;587;26;561;52.41;4.43
85055;260208;4;Świetlica Wiejska w Miąsowej 28-305 Miąsowa 13a;1399;276;276;11;265;19.73;3.99;1396;686;686;35;651;49.14;5.10
85056;260208;5;Szkoła Podstawowa w Sobkowie 28-305 Sobków ul. Źródłowa 4;1713;318;318;15;303;18.56;4.72;1719;843;843;17;826;49.04;2.02
85057;260208;6;Zespół Placówek Oświatowych w Korytnicy 28-305 Korytnica 206;665;139;139;7;132;20.90;5.04;636;288;288;15;273;45.28;5.21
85058;260209;1;Samorządowa Szkoła Podstawowa w Brześciu 28-330 Brzeście;1248;134;134;0;134;10.74;0.00;1238;503;503;18;485;40.63;3.58
85059;260209;2;Środowiskowy Dom Kultury w Nawarzycach 28-330 Nawarzyce;458;81;81;3;78;17.69;3.70;452;198;198;18;180;43.81;9.09
85060;260209;3;Szkoła Podstawowa w Niegosławicach 28-330 Niegosławice;775;119;119;6;113;15.35;5.04;781;262;262;13;249;33.55;4.96
85061;260209;4;Zespół Szkół w Wodzisławiu 28-330 Wodzisław ul. Szkolna 4;1216;261;261;4;257;21.46;1.53;1207;561;561;10;551;46.48;1.78
85062;260209;5;Szkoła Podstawowa w Mierzawie 28-330 Mierzawa;460;85;85;5;80;18.48;5.88;434;184;184;14;170;42.40;7.61
85063;260209;6;Szkoła Podstawowa w Piotrkowicach 28-330 Piotrkowice;808;108;108;11;97;13.37;10.19;795;311;311;16;295;39.12;5.14
85064;260209;7;Samorzadowa Szkoła Podstawowa w Lubczy 28-330 Lubcza;848;97;97;5;92;11.44;5.15;828;247;247;12;235;29.83;4.86
85065;260209;8;Remiza OSP w Klemencicach 28-330 Klemencice;329;63;63;2;61;19.15;3.17;319;130;130;4;126;40.75;3.08
85066;260301;1;Samorządowa Szkoła Podstawowa im. gen. Franciszka Kamińskiego w Bejscach 28-512 Bejsce 233;2214;367;367;3;364;16.58;0.82;2202;806;806;25;781;36.60;3.10
85067;260301;2;Samorządowa Szkoła Podstawowa im. Edwarda Haruzy w Dobiesławicach 28-512 Dobiesławice 38A;1214;117;117;5;112;9.64;4.27;1200;362;362;4;358;30.17;1.10
91494;260301;3;Dom Pomocy Społecznej 28-512 Bejsce 230;56;24;24;3;21;42.86;12.50;52;21;21;2;19;40.38;9.52
85068;260302;1;Szkoła Podstawowa w Czarnocinie 28-506 Czarnocin 2;1113;253;253;11;242;22.73;4.35;1121;463;463;12;451;41.30;2.59
85069;260302;2;Szkoła Podstawowa w Stradowie 28-506 Stradów 16;891;197;197;6;191;22.11;3.05;883;304;304;10;294;34.43;3.29
85070;260302;3;Szkoła Podstawowa w Sokolinie 28-506 Sokolina 19;1368;160;160;3;157;11.70;1.88;1347;426;426;4;422;31.63;0.94
85071;260303;1;Samorządowa Szkoła Podstawowa nr 1 im. Hugona Kołłątaja 28-500 Kazimierza Wielka ul. 1 Maja 3;1127;247;247;6;241;21.92;2.43;1105;473;473;10;463;42.81;2.11
85072;260303;2;Kazimierski Ośrodek Kultury 28-500 Kazimierza Wielka ul. 1 Maja 16;1018;202;202;7;195;19.84;3.47;978;449;449;14;435;45.91;3.12
85073;260303;3;Samorządowa Szkoła Podstawowa Nr 3 im. Jana Pawła II 28-500 Kazimierza Wielka ul. Szkolna 14;822;201;201;12;189;24.45;5.97;808;372;372;7;365;46.04;1.88
85074;260303;4;Samorządowa Szkoła Podstawowa Nr 3 im. Jana Pawła II 28-500 Kazimierza Wielka ul. Szkolna 14;980;234;234;18;216;23.88;7.69;964;406;406;18;388;42.12;4.43
85075;260303;5;Samorządowa Szkoła Podstawowa Nr 3 im. Jana Pawła II 28-500 Kazimierza Wielka ul. Szkolna 14;835;188;188;7;181;22.51;3.72;810;364;364;8;356;44.94;2.20
85076;260303;6;Samorządowa Szkoła Podstawowa nr 1 im. Hugona Kołłątaja 28-500 Kazimierza Wielka ul. 1 Maja 3;844;134;134;3;131;15.88;2.24;820;333;333;12;321;40.61;3.60
85077;260303;7;Samorządowa Szkoła Podstawowa nr 1 im. Hugona Kołłątaja 28-500 Kazimierza Wielka ul. 1 Maja 3;1138;141;141;11;130;12.39;7.80;1139;413;413;13;400;36.26;3.15
85078;260303;8;Zespół Szkół Rolniczych 28-500 Cudzynowice 176;1039;146;146;10;136;14.05;6.85;1032;364;364;16;348;35.27;4.40
85079;260303;9;Remiza OSP 28-500 Gabułtów 101;863;147;147;7;140;17.03;4.76;854;332;332;17;315;38.88;5.12
85080;260303;10;Świetlica wiejska 28-500 Stradlice 84;632;85;85;2;83;13.45;2.35;623;209;209;4;205;33.55;1.91
85081;260303;11;Samorządowa Szkoła Podstawowa im. mjr. H. Dobrzańskiego „Hubala” 28-500 Gorzków 80;893;82;82;6;76;9.18;7.32;873;289;289;14;275;33.10;4.84
85082;260303;12;Samorządowa Szkoła Podstawowa im. mjr. H. Dobrzańskiego „Hubala” 28-500 Gorzków 80;819;115;115;3;112;14.04;2.61;818;293;293;12;281;35.82;4.10
85083;260303;13;Zespół Szkół Samorządowych 28-500 Wielgus 108;992;120;120;7;113;12.10;5.83;997;305;305;16;289;30.59;5.25
85084;260303;14;Budynek byłej Samorządowej Szkoły Podstawowej 28-500 Sieradzice 83;863;96;96;1;95;11.12;1.04;854;286;286;8;278;33.49;2.80
85085;260303;15;Samorządowa Szkoła Podstawowa im. Ks. Władysława Latosa 28-500 Kamieńczyce 24;909;124;124;7;117;13.64;5.65;902;344;344;16;328;38.14;4.65
91495;260303;16;Samodzielny Publiczny Zespół Opieki Zdrowotnej 28-500 Kazimierza Wielka Partyzantów 12;65;14;14;0;14;21.54;0.00;58;19;19;1;18;32.76;5.26
85086;260304;1;Szkoła Podstawowa w Krzczonowie 28-520 Krzczonów 41a;1388;215;215;5;210;15.49;2.33;1377;387;387;9;378;28.10;2.33
85087;260304;2;Dom Kultury w Opatowcu 28-520 Opatowiec ul. Rynek 16;1035;270;270;13;257;26.09;4.81;1016;450;450;8;442;44.29;1.78
85088;260304;3;Świetlica OSP w Rogowie 28-520 Rogów 54;639;132;132;8;124;20.66;6.06;643;236;236;6;230;36.70;2.54
85089;260305;1;Zespół Szkół Zawodowych w Skalbmierzu 28-530 Skalbmierz ul. Kanonijska 7;1091;257;257;5;252;23.56;1.95;1096;471;471;14;457;42.97;2.97
85090;260305;2;Zespół Placówek Oświatowych w Skalbmierzu 28-530 Skalbmierz ul. Ppor. Sokoła 55;751;91;91;1;90;12.12;1.10;737;245;245;9;236;33.24;3.67
85091;260305;3;Zespół Placówek Oświatowych w Skalbmierzu 28-530 Skalbmierz ul. Ppor. Sokoła 55;1028;156;156;8;148;15.18;5.13;1026;364;364;15;349;35.48;4.12
85092;260305;4;Remiza OSP w Boszczynku 28-530 Boszczynek 57;764;82;82;4;78;10.73;4.88;761;207;207;3;204;27.20;1.45
85093;260305;5;Świetlica Wiejska w Tempoczowie-Kolonii 28-530 Tempoczów-Kolonia 4;634;78;78;2;76;12.30;2.56;622;175;175;6;169;28.14;3.43
85094;260305;6;Zespół Szkół w Topoli 28-530 Topola 259;1239;162;162;6;156;13.08;3.70;1226;374;374;16;358;30.51;4.28
85095;260401;1;Szkoła Podstawowa w Porąbkach 26-004 Porąbki 1;844;188;188;4;184;22.27;2.13;843;458;458;12;446;54.33;2.62
85096;260401;2;Zespół Szkół Samarządowych w Bielinach 26-004 Bieliny ul. Partyzantów 17;1693;299;299;8;291;17.66;2.68;1687;792;792;17;775;46.95;2.15
85097;260401;3;Szkoła Podstawowa w Hucie Nowej 26-004 Huta Nowa 48;1007;147;147;1;146;14.60;0.68;1016;400;400;13;387;39.37;3.25
85098;260401;4;Szkoła Podstawowa w Makoszynie 26-004 Makoszyn 100A;609;62;62;6;56;10.18;9.68;608;205;205;8;197;33.72;3.90
85099;260401;5;Szkoła Podstawowa w Lechowie 26-004 Lechów 66;978;151;151;3;148;15.44;1.99;989;407;407;19;388;41.15;4.67
85100;260401;6;Szkoła Podstawowa w Belnie 26-004 Belno 25;851;70;70;5;65;8.23;7.14;868;353;353;22;331;40.67;6.23
85101;260401;7;Szkoła Podstawowa w Hucie Podłysicy 26-004 Huta Podłysica 58a;495;105;105;5;100;21.21;4.76;502;209;209;3;206;41.63;1.44
85102;260401;8;Szkoła Podstawowa w Hucie Starej 26-004 Huta Stara 25;467;73;73;3;70;15.63;4.11;470;197;197;7;190;41.91;3.55
85103;260401;9;Urząd Gminy w Bielinach 26-004 Bieliny ul. Partyzantów 17;974;156;156;6;150;16.02;3.85;965;447;447;15;432;46.32;3.36
85104;260402;1;Szkoła Podstawowa w Bodzentynie 26-010 Bodzentyn ul. Rynek Górny 11;1844;447;447;9;438;24.24;2.01;1852;1005;1005;24;981;54.27;2.39
85105;260402;2;Szkoła Podstawowa w Bodzentynie 26-010 Bodzentyn ul. Rynek Górny 11;975;123;123;8;115;12.62;6.50;980;379;379;23;356;38.67;6.07
85106;260402;3;Remiza OSP w Sieradowicach 26-010 Sieradowice-Parcele 1;443;42;42;3;39;9.48;7.14;444;152;152;7;145;34.23;4.61
85107;260402;4;Szkoła Podstawowa w Bodzentynie Filia w Śniadce 26-010 Śniadka Druga 19a;388;73;73;4;69;18.81;5.48;372;164;166;8;156;44.09;4.88
85108;260402;5;Szkoła Podstawowa w Leśnej - Starej Wsi 26-010 Leśna-Stara Wieś 1;593;90;90;16;74;15.18;17.78;586;243;243;11;232;41.47;4.53
85109;260402;6;Świetlica Wiejska Siekierno-Stara Wieś 26-010 Siekierno-Stara Wieś 5;285;34;34;1;33;11.93;2.94;281;106;106;5;101;37.72;4.72
85110;260402;7;Szkoła Podstawowa w Psarach-Starej Wsi 26-010 Psary-Stara Wieś 59a;932;119;119;7;112;12.77;5.88;945;324;324;29;295;34.29;8.95
85111;260402;8;Szkoła Podstawowa we Wzdole Rządowym 26-010 Wzdół-Kolonia, Stara Wieś 28;2208;291;291;12;279;13.18;4.12;2207;870;870;47;823;39.42;5.40
85112;260402;9;Szkoła Podstawowa w Świętej Katarzynie 26-010 Święta Katarzyna ul. Kielecka 45;573;135;135;2;133;23.56;1.48;577;308;308;10;298;53.38;3.25
85113;260402;10;Świetlica Wiejska w Wilkowie 26-010 Wilków ul. Łysogórska 155;696;134;134;1;133;19.25;0.75;697;338;338;9;329;48.49;2.66
85114;260402;11;Szkoła Podstawowa w Woli Szczygiełkowej 26-006 Wola Szczygiełkowa 63;484;63;63;3;60;13.02;4.76;484;176;176;8;168;36.36;4.55
85115;260403;1;Centrum Kultury i Sportu 26-060 Chęciny ul. Armii Krajowej 18A;1875;534;534;18;516;28.48;3.37;1876;1058;1058;26;1032;56.40;2.46
85116;260403;2;Przedszkole Samorządowe w Chęcinach 26-060 Chęciny Os. Sosnówka 12;649;131;131;2;129;20.18;1.53;630;318;318;15;303;50.48;4.72
85117;260403;3;Centrum Kultury i Sportu 26-060 Chęciny ul. Armii Krajowej 18A;1062;204;204;10;194;19.21;4.90;1083;564;564;8;556;52.08;1.42
85118;260403;4;Szkoła Podstawowa w Korzecku 26-060 Korzecko 82;659;161;161;5;156;24.43;3.11;650;305;305;8;297;46.92;2.62
85119;260403;5;Szkoła Podstawowa w Bolminie 26-060 Bolmin 63a;907;141;141;7;134;15.55;4.96;908;371;371;16;355;40.86;4.31
85120;260403;6;Szkoła Podstawowa w Polichnie 26-060 Polichno 52;1503;214;214;19;195;14.24;8.88;1531;670;670;35;635;43.76;5.22
85121;260403;7;Szkoła Podstawowa w Radkowicach 26-060 Radkowice 85;529;132;132;7;125;24.95;5.30;534;280;280;11;269;52.43;3.93
85122;260403;8;Szkoła Podstawowa w Starochęcinach 26-060 Starochęciny 61;1005;264;264;12;252;26.27;4.55;1009;529;529;16;513;52.43;3.02
85123;260403;9;Szkoła Podstawowa w Tokarni 26-060 Tokarnia 186a;1112;224;224;7;217;20.14;3.12;1081;541;541;23;518;50.05;4.25
85124;260403;10;Gimnazjum Nr 2 w Wolicy 26-060 Wolica 37;918;156;156;5;151;16.99;3.21;923;413;413;12;401;44.75;2.91
85125;260403;11;Świetlica Wiejska w Siedlcach 26-060 Siedlce 79b;630;111;111;5;106;17.62;4.50;617;286;286;13;273;46.35;4.55
85126;260403;12;Świetlica Wiejska w Ostrowie 26-060 Ostrów 65a;596;56;56;3;53;9.40;5.36;604;214;214;9;205;35.43;4.21
85127;260403;13;Świetlica Wiejska w Łukowej 26-060 Łukowa 100a;647;132;132;2;130;20.40;1.52;668;301;301;8;293;45.06;2.66
91496;260403;14;Wojewódzki Szpital Specjalistyczny im Św.Rafała w Czerwonej Górze 26-060 Chęciny Czerwona Góra 10;240;70;70;3;67;29.17;4.29;252;82;82;4;78;32.54;4.88
85128;260404;1;Gimnazjum im. Generała Kazimierza Tańskiego w Chmielniku 26-020 Chmielnik ul. Szkolna 7;1574;442;442;12;430;28.08;2.71;1545;828;828;18;810;53.59;2.17
85129;260404;2;Samorządowe Przedszkole w Chmielniku 26-020 Chmielnik ul. Sienkiewicza 8;1644;428;428;15;413;26.03;3.50;1625;875;875;20;855;53.85;2.29
85130;260404;3;Centrum Integracji Społecznej w Chmielniku 26-020 Chmielnik ul. Witosa 6;1588;267;267;16;251;16.81;5.99;1593;639;639;16;623;40.11;2.50
85131;260404;4;Świetlica w Kotlicach 26-020 Kotlice 24;505;59;59;0;59;11.68;0.00;504;227;227;12;215;45.04;5.29
85132;260404;5;Szkoła Podstawowa w Lubani 26-020 Lubania 12;590;86;86;1;85;14.58;1.16;586;193;193;8;185;32.94;4.15
85133;260404;6;Samorządowy Zespół Placówek Oświatowych w Suchowoli 26-020 Suchowola 102;592;97;97;12;85;16.39;12.37;607;270;270;23;247;44.48;8.52
85134;260404;7;Szkoła Podstawowa w Zreczu Dużym 26-020 Zrecze Duże 22;563;81;81;6;75;14.39;7.41;561;186;186;11;175;33.16;5.91
85135;260404;8;Świetlica w Sędziejowicach 26-020 Sędziejowice 36;798;149;149;5;144;18.67;3.36;796;304;304;8;296;38.19;2.63
85136;260404;9;Filia Biblioteczna w Piotrkowicach 26-020 Piotrkowice Rynek 7;1301;305;305;25;280;23.44;8.20;1306;683;683;18;665;52.30;2.64
91497;260404;10;Szpital Powiatowy w Chmielniku 26-020 Chmielnik Kielecka 1-3;51;5;5;2;3;9.80;40.00;44;7;7;0;7;15.91;0.00
91498;260404;11;Dom Pomocy Społecznej w Łagiewnikach 26-020 Łagiewniki 73;130;32;32;3;29;24.62;9.38;127;33;33;2;31;25.98;6.06
85137;260405;1;Zespół Szkolno-Przedszkolny w Daleszycach 26-021 Daleszyce ul. Sienkiewicza 11;1581;313;313;12;301;19.80;3.83;1597;785;785;28;757;49.15;3.57
85138;260405;2;Zespół Szkolno-Przedszkolny w Daleszycach 26-021 Daleszyce ul. Sienkiewicza 11;1227;256;256;15;241;20.86;5.86;1239;592;592;13;579;47.78;2.20
85139;260405;3;Zespół Szkół Ogólnokształcących w Sukowie 26-021 Suków 215;1676;390;390;6;384;23.27;1.54;1710;851;851;13;838;49.77;1.53
85140;260405;4;Szkoła Podstawowa w Borkowie 26-021 Borków 36b;483;109;109;7;102;22.57;6.42;490;244;244;11;233;49.80;4.51
85141;260405;5;Szkoła Podstawowa w Brzechowie 26-021 Brzechów 41;761;124;124;11;113;16.29;8.87;764;333;333;13;320;43.59;3.90
85142;260405;6;Była Szkoła Podstawowa w Cisowie 26-021 Cisów 44;654;75;75;3;72;11.47;4.00;651;239;239;9;230;36.71;3.77
85143;260405;7;Publiczna Szkoła Podstawowa w Sierakowie 26-021 Sieraków 32;493;88;88;11;77;17.85;12.50;506;179;179;7;172;35.38;3.91
85144;260405;8;Dom Ludowy w Daleszycach 26-021 Daleszyce ul. Kościelna 5;1129;189;189;11;178;16.74;5.82;1146;501;501;12;489;43.72;2.40
85145;260405;9;Świetlica wiejska w Trzemosnej 26-021 Trzemosna 27;191;70;70;4;66;36.65;5.71;194;78;78;2;76;40.21;2.56
85146;260405;10;Publiczna Szkoła Podstawowa w Szczecnie 26-015 Szczecno 172;908;133;133;6;127;14.65;4.51;907;351;351;20;331;38.70;5.70
85147;260405;11;Publiczna Szkoła Podstawowa w Marzyszu 26-021 Marzysz 12;625;129;129;6;123;20.64;4.65;659;301;301;1;300;45.68;0.33
85148;260405;12;Szkoła Podstawowa im. gen. Tadeusza Buka w Mójczy 26-021 Mójcza 9;1115;223;223;6;217;20.00;2.69;1093;485;485;9;476;44.37;1.86
85149;260405;13;Szkoła Podstawowa im. Kornela Makuszyńskiego w Niestachowie 26-021 Niestachów 271;895;290;290;4;286;32.40;1.38;886;502;502;18;484;56.66;3.59
85150;260405;14;Publiczna Szkoła Podstawowa w Słopcu 26-021 Słopiec 86;537;91;91;7;84;16.95;7.69;537;216;216;10;206;40.22;4.63
85151;260406;1;Zespół Szkół w Bęczkowie 26-008 Bęczków 195;1328;329;329;5;324;24.77;1.52;1369;793;793;25;768;57.93;3.15
85152;260406;2;Zespół Szkolno-Przedszkolny w Cedzynie 25-900 Cedzyna 79;971;237;238;12;225;24.41;5.06;1007;588;588;23;565;58.39;3.91
85153;260406;3;Zespół Szkół w Górnie 26-008 Górno 82a;1983;429;429;24;405;21.63;5.59;2038;1073;1073;37;1036;52.65;3.45
85154;260406;4;Zespół Szkół w Krajnie 26-008 Krajno Pierwsze 153a;1882;401;401;12;389;21.31;2.99;1951;1003;1003;40;963;51.41;3.99
85155;260406;5;Szkoła Podstawowa w Leszczynach 26-008 Leszczyny 33;986;245;245;17;228;24.85;6.94;999;564;564;11;553;56.46;1.95
85156;260406;6;Szkoła Podstawowa w Radlinie 26-008 Radlin 86;1295;251;251;8;243;19.38;3.19;1318;660;660;14;646;50.08;2.12
85157;260406;7;Szkoła Podstawowa w Skorzeszycach 26-008 Skorzeszyce 165b;1120;218;218;12;206;19.46;5.50;1135;540;540;20;520;47.58;3.70
85158;260406;8;Zespół Szkół w Woli Jachowej 26-008 Wola Jachowa 136;1123;278;278;12;266;24.76;4.32;1113;553;553;28;525;49.69;5.06
85159;260407;1;Gminny Zespół Szkół w Łagowie 26-025 Łagów ul. Zapłotnia 1;1329;284;284;4;280;21.37;1.41;1335;619;619;18;601;46.37;2.91
85160;260407;2;Gminny Zespół Szkół w Łagowie 26-025 Łagów ul. Zapłotnia 1;1882;201;201;2;199;10.68;1.00;1882;650;650;37;613;34.54;5.69
85161;260407;3;Szkoła Podstawowa w Starej Zbelutce 26-025 Stara Zbelutka 14;1012;189;189;14;175;18.68;7.41;1018;404;404;16;388;39.69;3.96
85162;260407;4;Szkoła Podstawowa w Rudzie 26-025 Melonek, Ruda 11;420;44;44;1;43;10.48;2.27;431;144;144;4;140;33.41;2.78
85163;260407;5;Szkoła Podstawowa w Czyżowie 26-025 Czyżów 92;279;55;55;4;51;19.71;7.27;278;80;80;2;78;28.78;2.50
85164;260407;6;Szkoła Podstawowa w Piotrowie 26-025 Piotrów 1;699;139;139;4;135;19.89;2.88;697;298;298;16;282;42.75;5.37
85165;260408;1;Świetlica Wiejska w Lasocinie 26-070 Lasocin 59;497;88;88;3;85;17.71;3.41;489;223;223;10;213;45.60;4.48
85166;260408;2;Świetlica Wiejska w Piotrowcu 26-070 Piotrowiec 178;474;109;109;2;107;23.00;1.83;482;227;227;11;216;47.10;4.85
85167;260408;3;Szkoła Podstawowa w Dobrzeszowie Filia w Sarbicach 26-070 Sarbice Drugie 1;599;93;93;3;90;15.53;3.23;592;279;279;6;273;47.13;2.15
85168;260408;4;Zespół Szkół im. Jana Pawła II w Łopusznie 26-070 Łopuszno ul. Strażacka 5;869;165;165;13;152;18.99;7.88;858;464;464;23;441;54.08;4.96
85169;260408;5;Remiza Ochotniczej Straży Pożarnej w Łopusznie 26-070 Łopuszno ul. Strażacka 4;1476;408;408;17;391;27.64;4.17;1455;836;836;35;801;57.46;4.19
85170;260408;6;Zespół Szkół im. Jana Pawła II w Łopusznie Filia w Grabownicy 26-070 Grabownica 14;1131;236;236;5;231;20.87;2.12;1144;558;558;18;540;48.78;3.23
85171;260408;7;Warsztaty Terapii Zajęciowej w Fanisławicach 26-070 Fanisławice 22;405;79;79;0;79;19.51;0.00;389;195;195;9;186;50.13;4.62
85172;260408;8;Szkoła Podstawowa w Dobrzeszowie 26-070 Dobrzeszów 70;417;141;141;1;140;33.81;0.71;410;243;243;3;240;59.27;1.23
85173;260408;9;Świetlica Wiejska w Snochowicach 26-070 Snochowice ul. Łopuszańska 52;411;134;134;6;128;32.60;4.48;407;239;239;8;231;58.72;3.35
85174;260408;10;Zespół Szkół im. Stefana Żeromskiego w Gnieździskach 26-070 Gnieździska 85;1012;178;178;6;172;17.59;3.37;1029;544;544;28;516;52.87;5.15
85175;260409;1;Szkoła Podstawowa w Brzezinkach 26-001 Brzezinki 43;673;114;114;7;107;16.94;6.14;691;287;287;20;267;41.53;6.97
85176;260409;2;Szklany Dom w Ciekotach 26-001 Ciekoty 76;764;165;165;9;156;21.60;5.45;772;362;362;12;350;46.89;3.31
85177;260409;3;Szkoła Podstawowa nr 4 w Kielcach-Dąbrowie 25-414 Kielce ul. Warszawska 340;901;210;210;2;208;23.31;0.95;897;500;500;18;482;55.74;3.60
85178;260409;4;Budynek prywatny w Domaszowicach 25-900 Domaszowice 112;904;246;246;12;234;27.21;4.88;913;562;562;3;559;61.56;0.53
85179;260409;5;Była Szkoła Podstawowa w Masłowie Drugim 26-001 Masłów Drugi ul. Krajobrazowa 55;1113;202;202;4;198;18.15;1.98;1131;559;559;18;541;49.43;3.22
85180;260409;6;Hala Sportowa w Masłowie Pierwszym 26-001 Masłów Pierwszy ul. Jana Pawła II nr 1;1390;346;346;2;344;24.89;0.58;1407;788;788;16;772;56.01;2.03
85181;260409;7;Zespół Szkół w Mąchocicach Kapitulnych 26-001 Mąchocice Kapitulne 167;1048;216;216;8;208;20.61;3.70;1066;574;574;20;554;53.85;3.48
85182;260409;8;Świetlica Samorządowa w Wiśniówce 26-050 Wiśniówka 17;444;101;101;5;96;22.75;4.95;445;206;206;3;203;46.29;1.46
85183;260409;9;Dom Ludowy w Woli Kopcowej 26-001 Wola Kopcowa ul. Świętokrzyska 86;1052;284;284;6;278;27.00;2.11;1076;647;648;7;640;60.13;1.08
85184;260410;1;Remiza OSP w Miedzianej Górze 26-085 Miedziana Góra ul. Urzędnicza 10;2356;613;613;17;596;26.02;2.77;1377;796;796;20;776;57.81;2.51
85185;260410;2;Centrum Kulturalno Sportowe w Kostomłotach Pierwszych 26-085 Kostomłoty Pierwsze ul. Podmiejska 142;1352;331;331;13;318;24.48;3.93;1390;789;789;35;754;56.76;4.44
85186;260410;3;Zespół Szkół w Kostomłotach Drugich 26-085 Kostomłoty Drugie ul. Kielecka 9;1288;303;303;19;284;23.52;6.27;1316;677;677;27;650;51.44;3.99
85187;260410;4;Gimnazjum w Ćmińsku 26-085 Ćmińsk ul. Świętokrzyska 61;1231;223;223;7;216;18.12;3.14;1247;585;585;26;559;46.91;4.44
85188;260410;5;Szkoła Podstawowa w Ćmińsku 26-085 Ćmińsk ul. Świętokrzyska 61;1501;287;287;8;279;19.12;2.79;1533;777;777;29;748;50.68;3.73
85189;260410;6;Świetlica Wiejska w Tumlinie-Wykień 26-085 Tumlin-Wykień 40;1017;261;261;8;253;25.66;3.07;1024;583;583;12;571;56.93;2.06
85190;260411;1;Szkoła Podstawowa w Cierchach 26-080 Cierchy 1;674;139;139;9;130;20.62;6.47;681;340;340;16;324;49.93;4.71
85191;260411;2;Szkoła Podstawowa w Piaskach 26-080 Piaski 1;396;75;75;3;72;18.94;4.00;402;180;180;11;169;44.78;6.11
85192;260411;3;Zespół Szkół w Grzymałkowie 26-080 Grzymałków ul. Świętokrzyska 22;1844;310;310;15;295;16.81;4.84;1852;819;819;57;762;44.22;6.96
85193;260411;4;Zespół Szkół w Mniowie 26-080 Mniów ul. Centralna 11;2304;485;485;26;459;21.05;5.36;2284;1183;1183;44;1139;51.80;3.72
85194;260411;5;Szkoła Podstawowa w Rogowicach 26-080 Rogowice 123;592;93;93;2;91;15.71;2.15;603;249;249;14;235;41.29;5.62
85195;260411;6;Szkoła Podstawowa w Zaborowicach 26-080 Zaborowice 160;1138;247;247;11;236;21.70;4.45;1137;623;623;26;597;54.79;4.17
85196;260411;7;Szkoła Podstawowa w Wólce Kłuckiej 26-080 Wólka Kłucka 217;452;65;65;1;64;14.38;1.54;465;191;191;14;177;41.08;7.33
85197;260412;1;Samorządowe Centrum Kultury 26-026 Morawica ul. Spacerowa 7;1746;485;485;23;462;27.78;4.74;1750;957;957;18;939;54.69;1.88
85198;260412;2;Szkoła Podstawowa w Bilczy 26-026 Bilcza ul. Szkolna 2;1872;602;602;14;588;32.16;2.33;1955;1266;1266;22;1244;64.76;1.74
85199;260412;3;Remiza OSP w Radomicach I 26-026 Radomice 45A;479;110;110;5;105;22.96;4.55;477;228;228;9;219;47.80;3.95
85200;260412;4;Szkoła Podstawowa w Obicach 26-026 Obice ul. Szkolna 18;854;110;110;10;100;12.88;9.09;854;353;353;16;337;41.33;4.53
85201;260412;5;Szkoła Podstawowa w Dębskiej Woli 26-026 Dębska Wola 146;1413;155;155;7;148;10.97;4.52;1416;547;547;18;529;38.63;3.29
85202;260412;6;Szkoła Podstawowa w Brzezinach 26-026 Brzeziny ul. Szkolna 1;2263;524;524;15;509;23.16;2.86;2284;1177;1177;22;1155;51.53;1.87
85203;260412;7;Szkoła Podstawowa w Lisowie 26-026 Lisów ul. Szkolna 8;921;231;231;6;225;25.08;2.60;942;466;466;14;452;49.47;3.00
85204;260412;8;Gimnazjum w Bilczy 26-026 Bilcza ul. Szkolna 2;1410;383;383;9;374;27.16;2.35;1456;886;886;20;866;60.85;2.26
85205;260412;9;Szkoła Podstawowa w Woli Morawickiej 26-026 Wola Morawicka ul. Podemłynie 1;785;172;172;10;162;21.91;5.81;781;366;366;15;351;46.86;4.10
91499;260412;10;Świętokrzyskie Centrum Psychiatrii w Morawicy 26-026 Morawica ul. Spacerowa 5;207;64;64;9;55;30.92;14.06;629;133;133;12;121;21.14;9.02
91500;260412;11;Zakład Opiekuńczo-Leczniczy i Rehabilitacyjny w Bilczy 26-026 Bilcza ul. Osikowa 4;68;9;9;0;9;13.24;0.00;100;39;39;6;33;39.00;15.38
85206;260413;1;Zespół Szkół w Nowej Słupi 26-006 Nowa Słupia ul. Szkolna 10;1530;238;238;7;231;15.56;2.94;1532;673;673;26;647;43.93;3.86
85207;260413;2;Publiczna Szkoła Podstawowa w Mirocicach 26-006 Mirocice 45A;428;47;47;2;45;10.98;4.26;430;139;139;6;133;32.33;4.32
85208;260413;3;Świetokrzyskie Centrum Doskonalenia Nauczycieli Centrum Edukacyjne w Milanowskiej Wólce 26-006 Milanowska Wólka 18A;886;99;99;5;94;11.17;5.05;885;316;316;5;311;35.71;1.58
85209;260413;4;Publiczna Szkoła Podstawowa w Jeziorku im. Św. Eugeniusza de Mazenoda 26-006 Jeziorko 123A;1066;109;109;9;100;10.23;8.26;1030;370;370;14;356;35.92;3.78
85210;260413;5;Zespół Szkół w Rudkach 26-006 Rudki ul. Szkolna 2;1957;249;249;9;240;12.72;3.61;1940;831;831;30;801;42.84;3.61
85211;260413;6;Publiczna Szkoła Podstawowa w Pokrzywiance 26-006 Pokrzywianka 33;984;119;119;9;110;12.09;7.56;985;358;358;14;344;36.35;3.91
85212;260413;7;Publiczna Szkoła Podstawowa w Starej Słupi 26-006 Stara Słupia 78;777;124;124;1;123;15.96;0.81;763;330;330;8;322;43.25;2.42
85213;260413;8;Publiczna Szkoła Podstawowa w Jeleniowie 26-006 Jeleniów 85;536;91;91;3;88;16.98;3.30;545;245;245;6;239;44.95;2.45
85214;260414;1;Remiza OSP w Piekoszowie 26-065 Piekoszów ul. Częstochowska 85A;1033;254;254;11;243;24.59;4.33;1069;628;628;23;605;58.75;3.66
85215;260414;2;Przedszkole Integracyjne w Piekoszowie 26-065 Piekoszów ul. Czarnowska 54;823;122;122;5;117;14.82;4.10;827;418;418;9;409;50.54;2.15
85216;260414;3;Gminny Ośrodek Kultury w Piekoszowie 26-065 Piekoszów ul. Kolejowa 2;882;115;115;6;109;13.04;5.22;865;430;430;11;419;49.71;2.56
85217;260414;4;Gimnazjum w Jaworzni 26-065 Jaworznia 93;699;117;117;2;115;16.74;1.71;704;329;329;8;321;46.73;2.43
85218;260414;5;Szkoła Podstawowa w Jaworzni 26-065 Jaworznia 93;797;112;112;14;98;14.05;12.50;790;331;331;11;320;41.90;3.32
85219;260414;6;Szkoła Podstawowa w Brynicy 26-065 Brynica 144a;795;133;133;6;127;16.73;4.51;815;402;402;8;394;49.33;1.99
85220;260414;7;Zespół Placówek Oświatowych w Łosieniu 26-065 Łosień 1;900;146;146;6;140;16.22;4.11;905;460;460;14;446;50.83;3.04
85221;260414;8;Zespół Placówek Oświatowych w Zajączkowie 26-065 Zajączków 86;932;129;129;5;124;13.84;3.88;938;442;442;15;427;47.12;3.39
85222;260414;9;Szkoła Podstawowa w Rykoszynie 26-065 Rykoszyn 124;1159;162;162;5;157;13.98;3.09;1184;566;566;23;543;47.80;4.06
85223;260414;10;Remiza OSP w Szczukowicach 26-065 Szczukowice 176A;1031;146;146;10;136;14.16;6.85;1038;448;448;21;427;43.16;4.69
85224;260414;11;Szkoła Podstawowa w Micigoździe 26-065 Micigózd ul. Częstochowska 21;888;143;143;13;130;16.10;9.09;902;433;433;20;413;48.00;4.62
85225;260414;12;Świetlica Wiejska w Wincentowie 26-065 Wincentów 66B;739;108;108;8;100;14.61;7.41;754;366;366;8;358;48.54;2.19
85226;260414;13;Gminny Ośrodek Pomocy Społecznej 26-065 Piekoszów ul. Czarnowska 59;523;89;89;1;88;17.02;1.12;539;260;260;7;253;48.24;2.69
85227;260414;14;Budynek Klubu 26-065 Osiedle Skałka 6;1043;176;176;7;169;16.87;3.98;1024;495;495;13;482;48.34;2.63
85228;260414;15;Przedszkole w Jaworzni 26-065 Jaworznia 93;454;52;52;4;48;11.45;7.69;450;166;166;7;159;36.89;4.22
91501;260414;16;Dom Dla Niepełnosprawnych 26-065 Piekoszów Czarnowska 2a;28;26;26;0;26;92.86;0.00;48;43;43;2;41;89.58;4.65
85229;260415;1;Urząd Gminy Pierzchnica 26-015 Pierzchnica ul.13 Stycznia 6;1226;215;215;12;203;17.54;5.58;1218;521;521;21;500;42.78;4.03
85230;260415;2;Społeczna Szkoła Podstawowa w Drugni 26-015 Drugnia 28;741;114;114;5;109;15.38;4.39;715;275;275;14;261;38.46;5.09
85231;260415;3;Budynek byłej szkoły podstawowej w Skrzelczycach 26-015 Skrzelczyce 104;783;128;128;8;120;16.35;6.25;777;362;362;22;340;46.59;6.08
85232;260415;4;Zespół Szkół w Pierzchnicy 26-015 Pierzchnica ul. Kardynała Stefana Wyszyńskiego 5;1124;240;240;5;235;21.35;2.08;1120;546;546;15;531;48.75;2.75
91502;260415;5;Dom Seniora im. Sue Ryder 26-015 Pierzchnica ul. Szkolna 36;57;31;31;3;28;54.39;9.68;55;27;27;4;23;49.09;14.81
85233;260416;1;Szkoła Podstawowa 26-035 Bardo 86a;420;37;37;2;35;8.81;5.41;409;142;142;4;138;34.72;2.82
85234;260416;2;Świetlica Wiejska 26-035 Celiny 27a;373;78;78;6;72;20.91;7.69;366;143;143;4;139;39.07;2.80
85235;260416;3;Szkoła Podstawowa 26-035 Ociesęki 63;535;85;85;1;84;15.89;1.18;531;160;160;3;157;30.13;1.88
85236;260416;4;Zespół Szkolno Przedszkolny 26-035 Raków ul. Sienieńskiego 20;666;163;163;8;155;24.47;4.91;672;320;320;8;312;47.62;2.50
85237;260416;5;Szkoła Podstawowa 26-035 Szumsko 42b;653;154;154;11;143;23.58;7.14;662;283;283;18;265;42.75;6.36
85238;260416;6;Świetlica Wiejska 26-035 Nowa Huta 68;350;71;71;4;67;20.29;5.63;350;144;144;6;138;41.14;4.17
85239;260416;7;Remiza OSP 26-035 Chańcza 59a;346;53;53;2;51;15.32;3.77;343;169;169;2;167;49.27;1.18
85240;260416;8;Świetlica Wiejska 26-035 Życiny 91;267;19;19;0;19;7.12;0.00;263;85;85;11;74;32.32;12.94
85241;260416;9;Zespół Szkolno-Przedszkolny 26-035 Raków ul. Sienieńskiego 20;666;176;176;11;165;26.43;6.25;653;308;308;24;284;47.17;7.79
85242;260416;10;Dom Wiejski 26-035 Szumsko 37;572;131;131;2;129;22.90;1.53;566;213;213;9;204;37.63;4.23
85243;260417;1;Świetlica w Szewcach 26-052 Szewce ul. Dewońska 91;585;154;154;7;147;26.32;4.55;631;345;345;20;325;54.68;5.80
85244;260417;2;Gminna Biblioteka Publiczna w Nowinach 26-052 Nowiny ul. Białe Zagłębie 25;558;158;158;5;153;28.32;3.16;573;354;354;10;344;61.78;2.82
85245;260417;3;Zespół Szkół Ponadpodstawowych w Nowinach 26-052 Nowiny ul. Gimnazjalna 1;843;212;212;12;200;25.15;5.66;871;492;492;18;474;56.49;3.66
85246;260417;4;Samorządowe Przedszkole w Nowinach 26-052 Nowiny ul. Parkowa 11;902;208;208;6;202;23.06;2.88;910;484;484;6;478;53.19;1.24
85247;260417;5;Szkoła Podstawowa w Nowinach 26-052 Nowiny ul. Białe Zagłębie 21;1073;267;267;12;255;24.88;4.49;1058;556;556;21;535;52.55;3.78
85248;260417;6;Szkoła Podstawowa w Bolechowicach 26-052 Bolechowice 10;787;153;153;5;148;19.44;3.27;791;401;401;14;387;50.70;3.49
85249;260417;7;Szkoła Podstawowa w Kowali 26-052 Kowala 51B;931;210;210;6;204;22.56;2.86;949;448;448;21;427;47.21;4.69
85250;260418;1;Zespół Placówek Oświatowych w Oblęgorku 26-067 Oblęgorek ul. Gimnazjalna 15;1504;322;322;4;318;21.41;1.24;1528;780;780;21;759;51.05;2.69
85251;260418;2;Samorządowe Centrum Kultury i Sportu w Strawczynie 26-067 Strawczyn ul. Żeromskiego 16;1668;470;470;13;457;28.18;2.77;1688;926;926;31;895;54.86;3.35
85252;260418;3;Szkoła Podstawowa w Rudzie Strawczyńskiej 26-067 Ruda Strawczyńska 4;1174;236;236;11;225;20.10;4.66;1177;589;589;27;562;50.04;4.58
85253;260418;4;Szkoła Podstawowa w Korczynie 26-067 Korczyn 101;718;143;143;6;137;19.92;4.20;714;355;355;18;337;49.72;5.07
85254;260418;5;Szkoła Podstawowa w Chełmcach 26-067 Chełmce ul. Kościelna 51;1116;249;249;14;235;22.31;5.62;1145;611;611;25;586;53.36;4.09
85255;260418;6;Zespół Placówek Oświatowych w Promniku 26-067 Promnik ul. Szkolna 10;1095;240;240;9;231;21.92;3.75;1109;565;565;10;555;50.95;1.77
85256;260418;7;Świetlica środowiskowa w Strawczynku 26-067 Strawczynek ul. Wojewódzka 39;826;200;200;4;196;24.21;2.00;846;429;429;25;404;50.71;5.83
85257;260419;1;Urząd Gminy Zagnańsk 26-050 Zagnańsk ul. Spacerowa 8;493;135;135;2;133;27.38;1.48;492;269;269;7;262;54.67;2.60
85258;260419;2;Zespół Szkoły Podstawowej Nr 2, Przedszkola i Gimnazjum w Zagnańsku 26-050 Zagnańsk ul. Turystyczna 59;1455;488;488;19;469;33.54;3.89;1452;902;902;19;883;62.12;2.11
85259;260419;3;Świetlica w Jaworzach 26-050 Jaworze ul. Bursztynowa 9;758;201;201;12;189;26.52;5.97;743;426;426;9;417;57.34;2.11
85260;260419;4;Zespół Szkoły Podstawowej i Gimnazjum w Kajetanowie 26-050 Zabłocie 1;1658;483;483;15;468;29.13;3.11;1656;985;985;17;968;59.48;1.73
85261;260419;5;Zespół Szkoły Podstawowej, Przedszkola i Gimnazjum w Samsonowie 26-050 Samsonów 24;1577;351;351;8;343;22.26;2.28;1566;856;856;25;831;54.66;2.92
85262;260419;6;Zespół Szkoły Podstawowej, Przedszkola i Gimnazjum w Tumlinie 26-050 Tumlin-Węgle ul. Grodowa 2;1186;306;306;13;293;25.80;4.25;1177;633;633;14;619;53.78;2.21
85263;260419;7;Budynek Gminny w Szałasie 26-050 Szałas 1A;510;83;83;8;75;16.27;9.64;495;220;220;9;211;44.44;4.09
85264;260419;8;Budynek Gminny w Umrze 26-050 Umer 76;718;167;167;10;157;23.26;5.99;723;366;366;9;357;50.62;2.46
85265;260419;9;Budynek Gminny w Zachełmiu 26-050 Zachełmie 1;702;138;138;5;133;19.66;3.62;687;368;368;13;355;53.57;3.53
85266;260419;10;Zespół Szkół Leśnych w Zagnańsku 26-050 Zagnańsk ul. Spacerowa 4;1064;226;226;5;221;21.24;2.21;1053;555;555;14;541;52.71;2.52
85267;260419;11;Budynek Gminny w Belnie 26-050 Belno 143;493;91;91;5;86;18.46;5.49;493;225;225;10;215;45.64;4.44
85268;260501;1;Publiczna Szkoła Podstawowa 26-260 Czermno ul. Kościelna 86;1383;170;170;9;161;12.29;5.29;1361;503;503;21;482;36.96;4.17
85269;260501;2;Strażnica OSP w Fałkowie 26-260 Fałków ul. Plac Kościelny 11;1844;269;269;14;255;14.59;5.20;1837;739;739;36;703;40.23;4.87
85270;260501;3;Strażnica OSP w Turowicach 26-260 Turowice 67;714;64;64;9;55;8.96;14.06;689;248;248;23;225;35.99;9.27
85271;260502;1;Remiza Ochotniczej Strazy Pożarnej Gowarczów 26-225 Gowarczów ul. Warszawska 17;1146;175;175;7;168;15.27;4.00;1148;521;521;19;502;45.38;3.65
85272;260502;2;Szkoła Podstawowa Gowarczów 26-225 Gowarczów ul. Stanisława Żuka 3;520;74;74;6;68;14.23;8.11;519;194;194;13;181;37.38;6.70
85273;260502;3;Publiczne Gimnazjum Gowarczów 26-225 Gowarczów ul. Szkolna 52;916;161;161;10;151;17.58;6.21;929;351;351;21;330;37.78;5.98
85274;260502;4;Remiza Ochotniczej Straży Pożarnej Giełzów 26-225 Giełzów 72a;589;112;112;10;102;19.02;8.93;593;240;240;15;225;40.47;6.25
85275;260502;5;Szkoła Podstawowa w Gowarczowie Filia w Kamiennej Woli 26-225 Kamienna Wola 46B;678;109;109;2;107;16.08;1.83;691;240;240;12;228;34.73;5.00
85276;260503;1;Miejsko-Gminny Ośrodek Pomocy Społecznej w Końskich 26-200 Końskie ul. Armii Krajowej 22;1462;385;385;12;373;26.33;3.12;1416;723;723;23;700;51.06;3.18
85277;260503;2;Gimnazjum Nr 1 w Końskich 26-200 Końskie ul. Armii Krajowej 2;1504;357;357;14;343;23.74;3.92;1438;740;740;18;722;51.46;2.43
85278;260503;3;Szkoła Podstawowa Nr 1 w Końskich 26-200 Końskie ul.Armii Krajowej 2;1198;279;279;16;263;23.29;5.73;1144;525;525;10;515;45.89;1.90
85279;260503;4;I Liceum Ogólnokształcące w Końskich 26-200 Końskie ul. Kapitana Stoińskiego 4;954;248;248;11;237;26.00;4.44;951;518;518;11;507;54.47;2.12
85280;260503;5;Hala Sportowa w Końskich 26-200 Końskie ul. Kapitana Stoińskiego 3;1676;443;443;10;433;26.43;2.26;1584;871;871;6;865;54.99;0.69
85281;260503;6;Zespół Szkół Ponadgimnazjalnych Nr 3 w Końskich 26-200 Końskie ul. Marszałka Piłsudskiego 68;1443;358;358;11;347;24.81;3.07;1388;688;688;16;672;49.57;2.33
85282;260503;7;Przedszkole Samorządowe Nr 5 w Końskich 26-200 Końskie ul.Księdza Granata 6;1364;343;343;9;334;25.15;2.62;1316;674;674;14;660;51.22;2.08
85283;260503;8;Miejsko - Gminny Dom Kultury w Końskich 26-200 Końskie ul. Mieszka I 4;1557;409;409;8;401;26.27;1.96;1488;776;776;33;743;52.15;4.25
85284;260503;9;Szkoła Podstawowa Nr 2 w Końskich 26-200 Końskie ul. Polna 6;1832;532;532;20;512;29.04;3.76;1791;936;936;23;913;52.26;2.46
85285;260503;10;Gimnazjum Nr 2 w Końskich 26-200 Końskie ul. Partyzantów 9;1469;311;311;9;302;21.17;2.89;1442;698;698;17;681;48.40;2.44
85286;260503;11;Niepubliczny Zakład Opieki Zdrowotnej „POŁUDNIOWA” w Końskich 26-200 Końskie ul. Południowa 1;1395;422;422;9;413;30.25;2.13;1378;820;820;13;807;59.51;1.59
85287;260503;12;Zespół Skół w Stadnickiej Woli 26-200 Stadnicka Wola 55;1132;272;272;5;267;24.03;1.84;1114;640;640;15;625;57.45;2.34
85288;260503;13;Budynek OSP w Bedlnie 26-200 Bedlno 33A;1204;186;186;3;183;15.45;1.61;1205;472;472;20;452;39.17;4.24
85289;260503;14;Budynek OSP w Proćwinie 26-200 Proćwin ul. Zastawna 12;1688;249;249;16;233;14.75;6.43;1693;721;721;20;701;42.59;2.77
85290;260503;15;Zespół Placówek Oświatowych w Nieświniu 26-200 Nieświń ul. Szkolna 5;1391;187;187;8;179;13.44;4.28;1388;504;504;26;478;36.31;5.16
85291;260503;16;Szkoła Podstawowa w Modliszewicach 26-200 Modliszewice ul. Gasińskiego 2;1443;283;283;23;260;19.61;8.13;1431;614;614;30;584;42.91;4.89
85292;260503;17;Zespół Szkół w Rogowie 26-200 Rogów ul. Kozubskiego 18B;1476;216;216;10;206;14.63;4.63;1487;625;625;19;606;42.03;3.04
85293;260503;18;Zespół Placówek Oświatowych w Kazanowie 26-200 Nowy Kazanów 1A;1842;415;415;17;398;22.53;4.10;1880;914;914;36;878;48.62;3.94
85294;260503;19;Zespół Placówek Oświatowych w Pomykowie 26-200 Pomyków 25A;1309;255;255;11;244;19.48;4.31;1327;594;594;16;578;44.76;2.69
85295;260503;20;Szkoła Podstawowa w Dziebałtowie 26-200 Nowy Dziebałtów 85;1739;360;360;21;339;20.70;5.83;1731;794;794;33;761;45.87;4.16
85296;260503;21;Zespół Szkół w Stadnickiej Woli 26-200 Stadnicka Wola 55;620;156;156;4;152;25.16;2.56;617;346;346;6;340;56.08;1.73
85297;260503;22;Budynek OSP w Wąsoszu 26-220 Wąsosz 57A;419;101;101;4;97;24.11;3.96;421;207;207;10;197;49.17;4.83
91503;260503;23;DPS „Cichy Zakątek” w Końskich 26-200 Końskie ul. Warszawska 25;112;45;45;1;44;40.18;2.22;109;60;60;12;48;55.05;20.00
91504;260503;24;Szpital im. Św. Łukasza w Końskich 26-200 Końskie ul. Gimnazjalna 41B;264;41;41;3;38;15.53;7.32;289;73;73;6;67;25.26;8.22
85298;260504;1;Szkoła Podstawowa w Radoszycach 26-230 Radoszyce ul. Szkolna 1;1455;227;227;4;223;15.60;1.76;1529;632;632;26;606;41.33;4.11
85299;260504;2;Gimnazjum Nr 1 w Radoszycach 26-230 Radoszyce ul. Ogrodowa 21;1185;169;169;8;161;14.26;4.73;1183;480;480;14;466;40.57;2.92
85300;260504;3;Hala Sportowa 26-230 Radoszyce ul. Ogrodowa 21;943;198;198;4;194;21.00;2.02;919;404;404;14;390;43.96;3.47
85301;260504;4;Szkoła Podstawowa w Grodzisku 26-230 Grodzisko 48c;899;157;157;8;149;17.46;5.10;879;402;402;21;381;45.73;5.22
85302;260504;5;Szkoła Podstawowa w Górnikach 26-230 Górniki 18;459;87;87;3;84;18.95;3.45;469;188;188;3;185;40.09;1.60
85303;260504;6;Szkoła Podstawowa w Kapałowie 26-230 Kapałów 46;523;111;111;6;105;21.22;5.41;516;211;211;19;192;40.89;9.00
85304;260504;7;Szkoła Podstawowa w Wilczkowicach 26-230 Wilczkowice 34;965;195;195;13;182;20.21;6.67;932;426;426;15;411;45.71;3.52
85305;260504;8;Świetlica OSP w Węgrzynie 26-230 Węgrzyn 45;470;93;93;5;88;19.79;5.38;465;211;211;10;201;45.38;4.74
85306;260504;9;Szkoła Podstawowa w Kłucku 39 26-212 Kłucko 39;508;61;61;4;57;12.01;6.56;492;138;138;16;122;28.05;11.59
85307;260505;1;Strażnica Ochotniczej Straży Pożarnej w Dębie 26-242 Dęba 79;368;107;107;3;104;29.08;2.80;349;192;192;6;186;55.01;3.12
85308;260505;2;Zespół Publicznych Placówek Oświatowych w Rudzie Malenieckiej 26-242 Ruda Maleniecka 105a;952;246;246;21;225;25.84;8.54;979;494;494;23;471;50.46;4.66
85309;260505;3;Strażnica Ochotniczej Straży Pożarnej w Kołońcu 26-242 Kołoniec 34;237;52;52;0;52;21.94;0.00;246;105;105;5;100;42.68;4.76
85310;260505;4;Szkoła Filialna w Lipie 26-242 Lipa 70a;905;250;250;10;240;27.62;4.00;926;475;475;18;457;51.30;3.79
85311;260505;5;Strażnica Ochotniczej Straży Pożarnej w Koliszowach 26-242 Koliszowy 140;243;83;83;6;77;34.16;7.23;243;126;126;9;117;51.85;7.14
85312;260506;1;Szkoła Podstawowa w Pilczycy 26-234 Pilczyca 70;875;118;118;7;111;13.49;5.93;874;340;340;8;332;38.90;2.35
85313;260506;2;Niepubliczna Szkoła Podstawowa w Radwanowie 26-234 Radwanów 43;326;54;54;5;49;16.56;9.26;316;143;143;11;132;45.25;7.69
85314;260506;3;I Publiczne Gimnazjum w Słupi 26-234 Słupia 36;659;97;97;1;96;14.72;1.03;666;341;341;9;332;51.20;2.64
85315;260506;4;Niepubliczna Szkoła Podstawowa w Mninie 26-234 Mnin ul. Kościelna 38;460;108;108;1;107;23.48;0.93;459;201;201;16;185;43.79;7.96
85316;260506;5;Szkoła Podstawowa w Wólce 26-234 Wólka - Konradów 4;430;53;53;2;51;12.33;3.77;423;192;192;1;191;45.39;0.52
91505;260506;6;Dom Pomocy Społecznej „Etola” w Rudzie Pilczyckiej 26-234 Ruda Pilczycka 57;64;57;57;2;55;89.06;3.51;59;23;23;1;22;38.98;4.35
85317;260507;1;Świetlica w Smykowie 26-212 Smyków 108;522;105;105;2;103;20.11;1.90;527;231;231;6;225;43.83;2.60
85318;260507;2;Szkoła Podstawowa w Królewcu 26-212 Królewiec 14;773;134;134;4;130;17.34;2.99;772;330;330;12;318;42.75;3.64
85319;260507;3;Remiza OSP w Kozowie 26-212 Kozów 52A;479;108;108;6;102;22.55;5.56;487;226;226;10;216;46.41;4.42
85320;260507;4;Remiza OSP w Miedzierzy 26-212 Miedzierza 23;806;172;172;6;166;21.34;3.49;837;370;370;14;356;44.21;3.78
85321;260507;5;Remiza OSP w Przyłogach 26-212 Przyłogi 50;417;60;60;2;58;14.39;3.33;420;196;196;9;187;46.67;4.59
85322;260508;1;Publiczne Gimnazjum w Stąporkowie 26-220 Stąporków ul. J. Piłsudskiego 114;850;160;160;17;143;18.82;10.62;847;315;315;12;303;37.19;3.81
85323;260508;2;Publiczne Przedszkole w Stąporkowie 26-220 Stąporków ul. J. Słowackiego 1;910;139;139;6;133;15.27;4.32;896;336;336;17;319;37.50;5.06
85324;260508;3;Miejsko Gminny Ośrodek Kultury w Stąporkowie 26-220 Stąporków ul. J. Piłsudskiego 103;1234;267;267;5;262;21.64;1.87;1213;554;554;6;548;45.67;1.08
85325;260508;4;Szkoła Podstawowa Nr 1 w Stąporkowie 26-220 Stąporków ul. 1-go Maja 18;1139;219;219;9;210;19.23;4.11;1109;499;499;16;483;45.00;3.21
85326;260508;5;Szkoła Podstawowa Nr 2 w Stąporkowie 26-220 Stąporków ul. Piłsudskiego 114;804;137;137;7;130;17.04;5.11;811;334;334;10;324;41.18;2.99
85327;260508;6;Szkoła Podstawowa w Niekłaniu Wielkim 26-220 Niekłań Wielki ul. Szkolna 1;783;115;115;12;103;14.69;10.43;780;302;302;17;285;38.72;5.63
85328;260508;7;Szkoła Podstawowa w Niekłaniu Wielkim 26-220 Niekłań Wielki ul. Szkolna 1;1074;159;159;6;153;14.80;3.77;1065;391;391;20;371;36.71;5.12
85329;260508;8;Świetlica wiejska w Koziej Woli 26-220 Kozia Wola 156;1127;114;114;5;109;10.12;4.39;1116;406;406;17;389;36.38;4.19
85330;260508;9;Świetlica wiejska w Czarnej 26-220 Czarna 72;958;186;186;15;171;19.42;8.06;939;388;388;7;381;41.32;1.80
85331;260508;10;Świetlica Wiejska w Adamku 26-220 Adamek 18b;825;209;209;11;198;25.33;5.26;820;383;383;7;376;46.71;1.83
85332;260508;11;Szkoła Podstawowa w Krasnej 26-220 Krasna 53;843;125;125;5;120;14.83;4.00;826;345;345;16;329;41.77;4.64
85333;260508;12;Remiza OSP w Mokrej 26-220 Mokra 57a;514;87;87;6;81;16.93;6.90;513;196;196;10;186;38.21;5.10
85334;260508;13;Budynek po szkole podstawowej w Hucisku 26-220 Hucisko ul. Górna 2;588;126;126;1;125;21.43;0.79;573;243;243;8;235;42.41;3.29
85335;260508;14;Niepubliczna Szkoła Podstawowa w Gosaniu 26-220 Gosań 150;661;98;98;5;93;14.83;5.10;649;250;250;10;240;38.52;4.00
85336;260508;15;Świetlica wiejska w Świerczowie 26-220 Świerczów 51a;609;109;109;8;101;17.90;7.34;589;219;219;9;210;37.18;4.11
85337;260508;16;Remiza OSP w Odrowążu 26-220 Odrowąż ul. Kielecka 5;1041;184;184;2;182;17.68;1.09;1015;410;410;19;391;40.39;4.63
85338;260508;17;Ośrodek Opiekuńczy w Wielkiej Wsi 26-220 Wielka Wieś ul. Szkolna 11;1101;91;91;10;81;8.27;10.99;1083;333;333;20;313;30.75;6.01
85339;260601;1;Urząd Gminy w Baćkowicach 27-552 Baćkowice 84;1917;404;404;14;390;21.07;3.47;1900;877;877;25;852;46.16;2.85
85340;260601;2;Szkoła Podstawowa w Modliborzycach 27-552 Modliborzyce 93;969;222;222;8;214;22.91;3.60;949;447;447;24;423;47.10;5.37
85341;260601;3;Szkoła Podstawowa w Piórkowie 27-552 Piórków 9;704;107;107;6;101;15.20;5.61;699;234;234;13;221;33.48;5.56
85342;260601;4;Szkoła Podstawowa we Wszachowie 27-552 Wszachów 49a;559;118;118;11;107;21.11;9.32;558;221;221;11;210;39.61;4.98
85343;260602;1;Urząd Gminy 27-570 Iwaniska Rynek 3;2301;640;640;51;589;27.81;7.97;2299;1135;1135;45;1090;49.37;3.96
85344;260602;2;Zespół Publicznych Szkół w Iwaniskach Publiczna Szkoła Podstawowa w Iwaniskach Fila w Ujeździe 27-570 Ujazd 9;999;201;201;16;185;20.12;7.96;1002;371;371;21;350;37.03;5.66
85345;260602;3;Zespół Publicznych Szkół w Iwaniskach Publiczna Szkoła Podstawowa w Iwaniskach Fila w Przepiórowie 27-570 Przepiórów 33;498;76;76;3;73;15.26;3.95;499;181;181;12;169;36.27;6.63
85346;260602;4;Zespół Publicznych Szkół w Iwaniskach Publiczna Szkoła Podstawowa w Iwaniskach Fila w Wygiełzowie 27-570 Wygiełzów 6;579;124;124;2;122;21.42;1.61;563;216;216;3;213;38.37;1.39
85347;260602;5;Zespół Publicznych Szkół w Iwaniskach Publiczna Szkoła Podstawowa w Iwaniskach Fila w Jastrzębskiej Woli 27-570 Jastrzębska Wola 5;543;150;150;15;135;27.62;10.00;546;218;218;9;209;39.93;4.13
85348;260602;6;Zespół Publicznych Szkół w Iwaniskach Publiczna Szkoła Podstawowa w Iwaniskach Fila w Mydłowie 27-570 Mydłów 1;717;132;132;5;127;18.41;3.79;701;253;253;9;244;36.09;3.56
85349;260603;1;Zespół Szkół w Lipniku 27-540 Lipnik 23;1710;317;317;14;303;18.54;4.42;1691;624;624;13;611;36.90;2.08
85350;260603;2;Zespół Szkół we Włostowie 27-545 Włostów 1;1770;299;299;17;282;16.89;5.69;1735;640;640;34;606;36.89;5.31
85351;260603;3;Świetlica Wiejska w Malicach Kościelnych 27-540 Malice Kościelne 60;744;122;122;6;116;16.40;4.92;739;248;248;8;240;33.56;3.23
85352;260603;4;Budynek po byłej Filialnej Szkole Podstawowej w Słoptowie 27-545 Słoptów 23;417;41;41;1;40;9.83;2.44;412;135;135;7;128;32.77;5.19
85353;260604;1;Samorządowy Zespół Szkół Nr 1 w Opatowie 27-500 Opatów ul. Ćmielowska 2;1318;367;367;18;349;27.85;4.90;1296;698;698;20;678;53.86;2.87
85354;260604;2;Zespół Szkół Nr 2 w Opatowie Liceum Ogólnokształcące 27-500 Opatów ul. Stefanii Sempołowskiej 1;1367;352;352;33;319;25.75;9.38;1314;630;630;25;605;47.95;3.97
85355;260604;3;Urząd Miasta i Gminy w Opatowie 27-500 Opatów ul. Plac Obrońców Pokoju 34;1329;378;378;25;353;28.44;6.61;1325;682;682;18;664;51.47;2.64
85356;260604;4;Samorządowy Zespół Szkół Nr 2 w Opatowie 27-500 Opatów ul. Mikołaja Kopernika 30;1603;440;440;25;415;27.45;5.68;1550;861;861;47;814;55.55;5.46
85357;260604;5;Samorządowy Zespół Szkół Nr 2 w Opatowie - Hala Sportowa 27-500 Opatów ul. Mikołaja Kopernika 30;757;116;116;8;108;15.32;6.90;754;299;299;22;277;39.66;7.36
85358;260604;6;Budynek po byłej Szkole Podstawowej w Brzeziu 27-500 Brzezie 25;592;145;145;2;143;24.49;1.38;577;241;241;6;235;41.77;2.49
85359;260604;7;Szkoła Podstawowa w Kobylanach 27-500 Kobylany 6;668;197;197;9;188;29.49;4.57;663;327;327;18;309;49.32;5.50
85360;260604;8;Specjalny Ośrodek Szkolno-Wychowawczy w Jałowęsach 27-500 Jałowęsy 124;585;145;145;5;140;24.79;3.45;588;318;318;15;303;54.08;4.72
85361;260604;9;Remiza Ochotniczej Straży Pożarnej w Strzyżowicach 27-500 Strzyżowice 36;613;186;186;14;172;30.34;7.53;600;330;330;26;304;55.00;7.88
85362;260604;10;Samorządowy Zespół Szkół Nr 1 w Opatowie 27-500 Opatów ul. Ćmielowska 2;1159;207;207;8;199;17.86;3.86;1146;487;487;21;466;42.50;4.31
91506;260604;11;Dom Pomocy Społecznej w Zochcinku 27-500 Zochcinek 42;113;105;105;18;87;92.92;17.14;127;107;107;36;71;84.25;33.64
91507;260604;12;Szpital Twoje Zdrowie w Opatowie 27-500 Opatów ul. Szpitalna 4;46;10;10;0;10;21.74;0.00;68;27;27;2;25;39.71;7.41
85363;260605;1;Zespół Szkół Ogólnokształcących w Ożarowie im E. Szylki 27-530 Ożarów Osiedle Wzgórze 54;1290;332;332;19;313;25.74;5.72;1305;605;605;27;578;46.36;4.46
85364;260605;2;Zespół Szkół w Ożarowie im. M. Skłodowskiej-Curie 27-530 Ożarów Osiedle Wzgórze 56;1230;342;342;22;320;27.80;6.43;1190;584;584;23;561;49.08;3.94
85365;260605;3;Miejsko-Gminny Ośrodek Kultury w Ożarowie 27-530 Ożarów ul. Stodolna 3;1386;339;339;28;311;24.46;8.26;1313;564;564;17;547;42.96;3.01
85366;260605;4;Specjalny Ośrodek Szkolno-Wychowawczy w Dębnie 27-530 Dębno 69;557;175;175;11;164;31.42;6.29;560;283;283;12;271;50.54;4.24
85367;260605;5;Publiczny Zespół Szkoły i Przedszkola w Lasocinie 27-530 Lasocin ul. Rynek 17;478;175;175;11;164;36.61;6.29;482;238;238;16;222;49.38;6.72
85368;260605;6;Zespół Szkół Ogólnokształcących w Ożarowie im E. Szylki 27-530 Ożarów Osiedle Wzgórze 54;1105;210;210;20;190;19.00;9.52;1104;438;438;34;404;39.67;7.76
85369;260605;7;Zespół Szkół Ogólnokształcących w Ożarowie im. E. Szylki 27-530 Ożarów Osiedle Wzgórze 54;626;107;107;14;93;17.09;13.08;621;228;228;20;208;36.71;8.77
85370;260605;8;Remiza OSP w Janikowie 27-530 Janików 5A;561;134;134;7;127;23.89;5.22;591;255;255;8;247;43.15;3.14
85371;260605;9;Remiza OSP w Jakubowicach 27-530 Jakubowice 48A;489;105;105;11;94;21.47;10.48;474;185;185;9;176;39.03;4.86
85372;260605;10;Remiza OSP Przybysławicach 27-530 Przybysławice 46;650;102;102;3;99;15.69;2.94;644;256;256;15;241;39.75;5.86
85373;260605;11;Remiza OSP w Sobótce 27-530 Sobótka 146;646;169;169;7;162;26.16;4.14;642;245;245;17;228;38.16;6.94
91508;260605;12;Dom Pomocy Społecznej w Sobowie 27-530 Sobów 117;42;41;41;0;41;97.62;0.00;40;37;37;6;31;92.50;16.22
91509;260605;13;Dom Pomocy Społecznej w Czachowie 27-530 Czachów 54;30;30;30;1;29;100.00;3.33;29;19;19;4;15;65.52;21.05
85374;260606;1;Gminny Ośrodek Kultury i Sportu w Sadowiu 27-580 Sadowie 90A;970;202;202;17;185;20.82;8.42;957;409;409;17;392;42.74;4.16
85375;260606;2;Zespół Szkół w Sadowiu 27-580 Sadowie 94;935;199;199;13;186;21.28;6.53;925;423;423;19;404;45.73;4.49
85376;260606;3;Strażnica Ochotniczej Straży Pożarnej w Wszechświęte 27-580 Wszechświęte 19A;806;166;166;13;153;20.60;7.83;798;310;310;5;305;38.85;1.61
85377;260606;4;Szkoła Podstawowa w Biskupicach 27-580 Biskupice 33;733;268;268;26;242;36.56;9.70;726;362;362;13;349;49.86;3.59
85378;260607;1;Gminny Ośrodek Kultury w Tarłowie 27-515 Tarłów ul. Kleparz 1;1267;365;365;26;339;28.81;7.12;1280;570;570;26;544;44.53;4.56
85379;260607;2;Szkoła Podstawowa w Czekarzewicach Drugich 27-515 Czekarzewice Drugie 125;633;113;113;3;110;17.85;2.65;639;227;227;10;217;35.52;4.41
85380;260607;3;Szkoła Podstawowa w Ciszycy Górnej 27-515 Ciszyca Górna 53;831;182;182;10;172;21.90;5.49;829;315;315;11;304;38.00;3.49
85381;260607;4;Specjalny Ośrodek Szkolno-Wychowawczy w Sulejowie 27-515 Sulejów 69;263;60;60;8;52;22.81;13.33;268;101;101;4;97;37.69;3.96
85382;260607;5;Remiza Ochotniczej Straży Pożarnej w Cegielni 27-515 Cegielnia 25A;908;168;168;5;163;18.50;2.98;918;370;370;15;355;40.31;4.05
85383;260607;6;Szkoła Podstawowa w Duranowie 27-515 Duranów 67;703;98;98;6;92;13.94;6.12;712;264;264;23;241;37.08;8.71
85384;260608;1;Publiczna Szkoła Podstawowa w Wojciechowicach 27-532 Wojciechowice 40;942;220;220;19;201;23.35;8.64;960;423;423;26;397;44.06;6.15
85385;260608;2;Zespół Szkół Publicznych Nr 1 w Bidzinach 27-532 Bidziny 121;1148;261;261;17;244;22.74;6.51;1140;513;513;28;485;45.00;5.46
85386;260608;3;Publiczna Szkoła Podstawowa w Gierczycach 27-532 Gierczyce 123;726;274;274;18;256;37.74;6.57;709;373;373;20;353;52.61;5.36
85387;260608;4;Publiczna Szkoła Podstawowa w Stodołach-Kolonie 27-532 Stodoły-Kolonie 54a;637;174;174;7;167;27.32;4.02;640;278;278;17;261;43.44;6.12
85388;260701;1;Przedszkole Publiczne Nr 5 27-400 Ostrowiec Świętokrzyski ul. Jasna 4;1512;285;285;14;271;18.85;4.91;1476;661;661;21;640;44.78;3.18
85389;260701;2;Publiczna Szkoła podstawowa Nr 3 27-400 Ostrowiec Świętokrzyski ul. Niska 9;1345;300;300;11;289;22.30;3.67;1338;646;646;25;621;48.28;3.87
85390;260701;3;Miejski Ośrodek Sportu i Rekreacji Hala Sportowo-Widowiskowa 27-400 Ostrowiec Świętokrzyski ul. Świętokrzyska 11;1749;271;271;7;264;15.49;2.58;1718;716;716;22;694;41.68;3.07
85391;260701;4;Publiczna Szkoła Podstawowa Nr 8 27-400 Ostrowiec Świętokrzyski ul. Górna 3;1746;266;266;13;253;15.23;4.89;1682;611;611;18;593;36.33;2.95
85392;260701;5;Publiczne Gimnazjum Nr 1 27-400 Ostrowiec Świętokrzyski ul. Henryka Sienkiewicza 69;1687;371;371;11;360;21.99;2.96;1636;736;736;27;709;44.99;3.67
85393;260701;6;Zespół Szkół Nr 4 27-400 Ostrowiec Świętokrzyski ul. Adama Mickiewicza 1;1133;217;217;7;210;19.15;3.23;1107;453;453;14;439;40.92;3.09
85394;260701;7;Środowiskowy Dom Samopomocy „Przystań” 27-400 Ostrowiec Świętokrzyski ul. Iłżecka 31;1646;299;299;11;288;18.17;3.68;1605;571;571;20;551;35.58;3.50
85395;260701;8;Zespół Szkół Publicznych Nr 1 27-400 Ostrowiec Świętokrzyski ul. Ferdynanda Focha 3;1464;224;224;7;217;15.30;3.12;1431;548;548;14;534;38.29;2.55
85396;260701;9;Przedszkole Publiczne Nr 19 27-400 Ostrowiec Świętokrzyski Os. Ogrody 20;1307;208;208;6;202;15.91;2.88;1293;620;620;13;607;47.95;2.10
85397;260701;10;Publiczne Gimnazjum Nr 3 27-400 Ostrowiec Świętokrzyski Os. Słoneczne 37;1540;245;245;8;237;15.91;3.27;1518;635;635;13;622;41.83;2.05
85398;260701;11;Publiczna Szkoła Podstawowa Nr 4 27-400 Ostrowiec Świętokrzyski ul. Henryka Sienkiewicza 70;2411;590;590;19;571;24.47;3.22;2324;1052;1052;32;1020;45.27;3.04
85399;260701;12;Publiczne Gimnazjum Nr 2 z Oddziałami Integracyjnymi i Sportowymi 27-400 Ostrowiec Świętokrzyski ul. Polna 56;1789;316;316;10;306;17.66;3.16;1701;734;734;20;714;43.15;2.72
85400;260701;13;Przedszkole Publiczne Nr 11 27-400 Ostrowiec Świętokrzyski ul. Wspólna 20;1516;350;350;12;338;23.09;3.43;1466;663;663;18;645;45.23;2.71
85401;260701;14;Przedszkole Publiczne nr 12 27-400 Ostrowiec Świętokrzyski Os. Słoneczne 5;2047;446;446;7;439;21.79;1.57;1990;942;942;25;917;47.34;2.65
85402;260701;15;Zespół Szkół Nr 1 27-400 Ostrowiec Świętokrzyski Os. Słoneczne 33;2226;462;462;14;448;20.75;3.03;2161;984;984;30;954;45.53;3.05
85403;260701;16;Zespół Szkół i Placówek Publicznych Nr 3 (SALA A) 27-400 Ostrowiec Świętokrzyski Os. Ogrody 20;2272;361;362;8;353;15.89;2.22;2201;951;951;34;917;43.21;3.58
85404;260701;17;Zespół Szkół i Placówek Publicznych Nr 3 (SALA B) 27-400 Ostrowiec Świętokrzyski Os. Ogrody 20;2341;478;478;11;467;20.42;2.30;2242;1031;1031;20;1011;45.99;1.94
85405;260701;18;Dom Kultury „MALWA” Sala Teatralna 27-400 Ostrowiec Świętokrzyski Os. Stawki 45;1510;283;283;8;275;18.74;2.83;1427;659;659;21;638;46.18;3.19
85406;260701;19;Dom Kultury „MALWA” Sala Wykładowa 27-400 Ostrowiec Świętokrzyski Os. Stawki 45;1550;233;233;6;227;15.03;2.58;1481;616;616;11;605;41.59;1.79
85407;260701;20;Dom Kultury „MALWA” Klub „BONGO” 27-400 Ostrowiec Świętokrzyski Os. Stawki 45;1549;300;300;10;290;19.37;3.33;1532;679;679;14;665;44.32;2.06
85408;260701;21;Przedszkole Publiczne Nr 21 27-400 Ostrowiec Świętokrzyski Os. Stawki 43;1408;224;224;8;216;15.91;3.57;1328;563;563;21;542;42.39;3.73
85409;260701;22;Zespół Szkół Publicznych Nr 2 (SALA A) 27-400 Ostrowiec Świętokrzyski Os. Stawki 35;2464;410;410;10;400;16.64;2.44;2368;1050;1050;21;1029;44.34;2.00
85410;260701;23;Zespół Szkół Publicznych Nr 2 (SALA B 27-400 Ostrowiec Świętokrzyski Os. Stawki 35;1275;250;250;3;247;19.61;1.20;1230;571;571;13;558;46.42;2.28
85411;260701;24;Zespół Szkół Publicznych Nr 2 (SALA C) 27-400 Ostrowiec Świętokrzyski Os. Stawki 35;1231;266;266;4;262;21.61;1.50;1211;562;562;15;547;46.41;2.67
85412;260701;25;Publiczna Szkoła Podstawowa Nr 7 27-400 Ostrowiec Świętokrzyski ul. Akademicka 20;1282;217;217;7;210;16.93;3.23;1234;559;559;27;532;45.30;4.83
85413;260701;26;Wyższa Szkoła Biznesu i Przedsiębiorczości 27-400 Ostrowiec Świętokrzyski ul. Akademicka 12;1207;195;195;8;187;16.16;4.10;1176;529;529;18;511;44.98;3.40
85414;260701;27;Dzienny Dom Pomocy Społecznej 27-400 Ostrowiec Świętokrzyski Os. Pułanki 10;1284;287;287;5;282;22.35;1.74;1227;567;567;13;554;46.21;2.29
85415;260701;28;Przedszkole Publiczne Nr 16 27-400 Ostrowiec Świętokrzyski Os. Pułanki 6;1205;285;285;11;274;23.65;3.86;1169;582;582;14;568;49.79;2.41
85416;260701;29;Publiczna Szkoła Podstawowa Nr 1 (SALA A) 27-400 Ostrowiec Świętokrzyski ul. Trzeciaków 35;2164;628;628;12;616;29.02;1.91;2113;1195;1195;13;1182;56.55;1.09
85417;260701;30;Publiczna Szkoła Podstawowa Nr 1 (SALA B) 27-400 Ostrowiec Świętokrzyski ul. Trzeciaków 35;2069;410;410;8;402;19.82;1.95;2029;981;981;10;971;48.35;1.02
85418;260701;31;Miejskie Wodociągi i Kanalizacja 27-400 Ostrowiec Świętokrzyski ul. Henryka Sienkiewicza 91;1948;392;392;6;386;20.12;1.53;1931;942;942;16;926;48.78;1.70
85419;260701;32;Miejskie Wodociągi i Kanalizacja Wydział Eksploatacyjny 27-400 Ostrowiec Świętokrzyski ul. Długa 14;1601;399;399;9;390;24.92;2.26;1572;845;845;15;830;53.75;1.78
85420;260701;33;Publiczna Szkoła Podstawowa Nr 10 27-400 Ostrowiec Świętokrzyski ul. Rzeczki 18;2230;304;304;3;301;13.63;0.99;2274;950;950;28;922;41.78;2.95
85421;260701;34;Publiczna Szkoła Podstawowa Nr 12 27-400 Ostrowiec Świętokrzyski ul. Bałtowska 336a;1451;231;231;7;224;15.92;3.03;1465;618;618;13;605;42.18;2.10
85422;260701;35;Publiczna Szkoła Podstawowa Nr 9 27-400 Ostrowiec Świętokrzyski ul. Niewiadoma 19;1893;370;370;25;345;19.55;6.76;1866;806;806;34;772;43.19;4.22
91510;260701;36;Dom Pomocy Społecznej 27-400 Ostrowiec Świętokrzyski ul. Grabowiecka 7;181;66;66;5;61;36.46;7.58;171;90;90;5;85;52.63;5.56
91511;260701;37;Dom Pomocy Społecznej 27-400 Ostrowiec Świętokrzyski Os. Słoneczne 49;104;31;31;3;28;29.81;9.68;102;38;38;10;28;37.25;26.32
91512;260701;38;Szpital (Zakład Opieki Zdrowotnej) 27-400 Ostrowiec Świętokrzyski ul. Szymanowskiego 11;381;19;19;2;17;4.99;10.53;293;68;68;3;65;23.21;4.41
85423;260702;1;Zespół Szkół Publicznych w Bałtowie 27-423 Bałtów 43;1112;259;259;29;230;23.29;11.20;1117;536;536;26;510;47.99;4.85
85424;260702;2;Publiczna Szkoła Podstawowa im. Legionów Polskich w Okole 27-423 Okół 82;658;103;103;20;83;15.65;19.42;659;231;231;26;205;35.05;11.26
85425;260702;3;Budynek byłej Szkoły Podstawowej w Pętkowicach 27-423 Pętkowice 49;685;189;189;17;172;27.59;8.99;685;288;288;37;251;42.04;12.85
85426;260702;4;Filia Szkoły Podstawowej w Bałtowie w m. Wólka Bałtowska 27-423 Wólka Bałtowska 30;537;68;68;5;63;12.66;7.35;538;189;189;11;178;35.13;5.82
85427;260702;5;Świetlica Wiejska w Michałowie 27-423 Michałów 11;93;35;35;1;34;37.63;2.86;91;38;38;0;38;41.76;0.00
85428;260703;1;Publiczne Gimnazjum im. Jana Pawła II w Bodzechowie 27-420 Bodzechów ul. Szkolna 12;1369;216;216;14;202;15.78;6.48;1367;556;556;12;544;40.67;2.16
85429;260703;2;Publiczna Szkoła Podstawowa w Miłkowie 27-400 Miłków ul.Szkolna 13;716;145;145;5;140;20.25;3.45;712;329;329;10;319;46.21;3.04
85430;260703;3;Publiczna Szkoła Podstawowa w Szwarszowicach 27-400 Szwarszowice 20A;1305;146;146;6;140;11.19;4.11;1312;493;493;14;479;37.58;2.84
85431;260703;4;Publiczne Gimnazjum w Szewnie 27-400 Szewna ul. Langiewicza 3;1827;458;458;19;439;25.07;4.15;1866;951;951;20;931;50.96;2.10
85432;260703;5;Świetlica Wiejska w Jędrzejowicach 27-400 Jędrzejowice 17A;1047;211;211;17;194;20.15;8.06;1053;430;430;25;405;40.84;5.81
85433;260703;6;Publiczna Szkoła Podstawowa im. Jana Brzechwy w Chmielowie 27-400 Chmielów ul. Spacerowa 2;766;125;125;4;121;16.32;3.20;770;313;313;15;298;40.65;4.79
85434;260703;7;Zespół Szkół Publicznych w Sarnówku 27-400 Sarnówek Duży 11;903;144;144;5;139;15.95;3.47;879;346;346;9;337;39.36;2.60
85435;260703;8;Ośrodek Szkoleniowo-Wypoczynkowy „Leśne Kąty” w Sudole 27-400 Sudół 3;903;103;103;8;95;11.41;7.77;912;296;296;15;281;32.46;5.07
85436;260703;9;Świetlica Wiejska w Goździelinie 27-400 Goździelin 72B;568;88;88;1;87;15.49;1.14;564;236;236;8;228;41.84;3.39
85437;260703;10;Leśniczówka „Sowia Góra” w Przyborowiu 27-420 Przyborów 1;622;82;82;3;79;13.18;3.66;603;279;279;9;270;46.27;3.23
85438;260703;11;Ośrodek Wsparcia Rodziny im. ks. Marcina Popiela w Jędrzejowie 27-400 Jędrzejów 23;733;152;152;3;149;20.74;1.97;729;331;331;10;321;45.40;3.02
85439;260703;12;Strażnica OSP w Gromadzicach 27-400 Gromadzice ul. Szewieńska 37;385;64;64;6;58;16.62;9.38;377;152;152;6;146;40.32;3.95
85440;260704;1;Dom Kultury im. W Gombrowicza w Ćmielowie 27-440 Ćmielów ul. Rynek 50;1229;260;260;19;241;21.16;7.31;1414;575;575;34;541;40.66;5.91
85441;260704;2;Szkoła Podstawowa nr 1 im. Jana Nalazka w Ćmielowie 27-440 Ćmielów ul. Długa 164;2031;302;302;12;290;14.87;3.97;1785;681;681;20;661;38.15;2.94
85442;260704;3;Publiczna Szkoła Podstawowa w Brzóstowej 27-440 Brzóstowa 200A;1938;267;267;14;253;13.78;5.24;1921;729;729;15;714;37.95;2.06
85443;260704;4;Świetlica Wiejska w Stokach Małych 27-440 Stoki Małe 12;370;46;46;2;44;12.43;4.35;364;121;121;9;112;33.24;7.44
85444;260704;5;Szkoła Podstawowa w Podgórzu 27-440 Podgórze 55;377;75;75;4;71;19.89;5.33;370;160;160;9;151;43.24;5.62
85445;260704;6;Remiza Ochotniczej Straży Pożarnej w Buszkowicach 27-440 Buszkowice 6;382;62;62;1;61;16.23;1.61;382;148;148;8;140;38.74;5.41
85446;260705;1;Budynek po Szkole Podstawowej w Bukowiu 27-415 Bukowie 23;460;66;66;3;63;14.35;4.55;455;173;173;8;165;38.02;4.62
85447;260705;2;Budynek po Szkole Podstawowej w Chocimowie 27-415 Chocimów 75b;604;66;66;0;66;10.93;0.00;598;205;205;5;200;34.28;2.44
85448;260705;3;Publiczna Szkoła Podstawowa w Dołach Biskupich 27-415 Doły Biskupie 42;351;45;45;6;39;12.82;13.33;359;135;135;10;125;37.60;7.41
85449;260705;4;Publiczna Szkoła Podstawowa w Janiku 27-415 Janik ul. Szkolna 21;1173;138;138;0;138;11.76;0.00;1177;453;453;26;427;38.49;5.74
85450;260705;5;Publiczna Szkoła Podstawowa w Kunowie 27-415 Kunów ul. Szkolna 1;1127;179;179;10;169;15.88;5.59;1140;539;539;26;513;47.28;4.82
85451;260705;6;Zespół Szkół Zawodowych w Kunowie 27-415 Kunów ul.Fabryczna 2;1795;245;245;11;234;13.65;4.49;1751;739;739;47;692;42.20;6.36
85452;260705;7;Lokal Prywatny Restauracja Gościna 27-415 Boksycka 114;571;90;90;8;82;15.76;8.89;571;212;212;5;207;37.13;2.36
85453;260705;8;Publiczna Szkoła Podstawowa w Wymysłowie 27-415 Wymysłów ul. Wesoła 43;456;77;77;3;74;16.89;3.90;464;175;175;13;162;37.72;7.43
85454;260705;9;Szkoła Podstawowa w Nietulisku Dużym 27-415 Nietulisko Duże 30;652;85;85;3;82;13.04;3.53;662;277;277;11;266;41.84;3.97
85455;260705;10;Remiza OSP w Nietulisku Małym 27-415 Nietulisko Małe 83 a;640;79;79;12;67;12.34;15.19;626;220;220;9;211;35.14;4.09
85456;260705;11;Publiczna Szkoła Podstawowa w Miłkowskiej Karczmie 27-415 Miłkowska Karczma 64;392;50;50;2;48;12.76;4.00;407;127;127;11;116;31.20;8.66
85457;260706;1;Publiczna Szkoła Podstawowa w Waśniowie 27-425 Waśniów ul. Kunowska 2;1161;183;183;12;171;15.76;6.56;1146;434;434;26;408;37.87;5.99
85458;260706;2;Publiczna Szkoła Podstawowa w Waśniowie 27-425 Waśniów ul. Kunowska 2;733;95;95;6;89;12.96;6.32;721;221;221;16;205;30.65;7.24
85459;260706;3;Publiczna Szkoła Podstawowa w Boleszynie 27-425 Boleszyn 74;607;81;81;8;73;13.34;9.88;603;229;229;13;216;37.98;5.68
85460;260706;4;Budynek po zlikwidowanej Gminnej Bibliotece w Sarniej Zwoli 27-425 Sarnia Zwola 30b;1543;195;195;9;186;12.64;4.62;1526;543;543;34;509;35.58;6.26
85461;260706;5;Zespół Szkół w Mominie 27-425 Momina 20;794;140;140;14;126;17.63;10.00;774;287;287;15;272;37.08;5.23
85462;260706;6;Budynek po zlikwidowanej Szkole Podstawowej w Janowicach 27-425 Janowice 31;865;135;135;6;129;15.61;4.44;854;266;266;11;255;31.15;4.14
85463;260801;1;Hala Sportowa Zespół Szkół w Działoszycach 28-440 Działoszyce ul. Szkolna 5;864;107;107;2;105;12.38;1.87;849;290;290;8;282;34.16;2.76
85464;260801;2;Urząd Miasta i Gminy w Działoszycach 28-440 Działoszyce ul. Skalbmierska 5;916;131;131;10;121;14.30;7.63;933;327;327;16;311;35.05;4.89
85465;260801;3;Szkoła Podstawowa w Dzierążni 28-440 Dzierążnia 171;922;159;159;3;156;17.25;1.89;901;318;318;6;312;35.29;1.89
85466;260801;4;Remiza OSP w Sancygniowie 28-440 Sancygniów 37;525;63;63;1;62;12.00;1.59;522;176;176;5;171;33.72;2.84
85467;260801;5;Szkoła Podstawowa w Stępocicach 28-440 Stępocice 4;634;100;100;3;97;15.77;3.00;624;248;248;10;238;39.74;4.03
85468;260801;6;Remiza Ochotniczej Straży Pożarnej w Szyszczycach 28-440 Szyszczyce 54;570;89;89;7;82;15.61;7.87;563;183;183;4;179;32.50;2.19
85469;260802;1;Świetlica Wiejska w Czechowie 28-404 Czechów 25;557;100;100;3;97;17.95;3.00;564;247;247;11;236;43.79;4.45
85470;260802;2;Szkoła Podstawowa w Kijach 28-404 Kije 14;1576;270;270;15;255;17.13;5.56;1570;653;653;20;633;41.59;3.06
85471;260802;3;Świetlica Wiejska w Stawianach 28-404 Stawiany 15;767;98;98;6;92;12.78;6.12;762;309;309;11;298;40.55;3.56
85472;260802;4;Szkoła Filialna we Włoszczowicach 28-404 Włoszczowice 15;845;180;180;9;171;21.30;5.00;836;415;415;11;404;49.64;2.65
85473;260803;1;Zespół Placówek Oświatowych w Górach 28-411 Góry 116;654;113;113;5;108;17.28;4.42;651;279;279;7;272;42.86;2.51
85474;260803;2;Świetlica wiejska Tomaszów 28-411 Tomaszów 21;737;116;116;6;110;15.74;5.17;731;236;236;7;229;32.28;2.97
85475;260803;3;Świetlica wiejska Michałów 28-411 Michałów 107;1233;211;211;13;198;17.11;6.16;1248;507;507;17;490;40.62;3.35
85476;260803;4;Remiza Ochotniczej Straży Pożarnej 28-411 Tur Dolny 75;475;56;56;5;51;11.79;8.93;461;135;135;6;129;29.28;4.44
85477;260803;5;Remiza Ochotniczej Straży Pożarnej 28-411 Wrocieryż 75;786;119;119;11;108;15.14;9.24;777;271;271;12;259;34.88;4.43
85478;260804;1;Pińczowskie Samorządowe Centrum Kultury 28-400 Pińczów ul. Piłsudskiego 2a;1906;285;285;7;278;14.95;2.46;1863;766;766;28;738;41.12;3.66
85479;260804;2;Zespół Szkół Zawodowych 28-400 Pińczów ul. Spółdzielcza 6;1388;266;266;4;262;19.16;1.50;1351;607;607;5;602;44.93;0.82
85480;260804;3;Gimnazjum Nr 2 28-400 Pińczów ul. 1 Maja 5;1842;426;426;10;416;23.13;2.35;1808;904;904;14;890;50.00;1.55
85481;260804;4;Przedszkole w Szarbkowie 28-400 Szarbków 62;895;155;155;2;153;17.32;1.29;917;387;387;12;375;42.20;3.10
85482;260804;5;Miejska i Gminna Biblioteka Publiczna 28-400 Pińczów ul. Nowy Świat 3;1607;348;348;12;336;21.66;3.45;1592;722;722;10;712;45.35;1.39
85483;260804;6;Szkoła Podstawowa w Młodzawach Dużych 28-400 Młodzawy Duże 14a;871;151;151;2;149;17.34;1.32;846;273;273;11;262;32.27;4.03
85484;260804;7;Szkoła Podstawowa w Kozubowie 28-400 Kozubów 54a;968;106;106;6;100;10.95;5.66;951;287;287;11;276;30.18;3.83
85485;260804;8;Szkoła Podstawowa w Bogucicach Pierwszych 28-400 Bogucice Pierwsze ul. Stara Wieś 34;896;157;157;2;155;17.52;1.27;898;429;429;10;419;47.77;2.33
85486;260804;9;Szkoła Podstawowa w Gackach Osiedlu 28-400 Gacki-Osiedle 25;1433;213;213;6;207;14.86;2.82;1424;542;542;8;534;38.06;1.48
85487;260804;10;Szkoła Podstawowa w Starej Zagości 28-400 Stara Zagość 12;594;110;110;3;107;18.52;2.73;600;223;223;10;213;37.17;4.48
85488;260804;11;Przedszkole Nr 3 28-400 Pińczów ul. Kołłątaja 8;1581;376;376;5;371;23.78;1.33;1503;793;793;7;786;52.76;0.88
85489;260804;12;Zespół Szkół 28-400 Pińczów ul.7 Źródeł 9;1843;382;382;11;371;20.73;2.88;1856;879;879;10;869;47.36;1.14
85490;260804;13;Szkoła Podstawowa w Brześciu 28-400 Brzeście 75a;959;124;124;2;122;12.93;1.61;951;383;383;5;378;40.27;1.31
85491;260804;14;Zespół Szkół 28-400 Pińczów ul. 7 Źródeł 9;830;200;200;13;187;24.10;6.50;813;363;363;8;355;44.65;2.20
91513;260804;15;Szpital Powiatowy w Pińczowie 28-400 Pińczów Armii Krajowej 22;195;4;4;0;4;2.05;0.00;212;20;20;1;19;9.43;5.00
91514;260804;16;Dom Pomocy Społecznej w Pińczowie 28-400 Pińczów Wesoła 5;71;32;32;5;27;45.07;15.62;70;37;37;5;32;52.86;13.51
91515;260804;17;Zakład Karny w Pińczowie 28-400 Pińczów 3 Maja 34;710;214;214;32;182;30.14;14.95;607;257;257;31;226;42.34;12.06
85492;260805;1;Zespół Placówek Oświatowych w Złotej 28-425 Złota ul. Parkowa 4;1229;176;176;4;172;14.32;2.27;1238;408;408;10;398;32.96;2.45
85493;260805;2;Szkoła Podstawowa w Chrobrzu 28-425 Chroberz ul. Chrobrego 22;1432;260;260;13;247;18.16;5.00;1423;500;500;18;482;35.14;3.60
85494;260805;3;Świetlica Wiejska w Pełczyskach 28-425 Pełczyska 75;1239;194;194;6;188;15.66;3.09;1266;444;444;11;433;35.07;2.48
85495;260901;1;Centrum Kultury i Rekreacji 27-600 Sandomierz ul.Portowa 24;1760;323;323;16;307;18.35;4.95;1701;791;791;33;758;46.50;4.17
85496;260901;2;Szkoła Podstawowa nr 3 27-600 Sandomierz ul.Flisaków 26;1898;412;412;11;401;21.71;2.67;1911;917;917;26;891;47.99;2.84
85497;260901;3;Urząd Miejski 27-600 Sandomierz Plac Poniatowskiego 1;1769;577;577;11;566;32.62;1.91;1747;973;973;18;955;55.70;1.85
85498;260901;4;Szkoła Podstawowa nr 2 27-600 Sandomierz ul.Mickiewicza 9;1092;305;305;8;297;27.93;2.62;1055;525;525;11;514;49.76;2.10
85499;260901;5;Miejski Stadion Sportowy 27-600 Sandomierz Koseły 3a;1061;206;206;8;198;19.42;3.88;1032;462;462;17;445;44.77;3.68
85500;260901;6;Zespół Szkół Technicznych i Ogólnokształcących 27-600 Sandomierz ul.Słowackiego 37;1040;245;245;5;240;23.56;2.04;1009;466;466;10;456;46.18;2.15
85501;260901;7;Gimnazjum nr 1 27-600 Sandomierz ul.Cieśli 2;2035;506;506;17;489;24.86;3.36;1989;1019;1019;16;1003;51.23;1.57
85502;260901;8;Ośrodek Promocji Aktywności Kulturalnej 27-600 Sandomierz ul.Armii Krajowej 1;1961;479;479;13;466;24.43;2.71;1883;996;996;12;984;52.89;1.20
85503;260901;9;Szkoła Podstawowa nr 4 27-600 Sandomierz ul.Mickiewicza 39;923;209;209;5;204;22.64;2.39;898;458;458;8;450;51.00;1.75
85504;260901;10;Ponadgimnazjalny Zespół Szkół Ekonomicznych 27-600 Sandomierz ul.Żeromskiego 8;1792;276;276;13;263;15.40;4.71;1766;710;710;24;686;40.20;3.38
85505;260901;11;Komenda Powiatowa Państwowej Straży Pożarnej 27-600 Sandomierz ul.Mickiewicza 61;2169;586;586;10;576;27.02;1.71;2111;1101;1101;10;1091;52.16;0.91
85506;260901;12;Bursa Szkolna 27-600 Sandomierz ul.Wojska Polskiego 22;833;264;264;3;261;31.69;1.14;826;453;453;6;447;54.84;1.32
85507;260901;13;Państwowa Wyższa Szkoła Zawodowa 27-600 Sandomierz ul.Schinzla 13;1840;341;341;14;327;18.53;4.11;1866;875;875;24;851;46.89;2.74
91516;260901;14;Szpital Specjalistyczny Ducha Świętego 27-600 Sandomierz ul. Schinzla 13;416;10;10;1;9;2.40;10.00;466;106;106;6;100;22.75;5.66
91517;260901;15;Dom Pomocy Społecznej 27-600 Sandomierz ul. Czyżewskiego 1;92;63;63;4;59;68.48;6.35;85;64;64;5;59;75.29;7.81
85508;260902;1;Urząd Gminy w Dwikozach 27-620 Dwikozy ul. Spółdzielcza 15;1569;272;272;9;263;17.34;3.31;1557;622;622;24;598;39.95;3.86
85509;260902;2;Szkoła Podstawowa w Dwikozach 27-620 Dwikozy ul. Sandomierska 55;661;89;89;3;86;13.46;3.37;654;218;218;15;203;33.33;6.88
85510;260902;3;Szkoła Podstawowa w Starym Garbowie 27-620 Stary Garbów 82;721;109;109;2;107;15.12;1.83;723;255;255;3;252;35.27;1.18
85511;260902;4;Szkoła Podstawowa w Gierlachowie 27-600 Gierlachów 96;636;122;122;0;122;19.18;0.00;628;276;276;9;267;43.95;3.26
85512;260902;5;Szkoła Podstawowa w Górach Wysokich 27-620 Góry Wysokie 61;1056;173;173;5;168;16.38;2.89;1040;368;368;15;353;35.38;4.08
85513;260902;6;Szkoła Podstawowa w Winiarach 27-620 Winiary 2;574;66;66;5;61;11.50;7.58;559;175;175;10;165;31.31;5.71
85514;260902;7;Szkoła Podstawowa w Słupczy 27-620 Słupcza 74;1013;109;109;8;101;10.76;7.34;1003;339;339;11;328;33.80;3.24
85515;260902;8;Szkoła Podstawowa w Mściowie 27-600 Mściów 100;1206;183;183;6;177;15.17;3.28;1199;411;411;14;397;34.28;3.41
85516;260903;1;Gimnazjum im. Papieża Jana Pawła II w Klimontowie 27-640 Klimontów ul. Zysmana 9;1613;305;305;6;299;18.91;1.97;1584;669;669;18;651;42.23;2.69
85517;260903;2;Publiczna Szkoła Podstawowa im. Jerzego Ossolińskiego w Klimontowie 27-640 Klimontów ul. Szkolna 1;1117;104;104;11;93;9.31;10.58;1115;339;339;13;326;30.40;3.83
85518;260903;3;Publiczna Szkoła Podstawowa im. Jerzego Ossolińskiego w Klimontowie 27-640 Klimontów ul. Szkolna 1;1094;129;129;6;123;11.79;4.65;1076;362;362;17;345;33.64;4.70
85519;260903;4;Świetlica w Olbierzowicach 27-640 Olbierzowice;478;95;95;3;92;19.87;3.16;476;174;174;6;168;36.55;3.45
85520;260903;5;Świetlica w Nawodzicach 27-640 Nawodzice;594;68;68;5;63;11.45;7.35;590;206;206;22;184;34.92;10.68
85521;260903;6;Szkoła Podstawowa w Konarach 27-640 Konary 88;638;86;86;4;82;13.48;4.65;638;213;213;10;203;33.39;4.69
85522;260903;7;Remiza OSP w Nasławicach 27-640 Nasławice;424;79;79;2;77;18.63;2.53;416;143;143;9;134;34.38;6.29
85523;260903;8;Szkoła Podstawowa w Goźlicach 27-640 Goźlice 28;925;128;128;6;122;13.84;4.69;911;301;301;25;276;33.04;8.31
85524;260904;1;Urząd Miasta i Gminy /I piętro/ 27-660 Koprzywnica ul.11 listopada 88;2098;482;482;20;462;22.97;4.15;2088;995;995;28;967;47.65;2.81
85525;260904;2;Urząd Miasta i Gminy w Koprzywnicy /parter/ 27-660 Koprzywnica ul.11 Listopada 88;738;185;185;15;170;25.07;8.11;723;352;352;13;339;48.69;3.69
85526;260904;3;Szkoła Podstawowa w Gnieszowicach 27-660 Gnieszowice;430;116;116;7;109;26.98;6.03;426;219;219;12;207;51.41;5.48
85527;260904;4;Szkoła Podstawowa w Niedźwicach 27-660 Niedźwice 63;674;132;132;13;119;19.58;9.85;681;280;280;8;272;41.12;2.86
85528;260904;5;Remiza OSP w Zbigniewicach 27-660 Zbigniewice;698;145;145;1;144;20.77;0.69;707;267;267;9;258;37.77;3.37
85529;260904;6;Budynek byłej Szkoły Podstawowej w Krzcinie 27-660 Krzcin;424;75;75;1;74;17.69;1.33;424;171;171;7;164;40.33;4.09
85530;260904;7;Remiza OSP w Ciszycy 27-660 Ciszyca 112;628;104;104;7;97;16.56;6.73;607;259;259;9;250;42.67;3.47
85531;260905;1;Gminny Ośrodek Kultury w Łoniowie 27-670 Łoniów 56;2302;384;384;13;371;16.68;3.39;2309;1010;1010;24;986;43.74;2.38
85532;260905;2;Gminny Ośrodek Kultury, Filia w Chodkowie Starym 27-670 Chodków Stary 44;849;165;165;2;163;19.43;1.21;834;346;346;9;337;41.49;2.60
85533;260905;3;Publiczna Szkoła Podstawowa w Świniarach Starych 27-670 Świniary Stare 131;1334;197;197;6;191;14.77;3.05;1354;582;582;25;557;42.98;4.30
85534;260905;4;Centrum Spotkań Wiejskich w Sulisławicach 27-670 Sulisławice 11;1655;300;300;20;280;18.13;6.67;1657;729;729;32;697;44.00;4.39
85535;260906;1;Remiza Ochotniczej Straży Pożarnej w Obrazowie 27-641 Obrazów 120;1710;242;242;13;229;14.15;5.37;1678;611;611;21;590;36.41;3.44
85536;260906;2;Szkoła Podstawowa w Głazowie 27-641 Głazów 80;842;121;121;2;119;14.37;1.65;840;355;355;4;351;42.26;1.13
85537;260906;3;Szkoła Podstawowa w Kleczanowie 27-641 Kleczanów 145;1063;172;172;10;162;16.18;5.81;1072;417;417;8;409;38.90;1.92
85538;260906;4;Szkoła Podstawowa w Bilczy 27-641 Bilcza 75;1094;134;134;8;126;12.25;5.97;1097;380;380;22;358;34.64;5.79
85539;260906;5;Kwasek i Spółka Sp. J., Chwałki 27-600 Chwałki 72A;778;128;128;4;124;16.45;3.12;769;354;354;7;347;46.03;1.98
85540;260907;1;Zespół Publicznych Placówek Oświatowych 27-650 Samborzec 79;1549;296;296;7;289;19.11;2.36;1536;687;687;27;660;44.73;3.93
85541;260907;2;Szkoła Podstawowa 27-650 Skotniki 64;919;212;212;4;208;23.07;1.89;893;411;411;15;396;46.02;3.65
85542;260907;3;Liceum Ogólnokształcące 27-650 Chobrzany 111A;897;156;156;5;151;17.39;3.21;882;355;355;14;341;40.25;3.94
85543;260907;4;Liceum Ogólnokształcące 27-650 Chobrzany 111A;1045;205;205;9;196;19.62;4.39;1030;434;434;9;425;42.14;2.07
85544;260907;5;Szkoła Podstawowa 27-650 Zawierzbie 67;942;178;178;1;177;18.90;0.56;916;375;375;13;362;40.94;3.47
85545;260907;6;Szkoła Podstawowa 27-650 Złota 121;957;174;174;2;172;18.18;1.15;969;423;423;7;416;43.65;1.65
85546;260907;7;Szkoła Podstawowa 27-650 Złota 121;912;153;153;5;148;16.78;3.27;913;359;359;18;341;39.32;5.01
85547;260908;1;Zespół Szkół w Wilczycach im. Stanisława Młodożeńca 27-612 Wilczyce 177;928;96;96;3;93;10.34;3.12;920;306;306;12;294;33.26;3.92
85548;260908;2;Szkoła Podstawowa i Gimnazjum w Darominie 27-612 Daromin 128;671;80;80;2;78;11.92;2.50;680;235;235;17;218;34.56;7.23
85549;260908;3;Zespół Szkół w Radoszkach 27-612 Radoszki 16;530;105;105;2;103;19.81;1.90;536;232;232;7;225;43.28;3.02
85550;260908;4;Zespół Szkół w Łukawie 27-612 Łukawa 83;633;107;107;3;104;16.90;2.80;650;233;233;11;222;35.85;4.72
85551;260908;5;Remiza OSP w Pielaszowie 27-612 Pielaszów 69;403;67;67;1;66;16.63;1.49;406;136;136;7;129;33.50;5.15
85552;260909;1;Miejsko - Gminny Ośrodek Kultury 27-630 Zawichost ul. Żeromskiego 33;1530;329;329;16;313;21.50;4.86;1514;669;669;27;642;44.19;4.04
85553;260909;2;Zespół Szkoły i Przedszkola w Czyżowie Szlacheckim 27-630 Czyżów Szlachecki;1449;188;188;8;180;12.97;4.26;1433;453;453;27;426;31.61;5.96
85554;260909;3;Remiza Ochotniczej Straży Pożarnej w Linowie 27-630 Linów 217;782;131;131;5;126;16.75;3.82;779;278;278;6;272;35.69;2.16
85555;261001;1;Powiatowy Urząd Pracy 26-110 Skarżysko-Kamienna ul. 1-go Maja 105;1132;189;189;8;181;16.70;4.23;1133;489;489;15;474;43.16;3.07
85556;261001;2;Specjalny Ośrodek Szkolno - Wychowawczy Nr 2 26-110 Skarżysko-Kamienna ul. Spacerowa 31;1240;333;333;13;320;26.85;3.90;1234;681;681;14;667;55.19;2.06
85557;261001;3;Szkoła Podstawowa Nr 8 26-110 Skarżysko-Kamienna ul. Podjazdowa 21;1423;291;291;4;287;20.45;1.37;1366;620;620;4;616;45.39;0.65
85558;261001;4;Powiatowa i Miejska Biblioteka Publiczna 26-110 Skarżysko-Kamienna ul. Towarowa 20;820;129;129;2;127;15.73;1.55;788;313;313;3;310;39.72;0.96
85559;261001;5;Zespół Placówek Oświatowych Nr 3 26-110 Skarżysko-Kamienna ul. Sportowa 30;1370;266;266;6;260;19.42;2.26;1349;533;533;18;515;39.51;3.38
85560;261001;6;Zespół Placówek Edukacyjno-Wychowawczych 26-110 Skarżysko-Kamienna ul. Szkolna 15;845;160;160;9;151;18.93;5.62;806;351;351;9;342;43.55;2.56
85561;261001;7;Muzeum im. Orła Białego 26-110 Skarżysko-Kamienna ul. Słoneczna 90;1522;201;201;8;193;13.21;3.98;1511;561;561;29;532;37.13;5.17
85562;261001;8;Zespół Placówek Oświatowych 26-110 Skarżysko-Kamienna ul. Zwycięzców 13;1246;437;437;19;418;35.07;4.35;1228;732;732;18;714;59.61;2.46
85563;261001;9;Samodzielny Publiczny Zakład Opieki Zdrowotnej „Przychodnie Miejskie” Przychodnia Rejonowa Nr 2 26-110 Skarżysko-Kamienna ul. Legionów Nr 104;1202;252;252;3;249;20.97;1.19;1176;559;559;6;553;47.53;1.07
85564;261001;10;Gimnazjum Nr 3 26-110 Skarżysko-Kamienna ul. Akacjowa 1;1142;346;346;6;340;30.30;1.73;1129;601;601;3;598;53.23;0.50
85565;261001;11;Szkoła Podstawowa Nr 9 26-110 Skarżysko-Kamienna ul. Warszawska 54;902;165;165;7;158;18.29;4.24;898;413;413;8;405;45.99;1.94
85566;261001;12;Miejskie Centrum Sportu i Rekreacji 26-110 Skarżysko-Kamienna ul. Sienkiewicza 34;940;258;258;7;251;27.45;2.71;960;548;548;7;541;57.08;1.28
85567;261001;13;Zespół Placówek Oświatowych Nr 4 26-110 Skarżysko-Kamienna ul. Norwida 3;1919;414;414;15;399;21.57;3.62;1828;861;861;13;848;47.10;1.51
85568;261001;14;Urząd Miasta 26-110 Skarżysko-Kamienna ul. Sikorskiego 18;2156;533;533;21;512;24.72;3.94;2072;985;985;21;964;47.54;2.13
85569;261001;15;Zespół Placówek Oświatowych nr 4 26-110 Skarżysko-Kamienna ul. Sikorskiego 17;2339;563;563;20;543;24.07;3.55;2195;1016;1016;27;989;46.29;2.66
85570;261001;16;Miejskie Centrum Kultury 26-110 Skarżysko-Kamienna ul. Słowackiego 25;1515;408;408;10;398;26.93;2.45;1457;769;769;28;741;52.78;3.64
85571;261001;17;Gimnazjum Nr 2 26-110 Skarżysko-Kamienna ul. Słowackiego 29;1290;317;317;11;306;24.57;3.47;1229;600;600;14;586;48.82;2.33
85572;261001;18;Zespół Szkół Technicznych 26-110 Skarżysko-Kamienna al. Tysiąclecia 22;2047;477;477;14;463;23.30;2.94;1959;953;953;18;935;48.65;1.89
85573;261001;19;II Liceum Ogólnokształcące 26-110 Skarżysko-Kamienna al. Marszałka Józefa Piłsudskiego 50;1732;363;363;14;349;20.96;3.86;1651;785;785;13;772;47.55;1.66
85574;261001;20;Zespół Szkół Ekonomicznych 26-110 Skarżysko-Kamienna ul. Powstańców Warszawy 11;1858;465;465;8;457;25.03;1.72;1801;999;999;13;986;55.47;1.30
85575;261001;21;Starostwo Powiatowe 26-110 Skarżysko-Kamienna ul. Konarskiego 20;1509;268;268;6;262;17.76;2.24;1450;712;712;14;698;49.10;1.97
85576;261001;22;Zespół Szkół Publicznych Nr 1 26-110 Skarżysko-Kamienna ul. Sezamkowa 23;1933;460;460;10;450;23.80;2.17;1865;968;968;21;947;51.90;2.17
85577;261001;23;Zespół Szkół Samochodowo-Usługowych 26-110 Skarżysko-Kamienna ul. Oseta Wasilewskiego 5;2107;537;537;21;516;25.49;3.91;2053;1061;1061;21;1040;51.68;1.98
85578;261001;24;Zespół Placówek Oświatowych Nr 5 26-110 Skarżysko-Kamienna ul. Zielna 27;2166;507;507;10;497;23.41;1.97;2085;1015;1015;22;993;48.68;2.17
85579;261001;25;Zespół Placówek Oświatowych Nr 5 26-110 Skarżysko-Kamienna ul. Zielna 29;2230;509;509;23;486;22.83;4.52;2151;969;969;16;953;45.05;1.65
85580;261001;26;Zespół Szkół Publicznych Nr 4 26-110 Skarżysko-Kamienna ul. Książeca 149;1545;297;297;5;292;19.22;1.68;1539;672;672;18;654;43.66;2.68
91518;261001;27;Zespół Opieki Zdrowotnej - Szpital Powiatowy 26-110 Skarżysko-Kamienna ul. Szpitalna 1;83;19;19;1;18;22.89;5.26;117;48;48;1;47;41.03;2.08
91519;261001;28;Zespół Opieki Zdrowotnej - II budynek szpitalny 26-110 Skarżysko-Kamienna ul. Ekonomii 4;37;16;16;0;16;43.24;0.00;55;22;22;0;22;40.00;0.00
91520;261001;29;Dom Pomocy Społecznej 26-110 Skarżysko-Kamienna ul. Sporna 6;45;27;27;0;27;60.00;0.00;43;17;17;0;17;39.53;0.00
85581;261002;1;Gminny Ośrodek Kultury w Bliżynie 26-120 Bliżyn ul. Staszica 16D;1494;329;329;9;320;22.02;2.74;1458;747;747;16;731;51.23;2.14
85582;261002;2;Szkoła Podstawowa w Bliżynie 26-120 Bliżyn ul. Piaskowa 26;2164;332;332;10;322;15.34;3.01;2144;879;879;25;854;41.00;2.84
85583;261002;3;Szkoła Podstawowa w Mroczkowie 26-120 Mroczków 25;1732;301;301;16;285;17.38;5.32;1708;696;696;30;666;40.75;4.31
85584;261002;4;Szkoła Podstawowa w Odrowążku 26-120 Odrowążek 1;970;142;142;8;134;14.64;5.63;972;374;374;25;349;38.48;6.68
85585;261002;5;Szkoła Podstawowa w Sorbinie 26-120 Sorbin 89;695;119;119;4;115;17.12;3.36;681;326;326;6;320;47.87;1.84
85586;261003;1;Szkoła Podstawowa w Goździe 26-140 Gózd 125;849;169;169;9;160;19.91;5.33;841;422;422;12;410;50.18;2.84
85587;261003;2;Budynek po Szkole Podstawowej w Klonowie 26-140 Klonów 62;229;43;43;3;40;18.78;6.98;231;98;98;1;97;42.42;1.02
85588;261003;3;Przedszkole w Kamionkach 26-140 Kamionki 5C;1002;146;146;4;142;14.57;2.74;1017;416;416;10;406;40.90;2.40
85589;261003;4;Budynek po Gimnazjum w Zaleziance 26-140 Zalezianka 49a;638;120;120;4;116;18.81;3.33;631;291;291;8;283;46.12;2.75
85590;261003;5;Budynek po Szkole Filialnej w Zagórzu 26-140 Zagórze 40B;528;63;63;7;56;11.93;11.11;528;191;191;11;180;36.17;5.76
85591;261003;6;Szkoła Podstawowa w Łącznej 26-140 Kamionki 63;1010;188;188;2;186;18.61;1.06;1003;436;436;8;428;43.47;1.83
85592;261004;1;Szkoła Podstawowa w Grzybowej Górze 26-115 Grzybowa Góra ul. Świętokrzyska 102;799;169;169;4;165;21.15;2.37;801;363;363;19;344;45.32;5.23
85593;261004;2;Szkoła Podstawowa w Lipowym Polu Skarbowym 26-115 Lipowe Pole Skarbowe ul. Wesoła 2;601;137;137;6;131;22.80;4.38;598;301;301;10;291;50.33;3.32
85594;261004;3;Urząd Gminy w Skarżysku Kościelnym 26-115 Skarżysko Kościelne ul. Kościelna 2A;2169;407;407;10;397;18.76;2.46;2155;1038;1038;46;992;48.17;4.43
85595;261004;4;Szkoła Podstawowa w Majkowie 26-110 Majków ul. Stefana Żeromskiego 106;1008;125;125;6;119;12.40;4.80;983;391;391;14;377;39.78;3.58
85596;261004;5;Publiczna Szkoła Podstawowa w Kierzu Niedźwiedzim 26-115 Kierz Niedźwiedzi ul. Boczna 7;586;135;135;6;129;23.04;4.44;588;274;274;24;250;46.60;8.76
85597;261005;1;Gimnazjum w Suchedniowie 26-130 Suchedniów ul. Szarych Szeregów 6;723;145;145;7;138;20.06;4.83;693;340;340;9;331;49.06;2.65
85598;261005;2;Gimnazjum w Suchedniowie 26-130 Suchedniów ul. Szarych Szeregów 6;1149;274;274;9;265;23.85;3.28;1120;576;576;15;561;51.43;2.60
85599;261005;3;Samorządowa Szkoła Podstawowa nr 3 w Suchedniowie 26-130 Suchedniów ul. Kościelna 3;696;151;151;1;150;21.70;0.66;675;355;355;6;349;52.59;1.69
85600;261005;4;Samorządowa Szkoła Podstawowa nr 3 w Suchedniowie 26-130 Suchedniów ul. Kościelna 3;811;174;174;6;168;21.45;3.45;790;408;408;7;401;51.65;1.72
85601;261005;5;Urząd Miasta i Gminy w Suchedniowie 26-130 Suchedniów ul. Fabryczna 5;673;144;144;2;142;21.40;1.39;646;317;317;7;310;49.07;2.21
85602;261005;6;Samorządowa Szkoła Podstawowa w Ostojowie 26-130 Ostojów 16;569;103;103;4;99;18.10;3.88;568;234;234;7;227;41.20;2.99
85603;261005;7;Świetlica OSP w Suchedniowie 26-130 Suchedniów ul. Kielecka 11;580;106;106;3;103;18.28;2.83;577;266;266;3;263;46.10;1.13
85604;261005;8;Samorządowe Przedszkole w Suchedniowie 26-130 Suchedniów ul. Emilii Peck 15a;1143;321;321;5;316;28.08;1.56;1125;590;590;11;579;52.44;1.86
85605;261005;9;Urząd Stanu Cywilnego w Suchedniów 26-130 Suchedniów ul. Sportowa 1;1021;199;199;9;190;19.49;4.52;1008;444;444;14;430;44.05;3.15
85606;261005;10;Samorządowa Szkoła Podstawowa w Ostojowie 26-130 Ostojów 16;806;172;172;9;163;21.34;5.23;800;360;360;7;353;45.00;1.94
85607;261005;11;Centrum Kształceniowo Integracyjne w Michniowie 26-130 Michniów 20b;366;63;63;5;58;17.21;7.94;353;173;173;9;164;49.01;5.20
85608;261005;12;Wiejski Dom Kultury w Mostkach 26-130 Mostki 1;397;89;89;7;82;22.42;7.87;396;193;193;13;180;48.74;6.74
85609;261101;1;Szkoła Podstawowa nr 1 w Starachowicach 27-200 Starachowice ul. 1 Maja 11;2165;452;452;10;442;20.88;2.21;2097;1041;1041;12;1029;49.64;1.15
85610;261101;2;Starachowickie Centrum Kultury w Starachowicach 27-200 Starachowice ul. Radomska 21;1595;287;287;5;282;17.99;1.74;1545;627;628;15;612;40.58;2.39
85611;261101;3;Zespół Szkół Zawodowych nr 3 w Starachowicach 27-200 Starachowice ul. Szkolna 10;1947;387;387;6;381;19.88;1.55;1833;846;846;20;826;46.15;2.36
85612;261101;4;Szkoła Podstawowa Nr 9 w Starachowicach 27-200 Starachowice ul. Jana Mrozowskiego 5;1408;317;317;8;309;22.51;2.52;1381;686;686;15;671;49.67;2.19
85613;261101;5;Gimnazjum Nr 3 w Starachowicach 27-200 Starachowice ul. Leśna 2;2374;562;562;6;556;23.67;1.07;2300;1219;1219;16;1203;53.00;1.31
85614;261101;6;Szkoła Podstawowa Nr 9 w Starachowicach 27-200 Starachowice ul. Jana Mrozowskiego 5;1935;310;310;6;304;16.02;1.94;1880;734;734;23;711;39.04;3.13
85615;261101;7;Szkoła Podstawowa nr 11 w Starachowicach 27-200 Starachowice ul. Leśna 2;1796;406;406;12;394;22.61;2.96;1684;876;876;15;861;52.02;1.71
85616;261101;8;Przedszkole Miejskie nr 14 w Starachowicach 27-200 Starachowice ul. Graniczna 10;1793;414;414;14;400;23.09;3.38;1692;880;880;9;871;52.01;1.02
85617;261101;9;Przedszkole Miejskie nr 13 w Starachowicach 27-200 Starachowice ul. Leśna 40;1402;323;323;6;317;23.04;1.86;1348;687;687;7;680;50.96;1.02
85618;261101;10;Przedszkole Miejskie Nr 15 w Starachowicach 27-200 Starachowice ul. Na Szlakowisku 7b;2093;487;487;13;474;23.27;2.67;2016;1039;1039;8;1031;51.54;0.77
85619;261101;11;Starachowicka Spółdzielnia Mieszkaniowa w Starachowicach 27-200 Starachowice ul. Wojska Polskiego 9;2064;509;509;7;502;24.66;1.38;2006;1089;1089;19;1070;54.29;1.74
85620;261101;12;Szkoła Podstawowa Nr 12 w Starachowicach 27-200 Starachowice ul. Słoneczna 1A;1863;493;493;12;481;26.46;2.43;1826;937;937;17;920;51.31;1.81
85621;261101;13;Międzyszkolny Ośrodek Gimnastyki Korekcyjnej i Kompensacyjnej w Starachowicach 27-200 Starachowice ul. Stefana Żeromskiego 1A;2403;471;471;14;457;19.60;2.97;2327;1020;1020;17;1003;43.83;1.67
85622;261101;14;Przedszkole Miejskie Nr 11 w Starachowicach 27-200 Starachowice ul. Górna 13;1918;395;395;18;377;20.59;4.56;1855;918;918;21;897;49.49;2.29
85623;261101;15;Szkoła Podstawowa Nr 10 w Starachowicach 27-200 Starachowice Aleja Armii Krajowej 1;1743;328;328;12;316;18.82;3.66;1689;766;766;11;755;45.35;1.44
85624;261101;16;Gimnazjum Nr 2 w Starachowicach 27-200 Starachowice ul. Iłżecka 39;1700;238;238;8;230;14.00;3.36;1680;701;701;20;681;41.73;2.85
85625;261101;17;Gimnazjum nr 1 w Starachowicach 27-200 Starachowice ul. Kielecka 3;1828;332;332;6;326;18.16;1.81;1815;853;853;18;835;47.00;2.11
85626;261101;18;Szkoła Podstawowa nr 6 w Starachowicach 27-200 Starachowice ul. Stanisława Moniuszki 117;1842;275;275;2;273;14.93;0.73;1857;863;863;26;837;46.47;3.01
85627;261101;19;Szkoła Podstawowa nr 13 w Starachowicach 27-200 Starachowice ul. Ignacego Prądzyńskiego 2;2269;377;377;12;365;16.62;3.18;2204;1004;1004;19;985;45.55;1.89
85628;261101;20;Gimnazjum Nr 4 w Starachowicach 27-200 Starachowice ul. Jana Pawła II 18;1672;341;341;4;337;20.39;1.17;1584;795;795;7;788;50.19;0.88
85629;261101;21;Gimnazjum Nr 4 w Starachowicach 27-200 Starachowice ul. Jana Pawła II 18;1958;367;367;14;353;18.74;3.81;1941;953;953;8;945;49.10;0.84
85630;261101;22;Centrum Kształcenia Praktycznego w Starachowicach 27-200 Starachowice ul. Władysława Rogowskiego 14;1773;334;334;11;323;18.84;3.29;1747;879;879;18;861;50.31;2.05
85631;261101;23;Szkoła Podstawowa nr 2 w Starachowicach 27-200 Starachowice ul. Ostrowiecka 134;1306;181;181;3;178;13.86;1.66;1291;530;530;9;521;41.05;1.70
91521;261101;24;Budynek nowego szpitala w Starachowicach 27-200 Starachowice, Bugaj Radomska 70;336;57;57;2;55;16.96;3.51;269;61;61;2;59;22.68;3.28
91522;261101;25;Dom Pomocy Społecznej w Starachowicach 27-200 Starachowice, Orłowo ul. Gen. Józefa Bema 26;114;57;57;9;48;50.00;15.79;36;13;13;0;13;36.11;0.00
85632;261102;1;Szkoła Podstawowa w Adamowie 27-230 Adamów ul. Kościelna 2;773;166;166;5;161;21.47;3.01;759;355;355;9;346;46.77;2.54
85633;261102;2;Urząd Gminy w Brodach 27-230 Brody ul. Stanisława Staszica 3;677;158;158;6;152;23.34;3.80;696;352;352;6;346;50.57;1.70
85634;261102;3;Szkoła Podstawowa w Brodach 27-230 Brody ul. Szkolna 77;740;74;74;2;72;10.00;2.70;738;277;277;18;259;37.53;6.50
85635;261102;4;Szkoła Podstawowa w Dziurowie 27-230 Dziurów ul. Słoneczna 1;718;154;154;9;145;21.45;5.84;705;337;337;9;328;47.80;2.67
85636;261102;5;Klub Rolnika w Kuczowie 27-230 Kuczów ul. Wysoka 118;791;115;115;5;110;14.54;4.35;785;334;334;24;310;42.55;7.19
85637;261102;6;Szkoła Podstawowa w Lipiu 27-230 Lipie ul. Starachowicka 84;402;62;62;2;60;15.42;3.23;401;157;157;12;145;39.15;7.64
85638;261102;7;Szkoła Podstawowa w Lubieni 27-230 Lubienia ul. Iłżecka 20;884;101;101;2;99;11.43;1.98;883;334;334;8;326;37.83;2.40
85639;261102;8;Szkoła Podstawowa w Lubieni 27-230 Lubienia ul. Iłżecka 20;876;97;97;0;97;11.07;0.00;865;384;384;9;375;44.39;2.34
85640;261102;9;Szkoła Podstawowa w Rudzie 27-230 Ruda ul. Widok 1;497;108;108;0;108;21.73;0.00;504;274;274;12;262;54.37;4.38
85641;261102;10;Szkoła Podstawowa w Stawie Kunowskim 27-230 Staw Kunowski ul. Szkolna 6;687;39;39;0;39;5.68;0.00;687;209;209;14;195;30.42;6.70
85642;261102;11;Szkoła Podstawowa w Stykowie 27-230 Styków ul. Świętokrzyska 22;905;128;128;6;122;14.14;4.69;897;332;332;18;314;37.01;5.42
85643;261102;12;Remiza Strażacka w Krynkach 27-230 Krynki ul. Długa 1;999;166;166;6;160;16.62;3.61;990;418;418;20;398;42.22;4.78
85644;261103;1;Szkoła Podstawowa w Mircu 27-220 Mirzec Stary 10;1031;181;181;6;175;17.56;3.31;1017;464;465;21;443;45.62;4.53
85645;261103;2;Szkoła Podstawowa w Trębowcu 27-220 Trębowiec Duży 54;461;72;72;2;70;15.62;2.78;455;210;210;13;197;46.15;6.19
85646;261103;3;Szkoła Podstawowa w Osinach 27-220 Osiny 101;702;161;161;7;154;22.93;4.35;709;354;354;12;342;49.93;3.39
85647;261103;4;Szkoła Podstawowa w Gadce 27-220 Gadka 100;1014;211;211;8;203;20.81;3.79;996;486;486;16;470;48.80;3.29
85648;261103;5;Szkoła Podstawowa w Tychowie Starym 27-220 Tychów Stary 69;1035;180;180;6;174;17.39;3.33;1029;535;535;24;511;51.99;4.49
85649;261103;6;Szkoła Podstawowa w Małyszynie 27-220 Małyszyn Górny 71;801;143;143;2;141;17.85;1.40;800;333;333;6;327;41.62;1.80
85650;261103;7;Szkoła Podstawowa w Tychowie Nowym 27-220 Tychów Nowy 87;657;108;108;5;103;16.44;4.63;657;288;288;6;282;43.84;2.08
85651;261103;8;Szkoła Podstawowa w Jagodnem 27-220 Jagodne 138;497;95;95;0;95;19.11;0.00;471;242;242;15;227;51.38;6.20
85652;261103;9;Gimnazjum Publiczne w Mircu 27-220 Mirzec Stary 10;717;149;149;6;143;20.78;4.03;711;363;363;14;349;51.05;3.86
85653;261104;1;Szkoła Podstawowa w Grabkowie 27-225 Grabków 24;510;71;71;3;68;13.92;4.23;501;190;190;11;179;37.92;5.79
85654;261104;2;Szkoła Podstawowa w Łomnie 27-225 Łomno 20;554;66;66;2;64;11.91;3.03;557;188;188;16;172;33.75;8.51
85655;261104;3;Szkoła Podstawowa w Chybicach 27-225 Chybice 50;1531;262;262;16;246;17.11;6.11;1533;691;691;23;668;45.08;3.33
85656;261104;4;Ośrodek Zdrowia w Kałkowie 27-225 Kałków 37;832;151;151;5;146;18.15;3.31;846;347;347;20;327;41.02;5.76
85657;261104;5;Gminny Ośrodek Kultury, Sportu i Rekreacji w Pawłowie 27-225 Pawłów 45;1573;259;259;5;254;16.47;1.93;1568;751;751;49;702;47.90;6.52
85658;261104;6;Szkoła Podstawowa w Jadownikach 27-225 Jadowniki 49;771;128;128;8;120;16.60;6.25;759;335;335;10;325;44.14;2.99
85659;261104;7;Szkoła Podstawowa w Pokrzywnicy 27-225 Pokrzywnica 38;435;33;33;0;33;7.59;0.00;439;149;149;6;143;33.94;4.03
85660;261104;8;Szkoła Podstawowa w Radkowicach 27-225 Radkowice 5;1259;146;146;4;142;11.60;2.74;1267;471;471;19;452;37.17;4.03
85661;261104;9;Szkoła Podstawowa w Rzepinie 27-225 Rzepin Drugi 154;1630;189;189;4;185;11.60;2.12;1605;633;633;24;609;39.44;3.79
85662;261104;10;Szkoła Podstawowa w Szerzawach 27-225 Szerzawy 104;1369;216;216;14;202;15.78;6.48;1382;469;469;22;447;33.94;4.69
85663;261104;11;Szkoła Podstawowa w Bostowie 27-225 Stary Bostów 8A;534;89;89;3;86;16.67;3.37;536;242;242;7;235;45.15;2.89
85664;261104;12;Biblioteka Publiczna w Tarczku 27-225 Tarczek 98;463;80;80;1;79;17.28;1.25;457;197;197;1;196;43.11;0.51
85665;261104;13;Szkoła Podstawowa w Dąbrowie 27-225 Dąbrowa 58;618;111;111;2;109;17.96;1.80;613;257;257;4;253;41.92;1.56
91523;261104;14;Dom Pomocy Społecznej im Sue Ryder w Kałkowie-Godowie 27-225 Godów 88;82;25;25;2;23;30.49;8.00;85;37;37;5;32;43.53;13.51
85666;261105;1;Miejsko-Gminny Ośrodek Kultury w Wąchocku 27-215 Wąchock ul. Kościelna 7;1178;273;273;7;266;23.17;2.56;1160;532;532;17;515;45.86;3.20
85667;261105;2;Gimnazjum Publiczne w Wąchocku 27-215 Wąchock ul. Kościelna 10;1194;280;280;10;270;23.45;3.57;1192;584;584;44;540;48.99;7.53
85668;261105;3;Szkoła Podstawowa w Wielkiej Wsi 27-215 Wielka Wieś 354;1291;215;215;15;200;16.65;6.98;1305;616;616;31;585;47.20;5.03
85669;261105;4;Szkoła Podstawowa 27-215 Parszów ul. Szkolna 28;1279;225;225;6;219;17.59;2.67;1259;597;597;14;583;47.42;2.35
85670;261105;5;Wiejski Dom Kultury w Marcinkowie 27-215 Marcinków 39a;535;96;96;8;88;17.94;8.33;519;213;213;14;199;41.04;6.57
85671;261105;6;Wiejski Dom Kultury w Ratajach 27-215 Rataje 109;375;78;78;2;76;20.80;2.56;382;169;169;6;163;44.24;3.55
85672;261201;1;Szkoła Podstawowa w Bogorii 28-210 Bogoria ul. Staszowska 10;1987;359;359;18;341;18.07;5.01;1979;828;828;25;803;41.84;3.02
85673;261201;2;Szkoła Podstawowa w Jurkowicach 28-210 Jurkowice 78;1151;186;186;10;176;16.16;5.38;1140;522;522;30;492;45.79;5.75
85674;261201;3;Dom Pomocy Społecznej w Pęcławicach Górnych 28-210 Pęcławice Górne 23;461;104;104;2;102;22.56;1.92;466;219;219;8;211;47.00;3.65
85675;261201;4;Szkoła Podstawowa w Niedźwiedziu 28-210 Niedźwiedź 24;423;52;52;3;49;12.29;5.77;418;121;121;4;117;28.95;3.31
85676;261201;5;Przedszkole w Kiełczynie 28-210 Kiełczyna 11;1411;135;135;5;130;9.57;3.70;1414;525;525;22;503;37.13;4.19
85677;261201;6;Szkoła Podstawowa w Szczeglicach 28-210 Szczeglice 48;950;133;133;9;124;14.00;6.77;961;378;378;13;365;39.33;3.44
85678;261202;1;Centrum Kultury w Łubnicach 28-232 Łubnice 74;1284;184;184;8;176;14.33;4.35;1289;547;547;21;526;42.44;3.84
85679;261202;2;Publiczna Szkoła Podstawowa w Budziskach 28-232 Budziska 149;711;89;89;2;87;12.52;2.25;706;339;339;16;323;48.02;4.72
85680;261202;3;Publiczna Szkoła Podstawowa w Gacach Słupieckich 28-232 Gace Słupieckie 85;979;100;100;5;95;10.21;5.00;970;391;391;18;373;40.31;4.60
85681;261202;4;Publiczna Szkoła Podstawowa w Wilkowej 28-232 Wilkowa 47;551;102;102;5;97;18.51;4.90;560;249;249;13;236;44.46;5.22
85682;261203;1;OSP Borzymów 28-220 Borzymów 89;488;72;72;3;69;14.75;4.17;473;184;184;5;179;38.90;2.72
85683;261203;2;Urząd Gminy w Oleśnicy 28-220 Oleśnica ul. Nadstawie 1;1093;292;292;15;277;26.72;5.14;1088;496;496;14;482;45.59;2.82
85684;261203;3;Publiczne Gimnazjum w Oleśnicy 28-220 Oleśnica ul. Szkolna 9;1103;214;214;8;206;19.40;3.74;1088;409;409;24;385;37.59;5.87
85685;261203;4;OSP Strzelce 28-220 Strzelce 14a;619;179;179;8;171;28.92;4.47;592;191;191;3;188;32.26;1.57
85686;261204;1;Hala sportowa, Osiek 28-221 Osiek ul. Wolności 24 A;1639;338;338;15;323;20.62;4.44;1639;789;789;21;768;48.14;2.66
85687;261204;2;Ochotnicza Straż Pożarna w Bukowej 28-221 Bukowa 52;264;44;44;3;41;16.67;6.82;262;95;95;4;91;36.26;4.21
85688;261204;3;Publiczna Szkoła Podstawowa im. Heleny i Józefa Świątyńskich w Ossali 28-221 Ossala 26 A;866;142;142;3;139;16.40;2.11;863;378;378;24;354;43.80;6.35
85689;261204;4;Publiczna Szkoła Podstawowa w Pliskowoli 28-221 Pliskowola 135 B;803;128;128;4;124;15.94;3.12;801;327;327;18;309;40.82;5.50
85690;261204;5;Publiczna Szkoła Podstawowa im. Marii Konopnickiej w Suchowoli 28-221 Suchowola 31;845;100;100;1;99;11.83;1.00;845;339;339;12;327;40.12;3.54
85691;261204;6;Klub Wiejski 28-221 Matiaszów 41 A;373;43;43;1;42;11.53;2.33;381;124;124;8;116;32.55;6.45
85692;261204;7;Ochotnicza Straż Pożarna w Tursku Wielkim 28-221 Tursko Wielkie 54;516;127;127;3;124;24.61;2.36;523;279;279;9;270;53.35;3.23
85693;261204;8;Publiczna Szkoła Podstawowa w Szwagrowie 28-221 Szwagrów 126 A;601;84;84;0;84;13.98;0.00;598;281;281;11;270;46.99;3.91
85694;261204;9;Ochotnicza Straż Pożarna w Długołęce 28-221 Długołęka 61 B;434;91;91;4;87;20.97;4.40;422;213;213;4;209;50.47;1.88
85695;261205;1;Przedszkole Publiczne 28-230 Połaniec ul. Madalińskiego 1;2234;515;515;17;498;23.05;3.30;2172;1200;1200;32;1168;55.25;2.67
85696;261205;2;Gimnazjum Publiczne nr 1 28-230 Połaniec ul. Żapniowska 1;1245;263;263;7;256;21.12;2.66;1199;625;625;23;602;52.13;3.68
85697;261205;3;Urząd Stanu Cywilnego 28-230 Połaniec ul. Ruszczańska 27;1481;298;298;9;289;20.12;3.02;1425;717;717;18;699;50.32;2.51
85698;261205;4;Punkt Informacji Turystycznej 28-230 Połaniec Plac Uniwersału Połanieckiego 1;2010;473;473;32;441;23.53;6.77;2050;1123;1123;33;1090;54.78;2.94
85699;261205;5;Remiza OSP w Tursku Małym 28-230 Tursko Małe 49A;592;74;74;5;69;12.50;6.76;590;274;274;10;264;46.44;3.65
85700;261205;6;Remiza OSP w Rudnikach 28-230 Rudniki 45A;586;130;130;7;123;22.18;5.38;594;246;246;12;234;41.41;4.88
85701;261205;7;Remiza OSP w Zrębinie 28-230 Zrębin 37;653;46;46;2;44;7.04;4.35;655;243;243;9;234;37.10;3.70
85702;261205;8;Remiza OSP w Ruszczy 28-230 Ruszcza ul.Knothego 3;1027;125;125;8;117;12.17;6.40;1038;481;481;12;469;46.34;2.49
85703;261206;1;Zespół Szkół Ogólnokształcących im. Jana Pawła II w Rytwianach 28-236 Rytwiany ul. Szkolna 9/ lokal: 1;1517;192;192;11;181;12.66;5.73;1519;659;659;23;636;43.38;3.49
85704;261206;2;Remiza Ochotniczej Straży Pożarnej w Niedziałkach 28-230 Niedziałki 66;759;111;111;3;108;14.62;2.70;749;298;298;4;294;39.79;1.34
85705;261206;3;Zespół Placówek Oświatowych im. Marii Firlejczyk w Sichowie Dużym 28-236 Sichów Duży 88;1443;187;187;10;177;12.96;5.35;1423;505;505;12;493;35.49;2.38
85706;261206;4;Zespół Szkolno - Przedszkolny, Strzegomek 28-221 Strzegomek ul. Wacława Dąbrówki 3;676;96;96;1;95;14.20;1.04;664;267;267;12;255;40.21;4.49
85707;261206;5;Budynek po byłej Szkole Podstawowej w Kłodzie 28-336 Kłoda ul. Jana Pawła II 63;475;53;53;2;51;11.16;3.77;474;209;209;6;203;44.09;2.87
85708;261206;6;Remiza Ochotniczej Straży Pożarnej w Tuklęczy 28-236 Tuklęcz 19;332;67;67;3;64;20.18;4.48;338;132;132;4;128;39.05;3.03
85709;261207;1;Liceum Ogólnokształcące im. ks. kard. Stefana Wyszyńskiego w Staszowie 28-200 Staszów ul. 11 Listopada 3;875;206;206;2;204;23.54;0.97;840;442;442;8;434;52.62;1.81
85710;261207;2;Liceum Ogólnokształcące im. ks. kard. Stefana Wyszyńskiego w Staszowie 28-200 Staszów ul. 11 Listopada 3;806;195;195;1;194;24.19;0.51;808;441;441;10;431;54.58;2.27
85711;261207;3;Placówka Wsparcia Dziennego w Staszowie-Świetlica „Jutrzenka'', filia w Staszowie 28-200 Staszów ul. Jana Pawła II 10;834;217;217;8;209;26.02;3.69;836;425;425;18;407;50.84;4.24
85712;261207;4;Przedszkole nr 3 im. Jana Pawła II w Staszowie z Oddziałem w Dobrej 28-200 Staszów ul. Jana Pawła II 17a;1056;262;262;9;253;24.81;3.44;1032;489;489;14;475;47.38;2.86
85713;261207;5;Zespół Szkół-Publiczna Szkoła Podstawowa nr 2 im. Ignacego Jana Paderewskiego i Publiczne Gimnazjum nr 2 w Staszowie 28-200 Staszów ul. Niepodległości 4;1067;326;326;10;316;30.55;3.07;1026;566;566;14;552;55.17;2.47
85714;261207;6;Zespół Szkół Ekonomicznych im. Jana Pawła II w Staszowie 28-200 Staszów ul. Szkolna 11;1061;200;200;9;191;18.85;4.50;1049;468;468;9;459;44.61;1.92
85715;261207;7;Zespół Szkół Ekonomicznych im. Jana Pawła II w Staszowie 28-200 Staszów ul. Szkolna 11;1121;182;182;5;177;16.24;2.75;1096;438;438;14;424;39.96;3.20
85716;261207;8;Zespół Szkół im. Stanisława Staszica w Staszowie 28-200 Staszów ul. Koszarowa 7;914;204;204;6;198;22.32;2.94;887;436;436;14;422;49.15;3.21
85717;261207;9;Zespół Placówek Oświatowych - Publiczne Gimnazjum Nr 1 im. T. Kościuszki, Publiczna Szkoła Podstawowa Nr 1 im. Tadeusza Kościuszki i Przedszkole nr 4 im. T. Kościuszki w Staszowie 28-200 Staszów ul. Wysoka 39;764;152;152;7;145;19.90;4.61;762;354;354;8;346;46.46;2.26
85718;261207;10;Przedszkole Nr 8 im. Jana Christiana Andersena z Oddziałami Integracyjnymi w Staszowie 28-200 Staszów ul. Jana Kilińskiego 20;1099;261;261;6;255;23.75;2.30;1048;539;539;9;530;51.43;1.67
85719;261207;11;Przedszkole Nr 8 im. Jana Christiana Andersena z Oddziałami Integracyjnymi w Staszowie 28-200 Staszów ul. Jana Kilińskiego 20;1028;193;193;7;186;18.77;3.63;1028;459;459;7;452;44.65;1.53
85720;261207;12;Publiczna Szkoła Podstawowa Nr 3 im. Hieronima Łaskiego w Staszowie 28-200 Staszów ul. Mickiewicza 40;1104;264;264;9;255;23.91;3.41;1052;522;522;6;516;49.62;1.15
85721;261207;13;Publiczna Szkoła Podstawowa Nr 3 im. Hieronima Łaskiego w Staszowie 28-200 Staszów ul. Mickiewicza 40;1068;204;204;13;191;19.10;6.37;1039;467;467;7;460;44.95;1.50
85722;261207;14;Zespół Placówek Oświatowych Publiczna Szkoła Podstawowa i Przedszkole w Wiązownicy Dużej 28-200 Wiązownica Duża 135;1120;110;110;4;106;9.82;3.64;1117;334;334;22;312;29.90;6.59
85723;261207;15;Publiczna Szkoła Podstawowa im. Oddziału Partyzanckiego AK „Jędrusie” i Przedszkole w Smerdynie 28-200 Smerdyna 100;1323;115;115;2;113;8.69;1.74;1312;401;401;29;372;30.56;7.23
85724;261207;16;Publiczna Szkoła Podstawowa i Przedszkole w Wiśniowej 28-200 Wiśniowa 111;1233;143;143;2;141;11.60;1.40;1250;466;466;17;449;37.28;3.65
85725;261207;17;Zespół Placówek Oświatowych - Publiczna Szkoła Podstawowa i Przedszkole w Mostkach 28-200 Mostki 56;1080;175;175;5;170;16.20;2.86;1080;391;391;15;376;36.20;3.84
85726;261207;18;Zespół Placówek Oświatowych - Publiczna Szkoła Podstawowa i Przedszkole w Kurozwękach 28-200 Kurozwęki ul. Szydłowska 9;946;192;192;5;187;20.30;2.60;913;422;422;16;406;46.22;3.79
85727;261207;19;Placówka Wsparcia Dziennego w Staszowie-Świetlica „Jutrzenka'', filia w Sielcu 28-200 Sielec 37;1077;144;144;5;139;13.37;3.47;1090;427;427;26;401;39.17;6.09
85728;261207;20;Zespół Placówek Oświatowych - Publiczna Szkoła Podstawowa i Przedszkole w Koniemłotach 28-200 Koniemłoty ul. Staszowska 7;1063;171;171;16;155;16.09;9.36;1085;449;449;22;427;41.38;4.90
85729;261207;21;Placówka Wsparcia Dziennego w Staszowie-Świetlica „Jutrzenka'', filia w Woli Osowej 28-200 Wola Osowa 22;619;86;86;7;79;13.89;8.14;634;226;226;10;216;35.65;4.42
85730;261207;22;Przedszkole nr 3 im. Jana Pawła II w Staszowie z Oddziałem w Dobrej 28-200 Dobra 52;419;80;80;1;79;19.09;1.25;415;147;147;6;141;35.42;4.08
91524;261207;23;Samodzielny Publiczny Zespół Zakładów Opieki Zdrowotnej w Staszowie 28-200 Staszów ul. 11 Listopada 78;32;2;2;0;2;6.25;0.00;96;36;36;3;33;37.50;8.33
91525;261207;24;Dom Pomocy Społecznej Zgromadzenia SS.Miłosierdzia św. Wincentego a'Paulo w Kurozwękach 28-200 Kurozwęki ul. Kościelna 4;100;68;68;0;68;68.00;0.00;101;50;50;0;50;49.50;0.00
91526;261207;25;Staszowskie Centrum Medyczne Sp. z o. o. w Koniemłotach 28-200 Koniemłoty Pl. Ks. Romana Kotlarza 9;32;23;23;4;19;71.88;17.39;24;20;20;0;20;83.33;0.00
85731;261208;1;Remiza OSP w Kotuszowie 28-225 Kotuszów 83a;578;127;127;2;125;21.97;1.57;584;289;289;11;278;49.49;3.81
85732;261208;2;Była Szkoła Podstawowa w Potoku 28-225 Potok 99;624;102;102;8;94;16.35;7.84;609;223;223;14;209;36.62;6.28
85733;261208;3;Szkoła Podstawowa w Szydłowie 28-225 Szydłów ul.Szkolna 10;780;93;93;4;89;11.92;4.30;766;261;261;10;251;34.07;3.83
85734;261208;4;Urząd Gminy w Szydłowie 28-225 Szydłów ul.Rynek 2;888;279;279;15;264;31.42;5.38;896;497;497;11;486;55.47;2.21
85735;261208;5;Remiza OSP w Gackach 28-225 Gacki 29;500;94;94;4;90;18.80;4.26;490;196;196;5;191;40.00;2.55
85736;261208;6;Szkoła Podstawowa w Solcu 28-225 Solec 22;615;126;126;7;119;20.49;5.56;605;263;263;17;246;43.47;6.46
91527;261208;7;Dom Pomocy Społecznej w Rudkach 28-225 Rudki 89;23;15;15;5;10;65.22;33.33;18;9;9;0;9;50.00;0.00
85737;261301;1;Zespół Przedszkolno-Szkolny w Kluczewsku 29-120 Kluczewsko ul. Leśna 1;1788;355;355;11;344;19.85;3.10;1789;872;872;26;846;48.74;2.98
85738;261301;2;Zespół Przedszkolno-Szkolny w Komornikach 29-120 Komorniki 7;678;135;135;7;128;19.91;5.19;665;297;297;8;289;44.66;2.69
85739;261301;3;Świetlica Wiejska w Stanowiskach 29-120 Stanowiska 22;921;119;119;2;117;12.92;1.68;931;412;412;24;388;44.25;5.83
85740;261301;4;Zespół Przedszkolno-Szkolny w Dobromierzu 29-120 Dobromierz ul. Włoszczowska 5;891;117;117;11;106;13.13;9.40;889;374;374;20;354;42.07;5.35
85741;261302;1;Zespół Placówek Oświatowych w Olesznie 29-105 Oleszno ul. Szkolna 34;1904;301;301;13;288;15.81;4.32;1898;866;866;43;823;45.63;4.97
85742;261302;2;Szkoła Filialna w Brygidowie 29-105 Brygidów 1;702;125;125;5;120;17.81;4.00;696;313;313;16;297;44.97;5.11
85743;261302;3;Szkoła Podstawowa w Mieczynie 29-105 Mieczyn 8;780;104;104;4;100;13.33;3.85;781;311;311;15;296;39.82;4.82
85744;261302;4;Zespół Placówek Oświatowych w Bukowie 29-105 Bukowa ul. Szkolna 8;2084;502;502;22;480;24.09;4.38;2047;1012;1012;34;978;49.44;3.36
85745;261302;5;Szkoła Podstawowa w Cieślach 29-105 Cieśle 62;694;127;127;7;120;18.30;5.51;691;305;305;17;288;44.14;5.57
85746;261302;6;Szkoła Podstawowa w Czostkowie 29-105 Czostków 86;843;122;122;10;112;14.47;8.20;829;341;341;12;329;41.13;3.52
85747;261302;7;Urząd Gminy w Krasocinie 29-105 Krasocin ul. Macierzy Szkolnej 1;1676;289;289;11;278;17.24;3.81;1666;753;753;38;715;45.20;5.05
85748;261303;1;Dom Kultury Chlewice 29-130 Chlewice ul. 16 stycznia 32;968;133;133;0;133;13.74;0.00;972;389;389;18;371;40.02;4.63
85749;261303;2;Wiejskie Centrum Kulturalno-Turystyczne 29-130 Moskorzew 97;937;218;218;14;204;23.27;6.42;950;430;430;23;407;45.26;5.35
85750;261303;3;Remiza OSP Mękarzów 29-130 Mękarzów 35;226;51;51;3;48;22.57;5.88;230;98;98;2;96;42.61;2.04
85751;261303;4;Remiza OSP Tarnawa Góra 29-130 Tarnawa Góra 26;231;71;71;4;67;30.74;5.63;232;115;115;8;107;49.57;6.96
85752;261304;1;Ośrodek Zdrowia w Bieganowie 29-135 Bieganów 43;589;86;86;3;83;14.60;3.49;579;181;181;7;174;31.26;3.87
85753;261304;2;Warsztaty Terapii Zajęciowej w Kossowie 29-135 Kossów 68;695;85;85;5;80;12.23;5.88;683;214;214;17;197;31.33;7.94
85754;261304;3;Szkoła Podstawowa w Radkowie 29-135 Radków 88;872;152;152;7;145;17.43;4.61;848;347;347;7;340;40.92;2.02
85755;261305;1;Zespół Szkół w Seceminie 29-145 Secemin ul. Koniecpolska 1;1074;176;176;6;170;16.39;3.41;1063;449;449;14;435;42.24;3.12
85756;261305;2;Gminna Biblioteka Publiczna w Seceminie 29-145 Secemin ul. Ogrodowa 1;593;50;50;2;48;8.43;4.00;584;180;180;10;170;30.82;5.56
85757;261305;3;Szkoła Podstawowa w Psarach 29-145 Psary-Kolonia 57;550;67;67;3;64;12.18;4.48;532;173;173;6;167;32.52;3.47
85758;261305;4;Szkoła Podstawowa w Kuczkowie 29-145 Kuczków 38;392;73;73;4;69;18.62;5.48;389;162;162;11;151;41.65;6.79
85759;261305;5;Remiza OSP w Woli Czaryskiej 29-145 Wola Czaryska 20;334;46;46;2;44;13.77;4.35;337;125;125;2;123;37.09;1.60
85760;261305;6;Zespół Szkolno-Przedszkolny w Żelisławicach 29-145 Żelisławice 13;688;110;110;7;103;15.99;6.36;683;314;314;22;292;45.97;7.01
85761;261305;7;Remiza OSP w Wałkonowach Dolnych 29-145 Wałkonowy Dolne 36;488;52;52;5;47;10.66;9.62;498;135;135;4;131;27.11;2.96
91528;261305;8;Dom Pomocy Społecznej w Woli Czaryskiej 29-145 Wola Czaryska 92;27;20;20;4;16;74.07;20.00;37;28;28;3;25;75.68;10.71
85762;261306;1;PKP Sekcja Eksploatacji Włoszczowa „Północ” 29-100 Włoszczowa ul. Śląska 4;934;210;210;2;208;22.48;0.95;923;549;549;9;540;59.48;1.64
85763;261306;2;Urząd Gminy Włoszczowa 29-100 Włoszczowa ul. Partyzantów 14;1768;488;488;11;477;27.60;2.25;1726;962;962;18;944;55.74;1.87
85764;261306;3;Hala Sportowa - OSiR Włoszczowa 29-100 Włoszczowa ul. Wiśniowa 2;2301;570;570;19;551;24.77;3.33;2217;1217;1217;29;1188;54.89;2.38
85765;261306;4;Internat Zespołu Szkół Ponadgimnazjalnych Nr 3 im. Stanisława Staszica 29-100 Włoszczowa ul. Wiśniowa 23;1555;389;389;12;377;25.02;3.08;1526;788;788;21;767;51.64;2.66
85766;261306;5;Zespół Placówek Oświatowych Nr 2 we Włoszczowie 29-100 Włoszczowa ul. Różana 16;2045;474;474;19;455;23.18;4.01;2035;1094;1094;42;1052;53.76;3.84
85767;261306;6;Zespół Placówek Oświatowych w Koniecznie 29-100 Konieczno 80;1752;229;229;14;215;13.07;6.11;1736;734;734;38;696;42.28;5.18
85768;261306;7;Szkoła Podstawowa im. Wincentego Przybyszewskiego 29-100 Bebelno Wieś 85;995;133;133;6;127;13.37;4.51;984;410;410;16;394;41.67;3.90
85769;261306;8;Budynek byłej szkoły 29-100 Rząbiec 22;611;93;93;1;92;15.22;1.08;608;247;247;4;243;40.62;1.62
85770;261306;9;Niepubliczne Przedszkole „Kubuś Puchatek” 29-100 Wola Wiśniowa 95;826;148;148;3;145;17.92;2.03;823;376;376;14;362;45.69;3.72
85771;261306;10;Szkoła Podstawowa w Czarncy im. Stefana Czarnieckiego 29-100 Czarnca ul. Szkolna 16A;797;141;141;7;134;17.69;4.96;806;384;384;17;367;47.64;4.43
85772;261306;11;Zespół Placówek Oświatowych Nr 1 we Włoszczowie filia w Łachowie 29-100 Łachów 71a;683;89;89;4;85;13.03;4.49;689;295;295;14;281;42.82;4.75
85773;261306;12;Strażnica OSP 29-100 Międzylesie 12;661;127;127;2;125;19.21;1.57;672;290;290;11;279;43.15;3.79
85774;261306;13;Dom Kultury w Kurzelowie 29-100 Kurzelów ul. Kielecka 11;1442;279;279;9;270;19.35;3.23;1451;621;621;22;599;42.80;3.54
91529;261306;14;Zespół Opieki Zdrowotnej Szpital im. Jana Pawła II we Włoszczowie 29-100 Włoszczowa ul. Żeromskiego 28;146;9;9;1;8;6.16;11.11;128;57;57;4;53;44.53;7.02
91530;261306;15;Dom Pomocy Społecznej Włoszczowa 29-100 Włoszczowa ul. Koniecpolska 20;85;51;51;4;47;60.00;7.84;84;49;49;5;44;58.33;10.20
85775;266101;1;Gimnazjum nr 3 25-546 Kielce ul. Stanisława Toporowskiego 40;2290;657;657;16;641;28.69;2.44;2206;1204;1204;11;1193;54.58;0.91
85776;266101;2;Przedszkole Samorządowe nr 6 25-542 Kielce ul. Bukowa 8;2344;638;638;30;608;27.22;4.70;2256;1154;1154;31;1123;51.15;2.69
85777;266101;3;Przedszkole Samorządowe nr 1 25-410 Kielce ul. Cypriana Kamila Norwida 5;1883;691;691;16;675;36.70;2.32;1866;1153;1153;14;1139;61.79;1.21
85778;266101;4;Przedszkole Samorządowe nr 32 25-411 Kielce ul. Jana Kasprowicza 5;1179;436;436;15;421;36.98;3.44;1097;684;684;3;681;62.35;0.44
85779;266101;5;Szkoła Podstawowa nr 1 25-410 Kielce ul. Leopolda Staffa 7;1752;682;682;13;669;38.93;1.91;1714;1077;1077;11;1066;62.84;1.02
85780;266101;6;Gimnazjum nr 7 25-435 Kielce ul. Marii Krzyżanowskiej 8;1236;370;370;6;364;29.94;1.62;1205;753;753;6;747;62.49;0.80
85781;266101;7;Zespół Szkół Ogólnokształcących nr 4 Integracyjnych 25-523 Kielce ul. Jasna 20/22;1006;275;275;6;269;27.34;2.18;996;562;562;8;554;56.43;1.42
85782;266101;8;Integracyjne Przedszkole Samorządowe nr 27 25-533 Kielce ul. Stanisława Toporowskiego 11A;2403;779;779;14;765;32.42;1.80;2203;1317;1317;13;1304;59.78;0.99
85783;266101;9;Szkoła Podstawowa nr 19 25-520 Kielce ul. Targowa 3;2172;683;683;6;677;31.45;0.88;2080;1253;1253;11;1242;60.24;0.88
85784;266101;10;Przedszkole Samorządowe nr 16 25-522 Kielce ul. Nowy Świat 34;2361;723;723;27;696;30.62;3.73;2272;1306;1306;16;1290;57.48;1.23
85785;266101;11;Zespół Szkół Elektrycznych 25-317 Kielce ul. Prezydenta Ryszarda Kaczorowskiego 8;1742;567;567;8;559;32.55;1.41;1719;1047;1047;6;1041;60.91;0.57
85786;266101;12;Zespół Szkół Ogólnokształcących nr 5 25-003 Kielce ul.Wspólna 17;1972;671;671;15;656;34.03;2.24;1940;1118;1118;15;1103;57.63;1.34
85787;266101;13;Środowiskowy Dom Samopomocy dla Osób Niepełnosprawnych Intelektualnie 25-525 Kielce ul. Stefana Okrzei 8;1801;450;450;6;444;24.99;1.33;1748;881;881;9;872;50.40;1.02
85788;266101;14;Szkoła Podstawowa nr 2 25-310 Kielce ul. Generała Tadeusza Kościuszki 5;1743;423;423;15;408;24.27;3.55;1661;830;830;7;823;49.97;0.84
85789;266101;15;Zespół Szkół Przemysłu Spożywczego 25-355 Kielce ul. Zagórska 14;1886;583;583;7;576;30.91;1.20;1812;1018;1018;6;1012;56.18;0.59
85790;266101;16;Dom Kultury „Zameczek” 25-365 Kielce ul. Juliusza Słowackiego 23;1907;630;630;7;623;33.04;1.11;1834;1088;1088;16;1072;59.32;1.47
85791;266101;17;Zespół Szkół Ogólnokształcących nr 27 25-371 Kielce ul. Prosta 27A;1819;609;609;12;597;33.48;1.97;1777;1087;1087;6;1081;61.17;0.55
85792;266101;18;Ochotnicza Straż Pożarna 25-669 Kielce ul. Podporucznika Zbigniewa Kruszelnickiego „Wilka” 49;1940;443;443;18;425;22.84;4.06;1897;1004;1004;11;993;52.93;1.10
85793;266101;19;Targi Kielce S.A. 25-672 Kielce ul. Zakładowa 1;1995;394;394;5;389;19.75;1.27;1904;903;903;13;890;47.43;1.44
85794;266101;20;Przedszkole Samorządowe nr 2 25-651 Kielce ul. Górnicza 64;2136;560;560;10;550;26.22;1.79;2096;1209;1209;13;1196;57.68;1.08
85795;266101;21;Urząd Miasta 25-659 Kielce ul. Strycharska 6;2240;672;672;22;650;30.00;3.27;2190;1325;1325;18;1307;60.50;1.36
85796;266101;22;Przedszkole Samorządowe nr 18 25-639 Kielce ul. Malików 3;1689;314;314;13;301;18.59;4.14;1677;816;816;30;786;48.66;3.68
85797;266101;23;Szkoła Podstawowa nr 25 25-640 Kielce ul. Jurajska 7;2096;774;774;17;757;36.93;2.20;1035;729;729;2;727;70.43;0.27
85798;266101;24;Szkoła Podstawowa nr 25 25-640 Kielce ul. Jurajska 7;2213;767;767;11;756;34.66;1.43;1147;797;797;4;793;69.49;0.50
85799;266101;25;Klub „Domatorek” 25-636 Kielce ul. Edmunda Massalskiego 4;2041;655;655;12;643;32.09;1.83;1127;742;742;6;736;65.84;0.81
85800;266101;26;Szkoła Podstawowa nr 34 25-628 Kielce ul. Biskupa Adama Naruszewicza 25;2272;679;679;15;664;29.89;2.21;1116;724;724;2;722;64.87;0.28
85801;266101;27;Przedszkole Samorządowe nr 34 25-636 Kielce ul. Aleja Jerzego Szajnowicza Iwanowa 15;2359;686;686;21;665;29.08;3.06;2076;1314;1314;8;1306;63.29;0.61
85802;266101;28;Gimnazajum nr 9 25-628 Kielce ul. Biskupa Adama Naruszewicza 16;2243;753;753;20;733;33.57;2.66;2303;1393;1393;15;1378;60.49;1.08
85803;266101;29;III LO z Oddziałami Integracyjnymi im. Cypriana Kamila Norwida 25-613 Kielce ul. Jagiellońska 4;2194;596;596;23;573;27.16;3.86;2322;1427;1427;14;1413;61.46;0.98
85804;266101;30;Przedszkole Samorządowe nr 29 25-619 Kielce ul. Tytusa Chałubińskiego 32;2175;480;480;21;459;22.07;4.38;2198;1385;1385;5;1380;63.01;0.36
85805;266101;31;Szkoła Podstawowa nr 18 25-623 Kielce ul. Króla Bolesława Chrobrego 105;2270;590;590;14;576;25.99;2.37;2149;1112;1112;20;1092;51.74;1.80
85806;266101;32;Przedszkole Samorzadowe nr 26 25-735 Kielce ul. Piekoszowska 42;2338;518;518;22;496;22.16;4.25;2122;1029;1029;21;1008;48.49;2.04
85807;266101;33;Veolia Usługi dla Środowiska S.A. 25-563 Kielce ul. Zagnańska 232A;1086;290;290;10;280;26.70;3.45;2237;1166;1166;8;1158;52.12;0.69
85808;266101;34;Przedszkole Samorządowe nr 35 25-548 Kielce ul. Władysława Orkana 13;2436;920;920;13;907;37.77;1.41;2251;1138;1138;19;1119;50.56;1.67
85809;266101;35;Szkoła Podstawowa nr 4 25-414 Kielce ul. Warszawska 340;2192;825;825;21;804;37.64;2.55;1106;622;622;5;617;56.24;0.80
85810;266101;36;Szkoła Podstawowa nr 27 25-549 Kielce ul. Stanisława Toporowskiego 96;2234;723;723;28;695;32.36;3.87;2379;1566;1566;11;1555;65.83;0.70
85811;266101;37;Szkoła Podstawowa nr 27 25-549 Kielce ul. Stanisława Toporowskiego 96;2263;698;698;16;682;30.84;2.29;2105;1389;1389;11;1378;65.99;0.79
85812;266101;38;V LO im. Księdza Piotra Ściegiennego 25-549 Kielce ul. Stanisława Toporowskiego 96;2143;667;667;12;655;31.12;1.80;2122;1328;1328;17;1311;62.58;1.28
85813;266101;39;Gimnazjum nr 7 25-435 Kielce ul. Marii Krzyżanowskiej 8;1416;476;476;10;466;33.62;2.10;2161;1260;1260;6;1254;58.31;0.48
85814;266101;40;Przedszkole Samorządowe nr 42 25-435 Kielce ul. Elizy Orzeszkowej 26;1818;564;564;6;558;31.02;1.06;2069;1243;1243;10;1233;60.08;0.80
85815;266101;41;Przedszkole Samorządowe nr 40 25-431 Kielce ul. Marszałka Józefa Piłsudskiego 30;2412;679;679;23;656;28.15;3.39;1328;831;831;4;827;62.58;0.48
85816;266101;42;Szkoła Podstawowa nr 33 25-431 Kielce ul. Marszała Józefa Piłsudskiego 42;2327;705;705;15;690;30.30;2.13;1734;1054;1054;13;1041;60.78;1.23
85817;266101;43;Szkoła Podstawowa nr 33 25-431 Kielce ul. Marszałka Józefa Piłsudskiego 42;2458;660;660;21;639;26.85;3.18;2311;1397;1397;11;1386;60.45;0.79
85818;266101;44;Przedszkole Samorządowe nr 19 25-437 Kielce Osiedle Na Stoku 98;2324;762;762;10;752;32.79;1.31;2297;1381;1381;34;1347;60.12;2.46
85819;266101;45;Zespół Szkół Ogólnokształcacych nr 14 25-432 Kielce ul. Jana Nowaka-Jeziorańskiego 53;2323;815;815;13;802;35.08;1.60;2377;1371;1371;11;1360;57.68;0.80
85820;266101;46;Zespól Szkół Ogólnokształcących nr 14 25-432 Kielce ul. Jana Nowaka-Jeziorańskiego 53;2396;720;720;19;701;30.05;2.64;2249;1359;1359;10;1349;60.43;0.74
85821;266101;47;Przedszkole Samorządowe nr 5 25-432 Kielce ul. Jana Nowaka-Jeziorańskiego 67;2373;669;669;8;661;28.19;1.20;2195;1353;1353;7;1346;61.64;0.52
85822;266101;48;Zespół Szkół Ogólnokształcących nr 6 25-321 Kielce ul. Leszczyńska 8;1855;644;644;18;626;34.72;2.80;2356;1370;1370;17;1353;58.15;1.24
85823;266101;49;Przedszkole Samorządowe nr 33 25-322 Kielce ul. Romualda 6;1721;577;577;11;566;33.53;1.91;2275;1301;1301;12;1289;57.19;0.92
85824;266101;50;Przedszkole Samorządowe nr 30 25-327 Kielce ul.Wielkopolska 15;1726;599;599;28;571;34.70;4.67;1797;1101;1101;12;1089;61.27;1.09
85825;266101;51;Klub Seniora 25-341 Kielce ul. Świętego Stanisława Kostki 4A;2304;833;833;18;815;36.15;2.16;1622;992;992;18;974;61.16;1.81
85826;266101;52;Zespół Szkół Ogólnokształcących nr 12 25-344 Kielce ul. Kujawska 18;2138;757;757;24;733;35.41;3.17;1759;1091;1091;9;1082;62.02;0.82
85827;266101;53;Przedszkole Samorządowe nr 4 25-344 Kielce ul. Kujawska 21;1973;690;690;8;682;34.97;1.16;2182;1340;1340;16;1324;61.41;1.19
85828;266101;54;Przedszkole Samorządowe nr 24 25-356 Kielce ul. Fryderyka Chopina 3;1896;668;668;12;656;35.23;1.80;2046;1252;1252;19;1233;61.19;1.52
85829;266101;55;Szkoła Podstawowa nr 28 25-361 Kielce ul. Karola Szymanowskiego 5;2052;790;790;14;776;38.50;1.77;1916;1120;1120;6;1114;58.46;0.54
85830;266101;56;Dom Działkowca 25-346 Kielce ul. Głogowa 6;2265;829;829;16;813;36.60;1.93;1846;1071;1071;7;1064;58.02;0.65
85831;266101;57;Dzienny Ośrodek Socjoterapii 25-255 Kielce ul. Wikaryjska 2;1370;335;335;4;331;24.45;1.19;1956;1206;1206;17;1189;61.66;1.41
85832;266101;58;Miejski Zarząd Dróg 25-384 Kielce ul. Jadwigi Prendowskiej 7;2167;640;640;14;626;29.53;2.19;2235;1430;1430;15;1415;63.98;1.05
85833;266101;59;Przedszkole Samorządowe nr 3 25-150 Kielce ul. Barwinek 33;2250;630;630;3;627;28.00;0.48;1376;803;803;16;787;58.36;1.99
85834;266101;60;Zespół Szkół Ogólnokształcących nr 16 25-150 Kielce ul. Barwinek 31;2174;705;707;28;677;32.43;3.97;2150;1299;1299;10;1289;60.42;0.77
85835;266101;61;Przedszkole Samorządowe nr 39 25-150 Kielce ul. Barwinek 31;2375;717;717;23;694;30.19;3.21;2179;1315;1315;13;1302;60.35;0.99
85836;266101;62;Szkoła Podstawowa nr 8 25-214 Kielce ul. Jana Karskiego 26;2070;774;774;8;766;37.39;1.03;2035;1230;1230;12;1218;60.44;0.98
85837;266101;63;Zespół Szkół Informatycznych 25-217 Kielce ul. Generała Józefa Hauke-Bosaka 1;2068;689;689;18;671;33.32;2.61;2194;1362;1362;23;1339;62.08;1.69
85838;266101;64;Młodzieżowy Ośrodek Wychowawczy 25-825 Kielce ul. Dobromyśl 44;544;133;133;2;131;24.45;1.50;2023;1284;1284;12;1272;63.47;0.93
85839;266101;65;Zespół Szkół Ogólnokształcących nr 15 25-750 Kielce ul. Krzemionkowa 1;1786;657;657;22;635;36.79;3.35;2067;1244;1244;14;1230;60.18;1.13
85840;266101;66;Zespół Szkół Ogólnokształcących nr 29 25-732 Kielce ul. Zimna 16;2063;707;707;8;699;34.27;1.13;544;294;294;8;286;54.04;2.72
85841;266101;67;Zespół Szkół Ogólnokształcących nr 15 25-750 Kielce ul. Krzemionkowa 1;2028;755;755;11;744;37.23;1.46;1732;1106;1106;15;1091;63.86;1.36
85842;266101;68;Zespół Szkół Ponadgimnazjalnych nr 1 25-734 Kielce ul. Jagiellońska 90;1140;284;284;9;275;24.91;3.17;1981;1232;1232;8;1224;62.19;0.65
85843;266101;69;Wojewódzki Szpital Zespolony,Świętokrzyskie Centrum Neurologii,Wejście Główne Nr 1 25-736 Kielce ul. Grunwaldzka 45;2309;428;428;9;419;18.54;2.10;1969;1266;1266;14;1252;64.30;1.11
85844;266101;70;Miejski Zespół Poradni Psychologiczno-Pedagogicznych 25-729 Kielce ul. Urzędnicza 16;1884;522;522;20;502;27.71;3.83;1258;694;694;6;688;55.17;0.86
85845;266101;71;Zespół Szkół Ogólnokszralcących nr 17 Specjalnych 25-604 Kielce ul. Szkolna 29;2385;754;754;22;732;31.61;2.92;2317;1002;1002;19;983;43.25;1.90
85846;266101;72;Klub „Mrówka” 25-019 Kielce ul. Karczówkowska 10;2028;663;663;16;647;32.69;2.41;1824;980;980;9;971;53.73;0.92
85847;266101;73;Przedszkole Samorządowe nr 13 25-019 Kielce ul. Karczówkowska 8;1710;546;546;11;535;31.93;2.01;2268;1322;1322;16;1306;58.29;1.21
85848;266101;74;Klub Sportowy „Stella” 25-801 Kielce ul. Krakowska 374;1486;337;337;10;327;22.68;2.97;2003;1196;1196;13;1183;59.71;1.09
85849;266101;75;Dom Harcerza 25-820 Kielce ul.Pańska 1A;2246;627;627;14;613;27.92;2.23;1725;1011;1011;5;1006;58.61;0.49
85850;266101;76;Zespół Szkół Ogólnokształcących nr 8 25-804 Kielce Aleja Górników Staszicowskich 22A;900;259;259;3;256;28.78;1.16;1466;735;735;4;731;50.14;0.54
85851;266101;77;Miejski Ośrodek Sportu i Rekreacji, Hotel Maraton 25-093 Kielce ul. Boczna 15;1397;369;369;6;363;26.41;1.63;2288;1282;1282;5;1277;56.03;0.39
85852;266101;78;I LO im. Stefana Żeromskiego 25-033 Kielce ul. Księdza Piotra Ściegiennego 15;2260;693;693;8;685;30.66;1.15;903;498;498;10;488;55.15;2.01
85853;266101;79;Przedszkole Samorządowe nr 8 z Oddziałami Integracyjnymi 25-130 Kielce ul. Hetmana Stanisława Żółkiewskiego 12;1875;669;669;9;660;35.68;1.35;1348;750;750;8;742;55.64;1.07
85854;266101;80;Zespół Szkół Ogólnokształcących nr 26 25-120 Kielce ul. Adolfa Dygasińskiego 6;1854;572;572;8;564;30.85;1.40;2230;1304;1304;13;1291;58.48;1.00
85855;266101;81;Świetlica Środowiskowa „Rafael” 25-145 Kielce ul. Posłowicka 98;800;196;196;5;191;24.50;2.55;1852;1197;1197;10;1187;64.63;0.84
85856;266101;82;Zespół Szkół Ogólnokształcących nr 11 25-147 Kielce ul. Łanowa 68;1407;340;340;4;336;24.16;1.18;1895;1138;1138;9;1129;60.05;0.79
91531;266101;83;Świętokrzyskie Centrum Matki i Noworodka Szpital Specjalistyczny 25-371 Kielce ul. Prosta 30;73;6;6;0;6;8.22;0.00;792;451;451;13;438;56.94;2.88
91532;266101;84;Dom Pomocy Społecznej im. Florentyny Malskiej 25-394 Kielce ul. Tarnowska 10;100;50;50;0;50;50.00;0.00;1405;770;770;10;760;54.80;1.30
91533;266101;85;Dom Pomocy Społecznej im. Św. Brata Alberta 25-369 Kielce ul. Stefana Żeromskiego 4/6;64;18;18;0;18;28.12;0.00;86;22;22;0;22;25.58;0.00
91534;266101;86;Samodzielny Publiczny Zakład Opieki Zdrowotnej Ministerstwa Spraw Wewnętrznych 25-024 Kielce ul. Ogrodowa 11;30;5;5;0;5;16.67;0.00;93;57;57;2;55;61.29;3.51
91535;266101;87;Areszt Śledczy 25-563 Kielce ul. Zagnańska 155;989;284;284;57;227;28.72;20.07;58;20;20;3;17;34.48;15.00
91536;266101;88;Szpital Kielecki św. Aleksandra Sp. z o. o. 25-316 Kielce ul. Generała Tadeusza Kościuszki 25;79;16;16;0;16;20.25;0.00;23;8;8;0;8;34.78;0.00
91537;266101;89;Dom Pomocy Społecznej im. Jana i Marysieńki Sobieskich 25-124 Kielce ul. Króla Jana III Sobieskiego 30;79;25;25;3;22;31.65;12.00;931;364;364;67;297;39.10;18.41
91538;266101;90;Wojewódzki Szpital Zespolony 25-736 Kielce ul. Grunwaldzka 45;881;83;83;6;77;9.42;7.23;61;27;27;1;26;44.26;3.70
91539;266101;91;Świętokrzyskie Centrum Onkologii, Samodzielny Publiczny Zakład Opieki Zdrowotnej 25-734 Kielce ul. Prezydenta Stefana Artwińskiego 3;176;56;56;5;51;31.82;8.93;62;20;20;5;15;32.26;25.00
91540;266101;92;Dom Pomocy Społecznej im. Jana Pawła II 25-734 Kielce ul. Jagiellońska 76;202;54;54;4;50;26.73;7.41;647;175;175;7;168;27.05;4.00
91541;266101;93;Dom Pomocy Społecznej im. prof. Antoniego Kępińskiego 25-734 Kielce ul. Jagiellońska 76;48;30;30;8;22;62.50;26.67;186;98;98;8;90;52.69;8.16
85857;280101;1;Bartoszycki Dom Kultury 11-200 Bartoszyce ul.Boh. Warszawy 11;1765;316;316;12;304;17.90;3.80;1733;741;741;15;726;42.76;2.02
85858;280101;2;Szkoła Podstawowa Nr 4 11-200 Bartoszyce ul.Nowowiejskiego 31;2044;346;346;5;341;16.93;1.45;2011;994;994;21;973;49.43;2.11
85859;280101;3;Sala Gimnastyczna Zespołu Szkół Nr 1 11-200 Bartoszyce ul.Mierosławskiego 1;1937;433;433;17;416;22.35;3.93;1884;886;886;34;852;47.03;3.84
85860;280101;4;Filia Miejskiej Biblioteki Publicznej 11-200 Bartoszyce ul.Ogrodowa 1a;2042;457;457;20;437;22.38;4.38;1957;1055;1055;24;1031;53.91;2.27
85861;280101;5;Zespół Szkół Nr 1 11-200 Bartoszyce ul.Traugutta 23;1954;315;315;10;305;16.12;3.17;1914;755;755;19;736;39.45;2.52
85862;280101;6;Zespół Szkół Ponadgimnazjalnych Nr 2 11-200 Bartoszyce ul.Słowackiego 1;2132;387;387;16;371;18.15;4.13;2097;918;918;16;902;43.78;1.74
85863;280101;7;Szkoła Podstawowa Nr 3 11-200 Bartoszyce ul.Marksa 18;2054;491;491;12;479;23.90;2.44;1982;1014;1014;17;997;51.16;1.68
85864;280101;8;Przedszkole Integracyjne Nr 4 11-200 Bartoszyce ul.Generała Bema 49;1822;362;362;16;346;19.87;4.42;1745;820;820;21;799;46.99;2.56
85865;280101;9;Szkoła Podstawowa Nr 7 11-200 Bartoszyce ul.Generała Bema 35 lokal: wejście od ul.Gdańskiej;1634;246;246;8;238;15.06;3.25;1570;700;700;16;684;44.59;2.29
85866;280101;10;Gimnazjum Nr 2 11-200 Bartoszyce ul.Generała Bema 35;1780;306;306;15;291;17.19;4.90;1762;842;842;9;833;47.79;1.07
85867;280101;11;Zespół Szkół z UJN 11-200 Bartoszyce ul. Leśna 1;815;143;143;1;142;17.55;0.70;895;480;480;3;477;53.63;0.62
91542;280101;12;Szpital Powiatowy 11-200 Bartoszyce ul.Kardynała Wyszyńskiego 11;135;8;8;0;8;5.93;0.00;104;27;27;1;26;25.96;3.70
91543;280101;13;Areszt Śledczy 11-200 Bartoszyce ul.Warszawska 5;128;71;71;8;63;55.47;11.27;128;48;48;4;44;37.50;8.33
91544;280101;14;Dom Pomocy Społecznej 11-200 Bartoszyce ul.Boh.Monte Cassino 4;70;22;22;0;22;31.43;0.00;69;32;32;2;30;46.38;6.25
85868;280102;1;Ośrodek Kultury 11-220 Górowo Iławeckie Kościuszki 26;1671;268;268;8;260;16.04;2.99;1656;771;771;33;738;46.56;4.28
85869;280102;2;Gimnazjum nr 1 11-220 Górowo Iławeckie Generała Sikorskiego 22;1859;226;226;9;217;12.16;3.98;1765;736;736;26;710;41.70;3.53
85870;280103;1;Młodzieżowy Dom Kultury w Bartoszycach 11-200 Bartoszyce ul.Boh.Warszawy 6;1619;133;133;5;128;8.21;3.76;1650;605;605;26;579;36.67;4.30
85871;280103;2;Dom Kultury w Bezledach 11-200 Bezledy 47;1265;179;179;10;169;14.15;5.59;1243;488;488;34;454;39.26;6.97
85872;280103;3;Świetlica Wiejska w Galinach 11-214 Galiny 36;1583;198;198;4;194;12.51;2.02;1553;583;583;23;560;37.54;3.95
85873;280103;4;Gimnazjum w Kinkajmach 11-200 Kinkajmy 17;650;78;78;5;73;12.00;6.41;645;224;224;15;209;34.73;6.70
85874;280103;5;Dom Kultury w Łabędniku 11-200 Łabędnik 11;1062;117;117;3;114;11.02;2.56;1079;351;351;19;332;32.53;5.41
85875;280103;6;Dom Kultury w Rodnowie 11-200 Rodnowo 10;667;69;69;4;65;10.34;5.80;662;203;203;15;188;30.66;7.39
85876;280103;7;Gminny Ośrodek Kultury w Tolko 11-200 Tolko 1;640;76;76;9;67;11.88;11.84;638;242;242;15;227;37.93;6.20
85877;280103;8;Dom Kultury w Wojciechach 11-200 Wojciechy 68;793;112;112;8;104;14.12;7.14;785;261;261;13;248;33.25;4.98
85878;280103;9;Szkoła Podstawowa w Żydowie 11-200 Żydowo 2;528;78;78;3;75;14.77;3.85;531;210;210;8;202;39.55;3.81
85879;280104;1;Ośrodek Kultury i Aktywności Lokalnej w Bisztynku 11-230 Bisztynek ul. Ogrodowa 2;2021;281;281;20;261;13.90;7.12;1977;707;707;22;685;35.76;3.11
85880;280104;2;Gimnazjum Publiczne w Bisztynku 11-230 Bisztynek ul. Kolejowa 5;1553;96;96;0;96;6.18;0.00;1534;404;404;9;395;26.34;2.23
85881;280104;3;Szkoła Podstawowa w Grzędzie 11-230 Grzęda 31A;372;31;31;0;31;8.33;0.00;355;84;84;6;78;23.66;7.14
85882;280104;4;Szkoła Podstawowa w Sątopach 11-230 Sątopy 1;1485;118;118;6;112;7.95;5.08;1455;399;399;26;373;27.42;6.52
85883;280105;1;Zespół Szkół z Ukraińskim Językiem Nauczania w Górowie Iławeckim 11-220 Górowo Iławeckie ul. Szkolna 6;1291;71;71;5;66;5.50;7.04;1281;422;422;23;399;32.94;5.45
85884;280105;2;Klub Seniora 11-220 Kamińsk ul. XXX-lecia PRL 8;1120;115;115;6;109;10.27;5.22;1114;396;396;11;385;35.55;2.78
85885;280105;3;Zespół Szkół w Kandytach 11-220 Kandyty 77;1229;120;120;7;113;9.76;5.83;1197;396;396;23;373;33.08;5.81
85886;280105;4;Szkoła Filialna w Pieszkowie 11-220 Pieszkowo 38;874;71;71;5;66;8.12;7.04;858;287;287;20;267;33.45;6.97
85887;280105;5;Świetlica 11-220 Gałajny 9 lokal: 1;763;66;66;5;61;8.65;7.58;773;231;231;25;206;29.88;10.82
85888;280105;6;Świetlica 11-220 Bukowiec 41;445;70;70;10;60;15.73;14.29;439;167;167;6;161;38.04;3.59
91545;280105;7;Zakład Karny w Kamińsku 11-220 Kamińsk ul. XXX-lecia PRL 1;1193;144;144;23;121;12.07;15.97;1068;309;309;21;288;28.93;6.80
85889;280106;1;Zespół Szkolno-Przedszkolny w Sępopolu 11-210 Sępopol al.Wojska Polskiego 8;1735;225;225;12;213;12.97;5.33;1677;630;630;27;603;37.57;4.29
85890;280106;2;Miejsko Gminny Ośrodek Kultury w Sępopolu 11-210 Sępopol ul. Mostowa 3;750;50;50;3;47;6.67;6.00;754;220;220;16;204;29.18;7.27
85891;280106;3;Świetlica Wiejska w Wodukajmach 11-210 Wodukajmy 20;787;46;46;2;44;5.84;4.35;780;171;171;12;159;21.92;7.02
85892;280106;4;Szkoła Podstawowa w Dzietrzychowie 11-210 Dzietrzychowo 10;787;70;70;3;67;8.89;4.29;779;203;203;15;188;26.06;7.39
85893;280106;5;Szkoła Podstawowa w Wiatrowcu 11-210 Wiatrowiec 2;582;77;77;3;74;13.23;3.90;578;168;168;9;159;29.07;5.36
85894;280106;6;Świetlica Wiejska w Smolance 11-210 Smolanka 20;721;74;74;3;71;10.26;4.05;691;217;217;12;205;31.40;5.53
85895;280201;1;Miejski Ośrodek Pomocy Społecznej 14-500 Braniewo Rzemieślnicza 1;1663;391;391;10;381;23.51;2.56;1626;769;769;28;741;47.29;3.64
85896;280201;2;Szkoła Podstawowa Nr 6 14-500 Braniewo Konarskiego 13;1578;322;322;4;318;20.41;1.24;1566;774;774;22;752;49.43;2.84
85897;280201;3;Zespół Szkół Budowlanych 14-500 Braniewo Wiejska 2;1676;324;324;7;317;19.33;2.16;1604;722;722;32;690;45.01;4.43
85898;280201;4;Braniewskie Centrum Kultury 14-500 Braniewo Katedralna 9;1692;351;351;24;327;20.74;6.84;1682;821;821;24;797;48.81;2.92
85899;280201;5;Szkoła Podstawowa Nr 5 14-500 Braniewo Moniuszki 22a;1786;340;340;13;327;19.04;3.82;1734;848;848;29;819;48.90;3.42
85900;280201;6;Liceum Ogólnokształcące 14-500 Braniewo Sikorskiego 15;1755;346;346;20;326;19.72;5.78;1768;896;896;28;868;50.68;3.12
85901;280201;7;Szkoła Podstawowa Nr 3 14-500 Braniewo PCK 4;1657;349;349;11;338;21.06;3.15;1603;781;781;19;762;48.72;2.43
85902;280201;8;Przedszkole Miejskie Nr 2 14-500 Braniewo Różana 14;1893;339;339;27;312;17.91;7.96;1868;900;900;24;876;48.18;2.67
91546;280201;9;Powiatowe Centrum Medyczne sp. z o.o. 14-500 Braniewo Moniuszki 13;55;12;12;0;12;21.82;0.00;47;4;4;0;4;8.51;0.00
91547;280201;10;Zakład Karny 14-500 Braniewo Plac Grunwaldu 2A;179;84;84;3;81;46.93;3.57;145;96;96;4;92;66.21;4.17
85903;280202;1;Urząg Gminy w Braniewie 14-500 Braniewo ul. Moniuszki 5;1604;215;215;18;197;13.40;8.37;1620;589;589;30;559;36.36;5.09
85904;280202;2;Szkoła Filialna w Szylenach 14-500 Szyleny 13;783;76;76;3;73;9.71;3.95;780;253;253;9;244;32.44;3.56
85905;280202;3;Budynek świetlicy wiejskiej w Lipowinie 14-500 Lipowina 31A;1219;176;176;7;169;14.44;3.98;1198;401;401;17;384;33.47;4.24
85906;280202;4;Budynek świetlicy wiejskiej w Żelaznej Górze 14-500 Żelazna Góra 24;678;98;98;7;91;14.45;7.14;680;242;242;13;229;35.59;5.37
85907;280202;5;Budynek świetlicy wiejskiej w Gronowie 14-500 Gronowo 15;684;85;85;3;82;12.43;3.53;697;206;206;6;200;29.56;2.91
85908;280203;1;Urząd Miasta i Gminy we Fromborku 14-530 Frombork Młynarska 5a;1012;57;57;3;54;5.63;5.26;1016;225;225;22;203;22.15;9.78
85909;280203;2;Zespół Szkół we Fromborku 14-530 Frombork Katedralna 9;1219;274;274;17;257;22.48;6.20;1206;545;545;22;523;45.19;4.04
85910;280203;3;Miejsko-Gminny Ośrodek Kultury we Fromborku 14-530 Frombork Osiedle Słoneczne 16;854;197;197;9;188;23.07;4.57;832;409;409;11;398;49.16;2.69
91548;280203;4;Samodzielny Publiczny Specjalistyczny Psychiatryczny Zakład Opieki Zdrowotnej 14-530 Frombork Sanatoryjna 1;184;40;40;4;36;21.74;10.00;225;72;72;5;67;32.00;6.94
85911;280204;1;Gminne Centrum Kultury 14-521 Lelkowo 17;990;143;143;5;138;14.44;3.50;984;377;377;18;359;38.31;4.77
85912;280204;2;Szkoła Podstawowa 14-521 Zagaje 6;715;57;57;0;57;7.97;0.00;698;155;155;14;141;22.21;9.03
85913;280204;3;Świetlica 14-521 Głębock 63;343;34;34;0;34;9.91;0.00;330;108;108;7;101;32.73;6.48
85914;280204;4;Świetlica 14-521 Wyszkowo 20;486;81;81;2;79;16.67;2.47;480;108;108;7;101;22.50;6.48
85915;280205;1;Środowiskowy Dom Samopomocy - „Bajka” 14-520 Pieniężno ul.Sienkiewicza 2;1446;259;259;17;242;17.91;6.56;1392;590;590;20;570;42.39;3.39
85916;280205;2;Zespół Szkolno-Przedszkolny 14-520 Pieniężno ul.Ornecka 8;1050;176;176;10;166;16.76;5.68;1014;427;427;10;417;42.11;2.34
85917;280205;3;Miejski Dom Kultury 14-520 Pieniężno ul.Sienkiewicza 4;1153;95;95;1;94;8.24;1.05;1099;313;313;10;303;28.48;3.19
85918;280205;4;Szkoła Podstawowa 14-520 Lechowo 72;456;44;44;6;38;9.65;13.64;455;126;126;3;123;27.69;2.38
85919;280205;5;Świetlica Sołecka 14-520 Pluty 13;424;36;36;2;34;8.49;5.56;413;104;104;6;98;25.18;5.77
85920;280205;6;Szkoła Podstawowa 14-520 Pakosze 22;381;50;50;2;48;13.12;4.00;373;112;112;8;104;30.03;7.14
85921;280205;7;Szkoła Podstawowa 14-520 Piotrowiec 10;665;36;36;2;34;5.41;5.56;644;151;151;3;148;23.45;1.99
85922;280206;1;Zespół Szkół 14-526 Płoskinia 43;1028;153;153;5;148;14.88;3.27;1041;399;399;12;387;38.33;3.01
85923;280206;2;Szkoła Podstawowa 14-526 Chruściel 27;557;72;72;4;68;12.93;5.56;539;172;172;11;161;31.91;6.40
85924;280206;3;Świetlica Wiejska 14-526 Długobór 11 A;490;37;37;0;37;7.55;0.00;487;164;164;10;154;33.68;6.10
85925;280207;1;Gimnazjum Publiczne 14-405 Wilczęta 43;1149;109;109;4;105;9.49;3.67;1153;419;419;20;399;36.34;4.77
85926;280207;2;Szkoła Podstawowa 14-405 Nowica 17;549;75;75;6;69;13.66;8.00;531;171;171;8;163;32.20;4.68
85927;280207;3;Szkoła Podstawowa 14-405 Słobity 3;768;84;84;3;81;10.94;3.57;754;226;226;17;209;29.97;7.52
85928;280301;1;Zespół Szkół Nr 2 w Działdowie 13-200 Działdowo ul.Polna 11;1663;291;291;13;278;17.50;4.47;1694;816;816;10;806;48.17;1.23
85929;280301;2;Zespół Szkół Nr 1 w Działdowie 13-200 Działdowo ul.Grunwaldzka 4;1530;244;244;6;238;15.95;2.46;1515;650;650;24;626;42.90;3.69
85930;280301;3;Przedsiębiorstwo Budowlano-Usługowe „PRIMBUD” Spółka z o.o. w Działdowie 13-200 Działdowo ul.Osiedleńcza 1;1558;306;306;8;298;19.64;2.61;1515;719;719;28;691;47.46;3.89
85931;280301;4;Gimnazjum Nr 1 w Działdowie (Sala Sportowa) 13-200 Działdowo ul.Wł. Jagiełły 33;743;138;138;11;127;18.57;7.97;728;297;297;9;288;40.80;3.03
85932;280301;5;Urząd Miasta Działdowo (sala ślubów - Ratusz miejski) 13-200 Działdowo Pl.Mickiewicza 43;796;123;123;2;121;15.45;1.63;772;309;309;18;291;40.03;5.83
85933;280301;6;Zespół Szkół Zawodowych Nr 1 w Działdowie 13-200 Działdowo ul.Pocztowa 6;802;151;151;3;148;18.83;1.99;782;307;307;14;293;39.26;4.56
85934;280301;7;Gimnazjum Nr 2 w Działdowie 13-200 Działdowo ul.Sportowa 1;1713;295;295;9;286;17.22;3.05;1714;735;735;28;707;42.88;3.81
85935;280301;8;Szkoła Podstawowa Nr 3 w Działdowie 13-200 Działdowo ul.Lenartowicza 1;1717;303;303;7;296;17.65;2.31;1674;746;746;25;721;44.56;3.35
85936;280301;9;Spółdzielnia Mieszkaniowa Lokatorsko - Własnościowa w Działdowie 13-200 Działdowo ul.Nidzicka 17;1689;271;271;16;255;16.04;5.90;1632;614;614;16;598;37.62;2.61
85937;280301;10;Hala Sportowa przy Gimnazjum Nr 2 w Działdowie 13-200 Działdowo ul.Sportowa 1;1686;311;311;11;300;18.45;3.54;1673;703;703;19;684;42.02;2.70
85938;280301;11;Przedsiębiorstwo Ciepłownicze Spółka z oo. w Działdowie 13-200 Działdowo ul.Marii Zientary - Malewskiej 1b;1724;320;320;9;311;18.56;2.81;1717;826;826;12;814;48.11;1.45
85939;280301;12;Miejski Ośrodek Sportu i Rekreacji w Działdowie 13-200 Działdowo ul.Robotnicza 10;1687;292;292;6;286;17.31;2.05;1675;783;783;26;757;46.75;3.32
91549;280301;13;Samodzielny Publiczny Zakład Opieki Zdrowotnej w Działdowie 13-200 Działdowo ul.Leśna 1;121;11;11;4;7;9.09;36.36;114;54;54;11;43;47.37;20.37
91550;280301;14;Areszt Sledczy w Działdowie 13-200 Działdowo ul.Wł.Jagiełły 31a;85;62;62;12;50;72.94;19.35;74;44;44;10;34;59.46;22.73
85940;280302;1;Szkoła Podstawowa w Klęczkowie 13-200 Klęczkowo 13;565;38;38;0;38;6.73;0.00;571;143;143;6;137;25.04;4.20
85941;280302;2;Świetlica Wiejska w Kurkach 13-200 Kurki 59;347;27;27;3;24;7.78;11.11;340;93;93;10;83;27.35;10.75
85942;280302;3;Szkoła Podstawowa w Petrykozach 13-200 Petrykozy 59;771;58;58;4;54;7.52;6.90;751;217;217;20;197;28.89;9.22
85943;280302;4;Świetlica Wiejska w Księżym Dworze 13-200 Księży Dwór 55;657;62;62;3;59;9.44;4.84;646;252;252;14;238;39.01;5.56
85944;280302;5;Szkoła Podstawowa w Uzdowie 13-214 Uzdowo 75;872;106;106;6;100;12.16;5.66;871;298;298;12;286;34.21;4.03
85945;280302;6;Szkoła Podstawowa w Ruszkowie 13-214 Ruszkowo 64;1383;110;110;2;108;7.95;1.82;1356;344;344;23;321;25.37;6.69
85946;280302;7;Szkoła Podstawowa w Wysokiej 13-200 Wysoka 62;599;47;47;0;47;7.85;0.00;609;185;185;3;182;30.38;1.62
85947;280302;8;Gimnazjum w Burkacie 13-200 Burkat 46;694;94;94;0;94;13.54;0.00;705;301;301;17;284;42.70;5.65
85948;280302;9;Szkoła Podstawowa w Turzy Wielkiej 13-214 Turza Wielka 57A;529;77;77;6;71;14.56;7.79;533;189;189;10;179;35.46;5.29
85949;280302;10;Świetlica Wiejska w Kisinach 13-200 Kisiny 38;531;89;89;2;87;16.76;2.25;539;209;209;4;205;38.78;1.91
85950;280302;11;Świetlica Wiejska w Grzybinach 13-214 Grzybiny 31;474;50;50;7;43;10.55;14.00;480;95;95;13;82;19.79;13.68
91551;280302;12;Dom Pomocy Społecznej w Uzdowie 13-214 Uzdowo 18/19;71;37;37;1;36;52.11;2.70;65;22;22;5;17;33.85;22.73
85951;280303;1;Gminny Ośrodek Kultury i Sportu w Iłowie-Osadzie 13-240 Iłowo-Osada ul.Staszica 1;792;155;155;13;142;19.57;8.39;793;375;375;16;359;47.29;4.27
85952;280303;2;Zespół Szkół Zawodowych w Iłowie-Osadzie 13-240 Iłowo-Osada ul.Leśna 10A;1658;249;249;16;233;15.02;6.43;1664;682;682;45;637;40.99;6.60
85953;280303;3;Remiza Ochotniczej Straży Pożarnej w Iłowie-Wsi 13-240 Iłowo-Wieś ul.Wiejska 4A;596;66;66;5;61;11.07;7.58;616;213;213;12;201;34.58;5.63
85954;280303;4;Szkoła Podstawowa w Białutach 13-240 Białuty 1;754;79;79;5;74;10.48;6.33;748;215;215;18;197;28.74;8.37
85955;280303;5;Zespół Szkół Nr 2 w Narzymiu 13-240 Narzym ul.Kościelna 14;1886;155;155;22;133;8.22;14.19;1904;577;577;47;530;30.30;8.15
85956;280304;1;Gimnazjum 13-230 Lidzbark Nowa 10;1555;303;303;10;293;19.49;3.30;1534;640;640;13;627;41.72;2.03
85957;280304;2;Przedszkole Miejskie 13-230 Lidzbark Akacjowa 19;1684;215;215;8;207;12.77;3.72;1662;647;647;15;632;38.93;2.32
85958;280304;3;Miejski Ośrodek Pomocy Społecznej 13-230 Lidzbark Jeleńska 26;1542;257;257;7;250;16.67;2.72;1476;619;619;36;583;41.94;5.82
85959;280304;4;Liceum Ogólnokształcące 13-230 Lidzbark Garbuzy 24;1640;193;193;4;189;11.77;2.07;1634;556;556;31;525;34.03;5.58
85960;280304;5;Dom Strażaka 13-230 Lidzbark Nowy Rynek 15;1563;215;215;9;206;13.76;4.19;1525;537;538;28;509;35.21;5.21
85961;280304;6;Szkoła Podstawowa 13-230 Słup 41;827;91;91;7;84;11.00;7.69;825;254;254;15;239;30.79;5.91
85962;280304;7;Niepubliczna Szkoła Podstawowa im. Wincentego Witosa 13-230 Wąpiersk 31;747;97;97;5;92;12.99;5.15;741;232;232;14;218;31.31;6.03
85963;280304;8;Szkoła Podstawowa 13-230 Bryńsk 71;715;68;68;2;66;9.51;2.94;720;216;216;15;201;30.00;6.94
85964;280304;9;Świetlica Wiejska 13-230 Nowy Dwór 16;416;91;91;1;90;21.88;1.10;413;155;155;11;144;37.53;7.10
85965;280304;10;Szkoła Podstawowa 13-203 Stare Dłutowo Długa 61;1003;91;91;9;82;9.07;9.89;998;351;351;19;332;35.17;5.41
85966;280305;1;Szkoła Podstawowa 13-206 Płośnica Lipowa 5;1413;151;151;10;141;10.69;6.62;1403;508;508;23;485;36.21;4.53
85967;280305;2;Publiczne Gimnazjum 13-206 Gródki 29;938;103;103;4;99;10.98;3.88;920;319;319;10;309;34.67;3.13
85968;280305;3;Remiza OSP 13-206 Rutkowice 33;573;34;34;2;32;5.93;5.88;572;151;151;12;139;26.40;7.95
85969;280305;4;Szkoła Podstawowa 13-206 Niechłonin 92;1175;110;110;3;107;9.36;2.73;1169;428;428;34;394;36.61;7.94
85970;280305;5;Dom Strażaka 13-230 Wielki Łęck 40;596;62;62;10;52;10.40;16.13;608;191;191;9;182;31.41;4.71
85971;280306;1;Szkoła Podstawowa w Rumianie 13-220 Rumian 12;399;64;64;2;62;16.04;3.12;408;200;200;10;190;49.02;5.00
85972;280306;2;Szkoła Podstawowa w Hartowcu 13-220 Hartowiec 40;509;60;60;5;55;11.79;8.33;507;227;228;11;216;44.77;4.85
85973;280306;3;Szkoła Podstawowa w Żabinach 13-220 Żabiny 26;739;89;89;3;86;12.04;3.37;732;280;281;12;268;38.25;4.29
85974;280306;4;Szkoła Podstawowa w Koszelewach 13-206 Koszelewy 78;442;42;42;2;40;9.50;4.76;449;124;124;8;116;27.62;6.45
85975;280306;5;Sala Konferencyjna w Urzędzie Gminy Rybno 13-220 Rybno ul.Lubawska 15;1127;233;233;11;222;20.67;4.72;1145;593;593;26;567;51.79;4.38
85976;280306;6;Świetlica Wiejska w Tuczkach 13-220 Tuczki 38;565;66;66;2;64;11.68;3.03;578;214;214;14;200;37.02;6.54
85977;280306;7;Remiza OSP w Dębieniu 13-220 Dębień 9;467;68;68;5;63;14.56;7.35;474;215;215;6;209;45.36;2.79
85978;280306;8;Sala OSP w Rybnie 13-220 Rybno Lubawska 15;1116;223;223;9;214;19.98;4.04;1116;498;498;21;477;44.62;4.22
85979;280306;9;Szkoła Podstawowa w Jeglii 13-220 Jeglia 11;314;56;56;7;49;17.83;12.50;315;135;135;11;124;42.86;8.15
85980;280401;1;Zespół Szkół w Nowakowie 82-300 Nowakowo 47;1162;134;134;8;126;11.53;5.97;1162;368;368;12;356;31.67;3.26
85981;280401;2;Dom Pomocy Społecznej we Władysławowie 82-300 Władysławowo 4;1052;111;111;3;108;10.55;2.70;1047;340;340;17;323;32.47;5.00
85982;280401;3;Zespół Szkół w Gronowie Górnym 82-300 Gronowo Górne Szmaragdowa 5;1977;272;272;7;265;13.76;2.57;2042;897;897;21;876;43.93;2.34
85983;280401;4;Gminna Biblioteka Publiczna w Komorowie Żuławskim 82-300 Komorowo Żuławskie 6;950;89;89;1;88;9.37;1.12;962;360;360;24;336;37.42;6.67
85984;280401;5;Szkoła Podstawowa w Węzinie 82-300 Węzina 16;560;68;68;5;63;12.14;7.35;558;153;153;11;142;27.42;7.19
85985;280402;1;Szkoła Podstawowa 14-407 Bielica 11;855;83;83;9;74;9.71;10.84;845;239;239;11;228;28.28;4.60
85986;280402;2;Urząd Gminy 14-407 Godkowo 14;1062;134;134;6;128;12.62;4.48;1068;344;344;20;324;32.21;5.81
85987;280402;3;Gimnazjum 14-407 Dobry 29;750;41;41;2;39;5.47;4.88;730;191;191;10;181;26.16;5.24
85988;280403;1;Gimnazjum 82-335 Gronowo Elbląskie Osiedlowa 6a;2192;283;283;23;260;12.91;8.13;2147;779;779;32;747;36.28;4.11
85989;280403;2;Szkoła Podstawowa 82-335 Jegłownik Malborska 43;1823;171;171;8;163;9.38;4.68;1829;624;624;34;590;34.12;5.45
85990;280404;1;Świetlica Środowiskowa 82-325 Markusy 68;1138;77;77;7;70;6.77;9.09;1147;323;323;15;308;28.16;4.64
85991;280404;2;Szkoła Podstawowa 82-325 Żurawiec Elbląska 15;862;86;86;3;83;9.98;3.49;859;277;277;16;261;32.25;5.78
85992;280404;3;Szkoła Podstawowa 82-325 Zwierzno 28;1177;108;108;7;101;9.18;6.48;1191;370;370;14;356;31.07;3.78
85993;280405;1;Gimnazjum 82-316 Milejewo Szkolna 4;1563;180;180;5;175;11.52;2.78;1585;649;649;23;626;40.95;3.54
85994;280405;2;Świetlica Wiejska 82-316 Pomorska Wieś 40;1075;147;147;5;142;13.67;3.40;1085;412;412;20;392;37.97;4.85
85995;280406;1;Ośrodek Kultury 14-420 Młynary ul.Dworcowa 10;1587;260;260;16;244;16.38;6.15;1625;678;678;30;648;41.72;4.42
85996;280406;2;Zespół Szkół 14-420 Młynary ul. Warszawska 1;1348;131;131;6;125;9.72;4.58;1360;487;487;23;464;35.81;4.72
85997;280406;3;Szkoła Podstawowa 14-420 Błudowo 48;712;79;79;3;76;11.10;3.80;720;225;225;12;213;31.25;5.33
85998;280407;1;Ośrodek Szkolenia i Wychowania OHP w Pasłęku 14-400 Pasłęk ul. Bohaterów Westerplatte 20;1134;218;218;7;211;19.22;3.21;1135;555;555;5;550;48.90;0.90
85999;280407;2;Zespół Szkół Powszechnych w Pasłęku 14-400 Pasłęk ul. 3 Maja 21;1016;207;207;5;202;20.37;2.42;1017;462;462;13;449;45.43;2.81
86000;280407;3;Przedszkole Samorządowe nr 2 w Pasłęku 14-400 Pasłęk ul. Gdańska 17;1096;246;246;3;243;22.45;1.22;1064;512;512;21;491;48.12;4.10
86001;280407;4;Zespół Szkół w Pasłęku 14-400 Pasłęk ul. Zwycięstwa 28;1144;185;185;4;181;16.17;2.16;1148;458;458;11;447;39.90;2.40
86002;280407;5;Przedszkole Samorządowe nr 1 w Pasłęku 14-400 Pasłęk ul. 11 Listopada 8;1108;264;264;7;257;23.83;2.65;1097;515;515;19;496;46.95;3.69
86003;280407;6;Filia Zespołu Szkół Powszechnych w Pasłęku 14-400 Pasłęk ul. Spółdzielcza 7;1126;227;227;10;217;20.16;4.41;1106;533;533;8;525;48.19;1.50
86004;280407;7;Pasłęcki Ośrodek Kultury w Pasłęku 14-400 Pasłęk Plac Świętego Wojciecha 5;1130;175;175;5;170;15.49;2.86;1115;407;407;17;390;36.50;4.18
86005;280407;8;Zespół Szkół Ekonomicznych i Technicznych w Pasłęku 14-400 Pasłęk ul. Wojska Polskiego 36;1171;205;205;3;202;17.51;1.46;1156;539;539;11;528;46.63;2.04
86006;280407;9;Szkoła Podstawowa nr 2 w Pasłęku 14-400 Pasłęk ul. Sprzymierzonych 9;1119;165;165;6;159;14.75;3.64;1143;500;500;17;483;43.74;3.40
86007;280407;10;Miejski Ośrodek Sportu i Rekreacji 14-400 Pasłęk ul. Kraszewskiego 2a;933;66;66;0;66;7.07;0.00;935;289;289;7;282;30.91;2.42
86008;280407;11;Środowiskowy Dom Samopomocy w Rzecznej 14-400 Rzeczna 19;1029;88;88;1;87;8.55;1.14;1010;276;276;9;267;27.33;3.26
86009;280407;12;Gimnazjum nr 1 w Pasłęku 14-400 Pasłęk ul. Władysława Jagiełły 30;1380;115;115;5;110;8.33;4.35;1397;389;389;26;363;27.85;6.68
86010;280407;13;Szkoła Podstawowa z Oddziałami Integracyjnymi w Zielonce Pasłęckiej 14-400 Zielonka Pasłęcka 17;1358;129;129;4;125;9.50;3.10;1346;395;395;25;370;29.35;6.33
86011;280407;14;Szkoła Podstawowa w Rogajnach 14-400 Rogajny 27;947;74;74;2;72;7.81;2.70;935;252;252;18;234;26.95;7.14
91552;280407;15;Szpital Powiatowy Spółka z o. o. w Pasłęku 14-400 Pasłęk Kopernika 20C;60;1;1;0;1;1.67;0.00;36;9;9;0;9;25.00;0.00
86012;280408;1;Świetlica Wiejska w Jelonkach 14-411 Jelonki 108;977;107;107;1;106;10.95;0.93;973;327;327;17;310;33.61;5.20
86013;280408;2;Świetlica Wiejska w Kwietniewie 14-411 Kwietniewo 7;859;96;96;3;93;11.18;3.12;854;209;209;10;199;24.47;4.78
86014;280408;3;Zespół Szkół w Rychlikach 14-411 Rychliki 34;1359;153;153;4;149;11.26;2.61;1348;379;379;15;364;28.12;3.96
86015;280409;1;Szkoła Podstawowa 82-340 Łęcze 29;620;66;66;2;64;10.65;3.03;640;224;224;13;211;35.00;5.80
86016;280409;2;Świetlica Wiejska 82-340 Suchacz ul. Kielecka 2B;1029;139;139;4;135;13.51;2.88;1021;379;379;9;370;37.12;2.37
86017;280409;3;Ponadlokalna Świetlica Środowiskowa 82-340 Pogrodzie 41C;835;97;97;9;88;11.62;9.28;822;268;268;10;258;32.60;3.73
86018;280409;4;Miejsko-Gminny Ośrodek Kultury 82-340 Tolkmicko Świętojańska 1;2126;300;300;14;286;14.11;4.67;2094;828;828;34;794;39.54;4.11
86019;280409;5;Dom Pomocy Społecznej 82-340 Rangóry 106;24;11;11;0;11;45.83;0.00;31;10;10;0;10;32.26;0.00
86020;280409;6;Dom Pomocy Społecznej 82-340 Tolkmicko ul. Szpitalna 2;94;17;17;4;13;18.09;23.53;89;26;26;6;20;29.21;23.08
86021;280409;7;Świetlica Wiejska 82-340 Kadyny 41A;588;57;57;3;54;9.69;5.26;582;210;210;10;200;36.08;4.76
86022;280501;1;Specjalny Ośrodek Szkolno-Wychowawczy w Ełku 19-300 Ełk ul. Grajewska 16A;1998;370;370;7;363;18.52;1.89;1997;907;907;20;887;45.42;2.21
86023;280501;2;Szkoła Podstawowa Nr 5 w Ełku 19-300 Ełk ul. Księdza Jerzego Popiełuszki 6;2046;331;331;16;315;16.18;4.83;2055;941;941;32;909;45.79;3.40
86024;280501;3;Szkoła Podstawowa Nr 5 w Ełku 19-300 Ełk ul. Księdza Jerzego Popiełuszki 6;1932;364;364;27;337;18.84;7.42;1880;864;864;19;845;45.96;2.20
86025;280501;4;Szkoła Podstawowa Nr 5 w Ełku 19-300 Ełk ul. Św. Maksymiliana Marii Kolbe 11;1783;346;346;8;338;19.41;2.31;1805;896;896;10;886;49.64;1.12
86026;280501;5;Zespół Szkół nr 3 w Ełku 19-300 Ełk ul. Koszykowa 1;2105;338;338;16;322;16.06;4.73;2005;844;844;19;825;42.09;2.25
86027;280501;6;Szkoła Podstawowa Nr 7 w Ełku 19-300 Ełk ul. J. Kilińskiego 48;2025;369;369;9;360;18.22;2.44;1961;864;864;17;847;44.06;1.97
86028;280501;7;Centrum Edukacji Ekologicznej w Ełku 19-300 Ełk ul. Parkowa 12;1954;309;309;8;301;15.81;2.59;1909;800;800;8;792;41.91;1.00
86029;280501;8;Szkoła Podstawowa Nr 7 w Ełku 19-300 Ełk ul. J. Kilińskiego 48;2049;361;361;3;358;17.62;0.83;1961;831;831;22;809;42.38;2.65
86030;280501;9;Powiatowy Urząd Pracy w Ełku 19-300 Ełk ul. Suwalska 38;2069;452;452;8;444;21.85;1.77;1999;881;881;21;860;44.07;2.38
86031;280501;10;Gimnazjum Nr 3 w Ełku 19-300 Ełk ul. Majora Jana Piwnika Ponurego 1;2132;444;444;3;441;20.83;0.68;2083;987;987;14;973;47.38;1.42
86032;280501;11;Szkoła Podstawowa Nr 9 w Ełku 19-300 Ełk ul. Majora Jana Piwnika Ponurego 1;1996;354;354;10;344;17.74;2.82;2051;875;875;15;860;42.66;1.71
86033;280501;12;Szkoła Policealna w Ełku 19-300 Ełk ul. K. A. Bahrkego 2B;1878;284;284;7;277;15.12;2.46;1810;724;724;15;709;40.00;2.07
86034;280501;13;Szkoła Podstawowa nr 3 w Ełku 19-300 Ełk ul. Grodzieńska 1;2102;427;427;10;417;20.31;2.34;2095;998;998;23;975;47.64;2.30
86035;280501;14;Zespół Szkół nr 6 w Ełku 19-300 Ełk ul. M. Kajki 4;2107;420;420;19;401;19.93;4.52;1166;563;563;18;545;48.28;3.20
86036;280501;15;Zespół Szkół Nr 6 w Ełku 19-300 Ełk ul. M. Kajki 4;1876;363;363;13;350;19.35;3.58;1818;839;839;15;824;46.15;1.79
86037;280501;16;Ełckie Centrum Kultury w Ełku 19-300 Ełk ul. Wojska Polskiego 47;1927;352;352;17;335;18.27;4.83;1881;806;806;22;784;42.85;2.73
86038;280501;17;Ełckie Centrum Kultury w Ełku 19-300 Ełk ul. Wojska Polskiego 47;1983;333;333;8;325;16.79;2.40;1975;792;792;21;771;40.10;2.65
86039;280501;18;Szkoła Podstawowa nr 4 w Ełku 19-300 Ełk ul. Prof. Władysława Szafera 2;2188;546;546;10;536;24.95;1.83;2120;1064;1064;28;1036;50.19;2.63
86040;280501;19;I Liceum Ogólnokształcące w Ełku 19-300 Ełk ul. Marszałka Józefa Piłsudskiego 3;2015;394;394;7;387;19.55;1.78;1925;864;864;36;828;44.88;4.17
86041;280501;20;I Liceum Ogólnokształcące w Ełku 19-300 Ełk ul. Marszałka Józefa Piłsudskiego 3;1890;330;330;14;316;17.46;4.24;1830;689;689;12;677;37.65;1.74
86042;280501;21;Gimnazjum nr 1 w Ełku 19-300 Ełk ul. J. i H. Małeckich 1;1812;221;221;7;214;12.20;3.17;1790;582;582;17;565;32.51;2.92
86043;280501;22;Szkoła Podstawowa Nr 2 w Ełku 19-300 Ełk ul. J. i H. Małeckich 1;2035;408;408;8;400;20.05;1.96;2011;860;860;31;829;42.76;3.60
86044;280501;23;Szkoła Podstawowa Nr 2 w Ełku 19-300 Ełk ul. J. i H. Małeckich 1;2033;338;338;8;330;16.63;2.37;1990;742;742;29;713;37.29;3.91
91553;280501;24;108 Szpital Wojskowy z Przychodnią SP ZOZ, ul. Kościuszki 30, 19-300 Ełk, budynek główny nr 90 szpitala, parter, pokój nr 11 19-300 Ełk Kościuszki 30;47;5;5;0;5;10.64;0.00;1171;641;641;9;632;54.74;1.40
91554;280501;25;„PRO MEDICA” w Ełku sp. z o. o., ul. Baranki 24, 19-300 Ełk, pokój nr 201 19-300 Ełk Baranki 24;109;16;16;0;16;14.68;0.00;113;41;41;1;40;36.28;2.44
86045;280502;1;Zespół Szkół Samorządowych w Chełchach 19-300 Chełchy 26;949;95;95;2;93;10.01;2.11;952;283;283;17;266;29.73;6.01
86046;280502;2;Szkoła Podstawowa w Mrozach Wielkich 19-300 Mrozy Wielkie 12;583;98;98;5;93;16.81;5.10;587;246;246;8;238;41.91;3.25
86047;280502;3;Świetlica Wiejska w Reglu 19-300 Regiel 12;388;70;70;1;69;18.04;1.43;389;159;159;4;155;40.87;2.52
86048;280502;4;Szkoła Podstawowa w Nowej Wsi Ełckiej 19-300 Nowa Wieś Ełcka ul. Ełcka 18;1014;112;112;4;108;11.05;3.57;1054;342;342;12;330;32.45;3.51
86049;280502;5;Świetlica Wiejska w Mostołtach 19-300 Mostołty 11/ lokal: 11;733;53;53;2;51;7.23;3.77;742;185;185;9;176;24.93;4.86
86050;280502;6;Świetlica Wiejska w Baranach 19-300 Barany ul. Wrzosowa 2;823;91;91;2;89;11.06;2.20;862;351;351;7;344;40.72;1.99
86051;280502;7;Spółdzielnia Mieszkaniowa w Ruskiej Wsi 19-300 Ruska Wieś 14;644;68;68;6;62;10.56;8.82;645;182;182;10;172;28.22;5.49
86052;280502;8;Świetlica Wiejska w Rożyńsku 12-250 Rożyńsk 17;457;87;87;0;87;19.04;0.00;442;130;130;6;124;29.41;4.62
86053;280502;9;Zesół Szkół Samorządowych w Woszczelach 19-300 Woszczele ul. Szkolna 4;515;86;86;0;86;16.70;0.00;515;206;206;9;197;40.00;4.37
86054;280502;10;Centrum Edukacji Ekologicznej Gminy Ełk w Siedliskach 19-300 Siedliska 25A;460;89;89;3;86;19.35;3.37;467;206;206;6;200;44.11;2.91
86055;280502;11;Centrum Kultury Gminy Ełk w Stradunach 19-300 Straduny ul. Kajki 10;1780;234;234;14;220;13.15;5.98;1807;620;620;20;600;34.31;3.23
91555;280502;12;Dom Pomocy Społecznej w Nowej Wsi Ełckiej 19-300 Nowa Wieś Ełcka Lipowa 1;199;21;21;3;18;10.55;14.29;197;34;34;8;26;17.26;23.53
86056;280503;1;Gminny Ośrodek Kultury w Kalinowie 19-314 Kalinowo ul. Mazurska 8;1709;150;150;6;144;8.78;4.00;1708;540;540;18;522;31.62;3.33
86057;280503;2;Strażnica OSP 19-314 Milewo 15a;730;74;74;5;69;10.14;6.76;724;178;178;12;166;24.59;6.74
86058;280503;3;Budynek po Szkole Podstawowej 19-314 Wysokie 12;711;52;52;1;51;7.31;1.92;700;155;155;6;149;22.14;3.87
86059;280503;4;Wiejski Dom Kultury 19-314 Pisanica 64;809;108;108;12;96;13.35;11.11;784;237;237;10;227;30.23;4.22
86060;280503;5;Szkoła Podstawowa 19-314 Sypitki 3;638;55;55;0;55;8.62;0.00;654;183;183;8;175;27.98;4.37
86061;280503;6;Szkoła Podstawowa 19-314 Borzymy 22;817;81;81;10;71;9.91;12.35;801;221;221;18;203;27.59;8.14
91556;280503;7;Dom Pomocy Społecznej „LILI” w Golubiach 19-314 Golubie 7a;47;20;20;7;13;42.55;35.00;70;41;41;1;40;58.57;2.44
86062;280504;1;Remiza Strażacka 19-335 Prostki ul. 1 Maja 25A;969;154;154;6;148;15.89;3.90;933;298;298;13;285;31.94;4.36
86063;280504;2;Publiczne Gimnazjum w Prostkach 19-335 Prostki ul. Szkolna 9;1018;118;118;5;113;11.59;4.24;1021;264;264;8;256;25.86;3.03
86064;280504;3;Szkoła Podstawowa w Prostkach 19-335 Prostki ul. 1 Maja 19;754;86;86;2;84;11.41;2.33;744;231;231;10;221;31.05;4.33
86065;280504;4;Urząd Gminy Prostki 19-335 Prostki ul. 1 Maja 44B;783;66;66;5;61;8.43;7.58;777;185;185;4;181;23.81;2.16
86066;280504;5;Szkoła Podstawowa w Bobrach 19-335 Bobry 12;409;43;43;1;42;10.51;2.33;410;96;96;5;91;23.41;5.21
86067;280504;6;Szkoła Podstawowa w Rożyńsku Wielkim 19-335 Rożyńsk Wielki 31;777;71;71;3;68;9.14;4.23;773;179;179;15;164;23.16;8.38
86068;280504;7;Zespół Szkół w Wiśniowie Ełckim 19-335 Wiśniowo Ełckie 40;1210;94;94;5;89;7.77;5.32;1203;296;296;19;277;24.61;6.42
86069;280505;1;Zespół Szkół Samorządowych w Starych Juchach 19-330 Stare Juchy ul. Mazurska 11;1093;99;99;2;97;9.06;2.02;1093;374;374;12;362;34.22;3.21
86070;280505;2;Świetlica wiejska w Grabniku 19-330 Grabnik;305;49;49;5;44;16.07;10.20;314;99;99;6;93;31.53;6.06
86071;280505;3;Świetlica wiejska w strażnicy OSP w Skomacku Wielkim 19-330 Skomack Wielki 25;437;31;31;1;30;7.09;3.23;438;104;104;4;100;23.74;3.85
86072;280505;4;Gminny Ośrodek Kultury w Starych Juchach 19-330 Stare Juchy ul. Ełcka 8;1301;160;160;6;154;12.30;3.75;1271;448;448;8;440;35.25;1.79
86073;280601;1;Zespół Szkół Nr 1 im. Mikołaja Kopernika w Giżycku 11-500 Giżycko ul. Wiejska 50;2289;457;457;9;448;19.97;1.97;2255;1043;1043;24;1019;46.25;2.30
86074;280601;2;„Żegluga Mazurska” Sp. z o.o. 11-500 Giżycko ul. Al. Wojska Polskiego 8;2169;481;481;11;470;22.18;2.29;2094;1075;1075;13;1062;51.34;1.21
86075;280601;3;Gimnazjum Nr 1 im. Jana Pawła II w Giżycku 11-500 Giżycko ul. Gimnazjalna 1;2248;369;369;10;359;16.41;2.71;2177;914;914;37;877;41.98;4.05
86076;280601;4;Sala Sportowa MOSiR 11-500 Giżycko ul. 3 Maja 21A;1360;304;304;8;296;22.35;2.63;1304;551;551;8;543;42.25;1.45
86077;280601;5;Kino „Fala” 11-500 Giżycko ul. Plac Grunwaldzki 2;2387;589;589;14;575;24.68;2.38;2309;1045;1045;21;1024;45.26;2.01
86078;280601;6;Zespół Szkół Zawodowych 11-500 Giżycko ul. I Dywizji im. T. Kościuszki 16;1167;223;223;9;214;19.11;4.04;1144;457;457;10;447;39.95;2.19
86079;280601;7;Przedszkole Miejskie Nr 4 w Giżycku 11-500 Giżycko ul. Jagiełły 3;2356;499;499;16;483;21.18;3.21;2293;1070;1070;27;1043;46.66;2.52
86080;280601;8;Szkoła Podstawowa Nr 6 w Giżycku 11-500 Giżycko ul. Pionierska 13;2310;411;411;13;398;17.79;3.16;2235;997;997;18;979;44.61;1.81
86081;280601;9;Szkoła Podstawowa Nr 7 im. Janusza Korczaka w Giżycku 11-500 Giżycko ul. Wodociągowa 8;2245;477;477;11;466;21.25;2.31;2187;1046;1046;13;1033;47.83;1.24
86082;280601;10;Miejski Ośrodek Pomocy Społecznej w Giżycku 11-500 Giżycko ul. Wodociągowa 15;1166;233;233;5;228;19.98;2.15;1132;530;530;18;512;46.82;3.40
86083;280601;11;Spółdzielnia Mieszkaniowa „Mamry” w Giżycku 11-500 Giżycko ul. Jagiełły 1;2046;415;415;10;405;20.28;2.41;2047;1032;1032;18;1014;50.42;1.74
86084;280601;12;Gimnazjum Nr 2 im. Chwały Oręża Polskiego w Giżycku 11-500 Giżycko ul. Warszawska 39;2173;487;487;12;475;22.41;2.46;2173;984;984;27;957;45.28;2.74
91557;280601;13;Areszt Śledczy w Giżycku 11-500 Giżycko Warszawska 28A;107;40;40;5;35;37.38;12.50;105;51;51;8;43;48.57;15.69
91558;280601;14;Szpital Giżycki Spółka z o.o. w Giżycku 11-500 Giżycko Warszawska 41;146;34;34;2;32;23.29;5.88;153;63;63;3;60;41.18;4.76
91559;280601;15;Dom Pomocy Społecznej w Giżycku 11-500 Giżycko Warszawska 31;129;36;36;6;30;27.91;16.67;123;44;44;5;39;35.77;11.36
86085;280604;1;Świetlica Wiejska w Kamionkach 11-500 Kamionki 11;453;44;44;6;38;9.71;13.64;455;119;119;8;111;26.15;6.72
86086;280604;2;Świetlica Wiejska w Sterławkach Małych 11-500 Sterławki Małe 2B;522;44;44;1;43;8.43;2.27;517;178;178;5;173;34.43;2.81
86087;280604;3;Świetlica Wiejska w Szczybałach Giżyckich 11-500 Szczybały Giżyckie 10A;633;54;54;1;53;8.53;1.85;650;220;220;12;208;33.85;5.45
86088;280604;4;Gminny Ośrodek Kultury i Rekreacji w Wilkasach 11-500 Wilkasy ul. Olsztyńska 54;1316;252;252;5;247;19.15;1.98;1326;618;618;18;600;46.61;2.91
86089;280604;5;Świetlica Wiejska w Antonowie 11-500 Antonowo ul. Sympatyczna 38;366;95;95;4;91;25.96;4.21;367;190;190;5;185;51.77;2.63
86090;280604;6;Świetlica Wiejska w Spytkowie 11-500 Spytkowo 21A;406;50;50;5;45;12.32;10.00;403;145;145;12;133;35.98;8.28
86091;280604;7;Świetlica Wiejska w Pieczonkach 11-500 Pieczonki 7;404;26;26;1;25;6.44;3.85;389;101;101;9;92;25.96;8.91
86092;280604;8;Urząd Gminy Giżycko 11-500 Gajewo ul. Mickiewicza 33;555;95;95;0;95;17.12;0.00;574;323;323;5;318;56.27;1.55
86093;280604;9;Świetlica Wiejska w Sulimach 11-500 Sulimy 3A;509;70;70;2;68;13.75;2.86;516;200;200;5;195;38.76;2.50
86094;280604;10;Świetlica Wiejska w Upałtach Małych 11-500 Upałty Małe 5;421;36;36;2;34;8.55;5.56;421;130;130;12;118;30.88;9.23
86095;280604;11;Szkoła Podstawowa w Bystrym 11-500 Bystry 9A;624;105;105;5;100;16.83;4.76;625;275;275;17;258;44.00;6.18
86096;280604;12;Świetlica Wiejska w Upałtach 11-500 Upałty 10;387;37;37;4;33;9.56;10.81;382;140;140;2;138;36.65;1.43
86097;280605;1;Gminny Ośrodek Kultury w Kruklankach 11-612 Kruklanki ul. 22 Lipca 19;556;98;98;7;91;17.63;7.14;564;225;225;5;220;39.89;2.22
86098;280605;2;Gminny Ośrodek Kultury w Kruklankach 11-612 Kruklanki ul. 22 Lipca 19;644;85;85;0;85;13.20;0.00;657;258;258;6;252;39.27;2.33
86099;280605;3;Świetlica Ochotniczej Straży Pożarnej w Jeziorowskich 11-612 Jeziorowskie 17A;310;37;37;0;37;11.94;0.00;308;108;108;6;102;35.06;5.56
86100;280605;4;Szkoła Podstawowa w Boćwince 11-612 Boćwinka 12;532;21;21;1;20;3.95;4.76;535;112;112;3;109;20.93;2.68
86101;280605;5;Była Szkoła Podstawowa w Jurkowie 11-612 Jurkowo 17;482;34;34;0;34;7.05;0.00;475;126;126;12;114;26.53;9.52
86102;280606;1;Ośrodek Kultury w Miłkach 11-513 Miłki ul. Szkolna 1;1314;110;110;7;103;8.37;6.36;1315;441;441;21;420;33.54;4.76
86103;280606;2;Świetlica Wiejska 11-513 Konopki Nowe 9;607;64;64;5;59;10.54;7.81;594;200;200;8;192;33.67;4.00
86104;280606;3;Szkoła Podstawowa w Rydzewie 11-513 Rydzewo ul. Mazurska 94;1187;134;134;4;130;11.29;2.99;1185;404;404;23;381;34.09;5.69
86105;280608;1;Urząd Miasta i Gminy Ryn 11-520 Ryn ul. Świerczewskiego 2;899;113;113;8;105;12.57;7.08;882;299;299;21;278;33.90;7.02
86106;280608;2;Zespół Szkolno-Przedszkolny w Rynie 11-520 Ryn ul. Hanki Sawickiej 8A;634;92;92;6;86;14.51;6.52;601;248;248;9;239;41.26;3.63
86107;280608;3;Urząd Miasta i Gminy Ryn 11-520 Ryn ul. Świerczewskiego 2;1001;131;131;12;119;13.09;9.16;960;306;306;18;288;31.87;5.88
86108;280608;4;Wiejski Dom Kultury w Sterławkach Wielkich 11-520 Sterławki Wielkie 54;438;61;61;7;54;13.93;11.48;436;169;169;13;156;38.76;7.69
86109;280608;5;Ryńskie Centrum Kultury w Rynie 11-520 Ryn ul. Hanki Sawickiej 1;1199;84;84;5;79;7.01;5.95;1199;321;321;18;303;26.77;5.61
86110;280608;6;Świetlica Wiejska w Skopie 11-520 Skop 9;361;39;39;1;38;10.80;2.56;356;114;114;13;101;32.02;11.40
86111;280608;7;Świetlica Wiejska w Szymonce 11-520 Szymonka 25;329;49;49;3;46;14.89;6.12;331;137;137;6;131;41.39;4.38
86112;280610;1;Zespół Szkół w Gawlikach Wielkich 11-510 Gawliki Wielkie 32;695;75;75;6;69;10.79;8.00;680;237;237;15;222;34.85;6.33
86113;280610;2;Świetlica Środowiskowa w Orłowie 11-510 Orłowo 37A;339;37;37;3;34;10.91;8.11;341;97;97;7;90;28.45;7.22
86114;280610;3;Szkoła Podstawowa w Talkach 11-510 Talki 2;346;33;33;1;32;9.54;3.03;342;98;98;8;90;28.65;8.16
86115;280610;4;Gminny Ośrodek Kultury w Wydminach 11-510 Wydminy ul. 40-lecia PRL 4;1271;139;139;8;131;10.94;5.76;1260;413;413;19;394;32.78;4.60
86116;280610;5;Zespół Szkół Ogólnokształcących w Wydminach 11-510 Wydminy ul. Grunwaldzka 94;1920;359;359;19;340;18.70;5.29;1894;874;874;23;851;46.15;2.63
86117;280610;6;Szkoła Podstawowa w Zelkach 11-510 Zelki 1;402;33;33;1;32;8.21;3.03;386;128;128;5;123;33.16;3.91
86118;280610;7;Świetlica Wiejska w Siedliskach 11-510 Siedliska 32;305;65;65;4;61;21.31;6.15;301;104;104;8;96;34.55;7.69
91560;280610;8;Dom Pomocy Społecznej w Wydminach 11-510 Wydminy Źródlana 2;22;22;22;4;18;100.00;18.18;29;27;27;1;26;93.10;3.70
86119;280701;1;Iławskie Przedsiębiorstwo Budowlane 14-200 Iława ul. Lubawska 3;1306;215;215;9;206;16.46;4.19;1277;577;577;9;568;45.18;1.56
86120;280701;2;Przedszkole Miejskie Nr 3 14-200 Iława ul. Kościuszki 22A;1256;161;161;10;151;12.82;6.21;1244;507;507;7;500;40.76;1.38
86121;280701;3;Zespół Placówek Szkolno-Wychowawczych 14-200 Iława ul. Kościuszki 23A;1316;191;191;5;186;14.51;2.62;1469;737;737;7;730;50.17;0.95
86122;280701;4;Przedszkole Miejskie Nr 4 14-200 Iława ul. Dąbrowskiego 17B;1365;323;323;12;311;23.66;3.72;1401;754;754;11;743;53.82;1.46
86123;280701;5;Przedszkole Miejskie Nr 4 14-200 Iława ul. Dąbrowskiego 17B;1230;273;273;11;262;22.20;4.03;1190;642;642;16;626;53.95;2.49
86124;280701;6;Dom Pomocy Społecznej 14-200 Iława ul. Dąbrowskiego 15B;1186;266;266;6;260;22.43;2.26;1101;541;541;5;536;49.14;0.92
86125;280701;7;Samorządowa Szkoła Podstawowa Nr 3 14-200 Iława ul. Niepodległości 11A;1332;367;367;10;357;27.55;2.72;1327;713;713;15;698;53.73;2.10
86126;280701;8;Miejski Ośrodek Pomocy Społecznej 14-200 Iława ul. Obrońców Westerplatte 5;1255;258;258;15;243;20.56;5.81;1230;530;530;17;513;43.09;3.21
86127;280701;9;Ośrodek Psychoedukacji, Profilaktyki Uzależnień i Pomocy Rodzinie 14-200 Iława ul. Chełmińska 1;1351;281;281;7;274;20.80;2.49;1379;731;731;23;708;53.01;3.15
86128;280701;10;Ośrodek Psychoedukacji, Profilaktyki Uzależnień i Pomocy Rodzinie 14-200 Iława ul. Chełmińska 1;1255;214;214;8;206;17.05;3.74;1227;509;509;12;497;41.48;2.36
86129;280701;11;Zespół Placówek Szkolno-Wychowawczych 14-200 Iława ul. Kościuszki 23A;1290;258;258;15;243;20.00;5.81;1274;614;614;18;596;48.19;2.93
86130;280701;12;Miejski Ośrodek Pomocy Społecznej 14-200 Iława ul. Grunwaldzka 6A;1360;233;233;6;227;17.13;2.58;1339;587;587;18;569;43.84;3.07
86131;280701;13;Zespół Szkół im. Bohaterów Września 1939 r. w Iławie 14-200 Iława ul. Kopernika 8A;1284;284;284;17;267;22.12;5.99;1260;667;667;18;649;52.94;2.70
86132;280701;14;Gimnazjum Samorządowe Nr 2 14-200 Iława ul. Wiejska 11;1326;307;307;17;290;23.15;5.54;1291;678;678;14;664;52.52;2.06
86133;280701;15;Przedszkole Miejskie Nr 6 14-200 Iława ul. Wiejska 3;1318;264;264;11;253;20.03;4.17;1289;640;640;12;628;49.65;1.88
86134;280701;16;Samorządowa Szkoła Podstawowa Nr 4 14-200 Iława ul. Skłodowskiej 31;1127;303;303;10;293;26.89;3.30;1083;599;599;14;585;55.31;2.34
86135;280701;17;Samorządowa Szkoła Podstawowa Nr 4 14-200 Iława ul. Skłodowskiej 31;1069;227;227;12;215;21.23;5.29;1035;497;497;9;488;48.02;1.81
86136;280701;18;Samorządowa Szkoła Podstawowa Nr 2 14-200 Iława ul. Andersa 7;1230;285;285;9;276;23.17;3.16;1212;581;581;12;569;47.94;2.07
86137;280701;19;Zespół Szkół im. Bohaterów Września 1939 r. 14-200 Iława ul. Kopernika 8A;1295;238;238;6;232;18.38;2.52;1241;523;523;13;510;42.14;2.49
86138;280701;20;Przedszkole Miejskie Nr 5 14-200 Iława ul. Andersa 8A;1133;200;200;2;198;17.65;1.00;1117;504;504;10;494;45.12;1.98
86139;280701;21;Osiedlowy Dom Kultury 14-200 Iława ul. Skłodowskiej 26A;1202;281;281;7;274;23.38;2.49;1194;574;574;14;560;48.07;2.44
91561;280701;22;Powiatowy Szpital im. Władysława Biegańskiego 14-200 Iława Andersa 3;104;11;11;0;11;10.58;0.00;86;40;40;4;36;46.51;10.00
91562;280701;23;Zakład Karny 14-200 Iława 1 Maja 14;1110;275;275;34;241;24.77;12.36;951;372;372;65;307;39.12;17.47
86140;280702;1;Szkoła Podstawowa 14-260 Lubawa Rzepnikowskiego 7;2307;453;453;21;432;19.64;4.64;2262;1133;1133;49;1084;50.09;4.32
86141;280702;2;Kino „POKÓJ” 14-260 Lubawa Kupnera 27;1584;298;298;15;283;18.81;5.03;1647;814;814;20;794;49.42;2.46
86142;280702;3;Zespół Szkół 14-260 Lubawa Gdańska 25;1739;305;305;24;281;17.54;7.87;1695;807;807;30;777;47.61;3.72
86143;280702;4;Gimnazjum 14-260 Lubawa Świętej Barbary 45;1945;345;345;20;325;17.74;5.80;1924;985;985;29;956;51.20;2.94
86144;280703;1;Gminny Ośrodek Kultury 14-202 Laseczno 39A;676;74;74;8;66;10.95;10.81;682;222;222;11;211;32.55;4.95
86145;280703;2;Świetlica Wiejska 14-200 Wikielec 17B;1419;176;176;8;168;12.40;4.55;1445;581;581;21;560;40.21;3.61
86146;280703;3;Szkoła Podstawowa 14-241 Ząbrowo 43;1304;124;124;11;113;9.51;8.87;1320;441;441;29;412;33.41;6.58
86147;280703;4;Szkoła Podstawowa 14-241 Gałdowo 24;603;62;62;5;57;10.28;8.06;598;203;203;11;192;33.95;5.42
86148;280703;5;Świetlica Wiejska 14-216 Siemiany 29D;535;82;82;1;81;15.33;1.22;538;213;213;7;206;39.59;3.29
86149;280703;6;Szkoła Podstawowa 14-204 Rudzienice ul. Szkolna 2;677;78;78;5;73;11.52;6.41;667;264;264;20;244;39.58;7.58
86150;280703;7;Świetlica Wiejska 14-200 Frednowy 48;723;78;78;3;75;10.79;3.85;714;286;286;12;274;40.06;4.20
86151;280703;8;Gimnazjum Samorządowe 14-200 Franciszkowo 18;542;70;70;6;64;12.92;8.57;535;205;205;17;188;38.32;8.29
86152;280703;9;Świetlica Wiejska 14-200 Wola Kamieńska 27;859;138;138;5;133;16.07;3.62;846;370;370;8;362;43.74;2.16
86153;280703;10;Świetlica Wiejska 14-200 Nowa Wieś ul. Olsztyńska 13;707;155;155;2;153;21.92;1.29;735;374;374;6;368;50.88;1.60
86154;280703;11;Niepubliczna Szkoła Podstawowa 14-200 Ławice 8;977;120;120;5;115;12.28;4.17;978;378;378;22;356;38.65;5.82
86155;280703;12;Szkoła Podstawowa 14-204 Gromoty 20;670;49;49;1;48;7.31;2.04;668;197;197;10;187;29.49;5.08
86156;280704;1;Zespół Szkół 14-220 Kisielice Aleja Wojska Polskiego 2;1011;135;135;17;118;13.35;12.59;1017;376;376;20;356;36.97;5.32
86157;280704;2;Zespół Szkół 14-220 Kisielice Aleja Wojska Polskiego 2;989;121;121;9;112;12.23;7.44;963;320;320;21;299;33.23;6.56
86158;280704;3;Sala Wiejska 14-220 Łodygowo 3B;642;35;35;2;33;5.45;5.71;633;192;192;7;185;30.33;3.65
86159;280704;4;Remiza OSP 14-220 Jędrychowo 56;713;88;88;3;85;12.34;3.41;709;245;245;6;239;34.56;2.45
86160;280704;5;Szkoła Podstawowa 14-220 Goryń 88;717;71;71;8;63;9.90;11.27;733;198;198;18;180;27.01;9.09
86161;280704;6;Sala Wiejska 14-220 Klimy 42;273;37;37;0;37;13.55;0.00;272;74;74;3;71;27.21;4.05
86162;280704;7;Szkoła Podstawowa 14-220 Łęgowo 75;571;55;55;6;49;9.63;10.91;555;132;132;11;121;23.78;8.33
86163;280705;1;Sala Obrad Urzędu Gminy Lubawa 14-260 Fijewo 73;1210;185;185;10;175;15.29;5.41;1188;518;518;16;502;43.60;3.09
86164;280705;2;Zespół Szkół w Prątnicy 14-260 Prątnica 9;1438;239;239;14;225;16.62;5.86;1465;593;593;38;555;40.48;6.41
86165;280705;3;Szkoła Podstawowa w Rumienicy 14-260 Rumienica 29;425;74;74;6;68;17.41;8.11;417;180;180;13;167;43.17;7.22
86166;280705;4;Szkoła Podstawowa w Złotowie 14-260 Złotowo 66;616;111;111;9;102;18.02;8.11;625;290;290;8;282;46.40;2.76
86167;280705;5;Zespół Szkół w Grabowie-Wałdykach 14-229 Grabowo 117;805;109;109;7;102;13.54;6.42;797;307;307;13;294;38.52;4.23
86168;280705;6;Szkoła Podstawowa w Rożentalu 14-229 Rożental 140A;1213;194;194;5;189;15.99;2.58;1213;527;527;25;502;43.45;4.74
86169;280705;7;Zespół Szkół w Kazanicach 14-229 Kazanice 83A;1015;150;150;12;138;14.78;8.00;1032;449;449;23;426;43.51;5.12
86170;280705;8;Zespół Szkół w Sampławie 14-260 Sampława 4;1444;207;207;17;190;14.34;8.21;1449;606;606;32;574;41.82;5.28
86171;280706;1;Środowiskowy Dom Samopomocy 14-240 Susz ul. Kościelna 1;1035;125;125;9;116;12.08;7.20;1005;368;368;26;342;36.62;7.07
86172;280706;2;Zespół Szkół 14-240 Susz ul. Wiejska 1;1319;165;165;7;158;12.51;4.24;1309;531;531;19;512;40.57;3.58
86173;280706;3;Publiczne Gimnazjum 14-240 Susz ul. Piastowska 5;1676;287;287;11;276;17.12;3.83;1625;699;699;29;670;43.02;4.15
86174;280706;4;Świetlica 14-240 Susz ul. Koszarowa 15A;1046;118;118;0;118;11.28;0.00;1041;305;305;11;294;29.30;3.61
86175;280706;5;Szkoła Podstawowa 14-240 Lubnowy Małe 28;569;43;43;2;41;7.56;4.65;553;97;97;7;90;17.54;7.22
86176;280706;6;Świetlica 14-240 Bałoszyce 63;842;62;62;2;60;7.36;3.23;843;175;175;11;164;20.76;6.29
86177;280706;7;Świetlica 14-240 Różnowo 42;561;49;49;2;47;8.73;4.08;554;160;160;10;150;28.88;6.25
86178;280706;8;Szkoła Podstawowa 14-240 Kamieniec 20;790;67;67;7;60;8.48;10.45;782;191;191;15;176;24.42;7.85
86179;280706;9;Szkoła Podstawowa 14-240 Piotrkowo 45;575;57;57;7;50;9.91;12.28;579;153;153;12;141;26.42;7.84
86180;280706;10;Szkoła Podstawowa 14-240 Babięty Wielkie 31;871;72;72;2;70;8.27;2.78;878;231;231;9;222;26.31;3.90
86181;280706;11;Świetlica 14-240 Ulnowo 1;809;68;68;6;62;8.41;8.82;794;234;234;8;226;29.47;3.42
86182;280707;1;Urząd Miejski w Zalewie 14-230 Zalewo Częstochowska 8;1862;260;260;13;247;13.96;5.00;1826;703;703;29;674;38.50;4.13
86183;280707;2;Urząd Miejski w Zalewie 14-230 Zalewo Częstochowska 8;1545;111;111;4;107;7.18;3.60;1539;365;365;13;352;23.72;3.56
86184;280707;3;Zespół Szkół w Borecznie 14-230 Boreczno 22;1366;122;122;8;114;8.93;6.56;1353;347;347;24;323;25.65;6.92
86185;280707;4;Szkoła Podstawowa w Dobrzykach 14-230 Dobrzyki 25;894;69;69;2;67;7.72;2.90;918;239;239;10;229;26.03;4.18
86186;280801;1;Miejskie Przedszkole Integracyjne „Malinka” 11-400 Kętrzyn ul. Obrońców Westerplatte 16;2185;371;371;4;367;16.98;1.08;2157;962;962;31;931;44.60;3.22
86187;280801;2;Przedszkole Niepubliczne „Słoneczko” 11-400 Kętrzyn ul. Obrońców Westerplatte 18;1126;203;203;7;196;18.03;3.45;1081;495;495;8;487;45.79;1.62
86188;280801;3;Przedszkole Niepubliczne „Puchatek” 11-400 Kętrzyn ul. Gen.Władysława Sikorskiego 46;1200;209;209;10;199;17.42;4.78;1159;488;488;13;475;42.11;2.66
86189;280801;4;Zespół Szkół Nr 1 z Oddziałami Integracyjnymi 11-400 Kętrzyn ul. Kazimierza Wielkiego 12;1120;232;232;7;225;20.71;3.02;1089;525;525;16;509;48.21;3.05
86190;280801;5;Zespół Szkół Nr 1 z Oddziałami Integracyjnymi 11-400 Kętrzyn ul. Kazimierza Wielkiego 12;1976;325;325;14;311;16.45;4.31;1930;870;870;15;855;45.08;1.72
86191;280801;6;Miejski Ośrodek Sportu i Rekreacji 11-400 Kętrzyn ul. Kazimierza Wielkiego 12a;2295;367;367;11;356;15.99;3.00;2247;954;954;18;936;42.46;1.89
86192;280801;7;Powiatowe Centrum Edukacyjne 11-400 Kętrzyn ul. Poznańska 21;2249;380;380;13;367;16.90;3.42;2002;1008;1008;14;994;50.35;1.39
86193;280801;8;Gimnazjum Nr 2 11-400 Kętrzyn ul. Wojska Polskiego 9;998;166;166;5;161;16.63;3.01;987;370;370;6;364;37.49;1.62
86194;280801;9;Młodzieżowy Dom Kultury 11-400 Kętrzyn ul. Pocztowa 13;1105;128;128;4;124;11.58;3.12;1106;464;464;11;453;41.95;2.37
86195;280801;10;PGK „Komunalnik” Sp. z o. o. 11-400 Kętrzyn pl. Słowiański 2;1088;174;174;6;168;15.99;3.45;1083;459;459;10;449;42.38;2.18
86196;280801;11;Przedszkole Niepubliczne „Miś Uszatek” 11-400 Kętrzyn ul. Stanisława Moniuszki 3;1207;275;275;16;259;22.78;5.82;1186;570;570;13;557;48.06;2.28
86197;280801;12;Szkoła Podstawowa Nr 4 11-400 Kętrzyn ul. Stanisława Moniuszki 1;2239;451;451;11;440;20.14;2.44;2203;958;958;19;939;43.49;1.98
86198;280801;13;Zespół Szkół Ogólnokształcących 11-400 Kętrzyn ul. Powstańców Warszawy 2;2296;411;411;13;398;17.90;3.16;2313;943;943;23;920;40.77;2.44
86199;280801;14;Szkoła Podstawowa Nr 3 11-400 Kętrzyn ul. Bydgoska 1;1791;281;281;14;267;15.69;4.98;1812;722;722;23;699;39.85;3.19
91563;280801;15;Dom Pomocy Społecznej - Sala Rehabilitacyjna 11-400 Kętrzyn ul.Wileńska 16;82;20;20;4;16;24.39;20.00;79;16;16;2;14;20.25;12.50
91564;280801;16;Szpital Powiatowy - Gabinet Poradni Chirurgicznej 11-400 Kętrzyn ul.Marii Curie-Skłodowskiej 2;62;6;6;1;5;9.68;16.67;53;14;14;0;14;26.42;0.00
86200;280802;1;Zespół Szkół w Barcianach 11-410 Barciany ul. Nowa 1A;963;114;114;3;111;11.84;2.63;946;345;345;15;330;36.47;4.35
86201;280802;2;Zespół Szkół w Barcianach 11-410 Barciany ul. Nowa 1A;820;41;41;1;40;5.00;2.44;801;197;197;12;185;24.59;6.09
86202;280802;3;Zespół Szkół w Drogoszach 11-410 Drogosze 40;902;75;75;6;69;8.31;8.00;879;220;220;23;197;25.03;10.45
86203;280802;4;Zespół Szkół w Windzie 11-410 Winda 6;704;83;83;5;78;11.79;6.02;701;199;199;13;186;28.39;6.53
86204;280802;5;Zespół Szkół w Mołtajnach 11-410 Mołtajny 1;454;21;21;0;21;4.63;0.00;441;89;89;9;80;20.18;10.11
86205;280802;6;Zespół Szkół w Mołtajnach 11-410 Mołtajny 1;664;65;65;5;60;9.79;7.69;656;146;146;8;138;22.26;5.48
86206;280802;7;Budynek po byłej Szkole Podstawowej w Skandawie 11-410 Skandawa 34;854;64;64;3;61;7.49;4.69;816;174;174;8;166;21.32;4.60
86207;280803;1;Świetlica Wiejska w budynku po Szkole Podstawowej w Linkowie 11-400 Linkowo 19/ lokal: 5;301;21;21;0;21;6.98;0.00;303;57;57;0;57;18.81;0.00
86208;280803;2;Świetlica Wiejska w Gałwunach 11-400 Gałwuny 1B;505;43;43;1;42;8.51;2.33;511;144;144;2;142;28.18;1.39
86209;280803;3;Szkoła Podstawowa w Biedaszkach 11-400 Biedaszki 11;878;101;101;5;96;11.50;4.95;851;299;299;11;288;35.14;3.68
86210;280803;4;Urząd Gminy Kętrzyn 11-400 Kętrzyn ul. T. Kościuszki 2;525;37;37;2;35;7.05;5.41;518;148;148;8;140;28.57;5.41
86211;280803;5;Zespół Szkół w Wilkowie 11-440 Wilkowo 23;523;55;55;5;50;10.52;9.09;523;167;167;8;159;31.93;4.79
86212;280803;6;Świetlica Wiejska w Nowej Wsi Kętrzyńskiej 11-400 Nowa Wieś Kętrzyńska 8A/ lokal: 4;435;72;72;4;68;16.55;5.56;441;188;188;11;177;42.63;5.85
86213;280803;7;Szkoła Podstawowa w Nakomiadach 11-400 Nakomiady 1;962;81;81;1;80;8.42;1.23;943;240;240;14;226;25.45;5.83
86214;280803;8;Gimnazjum Gminne w Karolewie 11-400 Karolewo 9;718;149;149;2;147;20.75;1.34;732;317;317;7;310;43.31;2.21
86215;280803;9;Gimnazjum Gminne w Karolewie 11-400 Karolewo 9;522;53;53;0;53;10.15;0.00;516;197;197;4;193;38.18;2.03
86216;280803;10;Świetlica Wiejska „Kuźnia” w Wopławkach 11-400 Wopławki 10;513;53;53;5;48;10.33;9.43;498;152;152;11;141;30.52;7.24
86217;280803;11;Świetlica Wiejska w Mażanach 11-400 Mażany 17;360;38;38;4;34;10.56;10.53;354;58;58;6;52;16.38;10.34
86218;280803;12;Świetlica Wiejska w Nowej Różance 11-400 Nowa Różanka 30A;389;48;48;1;47;12.34;2.08;386;139;139;10;129;36.01;7.19
86219;280804;1;Budynek administracyjny na stadionie miejskim 11-430 Korsze ul. Wojska Polskiego 39;1419;183;183;3;180;12.90;1.64;1369;426;426;15;411;31.12;3.52
86220;280804;2;Miejsko-Gminna Biblioteka Publiczna 11-430 Korsze ul. Wolności 16;928;162;162;3;159;17.46;1.85;912;352;352;9;343;38.60;2.56
86221;280804;3;Miejski Ośrodek Pomocy Społecznej 11-430 Korsze ul. Mickiewicza 13;1435;206;206;5;201;14.36;2.43;1385;540;540;12;528;38.99;2.22
86222;280804;4;Zespół Szkół 11-430 Korsze ul. Kościuszki 12;747;53;53;2;51;7.10;3.77;734;154;154;8;146;20.98;5.19
86223;280804;5;Świetlica Wiejska w Garbnie 11-430 Garbno 36A;1233;128;128;3;125;10.38;2.34;1201;344;344;22;322;28.64;6.40
86224;280804;6;Świetlica Wiejska w Warnikajmach 11-430 Warnikajmy 8;448;51;51;7;44;11.38;13.73;438;106;106;7;99;24.20;6.60
86225;280804;7;Zespół Szkół w Łankiejmach 11-430 Łankiejmy 10;756;64;64;4;60;8.47;6.25;739;136;136;9;127;18.40;6.62
86226;280804;8;Świetlica Wiejska w Wandajnach 11-430 Wandajny 10;462;41;41;5;36;8.87;12.20;452;77;77;2;75;17.04;2.60
86227;280804;9;Zespół Szkół w Sątocznie 11-430 Sątoczno 8;947;60;60;5;55;6.34;8.33;927;206;206;10;196;22.22;4.85
91565;280804;10;Zakład Karny w Dublinach 11-430 Dubliny 16;336;112;112;11;101;33.33;9.82;279;107;107;24;83;38.35;22.43
86228;280805;1;Hala sportowa im. Orłów Górskiego przy Gimnazjum Nr 1 11-440 Reszel ul. B. Chrobrego 1;1251;192;192;7;185;15.35;3.65;1201;493;493;20;473;41.05;4.06
86229;280805;2;Hala sportowa im. Orłów Górskiego przy Gimnazjum Nr 1 11-440 Reszel ul. B. Chrobrego 1;878;128;128;5;123;14.58;3.91;853;318;318;16;302;37.28;5.03
86230;280805;3;Szkoła Podstawowa Nr 3 11-440 Reszel ul. Marii Konopnickiej 3;862;153;153;7;146;17.75;4.58;836;343;343;8;335;41.03;2.33
86231;280805;4;Szkoła Podstawowa Nr 3 11-440 Reszel ul. Marii Konopnickiej 3;1084;175;175;7;168;16.14;4.00;1045;440;440;12;428;42.11;2.73
86232;280805;5;Miejski Ośrodek Kultury 11-440 Reszel ul. A. Mickiewicza 4;874;95;95;1;94;10.87;1.05;857;274;274;13;261;31.97;4.74
86233;280805;6;Filia Miejskiej Biblioteki Publicznej 11-440 Święta Lipka 26;895;94;94;7;87;10.50;7.45;876;322;322;11;311;36.76;3.42
86234;280805;7;Niepubliczna Szkoła Podstawowa w Leginach 11-440 Leginy 61;353;29;29;2;27;8.22;6.90;346;101;101;2;99;29.19;1.98
86235;280805;8;Świetlica Stacji Dydaktyczno-Badawczej UW-M w Łężanach 11-440 Łężany 16;398;50;50;1;49;12.56;2.00;391;127;127;7;120;32.48;5.51
91566;280805;9;Świetlica Zespołu Opieki Zdrowotnej w Reszlu 11-440 Reszel Juliusza Słowackiego 17;60;18;18;0;18;30.00;0.00;56;8;8;0;8;14.29;0.00
91567;280805;10;Świetlica Zespołu Opieki Zdrowotnej w Reszlu 11-440 Reszel Juliusza Słowackiego 17;42;9;9;0;9;21.43;0.00;43;10;10;0;10;23.26;0.00
86236;280806;1;Świetlica Wiejska w Bajorach Małych 11-420 Bajory Małe 6 lokal: /1;251;27;27;3;24;10.76;11.11;244;44;44;2;42;18.03;4.55
86237;280806;2;Świetlica Wiejska w Jegławkach 11-420 Jegławki 18;634;52;52;4;48;8.20;7.69;628;162;162;13;149;25.80;8.02
86238;280806;3;Gminny Ośrodek Kultury w Srokowie 11-420 Srokowo ul. Plac Rynkowy 14;926;228;228;7;221;24.62;3.07;891;398;398;13;385;44.67;3.27
86239;280806;4;Gminny Ośrodek Kultury w Srokowie 11-420 Srokowo ul. Plac Rynkowy 14;793;96;96;2;94;12.11;2.08;782;251;251;11;240;32.10;4.38
86240;280806;5;Filia w Solance Szkoły Podstawowej w Srokowie 11-420 Solanka 3;735;41;41;2;39;5.58;4.88;728;155;155;13;142;21.29;8.39
86241;280901;1;Zespół Szkolno-Przedszkolny 11-100 Lidzbark Warmiński ul.Polna Nr 36;1683;307;307;10;297;18.24;3.26;1665;857;857;26;831;51.47;3.03
86242;280901;2;Gimnazjum Nr 2 11-100 Lidzbark Warmiński ul.Polna Nr 36;849;159;159;7;152;18.73;4.40;822;412;412;14;398;50.12;3.40
86243;280901;3;Przedszkole Niepubliczne „Kubuś” 11-100 Lidzbark Warmiński ul.Ogrodowa Nr 1;855;168;168;5;163;19.65;2.98;861;356;356;10;346;41.35;2.81
86244;280901;4;Spółdzielnia Mieszkaniowa „Warmia” 11-100 Lidzbark Warmiński ul.Poniatowskiego Nr 18;1685;398;398;12;386;23.62;3.02;1637;832;832;27;805;50.82;3.25
86245;280901;5;Lokal po byłej Filiii Miejskiej Biblioteki Publicznej 11-100 Lidzbark Warmiński ul.Ornecka Nr 6A;779;132;132;8;124;16.94;6.06;746;340;340;14;326;45.58;4.12
86246;280901;6;Młodzieżowy Dom Kultury 11-100 Lidzbark Warmiński ul.Poniatowskiego Nr 3;880;209;209;9;200;23.75;4.31;866;458;458;20;438;52.89;4.37
86247;280901;7;Zespół Szkół i Placówek Oświatowych 11-100 Lidzbark Warmiński ul.Wierzbickiego Nr 3B;1918;403;403;9;394;21.01;2.23;1875;893;893;22;871;47.63;2.46
86248;280901;8;Szkoła Podstawowa Nr 1 11-100 Lidzbark Warmiński ul.Szkolna Nr 2;859;231;231;10;221;26.89;4.33;843;508;508;10;498;60.26;1.97
90049;280901;9;Lidzbarski Dom Kultury 11-100 Lidzbark Warmiński ul.Słowackiego Nr 4;1792;377;377;12;365;21.04;3.18;1763;843;843;21;822;47.82;2.49
90050;280901;10;Szkoła Podstawowa Nr 3 11-100 Lidzbark Warmiński ul.Lipowa Nr 17A;1765;331;331;19;312;18.75;5.74;1739;756;756;24;732;43.47;3.17
91568;280901;11;Szpital Powiatowy 11-100 Lidzbark Warmiński ul.Bartoszycka Nr 3;46;9;9;1;8;19.57;11.11;51;20;20;0;20;39.22;0.00
86249;280902;1;Świetlica Wiejska w Kiwitach 11-106 Kiwity 2;745;113;113;8;105;15.17;7.08;728;312;312;17;295;42.86;5.45
86250;280902;2;Filia Szkoły Podstawowej w Kiwitach z siedzibą w Żegotach 11-106 Żegoty 91;886;66;66;3;63;7.45;4.55;871;260;260;12;248;29.85;4.62
86251;280902;3;Niepubliczna Szkoła Podstawowa w Krekolach 11-106 Krekole 34;600;66;66;6;60;11.00;9.09;597;217;217;7;210;36.35;3.23
86252;280902;4;Świetlica Wiejska w Stoczku 11-106 Stoczek 31;591;53;53;3;50;8.97;5.66;587;244;244;7;237;41.57;2.87
86253;280903;1;Urząd Gminy 11-100 Lidzbark Warmiński ul. Krasickiego 1;1153;111;111;2;109;9.63;1.80;1163;376;376;13;363;32.33;3.46
86254;280903;2;Publiczna Szkoła Podstawowa 11-100 Kraszewo 2;836;106;106;5;101;12.68;4.72;833;283;283;21;262;33.97;7.42
86255;280903;3;Publiczna Szkoła Podstawowa 11-100 Kłębowo 7;734;68;68;4;64;9.26;5.88;745;247;247;8;239;33.15;3.24
86256;280903;4;Zespół Szkół w Rogóżu 11-100 Rogóż 92;943;108;108;8;100;11.45;7.41;928;315;315;11;304;33.94;3.49
86257;280903;5;Publiczna Szkoła Podstawowa 11-100 Runowo 55;668;91;91;4;87;13.62;4.40;657;180;180;6;174;27.40;3.33
86258;280903;6;Świetlica wiejska 11-100 Babiak 12;339;33;33;2;31;9.73;6.06;343;86;86;2;84;25.07;2.33
86259;280903;7;Świetlica wiejska 11-100 Kochanówka 17;298;65;65;4;61;21.81;6.15;297;107;107;6;101;36.03;5.61
86260;280903;8;Świetlica wiejska w Łaniewie 11-100 Łaniewo 79;474;50;50;2;48;10.55;4.00;473;146;146;7;139;30.87;4.79
86261;280904;1;Urząd Gminy Lubomino 11-135 Lubomino Kopernika 7;1827;201;201;0;201;11.00;0.00;1815;574;574;26;548;31.63;4.53
86262;280904;2;Środowiskowy Dom Samopomocy 11-135 Wolnica 50;394;48;48;4;44;12.18;8.33;398;113;113;10;103;28.39;8.85
86263;280904;3;Szkoła Podstawowa 11-135 Wilczkowo 73;702;52;52;4;48;7.41;7.69;699;185;185;15;170;26.47;8.11
86264;280905;1;Zespół Szkół Ogólnokształcących 11-130 Orneta 1 Maja 28;2053;269;269;11;258;13.10;4.09;2023;766;766;33;733;37.86;4.31
86265;280905;2;Miejski Dom Kultury 11-130 Orneta 1 Maja 45;1961;344;344;25;319;17.54;7.27;1919;848;848;25;823;44.19;2.95
86266;280905;3;Szkoła Podstawowa Nr 1 11-130 Orneta Zamkowa 26;1100;139;139;5;134;12.64;3.60;1101;359;359;14;345;32.61;3.90
86267;280905;4;Gimnazjum Nr 2 11-130 Orneta Warmińska 11;1419;236;236;7;229;16.63;2.97;1392;521;521;31;490;37.43;5.95
86268;280905;5;Szkoła Podstawowa Nr 4 11-130 Orneta Kopernika 13;1513;154;154;7;147;10.18;4.55;1514;531;531;17;514;35.07;3.20
86269;280905;6;Szkoła Podstawowa 11-130 Bażyny 17;754;56;56;3;53;7.43;5.36;728;225;225;6;219;30.91;2.67
86270;280905;7;Świetlica wiejska 11-130 Henrykowo 47;528;58;58;3;55;10.98;5.17;540;215;215;5;210;39.81;2.33
86271;280905;8;Szkoła Podstawowa 11-130 Mingajny 48;684;41;41;1;40;5.99;2.44;683;169;169;7;162;24.74;4.14
86272;281001;1;Urząd Miejski w Mrągowie 11-700 Mrągowo ul. Królewiecka 60A;1559;330;330;14;316;21.17;4.24;1550;734;734;19;715;47.35;2.59
86273;281001;2;Powiatowa Stacja Sanitarno-Epidemiologiczna w Mrągowie 11-700 Mrągowo ul. Królewiecka 60B;1659;366;366;6;360;22.06;1.64;1630;801;801;15;786;49.14;1.87
86274;281001;3;Zespół Szkół Zawodowych w Mrągowie 11-700 Mrągowo ul. Mrongowiusza 65;809;154;154;2;152;19.04;1.30;808;370;370;7;363;45.79;1.89
86275;281001;4;Zespół Szkół Nr 4 im. Generała Stefana „Grota” Roweckiego w Mrągowie 11-700 Mrągowo osiedle Mazurskie 12;881;191;191;2;189;21.68;1.05;899;439;439;8;431;48.83;1.82
86276;281001;5;Zespół Szkół nr 4 im. Generała Stefana „Grota” Roweckiego w Mrągowie 11-700 Mrągowo osiedle Mazurskie 12;1761;368;368;9;359;20.90;2.45;1709;864;865;18;846;50.56;2.08
86277;281001;6;Centrum Kultury i Turystyki w Mrągowie 11-700 Mrągowo ul. Warszawska 26;1663;292;292;14;278;17.56;4.79;1665;693;693;18;675;41.62;2.60
86278;281001;7;Przedszkole Publiczne Nr 1 „Stokrotka” w Mrągowie 11-700 Mrągowo ul. Brzozowa 7;1737;385;385;12;373;22.16;3.12;1697;799;799;29;770;47.08;3.63
86279;281001;8;I Liceum Ogólnokształcące im. Obrońców Westerplatte w Mrągowie 11-700 Mrągowo ul. Piotra Sobczyńskiego 1A;1477;318;318;7;311;21.53;2.20;1449;736;736;20;716;50.79;2.72
86280;281001;9;Zespół Szkół Nr 1 w Mrągowie 11-700 Mrągowo ul. Kopernika 2;1896;379;379;9;370;19.99;2.37;1828;856;856;17;839;46.83;1.99
86281;281001;10;Świetlica Środowiskowa przy Młodzieżowym Domu Kultury w Mrągowie 11-700 Mrągowo ul. Henryka Sienkiewicza 16;1633;335;335;8;327;20.51;2.39;1575;773;773;34;739;49.08;4.40
86282;281001;11;Gimnazjum Nr 2 im. M. Kopernika w Zespole Szkół Nr 1 w Mrągowie 11-700 Mrągowo ul. Kopernika 2C;886;123;123;2;121;13.88;1.63;914;433;433;9;424;47.37;2.08
86283;281001;12;„Baszka” Ośrodek Kształcenia 11-700 Mrągowo ul. Wojska Polskiego 22;1750;262;262;3;259;14.97;1.15;1682;786;786;16;770;46.73;2.04
91569;281001;13;Szpital Mrągowski im. Michała Kajki Sp. z o.o. 11-700 Mrągowo ul. Wolności 3;31;3;3;0;3;9.68;0.00;44;18;18;0;18;40.91;0.00
86284;281002;1;Hala Sportowa w Mikołajkach 11-730 Mikołajki ul. Papieża Jana Pawła II 7;1401;252;252;11;241;17.99;4.37;1380;635;635;20;615;46.01;3.15
86285;281002;2;Urząd Miasta i Gminy w Mikołajkach 11-730 Mikołajki ul. Kolejowa 7;1729;330;330;11;319;19.09;3.33;1654;720;720;28;692;43.53;3.89
86286;281002;3;Zespół Oświatowy w Mikołajkach 11-730 Mikołajki ul. Papieża Jana Pawła II 7;1007;96;96;2;94;9.53;2.08;997;345;345;20;325;34.60;5.80
86287;281002;4;Szkoła Podstawowa w Olszewie 11-730 Olszewo 20;634;48;48;6;42;7.57;12.50;621;160;160;12;148;25.76;7.50
86288;281002;5;Szkoła Podstawowa w Woźnicach 11-730 Woźnice 11a;766;98;98;9;89;12.79;9.18;752;235;235;11;224;31.25;4.68
86289;281002;6;Zespół Szkół w Baranowie 11-730 Baranowo 29;1230;162;162;3;159;13.17;1.85;1199;415;415;16;399;34.61;3.86
91570;281002;7;Ewangelicki Dom Opieki „ARKA” w Mikołajkach 11-730 Mikołajki Plac Kościelny 5A;65;19;19;1;18;29.23;5.26;94;35;35;10;25;37.23;28.57
86290;281003;1;Świetlica Wiejska w Grabowie 11-700 Grabowo 28;870;106;106;3;103;12.18;2.83;871;288;288;10;278;33.07;3.47
86291;281003;2;Zespół Szkół Nr 1 w Mrągowie 11-700 Mrągowo ul. Kopernika 2A;1023;136;136;1;135;13.29;0.74;1007;432;432;13;419;42.90;3.01
86292;281003;3;Świetlica Wiejska w Zalcu 11-700 Zalec 17;901;74;74;6;68;8.21;8.11;892;247;247;6;241;27.69;2.43
86293;281003;4;Szkoła Podstawowa w Bożem 11-700 Boże 18;1028;98;98;4;94;9.53;4.08;1033;265;265;11;254;25.65;4.15
86294;281003;5;Zespół Szkół w Szestnie 11-700 Szestno 18;897;85;85;0;85;9.48;0.00;894;281;281;23;258;31.43;8.19
86295;281003;6;Urząd Gminy Mrągowo 11-700 Mrągowo ul. Królewiecka 60A;449;66;66;2;64;14.70;3.03;453;170;170;10;160;37.53;5.88
86296;281003;7;Zespół Szkół w Marcinkowie 11-700 Marcinkowo 27;1085;166;166;3;163;15.30;1.81;1084;503;503;11;492;46.40;2.19
86297;281004;1;Sala gimnastyczna przy Szkole Podstawowej w Nawiadach 11-710 Nawiady 31;647;49;49;3;46;7.57;6.12;644;162;164;5;157;25.16;3.09
86298;281004;2;Szkoła Podstawowa w Nawiadach 11-710 Nawiady 31;571;86;86;3;83;15.06;3.49;574;205;205;9;196;35.71;4.39
86299;281004;3;Szkoła Podstawowa w Krutyni 11-710 Krutyń 23;450;69;69;5;64;15.33;7.25;427;153;153;5;148;35.83;3.27
86300;281004;4;Szkoła Podstawowa w Dłużcu 11-710 Dłużec 17/ lokal: 1;394;70;70;8;62;17.77;11.43;384;148;148;9;139;38.54;6.08
86301;281004;5;Szkoła Podstawowa w Starych Kiełbonkach 11-710 Stare Kiełbonki 14;435;52;52;3;49;11.95;5.77;428;124;124;4;120;28.97;3.23
86302;281004;6;Lokal Świetlicy Wiejskiej w Lipowie 11-710 Lipowo 18/ lokal: 2;422;56;56;1;55;13.27;1.79;419;145;145;8;137;34.61;5.52
86303;281004;7;Szkoła Podstawowa im. Karola Wojtyły w Pieckach 11-710 Piecki ul. Zwycięstwa 23;793;55;55;3;52;6.94;5.45;799;233;233;18;215;29.16;7.73
86304;281004;8;Gminny Ośrodek Kultury, Sportu i Rekreacji „Pegaz” w Pieckach 11-710 Piecki ul. Zwycięstwa 6;1678;257;257;9;248;15.32;3.50;1669;686;686;30;656;41.10;4.37
86305;281004;9;Szkoła Podstawowa im. Karola Wojtyły w Pieckach 11-710 Piecki ul. Zwycięstwa 23;923;182;182;8;174;19.72;4.40;890;372;372;14;358;41.80;3.76
86306;281005;1;Publiczne Gimnazjum w Sorkwitach 11-731 Sorkwity ul. Szkolna 17b;742;105;105;11;94;14.15;10.48;733;278;278;13;265;37.93;4.68
86307;281005;2;Publiczne Gimnazjum w Sorkwitach 11-731 Sorkwity ul. Szkolna 17b;721;84;84;3;81;11.65;3.57;716;240;240;16;224;33.52;6.67
86308;281005;3;Świetlica Wiejska w Warpunach 11-731 Warpuny ul. Wolności 12A;1204;145;145;6;139;12.04;4.14;1198;426;426;16;410;35.56;3.76
86309;281005;4;Biblioteka w Rybnie 11-731 Rybno ul. Długa 20;729;81;81;5;76;11.11;6.17;723;269;269;21;248;37.21;7.81
86310;281005;5;Świetlica Wiejska w Choszczewie 11-731 Choszczewo 49a;332;35;35;2;33;10.54;5.71;330;99;99;5;94;30.00;5.05
86311;281101;1;Gimnazjum w Janowcu Kościelnym 13-111 Janowiec Kościelny 61;607;132;132;1;131;21.75;0.76;619;263;263;8;255;42.49;3.04
86312;281101;2;Gimnazjum w Janowcu Kościelnym 13-111 Janowiec Kościelny 61;564;65;65;2;63;11.52;3.08;564;201;201;5;196;35.64;2.49
86313;281101;3;Gimnazjum w Janowcu Kościelnym 13-111 Janowiec Kościelny 61;525;64;64;3;61;12.19;4.69;520;155;155;10;145;29.81;6.45
86314;281101;4;Świetlica Wiejska w Nowej Wsi Wielkiej 13-111 Nowa Wieś Wielka 44;520;56;56;2;54;10.77;3.57;515;177;177;6;171;34.37;3.39
86315;281101;5;Świetlica Wiejska w Safronce 13-111 Safronka 23;435;39;39;3;36;8.97;7.69;424;103;103;6;97;24.29;5.83
86316;281102;1;Zespół Szkół 13-113 Janowo ul. Chorzelska 21;507;80;80;2;78;15.78;2.50;519;214;214;17;197;41.23;7.94
86317;281102;2;Zespół Szkół 13-113 Janowo ul. Chorzelska 21;584;83;83;3;80;14.21;3.61;581;210;210;2;208;36.14;0.95
86318;281102;3;Szkoła Podstawowa 13-113 Muszaki 39;736;114;114;3;111;15.49;2.63;735;293;293;14;279;39.86;4.78
86319;281102;4;Budynek byłej szkoły podstawowej 13-113 Róg 44;337;36;36;1;35;10.68;2.78;330;91;91;6;85;27.58;6.59
86320;281103;1;Zespół Szkolno - Przedszkolny 13-124 Kozłowo ul. Szkolna 6;637;50;50;2;48;7.85;4.00;637;193;193;10;183;30.30;5.18
86321;281103;2;Zespół Szkolno - Przedszkolny 13-124 Kozłowo ul. Szkolna 6;991;131;131;12;119;13.22;9.16;1003;391;391;18;373;38.98;4.60
86322;281103;3;Szkoła Podstawowa 13-124 Zaborowo 2;703;52;52;2;50;7.40;3.85;712;156;156;10;146;21.91;6.41
86323;281103;4;Świetlica Wiejska 13-124 Krokowo 30A;386;28;28;5;23;7.25;17.86;386;107;107;9;98;27.72;8.41
86324;281103;5;Zespół Szkół 13-124 Szkotowo 51;1170;69;69;4;65;5.90;5.80;1159;245;245;29;216;21.14;11.84
86325;281103;6;Zespół Szkół 13-124 Rogóż 4;907;78;78;3;75;8.60;3.85;895;260;260;16;244;29.05;6.15
86326;281104;1;Zespół Szkoł Nr 2 w Nidzicy 13-100 Nidzica ul. Barke 3;2222;446;446;16;430;20.07;3.59;2192;1018;1018;25;993;46.44;2.46
86327;281104;2;Przedszkole Nr 4 w Nidzicy 13-100 Nidzica ul. Krzywa 7;873;171;171;4;167;19.59;2.34;861;343;343;22;321;39.84;6.41
86328;281104;3;Zespół Szkół Nr 1 w Nidzicy 13-100 Nidzica ul. Kopernika 1;1643;295;295;7;288;17.95;2.37;1612;762;762;21;741;47.27;2.76
86329;281104;4;Zespół Szkół Ogólnokształcących w Nidzicy 13-100 Nidzica ul. Władysława Jagiełły 1;1732;375;375;16;359;21.65;4.27;1696;827;827;42;785;48.76;5.08
86330;281104;5;Zespół Szkół Zawodowych i Ogólnokształcących w Nidzicy 13-100 Nidzica ul. Władysława Jagiełły 3;1612;267;267;5;262;16.56;1.87;1571;708;708;29;679;45.07;4.10
86331;281104;6;Centrum Rehabilitacyjno-Edukacyjne w Nidzicy 13-100 Nidzica ul. Krzywa 8;965;165;165;1;164;17.10;0.61;934;441;441;11;430;47.22;2.49
86332;281104;7;Przedszkole Nr 2 w Nidzicy 13-100 Nidzica ul. 1 Maja 36;735;134;134;1;133;18.23;0.75;715;359;359;17;342;50.21;4.74
86333;281104;8;Zespół Szkół Nr 3 w Nidzicy 13-100 Nidzica ul. 1 Maja 42;1798;318;318;8;310;17.69;2.52;1784;859;859;20;839;48.15;2.33
86334;281104;9;Świetlica wiejska w Wietrzychowie 13-100 Wietrzychowo 19;903;54;54;1;53;5.98;1.85;896;226;226;14;212;25.22;6.19
86335;281104;10;Świetlica Wiejska w Orłowie 13-100 Orłowo 6;1031;100;100;6;94;9.70;6.00;1034;308;308;16;292;29.79;5.19
86336;281104;11;Szkoła Podstawowa w Napiwodzie 13-100 Napiwoda 25A;775;66;66;5;61;8.52;7.58;766;263;263;16;247;34.33;6.08
86337;281104;12;Świetlica Wiejska w Rozdrożu 13-100 Rozdroże 29A;649;62;62;2;60;9.55;3.23;644;226;226;17;209;35.09;7.52
86338;281104;13;Miejski Ośrodek Pomocy Społecznej w Nidzicy 13-100 Nidzica ul. Kolejowa 5;686;57;57;0;57;8.31;0.00;692;230;230;6;224;33.24;2.61
86339;281104;14;Świetlica Wiejska w Piotrowicach 13-100 Piotrowice 17;687;55;55;9;46;8.01;16.36;675;211;211;19;192;31.26;9.00
86340;281104;15;Świetlica Wiejska w Kanigowie 13-100 Kanigowo 18;815;66;66;0;66;8.10;0.00;871;343;343;18;325;39.38;5.25
91571;281104;16;Zespół Opieki Zdrowotnej w Nidzicy 13-100 Nidzica Mickiewicza 23;74;1;1;0;1;1.35;0.00;72;12;12;1;11;16.67;8.33
86341;281201;1;Gimnazjum im. Filomatów Nowomiejskich 13-300 Nowe Miasto Lubawskie ul. Działyńskich 14;1131;217;217;11;206;19.19;5.07;1124;450;450;22;428;40.04;4.89
86342;281201;2;Powiatowy Środowiskowy Dom Samopomocy 13-300 Nowe Miasto Lubawskie Korczaka 4;1582;307;307;20;287;19.41;6.51;1584;796;796;17;779;50.25;2.14
86343;281201;3;Szkoła Podstawowa Nr 1 im. Jana Pawła II 13-300 Nowe Miasto Lubawskie ul.Jagiellońska 3;1910;401;401;14;387;20.99;3.49;1882;959;959;28;931;50.96;2.92
86344;281201;4;Cech Rzemiosł Różnych i Przedsiębiorczości 13-300 Nowe Miasto Lubawskie Grunwaldzka 7;1766;357;357;24;333;20.22;6.72;1775;852;852;7;845;48.00;0.82
86345;281201;5;Szkoła Podstawowa Nr 2 im. Janusza Korczaka 13-300 Nowe Miasto Lubawskie Tysiąclecia 33;1091;225;225;8;217;20.62;3.56;1088;559;559;19;540;51.38;3.40
86346;281201;6;Zespół Szkół im. C.K.Norwida 13-300 Nowe Miasto Lubawskie 3 Maja 25;1174;187;187;9;178;15.93;4.81;1172;563;563;18;545;48.04;3.20
91572;281201;7;Szpital Powiatowy w Nowym Mieście Lubawskim sp. z o.o. 13-300 Nowe Miasto Lubawskie Mickiewicza 10;63;0;0;0;0;0.00;NA;40;7;7;0;7;17.50;0.00
86347;281202;1;Gminny Ośrodek Kultury 13-340 Biskupiec Rynek 4;2118;297;297;16;281;14.02;5.39;2118;858;858;66;792;40.51;7.69
86348;281202;2;Szkoła Podstawowa 13-330 Krotoszyny 4a;1400;222;222;8;214;15.86;3.60;1398;584;584;28;556;41.77;4.79
86349;281202;3;Szkoła Podstawowa 13-334 Lipinki 7;1038;137;137;6;131;13.20;4.38;1052;400;400;20;380;38.02;5.00
86350;281202;4;Szkoła Podstawowa 13-334 Łąkorz 99;810;136;136;8;128;16.79;5.88;800;343;343;16;327;42.88;4.66
86351;281202;5;Szkoła Podstawowa 13-334 Ostrowite 34;790;99;99;6;93;12.53;6.06;784;272;272;14;258;34.69;5.15
86352;281202;6;Sala Wiejska 13-340 Podlasek 10a;739;83;83;4;79;11.23;4.82;743;245;245;23;222;32.97;9.39
86353;281202;7;Szkoła Podstawowa 13-340 Szwarcenowo 36;702;89;89;10;79;12.68;11.24;706;349;349;16;333;49.43;4.58
86354;281203;1;Zespół Szkół w Nowym Grodzicznie 13-324 Nowe Grodziczno 83 lokal: 83;1621;308;308;9;299;19.00;2.92;1628;783;783;37;746;48.10;4.73
86355;281203;2;Szkoła Podstawowa w Zajączkowie 13-324 Zajączkowo 21A;453;73;73;3;70;16.11;4.11;462;174;174;10;164;37.66;5.75
86356;281203;3;Szkoła Podstawowa w Zwiniarzu 13-324 Zwiniarz 4A;405;69;69;4;65;17.04;5.80;413;177;177;11;166;42.86;6.21
86357;281203;4;Szkoła Podstawowa w Ostaszewie 13-324 Ostaszewo 16A;740;74;74;4;70;10.00;5.41;738;257;257;18;239;34.82;7.00
86358;281203;5;Szkoła Podstawowa w Boleszynie 13-324 Boleszyn 12B;432;84;84;6;78;19.44;7.14;433;175;175;14;161;40.42;8.00
86359;281203;6;Zespół Szkół w Mrocznie 13-324 Mroczno 22A lokal: 22A;1278;204;204;13;191;15.96;6.37;1276;530;530;35;495;41.54;6.60
86360;281204;1;Szkoła Podstawowa w Brzoziu Lubawskim 13-306 Brzozie Lubawskie 43a;1202;199;199;16;183;16.56;8.04;1205;535;535;15;520;44.40;2.80
86361;281204;2;Urząd Gminy w Kurzętniku 13-306 Kurzętnik ul. Grunwaldzka 39;1459;215;215;19;196;14.74;8.84;1451;618;618;30;588;42.59;4.85
86362;281204;3;Szkoła Podstawowa w Marzęcicach 13-306 Marzęcice ul. Szkolna 21;1482;188;188;11;177;12.69;5.85;1490;650;650;22;628;43.62;3.38
86363;281204;4;Szkoła Podstawowa w Tereszewie 13-306 Tereszewo 9a;1355;144;144;6;138;10.63;4.17;1356;478;478;29;449;35.25;6.07
86364;281204;5;Szkoła Podstawowa w Kurzętniku 13-306 Kurzętnik Grunwaldzka 37;1492;235;235;9;226;15.75;3.83;1505;705;705;36;669;46.84;5.11
86365;281205;1;Świetlica Wiejska 13-300 Pacółtowo 19;910;135;135;8;127;14.84;5.93;885;371;371;23;348;41.92;6.20
86366;281205;2;Zespół Szkół im. Rodu Działyńskich 13-300 Bratian ul. Szkolna 2;1214;174;174;17;157;14.33;9.77;1217;505;505;28;477;41.50;5.54
86367;281205;3;Zespół Szkół im. Jana Pawła II 13-332 Jamielnik 53B;1125;164;164;9;155;14.58;5.49;1136;465;465;18;447;40.93;3.87
86368;281205;4;Szkoła Podstawowa 13-300 Skarlin 72;701;136;136;3;133;19.40;2.21;684;289;289;8;281;42.25;2.77
86369;281205;5;Szkoła Podstawowa 13-304 Radomno 18;990;117;117;9;108;11.82;7.69;982;403;403;25;378;41.04;6.20
86370;281205;6;Gminne Centrum Kultury 13-300 Mszanowo Podleśna 1;762;138;138;4;134;18.11;2.90;753;342;342;15;327;45.42;4.39
86371;281205;7;Szkoła Podstawowa im. ks. Kazimierz Wróblewskiego 13-300 Gwiździny 58;605;101;101;12;89;16.69;11.88;598;244;244;17;227;40.80;6.97
86372;281303;1;Świetlica Wiejska w Lakielach 19-420 Lakiele 16;520;23;23;0;23;4.42;0.00;516;79;79;1;78;15.31;1.27
86373;281303;2;Publiczne Gimnazjum w Kowalach Oleckich 19-420 Kowale Oleckie ul. Witosa 6;1164;103;103;6;97;8.85;5.83;1146;321;321;15;306;28.01;4.67
86374;281303;3;Szkoła Podstawowa im. Jana Pawła II w Kowalach Oleckich 19-420 Kowale Oleckie ul. Kościuszki 88;759;88;88;4;84;11.59;4.55;739;222;222;13;209;30.04;5.86
86375;281303;4;Szkoła Podstawowa w Stożnem 19-420 Stożne 6;785;69;69;3;66;8.79;4.35;772;264;264;8;256;34.20;3.03
86376;281303;5;Szkoła Podstawowa im. Marii Konopnickiej w Sokółkach 19-420 Sokółki 47;989;84;84;3;81;8.49;3.57;963;247;247;17;230;25.65;6.88
86377;281304;1;Zespół Szkół Licealnych i Zawodowych 19-400 Olecko ul. Gołdapska 29;901;179;179;3;176;19.87;1.68;878;390;390;14;376;44.42;3.59
86378;281304;2;Powiatowa Stacja Sanitarno-Epidemiologiczna 19-400 Olecko ul. Wojska Polskiego 13;759;128;128;3;125;16.86;2.34;730;333;333;4;329;45.62;1.20
86379;281304;3;Gimnazjum Nr 2 im. Mikołaja Kopernika 19-400 Olecko ul. Słowiańska 1;861;180;180;5;175;20.91;2.78;842;406;406;2;404;48.22;0.49
86380;281304;4;Przedszkole z Oddziałami Integracyjnymi 19-400 Olecko ul. Zielona 1;886;172;172;11;161;19.41;6.40;858;370;370;3;367;43.12;0.81
86381;281304;5;Sala narad w budynku 19-400 Olecko ul. Plac Wolności 2;751;155;155;8;147;20.64;5.16;727;302;302;4;298;41.54;1.32
86382;281304;6;Szkoła Podstawowa Nr 3 im. Jana Pawła II 19-400 Olecko ul. Kolejowa 33;870;171;171;2;169;19.66;1.17;842;385;385;4;381;45.72;1.04
86383;281304;7;Niepubliczny Zakład Opieki Zdrowotnej Poradnia Terapii Uzależnienia od Alkoholu, Narkotyków i Współuzależnienia 19-400 Olecko ul. Nocznickiego 15;787;186;186;3;183;23.63;1.61;750;371;371;12;359;49.47;3.23
86384;281304;8;Regionalny Ośrodek Kultury w Olecku - „Mazury Garbate” 19-400 Olecko ul. Plac Wolności 22;784;121;121;4;117;15.43;3.31;769;302;302;6;296;39.27;1.99
86385;281304;9;Szkoła Podstawowa Nr 3 im. Jana Pawła II 19-400 Olecko ul. Kolejowa 33;803;138;138;5;133;17.19;3.62;783;365;365;11;354;46.62;3.01
86386;281304;10;Liceum Ogólnokształcące im. Jana Kochanowskiego 19-400 Olecko ul. Kościuszki 29;906;202;202;5;197;22.30;2.48;881;436;436;6;430;49.49;1.38
86387;281304;11;Liceum Ogólnokształcące im. Jana Kochanowskiego 19-400 Olecko ul. Kościuszki 29;776;149;149;4;145;19.20;2.68;763;360;360;5;355;47.18;1.39
86388;281304;12;Szkoła Podstawowa Nr 1 im. Henryka Sienkiewicza 19-400 Olecko ul. Kościuszki 20;797;179;179;5;174;22.46;2.79;799;394;394;6;388;49.31;1.52
86389;281304;13;Szkoła Podstawowa Nr 1 im. Henryka Sienkiewicza 19-400 Olecko ul. Kościuszki 20;830;118;118;4;114;14.22;3.39;811;346;346;7;339;42.66;2.02
86390;281304;14;Nadleśnictwo Olecko 19-400 Olecko ul. Kościuszki 32;612;50;50;2;48;8.17;4.00;598;178;178;8;170;29.77;4.49
86391;281304;15;Zespół Szkół 19-400 Olecko Osiedle Siejnik I 14;880;139;139;1;138;15.80;0.72;869;358;358;9;349;41.20;2.51
86392;281304;16;Zespół Szkół 19-400 Olecko Osiedle Siejnik I 14;864;159;159;4;155;18.40;2.52;822;357;357;4;353;43.43;1.12
86393;281304;17;Zespół Szkół w Judzikach 19-400 Judziki 5;864;105;105;9;96;12.15;8.57;849;270;270;9;261;31.80;3.33
86394;281304;18;Świetlica OSP w Szczecinkach 19-400 Szczecinki 9;722;51;51;3;48;7.06;5.88;700;184;184;7;177;26.29;3.80
86395;281304;19;Świetlica w Olszewie 19-400 Olszewo 9;856;87;87;1;86;10.16;1.15;852;241;241;7;234;28.29;2.90
86396;281304;20;Swietlica w Kukowie 19-400 Kukowo 21A;865;88;88;3;85;10.17;3.41;848;215;215;4;211;25.35;1.86
86397;281304;21;Szkoła Podstawowa z Oddziałami Integracyjnymi im. Marszałka Józefa Piłsudskiego w Gąskach 19-400 Gąski 14;863;66;66;2;64;7.65;3.03;851;263;263;4;259;30.90;1.52
91573;281304;22;„OLMEDICA” w Olecku Sp. z o.o.,pokój nr 2/21 (I piętro starej bryły szpitala) 19-400 Olecko Gołdapska 1;47;4;4;0;4;8.51;0.00;72;13;13;0;13;18.06;0.00
91574;281304;23;Samodzielny Publiczny Zespół Zakładów Opieki Długoterminowej w Olecku Kolonii, pokój nr 117 (parter), Olecko Kolonia 19-400 Olecko-Kolonia 4;70;5;5;0;5;7.14;0.00;60;6;6;0;6;10.00;0.00
86398;281305;1;Urząd Gminy 19-411 Świętajno 104;1173;111;111;1;110;9.46;0.90;1177;379;379;20;359;32.20;5.28
86399;281305;2;Środowiskowy Dom Samopomocy 19-411 Wronki 36;636;59;59;5;54;9.28;8.47;622;175;175;2;173;28.14;1.14
86400;281305;3;Szkoła Podstawowa 19-411 Mazury 6;471;61;61;0;61;12.95;0.00;486;151;151;1;150;31.07;0.66
86401;281305;4;Szkoła Podstawowa 19-411 Cichy 3;522;48;48;2;46;9.20;4.17;521;162;162;9;153;31.09;5.56
86402;281305;5;Wiejskie Centrum Inicjatyw 19-411 Giże 7;468;61;61;1;60;13.03;1.64;448;117;117;5;112;26.12;4.27
86403;281306;1;Szkoła Podstawowa 19-404 Wieliczki ul. Lipowa 10;554;99;99;2;97;17.87;2.02;565;246;246;5;241;43.54;2.03
86404;281306;2;Szkoła Podstawowa 19-404 Wieliczki ul. Lipowa 10;570;84;84;5;79;14.74;5.95;571;180;180;9;171;31.52;5.00
86405;281306;3;Budynek byłej szkoły 19-404 Krupin 44;407;42;42;0;42;10.32;0.00;415;137;137;4;133;33.01;2.92
86406;281306;4;Szkoła Podstawowa 19-404 Cimochy ul. Szkolna 15;651;77;77;4;73;11.83;5.19;649;248;248;11;237;38.21;4.44
86407;281306;5;Świetlica Wiejska 19-404 Kleszczewo 10;517;42;42;1;41;8.12;2.38;520;130;130;7;123;25.00;5.38
86408;281401;1;Lokal Szkoły Podstawowej 11-010 Barczewo ul. Wojska Polskiego 36;798;130;130;2;128;16.29;1.54;800;330;330;11;319;41.25;3.33
86409;281401;2;Lokal Urzędu Stanu Cywilnego 11-010 Barczewo ul. Kopernika 10;1026;202;202;18;184;19.69;8.91;1016;482;482;17;465;47.44;3.53
86410;281401;3;Lokal Przedszkola Miejskiego 11-010 Barczewo ul. Słowackiego 7;1006;263;263;6;257;26.14;2.28;1000;517;517;7;510;51.70;1.35
86411;281401;4;Centrum Kultury i Promocji Gminy w Barczewie 11-010 Barczewo ul. Słowackiego 5;827;207;207;2;205;25.03;0.97;810;450;450;6;444;55.56;1.33
86412;281401;5;Centrum Kultury i Promocji Gminy w Barczewie 11-010 Barczewo ul. Słowackiego 5;813;169;169;7;162;20.79;4.14;808;359;359;8;351;44.43;2.23
86413;281401;6;Lokal Gimnazjum w Barczewie 11-010 Barczewo ul. Północna 14;1043;150;150;8;142;14.38;5.33;1130;479;479;21;458;42.39;4.38
86414;281401;7;Lokal Zespołu Szkolno-Przedszkolnego w Łęgajnach 11-010 Łęgajny ul. Ogrodowa 7;1034;168;168;6;162;16.25;3.57;1042;445;445;28;417;42.71;6.29
86415;281401;8;Lokal Szkoły Podstawowej w Barczewku 11-010 Barczewko 35;680;81;81;10;71;11.91;12.35;682;230;230;12;218;33.72;5.22
86416;281401;9;Lokal Niepublicznego Zespołu Szkół i Placówek w Wipsowie 11-010 Wipsowo 63;756;77;77;0;77;10.19;0.00;742;233;233;9;224;31.40;3.86
86417;281401;10;Lokal Niepublicznego Zespołu Szkół i Placówek w Ramsowie 11-010 Ramsowo 87;726;65;65;3;62;8.95;4.62;735;219;219;9;210;29.80;4.11
86418;281401;11;Lokal Szkoły Podstawowej w Bartołtach Wielkich 11-010 Bartołty Wielkie 5;410;53;53;3;50;12.93;5.66;413;132;132;3;129;31.96;2.27
86419;281401;12;Lokal świetlicy wiejskiej w Jedzbarku 11-010 Jedzbark 64;558;51;51;0;51;9.14;0.00;557;173;173;7;166;31.06;4.05
86420;281401;13;Lokal Stacji Doświadczalnej Oceny Odmian w Wrócikowie 11-010 Wrócikowo 16;524;102;102;6;96;19.47;5.88;535;269;269;11;258;50.28;4.09
86421;281401;14;Lokal Niepublicznego Zespołu Szkół i Placówek w Kronowie 11-010 Kronowo 6;348;42;42;6;36;12.07;14.29;355;98;98;10;88;27.61;10.20
86422;281401;15;Lokal w Domu Parafialnym w Wójtowie 11-010 Wójtowo ul. Kwiatowa 19;913;258;258;8;250;28.26;3.10;937;579;579;19;560;61.79;3.28
86423;281401;16;Lokal świetlicy wiejskiej w Ruszajnach 11-010 Ruszajny 34;625;96;96;2;94;15.36;2.08;634;254;254;13;241;40.06;5.12
86424;281401;17;Lokal świetlicy wiejskiej w Nikielkowie 10-376 Nikielkowo ul. Jana Grzymały 8;387;111;111;1;110;28.68;0.90;425;266;266;3;263;62.59;1.13
86425;281401;18;Lokal Niepublicznego Zespołu Szkół i Placówek w Lamkowie 11-010 Lamkowo 29;490;55;55;5;50;11.22;9.09;487;148;148;13;135;30.39;8.78
86426;281401;19;Lokal świetlicy wiejskiej w Skajbotach 11-010 Skajboty 32;284;74;74;2;72;26.06;2.70;288;105;105;4;101;36.46;3.81
91575;281401;20;Lokal Domu Pomocy Społecznej 11-010 Barczewo ul. Kraszewskiego 17;126;20;20;1;19;15.87;5.00;126;20;20;3;17;15.87;15.00
91576;281401;21;Lokal świetlicy Zakładu Karnego 11-010 Barczewo ul. Klasztorna 7;685;191;191;21;170;27.88;10.99;575;301;301;38;263;52.35;12.62
91577;281401;22;Lokal Szpitala Pomocy Maltańskiej Oddział w Barczewie 11-010 Barczewo ul. Niepodległości 9;57;2;2;1;1;3.51;50.00;56;1;1;0;1;1.79;0.00
86427;281402;1;Biskupiecki Dom Kultury 11-300 Biskupiec ul. Jana Matejki 5;992;212;212;4;208;21.37;1.89;968;457;457;11;446;47.21;2.41
86428;281402;2;Biskupiecki Dom Kultury 11-300 Biskupiec ul. Jana Matejki 5;1087;186;186;6;180;17.11;3.23;1068;468;468;12;456;43.82;2.56
86429;281402;3;Szkoła Podstawowa Nr 3 w Biskupcu 11-300 Biskupiec ul. Bolesława Chrobrego 15;1153;200;200;9;191;17.35;4.50;1126;479;479;19;460;42.54;3.97
86430;281402;4;Szkoła Podstawowa Nr 2 w Biskupcu 11-300 Biskupiec ul. Adama Mickiewicza 8;865;192;192;4;188;22.20;2.08;865;407;407;14;393;47.05;3.44
86431;281402;5;Szkoła Podstawowa Nr 2 11-300 Biskupiec ul. Adama Mickiewicza 8;1192;223;223;12;211;18.71;5.38;1141;509;509;9;500;44.61;1.77
86432;281402;6;Szkoła Podstawowa Nr 2 11-300 Biskupiec ul. Adama Mickiewicza 8;836;136;136;4;132;16.27;2.94;821;376;376;7;369;45.80;1.86
86433;281402;7;Gimnazjum Nr 1 11-300 Biskupiec ul. Ludowa 5;1229;250;250;14;236;20.34;5.60;1247;591;591;17;574;47.39;2.88
86434;281402;8;Gimnazjum Nr 1 11-300 Biskupiec ul. Ludowa 5;1216;278;278;8;270;22.86;2.88;1190;610;610;10;600;51.26;1.64
86435;281402;9;Szkoła Podstawowa Nr 3 11-300 Biskupiec ul. Bolesława Chrobrego 15;944;86;86;8;78;9.11;9.30;923;285;285;10;275;30.88;3.51
86436;281402;10;Zespół Szkół w Czerwonce 11-300 Czerwonka 15;1072;142;142;9;133;13.25;6.34;1167;370;370;12;358;31.71;3.24
86437;281402;11;Świetlica Wiejska 11-300 Biesowo 26;329;40;40;3;37;12.16;7.50;325;142;142;5;137;43.69;3.52
86438;281402;12;Świetlica Wiejska 11-300 Stryjewo 28A;616;57;57;3;54;9.25;5.26;621;206;206;9;197;33.17;4.37
86439;281402;13;Społeczna Szkoła Podstawowa 11-300 Bredynki 24;660;77;77;2;75;11.67;2.60;657;211;211;6;205;32.12;2.84
86440;281402;14;Szkoła Podstawowa Nr 3 11-300 Biskupiec ul. Bolesława Chrobrego 15;319;36;36;0;36;11.29;0.00;306;90;90;3;87;29.41;3.33
86441;281402;15;Społeczna Szkoła Podstawowa 11-300 Borki Wielkie 35;495;68;68;5;63;13.74;7.35;495;158;158;12;146;31.92;7.59
86442;281402;16;Zespół Szkół 11-300 Kobułty 80;630;73;73;5;68;11.59;6.85;631;178;178;8;170;28.21;4.49
86443;281402;17;Szkoła Podstawowa Nr 3 11-300 Biskupiec ul. Bolesława Chrobrego 15;357;30;30;1;29;8.40;3.33;343;63;63;3;60;18.37;4.76
86444;281402;18;Świetlica Wiejska 11-300 Dymer 8;510;42;42;3;39;8.24;7.14;498;155;155;17;138;31.12;10.97
86445;281402;19;Świetlica Wiejska 11-300 Rzeck 79;852;116;116;5;111;13.62;4.31;879;191;191;6;185;21.73;3.14
91578;281402;20;Szpital Powiatowy im. Jana Mikulicza w Biskupcu 11-300 Biskupiec ul. Armii Krajowej 8;87;11;11;0;11;12.64;0.00;62;37;37;3;34;59.68;8.11
86446;281403;1;Remiza Ochotniczej Straży Pożarnej w Dobrym Mieście 11-040 Dobre Miasto ul. Gen. T. Kościuszki 2D;865;165;165;7;158;19.08;4.24;856;431;431;5;426;50.35;1.16
86447;281403;2;Gimnazjum Publiczne w Dobrym Mieście 11-040 Dobre Miasto ul. Garnizonowa 20;1285;261;261;4;257;20.31;1.53;1281;654;654;16;638;51.05;2.45
86448;281403;3;Centrum Kulturalno-Biblioteczne w Dobrym Mieście 11-040 Dobre Miasto ul. Górna 1a;1583;248;248;9;239;15.67;3.63;1549;635;635;21;614;40.99;3.31
86449;281403;4;Zespół Szkół w Dobrym Mieście 11-040 Dobre Miasto ul. Fabryczna 6;928;161;161;8;153;17.35;4.97;931;426;426;12;414;45.76;2.82
86450;281403;5;Szkoła Podstawowa Nr 2 w Dobrym Mieście 11-040 Dobre Miasto ul. Gdańska 13;1802;276;276;8;268;15.32;2.90;1768;792;792;20;772;44.80;2.53
86451;281403;6;Przedszkole Samorządowe Nr 1 w Dobrym Mieście 11-040 Dobre Miasto ul. Grudziądzka 9A;1990;436;436;20;416;21.91;4.59;1926;992;992;34;958;51.51;3.43
86452;281403;7;Szkoła Podstawowa w Barcikowie 11-040 Barcikowo 12a;491;47;47;1;46;9.57;2.13;500;164;164;17;147;32.80;10.37
86453;281403;8;Świetlica Wiejska 11-040 Cerkiewnik 16;454;58;58;3;55;12.78;5.17;462;184;184;4;180;39.83;2.17
86454;281403;9;Świetlica Wiejska 11-040 Głotowo 44b;391;63;63;4;59;16.11;6.35;376;170;170;9;161;45.21;5.29
86455;281403;10;Świetlica Wiejska 11-040 Knopin 39;342;57;57;5;52;16.67;8.77;345;133;133;11;122;38.55;8.27
86456;281403;11;Świetlica Wiejska 11-040 Łęgno 18;507;70;70;1;69;13.81;1.43;520;208;208;12;196;40.00;5.77
86457;281403;12;Świetlica Wiejska 11-040 Praslity 20;341;34;34;1;33;9.97;2.94;328;86;86;3;83;26.22;3.49
86458;281403;13;Środowiskowy Dom Samopomocy w Piotraszewie 11-040 Piotraszewo 7;349;15;15;0;15;4.30;0.00;346;73;73;4;69;21.10;5.48
86459;281403;14;Świetlica Wiejska 11-040 Smolajny 4;530;85;85;2;83;16.04;2.35;531;232;232;10;222;43.69;4.31
86460;281403;15;Szkoła Filialna w Orzechowie 11-040 Orzechowo 26;396;42;42;1;41;10.61;2.38;416;124;124;5;119;29.81;4.03
86461;281403;16;Szkoła Filialna w Jesionowie 11-040 Jesionowo 10;582;68;68;4;64;11.68;5.88;585;164;164;4;160;28.03;2.44
91579;281403;17;Zespół Zakładów Opieki Zdrowotnej w Dobrym Mieście 11-040 Dobre Miasto Grunwaldzka 10B;76;2;2;0;2;2.63;0.00;75;0;0;0;0;0.00;NA
91580;281403;18;Dom Pomocy Społeczej w Dobrym Mieście 11-040 Dobre Miasto Łużycka 73;16;7;7;0;7;43.75;0.00;16;6;6;0;6;37.50;0.00
86462;281404;1;Urząd Gminy Dywity segment C 11-001 Dywity ul. Olsztyńska 32;1267;366;366;7;359;28.89;1.91;1278;753;755;13;740;58.92;1.73
86463;281404;2;Urząd Gminy Dywity segment C 11-001 Dywity ul. Olsztyńska 32;1150;375;375;8;367;32.61;2.13;1183;701;701;11;690;59.26;1.57
86464;281404;3;Świetlica Wiejska w Spręcowie 11-001 Spręcowo 106;947;138;138;4;134;14.57;2.90;960;396;396;13;383;41.25;3.28
86465;281404;4;Szkoła Podstawowa w Tuławkach 11-001 Tuławki 31;691;105;105;0;105;15.20;0.00;718;315;315;3;312;43.87;0.95
86466;281404;5;Świetlica Wiejska w Gradkach 11-001 Gradki 32b;574;72;72;3;69;12.54;4.17;577;170;170;11;159;29.46;6.47
86467;281404;6;Świetlica Wiejska w Barkwedzie 11-001 Barkweda 14;768;115;115;4;111;14.97;3.48;773;324;324;15;309;41.91;4.63
86468;281404;7;Świetlica Wiejska w Słupach 10-381 Słupy 44;675;195;195;11;184;28.89;5.64;670;387;387;10;377;57.76;2.58
86469;281404;8;Świetlica Wiejska w Kieźlinach 10-371 Kieźliny ul. Ks. Jakuba Jagałły 3a;1454;413;413;7;406;28.40;1.69;1485;895;895;13;882;60.27;1.45
86470;281404;9;Świetlica Wiejska w Różnowie 11-001 Różnowo 17;950;216;216;11;205;22.74;5.09;976;545;545;8;537;55.84;1.47
86471;281405;1;Świetlica Wiejska „Pod Lipą” w Gronitach 11-036 Gronity ul. Olsztyńska 21;904;251;251;12;239;27.77;4.78;951;542;542;7;535;56.99;1.29
86472;281405;2;Szkoła Podstawowa w Sząbruku 11-036 Sząbruk ul. Samulowskiego 1;713;174;174;7;167;24.40;4.02;763;385;385;5;380;50.46;1.30
86473;281405;3;Świetlica Wiejska w Unieszewie 11-036 Unieszewo ul. Lipowa 2;675;120;120;12;108;17.78;10.00;677;273;273;6;267;40.32;2.20
86474;281405;4;Gietrzwałdzki Ośrodek Kultury w Gietrzwałdzie 11-036 Gietrzwałd ul. Kościelna 1;1349;322;322;6;316;23.87;1.86;1377;666;666;14;652;48.37;2.10
86475;281405;5;Szkoła Podstawowa w Biesalu 11-036 Biesal 59;1157;133;133;3;130;11.50;2.26;1149;387;387;18;369;33.68;4.65
91581;281405;6;Dom Pomocy Społecznej w Grazymach 11-036 Grazymy 1;45;26;26;3;23;57.78;11.54;49;25;25;0;25;51.02;0.00
86476;281406;1;Ośrodek Sportu i Rekreacji 11-320 Jeziorany ul. Konopnickiej 13E;1343;220;220;3;217;16.38;1.36;1340;548;548;22;526;40.90;4.01
86477;281406;2;Zespół Szkół Ponadgimnazjalnych 11-320 Jeziorany ul. Mickiewicza 11;1204;126;126;5;121;10.47;3.97;1182;368;368;25;343;31.13;6.79
86478;281406;3;Świetlica Wiejska 11-320 Wójtówko 17/ lokal: 2;414;58;58;7;51;14.01;12.07;415;121;121;16;105;29.16;13.22
86479;281406;4;Miejski Ośrodek Kultury 11-320 Jeziorany ul. Konopnickiej 4;1672;145;145;1;144;8.67;0.69;1644;506;506;26;480;30.78;5.14
86480;281406;5;Szkoła Podstawowa 11-320 Radostowo 58;882;114;114;7;107;12.93;6.14;884;279;279;16;263;31.56;5.73
86481;281406;6;Świetlica Wiejska 11-320 Franknowo 14A;733;50;50;3;47;6.82;6.00;717;190;190;12;178;26.50;6.32
91582;281406;7;Dom Pomocy Społecznej 11-320 Jeziorany ul. Kajki 49;99;36;36;7;29;36.36;19.44;92;41;41;11;30;44.57;26.83
91583;281406;8;Oddział Zewnętrzny w Kikitach Zakładu Karnego w Barczewie 11-311 Kikity 33S;176;63;63;7;56;35.80;11.11;119;78;78;20;58;65.55;25.64
86482;281407;1;Szkoła Podstawowa w Jonkowie 11-042 Jonkowo ul. Ks. Jana Hanowskiego 29;1525;327;327;11;316;21.44;3.36;1583;850;850;21;829;53.70;2.47
86483;281407;2;Szkoła Podstawowa we Wrzesinie 11-042 Wrzesina 43;1203;159;159;1;158;13.22;0.63;1215;507;507;16;491;41.73;3.16
86484;281407;3;Szkoła Podstawowa w Nowym Kawkowie 11-042 Nowe Kawkowo 25;673;110;110;1;109;16.34;0.91;684;270;270;9;261;39.47;3.33
86485;281407;4;Szkoła Podstawowa w Jonkowie 11-042 Jonkowo ul. Ks. Jana Hanowskiego 29;1105;200;200;4;196;18.10;2.00;1142;490;490;12;478;42.91;2.45
86486;281407;5;Szkoła Podstawowa w Jonkowie 11-042 Jonkowo ul. Ks. Jana Hanowskiego 29;831;160;160;6;154;19.25;3.75;836;395;395;14;381;47.25;3.54
91584;281407;6;Dom Pomocy Społecznej 11-042 Jonkowo Lipowa 9;44;13;13;0;13;29.55;0.00;42;20;20;2;18;47.62;10.00
86487;281408;1;Gminny Ośrodek Kultury w Kolnie 11-311 Kolno 25b;1036;96;96;12;84;9.27;12.50;1021;286;286;19;267;28.01;6.64
86488;281408;2;Biblioteka Publiczna Gminy Kolno z siedzibą w Lutrach 11-311 Lutry 12;873;115;115;5;110;13.17;4.35;871;327;327;25;302;37.54;7.65
86489;281408;3;Gminny Ośrodek Kultury w Kolnie filia w Bęsi pn. „Centrum Kultury w Bęsi” 11-311 Bęsia 24;856;83;83;5;78;9.70;6.02;851;288;288;15;273;33.84;5.21
86490;281409;1;Zespół Szkół w Olsztynku 11-015 Olsztynek ul. Zamkowa 6;560;118;118;2;116;21.07;1.69;538;270;270;8;262;50.19;2.96
86491;281409;2;Zespół Szkół w Olsztynku 11-015 Olsztynek ul. Zamkowa 6;667;141;141;2;139;21.14;1.42;659;246;246;4;242;37.33;1.63
86492;281409;3;Przedszkole Miejskie w Olsztynku 11-015 Olsztynek ul. Szkolna 9;850;148;148;8;140;17.41;5.41;831;381;381;10;371;45.85;2.62
86493;281409;4;Przedszkole Miejskie w Olsztynku 11-015 Olsztynek ul. Szkolna 9;729;157;157;7;150;21.54;4.46;723;329;329;9;320;45.50;2.74
86494;281409;5;I Liceum Ogólnokształcące w Olsztynku 11-015 Olsztynek ul. Klikowicza 4;885;143;143;3;140;16.16;2.10;894;332;332;13;319;37.14;3.92
86495;281409;6;Miejski Ośrodek Pomocy Społecznej w Olsztynku 11-015 Olsztynek ul. Świerczewskiego 19;899;155;155;8;147;17.24;5.16;894;344;344;9;335;38.48;2.62
86496;281409;7;Miejski Ośrodek Pomocy Społecznej w Olsztynku 11-015 Olsztynek ul. Świerczewskiego 19;753;158;158;1;157;20.98;0.63;751;336;336;9;327;44.74;2.68
86497;281409;8;I Liceum Ogólnokształcące w Olsztynku 11-015 Olsztynek ul. Klikowicza 4;537;106;106;0;106;19.74;0.00;577;273;273;5;268;47.31;1.83
86498;281409;9;Szkoła Podstawowa w Elgnówku 11-015 Elgnówko 27;283;30;30;3;27;10.60;10.00;284;62;62;3;59;21.83;4.84
86499;281409;10;Świetlica w Mańkach 11-015 Mańki 5a;314;40;40;3;37;12.74;7.50;314;104;104;4;100;33.12;3.85
86500;281409;11;Świetlica w Mierkach 11-015 Mierki 33a;520;94;94;4;90;18.08;4.26;523;193;193;3;190;36.90;1.55
86501;281409;12;Zakład Rybacki Szwaderki 11-015 Swaderki 13a;537;77;77;3;74;14.34;3.90;535;181;181;7;174;33.83;3.87
86502;281409;13;Świetlica w Kunkach 11-015 Kunki 29;755;74;74;3;71;9.80;4.05;762;246;246;12;234;32.28;4.88
86503;281409;14;Zespół Szkolno-Przedszkolny w Waplewie 11-015 Waplewo 15;839;97;97;5;92;11.56;5.15;831;295;295;20;275;35.50;6.78
86504;281409;15;Świetlica w Królikowie 11-015 Królikowo 13a;568;73;73;1;72;12.85;1.37;579;214;214;1;213;36.96;0.47
86505;281409;16;Świetlica w Pawłowie 11-015 Pawłowo 8a;296;52;52;0;52;17.57;0.00;298;114;114;3;111;38.26;2.63
86506;281409;17;Świetlica w Platynach 11-015 Platyny 8a;454;42;42;8;34;9.25;19.05;447;92;92;6;86;20.58;6.52
86507;281409;18;Szkoła Podstawowa w Olsztynku 11-015 Olsztynek ul. Ostródzka 2;300;35;35;0;35;11.67;0.00;297;96;96;2;94;32.32;2.08
91585;281409;19;Dom Pomocy Społecznej „Zacisze” w Olsztynku 11-015 Olsztynek ul. Park 5 (stołówka);103;34;34;0;34;33.01;0.00;128;37;37;4;33;28.91;10.81
86508;281410;1;Remiza Ochotniczej Straży Pożarnej w Purdzie 11-030 Purda 12B;1656;229;229;8;221;13.83;3.49;1675;552;552;18;534;32.96;3.26
86509;281410;2;Uroczysko „Deresze” 11-030 Giławy 73;274;53;53;1;52;19.34;1.89;272;97;97;6;91;35.66;6.19
86510;281410;3;Szkoła Podstawowa w Butrynach 10-687 Butryny 1A;778;96;96;4;92;12.34;4.17;798;292;292;19;273;36.59;6.51
86511;281410;4;Szkoła Podstawowa w Klebarku Wielkim 10-687 Klebark Wielki 9;1173;216;216;9;207;18.41;4.17;1185;536;536;17;519;45.23;3.17
86512;281410;5;Świetlica Wiejska 10-687 Klewki 15;2104;375;375;17;358;17.82;4.53;2181;991;992;33;958;45.44;3.33
86513;281410;6;Remiza Ochotniczej Straży Pożarnej w Nowej Wsi 11-030 Nowa Wieś 9A;630;107;107;4;103;16.98;3.74;623;241;241;9;232;38.68;3.73
86514;281411;1;Zespół Szkolno-Przedszkolny w Stawigudzie 11-034 Stawiguda ul. Warszawska 5;1434;450;450;14;436;31.38;3.11;1470;895;895;24;871;60.88;2.68
86515;281411;2;Publiczne Gimnazjum w Stawigudzie 11-034 Stawiguda ul. Leśna 2;621;115;115;5;110;18.52;4.35;637;296;296;9;287;46.47;3.04
86516;281411;3;Świetlica w Gryźlinach 11-034 Gryźliny ul. Spacerowa 8;480;100;100;3;97;20.83;3.00;474;193;193;10;183;40.72;5.18
86517;281411;4;Klub w Dorotowie 11-034 Dorotowo 34;977;275;275;6;269;28.15;2.18;1070;636;636;16;620;59.44;2.52
86518;281411;5;Przedszkole w Bartągu 10-687 Bartąg ul. Nad Łyną 57;1905;397;397;15;382;20.84;3.78;2136;1174;1174;30;1144;54.96;2.56
86519;281411;6;Świetlica „Nad Łyną” w Rusi 10-687 Ruś 6;565;102;102;1;101;18.05;0.98;590;284;284;11;273;48.14;3.87
86520;281412;1;Szkoła Podstawowa 11-008 Świątki 95;720;96;96;4;92;13.33;4.17;708;299;299;11;288;42.23;3.68
86521;281412;2;Gminna Biblioteka Publiczna 11-008 Świątki 93;837;69;69;2;67;8.24;2.90;819;246;246;16;230;30.04;6.50
86522;281412;3;Świetlica Wiejska 11-008 Kwiecewo 25;599;71;71;4;67;11.85;5.63;591;179;179;8;171;30.29;4.47
86523;281412;4;Świetlica Wiejska 11-008 Brzydowo 52;378;23;23;0;23;6.08;0.00;379;69;69;2;67;18.21;2.90
86524;281412;5;Świetlica Wiejska 11-008 Gołogóra 12;479;57;57;7;50;11.90;12.28;467;168;168;10;158;35.97;5.95
86525;281412;6;Świetlica Wiejska 11-008 Włodowo 46;300;21;21;4;17;7.00;19.05;289;71;71;7;64;24.57;9.86
86526;281501;1;BUDYNEK ORATORIUM 14-100 Ostróda Parkowa 30;1171;264;264;9;255;22.54;3.41;1153;624;624;10;614;54.12;1.60
86527;281501;2;Budynek Stadionu 14-100 Ostróda 3-go Maja 19A;1289;259;259;5;254;20.09;1.93;1279;658;658;12;646;51.45;1.82
86528;281501;3;Zespół Szkolno Przedszkolny 14-100 Ostróda Plebiscytowa 50;1625;342;342;17;325;21.05;4.97;1644;808;808;32;776;49.15;3.96
86529;281501;4;Szkoła Podstawowa Nr 2 14-100 Ostróda Olsztyńska 7;1099;107;107;4;103;9.74;3.74;1098;315;315;19;296;28.69;6.03
86530;281501;5;Szkoła Podstawowa Nr 2 14-100 Ostróda Olsztyńska 7;1462;267;267;6;261;18.26;2.25;1456;603;603;23;580;41.41;3.81
86531;281501;6;Szkoła Podstawowa Nr 6 14-100 Ostróda Osiedle Młodych 8;1246;252;252;16;236;20.22;6.35;1213;561;561;16;545;46.25;2.85
86532;281501;7;Szkoła Podstawowa Nr 6 14-100 Ostróda Osiedle Młodych 8;1180;266;266;16;250;22.54;6.02;1163;583;583;14;569;50.13;2.40
86533;281501;8;Gimnazjum Nr 2 14-100 Ostróda Tadeusza Kościuszki 22;1304;273;273;8;265;20.94;2.93;1311;621;621;11;610;47.37;1.77
86534;281501;9;Szkoła Podstawowa Nr 1 14-100 Ostróda Seweryna Pieniężnego 30A;1514;368;368;26;342;24.31;7.07;1481;824;824;23;801;55.64;2.79
86535;281501;10;Szkoła Podstawowa Nr 1 14-100 Ostróda Seweryna Pieniężnego 30A;1231;257;257;20;237;20.88;7.78;1199;599;599;14;585;49.96;2.34
86536;281501;11;Gimnazjum Nr 2 14-100 Ostróda Tadeusza Kościuszki 22;1342;214;214;7;207;15.95;3.27;1336;544;544;12;532;40.72;2.21
86537;281501;12;Szkoła Podstawowa Nr 4 14-100 Ostróda Tadeusza Kościuszki 14;1401;288;288;11;277;20.56;3.82;1382;682;682;20;662;49.35;2.93
86538;281501;13;Przedszkole Niepubliczne „Promyczek” 14-100 Ostróda Przedszkolna 1;1206;277;277;14;263;22.97;5.05;1183;539;539;19;520;45.56;3.53
86539;281501;14;Szkoła Podstawowa Nr 1 14-100 Ostróda Seweryna Pieniężnego 30A;1187;207;207;1;206;17.44;0.48;1149;541;541;17;524;47.08;3.14
86540;281501;15;Szkoła Podstawowa Nr 3 14-100 Ostróda Rycerska 5;1113;303;303;10;293;27.22;3.30;1090;601;601;11;590;55.14;1.83
86541;281501;16;Przedszkole Niepubliczne „Radość” 14-100 Ostróda Armii Krajowej 5;1288;285;285;17;268;22.13;5.96;1293;593;593;15;578;45.86;2.53
86542;281501;17;Gimnazjum Nr 1 14-100 Ostróda Marszałka Piłsudskiego 4;1408;273;273;13;260;19.39;4.76;1379;659;659;12;647;47.79;1.82
86543;281501;18;Przedszkole Nr 1 14-100 Ostróda Bolesława Chrobrego 3;1268;262;262;10;252;20.66;3.82;1257;605;605;20;585;48.13;3.31
86544;281501;19;Szkoła Podstawowa Nr 3 14-100 Ostróda Rycerska 5;1296;325;325;8;317;25.08;2.46;1244;693;693;10;683;55.71;1.44
86545;281501;20;Szkoła Podstawowa Nr 3 14-100 Ostróda Rycerska 5;1073;200;200;6;194;18.64;3.00;1081;582;582;10;572;53.84;1.72
86546;281501;21;Budynek Polskiego Stowarzyszenia Na Rzecz Osób Z Upośledzeniem Umysłowym 14-100 Ostróda Grunwaldzka 19A;1319;188;188;6;182;14.25;3.19;1328;576;576;14;562;43.37;2.43
91586;281501;22;PZOZ w Ostródzie S.A. 14-100 Ostróda Władysława Jagiełły 1;75;5;5;1;4;6.67;20.00;151;19;19;0;19;12.58;0.00
91587;281501;23;Areszt Śledczy w Ostródzie 14-100 Ostróda Olsztyńska 3;61;29;29;2;27;47.54;6.90;56;45;45;14;31;80.36;31.11
86547;281502;1;GMINNY OŚRODEK KULTURY w DĄBRÓWNIE 14-120 DĄBRÓWNO OGRODOWA 3;1511;246;246;9;237;16.28;3.66;1508;608;608;29;579;40.32;4.77
86548;281502;2;ŚWIETLICA WIEJSKA 14-120 GARDYNY 27;315;30;30;3;27;9.52;10.00;306;66;66;2;64;21.57;3.03
86549;281502;3;ŚWIETLICA WIEJSKA 14-120 MARWAŁD 24;1034;75;75;7;68;7.25;9.33;1025;244;244;27;217;23.80;11.07
86550;281502;4;ŚWIETLICA WIEJSKA 14-120 SAMIN 13;561;61;61;6;55;10.87;9.84;572;193;193;6;187;33.74;3.11
86551;281503;1;Gminny Ośrodek Kultury w Gierzwałdzie 14-107 Gierzwałd 7;1529;108;108;3;105;7.06;2.78;1540;364;364;16;348;23.64;4.40
86552;281503;2;Publiczne Gimnazjum w Stębarku 14-107 Stębark 57;1360;164;164;8;156;12.06;4.88;1364;430;430;20;410;31.52;4.65
86553;281503;3;Szkoła Podstawowa w Szczepankowie 141-107 Szczepankowo 31;866;45;45;1;44;5.20;2.22;872;251;251;26;225;28.78;10.36
86554;281503;4;Szkoła Podstawowa we Frygnowie 14-107 Frygnowo 17;625;67;67;3;64;10.72;4.48;656;209;209;8;201;31.86;3.83
86555;281504;1;Gminny Ośrodek Kultury w Łukcie 14-105 Łukta Kościelna 2B;2253;243;243;15;228;10.79;6.17;2255;802;802;38;764;35.57;4.74
86556;281504;2;Punkt Filialny Szkoły Podstawowej w Łukcie z siedzibą w Mostkowie 14-105 Mostkowo 25;899;66;66;2;64;7.34;3.03;883;226;226;11;215;25.59;4.87
86557;281504;3;Świetlica wiejska we Florczakach 14-105 Florczaki 36;404;46;46;1;45;11.39;2.17;388;142;142;5;137;36.60;3.52
86558;281505;1;Przedszkole Samorządowe w Dobrocinie 14-330 Dobrocin 49 A;822;121;121;2;119;14.72;1.65;830;323;323;9;314;38.92;2.79
86559;281505;2;Szkoła Podstawowa w Małdytach 14-330 Małdyty ul. Szkolna 9;2169;200;200;5;195;9.22;2.50;2164;617;617;28;589;28.51;4.54
86560;281505;3;Zespół Szkół w Szymonowie 14-330 Szymonowo 15;941;95;95;2;93;10.10;2.11;929;263;263;7;256;28.31;2.66
86561;281505;4;Niepubliczna Szkoła Podstawowa w Wielkim Dworze 14-330 Wielki Dwór 9;1170;59;59;1;58;5.04;1.69;1177;246;246;19;227;20.90;7.72
86562;281506;1;Miejski Dom Kultury 14-310 Miłakowo O.Władysława Włodyki 20;2169;326;326;17;309;15.03;5.21;2137;870;870;19;851;40.71;2.18
86563;281506;2;Zespół Szkolno-Przedszkolny im.Jana Pawła 14-310 Miłakowo Olsztyńska 9A;1199;57;57;5;52;4.75;8.77;1163;251;251;16;235;21.58;6.37
86564;281506;3;Szkoła Podstawowa 14-310 Boguchwały 47A;833;54;54;6;48;6.48;11.11;588;133;133;8;125;22.62;6.02
86565;281506;4;Budynek po byłej Szkole Podstawowej 14-310 Bieniasze 7;349;19;19;1;18;5.44;5.26;351;76;76;3;73;21.65;3.95
86566;281507;1;Szkoła Podstawowa w Miłomłynie 14-140 Miłomłyn Pasłęcka 15;2041;315;315;21;294;15.43;6.67;2020;780;780;41;739;38.61;5.26
86567;281507;2;Szkoła Podstawowa w Liwie 14-140 Liwa Długa 30;935;108;108;2;106;11.55;1.85;930;268;268;12;256;28.82;4.48
86568;281507;3;Świetlica Wiejska w Liksajnach 14-140 Liksajny 15A;279;32;32;1;31;11.47;3.12;278;106;106;7;99;38.13;6.60
86569;281507;4;Szkoła Podstawowa w Bynowie 14-140 Bynowo 7;534;45;45;8;37;8.43;17.78;534;141;141;11;130;26.40;7.80
86570;281507;5;Świetlica Wiejska w Majdanach Wielkich 14-140 Majdany Wielkie 28B;296;32;32;0;32;10.81;0.00;297;96;96;4;92;32.32;4.17
86571;281508;1;Szkoła Podstawowa Nr 2 w Morągu 14-300 Morąg ul.Żeromskiego 26;1228;164;164;2;162;13.36;1.22;1201;459;459;27;432;38.22;5.88
86572;281508;2;MPZN Sp. z o.o. 14-300 Morąg Wenecka 1;722;130;130;1;129;18.01;0.77;728;349;349;6;343;47.94;1.72
86573;281508;3;Szkoła Podstawowa Nr 4 w Morągu 14-300 Morąg ul.Kajki 2;956;206;206;6;200;21.55;2.91;923;409;409;13;396;44.31;3.18
86574;281508;4;Szkoła Podstawowa Nr 4 w Morągu 14-300 Morąg Kajki 2;1010;153;153;6;147;15.15;3.92;1019;417;417;17;400;40.92;4.08
86575;281508;5;Gimnazjum Nr 1 w Morągu 14-300 Morąg ul.Mickiewicza 25;739;122;122;4;118;16.51;3.28;727;307;307;4;303;42.23;1.30
86576;281508;6;Zespół Szkól Licealnych 14-300 Morąg ul.11 Listopada 7A;815;124;124;6;118;15.21;4.84;809;334;334;5;329;41.29;1.50
86577;281508;7;Ratusz w Morągu 14-300 Morąg ul. Jana Pawła II 1;895;133;133;7;126;14.86;5.26;879;327;327;13;314;37.20;3.98
86578;281508;8;Szkoła Podstawowa Nr 4 w Morągu 14-300 Morąg ul.Krzywa 2;1106;188;188;5;183;17.00;2.66;1087;475;475;9;466;43.70;1.89
86579;281508;9;Przedszkole Nr 2 w Moragu 14-300 Morąg ul. Armii Krajowej 15;750;162;162;8;154;21.60;4.94;743;367;367;6;361;49.39;1.63
86580;281508;10;Świetlica Spółdzielni Mieszkaniowej „Narie” w Morągu 14-300 Morąg ul.Leśna 22;889;178;178;5;173;20.02;2.81;855;457;457;8;449;53.45;1.75
86581;281508;11;Przedszkole Nr 6 w Morągu 14-300 Morąg Pomorska 23;1008;217;217;9;208;21.53;4.15;999;500;500;9;491;50.05;1.80
86582;281508;12;Szkoła Podstawowa Nr 3 w Morągu 14-300 Morąg ul. Zygmunta Wróblewskiego 17;1242;238;238;11;227;19.16;4.62;1244;600;600;19;581;48.23;3.17
86583;281508;13;Szkoła Podstawowa w Żabim Rogu 14-300 Żabi Róg 115A;1032;114;114;4;110;11.05;3.51;1015;368;368;11;357;36.26;2.99
86584;281508;14;Świetlica w Zawrotach 14-300 Zawroty 17A;767;88;88;6;82;11.47;6.82;747;206;206;5;201;27.58;2.43
86585;281508;15;Szkoła Podstawowa w Żabi Rogu Filia w Bramce 14-300 Bramka 75;816;95;95;8;87;11.64;8.42;808;270;270;16;254;33.42;5.93
86586;281508;16;Świetlica w Słoneczniku 14-300 Słonecznik 30;998;97;97;6;91;9.72;6.19;984;274;274;14;260;27.85;5.11
86587;281508;17;Przedsiębiorstwo Oczyszczania Sp. z o.o. 14-300 Morąg ul.Wenecka 1;938;60;60;0;60;6.40;0.00;961;260;260;7;253;27.06;2.69
86588;281508;18;Świetlica w Królewie 14-300 Królewo 42;1028;90;90;3;87;8.75;3.33;1028;257;257;16;241;25.00;6.23
86589;281508;19;Szkoła Podstawowa w Łącznie 14-300 Łączno 48B;887;48;48;1;47;5.41;2.08;887;206;206;9;197;23.22;4.37
86590;281508;20;Niepubliczna Szkoła Podstawowa w Jurkach 14-300 Jurki 53;965;65;65;3;62;6.74;4.62;965;231;231;9;222;23.94;3.90
86591;281508;21;Świetlica w Bogaczewie 14-300 Bogaczewo 39A;842;102;102;5;97;12.11;4.90;891;317;317;12;305;35.58;3.79
91588;281508;22;Szpital Miejski w Morągu Sp. z o.o. 14-300 Morąg ul.Generała Jana Henryka Dąbrowskiego 16;93;12;12;1;11;12.90;8.33;116;36;36;3;33;31.03;8.33
86592;281509;1;Szkoła Podstawowa w Brzydowie 14-100 Brzydowo 27;948;113;113;7;106;11.92;6.19;954;281;281;5;276;29.45;1.78
86593;281509;2;Gimnazjum w Durągu 14-106 Durąg 14;905;73;73;1;72;8.07;1.37;1085;353;353;18;335;32.53;5.10
86594;281509;3;Zespół Przedszkolno-Szkolny w Tyrowie 14-100 Tyrowo 41;871;121;121;7;114;13.89;5.79;876;274;274;22;252;31.28;8.03
86595;281509;4;Zespół Szkół Rolniczych w Ostródzie 14-100 Ostróda ul.Stefana Czarnieckiego 69;1209;200;200;9;191;16.54;4.50;1136;569;569;11;558;50.09;1.93
86596;281509;5;Niepubliczny Zespół Szkolno -Przedszkolny w Idzbarku 14-100 Idzbark 30;621;60;60;6;54;9.66;10.00;630;237;237;15;222;37.62;6.33
86597;281509;6;Szkoła Podstawowa w Zwierzewie 14-100 Zwierzewo 36;1048;131;131;3;128;12.50;2.29;1057;398;398;12;386;37.65;3.02
86598;281509;7;Szkoła Podstawowa w Starych Jabłonkach 14-133 Stare Jabłonki ul.Olsztyńska 20;733;146;146;5;141;19.92;3.42;749;346;346;15;331;46.19;4.34
86599;281509;8;Szkoła Podstawowa w Szyldaku 14-106 Szyldak ul.Szkolna 12;915;133;133;5;128;14.54;3.76;918;303;303;12;291;33.01;3.96
86600;281509;9;Gminne Centrum Kulturalno-Biblioteczne w Samborowie 14-100 Ostróda ul.Ostródzka 17;1229;208;208;12;196;16.92;5.77;1206;543;543;39;504;45.02;7.18
86601;281509;10;Świetlica Wiejska w Turznicy 14-100 Turznica 23;516;53;53;6;47;10.27;11.32;512;163;163;9;154;31.84;5.52
86602;281509;11;Świetlica Wiejska w Reszkach 14-100 Reszki 36;582;66;66;7;59;11.34;10.61;580;179;179;15;164;30.86;8.38
86603;281509;12;Zespół Szkół w Lipowie 14-100 Lipowo 16;532;94;94;11;83;17.67;11.70;522;190;190;12;178;36.40;6.32
86604;281509;13;Świetlica Wiejska w Pietrzwałdzie 14-100 Pietrzwałd 20b;800;91;91;7;84;11.38;7.69;800;265;265;12;253;33.12;4.53
86605;281509;14;Środowiskowy Dom Samopomocy w Wygodzie 14-120 Wygoda 10;425;32;32;0;32;7.53;0.00;426;110;110;14;96;25.82;12.73
86606;281509;15;Budynek Oratorium w Ostródzie 14-100 Ostróda ul.Parkowa 30;920;139;139;5;134;15.11;3.60;909;363;363;11;352;39.93;3.03
86607;281601;1;Urząd Miejski w Białej Piskiej 12-230 Biała Piska ul. Sikorskiego 21A;1400;226;226;10;216;16.14;4.42;1402;530;530;22;508;37.80;4.15
86608;281601;2;Publiczne Gimnazjum 12-230 Biała Piska ul. Moniuszki 7;1930;349;349;15;334;18.08;4.30;1914;864;864;42;822;45.14;4.86
86609;281601;3;Świetlica w Pogorzeli Wielkiej 12-230 Pogorzel Wielka;480;50;50;6;44;10.42;12.00;488;93;93;10;83;19.06;10.75
86610;281601;4;Sołeckie Centrum Kultury 12-230 Drygały ul. Kościuszki 4;1788;176;176;9;167;9.84;5.11;1782;581;581;40;541;32.60;6.88
86611;281601;5;Szkoła Podstawowa w Skarżynie 12-230 Skarżyn;512;58;58;3;55;11.33;5.17;507;163;163;6;157;32.15;3.68
86612;281601;6;Świetlica Wiejska w Świdrach Kościelnych 12-230 Świdry Kościelne;550;71;71;10;61;12.91;14.08;540;175;175;20;155;32.41;11.43
86613;281601;7;Szkoła Podstawowa w Kumielsku 12-230 Kumielsk;815;108;108;3;105;13.25;2.78;802;256;256;15;241;31.92;5.86
86614;281601;8;Zespół Szkół Nr 1 12-230 Biała Piska ul. Sienkiewicza 16;1163;95;95;0;95;8.17;0.00;1158;324;324;23;301;27.98;7.10
86615;281601;9;Szkoła Podstawowa w Bemowie Piskim 12-230 Bemowo Piskie;879;130;130;6;124;14.79;4.62;883;308;308;18;290;34.88;5.84
86616;281602;1;Szkoła Podstawowa w Orzyszu 12-250 Orzysz ul. Wojska Polskiego 12;1521;234;234;15;219;15.38;6.41;1563;616;616;48;568;39.41;7.79
86617;281602;2;Przedszkole Miejskie w Orzyszu 12-250 Orzysz ul. 22 Lipca 4;1524;291;291;9;282;19.09;3.09;1530;588;588;25;563;38.43;4.25
86618;281602;3;Gimnazjum w Orzyszu 12-250 Orzysz ul. Osiedle Robotnicze 11;1597;357;357;13;344;22.35;3.64;1523;732;732;29;703;48.06;3.96
86619;281602;4;Szkoła Podstawowa w Orzyszu 12-250 Orzysz ul. Wojska Polskiego 14;539;65;65;4;61;12.06;6.15;580;220;220;13;207;37.93;5.91
86620;281602;5;Urząd Miejski w Orzyszu 12-250 Orzysz ul. Giżycka 15;984;122;122;7;115;12.40;5.74;970;268;268;11;257;27.63;4.10
86621;281602;6;Szkoła Podstawowa w Okartowie 12-250 Okartowo 22;477;108;108;8;100;22.64;7.41;471;163;163;16;147;34.61;9.82
86622;281602;7;Szkoła Filialna w Drozdowie 12-250 Drozdowo 14;452;60;60;3;57;13.27;5.00;449;127;127;9;118;28.29;7.09
86623;281602;8;Zespół Szkół w Dąbrówce 12-250 Dąbrówka 40;458;41;41;0;41;8.95;0.00;452;130;130;7;123;28.76;5.38
86624;281603;1;Świetlica Wiejska 12-200 Szczechy Wielkie 13;650;59;59;0;59;9.08;0.00;654;238;238;9;229;36.39;3.78
86625;281603;2;Świetlica Wiejska 12-200 Rostki 18a;587;87;87;5;82;14.82;5.75;572;166;166;13;153;29.02;7.83
86626;281603;3;Świetlica Wiejska 12-200 Wiartel 6b;976;158;158;5;153;16.19;3.16;967;366;366;7;359;37.85;1.91
86627;281603;4;Świetlica Wiejska 12-220 Turośl 5;676;83;83;3;80;12.28;3.61;672;242;242;14;228;36.01;5.79
86628;281603;5;Świetlica Wiejska 12-200 Stare Guty 13a;1251;163;163;4;159;13.03;2.45;1286;456;456;15;441;35.46;3.29
86629;281603;6;Szkoła Podstawowa 12-200 Jeże 14;485;43;43;1;42;8.87;2.33;498;175;175;7;168;35.14;4.00
86630;281603;7;Szkoła Podstawowa im. Ks. Jerzego Popiełuszki 12-200 Liski 22;763;83;83;7;76;10.88;8.43;755;195;195;7;188;25.83;3.59
86631;281603;8;Szkoła Podstawowa Nr 2 im. Henryka Sienkiewicza 12-200 Pisz ul. Gustawa Gizewiusza 8;1082;197;197;3;194;18.21;1.52;1072;415;415;15;400;38.71;3.61
86632;281603;9;Gimnazjum Nr 1 im. Konstantego Ildefonsa Gałczyńskiego 12-200 Pisz ul. Lipowa 15;1958;471;471;15;456;24.06;3.18;1882;879;879;40;839;46.71;4.55
86633;281603;10;Szkoła Podstawowa Nr 1 im. Mikołaja Kopernika 12-200 Pisz ul. dr Władysława Klementowskiego 2;2059;421;421;10;411;20.45;2.38;1999;787;787;39;748;39.37;4.96
86634;281603;11;Szkoła Podstawowa Nr 1 im. Mikołaja Kopernika 12-200 Pisz ul. dr Władyslawa Klementowskiego 2;1051;188;188;4;184;17.89;2.13;1043;440;440;9;431;42.19;2.05
86635;281603;12;Urząd Miejski 12-200 Pisz ul. Gustawa Gizewiusza 5;2163;410;410;16;394;18.96;3.90;2126;881;881;28;853;41.44;3.18
86636;281603;13;Zespół Szkół Ogólnokształcących 12-200 Pisz ul. Władysława Sikorskiego 15;2115;408;408;10;398;19.29;2.45;2031;825;825;28;797;40.62;3.39
86637;281603;14;Zespół Szkół Nr 1 12-200 Pisz ul. Młodzieżowa 26;959;137;137;5;132;14.29;3.65;962;364;364;13;351;37.84;3.57
86638;281603;15;Zespół Szkół Nr 1 12-200 Pisz ul. Młodzieżowa 26;2025;322;322;9;313;15.90;2.80;1995;814;814;18;796;40.80;2.21
86639;281603;16;Gminny Zespół Szkół 12-200 Pisz ul. Wołodyjowskiego 2a;2115;395;395;7;388;18.68;1.77;2104;990;990;35;955;47.05;3.54
86640;281603;17;Gminny Zespół Szkół 12-200 Pisz ul. Wołodyjowskiego 2a;1064;223;223;6;217;20.96;2.69;1054;506;506;14;492;48.01;2.77
91589;281603;18;Samodzielny Publiczny Zakład Opieki Zdrowotnej Szpital Powiatowy w Piszu 12-200 Pisz Henryka Sienkiewicza 2;58;8;8;0;8;13.79;0.00;78;30;30;3;27;38.46;10.00
86641;281604;1;Świetlica Osiedlowa 12-220 Ruciane-Nida ul. Mazurska 13;903;196;196;3;193;21.71;1.53;837;335;335;15;320;40.02;4.48
86642;281604;2;Zespół Szkół Leśnych im. Unii Europejskiej 12-220 Ruciane-Nida ul. Polna 2;1007;242;242;11;231;24.03;4.55;985;465;465;18;447;47.21;3.87
86643;281604;3;Szkoła Podstawowa Nr 1 12-220 Ruciane-Nida ul. Gałczyńskiego 2;1153;244;244;13;231;21.16;5.33;1122;494;494;27;467;44.03;5.47
86644;281604;4;Zespół Szkół Samorządowych im. Agnieszki Osieckiej 12-220 Ruciane-Nida ul. Gałczyńskiego 2A;882;182;182;10;172;20.63;5.49;853;356;356;16;340;41.74;4.49
86645;281604;5;Świetlica Wiejska 12-220 Wejsuny 29;851;147;147;8;139;17.27;5.44;829;332;332;22;310;40.05;6.63
86646;281604;6;Szkoła Podstawowa 12-220 Ukta 70;946;119;119;5;114;12.58;4.20;946;380;380;14;366;40.17;3.68
86647;281604;7;Świetlica Wiejska 12-220 Wojnowo 21;905;159;159;7;152;17.57;4.40;894;344;344;25;319;38.48;7.27
86648;281604;8;Świetlica Wiejska 12-220 Karwica 12A;360;104;104;1;103;28.89;0.96;344;141;141;5;136;40.99;3.55
91590;281604;9;Świetlica Domu Pomocy Społecznej Ewangelickiego Domu Opieki BETEZDA w Ukcie Parafii Ewangelicko-Augsburskiej w Mikołajkach 12-220 Ukta 31;33;14;14;2;12;42.42;14.29;36;17;17;1;16;47.22;5.88
86649;281701;1;Miejski Ośrodek Sportu 12-100 Szczytno ul. Śląska 10;1215;295;295;6;289;24.28;2.03;1177;625;625;6;619;53.10;0.96
86650;281701;2;Szkoła Podstawowa z Oddziałami Integracyjnymi Nr 2 im. Wojciecha Kętrzyńskiego 12-100 Szczytno ul. Wojciecha Kętrzyńskiego 6;897;264;264;12;252;29.43;4.55;856;483;483;6;477;56.43;1.24
86651;281701;3;Szkoła Podstawowa Nr 6 im. Orła Białego 12-100 Szczytno ul. Bohaterów Września 1939 r. 2;1079;241;241;7;234;22.34;2.90;1050;527;527;15;512;50.19;2.85
86652;281701;4;Miejski Dom Kultury 12-100 Szczytno ul. Polska 12;762;111;111;7;104;14.57;6.31;732;286;286;7;279;39.07;2.45
86653;281701;5;Zespół Szkół Nr 1 im. Stanisława Staszica 12-100 Szczytno ul. Adama Mickiewicza 10;952;153;153;5;148;16.07;3.27;903;381;381;14;367;42.19;3.67
86654;281701;6;Gimnazjum Nr 1 im. Henryka Sienkiewicza 12-100 Szczytno ul. Jana Kasprowicza 1;1095;244;244;8;236;22.28;3.28;1060;514;514;14;500;48.49;2.72
86655;281701;7;Gminna Spółdzielnia „Samopomoc Chłopska” 12-100 Szczytno ul. Łomżyńska 18;831;169;169;4;165;20.34;2.37;892;429;429;16;413;48.09;3.73
86656;281701;8;Miejskie Przedszkole Nr 2 „Fantazja” 12-100 Szczytno ul. Polska 42;798;115;115;5;110;14.41;4.35;789;378;378;10;368;47.91;2.65
86657;281701;9;Szkoła Podstawowa Nr 3 im. Marii Curie-Skłodowskiej 12-100 Szczytno ul. Marii Curie-Skłodowskiej 2;846;99;99;0;99;11.70;0.00;845;391;391;3;388;46.27;0.77
86658;281701;10;Przedszkole Niepubliczne Nr 1 „Pod Topolą” 12-100 Szczytno ul. Pasymska 7;1122;248;248;12;236;22.10;4.84;1083;542;543;20;522;50.05;3.69
86659;281701;11;Miejskie Przedszkole Nr 1 „Bajka” 12-100 Szczytno ul. Pasymska 21;708;133;133;5;128;18.79;3.76;680;318;318;5;313;46.76;1.57
86660;281701;12;Gimnazjum Nr 1 im. Henryka Sienkiewicza 12-100 Szczytno ul. Jana Kasprowicza 1;908;181;181;2;179;19.93;1.10;888;441;441;12;429;49.66;2.72
86661;281701;13;Dom Studencki Wyższej Szkoły Policji 12-100 Szczytno ul. Bolesława Chrobrego 12;733;165;165;9;156;22.51;5.45;721;348;348;6;342;48.27;1.72
86662;281701;14;Hala Widowiskowo-Sportowa im. Huberta Wagnera 12-100 Szczytno ul. Jerzego Lanca 1;1039;265;265;5;260;25.51;1.89;995;509;509;11;498;51.16;2.16
86663;281701;15;Hala Widowiskowo-Sportowa im. Huberta Wagnera 12-100 Szczytno ul. Jerzego Lanca 1;1077;234;234;4;230;21.73;1.71;1035;552;552;8;544;53.33;1.45
86664;281701;16;Zespół Szkół Nr 3 im. Jana III Sobieskiego 12-100 Szczytno ul. Jerzego Lanca 10;1320;312;312;11;301;23.64;3.53;1260;682;682;17;665;54.13;2.49
86665;281701;17;Cech Rzemiosł Różnych 12-100 Szczytno ul. Marii Curie-Skłodowskiej 15;788;133;133;1;132;16.88;0.75;773;361;361;10;351;46.70;2.77
86666;281701;18;B i A Barbara Dąbrowska Diagnostyka i Mechanika Pojazdowa 12-100 Szczytno ul. Przemysłowa 5;615;118;118;6;112;19.19;5.08;581;263;263;9;254;45.27;3.42
86667;281701;19;Centrum Rehabilitacyjno-Edukacyjne Dla Dzieci i Młodzieży Niepełnosprawnej 12-100 Szczytno ul. Pasymska 21 A;960;108;108;5;103;11.25;4.63;954;454;454;7;447;47.59;1.54
86668;281701;20;Zespół Szkół Nr 2 im. Jędrzeja Śniadeckiego 12-100 Szczytno ul. Polska 18;828;154;154;1;153;18.60;0.65;811;374;374;10;364;46.12;2.67
86669;281701;21;Gimnazjum Nr 2 z Oddziałami Integracyjnymi 12-100 Szczytno ul. Jerzego Lanca 1;1178;196;196;6;190;16.64;3.06;1185;539;539;11;528;45.49;2.04
91591;281701;22;Dom Pomocy Społecznej 12-100 Szczytno ul. Wielbarska 2;104;27;27;3;24;25.96;11.11;105;36;36;4;32;34.29;11.11
91592;281701;23;Szpital Powiatowy 12-100 Szczytno ul. Marii Curie-Skłodowskiej 12;84;7;7;0;7;8.33;0.00;76;31;31;2;29;40.79;6.45
91593;281701;24;Areszt Śledczy 12-100 Szczytno ul. Henryka Sienkiewicza 10;119;64;64;11;53;53.78;17.19;116;72;72;19;53;62.07;26.39
86670;281702;1;Szkoła Podstawowa w Rumach 12-120 Rumy 19;287;56;56;1;55;19.51;1.79;284;85;85;0;85;29.93;0.00
86671;281702;2;Gminny Ośrodek Kultury, Sportu i Rekreacji w Dźwierzutach 12-120 Dźwierzuty ul. Pasymska 2;1400;186;186;18;168;13.29;9.68;1385;407;407;41;366;29.39;10.07
86672;281702;3;Urząd Gminy w Dźwierzutach 12-120 Dźwierzuty ul. Niepodległości 6;1327;312;312;27;285;23.51;8.65;1331;540;540;23;517;40.57;4.26
86673;281702;4;Szkoła Podstawowa w Kałęczynie 12-120 Kałęczyn 17;583;105;105;4;101;18.01;3.81;573;217;217;11;206;37.87;5.07
86674;281702;5;Świetlica Wiejska 12-120 Jabłonka 42;693;86;86;12;74;12.41;13.95;679;185;185;8;177;27.25;4.32
86675;281702;6;Zespół Szkolno-Przedszkolny w Orzynach 12-120 Orzyny 34;1140;143;143;4;139;12.54;2.80;1150;313;313;24;289;27.22;7.67
86676;281703;1;Budynek Zespołu Szkół 12-122 Jedwabno ul. Polna 1;1036;211;211;16;195;20.37;7.58;1042;438;438;27;411;42.03;6.16
86677;281703;2;Gminny Ośrodek Kultury 12-122 Jedwabno ul. 1 Maja 63;861;125;125;4;121;14.52;3.20;875;301;301;17;284;34.40;5.65
86678;281703;3;Świetlica Wiejska 12-122 Burdąg 46;584;59;59;5;54;10.10;8.47;577;165;165;10;155;28.60;6.06
86679;281703;4;Świetlica Wiejska 12-122 Nowy Dwór 37;508;49;49;1;48;9.65;2.04;512;141;141;12;129;27.54;8.51
86680;281704;1;Zespół Szkół-Publiczne Gimnazjum 12-130 Pasym ul. Jana Pawła II 1;471;49;49;4;45;10.40;8.16;470;158;158;13;145;33.62;8.23
86681;281704;2;Miejski Ośrodek Kultury 12-130 Pasym ul. Rynek 10A;346;34;34;0;34;9.83;0.00;346;105;105;5;100;30.35;4.76
86682;281704;3;Szkoła Podstawowa 12-130 Grom 67;419;67;67;4;63;15.99;5.97;423;141;141;7;134;33.33;4.96
86683;281704;4;Szkoła Podstawowa 12-130 Tylkowo 1;628;116;116;6;110;18.47;5.17;648;280;280;15;265;43.21;5.36
86684;281704;5;Świetlica Wiejska 12-130 Grzegrzółki 11;334;32;32;2;30;9.58;6.25;337;85;85;6;79;25.22;7.06
86685;281704;6;Remiza Strażacka 12-130 Pasym ul. Pocztowa 14;527;67;67;5;62;12.71;7.46;524;201;201;18;183;38.36;8.96
86686;281704;7;Zespół Szkolno-Przedszkolny 12-130 Pasym ul. Ogrodowa 1;882;129;129;7;122;14.63;5.43;868;299;299;18;281;34.45;6.02
86687;281704;8;Zespół Szkolno-Przedszkolny 12-130 Pasym ul. Ogrodowa 1;667;136;136;8;128;20.39;5.88;663;298;298;11;287;44.95;3.69
86688;281705;1;Sala sportowa przy Zespole Szkolno-Przedszkolnym w Dąbrowach 12-114 Dąbrowy 238;1025;130;130;11;119;12.68;8.46;1015;369;369;20;349;36.35;5.42
86689;281705;2;Gminny Ośrodek Kultury w Rozogach 12-114 Rozogi ul. Plac Jana Pawła II 1;1201;260;260;18;242;21.65;6.92;1195;495;495;26;469;41.42;5.25
86690;281705;3;Sala sportowa przy Zespole Szkół w Rozogach 12-114 Rozogi ul. 24 Stycznia 13;500;44;44;4;40;8.80;9.09;499;154;154;12;142;30.86;7.79
86691;281705;4;Szkoła Podstawowa w Klonie 12-114 Klon 96;692;96;96;7;89;13.87;7.29;699;195;195;20;175;27.90;10.26
86692;281705;5;Świetlica Wiejska w Księżym Lasku 12-114 Księży Lasek 26;312;73;73;0;73;23.40;0.00;309;118;118;2;116;38.19;1.69
86693;281705;6;Świetlica Wiejska w Farynach 12-114 Faryny 51;407;48;48;4;44;11.79;8.33;402;144;144;22;122;35.82;15.28
86694;281705;7;Budynek byłej Szkoły Podstawowej w Spalinach Wielkich 12-114 Spaliny Wielkie 25a;443;63;63;5;58;14.22;7.94;429;115;115;11;104;26.81;9.57
86695;281706;1;Świetlica Wiejska w Zielonce 12-100 Zielonka 11;1050;144;144;4;140;13.71;2.78;1113;397;397;15;382;35.67;3.78
86696;281706;2;Świetlica Wiejska w Płozach 12-100 Płozy 37A;623;115;115;6;109;18.46;5.22;641;252;252;12;240;39.31;4.76
86697;281706;3;Świetlica Wiejska w Leśnym Dworze 12-100 Leśny Dwór 54;956;246;246;8;238;25.73;3.25;994;545;545;7;538;54.83;1.28
86698;281706;4;Gminne Przedszkole „Jaś i Małgosia” w Lipowcu - oddział terenowy w Kamionku 12-100 Kamionek 25;544;69;69;2;67;12.68;2.90;548;211;211;8;203;38.50;3.79
86699;281706;5;Urząd Gminy Szczytno 12-100 Szczytno ul. Łomżyńska 3;851;84;84;1;83;9.87;1.19;857;336;336;17;319;39.21;5.06
86700;281706;6;Zespół Szkół w Lipowcu 12-100 Lipowiec 48;1121;145;145;7;138;12.93;4.83;1146;369;369;25;344;32.20;6.78
86701;281706;7;Zespół Szkół w Szymanach 12-100 Szymany 21;695;96;96;3;93;13.81;3.12;692;270;270;14;256;39.02;5.19
86702;281706;8;Zespół Szkół w Olszynach 12-100 Olszyny 30;714;94;94;7;87;13.17;7.45;711;257;257;10;247;36.15;3.89
86703;281706;9;Zakład Gospodarki Komunalnej i Mieszkaniowej w Kamionku 12-100 Kamionek 25;796;121;121;3;118;15.20;2.48;846;381;381;17;364;45.04;4.46
86704;281706;10;Szkoła Podstawowa w Rudce 12-100 Rudka 10;1244;153;153;12;141;12.30;7.84;1265;500;500;24;476;39.53;4.80
86705;281706;11;Niepubliczny Zespół Szkolno-Przedszkolny w Romanach 12-100 Romany 20B;789;64;64;5;59;8.11;7.81;786;226;226;29;197;28.75;12.83
86706;281707;1;Gminny Ośrodek Kultury w Świętajnie 12-140 Świętajno ul. Młodzieżowa 2;1171;196;196;6;190;16.74;3.06;1172;476;476;22;454;40.61;4.62
86707;281707;2;Gminna Biblioteka Publiczna w Świętajnie 12-140 Świętajno ul. Młodzieżowa 2;602;74;74;4;70;12.29;5.41;589;177;177;10;167;30.05;5.65
86708;281707;3;Zespół Szkół w Spychowie 12-150 Spychowo ul. Mazurska 5;1240;288;288;8;280;23.23;2.78;1184;506;506;21;485;42.74;4.15
86709;281707;4;Szkoła Podstawowa w Jerutach 12-140 Jeruty 41;685;80;80;7;73;11.68;8.75;687;209;209;14;195;30.42;6.70
86710;281707;5;Szkoła Podstawowa w Kolonii 12-140 Kolonia 71;825;106;106;4;102;12.85;3.77;809;250;250;13;237;30.90;5.20
86711;281707;6;Środowiskowy Dom Samopomocy w Piasutnie 12-140 Piasutno 63;404;86;86;5;81;21.29;5.81;401;164;164;12;152;40.90;7.32
91594;281707;7;gabinet Kierownika Domu Pomocy Społecznej 12-150 Spychowo Sienkiewicza 3;16;14;14;7;7;87.50;50.00;15;11;11;4;7;73.33;36.36
86712;281708;1;Szkoła Podstawowa w Wielbarku 12-160 Wielbark ul. Mikołaja Kopernika 10;1062;124;124;8;116;11.68;6.45;1071;360;360;24;336;33.61;6.67
86713;281708;2;Szkoła Podstawowa w Wielbarku 12-160 Wielbark ul. Mikołaja Kopernika 10;717;97;97;7;90;13.53;7.22;728;260;260;8;252;35.71;3.08
86714;281708;3;Urząd Gminy Wielbark 12-160 Wielbark ul. Grunwaldzka 2;959;81;81;5;76;8.45;6.17;977;282;282;11;271;28.86;3.90
86715;281708;4;Gminny Ośrodek Kultury w Wielbarku 12-160 Wielbark ul. Wojciecha Kętrzyńskiego 13;1054;124;124;2;122;11.76;1.61;1058;320;320;13;307;30.25;4.06
86716;281708;5;Szkoła Podstawowa w Zabielach 12-160 Zabiele 4;436;44;44;3;41;10.09;6.82;443;139;139;15;124;31.38;10.79
86717;281708;6;Świetlica Wiejska w Lesinach Wielkich 12-160 Lesiny Wielkie 18c;906;88;88;5;83;9.71;5.68;892;204;204;5;199;22.87;2.45
86718;281801;1;Zespół Placówek Oświatowych w Baniach Mazurskich 19-520 Banie Mazurskie ul. Konopnickiej 12;1170;160;160;7;153;13.68;4.38;1147;397;397;11;386;34.61;2.77
86719;281801;2;Zespół Placówek Oświatowych w Baniach Mazurskich 19-520 Banie Mazurskie ul. Konopnickiej 12;736;47;47;2;45;6.39;4.26;711;199;199;7;192;27.99;3.52
86720;281801;3;Szkoła Podstawowa w Lisach 19-520 Lisy 23A;564;42;42;3;39;7.45;7.14;541;123;123;10;113;22.74;8.13
86721;281801;4;Była Szkoła Podstawowa w Żabinie 19-520 Żabin 8A;832;65;65;8;57;7.81;12.31;825;207;207;12;195;25.09;5.80
86722;281802;1;Szkoła Podstawowa w Dubeninkach 19-504 Dubeninki ul. Szkolna 1;1067;125;125;5;120;11.72;4.00;1020;328;328;23;305;32.16;7.01
86723;281802;2;Gminne Centrum Kultury w Dubeninkach 19-504 Dubeninki ul. Henryka Mereckiego 6;457;40;40;0;40;8.75;0.00;446;141;141;5;136;31.61;3.55
86724;281802;3;Świetlica Wiejska w Żytkiejmach 19-504 Żytkiejmy ul. 1-go Maja 2;1027;79;79;2;77;7.69;2.53;979;270;270;10;260;27.58;3.70
86725;281803;1;Szkoła Podstawowa w Boćwince 19-500 Boćwinka 13;779;45;45;5;40;5.78;11.11;771;193;193;11;182;25.03;5.70
86726;281803;2;Zespół Szkół w Grabowie 19-500 Grabowo 54;799;82;82;3;79;10.26;3.66;818;211;211;11;200;25.79;5.21
86727;281803;3;Szkoła Podstawowa w Jabłońskich 19-500 Jabłońskie 12;648;65;65;3;62;10.03;4.62;638;216;216;9;207;33.86;4.17
86728;281803;4;Świetlica Wiejska w Górnem 19-500 Górne 22;765;53;53;1;52;6.93;1.89;756;189;189;8;181;25.00;4.23
86729;281803;5;Świetlica Wiejska w Kozakach 19-500 Kozaki 19A;847;65;65;1;64;7.67;1.54;851;236;236;16;220;27.73;6.78
86730;281803;6;Świetlica Wiejska w Galwieciach 19-500 Galwiecie 30a;388;36;36;5;31;9.28;13.89;390;122;122;7;115;31.28;5.74
86731;281803;7;Szkoła Podstawowa Nr 1 w Gołdapi 19-500 Gołdap ul. Szkolna 5;1465;276;276;9;267;18.84;3.26;1575;604;604;10;594;38.35;1.66
86732;281803;8;Urząd Miejski w Gołdapi 19-500 Gołdap Plac Zwycięstwa 14;1028;171;171;2;169;16.63;1.17;1589;705;705;18;687;44.37;2.55
86733;281803;9;Starostwo Powiatowe w Gołdapi 19-500 Gołdap ul. Krótka 1;1633;211;211;3;208;12.92;1.42;1684;570;570;12;558;33.85;2.11
86734;281803;10;Szkoła Podstawowa Nr 3 w Gołdapi 19-500 Gołdap ul. Tadeusza Kościuszki 25;1073;143;143;2;141;13.33;1.40;1393;621;621;8;613;44.58;1.29
86735;281803;11;Gimnazjum Nr 1 w Gołdapi 19-500 Gołdap ul. Tadeusza Kościuszki 30;1657;259;259;8;251;15.63;3.09;780;331;331;3;328;42.44;0.91
86736;281803;12;Zespół Szkół Zawodowych w Gołdapi 19-500 Gołdap ul. Jaćwieska 14;1664;250;250;8;242;15.02;3.20;1538;654;654;12;642;42.52;1.83
86737;281803;13;Liceum Ogólnokształcące w Gołdapi 19-500 Gołdap ul. Księdza Popiełuszki 2;1947;278;278;6;272;14.28;2.16;1431;564;564;9;555;39.41;1.60
86738;281803;14;Szkoła Podstawowa Nr 2 w Gołdapi 19-500 Gołdap ul. 1 Maja 25;1177;221;221;2;219;18.78;0.90;1506;666;666;15;651;44.22;2.25
91595;281803;15;Goldmedica Sp. z o.o. 19-500 Gołdap Słoneczna 7;52;17;17;0;17;32.69;0.00;43;28;28;0;28;65.12;0.00
91596;281803;16;Sanatorium WITAL 19-500 Gołdap Wczasowa 7;300;84;84;6;78;28.00;7.14;411;339;339;15;324;82.48;4.42
86739;281901;1;Szkoła Podstawowa w Budrach 11-606 Budry ul. M. Kajki 4;789;89;89;8;81;11.28;8.99;775;270;270;6;264;34.84;2.22
86740;281901;2;Szkoła Podstawowa w Budrach 11-606 Budry ul. M. Kajki 4;752;51;51;2;49;6.78;3.92;742;185;185;9;176;24.93;4.86
86741;281901;3;Świetlica w Ołowniku 11-606 Ołownik 43;527;66;66;5;61;12.52;7.58;522;179;179;12;167;34.29;6.70
86742;281901;4;Warsztat Terapii Zajęciowej w Olszewie Węgorzewskim 11-606 Olszewo Węgorzewskie 41;406;36;36;1;35;8.87;2.78;400;116;116;4;112;29.00;3.45
86743;281902;1;Pomieszczenie przy Ochotniczej Straży Pożarnej w Kutach 11-610 Kuty 28;934;95;95;4;91;10.17;4.21;918;238;238;9;229;25.93;3.78
86744;281902;2;Zespół Szkół w Pozezdrzu 11-610 Pozezdrze ul. 1 Maja 1B;851;94;94;4;90;11.05;4.26;836;271;271;8;263;32.42;2.95
86745;281902;3;Zespół Szkół w Pozezdrzu 11-610 Pozezdrze ul. 1 Maja 1B;998;157;157;8;149;15.73;5.10;977;362;362;12;350;37.05;3.31
86746;281903;1;Urząd Miejski w Węgorzewie 11-600 Węgorzewo ul. Zamkowa 3;967;186;186;4;182;19.23;2.15;929;432;432;12;420;46.50;2.78
86747;281903;2;Szkoła Podstawowa Nr 2 w Węgorzewie 11-600 Węgorzewo ul. Zamkowa 6;963;175;175;5;170;18.17;2.86;927;391;391;9;382;42.18;2.30
86748;281903;3;Ciepłownie Miejskie Sp. z o.o. Węgorzewo 11-600 Węgorzewo ul. Bolesłwa Chrobrego 4;842;134;134;2;132;15.91;1.49;815;373;373;7;366;45.77;1.88
86749;281903;4;Węgorzewskie Centrum Kultury w Węgorzewie 11-600 Węgorzewo ul. Generała Józefa Bema 14;934;182;182;18;164;19.49;9.89;929;440;440;6;434;47.36;1.36
86750;281903;5;Szkoła Podstawowa Nr 1 w Węgorzewie 11-600 Węgorzewo ul. Generała Józefa Bema 12;825;151;151;3;148;18.30;1.99;786;346;346;10;336;44.02;2.89
86751;281903;6;Specjalny Ośrodek Szkolno-Wychowawczy w Węgorzewie 11-600 Węgorzewo ul. Zamkowa 34;1037;113;113;3;110;10.90;2.65;1015;376;376;7;369;37.04;1.86
86752;281903;7;Gimnazjum w Węgorzewie 11-600 Węgorzewo ul. Pionierów 6;989;172;172;2;170;17.39;1.16;996;421;421;11;410;42.27;2.61
86753;281903;8;Liceum Ogólnokształcące w Węgorzewie 11-600 Węgorzewo ul. Bolesława Prusa 10;774;130;130;9;121;16.80;6.92;780;322;322;8;314;41.28;2.48
86754;281903;9;Gimnazjum w Węgorzewie 11-600 Węgorzewo ul. Pionierów 6;992;195;195;5;190;19.66;2.56;968;409;409;7;402;42.25;1.71
86755;281903;10;Szkoła Podstawowa Nr 2 w Węgorzewie 11-600 Węgorzewo ul. Zamkowa 6;968;159;159;5;154;16.43;3.14;963;447;447;13;434;46.42;2.91
86756;281903;11;Szkoła Podstawowa w Perłach 11-600 Perły 33;844;103;103;6;97;12.20;5.83;811;225;225;14;211;27.74;6.22
86757;281903;12;Informacja Turystyczna w Węgorzewie 11-600 Węgorzewo ul. Plac Wolności 11;904;94;94;6;88;10.40;6.38;902;243;243;7;236;26.94;2.88
86758;281903;13;Szkoła Podstawowa Nr 1 w Węgorzewie 11-600 Węgorzewo ul. Generała Józefa Bema 12;970;103;103;3;100;10.62;2.91;973;314;314;7;307;32.27;2.23
86759;281903;14;Szkoła Podstawowa w Węgielsztynie 11-600 Węgielsztyn 52;780;82;82;2;80;10.51;2.44;783;237;237;5;232;30.27;2.11
86760;281903;15;Zespół Szkół w Radziejach 11-600 Radzieje ul. Węgorzewska 16;984;104;104;11;93;10.57;10.58;927;251;251;9;242;27.08;3.59
91597;281903;16;Szpital Psychiatryczny Samodzielny Publiczny Zakład Opieki Zdrowotnej w Węgorzewie 11-600 Węgorzewo Gen. J. Bema 24;161;30;30;7;23;18.63;23.33;168;30;30;2;28;17.86;6.67
91598;281903;17;Mazurskie Centrum Zdrowia Szpital Powiatowy w Węgorzewie 11-600 Węgorzewo 3-go Maja 17;72;20;20;0;20;27.78;0.00;82;42;42;1;41;51.22;2.38
91599;281903;18;Dom Pomocy Społecznej w Węgorzewie 11-600 Węgorzewo 11 Listopada 12;204;12;12;4;8;5.88;33.33;196;18;18;3;15;9.18;16.67
86761;286101;1;Ośrodek Rehabilitacyjno-Edukacyjno-Wychowawczy Koło PSOUU w Elblągu 82 - 300 Elbląg ul. Szarych Szeregów 32;1998;457;457;20;437;22.87;4.38;1946;989;989;12;977;50.82;1.21
86762;286101;2;Szkoła Podstawowa Nr 9 82-300 Elbląg ul. Rodziny Nalazków 20;1898;420;420;14;406;22.13;3.33;1845;991;991;20;971;53.71;2.02
86763;286101;3;Przedszkole Niepubliczne „Akademia Krasnoludków” 82-300 Elbląg ul. Macieja Kalenkiewicza 24;1389;354;354;4;350;25.49;1.13;1376;731;731;13;718;53.12;1.78
86764;286101;4;Przedszkole Nr 21 82-300 Elbląg ul. Wiejska 6;2031;450;450;11;439;22.16;2.44;1969;929;929;23;906;47.18;2.48
86765;286101;5;Spółdzielczy Dom Kultury 82-300 Elbląg ul. Robotnicza 246;1846;430;430;12;418;23.29;2.79;1804;969;969;15;954;53.71;1.55
86766;286101;6;Szkoła Podstawowa Nr 18 82-300 Elbląg ul. Węgrowska 1;1367;218;218;7;211;15.95;3.21;1417;663;663;14;649;46.79;2.11
86767;286101;7;Zespół Szkół Inżynierii Środowiska i Usług 82-300 Elbląg ul. Obrońców Pokoju 44;837;104;104;3;101;12.43;2.88;843;257;257;2;255;30.49;0.78
86768;286101;8;Szkoła Podstawowa Nr 18 82-300 Elbląg ul. Węgrowska 1;1704;315;319;12;303;18.49;3.81;1649;778;778;13;765;47.18;1.67
86769;286101;9;Świetlica w Próchniku 82-300 Elbląg ul. Strumykowa 35;570;105;105;4;101;18.42;3.81;572;296;296;7;289;51.75;2.36
86770;286101;10;Zespół Szkół Nr 1 82-300 Elbląg ul. Janusza Korczaka 34;1475;334;334;4;330;22.64;1.20;1444;760;760;8;752;52.63;1.05
86771;286101;11;Zespół Szkół nr 1 82-300 Elbląg ul. Janusza Korczaka 34;1693;352;352;6;346;20.79;1.70;1727;873;873;9;864;50.55;1.03
86772;286101;12;Przedszkole Nr 24 82-300 Elbląg ul. Jana Brzechwy 5;2118;415;415;12;403;19.59;2.89;2078;1070;1070;12;1058;51.49;1.12
86773;286101;13;Przedszkole Nr 24 82-300 Elbląg ul. Jana Brzechwy 5;2305;498;498;11;487;21.61;2.21;2311;1239;1239;15;1224;53.61;1.21
86774;286101;14;Szkoła Podstawowa Nr 15 82-300 Elbląg ul. Modlińska 39;2102;497;497;15;482;23.64;3.02;2075;1123;1123;29;1094;54.12;2.58
86775;286101;15;Szkoła Podstawowa Nr 15 82-300 Elbląg ul. Modlińska 39;2017;401;401;9;392;19.88;2.24;1989;945;945;19;926;47.51;2.01
86776;286101;16;Przedszkole Niepubliczne „Wiki” 82-300 Elbląg ul. Częstochowska 5;2044;468;468;8;460;22.90;1.71;1978;1063;1063;15;1048;53.74;1.41
86777;286101;17;NZOZ Młodzieżowy Ośrodek Treapeutyczny KARAN 82-300 Elbląg Królewiecka 197;1403;300;300;3;297;21.38;1.00;1401;749;749;16;733;53.46;2.14
86778;286101;18;Przedszkole Niepubliczne „Bajka” 82-300 Elbląg ul. Rypińska 3;1932;386;386;14;372;19.98;3.63;1893;875;875;32;843;46.22;3.66
86779;286101;19;Gimnazjum Nr 2 82-300 Elbląg ul. Robotnicza 173;1820;407;407;12;395;22.36;2.95;1772;920;920;16;904;51.92;1.74
86780;286101;20;Gimnazjum Nr 2 82-300 Elbląg ul. Robotnicza 173;1852;385;385;9;376;20.79;2.34;1793;874;874;22;852;48.75;2.52
86781;286101;21;Szkoła Podstawowa Nr 1 82-300 Elbląg ul. Ignacego Daszyńskiego 1;1925;398;398;7;391;20.68;1.76;1898;914;914;25;889;48.16;2.74
86782;286101;22;Szkoła Podstawowa Nr 1 82-300 Elbląg ul. Ignacego Daszyńskiego 1;2249;454;454;17;437;20.19;3.74;2182;988;988;19;969;45.28;1.92
86783;286101;23;Przedszkole Nr 23 82-300 Elbląg ul. Pułkownika Stanisława Dąbka 49;1676;380;380;11;369;22.67;2.89;1633;829;829;15;814;50.77;1.81
86784;286101;24;Świetlica ESM „Sielanka” 82-300 Elbląg ul. Gwiezdna 26 lokal: 27;2020;508;508;14;494;25.15;2.76;1962;995;995;22;973;50.71;2.21
86785;286101;25;Gimnazjum Nr 9 82-300 Elbląg ul. Browarna 1;1927;340;340;9;331;17.64;2.65;1890;789;789;14;775;41.75;1.77
86786;286101;26;Szkoła Podstawowa Nr 6 82-300 Elbląg Aleja Józefa Piłsudskiego 4;1727;408;408;12;396;23.62;2.94;1699;868;868;25;843;51.09;2.88
86787;286101;27;Zespół Szkół Gospodarczych 82-300 Elbląg ul. Królewiecka 128;1842;388;388;13;375;21.06;3.35;1837;917;917;29;888;49.92;3.16
86788;286101;28;Szkoła Podstawowa Nr 19 82-300 Elbląg ul. Urocza 4;1586;454;454;8;446;28.63;1.76;1551;850;850;12;838;54.80;1.41
86789;286101;29;Specjalny Ośrodek Szkolno-Wychowawczy Nr 1 82-300 Elbląg ul. Mikołaja Kopernika 27;1413;341;341;8;333;24.13;2.35;1378;634;634;17;617;46.01;2.68
86790;286101;30;Dom Pomocy Społecznej „Niezapominajka” 82-300 Elbląg ul. Toruńska 17;97;22;22;0;22;22.68;0.00;105;37;37;5;32;35.24;13.51
86791;286101;31;Szkoła Podstawowa nr 12 82-300 Elbląg ul.Wojciecha Zajchowskiego 12;1608;351;351;12;339;21.83;3.42;1591;736;736;14;722;46.26;1.90
86792;286101;32;IV Liceum Ogólnokształcące 82-300 Elbląg ul. Henryka Sienkiewicza 4;1482;342;342;7;335;23.08;2.05;1478;816;816;17;799;55.21;2.08
86793;286101;33;IV Liceum Ogólnokształcące 82-300 Elbląg ul. Henryka Sienkiewicza 4;1768;333;333;4;329;18.83;1.20;1738;852;852;36;816;49.02;4.23
86794;286101;34;Młodzieżowy Dom Kultury 82-300 Elbląg ul. Generała Józefa Bema 37;1484;313;313;18;295;21.09;5.75;1410;702;702;19;683;49.79;2.71
86795;286101;35;Zespół Szkół Nr 2 82-300 Elbląg ul. Wyżynna 3;2256;567;567;19;548;25.13;3.35;2199;1114;1114;15;1099;50.66;1.35
86796;286101;36;Przedszkole Nr 17 82-300 Elbląg ul. Karowa 30;1400;273;273;8;265;19.50;2.93;1335;604;604;17;587;45.24;2.81
86797;286101;37;Zespół Szkół Ogólnokształcących Nr 2 82-300 Elbląg ul. Królewiecka 42;1765;372;372;13;359;21.08;3.49;1708;813;813;29;784;47.60;3.57
86798;286101;38;Szkoła Podstawowa Nr 12 82-300 Elbląg ul. Wojciecha Zajchowskiego 12;2045;495;495;16;479;24.21;3.23;2006;956;956;28;928;47.66;2.93
86799;286101;39;Szkoła Podstawowa Nr 23 82-300 Elbląg ul. Słoneczna 14;2075;447;447;12;435;21.54;2.68;1977;962;962;37;925;48.66;3.85
86800;286101;40;Zespół Państwowych Szkół Muzycznych 82-300 Elbląg ul. Romualda Traugutta 91;1506;318;318;6;312;21.12;1.89;1476;656;679;12;644;44.44;1.83
86801;286101;41;Zespół Szkół Ogólnokształcących 82-300 Elbląg ul. Pocztowa 2;1370;380;380;12;368;27.74;3.16;1372;741;741;8;733;54.01;1.08
86802;286101;42;Szkoła Podstawowa Nr 21 82-300 Elbląg ul. Zbyszka Godlewskiego 1;1951;515;515;12;503;26.40;2.33;1955;1076;1076;22;1054;55.04;2.04
86803;286101;43;Szkoła Podstawowa Nr 8 82-300 Elbląg ul. Szańcowa 2;1827;282;282;13;269;15.44;4.61;1775;695;695;32;663;39.15;4.60
86804;286101;44;Zespół Szkół Techniczno-Informatycznych 82-300 Elbląg ul. Rycerska 2;1288;335;335;11;324;26.01;3.28;1248;615;615;11;604;49.28;1.79
86805;286101;45;Przedszkole Nr 14 82-300 Elbląg ul. Michała Bałuckiego 17;1721;368;368;23;345;21.38;6.25;1690;827;827;16;811;48.93;1.93
86806;286101;46;Państwowa Wyższa Szkoła Zawodowa 82-300 Elbląg ul. Czerniakowska 22;1850;231;231;14;217;12.49;6.06;1798;568;568;28;540;31.59;4.93
86807;286101;47;Przedszkole Nr 18 82-300 Elbląg ul. Romualda Mielczarskiego 47;1034;175;175;2;173;16.92;1.14;1024;381;381;6;375;37.21;1.57
86808;286101;48;Szkoła Podstawowa Nr 14 82-300 Elbląg ul. Romualda Mielczarskiego 45;1987;363;363;17;346;18.27;4.68;1967;844;844;19;825;42.91;2.25
86809;286101;49;Gimnazjum Nr 7 82-300 Elbląg ul. Lotnicza 12;1903;345;345;8;337;18.13;2.32;1908;898;898;22;876;47.06;2.45
86810;286101;50;Specjalny Ośrodek Szkolno-Wychowawczy Nr 2 82-300 Elbląg ul. Polna 8A;1493;196;196;5;191;13.13;2.55;1425;521;521;14;507;36.56;2.69
86811;286101;51;Szkoła Podstawowa Nr 4 82-300 Elbląg ul. Adama Mickiewicza 41;1883;368;368;8;360;19.54;2.17;1828;866;866;23;843;47.37;2.66
86812;286101;52;Zespół Szkół Mechanicznych 82-300 Elbląg ul. Jana Amosa Komeńskiego 39;1468;256;256;7;249;17.44;2.73;1464;643;643;14;629;43.92;2.18
86813;286101;53;Szkoła Podstawowa Nr 16 82-300 Elbląg ul. Sadowa 2;1500;243;243;9;234;16.20;3.70;1465;618;618;13;605;42.18;2.10
86814;286101;54;Centrum Sportowo - Biznesowe 82-300 Elbląg Aleja Grunwaldzka 135;2171;411;411;15;396;18.93;3.65;2125;1048;1048;19;1029;49.32;1.81
86815;286101;55;Zespół Szkół Technicznych 82-300 Elbląg ul. Artura Grottgera 71;1554;289;289;8;281;18.60;2.77;1508;718;718;15;703;47.61;2.09
86816;286101;56;Gimnazjum Nr 6 82-300 Elbląg ul. Rawska 3;1858;408;408;9;399;21.96;2.21;1834;839;839;17;822;45.75;2.03
86817;286101;57;Biblioteka Elbląska im. Cypriana Norwida Filia Nr 3 82-300 Elbląg Aleja Józefa Piłsudskiego 17;1429;291;291;6;285;20.36;2.06;1369;735;735;14;721;53.69;1.90
91600;286101;58;Wojewódzki Szpital Zespolony 82-300 Elbląg Królewiecka 146;124;40;40;1;39;32.26;2.50;304;139;139;5;134;45.72;3.60
91601;286101;59;Samodzielny Publiczny Specjalistyczny Z.O.Z. - Szpital Miejski im. Jana Pawła II 82-300 Elbląg Stefana Żeromskiego 22;23;0;0;0;0;0.00;NA;65;27;27;1;26;41.54;3.70
91602;286101;60;Elbląski Szpital Specjalistyczny z Przychodnią Samodzielny Publiczny Z.O.Z. 82-300 Elbląg Jana Amosa Komeńskiego 35;136;46;46;3;43;33.82;6.52;129;56;56;5;51;43.41;8.93
91603;286101;61;Niepubliczny Z.O.Z. „EL-VITA” 82-300 Elbląg Związku Jaszczurczego 22;27;1;1;0;1;3.70;0.00;25;7;7;1;6;28.00;14.29
91604;286101;62;Areszt Śledczy 82-300 Elbląg 12 Lutego 4A;221;106;106;5;101;47.96;4.72;265;158;158;29;129;59.62;18.35
86818;286201;1;Zespół Szkół Ogólnokształcących Nr 1 II Liceum Ogólnokształcące im. K. I. Gałczyńskiego 10-113 Olsztyn ul. Roberta i Karola Małłków 3;1017;217;217;5;212;21.34;2.30;1031;432;432;4;428;41.90;0.93
86819;286201;2;I Liceum Ogólnokształcące im. A. Mickiewicza 10-551 Olsztyn ul. Adama Mickiewicza 6;646;179;179;8;171;27.71;4.47;648;310;310;6;304;47.84;1.94
86820;286201;3;I Liceum Ogólnokształcące im. A. Mickiewicza 10-551 Olsztyn ul. Adama Mickiewicza 6;1162;326;326;18;308;28.06;5.52;1102;544;544;13;531;49.36;2.39
86821;286201;4;Specjalny Ośrodek Szkolno-Wychowawczy 10-450 Olsztyn al. Marszałka Józefa Piłsudskiego 42;984;318;318;2;316;32.32;0.63;984;569;569;4;565;57.83;0.70
86822;286201;5;Szkoła Podstawowa Nr 2 im. J. Dąbrowskiego 10-553 Olsztyn ul. Tadeusza Kościuszki 70;1232;342;342;10;332;27.76;2.92;1230;652;652;17;635;53.01;2.61
86823;286201;6;Wojewódzka Biblioteka Publiczna Wypożyczalnia Główna 10-026 Olsztyn ul. Stare Miasto 33;805;240;240;4;236;29.81;1.67;810;460;460;11;449;56.79;2.39
86824;286201;7;Uniwersytet Warmińsko-Mazurski w Olsztynie Studium Języków Obcych 10-718 Olsztyn al. Obrońców Tobruku 3;1634;381;381;8;373;23.32;2.10;1609;722;722;8;714;44.87;1.11
86825;286201;8;Uniwersytet Warmińsko-Mazurski w Olsztynie Wydział Nauk Społecznych 10-561 Olsztyn ul. Żołnierska 14;804;255;255;7;248;31.72;2.75;824;493;493;10;483;59.83;2.03
86826;286201;9;Szkoła Podstawowa Nr 29 im. J. Liszewskiego 10-089 Olsztyn ul. Jarosława Iwaszkiewicza 44;1543;478;478;11;467;30.98;2.30;1525;927;927;18;909;60.79;1.94
86827;286201;10;Szkoła Podstawowa Nr 29 im. J. Liszewskiego 10-089 Olsztyn ul. Jarosława Iwaszkiewicza 44;1352;489;489;18;471;36.17;3.68;1395;915;915;11;904;65.59;1.20
86828;286201;11;Generalna Dyrekcja Dróg Krajowych i Autostrad Oddział w Olsztynie 10-083 Olsztyn al. Warszawska 89;2181;602;602;10;592;27.60;1.66;2186;1248;1248;13;1235;57.09;1.04
86829;286201;12;Szkoła Podstawowa Nr 10 im. W. Broniewskiego 10-061 Olsztyn ul. Walentego Barczewskiego 11 A;1498;419;419;11;408;27.97;2.63;1478;833;833;8;825;56.36;0.96
86830;286201;13;Szkoła Podstawowa Nr 10 im. W. Broniewskiego 10-045 Olsztyn ul. Niepodległości 18;1694;441;441;15;426;26.03;3.40;1712;872;872;15;857;50.93;1.72
86831;286201;14;Olsztyńskie Towarzystwo Budownictwa Społecznego Sp. z o.o. 10-123 Olsztyn ul. Grunwaldzka 21 A;1490;434;434;14;420;29.13;3.23;1455;774;774;8;766;53.20;1.03
86832;286201;15;Gimnazjum Nr 5 10-168 Olsztyn ul. Marii Konopnickiej 11;1320;312;312;9;303;23.64;2.88;1318;671;671;12;659;50.91;1.79
86833;286201;16;Gimnazjum Nr 6 im. Ziemi Warmińskiej 10-062 Olsztyn ul. Kazimierza Jagiellończyka 32;1828;549;549;16;533;30.03;2.91;1837;1105;1105;13;1092;60.15;1.18
86834;286201;17;Szkoła Podstawowa Nr 7 im. L. Kruczkowskiego 10-148 Olsztyn al. Przyjaciół 42;2368;808;808;14;794;34.12;1.73;1289;842;842;4;838;65.32;0.48
86835;286201;18;Stowarzyszenie Wspomagania Rozwoju Dzieci w Olsztynie Warsztat Terapii Zajęciowej 10-175 Olsztyn ul. Bałtycka 45;1841;632;632;17;615;34.33;2.69;1807;1161;1161;15;1146;64.25;1.29
86836;286201;19;Szkoła Podstawowa Nr 19 im. Mikołaja Kopernika 11-041 Olsztyn ul. Bałtycka 151;1472;317;317;11;306;21.54;3.47;1497;799;799;7;792;53.37;0.88
86837;286201;20;Szkoła Podstawowa Nr 19 im. Mikołaja Kopernika 11-041 Olsztyn ul. Bałtycka 151;1192;375;375;6;369;31.46;1.60;1203;779;780;4;775;64.75;0.51
86838;286201;21;Przedszkole Family Preschool 11-041 Olsztyn ul. Stokrotki 1;1571;697;697;10;687;44.37;1.43;1610;1180;1180;9;1171;73.29;0.76
86839;286201;22;Przedszkole Miejskie Nr 14 10-818 Olsztyn ul. Kłosowa 23A;1381;445;445;9;436;32.22;2.02;1362;826;826;11;815;60.65;1.33
86840;286201;23;Szkoła Podstawowa Nr 18 im. Orła Białego 10-822 Olsztyn ul. Żytnia 71;1620;527;527;14;513;32.53;2.66;1594;984;984;16;968;61.73;1.63
86841;286201;24;Gimnazjum Nr 14 im. Marszałka Józefa Piłsudskiego 10-822 Olsztyn ul. Żytnia 71;1822;657;657;14;643;36.06;2.13;1787;1137;1137;9;1128;63.63;0.79
86842;286201;25;Uniwersytet Warmińsko-Mazurski w Olsztynie Wydział Nauk Ekonomicznych 11-041 Olsztyn ul. Michała Oczapowskiego 4;967;384;384;7;377;39.71;1.82;1048;725;725;5;720;69.18;0.69
86843;286201;26;Instytut Rozrodu Zwierząt i Badań Żywności Polskiej Akademii Nauk 10-747 Olsztyn ul. Juliana Tuwima 10;914;394;394;3;391;43.11;0.76;920;618;618;9;609;67.17;1.46
86844;286201;27;Dom Studenta Nr 119 10-723 Olsztyn ul. Benedykta Dybowskiego 9;634;276;276;4;272;43.53;1.45;697;511;511;9;502;73.31;1.76
86845;286201;28;Izba Celna 10-413 Olsztyn ul. Dworcowa 1;926;192;192;7;185;20.73;3.65;948;422;422;4;418;44.51;0.95
86846;286201;29;Państwowe Liceum Plastyczne 10-527 Olsztyn ul. Partyzantów 85;1164;238;238;4;234;20.45;1.68;1158;466;466;5;461;40.24;1.07
86847;286201;30;Regionalna Dyrekcja Lasów Państwowych 10-959 Olsztyn ul. Tadeusza Kościuszki 46/48;1348;394;394;9;385;29.23;2.28;1305;679;679;13;666;52.03;1.91
86848;286201;31;Szkoła Podstawowa Nr 15 im. W. Kętrzyńskiego 10-507 Olsztyn ul. Wojciecha Kętrzyńskiego 10;1445;383;383;8;375;26.51;2.09;1433;729;729;13;716;50.87;1.78
86849;286201;32;Gimnazjum Nr 3 10-444 Olsztyn ul. Kołobrzeska 9;1469;443;443;9;434;30.16;2.03;1401;793;793;9;784;56.60;1.13
86850;286201;33;Gimnazjum Nr 3 10-444 Olsztyn ul. Kołobrzeska 9;1649;484;484;7;477;29.35;1.45;1624;883;883;12;871;54.37;1.36
86851;286201;34;Szkoła Podstawowa Nr 3 10-445 Olsztyn ul. Kołobrzeska 13M;1153;338;338;12;326;29.31;3.55;1118;607;607;10;597;54.29;1.65
86852;286201;35;Zespół Szkół Chemicznych i Ogólnokształcących im. J. Śniadeckiego 10-431 Olsztyn ul. Kołobrzeska 29;1184;226;226;4;222;19.09;1.77;1194;546;546;14;532;45.73;2.56
86853;286201;36;Przedszkole Artystyczno-Teatralne „Dorotka” 10-465 Olsztyn ul. Świtezianki 2;1252;406;406;9;397;32.43;2.22;1220;713;713;10;703;58.44;1.40
86854;286201;37;Przedszkole Miejskie Nr 37 10-461 Olsztyn ul. Pana Tadeusza 12A;1333;413;413;16;397;30.98;3.87;1312;784;784;10;774;59.76;1.28
86855;286201;38;Zespół Szkół Mechaniczno-Energetycznych im. T. Kościuszki 10-499 Olsztyn al. Marszałka Józefa Piłsudskiego 61;1580;486;486;12;474;30.76;2.47;1542;898;898;13;885;58.24;1.45
86856;286201;39;Izba Skarbowa 10-950 Olsztyn al. Marszałka Józefa Piłsudskiego 59 A;1088;359;359;6;353;33.00;1.67;1070;654;654;15;639;61.12;2.29
86857;286201;40;Zespół Szkół Ogólnokształcących Nr 2 IV Liceum Ogólnokształcące im. M. Skłodowskiej-Curie 10-450 Olsztyn al. Marszałka Józefa Piłsudskiego 56;1637;519;519;15;504;31.70;2.89;1584;877;877;25;852;55.37;2.85
86858;286201;41;Gimnazjum Nr 7 im. I. Krasickiego 10-560 Olsztyn ul. Żołnierska 39;1630;445;445;11;434;27.30;2.47;1583;880;880;16;864;55.59;1.82
86859;286201;42;Gimnazjum Nr 7 im. I. Krasickiego 10-560 Olsztyn ul. Żołnierska 39;1510;377;377;7;370;24.97;1.86;1574;800;800;8;792;50.83;1.00
86860;286201;43;Przedszkole Miejskie Nr 38 10-561 Olsztyn ul. Żołnierska 24;1641;458;458;9;449;27.91;1.97;1606;878;878;13;865;54.67;1.48
86861;286201;44;Zespół Szkół Gastronomiczno-Spożywczych 10-560 Olsztyn ul. Żołnierska 49;1226;349;349;13;336;28.47;3.72;1208;667;667;13;654;55.22;1.95
86862;286201;45;Szkoła Podstawowa Nr 22 im. M. Dąbrowskiej 10-561 Olsztyn ul. Żołnierska 26;1437;407;407;15;392;28.32;3.69;1403;794;794;23;771;56.59;2.90
86863;286201;46;Przedszkole Miejskie Nr 17 10-601 Olsztyn ul. Wincentego Pstrowskiego 17a;2192;609;609;13;596;27.78;2.13;2162;1205;1205;7;1198;55.74;0.58
86864;286201;47;Szkoła Podstawowa Nr 6 im. K. J. Gałczyńskiego 10-608 Olsztyn ul. Gdyńska 17;1916;598;598;11;587;31.21;1.84;1886;1170;1170;13;1157;62.04;1.11
86865;286201;48;Przedszkole Miejskie Nr 3 10-626 Olsztyn ul. Opolska 28;2179;688;688;7;681;31.57;1.02;2180;1344;1344;19;1325;61.65;1.41
86866;286201;49;Zespół Szkół Ogólnokształcących Nr 4 10-685 Olsztyn ul. Edwarda Turowskiego 3;1768;432;432;14;418;24.43;3.24;1728;959;959;17;942;55.50;1.77
86867;286201;50;Przedszkole Miejskie Nr 31 10-684 Olsztyn ul. Melchiora Wańkowicza 4;2255;645;645;22;623;28.60;3.41;2265;1319;1319;22;1297;58.23;1.67
86868;286201;51;Przedszkole Miejskie Nr 32 10-684 Olsztyn ul. Stanisława Murzynowskiego 24;1740;552;552;16;536;31.72;2.90;1698;931;931;14;917;54.83;1.50
86869;286201;52;Spółdzielnia Mieszkaniowa „Jaroty” 10-684 Olsztyn ul. Melchiora Wańkowicza 9;2096;554;554;20;534;26.43;3.61;2054;1135;1135;23;1112;55.26;2.03
86870;286201;53;Zespół Szkół Ogólnokształcących Nr 3 10-684 Olsztyn ul. Melchiora Wańkowicza 1;1368;393;393;6;387;28.73;1.53;1345;802;802;18;784;59.63;2.24
86871;286201;54;Społeczna Szkoła Podstawowa Nr 101 10-692 Olsztyn ul. Edwarda Mroza 25;1995;524;524;14;510;26.27;2.67;2077;1240;1240;16;1224;59.70;1.29
86872;286201;55;Społeczne Gimnazjum 101 10-692 Olsztyn ul. Edwarda Mroza 25;1782;483;483;21;462;27.10;4.35;1854;1147;1147;9;1138;61.87;0.78
86873;286201;56;Miejska Biblioteka Publiczna Filia Nr 6 10-699 Olsztyn ul. Jarocka 65;1383;325;325;4;321;23.50;1.23;1403;816;816;10;806;58.16;1.23
86874;286201;57;Miejska Biblioteka Publiczna Filia Nr 6 10-699 Olsztyn ul. Jarocka 65;1420;353;353;10;343;24.86;2.83;1450;879;879;11;868;60.62;1.25
86875;286201;58;Spółdzielnia Mieszkaniowa „Kormoran” 10-693 Olsztyn ul. Gen. Zygmunta Berlinga 2;1350;390;390;7;383;28.89;1.79;1313;814;814;5;809;62.00;0.61
86876;286201;59;Przedszkole Miejskie Nr 5 10-693 Olsztyn ul. Gen. Stanisława Maczka 11;1466;396;396;8;388;27.01;2.02;1535;964;964;11;953;62.80;1.14
86877;286201;60;Przedszkole Miejskie Nr 5 10-693 Olsztyn ul. Gen. Stanisława Maczka 11;1636;442;442;8;434;27.02;1.81;1824;1202;1202;14;1188;65.90;1.16
86878;286201;61;Rada Osiedla „Generałów” 10-693 Olsztyn ul. Gen. Tadeusza Kutrzeby 9 lokal: /S;1417;401;401;15;386;28.30;3.74;1457;797;797;14;783;54.70;1.76
86879;286201;62;Szkoła Podstawowa Nr 30 im. M. Zientary-Malewskiej 10-699 Olsztyn ul. Pieczewska 10;868;249;249;6;243;28.69;2.41;848;525;525;9;516;61.91;1.71
86880;286201;63;Przedszkole Miejskie Nr 29 10-686 Olsztyn ul. Juliusza Malewskiego 2A;1469;389;389;9;380;26.48;2.31;1490;910;910;9;901;61.07;0.99
86881;286201;64;Spółdzielnia Mieszkaniowa „Jaroty” Administracja Osiedla Jaroty 10-687 Olsztyn ul. Kazimierza Jaroszyka 14;2179;570;570;19;551;26.16;3.33;2129;1274;1274;22;1252;59.84;1.73
86882;286201;65;Spółdzielnia Mieszkaniowa „Jaroty” Administracja Osiedla Pieczewo 10-690 Olsztyn ul. Bolesława Jeziołowicza 11;1807;480;480;13;467;26.56;2.71;1758;1027;1027;14;1013;58.42;1.36
86883;286201;66;Przedszkole Miejskie Nr 15 10-686 Olsztyn ul. Jana Boenigka 5;1830;514;514;17;497;28.09;3.31;1777;1022;1022;16;1006;57.51;1.57
86884;286201;67;Przedszkole Miejskie Nr 15 10-686 Olsztyn ul. Jana Boenigka 5;1706;444;444;10;434;26.03;2.25;1685;1000;1000;20;980;59.35;2.00
86885;286201;68;Gimnazjum Nr 13 im. H. Wagnera 10-690 Olsztyn ul. Bolesława Jeziołowicza 2;1574;381;381;20;361;24.21;5.25;1546;903;903;20;883;58.41;2.21
86886;286201;69;Gimnazjum Nr 13 im. H. Wagnera 10-690 Olsztyn ul. Bolesława Jeziołowicza 2;1409;366;367;5;361;25.98;1.37;1386;826;826;12;814;59.60;1.45
86887;286201;70;Szkoła Podstawowa Nr 32 10-691 Olsztyn ul. Ernesta Wiecherta 14;1900;549;549;15;534;28.89;2.73;1865;1094;1094;12;1082;58.66;1.10
86888;286201;71;Przedszkole Miejskie Nr 9 10-689 Olsztyn ul. Henryka Panasa 12;2242;666;666;16;650;29.71;2.40;2255;1407;1407;7;1400;62.39;0.50
86889;286201;72;Osiedlowy Dom Kultury S. M. „Jaroty” Klub „Akant” 10-691 Olsztyn ul. Immanuela Kanta 11;2174;584;584;19;565;26.86;3.25;2154;1293;1293;12;1281;60.03;0.93
86890;286201;73;Indywidualna Specjalistyczna Praktyka Lekarza Rodzinnego Bogusławy Solnicy 10-691 Olsztyn ul. Balbiny Świtycz - Widackiej 3;1989;511;511;14;497;25.69;2.74;1982;1238;1238;25;1213;62.46;2.02
86891;286201;74;Szkoła Podstawowa Nr 34 10-691 Olsztyn ul. Johanna Gottfrieda Herdera 3;2079;588;588;13;575;28.28;2.21;2016;1175;1175;25;1150;58.28;2.13
86892;286201;75;Przedszkole Miejskie Nr 1 10-253 Olsztyn ul. Tczewska 11;1475;329;329;9;320;22.31;2.74;1433;678;678;12;666;47.31;1.77
86893;286201;76;Szkoła Podstawowa Nr 13 im. Komisji Edukacji Narodowej 10-295 Olsztyn ul. Aleksandra Puszkina 11;2161;622;622;16;606;28.78;2.57;2135;1160;1160;11;1149;54.33;0.95
86894;286201;77;Zespół Szkół Samochodowych im. A. M. Bocheńskiego 10-224 Olsztyn al. Wojska Polskiego 17;1536;312;312;6;306;20.31;1.92;1501;659;659;14;645;43.90;2.12
86895;286201;78;Zespół Szkół Samochodowych im. A. M. Bocheńskiego 10-224 Olsztyn al. Wojska Polskiego 17;1998;551;551;13;538;27.58;2.36;2006;1088;1088;14;1074;54.24;1.29
86896;286201;79;Gimnazjum Nr 11 10-271 Olsztyn ul. Jagiellońska 8;2077;441;441;16;425;21.23;3.63;2042;939;939;30;909;45.98;3.19
86897;286201;80;Centrum Edukacji i Inicjatyw Kulturalnych 10-233 Olsztyn ul. Parkowa 1;1078;332;332;8;324;30.80;2.41;1045;550;550;11;539;52.63;2.00
86898;286201;81;Centrum Edukacji „Oskar” Przedszkole „Patryk” 10-321 Olsztyn ul. Wiśniowa 11;875;228;228;9;219;26.06;3.95;917;498;498;11;487;54.31;2.21
86899;286201;82;Szkoła Podstawowa Nr 1 im. R. Knosały 10-275 Olsztyn ul. Stanisława Moniuszki 10;2001;458;458;15;443;22.89;3.28;1978;975;975;23;952;49.29;2.36
86900;286201;83;Szkoła Podstawowa Nr 9 10-130 Olsztyn ul. Ludwika Zamenhofa 14;2076;463;463;7;456;22.30;1.51;2152;1064;1064;23;1041;49.44;2.16
86901;286201;84;Szkoła Podstawowa Nr 9 10-130 Olsztyn ul. Ludwika Zamenhofa 14;2083;555;555;7;548;26.64;1.26;2177;1266;1266;17;1249;58.15;1.34
86902;286201;85;Gimnazjum Nr 12 10-256 Olsztyn al. Sybiraków 3A;1317;304;304;13;291;23.08;4.28;1331;635;635;26;609;47.71;4.09
86903;286201;86;III Liceum Ogólnokształcące im. M. Kopernika 10-256 Olsztyn al. Sybiraków 3;1083;303;303;15;288;27.98;4.95;1081;573;573;8;565;53.01;1.40
91605;286201;87;Miejski Szpital Zespolony 10-045 Olsztyn ul. Niepodległości 44;164;7;7;0;7;4.27;0.00;1185;694;694;7;687;58.57;1.01
91606;286201;88;Miejski Szpital Zespolony 10-229 Olsztyn al. Wojska Polskiego 30;64;5;5;0;5;7.81;0.00;137;31;31;0;31;22.63;0.00
91607;286201;89;Wojewódzki Szpital Specjalistyczny 10-228 Olsztyn ul. Żołnierska 18;231;25;25;0;25;10.82;0.00;35;19;19;2;17;54.29;10.53
91608;286201;90;Wojewódzki Zespół Lecznictwa Psychiatrycznego 10-229 Olsztyn al. Wojska Polskiego 35;283;43;43;3;40;15.19;6.98;238;100;100;4;96;42.02;4.00
91609;286201;91;Samodzielny Publiczny Zakład Opieki Zdrowotnej Ministerstwa Spraw Wewnętrznych z Warmińsko - Mazurskim Centrum Onkologii 10-229 Olsztyn al. Wojska Polskiego 37;246;74;74;4;70;30.08;5.41;267;40;40;4;36;14.98;10.00
91610;286201;92;Samodzielny Publiczny Zespół Gruźlicy i Chorób Płuc 10-357 Olsztyn ul. Jagiellońska 78;138;22;22;1;21;15.94;4.55;158;72;72;3;69;45.57;4.17
91611;286201;93;Uniwersytecki Szpital Kliniczny 10-082 Olsztyn al. Warszawska 30;72;25;25;1;24;34.72;4.00;125;59;59;4;55;47.20;6.78
91612;286201;94;Niepubliczny Zakład Opieki Zdrowotnej Ośrodek Mieszkalno - Rehabilitacyjny Polski Związek Niewidomych 10-685 Olsztyn ul. Paukszty 57;186;62;62;3;59;33.33;4.84;95;33;33;0;33;34.74;0.00
91613;286201;95;Dom Pomocy Społecznej „Kombatant” 10-211 Olsztyn ul. Juliana Fałata 23K;127;46;46;4;42;36.22;8.70;185;85;85;2;83;45.95;2.35
91614;286201;96;Dom Pomocy Społecznej i Dom Opieki „Laurentius” 11-041 Olsztyn ul. Hozjusza 19;86;21;21;0;21;24.42;0.00;127;41;41;2;39;32.28;4.88
91615;286201;97;Dom Pomocy Społecznej 10-144 Olsztyn ul. Bałtycka 37a;38;14;14;1;13;36.84;7.14;91;28;28;2;26;30.77;7.14
91616;286201;98;Dom Pomocy Społecznej „BARKA” 10-165 Olsztyn ul. Jacka Kuronia 5;40;24;24;8;16;60.00;33.33;38;22;22;3;19;57.89;13.64
91617;286201;99;Areszt Śledczy 10-575 Olsztyn al. Marszałka Józefa Piłsudskiego 3;148;62;62;9;53;41.89;14.52;44;10;10;0;10;22.73;0.00
91618;286201;100;Oddział Zewnętrzny Aresztu Śledczego 10-626 Olsztyn ul. Opolska 42;308;67;67;1;66;21.75;1.49;116;63;63;8;55;54.31;12.70
86904;300101;1;Niepubliczne Przedszkole nr 3 „ Wesoły Smyk” 64-800 Chodzież ul. Bolesława Prusa 14;2220;489;489;21;468;22.03;4.29;2209;1139;1139;20;1119;51.56;1.76
86905;300101;2;Miejskie Gimnazjum im. Ignacego Jana Paderewskiego 64-800 Chodzież ul. Ignacego Jana Paderewskiego 13;2144;564;564;27;537;26.31;4.79;2077;1155;1155;35;1120;55.61;3.03
86906;300101;3;Miejskie Przedszkole nr 5 64-800 Chodzież ul. Władysława Reymonta 25;2030;563;563;19;544;27.73;3.37;2022;1145;1145;23;1122;56.63;2.01
86907;300101;4;Zespół Szkół Ponadgimnazjalnych im. Hipolita Cegielskiego 64-800 Chodzież ul. Prymasa Stefana Wyszyńskiego 2;1996;452;452;23;429;22.65;5.09;1963;928;928;20;908;47.27;2.16
86908;300101;5;I Liceum Ogólnokształcące im. św. Barbary 64-800 Chodzież ul. Stefana Żeromskiego 11;1949;430;430;37;393;22.06;8.60;1895;854;854;24;830;45.07;2.81
86909;300101;6;Szkoła Podstawowa nr 1 im. Stanislawa Staszica 64-800 Chodzież ul. Stanisława Staszica 17;1927;424;424;17;407;22.00;4.01;1913;867;867;28;839;45.32;3.23
86910;300101;7;Chodzieski Dom Kultury im. Stanisława Moniuszki 64-800 Chodzież ul. Strzelecka 15;1171;265;265;7;258;22.63;2.64;1149;610;610;11;599;53.09;1.80
86911;300101;8;Szkoła Podstawowa Nr 3 im. Powstańców Wielkopolskich 64-800 Chodzież ul. Jana Kochanowskiego 1;2064;499;499;25;474;24.18;5.01;2044;1070;1070;43;1027;52.35;4.02
91619;300101;9;Budynek Domu Pomocy Społecznej 64-800 Chodzież Ujska 47;89;36;36;6;30;40.45;16.67;108;39;39;9;30;36.11;23.08
91620;300101;10;Budynek Szpitala Powiatowego 64-800 Chodzież Stefana Żeromskiego 29;20;6;6;1;5;30.00;16.67;41;23;23;0;23;56.10;0.00
91621;300101;11;Budynek Szpitala w Chodzieży 64-800 Chodzież Strzelecka 32;157;79;79;3;76;50.32;3.80;179;86;86;9;77;48.04;10.47
86912;300102;1;Szkoła Podstawowa im. T. Kotarbińskiego 64-840 Budzyń os. Wierzbowe 7;1471;329;329;17;312;22.37;5.17;1473;750;750;43;707;50.92;5.73
86913;300102;2;Gimnazjum im. Powstańców Wielkopolskich 64-840 Budzyń ul. Rogozińska 52;1954;392;392;13;379;20.06;3.32;1967;986;986;19;967;50.13;1.93
86914;300102;3;Gminny Ośrodek Kultury 64-840 Budzyń ul. Władysława Łokietka 31;1289;132;132;15;117;10.24;11.36;1267;410;410;11;399;32.36;2.68
86915;300102;4;Budynek byłej Szkoły Podstawowej 64-841 Sokołowo Budzyńskie 28;753;83;83;3;80;11.02;3.61;737;236;236;14;222;32.02;5.93
86916;300102;5;Wiejski Dom Kultury w Wyszynach 64-834 Wyszyny 23;1151;180;180;11;169;15.64;6.11;1156;469;469;38;431;40.57;8.10
86917;300103;1;Świetlica Wiejska 64-800 Rataje Osiedle Wichrowe Wzgórze 1;833;225;225;8;217;27.01;3.56;835;503;503;7;496;60.24;1.39
86918;300103;2;Świetlica Wiejska 64-800 Strzelce 24;678;140;140;16;124;20.65;11.43;680;266;266;22;244;39.12;8.27
86919;300103;3;Szkoła Podstawowoa w Strzelcach Filia 64-813 Zacharzyn 142;958;109;109;9;100;11.38;8.26;963;395;395;17;378;41.02;4.30
86920;300103;4;Świetlica Wiejska 64-800 Podanin 28;390;77;77;3;74;19.74;3.90;394;177;177;9;168;44.92;5.08
86921;300103;5;Wiejski Klub Kultury 64-800 Stróżewo 55A;536;83;83;3;80;15.49;3.61;452;208;208;13;195;46.02;6.25
86922;300103;6;Szkoła Podstawowa 64-800 Oleśnica 5;316;81;81;5;76;25.63;6.17;314;152;152;4;148;48.41;2.63
86923;300103;7;Świetlica Wiejska 64-800 Nietuszkowo 42;262;66;66;4;62;25.19;6.06;255;135;135;10;125;52.94;7.41
86924;300103;8;Wiejski Klub Kultury 64-800 Milcz 73A;568;82;82;1;81;14.44;1.22;582;246;246;13;233;42.27;5.28
86925;300104;1;Miejsko-Gminny Ośrodek Kultury 64-830 Margonin ul. Powstańców Wielkopolskich 15;1731;433;433;11;422;25.01;2.54;1747;901;901;28;873;51.57;3.11
86926;300104;2;Urząd Stanu Cywilnego 64-830 Margonin ul. Poznańska 8;1233;254;254;14;240;20.60;5.51;1235;542;542;31;511;43.89;5.72
86927;300104;3;Ośrodek Wypoczynkowy 64-830 Zbyszewice 1A;700;123;123;9;114;17.57;7.32;686;275;275;24;251;40.09;8.73
86928;300104;4;Spółdzielnia „Adorol” 64-830 Adolfowo 22A;397;91;91;3;88;22.92;3.30;397;183;183;9;174;46.10;4.92
86929;300104;5;Szkoła Podstawowa 64-830 Lipiny 40;391;83;83;9;74;21.23;10.84;388;169;169;6;163;43.56;3.55
86930;300104;6;Szkoła Podstawowa Radwanki 64-830 Radwanki Radwanki 31;454;115;115;9;106;25.33;7.83;478;196;196;12;184;41.00;6.12
86931;300105;1;Biblioteka Publiczna w Szamocinie 64-820 Szamocin ul. Rynek 1;1555;305;305;15;290;19.61;4.92;1544;725;725;29;696;46.96;4.00
86932;300105;2;Zespół Szkół w Szamocinie 64-820 Szamocin ul. 19 Stycznia 29;1716;320;320;30;290;18.65;9.38;1706;771;771;49;722;45.19;6.36
86933;300105;3;Dom Kultury 64-820 Lipia Góra 88a;1246;144;144;11;133;11.56;7.64;1245;365;365;15;350;29.32;4.11
86934;300105;4;Budynek Gminy 64-820 Józefowice 38;506;65;65;4;61;12.85;6.15;493;157;157;14;143;31.85;8.92
86935;300105;5;Ośrodek Szkolenia i Wychowania OHP 64-820 Szamocin ul. Szkolna 11;826;162;162;16;146;19.61;9.88;820;348;348;9;339;42.44;2.59
86936;300201;1;Przedszkole Nr 2 64-700 Czarnków os.Parkowe 10;1856;455;455;20;435;24.52;4.40;1786;987;987;31;956;55.26;3.14
86937;300201;2;Gimnazjum Publiczne 64-700 Czarnków ul.Wroniecka 136;1865;455;455;31;424;24.40;6.81;1801;990;990;35;955;54.97;3.54
86938;300201;3;Miejskie Centrum Kultury 64-700 Czarnków ul.Kościuszki 60;1698;298;298;18;280;17.55;6.04;1665;725;725;22;703;43.54;3.03
86939;300201;4;Przedszkole Nr 1 64-700 Czarnków ul.Rolna 2;1849;482;482;21;461;26.07;4.36;1833;1080;1080;50;1030;58.92;4.63
86940;300201;5;Miejska Biblioteka Publiczna (Muzeum) 64-700 Czarnków ul.Wroniecka 32;1773;407;407;7;400;22.96;1.72;1723;882;882;26;856;51.19;2.95
91622;300201;6;Czarnków 64-700 Czarnków ul.Kościuszki 94;24;0;0;0;0;0.00;NA;43;23;23;1;22;53.49;4.35
86941;300202;1;Publiczne Gimnazjum 64-704 Romanowo Dolne 123;634;91;91;5;86;14.35;5.49;632;315;315;20;295;49.84;6.35
86942;300202;2;Szkoła Podstawowa 64-705 Sarbia 1;689;108;108;5;103;15.67;4.63;688;313;313;6;307;45.49;1.92
86943;300202;3;Publiczne Gimnazjum 64-707 Gębice ul. Szkolna 2;849;146;146;6;140;17.20;4.11;837;340;340;18;322;40.62;5.29
86944;300202;4;Szkoła Podstawowa 64-708 Huta ul. Radomska 22;680;179;179;9;170;26.32;5.03;746;345;345;11;334;46.25;3.19
86945;300202;5;Szkoła Podstawowa 64-700 Śmieszkowo ul. Szkolna 38;892;172;172;8;164;19.28;4.65;845;388;388;11;377;45.92;2.84
86946;300202;6;Budynek byłej Szkoły Podstawowej 64-700 Góra Nad Notecią 2;893;140;140;10;130;15.68;7.14;894;410;410;20;390;45.86;4.88
86947;300202;7;Zespół Szkół 64-713 Jędrzejewo 25;892;144;144;4;140;16.14;2.78;870;327;327;7;320;37.59;2.14
86948;300202;8;Sala Wiejska 64-713 Gajewo 51;867;116;116;10;106;13.38;8.62;878;306;306;12;294;34.85;3.92
86949;300202;9;Zespół Szkół 64-700 Kuźnica Czarnkowska ul. Szkolna 10;1065;129;129;9;120;12.11;6.98;1072;397;397;25;372;37.03;6.30
86950;300202;10;Szkoła Podstawowa 64-704 Romanowo Górne 72;637;69;69;6;63;10.83;8.70;635;257;257;8;249;40.47;3.11
86951;300202;11;Budynek byłej Szkoły Podstawowej 64-700 Brzeźno ul.Czarnkowska 17;620;89;89;5;84;14.35;5.62;621;248;248;12;236;39.94;4.84
86952;300203;1;Urząd Gminy Drawsko-Sala Posiedzeń 64-733 Drawsko ul. Powstańców Wielkopolskich 121;1317;229;229;8;221;17.39;3.49;1318;568;568;25;543;43.10;4.40
86953;300203;2;Szkoła Podstawowa 64-731 Drawski Młyn ul. Szosa Dworcowa 2;835;116;116;4;112;13.89;3.45;827;344;344;12;332;41.60;3.49
86954;300203;3;Szkoła Podstawowa 64-733 Piłka 24;613;122;122;4;118;19.90;3.28;610;243;243;17;226;39.84;7.00
86955;300203;4;Szkoła Podstawowa 64-733 Pęckowo ul. Powstańców Wielkopolskich 1;810;131;131;6;125;16.17;4.58;801;324;324;24;300;40.45;7.41
86956;300203;5;Gimnazjum 64-734 Chełst 64;1188;133;133;8;125;11.20;6.02;1191;423;423;17;406;35.52;4.02
86957;300204;1;Szkoła Podstawowa 64-761 Krzyż Wielkopolski ul. Wojska Polskiego 31;2184;344;344;11;333;15.75;3.20;2175;891;891;40;851;40.97;4.49
86958;300204;2;Miejsko Gminny Ośrodek Kultury 64-761 Krzyż Wielkopolski Wojska Polskiego 11;1818;296;296;20;276;16.28;6.76;1801;710;710;29;681;39.42;4.08
86959;300204;3;Gimnazjum Publiczne 64-761 Krzyż Wielkopolski ul. Sienkiewicza 1;1930;303;303;8;295;15.70;2.64;1941;820;820;24;796;42.25;2.93
86960;300204;4;Szkoła Podstawowa 64-761 Kuźnica Żelichowska 8;506;65;65;1;64;12.85;1.54;504;189;189;9;180;37.50;4.76
86961;300204;5;sala wiejska 64-761 Huta Szklana 42;596;80;80;3;77;13.42;3.75;591;211;211;11;200;35.70;5.21
86962;300205;1;Publiczna Szkoła Podstawowa 64-720 Lubasz ul.Szkolna 6;2339;468;468;19;449;20.01;4.06;1248;589;589;23;566;47.20;3.90
86963;300205;2;Pałac Spółdzielni Produkcji Rolnej 64-720 Sławno 1;884;132;132;7;125;14.93;5.30;1148;635;635;33;602;55.31;5.20
86964;300205;3;Publiczna Szkoła Podstawowa 64-720 Miłkowo 11;673;108;108;5;103;16.05;4.63;883;292;292;11;281;33.07;3.77
86965;300205;4;Publiczna Szkoła Podstawowa 64-720 Krucz 62;656;108;108;4;104;16.46;3.70;675;290;290;11;279;42.96;3.79
86966;300205;5;Gimnazjum 64-720 Lubasz ul.Podgórna 8A;1190;183;183;3;180;15.38;1.64;657;267;267;13;254;40.64;4.87
86967;300206;1;Szkoła Podstawowa im. Arkadego Fiedlera 64-710 Połajewo ul. Leśna 1;1968;341;341;29;312;17.33;8.50;1954;861;861;72;789;44.06;8.36
86968;300206;2;Gminny Ośrodek Kultury 64-710 Połajewo ul. Obornicka 1;707;85;85;4;81;12.02;4.71;718;269;269;9;260;37.47;3.35
86969;300206;3;Szkoła Podstawowa im. Kornela Makuszyńskiego 64-710 Boruszyn 25;1507;208;208;12;196;13.80;5.77;1490;583;583;50;533;39.13;8.58
86970;300206;4;Gimnazjum im. Jana Pawła II 64-710 Młynkowo 109;667;141;141;7;134;21.14;4.96;652;305;305;14;291;46.78;4.59
86971;300207;1;Nadleśnictwo Trzcianka 64-980 Trzcianka ul. Ogrodowa 2;945;213;213;14;199;22.54;6.57;938;472;472;24;448;50.32;5.08
86972;300207;2;Szkoła Podstawowa Nr 2 w Trzciance 64-980 Trzcianka ul. Fryderyka Chopina 36;987;174;174;6;168;17.63;3.45;972;481;481;11;470;49.49;2.29
86973;300207;3;Gimnazjum Nr 2 w Trzciance 64-980 Trzcianka ul. Fryderyka Chopina 36;857;211;211;7;204;24.62;3.32;861;449;449;11;438;52.15;2.45
86974;300207;4;Szkoła Podstawowa Nr 2 w Trzciance 64-980 Trzcianka ul. Fryderyka Chopina 36;866;138;138;5;133;15.94;3.62;843;329;329;10;319;39.03;3.04
86975;300207;5;Zespół Szkół Technicznych w Trzciance 64-980 Trzcianka ul. 27 Stycznia 100;952;154;154;4;150;16.18;2.60;941;394;394;37;357;41.87;9.39
86976;300207;6;Liceum Ogólnokształcące w Trzciance 64-980 Trzcianka ul. Stefana Żeromskiego 28;907;132;132;2;130;14.55;1.52;894;355;355;18;337;39.71;5.07
86977;300207;7;Liceum Ogólnokształcące w Trzciance 64-980 Trzcianka ul. Stefana Żeromskiego 28;665;132;132;9;123;19.85;6.82;654;374;374;8;366;57.19;2.14
86978;300207;8;Gimnazjum Nr 1 w Trzciance 64-980 Trzcianka ul. Stanisława Staszica 6;1096;183;183;5;178;16.70;2.73;1103;563;563;8;555;51.04;1.42
86979;300207;9;Muzeum Ziemi Nadnoteckiej 64-980 Trzcianka ul. Stefana Żeromskiego 36;863;202;202;6;196;23.41;2.97;832;392;392;8;384;47.12;2.04
86980;300207;10;Gminne Przedszkole nr 1 w Trzciance 64-980 Trzcianka ul. Adama Mickiewicza 46;966;231;231;8;223;23.91;3.46;963;507;507;9;498;52.65;1.78
86981;300207;11;Młodzieżowy Dom Kultury 64-980 Trzcianka ul. Gen. Władysława Sikorskiego 26;830;197;197;5;192;23.73;2.54;817;402;402;15;387;49.20;3.73
86982;300207;12;Miejsko-Gminny Ośrodek Pomocy Społecznej 64-980 Trzcianka os. Juliusza Słowackiego 24;881;182;182;6;176;20.66;3.30;853;452;452;13;439;52.99;2.88
86983;300207;13;Gminne Przedszkole Nr 4 w Trzciance 64-980 Trzcianka ul. Władysława Broniewskiego 2A;986;164;164;3;161;16.63;1.83;980;436;436;7;429;44.49;1.61
86984;300207;14;Gminne Przedszkole Nr 3 w Trzciance 64-980 Trzcianka os. Juliusza Słowackiego 24A;894;184;184;13;171;20.58;7.07;858;412;412;5;407;48.02;1.21
86985;300207;15;Szkoła Podstawowa Nr 3 w Trzciance 64-980 Trzcianka ul. Władysława Broniewskiego 2;868;179;179;10;169;20.62;5.59;841;381;381;7;374;45.30;1.84
86986;300207;16;Szkoła Podstawowa 64-980 Siedlisko 160;740;92;92;5;87;12.43;5.43;727;273;273;14;259;37.55;5.13
86987;300207;17;Gminne Przedszkole w Siedlisku Oddział w Nowej Wsi 64-980 Nowa Wieś 37;1006;115;115;5;110;11.43;4.35;998;360;360;13;347;36.07;3.61
86988;300207;18;Szkoła Podstawowa 64-980 Przyłęki 38A;1127;120;120;1;119;10.65;0.83;1122;371;371;9;362;33.07;2.43
86989;300207;19;Szkoła Podstawowa 64-980 Łomnica 7;927;98;98;11;87;10.57;11.22;908;258;258;4;254;28.41;1.55
86990;300207;20;Szkoła Podstawowa 64-980 Biała ul. Radolińska 9;883;105;105;5;100;11.89;4.76;892;337;337;11;326;37.78;3.26
86991;300207;21;Szkoła Podstawowa w Łomnicy Oddział Przedszkolny 64-980 Stobno 60;770;122;122;6;116;15.84;4.92;759;305;305;10;295;40.18;3.28
91623;300207;22;Szpital Powiatowy im. Jana Pawła II W Trzciance 64-980 Trzcianka ul. gen. Władysława Sikorskiego 9;57;4;4;0;4;7.02;0.00;64;39;39;1;38;60.94;2.56
86992;300208;1;Szkoła Podstawowa 64-730 Wieleń ul.Nowe Miasto 18;1690;237;237;13;224;14.02;5.49;1666;665;665;36;629;39.92;5.41
86993;300208;2;Wieleń, Dom Pomocy Społecznej 64-730 Wieleń ul. Staszica 2;255;156;156;15;141;61.18;9.62;206;141;141;13;128;68.45;9.22
86994;300208;3;Wieleń, Ośrodek Kultury „Strzelnica” 64-730 Wieleń ul. Dworcowa 1;2041;440;440;27;413;21.56;6.14;2030;1064;1064;37;1027;52.41;3.48
86995;300208;4;Wieleń, Gimnazjum 64-730 Wieleń ul. Jana Pawła II 3;1316;173;173;12;161;13.15;6.94;1317;493;493;29;464;37.43;5.88
86996;300208;5;Rosko, Gimnazjum 64-730 Rosko ul. Powstańców Wlkp. 15;1007;130;130;8;122;12.91;6.15;1019;403;403;29;374;39.55;7.20
86997;300208;6;Szkoła Podstawowa 64-730 Dzierżążno Wielkie 21;929;80;80;2;78;8.61;2.50;913;254;254;17;237;27.82;6.69
86998;300208;7;Przedszkole 64-730 Folsztyn 18;839;89;89;8;81;10.61;8.99;843;251;251;19;232;29.77;7.57
86999;300208;8;Szkoła Podstawowa 64-730 Gulcz ul. Czarnkowska 10;555;81;81;7;74;14.59;8.64;547;218;218;16;202;39.85;7.34
87000;300208;9;Szkoła Podstawowa 64-730 Miały ul. Powstańców Wlkp. 13;948;106;106;6;100;11.18;5.66;950;383;383;37;346;40.32;9.66
87001;300208;10;Przedszkole 64-730 Wrzeszczyna ul. 4 Lutego 13;434;73;73;5;68;16.82;6.85;435;178;178;13;165;40.92;7.30
87002;300301;1;Szkoła Podstawowa Nr 5 62-200 Gniezno ul. B. Chrobrego 12;818;152;152;8;144;18.58;5.26;788;323;323;16;307;40.99;4.95
87003;300301;2;Zespół Szkół Ponadgimnazjalnych Nr 3 62-200 Gniezno ul. Sienkiewicza 6;1541;393;393;34;359;25.50;8.65;1508;715;715;26;689;47.41;3.64
87004;300301;3;II Liceum Ogólnokształcące im. Dąbrówki 62-200 Gniezno ul. Ks. Prymasa M. Łubieńskiego 3/5;1420;368;368;8;360;25.92;2.17;1376;664;664;15;649;48.26;2.26
87005;300301;4;Szkoła Podstawowa nr 2 62-200 Gniezno ul. Ks. Prymasa M. Łubieńskiego 7;893;148;148;8;140;16.57;5.41;846;359;359;7;352;42.43;1.95
87006;300301;5;Medyczne Studium Zawodowe 62-200 Gniezno ul. Mieszka I 27;1225;276;276;18;258;22.53;6.52;1212;597;597;18;579;49.26;3.02
87007;300301;6;Przedszkole nr 12 62-200 Gniezno ul. T. Kościuszki 21;1227;236;236;8;228;19.23;3.39;1197;486;486;15;471;40.60;3.09
87008;300301;7;Liga Obrony Kraju Ośrodek Szkolenia Kierowców 62-200 Gniezno ul. Jeziorna 9;2186;393;393;18;375;17.98;4.58;2206;857;857;43;814;38.85;5.02
87009;300301;8;Gimnazjum Nr 1 62-200 Gniezno ul. św. Jana 2a;2299;485;485;18;467;21.10;3.71;2268;994;994;41;953;43.83;4.12
87010;300301;9;Szkoła Podstawowa Nr 3 62-200 Gniezno ul. Czarnieckiego 7;2373;679;679;36;643;28.61;5.30;2356;1366;1366;44;1322;57.98;3.22
87011;300301;10;I Liceum Ogólnokształcące im. B. Chrobrego 62-200 Gniezno ul. Kostrzewskiego 3;1193;314;314;11;303;26.32;3.50;1194;665;665;16;649;55.70;2.41
87012;300301;11;Budynek administracyjny Wojewódzkiego Szpitala dla Nerwowo i Psychicznie Chorych 62-200 Gniezno ul. Poznańska 15;1415;394;394;12;382;27.84;3.05;1393;830;830;14;816;59.58;1.69
87013;300301;12;Towarzystwo Czytelni Ludowych 62-200 Gniezno ul. Ks. A. Ludwiczaka 20;2256;624;624;28;596;27.66;4.49;2020;1228;1228;24;1204;60.79;1.95
87014;300301;13;Przedszkole Nr 2 (budynek byłych koszar jednostki wojskowej) 62-200 Gniezno ul. Wrzesińska 49A;1254;272;272;10;262;21.69;3.68;1268;685;685;21;664;54.02;3.07
87015;300301;14;Przedszkole Nr 2 (budynek byłych koszar jednostki wojskowej) 62-200 Gniezno ul. Wrzesińska 49A;1249;262;262;10;252;20.98;3.82;1256;719;719;23;696;57.25;3.20
87016;300301;15;Miejskie Przedsiębiorstwo Komunikacyjne Sp. z o.o. 62-200 Gniezno ul. Wesoła 7;1114;212;212;10;202;19.03;4.72;1064;501;501;13;488;47.09;2.59
87017;300301;16;Szkoła Podstawowa Nr 8 62-200 Gniezno ul. P. Cymsa 14;1387;297;297;14;283;21.41;4.71;1383;685;685;29;656;49.53;4.23
87018;300301;17;Przedszkole nr 6 62-200 Gniezno ul. Wiosenna 7;1094;201;201;9;192;18.37;4.48;1110;511;511;20;491;46.04;3.91
87019;300301;18;Szkoła Podstawowa nr 8 62-200 Gniezno ul. P.Cymsa 14;1331;307;307;16;291;23.07;5.21;1359;801;801;13;788;58.94;1.62
87020;300301;19;Szkoła Podstawowa nr 8 62-200 Gniezno ul. P.Cymsa 14;1327;311;311;11;300;23.44;3.54;1289;693;693;23;670;53.76;3.32
87021;300301;20;Szkoła Podstawowa Nr 8 62-200 Gniezno ul. Cymsa 14;1233;309;309;6;303;25.06;1.94;1243;742;743;10;732;59.69;1.35
87022;300301;21;Szkoła Podstawowa Nr 6 62-200 Gniezno ul. Żwirki i Wigury 22;2422;678;678;23;655;27.99;3.39;2338;1313;1313;22;1291;56.16;1.68
87023;300301;22;Przedszkole nr 8 62-200 Gniezno Budowlanych 22;2472;558;558;23;535;22.57;4.12;2412;1349;1349;49;1300;55.93;3.63
87024;300301;23;Gimnazjum nr 3 62-200 Gniezno ul. Paczkowskiego 13;1330;363;363;15;348;27.29;4.13;1318;755;755;19;736;57.28;2.52
87025;300301;24;Gnieźnieńska Spółdzielnia Mieszkaniowa 62-200 Gniezno ul. Budowlanych 2;1327;316;316;11;305;23.81;3.48;1323;683;683;19;664;51.63;2.78
87026;300301;25;Szkoła Podstawowa Nr 9 62-200 Gniezno ul. Staszica 5;1384;399;399;23;376;28.83;5.76;1347;745;745;18;727;55.31;2.42
87027;300301;26;Szkoła Podstawowa nr 9 62-200 Gniezno ul. Staszica 5;1292;380;380;9;371;29.41;2.37;1266;719;719;13;706;56.79;1.81
87028;300301;27;Zespół Szkół Ponadgimnazjalnych 62-200 Gniezno Cieszkowskiego 17;2441;696;696;40;656;28.51;5.75;2380;1359;1359;18;1341;57.10;1.32
87029;300301;28;Siedziba Rady Osiedla Nr IV „Arkuszewo” (kawiarnia Parafii p.w. BI. Jolenty) 62-200 Gniezno Wierzbiczany 4-10;1812;440;440;13;427;24.28;2.95;1890;1096;1096;35;1061;57.99;3.19
87030;300301;29;Warsztaty Sp. z o. o. „Urbis” 62-200 Gniezno Fabryczna 7;697;199;199;1;198;28.55;0.50;709;429;429;11;418;60.51;2.56
87031;300301;30;Przedszkole Nr 14 62-200 Gniezno Os. Jagiellońskie 33;2411;644;644;24;620;26.71;3.73;2343;1365;1365;44;1321;58.26;3.22
87032;300301;31;Przedszkole Nr 17 62-200 Gniezno Os. Piastowskie 18;1992;614;614;14;600;30.82;2.28;1962;1181;1181;48;1133;60.19;4.06
87033;300301;32;Gimnazjum Nr 4 62-200 Gniezno Os. Orła Białego 18;2044;580;580;24;556;28.38;4.14;2003;1175;1175;44;1131;58.66;3.74
87034;300301;33;Przedszkole Nr 1 62-200 Gniezno Os. Władysława Łokietka 21;1968;530;530;21;509;26.93;3.96;1907;1115;1115;37;1078;58.47;3.32
90051;300301;34;Szkoła Podstawowa Nr 12 62-200 Gniezno Kazimierza Wielkiego 33;1356;347;347;15;332;25.59;4.32;1313;724;724;27;697;55.14;3.73
90052;300301;35;Szkoła Podstawowa Nr 12 62-200 Gniezno Os. Kazimierza Wielkiego 33;1290;379;379;19;360;29.38;5.01;1255;722;722;13;709;57.53;1.80
91624;300301;36;Wojewódzki Szpital dla Nerwowo i Psychicznie Chorych 62-200 Gniezno Poznańska 15;527;36;36;5;31;6.83;13.89;706;147;147;12;135;20.82;8.16
91625;300301;37;Szpital Zespołu Opieki Zdrowotnej 62-200 Gniezno św. Jana 9;73;18;18;1;17;24.66;5.56;81;29;29;2;27;35.80;6.90
91626;300301;38;Szpital Zespołu Opieki Zdrowotnej 62-200 Gniezno 3 Maja 37/39;66;13;13;0;13;19.70;0.00;47;22;22;1;21;46.81;4.55
91627;300301;39;Dom Pomocy Społecznej 62-200 Gniezno Wrzesińska 21;66;24;24;3;21;36.36;12.50;66;29;29;2;27;43.94;6.90
87035;300302;1;Sala Gimnastyczna Zespołu Szkół Publicznych 62-250 Czerniejewo Plac 21 Stycznia 3;2113;457;457;28;429;21.63;6.13;2097;1064;1064;42;1022;50.74;3.95
87036;300302;2;Blok Żywieniowo-Świetlicowy Zespołu Szkół Publicznych 62-250 Czerniejewo ul. Szkolna 3;782;135;135;18;117;17.26;13.33;783;315;315;24;291;40.23;7.62
87037;300302;3;Zespół Szkół Publicznych 62-241 Żydowo ul. Tadeusza Kościuszki 24;1603;315;315;10;305;19.65;3.17;1596;767;767;34;733;48.06;4.43
87038;300302;4;Sala Gimnastyczna Zespołu Szkół Publicznych 62-241 Żydowo ul. Tadeusza Kościuszki 34;1181;165;165;14;151;13.97;8.48;1194;471;471;30;441;39.45;6.37
91628;300302;5;Sala widzeń Zakładu Karnego w Gębarzewie 62-241 Gębarzewo;548;228;228;20;208;41.61;8.77;515;186;186;24;162;36.12;12.90
87039;300303;1;Szkoła Podstawowa im. A. Fiedlera 62-200 Jankowo Dolne 9;1745;390;390;19;371;22.35;4.87;1801;922;922;33;889;51.19;3.58
87040;300303;2;Zespół Szkolno-Gimnazjalny im. Jana Twardowskiego 62-200 Szczytniki Duchowne 27;1705;359;359;1;358;21.06;0.28;1818;967;967;24;943;53.19;2.48
87041;300303;3;Świetlica Wiejska 62-200 Piekary ul. Poziomkowa 32C;1459;342;342;13;329;23.44;3.80;1539;883;883;20;863;57.37;2.27
87042;300303;4;Szkoła Podstawowa im. Obrońców Gniezna i Ziemi Gnieźnieńskiej 62-200 Goślinowo 14;1498;248;248;12;236;16.56;4.84;1535;623;623;25;598;40.59;4.01
87043;300303;5;Zespół Szkolno-Gimnazjalny 62-200 Zdziechowa 51;1654;280;280;7;273;16.93;2.50;1664;713;713;28;685;42.85;3.93
87044;300304;1;Urząd Gminy 62-280 Kiszkowo Szkolna 2;1053;230;230;14;216;21.84;6.09;1067;548;548;23;525;51.36;4.20
87045;300304;2;Budynek po Szkole Podstawowej 62-280 Rybno Wielkie ul. Główna 14;1058;164;164;9;155;15.50;5.49;1066;391;391;20;371;36.68;5.12
87046;300304;3;Szkoła Podstawowa 62-265 Sławno ul. Gnieźnieńska 37;1195;243;243;13;230;20.33;5.35;1183;514;514;26;488;43.45;5.06
87047;300304;4;Hala Widowiskowo-Sportowa 62-280 Kiszkowo ul. Polna 33;949;189;190;12;177;19.92;6.35;964;397;397;13;384;41.18;3.27
87048;300305;1;Miejsko Gminny Ośrodek Kultury 62-270 Kłecko ul. Gnieźnieńska 8;1275;276;276;14;262;21.65;5.07;1258;612;612;19;593;48.65;3.10
87049;300305;2;Gimnazjum 62-270 Kłecko ul. Gnieźnieńska 7A;844;222;222;7;215;26.30;3.15;835;417;419;18;399;49.94;4.32
87050;300305;3;Świetlica- Stadion Sportowy 62-270 Kłecko Paderewskiego 26;925;147;147;20;127;15.89;13.61;925;415;415;29;386;44.86;6.99
87051;300305;4;Świetlica Wiejska Charbowo 62-270 Charbowo 17;839;142;142;8;134;16.92;5.63;833;308;308;27;281;36.97;8.77
87052;300305;5;Szkoła Podstawowa Dębnica 62-271 Dębnica 3;1123;169;169;9;160;15.05;5.33;1125;473;473;19;454;42.04;4.02
87053;300305;6;Przedszkole Działyń 62-271 Działyń 21A;983;150;150;15;135;15.26;10.00;978;391;391;36;355;39.98;9.21
87054;300306;1;Szkoła Podstawowa w Lednogórze 62-261 Lednogóra 40A;1348;261;261;14;247;19.36;5.36;1394;680;680;24;656;48.78;3.53
87055;300306;2;Szkoła Podstawowa w Fałkowie 62-262 Fałkowo 1A;1351;210;210;7;203;15.54;3.33;1396;613;613;23;590;43.91;3.75
87056;300306;3;Remiza Strażacka w Łubowie 62-260 Łubowo 90A;1084;247;247;20;227;22.79;8.10;1118;596;596;21;575;53.31;3.52
87057;300306;4;Szkoła Podstawowa w Owieczkach 62-260 Owieczki 11A;883;170;170;15;155;19.25;8.82;891;413;413;16;397;46.35;3.87
87058;300307;1;Świetlica Wiejska 62-212 Mieleszyn 24a;848;153;153;8;145;18.04;5.23;844;361;361;16;345;42.77;4.43
87059;300307;2;Świetlica Wiejska 62-212 Mielno 33;806;92;92;2;90;11.41;2.17;802;240;240;12;228;29.93;5.00
87060;300307;3;Szkoła Podstawowa 62-213 Łopienno 117;598;110;110;2;108;18.39;1.82;607;248;248;12;236;40.86;4.84
87061;300307;4;Szkoła Podstawowa 62-212 Karniszewo 11a;835;134;134;4;130;16.05;2.99;836;343;343;11;332;41.03;3.21
87062;300308;1;Gminny Ośrodek Kultury 62-220 Niechanowo ul. Gnieźnieńska 2;1582;397;397;33;364;25.09;8.31;1574;832;832;37;795;52.86;4.45
87063;300308;2;Wiejski Dom Kultury 62-220 Jarząbkowo 7 B;1158;208;208;9;199;17.96;4.33;1161;422;422;26;396;36.35;6.16
87064;300308;3;Gimnazjum nr 1 62-220 Niechanowo ul. Różana 33;1630;303;303;14;289;18.59;4.62;1679;803;803;34;769;47.83;4.23
87065;300309;1;Przedszkole Nr 2 im „Misia Uszatka” 62-240 Trzemeszno ul. Bolesława Chrobrego 8;1695;282;282;12;270;16.64;4.26;1654;712;712;34;678;43.05;4.78
87066;300309;2;Ośrodek Sportu i Rekreacji 62-240 Trzemeszno ul. Piastowska 11;1330;267;267;8;259;20.08;3.00;1303;629;629;41;588;48.27;6.52
87067;300309;3;Szkoła Podstawowa Nr 1 im. J.Kilińskiego 62-240 Trzemeszno ul. J.J. Śniadeckich 18;1563;273;273;8;265;17.47;2.93;1550;663;663;19;644;42.77;2.87
87068;300309;4;Szkoła Podstawowa Nr 2 im. Polskich Olimpijczyków 62-240 Trzemeszno 1 Maja 11;1556;262;262;18;244;16.84;6.87;1568;662;662;40;622;42.22;6.04
87069;300309;5;Zespół Szkół Szkoła Podstawowa i Gimnazjum 62-240 Kruchowo 1;1294;151;151;5;146;11.67;3.31;1292;493;493;25;468;38.16;5.07
87070;300309;6;Świetlica Wiejska 62-240 Wydartowo 48;838;104;104;4;100;12.41;3.85;828;279;279;16;263;33.70;5.73
87071;300309;7;Dom Kultury 62-240 Trzemeszno ul. św. Jana 11;690;71;71;3;68;10.29;4.23;731;232;232;11;221;31.74;4.74
87072;300309;8;Środowiskowy Dom Samopomocy 62-240 Trzemeszno ul. A. Mickiewicza 28;804;62;62;7;55;7.71;11.29;776;228;228;11;217;29.38;4.82
87073;300309;9;Zespół Szkół- Szkoła Podstawowa i Gimnazjum im. Bohaterów Września 1939 62-240 Trzemżal 56;1478;212;212;9;203;14.34;4.25;1175;468;468;14;454;39.83;2.99
91629;300309;10;Zakład Poprawczy 62-240 Trzemeszno Adama Mickiewicza 35;17;17;17;6;11;100.00;35.29;298;125;125;7;118;41.95;5.60
87074;300310;1;Szkoła Podstawowa 62-230 Witkowo ul. Czerniejewska 14;1577;357;357;30;327;22.64;8.40;1543;814;814;24;790;52.75;2.95
87075;300310;2;Szkoła Podstawowa 62-230 Witkowo ul. Czerniejewska 12;1323;294;294;7;287;22.22;2.38;1269;693;693;11;682;54.61;1.59
87076;300310;3;Urząd Gminy i Miasta 62-230 Witkowo ul. Gnieźnieńska 1;1430;270;270;17;253;18.88;6.30;1431;649;649;29;620;45.35;4.47
87077;300310;4;Świetlica Wiejska 62-230 Sokołowo;686;96;96;5;91;13.99;5.21;680;315;315;21;294;46.32;6.67
87078;300310;5;Świetlica Wiejska 62-230 Ruchocinek;797;112;112;9;103;14.05;8.04;812;314;314;25;289;38.67;7.96
87079;300310;6;Niepubliczna Szkoła Podstawowa 62-230 Gorzykowo 3/4;727;93;93;7;86;12.79;7.53;723;234;234;11;223;32.37;4.70
87080;300310;7;Zespół Szkolno-Przedszkolny 62-230 Mielżyn ul.Strzałkowska 1;809;155;155;9;146;19.16;5.81;797;386;386;23;363;48.43;5.96
87081;300310;8;Gimnazjum 62-230 Witkowo ul. Poznańska 47;1628;376;376;15;361;23.10;3.99;1639;851;851;41;810;51.92;4.82
87082;300310;9;Zespół Szkół Ponadgimnazjalnych 62-230 Witkowo ul. Warszawska 29;1157;227;227;12;215;19.62;5.29;1183;601;601;7;594;50.80;1.16
87083;300310;10;Przedszkole Miejskie 62-230 Witkowo, Witkowo-Osiedle ul. Jasna 38;730;171;171;3;168;23.42;1.75;729;381;381;10;371;52.26;2.62
87084;300401;1;Miejsko-Gminny Ośrodek Kultury w Borku Wielkopolskim 63-810 Borek Wielkopolski ul. Powstańców Wielkopolskich 4;1261;262;262;19;243;20.78;7.25;1260;551;551;10;541;43.73;1.81
87085;300401;2;Miejsko-Gminny Ośrodek Kultury w Borku Wielkopolskim 63-810 Borek Wielkopolski ul. Powstańców Wielkopolskich 4;1372;250;250;9;241;18.22;3.60;1353;559;559;27;532;41.32;4.83
87086;300401;3;Urząd Miejski w Borku Wielkopolskim 63-810 Borek Wielkopolski ul. Rynek 1;1271;137;137;2;135;10.78;1.46;1265;419;419;18;401;33.12;4.30
87087;300401;4;Świetlica Wiejska 63-810 Koszkowo 7;866;92;92;5;87;10.62;5.43;860;247;247;26;221;28.72;10.53
87088;300401;5;Zespół Szkół im. Jana Pawła II, Szkoła Podstawowa i Gimnazjum 63-810 Zimnowoda;1304;138;138;9;129;10.58;6.52;1290;406;406;21;385;31.47;5.17
87089;300402;1;Gimnazjum Nr 1 63-800 Gostyń ul. Kościelna 4;1041;233;233;11;222;22.38;4.72;1014;541;541;26;515;53.35;4.81
87090;300402;2;Przedszkole Miejskie Nr 5 63-800 Gostyń ul. Mostowa 9;982;158;158;3;155;16.09;1.90;937;420;420;26;394;44.82;6.19
87091;300402;3;Zespół Szkół Ogólnokształcących 63-800 Gostyń ul. Wrocławska 10;1074;233;233;2;231;21.69;0.86;1065;532;532;20;512;49.95;3.76
87092;300402;4;Biblioteka Publiczna M i G 63-800 Gostyń ul. Wrocławska 257;1098;221;221;8;213;20.13;3.62;1062;486;486;15;471;45.76;3.09
87093;300402;5;Świetlica osiedlowa 63-800 Gostyń ul. Górna 30 b;998;232;232;8;224;23.25;3.45;1025;574;574;17;557;56.00;2.96
87094;300402;6;Szkoła Podstawowa Nr 2 63-800 Gostyń wejście od ul. Sądowej;1080;227;227;8;219;21.02;3.52;1065;515;515;20;495;48.36;3.88
87095;300402;7;Gimnazjum Nr 1 63-800 Gostyń wejście od ul. Lipowej;1101;265;265;11;254;24.07;4.15;1096;568;568;15;553;51.82;2.64
87096;300402;8;Dom Dziennego Pobytu 63-800 Gostyń ul. Polna 72;1116;274;274;9;265;24.55;3.28;1065;556;556;14;542;52.21;2.52
87097;300402;9;Gostyński Ośrodek Kultury „Hutnik” 63-800 Gostyń ul. Hutnika 4;1203;256;256;4;252;21.28;1.56;1203;628;628;32;596;52.20;5.10
87098;300402;10;Gimnazjum Nr 2 63-800 Gostyń wejście od ul. Leszczyńskiej;1145;259;259;15;244;22.62;5.79;1119;526;526;22;504;47.01;4.18
87099;300402;11;Gimnazjum Nr 2 63-800 Gostyń ul. Hutnika 3;1271;238;238;11;227;18.73;4.62;1227;534;534;16;518;43.52;3.00
87100;300402;12;Szkoła Podstawowa Nr 5 63-800 Gostyń ul. Graniczna 1;1056;175;175;5;170;16.57;2.86;1084;518;518;20;498;47.79;3.86
87101;300402;13;Zespół Szkół Zawodowych 63-800 Gostyń ul. Juliana Tuwima 44;1110;255;255;7;248;22.97;2.75;1152;695;695;24;671;60.33;3.45
87102;300402;14;Zespół Szkół Zawodowych 63-800 Gostyń ul. Juliana Tuwima 44;1231;210;210;8;202;17.06;3.81;1244;634;634;31;603;50.96;4.89
87103;300402;15;Szkoła Podstawowa Nr 2 63-800 Gostyń ul. Wrocławska 264;975;220;220;4;216;22.56;1.82;953;481;481;19;462;50.47;3.95
87104;300402;16;Świetlica wiejska 63-800 Stary Gostyń;1008;137;137;11;126;13.59;8.03;1004;383;383;19;364;38.15;4.96
87105;300402;17;Szkoła Podstawowa 63-800 Siemowo;865;77;77;4;73;8.90;5.19;861;289;289;16;273;33.57;5.54
87106;300402;18;Szkoła Podstawowa 63-800 Kunowo;1020;114;114;4;110;11.18;3.51;1019;365;365;21;344;35.82;5.75
87107;300402;19;Państwowa Szkoła Muzyczna I Stopnia 63-800 Gostyń ul. Strzelecka 28;1012;154;154;4;150;15.22;2.60;1035;439;440;15;424;42.42;3.42
87108;300402;20;Szkoła Podstawowa 63-800 Gola;1165;147;147;9;138;12.62;6.12;1148;405;405;36;369;35.28;8.89
87109;300402;21;Wydział Komunikacji Starostwa Powiatowego w Gostyniu 63-800 Gostyń ul. Wrocławska 154;930;124;124;6;118;13.33;4.84;951;362;362;20;342;38.07;5.52
91630;300402;22;Samodzielny Publiczny Zespół Opieki Zdrowotnej Szpital w Gostyniu 63-800 Gostyń pl. K. Marcinkowskiego 8 / lokal: 9;39;4;4;0;4;10.26;0.00;42;13;13;0;13;30.95;0.00
87110;300403;1;Pałac Ślubów 63-840 Krobia Pl. Tadeusza Kościuszki 3;1371;242;242;7;235;17.65;2.89;1375;657;657;29;628;47.78;4.41
87111;300403;2;Kino Szarotka 63-840 Krobia ul. Powstańców Wielkopolskich 27;2013;401;401;15;386;19.92;3.74;2015;978;978;24;954;48.54;2.45
87112;300403;3;Zespół Szkoły Podstawowej im prof. Józefa Zwierzyckiego i Gimnazjum w Krobi 63-840 Krobia ul. prof. Józefa Zwierzyckiego 1;1826;281;281;4;277;15.39;1.42;1825;749;749;16;733;41.04;2.14
87113;300403;4;Zespół Szkoły Podstawowej im. gen. Franciszka Dzierżykraja-Morawskiego i Gimnazjum im. Stanisława Fenrycha 63-842 Pudliszki ul. Szkolna 20;2057;251;251;9;242;12.20;3.59;2011;828;828;46;782;41.17;5.56
87114;300403;5;Świetlica Wiejska 63-840 Chwałkowo 71;669;50;50;0;50;7.47;0.00;653;195;195;21;174;29.86;10.77
87115;300403;6;Zespół Szkoły Podstawowej i Gimnazjum im. Ziemi Biskupiańskiej 63-840 Stara Krobia 71;769;132;132;4;128;17.17;3.03;770;318;318;7;311;41.30;2.20
87116;300403;7;Szkoła Podstawowa 63-840 Niepart 45;809;99;99;5;94;12.24;5.05;800;248;248;19;229;31.00;7.66
87117;300403;8;Szkoła Podstawowa Filialna 63-840 Ciołkowo 20;731;97;97;7;90;13.27;7.22;740;241;241;26;215;32.57;10.79
91631;300403;9;Dom Pomocy Społecznej 63-840 Chumiętki 22;97;23;23;4;19;23.71;17.39;89;31;31;6;25;34.83;19.35
87118;300404;1;Zespół Szkół w Pępowie, Szkoła Podstawowa 63-830 Pępowo ul.Powstańców Wielkopolskich 44;1459;292;292;9;283;20.01;3.08;1470;732;732;25;707;49.80;3.42
87119;300404;2;Zespół Szkół w Pępowie, Gimnazjum 63-830 Pępowo ul.Powstańców Wielkopolskich 44;1138;210;210;10;200;18.45;4.76;1130;524;524;31;493;46.37;5.92
87120;300404;3;Samorządowa Szkoła Podstawowa 63-830 Skoraszewice 15a;1048;181;181;13;168;17.27;7.18;1055;504;504;30;474;47.77;5.95
87121;300404;4;Dom Strażaka 63-830 Siedlec 9;1094;212;212;16;196;19.38;7.55;1085;497;497;32;465;45.81;6.44
87122;300405;1;Gminny Ośrodek Kultury w Piaskach 63-820 Piaski ul.Strzelecka 4;1529;309;309;16;293;20.21;5.18;1526;762;762;24;738;49.93;3.15
87123;300405;2;Gminny Ośrodek Kultury w Piaskach mała salka 63-820 Piaski ul. Strzelecka 4;1019;146;146;11;135;14.33;7.53;1022;453;453;17;436;44.32;3.75
87124;300405;3;Budynek Starej Szkoły w Piaskach 63-820 Piaski ul. Dworcowa 3;1341;181;181;14;167;13.50;7.73;1348;530;530;37;493;39.32;6.98
87125;300405;4;Zespół Szkół Rolniczych im. gen.Józefa Wybickiego Grabonóg 63-820 Grabonóg 63;845;110;110;2;108;13.02;1.82;848;338;338;20;318;39.86;5.92
87126;300405;5;Szkoła Podstawowa w Bodzewie 63-820 Bodzewo 35;863;123;123;8;115;14.25;6.50;866;346;346;17;329;39.95;4.91
87127;300405;6;Szkoła Podstawowa w Szelejewie Pierwszym 63-820 Szelejewo Pierwsze 87a;1175;191;191;18;173;16.26;9.42;1175;491;491;22;469;41.79;4.48
91632;300405;7;Piaski 63-820 Piaski, Piaski Wielkopolskie Osiedle Marysin 1;97;24;24;0;24;24.74;0.00;78;22;22;1;21;28.21;4.55
87128;300406;1;Przedszkole Samorządowe 63-860 Pogorzela ul. Rynek 19;1661;290;290;13;277;17.46;4.48;1684;734;734;33;701;43.59;4.50
87129;300406;2;Dom Strażaka 63-860 Bułaków;789;124;124;10;114;15.72;8.06;776;327;327;19;308;42.14;5.81
87130;300406;3;Wiejski Dom Kultury 63-860 Kromolice;609;93;93;8;85;15.27;8.60;588;211;211;5;206;35.88;2.37
87131;300406;4;Szkoła Podstawowa 63-860 Pogorzela ul. Parkowa 7;1018;142;142;3;139;13.95;2.11;1009;321;321;16;305;31.81;4.98
87132;300407;1;Szkoła Podstawowa w Poniecu 64-125 Poniec ul. Szkolna 8;2372;369;369;27;342;15.56;7.32;2327;1036;1036;72;964;44.52;6.95
87133;300407;2;Gminne Centrum Kultury Sportu Turystyki i Rekreacji w Poniecu 64-125 Poniec ul. Szkolna 3;1694;162;162;12;150;9.56;7.41;1668;509;509;36;473;30.52;7.07
87134;300407;3;Dom Kultury w Żytowiecku 63-805 Żytowiecko 58;1160;157;157;6;151;13.53;3.82;1171;383;383;29;354;32.71;7.57
87135;300407;4;Dom Strażaka w Szurkowie 64-125 Szurkowo 13;460;69;69;0;69;15.00;0.00;457;145;145;8;137;31.73;5.52
87136;300407;5;Wiejski Dom Kultury w Łęce Wielkiej 63-805 Łęka Wielka 59;685;75;75;7;68;10.95;9.33;667;180;180;16;164;26.99;8.89
87137;300501;1;Zespół Szkolno - Przedszkolny 62-066 Granowo ul. Konstytucji 3 Maja 1;1196;255;255;13;242;21.32;5.10;1197;562;562;36;526;46.95;6.41
87138;300501;2;Zespół Szkolno - Przedszkolny 62-066 Granowo ul. Konstytucji 3 Maja 1;864;222;222;19;203;25.69;8.56;870;466;466;18;448;53.56;3.86
87139;300501;3;Szkoła Podstawowa 62-066 Bielawy;456;98;98;10;88;21.49;10.20;457;167;167;11;156;36.54;6.59
87140;300501;4;Zespół Szkolno - Przedszkolny 62-066 Granowo ul. Szkolna 4;1375;156;156;3;153;11.35;1.92;1390;493;493;36;457;35.47;7.30
87141;300502;1;Szkoła Podstawowa Nr1 62-065 Grodzisk Wielkopolski ul. Chopina 26;2137;451;451;109;342;21.10;24.17;2154;1153;1153;34;1119;53.53;2.95
87142;300502;2;Centrum Kultury „RONDO” 62-065 Grodzisk Wielkopolski ul. Kolejowa 12;1921;427;427;17;410;22.23;3.98;1995;985;985;20;965;49.37;2.03
87143;300502;3;Gimnazjum 62-065 Grodzisk Wielkopolski ul. 3 Maja 5;1028;132;132;2;130;12.84;1.52;1038;441;441;27;414;42.49;6.12
87144;300502;4;Świetlica Spółdzielni Mieszkaniowej 62-065 Grodzisk Wielkopolski ul. Osiedle Wojska Polskiego 25;2052;488;488;17;471;23.78;3.48;2039;1138;1138;37;1101;55.81;3.25
87145;300502;5;Świetlica Zespołu Szkół Ponadgimnazjalnych 62-065 Grodzisk Wielkopolski ul. Żwirki i Wigury 2;2067;432;432;13;419;20.90;3.01;2088;1094;1094;43;1051;52.39;3.93
87146;300502;6;Zespól Szkół 62-065 Ptaszkowo 31A;1040;168;168;7;161;16.15;4.17;1027;388;388;10;378;37.78;2.58
87147;300502;7;Szkoła Podstawowa Nr1 62-065 Grodzisk Wielkopolski ul. Chopina 26;2035;234;234;13;221;11.50;5.56;2075;713;713;31;682;34.36;4.35
87148;300502;8;Liceum Ogólnokształcące 62-065 Grodzisk Wielkopolski ul. 3 Maja 7;2002;385;385;21;364;19.23;5.45;1963;919;919;60;859;46.82;6.53
87149;300502;9;Szkoła Podstawowa 62-065 Kąkolewo 64;841;115;115;1;114;13.67;0.87;860;323;323;18;305;37.56;5.57
91633;300502;10;Samodzielny Publiczny Zakład Opieki Zdrowotnej Oddział Chirurgiczny 62-065 Grodzisk Wielkopolski ul. Mossego 3;77;24;24;7;17;31.17;29.17;54;24;24;3;21;44.44;12.50
87150;300503;1;Publiczne Gimnazjum 64-061 Kamieniec ul. Słoneczna 2;963;218;218;12;206;22.64;5.50;970;535;535;19;516;55.15;3.55
87151;300503;2;Szkoła Podstawowa 64-061 Kamieniec ul. Stawowa 28;1028;103;103;2;101;10.02;1.94;1023;382;382;21;361;37.34;5.50
87152;300503;3;Szkoła Podstawowa 64-060 Konojad ul. Szkolna 15;1174;142;142;8;134;12.10;5.63;1184;448;448;18;430;37.84;4.02
87153;300503;4;Świetlica wiejska 64-060 Łęki Wielkie 55;974;147;147;19;128;15.09;12.93;977;390;390;10;380;39.92;2.56
87154;300503;5;Szkoła Podstawowa 64-061 Parzęczewo 25;1009;171;171;16;155;16.95;9.36;1037;457;457;34;423;44.07;7.44
87155;300504;1;Dom Kultury 62-067 Rakoniewice ul. Krystyny 30;1921;325;325;9;316;16.92;2.77;1917;942;942;47;895;49.14;4.99
87156;300504;2;Zespół Szkolno-Gimnazjalny 62-067 Rakoniewice ul. Nowotomyska 1;2074;294;294;6;288;14.18;2.04;2129;912;912;42;870;42.84;4.61
87157;300504;3;Zespół Przedszkolno-Szkolno-Gimnazjalny 62-068 Rostarzewo ul. Rakoniewicka 23;1860;299;299;14;285;16.08;4.68;1887;841;841;51;790;44.57;6.06
87158;300504;4;Zespół Szkolno-Przedszkolny 64-308 Jabłonna ul. Nowotomyska 9;2099;225;225;11;214;10.72;4.89;2093;674;674;38;636;32.20;5.64
87159;300504;5;Zespół Przedszkolno-Szkolno-Gimnazjalny 62-073 Ruchocice ul. Poznańska 23;1309;124;124;5;119;9.47;4.03;1310;479;479;20;459;36.56;4.18
87160;300504;6;Zespół Przedszkolno-Szkolny 62-068 Łąkie 81;623;70;70;4;66;11.24;5.71;624;221;221;8;213;35.42;3.62
87161;300505;1;Zespół Szkół im.Polskich Noblistów w Wielichowie 64-050 Wielichowo ul. Kościelna 7a;1389;246;246;12;234;17.71;4.88;1395;777;777;39;738;55.70;5.02
87162;300505;2;Szkoła Podstawowa w Łubnicy 64-050 Łubnica ul. Szkolna 4;840;112;112;5;107;13.33;4.46;838;369;369;23;346;44.03;6.23
87163;300505;3;Szkoła Podstawowa im.Kompanii Wilkowskiej Powstańców Wielkopolskich w Wilkowie Polskim 64-050 Wilkowo Polskie ul. Kościańska 2;1351;197;197;14;183;14.58;7.11;1365;542;542;30;512;39.71;5.54
87164;300505;4;Zespół Szkół im. Polskich Noblistów w Wielichowie 64-050 Wielichowo ul. Kościelna 7a;1263;168;168;12;156;13.30;7.14;1272;522;522;31;491;41.04;5.94
87165;300505;5;Szkoła Podstawowa w Gradowicach 64-050 Gradowice ul. Szkolna 20;526;86;86;9;77;16.35;10.47;530;213;213;12;201;40.19;5.63
87166;300601;1;Świetlica Wiejska 63-233 Cerekwica Stara 48;594;99;99;5;94;16.67;5.05;589;238;238;6;232;40.41;2.52
87167;300601;2;Szkoła Podstawowa 63-233 Góra ul.Jarocińska 6;1941;377;377;36;341;19.42;9.55;1914;912;912;46;866;47.65;5.04
87168;300601;3;Urząd Gminy 63-233 Jaraczewo ul.Jarocińska 1;1608;226;226;20;206;14.05;8.85;1591;690;690;65;625;43.37;9.42
87169;300601;4;Szkoła Podstawowa 63-233 Nosków ul.Szkolna 28;760;145;145;10;135;19.08;6.90;756;328;328;13;315;43.39;3.96
87170;300601;5;Zespół Szkół 63-233 Rusko ul.Szkolna 29;1149;154;154;15;139;13.40;9.74;1127;465;465;29;436;41.26;6.24
87171;300601;6;Świetlica Wiejska 63-233 Wojciechowo 11a;536;89;89;7;82;16.60;7.87;537;238;238;15;223;44.32;6.30
87172;300602;1;Zespół Szkół 63-200 Cielcza ul. Szkolna 16;1827;346;346;23;323;18.94;6.65;1834;767;767;24;743;41.82;3.13
87173;300602;2;Szkoła Podstawowa 63-200 Golina ul. Jarocińska 32;1700;297;297;14;283;17.47;4.71;1713;798;798;45;753;46.58;5.64
87174;300602;3;Publiczne Przedszkole 63-200 Mieszków ul. Dworcowa 10c;1611;269;269;13;256;16.70;4.83;1608;730;730;26;704;45.40;3.56
87175;300602;4;Niepubliczna Szkoła Podstawowa 63-230 Prusy 52;1371;207;207;29;178;15.10;14.01;1383;561;561;39;522;40.56;6.95
87176;300602;5;Niepubliczna Szkoła Podstawowa 63-200 Siedlemin ul. Główna 36;1798;230;230;9;221;12.79;3.91;1810;732;732;35;697;40.44;4.78
87177;300602;6;Zespół Szkół 63-200 Wilkowyja ul. Powstańców Wielkopolskich 41;1811;265;265;23;242;14.63;8.68;1830;775;775;27;748;42.35;3.48
87178;300602;7;Szkoła Podstawowa 63-230 Witaszyce ul. Szkolna 1a;1583;309;309;17;292;19.52;5.50;1592;785;785;21;764;49.31;2.68
87179;300602;8;Gimnazjum 63-230 Witaszyce ul. Szkolna 1a;1614;307;307;15;292;19.02;4.89;1595;758;758;26;732;47.52;3.43
87180;300602;9;Zespół Szkół 63-200 Wilkowyja ul. Powstańców Wielkopolskich 41;1721;277;277;24;253;16.10;8.66;1757;664;664;22;642;37.79;3.31
87181;300602;10;Ratusz 63-200 Jarocin ul. Rynek;2106;654;654;38;616;31.05;5.81;2039;1047;1047;28;1019;51.35;2.67
87182;300602;11;Zespół Szkół Nr 5 63-200 Jarocin ul. Ludwika Waryńskiego 11;2233;676;676;66;610;30.27;9.76;2222;1142;1142;32;1110;51.40;2.80
87183;300602;12;Zespół Szkół Nr 5 63-200 Jarocin ul. Ludwika Waryńskiego 11;1658;440;440;31;409;26.54;7.05;1621;778;778;32;746;48.00;4.11
87184;300602;13;Publiczne Przedszkole Nr 1 63-200 Jarocin ul. Generała Józefa Hallera 8a;1827;481;481;29;452;26.33;6.03;1762;869;869;22;847;49.32;2.53
87185;300602;14;Zespół Szkół Nr 3 63-200 Jarocin ul. Wrocławska 168;1590;291;291;22;269;18.30;7.56;1589;682;682;27;655;42.92;3.96
87186;300602;15;Zespół Szkół Nr 3 63-200 Jarocin ul. Wrocławska 168;1083;207;207;19;188;19.11;9.18;1110;479;479;19;460;43.15;3.97
87187;300602;16;Centrum Socjalne 63-200 Jarocin ul. Wrocławska 39;2002;588;588;39;549;29.37;6.63;1963;1004;1004;29;975;51.15;2.89
87188;300602;17;Pałac Radolińskich 63-200 Jarocin ul. Park 3;1489;459;459;27;432;30.83;5.88;1474;817;817;26;791;55.43;3.18
87189;300602;18;Zespół Szkół Ponadgimnazjalnych Nr 2 63-200 Jarocin ul. Franciszkańska 2;1746;424;424;23;401;24.28;5.42;1727;926;926;25;901;53.62;2.70
87190;300602;19;Publiczne Przedszkole Nr 2 63-200 Jarocin ul. Marii Curie-Skłodowskiej 2a;2116;638;638;41;597;30.15;6.43;2084;1126;1126;36;1090;54.03;3.20
87191;300602;20;Szkoła Podstawowa Nr 4 63-200 Jarocin ul. Marii Curie-Skłodowskiej 4;2155;605;605;57;548;28.07;9.42;2156;1145;1145;28;1117;53.11;2.45
87192;300602;21;Szkoła Podstawowa Nr 4 63-200 Jarocin ul. Marii Curie-Skłodowskiej 4;1196;348;348;29;319;29.10;8.33;1269;708;708;12;696;55.79;1.69
91634;300602;22;„Szpital Powiatowy w Jarocinie” Sp. z o.o. 63-200 Jarocin Szpitalna 1;53;4;4;0;4;7.55;0.00;44;11;11;0;11;25.00;0.00
87193;300603;1;Urząd Gminy 63-220 Kotlin ul. Powstańców Wlkp. 3;1267;187;187;13;174;14.76;6.95;1266;528;528;21;507;41.71;3.98
87194;300603;2;Szkoła Podstawowa 63-220 Kotlin ul. M. Konopnickiej 22;1355;256;256;11;245;18.89;4.30;1325;694;694;25;669;52.38;3.60
87195;300603;3;Szkoła Podstawowa 63-220 Magnuszewice 17;1024;208;208;20;188;20.31;9.62;1013;415;415;25;390;40.97;6.02
87196;300603;4;Szkoła Podstawowa Sławoszew z siedzibą w Parzewie 63-220 Parzew 6a;897;98;98;3;95;10.93;3.06;889;320;320;23;297;36.00;7.19
87197;300603;5;Szkoła Podstawowa 63-220 Wola Książęca 103;1193;119;119;7;112;9.97;5.88;1184;415;415;21;394;35.05;5.06
87198;300604;1;Środowiskowa Hala Sportowa 63-210 Żerków ul.Cmentarna 10;1719;388;388;24;364;22.57;6.19;1724;913;913;39;874;52.96;4.27
87199;300604;2;Szkoła Podstawowa 63-210 Chrzan ul. Żerkowska 3;792;119;119;6;113;15.03;5.04;795;342;342;15;327;43.02;4.39
87200;300604;3;Szkoła Podstawowa 63-210 Dobieszczyzna 32a;1262;131;131;11;120;10.38;8.40;1266;529;529;37;492;41.79;6.99
87201;300604;4;Szkoła Podstawowa 63-210 Komorze Przybysławskie 18;734;97;97;4;93;13.22;4.12;719;256;256;10;246;35.61;3.91
87202;300604;5;Świetlica Wiejska 63-210 Brzóstków 46;610;55;55;11;44;9.02;20.00;625;205;205;8;197;32.80;3.90
87203;300604;6;Szkoła Podstawowa 63-210 Żerków ul.Cmentarna 10;1929;264;264;13;251;13.69;4.92;1947;748;748;25;723;38.42;3.34
87204;300604;7;Świetlica Wiejska 63-210 Żerniki 29;690;97;97;8;89;14.06;8.25;685;280;280;16;264;40.88;5.71
87205;300604;8;Szkoła Podstawowa w Chrzanie, Budynek Szkoły 63-210 Stęgosz 106;541;105;105;5;100;19.41;4.76;544;232;232;12;220;42.65;5.17
87206;300701;1;Szkoła Podstawowa 62-814 Blizanów Drugi 56;975;123;123;5;118;12.62;4.07;988;393;393;17;376;39.78;4.33
87207;300701;2;Stowarzyszenie „Mała Szkoła” na Rzecz Ekorozwoju 62-814 Lipe 20;941;89;89;6;83;9.46;6.74;951;306;306;11;295;32.18;3.59
87208;300701;3;Rychnowskie Stowarzyszenie na Rzecz Dzieci i Młodzieży 62-814 Rychnów 16;914;207;207;3;204;22.65;1.45;902;384;384;23;361;42.57;5.99
87209;300701;4;Szkoła Filialna 62-812 Jastrzębniki 51;479;87;87;1;86;18.16;1.15;479;202;202;7;195;42.17;3.47
87210;300701;5;Szkoła Podstawowa 62-812 Piotrów 65;1948;384;384;12;372;19.71;3.12;1978;1004;1004;25;979;50.76;2.49
87211;300701;6;Budynek poszkolny 62-800 Pruszków 12;958;216;216;6;210;22.55;2.78;973;503;503;10;493;51.70;1.99
87212;300701;7;Szkoła Podstawowa 62-814 Janków Pierwszy 78;1104;157;157;8;149;14.22;5.10;1083;425;425;9;416;39.24;2.12
87213;300701;8;Szkoła Filialna 62-814 Brudzew 11;492;81;81;3;78;16.46;3.70;488;203;203;11;192;41.60;5.42
87214;300702;1;Zespół Szkół w Brzezinach 62-874 Brzeziny ul. Wrocławska 17;914;222;222;7;215;24.29;3.15;946;459;459;8;451;48.52;1.74
87215;300702;2;Gimnazjum w Brzezinach 62-874 Brzeziny ul. Gimnazjalna 1;678;133;133;2;131;19.62;1.50;671;291;291;7;284;43.37;2.41
87216;300702;3;Budynek Ochotniczej Straży Pożarnej w Ostrowie Kaliskim 62-874 Ostrów Kaliski 41;601;108;108;4;104;17.97;3.70;593;228;228;6;222;38.45;2.63
87217;300702;4;Szkoła Podstawowa w Dzięciołach 62-874 Dzięcioły 14;696;88;88;6;82;12.64;6.82;695;226;226;6;220;32.52;2.65
87218;300702;5;Szkoła Podstawowa w Sobiesękach 62-874 Sobiesęki 11;595;67;67;5;62;11.26;7.46;598;181;181;10;171;30.27;5.52
87219;300702;6;Szkoła Podstawowa w Aleksandrii 62-874 Aleksandria 120;704;167;167;3;164;23.72;1.80;691;341;341;10;331;49.35;2.93
87220;300702;7;Budynek po Szkole Podstawowej w Przystajni 62-874 Przystajnia 18;441;65;65;2;63;14.74;3.08;444;163;163;2;161;36.71;1.23
87221;300703;1;Zespół Szkół w Cekowie-Kolonii 62-834 Ceków-Kolonia 2;1726;245;245;21;224;14.19;8.57;1729;676;676;31;645;39.10;4.59
87222;300703;2;Szkoła Podstawowa 62-834 Morawin 27;835;116;116;2;114;13.89;1.72;829;339;339;21;318;40.89;6.19
87223;300703;3;Zespół Szkół 62-834 Kamień 34A;937;175;175;8;167;18.68;4.57;937;424;424;22;402;45.25;5.19
87224;300703;4;Szkoła Podstawowa w Cekowie-Kolonii z Filią w Przespolewie Pańskim 62-834 Przespolew Pański 35;335;73;73;6;67;21.79;8.22;325;131;131;8;123;40.31;6.11
87225;300704;1;Świetlica „Stara Gmina” 62-872 Godziesze Wielkie ul.Rynek 7;1038;131;131;6;125;12.62;4.58;1046;424;424;13;411;40.54;3.07
87226;300704;2;Gimnazjum 62-872 Godziesze Wielkie ul. Ks. Augustyna Kordeckiego 10;1077;176;176;3;173;16.34;1.70;1076;479;479;8;471;44.52;1.67
87227;300704;3;Szkoła Podstawowa 62-872 Wola Droszewska 45;1001;137;137;2;135;13.69;1.46;1020;408;408;18;390;40.00;4.41
87228;300704;4;Dom Ludowy 62-872 Wolica 36;998;260;260;2;258;26.05;0.77;1015;597;597;6;591;58.82;1.01
87229;300704;5;Szkoła Podstawowa 62-872 Stara Kakawa 57;779;54;54;0;54;6.93;0.00;786;269;269;6;263;34.22;2.23
87230;300704;6;Szkoła Podstawowa 62-872 Żydów ul.Szkolna 72;414;111;111;4;107;26.81;3.60;419;221;221;4;217;52.74;1.81
87231;300704;7;Szkoła Podstawowa 62-872 Saczyn 103;444;61;61;7;54;13.74;11.48;448;196;196;11;185;43.75;5.61
87232;300704;8;Szkoła Podstawowa 62-872 Stobno Siódme 26;948;138;138;6;132;14.56;4.35;959;427;427;11;416;44.53;2.58
87233;300704;9;Sala OSP 62-872 Borek ul. Kaliska 18;534;105;105;2;103;19.66;1.90;563;303;303;4;299;53.82;1.32
91635;300704;10;Szpital Chorób Płuc i Gruźlicy 62-872 Wolica 113;72;31;31;6;25;43.06;19.35;68;29;29;2;27;42.65;6.90
87234;300705;1;Szkoła Podstawowa 62-840 Koźminek ul.Szkolna 1;1615;291;291;7;284;18.02;2.41;1630;778;778;34;744;47.73;4.37
87235;300705;2;Gimnazjum 62-840 Koźminek ul.Szkolna 1;1275;123;123;9;114;9.65;7.32;1267;441;441;12;429;34.81;2.72
87236;300705;3;Gminna Biblioteka Publiczna 62-840 Koźminek ul.Kościuszki 13;1018;113;113;1;112;11.10;0.88;1016;353;353;17;336;34.74;4.82
87237;300705;4;Szkoła Podstawowa 62-840 Nowy Nakwasin 48;969;176;176;10;166;18.16;5.68;964;418;418;11;407;43.36;2.63
87238;300705;5;Szkoła Podstawowa 62-840 Moskurnia 9a;669;114;114;7;107;17.04;6.14;674;259;259;11;248;38.43;4.25
87239;300705;6;Świetlica 62-840 Oszczeklin 21;500;89;89;3;86;17.80;3.37;508;208;208;6;202;40.94;2.88
87240;300706;1;Szkoła Podstawowa w Zakrzynie 62-850 Zakrzyn-Baranek 1;912;122;122;3;119;13.38;2.46;909;355;355;22;333;39.05;6.20
87241;300706;2;Szkoła Podstawowa w Strzałkowie 62-850 Strzałków 65;1056;187;187;26;161;17.71;13.90;1068;430;430;26;404;40.26;6.05
87242;300706;3;Szkoła Podstawowa im.Józefa Wybickiego 62-850 Lisków ul. Ks. Wacława Blizińskiego 27;1660;385;385;16;369;23.19;4.16;1668;787;787;27;760;47.18;3.43
87243;300706;4;Szkoła Podstawowa w Ciepielewie 62-850 Ciepielew Pierwszy 10;597;89;89;4;85;14.91;4.49;595;248;248;14;234;41.68;5.65
91636;300706;5;Dom Pomocy Społecznej w Liskowie 62-850 Lisków ul. Ks. Wacława Blizińskiego 96;36;17;17;2;15;47.22;11.76;37;28;28;2;26;75.68;7.14
87244;300707;1;Zespół Szkolno-Przedszkolny 62-831 Kościelec 9;1436;182;182;14;168;12.67;7.69;1434;524;524;36;488;36.54;6.87
87245;300707;2;Zespół Szkolno-Przedszkolny 62-831 Dzierzbin-Kolonia 31-32;1270;166;166;7;159;13.07;4.22;1253;475;475;18;457;37.91;3.79
87246;300707;3;Gimnazjum 62-831 Korzeniew 51;1283;193;193;18;175;15.04;9.33;1296;464;464;42;422;35.80;9.05
87247;300708;1;Szkoła Podstawowa im. Janusza Kusocińskiego 62-860 Opatówek ul. Szkolna 3;1751;481;481;22;459;27.47;4.57;1741;978;978;14;964;56.17;1.43
87248;300708;2;Gminny Ośrodek Kultury 62-860 Opatówek ul. Kościelna 2;1338;325;325;8;317;24.29;2.46;1314;666;666;28;638;50.68;4.20
87249;300708;3;Zespół Szkół im. Jana Pawła II 62-860 Chełmce 3;1344;372;372;2;370;27.68;0.54;1368;826;826;15;811;60.38;1.82
87250;300708;4;Zespół Szkół 62-860 Rajsko 4A;782;117;117;8;109;14.96;6.84;790;329;329;6;323;41.65;1.82
87251;300708;5;Zespół Szkół 62-860 Tłokinia Wielka 86A;1918;301;301;10;291;15.69;3.32;1937;916;916;22;894;47.29;2.40
87252;300708;6;Gimnazjum im. Agatona i Stefana Gillerów 62-860 Opatówek ul. Szkolna 7;1462;274;274;15;259;18.74;5.47;1460;704;704;16;688;48.22;2.27
87253;300709;1;Zespół Szkół w Stawiszynie 62-820 Stawiszyn ul. Szkolna 8;1259;260;260;22;238;20.65;8.46;1238;561;561;19;542;45.32;3.39
87254;300709;2;Zespół Szkół w Stawiszynie 62-820 Stawiszyn ul. Szkolna 8;2201;342;342;9;333;15.54;2.63;2213;861;861;28;833;38.91;3.25
87255;300709;3;Miejsko Gminny Ośrodek Kultury w Zbiersku 62-830 Zbiersk-Cukrownia 237;2353;360;360;13;347;15.30;3.61;2350;1044;1044;35;1009;44.43;3.35
87256;300710;1;Zespół Szkół w Szczytnikach 62-865 Popów 54;1457;279;279;14;265;19.15;5.02;1451;607;607;16;591;41.83;2.64
87257;300710;2;Zespół Szkół w Stawie 62-865 Staw ul.Karola Świerczewskiego 3;1268;248;248;5;243;19.56;2.02;1258;554;554;18;536;44.04;3.25
87258;300710;3;Zespół Szkół w Radliczycach 62-865 Radliczyce 72;1465;260;260;9;251;17.75;3.46;1470;618;618;20;598;42.04;3.24
87259;300710;4;Zespół Szkół w Iwanowicach 62-862 Iwanowice ul. ks. Augustyna Kordeckiego 11;2094;377;377;13;364;18.00;3.45;2091;819;819;24;795;39.17;2.93
87260;300711;1;Zespół Szkół w Żelazkowie 62-817 Żelazków 108;1250;157;157;4;153;12.56;2.55;1265;535;535;37;498;42.29;6.92
87261;300711;2;Zespół Szkół im. Marii Dąbrowskiej w Russowie 62-817 Russów 6;1129;167;167;5;162;14.79;2.99;1120;494;494;23;471;44.11;4.66
87262;300711;3;Szkoła Filialna Szkoły Podstawowej w Russowie z siedzibą w Kokaninie 62-817 Kokanin 67;1233;282;282;6;276;22.87;2.13;1223;656;656;21;635;53.64;3.20
87263;300711;4;Niepubliczna Szkoła Podstawowa w Biernatkach 62-817 Biernatki 18;503;99;99;5;94;19.68;5.05;511;220;220;4;216;43.05;1.82
87264;300711;5;Szkoła Podstawowa w Goliszewie 62-817 Goliszew 17;1004;139;139;3;136;13.84;2.16;990;421;421;12;409;42.53;2.85
87265;300711;6;Sala OSP Pólko 62-817 Pólko 71;1090;221;221;3;218;20.28;1.36;1096;589;589;13;576;53.74;2.21
87266;300711;7;Szkoła Podstawowa im. Armii Krajowej w Skarszewie 62-817 Skarszew 50;782;127;127;6;121;16.24;4.72;770;332;332;14;318;43.12;4.22
87267;300711;8;Szkoła Podstawowa w Dębem 62-817 Dębe 34A;512;57;57;0;57;11.13;0.00;509;197;197;8;189;38.70;4.06
87268;300801;1;Zespół Szkół im. Powstańców Wielkopolskich w Baranowie, Publiczne Przedszkole Samorządowe w Baranowie 63-604 Baranów Rynek 20;1582;455;455;18;437;28.76;3.96;1586;924;924;19;905;58.26;2.06
87269;300801;2;Zespół Szkół w Donaborowie, Szkoła Podstawowa w Donaborowie 63-604 Donaborów 91;807;160;160;11;149;19.83;6.88;819;384;384;23;361;46.89;5.99
87270;300801;3;Szkoła Podstawowa w Grębaninie 63-604 Grębanin 87;640;138;138;7;131;21.56;5.07;665;309;309;18;291;46.47;5.83
87271;300801;4;Gimnazjum im. Jana Pawła II w Mroczeniu 63-604 Mroczeń 140;1257;337;337;14;323;26.81;4.15;1247;654;654;16;638;52.45;2.45
87272;300801;5;Zespół Szkół w Słupi pod Kępnem 63-604 Słupia pod Kępnem ul. Szkolna 5;1120;263;263;11;252;23.48;4.18;1120;503;503;27;476;44.91;5.37
87273;300801;6;Zespół Szkół w Łęce Mroczeńskiej, Szkoła Podstawowa w Łęce Mroczeńskiej 63-604 Łęka Mroczeńska 55a;690;134;134;10;124;19.42;7.46;693;340;340;21;319;49.06;6.18
87274;300802;1;Przedszkole „Kwiaty Polskie” 63-640 Bralin ul.Lipowa 30;1241;334;334;15;319;26.91;4.49;1249;725;725;20;705;58.05;2.76
87275;300802;2;Szkoła Podstawowa im. Mikołaja Kopernika 63-640 Bralin ul.Rynek 1;957;250;250;6;244;26.12;2.40;984;494;494;11;483;50.20;2.23
87276;300802;3;Zespół Szkół im.Ks.Michała Przywary i Rodziny Salomonów 63-640 Nowa Wieś Książęca 32;540;145;145;6;139;26.85;4.14;539;258;258;13;245;47.87;5.04
87277;300802;4;Dom Ludowy 63-640 Chojęcin-Parcele 5;643;136;136;6;130;21.15;4.41;658;317;317;16;301;48.18;5.05
87278;300802;5;Dom Ludowy 63-640 Tabor Wielki 4a;700;167;167;13;154;23.86;7.78;709;355;355;16;339;50.07;4.51
87279;300802;6;Dom Ludowy 63-640 Weronikopole 11a;319;57;57;1;56;17.87;1.75;321;139;139;4;135;43.30;2.88
87280;300802;7;Dom Ludowy 63-640 Mnichowice 42;234;83;83;3;80;35.47;3.61;236;136;136;3;133;57.63;2.21
87281;300803;1;Świetlica Spółdzielni Mieszkaniowej 63-600 Kępno ul.Sienkiewicza 48;2374;719;719;27;692;30.29;3.76;2306;1326;1326;62;1264;57.50;4.68
87282;300803;2;Przedszkole Samorządowe Nr 5 63-600 Kępno Osiedle 700-Lecia 9;2356;730;730;21;709;30.98;2.88;2402;1477;1477;33;1444;61.49;2.23
87283;300803;3;Szkoła Podstawowa Nr 1 63-600 Kępno ul. Sienkiewicza 21;819;255;255;8;247;31.14;3.14;802;392;392;11;381;48.88;2.81
87284;300803;4;Urząd Miasta i Gminy 63-600 Kępno ul. Ratuszowa 1;2022;527;527;17;510;26.06;3.23;2003;999;999;23;976;49.88;2.30
87285;300803;5;Gimnazjum Nr 1 63-600 Kępno ul.Tysiąclecia 1;1763;511;511;11;500;28.98;2.15;1729;1054;1054;34;1020;60.96;3.23
87286;300803;6;Zakład Ubezpieczeń Społecznych - Inspektorat 63-600 Kępno ul.Solidarności 8;1569;368;368;13;355;23.45;3.53;1589;777;778;25;752;48.90;3.22
87287;300803;7;Szkoła Podstawowa 63-600 Krążkowy 29;1933;453;453;23;430;23.44;5.08;1914;1052;1052;24;1028;54.96;2.28
87288;300803;8;Szkoła Podstawowa 63-600 Hanulin ul.Powstańców Wlkp. 1a;1123;247;247;8;239;21.99;3.24;1135;606;606;13;593;53.39;2.15
87289;300803;9;Dom Strażaka 63-600 Rzetnia 85;369;63;63;2;61;17.07;3.17;372;139;139;4;135;37.37;2.88
87290;300803;10;Dom Ludowy 63-600 Szklarka Mielęcka 31;819;162;162;9;153;19.78;5.56;827;411;411;18;393;49.70;4.38
87291;300803;11;Szkoła Podstawowa 63-600 Olszowa 124;863;232;232;7;225;26.88;3.02;858;432;432;17;415;50.35;3.94
87292;300803;12;Szkoła Podstawowa 63-600 Świba 146;838;188;188;9;179;22.43;4.79;830;370;370;31;339;44.58;8.38
87293;300803;13;Szkoła Podstawowa 63-600 Kierzno 21;626;175;175;5;170;27.96;2.86;625;246;246;6;240;39.36;2.44
87294;300803;14;Szkoła Podstawowa 63-600 Myjomice 101;867;351;351;6;345;40.48;1.71;884;470;470;19;451;53.17;4.04
87295;300803;15;Szkoła Podstawowa 63-600 Mikorzyn 75;1291;316;316;1;315;24.48;0.32;1288;613;613;20;593;47.59;3.26
91637;300803;16;Szpital Samodzielnego Publicznego Zakładu Opieki Zdrowotnej w Kępnie 63-600 Kępno ul.Szpitalna 7;82;17;17;0;17;20.73;0.00;74;19;19;3;16;25.68;15.79
91638;300803;17;Dom Pomocy Społecznej 63-600 Rzetnia 87;43;21;21;2;19;48.84;9.52;44;20;20;5;15;45.45;25.00
87296;300804;1;Urząd Gminy 63-645 Łęka Opatowska ul. Akacjowa 4;1548;321;321;11;310;20.74;3.43;1547;673;673;29;644;43.50;4.31
87297;300804;2;Szkoła Podstawowa 63-645 Siemianice ul. Szkolna 2;1030;250;250;20;230;24.27;8.00;1007;455;455;12;443;45.18;2.64
87298;300804;3;Szkoła Podstawowa 63-645 Opatów ul. Poznańska 7;1576;380;380;18;362;24.11;4.74;1600;762;762;22;740;47.62;2.89
87299;300805;1;Zespół Szkół w Perzowie 63-642 Perzów 77A;1349;234;234;11;223;17.35;4.70;1372;709;709;27;682;51.68;3.81
87300;300805;2;Zespół Szkół w Trębaczowie 63-642 Trębaczów 142;712;131;131;1;130;18.40;0.76;704;305;305;17;288;43.32;5.57
87301;300805;3;Zespół Szkół w Trębaczowie, Filia w Miechowie 63-642 Miechów 56;1005;146;146;5;141;14.53;3.42;995;370;370;19;351;37.19;5.14
87302;300806;1;Świetlica Środowiskowa 63-630 Rychtal ul. Ogrodowa 12;1372;310;310;22;288;22.59;7.10;1370;650;650;36;614;47.45;5.54
87303;300806;2;Szkoła Podstawowa 63-630 Wielki Buczek 6B;446;95;95;8;87;21.30;8.42;445;206;206;14;192;46.29;6.80
87304;300806;3;Dom Ludowy 63-630 Drożki 18A;435;75;75;5;70;17.24;6.67;434;167;167;14;153;38.48;8.38
87305;300806;4;Dom Ludowy 63-630 Krzyżowniki 39;919;135;135;5;130;14.69;3.70;907;318;318;13;305;35.06;4.09
87306;300807;1;Dom Ludowy w Trzcinicy 63-620 Trzcinica ul. Jana Pawła II 49;1659;333;333;15;318;20.07;4.50;1657;869;869;26;843;52.44;2.99
87307;300807;2;Dom Ludowy w Laskach 63-620 Laski ul. Kępińska 17;1616;417;417;14;403;25.80;3.36;1605;825;825;49;776;51.40;5.94
87308;300807;3;Dom Ludowy w Wodzicznie 63-620 Wodziczna 87;582;124;124;6;118;21.31;4.84;590;333;333;10;323;56.44;3.00
87309;300901;1;Zespół Szkół Nr 1 62-600 Koło ul. Poniatowskiego 22;1424;317;317;12;305;22.26;3.79;1383;681;681;15;666;49.24;2.20
87310;300901;2;Specjalny Ośrodek Szkolno - Wychowawczy 62-600 Koło ul. Mickiewicza 14;1268;165;165;10;155;13.01;6.06;1265;417;417;19;398;32.96;4.56
87311;300901;3;Szkoła Podstawowa Nr 3 62-600 Koło ul. Toruńska 68;1052;209;209;11;198;19.87;5.26;1014;427;427;20;407;42.11;4.68
87312;300901;4;Szkoła Podstawowa Nr 3 62-600 Koło ul. Toruńska 68;1884;444;444;9;435;23.57;2.03;1801;884;884;16;868;49.08;1.81
87313;300901;5;Szkoła Podstawowa Nr 3 62-600 Koło ul. Toruńska 68;1754;425;425;13;412;24.23;3.06;1705;890;890;11;879;52.20;1.24
87314;300901;6;Gimnazjum Nr 2 62-600 Koło ul. Kolejowa 5;1628;309;309;8;301;18.98;2.59;1572;714;714;20;694;45.42;2.80
87315;300901;7;Gimnazjum Nr 2 62-600 Koło ul. Kolejowa 5;2031;434;434;11;423;21.37;2.53;1972;994;994;18;976;50.41;1.81
87316;300901;8;Państwowa Szkoła Muzyczna 62-600 Koło ul. Sienkiewicza 11;1051;252;252;5;247;23.98;1.98;1030;513;513;13;500;49.81;2.53
87317;300901;9;Miejski Dom Kultury 62-600 Koło ul. Słowackiego 5;1554;429;429;16;413;27.61;3.73;1512;871;871;14;857;57.61;1.61
87318;300901;10;Miejski Ośrodek Sportu i Rekreacji 62-600 Koło ul.Szkolna 2B;1014;267;267;7;260;26.33;2.62;1007;558;558;9;549;55.41;1.61
87319;300901;11;Szkoła Podstawowa Nr 1 62-600 Koło ul. Szkolna 1;1849;451;451;14;437;24.39;3.10;1858;966;966;23;943;51.99;2.38
87320;300901;12;Gimnazjum Nr 1 62-600 Koło ul. Szkolna 1;1963;477;477;18;459;24.30;3.77;1906;960;960;22;938;50.37;2.29
91639;300901;13;Dom Pomocy Społecznej 62-600 Koło Poniatowskiego 21;79;38;38;5;33;48.10;13.16;79;48;48;9;39;60.76;18.75
91640;300901;14;Dom Pomocy Społecznej Dla Dorosłych 62-600 Koło Blizna 55;62;34;34;0;34;54.84;0.00;54;42;42;0;42;77.78;0.00
91641;300901;15;Samodzielny Publiczny Zakład Opieki Zdrowotnej 62-600 Koło Poniatowskiego 25;50;3;3;0;3;6.00;0.00;51;16;16;0;16;31.37;0.00
87321;300902;1;Gminny Ośrodek Kultury i Biblioteka Publiczna 62-620 Babiak ul. Poznańska 2;1809;436;436;19;417;24.10;4.36;1812;882;882;34;848;48.68;3.85
87322;300902;2;Szkoła Podstawowa 62-620 Babiak ul. Poznańska 5;834;91;91;4;87;10.91;4.40;831;285;285;11;274;34.30;3.86
87323;300902;3;Zespół Szkół 62-620 Bogusławice 85;1366;166;166;11;155;12.15;6.63;1349;489;489;32;457;36.25;6.54
87324;300902;4;Zespół Szkół 62-620 Brdów ul. Mickiewicza 8;1711;219;219;13;206;12.80;5.94;1593;644;644;35;609;40.43;5.43
87325;300902;5;Środowiskowy Dom Samopomocy 62-620 Dębno Królewskie 53;759;80;80;5;75;10.54;6.25;880;293;293;15;278;33.30;5.12
87326;300903;1;Świetlica wiejska w Rdutowie 62-652 Rdutów 44;427;69;69;3;66;16.16;4.35;423;161;161;5;156;38.06;3.11
87327;300903;2;Szkoła Podstawowa w Kaleni Małej 62-652 Kaleń Mała 17;930;95;95;6;89;10.22;6.32;920;333;333;17;316;36.20;5.11
87328;300903;3;Świetlica wiejska w Czerwonce 62-652 Czerwonka 2;728;91;91;5;86;12.50;5.49;709;253;253;12;241;35.68;4.74
87329;300903;4;Sala Narad Urzędu Gminy Chodów 62-652 Chodów 18;683;95;95;3;92;13.91;3.16;669;245;245;13;232;36.62;5.31
87330;300904;1;Miejsko-Gminny Ośrodek Kultury 62-660 Dąbie ul. 3 Maja 4;1744;322;322;22;300;18.46;6.83;1701;714;714;37;677;41.98;5.18
87331;300904;2;Szkoła Podstawowa w Karszewie 62-660 Kupinin 1;1081;125;125;9;116;11.56;7.20;1066;346;346;14;332;32.46;4.05
87332;300904;3;Środowiskowy Hufiec Pracy 62-660 Tarnówka Wiesiołowska 3;416;57;57;1;56;13.70;1.75;408;175;175;10;165;42.89;5.71
87333;300904;4;Szkoła Podstawowa 62-660 Chełmno 86;1126;182;182;6;176;16.16;3.30;1121;495;495;21;474;44.16;4.24
87334;300904;5;Strażnica OSP w Chruścinie 62-660 Chruścin 29A;1066;180;180;12;168;16.89;6.67;1048;466;466;24;442;44.47;5.15
87335;300905;1;Świetlica Gminna w Grzegorzewie 62-640 Grzegorzew ul. Kolska 5;1567;320;320;18;302;20.42;5.62;1568;763;763;43;720;48.66;5.64
87336;300905;2;Szkoła Podstawowa 62-640 Barłogi ul. Piaskowa 3;1001;162;162;12;150;16.18;7.41;1017;431;431;16;415;42.38;3.71
87337;300905;3;Niepubliczna Szkoła Podstawowa 62-640 Borysławice Kościelne 37;627;95;95;2;93;15.15;2.11;624;243;243;15;228;38.94;6.17
87338;300905;4;Szkoła Podstawowa 62-640 Bylice-Kolonia 12;606;98;98;5;93;16.17;5.10;606;237;237;17;220;39.11;7.17
87339;300905;5;Szkoła Podstawowa 62-640 Grzegorzew Szkolna 23;738;115;115;5;110;15.58;4.35;743;291;291;14;277;39.17;4.81
87340;300906;1;Przedszkole nr 1 im. Jana Brzechwy w Kłodawie 62-650 Kłodawa ul. Bohaterów Września 1939 r. 4;2154;366;366;10;356;16.99;2.73;2109;991;991;53;938;46.99;5.35
87341;300906;2;Szkoła Podstawowa Nr 2 im. Białych Górników w Kłodawie 62-650 Kłodawa ul. 3 Maja 5;1420;236;236;19;217;16.62;8.05;1397;669;669;31;638;47.89;4.63
87342;300906;3;Zespół Szkół Ponadgimnazjalnych w Kłodawie 62-650 Kłodawa ul. Adama Mickiewicza 5;1506;187;187;8;179;12.42;4.28;1486;651;651;24;627;43.81;3.69
87343;300906;4;Gimnazjum Nr 1 w Kłodawie 62-650 Kłodawa ul. Kościelna 15;1325;237;237;7;230;17.89;2.95;1298;587;587;23;564;45.22;3.92
87344;300906;5;Szkoła Podstawowa i Gimnazjum SPSK w Wólce Czepowej 62-650 Wólka Czepowa 33;955;137;137;4;133;14.35;2.92;949;397;397;22;375;41.83;5.54
87345;300906;6;Budynek po Szkole Podstawowej w Dębinie 62-650 Dębina 40;471;66;66;8;58;14.01;12.12;469;206;206;12;194;43.92;5.83
87346;300906;7;Zespół Szkół w Rysinach-Kolonii 62-650 Rysiny-Kolonia 37;864;79;79;2;77;9.14;2.53;853;326;326;20;306;38.22;6.13
87347;300906;8;Szkoła Podstawowa w Bierzwiennej Długiej 62-650 Bierzwienna Długa 76;652;107;107;2;105;16.41;1.87;657;249;249;13;236;37.90;5.22
87348;300906;9;Świetlica Wiejska w Leszczach 62-650 Leszcze 20;583;70;70;2;68;12.01;2.86;567;194;194;12;182;34.22;6.19
87349;300906;10;Świetlica Wiejska w Pomarzanach Fabrycznych 62-650 Pomarzany Fabryczne;494;55;55;5;50;11.13;9.09;486;180;180;12;168;37.04;6.67
87350;300906;11;Świetlica Wiejska w Krzykosach 62-650 Dąbrówka 83;342;48;48;4;44;14.04;8.33;332;120;120;6;114;36.14;5.00
87351;300907;1;Zespół Szkół w Powierciu 62-600 Powiercie 3;2096;367;367;8;359;17.51;2.18;2135;1043;1043;35;1008;48.85;3.36
87352;300907;2;Szkoła Podstawowa we Wrzącej Wielkiej 62-600 Wrząca Wielka 124;1630;257;257;7;250;15.77;2.72;1649;756;756;27;729;45.85;3.57
87353;300907;3;Szkoła Podstawowa w Kiełczewie Smużnym Pierwszym 62-600 Kiełczew Smużny Pierwszy 42;1018;123;123;8;115;12.08;6.50;1016;421;421;16;405;41.44;3.80
87354;300907;4;Szkoła Podstawowa w Dzierawach 62-600 Dzierawy 45;1241;160;160;7;153;12.89;4.38;1244;517;517;19;498;41.56;3.68
87355;300908;1;Szkoła Podstawowa 62-604 Trzęśniew 24;1221;109;109;11;98;8.93;10.09;1218;415;415;35;380;34.07;8.43
87356;300908;2;Urząd Gminy 62-604 Kościelec ul.Turecka 7/ lokal: 3;1371;252;252;7;245;18.38;2.78;1336;650;650;30;620;48.65;4.62
87357;300908;3;PUNKT PRZEDSZKOLNY KUBUŚ PUCHATEK 62-604 KOŚCIELEC UL. KOŚCIELNA 1;1383;174;174;5;169;12.58;2.87;1385;566;566;30;536;40.87;5.30
87358;300908;4;SZKOŁA PODSTAWOWA 62-604 RUSZKÓW PIERWSZY BRUDZEWSKA 3;1419;186;186;6;180;13.11;3.23;1428;624;624;14;610;43.70;2.24
87359;300909;1;Urząd Gminy w Olszówce 62-641 Olszówka 15;1713;173;173;9;164;10.10;5.20;1700;598;598;22;576;35.18;3.68
87360;300909;2;Świetlica Wiejska w Adaminie 62-641 Adamin 43;1527;209;209;15;194;13.69;7.18;1499;561;561;25;536;37.42;4.46
87361;300909;3;Świetlica Wiejska 62-641 Krzewata 93;563;60;60;2;58;10.66;3.33;549;170;170;7;163;30.97;4.12
87362;300910;1;Zespół Szkół 62-613 Dęby Szlacheckie 54;1858;326;326;14;312;17.55;4.29;1895;799;799;41;758;42.16;5.13
87363;300910;2;Szkoła Podstawowa 62-613 Drzewce 41;1060;119;119;7;112;11.23;5.88;1087;392;392;15;377;36.06;3.83
87364;300910;3;Szkoła Podstawowa 62-600 Osiek Wielki 61;1734;260;260;9;251;14.99;3.46;1747;743;743;20;723;42.53;2.69
87365;300911;1;Miejsko-Gminny Ośrodek Kultury 62-635 Przedecz ul. Zamkowa 5;1454;218;218;9;209;14.99;4.13;1433;586;586;30;556;40.89;5.12
87366;300911;2;Zespół Szkół 62-635 Przedecz ul. Szkolna 5;1072;138;138;15;123;12.87;10.87;1068;392;392;18;374;36.70;4.59
87367;300911;3;Świetlica Ochotniczej Straży Pożarnej 62-635 Dziwie 57;972;96;96;6;90;9.88;6.25;971;281;281;26;255;28.94;9.25
87368;301001;1;Szkoła Podstawowa 62-590 Golina ul. Wolności 20;1807;310;310;8;302;17.16;2.58;1824;794;794;31;763;43.53;3.90
87369;301001;2;Ochotnicza Straż Pożarna 62-590 Golina Plac Kazimierza Wielkiego 2;1827;350;350;36;314;19.16;10.29;1808;816;816;36;780;45.13;4.41
87370;301001;3;Ochotnicza Straż Pożarna 62-590 Węglew 42;1488;274;274;11;263;18.41;4.01;1498;731;731;21;710;48.80;2.87
87371;301001;4;Szkoła Podstawowa w Kawnicach 62-590 Kawnice 50;1376;232;233;10;222;16.86;4.31;1386;589;589;29;560;42.50;4.92
87372;301001;5;Szkoła Podstawowa 62-590 Przyjma 123;1284;147;147;4;143;11.45;2.72;1307;478;478;23;455;36.57;4.81
87373;301001;6;Gimnazjum 62-590 Golina ul.Kopernika 12;1170;135;135;10;125;11.54;7.41;1168;425;425;18;407;36.39;4.24
87374;301001;7;Szkoła Podstawowa 62-590 Radolina 63;617;78;78;1;77;12.64;1.28;615;256;256;6;250;41.63;2.34
87375;301002;1;Zespół Szkół 62-580 Grodziec Plac Ks.Abpa Bronisława Dąbrowskiego 4;1845;295;295;14;281;15.99;4.75;1872;741;741;45;696;39.58;6.07
87376;301002;2;Społeczna Szkoła Podstawowa 62-580 Lipice 13;633;60;60;1;59;9.48;1.67;623;160;160;9;151;25.68;5.62
87377;301002;3;Szkoła Podstawowa 62-580 Królików 82;981;132;132;6;126;13.46;4.55;976;351;351;18;333;35.96;5.13
87378;301002;4;Społeczna Szkoła Podstawowa 62-580 Biskupice 55;692;79;79;4;75;11.42;5.06;680;236;236;16;220;34.71;6.78
87379;301003;1;Szkoła Podstawowa w Dobrosołowie 62-530 Dobrosołowo 42;989;123;123;5;118;12.44;4.07;998;382;382;11;371;38.28;2.88
87380;301003;2;Urząd Gminy w Kazimierzu Biskupim 62-530 Kazimierz Biskupi pl. Wolności 1;1803;281;281;16;265;15.59;5.69;1777;710;710;39;671;39.95;5.49
87381;301003;3;Szkoła Podstawowa w Kazimierzu Biskupim 62-530 Kazimierz Biskupi ul. Węglewska 12;1660;322;322;13;309;19.40;4.04;1685;810;810;46;764;48.07;5.68
87382;301003;4;Przedszkole w Kazimierzu Biskupim 62-530 Kazimierz Biskupi ul. Ogrodowa 3;1580;177;177;6;171;11.20;3.39;1575;575;575;27;548;36.51;4.70
87383;301003;5;Szkoła Podstawowa w Sokółkach 62-530 Sokółki 18;1349;270;270;24;246;20.01;8.89;1382;684;684;17;667;49.49;2.49
87384;301003;6;Pałac w Posadzie 62-530 Posada ul. Tuwima 2;1633;381;381;6;375;23.33;1.57;1678;963;963;27;936;57.39;2.80
87385;301004;1;Gimnazjum im. Noblistów Polskich 62-540 Kleczew ul. Warszawska 31;1741;358;358;26;332;20.56;7.26;1746;856;856;44;812;49.03;5.14
87386;301004;2;Zespół Szkolno-Przedszkolny 62-540 Kleczew ul. Św. Kingi 7;1703;245;245;18;227;14.39;7.35;1687;752;752;45;707;44.58;5.98
87387;301004;3;Budynek wielofunkcyjny 62-540 Kleczew ul. Strażacka 2;1322;138;138;5;133;10.44;3.62;1348;509;509;32;477;37.76;6.29
87388;301004;4;Szkoła Podstawowa im. Juliana Tuwima 62-540 Złotków 48;1036;128;128;11;117;12.36;8.59;1052;451;451;38;413;42.87;8.43
87389;301004;5;Gimnazjum im. Przyrodników Polskich 62-541 Budzisław Kościelny ul. Szkolna 17;1124;166;166;11;155;14.77;6.63;1124;449;449;49;400;39.95;10.91
87390;301004;6;Zespół Szkolno-Przedszkolny 62-541 Budzisław Kościelny ul. Szkolna 17;1063;167;167;12;155;15.71;7.19;1083;485;485;36;449;44.78;7.42
87391;301005;1;Publiczne Gimnazjum 62-511 Kramsk ul. Konińska 20;1089;137;137;6;131;12.58;4.38;1096;487;487;19;468;44.43;3.90
87392;301005;2;Centrum Pracy Twórczej 62-511 Kramsk 4A;1078;147;147;6;141;13.64;4.08;1107;492;492;24;468;44.44;4.88
87393;301005;3;Szkoła Podstawowa 62-511 Bilczew 2;965;151;151;1;150;15.65;0.66;953;362;362;15;347;37.99;4.14
87394;301005;4;Klub Rolnika 62-511 Borki 2a;609;115;115;1;114;18.88;0.87;607;276;276;13;263;45.47;4.71
87395;301005;5;Szkoła Podstawowa 62-511 Patrzyków 2A;658;102;102;5;97;15.50;4.90;672;329;329;20;309;48.96;6.08
87396;301005;6;Remiza Ochotniczej Straży Pożarnej 62-563 Grąblin 103;525;86;86;8;78;16.38;9.30;537;243;243;9;234;45.25;3.70
87397;301005;7;Szkoła Podstawowa 62-563 Helenów Drugi 15;619;75;75;4;71;12.12;5.33;615;229;229;17;212;37.24;7.42
87398;301005;8;Szkoła Podstawowa 62-510 Wola Podłężna Szkolna 4;1651;273;273;13;260;16.54;4.76;1740;789;789;19;770;45.34;2.41
87399;301005;9;Zespół Szkół 62-511 Wysokie 15;1335;197;197;15;182;14.76;7.61;1344;541;542;15;526;40.25;2.77
87400;301006;1;Zespół Szkół w Krzymowie 62-513 Krzymów ul. Główna 1;2286;378;378;18;360;16.54;4.76;2287;956;956;46;910;41.80;4.81
87401;301006;2;Niepubliczna Szkoła Podstawowa w Smólniku 62-513 Smólnik 20A;733;123;123;8;115;16.78;6.50;743;286;286;8;278;38.49;2.80
87402;301006;3;Zespół Szkół w Brzeźnie 62-513 Brzeźno ul. Konińska 12;1716;295;295;8;287;17.19;2.71;1731;866;866;29;837;50.03;3.35
87403;301006;4;Niepubliczna Szkoła Podstawowa w Głodnie 62-513 Głodno 20;323;25;25;0;25;7.74;0.00;323;126;126;4;122;39.01;3.17
87404;301006;5;Szkoła Podstawowa 62-513 Szczepidło 52;929;137;137;4;133;14.75;2.92;961;456;456;19;437;47.45;4.17
87405;301007;1;Szkoła Podstawowa 62-573 Kuchary Kościelne 5;919;144;144;6;138;15.67;4.17;924;411;411;26;385;44.48;6.33
87406;301007;2;Szkoła Podstawowa 62-570 Dąbroszyn 47;781;140;140;3;137;17.93;2.14;768;334;334;14;320;43.49;4.19
87407;301007;3;Gimnazjum 62-570 Rychwał ul. Konińska 46A;2132;450;450;32;418;21.11;7.11;2168;1113;1113;45;1068;51.34;4.04
87408;301007;4;Szkoła Podstawowa 62-570 Jaroszewice Grodzieckie 38;836;102;102;6;96;12.20;5.88;816;301;301;14;287;36.89;4.65
87409;301007;5;Szkoła Podstawowa 62-574 Siąszyce 4;433;80;80;3;77;18.48;3.75;443;197;197;15;182;44.47;7.61
87410;301007;6;Szkoła Podstawowa 62-574 Biała Panieńska 72;555;65;65;9;56;11.71;13.85;551;178;178;13;165;32.30;7.30
87411;301007;7;Szkoła Podstawowa 62-574 Grochowy 2;1013;120;120;5;115;11.85;4.17;997;402;402;21;381;40.32;5.22
87412;301008;1;Zespół Szkolno-Przedszkoly w Rzgowie 62-586 Rzgów ul. Konińska 6;1642;258;258;14;244;15.71;5.43;1635;697;697;31;666;42.63;4.45
87413;301008;2;Zespół Szkół w Sławsku 62-586 Sławsk ul. Okólna 3;1748;296;296;8;288;16.93;2.70;1795;816;816;10;806;45.46;1.23
87414;301008;3;Szkoła Podstawowa 62-586 Grabienice;1056;120;120;4;116;11.36;3.33;1050;390;390;21;369;37.14;5.38
87415;301008;4;Szkoła Podstawowa w Osieczy 62-586 Osiecza Pierwsza;1171;186;186;13;173;15.88;6.99;1181;501;501;22;479;42.42;4.39
87416;301009;1;Remiza OSP 62-560 Łuszczewo;374;49;49;3;46;13.10;6.12;378;128;128;6;122;33.86;4.69
87417;301009;2;Gminny Ośrodek Kultury 62-560 Mielnica Duża 32a;314;17;17;3;14;5.41;17.65;318;102;102;10;92;32.08;9.80
87418;301009;3;Budynek Urzędu Gminy w Skulsku (Klub Seniora) 62-560 Skulsk ul. Targowa 2;1382;233;233;12;221;16.86;5.15;1397;600;600;20;580;42.95;3.33
87419;301009;4;Remiza OSP 62-560 Lisewo;645;62;62;2;60;9.61;3.23;646;234;234;11;223;36.22;4.70
87420;301009;5;Świetlica 62-560 Celinowo 23;330;51;51;0;51;15.45;0.00;340;120;120;7;113;35.29;5.83
87421;301009;6;Szkoła Podstawowa 62-560 Buszkowo 51;348;27;27;1;26;7.76;3.70;343;88;88;8;80;25.66;9.09
87422;301009;7;Świetlica 62-560 Rakowo 37;549;65;65;2;63;11.84;3.08;555;189;189;2;187;34.05;1.06
87423;301009;8;Budynek Gminny 62-560 Zygmuntowo 35;441;29;29;5;24;6.58;17.24;436;92;92;4;88;21.10;4.35
87424;301009;9;Szkoła Podstawowa 62-560 Wandowo 3;529;57;57;6;51;10.78;10.53;530;152;152;9;143;28.68;5.92
87425;301010;1;Miejsko-Gminna Biblioteka Publiczna 62-610 Sompolno ul. Piotrkowska 8;1830;290;290;18;272;15.85;6.21;1827;778;778;36;742;42.58;4.63
87426;301010;2;Przedszkole Miejskie 62-610 Sompolno ul. Kaliska 37;1542;231;231;12;219;14.98;5.19;1533;586;586;19;567;38.23;3.24
87427;301010;3;Zespół Szkolno-Przedszkolny nr 2 62-610 Lubstów ul. Kościelna 1a;1103;131;131;12;119;11.88;9.16;1088;407;407;24;383;37.41;5.90
87428;301010;4;Dom Ludowy 62-610 Lubstówek 55;708;78;78;2;76;11.02;2.56;714;301;301;4;297;42.16;1.33
87429;301010;5;Zespół Szkół nr 3 62-610 Mąkolno ul. Szkolna 31;1705;305;305;16;289;17.89;5.25;1705;735;735;28;707;43.11;3.81
87430;301010;6;Szkoła Podstawowa 62-610 Ośno Górne 2A;1049;106;106;4;102;10.10;3.77;1039;372;372;21;351;35.80;5.65
87431;301010;7;Dom Strażaka 62-610 Racięcice 35;469;56;56;5;51;11.94;8.93;483;186;186;8;178;38.51;4.30
87432;301011;1;Szkoła Podstawowa 62-571 Stare Miasto ul. Szkolna 11;1102;239;239;10;229;21.69;4.18;1125;612;612;26;586;54.40;4.25
87433;301011;2;Gimnazjum Stare Miasto 62-571 Stare Miasto ul. Kasztanowa 1;1148;281;281;4;277;24.48;1.42;1171;643;643;20;623;54.91;3.11
87434;301011;3;Zespół Szkół Żychlin 62-571 Żychlin ul. Parkowa 11;1776;453;453;28;425;25.51;6.18;1783;936;936;32;904;52.50;3.42
87435;301011;4;Klub Wiejski Krągola Pierwsza 62-571 Krągola Pierwsza 12B;704;103;103;8;95;14.63;7.77;736;319;319;17;302;43.34;5.33
87436;301011;5;Zespół Szkół Lisiec Wielki 62-571 Lisiec Wielki ul.Długa 1;1898;298;298;21;277;15.70;7.05;1922;849;849;50;799;44.17;5.89
87437;301011;6;Szkoła Podstawowa Modła Królewska 62-571 Modła Królewska 35;1059;171;171;6;165;16.15;3.51;1067;493;493;10;483;46.20;2.03
87438;301011;7;Szkoła Podstawowa Barczygłów 62-571 Barczygłów 43;512;76;76;10;66;14.84;13.16;511;213;213;23;190;41.68;10.80
87439;301011;8;Szkoła Podstawowa Rumin 62-500 Rumin 45;717;150;150;4;146;20.92;2.67;738;391;391;10;381;52.98;2.56
87440;301012;1;Zespół Szkolno-Przedszkolny w Ślesinie 62-561 Ślesin ul.Żwirki i Wigury 55;1536;326;327;10;316;21.22;3.07;1523;744;744;22;722;48.85;2.96
87441;301012;2;Gimnazjum 62-561 Ślesin ul.Młodzieżowa 1;974;198;198;8;190;20.33;4.04;974;492;492;14;478;50.51;2.85
87442;301012;3;Szkoła Podstawowa 62-561 Ostrowąż 21;674;98;98;6;92;14.54;6.12;668;258;258;10;248;38.62;3.88
87443;301012;4;Ośrodek Szkoleniowo-Wypoczynkowy WITYNG 62-561 Mikorzyn 1A;1595;227;227;8;219;14.23;3.52;1606;718;718;32;686;44.71;4.46
87444;301012;5;Szkoła Podstawowa 62-561 Szyszyńskie Holendry 34;1855;194;194;10;184;10.46;5.15;1889;662;662;22;640;35.04;3.32
87445;301012;6;Budynek po Szkole Podstawowej w Ignacewie 62-561 Ignacewo 19;633;96;96;9;87;15.17;9.38;638;248;248;13;235;38.87;5.24
87446;301012;7;Szkoła Podstawowa 62-561 Piotrkowice 27;1617;144;144;6;138;8.91;4.17;1663;617;617;22;595;37.10;3.57
87447;301012;8;Szkoła Podstawowa 62-561 Wąsosze 73;732;115;115;7;108;15.71;6.09;745;327;327;12;315;43.89;3.67
87448;301012;9;Szkoła Podstawowa 62-563 Stary Licheń ul.Konińska 48;1497;288;288;16;272;19.24;5.56;1543;717;717;26;691;46.47;3.63
91642;301012;10;Dom Pomocy Społecznej w Ślesinie 62-561 Ślesin Kościelna 46;43;9;9;0;9;20.93;0.00;31;6;6;0;6;19.35;0.00
87449;301013;1;Szkoła Podstawowa 62-610 Zakrzewek 7;786;98;98;7;91;12.47;7.14;769;261;261;22;239;33.94;8.43
87450;301013;2;Zespół Gimnazjalno-Szkolny 62-619 Morzyczyn 4;686;79;79;15;64;11.52;18.99;675;238;238;8;230;35.26;3.36
87451;301013;3;Remiza OSP 62-619 Broniszewo 30;843;136;136;13;123;16.13;9.56;860;332;332;20;312;38.60;6.02
87452;301013;4;Szkoła Podstawowa 62-619 Sadlno 5;812;151;151;4;147;18.60;2.65;791;357;357;15;342;45.13;4.20
87453;301013;5;Szkoła Podstawowa 62-619 Tomisławice 2;1087;133;133;12;121;12.24;9.02;1068;401;401;28;373;37.55;6.98
87454;301013;6;Sala Konferencyjna Urzędu Gminy 62-619 Wierzbinek Plac Powstańców Styczniowych 110;832;146;146;12;134;17.55;8.22;844;334;334;17;317;39.57;5.09
87455;301013;7;Szkoła Podstawowa 62-618 Zaryń 19;858;103;103;13;90;12.00;12.62;848;272;272;23;249;32.08;8.46
87456;301014;1;świetlica Szkoły Podstawowej w Wilczynie 62-550 Wilczogóra 8;1014;176;176;9;167;17.36;5.11;1004;391;391;15;376;38.94;3.84
87457;301014;2;sala Gminnego Ośrodka Kultury w Wilczynie 62-550 Wilczyn Rynek 14;1086;219;219;9;210;20.17;4.11;1066;498;498;32;466;46.72;6.43
87458;301014;3;świetlica Gimnazjum w Wilczynie 62-550 Wilczogóra 7;710;110;110;4;106;15.49;3.64;710;276;276;27;249;38.87;9.78
87459;301014;4;sala Ochotniczej Straży Pożarnej w Kopydłowie 62-550 Kopydłowo;780;114;114;10;104;14.62;8.77;756;295;295;33;262;39.02;11.19
87460;301014;5;sala Ochotniczej Straży Pożarnej w Wiśniewie 62-550 Wiśniewa;650;124;124;11;113;19.08;8.87;644;254;254;18;236;39.44;7.09
87461;301014;6;świetlica Szkoły Podstawowej w Bieli 62-550 Biela 4;739;76;76;4;72;10.28;5.26;725;218;218;24;194;30.07;11.01
87462;301101;1;Zespół Szkół nr 4 64-000 Kościan ul. 27 Stycznia 1;1655;451;451;11;440;27.25;2.44;1647;953;953;31;922;57.86;3.25
87463;301101;2;Zespół Szkół nr 4 64-000 Kościan ul. 27 Stycznia 1;1354;295;295;8;287;21.79;2.71;1339;681;681;14;667;50.86;2.06
87464;301101;3;Wieża Ciśnień 64-000 Kościan ul. Czempińska 1;1615;364;364;19;345;22.54;5.22;1623;935;935;24;911;57.61;2.57
87465;301101;4;Urząd Miejski Kościana siedziba Urządu Stanu Cywilnego 64-000 Kościan Rynek 1;994;283;283;14;269;28.47;4.95;989;587;587;17;570;59.35;2.90
87466;301101;5;I Liceum Ogolnokształcące 64-000 Kościan al. Kościuszki 3;1560;349;349;14;335;22.37;4.01;1541;780;780;25;755;50.62;3.21
87467;301101;6;Zespół Szkół nr 1 64-000 Kościan ul. Mickiewicza 12;1658;425;425;15;410;25.63;3.53;1646;939;939;19;920;57.05;2.02
87468;301101;7;Kościański Ośrodek Kultury 64-000 Kościan ul. Mickiewicza 11;1110;310;310;12;298;27.93;3.87;1116;664;664;13;651;59.50;1.96
87469;301101;8;Zespól Szkół nr 3 64-000 Kościan Wyzwolenia 24;2046;555;555;30;525;27.13;5.41;2036;1195;1195;30;1165;58.69;2.51
87470;301101;9;Zespół Szkół Ponadgimnazjalnych 64-000 Kościan ul. Wielichowska 43a;2064;485;485;13;472;23.50;2.68;2056;1148;1148;23;1125;55.84;2.00
87471;301101;10;64-000 Kościan ul. Bernardyńska 2;2269;436;436;21;415;19.22;4.82;2277;1106;1106;59;1047;48.57;5.33
87472;301101;11;Zespół Szkół nr 2 64-000 Kościan Os. Piastowskie 47;973;192;192;20;172;19.73;10.42;940;456;456;24;432;48.51;5.26
87473;301101;12;Zespół Szkół nr 2 64-000 Kościan Os. Piastowskie 47;1896;474;474;10;464;25.00;2.11;1907;974;974;26;948;51.07;2.67
91643;301101;13;Wojewódzki Szpital Neuropsychiatryczny 64-000 Kościan Pl. Paderewskiego 1A;249;104;104;25;79;41.77;24.04;275;142;142;23;119;51.64;16.20
91644;301101;14;Samodzielny Publiczny Zespół Opieki Zdrowotnej 64-000 Kościan Szpitalna 7;133;24;24;2;22;18.05;8.33;133;54;54;0;54;40.60;0.00
87474;301102;1;Szkoła Podstawowa im. Bohaterów Westerplatte 64-020 Czempiń ul. Kolejowa 3;2033;485;485;15;470;23.86;3.09;2038;1095;1095;41;1054;53.73;3.74
87475;301102;2;Budynek Komunalny 64-020 Czempiń ul. Parkowa 2;2169;411;411;8;403;18.95;1.95;2147;1161;1161;42;1119;54.08;3.62
87476;301102;3;Szkoła Podstawowa im. Bohaterów Westerplatte 64-020 Czempiń ul. Kolejowa 3;1591;229;229;14;215;14.39;6.11;1628;623;623;30;593;38.27;4.82
87477;301102;4;Świetlica 64-020 Gorzyczki 12;1685;200;200;28;172;11.87;14.00;1681;599;599;32;567;35.63;5.34
87478;301102;5;Szkoła Podstawowa 64-020 Głuchowo ul. Kościańska 28/30;1526;182;182;15;167;11.93;8.24;1506;570;570;42;528;37.85;7.37
91645;301102;6;Dom Pomocy Społecznej 64-020 Jarogniewice ul. Poznańska 25;61;48;48;8;40;78.69;16.67;55;41;41;5;36;74.55;12.20
87479;301103;1;Szkoła Podstawowa 64-000 Bonikowo ul.Parkowa 3;862;140;140;11;129;16.24;7.86;864;358;358;23;335;41.44;6.42
87480;301103;2;„Dom Ogrodnika” 64-000 Widziszewo ul. Podgórna 2;959;160;160;14;146;16.68;8.75;965;477;477;11;466;49.43;2.31
87481;301103;3;Remiza OSP 64-000 Gryżyna ul.Zielona 6;778;114;114;6;108;14.65;5.26;772;309;309;18;291;40.03;5.83
87482;301103;4;Szkoła Podstawowa 64-000 Kiełczewo ul. Kościańska 2;1226;250;250;14;236;20.39;5.60;1223;655;655;23;632;53.56;3.51
87483;301103;5;Gimnazjum 64-000 Racot ul. Kościańska 9e;1601;250;250;12;238;15.62;4.80;1604;772;772;23;749;48.13;2.98
87484;301103;6;Szkoła Podstawowa 64-000 Stary Lubosz ul. Kościańska 7;1523;217;217;8;209;14.25;3.69;1540;662;662;32;630;42.99;4.83
87485;301103;7;Szkoła Podstawowa 64-000 Turew ul. Szkolna 21;834;117;117;5;112;14.03;4.27;830;365;365;21;344;43.98;5.75
87486;301103;8;Świetlica Wiejska 64-000 Choryń 23;644;108;108;13;95;16.77;12.04;653;276;276;9;267;42.27;3.26
87487;301103;9;Świetlica Wiejska 64-000 Kurza Góra ul. Leśna 31;677;129;129;6;123;19.05;4.65;677;324;324;12;312;47.86;3.70
87488;301103;10;Szkoła Podstawowa 64-000 Kokorzyn ul. Szkolna 1;1559;204;204;19;185;13.09;9.31;1554;633;633;23;610;40.73;3.63
87489;301103;11;Szkoła Podstawowa 64-000 Stare Oborzyska ul. Szkolna 1;1783;335;335;16;319;18.79;4.78;1796;816;816;51;765;45.43;6.25
87490;301104;1;Szkoła Podstawowa 64-010 Bieżyń 111;1074;148;148;18;130;13.78;12.16;1081;430;430;29;401;39.78;6.74
87491;301104;2;Zespół Szkół 64-010 Jerka ul. Szkolna nr 5;2044;284;284;27;257;13.89;9.51;2046;917;917;77;840;44.82;8.40
87492;301104;3;Zespół Szkół Ponadgimnazjalnych 64-010 Krzywiń ul. Generała Chłapowskiego nr 34;2337;418;418;17;401;17.89;4.07;2335;1161;1161;59;1102;49.72;5.08
87493;301104;4;Zespół Szkół i Placówek Oświatowych 64-010 Lubiń ul. Powstańców 23;1521;204;204;13;191;13.41;6.37;1525;634;634;47;587;41.57;7.41
87494;301104;5;Zespół Szkół 64-010 Jerka ul. Szkolna nr 5;926;107;107;5;102;11.56;4.67;913;365;365;14;351;39.98;3.84
87495;301105;1;Szkoła Podstawowa 64-030 Śmigiel ul. Konopnickiej 5;1398;190;190;6;184;13.59;3.16;1414;654;654;22;632;46.25;3.36
87496;301105;2;Szkoła Podstawowa 64-030 Śmigiel ul. Konopnickiej 5;1102;194;194;9;185;17.60;4.64;1081;506;506;14;492;46.81;2.77
87497;301105;3;Centrum Kultury 64-030 Śmigiel ul. Kościuszki 20;1060;170;170;10;160;16.04;5.88;1054;455;455;26;429;43.17;5.71
87498;301105;4;Przedszkole Samorządowe 64-030 Śmigiel ul. Leszczyńska 13;1123;158;158;10;148;14.07;6.33;1139;518;518;36;482;45.48;6.95
87499;301105;5;Świetlica Wiejska 64-030 Nietążkowo ul. Leśna 36;460;77;77;10;67;16.74;12.99;457;190;190;8;182;41.58;4.21
87500;301105;6;Świetlica Wiejska 64-030 Poladowo 27;306;66;66;7;59;21.57;10.61;305;113;113;5;108;37.05;4.42
87501;301105;7;Zespół Szkół w Czaczu 64-030 Czacz ul. Parkowa 2;1253;227;227;14;213;18.12;6.17;1245;553;553;32;521;44.42;5.79
87502;301105;8;Świetlica Wiejska 64-030 Koszanowo ul. Wierzbowa 40;530;107;107;9;98;20.19;8.41;534;250;250;16;234;46.82;6.40
87503;301105;9;Świetlica Wiejska 64-030 Bruszczewo ul. Przysiecka 11;287;52;52;2;50;18.12;3.85;286;125;125;8;117;43.71;6.40
87504;301105;10;Świetlica Wiejska 64-030 Robaczyn 45c;235;63;63;5;58;26.81;7.94;238;112;112;1;111;47.06;0.89
87505;301105;11;Dom Wiejski 64-030 Stare Bojanowo ul. Główna 34a;1397;299;299;29;270;21.40;9.70;1374;697;697;44;653;50.73;6.31
87506;301105;12;Zespół Szkół Samorządowe Gimnazjum i Szkoła Podstawowa 64-030 Stara Przysieka Druga 34;849;81;81;4;77;9.54;4.94;855;328;328;30;298;38.36;9.15
87507;301105;13;Świetlica RSP 64-030 Spławie 42;346;44;44;4;40;12.72;9.09;348;118;118;8;110;33.91;6.78
87508;301105;14;Świetlica Wiejska 64-030 Sierpowo 12;540;60;60;4;56;11.11;6.67;543;213;213;7;206;39.23;3.29
87509;301105;15;Szkoła Podstawowa 64-030 Wonieść 36;901;105;105;6;99;11.65;5.71;890;326;326;15;311;36.63;4.60
87510;301105;16;Świetlica Wiejska 64-030 Żegrówko ul. Śmigielska 18;514;50;50;6;44;9.73;12.00;509;149;149;12;137;29.27;8.05
87511;301105;17;Zespół Szkół Samorządowe Gimnazjum i Szkoła Podstawowa 64-030 Bronikowo ul. Morownicka 26;529;65;65;3;62;12.29;4.62;512;183;183;5;178;35.74;2.73
87512;301105;18;Świetlica Wiejska 64-030 Morownica ul. Leśna 1;457;73;73;3;70;15.97;4.11;447;165;165;10;155;36.91;6.06
87513;301105;19;Świetlica Wiejska 64-030 Brońsko 22a;368;65;65;4;61;17.66;6.15;360;152;152;12;140;42.22;7.89
87514;301105;20;Świetlica Wiejska 64-030 Karśnice 90;315;52;52;4;48;16.51;7.69;309;127;127;7;120;41.10;5.51
87515;301201;1;Zespół Szkół Publicznych w Sulmierzycach 63-750 Sulmierzyce ul. Szkolna 2;2226;377;377;25;352;16.94;6.63;2208;986;986;66;920;44.66;6.69
87516;301202;1;Sala szkolna 63-740 Kobylin Plac Andrzeja Glabera 1;1276;248;248;12;236;19.44;4.84;1304;592;592;18;574;45.40;3.04
87517;301202;2;Zespół Szkoła Podstawowa im. Juliana Tuwima i Przedszkole 63-740 Kobylin ul. 3 Maja 9;1274;234;234;27;207;18.37;11.54;1251;538;538;24;514;43.01;4.46
87518;301202;3;Remiza Ochotniczej Straży Pożarnej 63-740 Kobylin ul. Krobska 19;499;83;83;6;77;16.63;7.23;501;176;176;19;157;35.13;10.80
87519;301202;4;Dom Strażaka 63-740 Smolice 73a;1128;219;219;7;212;19.41;3.20;1121;482;482;20;462;43.00;4.15
87520;301202;5;Szkoła Podstawowa 63-740 Kuklinów 40;595;106;106;6;100;17.82;5.66;593;228;228;14;214;38.45;6.14
87521;301202;6;Dom Strażaka 63-740 Zalesie Wielkie 20;632;163;163;13;150;25.79;7.98;634;266;266;13;253;41.96;4.89
87522;301202;7;Dom Strażaka 63-740 Wyganów 38;640;118;118;12;106;18.44;10.17;641;239;239;15;224;37.29;6.28
87523;301202;8;Świetlica Wiejska 63-740 Łagiewniki 19A;395;64;64;9;55;16.20;14.06;388;141;141;6;135;36.34;4.26
87524;301203;1;Przedszkole Parkowe Skrzaty 63-720 Koźmin Wielkopolski Plac NS NMP 1;2252;473;473;25;448;21.00;5.29;2226;1032;1032;41;991;46.36;3.97
87525;301203;2;Szkoła Podstawowa Nr 3 63-720 Koźmin Wielkopolski ul. Klasztorna 29;2154;394;394;19;375;18.29;4.82;2120;978;978;45;933;46.13;4.60
87526;301203;3;I Liceum Ogólnokształcące 63-720 Koźmin Wielkopolski ul. Borecka 28;1033;192;192;6;186;18.59;3.12;1011;457;457;26;431;45.20;5.69
87527;301203;4;Szkoła Podstawowa 63-720 Mokronos 3;1102;215;215;8;207;19.51;3.72;1109;469;469;32;437;42.29;6.82
87528;301203;5;Szkoła Podstawowa Nr 1 63-720 Koźmin Wielkopolski ul.Glinki 11;1559;251;251;11;240;16.10;4.38;1551;582;582;18;564;37.52;3.09
87529;301203;6;Specjalny Ośrodek Szkolno-Wychowawczy 63-720 Borzęciczki 11;1025;164;164;7;157;16.00;4.27;1020;414;414;12;402;40.59;2.90
87530;301203;7;Dom Strażaka 63-720 Wałków 8;1673;249;249;7;242;14.88;2.81;1670;652;652;26;626;39.04;3.99
91646;301203;8;Szpital Powiatowy 63-720 Koźmin Wielkopolski ul.Czesława Stęszewskiego 9;39;22;22;4;18;56.41;18.18;37;23;23;2;21;62.16;8.70
87531;301204;1;Zespół Szkół nr 1 z Oddziałami Integracyjnymi (świetlica) 63-700 Krotoszyn ul. Władysława Jagiełły 4;1817;357;357;12;345;19.65;3.36;1819;950;950;23;927;52.23;2.42
87532;301204;2;Zespół Szkół nr 1 z Oddziałami Integracyjnymi (sala nr 1) 63-700 Krotoszyn ul. Władysława Jagiełły 4;1562;303;303;7;296;19.40;2.31;1590;828;828;22;806;52.08;2.66
87533;301204;3;Przedszkole nr 7 z Oddziałami Integracyjnymi 63-700 Krotoszyn Osiedle Korczaka;1268;273;273;4;269;21.53;1.47;1269;625;625;13;612;49.25;2.08
87534;301204;4;Szkoła Podstawowa nr 8 63-700 Krotoszyn ul. 23 Stycznia 20;1351;319;319;13;306;23.61;4.08;1309;746;746;21;725;56.99;2.82
87535;301204;5;Gimnazjum nr 4 63-700 Krotoszyn ul. 23 Stycznia 20;1431;364;364;7;357;25.44;1.92;1372;728;728;17;711;53.06;2.34
87536;301204;6;Krotoszyńska Biblioteka Publiczna (sala prelekcyjna) 63-700 Krotoszyn ul. Benicka 9;1192;345;345;15;330;28.94;4.35;1199;650;650;23;627;54.21;3.54
87537;301204;7;Zespół Szkół Ponadgimnazjalnych nr 1 (klub) 63-700 Krotoszyn ul. Mickiewicza 11;1307;290;290;10;280;22.19;3.45;1265;615;615;15;600;48.62;2.44
87538;301204;8;Zespół Szkół Ponadgimnazjalnych nr 1 (stołówka) 63-700 Krotoszyn ul. Mickiewicza 11;1214;262;262;13;249;21.58;4.96;1191;568;568;16;552;47.69;2.82
87539;301204;9;Muzeum Regionalne im. Hieronima Ławniczaka (budynek poklasztorny) 63-700 Krotoszyn Mały Rynek 1;1700;382;382;20;362;22.47;5.24;1678;762;762;26;736;45.41;3.41
87540;301204;10;Krotoszyńska Biblioteka Publiczna (czytelnia) 63-700 Krotoszyn ul. Benicka 9;1146;274;274;13;261;23.91;4.74;1129;565;565;15;550;50.04;2.65
87541;301204;11;Zespół Szkół Nr 3 63-700 Krotoszyn Aleja Powstańców Wlkp. 13;2024;362;362;13;349;17.89;3.59;1965;842;842;50;792;42.85;5.94
87542;301204;12;Zespół Szkół Specjalnych (budynek byłego internatu) 63-700 Krotoszyn ul. Ostrowska 49;1680;357;357;10;347;21.25;2.80;1683;806;806;26;780;47.89;3.23
87543;301204;13;Środowiskowy Dom Samopomocy (była Szkoła Rolnicza) 63-700 Krotoszyn ul. Langiewicza 2;1732;433;433;12;421;25.00;2.77;1711;983;983;27;956;57.45;2.75
87544;301204;14;Liceum Ogólnokształcące 63-700 Krotoszyn ul. Kołłątaja 1;1915;515;515;16;499;26.89;3.11;1929;1028;1028;21;1007;53.29;2.04
87545;301204;15;Zespół Szkół Specjalnych (budynek szkoły) 63-700 Krotoszyn ul. Ostrowska 49;1862;396;396;23;373;21.27;5.81;1875;897;897;19;878;47.84;2.12
87546;301204;16;Zespół Szkół 63-700 Benice ul. Armii Krajowej 9;1095;189;189;5;184;17.26;2.65;1104;409;409;25;384;37.05;6.11
87547;301204;17;Szkoła Podstawowa 63-700 Lutogniew ul. Krotoszyńska 150;1599;349;349;12;337;21.83;3.44;1601;761;761;26;735;47.53;3.42
87548;301204;18;Szkoła Podstawowa 63-714 Kobierno ul. Kobierska 3;2091;358;358;26;332;17.12;7.26;2110;885;885;36;849;41.94;4.07
87549;301204;19;Zespół Szkół 63-714 Orpiszew ul. Szkolna 6;1389;226;226;14;212;16.27;6.19;1400;568;568;16;552;40.57;2.82
87550;301204;20;Szkoła Podstawowa 63-714 Biadki ul. Szkolna 3;1892;361;361;8;353;19.08;2.22;1886;816;816;34;782;43.27;4.17
87551;301204;21;Zespół Szkół 63-750 Chwaliszew ul. Ostrowska 39;761;85;85;2;83;11.17;2.35;770;334;334;19;315;43.38;5.69
91647;301204;22;Szpital Powiatowy im. Marcelego Nenckiego 63-700 Krotoszyn ul. Mickiewicza 21;54;10;10;1;9;18.52;10.00;61;9;9;0;9;14.75;0.00
91648;301204;23;Szpital Powiatowy 63-700 Krotoszyn ul. Bolewskiego 4-8;22;1;1;0;1;4.55;0.00;18;7;7;1;6;38.89;14.29
91649;301204;24;Zakład Opiekuńczo-Leczniczy w Krotoszynie 63-700 Krotoszyn ul. Bolewskiego 14;34;0;0;0;0;0.00;NA;17;4;4;1;3;23.53;25.00
87552;301205;1;Sala Wiejska 63-708 Rozdrażew ul. Rynek 3;1343;306;306;13;293;22.78;4.25;1336;650;650;38;612;48.65;5.85
87553;301205;2;Kółko Rolnicze 63-708 Rozdrażew ul. Rynek 3;1236;238;238;4;234;19.26;1.68;1251;525;525;19;506;41.97;3.62
87554;301205;3;Zespół Szkół Publicznych 63-708 Nowa Wieś 36;1436;206;206;8;198;14.35;3.88;1439;593;593;28;565;41.21;4.72
87555;301206;1;Budynek Kręgielni 63-760 Zduny ul. Sienkiewicza 9;1857;393;393;15;378;21.16;3.82;1847;866;866;45;821;46.89;5.20
87556;301206;2;Zespół Szkół 63-760 Zduny ul. Łacnowa 26;2124;373;373;33;340;17.56;8.85;2153;958;958;41;917;44.50;4.28
87557;301206;3;Szkoła Podstawowa 63-760 Baszków 34;668;120;120;2;118;17.96;1.67;669;259;259;16;243;38.71;6.18
87558;301206;4;Dom Pomocy Społecznej 63-760 Baszków 112A;962;104;104;6;98;10.81;5.77;1003;372;372;11;361;37.09;2.96
91650;301206;5;Dom Pomocy Społecznej 63-760 Baszków 112A;130;56;56;15;41;43.08;26.79;132;68;68;10;58;51.52;14.71
87559;301301;1;Zespół Szkół Szkoła Podstawowa i Gimnazjum 64-120 Nowy Belęcin 30;1036;129;129;8;121;12.45;6.20;1037;416;416;23;393;40.12;5.53
87560;301301;2;Publiczne Przedszkole 64-120 Krzemieniewo ul. Spółdzielcza 48;1907;263;263;19;244;13.79;7.22;1883;820;820;20;800;43.55;2.44
87561;301301;3;Zespół Szkół Szkoła Podstawowa i Gimnazjum 64-122 Pawłowice ul. Leszczyńska 6;1753;274;274;14;260;15.63;5.11;1721;710;710;34;676;41.26;4.79
87562;301301;4;Zespół Szkół Gminy Krzemieniewo Przedszkole i Szkoła Podstawowa 64-120 Garzyn ul. Leszczyńska 50;1222;173;173;15;158;14.16;8.67;1213;510;510;21;489;42.04;4.12
87563;301301;5;Szkoła Podstawowa Filialna 64-120 Oporówko 7a;831;116;116;11;105;13.96;9.48;820;334;334;12;322;40.73;3.59
87564;301302;1;Szkoła Podstawowa 64-111 Górka Duchowna 12;788;117;117;3;114;14.85;2.56;975;392;392;18;374;40.21;4.59
87565;301302;2;Szkoła Podstawowa 64-111 Lipno ul. Powstańców Wielkopolskich 68;1562;306;306;11;295;19.59;3.59;1595;853;853;56;797;53.48;6.57
87566;301302;3;Szkoła Podstawowa 64-115 Wilkowice ul. Szkolna 28;1861;368;368;17;351;19.77;4.62;1954;1003;1003;34;969;51.33;3.39
87567;301302;4;Szkoła Podstawowa 64-111 Goniembice 29;1344;150;150;10;140;11.16;6.67;1169;459;459;17;442;39.26;3.70
87568;301303;1;Miejsko-Gminny Ośrodek Kultury 64-113 Osieczna ul. Plac 600-lecia 6;1947;456;456;18;438;23.42;3.95;1937;992;992;50;942;51.21;5.04
87569;301303;2;Zespół Szkół 64-113 Kąkolewo ul. Krzywińska 14;2005;349;349;22;327;17.41;6.30;2021;894;894;57;837;44.24;6.38
87570;301303;3;Świetlica wiejska 64-113 Grodzisko 1E;905;93;93;3;90;10.28;3.23;923;344;344;46;298;37.27;13.37
87571;301303;4;Schronisko Młodzieżowe 64-113 Osieczna ul. Kopernika 4;765;110;110;10;100;14.38;9.09;751;333;333;35;298;44.34;10.51
87572;301303;5;Zespół Przedszkole i Szkoła Podstawowa 64-113 Świerczyna 43A;1473;165;165;12;153;11.20;7.27;1477;524;524;22;502;35.48;4.20
87573;301304;1;Świetlica wiejska 64-130 Nowa Wieś 28a;321;72;72;5;67;22.43;6.94;324;150;150;13;137;46.30;8.67
87574;301304;2;Świetlica wiejska 64-130 Dąbcze 31;1080;212;212;12;200;19.63;5.66;1128;538;538;16;522;47.70;2.97
87575;301304;3;Hala sportowa Rydzyna 64-130 Rydzyna ul.Jana Kazimierza 1;1325;338;338;12;326;25.51;3.55;1384;800;800;22;778;57.80;2.75
87576;301304;4;Rydzyński Ośrodek Kultury Rydzyna 64-130 Rydzyna ul.Rynek 7;915;230;230;14;216;25.14;6.09;895;487;487;30;457;54.41;6.16
87577;301304;5;Szkoła Podstawowa w Kaczkowie z siedzibą w Rojęczynie 64-130 Rojęczyn 17;739;92;92;5;87;12.45;5.43;725;262;262;33;229;36.14;12.60
87578;301304;6;Przedszkole 64-130 Jabłonna 36a;290;39;39;5;34;13.45;12.82;296;92;92;22;70;31.08;23.91
87579;301304;7;Świetlica wiejska 64-130 Tarnowa Łąka 75;256;17;17;0;17;6.64;0.00;262;84;84;7;77;32.06;8.33
87580;301304;8;Świetlica wiejska 64-130 Przybiń 4;504;57;57;6;51;11.31;10.53;499;195;195;9;186;39.08;4.62
87581;301304;9;Świetlica wiejska 64-130 Kłoda 52a;894;159;159;9;150;17.79;5.66;921;403;403;12;391;43.76;2.98
87582;301304;10;Świetlica wiejska 64-130 Moraczewo 59;434;62;62;4;58;14.29;6.45;437;211;211;11;200;48.28;5.21
91651;301304;11;NZOZ Zakład-Pielęgnacyjno-Opiekuńczy „Niezapominajka” Dąbcze 64-130 Dąbcze 25;40;19;19;0;19;47.50;0.00;39;15;15;1;14;38.46;6.67
87583;301305;1;Zespół Szkół 64-115 Święciechowa ul. Szkolna 15;2215;420;420;17;403;18.96;4.05;2209;1166;1166;55;1111;52.78;4.72
87584;301305;2;Sala Wiejska 64-115 Święciechowa ul. Strzelecka 7;1656;201;201;8;193;12.14;3.98;1692;604;604;27;577;35.70;4.47
87585;301305;3;Zespół Szkół 64-100 Lasocice ul. Szkolna 13;1034;148;148;5;143;14.31;3.38;1050;460;460;15;445;43.81;3.26
87586;301305;4;Zespół Szkół 64-100 Długie Stare ul. Leszczyńska 1;1030;131;131;7;124;12.72;5.34;1036;424;424;17;407;40.93;4.01
87587;301306;1;Zespół Szkół im. Powstańców Wielkopolskich 64-150 Brenno ul. Kościelna 1;1283;244;244;9;235;19.02;3.69;1323;533;533;27;506;40.29;5.07
87588;301306;2;Szkoła Podstawowa 64-150 Wijewo ul. Powstańców Wielkopolskich 12;1514;232;232;24;208;15.32;10.34;1543;663;663;39;624;42.97;5.88
87589;301307;1;Sala masońska 64-140 Włoszakowice ul. Kurpińskiego 29;1421;260;260;8;252;18.30;3.08;1455;734;734;36;698;50.45;4.90
87590;301307;2;Zespół Szkół 64-140 Dłużyna 42;1386;209;209;11;198;15.08;5.26;1393;542;542;29;513;38.91;5.35
87591;301307;3;Zespół Szkół 64-117 Jezierzyce Kościelne 90a;678;106;106;9;97;15.63;8.49;681;258;258;11;247;37.89;4.26
87592;301307;4;Zespół Szkół 64-140 Bukówiec Górny ul.Powstańców Wlkp. 114;1251;229;229;15;214;18.31;6.55;1247;615;615;34;581;49.32;5.53
87593;301307;5;Zespół Szkół 64-117 Krzycko Wielkie ul.Szkolna 6;1183;187;187;15;172;15.81;8.02;1206;524;524;20;504;43.45;3.82
87594;301307;6;Sala widowiskowa 64-140 Włoszakowice ul. Kurpińskiego 29;1192;260;260;11;249;21.81;4.23;1189;631;631;16;615;53.07;2.54
87595;301401;1;Sala widowiskowa przy Gminnej Bibliotece Publicznej 64 - 412 Chrzypsko Wielkie ul. Główna 22;1335;222;222;8;214;16.63;3.60;1323;592;592;27;565;44.75;4.56
87596;301401;2;Środowiskowy Dom Samopomocy 64 - 412 Chrzypsko Wielkie ul. Główna 16;1206;143;143;7;136;11.86;4.90;1227;402;402;24;378;32.76;5.97
91652;301401;3;Dom Pomocy Społecznej 64-412 Łężeczki 40;113;42;42;6;36;37.17;14.29;106;76;76;17;59;71.70;22.37
87597;301402;1;Sala sportowa przy Zespole Szkół w Kwilczu, wejście A 64-420 Kwilcz ul. Kardynała Stefana Wyszyńskiego 20;2201;419;419;31;388;19.04;7.40;2001;920;920;49;871;45.98;5.33
87598;301402;2;Sala sportowa przy Zespole Szkół w Kwilczu, wejście B 64-420 Kwilcz ul. Kardynała Stefana Wyszyńskiego 20;1068;153;153;11;142;14.33;7.19;1287;508;508;36;472;39.47;7.09
87599;301402;3;Sala sportowa przy Szkole Podstawowej w Luboszu 64-423 Lubosz ul. Powstańców Wielkopolskich 1;1600;199;199;23;176;12.44;11.56;1650;616;616;42;574;37.33;6.82
87600;301403;1;Hala Widowiskowo-Sportowa 64-400 Międzychód ul. Dworcowa 22;1823;276;276;9;267;15.14;3.26;1859;842;842;27;815;45.29;3.21
87601;301403;2;Szkoła Podstawowa Nr 2 64-400 Międzychód ul. Gorzycka 1;1951;394;394;13;381;20.19;3.30;1911;926;926;35;891;48.46;3.78
87602;301403;3;Urząd Miasta i Gminy 64-400 Międzychód ul. Marszałka Piłsudskiego 2;1936;405;405;16;389;20.92;3.95;1932;991;991;42;949;51.29;4.24
87603;301403;4;Muzeum Regionalne 64-400 Międzychód ul. 17 Stycznia 100;1821;286;286;34;252;15.71;11.89;1753;730;730;30;700;41.64;4.11
87604;301403;5;Zespół Szkół Nr 2 64-400 Międzychód ul. Bolesława Chrobrego 13;871;192;192;9;183;22.04;4.69;842;428;428;17;411;50.83;3.97
87605;301403;6;Zespół Szkół Nr 1 64-400 Międzychód ul. Gwardii Ludowej 6;1029;198;198;13;185;19.24;6.57;1022;486;486;12;474;47.55;2.47
87606;301403;7;Filia Biblioteki Publicznej w Międzychodzie 64-400 Bielsko ul. Armii Poznań 22a;1940;303;303;19;284;15.62;6.27;1963;873;873;48;825;44.47;5.50
87607;301403;8;Dom Kultury Kamionna 64-421 Kamionna Poznańska 15;1004;154;154;9;145;15.34;5.84;994;400;400;8;392;40.24;2.00
87608;301403;9;Zespół Szkół 64-426 Łowyń ul. Szkolna 1;1142;176;176;13;163;15.41;7.39;1137;487;487;20;467;42.83;4.11
87609;301403;10;Świetlica wiejska 64-400 Radgoszcz 90;1117;182;182;8;174;16.29;4.40;1116;458;458;9;449;41.04;1.97
91653;301403;11;Dom Pomocy Społecznej 64-400 Zamyślin 2a;40;20;20;5;15;50.00;25.00;53;28;28;6;22;52.83;21.43
91654;301403;12;SP ZOZ 64-400 Międzychód Szpitalna 10;34;8;8;1;7;23.53;12.50;42;21;21;0;21;50.00;0.00
87610;301404;1;Sierakowski Ośrodek Kultury 64-410 Sieraków ul. Poznańska 25;1910;288;288;11;277;15.08;3.82;1898;821;821;26;795;43.26;3.17
87611;301404;2;Szkoła Podstawowa 64-410 Sieraków ul. Poznańska 25;1980;350;350;17;333;17.68;4.86;1968;861;861;39;822;43.75;4.53
87612;301404;3;kompleks sportowy „Orlik” - sala gimnastyczna 64-410 Sieraków ul. Wroniecka 25;2172;349;349;15;334;16.07;4.30;2192;907;907;62;845;41.38;6.84
87613;301404;4;Szkoła Podstawowa w Lutomiu 64-410 Lutom 38;906;107;107;3;104;11.81;2.80;912;397;397;16;381;43.53;4.03
87614;301501;1;Gminny Ośrodek Kultury 64-316 Kuślin ul. Leśna 13;1673;287;287;15;272;17.15;5.23;1678;748;748;37;711;44.58;4.95
87615;301501;2;Szkoła Podstawowa 64-316 Michorzewo ul. Szkolna 2;1666;231;231;17;214;13.87;7.36;1652;584;584;29;555;35.35;4.97
87616;301501;3;Gimnazjum Publiczne 64-316 Wąsowo ul. Szkolna 2;937;162;162;17;145;17.29;10.49;946;432;432;32;400;45.67;7.41
87617;301502;1;Szkoła Podstawowa im. E. Sczanieckiej w Lwówku 64-310 Lwówek Szkolna 4;991;217;217;11;206;21.90;5.07;965;472;472;23;449;48.91;4.87
87618;301502;2;Szkoła Podstawowa im. E. Sczanieckiej w Lwówku 64-310 Lwówek ul. Szkolna 4;1407;347;347;23;324;24.66;6.63;1400;737;737;18;719;52.64;2.44
87619;301502;3;Miejsko-Gminny Ośrodek Kultury w Lwówku 64-310 Lwówek Al. E. Sczanieckiej 56;1196;115;115;6;109;9.62;5.22;1188;410;410;17;393;34.51;4.15
87620;301502;4;Szkoła Podstawowa im. Powstańców Wlkp. w Posadowie 64-310 Posadowo 30;823;71;71;6;65;8.63;8.45;826;252;252;6;246;30.51;2.38
87621;301502;5;Szkoła Podstawowa w ZSiP im. Jana Pawła II w Brodach 64-310 Brody 1;1598;292;292;11;281;18.27;3.77;1604;608;608;32;576;37.91;5.26
87622;301502;6;Szkoła Podstawowa w ZSPiP im. K. Makuszyńskiego w Zębowie 64-310 Zębowo ul. Długa 1;1136;126;126;7;119;11.09;5.56;1153;391;391;19;372;33.91;4.86
87623;301503;1;Sala wiejska w Bolewicach 64-305 Bolewice ul. Świebodzińska 8;1823;339;339;43;296;18.60;12.68;1821;876;876;24;852;48.11;2.74
87624;301503;2;Szkoła Podstawowa w Miedzichowie 64-361 Miedzichowo ul. Szkolna 6;1164;195;195;9;186;16.75;4.62;1162;456;456;13;443;39.24;2.85
87625;301504;1;Szkoła Podstawowa Nr 2 64-300 Nowy Tomyśl ul. 3 Stycznia 12;1736;413;413;11;402;23.79;2.66;0;0;0;0;0;NA;NA
87626;301504;2;Nowotomyski Ośrodek Kultury 64-300 Nowy Tomyśl ul. Tysiąclecia 3;1184;253;253;16;237;21.37;6.32;1148;566;566;35;531;49.30;6.18
87627;301504;3;Szkoła Podstawowa Nr 1 64-300 Nowy Tomyśl ul. Wierzbowa 1;1888;512;512;15;497;27.12;2.93;1871;1081;1081;31;1050;57.78;2.87
87628;301504;4;Przedszkole Nr 5 64-300 Nowy Tomyśl ul. Nowa 23;2046;522;522;22;500;25.51;4.21;2024;1080;1080;31;1049;53.36;2.87
87629;301504;5;Przedszkole Nr 2 64-300 Nowy Tomyśl Osiedle Stefana Batorego 19;1205;379;379;14;365;31.45;3.69;1163;659;659;10;649;56.66;1.52
87630;301504;6;Żłobek 64-300 Nowy Tomyśl Osiedle Stefana Batorego 18;1214;299;299;23;276;24.63;7.69;1176;692;692;24;668;58.84;3.47
87631;301504;7;Przedszkole Nr 4 64-300 Nowy Tomyśl Osiedle Północ 8;1713;422;422;26;396;24.64;6.16;1656;953;953;25;928;57.55;2.62
87632;301504;8;Gimnazjum 64-300 Nowy Tomyśl Osiedle Północ 25;928;191;191;5;186;20.58;2.62;917;473;473;12;461;51.58;2.54
87633;301504;9;Wiejski Dom Kultury 64-300 Boruja Kościelna ul. Wolsztyńska 1;1596;233;233;13;220;14.60;5.58;1655;682;682;21;661;41.21;3.08
87634;301504;10;Wiejski Dom Kultury 64-300 Bukowiec ul. Sątopska 3;808;141;141;12;129;17.45;8.51;813;428;428;17;411;52.64;3.97
87635;301504;11;Przedszkole Nr 3 64-300 Nowy Tomyśl ul. 3 Stycznia 70;1214;203;203;4;199;16.72;1.97;1273;625;625;21;604;49.10;3.36
87636;301504;12;Strażnica OSP 64-300 Jastrzębsko Stare ul. Nowotomyska 25;908;187;187;9;178;20.59;4.81;920;414;414;19;395;45.00;4.59
87637;301504;13;Świetlica Wiejska 64-300 Paproć Paproć 165;830;144;144;0;144;17.35;0.00;874;406;406;8;398;46.45;1.97
87638;301504;14;Przedszkole 64-300 Stary Tomyśl ul. Powstańców Wielkopolskich 25;1152;241;241;10;231;20.92;4.15;1165;607;607;10;597;52.10;1.65
87639;301504;15;Szkoła Podstawowa 64-300 Wytomyśl ul. Szkolna 18;804;148;148;5;143;18.41;3.38;798;328;328;9;319;41.10;2.74
87640;301504;16;Szkoła Podstawowa 64-300 Sątopy ul. Szkolna 3;796;77;77;4;73;9.67;5.19;827;320;320;11;309;38.69;3.44
91655;301504;17;Nowy Tomyśl 64-300 Nowy Tomyśl H. Sienkiewicza 3;94;6;6;0;6;6.38;0.00;94;27;27;0;27;28.72;0.00
87641;301505;1;Szkoła Podstawowa im. A. i W.Niegolewskich 64-330 Opalenica ul. Poznańska 37;1670;406;406;25;381;24.31;6.16;1671;930;930;43;887;55.66;4.62
87642;301505;2;Miejsko-Gminny Ośrodek Kultury 64-330 Opalenica Osiedle Centrum 11;1619;390;390;15;375;24.09;3.85;1616;890;890;32;858;55.07;3.60
87643;301505;3;Miejsko-Gminny Ośrodek Kultury 64-330 Opalenica Osiedle Centrum 11;847;231;231;24;207;27.27;10.39;817;482;482;23;459;59.00;4.77
87644;301505;4;Zespół Szkół 64-330 Opalenica ul. Gimnazjalna 1;1777;452;452;26;426;25.44;5.75;1777;1021;1021;33;988;57.46;3.23
87645;301505;5;Gimnazjum im. gen. K. Sosnkowskiego 64-330 Opalenica ul. Farna 5;1683;366;366;27;339;21.75;7.38;1669;842;842;34;808;50.45;4.04
87646;301505;6;Szkoła Podstawowa im. B. Chrzanowskiego 64-330 Wojnowice ul. Poznańska 47;850;135;135;6;129;15.88;4.44;848;346;346;18;328;40.80;5.20
87647;301505;7;Szkoła Podstawowa 64-330 Dakowy Mokre ul. Szkolna 8;921;119;119;2;117;12.92;1.68;922;342;342;13;329;37.09;3.80
87648;301505;8;Wielkopolski Ośrodek Doradztwa Rolniczego 64-330 Sielinko ul. Parkowa 2;1585;262;262;13;249;16.53;4.96;1597;694;694;37;657;43.46;5.33
87649;301505;9;Świetlica Wiejska 64-330 Jastrzębniki 36;791;155;155;12;143;19.60;7.74;800;339;339;23;316;42.38;6.78
87650;301505;10;Wiejski Dom Kultury 64-330 Rudniki 84;990;162;162;4;158;16.36;2.47;998;417;417;24;393;41.78;5.76
87651;301506;1;Gimnazjum 64-360 Zbąszyń ul. Mostowa 10;1804;374;374;12;362;20.73;3.21;1819;1069;1069;24;1045;58.77;2.25
87652;301506;2;Zespół Szkolno - Przedszkolny 64-360 Zbąszyń ul. Mostowa 10;1268;144;144;13;131;11.36;9.03;1247;493;493;10;483;39.53;2.03
87653;301506;3;Zespół Szkół Nr 1 im. S. Garczyńskiego w Zbąszyniu 64-360 Zbąszyń ul. Powstańcow Wielkopolskich 43;811;183;183;9;174;22.56;4.92;815;476;476;5;471;58.40;1.05
87654;301506;4;Muzeum Ziemi Zbąszyńskiej i Regionu Kozła 64-360 Zbąszyń ul. Rynek 8;1526;385;385;16;369;25.23;4.16;1480;840;840;48;792;56.76;5.71
87655;301506;5;Zespół Szkół Nr 2 64-360 Zbąszyń ul. 17 Stycznia 27;1443;283;283;18;265;19.61;6.36;1408;771;771;23;748;54.76;2.98
87656;301506;6;Zespół Szkolno - Przedszkolny 64-360 Chrośnica Chrośnica 54;746;115;115;5;110;15.42;4.35;762;319;319;12;307;41.86;3.76
87657;301506;7;Szkoła Podstawowa im. Powstańców Wlkp. 64-360 Łomnica 40;621;103;103;13;90;16.59;12.62;623;291;291;24;267;46.71;8.25
87658;301506;8;Sala Wiejska 64-360 Stefanowo 56;449;70;70;6;64;15.59;8.57;446;191;191;11;180;42.83;5.76
87659;301506;9;Zespół Szkolno - Przedszkolny 64-360 Przyprostynia Prandoty 76;705;134;134;7;127;19.01;5.22;717;381;381;13;368;53.14;3.41
87660;301506;10;Szkoła Podstawowa 64-360 Perzyny 19;709;75;75;1;74;10.58;1.33;711;279;279;7;272;39.24;2.51
87661;301506;11;Zespół Szkolno - Przedszkolny 64-360 Nądnia 90;634;130;130;6;124;20.50;4.62;630;325;325;11;314;51.59;3.38
87662;301601;1;Sala kameralna Obornickiego Ośrodka Kultury 64-600 Oborniki ul. Armii Poznań 18;1270;366;366;20;346;28.82;5.46;1275;748;748;14;734;58.67;1.87
87663;301601;2;PGKiM w Obornikach 64-600 Oborniki ul. Lipowa 19;1154;290;291;11;279;25.13;3.79;1133;561;561;13;548;49.51;2.32
87664;301601;3;Szkoła Podstawowa Nr 2 w Obornikach 64-600 Oborniki ul. Szkolna 7;1201;202;202;17;185;16.82;8.42;1193;451;451;21;430;37.80;4.66
87665;301601;4;Biblioteka Publiczna Miasta i Gminy Oborniki 64-600 Oborniki ul. Mikołaja Kopernika 10;1324;383;383;11;372;28.93;2.87;1297;715;715;26;689;55.13;3.64
87666;301601;5;Przedszkole Nr 2 w Obornikach 64-600 Oborniki ul. Młyńska 2b;1274;333;333;22;311;26.14;6.61;1255;631;631;19;612;50.28;3.01
87667;301601;6;Przedszkole Nr 4 w Obornikach 64-600 Oborniki ul. Stanisława Staszica 23;1187;302;302;13;289;25.44;4.30;1186;600;600;14;586;50.59;2.33
87668;301601;7;Szkoła Podstawowa Nr 3 w Obornikach 64-600 Oborniki ul. Czarnkowska 57;1234;274;274;8;266;22.20;2.92;1241;662;662;13;649;53.34;1.96
87669;301601;8;Szkoła Podstawowa Nr 3 w Obornikach 64-600 Oborniki ul.Czarnkowska 57;1293;220;220;10;210;17.01;4.55;1290;682;682;13;669;52.87;1.91
87670;301601;9;Przedszkole Nr 1 w Obornikach 64-600 Oborniki ul.Droga Leśna 29;1261;256;256;10;246;20.30;3.91;1248;651;651;9;642;52.16;1.38
87671;301601;10;Przedszkole Nr 1 w Obornikach 64-600 Oborniki Droga Leśna 29;1369;322;322;11;311;23.52;3.42;1344;739;739;20;719;54.99;2.71
87672;301601;11;Zespół Szkół w Obornikach 64-600 Oborniki Obrzycka 88;1313;340;340;11;329;25.89;3.24;1280;715;715;20;695;55.86;2.80
87673;301601;12;Zespół Szkół w Obornikach 64-600 Oborniki ul. Obrzycka 88;1298;262;262;2;260;20.18;0.76;1322;669;669;18;651;50.61;2.69
87674;301601;13;Świetlica wiejska Uścikowo 64-600 Uścikowo 10c;1211;223;223;11;212;18.41;4.93;1235;584;584;10;574;47.29;1.71
87675;301601;14;Zespół Szkół w Kiszewie 64-607 Kiszewo 51;1157;206;206;6;200;17.80;2.91;1164;516;516;22;494;44.33;4.26
87676;301601;15;Świetlica wiejska w Popówku 64-606 Popówko bez numeru;1078;145;145;5;140;13.45;3.45;1081;384;384;7;377;35.52;1.82
87677;301601;16;Świetlica wiejska w Kowanówku 64-600 Kowanówko ul. Tarninowa 23;1139;280;280;10;270;24.58;3.57;1163;647;647;23;624;55.63;3.55
87678;301601;17;Zespół Szkół w Rożnowie 64-600 Rożnowo ul. Dworcowa 42;1319;292;292;10;282;22.14;3.42;1324;648;648;25;623;48.94;3.86
87679;301601;18;Świetlica wiejska w Łukowie 64-600 Łukowo 38;1114;137;137;5;132;12.30;3.65;1137;389;389;8;381;34.21;2.06
87680;301601;19;Świetlica wiejska Bogdanowo 64-600 Bogdanowo 29;1135;223;223;15;208;19.65;6.73;1229;685;685;23;662;55.74;3.36
87681;301601;20;Świetlica wiejska w Świerkówkach 64-605 Świerkówki bez numeru;1265;187;187;8;179;14.78;4.28;1290;518;518;17;501;40.16;3.28
87682;301601;21;Szkoła Podstawowa w Objezierzu 64-600 Objezierze 8;1298;171;171;11;160;13.17;6.43;1282;452;452;13;439;35.26;2.88
91656;301601;22;Szpital Rehabilitacyjno-Kardiologiczny w Kowanówku 64-600 Kowanówko Sanatoryjna 34;152;53;53;9;44;34.87;16.98;160;94;94;3;91;58.75;3.19
91657;301601;23;Samodzielny Publiczny Zakład Opieki Zdrowotnej w Obornikach 64-600 Oborniki Szpitalna 2;55;11;11;1;10;20.00;9.09;66;35;35;1;34;53.03;2.86
87683;301602;1;RODZINNY OGRÓD DZIAŁKOWY im.J.Słowackiego (świetlica - ul.Działkowa) 64-610 Rogoźno ul. Działkowa 20;1440;329;332;20;309;22.85;6.08;1433;712;712;32;680;49.69;4.49
87684;301602;2;GIMNAZJUM NR 1 64-610 Rogoźno ul. Kościuszki 28;804;158;158;10;148;19.65;6.33;802;357;357;12;345;44.51;3.36
87685;301602;3;OŚRODEK KULTURY 64-610 Rogoźno II Armii Wojska Polskiego 4;1017;269;269;19;250;26.45;7.06;1024;599;599;15;584;58.50;2.50
87686;301602;4;SZKOŁA PODSTAWOWA NR 3 64-610 Rogoźno ul. Seminarialna 16;1935;445;445;25;420;23.00;5.62;1895;980;980;25;955;51.72;2.55
87687;301602;5;Sala gimnastyczna ZS Agrobiznes 64-610 Rogoźno ul. Kościuszki 41;871;190;190;14;176;21.81;7.37;852;395;395;6;389;46.36;1.52
87688;301602;6;SZKOŁA PODSTAWOWA NR 2 64-610 Rogoźno ul. Wielka Poznańska 36;2054;402;402;22;380;19.57;5.47;1975;930;930;49;881;47.09;5.27
87689;301602;7;DOM KATECHETYCZNY im. Św. JANA BOSKO 64-610 Pruśce ul. Kościelna 10;1337;224;224;21;203;16.75;9.38;1352;506;506;38;468;37.43;7.51
87690;301602;8;SZKOŁA PODSTAWOWA 64-610 Pruśce 30;638;108;108;4;104;16.93;3.70;638;242;242;13;229;37.93;5.37
87691;301602;9;ŚWIETLICA WIEJSKA 64-608 Studzieniec 25;963;144;144;7;137;14.95;4.86;980;346;346;22;324;35.31;6.36
87692;301602;10;ZESPÓŁ SZKÓŁ 64-608 Parkowo 6;1098;195;195;13;182;17.76;6.67;1111;479;479;16;463;43.11;3.34
87693;301602;11;ŚWIETLICA WIEJSKA 64-610 Grudna 25;546;111;111;6;105;20.33;5.41;551;239;239;11;228;43.38;4.60
87694;301602;12;ZESPÓŁ SZKÓŁ 64-610 Tarnowo 21;298;51;51;4;47;17.11;7.84;297;115;115;6;109;38.72;5.22
87695;301602;13;ZESPÓŁ SZKÓŁ 64-610 Gościejewo 14;779;105;105;11;94;13.48;10.48;795;277;277;19;258;34.84;6.86
87696;301603;1;Gminny Ośrodek Kultury 64-630 Ryczywół ul. Nowa 1;1945;456;456;29;427;23.44;6.36;1930;957;957;30;927;49.59;3.13
87697;301603;2;Przedszkole Publiczne 64-630 Ryczywół Os. Przyjaźni 5;1060;150;150;4;146;14.15;2.67;1069;360;360;26;334;33.68;7.22
87698;301603;3;Zespół Szkół 64-603 Ludomy;842;133;133;7;126;15.80;5.26;837;320;320;19;301;38.23;5.94
87699;301603;4;Świetlica wiejska 64-630 Radom;258;30;30;2;28;11.63;6.67;264;76;76;2;74;28.79;2.63
87700;301603;5;Świetlica wiejska 64-630 Gorzewo;522;78;78;6;72;14.94;7.69;516;178;178;10;168;34.50;5.62
87701;301603;6;Świetlica wiejska 64-603 Lipa;704;76;76;11;65;10.80;14.47;724;214;214;13;201;29.56;6.07
87702;301603;7;Warsztaty Terapii Zajęciowej 64-630 Wiardunki;319;83;83;1;82;26.02;1.20;317;161;161;7;154;50.79;4.35
87703;301701;1;Świetlica Powiatowej Stacji Sanitarno-Epidemiologicznej 63-400 Ostrów Wielkopolski Plac Stefana Rowińskiego 3;1437;305;305;12;293;21.22;3.93;1403;656;656;18;638;46.76;2.74
87704;301701;2;II Liceum Ogólnokształcące 63-400 Ostrów Wielkopolski ul. Wrocławska 48;1094;181;181;11;170;16.54;6.08;1045;379;379;10;369;36.27;2.64
87705;301701;3;Szkoła Podstawowa Nr 4 63-400 Ostrów Wielkopolski ul. Królowej Jadwigi 3;1427;456;456;24;432;31.96;5.26;1387;806;806;23;783;58.11;2.85
87706;301701;4;Szkoła Podstawowa Nr 1 63-400 Ostrów Wielkopolski ul. Partyzancka 15;1120;178;178;4;174;15.89;2.25;1093;452;452;21;431;41.35;4.65
87707;301701;5;Powiatowy Urząd Pracy 63-400 Ostrów Wielkopolski ul. Wolności 29A;1322;305;305;12;293;23.07;3.93;1306;577;577;13;564;44.18;2.25
87708;301701;6;Zespół Szkół Ogólnokształcących 63-400 Ostrów Wielkopolski ul. Wojska Polskiego 17;1295;224;224;11;213;17.30;4.91;1271;525;525;21;504;41.31;4.00
87709;301701;7;Zespół Szkół Sióstr Salezjanek 63-400 Ostrów Wielkopolski Aleja Słowackiego 33a;1493;407;407;13;394;27.26;3.19;1454;836;836;13;823;57.50;1.56
87710;301701;8;Niepubliczne Przedszkole „NASZ DOMEK” 63-400 Ostrów Wielkopolski ul. Melchiora Wańkowicza 42;985;196;196;1;195;19.90;0.51;980;454;454;15;439;46.33;3.30
87711;301701;9;Zespół Szkół Muzycznych im. Krzysztofa Komedy-Trzcińskiego 63-400 Ostrów Wielkopolski Aleja Słowackiego 1C;996;264;264;10;254;26.51;3.79;977;543;543;12;531;55.58;2.21
87712;301701;10;Gimnazjum Nr 3 63-400 Ostrów Wielkopolski ul. Tuwima 12;1582;401;401;17;384;25.35;4.24;1543;857;857;11;846;55.54;1.28
87713;301701;11;Przedszkole Nr 10 63-400 Ostrów Wielkopolski ul. Andrzeja Frycza Modrzewskiego 4;1338;316;316;12;304;23.62;3.80;1348;746;746;23;723;55.34;3.08
87714;301701;12;Ostrowski Zakład Ciepłowniczy S.A. 63-400 Ostrów Wielkopolski ul. Grunwaldzka 74;1178;279;279;15;264;23.68;5.38;1183;673;673;21;652;56.89;3.12
87715;301701;13;Szkoła Podstawowa Nr 5 63-400 Ostrów Wielkopolski ul. Grabowska 1-3;1961;596;596;15;581;30.39;2.52;1974;1177;1177;32;1145;59.63;2.72
87716;301701;14;Przedszkole Nr 1 63-400 Ostrów Wielkopolski ul. profesora Kaliny 2;1741;430;430;15;415;24.70;3.49;1696;875;875;14;861;51.59;1.60
87717;301701;15;Przedszkole Nr 3 63-400 Ostrów Wielkopolski ul. dr Tadeusza Jankowskiego 10A;1658;400;400;12;388;24.13;3.00;1657;964;964;19;945;58.18;1.97
87718;301701;16;Urząd Dozoru Technicznego Oddział w Ostrowie Wielkopolskim 63-400 Ostrów Wielkopolski ul.Matejki 31;1308;347;347;8;339;26.53;2.31;1273;722;722;23;699;56.72;3.19
87719;301701;17;Przedszkole Nr 9 63-400 Ostrów Wielkopolski ul. Jana Brzechwy 2;1618;358;358;13;345;22.13;3.63;1541;823;823;23;800;53.41;2.79
87720;301701;18;Publiczne Gimnazjum im. Papieża Jana Pawła II 63-400 Ostrów Wielkopolski ul. Ludwika Waryńskiego 29;1342;301;301;9;292;22.43;2.99;1330;646;646;8;638;48.57;1.24
87721;301701;19;Szkoła Podstawowa Nr 9 63-400 Ostrów Wielkopolski ul. Asnyka 26;1538;404;404;11;393;26.27;2.72;1523;810;810;18;792;53.18;2.22
87722;301701;20;NZOZ ESKULAP S.C. Przychodnia 63-400 Ostrów Wielkopolski ul. Jana Mertki 13;1543;380;380;15;365;24.63;3.95;1516;830;830;20;810;54.75;2.41
87723;301701;21;Ostrowski Zakład Ciepłowniczy S.A. 63-400 Ostrów Wielkopolski ul. Wysocka 57;938;197;197;10;187;21.00;5.08;894;492;492;21;471;55.03;4.27
87724;301701;22;Przedszkole Nr 15 63-400 Ostrów Wielkopolski ul. Szkolna 26;1030;236;236;7;229;22.91;2.97;1009;500;500;12;488;49.55;2.40
87725;301701;23;Szkoła Podstawowa Nr 13 63-400 Ostrów Wielkopolski ul. Świetlicowa 9;1253;289;289;10;279;23.06;3.46;1262;734;734;31;703;58.16;4.22
87726;301701;24;Szkoła Podstawowa Nr 13 63-400 Ostrów Wielkopolski ul. Świetlicowa 9;1360;285;285;2;283;20.96;0.70;1371;743;743;9;734;54.19;1.21
87727;301701;25;CAR-LIFT SERVICE Sp. z o.o. 63-400 Ostrów Wielkopolski ul. Kamienna 10a;1948;422;422;14;408;21.66;3.32;2003;1024;1024;22;1002;51.12;2.15
87728;301701;26;Szkoła Podstawowa Nr 6 63-400 Ostrów Wielkopolski ul. Staroprzygodzka 112;1953;432;432;13;419;22.12;3.01;1948;995;995;23;972;51.08;2.31
87729;301701;27;Przedszkole Nr 2 63-400 Ostrów Wielkopolski ul. Staroprzygodzka 112a;1913;534;534;17;517;27.91;3.18;1916;1102;1102;17;1085;57.52;1.54
87730;301701;28;Warsztat Terapii Zajęciowej 63-400 Ostrów Wielkopolski ul. Odolanowska 19;2342;584;584;13;571;24.94;2.23;2343;1290;1290;11;1279;55.06;0.85
87731;301701;29;Niepubliczny Punkt Przedszkolny „Maja” Filia Nr 2 63-400 Ostrów Wielkopolski ul. Rejtana 54;1532;346;346;13;333;22.58;3.76;1530;828;828;20;808;54.12;2.42
87732;301701;30;Urząd Skarbowy 63-400 Ostrów Wielkopolski ul. Chłapowskiego 45;1026;250;250;8;242;24.37;3.20;995;571;571;15;556;57.39;2.63
87733;301701;31;Przedszkole Nr 13 63-400 Ostrów Wielkopolski ul. Bema 30;1507;439;439;14;425;29.13;3.19;1502;852;852;14;838;56.72;1.64
87734;301701;32;Hala Sportowa przy Szkole Podstawowej Nr 7 63-400 Ostrów Wielkopolski ul. Bema 30;1229;337;337;11;326;27.42;3.26;1240;713;713;19;694;57.50;2.66
87735;301701;33;Gimnazjum Nr 4 63-400 Ostrów Wielkopolski ul. Krotoszyńska 171;1776;334;334;20;314;18.81;5.99;1789;854;854;21;833;47.74;2.46
87736;301701;34;Przedszkole Nr 14 63-400 Ostrów Wielkopolski ul. Piotra Bardowskiego 6;1573;362;362;10;352;23.01;2.76;1567;881;881;21;860;56.22;2.38
87737;301701;35;Szkoła Podstawowa Nr 11 63-400 Ostrów Wielkopolski ul. Batorego 2;1512;353;353;11;342;23.35;3.12;1487;842;842;24;818;56.62;2.85
87738;301701;36;Przedszkole Nr 12 63-400 Ostrów Wielkopolski ul. gen. Władysława Andersa 15;1666;417;417;14;403;25.03;3.36;1631;902;902;19;883;55.30;2.11
87739;301701;37;Zakład Ubezpieczeń Społecznych 63-400 Ostrów Wielkopolski ul. Wysocka 1b;2120;598;598;24;574;28.21;4.01;2126;1095;1095;32;1063;51.51;2.92
87740;301701;38;Zespół Szkół Transportowo-Elektrycznych 63-400 Ostrów Wielkopolski ul. Kantaka 6;2206;659;659;22;637;29.87;3.34;2109;1188;1188;22;1166;56.33;1.85
87741;301701;39;Przedszkole Nr 7 63-400 Ostrów Wielkopolski ul. Piastowska 21;2334;610;610;25;585;26.14;4.10;2272;1131;1131;20;1111;49.78;1.77
91658;301701;40;Zespół Zakładów Opieki Zdrowotnej 63-400 Ostrów Wielkopolski ul. Bolesława Limanowskiego 20/22;200;33;33;0;33;16.50;0.00;136;49;49;1;48;36.03;2.04
91659;301701;41;Areszt Śledczy 63-400 Ostrów Wielkopolski ul. kardynała M. Ledóchowskiego 1;260;85;85;4;81;32.69;4.71;290;145;145;22;123;50.00;15.17
91660;301701;42;Dom Pomocy Społecznej 63-400 Ostrów Wielkopolski ul. Partyzancka 8;37;23;23;3;20;62.16;13.04;39;23;23;8;15;58.97;34.78
87742;301702;1;Gimnazjum 63-460 Nowe Skalmierzyce ul. Kaliska 52;2177;413;413;25;388;18.97;6.05;2156;1021;1021;44;977;47.36;4.31
87743;301702;2;Szkoła Podstawowa 63-460 Nowe Skalmierzyce ul. Okólna 8;1763;303;303;19;284;17.19;6.27;1768;802;802;30;772;45.36;3.74
87744;301702;3;Szkoła Podstawowa 63-460 Skalmierzyce ul.Ostrowska 14;1674;399;399;16;383;23.84;4.01;1729;913;913;37;876;52.81;4.05
87745;301702;4;Szkoła Podstawowa 63-460 Skalmierzyce ul. Ostrowska 14;1353;204;204;9;195;15.08;4.41;1366;528;528;40;488;38.65;7.58
87746;301702;5;Szkoła Podstawowa 63-460 Biskupice Ołoboczne ul. Szkolna 6;964;178;178;10;168;18.46;5.62;960;393;393;12;381;40.94;3.05
87747;301702;6;Zespół Szkół w Ociążu 63-460 Fabianów ul. Szkolna 56;1048;167;167;11;156;15.94;6.59;1048;432;432;12;420;41.22;2.78
87748;301702;7;Szkoła Podstawowa 63-460 Kotowiecko ul.Kaliska 4;531;55;55;2;53;10.36;3.64;532;173;173;13;160;32.52;7.51
87749;301702;8;Szkoła Podstawowa 63-460 Droszew 21;1177;286;286;6;280;24.30;2.10;1161;549;549;28;521;47.29;5.10
87750;301702;9;Szkoła Podstawowa 63-460 Gostyczyna 48;1476;220;220;11;209;14.91;5.00;1481;615;615;18;597;41.53;2.93
87751;301703;1;Dom Kultury 63-430 Odolanów ul. Bartosza 7;929;265;265;6;259;28.53;2.26;941;498;498;14;484;52.92;2.81
87752;301703;2;Przedszkole im. Kubusia Puchatka 63-430 Odolanów Pl. Kościuszki 4;515;122;122;1;121;23.69;0.82;515;277;277;14;263;53.79;5.05
87753;301703;3;Świetlica Osiedlowa 63-430 Odolanów ul. Kaliska 58A;565;145;145;5;140;25.66;3.45;565;301;301;14;287;53.27;4.65
87754;301703;4;Liceum Ogólnokształcące 63-430 Odolanów ul. Krotoszyńska 123;755;229;229;12;217;30.33;5.24;784;462;462;16;446;58.93;3.46
87755;301703;5;Gminno-Miejskie Centrum Pomocy „Wiara-Nadzieja-Miłość” 63-430 Odolanów ul. Raszkowska 36;752;187;187;14;173;24.87;7.49;758;398;398;16;382;52.51;4.02
87756;301703;6;Gimnazjum im. Jana Pawła II 63-430 Odolanów Al. Jana Pawła II 1;547;158;158;19;139;28.88;12.03;540;293;293;13;280;54.26;4.44
87757;301703;7;Szkoła Podstawowa 63-430 Huta 63A;598;105;105;7;98;17.56;6.67;612;287;287;13;274;46.90;4.53
87758;301703;8;Gimnazjum w Świecy 63-430 Świeca ul. Szkolna 5;765;169;169;14;155;22.09;8.28;769;352;352;11;341;45.77;3.12
87759;301703;9;Szkoła Podstawowa 63-430 Garki 4;1069;171;171;14;157;16.00;8.19;1090;423;423;35;388;38.81;8.27
87760;301703;10;Szkoła Podstawowa 63-430 Tarchały Wielkie ul. Szkolna 69;1057;214;214;12;202;20.25;5.61;1064;536;536;18;518;50.38;3.36
87761;301703;11;Gimnazjum w Raczycach 63-430 Raczyce ul. Odolanowska 80;998;188;188;9;179;18.84;4.79;1022;456;456;36;420;44.62;7.89
87762;301703;12;Szkoła Podstawowa 63-430 Uciechów ul. Odolanowska 38;807;118;118;5;113;14.62;4.24;820;282;282;7;275;34.39;2.48
87763;301703;13;Szkoła Filialna w Gorzycach Małych 63-430 Gorzyce Małe 43;422;124;124;5;119;29.38;4.03;431;211;211;16;195;48.96;7.58
87764;301703;14;Szkoła Podstawowa 63-430 Nabyszyce 12;513;115;115;10;105;22.42;8.70;518;250;250;22;228;48.26;8.80
87765;301703;15;Szkoła Filialna w Gliśnicy 63-430 Gliśnica ul. Odolanowska 25;410;119;119;10;109;29.02;8.40;413;210;210;12;198;50.85;5.71
87766;301703;16;Gimnazjum w Wierzbnie 63-430 Wierzbno ul. Szkolna 4;616;134;134;7;127;21.75;5.22;636;315;315;18;297;49.53;5.71
87767;301704;1;Szkoła Podstawowa 63-410 Daniszyn 37;1088;172;172;8;164;15.81;4.65;1101;439;439;15;424;39.87;3.42
87768;301704;2;Zespół Szkół w Lamkach 63-400 Lamki 131;1448;269;269;9;260;18.58;3.35;1442;708;708;20;688;49.10;2.82
87769;301704;3;Zespół Szkół w Gorzycach Wielkich 63-410 Gorzyce Wielkie ul. Szkolna 31a;1992;386;386;10;376;19.38;2.59;2023;1003;1003;21;982;49.58;2.09
87770;301704;4;Zespół Szkolno-Przedszkolny w Topoli Małej 63-400 Topola Mała ul. Szkolna 115;913;202;202;7;195;22.12;3.47;910;474;474;9;465;52.09;1.90
87771;301704;5;Zespół Szkolno-Przedszkolny w Wysocku Wielkim 63-400 Wysocko Wielkie ul. Sadowska 2;1084;247;247;10;237;22.79;4.05;1094;568;568;28;540;51.92;4.93
87772;301704;6;Zespół Szkolno-Przedszkolny we Wtórku 63-400 Wtórek ul. Szkolna 12;1346;260;260;7;253;19.32;2.69;1356;685;685;31;654;50.52;4.53
87773;301704;7;Szkoła Podstawowa 63-400 Franklinów 43a;591;79;79;1;78;13.37;1.27;593;259;259;8;251;43.68;3.09
87774;301704;8;Zespół Szkół w Lewkowie 63-410 Lewków ul. Szkolna 6;1138;173;173;15;158;15.20;8.67;1143;561;561;24;537;49.08;4.28
87775;301704;9;Szkoła Podstawowa 63-450 Szczury 38;881;132;132;7;125;14.98;5.30;884;386;386;9;377;43.67;2.33
87776;301704;10;Przedszkole Publiczne 63-450 Biniew 25;786;107;107;3;104;13.61;2.80;767;303;303;15;288;39.50;4.95
87777;301704;11;Zespół Szkół w Sobótce 63-450 Sobótka 72;1274;160;160;10;150;12.56;6.25;1256;497;497;42;455;39.57;8.45
87778;301704;12;Przedszkole Publiczne 63-410 Czekanów ul. Szkolna 6;1668;366;366;15;351;21.94;4.10;1657;882;882;24;858;53.23;2.72
87779;301704;13;Szkoła Podstawowa 63-410 Łąkociny ul. Szkolna 14;683;143;143;7;136;20.94;4.90;693;333;333;12;321;48.05;3.60
87780;301705;1;Zespół Szkół 63-421 Chynowa 70A;1400;249;249;6;243;17.79;2.41;1412;547;547;28;519;38.74;5.12
87781;301705;2;Zespół Szkół 63-421 Czarnylas 150;869;159;159;4;155;18.30;2.52;853;371;371;23;348;43.49;6.20
87782;301705;3;Dom Ludowy 63-421 Dębnica ul. Ostrowska 9;1033;154;154;8;146;14.91;5.19;1050;404;404;21;383;38.48;5.20
87783;301705;4;Zespół Szkół 63-421 Janków Przygodzki ul. Szkolna 4;1742;434;434;18;416;24.91;4.15;1767;1052;1052;36;1016;59.54;3.42
87784;301705;5;Gminny Ośrodek Kultury 63-421 Przygodzice ul. Wrocławska 52;1891;518;518;22;496;27.39;4.25;1880;1036;1036;23;1013;55.11;2.22
87785;301705;6;Zespół Szkół 63-421 Wysocko Małe ul. Kościelna 22;1245;301;301;13;288;24.18;4.32;1259;654;654;22;632;51.95;3.36
87786;301705;7;Nadleśnictwo Antonin 63-421 Antonin ul. Wrocławska 11;556;101;101;1;100;18.17;0.99;551;255;255;8;247;46.28;3.14
87787;301705;8;Dom Ludowy 63-421 Topola-Osiedle ul. Dworcowa 34;695;176;176;11;165;25.32;6.25;727;414;414;14;400;56.95;3.38
87788;301706;1;Świetlica Wiejska 63-440 Grudzielec Nowy 31;638;79;79;4;75;12.38;5.06;643;239;239;15;224;37.17;6.28
87789;301706;2;Szkoła Podstawowa 63-440 Janków Zaleśny 77;567;102;102;3;99;17.99;2.94;569;242;242;9;233;42.53;3.72
87790;301706;3;Świetlica Wiejska 63-440 Ligota ul.Krotoszyńska 2;1604;142;142;13;129;8.85;9.15;1575;546;546;45;501;34.67;8.24
87791;301706;4;Miejsko-Gminny Ośrodek Kultury 63-440 Raszków ul.Koźmińska 8;2080;375;375;18;357;18.03;4.80;2078;1016;1016;35;981;48.89;3.44
87792;301706;5;Świetlica Wiejska 63-440 Moszczanka 68;1257;220;220;8;212;17.50;3.64;1267;594;594;17;577;46.88;2.86
87793;301706;6;Sala Miejsko-Gminnego Ośrodka Pomocy Społecznej 63-440 Przybysławice 42;1149;203;203;2;201;17.67;0.99;1169;575;575;27;548;49.19;4.70
87794;301706;7;Szkoła Podstawowa 63-440 Radłów ul.Wiejska 52;1927;422;422;19;403;21.90;4.50;1919;996;996;35;961;51.90;3.51
87795;301707;1;Szkoła Podstawowa 63-520 Zamość 14;507;57;57;0;57;11.24;0.00;492;202;202;9;193;41.06;4.46
87796;301707;2;Szkoła Podstawowa 63-405 Ołobok ul. Kościelna 16;588;126;126;3;123;21.43;2.38;585;224;224;8;216;38.29;3.57
87797;301707;3;Szkoła Podstawowa 63-405 Westrza 4;859;133;133;4;129;15.48;3.01;852;379;379;25;354;44.48;6.60
87798;301707;4;Zespół Szkół 63-405 Sieroszewice ul. Szkolna 9;1593;276;276;10;266;17.33;3.62;1605;741;741;29;712;46.17;3.91
87799;301707;5;Szkoła Podstawowa 63-405 Strzyżew ul.Kolonia 3;821;85;85;3;82;10.35;3.53;835;265;265;11;254;31.74;4.15
87800;301707;6;Zespół Szkół 63-405 Wielowieś ul. Grabowska 2;1661;250;250;19;231;15.05;7.60;1661;669;669;28;641;40.28;4.19
87801;301707;7;Szkoła Podstawowa 63-405 Rososzyca ul. Kaliska 3;1593;147;147;9;138;9.23;6.12;1573;583;583;35;548;37.06;6.00
91661;301707;8;Dom Pomocy Społecznej w Psarach 63-405 Psary ul. Kaliska 3;87;16;16;3;13;18.39;18.75;91;19;19;3;16;20.88;15.79
87802;301708;1;Zespół Szkół w Sośniach 63-435 Sośnie ul. Wielkopolska 43;2005;332;332;23;309;16.56;6.93;2028;831;831;35;796;40.98;4.21
87803;301708;2;Szkoła Podstawowa 63-435 Bogdaj 15;496;83;83;5;78;16.73;6.02;496;200;200;13;187;40.32;6.50
87804;301708;3;Zespół Szkół w Cieszynie 63-435 Cieszyn ul. Kościelna 17;857;122;122;11;111;14.24;9.02;860;325;325;22;303;37.79;6.77
87805;301708;4;Zespół Szkół w Pawłowie 63-435 Pawłów 3;407;48;48;6;42;11.79;12.50;410;128;128;10;118;31.22;7.81
87806;301708;5;Zespół Szkół w Granowcu 63-435 Granowiec ul. Odolanowska 19;1027;269;269;14;255;26.19;5.20;1034;500;500;23;477;48.36;4.60
87807;301708;6;Zespół Szkół w Pawłowie, Szkoła Podstawowa 63-435 Chojnik;401;55;55;3;52;13.72;5.45;406;140;140;6;134;34.48;4.29
87808;301801;1;Gimnazjum w Czajkowie 63-524 Czajków 55/1;1299;245;245;11;234;18.86;4.49;1305;528;528;28;500;40.46;5.30
87809;301801;2;Komunalny budynek po zlikwidowanej Szkole Filialnej w Mielcuchach 63-524 Mielcuchy 61;767;142;142;3;139;18.51;2.11;765;310;310;12;298;40.52;3.87
87810;301802;1;Gminny Ośrodek Kultury 63-505 Doruchów ul. Sportowa 3;1530;368;368;8;360;24.05;2.17;1549;792;792;26;766;51.13;3.28
87811;301802;2;Szkoła Podstawowa 63-505 Doruchów ul. Kaliska 3;721;104;104;6;98;14.42;5.77;730;287;287;18;269;39.32;6.27
87812;301802;3;Szkoła Podstawowa 63-505 Morawin 18;516;105;105;7;98;20.35;6.67;511;220;220;8;212;43.05;3.64
87813;301802;4;Sala Domu Ludowego 63-505 Godziętowy 1a;836;135;135;10;125;16.15;7.41;829;313;313;15;298;37.76;4.79
87814;301802;5;Sala Domu Ludowego 63-505 Torzeniec 54a;507;83;83;2;81;16.37;2.41;516;198;198;10;188;38.37;5.05
87815;301803;1;Gimnazjum 63-520 Grabów nad Prosną ul.Przemysłowa 1a;1599;483;483;15;468;30.21;3.11;1579;875;875;16;859;55.41;1.83
87816;301803;2;Dom Pomocy Społecznej 63-520 Marszałki 15;600;181;181;10;171;30.17;5.52;613;254;254;48;206;41.44;18.90
87817;301803;3;Szkoła Podstawowa 63-520 Bobrowniki 25;511;107;107;9;98;20.94;8.41;507;218;218;4;214;43.00;1.83
87818;301803;4;Szkoła Podstawowa 63-520 Bukownica 39;668;170;170;10;160;25.45;5.88;671;323;323;18;305;48.14;5.57
87819;301803;5;Ochotnicza Straż Pożarna 63-520 Dębicze 35;292;58;58;4;54;19.86;6.90;303;111;111;3;108;36.63;2.70
87820;301803;6;Budynek komunalny 63-520 Giżyce 40A;316;53;53;7;46;16.77;13.21;315;123;123;5;118;39.05;4.07
87821;301803;7;Dom Strażaka 63-520 Chlewo 21b;297;73;73;3;70;24.58;4.11;296;134;134;9;125;45.27;6.72
87822;301803;8;Budynek komunalny 63-520 Skrzynki 82;396;79;79;0;79;19.95;0.00;390;161;161;7;154;41.28;4.35
87823;301803;9;Szkoła Podstawowa 63-520 Grabów nad Prosną ul.Szkolna 1;1554;251;251;14;237;16.15;5.58;1572;631;631;24;607;40.14;3.80
87824;301804;1;budynek Szkoły Podstawowej 63-507 Kobyla Góra Plac Wiosny Ludów 20;1462;406;406;26;380;27.77;6.40;1462;795;795;27;768;54.38;3.40
87825;301804;2;budynek komunalny 63-507 Pisarzowice 28;360;65;65;3;62;18.06;4.62;352;141;141;5;136;40.06;3.55
87826;301804;3;budynek komunalny 63-507 Mąkoszyce 88;852;169;169;11;158;19.84;6.51;845;352;352;10;342;41.66;2.84
87827;301804;4;budynek komunalny 63-507 Rybin 11;133;27;27;4;23;20.30;14.81;127;37;37;4;33;29.13;10.81
87828;301804;5;budynek komunalny 63-507 Kuźnica Myślniewska 32;170;33;33;2;31;19.41;6.06;172;56;56;1;55;32.56;1.79
87829;301804;6;budynek komunalny 63-507 Myślniew 43A;255;70;70;2;68;27.45;2.86;254;140;140;1;139;55.12;0.71
87830;301804;7;budynek komunalny 63-507 Bierzów 52;277;54;54;4;50;19.49;7.41;281;115;115;7;108;40.93;6.09
87831;301804;8;budynek komunalny 63-507 Ignaców 29;289;44;44;2;42;15.22;4.55;292;98;98;7;91;33.56;7.14
87832;301804;9;budynek Szkoły Podstawowej 63-507 Parzynów 6;469;111;111;10;101;23.67;9.01;462;193;193;8;185;41.77;4.15
87833;301804;10;budynek komunalny 63-507 Ligota 3;271;66;66;1;65;24.35;1.52;268;111;111;6;105;41.42;5.41
87834;301804;11;budynek komunalny 63-507 Marcinki 54;184;47;47;4;43;25.54;8.51;176;89;89;10;79;50.57;11.24
91662;301804;12;Dom Pomocy Społecznej 63-507 Kobyla Góra ul. Tomasza Sikorskiego 1;51;18;18;7;11;35.29;38.89;49;13;13;0;13;26.53;0.00
87835;301805;1;Ochotnicza Straż Pożarna 63-522 Renta 18;460;85;85;4;81;18.48;4.71;458;171;171;7;164;37.34;4.09
87836;301805;2;Gimnazjum im.Polskich Olimpijczyków 63-522 Kraszewice ul.Szkolna 1;1387;319;319;14;305;23.00;4.39;1376;588;588;22;566;42.73;3.74
87837;301805;3;Szkoła Podstawowa im.Kardynała Karola Wojtyły 63-522 Kuźnica Grabowska 106;1023;191;191;11;180;18.67;5.76;1012;357;357;13;344;35.28;3.64
87838;301806;1;Publiczne Gimnazjum im.Jana Pawła II 63-510 Mikstat ul. Grabowska 13;1738;374;374;14;360;21.52;3.74;1742;833;833;27;806;47.82;3.24
87839;301806;2;Świetlica Wiejska 63-510 Kotłów 23;481;59;59;2;57;12.27;3.39;480;135;135;9;126;28.12;6.67
87840;301806;3;Szkoła Podstawowa 63-510 Kaliszkowice Kaliskie 38;675;74;74;2;72;10.96;2.70;672;222;222;7;215;33.04;3.15
87841;301806;4;Wiejski Dom Kultury 63-510 Komorów 44;621;121;121;3;118;19.48;2.48;630;223;223;7;216;35.40;3.14
87842;301806;5;Szkoła Podstawowa 63-510 Kaliszkowice Ołobockie 1;616;89;89;0;89;14.45;0.00;618;210;210;9;201;33.98;4.29
87843;301806;6;Szkoła Podstawowa im.Ludwiki Wawrzyńskiej 63-510 Biskupice Zabaryczne 48;523;85;85;5;80;16.25;5.88;530;171;171;9;162;32.26;5.26
87844;301806;7;Wiejski Dom Kultury 63-510 Przedborów 10;281;73;73;3;70;25.98;4.11;290;135;135;8;127;46.55;5.93
87845;301807;1;Szkoła Podstawowa Nr 1 63-500 Ostrzeszów ul. Łąkowa 1;1263;359;359;23;336;28.42;6.41;1259;662;662;17;645;52.58;2.57
87846;301807;2;Zespół Szkół Nr 1 63-500 Ostrzeszów ul. Gen. Władysława Sikorskiego 9;1867;436;436;15;421;23.35;3.44;1845;877;877;34;843;47.53;3.88
87847;301807;3;I Liceum Ogólnokształcące 63-500 Ostrzeszów ul. Zamkowa 21;1425;423;423;10;413;29.68;2.36;1406;760;760;23;737;54.05;3.03
87848;301807;4;Sala sesyjna Starostwa Powiatowego 63-500 Ostrzeszów ul. 21 Stycznia 2;1527;452;452;15;437;29.60;3.32;1481;758;758;14;744;51.18;1.85
87849;301807;5;Gimnazjum Nr 2 63-500 Ostrzeszów ul. Piastowska 3;1764;395;395;12;383;22.39;3.04;1775;921;921;18;903;51.89;1.95
87850;301807;6;Przedszkole Publiczne Nr 6 63-500 Ostrzeszów ul. Zielona 4;1709;442;442;13;429;25.86;2.94;1734;911;911;25;886;52.54;2.74
87851;301807;7;Przedszkole Publiczne Nr 5 63-500 Ostrzeszów ul. Łąkowa 5;2066;611;611;38;573;29.57;6.22;2027;1057;1057;20;1037;52.15;1.89
87852;301807;8;Szkoła Podstawowa 63-500 Rojów ul. Meszyny 1;744;122;122;4;118;16.40;3.28;760;278;278;7;271;36.58;2.52
87853;301807;9;Szkoła Podstawowa 63-500 Olszyna 28;869;206;206;16;190;23.71;7.77;882;397;397;16;381;45.01;4.03
87854;301807;10;Sala OSP 63-500 Kochłowy 46;323;50;50;3;47;15.48;6.00;317;133;133;3;130;41.96;2.26
87855;301807;11;Przedszkole Publiczne 63-500 Rogaszyce 22;670;120;120;11;109;17.91;9.17;662;261;261;19;242;39.43;7.28
87856;301807;12;Szkoła Podstawowa 63-500 Rogaszyce 106;817;125;125;2;123;15.30;1.60;840;372;372;16;356;44.29;4.30
87857;301807;13;Szkoła Podstawowa 63-500 Potaśnia 4;711;176;176;3;173;24.75;1.70;719;324;324;6;318;45.06;1.85
87858;301807;14;Szkoła Podstawowa 63-500 Siedlików 58d;938;320;320;7;313;34.12;2.19;922;354;354;18;336;38.39;5.08
87859;301807;15;Szkoła Podstawowa 63-500 Niedźwiedź 18;1081;205;205;7;198;18.96;3.41;1099;470;470;26;444;42.77;5.53
87860;301807;16;Szkoła Podstawowa 63-500 Szklarka Przygodzicka 53a;1005;153;153;6;147;15.22;3.92;1019;359;359;19;340;35.23;5.29
91663;301807;17;Szpital 63-500 Ostrzeszów Aleja Wolności 4;33;11;11;0;11;33.33;0.00;49;17;17;3;14;34.69;17.65
91664;301807;18;Dom Pomocy Społecznej 63-500 Kochłowy 1;40;35;35;1;34;87.50;2.86;39;17;17;1;16;43.59;5.88
87861;301901;1;Szkoła Podstawowa Nr 5 im. Dzieci Polskich 64-920 Piła Al. Niepodległości 18;2245;486;486;16;470;21.65;3.29;2184;978;978;32;946;44.78;3.27
87862;301901;2;Gimnazjum Nr 4 im. I.J. Paderewskiego 64-920 Piła ul. Kujawska 18;2191;580;580;19;561;26.47;3.28;2157;1077;1077;24;1053;49.93;2.23
87863;301901;3;Wyższa Szkoła Biznesu 64-920 Piła Sikorskiego 9;2438;623;623;17;606;25.55;2.73;2381;1194;1194;17;1177;50.15;1.42
87864;301901;4;I Liceum Ogólnokształcące im. Marii Skłodowskiej-Curie 64-920 Piła ul. Wincentego Pola 11;2188;547;547;19;528;25.00;3.47;2109;1074;1074;21;1053;50.92;1.96
87865;301901;5;Regionalne Centrum Kultury - Fabryka Emocji 64-920 Piła Pl. Staszica 1;1303;299;299;14;285;22.95;4.68;1259;614;614;11;603;48.77;1.79
87866;301901;6;Zespół Szkół Ponadgimnazjalnych im. Komisji Edukacji Narodowej 64-920 Piła ul.Teatralna 1;1145;249;249;8;241;21.75;3.21;1115;495;495;11;484;44.39;2.22
87867;301901;7;Szkoła Podstawowa Nr 7 im. Adama Mickiewicza 64-920 Piła Al. Wojska Polskiego 45 - Wejście A;1755;408;408;22;386;23.25;5.39;1723;907;907;22;885;52.64;2.43
87868;301901;8;Publiczne Przedszkole Nr 13 64-920 Piła ul. Kraszewskiego 2;1734;430;430;18;412;24.80;4.19;1723;863;863;20;843;50.09;2.32
87869;301901;9;Szkoła Podstawowa nr 7 im. Adama Mickiewicza 64-920 Piła al.Wojska Polskiego 45 - Wejście B;1496;377;377;13;364;25.20;3.45;1494;790;790;13;777;52.88;1.65
87870;301901;10;Publiczne Przedszkole nr 12 64-920 Piła ul.Reja 11;1342;355;355;16;339;26.45;4.51;1939;1121;1121;21;1100;57.81;1.87
87871;301901;11;Zespół Szkół Nr 3 im. Lotników Polskich 64-920 Piła ul. Żeromskiego 41 - Wejście A;1581;450;450;15;435;28.46;3.33;1573;932;932;10;922;59.25;1.07
87872;301901;12;Zespół Szkół Nr 3 im. Lotników Polskich 64-920 Piła ul. Żeromskiego 41 - Wejście B;1349;327;327;11;316;24.24;3.36;1324;744;744;6;738;56.19;0.81
87873;301901;13;MOSiR - Mała Hala Treningowa 64-920 Piła ul. Żeromskiego 90;1151;273;273;6;267;23.72;2.20;512;302;302;3;299;58.98;0.99
87874;301901;14;Publiczne Przedszkole Nr 18 im. Kubusia Puchatka 64-920 Piła ul. Trentowskiego 3;1127;306;306;12;294;27.15;3.92;1088;616;616;8;608;56.62;1.30
87875;301901;15;Miejska Energetyka Cieplna sp. z o.o. 64-920 Piła ul.Kaczorska 20;2214;464;464;14;450;20.96;3.02;2165;1008;1008;28;980;46.56;2.78
87876;301901;16;Szkoła Podstawowa Nr 4 im. Mikołaja Kopernika 64-920 Piła ul. Grabowa 18 - Wejście A;1369;338;338;7;331;24.69;2.07;1347;714;714;16;698;53.01;2.24
87877;301901;17;Szkoła Podstawowa Nr 4 im. Mikołaja Kopernika 64-920 Piła ul. Grabowa 18 - Wejście B;1393;320;320;11;309;22.97;3.44;1373;705;705;21;684;51.35;2.98
87878;301901;18;Zespół Szkół Muzycznych im. Fryderyka Chopina 64-920 Piła ul. Walki Młodych 1;1101;314;314;5;309;28.52;1.59;1077;586;586;16;570;54.41;2.73
87879;301901;19;Publiczne Przedszkole Nr 7 im. Pszczółki Mai 64-920 Piła ul. Wincentego Witosa 22A;1757;444;444;13;431;25.27;2.93;1680;839;839;27;812;49.94;3.22
87880;301901;20;Gimnazjum Nr 5 im. Tadeusza Kościuszki 64-920 Piła ul. Bydgoska 23;1874;461;461;15;446;24.60;3.25;1827;982;982;23;959;53.75;2.34
87881;301901;21;Szkoła Podstawowa Nr 2 im. Olimpijczyków Polskich 64-920 Piła ul. Roosevelta 12;1389;332;332;7;325;23.90;2.11;1350;712;712;15;697;52.74;2.11
87882;301901;22;Publiczne Przedszkole Nr 16 im. Czerwonego Kapturka 64-920 Piła Al. Powstańców Wlkp. 86A;2294;497;497;37;460;21.67;7.44;2214;1133;1133;33;1100;51.17;2.91
87883;301901;23;Salezjańska Szkoła Podstawowa im. Jana Pawła II 64-920 Piła ul. Andersa 34;1101;222;222;4;218;20.16;1.80;1167;618;618;15;603;52.96;2.43
87884;301901;24;Publiczne Przedszkole Nr 4 64-920 Piła ul. Kusocińskiego 10A;1261;405;405;6;399;32.12;1.48;1300;835;835;10;825;64.23;1.20
87885;301901;25;Specjalny Ośrodek Szkolno-Wychowawczy im. Marii Grzegorzewskiej 64-920 Piła ul. Śniadeckich 27;1139;331;331;10;321;29.06;3.02;1133;684;684;23;661;60.37;3.36
87886;301901;26;Publiczne Przedszkole Nr 19 im. Misia Uszatka 64-920 Piła ul. Królowej Jadwigi 20;1107;329;329;8;321;29.72;2.43;1100;701;701;11;690;63.73;1.57
87887;301901;27;Zespół Szkół Nr 2 im. 64-920 Piła ul. Królowej Jadwigi 2;2189;586;586;28;558;26.77;4.78;2158;1241;1241;23;1218;57.51;1.85
87888;301901;28;Publiczne Przedszkole Nr 6 im. Jasia i Małgosi 64-920 Piła ul. Żeleńskiego 15;788;193;193;1;192;24.49;0.52;780;398;398;10;388;51.03;2.51
87889;301901;29;Liga Obrony Kraju Koło w Pile 64-920 Piła Al. Niepodległości 154;1122;303;303;13;290;27.01;4.29;1142;616;616;14;602;53.94;2.27
87890;301901;30;Siedziba Rady i Zarządu Osiedla Koszyce 64-920 Piła ul. Wenedów 8A-B;1033;379;379;11;368;36.69;2.90;1069;688;688;5;683;64.36;0.73
87891;301901;31;Przedszkole Niepubliczne Caritas 64-920 Piła ul. Promienna 19U/8;1396;403;403;6;397;28.87;1.49;1501;929;929;15;914;61.89;1.61
87892;301901;32;Publiczne Przedszkole Nr 14 im. Wróbelka Elemelka 64-920 Piła ul. Jana Brzechwy 10;1243;348;348;12;336;28.00;3.45;1219;686;686;9;677;56.28;1.31
87893;301901;33;Zespół Szkół Nr 1 im. Jana Brzechwy 64-920 Piła ul. Brzozowa 4;1417;445;445;21;424;31.40;4.72;1379;751;751;7;744;54.46;0.93
87894;301901;34;Liceum Ogólnokształcące Towarzystwa Salezjańskiego im. Św Jana Bosko 64-920 Piła ul. Dembowskiego 4;1209;381;381;9;372;31.51;2.36;1180;715;715;15;700;60.59;2.10
87895;301901;35;ENEA Operator Sp. z o.o. Rejon Dystrybucji Piła 64-920 Piła Al. Poznańska 34;1354;367;367;4;363;27.10;1.09;1327;730;730;11;719;55.01;1.51
87896;301901;36;Siedziba Zarządu Osiedla Motylewo 64-920 Piła ul. Sowia 2;645;201;201;7;194;31.16;3.48;659;391;391;4;387;59.33;1.02
87897;301901;37;Szkoła Podstawowa Nr 12 z Oddz. Integracyjnymi 64-920 Piła ul. Lelewela 140 - Wejście A;1360;385;385;11;374;28.31;2.86;1328;786;786;15;771;59.19;1.91
87898;301901;38;Szkoła Podstawowa Nr 12 z Oddz. Integracyjnymi 64-920 Piła ul. Lelewela 140 - Wejście B;1413;383;383;12;371;27.11;3.13;1375;749;749;12;737;54.47;1.60
87899;301901;39;Pływalnia „Wodnik” 64-920 Piła ul. Kossaka 102;2070;500;500;23;477;24.15;4.60;2012;1155;1155;18;1137;57.41;1.56
91665;301901;40;Dom Pomocy Społecznej im. Jana Pawła II 64-920 Piła ul. 11 Listopada 40;35;9;9;2;7;25.71;22.22;48;21;21;5;16;43.75;23.81
91666;301901;41;Szpital Specjalistyczny w Pile im. Stanisława Staszica 64-920 Piła ul. Rydygiera 1;239;26;26;0;26;10.88;0.00;298;131;131;4;127;43.96;3.05
87900;301902;1;Remiza Ochotniczej Straży Pożarnej 89-340 Białośliwie ul. 4 Stycznia 65;1208;244;244;13;231;20.20;5.33;1206;554;554;25;529;45.94;4.51
87901;301902;2;Gminny Ośrodek Kultury 89-340 Białośliwie ul. Podgórna 47;1227;251;251;29;222;20.46;11.55;1228;532;532;20;512;43.32;3.76
87902;301902;3;Świetlica wiejska 89-334 Krostkowo 16a;463;91;91;8;83;19.65;8.79;448;228;228;9;219;50.89;3.95
87903;301902;4;Szkoła Podstawowa 89-340 Nieżychowo 16;582;80;80;11;69;13.75;13.75;576;227;227;14;213;39.41;6.17
87904;301902;5;Regionalne Centrum Sadownictwa 89-340 Pobórka Wielka 59;330;78;78;3;75;23.64;3.85;328;153;153;5;148;46.65;3.27
87905;301903;1;Wiejski Dom Kultury 64-810 Śmiłowo ul. Osiedle Sportowe 1;1441;301;301;22;279;20.89;7.31;1438;660;660;31;629;45.90;4.70
87906;301903;2;Gminny Ośrodek Kultury 64-810 Kaczory ul. Pilska 1a;2332;573;573;24;549;24.57;4.19;2314;1268;1268;41;1227;54.80;3.23
87907;301903;3;Wiejski Dom Kultury 64-810 Dziembowo 33;1208;293;293;29;264;24.25;9.90;1197;574;574;30;544;47.95;5.23
87908;301903;4;Wiejski Dom Kutury 64-810 Rzadkowo 17;704;123;123;5;118;17.47;4.07;699;325;325;17;308;46.49;5.23
87909;301903;5;Wiejski Dom Kultury 64-810 Morzewo 152;489;112;112;2;110;22.90;1.79;484;267;267;10;257;55.17;3.75
87910;301904;1;Gimnazjum Publiczne 89-310 Łobżenica ul.Adama Mickiewicza 20A;1535;273;273;27;246;17.79;9.89;1547;634;634;47;587;40.98;7.41
87911;301904;2;Szkoła Podstawowa 89-310 Łobżenica ul.Sikorskiego 3;1422;342;342;19;323;24.05;5.56;1403;742;742;40;702;52.89;5.39
87912;301904;3;Szkoła Podstawowa 89-310 Wiktorówko 65;994;216;216;11;205;21.73;5.09;980;443;443;25;418;45.20;5.64
87913;301904;4;Szkoła Podstawowa 89-310 Fanianowo 29;1115;154;154;18;136;13.81;11.69;1093;364;364;37;327;33.30;10.16
87914;301904;5;Szkoła Podstawowa 89-310 Dźwierszno Małe 8;1425;201;201;13;188;14.11;6.47;1410;510;510;36;474;36.17;7.06
87915;301904;6;Sala OSP 89-310 Luchowo 75B;1087;212;212;6;206;19.50;2.83;1095;441;441;20;421;40.27;4.54
87916;301905;1;Gminny Dom Kultury 89-350 Miasteczko Krajeńskie ul.Dąbrowskiego 39;1033;226;226;12;214;21.88;5.31;1006;480;480;18;462;47.71;3.75
87917;301905;2;Zespół Szkół Centrum Kształcenia Rolniczego im. Michała Drzymały w Brzostowie 89-350 Brzostowo 69;916;149;149;4;145;16.27;2.68;936;330;330;14;316;35.26;4.24
87918;301905;3;Świetlica wiejska w Grabównie 89-350 Grabówno 76;610;112;112;4;108;18.36;3.57;605;237;237;13;224;39.17;5.49
87919;301906;1;Zespół Szkół 64-930 Szydłowo 47A;1431;217;217;11;206;15.16;5.07;1476;676;676;20;656;45.80;2.96
87920;301906;2;Świetlica wiejska 64-930 Leżenica 7;819;98;98;4;94;11.97;4.08;812;306;306;15;291;37.68;4.90
87921;301906;3;Zespół Szkół 64-932 Stara Łubianka ul. Polna 11;1399;187;187;7;180;13.37;3.74;1395;575;575;29;546;41.22;5.04
87922;301906;4;Szkoła Podstawowa 64-930 Róża Wielka 31;402;64;64;5;59;15.92;7.81;400;159;159;9;150;39.75;5.66
87923;301906;5;Szkoła Podstawowa 64-930 Skrzatusz 1A;630;86;86;8;78;13.65;9.30;617;224;224;13;211;36.30;5.80
87924;301906;6;Świetlica wiejska 64-930 Dobrzyca 35A;591;86;86;4;82;14.55;4.65;589;275;275;9;266;46.69;3.27
87925;301906;7;Świetlica w Kotuniu 64-930 Kotuń 28;1394;326;326;9;317;23.39;2.76;1411;773;773;21;752;54.78;2.72
87926;301907;1;Ujski Dom Kultury w Ujściu 64-850 Ujście ul. Czarnkowska 32;1725;319;319;12;307;18.49;3.76;1692;800;800;56;744;47.28;7.00
87927;301907;2;Urząd Miejski w Ujściu 64-850 Ujście Plac Wiosny Ludów 2;1345;277;277;15;262;20.59;5.42;1332;601;601;19;582;45.12;3.16
87928;301907;3;Szkoła Podstawowa w Nowej Wsi Ujskiej - budynek w Mirosławiu 64-850 Mirosław 22;461;85;85;7;78;18.44;8.24;457;205;205;17;188;44.86;8.29
87929;301907;4;Świetlica wiejska w Jabłonowie 64-850 Jabłonowo 50;412;46;46;4;42;11.17;8.70;414;136;136;10;126;32.85;7.35
87930;301907;5;Wiejski Dom Kultury w Kruszewie 64-850 Kruszewo Parkowa 2;823;166;166;13;153;20.17;7.83;820;367;367;27;340;44.76;7.36
87931;301907;6;Szkoła Podstawowa w Nowej Wsi Ujskiej - budynek w Nowej Wsi Ujskiej 64-850 Nowa Wieś Ujska 1;818;152;152;12;140;18.58;7.89;814;341;341;18;323;41.89;5.28
87932;301907;7;Przedszkole Publiczne w Ujściu 64-850 Ujście ul. Sienkiewicza 9;399;69;69;4;65;17.29;5.80;424;185;185;6;179;43.63;3.24
87933;301907;8;Świetlica środowiskowa w Ługach Ujskich 64-850 Ługi Ujskie 69;449;94;94;9;85;20.94;9.57;460;196;196;13;183;42.61;6.63
87934;301908;1;Siedziba Straży Miejskiej 89-300 Wyrzysk ul. Bydgoska 32;1236;243;243;15;228;19.66;6.17;1222;554;554;30;524;45.34;5.42
87935;301908;2;Miejsko-Gminny Ośrodek Kultury 89-300 Wyrzysk ul. Kościuszki 15;1300;258;258;15;243;19.85;5.81;1291;571;571;30;541;44.23;5.25
87936;301908;3;Klub Miejski 89-300 Wyrzysk ul. Młyńska 2;1626;345;345;18;327;21.22;5.22;1622;755;755;31;724;46.55;4.11
87937;301908;4;Gimnazjum 89-333 Osiek nad Notecią ul. Główna 58;1651;277;277;4;273;16.78;1.44;1642;680;680;36;644;41.41;5.29
87938;301908;5;Szkoła Podstawowa 89-333 Osiek nad Notecią ul. Szkolna 2;1397;250;250;24;226;17.90;9.60;1382;633;633;34;599;45.80;5.37
87939;301908;6;Szkoła Podstawowa 89-311 Falmierowo 29;657;94;94;10;84;14.31;10.64;668;227;227;15;212;33.98;6.61
87940;301908;7;Świetlica Wiejska 89-311 Kościerzyn Wielki 43;737;132;132;4;128;17.91;3.03;732;275;275;16;259;37.57;5.82
87941;301908;8;Szkoła Podstawowa 89-300 Glesno 9;911;108;108;6;102;11.86;5.56;891;278;278;29;249;31.20;10.43
87942;301908;9;Szkoła Podstawowa 89-300 Kosztowo 79;737;141;141;3;138;19.13;2.13;743;321;321;13;308;43.20;4.05
87943;301908;10;Przedszkole Publiczne 89-333 Osiek nad Notecią ul. Bohaterów 28;855;78;78;2;76;9.12;2.56;854;230;230;16;214;26.93;6.96
91667;301908;11;Szpital Powiatowy w Wyrzysku Spółka z o.o. 89-300 Wyrzysk 22 Stycznia 41;35;10;10;0;10;28.57;0.00;52;15;15;1;14;28.85;6.67
87944;301909;1;Sala ślubów, Urząd Miasta i Gminy w Wysokiej 89-320 Wysoka Plac Powstańców Wielkopolskich 20/21;2175;469;469;39;430;21.56;8.32;2141;992;992;41;951;46.33;4.13
87945;301909;2;Świetlica wiejska 89-320 Czajcze 16a;1522;224;224;21;203;14.72;9.38;1510;625;625;31;594;41.39;4.96
87946;301909;3;Świetlica wiejska 89-320 Rudna 1a;786;85;85;5;80;10.81;5.88;789;219;219;6;213;27.76;2.74
87947;301909;4;Świetlica socjoterapeutyczna 89-320 Wysoka Plac Powstańców Wielkopolskich 20/21;873;103;103;7;96;11.80;6.80;867;283;283;12;271;32.64;4.24
87948;302001;1;Zespół Szkół w Choczu 63-313 Chocz ul.Konopnickiej 6;1146;138;138;1;137;12.04;0.72;1145;491;491;22;469;42.88;4.48
87949;302001;2;Zespół Szkół w Choczu 63-313 Chocz ul.Konopnickiej 6;1117;163;163;7;156;14.59;4.29;1143;494;494;30;464;43.22;6.07
87950;302001;3;Szkoła Podstawowa w Kuźni 63-313 Kuźnia 36;567;96;96;3;93;16.93;3.12;563;259;259;12;247;46.00;4.63
87951;302001;4;Szkoła Podstawowa w Kwileniu 63-313 Stara Kaźmierka 1;956;93;93;4;89;9.73;4.30;967;330;330;21;309;34.13;6.36
87952;302002;1;Zespół Szkół Publicznych w Broniszewicach 63-304 Broniszewice 44a;892;139;139;8;131;15.58;5.76;876;455;455;26;429;51.94;5.71
87953;302002;2;Ośrodek Kultury w Czerminie 63-304 Czermin 49a;1401;223;223;12;211;15.92;5.38;1392;664;664;34;630;47.70;5.12
87954;302002;3;Zespół Szkół Publicznych w Żegocinie 63-304 Żegocin 8;1546;257;257;36;221;16.62;14.01;1535;692;692;30;662;45.08;4.34
87955;302003;1;Gminne Centrum Kultury mała sala 63-330 Dobrzyca ul.Koźmińska 10;1087;214;214;16;198;19.69;7.48;1071;512;512;22;490;47.81;4.30
87956;302003;2;Szkoła Podstawowa 63-330 Galew 38;803;169;169;15;154;21.05;8.88;797;355;355;18;337;44.54;5.07
87957;302003;3;Szkoła Podstawowa 63-330 Koźminiec 52;650;85;85;6;79;13.08;7.06;636;232;232;10;222;36.48;4.31
87958;302003;4;Szkoła Podstawowa 63-330 Sośnica 84;613;86;86;4;82;14.03;4.65;609;205;205;7;198;33.66;3.41
87959;302003;5;Sala wiejska 63-330 Fabianów ul.Przemysłowa 4 a;733;135;135;13;122;18.42;9.63;722;353;353;29;324;48.89;8.22
87960;302003;6;Gminne Centrum Kultury duża sala 63-330 Dobrzyca ul.Koźmińska 10;1121;230;230;18;212;20.52;7.83;1116;591;591;29;562;52.96;4.91
87961;302003;7;Budynek Przedszkola 63-330 Karmin 24;904;90;90;3;87;9.96;3.33;898;291;291;27;264;32.41;9.28
87962;302003;8;Sala wiejska 63-330 Dobrzyca ul.Krotoszyńska 45;576;84;84;2;82;14.58;2.38;554;248;248;11;237;44.77;4.44
91668;302003;9;Dom Pomocy Społecznej 63-330 Fabianów ul.Pleszewska 2;72;21;21;2;19;29.17;9.52;77;14;14;3;11;18.18;21.43
87963;302004;1;Zespół Szkół 63-308 Gizałki ul. Kaliska 25;1207;188;188;5;183;15.58;2.66;1239;512;512;36;476;41.32;7.03
87964;302004;2;Szkoła Podstawowa 63-308 Tomice ul. Wrzesińska 2;996;151;151;15;136;15.16;9.93;988;394;394;21;373;39.88;5.33
87965;302004;3;Szkoła Podstawowa 63-308 Wierzchy 23;847;81;81;5;76;9.56;6.17;856;296;296;13;283;34.58;4.39
87966;302004;4;Zespół Szkół 63-308 Białobłoty 20;580;88;88;3;85;15.17;3.41;583;190;190;4;186;32.59;2.11
87967;302005;1;Urząd Gminy w Gołuchowie 63-322 Gołuchów ul. Lipowa 1;2295;461;461;13;448;20.09;2.82;2331;1212;1212;57;1155;51.99;4.70
87968;302005;2;Szkoła Podstawowa w Tursku 63-322 Tursko 10;876;154;154;9;145;17.58;5.84;879;406;406;15;391;46.19;3.69
87969;302005;3;Szkoła Podstawowa w Jedlcu 63-322 Jedlec 154;578;99;99;4;95;17.13;4.04;580;264;264;6;258;45.52;2.27
87970;302005;4;Szkoła Podstawowa w Kucharach 63-322 Kuchary 99;644;173;173;8;165;26.86;4.62;649;302;302;5;297;46.53;1.66
87971;302005;5;Szkoła Podstawowa w Kościelnej Wsi 62-811 Kościelna Wieś ul. Kaliska 2;1986;367;367;8;359;18.48;2.18;2038;992;992;24;968;48.68;2.42
87972;302005;6;Szkoła Podstawowa w Kucharkach 63-322 Kucharki 39;1349;189;189;13;176;14.01;6.88;1365;514;515;32;482;37.66;6.23
87973;302005;7;Dom Strażaka w Krzywosądowie 63-322 Krzywosądów 43B;465;56;56;5;51;12.04;8.93;456;174;174;16;158;38.16;9.20
87974;302006;1;Zespół Szkół Publicznych w Kowalewie 63-300 Kowalew ul. Bolesława Chrobrego 36;1325;251;251;8;243;18.94;3.19;1326;606;606;19;587;45.70;3.14
87975;302006;2;Przedszkole w Dobrej Nadziei 63-300 Dobra Nadzieja 38;700;77;77;4;73;11.00;5.19;714;275;275;10;265;38.52;3.64
87976;302006;3;Przedszkole w Zielonej Łące 63-300 Zielona Łąka 21;593;117;117;5;112;19.73;4.27;599;264;264;8;256;44.07;3.03
87977;302006;4;Zespół Szkół Publicznych w Taczanowie Drugim 63-300 Taczanów Drugi 32C;1137;149;149;5;144;13.10;3.36;1100;422;422;13;409;38.36;3.08
87978;302006;5;Przedszkole w Grodzisku 63-300 Grodzisko 77;848;91;91;3;88;10.73;3.30;844;314;314;12;302;37.20;3.82
87979;302006;6;Świetlica Wiejska w Pacanowicach 63-300 Pacanowice 19;224;35;35;0;35;15.62;0.00;226;72;72;1;71;31.86;1.39
87980;302006;7;Zespół Szkół Publicznych w Kuczkowie 63-300 Kuczków ul. Parkowa 11;811;56;56;3;53;6.91;5.36;808;259;259;15;244;32.05;5.79
87981;302006;8;Dom Kultury w Piekarzewie 63-300 Piekarzew 22;462;50;50;2;48;10.82;4.00;454;169;169;1;168;37.22;0.59
87982;302006;9;Świetlica Wiejska w Suchorzewie 63-300 Suchorzew ul. Kowalewska 4;486;63;63;4;59;12.96;6.35;478;201;201;9;192;42.05;4.48
87983;302006;10;Zespół Szkół Publicznych w Lenartowicach 63-300 Lenartowice 59;757;100;100;4;96;13.21;4.00;768;305;305;9;296;39.71;2.95
87984;302006;11;Zespół Szkół Przyrodniczo-Politechnicznych, Centrum Kształcenia Ustawicznego w Marszewie 63-300 Marszew 22;622;91;91;5;86;14.63;5.49;618;257;257;16;241;41.59;6.23
87985;302006;12;Przedszkole w Brzeziu 63-300 Brzezie ul. Stawiszyńska 3;538;84;84;7;77;15.61;8.33;533;234;234;18;216;43.90;7.69
87986;302006;13;Przedszkole w Zawidowicach 63-300 Zawidowice 8;301;36;36;2;34;11.96;5.56;288;127;127;5;122;44.10;3.94
87987;302006;14;Zespół Szkół Publicznych w Sowinie Błotnej 63-300 Sowina Błotna 30;948;92;92;2;90;9.70;2.17;963;326;326;15;311;33.85;4.60
87988;302006;15;Zespół Szkół Technicznych w Pleszewie 63-300 Pleszew ul. Zielona 3;1628;385;385;15;370;23.65;3.90;1593;807;807;21;786;50.66;2.60
87989;302006;16;Dom Pomocy Społecznej 63-300 Pleszew ul. Podgórna 2;640;155;155;11;144;24.22;7.10;639;335;335;6;329;52.43;1.79
87990;302006;17;Dom Pomocy Społecznej 63-300 Pleszew ul. Podgórna 2;934;194;194;4;190;20.77;2.06;944;455;455;4;451;48.20;0.88
87991;302006;18;Zespół Szkół Publicznych Nr 2 w Pleszewie 63-300 Pleszew ul. Ogrodowa 2;693;126;126;7;119;18.18;5.56;669;305;305;21;284;45.59;6.89
87992;302006;19;Zespół Szkół Publicznych Nr 1 w Pleszewie 63-300 Pleszew ul. Szkolna 5;1014;216;216;19;197;21.30;8.80;1048;482;482;15;467;45.99;3.11
87993;302006;20;Zespół Szkół Publicznych Nr 1 w Pleszewie 63-300 Pleszew ul. Szkolna 5;957;210;210;7;203;21.94;3.33;953;464;464;12;452;48.69;2.59
87994;302006;21;I Liceum Ogólnokształcące im.St.Staszica w Pleszewie 63-300 Pleszew ul. Poznańska 38;1436;280;280;13;267;19.50;4.64;1410;655;655;8;647;46.45;1.22
87995;302006;22;I Liceum Ogólnokształcące im. St. Staszica w Pleszewie 63-300 Pleszew ul. Poznańska 38;1390;308;308;11;297;22.16;3.57;1348;739;739;19;720;54.82;2.57
87996;302006;23;Zespół Szkół Publicznych Nr 3 w Pleszewie 63-300 Pleszew ul. Bolesława Krzywoustego 6;1117;217;217;8;209;19.43;3.69;1132;552;552;4;548;48.76;0.72
87997;302006;24;Zespół Szkół Publicznych Nr 3 w Pleszewie 63-300 Pleszew ul. Bolesława Krzywoustego 6;1261;316;316;14;302;25.06;4.43;1226;679;679;16;663;55.38;2.36
87998;302006;25;Zespół Szkół Publicznych Nr 3 w Pleszewie 63 - 300 Pleszew ul. Bolesława Krzywoustego 6;1293;304;304;7;297;23.51;2.30;1242;643;643;24;619;51.77;3.73
87999;302006;26;Zespół Szkół Publicznych Nr 2 w Pleszewie 63-300 Pleszew ul. Ogrodowa 2;1548;304;304;9;295;19.64;2.96;1555;816;816;20;796;52.48;2.45
91669;302006;27;Pleszewskie Centrum Medyczne Sp. z o.o. w Pleszewie 63-300 Pleszew ul. Poznańska 125A;167;28;28;3;25;16.77;10.71;151;46;46;5;41;30.46;10.87
91670;302006;28;Dom Pomocy Społecznej w Pleszewie 63-300 Pleszew Plac Wolności im. Jana Pawła II 5;209;30;30;6;24;14.35;20.00;203;41;41;3;38;20.20;7.32
88000;302101;1;Gimnazjum nr 1 62-030 Luboń ul. Armii Poznań 27;1095;292;292;9;283;26.67;3.08;1080;573;573;13;560;53.06;2.27
88001;302101;2;Szkoła Podstawowa nr 3 62-030 Luboń ul. Jana Henryka Dąbrowskiego 2A;1180;363;363;21;342;30.76;5.79;1220;730;730;9;721;59.84;1.23
88002;302101;3;Przedsiębiorstwo Usług Komunalnych Kom-Lub Spółka z o.o 62-030 Luboń ul. Niepodległości 11;1128;307;307;10;297;27.22;3.26;1123;652;652;12;640;58.06;1.84
88003;302101;4;Biblioteka Miejska 62-030 Luboń ul. Żabikowska 42;1024;294;294;17;277;28.71;5.78;1009;641;641;11;630;63.53;1.72
88004;302101;5;Biblioteka Miejska 62-030 Luboń ul. Żabikowska 42;884;204;204;5;199;23.08;2.45;925;603;603;15;588;65.19;2.49
88005;302101;6;Szkoła Podstawowa nr 2 62-030 Luboń ul. Żabikowska 40;1003;311;311;8;303;31.01;2.57;1021;672;672;10;662;65.82;1.49
88006;302101;7;Szkoła Podstawowa nr 2 62-030 Luboń ul. Żabikowska 40;1098;296;296;9;287;26.96;3.04;1094;616;616;12;604;56.31;1.95
88007;302101;8;Spółdzielnia Mieszkaniowa 62-030 Luboń ul. Żabikowska 62;1237;382;382;12;370;30.88;3.14;1215;705;705;14;691;58.02;1.99
88008;302101;9;Miejski Ośrodek Pomocy Społecznej 62-030 Luboń ul. Źródlana 1;1189;344;344;10;334;28.93;2.91;1158;691;691;15;676;59.67;2.17
88009;302101;10;Miejski Ośrodek Pomocy Społecznej 62-030 Luboń ul. Źródlana 1;1000;271;271;2;269;27.10;0.74;989;584;584;6;578;59.05;1.03
88010;302101;11;Szkoła Podstawowa nr 1 62-030 Luboń ul. Józefa Poniatowskiego 16;1157;339;339;13;326;29.30;3.83;1150;679;679;15;664;59.04;2.21
88011;302101;12;Gimnazjum nr 2 62-030 Luboń ul. Hugona Kołłątaja 1;1078;328;328;2;326;30.43;0.61;1103;697;697;16;681;63.19;2.30
88012;302101;13;Szkoła Podstawowa nr 1 62-030 Luboń ul. Józefa Poniatowskiego 16;1152;421;421;16;405;36.55;3.80;1162;786;786;21;765;67.64;2.67
88013;302101;14;Szkoła Podstawowa nr 2 62-030 Luboń Żabikowska 40;1250;344;344;18;326;27.52;5.23;1247;758;758;24;734;60.79;3.17
88014;302101;15;Luboński Ośrodek Sportu i Rekreacji 62-030 Luboń Hugona Kołłątaja 2;1187;333;333;10;323;28.05;3.00;1192;723;723;14;709;60.65;1.94
88015;302101;16;Luboński Ośrodek Sportu i Rekreacji 62-030 Luboń Hugona Kołłątaja 2;1068;385;385;31;354;36.05;8.05;1084;731;731;13;718;67.44;1.78
88016;302101;17;Gimnazjum nr 2 62-030 Luboń Hugona Kołłątaja 1;1133;337;337;10;327;29.74;2.97;1185;752;752;12;740;63.46;1.60
88017;302101;18;Szkoła Podstawowa nr 4 62-030 Luboń 1 Maja 10;1171;305;305;14;291;26.05;4.59;1184;642;642;19;623;54.22;2.96
88018;302101;19;Luvena SA 62-030 Luboń Romana Maya 1;1050;186;186;6;180;17.71;3.23;1026;493;493;17;476;48.05;3.45
88019;302101;20;Szkoła Podstawowa nr 4 62-030 Luboń 1 Maja 10;937;208;208;11;197;22.20;5.29;973;568;568;5;563;58.38;0.88
88020;302101;21;Ośrodek Kultury 62-030 Luboń Jana III Sobieskiego 97;1159;262;262;5;257;22.61;1.91;1147;683;683;19;664;59.55;2.78
88021;302102;1;Biblioteka Miejska 62-040 Puszczykowo ul. Wysoka 1;1640;510;510;6;504;31.10;1.18;1623;1017;1017;17;1000;62.66;1.67
88022;302102;2;Szkoła Podstawowa nr 1 62-040 Puszczykowo ul. Wysoka 1;1054;379;379;11;368;35.96;2.90;1029;673;673;6;667;65.40;0.89
88023;302102;3;Szkoła Podstawowa nr 1 62-040 Puszczykowo ul. Wysoka 1;1043;352;352;6;346;33.75;1.70;1041;694;694;7;687;66.67;1.01
88024;302102;4;Szkoła Podstawowa nr 2 62-040 Puszczykowo ul. Kasprowicza 1;1516;630;630;16;614;41.56;2.54;1522;1047;1047;13;1034;68.79;1.24
88025;302102;5;Szkoła Podstawowa nr 2 62-040 Puszczykowo ul.Kasprowicza 1;1087;404;404;14;390;37.17;3.47;1089;738;738;14;724;67.77;1.90
88026;302102;6;Szkoła Podstawowa nr 2 62-040 Puszczykowo ul.Kasprowicza 1;1488;479;479;15;464;32.19;3.13;1520;983;983;13;970;64.67;1.32
91671;302102;7;N.Z.O.Z. Szpital w Puszczykowie 62-040 Puszczykowo ul.Kraszewskiego 11;225;12;12;1;11;5.33;8.33;190;46;46;1;45;24.21;2.17
88027;302103;1;Kino „Wielkopolanin” 64-320 Buk Pl. St. Reszki 29;2073;536;536;27;509;25.86;5.04;2047;1089;1089;40;1049;53.20;3.67
88028;302103;2;Hala Sportowa 64-320 Buk ul. Szarych Szeregów 10;2136;563;563;30;533;26.36;5.33;2129;1222;1222;49;1173;57.40;4.01
88029;302103;3;Szkoła Podstawowa 64-320 Buk ul. Szkolna 12;2040;429;429;17;412;21.03;3.96;2051;1053;1053;36;1017;51.34;3.42
88030;302103;4;Szkoła Podstawowa 64-320 Niepruszewo ul. Starowiejska 26;1300;255;255;12;243;19.62;4.71;1314;668;668;29;639;50.84;4.34
88031;302103;5;Szkoła Podstawowa 64-320 Szewce ul. Bukowska 151;1064;167;167;21;146;15.70;12.57;1069;446;446;33;413;41.72;7.40
88032;302103;6;Szkoła Podstawowa 64-320 Dobieżyn ul. Powstańców Wielkopolskich 3;974;225;225;10;215;23.10;4.44;982;497;497;16;481;50.61;3.22
88033;302104;1;Gimnazjum im. Kazimierza Górskiego 62-005 Bolechowo ul. Wojska Polskiego 6;1888;401;401;17;384;21.24;4.24;1948;1024;1024;38;986;52.57;3.71
88034;302104;2;Szkoła Podstwowa im. Józefa Wybickiego 62-005 Owińska ul. Poprzeczna 10;1910;588;588;16;572;30.79;2.72;1948;1106;1106;13;1093;56.78;1.18
88035;302104;3;Szkoła Podstawowa im Józefa Wybickiego 62-005 Owińska ul. Poprzeczna 10;1001;179;179;14;165;17.88;7.82;988;412;412;24;388;41.70;5.83
88036;302104;4;Gminne Przedszkole im. Dzieci z Leszczynowej Górki 62-004 Czerwonak Plac Zielony 4;1856;408;408;15;393;21.98;3.68;1824;911;911;28;883;49.95;3.07
88037;302104;5;Szkoła Podstawowa im. Józefa Wybickiego 62-004 Czerwonak ul. Rolna 8;1047;310;310;7;303;29.61;2.26;1039;669;669;12;657;64.39;1.79
88038;302104;6;Gminny Ośrodek Kultury „Sokół” 62-004 Czerwonak ul. Gdyńska 47;1672;513;513;27;486;30.68;5.26;1695;1060;1060;20;1040;62.54;1.89
88039;302104;7;Szkoła Podstawowa im A Cieszkowskiego 62-004 Kicin ul. Gwarna 1;1649;570;570;24;546;34.57;4.21;1707;1091;1091;12;1079;63.91;1.10
88040;302104;8;Szkoła Podstawowa im. gen. Stefana Roweckiego „Grota” 62-028 Koziegłowy ul. Poznańska;850;214;214;6;208;25.18;2.80;779;418;419;11;407;53.66;2.63
88041;302104;9;Gimnazjum w Koziegłowach 62-028 Koziegłowy ul. Piaskowa 15;1147;309;309;11;298;26.94;3.56;1164;750;750;11;739;64.43;1.47
88042;302104;10;Gimnazjum 62-028 Koziegłowy ul. Piaskowa 15;1163;312;312;12;300;26.83;3.85;1155;683;683;8;675;59.13;1.17
88043;302104;11;Gimnazjum 62-028 Koziegłowy ul. Piaskowa 15;1074;236;236;5;231;21.97;2.12;1080;596;596;11;585;55.19;1.85
88044;302104;12;Gimnazjum 62-028 Koziegłowy ul. Piaskowa 15;1191;311;311;12;299;26.11;3.86;1182;632;632;13;619;53.47;2.06
88045;302104;13;Gimnazjum 62-028 Koziegłowy ul. Piaskowa 15;1136;326;326;10;316;28.70;3.07;1122;716;716;13;703;63.81;1.82
88046;302104;14;Gimnazjum w Koziegłowach 62-028 Koziegłowy ul. Piaskowa 15;1100;315;315;13;302;28.64;4.13;1200;784;784;9;775;65.33;1.15
88047;302104;15;Szkoła Podstawowa im. gen. Stefana Roweckiego „Grota” 62-028 Koziegłowy ul. Poznańska;1514;452;452;8;444;29.85;1.77;1469;929;929;10;919;63.24;1.08
91672;302104;16;Zakład Karny w Koziegłowach 62-028 Koziegłowy Piaskowa 7;452;115;115;11;104;25.44;9.57;405;151;151;20;131;37.28;13.25
88048;302105;1;Szkoła Podstawowa 62-070 Dąbrowa ul. Szkolna 41;1216;377;377;11;366;31.00;2.92;1273;797;797;13;784;62.61;1.63
88049;302105;2;Szkoła Podstawowa 62-070 Dąbrówka ul. Malinowa 41;1410;561;561;9;552;39.79;1.60;1506;1105;1105;8;1097;73.37;0.72
88050;302105;3;Szkoła Podstawowa 62-070 Dąbrówka ul. Malinowa 41;675;242;242;2;240;35.85;0.83;815;612;612;5;607;75.09;0.82
88051;302105;4;Budynek byłego GOK 62-070 Dopiewiec ul. Szkolna 11;814;183;183;2;181;22.48;1.09;942;553;553;15;538;58.70;2.71
88052;302105;5;Zespół Szkolno-Przedszkolny 62-070 Dopiewo ul. Bukowska 13;1610;343;343;17;326;21.30;4.96;1654;885;885;23;862;53.51;2.60
88053;302105;6;Zespół Szkolno-Przedszkolny 62-070 Dopiewo ul. Bukowska 13;845;223;223;7;216;26.39;3.14;873;512;512;12;500;58.65;2.34
88054;302105;7;Świetlica Wiejska-Dom Strażaka 62-070 Palędzie ul. Leśna 17;1241;317;317;7;310;25.54;2.21;1349;813;813;14;799;60.27;1.72
88055;302105;8;Szkoła Podstawowa 62-070 Konarzewo ul. Szkolna 16;1649;340;340;14;326;20.62;4.12;1728;883;883;33;850;51.10;3.74
88056;302105;9;Szkoła Podstawowa 60-185 Skórzewo ul. Poznańska 70;2356;746;746;21;725;31.66;2.82;2528;1628;1628;33;1595;64.40;2.03
88057;302105;10;Szkoła Podstawowa 60-185 Skórzewo ul. Poznańska 70;2039;852;852;19;833;41.79;2.23;2245;1746;1746;10;1736;77.77;0.57
88058;302105;11;Zespół Szkolno-Przedszkolny 62-070 Więckowice ul. Gromadzka 7;882;212;212;10;202;24.04;4.72;915;464;465;24;440;50.71;5.17
90053;302105;12;Dom Strażaka 62-070 Zakrzewo ul. Długa 73;935;296;296;16;280;31.66;5.41;985;617;617;11;606;62.64;1.78
91673;302105;13;Dom Pomocy Społecznej 62-070 Lisówki Leśne Zacisze 2;81;34;34;7;27;41.98;20.59;81;33;33;10;23;40.74;30.30
88059;302106;1;Ośrodek Kultury 63-005 Kleszczewo ul. Poznańska 6;1848;436;436;10;426;23.59;2.29;1892;994;994;29;965;52.54;2.92
88060;302106;2;Świetlica wiejska 63-004 Gowarzewo ul. Swarzędzka 14;1334;318;318;8;310;23.84;2.52;1496;902;902;19;883;60.29;2.11
88061;302106;3;Zespół Szkół 63-004 Tulce ul.Poznańska 1;1908;622;622;14;608;32.60;2.25;2043;1326;1326;22;1304;64.90;1.66
88062;302107;1;Wiejski Dom Kultury „Koźlak” 62-052 Chomęcice ul.Poznańska 65;794;235;235;10;225;29.60;4.26;816;458;458;12;446;56.13;2.62
88063;302107;2;Dom Kultury „Dworek” 62-052 Głuchowo ul.Parkowa 2;523;103;103;5;98;19.69;4.85;553;245;245;7;238;44.30;2.86
88064;302107;3;Gimnazjum 62-052 Komorniki ul.Pocztowa 30;690;242;242;3;239;35.07;1.24;750;518;518;10;508;69.07;1.93
88065;302107;4;Gimnazjum 62-052 Komorniki ul. Pocztowa 30;763;197;197;12;185;25.82;6.09;757;410;410;9;401;54.16;2.20
88066;302107;5;Gimnazjum 62-052 Komorniki ul. Pocztowa 30;1003;234;234;7;227;23.33;2.99;1047;596;596;22;574;56.92;3.69
88067;302107;6;Szkoła Podstawowa 62-052 Komorniki ul. Staszica 25;943;296;296;9;287;31.39;3.04;963;595;595;15;580;61.79;2.52
88068;302107;7;Szkoła Podstawowa 62-052 Komorniki ul.Staszica 25;722;240;240;3;237;33.24;1.25;872;628;628;6;622;72.02;0.96
88069;302107;8;Szkoła Podstawowa 62-052 Komorniki ul.Staszica 25;994;274;274;4;270;27.57;1.46;1146;749;749;4;745;65.36;0.53
88070;302107;9;Dom Kultury „Remiza” 62-064 Plewiska ul.Grunwaldzka 565;713;171;171;7;164;23.98;4.09;760;393;393;12;381;51.71;3.05
88071;302107;10;Dom Kultury „Remiza” 62-064 Plewiska ul.Grunwaldzka 565;905;274;274;2;272;30.28;0.73;1012;671;671;12;659;66.30;1.79
88072;302107;11;Dom Kultury „Remiza” 62-064 Plewiska ul.Grunwaldzka 565;712;208;208;3;205;29.21;1.44;742;488;488;7;481;65.77;1.43
88073;302107;12;Szkoła Podstawowa 62-064 Plewiska ul. Szkolna 64;857;248;250;5;243;28.94;2.02;846;519;519;9;510;61.35;1.73
88074;302107;13;Szkoła Podstawowa 62-064 Plewiska ul. Szkolna 64;815;223;223;4;219;27.36;1.79;889;536;536;9;527;60.29;1.68
88075;302107;14;Szkoła Podstawowa 62-064 Plewiska ul. Szkolna 64;1009;310;310;11;299;30.72;3.55;1270;888;888;6;882;69.92;0.68
88076;302107;15;Szkoła Podstawowa 62-064 Plewiska ul. Szkolna 64;910;288;288;7;281;31.65;2.43;989;674;674;14;660;68.15;2.08
88077;302107;16;Dom Kultury „Klub” 62-052 Rosnówko ul.1 Maja 50;937;270;270;13;257;28.82;4.81;971;556;556;14;542;57.26;2.52
88078;302107;17;Świetlica Wiejska 62-052 Szreniawa ul. Nowa 9;581;127;127;5;122;21.86;3.94;601;335;336;11;324;55.74;3.28
88079;302107;18;Salka parafialna 62-051 Wiry ul. Komornicka 175;799;214;214;11;203;26.78;5.14;877;501;501;13;488;57.13;2.59
88080;302107;19;Dom Kultury 62-051 Wiry ul. Łęczycka 101;681;228;228;5;223;33.48;2.19;712;491;491;13;478;68.96;2.65
88081;302107;20;Dom Kultury 62-051 Wiry ul. Łęczycka 101;728;183;183;8;175;25.14;4.37;727;392;392;12;380;53.92;3.06
88082;302107;21;Dom Kultury 62-051 Łęczyca ul. Poznańska 14;689;189;189;5;184;27.43;2.65;718;410;410;12;398;57.10;2.93
91674;302107;22;Oddział Zewnętrzny w Rosnowie Aresztu Śledczego w Poznaniu 62-052 Rosnowo ul. Jarzębinowa 2;89;53;53;8;45;59.55;15.09;65;59;59;4;55;90.77;6.78
88083;302108;1;Świetlica Wiejska 62-025 Gwiazdowo 15;786;151;151;7;144;19.21;4.64;777;275;275;8;267;35.39;2.91
88084;302108;2;Zespół Szkół 62-025 Iwno ul. Szkolna 11;919;154;154;15;139;16.76;9.74;919;375;375;25;350;40.81;6.67
88085;302108;3;Zespół Szkół 62-025 Brzeźno ul. Długa 3;735;78;78;2;76;10.61;2.56;753;291;291;15;276;38.65;5.15
88086;302108;4;Zespół Szkół 62-025 Gułtowy ul. Średzka 8;830;126;126;3;123;15.18;2.38;801;349;349;21;328;43.57;6.02
88087;302108;5;Zespół Szkół 62-025 Czerlejno ul. Kostrzyńska 4;1838;293;293;17;276;15.94;5.80;1858;729;729;37;692;39.24;5.08
88088;302108;6;Zespół Szkół 62-025 Siekierki Wielkie ul. Stanisława Karalusa 1;1056;253;253;9;244;23.96;3.56;1143;652;652;17;635;57.04;2.61
88089;302108;7;Gimnazjum 62-025 Kostrzyn ul. Powstańców Wlkp. 28A;877;206;206;8;198;23.49;3.88;902;481;481;14;467;53.33;2.91
88090;302108;8;Urząd Miejski 62-025 Kostrzyn ul. Dworcowa 5;2121;442;442;20;422;20.84;4.52;2133;1106;1106;44;1062;51.85;3.98
88091;302108;9;Miejsko-Gminny Ośrodek Kultury 62-025 Kostrzyn ul. Poznańska 33;1733;375;375;23;352;21.64;6.13;1764;789;789;32;757;44.73;4.06
88092;302108;10;Przedszkole Miejskie 62-025 Kostrzyn ul. Średzka 9;939;263;263;12;251;28.01;4.56;943;493;493;19;474;52.28;3.85
88093;302108;11;Biblioteka Publiczna Miasta i Gminy 62-025 Kostrzyn ul. Poznańska 20;1724;423;423;22;401;24.54;5.20;1712;832;832;29;803;48.60;3.49
88094;302109;1;Zespół Szkół w KÓRNIKU 62-035 Kórnik ul. Poznańska 2;796;226;226;9;217;28.39;3.98;786;498;498;10;488;63.36;2.01
88095;302109;2;Szkoła Podstawowa nr 1 w KÓRNIKU 62-035 Kórnik ul. Dworcowa 11;1673;549;549;27;522;32.82;4.92;1664;1087;1087;24;1063;65.32;2.21
88096;302109;3;Zespół Szkół w KÓRNIKU 62-035 Kórnik ul. Poznańska 2;1313;402;402;20;382;30.62;4.98;1331;789;789;17;772;59.28;2.15
88097;302109;4;Szkoła Podstawowa nr 2 w KÓRNIKU 62-035 Kórnik ul. Armii Krajowej 11;1924;455;455;15;440;23.65;3.30;2009;1100;1100;36;1064;54.75;3.27
88098;302109;5;Szkoła Podstawowa w RADZEWIE 62-035 Radzewo ul. Dworzyskowa 3;1812;277;277;12;265;15.29;4.33;1505;755;755;32;723;50.17;4.24
88099;302109;6;Szkoła Podstawowa nr 2 w KÓRNIKU 62-035 Kórnik ul. Armii Krajowej 11;803;145;145;5;140;18.06;3.45;1298;663;663;22;641;51.08;3.32
88100;302109;7;Budynek przy ul. Szkolnej 2 w BORÓWCU 62-023 Borówiec ul. Szkolna 2;642;164;164;5;159;25.55;3.05;443;297;297;10;287;67.04;3.37
88101;302109;8;Szkoła Podstawowa w SZCZODRZYKOWIE 62-035 Szczodrzykowo ul. Ogrodowa 21;974;130;130;5;125;13.35;3.85;951;394;394;15;379;41.43;3.81
88102;302109;9;Szkoła Podstawowa w SZCZODRZYKOWIE 62-035 Szczodrzykowo ul. Ogrodowa 21;744;141;141;13;128;18.95;9.22;751;329;329;14;315;43.81;4.26
88103;302109;10;Gimnazjum w ROBAKOWIE 62-023 Robakowo ul. Szkolna 3;1647;381;381;21;360;23.13;5.51;1774;1049;1049;28;1021;59.13;2.67
88104;302109;11;Gimnazjum w ROBAKOWIE 62-023 Robakowo ul. Szkolna 3;646;96;96;5;91;14.86;5.21;630;243;243;4;239;38.57;1.65
88105;302109;12;Budynek przy ul. Szkolnej 2 w BORÓWCU 62-023 Borówiec ul. Szkolna 2;1588;629;629;17;612;39.61;2.70;1669;1195;1195;14;1181;71.60;1.17
88106;302109;13;Dom Strażaka w KAMIONKACH 62-023 Kamionki ul. Poznańska 78;1754;612;612;21;591;34.89;3.43;2021;1426;1426;16;1410;70.56;1.12
88107;302109;14;Świetlica w SZCZYTNIKACH 62-023 Szczytniki ul. Wspólna 18;793;281;281;4;277;35.44;1.42;1100;698;698;11;687;63.45;1.58
88108;302110;1;Świetlica Wiejska 61-160 Czapury ul. Poznańska 78;1440;416;416;14;402;28.89;3.37;1689;1036;1036;23;1013;61.34;2.22
88109;302110;2;Szkoła Podstawowa 61-160 Czapury ul. Poznańska 78;990;232;232;9;223;23.43;3.88;999;492;492;21;471;49.25;4.27
88110;302110;3;Świetlica Wiejska 61-160 Daszewice ul. Piotrowska 3;1286;375;375;12;363;29.16;3.20;1341;845;845;10;835;63.01;1.18
88111;302110;4;Świetlica Wiejska 62-022 Rogalinek ul. Kościelna 3;1386;304;304;17;287;21.93;5.59;1380;742;742;22;720;53.77;2.96
88112;302110;5;Zespół Szkół w Rogalinie 62-022 Rogalin ul. Poznańska 2;854;166;166;5;161;19.44;3.01;829;367;367;12;355;44.27;3.27
88113;302110;6;Świetlica Wiejska 62-022 Mieczewo ul. Szeroka 3;695;171;171;4;167;24.60;2.34;723;421;421;8;413;58.23;1.90
88114;302110;7;Klub Rolnika 62-050 Sowinki 1C;630;142;142;11;131;22.54;7.75;629;321;321;16;305;51.03;4.98
88115;302110;8;Centrum Kształcenia 62-053 Nowinki ul. Powstańców Wielkopolskich 3;994;197;197;11;186;19.82;5.58;1012;500;500;21;479;49.41;4.20
88116;302110;9;Szkoła Podstawowa 62-053 Pecna ul. Szkolna 19;1525;265;265;11;254;17.38;4.15;1520;768;768;30;738;50.53;3.91
88117;302110;10;Szkoła Podstawowa 62-050 Krosinko ul. Wiejska 43;1169;203;203;9;194;17.37;4.43;1176;607;607;13;594;51.62;2.14
88118;302110;11;Zespół Szkół 62-050 Krosno ul. Główna 43;816;141;141;6;135;17.28;4.26;803;382;382;9;373;47.57;2.36
88119;302110;12;Zespół Szkół 62-050 Krosno ul. Główna 43;988;229;229;5;224;23.18;2.18;1120;660;660;7;653;58.93;1.06
88120;302110;13;Specjalny Ośrodek Szkolno -Wychowawczy 62-050 Mosina ul. Kościelna 2;1089;264;264;6;258;24.24;2.27;1073;571;571;19;552;53.22;3.33
88121;302110;14;Szkoła Podstawowa Nr 1 62-050 Mosina ul. Szkolna 1;1350;367;367;10;357;27.19;2.72;1357;825;825;23;802;60.80;2.79
88122;302110;15;Przedszkole Nr 4 62-050 Mosina ul. Kasprowicza 28;1014;281;281;10;271;27.71;3.56;1004;582;582;14;568;57.97;2.41
88123;302110;16;Zespół Szkół 62-050 Mosina ul. Krasickiego 16;1275;343;343;13;330;26.90;3.79;1405;888;888;22;866;63.20;2.48
88124;302110;17;Mosiński Ośrodek Kultury 62-050 Mosina ul. Dworcowa 4;892;192;192;5;187;21.52;2.60;910;519;519;5;514;57.03;0.96
88125;302110;18;Przedszkole Nr 2 62-050 Mosina ul. Powstańców Wielkopolskich 1;1532;311;311;10;301;20.30;3.22;1548;814;814;27;787;52.58;3.32
88126;302110;19;Zespół Szkół im. Adama Wodziczki 62-050 Mosina ul. Topolowa 2;1168;348;348;11;337;29.79;3.16;1156;718;718;13;705;62.11;1.81
88127;302110;20;Zespół Szkół w Mosinie 62-050 Mosina ul. Sowiniecka 75;912;227;227;13;214;24.89;5.73;898;526;526;17;509;58.57;3.23
88128;302110;21;Zespół Szkół w Mosinie 62-050 Mosina ul. Sowiniecka 75;891;285;285;9;276;31.99;3.16;924;585;585;12;573;63.31;2.05
91675;302110;22;Szpital 62-050 Ludwikowo ul. Leśna 6;148;38;38;4;34;25.68;10.53;144;85;85;8;77;59.03;9.41
88129;302111;1;Remiza OSP Mściszewo 62-095 Mściszewo 31;405;91;91;5;86;22.47;5.49;385;182;182;5;177;47.27;2.75
88130;302111;2;Szkoła Podstawowa 62-095 Białężyn 11a;959;134;134;7;127;13.97;5.22;961;325;325;18;307;33.82;5.54
88131;302111;3;Przedszkole „Leśne skrzaty” 62-095 Przebędowo 1;945;149;149;12;137;15.77;8.05;944;424;424;14;410;44.92;3.30
88132;302111;4;Szkoła Podstawowa 62-095 Długa Goślina 22;861;166;166;1;165;19.28;0.60;900;390;390;10;380;43.33;2.56
88133;302111;5;Szkoła Podstawowa 62-095 Łopuchowo 15;621;103;103;2;101;16.59;1.94;620;248;248;10;238;40.00;4.03
88134;302111;6;Remiza OSP Boduszewo 62-095 Boduszewo 19B;984;218;218;2;216;22.15;0.92;1036;552;552;12;540;53.28;2.17
88135;302111;7;Gimnazjum nr 1 62-095 Murowana Goślina ul.Mściszewska 10;1461;325;325;11;314;22.25;3.38;1509;779;779;27;752;51.62;3.47
88136;302111;8;Miejsko - Gminny Ośrodek Kultury i Rekreacji 62-095 Murowana Goślina ul.Poznańska 16;1897;479;479;26;453;25.25;5.43;1905;1079;1079;17;1062;56.64;1.58
88137;302111;9;Przedszkole „Słoneczko” 62-095 Murowana Goślina ul. Leśna 9;762;218;218;8;210;28.61;3.67;764;433;433;16;417;56.68;3.70
88138;302111;10;Szkoła Podstawowa nr 2 62-095 Murowana Goślina ul. Gen. Tadeusza Kutrzeby 3;2017;518;519;21;497;25.68;4.05;1980;1089;1089;25;1064;55.00;2.30
88139;302111;11;Gimnazjum nr 2 62-095 Murowana Goślina ul. Gen. Tadeusza Kutrzeby 3;2145;623;623;16;607;29.04;2.57;2169;1274;1274;24;1250;58.74;1.88
88140;302112;1;Zespół Szkół im. Konstytucji 3 Maja 62-010 Pobiedziska ul. Gajowa 22;1146;348;348;11;337;30.37;3.16;1180;717;717;22;695;60.76;3.07
88141;302112;2;Urząd Miasta i Gminy 62-010 Pobiedziska ul. Kościuszki 4;1000;242;242;13;229;24.20;5.37;994;511;511;28;483;51.41;5.48
88142;302112;3;Remiza OSP, Pobiedziska 62-010 Pobiedziska ul. Tysiąclecia 18;992;224;224;21;203;22.58;9.38;984;496;496;10;486;50.41;2.02
88143;302112;4;Zespół Szkół Szkoła Podstawowa i Gimnazjum 62-010 Pobiedziska ul. Kostrzyńska 23;1822;429;429;29;400;23.55;6.76;1821;880;880;21;859;48.33;2.39
88144;302112;5;Przedszkole, Pobiedziska 62-010 Pobiedziska ul. Różana 4;2034;575;575;23;552;28.27;4.00;2073;1281;1281;37;1244;61.79;2.89
88145;302112;6;Ośrodek Kultury, Pobiedziska 62-010 Pobiedziska ul. Kostrzyńska 21;1734;259;259;12;247;14.94;4.63;1751;665;665;14;651;37.98;2.11
88146;302112;7;Szkoła Podstawowa i Gimnazjum 62-010 Wronczyn 1a;1024;242;242;6;236;23.63;2.48;1037;520;520;14;506;50.14;2.69
88147;302112;8;Szkoła Podstawowa 62-010 Węglewo 16;883;109;109;5;104;12.34;4.59;871;313;313;16;297;35.94;5.11
88148;302112;9;Szkoła Podstawowa i Gimnazjum 62-007 Jerzykowo ul. Spokojna 3;2007;579;579;16;563;28.85;2.76;2065;1167;1167;34;1133;56.51;2.91
88149;302112;10;Zespół Szkoła Podstawowa i Przedszkole 62-007 Biskupice ul. Szkolna 2;1941;609;609;16;593;31.38;2.63;2000;1224;1224;33;1191;61.20;2.70
91676;302112;11;Areszt Śledczy 62-010 Pobiedziska ul. Władysława Jagiełły 34;51;51;51;12;39;100.00;23.53;54;54;54;14;40;100.00;25.93
88150;302113;1;Szkoła Podstawowa im. J.Brzechwy w Rokietnicy 62-090 Rokietnica ul. Szkolna 3c;2163;680;680;15;665;31.44;2.21;975;658;658;8;650;67.49;1.22
88151;302113;2;Szkoła Podstawowa im. J.Brzechwy w Rokietnicy 62-090 Rokietnica ul. Szkolna 3c;1829;494;494;15;479;27.01;3.04;1852;1087;1087;30;1057;58.69;2.76
88152;302113;3;Gimnazjum im. Noblistów w Rokietnicy 62-090 Rokietnica ul. Trakt Napoleoński 55;2250;552;552;6;546;24.53;1.09;966;655;655;6;649;67.81;0.92
88153;302113;4;Klub Sołecki w Cerekwicy 62-090 Cerekwica Szamotulska 7;1646;391;391;17;374;23.75;4.35;1768;1092;1092;18;1074;61.76;1.65
88154;302113;5;Zespół Szkolno-Przedszkolny w Napachaniu 62-090 Napachanie Poznańska 26;1017;251;251;10;241;24.68;3.98;1046;596;596;3;593;56.98;0.50
88155;302113;6;Świetlica wiejska w Krzyszkowie 62-090 Krzyszkowo Koszycy 1;634;203;203;12;191;32.02;5.91;686;399;399;14;385;58.16;3.51
88156;302113;7;Świetlica wiejska w Żydowie 62-090 Żydowo Rostworowska 5;688;110;110;6;104;15.99;5.45;688;286;286;22;264;41.57;7.69
88157;302113;8;Gminny Ośrodek Kultury w Rokietnicy 62-090 Rokietnica Szkolna 3a;443;84;84;1;83;18.96;1.19;469;258;258;8;250;55.01;3.10
88158;302114;1;Budynek oświatowy 62-060 Stęszew ul. Korczaka 2;1579;371;371;21;350;23.50;5.66;1591;869;869;30;839;54.62;3.45
88159;302114;2;Klub „Siódemka” 62-060 Stęszew ul. Poznańska 7;1580;361;361;20;341;22.85;5.54;1604;880;880;35;845;54.86;3.98
88160;302114;3;Gimnazjum 62-060 Stęszew ul. Szkolna 1;1424;339;339;13;326;23.81;3.83;1424;732;732;37;695;51.40;5.05
88161;302114;4;Szkoła Podstawowa 62-060 Stęszew ul. Poznańska 25;1507;279;279;17;262;18.51;6.09;1522;707;707;35;672;46.45;4.95
88162;302114;5;Budynek byłej szkoły 62-060 Łódź ul. Szkolna 24;1610;240;240;18;222;14.91;7.50;1616;601;601;25;576;37.19;4.16
88163;302114;6;Szkoła Podstawowa 62-060 Modrze ul. Kościuszki 14;1107;161;161;21;140;14.54;13.04;1091;436;436;31;405;39.96;7.11
88164;302114;7;Swietlica Wiejska 62-060 Strykowo ul. Bukowska 2;1153;196;196;11;185;17.00;5.61;1170;501;501;34;467;42.82;6.79
88165;302114;8;Sala gimnastyczna 62-060 Jeziorki ul. Ogrodowa 1;1745;335;335;13;322;19.20;3.88;1778;811;811;25;786;45.61;3.08
88166;302115;1;Dom Osiedlowy 62-003 Biedrusko ul. Zjednoczenia 4;1765;555;555;14;541;31.44;2.52;1753;1116;1116;25;1091;63.66;2.24
88167;302115;2;Zespół Szkół im. Ojca Mariana Żelazka 62-001 Chludowo ul.Szkolna 3;2283;614;614;15;599;26.89;2.44;1455;841;841;19;822;57.80;2.26
88168;302115;3;Remiza Ochotniczej Straży Pożarnej 62-002 Suchy Las ul. Wojciecha Bogusławskiego 36;1544;707;707;9;698;45.79;1.27;1572;1201;1201;9;1192;76.40;0.75
88169;302115;4;Szkoła Podstawowa im. Wojciecha Bogusławskiego 62-002 Suchy Las ul. Szkolna 15;1505;567;567;11;556;37.67;1.94;1503;1054;1054;12;1042;70.13;1.14
88170;302115;5;Gimnazjum im. Jana Pawła II 62-002 Suchy Las ul. Poziomkowa 11;1721;713;713;14;699;41.43;1.96;1787;1301;1301;15;1286;72.80;1.15
88171;302115;6;Nickel Technology Park Poznań 62-002 Złotniki ul.Krzemowa 1;1469;680;680;8;672;46.29;1.18;1536;1180;1180;13;1167;76.82;1.10
88172;302115;7;Filia Ośrodka Kultury Gminy Suchy Las 62-002 Złotniki ul. Żukowa 14;1397;449;449;10;439;32.14;2.23;1420;900;900;20;880;63.38;2.22
88173;302116;1;Szkoła Podstawowa nr 5 62-020 Swarzędz os. Mielżyńskiego 3a;1964;569;569;17;552;28.97;2.99;1978;1203;1205;18;1185;60.82;1.50
88174;302116;2;Szkoła Podstawowa nr 5 62-020 Swarzędz os. Mielżyńskiego 3a;1982;692;692;27;665;34.91;3.90;1943;1325;1326;26;1299;68.19;1.96
88175;302116;3;Szkoła Podstawowa nr 5 62-020 Swarzędz os. Mielżyńskiego 3a;1578;463;463;16;447;29.34;3.46;1602;1041;1042;14;1027;64.98;1.34
88176;302116;4;Szkoła Podstawowa nr 5 62-020 Swarzędz os.Mielżyńskiego 3a;1298;470;470;12;458;36.21;2.55;1305;935;935;21;914;71.65;2.25
88177;302116;5;Hala „Unia” 62-020 Swarzędz ul. Św. Marcin 1;1817;393;393;13;380;21.63;3.31;1849;918;918;33;885;49.65;3.59
88178;302116;6;Gimnazjum nr 2 62-020 Swarzędz ul. Polna 21;1768;474;474;7;467;26.81;1.48;1811;1177;1177;16;1161;64.99;1.36
88179;302116;7;Gimnazjum Nr 2 62-020 Swarzędz ul. Polna 21;1922;493;493;13;480;25.65;2.64;1893;1082;1082;16;1066;57.16;1.48
88180;302116;8;Cech Stolarzy 62-020 Swarzędz ul. Wrzesińska 41;1815;559;559;20;539;30.80;3.58;1807;1074;1074;19;1055;59.44;1.77
88181;302116;9;Szkoła Podstawowa nr 1 62-020 Swarzędz ul. Zamkowa 20;1666;424;424;19;405;25.45;4.48;1651;828;828;30;798;50.15;3.62
88182;302116;10;Gimnazjum Nr 3 62-020 Swarzędz os. Czwartaków 1;1330;339;339;9;330;25.49;2.65;1280;702;702;10;692;54.84;1.42
88183;302116;11;Gimnazjum Nr 3 62-020 Swarzędz os. Czwartaków 1;1465;412;412;7;405;28.12;1.70;1465;920;920;25;895;62.80;2.72
88184;302116;12;Szkoła Podstwowa Nr 4 62-020 Swarzędz os. Kościuszkowców 4;1630;499;499;16;483;30.61;3.21;1607;958;958;13;945;59.61;1.36
88185;302116;13;Szkoła Podstwowa Nr 4 62-020 Swarzędz os. Kościuszkowców 4;1901;550;550;22;528;28.93;4.00;1900;1149;1149;26;1123;60.47;2.26
88186;302116;14;Przedszkole nr 2 62-020 Swarzędz os. Czwartaków 8;1662;491;491;10;481;29.54;2.04;1621;955;955;14;941;58.91;1.47
88187;302116;15;Szkoła Podstawowa Nr 1 62-020 Swarzędz Zamkowa 20;998;229;229;7;222;22.95;3.06;1058;592;592;8;584;55.95;1.35
88188;302116;16;Szkoła Podstawowa Nr 1 62-020 Swarzędz Zamkowa 20;1303;240;240;8;232;18.42;3.33;1344;624;624;15;609;46.43;2.40
88189;302116;17;Świetkica Wiejska 62-020 Zalasewo Kórnicka 220;2078;650;650;7;643;31.28;1.08;1285;847;847;11;836;65.91;1.30
88190;302116;18;Przedszkole Publiczne 62-020 Zalasewo ul. Spacerowa 4;746;170;170;3;167;22.79;1.76;816;465;465;16;449;56.99;3.44
88191;302116;19;Szkoła Podstawowa 62-006 Wierzonka ul. Karłowicka 3;619;91;91;4;87;14.70;4.40;606;210;210;9;201;34.65;4.29
88192;302116;20;Szkoła Podstawowa w Zespole Szkół 62-021 Paczkowo ul. Szkolna 16;1381;360;360;9;351;26.07;2.50;1422;819;819;30;789;57.59;3.66
88193;302116;21;Świetkica Wiejska 62-006 Gruszczyn ul. Swarzędzka 40;1578;616;616;17;599;39.04;2.76;1692;1097;1097;13;1084;64.83;1.19
88194;302116;22;Szkoła Podstawowa 62-006 Kobylnica ul. Poznańska 50;1207;352;352;8;344;29.16;2.27;1235;715;715;23;692;57.89;3.22
88195;302116;23;Klub Rolnika 62-006 Janikowo ul. Asfaltowa 7;1514;429;429;17;412;28.34;3.96;1496;836;836;10;826;55.88;1.20
88196;302117;1;Szkoła Podstawowa 62-080 Tarnowo Podgórne ul. Szkolna 5;2282;790;790;22;768;34.62;2.78;1772;1147;1147;29;1118;64.73;2.53
88197;302117;2;Świetlica Wiejska 62-080 Lusowo ul. Ogrodowa 13;2017;614;614;15;599;30.44;2.44;2144;1415;1415;45;1370;66.00;3.18
88198;302117;3;Szkoła Podstawowa 62-081 Przeźmierowo ul. Kościelna 46/48;1700;564;564;7;557;33.18;1.24;1717;1119;1119;24;1095;65.17;2.14
88199;302117;4;Świetlica Wiejska 62-080 Jankowice ul. Wiśniowa 2a;831;171;171;13;158;20.58;7.60;848;418;418;16;402;49.29;3.83
88200;302117;5;Gimazjum 62-081 Baranowo ul. Wypoczynkowa 93;1927;787;787;16;771;40.84;2.03;1975;1325;1325;21;1304;67.09;1.58
88201;302117;6;Szkoła Podstawowa 62-081 Przeźmierowo ul. Kościelna 46/48;1677;528;528;13;515;31.48;2.46;1692;1083;1083;24;1059;64.01;2.22
88202;302117;7;GOK SEZAM 62-080 Tarnowo Podgórne Ogrodowa 14;1551;454;454;27;427;29.27;5.95;1582;994;994;29;965;62.83;2.92
88203;302117;8;Szkoła Podstawowa 62-080 Tarnowo Podgórne ul. Szkolna 5;710;155;155;2;153;21.83;1.29;744;369;369;9;360;49.60;2.44
88204;302117;9;Szkoła Podstawowa 62-081 Przeźmierowo ul. Kościelna 46/48;1663;481;481;10;471;28.92;2.08;1677;1029;1029;14;1015;61.36;1.36
88205;302117;10;Gimnazjum 62-081 Baranowo ul. Wypoczynkowa 93;674;335;335;8;327;49.70;2.39;725;569;569;3;566;78.48;0.53
88206;302117;11;Świetlica Wiejska 62-080 Batorowo Stefana Batorego 67;1063;293;293;6;287;27.56;2.05;1101;668;668;18;650;60.67;2.69
88207;302117;12;Szkoła Podstawowa 62-080 Lusówko Dopiewska 5;1660;459;459;8;451;27.65;1.74;1816;1125;1125;19;1106;61.95;1.69
88208;302201;1;Szkoła Podstawowa 63-940 Bojanowo ul. Lipowa 2A;981;173;173;6;167;17.64;3.47;972;466;466;13;453;47.94;2.79
88209;302201;2;Szkoła Podstawowa 63-940 Bojanowo ul. Lipowa 2A;1426;303;303;10;293;21.25;3.30;1416;636;636;29;607;44.92;4.56
88210;302201;3;Zespół Szkół Rolniczych 63-940 Bojanowo ul. Dworcowa 29;1654;256;256;14;242;15.48;5.47;1620;667;667;26;641;41.17;3.90
88211;302201;4;Szkoła Podstawowa 63-940 Golina Wielka 65A;1297;145;145;10;135;11.18;6.90;1272;455;455;34;421;35.77;7.47
88212;302201;5;Świetlica wiejska 63-940 Zaborowice 5a;895;87;87;10;77;9.72;11.49;883;260;260;15;245;29.45;5.77
88213;302201;6;Szkoła Podstawowa 63-940 Gościejewice 31;730;85;85;5;80;11.64;5.88;745;193;193;12;181;25.91;6.22
91677;302201;7;Dom Pomocy Społecznej 63-940 Pakówka 42;89;18;18;3;15;20.22;16.67;87;28;28;5;23;32.18;17.86
88214;302202;1;Zespół Szkół im. Jana Pawła II 63-930 Jutrosin ul. Wrocławska 39;1548;314;314;17;297;20.28;5.41;1542;732;732;37;695;47.47;5.05
88215;302202;2;Zespół Szkół im. Jana Pawła II 63-930 Jutrosin ul. Wrocławska 39;1542;146;146;9;137;9.47;6.16;1528;506;506;29;477;33.12;5.73
88216;302202;3;Szkoła Podstawowa 63-930 Dubin 150;1174;155;155;7;148;13.20;4.52;1178;452;452;19;433;38.37;4.20
88217;302202;4;Zespół Szkół 63-930 Szkaradowo 1;1286;237;237;12;225;18.43;5.06;1265;538;538;23;515;42.53;4.28
88218;302203;1;Ośrodek Kultury,Sportu i Aktywności Lokalnej 63-910 Miejska Górka ul. Jana Pawła II 6;1290;240;240;9;231;18.60;3.75;1277;630;630;39;591;49.33;6.19
88219;302203;2;Ośrodek Kultury, Sportu i Aktywności Lokalnej 63-910 Miejska Górka ul. Jana Pawła II 6;1344;276;276;29;247;20.54;10.51;1326;657;657;40;617;49.55;6.09
88220;302203;3;Zespół Szkół 63-910 Konary 58;1038;109;109;5;104;10.50;4.59;1045;373;373;29;344;35.69;7.77
88221;302203;4;Szkoła Podstawowa 63-910 Sobiałkowo 95;866;140;140;16;124;16.17;11.43;851;321;321;27;294;37.72;8.41
88222;302203;5;Zespół Szkół 63-910 Dłoń 53;1026;108;108;7;101;10.53;6.48;1012;333;333;22;311;32.91;6.61
88223;302203;6;Ośrodek Kultury, Sportu i Aktywności Lokalnej 63-910 Miejska Górka ul. Jana Pawła II 6;1916;264;264;20;244;13.78;7.58;1907;744;744;52;692;39.01;6.99
88224;302204;1;Szkoła Podstawowa 63-921 Chojno 6a;1182;198;198;9;189;16.75;4.55;1180;488;488;19;469;41.36;3.89
88225;302204;2;Dom Pomocy Społecznej 63-920 Osiek 54;634;118;118;12;106;18.61;10.17;631;254;254;8;246;40.25;3.15
88226;302204;3;Szkoła Podstawowa 63-920 Pakosław ul. Parkowa 13;1164;242;242;18;224;20.79;7.44;1154;545;545;26;519;47.23;4.77
88227;302204;4;Szkoła Podstawowa 63-920 Sowy 75;662;99;99;2;97;14.95;2.02;684;286;286;14;272;41.81;4.90
88228;302205;1;Gimnazjum 63-900 Sierakowo ul. Przyjmy Przyjemskiego 35;1075;255;255;9;246;23.72;3.53;1063;557;557;14;543;52.40;2.51
88229;302205;2;SP ZOZ Centrum Rehabilitacji Medycznej i Ośrodek Osób Niepełnosprawnych 63-900 Rawicz ul. Sarnowska 9a;1104;244;244;12;232;22.10;4.92;1090;542;542;12;530;49.72;2.21
88230;302205;3;I Liceum Ogólnokształcące 63-900 Rawicz Wały Jarosława Dąbrowskiego 29;1033;234;234;6;228;22.65;2.56;1020;496;496;9;487;48.63;1.81
88231;302205;4;I Liceum Ogólnokształcące 63-900 Rawicz Wały Jarosława Dąbrowskiego 29;795;163;163;2;161;20.50;1.23;776;434;434;14;420;55.93;3.23
88232;302205;5;Filia Rawickiej Biblioteki Publicznej 63-900 Rawicz ul. Stanisława Staszica 4;1138;215;215;15;200;18.89;6.98;1089;450;450;17;433;41.32;3.78
88233;302205;6;Szkoła Podstawowa Nr 3 63-900 Rawicz Wały Jarosława Dąbrowskiego 1;1129;231;231;8;223;20.46;3.46;1122;493;493;19;474;43.94;3.85
88234;302205;7;Szkoła Podstawowa Nr 1 63-900 Rawicz ul. Adama Mickiewicza 16;1010;179;179;10;169;17.72;5.59;992;420;420;14;406;42.34;3.33
88235;302205;8;Gimnazjum Nr 1 63-900 Rawicz ul. Szarych Szeregów 3;861;130;130;0;130;15.10;0.00;845;325;325;11;314;38.46;3.38
88236;302205;9;Gimnazjum Nr 1 63-900 Rawicz ul. Szarych Szeregów 3;1181;194;194;7;187;16.43;3.61;1170;467;467;13;454;39.91;2.78
88237;302205;10;Zespół Szkół Zawodowych 63-900 Rawicz ul. Gen. Józefa Hallera 12;1144;244;244;3;241;21.33;1.23;1133;536;536;15;521;47.31;2.80
88238;302205;11;Zespół Szkół Zawodowych 63-900 Rawicz ul. Gen. Józefa Hallera 12;1036;220;220;8;212;21.24;3.64;1004;483;483;17;466;48.11;3.52
88239;302205;12;Przedszkole Nr 6 63-900 Rawicz ul. Stanisława Mikołajewicza 23;1257;245;245;5;240;19.49;2.04;1280;626;626;10;616;48.91;1.60
88240;302205;13;Szkoła Podstawowa Nr 4 63-900 Rawicz ul. Władysława Broniewskiego 5;1329;252;252;14;238;18.96;5.56;1284;603;603;25;578;46.96;4.15
88241;302205;14;Dom Kultury 63-900 Rawicz ul. Targowa 1;1155;221;221;18;203;19.13;8.14;1128;558;558;17;541;49.47;3.05
88242;302205;15;Szkoła Podstawowa Nr 5 63-900 Rawicz ul. Szkolna 3;1398;221;221;8;213;15.81;3.62;1404;637;637;22;615;45.37;3.45
88243;302205;16;Szkoła Podstawowa 63-900 Masłowo ul.Śląska 58;1160;196;196;4;192;16.90;2.04;1185;591;591;13;578;49.87;2.20
88244;302205;17;Świetlica 63-900 Łaszczyn 18;1078;132;132;6;126;12.24;4.55;1063;367;367;22;345;34.52;5.99
88245;302205;18;Gimnazjum 63-900 Sierakowo ul. Przyjmy Przyjemskiego 35;1378;218;218;10;208;15.82;4.59;1417;638;638;25;613;45.02;3.92
88246;302205;19;Budynek Oświatowy 63-900 Dębno Polskie ul. Rawicka 26;862;120;120;5;115;13.92;4.17;901;420;420;23;397;46.61;5.48
88247;302205;20;Szkoła Podstawowa 63-900 Słupia Kapitulna 117;1342;174;174;10;164;12.97;5.75;1352;572;572;32;540;42.31;5.59
88248;302205;21;Szkoła Podstawowa 63-900 Zielona Wieś 72;1285;187;187;19;168;14.55;10.16;1295;473;473;23;450;36.53;4.86
91678;302205;22;Szpital Powiatowy Sp. z o.o. 63-900 Rawicz ul. Gen. Grota Roweckiego 6;50;8;8;0;8;16.00;0.00;116;13;13;0;13;11.21;0.00
91679;302205;23;Zakład Karny 63-900 Rawicz ul. 17 Stycznia 28;586;217;217;17;200;37.03;7.83;418;214;214;22;192;51.20;10.28
91680;302205;24;Zakład Karny 63-900 Rawicz ul. 17 Stycznia 28;174;80;80;12;68;45.98;15.00;292;142;142;25;117;48.63;17.61
88249;302301;1;Liceum Ogólnokształcące 62-400 Słupca Plac Szkolny 1;1412;352;352;20;332;24.93;5.68;1374;712;712;23;689;51.82;3.23
88250;302301;2;Szkoła Podstawowa Nr 1 62-400 Słupca Plac Szkolny 1a;1349;276;276;21;255;20.46;7.61;1336;632;632;12;620;47.31;1.90
88251;302301;3;Gimnazjum 62-400 Słupca ul. Armii Krajowej 27;2347;579;579;19;560;24.67;3.28;2341;1243;1243;43;1200;53.10;3.46
88252;302301;4;Zespół Szkół Ekonomicznych 62-400 Słupca ul. Powstańców Wielkopolskich 22;1683;391;391;16;375;23.23;4.09;1672;895;895;31;864;53.53;3.46
88253;302301;5;Zespół Szkół Zawodowych 62-400 Słupca ul. Kopernika 11a;1485;362;362;21;341;24.38;5.80;1437;768;768;13;755;53.44;1.69
88254;302301;6;Szkoła Podstawowa Nr 3 62-400 Słupca ul. Kopernika 13;1707;428;428;18;410;25.07;4.21;1696;932;932;20;912;54.95;2.15
88255;302301;7;Urząd Miasta 62-400 Słupca ul. Pułaskiego 21;1452;309;309;12;297;21.28;3.88;1477;739;739;17;722;50.03;2.30
91681;302301;8;Samodzielny Publiczny Zakład Opieki Zdrowotnej- Szpital 62-400 Słupca Traugutta 7E;70;21;21;1;20;30.00;4.76;92;38;38;1;37;41.30;2.63
88256;302302;1;Szkoła Podstawowa 62-406 Ratyń 15a;862;104;104;6;98;12.06;5.77;847;351;351;20;331;41.44;5.70
88257;302302;2;Szkoła Podstawowa 62-406 Lądek ul. Pyzderska 31;2273;371;371;17;354;16.32;4.58;2276;1028;1028;38;990;45.17;3.70
88258;302302;3;Szkoła Podstawowa 62-404 Ciążeń ul. Wolności 42a;1558;193;193;13;180;12.39;6.74;1568;605;605;26;579;38.58;4.30
88259;302303;1;Przedszkole Gminne 62-436 Orchowo ul. Powstańców Wielkopolskich 4;1146;232;232;12;220;20.24;5.17;1139;560;560;27;533;49.17;4.82
88260;302303;2;Dom Pomocy Społecznej 62-436 Skubarczewo 4;379;76;76;10;66;20.05;13.16;368;153;153;11;142;41.58;7.19
88261;302303;3;Świetlica Wiejska 62-436 Osówiec 10A;313;58;58;13;45;18.53;22.41;315;111;111;11;100;35.24;9.91
88262;302303;4;Niepubliczna Szkoła Podstawowa w Różannie 62-436 Różanna 9;347;46;46;0;46;13.26;0.00;350;117;117;7;110;33.43;5.98
88263;302303;5;Urząd Gminy Orchowo 62-436 Orchowo Kościuszki 6;434;39;39;0;39;8.99;0.00;444;164;164;7;157;36.94;4.27
88264;302303;6;Świetlica Wiejska w Bielsku 62-436 Bielsko 99;491;101;101;5;96;20.57;4.95;496;194;194;8;186;39.11;4.12
88265;302304;1;Urząd Gminy 62-402 Ostrowite ul. Lipowa 2;1536;239;239;7;232;15.56;2.93;1534;663;663;20;643;43.22;3.02
88266;302304;2;Szkoła Podstawowa 62-402 Giewartów ul. Armii Krajowej 9;1256;209;209;7;202;16.64;3.35;1228;518;518;20;498;42.18;3.86
88267;302304;3;Środowiskowy Dom Samopomocy 62-402 Lucynowo 2;616;59;59;3;56;9.58;5.08;625;193;193;12;181;30.88;6.22
88268;302304;4;Świetlica wiejska, Naprusewo 62-402 naprusewo 56;773;105;105;15;90;13.58;14.29;789;253;253;15;238;32.07;5.93
88269;302305;1;Dom Kultury 62-430 Powidz ul. Park Powstańców Wielkopolskich 25;1025;327;327;6;321;31.90;1.83;1028;596;596;12;584;57.98;2.01
88270;302305;2;Strażnica OSP 62-430 Powidz ul. Strzałkowska 16b;808;132;132;7;125;16.34;5.30;834;334;334;8;326;40.05;2.40
88271;302306;1;Szkoła Podstawowa im. Ireny Kosmowskiej 62-400 Kotunia 47;1330;162;162;6;156;12.18;3.70;1349;557;557;28;529;41.29;5.03
88272;302306;2;Publiczne Gminazjum 62-400 Kowalewo-Opactwo 25;795;150;150;3;147;18.87;2.00;801;360;360;13;347;44.94;3.61
88273;302306;3;Szkoła Podstawowa im. Kazimierza Janickiego 62-400 Cienin Zaborny 44;1130;124;124;5;119;10.97;4.03;1145;451;451;19;432;39.39;4.21
88274;302306;4;Szkoła Podstawowa im. Bohaterów Września 1939r. 62-400 Cienin Kościelny 82;1466;221;221;13;208;15.08;5.88;1467;553;553;21;532;37.70;3.80
88275;302306;5;Szkoła Podstawowa im. Jana Pawła II 62-400 Młodojewo 92;1547;216;216;7;209;13.96;3.24;1556;617;617;35;582;39.65;5.67
88276;302306;6;Szkoła Podstawowa im. Józefa Janika 62-400 Koszuty 17;1216;150;150;5;145;12.34;3.33;1211;512;512;14;498;42.28;2.73
88277;302307;1;Urząd Gminy 62-420 Strzałkowo Aleja Prymasa Wyszyńskiego 6;1614;328;328;18;310;20.32;5.49;1602;805;805;23;782;50.25;2.86
88278;302307;2;Gminny Ośrodek Kultury 62-420 Strzałkowo ul. Powstańców Wielkopolskich 5;1683;361;361;20;341;21.45;5.54;1681;835;835;32;803;49.67;3.83
88279;302307;3;Gimnazjum im. Janusza Korczaka 62-420 Strzałkowo Ostrowska 8B;1034;159;159;7;152;15.38;4.40;1041;506;506;20;486;48.61;3.95
88280;302307;4;sala wiejska 62-420 Brudzewo 10B;1434;242;242;10;232;16.88;4.13;1443;602;602;19;583;41.72;3.16
88281;302307;5;sala wiejska 62-420 Graboszewo 11A;1172;173;173;18;155;14.76;10.40;1197;399;399;12;387;33.33;3.01
88282;302307;6;sala wiejska 62-420 Ostrowo Kościelne 6;977;162;162;15;147;16.58;9.26;983;390;390;20;370;39.67;5.13
91682;302307;7;Dom Pomocy Społecznej 62-420 Strzałkowo ul. Kościuszki 16;68;35;35;15;20;51.47;42.86;63;26;26;5;21;41.27;19.23
88283;302308;1;Szkoła Podstawowa im. Michała Okurzałego 62-410 Zagórów Plac Szkolny 1;1389;270;270;24;246;19.44;8.89;1359;627;627;31;596;46.14;4.94
88284;302308;2;Gimnazjum im. Królowej Jadwigi 62-410 Zagórów ul. Pyzderska 75;968;136;136;10;126;14.05;7.35;968;368;368;11;357;38.02;2.99
88285;302308;3;Szkoła Podstawowa im. Michała Okurzałego 62-410 Zagórów Plac Szkolny 1;1933;243;243;13;230;12.57;5.35;1938;719;719;48;671;37.10;6.68
88286;302308;4;Zespół Szkolno-Gimnazjalny im. Unii Europejskiej 62-410 Trąbczyn 50;1606;230;230;14;216;14.32;6.09;1600;636;636;37;599;39.75;5.82
88287;302308;5;Szkoła Podstawowa im. Kawalerów Orderu Uśmiechu 62-410 Łukom 2;1262;132;132;15;117;10.46;11.36;1262;416;416;29;387;32.96;6.97
91683;302308;6;Dom Pomocy Społecznej 62-410 Zagórów Lidmanowskiego 4;57;37;37;2;35;64.91;5.41;55;41;41;1;40;74.55;2.44
88288;302401;1;Zespół Szkół 64-520 Obrzycko Pl. Lipowy 12;1887;329;329;24;305;17.44;7.29;1914;927;929;38;889;48.43;4.10
88289;302402;1;Gimnazjum 64-550 Duszniki ul.Broniewskiego 3;1016;282;282;24;258;27.76;8.51;1027;523;523;27;496;50.93;5.16
88290;302402;2;Gminny Ośrodek Pomocy Społecznej 64-550 Duszniki Jana Pawła II 8;1392;333;333;31;302;23.92;9.31;1408;674;674;33;641;47.87;4.90
88291;302402;3;Świetlica Wiejska 64-541 Podrzewie ul.Stawna 3;1689;274;274;18;256;16.22;6.57;1679;727;727;74;653;43.30;10.18
88292;302402;4;Szkoła Podstawowa 64-553 Grzebienisko ul.Szkolna 16;1897;373;373;25;348;19.66;6.70;1898;899;899;38;861;47.37;4.23
88293;302402;5;Szkoła Podstawowa 64-552 Sędzinko ul.Szkolna 9;782;123;123;7;116;15.73;5.69;805;306;306;13;293;38.01;4.25
88294;302403;1;Gimnazjum 64-530 Kaźmierz ul. Gimnazjalna 3;1588;334;334;14;320;21.03;4.19;1650;814;814;34;780;49.33;4.18
88295;302403;2;Szkoła Podstawowa 64-542 Bytyń ul. Szkolna 55;829;87;87;3;84;10.49;3.45;838;287;287;9;278;34.25;3.14
88296;302403;3;Szkoła Podstawowa 64-530 Sokolniki Wielkie 8;711;99;99;6;93;13.92;6.06;704;274;274;18;256;38.92;6.57
88297;302403;4;Szkoła Podstawowa 64-530 Gaj Wielki ul. Kościelna 1;706;95;95;5;90;13.46;5.26;709;236;236;12;224;33.29;5.08
88298;302403;5;Biblioteka Publiczna Gminy Kaźmierz 64-530 Kaźmierz ul. Dworcowa 14;909;227;227;10;217;24.97;4.41;943;481;481;15;466;51.01;3.12
88299;302403;6;Gimnazjum 64-530 Kaźmierz ul. Gimnazjalna 3;1359;350;350;14;336;25.75;4.00;1417;851;851;29;822;60.06;3.41
88300;302404;1;Szkoła Podstawowa w Zielonejgórze 64-520 Obrzycko ul. Szkolna 4;2219;301;301;15;286;13.56;4.98;2241;885;885;40;845;39.49;4.52
88301;302404;2;Zespół Szkół 64-520 Gaj Mały 32;1221;130;130;10;120;10.65;7.69;1234;475;475;22;453;38.49;4.63
88302;302405;1;Strażnica OSP 64-560 Ostroróg ul. Jana Ostroroga 8;1682;305;305;21;284;18.13;6.89;1677;776;776;38;738;46.27;4.90
88303;302405;2;Urząd Miasta i Gminy 64-560 Ostroróg ul. Wroniecka 14;2198;269;269;15;254;12.24;5.58;2216;847;847;57;790;38.22;6.73
88304;302406;1;Liceum Ogólnokształcące 62-045 Pniewy ul. św.Ducha 10;2133;468;468;23;445;21.94;4.91;2111;1092;1092;51;1041;51.73;4.67
88305;302406;2;Szkoła Podstawowa 62-045 Pniewy ul. Strzelecka 11A;2020;409;409;14;395;20.25;3.42;1993;1066;1066;38;1028;53.49;3.56
88306;302406;3;Szkoła Podstawowa 62-045 Chełmno 26;525;61;61;6;55;11.62;9.84;528;186;186;14;172;35.23;7.53
88307;302406;4;Szkoła Podstawowa 62-045 Nojewo 41;1263;177;177;17;160;14.01;9.60;1251;535;535;48;487;42.77;8.97
88308;302406;5;Świetlica wiejska 62-045 Dębina 12;621;67;67;10;57;10.79;14.93;618;194;194;15;179;31.39;7.73
88309;302406;6;Zespół Szkół Zawodowych im.E.Sczanieckiej 62-045 Pniewy ul. Wolności 10;2031;507;507;22;485;24.96;4.34;2060;1113;1113;57;1056;54.03;5.12
88310;302406;7;Gimnazjum 62-045 Pniewy ul. Strzelecka 11A;1118;160;160;9;151;14.31;5.62;1122;485;485;25;460;43.23;5.15
88311;302407;1;Dom Rzemiosła 64-500 Szamotuły ul. Wroniecka 39A;1954;421;421;19;402;21.55;4.51;1937;1022;1022;26;996;52.76;2.54
88312;302407;2;Szkoła Podstawowa Nr 3 64-500 Szamotuły ul. Szczuczyńska 5;1887;478;478;14;464;25.33;2.93;1868;1023;1023;11;1012;54.76;1.08
88313;302407;3;Szkoła Podstawowa Nr 3 64-500 Szamotuły ul. Szczuczyńska 5;1730;424;424;14;410;24.51;3.30;1679;922;922;21;901;54.91;2.28
88314;302407;4;Zakład Energetyczny 64-500 Szamotuły ul. Feliksa Nowowiejskiego 6;1159;290;290;20;270;25.02;6.90;1153;638;638;9;629;55.33;1.41
88315;302407;5;Zespół Szkół Nr 1 64-500 Szamotuły ul. Adama Mickiewicza 9;1262;334;334;15;319;26.47;4.49;1223;646;646;10;636;52.82;1.55
88316;302407;6;Szkoła Podstawowa Nr 1 64-500 Szamotuły ul. Stanisława Staszica 1;860;185;185;6;179;21.51;3.24;863;487;487;15;472;56.43;3.08
88317;302407;7;Zespół Szkół Nr 3 64-500 Szamotuły ul. Hugona Kołłątaja 1;1557;405;405;13;392;26.01;3.21;1560;807;807;20;787;51.73;2.48
88318;302407;8;Szamotulski Ośrodek Kultury 64-500 Szamotuły ul. Dworcowa 43;1101;187;187;5;182;16.98;2.67;1079;492;492;11;481;45.60;2.24
88319;302407;9;Spółdzielnia Mieszkaniowa 64-500 Szamotuły ul. Łąkowa 9;1321;314;314;6;308;23.77;1.91;1297;707;707;20;687;54.51;2.83
88320;302407;10;Hala „Wacław” 64-500 Szamotuły ul. Sportowa 6;1314;321;321;14;307;24.43;4.36;1352;764;764;17;747;56.51;2.23
88321;302407;11;Szkoła Podstawowa Nr 2 64-500 Szamotuły ul. Kapłańska 18;1120;165;165;6;159;14.73;3.64;1082;405;405;21;384;37.43;5.19
88322;302407;12;Świetlica wiejska 64-500 Kąsinowo 54;1424;193;193;9;184;13.55;4.66;1453;582;582;21;561;40.06;3.61
88323;302407;13;Zespół Szkół 64-514 Pamiątkowo ul. Szkolna 13;1872;367;367;27;340;19.60;7.36;1922;1006;1006;27;979;52.34;2.68
88324;302407;14;Świetlica wiejska 64-551 Otorowo ul. Łąkowa 2;1857;325;325;17;308;17.50;5.23;1854;855;855;46;809;46.12;5.38
88325;302407;15;Pałac w Gałowie 64-500 Gałowo ul. Wierzbowa 10;1735;226;226;14;212;13.03;6.19;1731;728;728;38;690;42.06;5.22
88326;302407;16;Zespół Szkół Nr 2 64-500 Szamotuły ul. Szczuczyńska 3;1007;132;132;8;124;13.11;6.06;1012;350;350;11;339;34.58;3.14
91684;302407;17;Szpital Powiatowy 64-500 Szamotuły Sukiennicza 13;38;0;0;0;0;0.00;NA;31;11;11;1;10;35.48;9.09
91685;302407;18;Areszt Śledczy 64-500 Szamotuły Aleja 1 Maja 5;159;54;54;12;42;33.96;22.22;176;76;76;13;63;43.18;17.11
88327;302408;1;Wroniecki Ośrodek Kultury 64-510 Wronki ul. Poznańska 59;1810;380;380;12;368;20.99;3.16;1805;1022;1022;34;988;56.62;3.33
88328;302408;2;Szkoła Podstawowa Nr 1 64-510 Wronki ul. Mickiewicza 5;1062;188;188;14;174;17.70;7.45;1052;469;469;29;440;44.58;6.18
88329;302408;3;Szkoła Podstawowa Nr 1 64-510 Wronki ul. Mickiewicza 5;1057;180;180;8;172;17.03;4.44;1032;519;519;26;493;50.29;5.01
88330;302408;4;Gimnazjum im. Z. Herberta 64-510 Wronki ul. Polna 5;1117;208;208;7;201;18.62;3.37;1082;526;526;21;505;48.61;3.99
88331;302408;5;Przedszkole „Bajkowy Świat” 64-510 Wronki os. Borek 20;1074;223;223;5;218;20.76;2.24;1055;559;559;17;542;52.99;3.04
88332;302408;6;Przedszkole „Bajkowy Świat” 64-510 Wronki os. Borek 20;1368;316;316;13;303;23.10;4.11;1374;757;757;23;734;55.09;3.04
88333;302408;7;Zespół Szkół nr 1 64-510 Wronki ul. Leśna 17;1721;353;353;12;341;20.51;3.40;1708;938;938;10;928;54.92;1.07
88334;302408;8;Zespół Szkół Nr 1 64-510 Wronki ul. Leśna 17;1035;101;101;1;100;9.76;0.99;1077;442;442;24;418;41.04;5.43
88335;302408;9;Szkoła Podstawowa 64-510 Nowa Wieś ul. Szkolna 5;1271;168;168;7;161;13.22;4.17;1298;621;621;23;598;47.84;3.70
88336;302408;10;Zespół Szkół 64-510 Biezdrowo 9;962;161;161;11;150;16.74;6.83;996;472;472;14;458;47.39;2.97
88337;302408;11;Zespół Szkół 64-510 Biezdrowo 9;1680;244;244;8;236;14.52;3.28;1693;758;758;44;714;44.77;5.80
88338;302408;12;Szkoła Podstawowa Chojno-Wieś 64-510 Chojno-Wieś 79;784;110;110;6;104;14.03;5.45;788;329;329;27;302;41.75;8.21
91686;302408;13;Zakład Karny 64-510 Wronki ul. Partyzantów 1;1465;248;248;40;208;16.93;16.13;1342;426;426;53;373;31.74;12.44
88339;302501;1;Szkoła Podstawowa 63-012 Dominowo ul.Centralna 3;1045;230;230;20;210;22.01;8.70;1057;478;478;36;442;45.22;7.53
88340;302501;2;Szkoła Podstawowa 63-014 Murzynowo Kościelne 30;658;133;133;13;120;20.21;9.77;636;284;284;14;270;44.65;4.93
88341;302501;3;Gimnazjum 63-012 Giecz 25;590;75;75;4;71;12.71;5.33;594;239;239;12;227;40.24;5.02
88342;302502;1;Zespół Szkół w Krzykosach 63-024 Krzykosy ul. Główna 39;1245;242;242;11;231;19.44;4.55;1259;612;612;19;593;48.61;3.10
88343;302502;2;Zespół Szkół w Pięczkowie 63-025 Pięczkowo ul. Szkolna 5;1410;213;213;15;198;15.11;7.04;1410;609;609;29;580;43.19;4.76
88344;302502;3;Zespół Szkół w Sulęcinku 63-023 Sulęcinek ul. Szkolna 26;1610;258;258;12;246;16.02;4.65;1646;733;733;24;709;44.53;3.27
88345;302502;4;Szkoła Podstawowa w Murzynowie Leśnym 63-023 Murzynowo Leśne ul. Poznańska 74;1038;127;127;10;117;12.24;7.87;1048;363;363;28;335;34.64;7.71
88346;302503;1;Szkoła Podstawowa 63-041 Boguszyn ul. Śremska 35;1404;182;182;13;169;12.96;7.14;1405;576;576;21;555;41.00;3.65
88347;302503;2;Zespół Szkół 63-040 Klęka 9;1676;215;215;9;206;12.83;4.19;1665;614;614;31;583;36.88;5.05
88348;302503;3;Szkoła Podstawowa 63-041 Kolniczki 11A;1064;133;133;4;129;12.50;3.01;1085;437;437;26;411;40.28;5.95
88349;302503;4;Zespół Szkół 63-040 Nowe Miasto nad Wartą ul. Szkolna 2;1517;358;358;8;350;23.60;2.23;1527;770;770;22;748;50.43;2.86
88350;302503;5;Zespół Szkół 63-041 Chocicza ul. Śremska 30;1457;228;228;14;214;15.65;6.14;1457;627;627;22;605;43.03;3.51
88351;302504;1;Gimnazjum nr 1 63-000 Środa Wielkopolska ul. Lipowa 9;1100;237;237;19;218;21.55;8.02;1087;465;465;22;443;42.78;4.73
88352;302504;2;Szkoła Podstawowa nr 2 63-000 Środa Wielkopolska ul. Dąbrowskiego 50;1104;267;267;9;258;24.18;3.37;1087;538;538;17;521;49.49;3.16
88353;302504;3;Szkoła Podstawowa nr 3 63-000 Środa Wielkopolska ul. 20 Października 2;1240;314;314;18;296;25.32;5.73;1219;727;727;9;718;59.64;1.24
88354;302504;4;Szkoła Podstawowa nr 3 63-000 Środa Wielkopolska ul. 20 Października 2;1255;317;317;15;302;25.26;4.73;1229;721;721;16;705;58.67;2.22
88355;302504;5;Miejska Biblioteka Publiczna im. R.W. Berwińskiego 63-000 Środa Wielkopolska Plac Zamkowy 7;1098;207;207;16;191;18.85;7.73;1116;615;616;19;596;55.11;3.09
88356;302504;6;Ośrodek Kultury 63-000 Środa Wielkopolska ul. 20 Października 30;1319;283;283;14;269;21.46;4.95;1305;647;647;15;632;49.58;2.32
88357;302504;7;Zespół Szkół Rolniczych 63-000 Środa Wielkopolska ul. Kosynierów 2b;1308;350;350;12;338;26.76;3.43;1331;831;831;26;805;62.43;3.13
88358;302504;8;Przedszkole Nr 2 63-000 Środa Wielkopolska ul. Kościuszki 12;1255;337;337;17;320;26.85;5.04;1138;531;531;16;515;46.66;3.01
88359;302504;9;Gimnazjum Nr 1 63-000 Środa Wielkopolska ul. Lipowa 9;1169;195;195;16;179;16.68;8.21;1117;690;690;18;672;61.77;2.61
88360;302504;10;Szkoła Podstawowa Nr 2 63-000 Środa Wielkopolska ul. Dąbrowskiego 50;1126;235;235;4;231;20.87;1.70;1219;676;676;26;650;55.46;3.85
88361;302504;11;Centrum Kształcenia Zawodowego i Ustawicznego 63-000 Środa Wielkopolska ul. Paderewskiego 27;1129;287;287;10;277;25.42;3.48;1256;758;758;15;743;60.35;1.98
88362;302504;12;Szkoła Podstawowa Nr 2 63-000 Środa Wielkopolska ul. Dąbrowskiego 50;1186;285;285;14;271;24.03;4.91;1169;640;640;28;612;54.75;4.38
88363;302504;13;Przedszkole nr 4 63-000 Środa Wielkopolska ul.Staszica 10;1201;312;312;20;292;25.98;6.41;1107;577;577;13;564;52.12;2.25
88364;302504;14;Przedszkole nr 3 63-000 Środa Wielkopolska ul. Górki 5;1116;257;257;16;241;23.03;6.23;1213;700;700;21;679;57.71;3.00
88365;302504;15;Ośrodek Kultury 63-000 Środa Wielkopolska ul. 20 Października 30;1175;307;307;16;291;26.13;5.21;1164;687;687;24;663;59.02;3.49
88366;302504;16;Niepubliczna Szkoła Podstawowa 63-000 Jarosławiec Jarosławiec 34a;1098;137;137;8;129;12.48;5.84;1058;414;415;19;395;39.13;4.59
88367;302504;17;Szkoła Podstawowa 63-000 Starkowiec Piątkowski Starkówiec Piątkowski 2b;1180;181;181;8;173;15.34;4.42;1185;460;460;21;439;38.82;4.57
88368;302504;18;Zespół Szkoły Podstawowej i Gimnazjum 63-000 Słupia Wielka Słupia Wielka 28;1177;110;110;2;108;9.35;1.82;1226;450;450;15;435;36.70;3.33
88369;302504;19;Zespół Szkoły Podstawowej i Gimnazjum 63-000 Słupia Wielka Słupia Wielka 28;1215;281;281;13;268;23.13;4.63;1216;610;610;20;590;50.16;3.28
88370;302504;20;Niepubliczna Szkoła Podstawowa 63-000 Pławce Pławce 38;1086;141;141;13;128;12.98;9.22;1113;368;368;21;347;33.06;5.71
88371;302504;21;Dom Ludowy 63-000 Janowo Janowo 100;1110;173;173;4;169;15.59;2.31;1140;445;445;14;431;39.04;3.15
91687;302504;22;Szpital Średzki Sp. z o.o. 63-000 Środa Wielkopolska ul. Żwirki i Wigury 10;44;1;1;0;1;2.27;0.00;32;6;6;1;5;18.75;16.67
91688;302504;23;Areszt Śledczy 63-000 Środa Wielkopolska ul. Garncarska 1;87;52;52;3;49;59.77;5.77;78;51;51;9;42;65.38;17.65
88372;302505;1;Zespół Szkół Ekonomicznych 63-020 Zaniemyśl ul. Poznańska 45;1400;211;211;11;200;15.07;5.21;1416;586;586;26;560;41.38;4.44
88373;302505;2;Gminny Ośrodek Kultury 63-020 Zaniemyśl ul. Sienkiewicza 3;2085;556;556;22;534;26.67;3.96;2098;1288;1288;44;1244;61.39;3.42
88374;302505;3;Szkoła Podstawowa 63-020 Czarnotki 47;776;87;87;5;82;11.21;5.75;772;307;307;12;295;39.77;3.91
88375;302505;4;Szkoła Podstawowa 63-021 Śnieciska ul. Parkowa 3;984;142;142;8;134;14.43;5.63;996;425;425;23;402;42.67;5.41
88376;302601;1;Szkoła Podstawowa 63-112 Brodnica 66;1261;157;157;11;146;12.45;7.01;1249;472;472;42;430;37.79;8.90
88377;302601;2;Szkoła Podstawowa 63-112 Iłówiec 16;930;148;148;10;138;15.91;6.76;952;331;331;18;313;34.77;5.44
88378;302601;3;Szkoła Podstawowa 63-112 Manieczki ul. Szkolna 6;1031;160;160;4;156;15.52;2.50;1039;451;451;12;439;43.41;2.66
88379;302601;4;Szkoła Podstawowa 63-112 Żabno 6;599;149;149;3;146;24.87;2.01;617;319;319;13;306;51.70;4.08
88380;302602;1;Sala widowiskowa 63-140 Dolsk pl. Wyzwolenia 3;1230;281;281;9;272;22.85;3.20;1261;616;616;21;595;48.85;3.41
88381;302602;2;Szkoła Podstawowa im. Janusza Kusocińskiego w Dolsku Filia Małachowo 63-140 Małachowo 36;912;81;81;1;80;8.88;1.23;902;263;263;12;251;29.16;4.56
88382;302602;3;Świetlica Wiejska 63-140 Ostrowieczno 34;613;60;60;5;55;9.79;8.33;615;192;192;8;184;31.22;4.17
88383;302602;4;Przedszkole Samorządowe 63-140 Wieszczyczyn ul. Ks. Marciniaka 35;870;120;120;2;118;13.79;1.67;864;352;352;9;343;40.74;2.56
88384;302602;5;Gimnazjum im. Powstańców Wielkopolskich w Dolsku 63-140 Dolsk ul. Kościańska 8;968;96;96;5;91;9.92;5.21;955;350;350;16;334;36.65;4.57
88385;302603;1;Szkoła Podstawowa 63-130 Książ Wielkopolski;2181;266;266;26;240;12.20;9.77;2165;961;961;51;910;44.39;5.31
88386;302603;2;Szkoła Podstawowa 63-130 Książ Wielkopolski;1595;171;171;22;149;10.72;12.87;1587;563;563;40;523;35.48;7.10
88387;302603;3;Zespół Szkół 63-130 Mchy;1820;327;327;18;309;17.97;5.50;1815;728;728;37;691;40.11;5.08
88388;302603;4;Szkoła Podstawowa 63-130 Konarzyce;1047;125;125;12;113;11.94;9.60;1053;375;375;27;348;35.61;7.20
88389;302604;1;Szkoła Podstawowa Nr 4 63-100 Śrem ul. Stefana Grota Roweckiego 10;1403;375;375;10;365;26.73;2.67;1369;746;746;12;734;54.49;1.61
88390;302604;2;Klub „Relax” Spółdzielni Mieszkaniowej w Śremie 63-100 Śrem ul. Dezyderego Chłapowskiego 3;1478;362;362;11;351;24.49;3.04;1469;742;742;37;705;50.51;4.99
88391;302604;3;Przedszkole Nr 3 w Śremie 63-100 Śrem ul. Tadeusza Bora Komorowskiego 3;1440;397;397;13;384;27.57;3.27;1410;789;789;13;776;55.96;1.65
88392;302604;4;Gimnazjum nr 1 w Śremie 63-100 Śrem ul. Dezyderego Chłapowskiego 12A;1930;455;455;17;438;23.58;3.74;1862;1008;1009;30;978;54.14;2.98
88393;302604;5;Przedszkole nr 5 w Śremie 63-100 Śrem ul. Tadeusza Bora Komorowskiego 4;1636;427;427;14;413;26.10;3.28;1589;850;850;21;829;53.49;2.47
88394;302604;6;Przedszkole nr 7 w Śremie 63-100 Śrem ul. Dezyderego Chłapowskiego 12A;1797;489;489;21;468;27.21;4.29;1769;957;957;20;937;54.10;2.09
88395;302604;7;Szkoła Podstawowa nr 6 w Śremie 63-100 Śrem ul. Konstytucji 3 Maja 2;1612;360;360;11;349;22.33;3.06;1571;812;812;26;786;51.69;3.20
88396;302604;8;Szkoła Podstawowa Nr 6 w Śremie 63-100 Śrem ul. Konstytucji 3 Maja 2;1570;320;320;24;296;20.38;7.50;1535;846;846;33;813;55.11;3.90
88397;302604;9;Przedszkole „Słoneczna Szóstka” w Śremie 63-100 Śrem ul. Konstytucji 3 Maja 2;1381;296;296;5;291;21.43;1.69;1412;712;712;12;700;50.42;1.69
88398;302604;10;Żłobek „Baby Dream” w Śremie 63-100 Śrem ul. Jacka Malczewskiego 8;1458;448;448;13;435;30.73;2.90;1595;958;958;26;932;60.06;2.71
88399;302604;11;Szkoła Podstawowa nr 1 w Śremie 63-100 Śrem ul. Jana Kochanowskiego 2;1630;386;386;10;376;23.68;2.59;1597;827;827;31;796;51.78;3.75
88400;302604;12;Ośrodek Pomocy Społecznej w Śremie 63-100 Śrem ul. Adama Mickiewicza 40;1188;265;265;12;253;22.31;4.53;1186;601;601;23;578;50.67;3.83
88401;302604;13;Biblioteka Publiczna Miasta i Gminy w Śremie 63-100 Śrem ul. Jana Kilińskiego 2;1325;275;275;13;262;20.75;4.73;1339;710;710;33;677;53.02;4.65
88402;302604;14;Zespół Szkół Politechnicznych w Śremie 63-100 Śrem ul. Ks. Jerzego Popiełuszki 30;1593;280;280;21;259;17.58;7.50;1569;624;624;23;601;39.77;3.69
88403;302604;15;Gimnazjum Nr 2 w Śremie 63-100 Śrem ul. Szkolna 4;1960;455;455;25;430;23.21;5.49;1923;899;899;32;867;46.75;3.56
88404;302604;16;Świetlica wsi Psarskie 63-100 Psarskie ul. Owocowa 6;1626;396;396;20;376;24.35;5.05;1681;908;908;32;876;54.02;3.52
88405;302604;17;Zespół Szkoły Podstawowej i Gimnazjum w Zbrudzewie 63-100 Zbrudzewo ul. Śremska 49;1050;154;154;5;149;14.67;3.25;1068;475;475;27;448;44.48;5.68
88406;302604;18;Zespól Szkoły Podstawowej i Gimnazjum w Dąbrowie 63-100 Dąbrowa ul. Śremska 2;1148;181;181;8;173;15.77;4.42;1210;550;550;17;533;45.45;3.09
88407;302604;19;Szkoła Podstawowa w Pyszącej 63-100 Pysząca ul. Śremska 12;1370;229;229;8;221;16.72;3.49;1401;605;605;26;579;43.18;4.30
88408;302604;20;Zespół Szkoły Podstawowej i Gimnazjum w Nochowie 63-100 Nochowo ul. Szkolna 5;1586;325;325;18;307;20.49;5.54;1577;808;808;22;786;51.24;2.72
88409;302604;21;Świetlica wsi Błociszewo 63-100 Błociszewo ul. Kasztanowa 3;791;89;89;3;86;11.25;3.37;794;301;301;14;287;37.91;4.65
88410;302604;22;Świetlica wsi Wyrzeka 63-100 Wyrzeka ul. Ks. Piotra Wawrzyniaka 13;951;201;201;4;197;21.14;1.99;958;444;444;13;431;46.35;2.93
91689;302604;23;Dom Pomocy Społecznej w Psarskiem 63-100 Psarskie ul. Owocowa 8;102;46;46;10;36;45.10;21.74;105;48;48;9;39;45.71;18.75
91690;302604;24;Zakład Pielęgnacyjno-Opiekuńczy Samodzielny Publiczny Zakład Opieki Zdrowotnej w Śremie 63-100 Śrem ul. Promenada 7;117;45;45;12;33;38.46;26.67;79;51;51;2;49;64.56;3.92
91691;302604;25;Dom Pomocy Społecznej w Śremie 63-100 Śrem ul. Farna 16;59;24;24;3;21;40.68;12.50;59;17;17;2;15;28.81;11.76
91692;302604;26;Szpital w Śremie Spółka z o.o. 63-100 Śrem ul. Józefa Chełmońskiego 1;116;18;18;6;12;15.52;33.33;140;43;43;2;41;30.71;4.65
91693;302604;27;Areszt Śledczy w Śremie 63-100 Śrem ul. Ks. Piotra Wawrzyniaka 6;133;37;37;9;28;27.82;24.32;131;80;80;6;74;61.07;7.50
88411;302701;1;Szkoła Podstawowa Nr 4 62-700 Turek ul. Sportowa 9;1185;242;242;12;230;20.42;4.96;1171;593;593;12;581;50.64;2.02
88412;302701;2;Klub Spółdzielni Mieszkaniowej „Tęcza” 62-700 Turek ul. Spółdzielców 4;2137;369;369;11;358;17.27;2.98;2111;918;918;32;886;43.49;3.49
88413;302701;3;Szkoła Podstawowa Nr 4 62-700 Turek ul. Sportowa 9;1197;318;318;15;303;26.57;4.72;1166;596;596;21;575;51.11;3.52
88414;302701;4;Szkoła Podstawowa Nr 1 62-700 Turek ul. 3 Maja 29;1222;317;317;8;309;25.94;2.52;1216;655;655;15;640;53.87;2.29
88415;302701;5;Szkoła Podstawowa Nr 1 62-700 Turek ul. 3 Maja 29;1104;274;274;14;260;24.82;5.11;1117;639;639;14;625;57.21;2.19
88416;302701;6;Przedszkole Nr 4 62-700 Turek ul. Stawickiego 7;1077;243;243;13;230;22.56;5.35;1047;498;499;16;482;47.56;3.21
88417;302701;7;Przedszkole Nr 8 62-700 Turek ul. Browarna 5;1150;184;184;7;177;16.00;3.80;1129;431;431;10;421;38.18;2.32
88418;302701;8;Zespół Szkół Technicznych 62-700 Turek ul. Milewskiego 3b;1229;336;336;17;319;27.34;5.06;1194;666;666;14;652;55.78;2.10
88419;302701;9;Gimnazjum Nr 2 62-700 Turek ul. Parkowa 3;1228;309;309;21;288;25.16;6.80;1239;762;762;13;749;61.50;1.71
88420;302701;10;Gimnazjum Nr 2 62-700 Turek ul. Parkowa 3;1109;270;270;7;263;24.35;2.59;1074;579;579;14;565;53.91;2.42
88421;302701;11;Przedszkole Nr 7 62-700 Turek ul. Os. Wyzwolenia 1a;2045;421;421;36;385;20.59;8.55;2022;1028;1028;26;1002;50.84;2.53
88422;302701;12;Przedszkole Nr 4 62-700 Turek ul. Stawickiego 7;1094;275;275;7;268;25.14;2.55;1030;536;536;8;528;52.04;1.49
88423;302701;13;Gimnazjum Nr 1 62-700 Turek ul. Broniewskiego 5;1226;329;329;13;316;26.84;3.95;1201;609;609;14;595;50.71;2.30
88424;302701;14;Przedszkole Nr 5 62-700 Turek ul. Gen. Smorawińskiego 2;1868;425;425;22;403;22.75;5.18;1805;901;901;24;877;49.92;2.66
88425;302701;15;Szkoła Podstawowa Nr 5 62-700 Turek ul. Os. Wyzwolenia 7a;2204;464;464;20;444;21.05;4.31;2101;1063;1063;35;1028;50.59;3.29
88426;302701;16;Szkoła Podstawowa Nr 5 62-700 Turek ul. Os. Wyzwolenia 7a;1125;247;247;18;229;21.96;7.29;1111;618;618;13;605;55.63;2.10
88427;302701;17;Gimnazjum Nr 1 62-700 Turek ul. Broniewskiego 5;1086;259;259;5;254;23.85;1.93;1071;592;592;5;587;55.28;0.84
91694;302701;18;Szpital-SP ZOZ 62-700 Turek Poduchowne 1;105;13;13;1;12;12.38;7.69;69;34;34;3;31;49.28;8.82
88428;302702;1;Zespół Szkolno-Gimnazjalny 62-720 Brudzew ul. Powstańców Wielkopolskich 35;1169;217;217;12;205;18.56;5.53;1182;550;550;18;532;46.53;3.27
88429;302702;2;Zespół Szkolno-Gimnazjalny 62-720 Brudzew ul. Powstańców Wielkopolskich 35;1254;168;168;5;163;13.40;2.98;1256;566;566;26;540;45.06;4.59
88430;302702;3;Świetlica Wiejska w Janowie 62-720 Janów 21b;227;35;35;0;35;15.42;0.00;223;57;57;4;53;25.56;7.02
88431;302702;4;Szkoła Podstawowa 62-720 Koźmin 2;856;107;107;3;104;12.50;2.80;854;369;369;18;351;43.21;4.88
88432;302702;5;Szkoła Podstawowa w Koźminie filia w Krwonach 62-720 Krwony 32;385;46;46;4;42;11.95;8.70;385;169;169;14;155;43.90;8.28
88433;302702;6;Szkoła Podstawowa 62-720 Galew 7;863;137;137;7;130;15.87;5.11;869;404;404;17;387;46.49;4.21
88434;302703;1;Zespół Szkolno-Przedszkolny w Dobrej 62-730 Długa Wieś 28;1443;258;258;11;247;17.88;4.26;1426;711;711;36;675;49.86;5.06
88435;302703;2;Centrum Kultury w Dobrej 62-730 Dobra ul. Dekerta 34;1282;183;183;5;178;14.27;2.73;1287;547;547;24;523;42.50;4.39
88436;302703;3;Budynek komunalny (po szkole podstawowej) 62-730 Miłkowice 46;823;96;96;8;88;11.66;8.33;823;342;342;17;325;41.56;4.97
88437;302703;4;Szkoła Filialna w Piekarach 62-730 Piekary 49;759;127;127;6;121;16.73;4.72;768;357;357;8;349;46.48;2.24
88438;302703;5;Strażnica OSP w Dąbrowicy 62-730 Dąbrowica-Kolonia 36;345;49;49;4;45;14.20;8.16;337;146;146;6;140;43.32;4.11
88439;302703;6;Dom Pomocy Społecznej w Skęczniewie 62-730 Skęczniew 58;369;83;83;11;72;22.49;13.25;379;162;162;14;148;42.74;8.64
88440;302704;1;Zespół Szkół 62-704 Kawęczyn 49a;945;155;155;13;142;16.40;8.39;953;421;421;32;389;44.18;7.60
88441;302704;2;Szkoła Podstawowa 62-704 Tokary Pierwsze 43a;1302;166;166;16;150;12.75;9.64;1294;460;460;19;441;35.55;4.13
88442;302704;3;Szkoła Podstawowa 62-704 Skarżyn 26a;532;80;80;0;80;15.04;0.00;529;200;200;4;196;37.81;2.00
88443;302704;4;Zespół Szkół 62-704 Kowale Pańskie-Kolonia 34;1436;283;284;19;264;19.71;6.71;1450;769;769;35;734;53.03;4.55
88444;302705;1;Szkoła Podstawowa 62-709 Dziadowice 22;1401;151;151;11;140;10.78;7.28;1431;486;486;29;457;33.96;5.97
88445;302705;2;Szkoła Podstawowa 62-709 Malanów ul. Szkolna 14;1377;168;168;4;164;12.20;2.38;1393;479;479;28;451;34.39;5.85
88446;302705;3;Szkoła Podstawowa 62-709 Miłaczew 34;913;112;112;4;108;12.27;3.57;900;338;338;19;319;37.56;5.62
88447;302705;4;Gimnazjum 62-709 Malanów ul. Parkowa 29;1416;218;218;5;213;15.40;2.29;1415;628;628;21;607;44.38;3.34
88448;302706;1;Zespół Szkół w Przykonie Gimnazjum w Przykonie 62-731 Przykona ul. Szkolna 4a;1996;283;283;11;272;14.18;3.89;2044;937;937;32;905;45.84;3.42
88449;302706;2;Szkoła Podstawowa w Boleszczynie 62-731 Boleszczyn 67;1080;169;169;6;163;15.65;3.55;1088;479;479;12;467;44.03;2.51
88450;302706;3;Szkoła Podstawowa w Sarbicach 62-731 Sarbice 4;414;69;69;10;59;16.67;14.49;423;181;181;9;172;42.79;4.97
88451;302707;1;Zespół Szkół 62-740 Tuliszków ul. Nortowska 1;1626;260;260;6;254;15.99;2.31;1617;722;722;21;701;44.65;2.91
88452;302707;2;Zespół Szkół 62-740 Tuliszków ul. Nortowska 1;1119;186;186;3;183;16.62;1.61;1104;489;489;9;480;44.29;1.84
88453;302707;3;Miejsko-Gminny Ośrodek Kultury 62-740 Tuliszków ul. Mariana Buczka 2;2173;295;295;14;281;13.58;4.75;2217;877;877;42;835;39.56;4.79
88454;302707;4;Szkoła Podstawowa 62-740 Ogorzelczyn 3;916;153;153;11;142;16.70;7.19;930;381;381;21;360;40.97;5.51
88455;302707;5;Zespół Szkolno-Przedszkolny 62-740 Grzymiszew ul. Nowa 2;1880;254;254;12;242;13.51;4.72;1868;751;751;42;709;40.20;5.59
88456;302707;6;Szkoła Podstawowa 62-740 Smaszew 33;708;81;81;4;77;11.44;4.94;694;257;257;16;241;37.03;6.23
88457;302708;1;Szkoła Podstawowa im.Józefa Mehoffera w Chlebowie 62-700 Chlebów 15;911;112;112;4;108;12.29;3.57;939;356;356;13;343;37.91;3.65
88458;302708;2;Szkoła Podstawowa im.Jana Pawła II w Kaczkach Średnich 62-700 Kaczki Średnie 63;550;96;96;1;95;17.45;1.04;548;236;236;13;223;43.07;5.51
88459;302708;3;Zespół Szkolno-Przedszkolny Słodkowie 62-700 Słodków 21;1507;201;201;10;191;13.34;4.98;1549;695;695;36;659;44.87;5.18
88460;302708;4;Bursa Szkolna w Turku 62-700 Turek Al. J. Piłsudskiego 5;1551;284;284;7;277;18.31;2.46;1639;797;797;17;780;48.63;2.13
88461;302708;5;Szkoła Podstawowa im.Marii Skłodowskiej-Curie w Żukach 62-700 Żuki 92;448;68;68;3;65;15.18;4.41;455;197;197;5;192;43.30;2.54
88462;302708;6;Szkoła Podstawowa w Turkowicach 62-700 Turkowice ul.Jaśminowa 3;685;109;109;1;108;15.91;0.92;703;329;329;15;314;46.80;4.56
88463;302708;7;Szkoła Podstawowa w Cisewie 62-700 Cisew 55;886;145;145;4;141;16.37;2.76;905;418;418;16;402;46.19;3.83
88464;302708;8;Wiejskie Centrum Lokalnej Aktywności w Kowalach Księżych 62-700 Kowale Księże 38a;321;92;92;5;87;28.66;5.43;319;153;153;2;151;47.96;1.31
88465;302709;1;Strażnica OSP 62-710 Międzylesie 10;989;183;183;4;179;18.50;2.19;991;470;470;25;445;47.43;5.32
88466;302709;2;Gimnazjum we Władysławowie 62-710 Władysławów ul. Jagiellońska 1B;1204;268;268;12;256;22.26;4.48;1217;713;713;25;688;58.59;3.51
88467;302709;3;Szkoła Podstawowa 62-710 Natalia 22;467;77;77;1;76;16.49;1.30;466;197;197;4;193;42.27;2.03
88468;302709;4;Szkoła Podstawowa w Wyszynie 62-710 Wyszyna ul. Turkowska 1;1290;275;275;14;261;21.32;5.09;1308;652;652;26;626;49.85;3.99
88469;302709;5;Szkoła Podstawowa w Kunach 62-710 Kuny 137;780;129;129;8;121;16.54;6.20;791;346;346;23;323;43.74;6.65
88470;302709;6;Szkoła Podstawowa w Chylinie 62-710 Chylin 87A;843;135;135;12;123;16.01;8.89;827;342;342;19;323;41.35;5.56
88471;302709;7;Dom Parafialny 62-710 Russocice 19A;828;154;154;9;145;18.60;5.84;847;431;431;11;420;50.89;2.55
88472;302801;1;Szkoła Podstawowa Nr 3 62-100 Wągrowiec ul. Letnia 1;2129;456;456;19;437;21.42;4.17;2134;1089;1089;19;1070;51.03;1.74
88473;302801;2;Miejski Dom Kultury 62-100 Wągrowiec ul. Kościuszki 55;1989;476;476;14;462;23.93;2.94;1938;900;900;24;876;46.44;2.67
88474;302801;3;Spółdzielnia Mieszkaniowa 62-100 Wągrowiec ul. Jeżyka 50;1961;470;470;14;456;23.97;2.98;1929;990;990;19;971;51.32;1.92
88475;302801;4;Szkoła Podstawowa nr 4 62-100 Wągrowiec ul. Reja 10;2096;440;440;10;430;20.99;2.27;2051;994;994;20;974;48.46;2.01
88476;302801;5;Gimnazjum nr 1 62-100 Wągrowiec ul. Św. Wojciecha 20;1102;343;343;5;338;31.13;1.46;1102;654;654;15;639;59.35;2.29
88477;302801;6;Szkoła Podstawowa nr 2 62-100 Wągrowiec ul. Krótka 4;1412;285;285;10;275;20.18;3.51;1422;655;655;25;630;46.06;3.82
88478;302801;7;Zespół Szkół Ponadgimnazjalnych nr 1 62-100 Wągrowiec ul. Kcyńska 48;1585;358;358;18;340;22.59;5.03;1616;791;791;29;762;48.95;3.67
88479;302801;8;Liceum Ogólnokształcące 62-100 Wągrowiec ul. Klasztorna 17A;2160;357;357;10;347;16.53;2.80;2206;827;827;23;804;37.49;2.78
88480;302801;9;Gminny Zakład Gospodarki Komunalnej i Mieszkaniowej 62-100 Wągrowiec ul. Janowiecka 98;1762;312;312;8;304;17.71;2.56;1812;919;919;25;894;50.72;2.72
88481;302801;10;Biblioteka Pedagogiczna 62-100 Wągrowiec Wierzbowa 1;1781;329;329;9;320;18.47;2.74;1764;840;840;44;796;47.62;5.24
88482;302801;11;Spółdzielnia Mieszkaniowa 62-100 Wągrowiec Osiedle Wschód 11;1826;433;433;17;416;23.71;3.93;1823;986;986;21;965;54.09;2.13
91695;302801;12;Szpital Powiatowy 62-100 Wągrowiec ul. Kościuszki 74;93;8;8;0;8;8.60;0.00;93;29;29;2;27;31.18;6.90
88483;302802;1;Gminny Ośrodek Kultury 62-110 Damasławek ul. Żnińska 9;1701;372;372;33;339;21.87;8.87;1678;849;849;33;816;50.60;3.89
88484;302802;2;Remiza Ochotniczej Straży Pożarnej 62-110 Międzylesie .;533;73;73;9;64;13.70;12.33;532;186;186;14;172;34.96;7.53
88485;302802;3;Świetlica wiejska 62-110 Niemczyn .;1558;253;253;19;234;16.24;7.51;1537;579;579;50;529;37.67;8.64
88486;302802;4;Remiza Ochotniczej Straży Pożarnej 62-110 Mokronosy .;610;105;105;3;102;17.21;2.86;609;237;237;10;227;38.92;4.22
88487;302803;1;Przedszkole Publiczne 62-130 Gołańcz ul. Karola Libelta 1;1765;275;275;15;260;15.58;5.45;1746;696;696;40;656;39.86;5.75
88488;302803;2;Gołaniecki Ośrodek Kultury 62-130 Gołańcz ul. Dr Piotra Kowalika 1;1913;353;353;30;323;18.45;8.50;1921;837;837;41;796;43.57;4.90
88489;302803;3;Zespół Szkół Ponadgimnazjalnych 62-130 Gołańcz ul. Walki Młodych 35;840;124;124;9;115;14.76;7.26;841;316;316;20;296;37.57;6.33
88490;302803;4;Świetlica Wiejska w Chojnie 62-130 Chojna 55;720;99;99;9;90;13.75;9.09;710;235;235;17;218;33.10;7.23
88491;302803;5;Świetlica Wiejska 62-130 Czesławice 20;468;59;59;6;53;12.61;10.17;462;162;162;16;146;35.06;9.88
88492;302803;6;Szkoła Podstawowa 62-130 Panigródz 24;496;119;119;8;111;23.99;6.72;493;203;203;27;176;41.18;13.30
88493;302803;7;Świetlica wiejska 62-130 Czeszewo b.nr;396;69;69;2;67;17.42;2.90;372;142;142;8;134;38.17;5.63
88494;302804;1;Sala widowiskowa Domu Kultury 62-290 Mieścisko ul. Kościuszki 11;1957;313;313;18;295;15.99;5.75;1953;853;853;31;822;43.68;3.63
88495;302804;2;Świetlica wiejska 62-290 Kłodzin 28;344;72;72;5;67;20.93;6.94;335;135;135;7;128;40.30;5.19
88496;302804;3;Dom Kultury 62-290 Popowo Kościelne b.nr;1301;210;210;6;204;16.14;2.86;1298;472;472;17;455;36.36;3.60
88497;302804;4;Świetlica wiejska 62-290 Żabiczyn b.nr;267;31;31;3;28;11.61;9.68;266;78;78;3;75;29.32;3.85
88498;302804;5;Gminne Centrum Informacji z Klubem Pracy 62-290 Mieścisko ul. Kościuszki 11;878;69;69;4;65;7.86;5.80;876;262;262;14;248;29.91;5.34
88499;302805;1;Szkoła Podstawowa 62-085 Skoki ul. Poznańska 2;963;208;208;8;200;21.60;3.85;945;484;484;12;472;51.22;2.48
88500;302805;2;Przedszkole Samorządowe 62-085 Skoki ul Sienkiewicza 19;1028;210;210;8;202;20.43;3.81;1045;568;568;19;549;54.35;3.35
88501;302805;3;Przedszkole Samorządowe 62-085 Skoki ul. Sienkiewicza 19;1284;270;270;13;257;21.03;4.81;1305;673;673;25;648;51.57;3.71
88502;302805;4;Świetlica Wiejska 62-285 Kakulin 17A;613;67;67;1;66;10.93;1.49;619;188;188;8;180;30.37;4.26
88503;302805;5;Świetlica Wiejska 62-085 Bliżyce 28A;457;45;45;1;44;9.85;2.22;458;129;129;11;118;28.17;8.53
88504;302805;6;Światlica Wiejska 62-093 Rejowiec 34;1105;148;148;13;135;13.39;8.78;1127;371;371;12;359;32.92;3.23
88505;302805;7;Świetlica Wiejska 62-085 Potrzanowo ul. Skocka 45;600;98;98;2;96;16.33;2.04;640;268;268;8;260;41.88;2.99
88506;302805;8;Szkoła Podstawowa 62-085 Lechlin 9;1068;150;150;14;136;14.04;9.33;1068;391;391;25;366;36.61;6.39
88507;302806;1;Zespół Szkół 62-120 Wapno Pl. Mickiewicza 2;1755;211;211;36;175;12.02;17.06;1742;599;599;28;571;34.39;4.67
88508;302806;2;Dom Pomocy Społecznej 62-120 Srebrna Góra 62;664;122;122;7;115;18.37;5.74;679;253;253;14;239;37.26;5.53
88509;302807;1;Gimnazjum Nr 1 62-100 Wągrowiec ul. Kolejowa 14;1833;284;284;8;276;15.49;2.82;1886;779;779;9;770;41.30;1.16
88510;302807;2;Świetlica Wiejska 62-100 Łaziska 51;743;154;154;6;148;20.73;3.90;756;357;357;20;337;47.22;5.60
88511;302807;3;Świetlica Wiejska 62-100 Sienno 26b;1134;151;151;4;147;13.32;2.65;1160;446;446;15;431;38.45;3.36
88512;302807;4;Zespół Szkół 62-113 Żelice 14A;1657;174;174;14;160;10.50;8.05;1647;526;526;23;503;31.94;4.37
88513;302807;5;Wiejski Ośrodek Integracji i Aktywizacji Wsi 62-104 Pawłowo Żońskie 13a;1282;204;204;18;186;15.91;8.82;1284;518;518;24;494;40.34;4.63
88514;302807;6;Zespół Szkolno - Przedszkolny 62-105 Łekno Pocztowa 7;1891;344;344;33;311;18.19;9.59;1862;773;773;30;743;41.51;3.88
88515;302807;7;Gimnazjum nr 3 62-106 Rąbczyn 61;552;75;75;11;64;13.59;14.67;562;183;183;20;163;32.56;10.93
88516;302901;1;Zespół Szkół Gimnazjum i Szkoła Podstawowa 64-234 Bucz ul. Kasztanowa 8;1547;226;226;21;205;14.61;9.29;1541;676;676;51;625;43.87;7.54
88517;302901;2;Sala wiejska 64-234 Poświętno 3;708;124;124;11;113;17.51;8.87;705;275;275;16;259;39.01;5.82
88518;302901;3;Szkoła Podstawowa 64-234 Kluczewo ul. Szkolna 19;901;106;106;9;97;11.76;8.49;911;344;344;12;332;37.76;3.49
88519;302901;4;Zespół Szkół Gimnazjum i Szkoła Podstawowa 64-234 Przemęt ul. Szkolna 1;2042;260;260;10;250;12.73;3.85;2029;881;881;43;838;43.42;4.88
88520;302901;5;Zespół Szkół Gimnazjum i Szkoła Podstawowa 64-234 Mochy ul. Wolsztyńska 4;2091;245;245;10;235;11.72;4.08;2104;820;820;47;773;38.97;5.73
88521;302901;6;Zespół Szkół Gimnazjum i Szkoła Podstawowa 64-234 Kaszczor ul. Cysterska 9;1616;328;328;17;311;20.30;5.18;1643;819;819;33;786;49.85;4.03
88522;302901;7;Szkoła Podstawowa 64-234 Radomierz ul. Słoneczna 8;1438;191;191;13;178;13.28;6.81;1420;586;586;22;564;41.27;3.75
88523;302901;8;Przedszkole Samorządowe 64-234 Nowa Wieś ul. Przemęcka 13;628;81;81;2;79;12.90;2.47;634;253;253;17;236;39.91;6.72
88524;302902;1;Gminny Ośrodek Kultury 64-212 Siedlec Zbąszyńska 19;1512;261;261;26;235;17.26;9.96;1499;756;756;25;731;50.43;3.31
88525;302902;2;Świetlica Wiejska 64-225 Jaromierz;805;93;93;9;84;11.55;9.68;804;293;293;25;268;36.44;8.53
88526;302902;3;Świetlica Wiejska 64-212 Żodyń;736;138;138;10;128;18.75;7.25;740;347;347;14;333;46.89;4.03
88527;302902;4;Świetlica Ochotniczej Straży Pożarnej 64-225 Kopanica Zbąszyńska 29;1194;229;229;12;217;19.18;5.24;1211;607;607;33;574;50.12;5.44
88528;302902;5;Zespół Przedszkola, Szkoły Podstawowej i Gimnazjum 64-214 Chobienice;1412;196;196;15;181;13.88;7.65;1407;624;624;26;598;44.35;4.17
88529;302902;6;Świetlica Wiejska 64-232 Tuchorza;1337;260;260;15;245;19.45;5.77;1366;703;703;40;663;51.46;5.69
88530;302902;7;Świetlica Ochotniczej Straży Pożarnej 64-232 Boruja;420;101;101;3;98;24.05;2.97;421;193;193;13;180;45.84;6.74
88531;302902;8;Świetlica Wiejska 64-231 Belęcin;1038;174;174;19;155;16.76;10.92;1047;441;441;42;399;42.12;9.52
88532;302902;9;Świetlica Wiejska 64-212 Reklin;1121;172;172;10;162;15.34;5.81;1126;446;446;18;428;39.61;4.04
88533;302903;1;Gimnazjum Nr 1 64-200 Wolsztyn ul. Wschowska 15;1005;233;233;9;224;23.18;3.86;1085;602;602;11;591;55.48;1.83
88534;302903;2;Zespół Szkół Specjalnych 64-200 Wolsztyn ul. 5 Stycznia 14;1249;329;329;9;320;26.34;2.74;1234;646;646;19;627;52.35;2.94
88535;302903;3;Zespół Szkół Ogólnokształcącycych 64-200 Wolsztyn ul. Poniatowskiego 7;1325;363;363;10;353;27.40;2.75;1476;865;865;19;846;58.60;2.20
88536;302903;4;Szkoła Podstawowa Nr 5 64-200 Wolsztyn ul. Żegockiego 26;2352;518;518;24;494;22.02;4.63;2309;1324;1324;42;1282;57.34;3.17
88537;302903;5;Przedszkole Nr 3 64-200 Wolsztyn ul. Kusocińskiego 2;1375;345;345;16;329;25.09;4.64;880;512;512;14;498;58.18;2.73
88538;302903;6;Zespół Szkół Zawodowych 64-200 Wolsztyn ul. Kusocińskiego 1;1986;615;615;28;587;30.97;4.55;2169;1243;1243;28;1215;57.31;2.25
88539;302903;7;Szkoła Podstawowa Nr 3 64-200 Wolsztyn ul. Konopnickiej 1;860;207;207;5;202;24.07;2.42;1354;773;773;21;752;57.09;2.72
88540;302903;8;Gminny Żłobek 64-200 Wolsztyn ul. Komorowska 1;1125;282;282;9;273;25.07;3.19;771;407;407;8;399;52.79;1.97
88541;302903;9;Świetlica wiejska 64-200 Niałek Wielki 30;759;234;234;10;224;30.83;4.27;598;371;371;15;356;62.04;4.04
88542;302903;10;Zespół Szkolno - Gimnazjalny 64-211 Obra ul. Szkolna 19;1754;323;323;14;309;18.42;4.33;1768;879;879;54;825;49.72;6.14
88543;302903;11;Zespół Szkolno - Przedszkolny 64-223 Kębłowo ul. Wolsztyńska 19;1485;152;152;6;146;10.24;3.95;1480;617;617;49;568;41.69;7.94
88544;302903;12;Wiejski Dom Kultury 64-224 Świętno ul. Poprzeczna 2;920;117;117;11;106;12.72;9.40;928;378;378;17;361;40.73;4.50
88545;302903;13;Szkoła Podstawowa 64-200 Wroniawy ul. Dworcowa 33;1025;131;131;2;129;12.78;1.53;1030;435;435;14;421;42.23;3.22
88546;302903;14;Szkoła Podstawowa 64-200 Stary Widzim 24;1071;194;194;5;189;18.11;2.58;1091;525;525;22;503;48.12;4.19
88547;302903;15;Zespół Szkół Rolniczych i Technicznych 64-200 Powodowo 1;438;82;82;3;79;18.72;3.66;429;210;210;20;190;48.95;9.52
88548;302903;16;Przedszkole 64-200 Chorzemin 81;639;100;100;3;97;15.65;3.00;654;287;287;23;264;43.88;8.01
88549;302903;17;Szkoła Podstawowa w Starym Widzimiu, Szkoła Filialna w Adamowie 64-200 Adamowo 56;787;113;113;3;110;14.36;2.65;801;400;400;15;385;49.94;3.75
88550;302903;18;Sala wiejska 64-200 Nowe Tłoki 28C;446;117;117;5;112;26.23;4.27;481;253;253;9;244;52.60;3.56
88551;302903;19;Szkoła Podstawowa Nr 1 w Wolsztynie, Szkoła Filialna w Tłokach 64-200 Tłoki 43;575;98;98;7;91;17.04;7.14;577;248;248;18;230;42.98;7.26
88552;302903;20;Salka katechetyczna 64-200 Gościeszyn 19;1111;122;122;9;113;10.98;7.38;1097;393;393;21;372;35.82;5.34
88553;302903;21;Szkoła Podstawowa 64-200 Karpicko ul. Wczasowa 72;1279;317;317;21;296;24.78;6.62;1289;696;696;27;669;54.00;3.88
91696;302903;22;Dom Pomocy Społecznej 64-200 Wolsztyn Poznańska 29;82;56;56;2;54;68.29;3.57;80;49;49;0;49;61.25;0.00
91697;302903;23;Samodzielny Publiczny Zakład Opieki Zdrowotnej 64-200 Wolsztyn wschowska 3;79;19;19;3;16;24.05;15.79;124;39;39;0;39;31.45;0.00
88554;303001;1;Sala Urzędu Gminy w Kołaczkowie 62-306 Kołaczkowo pl. Reymonta 3;1274;278;278;5;273;21.82;1.80;1283;624;624;25;599;48.64;4.01
88555;303001;2;Szkoła Podstawowa w Sokolnikach 62-305 Sokolniki ul. Leśna 1 A;1331;210;210;8;202;15.78;3.81;1309;521;521;25;496;39.80;4.80
88556;303001;3;Świetlica wiejska we Wszemborzu 62-306 Wszembórz 70 A;503;131;131;4;127;26.04;3.05;500;250;250;8;242;50.00;3.20
88557;303001;4;Szkoła Podstawowa w Bieganowie 62-305 Bieganowo 43;936;148;148;21;127;15.81;14.19;925;315;315;16;299;34.05;5.08
88558;303001;5;Szkoła Podstawowa w Grabowie Król. 62-306 Grabowo Królewskie 1;712;101;101;7;94;14.19;6.93;701;273;273;17;256;38.94;6.23
88559;303002;1;Miłosławskie Centrum Kultury 62-320 Miłosław ul. Różowa 6;1947;374;374;23;351;19.21;6.15;1931;874;874;31;843;45.26;3.55
88560;303002;2;Szkoła Podstawowa 62-320 Bugaj 7;1442;223;223;13;210;15.46;5.83;1445;543;543;28;515;37.58;5.16
88561;303002;3;Międzynarodowy Dom Spotkań Młodzieży 62-320 Mikuszewo 23;528;117;117;5;112;22.16;4.27;522;246;246;11;235;47.13;4.47
88562;303002;4;Zespół Szkół 62-322 Orzechowo ul. Szkolna 18;1897;355;355;25;330;18.71;7.04;1872;877;877;41;836;46.85;4.68
88563;303002;5;Świetlica Wiejska 62-322 Czeszewo ul. Słoneczna 25;698;107;107;4;103;15.33;3.74;705;302;302;21;281;42.84;6.95
88564;303002;6;Świetlica Wiejska 62-320 Biechowo 1;852;118;118;5;113;13.85;4.24;855;287;287;7;280;33.57;2.44
88565;303002;7;Urząd Gminy 62-320 Miłosław ul. Wrzesińska 19;954;198;198;9;189;20.75;4.55;936;483;483;17;466;51.60;3.52
88566;303003;1;Zespół Szkół w Nekli 62-330 Nekla ul. Klemensa Szczepańskiego 7;1902;374;374;14;360;19.66;3.74;1952;957;957;39;918;49.03;4.08
88567;303003;2;Zespół Szkół w Nekli 62-330 Nekla ul. Klemensa Szczepańskiego 7;1940;394;394;32;362;20.31;8.12;1953;971;971;42;929;49.72;4.33
88568;303003;3;Zespół Szkół w Zasutowie 62-330 Zasutowo ul. Kwiatowa 5;850;159;159;9;150;18.71;5.66;861;387;387;22;365;44.95;5.68
88569;303003;4;Zespół Szkół w Targowej Górce 62-330 Targowa Górka ul. Karśnickiego 2;970;155;155;7;148;15.98;4.52;985;381;381;25;356;38.68;6.56
88570;303004;1;Zespół Szkolno-Przedszkolny Publiczne Samorządowe Gimnazjum 62-310 Pyzdry ul. Szkolna 2;1549;304;304;10;294;19.63;3.29;1553;689;689;20;669;44.37;2.90
88571;303004;2;Zespół Szkolno-Przedszkolny Przedszkole Samorządowe 62-310 Pyzdry ul. Szybska 17;1201;247;247;5;242;20.57;2.02;1195;595;595;21;574;49.79;3.53
88572;303004;3;Środowiskowy Dom Samopomocy 62-310 Pietrzyków 49;858;113;113;4;109;13.17;3.54;845;331;331;28;303;39.17;8.46
88573;303004;4;Samorządowa Szkoła Podstawowa 62-310 Wrąbczynkowskie Holendry 13;753;69;69;6;63;9.16;8.70;766;239;239;7;232;31.20;2.93
88574;303004;5;Samorządowa Szkoła Podstawowa 62-310 Górne Grądy 2;679;94;94;7;87;13.84;7.45;674;230;230;10;220;34.12;4.35
88575;303004;6;Samorządowa Szkoła Podstawowa 62-310 Lisewo 108;695;120;120;3;117;17.27;2.50;679;275;275;7;268;40.50;2.55
88576;303005;1;Ratusz 62 - 300 Września ul. Ratuszowa 1;1709;314;314;15;299;18.37;4.78;1737;740;740;16;724;42.60;2.16
88577;303005;2;Urząd Stanu Cywilnego 62 - 300 Września ul. Chopina 9;1364;293;293;7;286;21.48;2.39;1344;612;612;16;596;45.54;2.61
88578;303005;3;Wrzesińskie Obiekty Sportowo-Rekreacyjne 62 - 300 Września ul. Świętokrzyska 14-16;1851;442;442;15;427;23.88;3.39;1824;994;994;14;980;54.50;1.41
88579;303005;4;Przedszkole 62 - 300 Września ul. Gen. Tadeusza Kutrzeby 1;1827;430;430;11;419;23.54;2.56;1875;1109;1109;13;1096;59.15;1.17
88580;303005;5;Gimnazjum nr 1 62 - 300 Września ul. Kosynierów 32;1708;379;379;13;366;22.19;3.43;1721;928;928;43;885;53.92;4.63
88581;303005;6;Gimnazjum nr 1 62 - 300 Września ul. Kosynierów 32;1372;394;394;9;385;28.72;2.28;1388;860;860;13;847;61.96;1.51
88582;303005;7;Liceum Ogólnokształcące 62 - 300 Września ul. Witkowska 1;1382;283;283;22;261;20.48;7.77;1352;633;633;15;618;46.82;2.37
88583;303005;8;Zespół Szkół Politechnicznych 62 - 300 Września ul. Wojska Polskiego 1;1411;320;320;10;310;22.68;3.12;1388;728;728;12;716;52.45;1.65
88584;303005;9;Gimnazjum nr 2 62 - 300 Września ul. Słowackiego 41;1755;410;410;22;388;23.36;5.37;1805;971;971;24;947;53.80;2.47
88585;303005;10;Samorządowa Szkoła Podstawowa nr 6 62 - 300 Września ul. Batorego 8;1749;401;401;16;385;22.93;3.99;1703;870;870;27;843;51.09;3.10
88586;303005;11;Wrzesińska Spółdzielnia Mieszkaniowa 62 - 300 Września ul. Kilińskiego 10;1653;394;394;12;382;23.84;3.05;1584;843;843;18;825;53.22;2.14
88587;303005;12;Zespół Szkół Technicznych i Ogólnokształcących 62 - 300 Września ul. Kaliska 2a;1694;368;368;18;350;21.72;4.89;1683;902;902;20;882;53.59;2.22
88588;303005;13;Zespół Szkół Technicznych i Ogólnokształcących 62 - 300 Września ul. Kaliska 2a;1720;423;423;23;400;24.59;5.44;1710;948;948;35;913;55.44;3.69
88589;303005;14;Wrzesiński Ośrodek Kultury 62 - 300 Września ul. Kościuszki 21;2076;458;458;22;436;22.06;4.80;2059;1081;1081;19;1062;52.50;1.76
88590;303005;15;Dom Młodzieżowy 62 - 300 Sokołowo ul. Szlachecka 1;764;119;119;3;116;15.58;2.52;756;286;286;13;273;37.83;4.55
88591;303005;16;Zespół Szkół w Marzeninie 62 - 301 Marzenin ul. Ks. Twardego 22;985;155;155;9;146;15.74;5.81;959;403;403;22;381;42.02;5.46
88592;303005;17;Zespół Szkół Społecznych w Grzybowie 62 - 309 Grzybowo 32;1390;223;223;12;211;16.04;5.38;1383;597;597;18;579;43.17;3.02
88593;303005;18;Wiejski Dom Kultury w Sędziwojewie 62 - 302 Sędziwojewo 69;561;72;72;1;71;12.83;1.39;549;212;212;9;203;38.62;4.25
88594;303005;19;Świetlica w Psarach Polskich 62 - 300 Psary Polskie 126;1495;269;269;12;257;17.99;4.46;1526;706;706;18;688;46.26;2.55
88595;303005;20;Świetlica w Psarach Małych 62 - 300 Psary Małe Długa 18;1136;227;227;6;221;19.98;2.64;1161;534;534;12;522;45.99;2.25
88596;303005;21;Świetlica w Chociczy Wielkiej 62 - 300 Chocicza Wielka 21;499;65;65;1;64;13.03;1.54;483;153;153;8;145;31.68;5.23
88597;303005;22;Wiejski Dom Kultury w Obłaczkowie 62-300 Obłaczkowo 102;672;129;129;0;129;19.20;0.00;661;318;318;9;309;48.11;2.83
88598;303005;23;Samorządowa Szkoła Podstawowa w Chwalibogowie 62 - 323 Chwalibogowo 38;743;75;75;2;73;10.09;2.67;737;264;264;17;247;35.82;6.44
88599;303005;24;Samorządowa Szkoła Podstawowa w Kaczanowie 62 - 303 Kaczanowo ul. Kaliska 52;2118;323;323;9;314;15.25;2.79;2149;990;990;29;961;46.07;2.93
88600;303005;25;Świetlica w Gozdowie 62 - 300 Gozdowo 57;645;101;101;3;98;15.66;2.97;659;263;263;13;250;39.91;4.94
88601;303005;26;Wiejski Dom Kultury w Węgierkach 62-302 Węgierki ul. Wrzesińska 30;1288;196;196;7;189;15.22;3.57;1280;468;468;19;449;36.56;4.06
91698;303005;27;Szpital Powiatowy Sp. z o.o. 62-300 Września Słowackiego 2;84;4;4;0;4;4.76;0.00;88;32;32;1;31;36.36;3.12
91699;303005;28;Dom Pomocy Społecznej 62-300 Września Szkolna 25;38;13;13;1;12;34.21;7.69;40;15;15;0;15;37.50;0.00
88602;303101;1;Klub „Ziemowit” 77-400 Złotów ul. Boh. Westerplatte 12;2008;528;528;13;515;26.29;2.46;1980;1036;1036;22;1014;52.32;2.12
88603;303101;2;Świetlica Centrum Kształcenia Zawodowego i Ustawicznego w Złotowie 77-400 Złotów ul. Norwida 10;1881;453;453;15;438;24.08;3.31;1847;957;957;24;933;51.81;2.51
88604;303101;3;Sala Zespółu Szkół Katolickich 77-400 Złotów ul. Moniuszki 18;2080;507;507;28;479;24.38;5.52;2057;1051;1051;37;1014;51.09;3.52
88605;303101;4;Złotowskie Centrum Aktywności Społecznej 77-400 Złotów Al. Piasta 26;1816;468;468;18;450;25.77;3.85;1779;892;892;21;871;50.14;2.35
88606;303101;5;Sala sesyjna Urzędu Miejskiego 77-400 Złotów Al.Piasta 1;1786;384;384;20;364;21.50;5.21;1724;748;748;51;697;43.39;6.82
88607;303101;6;Stołówka Zespołu Szkół Samorządowych Nr 1 77-400 Złotów ul.Królowej Jadwigi 54/56;1886;426;426;13;413;22.59;3.05;1863;912;912;17;895;48.95;1.86
88608;303101;7;Sala Przedszkola Publicznego Nr 2 77-400 Złotów ul.8 Marca 18;2232;508;508;9;499;22.76;1.77;2230;1209;1209;45;1164;54.22;3.72
88609;303101;8;Sala Gimnazjum Publicznego nr 2 77-400 Złotów ul.8 Marca 16;1052;181;181;10;171;17.21;5.52;1069;462;462;11;451;43.22;2.38
91700;303101;9;Biuro Dyrekcji Szpitala Powiatowego 77-400 Złotów Szpitalna 28;152;34;34;1;33;22.37;2.94;124;47;47;8;39;37.90;17.02
91701;303101;10;Biuro Psychologa Działu Penitencjarnego 77-400 Złotów Plac Kościuszki 3;144;38;38;4;34;26.39;10.53;111;44;44;2;42;39.64;4.55
88610;303102;1;Publiczne Gimnazjum 64-915 Jastrowie ul. Kilińszczaków 18;1586;305;305;13;292;19.23;4.26;1592;713;713;28;685;44.79;3.93
88611;303102;2;Miejska Biblioteka Publiczna 64-915 Jastrowie ul. Wojska Polskiego 11;1819;274;274;19;255;15.06;6.93;1772;607;607;39;568;34.26;6.43
88612;303102;3;Specjalny Ośrodek Szkolno-Wychowawczy 64-915 Jastrowie ul. Wojska Polskiego 25;2087;391;391;8;383;18.74;2.05;2057;977;977;28;949;47.50;2.87
88613;303102;4;Miejsko-Gminny Ośrodek Pomocy Społecznej 64-915 Jastrowie ul. Kieniewicza 19;1307;184;184;12;172;14.08;6.52;1286;452;452;21;431;35.15;4.65
88614;303102;5;Publiczna Szkoła Podstawowa 64-915 Brzeźnica bn;1117;121;121;7;114;10.83;5.79;1104;324;324;23;301;29.35;7.10
88615;303102;6;Dom Kultury 64-915 Sypniewo Mickiewicza 43;1292;158;158;10;148;12.23;6.33;1271;429;429;36;393;33.75;8.39
88616;303103;1;Krajeński Ośrodek Kultury 77-430 Krajenka ul. Rynek 1;1230;236;236;13;223;19.19;5.51;1237;552;552;24;528;44.62;4.35
88617;303103;2;Warsztat Terapii Zajęciowej w Krajence 77-430 Krajenka Bydgoska 3;662;137;137;10;127;20.69;7.30;635;300;300;15;285;47.24;5.00
88618;303103;3;Dom Strażaka 77-430 Krajenka ul. Floriańska 6;1763;337;337;6;331;19.12;1.78;1726;718;718;22;696;41.60;3.06
88619;303103;4;Szkoła Podstawowa 77-430 Głubczyn 23;550;136;136;14;122;24.73;10.29;538;255;255;10;245;47.40;3.92
88620;303103;5;Szkoła Podstawowa 77-430 Śmiardowo Krajeńskie 13;388;53;53;2;51;13.66;3.77;390;117;117;8;109;30.00;6.84
88621;303103;6;Szkoła Podstawowa w Podróżnej 77-430 Podróżna 42;349;85;85;3;82;24.36;3.53;350;148;148;9;139;42.29;6.08
88622;303103;7;Szkoła Podstawowa w Dolniku 77-430 Dolnik 13;449;58;58;4;54;12.92;6.90;445;145;145;3;142;32.58;2.07
88623;303103;8;Szkoła Podstawowa 64-917 Skórka ul. Złotowska 4;528;152;152;8;144;28.79;5.26;550;314;314;23;291;57.09;7.32
88624;303104;1;Wiejski Dom Kultury 77-420 Wielki Buczek 1A;551;93;93;6;87;16.88;6.45;561;243;243;8;235;43.32;3.29
88625;303104;2;Gminny Ośrodek Kultury 77-420 Lipka ul.IV Dywizji Piechoty 2;1544;197;197;15;182;12.76;7.61;1521;525;525;31;494;34.52;5.90
88626;303104;3;Gminny Ośrodek Kultury 77-420 Lipka ul.IV Dywizji Piechoty 2;1367;318;318;35;283;23.26;11.01;1353;652;652;24;628;48.19;3.68
88627;303104;4;Zespół Szkół 77-420 Łąkie 89;959;115;115;6;109;11.99;5.22;947;310;310;21;289;32.73;6.77
88628;303105;1;Gimnazjum 64-965 Okonek ul. Niepodległości 23;1273;212;212;14;198;16.65;6.60;1244;541;541;32;509;43.49;5.91
88629;303105;2;Gimnazjum 64-965 Okonek ul. Niepodległości 23;1882;350;350;20;330;18.60;5.71;1838;785;785;45;740;42.71;5.73
88630;303105;3;Gimnazjum 64-965 Okonek ul. Niepodległości 24;468;35;35;2;33;7.48;5.71;464;154;154;10;144;33.19;6.49
88631;303105;4;Gimnazjum 64-918 Lotyń ul. Pocztowa 1;1074;128;128;9;119;11.92;7.03;1073;362;362;15;347;33.74;4.14
88632;303105;5;Świetlica Wiejska 64-965 Węgorzewo 15;561;68;68;3;65;12.12;4.41;551;161;161;18;143;29.22;11.18
88633;303105;6;Świetlica Wiejska 64-965 Pniewo 52;1001;73;73;5;68;7.29;6.85;987;248;248;17;231;25.13;6.85
88634;303105;7;Świetlica Wiejska 64-965 Podgaje ul. Gdańska 3;418;49;49;4;45;11.72;8.16;409;138;138;9;129;33.74;6.52
88635;303105;8;Świetlica Wiejska 64-965 Lędyczek ul. Moniuszki 5;398;75;75;6;69;18.84;8.00;398;163;163;12;151;40.95;7.36
88636;303106;1;Klub „BAKCYL” 77-416 Tarnówka ul. Zwycięstwa 51;1676;272;272;24;248;16.23;8.82;1670;668;668;35;633;40.00;5.24
88637;303106;2;Sala wiejska 77-416 Piecewo b.nr;305;74;74;4;70;24.26;5.41;294;116;116;1;115;39.46;0.86
88638;303106;3;Świetlica wiejska 77-416 Węgierce b.nr;500;41;41;3;38;8.20;7.32;491;138;138;15;123;28.11;10.87
88639;303107;1;Zakrzewski Dom Kultury „Dom Polski” 77-424 Zakrzewo ul. ks.dr Bolesława Domańskiego 18;1196;286;286;17;269;23.91;5.94;1204;568;568;14;554;47.18;2.46
88640;303107;2;Publiczna Szkoła Podstawowa 77-411 Stara Wiśniewka 59;993;152;152;11;141;15.31;7.24;988;399;399;13;386;40.38;3.26
88641;303107;3;Publiczna Szkoła Podstawowa 77-424 Śmiardowo Złotowskie 3;467;84;84;10;74;17.99;11.90;462;201;201;4;197;43.51;1.99
88642;303107;4;Hala Sportowo-Widowiskowa 77-424 Zakrzewo ul.29 Stycznia 29;1258;255;255;19;236;20.27;7.45;1255;574;574;12;562;45.74;2.09
88643;303108;1;Urząd Gminy 77-400 Złotów ul.Leśna 7;2142;210;210;14;196;9.80;6.67;2162;751;751;38;713;34.74;5.06
88644;303108;2;Publiczne Gimnazjum Nr 1 77-400 Radawnica ul.Złotowska 11b;1695;260;260;23;237;15.34;8.85;1664;616;616;36;580;37.02;5.84
88645;303108;3;Szkoła Podstawowa 77-400 Kleszczyna 27;1002;122;122;9;113;12.18;7.38;989;315;315;27;288;31.85;8.57
88646;303108;4;Publiczne Gimnazjum Nr 2 77-400 Święta 40;1582;247;247;5;242;15.61;2.02;1603;685;685;23;662;42.73;3.36
88647;303108;5;Świetlica wiejska 77-400 Sławianowo 1;804;180;180;4;176;22.39;2.22;789;307;307;10;297;38.91;3.26
88648;306101;1;I Liceum Ogólnokształcące im. Adama Asnyka 62-800 Kalisz ul.Grodzka 1;1770;384;384;10;374;21.69;2.60;1700;744;744;12;732;43.76;1.61
88649;306101;2;Centrum Kultury i Sztuki 62-800 Kalisz ul.Łazienna 6;1202;255;255;19;236;21.21;7.45;1142;503;503;16;487;44.05;3.18
88650;306101;3;empik school Kalisz 62-800 Kalisz Al. Wolności 6;1314;262;262;8;254;19.94;3.05;1273;540;540;14;526;42.42;2.59
88651;306101;4;Gimnazjum Nr 3 im. Polskich Noblistów 62-800 Kalisz ul.Teatralna 3;2095;534;534;18;516;25.49;3.37;2077;1104;1104;7;1097;53.15;0.63
88652;306101;5;III Liceum Ogólnokształcące im. Mikołaja Kopernika 62-800 Kalisz ul.Tadeusza Kościuszki 10;1668;308;308;7;301;18.47;2.27;1628;631;631;20;611;38.76;3.17
88653;306101;6;Gimnazjum Nr 2 im. Juliusza Słowackiego 62-800 Kalisz ul.Ciasna 16;1864;349;349;22;327;18.72;6.30;1766;678;678;30;648;38.39;4.42
88654;306101;7;Szkoła Podstawowa Nr 1 im. Konstytucji 3-go Maja 62-800 Kalisz ul.3-go Maja 16;2289;545;545;17;528;23.81;3.12;2183;1078;1078;26;1052;49.38;2.41
88655;306101;8;Niepubliczne Przedszkole Niezapominajka 62-800 Kalisz ul.Warszawska 8;1191;269;269;8;261;22.59;2.97;1158;540;540;6;534;46.63;1.11
88656;306101;9;Szkoła Podstawowa Nr 9 im. 25 Dywizji Piechoty Ziemi Kaliskiej 62-800 Kalisz ul.Żwirki i Wigury 13;2180;695;695;14;681;31.88;2.01;2166;1273;1273;9;1264;58.77;0.71
88657;306101;10;Fundacja Kaliski Inkubator Przedsiębiorczości 62-800 Kalisz ul.Częstochowska 25;955;239;239;4;235;25.03;1.67;953;505;505;3;502;52.99;0.59
88658;306101;11;Uniwersytet im. Adama Mickiewicza w Poznaniu Wydział Pedagogiczno-Artystyczny w Kaliszu 62-800 Kalisz ul.Nowy Świat 28-30;826;158;158;5;153;19.13;3.16;799;362;362;6;356;45.31;1.66
88659;306101;12;Szkoła Podstawowa Nr 16 im. Powstańców Wielkopolskich 1918-1919 62-800 Kalisz ul.Fabryczna 13-15;1765;453;453;21;432;25.67;4.64;1709;816;816;18;798;47.75;2.21
88660;306101;13;Zespół Szkół Ponadgimnazjalnych Nr 2 62-800 Kalisz ul.Rzemieślnicza 6;2199;516;516;13;503;23.47;2.52;2124;1047;1047;29;1018;49.29;2.77
88661;306101;14;Zespół Szkół Zawodowych im. Zesłańców Sybiru 62-800 Kalisz ul.Wąska 13;810;210;210;8;202;25.93;3.81;784;400;400;4;396;51.02;1.00
88662;306101;15;Szkoła Podstawowa Nr 7 im. Adama Mickiewicza 62-800 Kalisz ul.Robotnicza 5;2230;558;558;18;540;25.02;3.23;2204;1190;1190;22;1168;53.99;1.85
88663;306101;16;Domcar Sp. z o.o. 62-800 Kalisz ul.Poznańska 24;1880;542;542;17;525;28.83;3.14;1813;1041;1041;15;1026;57.42;1.44
88664;306101;17;Szkoła Podstawowa Nr 12 im. księcia Bolesława Pobożnego 62-800 Kalisz ul.Jana Długosza 14;1414;229;229;13;216;16.20;5.68;1393;596;596;19;577;42.79;3.19
88665;306101;18;Szkoła Podstawowa Nr 2 im. Jana Pawła II 62-800 Kalisz ul.Juliana Tuwima 4;1854;485;485;10;475;26.16;2.06;1824;976;976;19;957;53.51;1.95
88666;306101;19;Publiczne Przedszkole Nr 27 Radość 62-800 Kalisz ul.Józefa Koszutskiego 29;2241;606;606;14;592;27.04;2.31;2226;1302;1302;23;1279;58.49;1.77
88667;306101;20;Państwowa Wyższa Szkoła Zawodowa im. Prezydenta Stanisława Wojciechowskiego Collegium Medicum 62-800 Kalisz ul.Kaszubska 13;1129;280;280;2;278;24.80;0.71;1100;623;623;8;615;56.64;1.28
88668;306101;21;Szkoła Podstawowa Nr 6 im. Henryka Sienkiewicza 62-800 Kalisz ul.Chełmska 18;1815;429;429;9;420;23.64;2.10;1797;1009;1009;21;988;56.15;2.08
88669;306101;22;Zespół Szkół Techniczno-Elektronicznych 62-800 Kalisz ul.Częstochowska 99;1654;492;492;6;486;29.75;1.22;1628;939;939;14;925;57.68;1.49
88670;306101;23;Dzienny Dom Pomocy Społecznej 62-800 Kalisz ul.Cegielniana 6;2043;653;653;14;639;31.96;2.14;1965;1148;1148;14;1134;58.42;1.22
88671;306101;24;Przychodnia Medycyny Rodzinnej „Puls” 62-800 Kalisz ul.Polna 29;2209;651;651;16;635;29.47;2.46;2163;1266;1266;11;1255;58.53;0.87
88672;306101;25;Niepubliczne Przedszkole im. Marii Konopnickiej 62-800 Kalisz ul.Ostrowska 62;2011;584;584;22;562;29.04;3.77;1977;1213;1213;10;1203;61.36;0.82
88673;306101;26;Szkoła Podstawowa Nr 8 im. Bohaterów Westerplatte 62-800 Kalisz ul.Serbinowska 22a;941;309;309;14;295;32.84;4.53;920;563;563;8;555;61.20;1.42
88674;306101;27;Klub Osiedlowy Kaliskiej Spółdzielni Mieszkaniowej Lokatorsko - Własnościowej 62-800 Kalisz ul.Serbinowska 25;1984;439;439;14;425;22.13;3.19;1904;938;938;23;915;49.26;2.45
88675;306101;28;Gimnazjum Nr 4 im. Marii Dąbrowskiej 62-800 Kalisz ul.Polna 17;1695;425;425;18;407;25.07;4.24;1669;868;868;12;856;52.01;1.38
88676;306101;29;Szkoła Podstawowa Nr 14 im. Władysława Broniewskiego 62-800 Kalisz ul.Adama Mickiewicza 11;1645;454;454;9;445;27.60;1.98;1587;911;911;11;900;57.40;1.21
88677;306101;30;Publiczne Przedszkole Nr 19 z Oddziałami Integracyjnymi Razem 62-800 Kalisz ul.Widok 98a;1817;525;525;10;515;28.89;1.90;1772;964;964;20;944;54.40;2.07
88678;306101;31;Publiczne Przedszkole Nr 18 Chatka Puchatka 62-800 Kalisz ul.Serbinowska 5a;1595;446;446;12;434;27.96;2.69;1558;836;836;25;811;53.66;2.99
88679;306101;32;Niepubliczne Przedszkole Jacka i Agatki 62-800 Kalisz ul.Serbinowska 21;1932;594;594;16;578;30.75;2.69;1856;1030;1030;17;1013;55.50;1.65
88680;306101;33;Zespół Szkół Nr 10 62-800 Kalisz ul.Podmiejska 9a;2239;630;630;19;611;28.14;3.02;2176;1255;1255;35;1220;57.67;2.79
88681;306101;34;Zespół Szkół Nr 7 62-800 Kalisz ul.Karpacka 3;2371;790;790;13;777;33.32;1.65;2324;1512;1512;14;1498;65.06;0.93
88682;306101;35;Zespół Szkolno-Przedszkolny Nr 2 Szkoła Podstawowa Nr 21 im. Legionów Józefa Piłsudskiego 62-800 Kalisz ul.25 Pułku Artylerii 4-8;1343;333;333;10;323;24.80;3.00;1352;714;714;14;700;52.81;1.96
88683;306101;36;Zespół Szkolno-Przedszkolny Nr 1 Szkoła Podstawowa Nr 15 im. Szarych Szeregów 62-800 Kalisz ul.Wykopaliskowa 45;2203;520;520;16;504;23.60;3.08;2222;1205;1205;14;1191;54.23;1.16
88684;306101;37;Poradnia Psychologiczno-Pedagogiczna nr 1 62-800 Kalisz ul.Hanki Sawickiej 3b;1806;457;457;10;447;25.30;2.19;1772;1022;1022;19;1003;57.67;1.86
88685;306101;38;Niepubliczne Przedszkole Bajka 62-800 Kalisz ul.Hanki Sawickiej 3a;1920;568;568;8;560;29.58;1.41;1885;1051;1051;20;1031;55.76;1.90
88686;306101;39;Niepubliczne Przedszkole Zielone Łąki 62-800 Kalisz ul.Hanki Sawickiej 19a;863;240;241;11;229;27.81;4.58;845;466;466;5;461;55.15;1.07
88687;306101;40;Niepubliczne Przedszkole Calineczka 62-800 Kalisz Al. Wojska Polskiego 30;2300;753;753;21;732;32.74;2.79;2231;1387;1387;29;1358;62.17;2.09
88688;306101;41;Zespół Szkolno-Przedszkolny Nr 3 Szkoła Podstawowa Nr 22 im. Józefa Piłsudskiego 62-800 Kalisz ul.Św. Michała 1;1137;346;346;4;342;30.43;1.16;1168;759;759;12;747;64.98;1.58
88689;306101;42;Niepubliczne Przedszkole Szczęśliwa Trzynastka 62-800 Kalisz ul.Krótka 9;716;174;174;4;170;24.30;2.30;700;317;317;3;314;45.29;0.95
88690;306101;43;Żłobek Nr 4 62-800 Kalisz Al. Wojska Polskiego 34;1453;437;437;11;426;30.08;2.52;1409;830;830;13;817;58.91;1.57
88691;306101;44;Warsztaty Szkolne Zespołu Szkół Ponadgimnazjalnych Nr 2 62-800 Kalisz ul.Obywatelska 4;1404;402;402;12;390;28.63;2.99;1402;784;784;27;757;55.92;3.44
88692;306101;45;Zespół Szkół Ekonomicznych 62-800 Kalisz ul.Legionów 6;812;215;215;8;207;26.48;3.72;786;431;431;6;425;54.83;1.39
88693;306101;46;Szkoła Podstawowa Nr 23 im. Eligiusza Kor-Walczaka 62-800 Kalisz ul.Sulisławicka 108-110;697;153;153;3;150;21.95;1.96;713;365;365;8;357;51.19;2.19
88694;306101;47;Publiczne Przedszkole Nr 28 Bajka 62-800 Kalisz ul.Cmentarna 1-3;1335;309;309;7;302;23.15;2.27;1298;602;602;13;589;46.38;2.16
88695;306101;48;Klub Seniora 62-800 Kalisz ul.Hanki Sawickiej 43;603;190;190;6;184;31.51;3.16;703;414;414;8;406;58.89;1.93
88696;306101;49;Ośrodek Sportu, Rehabilitacji i Rekreacji 62-800 Kalisz ul.Łódzka 19-29;1432;292;292;4;288;20.39;1.37;1412;726;726;12;714;51.42;1.65
88697;306101;50;Zespół Szkół Nr 9 Gimnazjum Nr 9 im. Jana Pawła II 62-800 Kalisz ul.Hanki Sawickiej 22-24;1812;552;552;11;541;30.46;1.99;1835;1195;1195;12;1183;65.12;1.00
88698;306101;51;Zespół Szkół Nr 9 Gimnazjum nr 9 im. Jana Pawła II 62-800 Kalisz ul. Hanki Sawickiej 22-24;1594;308;308;21;287;19.32;6.82;1644;896;896;14;882;54.50;1.56
91702;306101;52;Wojewódzki Szpital Zespolony im. Ludwika Perzyny 62-800 Kalisz ul. Poznańska 79;190;40;40;0;40;21.05;0.00;165;108;108;2;106;65.45;1.85
91703;306101;53;Wojewódzki Szpital Zespolony im. Ludwika Perzyny 62-800 Kalisz ul. Toruńska 7;61;8;8;0;8;13.11;0.00;37;15;15;0;15;40.54;0.00
91704;306101;54;Zakład Karny 62-800 Kalisz ul. Łódzka 2;279;98;98;16;82;35.13;16.33;16;16;16;0;16;100.00;0.00
91705;306101;55;Dom Pomocy Społecznej 62-800 Kalisz ul. Winiarska 26;166;60;60;4;56;36.14;6.67;168;66;66;6;60;39.29;9.09
88699;306201;1;Przedsiębiorstwo Gospodarki Komunalnej i Mieszkaniowej Spółka z o.o. 62-500 Konin M. Dąbrowskiej 8;2025;393;393;17;376;19.41;4.33;2016;968;968;31;937;48.02;3.20
88700;306201;2;Ośrodek Szkolno-Wychowawczy 62-500 Konin Kaliska 19;1884;428;428;13;415;22.72;3.04;1855;962;962;12;950;51.86;1.25
88701;306201;3;Szkoła Podstawowa nr 15 62-500 Konin Turkusowa 1a;2020;443;443;16;427;21.93;3.61;1985;1078;1078;24;1054;54.31;2.23
88702;306201;4;Przedszkole nr 4 62-500 Konin Turkusowa 1;971;284;284;4;280;29.25;1.41;954;599;599;13;586;62.79;2.17
88703;306201;5;Gimnazjum nr 2 62-500 Konin Kryształowa 3;862;155;155;2;153;17.98;1.29;924;472;472;11;461;51.08;2.33
88704;306201;6;Szkoła Podstawowa nr 1 62-500 Konin Kolska 2;1762;404;404;18;386;22.93;4.46;1742;877;877;24;853;50.34;2.74
88705;306201;7;Przedszkole Nr 1 Oddział Zamiejscowy w Wilkowie 62-500 Konin Kamienna 57a;2137;510;510;13;497;23.87;2.55;2127;1198;1198;11;1187;56.32;0.92
88706;306201;8;Przedszkole nr 1 62-500 Konin Kopernika 14;1124;234;234;5;229;20.82;2.14;1091;517;517;13;504;47.39;2.51
88707;306201;9;Zespół Szkół Centrum Kształcenia Ustawicznego im. S. Batorego 62-500 Konin Wodna 1;806;158;158;5;153;19.60;3.16;783;324;324;4;320;41.38;1.23
88708;306201;10;Szkoła Podstawowa nr 4 62-510 Konin K. Błaszaka 4;1643;409;409;16;393;24.89;3.91;1619;854;854;13;841;52.75;1.52
88709;306201;11;Przedszkole nr 7 62-510 Konin Kolejowa 30;1476;346;346;13;333;23.44;3.76;1410;714;714;21;693;50.64;2.94
88710;306201;12;Filia Miejskiej Biblioteki Publicznej dla Dzieci i Młodzieży 62-510 Konin Powstańców Wlkp. 14;826;168;168;5;163;20.34;2.98;824;405;405;10;395;49.15;2.47
88711;306201;13;Przedszkole nr 25 62-510 Konin Kosmonautów 4a;1240;330;330;14;316;26.61;4.24;1179;588;588;13;575;49.87;2.21
88712;306201;14;Gimnazjum nr 6 62-510 Konin Bydgoska 2a;1272;334;334;10;324;26.26;2.99;1252;652;652;12;640;52.08;1.84
88713;306201;15;Przedszkole nr 6 62-510 Konin L. Solskiego 4;1817;415;415;22;393;22.84;5.30;1763;843;843;18;825;47.82;2.14
88714;306201;16;Szkoła Podstawowa nr 6 62-510 Konin Kolejowa 2;977;231;231;7;224;23.64;3.03;927;453;453;17;436;48.87;3.75
88715;306201;17;Zespół Szkół im. M. Kopernika 62-510 Konin Aleje 1 Maja 22;842;198;198;9;189;23.52;4.55;807;406;406;16;390;50.31;3.94
88716;306201;18;Szkoła Podstawowa nr 9 62-510 Konin Fikusowa 8;2185;606;606;10;596;27.73;1.65;2096;1272;1272;22;1250;60.69;1.73
88717;306201;19;Gimnazjum nr 3 62-510 Konin Fikusowa 8;2088;721;721;26;695;34.53;3.61;2058;1399;1399;14;1385;67.98;1.00
88718;306201;20;Przedszkole nr 16 62-510 Konin Szarotki 1;1964;522;522;10;512;26.58;1.92;1919;1152;1152;13;1139;60.03;1.13
88719;306201;21;Zespół Szkół im. M. Kopernika 62-510 Konin Żeglarska 9;663;231;231;8;223;34.84;3.46;652;424;424;2;422;65.03;0.47
88720;306201;22;Przedszkole nr 8 62-510 Konin Przemysłowa 12;1390;345;345;6;339;24.82;1.74;1350;682;682;10;672;50.52;1.47
88721;306201;23;Szkoła Podstawowa nr 8 62-510 Konin Kardynała S. Wyszyńskiego 24;825;228;228;5;223;27.64;2.19;813;453;453;5;448;55.72;1.10
88722;306201;24;Zespół Szkół Górniczo-Energetycznych im. S. Staszica 62-510 Konin Kardynała S. Wyszyńskiego 3;1336;334;334;8;326;25.00;2.40;1291;705;705;16;689;54.61;2.27
88723;306201;25;Państwowa Wyższa Szkoła Zawodowa w Koninie 62-510 Konin Księdza Jerzego Popiełuszki 4;1246;313;313;6;307;25.12;1.92;1259;744;744;16;728;59.09;2.15
88724;306201;26;Państwowa Wyższa Szkoła Zawodowa w Koninie 62-510 Konin Księdza Jarzego Popiełuszki 4;1228;344;344;3;341;28.01;0.87;1261;718;718;12;706;56.94;1.67
88725;306201;27;Szkoła Podstawowa nr 5 62-510 Konin Kardynała S. Wyszyńskiego 35;1786;478;478;11;467;26.76;2.30;1705;897;897;17;880;52.61;1.90
88726;306201;28;Przedszkole nr 12 62-510 Konin Kard. S. Wyszyńskiego 42;1308;344;344;20;324;26.30;5.81;1275;649;649;14;635;50.90;2.16
88727;306201;29;Gimnazjum Nr 7 62-510 Konin Kard. S. Wyszyńskiego 44;923;227;227;5;222;24.59;2.20;910;495;495;11;484;54.40;2.22
88728;306201;30;Dom Pomocy Społecznej 62-510 Konin Południowa 1;97;29;29;3;26;29.90;10.34;88;30;30;1;29;34.09;3.33
88729;306201;31;Przedszkole nr 15 62-510 Konin 11 Listopada 32;1549;382;382;12;370;24.66;3.14;1472;768;768;18;750;52.17;2.34
88730;306201;32;Przedszkole nr 17 62-510 Konin Okólna 57;1535;358;358;9;349;23.32;2.51;1501;789;789;11;778;52.56;1.39
88731;306201;33;Przedszkole nr 11 62-510 Konin Sosnowa 8;1085;276;276;13;263;25.44;4.71;1071;563;563;16;547;52.57;2.84
88732;306201;34;Klub Mieszkańców K. Spółdz. Mieszk. 62-510 Konin Wyzwolenia 13;1509;398;398;12;386;26.38;3.02;1485;793;793;29;764;53.40;3.66
88733;306201;35;Szkoła Podstawowa Nr 3 62-510 Konin Sosnowa 16;1460;405;405;14;391;27.74;3.46;1430;815;815;17;798;56.99;2.09
88734;306201;36;Os. Dom Kult. SM „Zatorze” 62-510 Konin T. Szeligowskiego 1;974;266;266;10;256;27.31;3.76;948;564;564;15;549;59.49;2.66
88735;306201;37;Przedszkole nr 2 62-510 Konin Z. Noskowskiego 4;947;284;284;12;272;29.99;4.23;924;551;551;5;546;59.63;0.91
88736;306201;38;Szkoła Podstawowa nr 12 62-510 Konin T. Szeligowskiego 5;1694;471;471;21;450;27.80;4.46;1644;963;963;19;944;58.58;1.97
88737;306201;39;Gimnazjum nr 5 62-510 Konin K. Szymanowskiego 5;1737;442;442;19;423;25.45;4.30;1680;1001;1001;16;985;59.58;1.60
88738;306201;40;Przedszkole nr 2 62-510 Konin Z. Noskowskiego 4;642;145;145;4;141;22.59;2.76;648;317;317;3;314;48.92;0.95
88739;306201;41;Przedszkole nr 31 62-510 Konin L. Różyckiego 3;1233;337;337;9;328;27.33;2.67;1208;686;686;12;674;56.79;1.75
88740;306201;42;Przedszkole nr 10 62-510 Konin F. Chopina 11;2110;495;495;36;459;23.46;7.27;2043;1062;1062;25;1037;51.98;2.35
88741;306201;43;Świetlica Środowiskowa w Koninie 62-510 Konin Przemysłowa 21;1922;499;499;11;488;25.96;2.20;1885;1048;1048;19;1029;55.60;1.81
88742;306201;44;Szkoła Podstawowa nr 11 62-510 Konin Łężyńska 9;1925;324;324;18;306;16.83;5.56;1908;829;829;39;790;43.45;4.70
88743;306201;45;Gimnazjum nr 4 62-510 Konin L. Staffa 5;1645;251;251;14;237;15.26;5.58;1612;670;670;17;653;41.56;2.54
91706;306201;46;Wojewódzki Szpital Zespolony 62-510 Konin Kardynała Wyszyńskiego 1;18;18;18;2;16;100.00;11.11;169;66;66;4;62;39.05;6.06
91707;306201;47;Wojewódzki Szpital Zespolony 62-500 Konin Szpitalna 45;47;27;27;0;27;57.45;0.00;63;42;42;5;37;66.67;11.90
91709;306301;1;Wojewódzki Szpital Zespolony 64-100 Leszno Jana Kiepury 45;246;32;32;1;31;13.01;3.12;219;51;51;3;48;23.29;5.88
88744;306301;2;Klub „Na Piętrze” 64-100 Leszno ul. Tadeusza Rejtana 43;2093;518;518;23;495;24.75;4.44;2077;1136;1136;22;1114;54.69;1.94
88745;306301;3;Gimnazjum nr 7 64-100 Leszno ul. Tadeusza Rejtana 1;1748;458;458;16;442;26.20;3.49;1739;970;970;15;955;55.78;1.55
88746;306301;4;Szkoła Podstawowa nr 13 64-100 Leszno ul. Tadeusza Rejtana 1;1667;583;583;19;564;34.97;3.26;1674;1064;1064;13;1051;63.56;1.22
88747;306301;5;Szkoła Podstawowa nr 12 64-100 Leszno ul. Rumuńska 6AB;1666;418;418;16;402;25.09;3.83;1609;853;853;25;828;53.01;2.93
88748;306301;6;Gimnazjum nr 8 64-100 Leszno ul. Rumuńska 6AB;2212;606;606;25;581;27.40;4.13;2190;1315;1315;24;1291;60.05;1.83
88749;306301;7;Klub Osiedlowy „Kwadrat” 64-100 Leszno ul. Armii Krajowej 15;1305;248;248;11;237;19.00;4.44;1305;644;644;11;633;49.35;1.71
88750;306301;8;Przedszkole nr 21 64-100 Leszno ul. Armii Krajowej 11;1779;471;471;12;459;26.48;2.55;1802;1037;1037;16;1021;57.55;1.54
88751;306301;9;Przedszkole Nr 8 64-100 Leszno ul. Jagiellońska 6;1254;284;284;10;274;22.65;3.52;1348;694;694;11;683;51.48;1.59
88752;306301;10;Przedszkole nr 11 64-100 Leszno ul. Prochownia 25B;1616;386;386;17;369;23.89;4.40;1585;774;774;29;745;48.83;3.75
88753;306301;11;Szkoła Podstawowa nr 10 64-100 Leszno ul. Jagiellońska 7;1429;366;366;15;351;25.61;4.10;1379;708;708;24;684;51.34;3.39
88754;306301;12;Klub Osiedlowy 64-100 Leszno ul. gen. Jarosława Dąbrowskiego 45a;1059;257;257;15;242;24.27;5.84;1057;498;498;20;478;47.11;4.02
88755;306301;13;Szkoła Podstawowa nr 7 64-100 Leszno ul. Aleje Jana Pawła II 10;1135;336;336;6;330;29.60;1.79;1110;653;653;6;647;58.83;0.92
88756;306301;14;Szkoła Podstawowa nr 7 64-100 Leszno ul. Aleje Jana Pawła II 10;1387;309;309;8;301;22.28;2.59;1368;711;711;18;693;51.97;2.53
88757;306301;15;Leszczyńska Spółdzielnia Mieszkaniowa 64-100 Leszno ul. Osiedle Józefa Sułkowskiego 46;1381;349;349;13;336;25.27;3.72;1346;783;783;20;763;58.17;2.55
88758;306301;16;Przedszkole nr 10 64-100 Leszno ul. Bolesława Prusa 22c;1041;313;313;15;298;30.07;4.79;1018;565;565;10;555;55.50;1.77
88759;306301;17;II LO im. M. Kopernika 64-100 Leszno ul. Bolesława Prusa 33;1717;436;436;15;421;25.39;3.44;1705;983;983;24;959;57.65;2.44
88760;306301;18;Zespół Szkół Rolniczo-Budowlanych 64-100 Leszno ul. 1 Maja 1;1512;371;371;6;365;24.54;1.62;1512;820;820;25;795;54.23;3.05
88761;306301;19;Przedszkole nr 4 64-100 Leszno ul. Jana Poplińskiego 5;1391;307;307;13;294;22.07;4.23;1384;638;638;13;625;46.10;2.04
88762;306301;20;Gimnazjum nr 1 64-100 Leszno ul. pl. Jana Amosa Komeńskiego 1;1414;260;260;10;250;18.39;3.85;1362;524;524;14;510;38.47;2.67
88763;306301;21;Zespól Szkół Ochrony Środowiska 64-100 Leszno ul. pl. Jana Metziga 25;1150;227;227;12;215;19.74;5.29;1133;422;422;16;406;37.25;3.79
88764;306301;22;Prywatny Zespół Szkół mgr Henryk Jóźwiak 64-100 Leszno ul.Aleje Zygmunta Krasińskiego 22;1318;213;213;14;199;16.16;6.57;1289;534;534;28;506;41.43;5.24
88765;306301;23;Bursa Międzyszkolna 64-100 Leszno ul. Księcia Józefa Poniatowskiego 11;1516;259;259;10;249;17.08;3.86;1501;584;584;20;564;38.91;3.42
88766;306301;24;III Liceum Ogólnokształcące 64-100 Leszno ul. pl. Tadeusza Kościuszki 5;1899;436;436;13;423;22.96;2.98;1894;972;972;25;947;51.32;2.57
88767;306301;25;Zespół Szkół Technicznych 64-100 Leszno ul. Gabriela Narutowicza 74a;1452;434;434;18;416;29.89;4.15;1475;848;848;19;829;57.49;2.24
88768;306301;26;Szkoła Podstawowa nr 5 64-100 Leszno ul. Gronowska 45;1671;532;532;19;513;31.84;3.57;1731;1087;1087;25;1062;62.80;2.30
88769;306301;27;Gimnazjum nr 5 64-100 Leszno ul. Gronowska 45;2013;456;456;31;425;22.65;6.80;2072;1042;1042;37;1005;50.29;3.55
88770;306301;28;Szkoła Podstawowa nr 9 64-100 Leszno ul. Kardynała Stefana Wyszyńskiego 57;1432;433;433;9;424;30.24;2.08;1432;903;903;12;891;63.06;1.33
88771;306301;29;Gimnazjum nr 9 64-100 Leszno ul. Stanisława Szczepanowskiego 14;1887;399;399;11;388;21.14;2.76;1947;1118;1118;66;1052;57.42;5.90
88772;306301;30;Przedszkole nr 3 64-100 Leszno ul. Stanisława Wyspiańskiego 2;1721;452;452;8;444;26.26;1.77;1715;988;988;23;965;57.61;2.33
88773;306301;31;Przedszkole nr 7 64-100 Leszno ul. Stefana Żeromskiego 20;1698;399;399;18;381;23.50;4.51;1700;954;954;15;939;56.12;1.57
88774;306301;32;Dom Harcerza 64-100 Leszno ul. Sokoła 20;1310;359;359;16;343;27.40;4.46;1292;765;765;38;727;59.21;4.97
88775;306301;33;Szkoła Podstawowa nr 4 64-100 Leszno ul. Rynek Zaborowski 41;2280;441;441;32;409;19.34;7.26;2317;1083;1083;22;1061;46.74;2.03
91710;306301;34;Areszy Śledczy 64-100 Leszno pl. Tadeusza Kościuszki 3;50;26;26;1;25;52.00;3.85;58;46;46;4;42;79.31;8.70
88776;306401;1;Zespół Szkół Mistrzostwa Sportowego nr 2 61-714 Poznań al. Niepodległości 32;1581;544;544;13;531;34.41;2.39;1553;949;949;12;937;61.11;1.26
88777;306401;2;Szkoła Podstawowa nr 40 z Oddziałami Integracyjnymi im. Mieszka I 61-758 Poznań ul. Garbary 82;1570;477;477;13;464;30.38;2.73;1589;919;919;13;906;57.84;1.41
88778;306401;3;Poznańskie Centrum Świadczeń 61-843 Poznań ul. Wszystkich Świętych 1;1835;356;356;13;343;19.40;3.65;1790;813;813;12;801;45.42;1.48
88779;306401;4;Muzeum Archeologiczne 61-781 Poznań ul. Wodna 27;1900;463;463;11;452;24.37;2.38;1821;926;926;17;909;50.85;1.84
88780;306401;5;Zespół Dziennych Domów Pomocy Filia nr 4 „Klub Starówka” 61-774 Poznań ul. Wielka 1-6;1826;441;441;15;426;24.15;3.40;1780;891;891;17;874;50.06;1.91
88781;306401;6;Zespół Szkół Komunikacji im. H. Cegielskiego 61-701 Poznań ul. Aleksandra Fredry 13;1934;446;446;19;427;23.06;4.26;1880;912;912;8;904;48.51;0.88
88782;306401;7;Zespół Szkół Zawodowych nr 6 im. Joachima Lelewela 61-727 Poznań ul. Działyńskich 4/5;1795;519;519;12;507;28.91;2.31;1775;906;906;18;888;51.04;1.99
88783;306401;8;Zespół Szkół z Oddziałami Integracyjnymi nr 3 61-895 Poznań ul. Powstańców Wielkopolskich 3;1818;478;478;13;465;26.29;2.72;1771;916;917;10;906;51.72;1.09
88784;306401;9;Zespół Szkół z Oddziałami Integracyjnymi nr 3 61-895 Poznań ul. Powstańców Wielkopolskich 3;1579;355;355;10;345;22.48;2.82;1499;647;647;18;629;43.16;2.78
88785;306401;10;III Liceum Ogólnokształcące im. św. Jana Kantego 61-845 Poznań ul. Strzelecka 10;1757;411;412;14;397;23.39;3.41;1694;802;802;24;778;47.34;2.99
88786;306401;11;Szkoła Podstawowa nr 82 im. księcia Przemysła I 61-889 Poznań ul. Krakowska 10;2074;670;670;16;654;32.30;2.39;2036;1199;1199;14;1185;58.89;1.17
88787;306401;12;Zespół Szkół Budownictwa nr 1 61-883 Poznań ul. Rybaki 17;1975;475;475;20;455;24.05;4.21;1918;902;902;17;885;47.03;1.88
88788;306401;13;Zespół Szkół nr 5 im. Bolesława Chrobrego 61-577 Poznań ul. Różana 1/3;959;261;261;11;250;27.22;4.21;949;521;521;19;502;54.90;3.65
88789;306401;14;Poznańskie Ośrodki Sportu i Rekreacji 61-553 Poznań ul. Marcina Chwiałkowskiego 34;1907;579;579;11;568;30.36;1.90;1915;1167;1167;8;1159;60.94;0.69
88790;306401;15;Przedszkole nr 87 im. Jacusia i Agatki 61-575 Poznań ul. św. Czesława 6a;1434;336;336;10;326;23.43;2.98;1450;719;719;7;712;49.59;0.97
88791;306401;16;Zespół Szkół nr 5 im. Bolesława Chrobrego 61-577 Poznań ul. Różana 1/3;1527;356;356;11;345;23.31;3.09;1464;751;751;9;742;51.30;1.20
88792;306401;17;Gimnazjum nr 42 im. Henryka Sienkiewicza 61-546 Poznań ul. św. Jerzego 6/10;1637;377;377;7;370;23.03;1.86;1703;926;926;20;906;54.37;2.16
88793;306401;18;Gimnazjum nr 42 im. Henryka Sienkiewicza 61-546 Poznań ul. św. Jerzego 6/10;1650;482;482;16;466;29.21;3.32;1647;907;907;18;889;55.07;1.98
88794;306401;19;Szkoła Podstawowa nr 5 im. Romualda Traugutta 61-514 Poznań ul. Romualda Traugutta 42;1555;426;426;8;418;27.40;1.88;1494;828;828;14;814;55.42;1.69
88795;306401;20;V Liceum Ogólnoształcące im. Klaudyny Potockiej 61-501 Poznań ul. Zmartwychwstańców 10;1693;448;448;10;438;26.46;2.23;1628;864;864;9;855;53.07;1.04
88796;306401;21;Zespół Szkół z Oddziałami Integracyjnymi i Specjalnymi nr 2 61-527 Poznań ul. Ignacego Prądzyńskiego 53;2033;444;444;13;431;21.84;2.93;2047;926;926;16;910;45.24;1.73
88797;306401;22;Zespół Szkół z Oddziałami Integracyjnymi i Specjalnymi nr 2 61-527 Poznań ul. Ignacego Prądzyńskiego 53;1869;438;438;20;418;23.43;4.57;1816;848;848;13;835;46.70;1.53
88798;306401;23;V Liceum Ogólnoształcące im. Klaudyny Potockiej 61-501 Poznań ul. Zmartwychwstańców 10;1955;372;372;13;359;19.03;3.49;1874;843;843;31;812;44.98;3.68
88799;306401;24;H. Cegielski - Poznań Spółka Akcyjna 61-485 Poznań ul. 28 Czerwca 1956 r. 223-229;2074;595;595;11;584;28.69;1.85;2284;1385;1385;21;1364;60.64;1.52
88800;306401;25;Szkoła Podstawowa nr 5 im. Romualda Traugutta 61-514 Poznań ul. Romualda Traugutta 42;1945;525;525;13;512;26.99;2.48;1965;1039;1039;17;1022;52.88;1.64
88801;306401;26;Szkoła Podstawowa nr 84 im. Tadeusza Kościuszki 61-465 Poznań ul. św. Szczepana 3;2220;639;639;31;608;28.78;4.85;2201;1208;1208;27;1181;54.88;2.24
88802;306401;27;Gimnazjum nr 43 im. Poznańskiego Towarzystwa Przyjaciół Nauk 61-448 Poznań ul. Łozowa 53;2073;631;631;18;613;30.44;2.85;2146;1284;1284;29;1255;59.83;2.26
88803;306401;28;Szkoła Podstawowa nr 21 im. Filipiny Płaskowickiej 61-448 Poznań ul. Łozowa 77;2194;695;695;32;663;31.68;4.60;2160;1219;1219;30;1189;56.44;2.46
88804;306401;29;Zespół Szkół Licealno-Technicznych 61-441 Poznań ul. 28 Czerwca 1956 r. 352/360;2235;721;721;23;698;32.26;3.19;2102;1280;1280;39;1241;60.89;3.05
88805;306401;30;Zespół Szkół Licealno-Technicznych 61-441 Poznań ul. 28 Czerwca 1956 r. 352/360;2191;608;608;16;592;27.75;2.63;2194;1235;1235;18;1217;56.29;1.46
88806;306401;31;Zespół Szkół Mechanicznych im. Komisji Edukacji Narodowej 61-472 Poznań ul. Świerkowa 8;1876;656;656;40;616;34.97;6.10;1821;1138;1138;31;1107;62.49;2.72
88807;306401;32;Zespół Szkolno-Przedszkolny nr 3 61-432 Poznań ul. Jesionowa 14;1599;458;459;23;435;28.64;5.02;1586;829;829;21;808;52.27;2.53
88808;306401;33;Zespół Szkolno-Przedszkolny nr 3 61-432 Poznań ul. Jesionowa 14;1547;333;333;8;325;21.53;2.40;1561;785;785;9;776;50.29;1.15
88809;306401;34;Zespół Szkolno-Przedszkolny nr 3 61-432 Poznań ul. Jesionowa 14;1819;567;567;13;554;31.17;2.29;1768;1128;1128;8;1120;63.80;0.71
88810;306401;35;Gimnazjum nr 44 im. gen. bryg. Mariusza Zaruskiego 61-432 Poznań ul. Jesionowa 14;1398;511;511;10;501;36.55;1.96;1384;902;903;12;890;65.17;1.33
88811;306401;36;Gimnazjum nr 44 im. gen. bryg. Mariusza Zaruskiego 61-432 Poznań ul. Jesionowa 14;1382;476;476;13;463;34.44;2.73;1358;936;936;12;924;68.92;1.28
88812;306401;37;Zespół Szkół Mechanicznych im. Komisji Edukacji Narodowej 61-472 Poznań ul. Świerkowa 8;1735;676;678;13;663;38.96;1.92;1679;1180;1180;15;1165;70.28;1.27
88813;306401;38;Szkoła Podstawowa nr 77 im. 15 Pułku Ułanów Poznańskich 60-204 Poznań ul. Romana Dmowskiego 50;1684;523;523;18;505;31.06;3.44;1662;948;949;15;933;57.04;1.58
88814;306401;39;Zespół Szkół nr 8 60-246 Poznań ul. Kazimierza Jarochowskiego 62;2053;713;713;12;701;34.73;1.68;2033;1230;1230;15;1215;60.50;1.22
88815;306401;40;Zespół Szkół nr 8 60-246 Poznań ul. Kazimierza Jarochowskiego 62;1781;463;463;16;447;26.00;3.46;1744;965;965;12;953;55.33;1.24
88816;306401;41;Gimnazjum nr 51 im. Jana Pawła II 60-211 Poznań ul. Klaudyny Potockiej 38;1947;514;514;21;493;26.40;4.09;1921;1057;1057;13;1044;55.02;1.23
88817;306401;42;Szkoła Podstawowa nr 77 im. 15 Pułku Ułanów Poznańskich 60-204 Poznań ul. Romana Dmowskiego 50;1904;681;681;11;670;35.77;1.62;1874;1193;1193;17;1176;63.66;1.42
88818;306401;43;Gimnazjum nr 51 im. Jana Pawła II 60-211 Poznań ul. Klaudyny Potockiej 38;1991;659;659;13;646;33.10;1.97;1981;1217;1217;10;1207;61.43;0.82
88819;306401;44;Zespół Szkół Gimnazjalno-Licealnych 60-751 Poznań ul. Stanisława Wyspiańskiego 27;1984;601;601;16;585;30.29;2.66;2026;1131;1131;12;1119;55.82;1.06
88820;306401;45;Zespół Szkół i Placówek Oświatowych 60-765 Poznań ul. Ryszarda Berwińskiego 2/4;1969;467;467;11;456;23.72;2.36;1925;966;966;16;950;50.18;1.66
88821;306401;46;Gimnazjum nr 51 im. Jana Pawła II 60-211 Poznań ul. Klaudyny Potockiej 38;1913;395;395;10;385;20.65;2.53;1875;840;840;24;816;44.80;2.86
88822;306401;47;Szkoła Podstawowa nr 9 im. dra Franciszka Witaszka 60-726 Poznań ul. Józefa Łukaszewicza 9/13;2131;488;488;12;476;22.90;2.46;2047;1003;1003;18;985;49.00;1.79
88823;306401;48;Szkoła Podstawowa nr 9 im. dra Franciszka Witaszka 60-726 Poznań ul. Józefa Łukaszewicza 9/13;1625;308;308;13;295;18.95;4.22;1546;679;679;12;667;43.92;1.77
88824;306401;49;Zespół Szkół Handlowych im. Bohaterów Poznańskiego Czerwca `56 60-774 Poznań ul. Śniadeckich 54/58;1631;455;455;11;444;27.90;2.42;1568;797;797;17;780;50.83;2.13
88825;306401;50;Zespół Szkół Ogólnokształcących nr 12 II Liceum Ogólnokształcące im. Generałowej Zamoyskiej Heleny Modrzejewskiej 60-766 Poznań ul. Jana Matejki 8/10;1616;431;431;10;421;26.67;2.32;1552;807;807;17;790;52.00;2.11
88826;306401;51;Zespół Szkół Ogólnokształcących nr 12 II Liceum Ogólnokształcące im. Generałowej Zamoyskiej Heleny Modrzejewskiej 60-766 Poznań ul. Jana Matejki 8/10;1841;610;610;13;597;33.13;2.13;1844;1116;1116;10;1106;60.52;0.90
88827;306401;52;Szkoła Podstawowa nr 71 im. Janusza Kusocińskiego 60-356 Poznań ul. Stanisława Przybyszewskiego 37;1741;502;502;22;480;28.83;4.38;1706;985;986;14;971;57.74;1.42
88828;306401;53;Regionalne Centrum Krwiodawstwa i Krwiolecznictwa 60-354 Poznań ul. Marcelińska 44;1408;480;481;7;473;34.09;1.46;1353;834;834;6;828;61.64;0.72
88829;306401;54;Zespół Szkół Geodezyjno-Drogowych im. Rudolfa Modrzejewskiego 60-365 Poznań ul. Szamotulska 33;1384;638;638;11;627;46.10;1.72;1375;953;953;3;950;69.31;0.31
88830;306401;55;Przedszkole nr 86 „Tęczowy Świat” 60-822 Poznań ul. Juliusza Słowackiego 15;1759;450;450;17;433;25.58;3.78;1774;927;927;23;904;52.25;2.48
88831;306401;56;Gimnazjum nr 61 im. Ignacego Jana Paderewskiego 60-521 Poznań ul. Juliusza Słowackiego 58/60;1232;277;277;16;261;22.48;5.78;1210;597;597;8;589;49.34;1.34
88832;306401;57;Szkoła Podstawowa nr 71 im. Janusza Kusocińskiego 60-356 Poznań ul. Stanisława Przybyszewskiego 37;1902;603;603;13;590;31.70;2.16;1843;1132;1132;16;1116;61.42;1.41
88833;306401;58;Miejski Ośrodek Pomocy Rodzinie w Poznaniu Filia Jeżyce 60-558 Poznań ul. Jana Długosza 18a;1777;445;445;11;434;25.04;2.47;1734;869;869;22;847;50.12;2.53
88834;306401;59;Szkoła Podstawowa nr 36 im. mjr. Henryka Sucharskiego 60-521 Poznań ul. Juliusza Słowackiego 54/56;1405;289;289;14;275;20.57;4.84;1409;671;671;11;660;47.62;1.64
88835;306401;60;Gimnazjum nr 61 im. Ignacego Jana Paderewskiego 60-521 Poznań ul. Juliusza Słowackiego 58/60;1473;290;291;6;284;19.69;2.07;1455;627;627;14;613;43.09;2.23
88836;306401;61;Szkoła Podstawowa nr 36 im. mjr. Henryka Sucharskiego 60-521 Poznań ul. Juliusza Słowackiego 54/56;1386;389;389;10;379;28.07;2.57;1380;727;727;13;714;52.68;1.79
88837;306401;62;Szkoła Podstawowa nr 23 im. gen. Józefa Bema 60-867 Poznań ul. Cypriana Norwida 21;1897;438;438;12;426;23.09;2.74;1896;995;995;13;982;52.48;1.31
88838;306401;63;Szkoła Podstawowa nr 23 im. gen. Józefa Bema 60-867 Poznań ul. Cypriana Norwida 21;1778;604;604;15;589;33.97;2.48;1779;1130;1130;13;1117;63.52;1.15
88839;306401;64;Zespół Szkół Zawodowych nr 1 60-536 Poznań ul. św. Floriana 3;1818;493;493;11;482;27.12;2.23;1853;1096;1096;8;1088;59.15;0.73
88840;306401;65;Zespół Szkół Ogólnokształcących nr 10 Gimnazjum Dwujęzyczne im. Dąbrówki, VII Liceum Ogólnokształcące im. Dąbrówki 60-544 Poznań ul. Stefana Żeromskiego 8/12;1787;479;479;13;466;26.80;2.71;1843;1045;1045;13;1032;56.70;1.24
88841;306401;66;Zespół Szkół Ogólnokształcących nr 10 Gimnazjum Dwujęzyczne im. Dąbrówki, VII Liceum Ogólnokształcące im. Dąbrówki 60-544 Poznań ul. Stefana Żeromskiego 8/12;1506;459;459;9;450;30.48;1.96;1474;875;875;8;867;59.36;0.91
88842;306401;67;Specjalny Ośrodek Szkolno-Wychowawczy dla Dzieci i Młodzieży Niepełnosprawnej im. Zbigniewa Tylewicza w Poznaniu 60-569 Poznań ul. Augustyna Szamarzewskiego 78/82;1745;533;533;13;520;30.54;2.44;1668;986;986;12;974;59.11;1.22
88843;306401;68;Szkoła Podstawowa nr 70 im. Mikołaja Kopernika 60-591 Poznań ul. Piękna 37;1967;819;819;10;809;41.64;1.22;1918;1238;1238;8;1230;64.55;0.65
88844;306401;69;Siedziba Zarządu Rejonu Lotników Wielkopolskich 60-408 Poznań ul. Jana Nagórskiego 16;1908;723;723;19;704;37.89;2.63;1926;1358;1358;13;1345;70.51;0.96
88845;306401;70;Zespół Szkół nr 2 60-409 Poznań ul. Hangarowa 14;1156;486;486;12;474;42.04;2.47;1135;789;789;11;778;69.52;1.39
88846;306401;71;Zespół Szkół nr 2 60-409 Poznań ul. Hangarowa 14;1289;455;455;14;441;35.30;3.08;1251;816;816;12;804;65.23;1.47
88847;306401;72;Gimnazjum nr 63 im. Laureatów Nagrody Nobla 60-613 Poznań ul. Michała Drzymały 4/6;1973;561;561;9;552;28.43;1.60;2054;1137;1137;7;1130;55.36;0.62
88848;306401;73;Gimnazjum nr 63 im. Laureatów Nagrody Nobla 60-613 Poznań ul. Michała Drzymały 4/6;2034;779;779;15;764;38.30;1.93;1912;1255;1255;19;1236;65.64;1.51
88849;306401;74;Szkoła Podstawowa nr 89 im. Krzysztofa Kamila Baczyńskiego 60-645 Poznań ul. Sochaczewska 3;2024;789;789;20;769;38.98;2.53;1987;1384;1384;18;1366;69.65;1.30
88850;306401;75;Szkoła Podstawowa nr 89 im. Krzysztofa Kamila Baczyńskiego 60-645 Poznań ul. Sochaczewska 3;2044;724;726;12;712;35.42;1.66;2026;1293;1293;13;1280;63.82;1.01
88851;306401;76;XXV Liceum Ogólnokształcące im. Generałowej Jadwigi Zamoyskiej 60-655 Poznań ul. Widna 1;2109;652;653;21;631;30.92;3.22;2109;1298;1298;10;1288;61.55;0.77
88852;306401;77;Zespół Szkół nr 4 z Oddziałami Sportowymi 60-665 Poznań os. Winiary 2;1552;558;558;5;553;35.95;0.90;1568;1074;1074;14;1060;68.49;1.30
88853;306401;78;Uniwersytet Przyrodniczy w Poznaniu Katedra Melioracji, Kształtowania Środowiska i Geodezji 60-649 Poznań ul. Piątkowska 94;2235;579;579;14;565;25.91;2.42;2204;1286;1286;9;1277;58.35;0.70
88854;306401;79;Zespół Szkół nr 4 z Oddziałami Sportowymi 60-665 Poznań os. Winiary 2;1961;748;749;26;722;38.14;3.48;1906;1284;1284;8;1276;67.37;0.62
88855;306401;80;Zespół Szkół nr 7 61-652 Poznań os. Zwycięstwa 101;1944;730;730;11;719;37.55;1.51;1951;1264;1264;13;1251;64.79;1.03
88856;306401;81;Zespół Szkół nr 7 61-652 Poznań os. Zwycięstwa 101;2081;688;688;12;676;33.06;1.74;2035;1261;1264;25;1236;61.97;1.98
88857;306401;82;Zespół Szkół nr 7 61-652 Poznań os. Zwycięstwa 101;2217;819;819;17;802;36.94;2.08;2158;1427;1427;11;1416;66.13;0.77
88858;306401;83;Zespół Szkół Gimnazjalno-Licealnych nr 37 61-699 Poznań os. Wichrowe Wzgórze 111;2029;741;741;12;729;36.52;1.62;1978;1301;1301;22;1279;65.77;1.69
88859;306401;84;Szkoła Podstawowa nr 11 im. gen. Dezyderego Chłapowskiego 61-699 Poznań os. Wichrowe Wzgórze 119;1935;707;707;21;686;36.54;2.97;1902;1270;1270;11;1259;66.77;0.87
88860;306401;85;Szkoła Podstawowa nr 11 im. gen. Dezyderego Chłapowskiego 61-699 Poznań os. Wichrowe Wzgórze 119;1871;612;612;16;596;32.71;2.61;1821;1132;1132;23;1109;62.16;2.03
88861;306401;86;Zespół Szkół Gimnazjalno-Licealnych nr 37 61-699 Poznań os. Wichrowe Wzgórze 111;2008;696;696;13;683;34.66;1.87;1979;1267;1267;15;1252;64.02;1.18
88862;306401;87;Zespół Szkolno-Przedszkolny nr 5 61-641 Poznań os. Kosmonautów 111;1570;655;655;15;640;41.72;2.29;1573;1069;1069;11;1058;67.96;1.03
88863;306401;88;Zespół Szkolno-Przedszkolny nr 5 61-641 Poznań os. Kosmonautów 111;1938;576;576;17;559;29.72;2.95;1881;1119;1119;15;1104;59.49;1.34
88864;306401;89;Przedszkole nr 134 „Słoneczny Świat” 61-642 Poznań os. Kosmonautów 108;1819;608;608;17;591;33.42;2.80;1783;1105;1105;25;1080;61.97;2.26
88865;306401;90;Przedszkole nr 127 61-638 Poznań os. Pod Lipami 102;1941;748;748;11;737;38.54;1.47;1884;1255;1255;15;1240;66.61;1.20
88866;306401;91;Zespół Szkół z Oddziałami Sportowymi nr 1 61-638 Poznań os. Pod Lipami 106;1873;719;719;8;711;38.39;1.11;1865;1248;1248;19;1229;66.92;1.52
88867;306401;92;Szkoła Podstawowa nr 66 im. Marii Skłodowskiej-Curie 61-689 Poznań os. Przyjaźni 127;2033;651;651;50;601;32.02;7.68;2020;1290;1290;17;1273;63.86;1.32
88868;306401;93;Gimnazjum nr 6 im. Edwarda Raczyńskiego 61-689 Poznań os. Przyjaźni 136;1863;727;727;26;701;39.02;3.58;1831;1237;1237;11;1226;67.56;0.89
88869;306401;94;Szkoła Podstawowa nr 66 im. Marii Skłodowskiej-Curie 61-689 Poznań os. Przyjaźni 127;1164;380;380;11;369;32.65;2.89;1137;719;719;9;710;63.24;1.25
88870;306401;95;Gimnazjum nr 6 im. Edwarda Raczyńskiego 61-689 Poznań os. Przyjaźni 136;1823;571;571;17;554;31.32;2.98;1786;1090;1090;15;1075;61.03;1.38
88871;306401;96;IX Liceum Ogólnokształcące im. Karola Libelta 61-658 Poznań ul. Warzywna 24;1687;565;565;17;548;33.49;3.01;1653;1068;1068;11;1057;64.61;1.03
88872;306401;97;Zespół Szkół Zawodowych nr 2 im. Janusza Korczaka 61-663 Poznań ul. Żniwna 1;1923;755;755;21;734;39.26;2.78;1957;1291;1291;18;1273;65.97;1.39
88873;306401;98;Zespół Szkół Łączności im. Mikołaja Kopernika 61-622 Poznań ul. Przełajowa 4;1999;993;1000;15;978;49.67;1.51;1984;1512;1512;8;1504;76.21;0.53
88874;306401;99;Zespół Szkół Łączności im. Mikołaja Kopernika 61-622 Poznań ul. Przełajowa 4;1803;700;700;13;687;38.82;1.86;1973;1413;1413;5;1408;71.62;0.35
88875;306401;100;Siedziba Rady Osiedla Morasko-Radojewo 61-680 Poznań ul. Morasko 57;1717;585;585;21;564;34.07;3.59;1724;1066;1066;14;1052;61.83;1.31
88876;306401;101;Uniwersytet im. Adama Mickiewicza Wydział Nauk Geograficznych i Geologicznych 61-680 Poznań ul. Dzięgielowa 27;1968;939;939;12;927;47.71;1.28;1979;1472;1472;10;1462;74.38;0.68
88877;306401;102;Uniwersytet im. Adama Mickiewicza Wydział Nauk Geograficznych i Geologicznych 61-680 Poznań ul. Dzięgielowa 27;1361;448;448;10;438;32.92;2.23;1354;895;895;9;886;66.10;1.01
88878;306401;103;Szkoła Podstawowa nr 60 im. Wojciecha Bogusławskiego 61-608 Poznań ul. Boranta 2;1644;534;534;11;523;32.48;2.06;1708;1159;1159;16;1143;67.86;1.38
88879;306401;104;Szkoła Podstawowa nr 60 im. Wojciecha Bogusławskiego 61-608 Poznań ul. Boranta 2;1556;585;585;10;575;37.60;1.71;1703;1282;1282;9;1273;75.28;0.70
88880;306401;105;Zespół Szkolno-Przedszkolny nr 1 61-616 Poznań os. Władysława Łokietka 104;1834;581;581;12;569;31.68;2.07;1909;1292;1292;14;1278;67.68;1.08
88881;306401;106;Zespół Szkolno-Przedszkolny nr 1 61-616 Poznań os. Władysława Łokietka 104;2033;681;681;17;664;33.50;2.50;1974;1253;1253;9;1244;63.48;0.72
88882;306401;107;Szkoła Podstawowa nr 48 im. gen. Oswalda Franka 61-616 Poznań ul. Sarmacka 105;1852;573;573;14;559;30.94;2.44;1818;1124;1124;5;1119;61.83;0.44
88883;306401;108;Szkoła Podstawowa nr 48 im. gen. Oswalda Franka 61-616 Poznań ul. Sarmacka 105;1798;588;588;7;581;32.70;1.19;1781;1126;1126;9;1117;63.22;0.80
88884;306401;109;Szkoła Podstawowa nr 48 im. gen. Oswalda Franka 61-616 Poznań ul. Sarmacka 105;1814;784;784;23;761;43.22;2.93;1955;1462;1462;4;1458;74.78;0.27
88885;306401;110;Szkoła Podstawowa nr 45 im. Okrętu Rzeczypospolitej Polskiej „POZNAŃ” 61-011 Poznań ul. Harcerska 3;1590;274;274;14;260;17.23;5.11;1563;673;673;25;648;43.06;3.71
88886;306401;111;Gimnazjum nr 20 im. Ojca Mariana Żelazka 61-007 Poznań ul. Główna 42;1687;363;363;22;341;21.52;6.06;1777;886;887;28;858;49.86;3.16
88887;306401;112;Szkoła Podstawowa nr 85 im. Kawalerów Maltańskich 61-116 Poznań ul. Piotra Tomickiego 16;1667;353;354;11;342;21.18;3.12;1660;870;870;21;849;52.41;2.41
88888;306401;113;Poznańska Ogólnokształcąca Szkoła Muzyczna I stopnia nr 2 im. Tadeusza Szeligowskiego 61-127 Poznań ul. Bydgoska 4;1223;320;320;12;308;26.17;3.75;1159;548;548;7;541;47.28;1.28
88889;306401;114;Szkoła Podstawowa nr 85 im. Kawalerów Maltańskich 61-116 Poznań ul. Piotra Tomickiego 16;2102;632;632;15;617;30.07;2.37;2082;1204;1204;25;1179;57.83;2.08
88890;306401;115;Szkoła Podstawowa nr 46 im. Marii Dąbrowskiej 61-044 Poznań ul. Inowrocławska 19;1781;466;466;13;453;26.17;2.79;1736;834;834;14;820;48.04;1.68
88891;306401;116;Katolickie Stowarzyszenie Wychowawców Oddział w Poznaniu 61-049 Poznań ul. Mińska 32;1855;749;749;13;736;40.38;1.74;1880;1295;1295;6;1289;68.88;0.46
88892;306401;117;Szkoła Podstawowa nr 46 im. Marii Dąbrowskiej 61-044 Poznań ul. Inowrocławska 19;1981;753;753;20;733;38.01;2.66;1987;1233;1233;16;1217;62.05;1.30
88893;306401;118;Gimnazjum nr 22 im. Dezyderego Chłapowskiego 61-062 Poznań ul. Leszka 42;1940;621;621;10;611;32.01;1.61;1920;1210;1210;15;1195;63.02;1.24
88894;306401;119;Gimnazjum nr 22 im. Dezyderego Chłapowskiego 61-062 Poznań ul. Leszka 42;2027;683;683;26;657;33.70;3.81;2012;1292;1292;29;1263;64.21;2.24
88895;306401;120;Szkoła Podstawowa nr 55 im. Jurija Gagarina 61-065 Poznań ul. Szpaków 1;1954;570;570;18;552;29.17;3.16;1915;1194;1194;27;1167;62.35;2.26
88896;306401;121;Szkoła Podstawowa nr 55 im. Jurija Gagarina 61-065 Poznań ul. Szpaków 1;1827;593;593;17;576;32.46;2.87;1862;1129;1130;11;1118;60.63;0.97
88897;306401;122;Szkoła Podstawowa nr 6 im. Hipolita Cegielskiego z Oddziałami Integracyjnymi 61-245 Poznań os. Rusa 56;1991;673;673;19;654;33.80;2.82;1985;1227;1227;21;1206;61.81;1.71
88898;306401;123;Szkoła Podstawowa nr 6 im. Hipolita Cegielskiego z Oddziałami Integracyjnymi 61-245 Poznań os. Rusa 56;2257;798;798;11;787;35.36;1.38;2282;1461;1461;19;1442;64.02;1.30
88899;306401;124;Gimnazjum nr 25 im. Arkadego Fiedlera 61-255 Poznań os. Tysiąclecia 43;1869;747;747;10;737;39.97;1.34;1818;1265;1265;15;1250;69.58;1.19
88900;306401;125;Gimnazjum nr 25 im. Arkadego Fiedlera 61-255 Poznań os. Tysiąclecia 43;1807;601;601;14;587;33.26;2.33;1745;1009;1009;10;999;57.82;0.99
88901;306401;126;Szkoła Podstawowa nr 51 im. Bronisława Szwarca 61-294 Poznań os. Lecha 37;2024;818;818;25;793;40.42;3.06;2000;1339;1339;22;1317;66.95;1.64
88902;306401;127;Szkoła Podstawowa nr 51 im. Bronisława Szwarca 61-294 Poznań os. Lecha 37;1957;681;681;16;665;34.80;2.35;1943;1253;1253;25;1228;64.49;2.00
88903;306401;128;Zespół Szkół Ogólnokształcących nr 4 61-288 Poznań os. Czecha 59;2065;835;835;21;814;40.44;2.51;2018;1350;1350;23;1327;66.90;1.70
88904;306401;129;Zespół Szkół Ogólnokształcących nr 4 61-288 Poznań os. Czecha 59;1817;552;552;8;544;30.38;1.45;1783;1110;1110;13;1097;62.25;1.17
88905;306401;130;Szkoła Podstawowa nr 6 im. Hipolita Cegielskiego z Oddziałami Integracyjnymi 61-245 Poznań os. Rusa 56;1789;780;780;15;765;43.60;1.92;1738;1224;1224;13;1211;70.43;1.06
88906;306401;131;Zespół Szkół Ogólnokształcących nr 4 61-288 Poznań os. Czecha 59;2042;713;713;16;697;34.92;2.24;2017;1301;1301;10;1291;64.50;0.77
88907;306401;132;Zespół Szkół nr 6 61-306 Poznań ul. Szczepankowo 74;1712;568;568;21;547;33.18;3.70;1766;1175;1175;8;1167;66.53;0.68
88908;306401;133;Zespół Szkół nr 6 61-306 Poznań ul. Szczepankowo 74;1659;549;549;13;536;33.09;2.37;1705;1096;1096;11;1085;64.28;1.00
88909;306401;134;Zespół Szkół nr 6 61-306 Poznań ul. Szczepankowo 74;1751;660;660;10;650;37.69;1.52;1744;1179;1179;14;1165;67.60;1.19
88910;306401;135;Przedszkole nr 10 im. Bolka, Lolka i Toli 61-206 Poznań os. Oświecenia 26;1697;508;508;5;503;29.94;0.98;1766;1300;1300;5;1295;73.61;0.38
88911;306401;136;Gimnazjum nr 23 im. Szarych Szeregów 61-223 Poznań os. Jagiellońskie 128;1671;599;599;8;591;35.85;1.34;1878;1329;1329;4;1325;70.77;0.30
88912;306401;137;Szkoła Podstawowa nr 3 im. Bolesława Krzywoustego 61-149 Poznań os. Piastowskie 27;2054;727;727;27;700;35.39;3.71;1964;1214;1214;17;1197;61.81;1.40
88913;306401;138;Zespół Szkół z Oddziałami Sportowymi nr 3 61-156 Poznań os. Piastowskie 65;2097;703;703;21;682;33.52;2.99;2041;1257;1257;24;1233;61.59;1.91
88914;306401;139;Gimnazjum nr 23 im. Szarych Szeregów 61-223 Poznań os. Jagiellońskie 128;2070;780;780;20;760;37.68;2.56;2006;1279;1279;14;1265;63.76;1.09
88915;306401;140;Szkoła Podstawowa nr 19 im. Stanisława Staszica 61-205 Poznań os. Oświecenia 1;2078;809;809;22;787;38.93;2.72;2015;1324;1324;18;1306;65.71;1.36
88916;306401;141;Szkoła Podstawowa nr 19 im. Stanisława Staszica 61-205 Poznań os. Oświecenia 1;2018;665;665;14;651;32.95;2.11;1991;1231;1231;10;1221;61.83;0.81
88917;306401;142;Gimnazjum nr 23 im. Szarych Szeregów 61-223 Poznań os. Jagiellońskie 128;2165;744;744;17;727;34.36;2.28;2106;1360;1360;12;1348;64.58;0.88
88918;306401;143;Szkoła Podstawowa nr 20 im. Stefana Batorego 61-395 Poznań os. Rzeczypospolitej 44;2061;792;792;22;770;38.43;2.78;2018;1346;1347;12;1334;66.70;0.89
88919;306401;144;XIV Liceum Ogólnokształcące im. Kazimierza Wielkiego 61-164 Poznań os. Piastowskie 106;2015;617;617;15;602;30.62;2.43;2012;1201;1201;18;1183;59.69;1.50
88920;306401;145;Zespół Szkół Samochodowych im. inż. Tadeusza Tańskiego 61-139 Poznań ul. Ludwika Zamenhofa 142;1868;573;573;10;563;30.67;1.75;1810;1185;1185;15;1170;65.47;1.27
88921;306401;146;Gimnazjum nr 24 im. Unii Europejskiej 61-387 Poznań os. Bohaterów II Wojny Światowej 29;1940;663;663;26;637;34.18;3.92;1900;1207;1207;19;1188;63.53;1.57
88922;306401;147;Gimnazjum nr 24 im. Unii Europejskiej 61-387 Poznań os. Bohaterów II Wojny Światowej 29;1998;673;673;19;654;33.68;2.82;1966;1233;1233;21;1212;62.72;1.70
88923;306401;148;Szkoła Podstawowa nr 18 im. Zofii Nałkowskiej 61-381 Poznań os. Armii Krajowej 100;2153;783;783;18;765;36.37;2.30;2139;1346;1346;20;1326;62.93;1.49
88924;306401;149;Szkoła Podstawowa nr 18 im. Zofii Nałkowskiej 61-381 Poznań os. Armii Krajowej 100;2018;674;674;25;649;33.40;3.71;1998;1286;1286;27;1259;64.36;2.10
88925;306401;150;Zespół Szkół z Oddziałami Integracyjnymi nr 1 61-249 Poznań os. Stare Żegrze 1;2093;731;731;12;719;34.93;1.64;2045;1314;1314;15;1299;64.25;1.14
88926;306401;151;Zespół Szkół z Oddziałami Integracyjnymi nr 1 61-249 Poznań os. Stare Żegrze 1;1982;776;776;15;761;39.15;1.93;1900;1329;1329;15;1314;69.95;1.13
88927;306401;152;Zespół Szkół z Oddziałami Integracyjnymi nr 1 61-249 Poznań os. Stare Żegrze 1;2062;656;656;6;650;31.81;0.91;2078;1325;1325;13;1312;63.76;0.98
88928;306401;153;Szkoła Podstawowa nr 64 im. Marii Konopnickiej 61-251 Poznań os. Orła Białego 120;2040;736;736;24;712;36.08;3.26;1979;1320;1320;19;1301;66.70;1.44
88929;306401;154;Szkoła Podstawowa nr 64 im. Marii Konopnickiej 61-251 Poznań os. Orła Białego 120;2125;714;715;16;698;33.60;2.24;2092;1366;1366;9;1357;65.30;0.66
88930;306401;155;Szkoła Podstawowa nr 64 im. Marii Konopnickiej 61-251 Poznań os. Orła Białego 120;2194;664;664;21;643;30.26;3.16;2087;1285;1285;16;1269;61.57;1.25
88931;306401;156;Szkoła Podstawowa nr 64 im. Marii Konopnickiej 61-251 Poznań os. Orła Białego 120;2103;655;655;12;643;31.15;1.83;2065;1286;1286;14;1272;62.28;1.09
88932;306401;157;Zespół Szkół Ogólnokształcących nr 2 im. Charles`a de Gaulle`a 61-323 Poznań ul. Tarnowska 27;1593;440;440;20;420;27.62;4.55;1612;951;951;10;941;59.00;1.05
88933;306401;158;Wyższa Szkoła Zawodowa „Kadry dla Europy” 61-361 Poznań ul. Starołęcka 36/38;1955;503;503;10;493;25.73;1.99;1959;1132;1132;23;1109;57.78;2.03
88934;306401;159;Szkoła Podstawowa nr 63 im. Ksawerego Zakrzewskiego 61-341 Poznań ul. Starołęcka 142;1855;514;514;7;507;27.71;1.36;1862;1100;1100;15;1085;59.08;1.36
88935;306401;160;Szkoła Podstawowa nr 59 im. gen. Jana Henryka Dąbrowskiego 61-353 Poznań ul. Baranowska 1;1963;715;715;21;694;36.42;2.94;1969;1306;1306;17;1289;66.33;1.30
88936;306401;161;Szkoła Podstawowa nr 63 im. Ksawerego Zakrzewskiego 61-341 Poznań ul. Starołęcka 142;1972;476;476;24;452;24.14;5.04;2008;1117;1117;17;1100;55.63;1.52
88937;306401;162;Zespół Szkół z Oddziałami Sportowymi nr 5 61-329 Poznań ul. Głuszyna 187;1738;491;491;17;474;28.25;3.46;1738;1046;1046;17;1029;60.18;1.63
88938;306401;163;Zespół Szkół z Oddziałami Sportowymi nr 5 61-329 Poznań ul. Głuszyna 187;1535;356;356;18;338;23.19;5.06;1514;832;832;16;816;54.95;1.92
88939;306401;164;Szkoła Podstawowa nr 58 im. Jerzego Kukuczki 60-186 Poznań ul. Ławica 3;1777;653;653;14;639;36.75;2.14;1812;1192;1192;29;1163;65.78;2.43
88940;306401;165;Szkoła Podstawowa nr 58 im. Jerzego Kukuczki 60-186 Poznań ul. Ławica 3;1942;949;949;25;924;48.87;2.63;1928;1472;1472;10;1462;76.35;0.68
88941;306401;166;Szkoła Podstawowa nr 58 im. Jerzego Kukuczki 60-186 Poznań ul. Ławica 3;1930;847;847;12;835;43.89;1.42;2026;1477;1477;9;1468;72.90;0.61
88942;306401;167;Zespół Szkół Specjalnych nr 101 im. Jana Brzechwy 60-389 Poznań ul. Swoboda 41;1979;477;477;14;463;24.10;2.94;1919;965;965;30;935;50.29;3.11
88943;306401;168;Zespół Szkół Elektrycznych nr 2 im. ks. Piotra Wawrzyniaka 60-375 Poznań ul. Świt 25;2066;498;498;17;481;24.10;3.41;2025;1039;1039;30;1009;51.31;2.89
88944;306401;169;Gimnazjum nr 56 im. Józefa Wybickiego 60-393 Poznań ul. Promyk 4;1935;575;575;4;571;29.72;0.70;1910;1160;1160;8;1152;60.73;0.69
88945;306401;170;Zespół Szkół Elektrycznych nr 2 im. ks. Piotra Wawrzyniaka 60-375 Poznań ul. Świt 25;2035;503;504;19;484;24.72;3.78;1983;1063;1063;24;1039;53.61;2.26
88946;306401;171;Gimnazjum nr 56 im. Józefa Wybickiego 60-393 Poznań ul. Promyk 4;1942;519;519;30;489;26.73;5.78;1878;998;998;17;981;53.14;1.70
88947;306401;172;Szkoła Podstawowa nr 88 im. Poznańskich Koziołków 60-389 Poznań ul. Swoboda 53;2060;559;559;19;540;27.14;3.40;2016;1109;1109;23;1086;55.01;2.07
88948;306401;173;Publiczne Gimnazjum Katolickie im. św. Stanisława Kostki w Poznaniu 60-327 Poznań ul. Kanclerska 31;1874;596;596;13;583;31.80;2.18;1802;1108;1128;12;1096;61.49;1.08
88949;306401;174;Szkoła Podstawowa nr 74 im. Mikołaja Kopernika 60-325 Poznań ul. Trybunalska 17;1850;565;565;4;561;30.54;0.71;1767;1061;1061;11;1050;60.05;1.04
88950;306401;175;Szkoła Podstawowa nr 90 im. hr. Władysława Zamoyskiego 60-261 Poznań ul. Józefa Chociszewskiego 56;1838;846;846;11;835;46.03;1.30;2030;1475;1476;17;1458;72.66;1.15
88951;306401;176;Liceum Ogólnokształcące im. Jadwigi i Wacława Zembrzuskich 60-304 Poznań ul. Piotra Ściegiennego 134;1733;745;745;18;727;42.99;2.42;1675;1178;1178;6;1172;70.33;0.51
88952;306401;177;Poznańskie Centrum Edukacji Ustawicznej i Praktycznej 60-166 Poznań ul. Grunwaldzka 200;1860;608;608;15;593;32.69;2.47;1874;1261;1261;16;1245;67.29;1.27
88953;306401;178;International School of Poznań 60-147 Poznań ul. Edmunda Taczanowskiego 18;1766;613;613;14;599;34.71;2.28;1735;1110;1110;15;1095;63.98;1.35
88954;306401;179;Szkoła Podstawowa nr 7 im. Erazma z Rotterdamu 60-159 Poznań ul. Galileusza 14;1915;678;678;12;666;35.40;1.77;1849;1188;1188;10;1178;64.25;0.84
88955;306401;180;Przedszkole nr 28 im. „Małych Astronomów” 60-159 Poznań ul. Galileusza 7;1891;651;651;13;638;34.43;2.00;1852;1211;1214;16;1195;65.39;1.32
88956;306401;181;Gimnazjum nr 54 Szkoła z Oddziałami Sportowymi im. Mikołaja Kopernika 60-161 Poznań ul. Izaaka Newtona 2;2053;797;797;14;783;38.82;1.76;2024;1340;1340;21;1319;66.21;1.57
88957;306401;182;Szkoła Podstawowa nr 80 im. Kornela Makuszyńskiego 60-142 Poznań ul. Pogodna 84;2030;739;739;18;721;36.40;2.44;2086;1303;1303;12;1291;62.46;0.92
88958;306401;183;Klub Spółdzielni Mieszkaniowej Grunwald „Raszyn” 60-133 Poznań ul. Rynarzewska 9;1920;783;783;21;762;40.78;2.68;1912;1226;1226;20;1206;64.12;1.63
88959;306401;184;Gimnazjum nr 50 im. Lotnictwa Polskiego 60-128 Poznań ul. Piotra Ściegiennego 10;1923;658;658;11;647;34.22;1.67;1917;1223;1223;18;1205;63.80;1.47
88960;306401;185;Gimnazjum nr 50 im. Lotnictwa Polskiego 60-128 Poznań ul. Piotra Ściegiennego 10;1837;510;510;16;494;27.76;3.14;1830;1077;1077;18;1059;58.85;1.67
88961;306401;186;Szkoła Podstawowa nr 10 im. Arkadego Fiedlera 60-125 Poznań ul. Bosa 9;1688;523;523;17;506;30.98;3.25;1715;1013;1013;10;1003;59.07;0.99
88962;306401;187;Szkoła Podstawowa nr 10 im. Arkadego Fiedlera 60-125 Poznań ul. Bosa 9;1553;422;422;7;415;27.17;1.66;1576;893;893;18;875;56.66;2.02
88963;306401;188;Przedszkole nr 67 im. Marii Konopnickiej 60-123 Poznań ul. Albańska 15;1676;446;446;10;436;26.61;2.24;1639;887;887;9;878;54.12;1.01
88964;306401;189;Szkoła Podstawowa nr 4 im. Armii Poznań 60-113 Poznań ul. Rawicka 12/14;1687;541;541;18;523;32.07;3.33;1636;983;983;8;975;60.09;0.81
88965;306401;190;Publiczna Szkoła Podstawowa nr 52 Fundacji Familijny Poznań 60-005 Poznań ul. Fabianowo 29;1397;321;321;12;309;22.98;3.74;1384;766;766;16;750;55.35;2.09
88966;306401;191;Poznańskie Centrum Edukacji Ustawicznej i Praktycznej 60-166 Poznań ul. Grunwaldzka 200;1818;711;711;11;700;39.11;1.55;1837;1301;1301;14;1287;70.82;1.08
88967;306401;192;Liceum Plastyczne im. Piotra Potworowskiego w Poznaniu 60-163 Poznań ul. Junikowska 35;1698;636;636;9;627;37.46;1.42;1733;1165;1165;10;1155;67.22;0.86
88968;306401;193;Szkoła Podstawowa nr 54 im. Jana Kasprowicza 60-176 Poznań ul. Małoszyńska 38;1962;846;846;11;835;43.12;1.30;2051;1509;1509;16;1493;73.57;1.06
88969;306401;194;Szkoła Podstawowa nr 54 im. Jana Kasprowicza 60-176 Poznań ul. Małoszyńska 38;1728;514;514;16;498;29.75;3.11;1692;1035;1035;9;1026;61.17;0.87
88970;306401;195;Zespół Szkół z Oddziałami Integracyjnymi nr 2 60-175 Poznań ul. Żonkilowa 34;1835;573;573;22;551;31.23;3.84;1822;1175;1175;19;1156;64.49;1.62
88971;306401;196;Zespół Szkół z Oddziałami Integracyjnymi nr 2 60-175 Poznań ul. Żonkilowa 34;1796;653;653;21;632;36.36;3.22;1810;1245;1245;26;1219;68.78;2.09
88972;306401;197;Szkoła Podstawowa nr 15 im. Jana III Sobieskiego 60-688 Poznań os. Jana III Sobieskiego 105;2073;738;738;13;725;35.60;1.76;2106;1460;1460;13;1447;69.33;0.89
88973;306401;198;Szkoła Podstawowa nr 15 im. Jana III Sobieskiego 60-688 Poznań os. Jana III Sobieskiego 105;2009;678;678;19;659;33.75;2.80;1953;1251;1251;23;1228;64.06;1.84
88974;306401;199;Zespół Szkół Zakonu Pijarów im. św. Józefa Kalasancjusza 60-688 Poznań os. Jana III Sobieskiego 114;2052;681;681;12;669;33.19;1.76;2030;1305;1305;12;1293;64.29;0.92
88975;306401;200;Zespół Szkół Zakonu Pijarów im. św. Józefa Kalasancjusza 60-688 Poznań os. Jana III Sobieskiego 114;2008;673;673;22;651;33.52;3.27;1947;1246;1246;12;1234;64.00;0.96
88976;306401;201;Gimnazjum nr 12 im. Jacka Kuronia 60-687 Poznań os. Stefana Batorego 101;1781;666;666;10;656;37.39;1.50;1937;1378;1378;5;1373;71.14;0.36
88977;306401;202;Gimnazjum nr 12 im. Jacka Kuronia 60-687 Poznań os. Stefana Batorego 101;1766;705;705;38;667;39.92;5.39;1768;1258;1258;14;1244;71.15;1.11
88978;306401;203;Szkoła Podstawowa nr 34 im. Wojska Polskiego 60-682 Poznań os. Bolesława Śmiałego 107;2071;710;710;21;689;34.28;2.96;2048;1412;1412;12;1400;68.95;0.85
88979;306401;204;Gimnazjum nr 12 im. Jacka Kuronia 60-687 Poznań os. Stefana Batorego 101;2061;741;741;11;730;35.95;1.48;1991;1287;1287;16;1271;64.64;1.24
88980;306401;205;Szkoła Podstawowa nr 34 im. Wojska Polskiego 60-682 Poznań os. Bolesława Śmiałego 107;2022;732;732;14;718;36.20;1.91;1963;1325;1325;20;1305;67.50;1.51
88981;306401;206;Szkoła Podstawowa nr 34 im. Wojska Polskiego 60-682 Poznań os. Bolesława Śmiałego 107;2118;696;696;16;680;32.86;2.30;2048;1296;1296;16;1280;63.28;1.23
88982;306401;207;Przedszkole nr 189 60-682 Poznań os. Bolesława Śmiałego 105;2066;735;735;19;716;35.58;2.59;2105;1375;1375;17;1358;65.32;1.24
88983;306401;208;Przedszkole nr 148 „Mali Europejczycy” 60-681 Poznań os. Bolesława Chrobrego 121;2236;846;846;25;821;37.84;2.96;2198;1488;1488;15;1473;67.70;1.01
88984;306401;209;Zespół Szkół Ogólnokształcących nr 15 60-681 Poznań os. Bolesława Chrobrego 107;2151;673;673;16;657;31.29;2.38;2061;1343;1343;12;1331;65.16;0.89
88985;306401;210;Zespół Szkół Ogólnokształcących nr 15 60-681 Poznań os. Bolesława Chrobrego 107;2192;798;798;13;785;36.41;1.63;2138;1429;1429;16;1413;66.84;1.12
88986;306401;211;Przedszkole nr 163 „Baśniowy Zamek” 60-681 Poznań os. Bolesława Chrobrego 106;2131;753;753;8;745;35.34;1.06;2153;1461;1461;24;1437;67.86;1.64
88987;306401;212;Szkoła Podstawowa nr 17 im. Józefa Ignacego Kraszewskiego 60-681 Poznań os. Bolesława Chrobrego 105;2095;764;764;17;747;36.47;2.23;2028;1377;1377;19;1358;67.90;1.38
88988;306401;213;Szkoła Podstawowa nr 17 im. Józefa Ignacego Kraszewskiego 60-681 Poznań os. Bolesława Chrobrego 105;2153;759;759;24;735;35.25;3.16;2064;1388;1388;15;1373;67.25;1.08
88989;306401;214;Zespół Szkół Specjalnych nr 112 60-691 Poznań ul. Obornicka 314;1964;655;655;13;642;33.35;1.98;2089;1443;1443;8;1435;69.08;0.55
88990;306401;215;Szkoła Podstawowa nr 62 im. gen. Stanisława Taczaka 60-476 Poznań ul. Druskienicka 32;1870;721;721;15;706;38.56;2.08;1889;1337;1345;14;1323;70.78;1.05
88991;306401;216;Szkoła Podstawowa nr 62 im. gen. Stanisława Taczaka 60-476 Poznań ul. Druskienicka 32;2064;878;878;19;859;42.54;2.16;2254;1651;1651;21;1630;73.25;1.27
88992;306401;217;Szkoła Podstawowa nr 62 im. gen. Stanisława Taczaka 60-476 Poznań ul. Druskienicka 32;2024;661;661;24;637;32.66;3.63;2011;1197;1197;13;1184;59.52;1.09
88993;306401;218;Zespół Szkół nr 9 60-461 Poznań ul. Hezjoda 15;1664;750;750;19;731;45.07;2.53;1750;1335;1335;4;1331;76.29;0.30
88994;306401;219;Zespół Szkół nr 9 60-461 Poznań ul. Hezjoda 15;1827;877;878;11;866;48.00;1.25;1869;1465;1465;6;1459;78.38;0.41
88995;306401;220;Niepubliczne Szkolne Schronisko Młodzieżowe „Hanka” 60-463 Poznań ul. Biskupińska 27;1643;686;686;18;668;41.75;2.62;1663;1184;1185;10;1174;71.20;0.84
88996;306401;221;Zespół Szkół nr 1 im. Józefa Kostrzewskiego 60-452 Poznań ul. Leśnowolska 35;2102;675;675;17;658;32.11;2.52;2117;1367;1367;14;1353;64.57;1.02
88997;306401;222;Zespół Szkół nr 1 im. Józefa Kostrzewskiego 60-452 Poznań ul. Leśnowolska 35;2152;689;689;20;669;32.02;2.90;2142;1356;1356;10;1346;63.31;0.74
88998;306401;223;Zespół Szkół nr 1 im. Józefa Kostrzewskiego 60-452 Poznań ul. Leśnowolska 35;2140;844;844;16;828;39.44;1.90;2178;1461;1461;10;1451;67.08;0.68
88999;306401;224;Szkoła Podstawowa nr 28 im. Kornela Makuszyńskiego 60-480 Poznań ul. Chojnicka 57;1428;486;486;9;477;34.03;1.85;1448;939;939;8;931;64.85;0.85
91711;306401;225;Szpital Kliniczny Przemienienia Pańskiego Uniwersytetu Medycznego im. Karola Marcinkowskiego w Poznaniu 61-848 Poznań ul. Długa 1/2;172;53;53;7;46;30.81;13.21;173;77;77;0;77;44.51;0.00
91712;306401;226;Wielkopolskie Centrum Onkologii im. Marii Skłodowskiej-Curie 61-866 Poznań ul. Garbary 15;216;43;43;1;42;19.91;2.33;235;93;93;3;90;39.57;3.23
91713;306401;227;Zakład Opiekuńczo-Leczniczy Wielospecjalistycznego Szpitala Miejskiego im. Józefa Strusia w Poznaniu 61-833 Poznań ul. Szkolna 8/12;33;3;3;1;2;9.09;33.33;38;4;4;0;4;10.53;0.00
91714;306401;228;Areszt Śledczy w Poznaniu 61-729 Poznań ul. Młyńska 1;722;254;254;27;227;35.18;10.63;575;297;297;37;260;51.65;12.46
91715;306401;229;Centrum Medyczne HCP Sp. z o.o. 61-485 Poznań ul. 28 Czerwca 1956 194;181;65;65;3;62;35.91;4.62;249;74;74;5;69;29.72;6.76
91716;306401;230;Ortopedyczno-Rehabilitacyjny Szpital Kliniczny im. Wiktora Degi Uniwersytetu Medycznego im. Karola Macinkowskiego w Poznaniu 61-544 Poznań ul. 28 Czerwca 1956 135/147;139;64;64;7;57;46.04;10.94;163;108;108;6;102;66.26;5.56
91717;306401;231;Dom Pomocy Społecznej im. bł. Edmunda Bojanowskiego w Poznaniu 61-578 Poznań ul. Niedziałkowskiego 22;40;18;18;1;17;45.00;5.56;40;21;21;1;20;52.50;4.76
91718;306401;232;Szpital Św. Rodziny Specjalistycznego Zespołu Opieki Zdrowotnej nad Matką i Dzieckiem w Poznaniu 60-235 Poznań ul. Jarochowskiego 18;53;13;13;0;13;24.53;0.00;57;22;22;0;22;38.60;0.00
91719;306401;233;Szpital Kliniczny im. Heliodora Święcickiego Uniwersytetu Medycznego im. Karola Marcinkowskiego w Poznaniu 60-780 Poznań ul. Grunwaldzka 16/18;101;33;33;0;33;32.67;0.00;194;65;65;2;63;33.51;3.08
91720;306401;234;Dom Studencki „Eskulap” Uniwersytetu Medycznego im. Karola Marcinkowskiego w Poznaniu 60-356 Poznań ul. Przybyszewskiego 39;106;65;65;0;65;61.32;0.00;293;184;184;11;173;62.80;5.98
91721;306401;235;Szpital Kliniczny im. Heliodora Święcickiego Uniwersytetu Medycznego im. Karola Marcinkowskiego w Poznaniu 60-355 Poznań ul. Przybyszewskiego 49;231;94;94;2;92;40.69;2.13;237;210;210;1;209;88.61;0.48
91722;306401;236;Ginekologiczno-Położniczy Szpital Kliniczny Uniwersytetu Medycznego im. Karola Marcinkowskiego w Poznaniu 60-535 Poznań ul. Polna 33;159;46;46;4;42;28.93;8.70;158;87;87;1;86;55.06;1.15
91723;306401;237;Szpital Miejski im. Franciszka Raszei w Poznaniu 60-834 Poznań ul. Mickiewicza 2;122;26;26;0;26;21.31;0.00;140;73;73;2;71;52.14;2.74
91724;306401;238;Dom Pomocy Społecznej w Poznaniu 60-501 Poznań ul. Bukowska 27/29;132;77;77;7;70;58.33;9.09;113;39;39;4;35;34.51;10.26
91725;306401;239;Wielkopolskie Centrum Pulmonologii i Torakochirurgii im. Eugenii i Janusza Zeylandów w Poznaniu 60-569 Poznań ul. Szamarzewskiego 62;159;36;36;1;35;22.64;2.78;183;110;110;3;107;60.11;2.73
91726;306401;240;Szpital Kliniczny Przemienienia Pańskiego Uniwersytetu Medycznego im. Karola Marcinkowskiego w Poznaniu 60-569 Poznań ul. Szamarzewskiego 82/84;133;46;46;1;45;34.59;2.17;112;60;60;0;60;53.57;0.00
91727;306401;241;Szpital Kliniczny im. Karola Jonschera Uniwersytetu Medycznego im. Karola Marcinkowskiego w Poznaniu 60-572 Poznań ul. Szpitalna 27/33;100;15;15;0;15;15.00;0.00;83;34;34;0;34;40.96;0.00
91728;306401;242;Dom Pomocy Społecznej w Poznaniu 61-623 Poznań ul. Ugory 18/20;135;59;59;3;56;43.70;5.08;132;71;71;10;61;53.79;14.08
91729;306401;243;Szpital Wojewódzki w Poznaniu 60-479 Poznań ul. Juraszów 7/19;451;76;76;3;73;16.85;3.95;352;156;156;7;149;44.32;4.49
91730;306401;244;Samodzielny Publiczny Zakład Opieki Zdrowotnej Ministerstwa Spraw Wewnętrznych w Poznaniu im. prof. Ludwika Bierkowskiego 60-631 Poznań ul. Dojazd 34;101;47;47;6;41;46.53;12.77;99;56;56;4;52;56.57;7.14
91731;306401;245;Dom Studencki „Zbyszko” Uniwersytetu im. Adama Mickiewicza w Poznaniu 60-649 Poznań ul. Piątkowska 80;157;120;120;2;118;76.43;1.67;149;131;131;0;131;87.92;0.00
91732;306401;246;Dom Pomocy Społecznej w Poznaniu 61-114 Poznań ul. Konarskiego 11/13;87;40;40;3;37;45.98;7.50;84;48;48;2;46;57.14;4.17
91733;306401;247;Zakład Opiekuńczo-Leczniczy i Rehabilitacji Medycznej Samodzielny Publiczny Zakład Opieki Zdrowotnej 61-044 Poznań ul. Mogileńska 42;155;56;56;4;52;36.13;7.14;125;58;58;1;57;46.40;1.72
91734;306401;248;Wielospecjalistyczny Szpital Miejski im. Józefa Strusia z Zakładem Opiekuńczo-Leczniczym Samodzielny Publiczny Zakład Opieki Zdrowotnej 61-285 Poznań ul. Szwajcarska 3;318;85;85;7;78;26.73;8.24;349;158;158;7;151;45.27;4.43
91735;306401;249;Dom Pomocy Społecznej w Poznaniu 61-049 Poznań ul. Mińska 14;72;49;49;0;49;68.06;0.00;75;57;57;0;57;76.00;0.00
91736;306401;250;Hospicjum Palium Szpitala Klinicznego Przemienienia Pańskiego Uniwersytetu Medycznego im. Karola Marcinkowskiego w Poznaniu 61-245 Poznań os. Rusa 25a;27;12;12;1;11;44.44;8.33;29;11;11;0;11;37.93;0.00
91737;306401;251;Dom Pomocy Społecznej w Poznaniu 61-315 Poznań ul. Pokrzywno 1;68;56;56;0;56;82.35;0.00;59;52;52;0;52;88.14;0.00
91738;306401;252;Dom Pomocy Społecznej w Poznaniu 61-139 Poznań ul. Zamenhofa 142 a;69;17;17;1;16;24.64;5.88;68;33;33;4;29;48.53;12.12
91739;306401;253;Dom Studencki Nr 6 Politechniki Poznańskiej 61-142 Poznań ul. św. Rocha 11 b;211;154;154;7;147;72.99;4.55;192;177;177;0;177;92.19;0.00
91740;306401;254;Dom Pomocy Społecznej 60-129 Poznań ul. Sielska 13;86;43;43;0;43;50.00;0.00;81;56;56;2;54;69.14;3.57
91741;306401;255;Oddział Zewnętrzny Aresztu Śledczego w Poznaniu 60-171 Poznań ul. Nowosolska 40;204;170;170;29;141;83.33;17.06;183;115;115;15;100;62.84;13.04
91742;306401;256;Szpital Rehabilitacyjny w Poznaniu Szpitala Wojewódzkiego w Poznaniu 60-480 Poznań ul. Uzdrowiskowa 2;78;35;35;0;35;44.87;0.00;77;57;57;5;52;74.03;8.77
89000;320101;1;Komenda Powiatowa Państwowej Straży Pożarnej w Białogardzie 78-200 Białogard ul. Szosa Połczyńska 1;1473;197;197;7;190;13.37;3.55;1477;658;658;20;638;44.55;3.04
89001;320101;2;Szkoła Podstawowa Nr 3 w Białogardzie 78-200 Białogard ul. Chopina 8;973;238;238;5;233;24.46;2.10;947;477;477;18;459;50.37;3.77
89002;320101;3;Szkoła Podstawowa Nr 3 w Białogardzie 78-200 Białogard ul. Chopina 8;1782;290;290;12;278;16.27;4.14;1737;742;742;37;705;42.72;4.99
89003;320101;4;Szkoła Podstawowa Nr 4 w Białogardzie 78-200 Białogard ul. Grunwaldzka 53;841;135;135;4;131;16.05;2.96;850;360;360;15;345;42.35;4.17
89004;320101;5;Przedszkole Miejskie Nr 3 w Białogardzie 78-200 Białogard ul. Kochanowskiego 21;1001;176;176;5;171;17.58;2.84;994;460;460;9;451;46.28;1.96
89005;320101;6;Centrum Kultury i Spotkań Europejskich w Białogardzie 78-200 Białogard ul. 1 Maja 15;1787;357;357;7;350;19.98;1.96;1759;808;808;24;784;45.94;2.97
89006;320101;7;Zespół Szkół Ponadgimnazjalnych w Białogardzie 78-200 Białogard ul. Dąbrowszczaków 14;1843;321;321;15;306;17.42;4.67;1825;885;885;24;861;48.49;2.71
89007;320101;8;Gimnazjum Nr 2 w Białogardzie 78-200 Białogard ul. Kościelna 1;891;96;96;5;91;10.77;5.21;880;289;289;12;277;32.84;4.15
89008;320101;9;Gimnazjum Nr 2 w Białogardzie 78-200 Białogard ul. Kościelna 1;928;144;144;5;139;15.52;3.47;922;376;376;11;365;40.78;2.93
89009;320101;10;Gimnazjum Nr 1 w Białogardzie 78-200 Białogard ul. Świdwińska 7;952;182;182;9;173;19.12;4.95;917;387;387;19;368;42.20;4.91
89010;320101;11;Stacja Doświadczalna Oceny Odmian w Białogardzie 78-200 Białogard ul. Kisielice Duże 28;878;158;158;2;156;18.00;1.27;891;424;424;9;415;47.59;2.12
89011;320101;12;Szkoła Podstawowa Nr 5 w Białogardzie 78-200 Białogard ul. Kołobrzeska 23;848;150;150;6;144;17.69;4.00;835;397;397;16;381;47.54;4.03
89012;320101;13;Klub Osiedlowy Białogardzkiej Spółdzielni Mieszkaniowej 78-200 Białogard ul. Władysława Komara 25;1886;394;394;18;376;20.89;4.57;1832;941;941;27;914;51.36;2.87
89013;320101;14;Państwowa Szkoła Muzyczna I stopnia w Białogardzie 78-200 Białogard ul. Dworcowa 4;1778;295;295;5;290;16.59;1.69;1723;732;732;46;686;42.48;6.28
89014;320101;15;Klub Osiedlowy Białogardzkiej Spółdzielni Mieszkaniowej 78-200 Białogard ul. Kochanowskiego 26;1063;287;287;7;280;27.00;2.44;1054;573;573;22;551;54.36;3.84
91743;320101;16;Szpital Powiatowy w Białogardzie 78-200 Białogard ul. Chopina 29;200;59;59;1;58;29.50;1.69;215;80;80;2;78;37.21;2.50
91744;320101;17;Szpital Powiatowy w Białogardzie 78-200 Białogard ul. Szpitalna 7;38;8;8;2;6;21.05;25.00;36;11;11;0;11;30.56;0.00
91745;320101;18;Dom Pomocy Społecznej w Białogardzie 78-200 Białogard ul. Mickiewicza 6;50;32;32;0;32;64.00;0.00;47;35;35;1;34;74.47;2.86
91746;320101;19;Dom Pomocy Społecznej w Białogardzie 78-200 Białogard ul. Świętego Brata Alberta 1;125;61;61;2;59;48.80;3.28;118;65;65;3;62;55.08;4.62
89015;320102;1;Świetlica wiejska 78-200 Redlino 7;742;105;105;10;95;14.15;9.52;760;262;262;18;244;34.47;6.87
89016;320102;2;Gimnazjum im. Ignacego Krasickiego 78-200 Pomianowo 6;1231;138;138;7;131;11.21;5.07;1243;343;343;18;325;27.59;5.25
89017;320102;3;Szkoła Podstawowa im. Jana Brzechwy 78-200 Rogowo 63;1566;111;111;4;107;7.09;3.60;1544;375;375;18;357;24.29;4.80
89018;320102;4;Szkoła Podstawowa 78-217 Stanomino 30;1687;165;165;5;160;9.78;3.03;1677;502;502;26;476;29.93;5.18
89019;320102;5;Szkoła Podstawowa im. ppor. Ryszarda Kuleszy 78-200 Kościernica 28;943;96;96;6;90;10.18;6.25;945;308;308;25;283;32.59;8.12
89020;320103;1;Karliński Ośrodek Kultury w Karlinie 78-230 Karlino ul. Parkowa 1;1263;119;119;6;113;9.42;5.04;1210;358;358;17;341;29.59;4.75
89021;320103;2;Szkoła Podstawowa 78-230 Karlino ul. Traugutta 2;1740;258;258;4;254;14.83;1.55;1747;684;684;32;652;39.15;4.68
89022;320103;3;Warsztat Terapii Zajęciowej w Karlinie 78-230 Karlino ul. Kościuszki 3;1600;323;323;12;311;20.19;3.72;1581;754;754;29;725;47.69;3.85
89023;320103;4;Szkoła Podstawowa 78-230 Daszewo 56;848;38;38;2;36;4.48;5.26;840;188;188;13;175;22.38;6.91
89024;320103;5;Szkoła Podstawowa 78-230 Karścino 18;1125;67;67;10;57;5.96;14.93;1136;220;220;14;206;19.37;6.36
89025;320103;6;Szkoła Podstawowa 78-230 Karwin 23;587;70;70;4;66;11.93;5.71;583;182;182;5;177;31.22;2.75
89026;320104;1;Świetlica wiejska 78-220 Sadkowo 55;872;118;118;11;107;13.53;9.32;857;244;244;15;229;28.47;6.15
89027;320104;2;Świetlica wiejska 78-220 Kowalki 21;738;60;60;1;59;8.13;1.67;726;196;196;13;183;27.00;6.63
89028;320104;3;Gimnazjum 78-220 Tychowo ul. Dworcowa 11A;1601;186;186;18;168;11.62;9.68;1579;551;551;24;527;34.90;4.36
89029;320104;4;Urząd Miejski w Tychowie 78-220 Tychowo ul. Bobolicka 17;1045;212;212;9;203;20.29;4.25;1060;515;515;15;500;48.58;2.91
89030;320104;5;Zespół Szkół 78-220 Dobrowo 24;1227;97;97;3;94;7.91;3.09;1233;379;379;40;339;30.74;10.55
91747;320104;6;Oddział Zewnętrzny w Dobrowie Aresztu śledczego w Koszalinie 78-220 Dobrowo ;488;197;197;28;169;40.37;14.21;404;206;206;22;184;50.99;10.68
89031;320201;1;Gimnazjum Publiczne 73-240 Bierzwnik ul.Krajowej Rady Narodowej 18;1849;323;323;13;310;17.47;4.02;1804;715;715;34;681;39.63;4.76
89032;320201;2;Świetlica Wiejska 73-240 Breń 30A;1306;118;118;8;110;9.04;6.78;1303;341;341;19;322;26.17;5.57
89033;320201;3;Szkoła Podstawowa 73-240 Zieleniewo 37;826;90;90;5;85;10.90;5.56;803;246;246;9;237;30.64;3.66
89034;320202;1;Choszczeński Dom Kultury 73-200 Choszczno ul.Bohaterów Warszawy 17;851;178;178;4;174;20.92;2.25;866;404;404;11;393;46.65;2.72
89035;320202;2;Publiczne Przedszkole Nr 4 73-200 Choszczno ul.Mur Południowy 4;1613;370;370;5;365;22.94;1.35;1539;754;754;17;737;48.99;2.25
89036;320202;3;Publiczne Przedszkole Nr 5 73-200 Choszczno ul.Energetyków 1;1473;303;303;6;297;20.57;1.98;1450;696;696;11;685;48.00;1.58
89037;320202;4;Szkoła Podstawowa Nr 3 73-200 Choszczno ul.Wolności 62;1044;114;114;2;112;10.92;1.75;1056;361;361;10;351;34.19;2.77
89038;320202;5;Urząd Miejski 73-200 Choszczno ul.Wolności 24;658;125;125;10;115;19.00;8.00;657;289;289;6;283;43.99;2.08
89039;320202;6;Publiczne Przedszkole Nr 2 73-200 Choszczno ulSucharskiego 9;894;152;152;8;144;17.00;5.26;871;354;354;11;343;40.64;3.11
89040;320202;7;Publiczne Gimnazjum 73-200 Choszczno ul.Obrońców Westerplatte 1A;859;198;198;2;196;23.05;1.01;818;387;387;7;380;47.31;1.81
89041;320202;8;Powiatowy Urząd Pracy 73-200 Choszczno ul.Dąbrowszczaków 13;924;147;147;6;141;15.91;4.08;980;400;400;11;389;40.82;2.75
89042;320202;9;Miejska Biblioteka Publiczna im.Marii Dąbrowskiej 73-200 Choszczno ul.Wolności 11;851;151;151;7;144;17.74;4.64;817;332;332;13;319;40.64;3.92
89043;320202;10;Miejsko-Gminny Ośrodek Pomocy Społecznej 73-200 Choszczno ul.Grunwaldzka 36;1395;275;275;11;264;19.71;4.00;1337;654;654;16;638;48.92;2.45
89044;320202;11;Zespół Szkół Nr 1 73-200 Choszczno ul.Bolesława Chrobrego 31A;923;103;103;4;99;11.16;3.88;928;376;376;7;369;40.52;1.86
89045;320202;12;Przedszkole Nr 1 z Oddziałami Integracyjnymi 73-200 Choszczno ul.NIedziałkowskiego 9;888;152;152;6;146;17.12;3.95;860;319;319;16;303;37.09;5.02
89046;320202;13;Szkoła Podstawowa Nr 1 73-200 Choszczno ul.Obrońców Westerplatte 1;780;116;116;1;115;14.87;0.86;781;337;337;4;333;43.15;1.19
89047;320202;14;Szkoła Podstawowa w Sławęcinie 73-200 Sławęcin 60;740;43;43;2;41;5.81;4.65;749;231;231;15;216;30.84;6.49
89048;320202;15;Szkoła Podstawowa 73-222 Suliszewo ul.Zwycięstwa 26;1085;89;89;3;86;8.20;3.37;1059;276;276;5;271;26.06;1.81
89049;320202;16;Szkoła Podstawowa w Zamęcinie 73-200 Zamęcin 2;947;93;93;0;93;9.82;0.00;939;308;308;8;300;32.80;2.60
89050;320202;17;Szkoła Podstawowa w Korytowie 73-222 Korytowo ul.Szkolna 4;1005;82;82;1;81;8.16;1.22;1000;297;297;22;275;29.70;7.41
89051;320202;18;Warsztat Terapii Zajęciowej w Piaseczniku 73-200 Piasecznik 82;624;100;100;6;94;16.03;6.00;605;196;196;13;183;32.40;6.63
91748;320202;19;SP ZOZ w Choszcznie 73-200 Choszczno ul.Niedziałkowskiego 4;254;43;43;1;42;16.93;2.33;258;65;65;3;62;25.19;4.62
91749;320202;20;Areszt Śledczy w Choszcznie 73-200 Choszczno ul.Wolności 12;129;31;31;7;24;24.03;22.58;110;76;76;15;61;69.09;19.74
91750;320202;21;Areszt Śledczy w Choszczniw Oddział Zewnętrzny 73-200 Choszczno ul.Matejki 3;86;24;24;6;18;27.91;25.00;94;46;46;7;39;48.94;15.22
89052;320203;1;Szkoła Podstawowa 73-220 Drawno ul. Szkolna 25;1060;181;181;5;176;17.08;2.76;1058;435;435;15;420;41.12;3.45
89053;320203;2;Szkoła Podstawowa 73-220 Drawno ul. Szkolna 25;1355;184;184;7;177;13.58;3.80;1303;451;451;11;440;34.61;2.44
89054;320203;3;Świetlica wiejska 73-220 Barnimie 70;932;87;87;3;84;9.33;3.45;939;259;259;11;248;27.58;4.25
89055;320203;4;Świetlica wiejska 73-220 Brzeziny 61A;411;64;64;7;57;15.57;10.94;411;155;155;18;137;37.71;11.61
89056;320203;5;Świetlica wiejska 73-220 Święciechów 3d;467;39;39;1;38;8.35;2.56;460;120;120;13;107;26.09;10.83
91751;320203;6;Dom Pomocy Społecznej 73-220 Brzeziny 1;77;60;60;17;43;77.92;28.33;79;29;29;1;28;36.71;3.45
89057;320204;1;Urząd Gminy 73-231 Krzęcin ul. Tylna 7;1748;188;188;5;183;10.76;2.66;1722;528;528;31;497;30.66;5.87
89058;320204;2;Gminne Centrum Kultury 73-231 Krzęcin ul. Szkolna 2;1327;117;117;3;114;8.82;2.56;1308;322;322;19;303;24.62;5.90
89059;320205;1;Zespół Szkół 73-260 Pełczyce ul. Kościelna 3;2147;322;322;11;311;15.00;3.42;2113;802;802;44;758;37.96;5.49
89060;320205;2;Zespół Szkół 73-260 Lubiana 6;1576;244;244;7;237;15.48;2.87;1581;508;508;38;470;32.13;7.48
89061;320205;3;Miejsko-Gminne Przedszkole 73-260 Pełczyce ul. Bolesława Chrobrego 17;975;60;60;0;60;6.15;0.00;976;216;216;9;207;22.13;4.17
89062;320205;4;Szkoła Podstawowa 73-260 Będargowo 14;1568;145;145;5;140;9.25;3.45;1563;406;406;23;383;25.98;5.67
89063;320206;1;Szkoła Podstawowa 73-210 Recz ul. Ratuszowa 29;1491;213;213;16;197;14.29;7.51;1451;484;484;16;468;33.36;3.31
89064;320206;2;Szkoła Podstawowa 73-210 Recz ul.Ratuszowa 29;1229;196;196;8;188;15.95;4.08;1210;435;435;18;417;35.95;4.14
89065;320206;3;Świetlica wiejska Lubieniów 73-210 Lubieniów 27a lokal: 8;973;52;52;2;50;5.34;3.85;958;168;168;10;158;17.54;5.95
89066;320206;4;Świetlica wiejska Sokoliniec 73-210 Sokoliniec 32;879;76;76;6;70;8.65;7.89;873;202;202;17;185;23.14;8.42
89067;320301;1;Gimnazjum 78-550 Czaplinek ul. Słoneczna 27;1961;307;307;7;300;15.66;2.28;1964;812;812;31;781;41.34;3.82
89068;320301;2;Czaplinecki Ośrodek Kultury 78-550 Czaplinek ul. Pławieńska 1a;1302;184;184;6;178;14.13;3.26;1283;542;542;23;519;42.24;4.24
89069;320301;3;Szkoła Podstawowa 78-550 Czaplinek ul. Wałecka 49;1184;243;243;11;232;20.52;4.53;1170;543;543;11;532;46.41;2.03
89070;320301;4;Przedszkole Publiczne 78-550 Czaplinek ul. Grunwaldzka 5b;1330;173;173;10;163;13.01;5.78;1289;494;494;13;481;38.32;2.63
89071;320301;5;Spółdzielnia Kółek Rolniczych 78-550 Czaplinek ul. Pławieńska 18;1299;96;96;1;95;7.39;1.04;1285;402;402;13;389;31.28;3.23
89072;320301;6;Sala wiejska 78-551 Siemczyno 63;597;67;67;5;62;11.22;7.46;605;199;199;14;185;32.89;7.04
89073;320301;7;Sala wiejska 78-552 Kluczewo ul. Białego Orła 25;898;84;84;4;80;9.35;4.76;894;269;269;14;255;30.09;5.20
89074;320301;8;Swietlica wiejska 78-553 Broczyno 33;959;71;71;4;67;7.40;5.63;973;253;253;11;242;26.00;4.35
89075;320302;1;Świetlica Samorządu Mieszkańców Nr 2 w Drawsku Pomorskim 78-500 Drawsko Pomorskie ul. Gierymskiego nr 3;831;165;165;7;158;19.86;4.24;809;418;418;8;410;51.67;1.91
89076;320302;2;Świetlica Samorządu Mieszkańców Nr 2 w Drawsku Pomorskim 78-500 Drawsko Pomorskie ul. Gierymskiego nr 3;904;207;207;15;192;22.90;7.25;910;433;433;12;421;47.58;2.77
89077;320302;3;Przedszkole w Drawsku Pomorskim 78-500 Drawsko Pomorskie ul. Obr. Westerplatte nr 47-49;923;175;175;6;169;18.96;3.43;893;423;423;12;411;47.37;2.84
89078;320302;4;Szkoła Podstawowa w Drawsku Pomorskim 78-500 Drawsko Pomorskie ul. Obr. Westerplatte nr 13;964;205;205;12;193;21.27;5.85;911;459;459;13;446;50.38;2.83
89079;320302;5;Szkoła Podstawowa w Drawsku Pomorskim 78-500 Drawsko Pomorskie ul. Obr. Westerplatte nr 13;833;132;132;8;124;15.85;6.06;811;283;283;15;268;34.90;5.30
89080;320302;6;Przedszkole w Drawsku Pomorskim 78-500 Drawsko Pomorskie ul. Obr. Westerplatte nr 47-49;851;172;172;10;162;20.21;5.81;821;366;366;12;354;44.58;3.28
89081;320302;7;Zespół Szkół Ponadgimnazjalnych w Drawsku Pomorskim Szkoła Zawodowa 78-500 Drawsko Pomorskie ul. Seminaryjna nr 2;789;120;120;4;116;15.21;3.33;778;311;311;10;301;39.97;3.22
89082;320302;8;Zespół Szkół Ponadgimnazjalnych w Drawsku Pomorskim Szkoła Zawodowa 78-500 Drawsko Pomorskie ul. Seminaryjna nr 2;953;209;209;8;201;21.93;3.83;955;439;439;6;433;45.97;1.37
89083;320302;9;Przedszkole w Drawsku Pomorskim 78-500 Drawsko Pomorskie ul. B. Chrobrego nr 4a;855;184;184;7;177;21.52;3.80;836;351;351;9;342;41.99;2.56
89084;320302;10;Gimnazjum w Drawsku Pomorskim 78-500 Drawsko Pomorskie ul. Dworcowa nr 2A;849;153;153;8;145;18.02;5.23;846;362;362;16;346;42.79;4.42
89085;320302;11;Zespół Szkół Ponadgimnazjalnych w Drawsku Pomorskim Liceum Ogólnokształcące 78-500 Drawsko Pomorskie ul. Złocieniecka nr 25;859;105;105;1;104;12.22;0.95;841;320;320;13;307;38.05;4.06
89086;320302;12;Szkoła Podstawowa w Mielenku Drawskim 78-500 Mielenko Drawskie nr 47;1114;105;105;4;101;9.43;3.81;1102;333;333;8;325;30.22;2.40
89087;320302;13;Gimnazjum w Drawsku Pomorskim 78-500 Drawsko Pomorskie ul. Dworcowa nr 2A;711;67;67;5;62;9.42;7.46;695;171;171;7;164;24.60;4.09
89088;320302;14;Szkoła Podstawowa w Nętnie 78-500 Nętno nr 38;828;72;72;2;70;8.70;2.78;818;283;283;10;273;34.60;3.53
89089;320302;15;Świetlica Wiejska w Suliszewie 78-500 Suliszewo nr 70A;1209;111;111;10;101;9.18;9.01;1207;359;359;22;337;29.74;6.13
91752;320302;16;Szpitale Polskie S.A. - Drawskie Centrum Specjalistyczne w Drawsku Pomorskim 78-500 Drawsko Pomorskie ul. B. Chrobrego nr 4;5;5;5;0;5;100.00;0.00;28;17;17;0;17;60.71;0.00
89090;320303;1;Zakład Przemysłu Drzewnego 78-540 Kalisz Pomorski ul. Wrocławska 1;783;92;92;9;83;11.75;9.78;791;259;259;10;249;32.74;3.86
89091;320303;2;Nadleśnictwo Kalisz Pomorski 78-540 Kalisz Pomorski ul. Al. prof. Leona Mroczkiewicza 1;738;92;92;3;89;12.47;3.26;731;284;284;16;268;38.85;5.63
89092;320303;3;Miejsko Gminny Ośrodek Kultury Kalisz Pomorski 78-540 Kalisz Pomorski ul. Dworcowa 6;1245;91;91;4;87;7.31;4.40;1225;328;328;22;306;26.78;6.71
89093;320303;4;Pałac Wedlów 78-540 Kalisz Pomorski ul. Wolności 31;1171;213;213;7;206;18.19;3.29;1139;451;451;24;427;39.60;5.32
89094;320303;5;Gimnazjum im. Marii Skłodowskiej-Curie 78-540 Kalisz Pomorski ul. Toruńska 9;797;115;115;6;109;14.43;5.22;797;285;285;11;274;35.76;3.86
89095;320303;6;Szkoła Podstawowa w Pomierzynie 78-540 Pomierzyn 10;1106;85;85;1;84;7.69;1.18;1084;280;280;15;265;25.83;5.36
89096;320304;1;Zespół Szkół 78-506 Ostrowice 3;855;144;144;6;138;16.84;4.17;864;297;297;12;285;34.38;4.04
89097;320304;2;Świetlica wiejska 78-523 Nowe Worowo Al. Wolności 2;656;130;130;5;125;19.82;3.85;675;263;263;18;245;38.96;6.84
89098;320304;3;Świetlica wiejska 78-523 Bolegorzyn 1;246;54;54;4;50;21.95;7.41;237;66;66;3;63;27.85;4.55
89099;320304;4;Świetlica wiejska 78-506 Dołgie 24;266;41;41;4;37;15.41;9.76;273;80;80;3;77;29.30;3.75
89100;320305;1;Zespół Szkół 78-531 Świerczyna 85;923;88;88;2;86;9.53;2.27;903;296;296;13;283;32.78;4.39
89101;320305;2;Świetlica Wiejska 78-530 Wierzchowo Plac Orła Białego 4;728;57;57;2;55;7.83;3.51;720;219;219;5;214;30.42;2.28
89102;320305;3;Gimnazjum 78-530 Wierzchowo ul. Długa 26a;918;108;108;4;104;11.76;3.70;940;335;335;16;319;35.64;4.78
89103;320305;4;Szkoła Podstawowa 78-530 Wierzchowo ul. Długa 26a;1004;101;101;3;98;10.06;2.97;982;325;325;12;313;33.10;3.69
91753;320305;5;Zakład Karny 78-530 Wierzchowo ul. Szkolna 8;439;245;245;41;204;55.81;16.73;382;225;225;42;183;58.90;18.67
89104;320306;1;Zakład Gospodarki Mieszkaniowej Sp. z o. o. 78-520 Złocieniec ul. Piaskowa 1;804;186;186;5;181;23.13;2.69;779;391;391;13;378;50.19;3.32
89105;320306;2;Przedszkole 78-520 Złocieniec ul. Okrzei 4;855;180;180;11;169;21.05;6.11;844;352;352;8;344;41.71;2.27
89106;320306;3;Biuro Powiatu Drawskiego ARiMR 78-520 Złocieniec ul. Drawska 13;820;108;108;2;106;13.17;1.85;842;354;354;14;340;42.04;3.95
89107;320306;4;Szkoła Podstawowa Nr 2 78-520 Złocieniec ul. Chopina 10;839;144;144;6;138;17.16;4.17;822;355;355;10;345;43.19;2.82
89108;320306;5;Filia Nr 1 Biblioteki Publicznej 78-520 Złocieniec ul. Obrońców Westerplatte 3;945;215;215;5;210;22.75;2.33;908;445;445;12;433;49.01;2.70
89109;320306;6;Spółdzielnia Mieszkaniowa „Postęp” 78-520 Złocieniec ul. Obrońców Westerplatte 3;1691;382;382;14;368;22.59;3.66;1666;817;817;30;787;49.04;3.67
89110;320306;7;Szkoła Podstawowa Nr 1 78-520 Złocieniec ul. I Dywizji WP 4;844;174;174;9;165;20.62;5.17;832;373;373;6;367;44.83;1.61
89111;320306;8;Sala Widowiskowa 78-520 Złocieniec ul. Wolności 6;1530;225;225;11;214;14.71;4.89;1494;573;573;20;553;38.35;3.49
89112;320306;9;Urząd Miejski 78-520 Złocieniec ul. Stary Rynek 3;1513;238;238;13;225;15.73;5.46;1475;661;661;25;636;44.81;3.78
89113;320306;10;Szkoła Podstawowa Nr 3 78-520 Złocieniec ul. Czwartaków 2;782;112;112;2;110;14.32;1.79;807;346;346;13;333;42.87;3.76
89114;320306;11;Świetlica Wiejska 78-520 Bobrowo 14;275;50;50;3;47;18.18;6.00;268;95;95;3;92;35.45;3.16
89115;320306;12;Świetlica Wiejska 78-523 Warniłęg 13;571;52;52;2;50;9.11;3.85;561;181;181;13;168;32.26;7.18
89116;320306;13;Dom Pomocy Społecznej 78-520 Darskowo 7;210;17;17;0;17;8.10;0.00;214;71;71;5;66;33.18;7.04
89117;320306;14;Świetlica Wiejska 78-520 Kosobudy 21;327;53;53;1;52;16.21;1.89;320;118;118;7;111;36.88;5.93
89118;320306;15;Świetlica OSP 78-520 Lubieszewo 38c;365;45;45;1;44;12.33;2.22;380;145;145;9;136;38.16;6.21
91754;320306;16;Zakład Opieki Zdrowotnej Szpital Specjalistyczny MSW 78-520 Złocieniec ul. Kańsko 1;110;66;66;2;64;60.00;3.03;106;82;82;7;75;77.36;8.54
89119;320402;1;Szkoła Podstawowa Nr 3 72-100 Goleniów ul.Jodłowa 33;1280;224;224;3;221;17.50;1.34;1289;634;634;15;619;49.19;2.37
89120;320402;2;Miejska i Powiatowa Biblioteka Publiczna 72-100 Goleniów ul.Konstytucji 3 Maja 26;1219;245;245;7;238;20.10;2.86;1217;593;593;19;574;48.73;3.20
89121;320402;3;Szkoła Podstawowa Nr 2 72-100 Goleniów ul. Szarych Szeregów 14;1363;298;298;4;294;21.86;1.34;1335;703;703;13;690;52.66;1.85
89122;320402;4;Goleniowskie Towarzystwo Budownictwa Społecznego 72-100 Goleniów ul. Witosa 7;1287;254;254;7;247;19.74;2.76;1288;553;553;7;546;42.93;1.27
89123;320402;5;Przedszkole Publiczne Nr 4 72-100 Goleniów ul. Jagiełły 12;1355;236;236;7;229;17.42;2.97;1352;577;577;17;560;42.68;2.95
89124;320402;6;Zespół Szkół Ponadgimnazjalnych 72-100 Goleniów ul. Niepodległości 1;1238;291;291;8;283;23.51;2.75;1255;663;663;15;648;52.83;2.26
89125;320402;7;Przedszkole Publiczne z Oddziałami Integracyjnymi „Tęczowa Kraina” 72-100 Goleniów ul.Piaskowa 9;1359;315;315;6;309;23.18;1.90;1359;684;684;12;672;50.33;1.75
89126;320402;8;Przedszkole Publiczne Nr 2 72-100 Goleniów ul.Akacjowa 19;1258;304;304;10;294;24.17;3.29;1210;599;599;9;590;49.50;1.50
89127;320402;9;Szkoła Podstawowa Nr 4 72-100 Goleniów ul.Szczecińska 36;1305;300;300;12;288;22.99;4.00;1282;648;648;17;631;50.55;2.62
89128;320402;10;Gimnazjum Nr 2 72-100 Goleniów ul. Norwida 1;1362;328;328;9;319;24.08;2.74;1310;688;688;10;678;52.52;1.45
89129;320402;11;Urząd Gminy i Miasta 72-100 Goleniów ul.Plac Lotników 1;1370;254;254;5;249;18.54;1.97;1341;598;598;13;585;44.59;2.17
89130;320402;12;Goleniowski Dom Kultury 72-100 Goleniów ul.Słowackiego 1;1191;226;226;11;215;18.98;4.87;1170;516;516;8;508;44.10;1.55
89131;320402;13;Klub Centrum Animacji Młodzieży 72-100 Goleniów ul. Matejki 3C;1352;366;366;12;354;27.07;3.28;1305;722;722;17;705;55.33;2.35
89132;320402;14;Goleniowskie Towarzystwo Budownictwo Społecznego 72-100 Goleniów ul. Witosa 7;1262;257;257;9;248;20.36;3.50;1242;629;629;16;613;50.64;2.54
89133;320402;15;Szkoła Podstawowa 72-113 Krępsko ul. Szkolna 2;1281;162;162;4;158;12.65;2.47;1285;469;469;3;466;36.50;0.64
89134;320402;16;Zespół Szkół Publicznych 72-100 Białuń ul. Sielankowa 4;1360;164;164;6;158;12.06;3.66;1368;560;560;8;552;40.94;1.43
89135;320402;17;Zespół Szkół Publicznych 72-132 Mosty 4;1316;138;138;4;134;10.49;2.90;1285;474;474;29;445;36.89;6.12
89136;320402;18;Klub Stara Hydrofornia 72-100 Goleniów ul. Krzywoustego 16;1243;155;155;2;153;12.47;1.29;1258;536;536;13;523;42.61;2.43
89137;320402;19;Zespół Szkół Publicznych 72-123 Kliniska Wielkie ul. Piastowska 11;1649;391;391;4;387;23.71;1.02;1701;903;903;12;891;53.09;1.33
89138;320402;20;Szkoła Podstawowa 72-105 Lubczyna ul. Lipowa 14;1334;172;172;6;166;12.89;3.49;1335;531;531;16;515;39.78;3.01
89139;320402;21;Zespół Szkół Publicznych 72-123 Kliniska Wielkie ul. Piastowska 11;1254;224;224;5;219;17.86;2.23;1292;631;631;6;625;48.84;0.95
91755;320402;22;Szpitalne Centrum Medyczne Sp. z o.o w Goleniowie 72-100 Goleniów ul. Nowogardzka 2;98;9;9;0;9;9.18;0.00;100;16;16;0;16;16.00;0.00
91756;320402;23;Zakład Karny w Goleniowie 72-100 Goleniów ul. Grenadierów 66;857;224;224;16;208;26.14;7.14;922;356;356;52;304;38.61;14.61
89140;320403;1;Szkoła Podstawowa 72-130 Dębice 29;1736;144;144;4;140;8.29;2.78;1768;492;492;30;462;27.83;6.10
89141;320403;2;Ośrodek Kultury i Sportu 72-130 Maszewo Szkolna 1A;1231;195;195;11;184;15.84;5.64;1271;500;500;12;488;39.34;2.40
89142;320403;3;Gimnazjum 72-130 Maszewo Szkolna 14;1302;218;218;7;211;16.74;3.21;1348;539;539;27;512;39.99;5.01
89143;320403;4;Zespół Szkół Ponadgimnazjalnych 72-130 Maszewo Jedności Narodowej 6;1338;85;85;6;79;6.35;7.06;1353;353;353;12;341;26.09;3.40
89144;320403;5;Szkoła Podstawowa 72-130 Rożnowo Nowogardzkie 60;1056;133;133;1;132;12.59;0.75;1076;378;378;21;357;35.13;5.56
89145;320404;1;Szkoła Podstawowa Nr 1 72-200 Nowogard ul.Wojska Polskiego 67;785;197;197;6;191;25.10;3.05;780;371;371;9;362;47.56;2.43
89146;320404;2;Publiczne Przedszkole Nr 4 72-200 Nowogard ul.Tadeusza Kościuszki 3;1980;519;519;22;497;26.21;4.24;1947;1038;1038;29;1009;53.31;2.79
89147;320404;3;Szkoła Podstawowa Nr 4 72-200 Nowogard ul.Gen. Józefa Bema 41;1859;347;347;20;327;18.67;5.76;1806;761;761;38;723;42.14;4.99
89148;320404;4;Nowogardzki Dom Kultury 72-200 Nowogard ul.Plac Wolności 7;1953;483;483;15;468;24.73;3.11;1937;955;955;28;927;49.30;2.93
89149;320404;5;Prywatne Liceum Ogólnokształcące 72-200 Nowogard ul.3 Maja 22;1836;413;413;30;383;22.49;7.26;1820;810;810;35;775;44.51;4.32
89150;320404;6;Szkoła Podstawowa Nr 2 72-200 Nowogard ul.Stefana Żeromskiego 5;944;174;174;5;169;18.43;2.87;945;406;406;10;396;42.96;2.46
89151;320404;7;Szkoła Podstawowa Nr 3 72-200 Nowogard ul.Bohaterów Warszawy 78;2014;430;430;23;407;21.35;5.35;2004;981;981;31;950;48.95;3.16
89152;320404;8;Przedszkole Miejskie Nr 3 72-200 Nowogard ul.Księcia Józefa Poniatowskiego 2a;1930;373;373;19;354;19.33;5.09;1888;917;917;32;885;48.57;3.49
89153;320404;9;Szkoła Podstawowa 72-200 Długołęka 16A;869;117;117;12;105;13.46;10.26;856;259;259;18;241;30.26;6.95
89154;320404;10;Szkoła Podstawowa 72-200 Wierzbięcin 50;846;111;111;8;103;13.12;7.21;861;270;270;12;258;31.36;4.44
89155;320404;11;Szkoła Podstawowa 72-200 Wierzbięcin 50;867;31;31;0;31;3.58;0.00;863;170;170;10;160;19.70;5.88
89156;320404;12;Szkoła Podstawowa 72-200 Żabowo 17;785;114;114;6;108;14.52;5.26;785;267;267;14;253;34.01;5.24
89157;320404;13;Szkoła Podstawowa 72-200 Orzechowo 14;941;106;106;5;101;11.26;4.72;931;239;239;10;229;25.67;4.18
89158;320404;14;Szkoła Podstawowa 72-200 Strzelewo 54;744;69;69;2;67;9.27;2.90;748;165;165;16;149;22.06;9.70
89159;320404;15;Szkoła Podstawowa 72-200 Błotno 27;903;100;100;6;94;11.07;6.00;932;270;270;13;257;28.97;4.81
91757;320404;16;Dom Pomocy Społecznej 72-200 Nowogard ul. Smużyny 2;75;23;23;15;8;30.67;65.22;83;42;42;4;38;50.60;9.52
91758;320404;17;Dom Pomocy Społecznej 72-200 Nowogard ul. Marsz. Józefa Piłsudskiego 9;38;20;20;3;17;52.63;15.00;39;19;19;8;11;48.72;42.11
91759;320404;18;Zakład Karny 72-200 Nowogard ul. Zamkowa 7;722;164;164;18;146;22.71;10.98;721;306;306;39;267;42.44;12.75
91760;320404;19;Samodzielny Publiczny Szpital Rejonowy 72-200 Nowogard ul. Wojska Polskiego 7;35;3;3;1;2;8.57;33.33;31;10;10;0;10;32.26;0.00
89160;320405;1;Zespół Szkół Publicznych im. B. Malinowskiego 72-221 Osina 54;1474;230;230;15;215;15.60;6.52;1482;573;573;33;540;38.66;5.76
89161;320405;2;Świetlica wiejska 72-221 Węgorza 52;813;127;127;10;117;15.62;7.87;850;314;314;16;298;36.94;5.10
89162;320406;1;Gimnazjum Publiczne 72-110 Przybiernów ul. Mieszka I 1;2145;305;305;11;294;14.22;3.61;2119;808;808;25;783;38.13;3.09
89163;320406;2;Szkoła Podstawowa 72-121 Czarnogłowy ul. Lipowa 11;1274;140;140;9;131;10.99;6.43;1262;352;352;21;331;27.89;5.97
89164;320406;3;Wiejski Dom Spotkań i Animacji Społecznej 72-122 Budzieszewice 8;646;98;98;5;93;15.17;5.10;630;242;242;15;227;38.41;6.20
89165;320407;1;Urząd Miasta i Gminy 72-112 Stepnica ul. Tadeusza Kościuszki 4;2277;389;389;35;354;17.08;9.00;2340;866;866;51;815;37.01;5.89
89166;320407;2;Dom Kultury w Racimierzu 72-111 Racimierz ul. Niepodległości 6A;1029;113;113;2;111;10.98;1.77;1016;316;316;20;296;31.10;6.33
89167;320407;3;Świetlica wiejska w Gąsierzynie 72-112 Gąsierzyno ul. Wojska Polskiego 21;530;55;55;5;50;10.38;9.09;506;131;131;11;120;25.89;8.40
89168;320501;1;Szkoła Podstawowa 72-304 Brojce ul. Długa 19;1508;193;193;20;173;12.80;10.36;1471;473;473;23;450;32.15;4.86
89169;320501;2;Szkoła Podstawowa w Dargosławiu 72-304 Dargosław 32;880;63;63;8;55;7.16;12.70;864;182;182;26;156;21.06;14.29
89170;320501;3;Sala Wiejska 72-304 Przybiernowo Wiejska 6a;600;87;87;7;80;14.50;8.05;610;197;197;14;183;32.30;7.11
89171;320502;1;Spółdzielnia Mieszkaniowa Nad Regą 72-300 Gryfice ul. Jana Dąbskiego 48;1624;261;261;6;255;16.07;2.30;1600;723;723;22;701;45.19;3.04
89172;320502;2;Szkoła Podstawowa, Budynek B 72-300 Trzygłów 24;1246;135;135;13;122;10.83;9.63;1241;365;365;24;341;29.41;6.58
89173;320502;3;Świetlica Wiejska 72-300 Świeszewo 27;776;113;113;3;110;14.56;2.65;776;250;250;4;246;32.22;1.60
89174;320502;4;Szkoła Podstawowa 72-300 Górzyca 20;695;69;69;5;64;9.93;7.25;697;223;223;7;216;31.99;3.14
89175;320502;5;Szkoła Podstawowa 72-300 Prusinowo 10;961;137;137;4;133;14.26;2.92;980;386;386;14;372;39.39;3.63
89176;320502;6;Świetlica Wiejska 72-300 Rybokarty 19;444;42;42;2;40;9.46;4.76;443;114;114;4;110;25.73;3.51
89177;320502;7;Szkoła Podstawowa Nr 3 72-300 Gryfice Rodziewiczówny 6;2089;406;406;13;393;19.44;3.20;2055;1025;1025;25;1000;49.88;2.44
89178;320502;8;Szkoła Podstawowa Nr 3 (dawny OSIR) 72-300 Gryfice ul. Rodziewiczówny 2;1984;395;395;12;383;19.91;3.04;1996;956;956;19;937;47.90;1.99
89179;320502;9;Szkoła Podstawowa Nr 4 (mała sala) 72-300 Gryfice ul. Sienkiewicza 10A;1509;206;206;7;199;13.65;3.40;1536;611;611;20;591;39.78;3.27
89180;320502;10;Szkoła Podstawowa Nr 4 (szatnia) 72-300 Gryfice Sienkiewicza 10A;790;166;166;5;161;21.01;3.01;821;401;401;12;389;48.84;2.99
89181;320502;11;Dom Pomocy Społecznej 72-300 Gryfice ul. Kościuszki 35;1534;302;302;9;293;19.69;2.98;1541;673;673;14;659;43.67;2.08
89182;320502;12;Gryficki Dom Kultury 72-300 Gryfice ul. Niepodległości 53;1517;288;288;6;282;18.98;2.08;1478;610;610;27;583;41.27;4.43
89183;320502;13;Gimnazjum Nr 1 72-300 Gryfice ul. Marszałka Józefa Piłsudskiego 1;1963;323;323;10;313;16.45;3.10;1961;804;804;31;773;41.00;3.86
89184;320502;14;Gimnazjum Nr 2 72-300 Gryfice ul. 3 Maja 8;1848;335;335;7;328;18.13;2.09;1859;820;820;30;790;44.11;3.66
91761;320502;15;SPZZOZ - Zachodniopomorski Szpital Specjalistyczny 72-300 Gryfice Niechorska 27;265;26;26;1;25;9.81;3.85;218;61;61;3;58;27.98;4.92
91762;320502;16;Dom Pomocy Społecznej 72-300 Gryfice Kościuszki 71;45;30;30;0;30;66.67;0.00;46;34;34;0;34;73.91;0.00
89185;320503;1;Gminny Klub Kultury w Karnicach 72-343 Karnice ul.Osiedlowa 18;1516;231;231;12;219;15.24;5.19;1523;599;599;23;576;39.33;3.84
89186;320503;2;Świetlica Wiejska w Cerkwicy 72-342 Cerkwica ul.Szkolna 6;1820;261;261;13;248;14.34;4.98;1794;659;659;21;638;36.73;3.19
89187;320504;1;Dom Strażaka 72 - 310 Płoty ul. Tadeusza Kościuszki 8;1849;401;401;11;390;21.69;2.74;1834;859;859;38;821;46.84;4.42
89188;320504;2;Miejsko - Gminny Ośrodek Kultury 72 - 310 Płoty ul. Tadeusza Kościuszki 7;1515;308;308;21;287;20.33;6.82;1483;680;680;19;661;45.85;2.79
89189;320504;3;Świetlica Wiejska 72-310 Płoty ul. Wiejska 10;921;103;103;1;102;11.18;0.97;933;243;243;13;230;26.05;5.35
89190;320504;4;Świetlica Wiejska 72 - 310 Lisowo 5A;429;37;37;7;30;8.62;18.92;432;88;88;4;84;20.37;4.55
89191;320504;5;Świetlica Wiejska 72-310 Sowno 11A;340;55;55;1;54;16.18;1.82;324;121;121;7;114;37.35;5.79
89192;320504;6;Świetlica Wiejska 72-310 Mechowo 22A;641;74;74;7;67;11.54;9.46;636;185;185;13;172;29.09;7.03
89193;320504;7;Świetlica Wiejska 72-310 Wyszobór 38A;524;115;115;11;104;21.95;9.57;517;188;188;5;183;36.36;2.66
89194;320504;8;Świetlica Wiejska 72 - 310 Modlimowo 18A;266;31;31;3;28;11.65;9.68;261;101;101;4;97;38.70;3.96
89195;320504;9;Świetlica Wiejska 72-310 Wicimice 30A;306;20;20;3;17;6.54;15.00;310;65;65;4;61;20.97;6.15
89196;320504;10;Świetlica Wiejska 72-310 Pniewo 45A;460;43;43;1;42;9.35;2.33;447;111;111;5;106;24.83;4.50
91763;320504;11;Zakład Karny - Oddział Zewnętrzny w Płotach 72-310 Płoty ul. Koszalińska 2;232;47;47;5;42;20.26;10.64;233;89;89;11;78;38.20;12.36
89197;320507;1;Kompleks Rekreacyjno-Sportowy 72-346 Pobierowo ul.Moniuszki 4;1240;396;396;11;385;31.94;2.78;1172;632;632;17;615;53.92;2.69
89198;320507;2;Świetlica 72-344 Rewal ul.Słowackiego 1a;1105;394;394;10;384;35.66;2.54;1081;599;599;7;592;55.41;1.17
89199;320507;3;Muzeum Rybołówstwa Morskiego 72-350 Niechorze al.Bursztynowa 28;972;291;291;10;281;29.94;3.44;972;508;508;8;500;52.26;1.57
89200;320508;1;Szkoła Podstawowa Nr 1 72-320 Trzebiatów ul.Kamieniecka 16;951;189;189;9;180;19.87;4.76;947;436;436;24;412;46.04;5.50
89201;320508;2;Zespół Szkół Ponadgimnazjalnych 72-320 Trzebiatów Pl. Lipowy 15;1971;409;409;9;400;20.75;2.20;1928;848;848;61;787;43.98;7.19
89202;320508;3;Publiczne Gimnazjum 72-320 Trzebiatów ul. Wodna 2;2106;369;369;22;347;17.52;5.96;2074;814;814;52;762;39.25;6.39
89203;320508;4;Trzebiatowski Ośrodek Kultury 72-320 Trzebiatów ul. Wojska Polskiego 67;1582;252;252;6;246;15.93;2.38;1572;563;563;23;540;35.81;4.09
89204;320508;5;Szkoła Podstawowa Nr 2 72-320 Trzebiatów Długa 11;1652;261;261;12;249;15.80;4.60;1649;629;629;25;604;38.14;3.97
89205;320508;6;Świetlica Wiejska 72-350 Rogozina 25;678;80;80;8;72;11.80;10.00;672;240;240;12;228;35.71;5.00
89206;320508;7;Świetlica Wiejska 72-320 Mirosławice 26;584;96;96;6;90;16.44;6.25;576;209;209;27;182;36.28;12.92
89207;320508;8;Świetlica Wiejska 72-320 Gołańcz Pomorska 54;573;58;58;2;56;10.12;3.45;573;175;175;27;148;30.54;15.43
89208;320508;9;Gospodarstwo Agroturystyczne 72-320 Nowielice 1;1057;139;139;3;136;13.15;2.16;1045;265;265;26;239;25.36;9.81
89209;320508;10;Zespół Szkół Z Oddziałami Intergarcyjnymi 72-330 Mrzeżyno Aleja Tysiąclecia 32;1838;443;443;23;420;24.10;5.19;1654;717;717;32;685;43.35;4.46
91764;320508;11;Dom Pomocy Społecznej Jaromin nr 50 72-320 Trzebiatów, Jaromin Jaromin 50;199;44;44;7;37;22.11;15.91;199;63;63;15;48;31.66;23.81
89210;320601;1;Urząd Gminy 74-110 Banie ul. Skośna 6;1783;327;327;12;315;18.34;3.67;1776;700;700;42;658;39.41;6.00
89211;320601;2;Międzynarodowe Centrum Turystyki, Kultury i Sportu w Baniach 74-110 Banie ul. Skośna 7;830;56;56;5;51;6.75;8.93;833;184;184;10;174;22.09;5.43
89212;320601;3;Szkoła Podstawowa 74-111 Lubanowo 53;1313;108;108;8;100;8.23;7.41;1281;340;340;23;317;26.54;6.76
89213;320601;4;Szkoła Podstawowa 74-110 Swobnica 12;1212;108;108;9;99;8.91;8.33;1215;351;351;26;325;28.89;7.41
89214;320602;1;Szkoła Podstawowa 74-520 Cedynia ul.Żymierskiego 21;1332;168;168;11;157;12.61;6.55;1370;486;486;24;462;35.47;4.94
89215;320602;2;Szkoła Podstawowa 74-520 Cedynia ul.Żymierskiego 21;2196;127;127;5;122;5.78;3.94;2215;554;554;30;524;25.01;5.42
89216;320603;1;Internat Zespołu Szkół Ponadgimnazjalnych 74-500 Chojna ul. Żółkiewskiego 5;1458;261;261;15;246;17.90;5.75;1471;670;670;14;656;45.55;2.09
89217;320603;2;Centrum Kultury (Biblioteka) 74-500 Chojna ul. Plac Konstytucji 3 Maja 1;1567;268;268;10;258;17.10;3.73;1560;696;696;21;675;44.62;3.02
89218;320603;3;Gimnazjum 74-500 Chojna ul. Szkolna 15;1442;225;225;6;219;15.60;2.67;1435;615;615;16;599;42.86;2.60
89219;320603;4;Szkoła Podstawowa 74-500 Chojna Żwirki i Wigury 10;1361;217;217;9;208;15.94;4.15;1397;541;541;10;531;38.73;1.85
89220;320603;5;Swietlica Wiejska w Mętnie 74-500 Mętno 59;416;39;39;0;39;9.38;0.00;395;113;113;4;109;28.61;3.54
89221;320603;6;Szkoła Podstawowa 74-500 Krzymów 29;1085;76;76;1;75;7.00;1.32;1059;262;262;9;253;24.74;3.44
89222;320603;7;Szkoła Podstawowa 74-500 Grzybno 23;1125;116;116;5;111;10.31;4.31;1122;344;344;16;328;30.66;4.65
89223;320603;8;Szkoła Podstawowa 74-500 Nawodna 93;1329;128;128;12;116;9.63;9.38;1310;369;369;22;347;28.17;5.96
89224;320603;9;Szkoła Podstawowa 74-500 Godków 33;647;100;100;7;93;15.46;7.00;631;219;219;13;206;34.71;5.94
89225;320603;10;Szkoła Podstawowa 74-500 Brwice 35;646;67;67;1;66;10.37;1.49;632;177;177;14;163;28.01;7.91
89226;320604;1;Gryfiński Dom Kultury 74-100 Gryfino ul. Szczecińska 17;1107;230;230;9;221;20.78;3.91;1102;514;514;11;503;46.64;2.14
89227;320604;2;Przedszkole nr 2 74-100 Gryfino ul. Bolesława Krzywoustego 5;1671;346;346;9;337;20.71;2.60;1632;749;749;40;709;45.89;5.34
89228;320604;3;Klub Nauczyciela 74-100 Gryfino ul. Tadeusza Kościuszki 17;1662;408;408;30;378;24.55;7.35;1631;872;872;32;840;53.46;3.67
89229;320604;4;Zespół Szkół Ogólnokształcących 74-100 Gryfino ul. Niepodległości 16;1535;347;347;14;333;22.61;4.03;1519;718;718;14;704;47.27;1.95
89230;320604;5;Szkoła Podstawowa Nr 1 74-100 Gryfino ul. Łużycka 22;1457;333;333;14;319;22.86;4.20;1453;727;730;28;699;50.03;3.85
89231;320604;6;Zespół Szkół Ponadgimnazjalnych Nr 2 74-100 Gryfino ul. Łużycka 91;1192;262;262;5;257;21.98;1.91;1159;652;653;20;632;56.26;3.07
89232;320604;7;Przedszkole Nr 5 74-100 Gryfino ul. Stefana Żeromskiego 12;1286;377;377;14;363;29.32;3.71;1286;792;792;16;776;61.59;2.02
89233;320604;8;Przedszkole Nr 3 74-100 Gryfino ul. Zygmunta Krasińskiego 29;1189;315;315;10;305;26.49;3.17;1184;613;613;16;597;51.77;2.61
89234;320604;9;Zespół Szkół 74-100 Gryfino ul. Jarosława Iwaszkiewicza 70;1381;421;421;17;404;30.49;4.04;1373;775;775;15;760;56.45;1.94
89235;320604;10;Biblioteka Publiczna Filia Górny Taras 74-100 Gryfino ul. Zygmunta Krasińskiego 87a;1397;328;328;11;317;23.48;3.35;1353;738;738;23;715;54.55;3.12
89236;320604;11;Szkoła Podstawowa nr 2 74-100 Gryfino ul. 9 Maja 4;2067;478;478;12;466;23.13;2.51;2018;1022;1022;28;994;50.64;2.74
89237;320604;12;Przedszkole nr 1 74-100 Gryfino ul. Wojska Polskiego 11;1027;197;197;8;189;19.18;4.06;1039;487;487;17;470;46.87;3.49
89238;320604;13;Świetlica Wiejska 74-100 Czepino ul. Gryfińska 46;1249;190;190;4;186;15.21;2.11;1251;457;457;13;444;36.53;2.84
89239;320604;14;Szkoła Podstawowa 74-100 Radziszewo ul. Szczecińska 54;1049;123;123;5;118;11.73;4.07;1060;412;412;12;400;38.87;2.91
89240;320604;15;Zespół Szkół 74-100 Gardno ul. Niepodległości 1;1204;161;161;15;146;13.37;9.32;1193;356;356;18;338;29.84;5.06
89241;320604;16;Świelica Wiejska 74-100 Dołgie 12a;913;125;125;7;118;13.69;5.60;918;293;293;15;278;31.92;5.12
89242;320604;17;Świetlica Wiejska 74-100 Wełtyń ul. Niepodległości 18;1352;227;227;5;222;16.79;2.20;1357;576;576;19;557;42.45;3.30
89243;320604;18;Dom Pomocy Społecznej 74-100 Nowe Czarnowo 66;891;107;107;5;102;12.01;4.67;882;304;304;23;281;34.47;7.57
89244;320604;19;Lokal usługowy 74-100 Pniewo ul. Gryfińska 20 A;1388;352;352;10;342;25.36;2.84;1404;780;780;33;747;55.56;4.23
91765;320604;20;Dom Pomocy Społecznej 74-100 Dębce 11;68;25;25;6;19;36.76;24.00;64;27;27;5;22;42.19;18.52
91766;320604;21;Zakład Pielęgnacyjno-Opiekuńczy 74-100 Nowe Czarnowo 70;35;26;26;3;23;74.29;11.54;27;18;18;1;17;66.67;5.56
91767;320604;22;Szpital Powiatowy 74-100 Gryfino Parkowa 5;31;3;3;0;3;9.68;0.00;34;18;18;1;17;52.94;5.56
89245;320605;1;Szkoła Podstawowa 74-505 Mieszkowice ul.Henryka Sienkiewicza 56;1526;263;263;6;257;17.23;2.28;1465;548;548;26;522;37.41;4.74
89246;320605;2;Miejsko-Gminny Ośrodek 74-505 Mieszkowice ul.Tadeusza Kościuszki 48;1304;247;247;10;237;18.94;4.05;1289;569;569;14;555;44.14;2.46
89247;320605;3;Szkoła Podstawowa 74-505 Troszyn 3;982;93;93;9;84;9.47;9.68;958;274;274;21;253;28.60;7.66
89248;320605;4;Szkoła Podstawowa 74-505 Zielin 3;689;96;96;10;86;13.93;10.42;692;257;257;23;234;37.14;8.95
89249;320605;5;Gimnazjum 74-505 Mieszkowice ul.Techników 4;654;70;70;0;70;10.70;0.00;632;198;198;9;189;31.33;4.55
89250;320605;6;Szkoła Podstawowa w Czelinie 74-505 Czelin 70;738;96;96;7;89;13.01;7.29;727;206;206;11;195;28.34;5.34
89251;320606;1;Zespół Szkół 74-503 Moryń ul.Dworcowa 6A;1746;385;385;18;367;22.05;4.68;1729;723;723;27;696;41.82;3.73
89252;320606;2;Szkoła Podstawowa 74-503 Witnica ul. Moryńska 15;1085;122;122;7;115;11.24;5.74;1067;289;289;11;278;27.09;3.81
89253;320606;3;Wiejskie Centrum Administracji,Kultury,Sportu i Rekreacji 74-503 Klępicz 7A;613;54;54;0;54;8.81;0.00;599;131;131;9;122;21.87;6.87
91768;320606;4;Dom Pomocy Społecznej w Moryniu 74-503 Moryń Rynkowa 27;78;52;52;1;51;66.67;1.92;77;51;51;0;51;66.23;0.00
89254;320607;1;Świetlica wiejska 74-106 Żelisławiec Niepodległości 20;614;79;79;3;76;12.87;3.80;640;272;272;16;256;42.50;5.88
89255;320607;2;Świetlica wiejska 74-106 Stare Czarnowo Polna 1;989;158;158;3;155;15.98;1.90;982;421;421;34;387;42.87;8.08
89256;320607;3;Zespół Szkół 74-106 Kołbacz Cystersów 9;1480;252;252;10;242;17.03;3.97;1484;576;576;35;541;38.81;6.08
89257;320608;1;Urząd Miejski 74-510 Trzcińsko-Zdrój ul. Rynek 15;1954;350;350;10;340;17.91;2.86;1954;698;698;43;655;35.72;6.16
89258;320608;2;Trzcińskie Centrum Kultury 74-510 Trzcińsko-Zdrój ul. Młyńska 4;1278;139;139;2;137;10.88;1.44;1292;389;389;15;374;30.11;3.86
89259;320608;3;Hala Widowiskowo-Sportowa 74-510 Trzcińsko-Zdrój ul. Cmentarna 12;1186;90;90;1;89;7.59;1.11;1201;305;305;8;297;25.40;2.62
91769;320608;4;Dom Pomocy Społecznej 74-510 Trzcińsko-Zdrój ul. Aleja Róż 1;70;24;24;2;22;34.29;8.33;76;28;28;5;23;36.84;17.86
89260;320609;1;Urząd Gminy 74-120 Widuchowa ul.Grunwaldzka 8;1862;287;287;10;277;15.41;3.48;1895;729;729;39;690;38.47;5.35
89261;320609;2;Szkoła Podstawowa 74-121 Krzywin ul.Królewiecka 42;1048;114;114;0;114;10.88;0.00;1049;348;348;21;327;33.17;6.03
89262;320609;3;Świetlica Wiejska 74-121 Żelechowo 24;908;84;84;5;79;9.25;5.95;884;220;220;18;202;24.89;8.18
89263;320609;4;Świetlica Wiejska 74-120 Lubicz 56;546;51;51;6;45;9.34;11.76;541;139;139;16;123;25.69;11.51
89264;320701;1;Świetlica środowiskowa 72-420 Dziwnówek ul. Nad Zalewem 1;555;156;156;5;151;28.11;3.21;546;270;270;4;266;49.45;1.48
89265;320701;2;Świetliza środowiskowa 72-420 Dziwnów ul. Niezłomnych 1A;692;199;199;5;194;28.76;2.51;634;323;323;9;314;50.95;2.79
89266;320701;3;Szkoła Podstawowa 72-420 Dziwnów ul. Adama Mickiewicza 27;1042;280;280;14;266;26.87;5.00;987;521;521;9;512;52.79;1.73
89267;320701;4;Świetlica środowiskowa 72-420 Dziwnów ul. Dziwna 4a lokal: 1;648;168;168;3;165;25.93;1.79;629;319;319;6;313;50.72;1.88
89268;320701;5;Pensjonat NEPTUN 72-415 Międzywodzie ul. Armii Krajowej 11;654;210;210;3;207;32.11;1.43;689;386;386;7;379;56.02;1.81
89269;320702;1;Gimnazjum im. M. Skłodowskiej-Curie 72-410 Golczewo ul. Szkolna 2;2212;415;415;16;399;18.76;3.86;2174;976;976;45;931;44.89;4.61
89270;320702;2;Przedszkole Publiczne 72-410 Golczewo ul. Szkolna 9;1240;98;98;6;92;7.90;6.12;1258;320;320;14;306;25.44;4.38
89271;320702;3;Szkoła Podstawowa 72-410 Wysoka Kamieńska ul. Szkolna 5;1397;165;165;11;154;11.81;6.67;1380;476;476;21;455;34.49;4.41
89272;320703;1;Szkoła Podstawowa nr 1 72-400 Kamień Pomorski ul. Plac Katedralny 5;1561;388;388;8;380;24.86;2.06;1593;744;744;11;733;46.70;1.48
89273;320703;2;Ośrodek Rehabilitacyjno-Edukacyjno-Wychowawczy 72-400 Kamień Pomorski ul. Garncarska 4;1604;403;403;12;391;25.12;2.98;1563;767;767;23;744;49.07;3.00
89274;320703;3;Polskie Stowarzyszenie na Rzecz Osób z Upośledzeniem Umysłowym 72-400 Kamień Pomorski ul. M. Kopernika 22;1579;330;330;9;321;20.90;2.73;1550;716;716;17;699;46.19;2.37
89275;320703;4;Miejska i Powiatowa Biblioteka Publiczna 72-400 Kamień Pomorski ul.Wolińska 9;1616;358;358;17;341;22.15;4.75;1597;756;756;14;742;47.34;1.85
89276;320703;5;Liceum Ogólnokształcące 72-400 Kamień Pomorski ul. M. Konopnickiej 19;1607;397;397;3;394;24.70;0.76;1595;757;757;19;738;47.46;2.51
89277;320703;6;Szkoła Podstawowa 72-400 Wrzosowo 37;782;94;94;2;92;12.02;2.13;768;268;268;9;259;34.90;3.36
89278;320703;7;Świetlica OSP 72-400 Trzebieszewo 13;813;99;99;5;94;12.18;5.05;833;249;249;5;244;29.89;2.01
89279;320703;8;Szkoła Podstawowa 72-400 Jarszewo 32;863;112;112;5;107;12.98;4.46;890;280;280;17;263;31.46;6.07
89280;320703;9;Zespół Szkół Ponadgimnazjalnych 72-400 Benice 12;680;88;88;0;88;12.94;0.00;676;211;211;9;202;31.21;4.27
89281;320703;10;Szkoła Podstawowa 72-400 Górki 8;710;55;55;4;51;7.75;7.27;712;192;192;8;184;26.97;4.17
91770;320703;11;Dom Pomocy Społecznej 72-400 Śniatowo 17;60;21;21;0;21;35.00;0.00;68;27;27;1;26;39.71;3.70
91771;320703;12;Oddział Zewnętrzy Aresztu Śledczego 72-400 Buniewice 12;125;63;63;1;62;50.40;1.59;16;5;5;0;5;31.25;0.00
91772;320703;13;Areszt Śledczy 72-400 Kamień Pomorski ul. Tadeusza Kościuszki 13;41;41;41;6;35;100.00;14.63;46;39;39;3;36;84.78;7.69
91773;320703;14;Szpital im. Św. Jerzego 72-400 Kamień Pomorski ul. Szpitalna 10;29;1;1;0;1;3.45;0.00;115;72;72;9;63;62.61;12.50
89282;320704;1;Gimnazjum Nr 1 72-500 Międzyzdroje ul. Kolejowa 33;1162;285;285;11;274;24.53;3.86;1143;546;546;19;527;47.77;3.48
89283;320704;2;Miejska Biblioteka Publiczna 72-500 Międzyzdroje Cypriana Kamila Norwida 15;1043;224;224;4;220;21.48;1.79;1015;464;464;18;446;45.71;3.88
89284;320704;3;Międzynarodowy Dom Kultury 72-500 Międzyzdroje Bohaterów Warszawy 20;1265;331;331;9;322;26.17;2.72;1202;485;485;17;468;40.35;3.51
89285;320704;4;Przedszkole Miejskie 72-500 Międzyzdroje Myśliwska 13;1280;306;306;3;303;23.91;0.98;1267;592;592;13;579;46.72;2.20
89286;320704;5;Szkoła Podstawowa Nr 2 72-500 Wapnica Jodłowa 3;868;190;190;5;185;21.89;2.63;870;406;406;7;399;46.67;1.72
89287;320705;1;Świetlica wiejska 72-405 Świerzno 30;892;135;135;8;127;15.13;5.93;906;315;315;10;305;34.77;3.17
89288;320705;2;Szkoła Podstawowa 72-405 Gostyń 5;956;119;119;5;114;12.45;4.20;963;330;330;21;309;34.27;6.36
89289;320705;3;Świetlica wiejska 72-405 Chomino 41;553;45;45;4;41;8.14;8.89;546;129;129;6;123;23.63;4.65
89290;320705;4;Świetlica wiejska 72-405 Stuchowo 2;972;129;129;9;120;13.27;6.98;975;311;311;14;297;31.90;4.50
89291;320706;1;Publiczne Gimnazjum 72-510 Wolin Spokojna 1;756;161;161;4;157;21.30;2.48;740;366;366;17;349;49.46;4.64
89292;320706;2;Publiczna Szkoła Podstawowa 72-510 Wolin Spokojna 1;1213;237;237;11;226;19.54;4.64;1187;525;525;23;502;44.23;4.38
89293;320706;3;Zespół Szkół Ponadgimnazjalnych 72-510 Wolin Słowiańska 2;1284;257;257;13;244;20.02;5.06;1257;589;589;23;566;46.86;3.90
89294;320706;4;Muzeum Regionalne im.Andrzeja Kaube 72-510 Wolin Zamkowa 24;750;186;186;7;179;24.80;3.76;738;330;330;11;319;44.72;3.33
89295;320706;5;Świetlica Wiejska 72-510 Dargobądz 19;535;86;86;6;80;16.07;6.98;551;214;214;6;208;38.84;2.80
89296;320706;6;Społeczna Szkoła Podstawowa 72-518 Ładzin 56;611;91;91;7;84;14.89;7.69;609;223;223;4;219;36.62;1.79
89297;320706;7;Wiejski Ośrodek Kultury 72-513 Wisełka Nadmorska 1;688;185;185;14;171;26.89;7.57;668;273;273;8;265;40.87;2.93
89298;320706;8;Publiczna Szkoła Podstawowa 72-514 Kołczewo Zwycięstwa 3;713;139;139;8;131;19.50;5.76;712;297;297;17;280;41.71;5.72
89299;320706;9;Publiczne Gimnazjum 72-514 Sierosław 36;559;65;65;4;61;11.63;6.15;566;180;180;8;172;31.80;4.44
89300;320706;10;Wiejski Ośrodek Kultury 72-511 Troszyn 7;714;96;96;9;87;13.45;9.38;709;227;227;11;216;32.02;4.85
89301;320706;11;Świetlica Wiejska 72-510 Ostromice 38D;397;74;74;5;69;18.64;6.76;394;133;133;1;132;33.76;0.75
89302;320706;12;Publiczna Szkoła Podstawowa 72-510 Koniewo 9;655;55;55;2;53;8.40;3.64;661;181;181;6;175;27.38;3.31
89303;320706;13;Świetlica Wiejska 72-510 Recław 21;568;82;82;2;80;14.44;2.44;565;194;194;13;181;34.34;6.70
89304;320706;14;Świetlica Wiejska 72-510 Unin 22;507;57;57;2;55;11.24;3.51;504;141;141;6;135;27.98;4.26
89305;320801;1;Gimnazjum nr 1 z Oddziałami Integracyjnymi 78-100 Kołobrzeg ul. Portowa 37;1644;559;559;8;551;34.00;1.43;2000;1218;1218;27;1191;60.90;2.22
89306;320801;2;Zespół Szkół Nr 2 78-100 Kołobrzeg ul. Piastowska 5;1635;446;446;10;436;27.28;2.24;1609;784;784;16;768;48.73;2.04
89307;320801;3;Szkoła Podstawowa nr 4 78-100 Kołobrzeg ul. Kupiecka 1;1782;557;557;7;550;31.26;1.26;1759;1048;1048;41;1007;59.58;3.91
89308;320801;4;Gimnazjum nr 3 78-100 Kołobrzeg ul. Okopowa 1A;2135;548;548;23;525;25.67;4.20;2073;1033;1033;38;995;49.83;3.68
89309;320801;5;Sala Sportowa MOSiR 78-100 Kołobrzeg ul. Wąska 1;2219;685;685;18;667;30.87;2.63;2205;1213;1213;35;1178;55.01;2.89
89310;320801;6;Zespół Szkół Ekonomiczno-Hotelarskich 78-100 Kołobrzeg ul. Łopuskiego 13;1558;427;427;8;419;27.41;1.87;1544;890;890;29;861;57.64;3.26
89311;320801;7;Urząd Miasta 78-100 Kołobrzeg ul. Ratuszowa 13;1253;410;410;11;399;32.72;2.68;1266;733;733;10;723;57.90;1.36
89312;320801;8;Szkoła Podstawowa nr 8 78-100 Kołobrzeg ul. Bogusława X 22;1830;456;456;18;438;24.92;3.95;1764;849;849;28;821;48.13;3.30
89313;320801;9;Przedszkole Miejskie nr 7 78-100 Kołobrzeg ul. Bogusława X 17;1683;379;379;16;363;22.52;4.22;1632;800;800;21;779;49.02;2.62
89314;320801;10;Regionalne Centrum Kultury 78-100 Kołobrzeg ul. Czarnieckiego 5F;2131;494;494;16;478;23.18;3.24;2121;1077;1077;29;1048;50.78;2.69
89315;320801;11;Regionalne Centrum Kultury 78-100 Kołobrzeg ul. Czarnieckiego 5F;1818;480;480;15;465;26.40;3.12;1759;973;973;19;954;55.32;1.95
89316;320801;12;Zespół Szkół Ogólnokształcących im.M. Kopernika 78-100 Kołobrzeg ul. Łopuskiego 42-44;1837;486;486;23;463;26.46;4.73;1826;973;975;24;949;53.29;2.47
89317;320801;13;Zespół Szkół im. H. Sienkiewicza 78-100 Kołobrzeg ul. 1-go Maja 47;1930;383;383;13;370;19.84;3.39;1950;962;962;23;939;49.33;2.39
89318;320801;14;Zespół Szkół Społecznych nr 1 im. Z. Herberta 78-100 Kołobrzeg ul. Jedności Narodowej 58A;1638;284;284;18;266;17.34;6.34;1803;788;788;30;758;43.70;3.81
89319;320801;15;Szkoła Podstawowa nr 6 78-100 Kołobrzeg ul. Poznańska 9;1975;549;549;8;541;27.80;1.46;1963;1095;1096;12;1083;55.78;1.10
89320;320801;16;Zespół Szkół 78-100 Kołobrzeg ul. Lwowska 7;1369;336;336;27;309;24.54;8.04;1419;666;666;20;646;46.93;3.00
89321;320801;17;Regionalne Centrum Kultury 78-100 Kołobrzeg ul. Czarnieckiego 5F;1167;300;300;7;293;25.71;2.33;1161;633;633;15;618;54.52;2.37
89322;320801;18;Internat Zespołu Szkół Policealnych 78-100 Kołobrzeg ul. Grottgera 12;1118;499;499;10;489;44.63;2.00;1695;1269;1269;19;1250;74.87;1.50
89323;320801;19;Przedszkole Miejskie nr 8 78-100 Kołobrzeg ul. Bociania 4A;2054;514;514;22;492;25.02;4.28;1992;1036;1036;31;1005;52.01;2.99
89324;320801;20;Przedszkole Miejskie nr 3 78-100 Kołobrzeg ul. Unii Lubelskiej 23;1315;367;367;13;354;27.91;3.54;1263;637;637;7;630;50.44;1.10
89325;320801;21;Szkoła Podstawowa nr 5 z Oddziałami Integracyjnymi 78-100 Kołobrzeg ul. Arciszewskiego 20;1298;328;328;4;324;25.27;1.22;1294;696;696;9;687;53.79;1.29
89326;320801;22;Szkoła Podstawowa nr 6 78-100 Kołobrzeg ul. Poznańska 9;2244;560;560;9;551;24.96;1.61;2310;1159;1181;22;1137;50.17;1.90
91774;320801;23;Rejonowy Szpital w Kołobrzegu 78-100 Kołobrzeg ul. Łopuskiego 31-33;204;40;40;1;39;19.61;2.50;175;79;79;2;77;45.14;2.53
91775;320801;24;Dom Pomocy Społecznej Włościbórz, filia w Kołobrzegu 78-100 Kołobrzeg ul. Ogrodowa 3;15;15;15;0;15;100.00;0.00;14;14;14;0;14;100.00;0.00
89327;320802;1;Zespół Szkół im. A. Mickiewicza 78-113 Dygowo ul. Kolejowa 10;1901;379;379;16;363;19.94;4.22;1904;844;844;39;805;44.33;4.62
89328;320802;2;Zespół Szkół im. I. Łukasiewicza 78-114 Wrzosowo 55;1144;120;120;3;117;10.49;2.50;1122;410;410;30;380;36.54;7.32
89329;320802;3;Świetlica Wiejska 78-114 Piotrowice 23;430;61;61;4;57;14.19;6.56;436;97;97;3;94;22.25;3.09
89330;320802;4;Szkoła Podstawowa im. Orła Białego 78-113 Czernin 29;819;116;116;6;110;14.16;5.17;837;297;297;30;267;35.48;10.10
91776;320802;5;Dom Pomocy Społecznej we Włościborzu 78-114 Włościbórz 1;67;19;19;5;14;28.36;26.32;67;17;17;3;14;25.37;17.65
91777;320802;6;Dom Pomocy Społecznej w Piotrowicach 78-114 Piotrowice 1;21;17;17;1;16;80.95;5.88;24;20;20;3;17;83.33;15.00
89331;320803;1;Urząd Miejski 78-120 Gościno ul. IV Dywizji Wojska Polskiego 58;634;92;92;7;85;14.51;7.61;641;219;219;7;212;34.17;3.20
89332;320803;2;Szkoła Podstawowa 78-120 Gościno ul. Kościuszki 5;1090;179;179;6;173;16.42;3.35;1099;428;428;22;406;38.94;5.14
89333;320803;3;Dom Kultury 78-120 Gościno ul. Matejki 2;1042;202;202;9;193;19.39;4.46;1001;410;410;18;392;40.96;4.39
89334;320803;4;Świetlica Wiejska 78-120 Robuń 30;795;87;87;4;83;10.94;4.60;794;240;240;11;229;30.23;4.58
89335;320803;5;Świetlica Wiejska 78-120 Wartkowo 27;484;75;75;0;75;15.50;0.00;471;158;158;5;153;33.55;3.16
91778;320803;6;Dom Pomocy Społecznej 78-120 Gościno ul. Karlińska 1;57;18;18;3;15;31.58;16.67;54;26;26;5;21;48.15;19.23
89336;320804;1;Świetlica Wiejska w Budzistowie 78-100 Budzistowo ul. Kołobrzeska 1;1108;216;216;6;210;19.49;2.78;1075;464;464;19;445;43.16;4.09
89337;320804;2;Świetlica Wiejska w Obrotach 78-100 Obroty 19;580;142;142;6;136;24.48;4.23;580;284;284;7;277;48.97;2.46
89338;320804;3;Biblioteka Gminna 78-100 Zieleniewo ul. Szczecińska 12;1771;370;370;11;359;20.89;2.97;1830;919;919;32;887;50.22;3.48
89339;320804;4;Świetlica Wiejska w Starym Borku 78-132 Stary Borek 15;628;135;135;7;128;21.50;5.19;651;281;281;12;269;43.16;4.27
89340;320804;5;Szkoła Podstawowa im. Jana Pawła II 78-131 Dźwirzyno ul. Hanki Sawickiej 27;684;248;248;6;242;36.26;2.42;675;337;337;13;324;49.93;3.86
89341;320804;6;Gimnazjum im. Bolesława Chrobrego w Drzonowie 78-133 Drzonowo 12;1242;184;184;16;168;14.81;8.70;1249;479;479;15;464;38.35;3.13
89342;320804;7;Remiza Strażacka OSP w Karcinie 78-133 Karcino 58;403;73;73;4;69;18.11;5.48;418;160;160;8;152;38.28;5.00
89343;320804;8;Świetlica Wiejska 78-132 Grzybowo ul. Szkolna 1;1338;384;384;5;379;28.70;1.30;1373;731;731;8;723;53.24;1.09
89344;320804;9;Świetlica Wiejska w Błotnicy 78-122 Błotnica 3A;510;53;53;2;51;10.39;3.77;534;219;219;13;206;41.01;5.94
89345;320805;1;Urząd Gminy 78-125 Rymań ul. Szkolna 7;993;144;144;1;143;14.50;0.69;981;414;414;16;398;42.20;3.86
89346;320805;2;Sala Wiejska Rymań 78-125 Rymań ul. Koszalińska 18;777;51;51;2;49;6.56;3.92;768;253;253;10;243;32.94;3.95
89347;320805;3;Sala Wiejska 78-124 Kinowo 18;603;71;71;2;69;11.77;2.82;595;200;200;13;187;33.61;6.50
89348;320805;4;Społeczna Szkoła Podstawowa 78-124 Gorawino 44;950;93;93;9;84;9.79;9.68;946;304;304;27;277;32.14;8.88
89349;320806;1;Publiczna Szkoła Podstawowa im. Armii Krajowej w Charzynie 78-122 Charzyno ul. Wojska Polskiego 11;1188;190;190;13;177;15.99;6.84;1179;469;469;28;441;39.78;5.97
89350;320806;2;Zespół Szkół im. Noblistów Polskich w Siemyślu 78-123 Siemyśl ul. Szkolna 10;1733;243;243;10;233;14.02;4.12;1764;675;675;46;629;38.27;6.81
89351;320807;1;Gminny Ośrodek Kultury 78-111 Ustronie Morskie ul. Nadbrzeżna 20;2617;711;711;33;678;27.17;4.64;2490;1260;1260;51;1209;50.60;4.05
89352;320807;2;Świetlica wiejska 78-111 Rusowo 27;543;64;64;4;60;11.79;6.25;549;175;175;7;168;31.88;4.00
89353;320901;1;Zespół Szkół im. Ludzi Morza, sala nr 19 76-031 Mścice ul. Szkolna 1A;1668;305;305;10;295;18.29;3.28;1685;746;746;20;726;44.27;2.68
89354;320901;2;Zespół Szkół im. Ludzi Morza, sala nr 4 76-031 Mścice ul. Szkolna 1A;872;124;124;3;121;14.22;2.42;866;330;330;13;317;38.11;3.94
89355;320901;3;Gminny Ośrodek Kultury 76-037 Będzino 21;1004;167;167;3;164;16.63;1.80;1005;438;438;31;407;43.58;7.08
89356;320901;4;Świetlica 76-038 Borkowice 3;924;131;131;8;123;14.18;6.11;902;343;343;10;333;38.03;2.92
89357;320901;5;Dom Kultury 76-038 Dobrzyca 60;1468;213;213;28;185;14.51;13.15;1464;504;504;33;471;34.43;6.55
89358;320901;6;Zespół Szkół im. Kardynała Ignacego Jeża 76-035 Tymień 49;883;135;135;7;128;15.29;5.19;882;283;283;15;268;32.09;5.30
89359;320902;1;Centrum Zdrowia i Opieki Społecznej 76-039 Biesiekierz 13;1945;253;253;11;242;13.01;4.35;1954;853;853;41;812;43.65;4.81
89360;320902;2;Szkoła Podstawowa 76-039 Stare Bielice 61;2327;584;585;14;570;25.10;2.40;2496;1397;1397;33;1364;55.97;2.36
89361;320902;3;Szkoła Podstawowa 76-039 Świemino 19;582;60;60;3;57;10.31;5.00;533;180;180;14;166;33.77;7.78
89362;320903;1;Gimnazjum im. Agaty Mróz-Olszewskiej 76-020 Bobolice ul. Głowackiego 7d;2068;343;343;15;328;16.59;4.37;2055;925;925;36;889;45.01;3.89
89363;320903;2;Szkoła Podstawowa im. Henryka Sienkiewicza 76-020 Bobolice ul. Szkolna 1;1358;261;261;17;244;19.22;6.51;1324;579;579;31;548;43.73;5.35
89364;320903;3;Urząd Miejski 76-020 Bobolice ul. Ratuszowa 1;1236;119;119;5;114;9.63;4.20;1214;338;338;9;329;27.84;2.66
89365;320903;4;Świetlica wiejska 76-020 Chmielno 36;415;36;36;1;35;8.67;2.78;406;104;104;7;97;25.62;6.73
89366;320903;5;Szkoła Podstawowa 76-020 Kurowo 48;505;52;52;1;51;10.30;1.92;495;147;147;8;139;29.70;5.44
89367;320903;6;Szkoła Podstawowa 76-020 Drzewiany 76;539;62;62;4;58;11.50;6.45;526;204;204;12;192;38.78;5.88
89368;320903;7;Zespół Szkół 76-020 Dargiń 47;671;32;32;1;31;4.77;3.12;651;146;146;6;140;22.43;4.11
89369;320903;8;Szkoła Podstawowa im. Jana Brzechwy 76-020 Kłanino 7;429;44;44;5;39;10.26;11.36;431;136;136;12;124;31.55;8.82
89370;320903;9;Świetlica wiejska 76-020 Gozd 39;332;38;38;1;37;11.45;2.63;324;77;77;7;70;23.77;9.09
91779;320903;10;Zakład Karny w Starem Bornem 76-020 Stare Borne 14;170;75;75;11;64;44.12;14.67;162;71;71;11;60;43.83;15.49
89371;320904;1;Sala posiedzeń Urzędu Gminy 76-015 Manowo 40;778;184;184;11;173;23.65;5.98;774;360;360;13;347;46.51;3.61
89372;320904;2;Szkoła Podstawowa 76-042 Rosnowo 34;1538;280;280;15;265;18.21;5.36;1515;728;728;24;704;48.05;3.30
89373;320904;3;Przedszkole Gminne 76-009 Bonin 9;939;200;200;10;190;21.30;5.00;927;410;410;30;380;44.23;7.32
89374;320904;4;Gminny Ośrodek Kultury 76-015 Wyszewo 18;441;64;64;8;56;14.51;12.50;439;148;148;4;144;33.71;2.70
89375;320904;5;Klub Wiejski 75-900 Kretomino ul. Kretomińska 8;754;218;218;6;212;28.91;2.75;767;447;447;10;437;58.28;2.24
89376;320904;6;Klub Wiejski 76-015 Grzybnica 17a;216;42;42;4;38;19.44;9.52;229;91;91;7;84;39.74;7.69
89377;320904;7;Klub Wiejski 76-015 Wyszebórz 28a;299;53;53;4;49;17.73;7.55;303;88;88;9;79;29.04;10.23
89378;320904;8;Klub Wiejski 76-015 Cewlino 9;265;81;81;2;79;30.57;2.47;291;154;154;4;150;52.92;2.60
89379;320905;1;Zespół Szkół,Gimnazjum 76-032 Mielno ul. Lechitów 19A;1114;293;293;4;289;26.30;1.37;1084;522;522;22;500;48.15;4.21
89380;320905;2;Zespół Szkół,Szkoła Podstawowa 76-032 Mielno ul. Lechitów 19;1058;309;309;9;300;29.21;2.91;1050;586;586;9;577;55.81;1.54
89381;320905;3;Świetlica Środowiskowa „Promyk” 76-034 Gąski 6a;384;78;78;1;77;20.31;1.28;378;155;155;4;151;41.01;2.58
89382;320905;4;Szkoła Podstawowa 76-034 Sarbinowo ul. Nadmorska 27a;887;317;317;4;313;35.74;1.26;835;475;475;18;457;56.89;3.79
89383;320905;5;Ośrodek Rehabilitacyjno-Wczasowy „Sofra” 76-032 Unieście ul. Chełmońskiego 2;965;291;291;4;287;30.16;1.37;890;482;482;10;472;54.16;2.07
91781;320905;6;Dom Pomocy Społecznej 76-032 Mielno ul. Spokojna 1;56;33;33;5;28;58.93;15.15;49;30;30;6;24;61.22;20.00
89384;320906;1;Urząd Miejski w Polanowie,Blok I 76-010 Polanów ul. Wolności 4;1470;306;306;11;295;20.82;3.59;1473;680;680;25;655;46.16;3.68
89385;320906;2;Urząd Miejski w Polanowie, Blok II 76-010 Polanów ul. Wolności 4;923;184;184;11;173;19.93;5.98;921;412;412;13;399;44.73;3.16
89386;320906;3;Środowiskowy Dom Samopomocy 76-010 Krąg 5;401;39;39;2;37;9.73;5.13;391;113;113;19;94;28.90;16.81
89387;320906;4;Polanowski Ośrodek Kultury i Sportu 76-010 Polanów ul. Polna 4;1347;83;83;9;74;6.16;10.84;1326;286;286;14;272;21.57;4.90
89388;320906;5;Szkoła Podstawowa 76-012 Żydowo 91;903;121;121;5;116;13.40;4.13;899;307;307;18;289;34.15;5.86
89389;320906;6;Szkoła Podstawowa 76-010 Bukowo 19;625;66;66;7;59;10.56;10.61;625;193;193;6;187;30.88;3.11
89390;320906;7;Świetlica Wiejska Nacław 27A, 76-010 Polanów 76-010 Nacław 27;1294;132;132;3;129;10.20;2.27;1283;341;341;26;315;26.58;7.62
91782;320906;8;Dom Pomocy Społecznej w Cetuniu 76-010 Cetuń 6;31;21;21;2;19;67.74;9.52;53;26;26;1;25;49.06;3.85
91783;320906;9;Dom Pomocy Społecznej w Żydowie 76-012 Żydowo 112;64;20;20;7;13;31.25;35.00;90;21;21;10;11;23.33;47.62
89391;320907;1;Gimnazjum Gminne 76-004 Sianów ul. Bolesława Chrobrego 4;1678;263;263;17;246;15.67;6.46;1675;679;679;38;641;40.54;5.60
89392;320907;2;Środowiskowy Dom Samopomocy 76-004 Sianów ul. Słowackiego 3 a;1530;281;281;17;264;18.37;6.05;1460;723;723;36;687;49.52;4.98
89393;320907;3;Szkoła Podstawowa Nr 2 76-004 Sianów ul. Dworcowa 26 a;2048;405;405;18;387;19.78;4.44;2041;922;922;28;894;45.17;3.04
89394;320907;4;Szkoła Podstawowa 76-004 Szczeglino 15;866;101;101;4;97;11.66;3.96;907;354;354;17;337;39.03;4.80
89395;320907;5;Świetlica Wiejska 76-003 Iwięcino 13;659;79;79;6;73;11.99;7.59;663;201;201;10;191;30.32;4.98
89396;320907;6;Szkoła Podstawowa 76-003 Sucha Koszalińska ul. Morska 6;909;146;146;10;136;16.06;6.85;918;372;372;23;349;40.52;6.18
89397;320907;7;Zespół Szkół 76-004 Dąbrowa 55;745;112;112;6;106;15.03;5.36;743;269;269;19;250;36.20;7.06
89398;320907;8;Świetlica Wiejska 76-004 Ratajki 8;441;27;27;1;26;6.12;3.70;426;93;93;7;86;21.83;7.53
89399;320907;9;Świetlica Wiejska 76-003 Skibno 24 a;633;75;75;5;70;11.85;6.67;633;224;224;21;203;35.39;9.38
89400;320907;10;Świetlica Wiejska 76-003 Wierciszewo 54 a;568;69;69;3;66;12.15;4.35;584;207;207;9;198;35.45;4.35
89401;320907;11;Szkoła Podstawowa nr 1 (budynek B) 76-004 Sianów ul. Armii Polskiej 33;724;111;111;1;110;15.33;0.90;762;363;363;13;350;47.64;3.58
89402;320908;1;Multimedialne Centrum Kultury e-Eureka Biblioteka Publiczna 76-024 Świeszyno 36;1430;327;327;13;314;22.87;3.98;1478;727;727;28;699;49.19;3.85
89403;320908;2;Świetlica wiejska 76-024 Konikowo 47B;934;223;223;8;215;23.88;3.59;977;557;557;23;534;57.01;4.13
89404;320908;3;Szkoła Podstawowa 76-024 Zegrze Pomorskie 32A;581;85;85;4;81;14.63;4.71;584;170;170;5;165;29.11;2.94
89405;320908;4;Świetlica wiejska 76-024 Niedalino 29A;646;105;105;3;102;16.25;2.86;666;264;264;16;248;39.64;6.06
89406;320908;5;Świetlica wiejska 76-024 Strzekęcino 27-27A;436;99;99;4;95;22.71;4.04;427;198;198;9;189;46.37;4.55
89407;320908;6;Świetlica wiejska 76-024 Dunowo 16;567;54;54;2;52;9.52;3.70;561;183;183;12;171;32.62;6.56
89408;320908;7;Świetlica wiejska 76-024 Niekłonice 26A;624;183;183;7;176;29.33;3.83;702;426;426;17;409;60.68;3.99
89409;321001;1;Barlinecki Ośrodek Kultury 74-320 Barlinek Podwale 9;1246;198;198;7;191;15.89;3.54;1211;460;460;16;444;37.99;3.48
89410;321001;2;Przedszkole Miejskie Nr 2 74-320 Barlinek Podwale 11;1061;204;204;11;193;19.23;5.39;1040;450;450;20;430;43.27;4.44
89411;321001;3;Szkoła Podstawowa Nr 1 74-320 Barlinek Jeziorna 12;1105;227;227;7;220;20.54;3.08;1073;503;503;10;493;46.88;1.99
89412;321001;4;Spółdzielnia Mieszkaniowa „Piast” 74-320 Barlinek Wodna 2;1169;267;267;12;255;22.84;4.49;1150;485;485;17;468;42.17;3.51
89413;321001;5;Europejskie Centrum Spotkań 74-320 Barlinek Leśna 1;883;197;197;8;189;22.31;4.06;842;378;378;11;367;44.89;2.91
89414;321001;6;Publiczne Gimnazjum Nr 1 74-320 Barlinek Leśna 10;850;167;167;5;162;19.65;2.99;817;333;333;7;326;40.76;2.10
89415;321001;7;Nadleśnictwo Barlinek 74-320 Barlinek Tunelowa 56a;1188;201;201;5;196;16.92;2.49;1156;503;503;13;490;43.51;2.58
89416;321001;8;Szkoła Podstawowa Nr 4 74-320 Barlinek Kombatantów 3;746;122;122;0;122;16.35;0.00;819;391;391;17;374;47.74;4.35
89417;321001;9;Szkoła Podstawowa Nr 4 74-320 Barlinek Kombatantów 3;1088;189;189;9;180;17.37;4.76;1073;479;479;23;456;44.64;4.80
89418;321001;10;Zespół Szkół Ponadgimnazjalnych Nr 1 74-320 Barlinek Szosowa 2;986;179;179;8;171;18.15;4.47;974;438;438;15;423;44.97;3.42
89419;321001;11;Zespół Szkół Ponadgimnazjalnych 74-320 Barlinek Szosowa 2;940;154;154;7;147;16.38;4.55;907;425;425;10;415;46.86;2.35
89420;321001;12;Środowiskowy Dom Samopomocy Osina 74-320 Osina 19a;643;61;61;2;59;9.49;3.28;637;173;173;9;164;27.16;5.20
89421;321001;13;Świetlica wiejska Płonno 74-320 Płonno 38;534;67;67;4;63;12.55;5.97;538;184;184;16;168;34.20;8.70
89422;321001;14;Szkoła Podstawowa Mostkowo 74-322 Mostkowo 36;970;133;133;4;129;13.71;3.01;970;345;345;21;324;35.57;6.09
89423;321001;15;Świetlica wiejska Rychnów 74-320 Rychnów 45;881;91;91;2;89;10.33;2.20;871;213;213;8;205;24.45;3.76
89424;321001;16;Świetlica wiejska ul. Gorzowska 74-320 Moczkowo 15;1262;208;208;9;199;16.48;4.33;1270;509;510;14;495;40.08;2.75
91784;321001;17;Szpital Sp. z o.o. 74-320 Barlinek Szpitalna 10;76;2;2;0;2;2.63;0.00;60;6;6;0;6;10.00;0.00
89425;321002;1;Urząd Gminy 74-407 Boleszkowice ul. Świerczewskiego 24;1431;157;157;6;151;10.97;3.82;1415;490;490;24;466;34.63;4.90
89426;321002;2;Budynek po byłej szkole podstawowej 74-406 Namyślin 21;505;60;60;4;56;11.88;6.67;513;188;188;13;175;36.65;6.91
89427;321002;3;Świetlica wiejska w Gudziszu 74-407 Gudzisz 23B;401;70;70;1;69;17.46;1.43;408;149;149;12;137;36.52;8.05
89428;321003;1;Szkoła Podstawowa Nr 1 74-400 Dębno ul.Marsz. J. Piłsudskiego 10;2338;365;365;18;347;15.61;4.93;2232;817;817;27;790;36.60;3.30
89429;321003;2;Gimnazjum Publiczne 74-400 Dębno ul.Jana Pawła II 1;1622;287;287;12;275;17.69;4.18;1583;634;634;33;601;40.05;5.21
89430;321003;3;Dębnowski Ośrodek Kultury 74-400 Dębno ul. Daszyńskiego 20;2366;566;566;15;551;23.92;2.65;2374;1154;1154;25;1129;48.61;2.17
89431;321003;4;Zespół Szkół Ponadgimnazjalnych 74-400 Dębno ul.Zachodnia 4;1698;378;378;15;363;22.26;3.97;1653;809;809;22;787;48.94;2.72
89432;321003;5;Szkoła Podstawowa Nr 3 74-400 Dębno ul.Słowackiego 21;1570;251;251;6;245;15.99;2.39;1575;633;633;19;614;40.19;3.00
89433;321003;6;Filia Szkoły Podstawowej Nr 3 74-400 Dębno ul.Jana Pawła II 63;1490;314;314;11;303;21.07;3.50;1427;649;649;27;622;45.48;4.16
89434;321003;7;Świetlica Wiejska 74-311 Różańsko 22;885;103;103;8;95;11.64;7.77;870;305;305;31;274;35.06;10.16
89435;321003;8;Szkoła Podstawowa 74-404 Cychry ul. Jana Pawła II 85;950;133;133;10;123;14.00;7.52;947;344;344;20;324;36.33;5.81
89436;321003;9;Szkoła Podstawowa 74-404 Sarbinowo 80;874;79;79;3;76;9.04;3.80;874;277;277;17;260;31.69;6.14
89437;321003;10;Szkoła Podstawowa 74-400 Smolnica 20;1064;120;120;6;114;11.28;5.00;1051;315;315;12;303;29.97;3.81
89438;321003;11;Zespół Placówek Oświatowych 74-311 Barnówko 38;723;53;53;0;53;7.33;0.00;703;205;205;14;191;29.16;6.83
89439;321003;12;Świetlica Wiejska 74-400 Oborzany 42;406;53;53;2;51;13.05;3.77;415;145;145;4;141;34.94;2.76
89440;321003;13;Szkoła Podstawowa 74-404 Dargomyśl 102;457;124;124;6;118;27.13;4.84;457;218;218;9;209;47.70;4.13
91785;321003;14;Szpital w Dębnie Sp. z o.o 74-400 Dębno Kościuszki 58;18;9;9;1;8;50.00;11.11;111;17;17;1;16;15.32;5.88
89441;321004;1;Środowiskowy Dom Samopomocy 74-300 Myślibórz ul. Kamienna 20;1554;228;228;3;225;14.67;1.32;1557;574;574;16;558;36.87;2.79
89442;321004;2;Gimnazjum im. Henryka Sienkiewicza 74-300 Myślibórz ul. Pionierów 13;1460;233;233;7;226;15.96;3.00;1453;487;487;21;466;33.52;4.31
89443;321004;3;Państwowa Szkoła Muzyczna I Stopnia 74-300 Myślibórz ul. Felczaka 15A;1470;253;253;10;243;17.21;3.95;1442;578;578;24;554;40.08;4.15
89444;321004;4;Zespół Szkół im. Noblistów Polskich 74-300 Myślibórz ul. Za Bramką 8;1544;317;317;10;307;20.53;3.15;1529;638;638;27;611;41.73;4.23
89445;321004;5;Zespół Szkół Ponadgimnazjalnych Nr 3 im. S.Dariusa i S.Girenasa 74-300 Myślibórz ul. Strzelecka 51;1650;243;243;12;231;14.73;4.94;1628;624;624;17;607;38.33;2.72
89446;321004;6;Szkoła Podstawowa Nr 3 im. Leonida Teligi 74-300 Myślibórz ul. Lipowa 18A;1602;292;292;5;287;18.23;1.71;1584;736;736;26;710;46.46;3.53
89447;321004;7;Szkoła Podstawowa Nr 3 im. Leonida Teligi 74-300 Myślibórz ul. Lipowa 18A;1369;198;198;6;192;14.46;3.03;1349;513;513;12;501;38.03;2.34
89448;321004;8;Szkoła Podstawowa im. Jana Brzechwy 74-300 Nawrocko 11;785;87;87;3;84;11.08;3.45;769;241;241;11;230;31.34;4.56
89449;321004;9;Świetlica Ochotniczej Straży Pożarnej 74-300 Sulimierz 1;826;137;137;5;132;16.59;3.65;814;301;301;16;285;36.98;5.32
89450;321004;10;Miejska i Powiatowa Biblioteka Publiczna Filia w Golenicach 74-300 Golenice 45;916;121;122;9;112;13.21;7.44;902;268;268;13;255;29.71;4.85
89451;321004;11;Szkoła Podstawowa im. Janusza Korczaka 74-300 Kierzków 69 lokal: 69;739;80;80;5;75;10.83;6.25;741;231;231;17;214;31.17;7.36
89452;321004;12;Świetlica Wiejska 74-300 Sitno ul. Sportowa 20;732;53;53;0;53;7.24;0.00;711;133;133;6;127;18.71;4.51
89453;321004;13;Szkoła Podstawowa nr 2 im. Janusza Kusocińskiego 74-300 Myślibórz ul. Józefa Piłsudskiego 18;1636;221;221;13;208;13.51;5.88;1626;577;577;19;558;35.49;3.29
91786;321004;14;Dom Pomocy Społecznej 74-300 Myślibórz Celna 23;155;35;35;2;33;22.58;5.71;154;37;37;12;25;24.03;32.43
89454;321005;1;Sala Wiejska 74-304 Nowogródek Pomorski Pl.Św. Floriana 8;1079;135;135;9;126;12.51;6.67;1092;367;367;24;343;33.61;6.54
89455;321005;2;Dom Strażaka 74-305 Karsko Mieszka I 13;1027;105;105;6;99;10.22;5.71;1042;304;304;21;283;29.17;6.91
89456;321005;3;Sala Wiejska 74-304 Trzcinna 26;571;94;94;5;89;16.46;5.32;565;203;203;12;191;35.93;5.91
89457;321101;1;Gminny Ośrodek Kultury 72-003 Dobra ul. Graniczna 31;2186;669;669;24;645;30.60;3.59;2334;1476;1476;24;1452;63.24;1.63
89458;321101;2;Klub w Dołujach 72-002 Dołuje ul. Żubrza 7;1644;375;375;16;359;22.81;4.27;1711;914;914;26;888;53.42;2.84
89459;321101;3;Publiczna Szkoła Podstawowa 72-006 Mierzyn ul. Kolorowa 27;1801;690;690;4;686;38.31;0.58;1918;1350;1350;8;1342;70.39;0.59
89460;321101;4;Klub w Wołczkowie 72-003 Dobra ul. Lipowa 11A;1247;460;460;4;456;36.89;0.87;0;0;0;0;0;NA;-99
89461;321101;5;Publiczna Szkoła Podstawowa 72-006 Mierzyn ul. Kolorowa 27;1698;597;597;9;588;35.16;1.51;1796;1164;1164;11;1153;64.81;0.95
89462;321101;6;Publiczna Szkoła Podstawowa 71-218 Bezrzecze ul. Górna 3;1140;384;384;13;371;33.68;3.39;1207;790;790;16;774;65.45;2.03
89463;321101;7;Publiczna Szkoła Podstawowa 72-003 Dobra ul. Poziomkowa 5;1107;124;124;1;123;11.20;0.81;1126;395;395;12;383;35.08;3.04
89464;321101;8;Publiczna szkoła Podstawowa 71-218 Bezrzecze Górna 3;1736;658;658;18;640;37.90;2.74;1957;1348;1348;12;1336;68.88;0.89
89465;321101;9;Publiczna Szkoła Podstawowa 72-006 Mierzyn Kolorowa 27;1648;442;442;10;432;26.82;2.26;1709;1016;1016;11;1005;59.45;1.08
89466;321102;1;Urząd Gminy 72-001 Kołbaskowo 106;1953;367;367;16;351;18.79;4.36;1986;894;895;39;855;45.02;4.36
89467;321102;2;Szkoła Podstawowa 72-005 Będargowo 1;1914;301;301;9;292;15.73;2.99;1890;781;781;30;751;41.32;3.84
89468;321102;3;Szkoła Podstawowa 72-005 Przecław 27A;1099;183;183;7;176;16.65;3.83;1096;472;472;34;438;43.07;7.20
89469;321102;4;Szkoła Podstawowa 72-005 Przecław 27A;1577;482;482;8;474;30.56;1.66;1584;1017;1017;18;999;64.20;1.77
89470;321102;5;Publiczne Gimnazjum 72-005 Przecław 27C;997;261;261;4;257;26.18;1.53;1106;702;702;9;693;63.47;1.28
90054;321102;6;Publiczne Gimnazjum 72-005 Przecław 27C;1019;337;337;5;332;33.07;1.48;1104;724;724;6;718;65.58;0.83
89471;321103;1;Urząd Gminy 72-022 Nowe Warpno Plac Zwycięstwa 1;992;232;232;8;224;23.39;3.45;981;463;463;16;447;47.20;3.46
89472;321103;2;Świetlica 72-022 Brzózki 26a;335;70;70;5;65;20.90;7.14;332;183;183;2;181;55.12;1.09
89473;321104;1;Szkoła Filialna w Pilchowie 72-010 Tanowo ul. Szczecińska 1a;1104;318;318;14;304;28.80;4.40;1098;653;653;15;638;59.47;2.30
89474;321104;2;Świetlica Sołecka 72-004 Trzeszczyn ul. Kościuszki 34a;202;58;58;6;52;28.71;10.34;198;92;92;5;87;46.46;5.43
89475;321104;3;Szkoła Podstawowa im. Jerzego Noskiewicza 72-004 Tanowo ul. Szczecińska 31;1282;330;330;4;326;25.74;1.21;1302;711;711;14;697;54.61;1.97
89476;321104;4;Zespół Szkół 72-020 Trzebież ul. WOP 19a;1720;351;351;11;340;20.41;3.13;1694;785;785;27;758;46.34;3.44
89477;321104;5;Szkoła Filialna 72-015 Niekłończyca 34;1057;167;167;2;165;15.80;1.20;1075;436;436;14;422;40.56;3.21
89478;321104;6;Świetlica sołecka 72-015 Tatynia 64;250;63;63;2;61;25.20;3.17;249;102;102;1;101;40.96;0.98
89479;321104;7;Świetlica sołecka 72-015 Drogoradz 51;202;60;60;4;56;29.70;6.67;201;82;82;3;79;40.80;3.66
89480;321104;8;Zespół Szkół Nr 2 72-015 Police, Jasienica ul. Owocowa 5;1027;152;152;6;146;14.80;3.95;1045;390;390;26;364;37.32;6.67
89481;321104;9;Szkoła Podstawowa nr 1 im. Tadeusza Kościuszki 72-010 Police ul. Sikorskiego 8;1651;360;360;10;350;21.80;2.78;1606;741;741;26;715;46.14;3.51
89482;321104;10;Świetlica Rady Osiedla Nr 2 Stare Miasto 72-010 Police ul. M. Konopnickiej 2;1605;313;313;16;297;19.50;5.11;1575;627;627;28;599;39.81;4.47
89483;321104;11;Szkoła Podstawowa Nr 2 im. Bolesława Kaczyńskiego 72-010 Police, Mścięcino ul. Cisowa 2;1095;211;211;1;210;19.27;0.47;1003;495;495;11;484;49.35;2.22
89484;321104;12;Przęsocin 72-010 Przęsocin ul. Centralna 20;475;110;110;6;104;23.16;5.45;498;248;248;5;243;49.80;2.02
89485;321104;13;Klub Nauczyciela 72-010 Police ul. Ks. Barnima I 26;1420;422;422;18;404;29.72;4.27;1396;796;796;7;789;57.02;0.88
89486;321104;14;Szkoła Podstawowa nr 3 im. Marii Skłodowskiej-Curie 72-010 Police ul. Siedlecka 4;1154;184;184;6;178;15.94;3.26;1134;502;502;12;490;44.27;2.39
89487;321104;15;Przedszkole Publiczne Nr 9 „Tęczowa Kraina” 72-010 Police ul. Piaskowa 13;1984;483;483;22;461;24.34;4.55;1977;986;986;34;952;49.87;3.45
89488;321104;16;Świetlica Rady Osiedla Nr 4 Dąbrówka 72-010 Police ul. Piaskowa 49;1476;441;441;11;430;29.88;2.49;1471;830;830;17;813;56.42;2.05
89489;321104;17;Miejski Żłobek 72-010 Police ul. Robotnicza 15/17;1466;276;276;13;263;18.83;4.71;1429;615;615;19;596;43.04;3.09
89490;321104;18;Przedszkole Publiczne Nr 5 im. Wandy Chotomskiej 72-010 Police ul. Robotnicza 13;1905;338;338;18;320;17.74;5.33;1950;881;881;23;858;45.18;2.61
89491;321104;19;„Bajkowe” Przedszkole Publiczne Nr 8 72-010 Police ul. Kardynała Stefana Wyszyńskiego 31;1590;430;430;13;417;27.04;3.02;1517;874;874;17;857;57.61;1.95
89492;321104;20;Przedszkole Publiczne Nr 10 72-010 Police ul. Piaskowa 112;2035;548;548;18;530;26.93;3.28;2006;1122;1122;29;1093;55.93;2.58
89493;321104;21;Świetlica Rady Osiedla Nr 7 Anny Jagiellonki 72-010 Police ul. Roweckiego 40;1574;411;411;20;391;26.11;4.87;1539;844;844;20;824;54.84;2.37
89494;321104;22;Przedszkole Publiczne Nr 11 72-010 Police ul. Przyjaźni 1;1298;338;338;14;324;26.04;4.14;1221;701;701;15;686;57.41;2.14
89495;321104;23;Szkoła Podstawowa nr 8 im. Jana Pawła II Szkoła Filialna 72-010 Police ul. Przyjaźni 33;1362;305;305;15;290;22.39;4.92;1314;708;708;11;697;53.88;1.55
89496;321104;24;Przedszkole Publiczne Nr 11 72-010 Police ul. Przyjaźni 1;1305;284;284;7;277;21.76;2.46;1274;655;655;11;644;51.41;1.68
89497;321104;25;Szkoła Podstawowa Nr 8 im. Jana Pawła II Szkoła Filialna 72-010 Police ul. Przyjaźni 33;1663;363;363;17;346;21.83;4.68;1615;783;783;16;767;48.48;2.04
91787;321104;26;Samodzielny Publiczny Szpital Kliniczny Nr 1 im. prof. Tadeusza Sokołowskiego Pomorskiego Uniwersytetu Medycznego w Szczecinie 72-010 Police ul. Siedlecka 2;136;17;17;1;16;12.50;5.88;82;29;29;0;29;35.37;0.00
89498;321201;1;Sala konferencyjna Urzędu Gminy 74-202 Bielice ul. Niepokalanej 34;1440;228;228;20;208;15.83;8.77;1445;499;499;18;481;34.53;3.61
89499;321201;2;Dom Strażaka 74-202 Babin 43a;1001;90;90;4;86;8.99;4.44;1000;372;372;16;356;37.20;4.30
89500;321202;1;Szkoła Podstawowa 74-204 Kozielice 73;1350;173;173;10;163;12.81;5.78;1358;465;465;23;442;34.24;4.95
89501;321202;2;Wiejski Dom Kultury 74-205 Tetyń 64;753;99;99;9;90;13.15;9.09;765;282;282;21;261;36.86;7.45
89502;321203;1;Miejsko-Gminny Ośrodek Kultury 74-240 Lipiany ul. Okrzei 5;1667;324;324;14;310;19.44;4.32;1648;675;675;24;651;40.96;3.56
89503;321203;2;Miejsko-Gminna Biblioteka Publiczna 74-240 Lipiany ul. Szkolna 17;1288;210;210;13;197;16.30;6.19;1266;518;518;40;478;40.92;7.72
89504;321203;3;Świetlica 74-230 Batowo 23;912;85;85;3;82;9.32;3.53;892;256;256;8;248;28.70;3.12
89505;321203;4;Urząd Miejski 74-240 Lipiany Plac Wolności 1;1033;196;196;14;182;18.97;7.14;1011;382;382;11;371;37.78;2.88
89506;321204;1;Publiczna Szkoła Podstawowa 74-210 Jesionowo 59;678;67;67;2;65;9.88;2.99;674;224;224;9;215;33.23;4.02
89507;321204;2;Świetlica wiejska 74-210 Płońsko 6A;1004;117;117;8;109;11.65;6.84;976;315;315;12;303;32.27;3.81
89508;321204;3;Urząd Gminy 74-210 Przelewice 75;1393;205;205;9;196;14.72;4.39;1359;510;510;22;488;37.53;4.31
89509;321204;4;Publiczna Szkoła Podstawowa 73-115 Żuków 38;1202;111;111;5;106;9.23;4.50;1171;313;313;21;292;26.73;6.71
89510;321205;1;Przedszkole Publiczne nr 4 74-200 Pyrzyce ul.Zabytkowa 50;1578;344;344;10;334;21.80;2.91;1525;742;743;26;716;48.66;3.50
89511;321205;2;Zespół Szkół nr 1 74-200 Pyrzyce ul.Lipiańska 2;855;172;172;6;166;20.12;3.49;871;409;409;15;394;46.96;3.67
89512;321205;3;Publiczne Gimnazjum 74-200 Pyrzyce ul.Tadeusza Rejtana 6;2401;439;439;14;425;18.28;3.19;2357;1082;1082;39;1043;45.91;3.60
89513;321205;4;Przedszkole Publiczne nr 3 74-200 Pyrzyce ul.Gabriela Narutowicza 5;806;168;168;6;162;20.84;3.57;825;378;378;10;368;45.82;2.65
89514;321205;5;Świetlica Spółdzielni Mieszkaniowej 74-200 Pyrzyce ul.Jana Henryka Dąbrowskiego 15;1725;397;397;23;374;23.01;5.79;1700;833;833;38;795;49.00;4.56
89515;321205;6;Szkoła Podstawowa nr 2 74-200 Pyrzyce ul.Poznańska 2;1619;306;306;10;296;18.90;3.27;1612;739;739;46;693;45.84;6.22
89516;321205;7;Świetlica Osiedla 74-200 Pyrzyce ul.Słoneczna 11;1187;237;237;6;231;19.97;2.53;1185;537;537;23;514;45.32;4.28
89517;321205;8;Szkoła Podstawowa Żabów 74-200 Żabów 8;1324;136;136;7;129;10.27;5.15;1324;468;468;20;448;35.35;4.27
89518;321205;9;Szkoła Podstawowa Okunica 74-200 Okunica 23;1501;100;100;2;98;6.66;2.00;1484;558;558;28;530;37.60;5.02
89519;321205;10;Szkoła Podstawowa Brzesko 74-211 Brzesko 25;1210;213;213;7;206;17.60;3.29;1199;557;557;19;538;46.46;3.41
89520;321205;11;Szkoła Podstawowa Mielęcin 74-230 Mielęcin ul. Główna 72;751;105;105;10;95;13.98;9.52;735;241;241;13;228;32.79;5.39
89521;321205;12;Świetlica Wiejska Krzemlin 74-230 Krzemlin 28;613;126;126;12;114;20.55;9.52;621;247;247;20;227;39.77;8.10
91788;321205;13;Szpital Powiatowy w Pyrzycach 74-200 Pyrzyce Jana Pawła II 2;118;1;1;0;1;0.85;0.00;114;16;16;2;14;14.04;12.50
89522;321206;1;Dom Strażaka 74-201 Warnice 36A;1592;205;205;11;194;12.88;5.37;1605;587;587;25;562;36.57;4.26
89523;321206;2;Szkoła Podstawowa 74-211 Stary Przylep 60;1235;167;167;6;161;13.52;3.59;1223;434;434;17;417;35.49;3.92
89524;321301;1;Zespół Szkół Społecznych im. Lotników Morskich 76-150 Darłowo ul. Zwycięstwa 1;1106;372;372;15;357;33.63;4.03;1018;573;573;20;553;56.29;3.49
89525;321301;2;Niepubliczne Przedszkole „Akademia Przedszkolaka” 76-150 Darłowo ul. Morska 53;1532;280;280;12;268;18.28;4.29;1507;667;667;28;639;44.26;4.20
89526;321301;3;Miejskie Gimnazjum im. Stanisława Dulewicza 76-150 Darłowo ul. Franciszkańska 2;1530;259;259;9;250;16.93;3.47;1475;588;588;16;572;39.86;2.72
89527;321301;4;Niepubliczne Przedszkole „Jacek i Agatka” 76-150 Darłowo ul. Zamkowa 6;1541;313;313;8;305;20.31;2.56;1478;711;711;17;694;48.11;2.39
89528;321301;5;Miejski Ośrodek Pomocy Społecznej 76-150 Darłowo ul. Ojca Damiana Tynieckiego 20;1291;257;257;9;248;19.91;3.50;1306;641;641;18;623;49.08;2.81
89529;321301;6;Zespół Szkół im. Stefana Żeromskiego 76-150 Darłowo ul. Fryderyka Chopina 4;1490;360;360;8;352;24.16;2.22;1480;772;772;29;743;52.16;3.76
89530;321301;7;Internat Zespołu Szkół Morskich 76-150 Darłowo ul. Stefana Żeromskiego 25;1561;326;326;8;318;20.88;2.45;1520;688;688;22;666;45.26;3.20
89531;321301;8;Miejski Zarząd Budynków Komunalnych 76-150 Darłowo ul. 1-go Maja 3;1524;232;232;12;220;15.22;5.17;1472;670;670;20;650;45.52;2.99
89532;321302;1;Szkoła Podstawowa Nr 3 76-100 Sławno ul. Sempołowskiej 3;1870;406;406;18;388;21.71;4.43;1848;908;908;37;871;49.13;4.07
89533;321302;2;Urząd Miejski 76-100 Sławno ul. Skłodowskiej 9;2073;367;367;11;356;17.70;3.00;2010;830;830;35;795;41.29;4.22
89534;321302;3;Gimnazjum Miejskie Nr 1 76-100 Sławno Plac Sportowy 1;1916;372;372;22;350;19.42;5.91;1866;858;858;25;833;45.98;2.91
89535;321302;4;Specjalny Ośrodek Szkolno-Wychowawczy dla Dzieci i Młodzieży Niepełnosprawnej im.M.Grzegorzewskiej 76-100 Sławno ul. Kopernika 9;1961;403;403;32;371;20.55;7.94;1963;896;896;31;865;45.64;3.46
89536;321302;5;Szkoła Podstawowa Nr 1 76-100 Sławno ul. Juliusza Kossaka 31;2365;405;405;25;380;17.12;6.17;2305;1083;1083;25;1058;46.98;2.31
91790;321302;6;Szpital Powiatowy w Sławnie 76-100 Sławno ul. I Pułku Ułanów 9;33;12;12;1;11;36.36;8.33;42;31;31;3;28;73.81;9.68
89537;321303;1;Świetlica Wiejska 76-150 Barzowice 10;347;67;67;3;64;19.31;4.48;341;130;130;9;121;38.12;6.92
89538;321303;2;Zespół Szkół nr 4 76-150 Kopnica 24;402;42;42;2;40;10.45;4.76;408;128;128;14;114;31.37;10.94
89539;321303;3;Świetlica Wiejska 76-150 Cisowo 9;414;69;69;1;68;16.67;1.45;418;163;163;5;158;39.00;3.07
89540;321303;4;Świetlica Wiejska 76-150 Kowalewice 13;400;65;65;3;62;16.25;4.62;399;141;141;16;125;35.34;11.35
89541;321303;5;Świetlica Wiejska 76-150 Domasławice 31;455;88;88;3;85;19.34;3.41;463;192;192;8;184;41.47;4.17
89542;321303;6;Świetlica Wiejska 76-150 Krupy 17;441;65;65;3;62;14.74;4.62;437;151;151;13;138;34.55;8.61
89543;321303;7;Świetlica Wiejska 76-150 Słowino 77;342;95;95;6;89;27.78;6.32;343;142;143;3;139;41.40;2.11
89544;321303;8;Świetlica Wiejska 76-156 Bobolin ul. Nadmorska 4;583;198;198;4;194;33.96;2.02;749;499;499;16;483;66.62;3.21
89545;321303;9;Świetlica Wiejska 76-150 Porzecze 32;439;97;97;2;95;22.10;2.06;434;211;211;7;204;48.62;3.32
89546;321303;10;Świetlica Wiejska 76-150 Jeżyczki 20;524;84;84;4;80;16.03;4.76;529;180;180;2;178;34.03;1.11
89547;321303;11;Świetlica Wiejska 76-150 Wiekowice 12a;344;65;65;4;61;18.90;6.15;345;138;138;7;131;40.00;5.07
89548;321303;12;Świetlica Wiejska 76-150 Dobiesław 75;511;87;87;2;85;17.03;2.30;508;169;169;5;164;33.27;2.96
89549;321303;13;Świetlica Wiejska 76-150 Boryszewo 18;304;69;69;7;62;22.70;10.14;315;132;132;5;127;41.90;3.79
89550;321303;14;Świetlica Wiejska 76-156 Bukowo Morskie 20;339;93;93;5;88;27.43;5.38;332;139;139;3;136;41.87;2.16
89551;321303;15;Świetlica Wiejska 76-150 Stary Jarosław 92;581;89;89;5;84;15.32;5.62;582;200;200;13;187;34.36;6.50
89552;321304;1;Szkoła Podstawowa w Niemicy 76-142 Niemica 31;1359;138;138;15;123;10.15;10.87;1349;505;505;28;477;37.44;5.54
89553;321304;2;Gimnazjum w Malechowie 76-142 Malechowo 65B;1701;255;255;10;245;14.99;3.92;1685;629;629;22;607;37.33;3.50
89554;321304;3;Szkoła Podstawowa w Lejkowie 76-142 Lejkowo 11;1068;114;114;8;106;10.67;7.02;1101;342;342;31;311;31.06;9.06
89555;321304;4;Zespół Szkół w Ostrowcu 76-129 Ostrowiec 61;1077;115;115;6;109;10.68;5.22;1076;366;366;30;336;34.01;8.20
89556;321305;1;Zespół Szkół w Jarosławcu 76-107 Jarosławiec ul. Bałtycka 65B;1729;289;289;9;280;16.71;3.11;1681;633;633;23;610;37.66;3.63
89557;321305;2;Urząd Gminy w Postominie 76-113 Postomino 30;1720;207;207;14;193;12.03;6.76;1735;662;662;24;638;38.16;3.63
89558;321305;3;Szkoła Podstawowa w Staniewicach 76-113 Staniewice 61;739;81;81;5;76;10.96;6.17;747;235;235;11;224;31.46;4.68
89559;321305;4;Zespół Szkół w Pieszczu 76-113 Pieszcz 46;689;63;63;4;59;9.14;6.35;682;209;209;16;193;30.65;7.66
89560;321305;5;Sala Wiejska w Masłowicach 76-113 Masłowice 4;810;110;110;4;106;13.58;3.64;806;270;270;16;254;33.50;5.93
89561;321306;1;Świetlica Wiejska w Boleszewie 76-100 Boleszewo 16c;396;65;65;6;59;16.41;9.23;392;132;132;8;124;33.67;6.06
89562;321306;2;Świetlica Wiejska w Kwasowie 76-100 Kwasowo 1a;514;89;89;4;85;17.32;4.49;509;212;212;2;210;41.65;0.94
89563;321306;3;Szkoła Podstawowa w Bobrowicach 76-100 Bobrowice 22;1152;135;135;13;122;11.72;9.63;1185;377;377;18;359;31.81;4.77
89564;321306;4;Szkoła Podstawowa w Sławsku 76-100 Sławsko 97A;1109;138;138;6;132;12.44;4.35;1108;355;355;13;342;32.04;3.66
89565;321306;5;Szkoła Podstawowa w Warszkowie 76-100 Warszkowo 33a;1429;174;174;11;163;12.18;6.32;1430;488;488;22;466;34.13;4.51
89566;321306;6;Szkoła Podstawowa we Wrześnicy 76-122 Wrześnica 19A;1043;109;109;7;102;10.45;6.42;1036;315;315;25;290;30.41;7.94
89567;321306;7;Szkoła Podstawowa w Żukowie 76-124 Żukowo 65;1322;97;97;4;93;7.34;4.12;1308;387;387;24;363;29.59;6.20
89568;321401;1;Przedszkole Miejskie Nr 5 73-110 Stargard Szczeciński ul.Lechicka 11;2450;624;624;22;602;25.47;3.53;2323;1254;1254;35;1219;53.98;2.79
89569;321401;2;Szkoła Podstawowa Nr 7 73-110 Stargard Szczeciński Plac Majdanek 13;2119;489;489;20;469;23.08;4.09;2072;1017;1017;30;987;49.08;2.95
89570;321401;3;Świetlica Spółdzielni Mieszkaniowej 73-110 Stargard Szczeciński Os. Zachód A7;2007;480;480;14;466;23.92;2.92;1930;959;959;23;936;49.69;2.40
89571;321401;4;Gimnazjum Nr 3 73-110 Stargard Szczeciński ul. Szkolna 2;1984;449;449;12;437;22.63;2.67;1916;943;943;20;923;49.22;2.12
89572;321401;5;Gimnazjum Nr 4 73-110 Stargard Szczeciński Osiedle Zachód B15;1248;328;328;9;319;26.28;2.74;1213;638;638;13;625;52.60;2.04
89573;321401;6;Zespół Szkół Nr 2 73-110 Stargard Szczeciński Osiedle Zachód B15/a;1691;389;389;13;376;23.00;3.34;1656;887;887;31;856;53.56;3.49
89574;321401;7;Przedszkole Miejskie Nr 4 73-110 Stargard Szczeciński Osiedle Zachód B2;1409;379;379;11;368;26.90;2.90;1386;758;758;18;740;54.69;2.37
89575;321401;8;Przedszkole Miejskie Nr 3 73-110 Stargard Szczeciński Osiedle Zachód A18;1320;368;368;8;360;27.88;2.17;1291;706;706;4;702;54.69;0.57
89576;321401;9;Zespół Szkół Ogólnokształcących 73-110 Stargard Szczeciński Osiedle Zachód A5;1840;506;506;14;492;27.50;2.77;1773;914;914;19;895;51.55;2.08
89577;321401;10;Przedszkole Miejskie Nr 6 73-110 Stargard Szczeciński ul.Stanisława Niewiadomskiego 14;1702;475;475;14;461;27.91;2.95;1689;970;970;29;941;57.43;2.99
89578;321401;11;Szkoła Podstawowa Nr 4 73-110 Stargard Szczeciński ul.Wielkopolska 30;1623;445;445;16;429;27.42;3.60;1578;895;895;19;876;56.72;2.12
89579;321401;12;OHP - Ośrodek Szkolenia i Wychowania 73-110 Stargard Szczeciński ul.Jugosłowiańska 22a;1979;488;488;8;480;24.66;1.64;1923;930;930;18;912;48.36;1.94
89580;321401;13;Gimnazjum Gminy Stargard 73-110 Stargard Szczeciński ul.Ceglana 11;1405;333;333;9;324;23.70;2.70;1368;728;728;13;715;53.22;1.79
89581;321401;14;Stargardzkie Centrum Kultury 73-110 Stargard Szczeciński ul.Piłsudskiego 105;1272;273;273;7;266;21.46;2.56;1208;544;544;13;531;45.03;2.39
89582;321401;15;Stargardzkie Centrum Kultury 73-110 Stargard Szczeciński ul.Piłsudskiego 105;1459;295;295;8;287;20.22;2.71;1452;631;631;19;612;43.46;3.01
89583;321401;16;Szkoła Podstawowa Nr 1 73-110 Stargard Szczeciński ul.Henryka Sienkiewicza 8 lokal: (wejście od ul.Kwiatowej);2427;545;545;17;528;22.46;3.12;2376;1148;1148;38;1110;48.32;3.31
89584;321401;17;Szkoła Podstawowa Nr 1 73-110 Stargard Szczeciński ul.Henryka Sienkiewicza 8;2031;403;403;18;385;19.84;4.47;1984;908;908;42;866;45.77;4.63
89585;321401;18;Środowiskowy Dom Samopomocy 73-110 Stargard Szczeciński ul.Brzozowa 26;2248;592;592;17;575;26.33;2.87;2159;1193;1193;19;1174;55.26;1.59
89586;321401;19;Szkoła Podstawowa Nr 3 73-110 Stargard Szczeciński ul.Bolesława Limanowskiego 7;1403;340;340;14;326;24.23;4.12;1384;681;681;23;658;49.21;3.38
89587;321401;20;Gimnazjum Nr 2 73-110 Stargard Szczeciński ul.Bolesława Limanowskiego 9;1210;274;274;12;262;22.64;4.38;1169;564;564;9;555;48.25;1.60
89588;321401;21;Świetlica Rejonu Dróg Krajowych 73-110 Stargard Szczeciński ul.Bydgoska 13/15;2032;365;365;13;352;17.96;3.56;1998;837;837;27;810;41.89;3.23
89589;321401;22;Szkoła Podstawowa Nr 5 73-110 Stargard Szczeciński ul.Kuśnierzy 7;1378;405;405;9;396;29.39;2.22;1340;719;719;16;703;53.66;2.23
89590;321401;23;Przedszkole Miejskie Nr 1 73-110 Stargard Szczeciński ul.Spichrzowa 6;1198;282;282;12;270;23.54;4.26;1170;540;540;15;525;46.15;2.78
89591;321401;24;Państwowa Szkoła Muzyczna I i II Stopnia 73-110 Stargard Szczeciński ul.Kazimierza Wielkiego 13;1301;321;321;4;317;24.67;1.25;1271;665;665;14;651;52.32;2.11
89592;321401;25;Przedszkole Miejskie Nr 2 73-110 Stargard Szczeciński ul. Mieszka I 2;1626;473;473;15;458;29.09;3.17;1591;794;794;21;773;49.91;2.64
89593;321401;26;Gimnazjum Nr 1 73-110 Stargard Szczeciński ul. Popiela 2;2008;509;509;16;493;25.35;3.14;1984;1064;1064;26;1038;53.63;2.44
89594;321401;27;II Liceum Ogólnokształcące 73-110 Stargard Szczeciński ul.Mieszka I 4;1614;415;415;12;403;25.71;2.89;1623;861;861;32;829;53.05;3.72
89595;321401;28;Zespół Szkół Katolickich 73-110 Stargard Szczeciński ul.Wojska Polskiego 3;1089;246;246;11;235;22.59;4.47;1062;560;560;8;552;52.73;1.43
89596;321401;29;Szkoła Podstawowa Nr 6 73-110 Stargard Szczeciński ul.Armii Krajowej 1;2458;582;582;22;560;23.68;3.78;931;500;500;25;475;53.71;5.00
89597;321401;30;Szkoła Podstawowa Nr 6 73-110 Stargard Szczeciński ul.Armii Krajowej 1;1825;502;502;8;494;27.51;1.59;1553;829;829;13;816;53.38;1.57
89598;321401;31;Szkoła Podstawowa Nr 8 73-110 Stargard Szczeciński ul. Romualda Traugutta 16;1489;199;199;9;190;13.36;4.52;1895;1187;1187;23;1164;62.64;1.94
89599;321401;32;Zespół Szkół Nr 5 Centrum Kształcenia Praktycznego 73-110 Stargard Szczeciński ul. Jana Śniadeckiego 4-6;1622;306;306;17;289;18.87;5.56;1458;510;510;28;482;34.98;5.49
91791;321401;33;Samodzielny Publiczny Wielospecjalistyczny Zakład Opieki Zdrowotnej Stargard Szczeciński 73-110 Stargard Szczeciński ul. Wojska Polskiego 27;142;10;10;0;10;7.04;0.00;1648;795;795;39;756;48.24;4.91
91792;321401;34;Zakład Karny Stargard Szczeciński 73-110 Stargard Szczeciński Aleja Żołnierza 42;383;132;132;18;114;34.46;13.64;194;27;27;0;27;13.92;0.00
89600;321402;1;Hol hali wodowiskowo-sportowej 73-120 Chociwel ul.Henryka Dąbrowskiego 15;2226;190;190;9;181;8.54;4.74;2191;670;670;40;630;30.58;5.97
89601;321402;2;Sala Konferencyjna w Budynku Administracyjnym 73-120 Chociwel ul.Armii Krajowej 50;1664;272;272;9;263;16.35;3.31;1648;647;647;45;602;39.26;6.96
89602;321402;3;Szkoła Podstawowa i Gimnazjum 73-120 Chociwel ul. Henryka Dąbrowskiego 15;956;164;164;7;157;17.15;4.27;944;423;423;15;408;44.81;3.55
89603;321403;1;Urząd Miejski 73-130 Dobrzany ul. Staszica 1 lokal: 1;2012;335;335;14;321;16.65;4.18;2015;815;815;26;789;40.45;3.19
89604;321403;2;Przedszkole 73-130 Dobrzany ul. Mickiewicza 43 lokal: 2;2099;136;136;7;129;6.48;5.15;2103;578;579;43;535;27.48;7.44
89605;321404;1;Gminne Centrum Integracji Społecznej i Profilaktyki 73-115 Dolice ul.Wiejska 4;1715;371;371;20;351;21.63;5.39;1739;712;712;39;673;40.94;5.48
89606;321404;2;Szkoła Podstawowa 73-115 Dobropole Pyrzyckie 7;963;91;91;8;83;9.45;8.79;953;258;258;20;238;27.07;7.75
89607;321404;3;Szkoła Podstawowa 73-115 Sądów 30;647;82;82;2;80;12.67;2.44;643;129;129;12;117;20.06;9.30
89608;321404;4;Remiza Ochotniczej Straży Pożarnej 73-115 Kolin 59;1148;139;139;11;128;12.11;7.91;1125;386;386;18;368;34.31;4.66
89609;321404;5;Szkoła Podstawowa 73-115 Rzeplino 62;1135;125;125;14;111;11.01;11.20;1128;290;290;22;268;25.71;7.59
89610;321404;6;Szkoła Podstawowa w Dolicach - budynek po byłej Szkole Podstawowej w Żalęcinie 73-115 Żalęcino 11;686;81;81;6;75;11.81;7.41;681;187;187;15;172;27.46;8.02
91793;321404;7;Świetlica Domu Pomocy Społecznej 73-115 Dolice Wiśniowa 12;60;21;21;2;19;35.00;9.52;56;15;15;1;14;26.79;6.67
89611;321405;1;Centrum Oświatowo Kulturalne 73-140 Ińsko ul. Poprzeczna 1;1771;329;329;13;316;18.58;3.95;1731;672;672;39;633;38.82;5.80
89612;321405;2;Kino „MORENA” 73-140 Ińsko ul. Przybrzeżna 1;1251;85;85;2;83;6.79;2.35;1231;279;279;13;266;22.66;4.66
89613;321406;1;Gminny Ośrodek Kultury 73-108 Kobylanka ul. Jeziorna 6;1323;360;360;7;353;27.21;1.94;1435;840;840;11;829;58.54;1.31
89614;321406;2;Zespół Szkół Publicznych 73-108 Reptowo 96a;1235;237;237;4;233;19.19;1.69;1284;648;648;26;622;50.47;4.01
89615;321406;3;Swietlica wiejska 73-108 Morzyczyn ul. Oświaty 1;1248;325;325;1;324;26.04;0.31;1360;752;752;14;738;55.29;1.86
89616;321408;1;Świetlica Wiejska w Dzwonowie 73-121 Dzwonowo 24;576;60;60;6;54;10.42;10.00;580;184;184;23;161;31.72;12.50
89617;321408;2;Niepubliczna Szkoła Podstawowa w Gogolewie 73-121 Gogolewo 18;546;60;60;3;57;10.99;5.00;550;185;185;22;163;33.64;11.89
89618;321408;3;„Dom Strażaka” w Marianowie 73-121 Marianowo ul. Stargardzka 55;1034;230;230;16;214;22.24;6.96;1010;456;456;26;430;45.15;5.70
89619;321408;4;Świetlica Wiejska w Sulinie 73-121 Sulino 20;341;45;45;1;44;13.20;2.22;338;96;96;18;78;28.40;18.75
89620;321409;1;Gminne Centrum Kultury 73-112 Stara Dąbrowa 30c;1102;120;120;8;112;10.89;6.67;1135;404;404;21;383;35.59;5.20
89621;321409;2;Szkoła Podstawowa 73-112 Parlino 17;877;64;64;6;58;7.30;9.38;932;283;283;33;250;30.36;11.66
89622;321409;3;Szkoła Podstawowa 73-112 Chlebówko 9;855;63;63;4;59;7.37;6.35;847;195;195;6;189;23.02;3.08
89623;321410;1;Szkoła Podstawowa 73-110 Sowno 1;638;102;102;2;100;15.99;1.96;638;271;271;8;263;42.48;2.95
89624;321410;2;Szkoła Podstawowa 73-131 Pęzino 66;1500;118;118;12;106;7.87;10.17;1510;359;359;27;332;23.77;7.52
89625;321410;3;Świetlica Wiejska 73-131 Krąpiel 12b;703;80;80;10;70;11.38;12.50;686;220;220;19;201;32.07;8.64
89626;321410;4;Szkoła Podstawowa 73-110 Strachocin 26;881;156;156;4;152;17.71;2.56;905;439;439;17;422;48.51;3.87
89627;321410;5;Budynek Kurii 73-102 Witkowo Drugie 42;1252;166;166;6;160;13.26;3.61;1259;476;476;26;450;37.81;5.46
89628;321410;6;Budynek po byłej Szkole Podstawowej 73-102 Koszewo 2;928;71;71;4;67;7.65;5.63;926;286;286;12;274;30.89;4.20
89629;321410;7;Szkoła Podstawowa 73-110 Grzędzice ul. Gryfa 6;1250;231;231;6;225;18.48;2.60;1313;659;659;28;631;50.19;4.25
89630;321410;8;Szkoła Podstawowa 73-110 Małkocin 54;1354;189;189;8;181;13.96;4.23;1358;541;541;21;520;39.84;3.88
89631;321410;9;Świetlica Wiejska 73-110 Barzkowice 33B lokal: 1;553;83;83;7;76;15.01;8.43;545;204;204;21;183;37.43;10.29
89632;321410;10;Świetlica Wiejska 73-110 Żarowo 51C;645;125;125;6;119;19.38;4.80;691;348;348;16;332;50.36;4.60
89633;321411;1;Gminny Dom Kultury 73-132 Suchań K. A. Hlonda 1;1187;142;142;6;136;11.96;4.23;1188;457;457;35;422;38.47;7.66
89634;321411;2;Świetlica 73-132 Wapnica 17A;712;94;94;2;92;13.20;2.13;720;255;255;16;239;35.42;6.27
89635;321411;3;Biblioteka 73-131 Brudzewice 70B;666;84;84;3;81;12.61;3.57;682;233;233;22;211;34.16;9.44
89636;321411;4;Gminny Dom Kultury 73-132 Suchań K. A. Hlonda 1;866;58;58;2;56;6.70;3.45;852;224;224;10;214;26.29;4.46
89637;321501;1;Szkoła Podstawowa Nr 7 78-400 Szczecinek ul. Krakowska 1;1230;318;318;7;311;25.85;2.20;1177;639;639;18;621;54.29;2.82
89638;321501;2;Szkoła Podstawowa Nr 7 78-400 Szczecinek ul. Krakowska 1;1578;386;386;7;379;24.46;1.81;1570;875;875;10;865;55.73;1.14
89639;321501;3;Przedszkole „U Cioci Gosi” 78-400 Szczecinek ul. Białogardzka 6;1973;499;499;18;481;25.29;3.61;1897;1055;1055;29;1026;55.61;2.75
89640;321501;4;Przedszkole „Tęcza” 78-400 Szczecinek ul. Nowa 2;1359;343;343;9;334;25.24;2.62;1352;692;692;23;669;51.18;3.32
89641;321501;5;Zespół Szkół Nr 5 78-400 Szczecinek ul. Koszalińska 81;1099;197;197;8;189;17.93;4.06;1040;429;429;13;416;41.25;3.03
89642;321501;6;Zespół Szkół Nr 5 78-400 Szczecinek ul. Koszalińska 81;1356;285;285;6;279;21.02;2.11;1344;592;592;38;554;44.05;6.42
89643;321501;7;Zespół Szkół 78-400 Szczecinek ul. Wiatraczna 5;1334;305;305;9;296;22.86;2.95;1310;633;633;19;614;48.32;3.00
89644;321501;8;Zespół Szkół 78-400 Szczecinek ul. Wiatraczna 5;1072;202;202;4;198;18.84;1.98;1157;518;518;16;502;44.77;3.09
89645;321501;9;Szkoła Podstawowa Nr 4 78-400 Szczecinek ul. Jasna 2;1349;360;360;14;346;26.69;3.89;1347;676;676;22;654;50.19;3.25
89646;321501;10;INTERNAT Zespołu Szkół Nr 2 78-400 Szczecinek ul. 1-go Maja 19;1115;231;231;2;229;20.72;0.87;1113;538;538;28;510;48.34;5.20
89647;321501;11;INTERNAT Zespołu Szkół Nr 2 78-400 Szczecinek ul. 1-go Maja 19;1187;265;265;5;260;22.33;1.89;1165;564;564;17;547;48.41;3.01
89648;321501;12;Centrum Organizacji Pozarządowych 78-400 Szczecinek ul. 9-go Maja 12;1873;420;420;21;399;22.42;5.00;1834;893;893;15;878;48.69;1.68
89649;321501;13;Szkoła Muzyczna 78-400 Szczecinek ul. 3-go Maja 2;1766;310;310;12;298;17.55;3.87;1696;670;670;25;645;39.50;3.73
89650;321501;14;Samorządowa Agencja Promocji i Kultury 78-400 Szczecinek ul. Wyszyńskiego 65;1793;386;386;22;364;21.53;5.70;1747;735;735;31;704;42.07;4.22
89651;321501;15;Szkoła Podstawowa Nr 6 78-400 Szczecinek ul. Kopernika 18;1593;412;412;3;409;25.86;0.73;1607;887;887;18;869;55.20;2.03
89652;321501;16;Przedszkole „Słoneczko” 78-400 Szczecinek ul. Kopernika 16;1831;467;467;16;451;25.51;3.43;1772;890;890;27;863;50.23;3.03
89653;321501;17;Zespół Szkół Nr 3 78-400 Szczecinek ul. Artyleryjska 9;1507;261;261;13;248;17.32;4.98;1468;665;665;29;636;45.30;4.36
89654;321501;18;Przedszkole „Krasnoludek” 78-400 Szczecinek ul. Przemysłowa 5;1484;391;391;12;379;26.35;3.07;1477;716;716;19;697;48.48;2.65
89655;321501;19;Gimnazjum Nr 1 78-400 Szczecinek ul. Armii Krajowej 29;1348;271;271;1;270;20.10;0.37;1332;679;679;19;660;50.98;2.80
89656;321501;20;Szkoła Podstawowa Nr 1 78-400 Szczecinek Plac Wazów 1;2078;543;543;25;518;26.13;4.60;2026;1109;1109;35;1074;54.74;3.16
89657;321501;21;Przedszkole „Miś” 78-400 Szczecinek ul. Grudziądzka 2;2092;519;519;11;508;24.81;2.12;2073;1074;1074;22;1052;51.81;2.05
91794;321501;22;„Szpital w Szczecinku” Sp. z o. o. 78-400 Szczecinek ul. Kościuszki 38;41;11;11;0;11;26.83;0.00;65;25;25;3;22;38.46;12.00
91795;321501;23;Zakład Karny 78-400 Szczecinek ul. Boh. Warszawy 42a;190;84;84;14;70;44.21;16.67;158;95;95;5;90;60.13;5.26
91796;321501;24;„PATRONKA” Sp. z o. o. 78-400 Szczecinek ul. Lelewela 15;50;16;16;1;15;32.00;6.25;38;21;21;3;18;55.26;14.29
89658;321502;1;Ośrodek Kultury i Turystyki 78-460 Barwice ul. Woj. Polskiego 15;1645;263;263;15;248;15.99;5.70;1625;634;634;33;601;39.02;5.21
89659;321502;2;Miejsko-Gminny Ośrodek Pomocy Społecznej 78-460 Barwice ul. Czaplinecka 14;1428;170;170;8;162;11.90;4.71;1388;500;500;27;473;36.02;5.40
89660;321502;3;Świetlica wiejska 78-460 Białowąs 8;817;87;87;6;81;10.65;6.90;805;209;209;17;192;25.96;8.13
89661;321502;4;Szkoła Podstawowa 78-460 Stary Chwalim 39;1344;142;142;5;137;10.57;3.52;1339;374;374;17;357;27.93;4.55
89662;321502;5;Szkoła Podstawowa 78-460 Barwice ul. Pomorska 3;1794;151;151;7;144;8.42;4.64;1756;439;439;15;424;25.00;3.42
89663;321503;1;ZESPÓŁ SZKÓŁ NR 1 im. Henryka Sienkiewicza 78-425 Biały Bór ul. Dworcowa 19;962;214;214;18;196;22.25;8.41;921;383;383;22;361;41.59;5.74
89664;321503;2;BIAŁOBORSKIE CENTRUM KULTURY i REKREACJI 78-425 Biały Bór ul. Tamka 3;958;191;191;18;173;19.94;9.42;943;389;389;18;371;41.25;4.63
89665;321503;3;Szkoła Podstawowa nr 2 78-425 Biały Bór ul. Żymierskiego 27;765;75;75;7;68;9.80;9.33;785;189;189;5;184;24.08;2.65
89666;321503;4;Szkoła Podstawowa w Sępolnie Wielkim Filia Szkoły Podstawowej Nr 1 im. H. Sienkiewicza w Białym Borze 78-426 Sępolno Wielkie 13;481;67;67;4;63;13.93;5.97;484;153;153;14;139;31.61;9.15
89667;321503;5;SZKOŁA PODSTAWOWA im. Juliana Tuwima w Drzonowie Filia Szkoły Podstawowej Nr 1 im. H. Sienkiewicza w Białym Borze 78-421 Drzonowo 48A;1122;166;166;10;156;14.80;6.02;1112;388;388;29;359;34.89;7.47
89668;321504;1;Miejska Biblioteka Publiczna 78-449 Borne Sulinowo ul.Szpitalna 1;1475;333;333;10;323;22.58;3.00;1495;725;725;22;703;48.49;3.03
89669;321504;2;Budynek Kulturalno-Oświatowy przy Zespole Szkół 78-449 Borne Sulinowo ul. Aleja Niepodległości 28;2138;531;531;31;500;24.84;5.84;2112;981;981;32;949;46.45;3.26
89670;321504;3;Świetlica Wiejska-Łubowo 78-445 Łubowo ul. Kościuszki 32;1386;167;167;8;159;12.05;4.79;1355;477;477;25;452;35.20;5.24
89671;321504;4;Świetlica Wiejska-Silnowo 78-446 Silnowo 26;1610;110;110;8;102;6.83;7.27;1604;441;441;22;419;27.49;4.99
89672;321504;5;Szkoła Podstawowa-Jeleń 78-446 Jeleń 2;949;109;109;0;109;11.49;0.00;949;333;333;11;322;35.09;3.30
91797;321504;6;Dom Pomocy Społecznej 78-449 Borne Sulinowo ul. Szpitalna 5;112;40;40;2;38;35.71;5.00;144;74;74;7;67;51.39;9.46
89673;321505;1;Dom Szkoleniowy 78-450 Grzmiąca ul. Kolejowa 2;2149;313;313;8;305;14.56;2.56;2114;712;712;38;674;33.68;5.34
89674;321505;2;Szkoła Podstawowa 78-450 Mieszałki ul. Szkolna 11;619;84;84;10;74;13.57;11.90;608;167;167;6;161;27.47;3.59
89675;321505;3;Szkoła Podstawowa 78-451 Iwin 12A;522;48;48;6;42;9.20;12.50;523;170;170;12;158;32.50;7.06
89676;321505;4;Szkoła Podstawowa 78-452 Krosino ul. Szkolna 3;803;90;90;7;83;11.21;7.78;811;260;260;19;241;32.06;7.31
89677;321506;1;Szkoła Podstawowa 78-411 Wierzchowo 40;1339;112;112;0;112;8.36;0.00;1319;375;375;17;358;28.43;4.53
89678;321506;2;Szkoła Podstawowa w Wierzchowie, filia w Sporem 78-400 Spore 7;576;75;75;2;73;13.02;2.67;567;185;185;15;170;32.63;8.11
89679;321506;3;Szkoła Podstawowa 78-400 Parsęcko 69;1524;147;147;8;139;9.65;5.44;1529;454;454;21;433;29.69;4.63
89680;321506;4;Szkoła Podstawowa w Turowie, filia w Jeleninie 78-400 Jelenino 38;461;71;71;5;66;15.40;7.04;468;174;174;14;160;37.18;8.05
89681;321506;5;Publiczne Gimnazjum 78-400 Turowo 78;1411;156;156;18;138;11.06;11.54;1410;486;486;25;461;34.47;5.14
89682;321506;6;Szkoła Podstawowa 78-400 Żółtnica ul. Szkolna 13;875;103;103;8;95;11.77;7.77;885;287;287;18;269;32.43;6.27
89683;321506;7;Szkoła Podstawowa 78-422 Gwda Wielka ul. Polna 21;1146;173;173;7;166;15.10;4.05;1149;468;468;17;451;40.73;3.63
89684;321601;1;Zespół Szkół Ponadgimnazjalnych (nowy budynek) 78-300 Świdwin ul. Kościuszki 28;1906;308;308;26;282;16.16;8.44;1852;687;687;30;657;37.10;4.37
89685;321601;2;Hala Sportowa 78-300 Świdwin ul. 3 Marca 50;1586;318;318;11;307;20.05;3.46;1559;643;643;22;621;41.24;3.42
89686;321601;3;Publiczne Przedszkole nr 1 78-300 Świdwin ul. Drawska 30;1419;265;265;8;257;18.68;3.02;1366;563;563;13;550;41.22;2.31
89687;321601;4;Świdwiński Ośrodek Kultury 78-300 Świdwin ul. Niedziałkowskiego 17;1622;308;308;15;293;18.99;4.87;1591;714;714;27;687;44.88;3.78
89688;321601;5;Publiczne Gimnazjum nr 1 78-300 Świdwin ul. Kombatantów Polskich 6;1885;393;393;15;378;20.85;3.82;1844;880;880;25;855;47.72;2.84
89689;321601;6;Budynek dawnej Szkoły Zawodowej 78-300 Świdwin ul. Wojska Polskiego 14;1870;376;376;14;362;20.11;3.72;1799;845;845;19;826;46.97;2.25
89690;321601;7;Zespół Szkół Rolniczych Centrum Kształcenia Praktycznego 78-300 Świdwin ul. Szczecińska 88;1432;229;229;7;222;15.99;3.06;1417;550;550;12;538;38.81;2.18
89691;321601;8;Publiczna Szkoła Podstawowa nr 3 78-300 Świdwin ul. Szturmowców 1;800;136;136;0;136;17.00;0.00;823;346;346;8;338;42.04;2.31
89692;321602;1;Remiza Ochotniczej Straży Pożarnej 78-316 Brzeżno 7;1868;271;271;6;265;14.51;2.21;1852;650;650;26;624;35.10;4.00
89693;321602;2;Świetlica 78-316 Słonowice 35 lokal: 1;442;59;59;4;55;13.35;6.78;419;137;137;7;130;32.70;5.11
89694;321603;1;Publiczne Gimnazjum w Połczynie-Zdroju 78-320 Połczyn-Zdrój ul. Mieszka I 19;1052;283;283;25;258;26.90;8.83;1047;545;545;12;533;52.05;2.20
89695;321603;2;Hala Widowiskowo-Sportowa w Połczynie-Zdroju 78-320 Połczyn-Zdrój ul. Mieszka I 19;1877;247;247;11;236;13.16;4.45;1864;642;642;17;625;34.44;2.65
89696;321603;3;Zespól Szkół Ponadgimnazjalnych w Połczynie-Zdroju 78-320 Połczyn-Zdrój ul. Staszica 6;1480;356;356;11;345;24.05;3.09;1444;674;674;36;638;46.68;5.34
89697;321603;4;Centrum Kultury w Połczynie-Zdroju 78-320 Połczyn-Zdrój ul. Wojska Polskiego 54;1887;365;365;21;344;19.34;5.75;1836;752;752;26;726;40.96;3.46
89698;321603;5;Urząd Miejski w Połczynie-Zdroju 78-320 Połczyn-Zdrój ul. Plac Wolności 3-4;1791;492;492;25;467;27.47;5.08;1990;1016;1016;43;973;51.06;4.23
89699;321603;6;Publiczna Szkoła Podstawowa Nr 1 w Połczynie-Zdroju 78-320 Połczyn-Zdrój ul. Grunwaldzka 34;1712;288;288;13;275;16.82;4.51;1655;648;648;33;615;39.15;5.09
89700;321603;7;Publiczna Szkoła Podstawowa w Toporzyku 78-320 Toporzyk 23;787;56;56;3;53;7.12;5.36;766;207;207;9;198;27.02;4.35
89701;321603;8;Zespół Szkół Publicznych w Redle 78-320 Redło 12;1706;207;207;13;194;12.13;6.28;1673;621;621;29;592;37.12;4.67
89702;321603;9;Publiczna Szkoła Podstawowa w Bolkowie 78-320 Bolkowo 10;685;88;88;3;85;12.85;3.41;684;213;213;21;192;31.14;9.86
91798;321603;10;Szpital Polski Połczyn-Zdrój 78-320 Połczyn-Zdrój ul. Gwardii Ludowej 5;28;8;8;0;8;28.57;0.00;41;9;9;0;9;21.95;0.00
89703;321604;1;Zespół Szkół 78-331 Rąbino 57;1360;257;257;15;242;18.90;5.84;1356;488;488;14;474;35.99;2.87
89704;321604;2;Szkoła Podstawowa 78-331 Nielep 38;673;67;67;4;63;9.96;5.97;665;175;175;11;164;26.32;6.29
89705;321604;3;Ośrodek Edukacji Ekologicznej 78-331 Lipie 16;538;71;71;3;68;13.20;4.23;527;132;132;12;120;25.05;9.09
89706;321604;4;Niepubliczna Szkoła Podstawowa 78-331 Rzecino 12;502;46;46;1;45;9.16;2.17;492;117;117;6;111;23.78;5.13
89707;321605;1;Ośrodek Kultury 78-314 Sławoborze ul. Kolejowa 6;790;102;102;7;95;12.91;6.86;791;282;282;19;263;35.65;6.74
89708;321605;2;Gminny Ośrodek Pomocy Społecznej 78-314 Sławoborze ul. Leśna 1;824;121;121;4;117;14.68;3.31;805;341;341;9;332;42.36;2.64
89709;321605;3;Szkoła Podstawowa 78-314 Sławoborze ul. Lipowa 19;948;54;54;9;45;5.70;16.67;955;214;214;13;201;22.41;6.07
89710;321605;4;Świetlica Wiejska 78-314 Mysłowice 51;732;86;86;7;79;11.75;8.14;717;197;197;19;178;27.48;9.64
91799;321605;5;Dom Pomocy Społecznej w Krzecku 78-314 Krzecko 5;51;7;7;0;7;13.73;0.00;62;18;18;2;16;29.03;11.11
89711;321606;1;Świetlica Wiejska 78-311 Rusinowo 22;557;84;84;4;80;15.08;4.76;553;213;213;5;208;38.52;2.35
89712;321606;2;Świetlica OSP w Lekowie 78-312 Lekowo 25a;666;94;94;7;87;14.11;7.45;665;211;211;9;202;31.73;4.27
89713;321606;3;Zespół Szkół w Bierzwnicy 78-324 Bierzwnica 52;488;60;60;0;60;12.30;0.00;488;149;149;16;133;30.53;10.74
89714;321606;4;Świetlica Wiejska w Klępczewie 78-312 Klępczewo 8;539;58;58;4;54;10.76;6.90;533;188;188;9;179;35.27;4.79
89715;321606;5;Świetlica Wiejska w Smardzku 78-300 Smardzko 14;696;79;79;10;69;11.35;12.66;679;221;221;16;205;32.55;7.24
89716;321606;6;Szkoła Filialna w Oparznie 78-300 Oparzno 31;628;62;62;1;61;9.87;1.61;630;180;180;12;168;28.57;6.67
89717;321606;7;Szkoła Podstawowa Nr 2 w Świdwinie 78-300 Świdwin ul. Armii Krajowej 19;914;87;87;4;83;9.52;4.60;920;305;305;14;291;33.15;4.59
89718;321606;8;Świetlica Wiejska w Krosinie 78-300 Krosino 21;423;55;55;6;49;13.00;10.91;430;157;157;3;154;36.51;1.91
89719;321701;1;Rolnicze Centrum Kształcenia Ustawicznego 78-600 Wałcz ul. Południowa 10 a;750;150;150;8;142;20.00;5.33;725;335;335;11;324;46.21;3.28
89720;321701;2;Szkoła Podstawowa Nr 4 78-600 Wałcz Al. Tysiąclecia 19;1912;449;449;10;439;23.48;2.23;1844;913;913;21;892;49.51;2.30
89721;321701;3;Przedszkole nr 6 78-600 Wałcz Al. Tysiąclecia 9;1934;410;410;19;391;21.20;4.63;1875;907;907;27;880;48.37;2.98
89722;321701;4;Szkoła Podstawowa Nr 1 78-600 Wałcz ul. Robotnicza 23;1931;355;355;10;345;18.38;2.82;1864;825;825;28;797;44.26;3.39
89723;321701;5;Środowiskowy Dom Samopomocy 78-600 Wałcz ul. Nowomiejska 4;1966;357;357;16;341;18.16;4.48;1965;936;937;25;911;47.63;2.67
89724;321701;6;Zespół Szkół Nr 3 78-600 Wałcz ul. Bankowa 13;1813;386;386;20;366;21.29;5.18;1787;972;972;8;964;54.39;0.82
89725;321701;7;Szkoła Podstawowa Nr 5 78-600 Wałcz os. Dolne Miasto 14A;1975;456;456;10;446;23.09;2.19;1912;1042;1042;21;1021;54.50;2.02
89726;321701;8;Przedszkole Nr 8 78-600 Wałcz os. Dolne Miasto 25a;1801;428;428;9;419;23.76;2.10;1801;985;985;26;959;54.69;2.64
89727;321701;9;Zespół Szkół Miejskich Nr 2 78-600 Wałcz ul. Sądowa 9;1743;272;272;0;272;15.61;0.00;1726;750;750;17;733;43.45;2.27
89728;321701;10;Przedszkole Nr 9 78-600 Wałcz ul. Wojska Polskiego 53;2431;489;489;17;472;20.12;3.48;2379;1136;1136;47;1089;47.75;4.14
89729;321701;11;PKS Sp. z o.o. 78-600 Wałcz ul. Wojska Polskiego 54;2348;539;539;17;522;22.96;3.15;2240;1198;1198;22;1176;53.48;1.84
91800;321701;12;Samodzielny Publiczny Zakład Opieki Zdrowotnej - 107 Szpital Wojskowy z Przychodnią 78-600 Wałcz ul. Kołobrzeska 44;25;20;20;2;18;80.00;10.00;83;68;68;3;65;81.93;4.41
91801;321701;13;Dom Pomocy Społecznej 78-600 Wałcz ul. Orla 35;54;33;33;7;26;61.11;21.21;56;24;24;5;19;42.86;20.83
89730;321702;1;Szkoła Podstawowa w Człopie 78-630 Człopa Plac Zwycięstwa 6;1918;316;316;13;303;16.48;4.11;1894;795;795;38;757;41.97;4.78
89731;321702;2;Publiczne Gimnazjum im. Jana Pawła II 78-630 Człopa Plac Zwycięstwa 6;1357;58;58;7;51;4.27;12.07;1356;328;328;25;303;24.19;7.62
89732;321702;3;Świetlica Wiejska 78-630 Mielęcin ul. Szkolna 5;337;51;51;3;48;15.13;5.88;340;130;130;10;120;38.24;7.69
89733;321702;4;Świetlica Wiejska 78-630 Wołowe Lasy 22;455;80;80;5;75;17.58;6.25;458;167;167;15;152;36.46;8.98
89734;321703;1;Zespół Szkół 78-650 Mirosławiec ul. Wolności 21;1262;191;191;5;186;15.13;2.62;1261;493;493;15;478;39.10;3.04
89735;321703;2;Ośrodek Kultury 78-650 Mirosławiec ul. Parkowa 1;1438;196;196;9;187;13.63;4.59;1417;581;581;28;553;41.00;4.82
89736;321703;3;Świetlica Środowiskowa 78-651 Mirosławiec Górny Osiedle XXX - lecia LLP 4/1;419;71;71;5;66;16.95;7.04;433;198;198;1;197;45.73;0.51
89737;321703;4;Świetlica Wiejska 78-650 Hanki 47;608;43;43;0;43;7.07;0.00;597;180;180;8;172;30.15;4.44
89738;321703;5;Świetlica Wiejska 78-650 Piecnik 53;485;51;51;12;39;10.52;23.53;493;134;134;5;129;27.18;3.73
89739;321704;1;Hol Szkoły Podstawowej 78-640 Tuczno ul. Świerczewskiego 41;812;147;147;5;142;18.10;3.40;815;309;309;19;290;37.91;6.15
89740;321704;2;Szkoła Podstawowa 78-640 Marcinkowice 46A;757;80;80;2;78;10.57;2.50;757;234;234;33;201;30.91;14.10
89741;321704;3;Świetlica Wiejska 78-640 Rzeczyca ul.1-go Maja 39;834;91;91;10;81;10.91;10.99;824;260;260;10;250;31.55;3.85
89742;321704;4;Świetlica Wiejska 78-640 Zdbowo 2;381;53;53;3;50;13.91;5.66;394;109;109;22;87;27.66;20.18
89743;321704;5;Świetlica Wiejska 78-640 Miłogoszcz 11;417;36;36;1;35;8.63;2.78;417;87;87;5;82;20.86;5.75
89744;321704;6;Gminny Ośrodek Kultury 78-640 Tuczno ul. Wolności 26a;811;140;140;12;128;17.26;8.57;809;318;318;25;293;39.31;7.86
89745;321705;1;Szkoła Podstawowa 78-607 Dębołęka 13A;1324;123;123;6;117;9.29;4.88;1307;380;380;17;363;29.07;4.47
89746;321705;2;Szkoła Podstawowa 78-609 Karsibór 39;1445;145;145;10;135;10.03;6.90;1440;473;473;25;448;32.85;5.29
89747;321705;3;Świetlica Wiejska 78-600 Kłębowiec 50A;685;95;95;1;94;13.87;1.05;681;293;293;16;277;43.02;5.46
89748;321705;4;Szkoła Podstawowa 78-611 Szwecja ul. Szkolna 21;1366;247;247;6;241;18.08;2.43;1368;650;650;9;641;47.51;1.38
89749;321705;5;Szkoła Podstawowa 78-600 Witankowo 42;746;114;114;3;111;15.28;2.63;744;246;246;18;228;33.06;7.32
89750;321705;6;Szkoła Podstawowa 78-627 Różewo 8;1350;170;170;5;165;12.59;2.94;1345;515;515;12;503;38.29;2.33
89751;321705;7;Szkoła Podstawowa 78-600 Gostomia 36;1187;135;135;8;127;11.37;5.93;1171;359;359;13;346;30.66;3.62
89752;321705;8;Szkoła Podstawowa 78-642 Strączno 53;1192;118;118;12;106;9.90;10.17;1192;344;344;8;336;28.86;2.33
89753;321705;9;Gimnazjum 78-600 Chwiram 1;604;110;110;3;107;18.21;2.73;592;241;241;12;229;40.71;4.98
89754;321801;1;Szkoła Podstawowa 72-210 Dobra ul. Mieszczańska 2;1857;206;206;12;194;11.09;5.83;1834;657;657;27;630;35.82;4.11
89755;321801;2;Urząd Miejski 72-210 Dobra ul. Rynek 1;1089;49;49;1;48;4.50;2.04;1105;249;249;18;231;22.53;7.23
89756;321801;3;Szkoła Podstawowa 72-210 Wojtaszyce 39;597;61;61;8;53;10.22;13.11;593;162;162;12;150;27.32;7.41
89757;321802;1;Szkoła Podstawowa Nr 1 73-150 Łobez ul. Bema 6;1500;271;271;8;263;18.07;2.95;1467;730;730;23;707;49.76;3.15
89758;321802;2;Szkoła Podstawowa Nr 2 73-150 Łobez ul.Spokojna 4;1482;285;285;9;276;19.23;3.16;1474;680;680;17;663;46.13;2.50
89759;321802;3;Zespół Szkół Gimnazjalnych 73-150 Łobez ul. Kościuszki 17;1453;273;273;7;266;18.79;2.56;1414;596;596;20;576;42.15;3.36
89760;321802;4;Łobeski Dom Kultury 73-150 Łobez ul. Niepodległości 52;749;127;127;5;122;16.96;3.94;741;305;305;6;299;41.16;1.97
89761;321802;5;Hala Widowiskowo-Sportowa 73-150 Łobez ul.Orzeszkowej 7;1646;332;332;12;320;20.17;3.61;1641;758;758;23;735;46.19;3.03
89762;321802;6;Agencja Restrukturyzacji i Modernizacji Rolnictwa Biuro Powiatu Łobeskiego 73-150 Łobez plac Spółdzielców 2;777;127;127;14;113;16.34;11.02;786;301;301;16;285;38.30;5.32
89763;321802;7;Środowiskowy Dom Samopomocy 73-150 Łobez ul.Sawickiej 31;763;122;122;10;112;15.99;8.20;755;327;327;12;315;43.31;3.67
89764;321802;8;Przedszkole Miejskie Nr 1 73-150 Łobez ul. Mickiewicza 11;699;49;49;2;47;7.01;4.08;682;174;174;13;161;25.51;7.47
89765;321802;9;Publiczna Szkoła Podstawowa w Bełcznie 73-150 Bełczna 28A;739;67;67;3;64;9.07;4.48;744;188;188;11;177;25.27;5.85
89766;321802;10;Świetlica Wiejska w Zajezierzu 73-150 Zajezierze 34;690;86;86;2;84;12.46;2.33;701;207;207;8;199;29.53;3.86
89767;321802;11;Świetlica wiejska w Suliszewicach 73-150 Suliszewice 21A;805;71;71;3;68;8.82;4.23;794;190;190;9;181;23.93;4.74
89768;321803;1;Gminny Ośrodek Kultury 72-314 Radowo Małe 5;940;149;149;11;138;15.85;7.38;958;392;392;18;374;40.92;4.59
89769;321803;2;Świetlica Wiejska 72-314 Rogowo 22;567;48;48;4;44;8.47;8.33;559;130;130;16;114;23.26;12.31
89770;321803;3;Świetlica Wiejska 72-314 Gostomin 8;632;50;50;0;50;7.91;0.00;630;153;153;8;145;24.29;5.23
89771;321803;4;Szkoła podstawowa w Siedlicach 73-155 Siedlice 16A;852;74;74;4;70;8.69;5.41;837;212;212;11;201;25.33;5.19
89772;321804;1;Gimnazjum 72-315 Resko ul. Bolesława Prusa 2;2000;262;262;16;246;13.10;6.11;1957;738;738;33;705;37.71;4.47
89773;321804;2;Centrum Kultury 72-315 Resko ul. Wojska Polskiego 16;2202;367;367;24;343;16.67;6.54;2142;830;830;29;801;38.75;3.49
89774;321804;3;Szkoła Podstawowa 72-315 Łosośnica 23;444;32;32;3;29;7.21;9.38;446;126;126;8;118;28.25;6.35
89775;321804;4;Szkoła Podstawowa 72-315 Łabuń Wielki 32;558;54;54;9;45;9.68;16.67;555;139;139;3;136;25.05;2.16
89776;321804;5;Szkoła Podstawowa 72-315 Starogard 12;1136;116;116;7;109;10.21;6.03;1126;296;296;19;277;26.29;6.42
91802;321804;6;Dom Pomocy Społecznej 72-315 Resko ul. Wojska Polskiego 40;64;27;27;4;23;42.19;14.81;55;27;27;5;22;49.09;18.52
91803;321804;7;SPZZOZ w Gryficach, Oddział Zamiejscowy w Resku 72-315 Resko ul. Szpitalna 8;44;1;1;0;1;2.27;0.00;68;9;9;0;9;13.24;0.00
89777;321805;1;Gimnazjum 73-155 Węgorzyno Kościuszki 29;2209;332;332;20;312;15.03;6.02;2177;860;860;49;811;39.50;5.70
89778;321805;2;Szkoła Podstawowa 73-155 Węgorzyno Grunwaldzka 2;1016;78;78;7;71;7.68;8.97;1010;269;269;29;240;26.63;10.78
89779;321805;3;Punkt Przedszkolny 73-155 Sielsko 20;859;119;119;10;109;13.85;8.40;852;246;246;11;235;28.87;4.47
89780;321805;4;Szkoła Podstawowa 73-155 Runowo Pomorskie Węgorzyńska 29;1677;190;190;17;173;11.33;8.95;1680;485;485;23;462;28.87;4.74
89781;326101;1;Przedszkole Nr 14 75-445 Koszalin ul. Melchiora Wańkowicza 15;1599;477;477;12;465;29.83;2.52;1557;892;892;11;881;57.29;1.23
89782;326101;2;Bursa Międzyszkolna 75-452 Koszalin ul. Jana Pawła II 17;1778;461;461;7;454;25.93;1.52;1728;953;953;21;932;55.15;2.20
89783;326101;3;Klub Osiedlowy „Kanion” 75-328 Koszalin ul. Juliana Krzyżanowskiego 26;1993;626;626;25;601;31.41;3.99;1951;1175;1175;16;1159;60.23;1.36
89784;326101;4;Szkoła Podstawowa Integracyjna Nr 21 75-451 Koszalin ul. Władysława Spasowskiego 14a;1739;594;594;13;581;34.16;2.19;1700;1080;1080;16;1064;63.53;1.48
89785;326101;5;Politechnika Koszalińska 75-453 Koszalin ul. Śniadeckich 2;2038;584;584;14;570;28.66;2.40;1947;1141;1141;14;1127;58.60;1.23
89786;326101;6;Przedszkole Nr 15 75-449 Koszalin ul. Stanisława Staszica 11;1610;536;536;23;513;33.29;4.29;1538;965;965;19;946;62.74;1.97
89787;326101;7;Szkoła Podstawowa Nr 18 75-449 Koszalin ul. Stanisława Staszica 6;2241;745;745;17;728;33.24;2.28;2171;1363;1363;17;1346;62.78;1.25
89788;326101;8;Gimnazjum Nr 9 75-449 Koszalin ul. Stanisława Staszica 6;1353;425;425;12;413;31.41;2.82;1369;820;820;12;808;59.90;1.46
89789;326101;9;Przedszkole Nr 35 75-361 Koszalin ul. Rodła 10;2163;810;810;16;794;37.45;1.98;2096;1437;1437;15;1422;68.56;1.04
89790;326101;10;Szkoła Podstawowa Nr 17 75-445 Koszalin ul. Melchiora Wańkowicza 11;2242;665;665;12;653;29.66;1.80;2182;1173;1173;16;1157;53.76;1.36
89791;326101;11;Gimnazjum Nr 7 75-446 Koszalin ul. Melchiora Wańkowicza 26;2269;667;667;28;639;29.40;4.20;2197;1207;1207;22;1185;54.94;1.82
89792;326101;12;Zespół Państwowych Szkół Muzycznych 75-434 Koszalin ul. Juliana Fałata 32;1997;503;503;20;483;25.19;3.98;1911;993;993;18;975;51.96;1.81
89793;326101;13;Zespół Szkół Nr 7 75-522 Koszalin ul. Orląt Lwowskich 18;1698;454;454;11;443;26.74;2.42;1656;884;884;23;861;53.38;2.60
89794;326101;14;Gimnazjum Nr 11 75-503 Koszalin ul. Sportowa 19;894;328;328;6;322;36.69;1.83;958;568;568;6;562;59.29;1.06
89795;326101;15;Koszalińska Biblioteka Publiczna 75-415 Koszalin ul. Plac Polonii 1;1189;285;285;15;270;23.97;5.26;1183;539;540;11;528;45.56;2.04
89796;326101;16;Szkoła Podstawowa Nr 10 75-567 Koszalin ul. Fryderyka Chopina 42;1935;561;561;17;544;28.99;3.03;1983;1127;1128;20;1107;56.83;1.77
89797;326101;17;Ośrodek Wsparcia „Złoty Wiek” 75-525 Koszalin ul. Marszałka Józefa Piłsudskiego 64;2312;695;695;28;667;30.06;4.03;2260;1194;1194;19;1175;52.83;1.59
89798;326101;18;Przedszkole Nr 7 75-512 Koszalin ul. Marszałka Józefa Piłsudskiego 44;2104;503;503;10;493;23.91;1.99;2098;1020;1020;30;990;48.62;2.94
89799;326101;19;Przedszkole Nr 22 75-581 Koszalin ul. Tytusa Chałubińskiego 6;1784;594;594;17;577;33.30;2.86;1723;1068;1068;18;1050;61.98;1.69
89800;326101;20;Zespół Szkół Nr 11 75-679 Koszalin ul. Jabłoniowa 23;1963;655;656;16;639;33.37;2.44;1935;1174;1174;11;1163;60.67;0.94
89801;326101;21;Centrum Edukacji Nauczycieli 75-654 Koszalin ul. Ferdynanda Ruszczyca 16;2202;695;695;9;686;31.56;1.29;2172;1279;1279;14;1265;58.89;1.09
89802;326101;22;PRO-WAM Spółka z o.o. 75-653 Koszalin ul. Zwycięstwa 278;1989;638;638;15;623;32.08;2.35;2023;1322;1322;14;1308;65.35;1.06
89803;326101;23;II Liceum Ogólnokształcące im. Wł. Broniewskiego 75-631 Koszalin ul. Józefa Chełmońskiego 7;1920;546;546;24;522;28.44;4.40;1908;1080;1080;19;1061;56.60;1.76
89804;326101;24;Klub KSM „Nasz Dom” 75-613 Koszalin ul. Zwycięstwa 148;1934;491;491;13;478;25.39;2.65;1872;920;920;21;899;49.15;2.28
89805;326101;25;Szkoła Podstawowa Nr 7 75-712 Koszalin ul. Wojska Polskiego 36;1824;526;526;13;513;28.84;2.47;1850;1095;1095;20;1075;59.19;1.83
89806;326101;26;Szkoła Podstawowa Nr 6 75-736 Koszalin ul. Gnieźnieńska 3;2344;564;564;13;551;24.06;2.30;2356;1292;1292;12;1280;54.84;0.93
89807;326101;27;Archiwum Państwowe 75-803 Koszalin ul. Marii Skłodowskiej-Curie 2;1155;265;265;5;260;22.94;1.89;1164;574;574;20;554;49.31;3.48
89808;326101;28;Centrum Kultury „105” 75-001 Koszalin ul. Zwycięstwa 105;545;156;156;3;153;28.62;1.92;535;291;291;7;284;54.39;2.41
89809;326101;29;Szkoła Podstawowa Nr 13 75-243 Koszalin ul. Rzemieślnicza 9;1764;405;405;10;395;22.96;2.47;1745;861;861;26;835;49.34;3.02
89810;326101;30;Przedszkole Nr 10 75-243 Koszalin ul. Rzemieślnicza 6;1379;312;312;14;298;22.63;4.49;1327;616;616;15;601;46.42;2.44
89811;326101;31;I Liceum Ogólnokształcące im. St. Dubois 75-070 Koszalin ul. Komisji Edukacji Narodowej 1;1410;348;348;8;340;24.68;2.30;1378;701;701;7;694;50.87;1.00
89812;326101;32;Gimnazjum Nr 2 75-064 Koszalin ul. Bolesława Krzywoustego 5;1187;276;276;9;267;23.25;3.26;1127;556;556;11;545;49.33;1.98
89813;326101;33;Polska Spółka Gazownictwa Sp. z o.o. Oddział w Poznaniu Zakład w Koszalinie 75-808 Koszalin ul. Połczyńska 55/57;1882;431;431;9;422;22.90;2.09;1891;969;969;19;950;51.24;1.96
89814;326101;34;Szkoła Podstawowa Nr 9 75-100 Koszalin ul. Powstańców Wielkopolskich 23;1901;442;442;8;434;23.25;1.81;1831;872;872;23;849;47.62;2.64
89815;326101;35;Miejska Energetyka Cieplna Sp. z o.o. 75-111 Koszalin ul. Łużycka 25a;1586;319;319;20;299;20.11;6.27;1512;687;687;28;659;45.44;4.08
89816;326101;36;Przedszkole Nr 12 75-842 Koszalin ul. Lechicka 45;1029;232;232;11;221;22.55;4.74;981;415;415;19;396;42.30;4.58
89817;326101;37;Koszalińska Biblioteka Publiczna Filia Nr 1 75-847 Koszalin ul. Wenedów 24b/ lokal: 8;1778;486;486;19;467;27.33;3.91;1753;1060;1060;20;1040;60.47;1.89
89818;326101;38;Żłobek Miejski Oddział „Jacek i Agatka” 75-823 Koszalin ul. Konstytucji 3 Maja 29;1807;333;333;8;325;18.43;2.40;1817;714;714;15;699;39.30;2.10
89819;326101;39;Koszalińskie Centrum Kształcenia Instytut Postępowania Twórczego 75-211 Koszalin ul. Bohaterów Warszawy 22;982;146;146;5;141;14.87;3.42;957;413;413;6;407;43.16;1.45
89820;326101;40;VI Liceum Ogólnokształcące 75-335 Koszalin ul. Podgórna 55;1519;427;427;6;421;28.11;1.41;1461;775;775;22;753;53.05;2.84
89821;326101;41;Szkoła Podstawowa Nr 4 75-321 Koszalin ul. Podgórna 45;1716;449;449;22;427;26.17;4.90;1714;895;895;20;875;52.22;2.23
89822;326101;42;Klub Osiedlowy KSM „Na Skarpie” 75-343 Koszalin ul. Na Skarpie 17;1898;528;528;11;517;27.82;2.08;1822;1005;1005;8;997;55.16;0.80
89823;326101;43;Przedszkole Integracyjne 75-342 Koszalin ul. Władysława IV 143;2048;622;622;10;612;30.37;1.61;2119;1366;1366;21;1345;64.46;1.54
89824;326101;44;Gimnazjum Nr 6 75-354 Koszalin ul. Stanisława Dąbka 1;2044;627;627;14;613;30.68;2.23;1989;1128;1128;18;1110;56.71;1.60
89825;326101;45;Politechnika Koszalińska 75-343 Koszalin ul. Eugeniusza Kwiatkowskiego 6e;1790;520;520;17;503;29.05;3.27;1736;989;989;9;980;56.97;0.91
89826;326101;46;Klub „Bałtyk” 75-233 Koszalin ul. Spokojna 48;1923;486;486;15;471;25.27;3.09;1868;1013;1013;14;999;54.23;1.38
89827;326101;47;Zespół Szkół Nr 13 75-255 Koszalin ul. Franciszkańska 102;2069;574;574;17;557;27.74;2.96;2029;1141;1141;25;1116;56.23;2.19
89828;326101;48;Zespół Szkół Nr 8 75-235 Koszalin ul. Morska 108;1908;444;444;9;435;23.27;2.03;1868;969;969;22;947;51.87;2.27
89829;326101;49;Przedszkole Integracyjne 75-900 Koszalin ul. Szkolna 1;938;259;259;10;249;27.61;3.86;981;547;547;8;539;55.76;1.46
91804;326101;50;Szpital Wojewódzki 75-581 Koszalin ul. Tytusa Chałubińskiego 7;314;47;47;4;43;14.97;8.51;290;120;120;2;118;41.38;1.67
91805;326101;51;Specjalistyczny Zespół Gruźlicy i Chorób Płuc 75-252 Koszalin ul. Niepodległości 44/48;77;10;10;2;8;12.99;20.00;79;25;25;2;23;31.65;8.00
91806;326101;52;Zakład Karny 75-202 Koszalin ul. Strefowa 17;461;244;244;55;189;52.93;22.54;343;169;169;26;143;49.27;15.38
91807;326101;53;Areszt Śledczy 75-422 Koszalin ul. Młyńska 71;325;119;119;22;97;36.62;18.49;265;166;166;39;127;62.64;23.49
91808;326101;54;Samodzielny Publiczny Zakład Opieki Zdrowotnej MSW 75-720 Koszalin ul. Szpitalna 2;12;2;2;0;2;16.67;0.00;80;36;36;3;33;45.00;8.33
89830;326201;1;Rada Osiedla Płonia,Śm.,Jezierzyce 70-892 Szczecin Pyrzycka 28;1123;273;273;4;269;24.31;1.47;1157;626;626;10;616;54.11;1.60
89831;326201;2;Warsztaty Terapii Zajeciowej 70-893 Szczecin ul.Przyszłości 21;2175;486;486;9;477;22.34;1.85;2178;1089;1089;25;1064;50.00;2.30
89832;326201;3;Zespół Szkół Nr 13 70-880 Szczecin ul. Bałtycka 1a;1378;351;351;5;346;25.47;1.42;1385;696;696;9;687;50.25;1.29
89833;326201;4;Zespół Szkół Nr 13 70-880 Szczecin ul. Bałtycka 1a;1714;484;484;5;479;28.24;1.03;1710;955;955;15;940;55.85;1.57
89834;326201;5;Szkoła Podstawowa Nr 59 70-789 Szczecin ul. Dąbska 105;1723;492;492;11;481;28.55;2.24;1692;1018;1018;13;1005;60.17;1.28
89835;326201;6;Szkoła Podstawowa Nr 59 70-789 Szczecin ul. Dąbska 105;1419;395;395;5;390;27.84;1.27;1444;876;876;14;862;60.66;1.60
89836;326201;7;Przedszkole Publiczne Nr 11 70-895 Szczecin ul. Osiedle Kasztanowe 54;1291;218;218;10;208;16.89;4.59;1307;567;567;18;549;43.38;3.17
89837;326201;8;Przedszkole Publiczne Nr 11 70-895 Szczecin ul. Osiedle Kasztanowe 54;1404;260;260;18;242;18.52;6.92;1383;607;607;30;577;43.89;4.94
89838;326201;9;Szkoła Podstawowa Nr 71 70-842 Szczecin ul.Bośniacka 7;1420;407;407;13;394;28.66;3.19;1451;797;797;10;787;54.93;1.25
89839;326201;10;Szkoła Podstawowa Nr 71 70-842 Szczecin ul.Bośniacka 7;1495;341;341;8;333;22.81;2.35;1498;738;738;16;722;49.27;2.17
89840;326201;11;Zespół Szkół nr 2 70-833 Szczecin ul. Portowa 21;2262;647;647;20;627;28.60;3.09;2248;1261;1261;20;1241;56.09;1.59
89841;326201;12;III Liceum Ogólnokształcące 70-812 Szczecin ul. Pomorska 150;1438;353;353;8;345;24.55;2.27;1420;740;740;7;733;52.11;0.95
89842;326201;13;III Liceum Ogólnokształcące 70-812 Szczecin ul. Pomorska 150;2168;398;398;5;393;18.36;1.26;2123;991;991;15;976;46.68;1.51
89843;326201;14;Szkoła Podstawowa Nr 23 70-823 Szczecin ul. Miernicza 10;2074;441;441;10;431;21.26;2.27;2033;988;988;23;965;48.60;2.33
89844;326201;15;Przedszkole Publiczne Nr 62 70-777 Szczecin ul. Jasna 74;2060;625;625;17;608;30.34;2.72;2013;1214;1214;27;1187;60.31;2.22
89845;326201;16;Przedszkole Prywatne 70-777 Szczecin ul. Jasna 113;1514;463;463;9;454;30.58;1.94;1486;883;883;11;872;59.42;1.25
89846;326201;17;Prywatna Szkoła Podstawowa” Słoneczna” 70-783 Szczecin ul.Rydla 5;1515;457;457;14;443;30.17;3.06;1483;824;824;13;811;55.56;1.58
89847;326201;18;Centrum Kształcenia Sportowego 70-783 Szczecin ul. Rydla 49;1865;524;524;12;512;28.10;2.29;1829;1032;1032;14;1018;56.42;1.36
89848;326201;19;Centrum Kształcenia Sportowego 70-783 Szczecin ul. Rydla 49;1240;323;323;8;315;26.05;2.48;1209;702;702;10;692;58.06;1.42
89849;326201;20;Przedszkole Publiczne Nr 9 70-783 Szczecin ul. Kostki Napierskiego 13;1610;497;497;8;489;30.87;1.61;1573;900;900;8;892;57.22;0.89
89850;326201;21;NS ZOZ „Prawobrzeże-Medyk 70-783 Szczecin ul.Kostki Napierskiego 6c;1465;423;423;10;413;28.87;2.36;1444;813;813;11;802;56.30;1.35
89851;326201;22;Środowiskowe Ognisko Wychowawcze TPD 70-786 Szczecin ul. Kosynierów 16;1179;306;306;6;300;25.95;1.96;1152;627;627;5;622;54.43;0.80
89852;326201;23;Gimnazjum Nr 7 70-785 Szczecin ul.Zofii Nałkowskiej 33;1667;447;447;15;432;26.81;3.36;1631;927;927;10;917;56.84;1.08
89853;326201;24;Gimnazjum Nr 7 70-785 Szczecin ul.Zofii Nałkowskiej 33;1582;394;394;14;380;24.91;3.55;1543;892;892;14;878;57.81;1.57
89854;326201;25;Przedszkole Publiczne Nr 61 70-786 Szczecin ul.Maciejowicka 26;1705;434;434;12;422;25.45;2.76;1718;1010;1010;13;997;58.79;1.29
89855;326201;26;Szkoła Podstawowa Nr 37 70-783 Szczecin ul. Rydla 6;702;170;170;3;167;24.22;1.76;697;360;360;7;353;51.65;1.94
89856;326201;27;Klub Osiedlowy” Szpak” 70-781 Szczecin ul. Seledynowa 75a;1886;486;486;14;472;25.77;2.88;1885;1083;1083;24;1059;57.45;2.22
89857;326201;28;Klub Osiedlowy „Smyk” 70-781 Szczecin ul. Różowa 17;1370;274;274;2;272;20.00;0.73;1383;703;703;10;693;50.83;1.42
89858;326201;29;Szkoła Podstawowa Nr 74 70-781 Szczecin ul. Seledynowa 50;1260;353;353;11;342;28.02;3.12;1232;734;734;9;725;59.58;1.23
89859;326201;30;Przedszkole Publiczne Nr 8 70-781 Szczecin ul. Różowa 24;1911;549;554;17;532;28.73;3.10;1842;1046;1046;12;1034;56.79;1.15
89860;326201;31;Szkoła Podstawowa Nr 74 70-781 Szczecin ul. Seledynowa 50;2315;782;782;13;769;33.78;1.66;2271;1461;1461;8;1453;64.33;0.55
89861;326201;32;Szkoła Podstawowa Nr 74 70-781 Szczecin ul. Seledynowa 50;2074;618;618;9;609;29.80;1.46;2053;1253;1253;16;1237;61.03;1.28
89862;326201;33;Poradnia Psychologiczno Pedagogiczna Nr 2 70-783 Szczecin ul. Jaśminowa 4;1959;525;525;20;505;26.80;3.81;1892;1060;1060;21;1039;56.03;1.98
89863;326201;34;Zespół Szkół Nr 1 70-774 Szczecin ul. Młodzieży Polskiej 9;1480;382;382;13;369;25.81;3.40;1468;864;864;12;852;58.86;1.39
89864;326201;35;Zespół Szkół Nr 1 70-774 Szczecin ul. Młodzieży Polskiej 9;1196;379;379;9;370;31.69;2.37;1172;680;680;7;673;58.02;1.03
89865;326201;36;Zespół Szkół Specjalnych Nr 9 70-763 Szczecin ul. Letniskowa 1;2234;492;492;23;469;22.02;4.67;2173;1095;1095;17;1078;50.39;1.55
89866;326201;37;Przedszkole Publiczne Nr 49 70-747 Szczecin ul. Marmurowa 7;1654;379;379;20;359;22.91;5.28;1602;772;772;17;755;48.19;2.20
89867;326201;38;Szkoła Podstawowa Nr 12 70-743 Szczecin ul. Szarego 12;1657;451;451;14;437;27.22;3.10;1625;891;891;17;874;54.83;1.91
89868;326201;39;Szkoła Podstawowa Nr 12 70-743 Szczecin ul. Szarego 12;2429;715;715;21;694;29.44;2.94;2395;1336;1336;26;1310;55.78;1.95
89869;326201;40;Przedszkole Nr 79 70-734 Szczecin ul. Krzemienna 42a;1554;380;380;7;373;24.45;1.84;1479;726;726;10;716;49.09;1.38
89870;326201;41;Rada Osiedla Żydowce Klucz 70-700 Szczecin ul. Rymarska 46/1a;1950;346;346;8;338;17.74;2.31;1926;821;821;18;803;42.63;2.19
89871;326201;42;Portowy Samodzielny Publiczny ZOZ 70-656 Szczecin ul. Energetyków 2;849;141;141;3;138;16.61;2.13;869;327;327;13;314;37.63;3.98
89872;326201;43;Rada Osiedla Pomorzany 70-021 Szczecin ul. Włościańska 1;1149;315;315;5;310;27.42;1.59;1114;597;597;9;588;53.59;1.51
89873;326201;44;Zespół Szkół Ogólnokształcących Nr 5 70-023 Szczecin ul. Budziszyńska 2;1980;575;575;10;565;29.04;1.74;1892;1143;1143;8;1135;60.41;0.70
89874;326201;45;Szkoła Podstawowa Nr 20 70-025 Szczecin ul. Dobrzyńska 2;2194;624;624;20;604;28.44;3.21;2130;1193;1193;16;1177;56.01;1.34
89875;326201;46;Zespół Szkół Rzemieślniczych 70-028 Szczecin ul. Chmielewskiego 19;1432;424;424;8;416;29.61;1.89;1423;735;735;4;731;51.65;0.54
89876;326201;47;Zespół Szkół Ogólnokształcących Nr 3 70-131 Szczecin ul. Orawska 1;2120;679;679;16;663;32.03;2.36;2137;1246;1246;17;1229;58.31;1.36
89877;326201;48;Gimnazjum Nr 9 70-123 Szczecin ul. Dunikowskiego 1;1824;564;564;21;543;30.92;3.72;1861;1047;1047;11;1036;56.26;1.05
89878;326201;49;Gimnazjum Nr 9 70-123 Szczecin ul. Dunikowskiego 1;1917;618;618;11;607;32.24;1.78;1940;1177;1177;19;1158;60.67;1.61
89879;326201;50;Specjalny Ośrodek Szkolno-Wych. dla Dzieci Niesłyszących 70-116 Szczecin ul. Szpitalna 15;1176;264;264;3;261;22.45;1.14;1141;545;545;11;534;47.77;2.02
89880;326201;51;Przedszkole Publiczne Nr 48 70-136 Szczecin ul. 9 Maja 13;1607;524;524;5;519;32.61;0.95;1571;907;907;10;897;57.73;1.10
89881;326201;52;Przedszkole Publiczne nr 44 70-132 Szczecin ul. Ruska 16;1572;524;524;8;516;33.33;1.53;1533;878;878;15;863;57.27;1.71
89882;326201;53;Uniwersytet Szczeciński 71-004 Szczecin ul. Cukrowa 8;917;276;276;4;272;30.10;1.45;925;535;535;6;529;57.84;1.12
89883;326201;54;Szkoła Podstawowa Nr 16 71-023 Szczecin ul. Chobolańska 20;2284;796;796;20;776;34.85;2.51;2357;1594;1594;20;1574;67.63;1.25
89884;326201;55;Szkoła Podstawowa Nr 16 71-023 Szczecin ul. Chobolańska 20;2353;720;720;38;682;30.60;5.28;2396;1388;1388;14;1374;57.93;1.01
89885;326201;56;IV Liceum Ogólnokształcące 71-023 Szczecin ul. Kingi 2;1040;429;429;13;416;41.25;3.03;1042;734;734;5;729;70.44;0.68
89886;326201;57;IV Liceum Ogólnokształcące 71-023 Szczecin ul. Kingi 2;1573;548;548;12;536;34.84;2.19;1557;989;989;15;974;63.52;1.52
89887;326201;58;Uniwersytet Szczeciński 71-004 Szczecin ul. Krakowska 71-79;1255;385;386;17;368;30.68;4.42;1218;697;697;5;692;57.22;0.72
89888;326201;59;Uniwersytet Szczeciński 71-004 Szczecin ul. Krakowska 71-79;1213;332;332;15;317;27.37;4.52;1169;666;666;11;655;56.97;1.65
89889;326201;60;Gimnazjum Nr 20 71-044 Szczecin ul. Brodnicka 10;2003;601;601;12;589;30.00;2.00;2027;1252;1252;16;1236;61.77;1.28
89890;326201;61;Gimnazjum Nr 20 71-044 Szczecin ul. Brodnicka 10;2154;684;684;13;671;31.75;1.90;2406;1578;1578;11;1567;65.59;0.70
89891;326201;62;Gimnazjum Nr 20 71-044 Szczecin ul. Brodnicka 10;1785;546;546;11;535;30.59;2.01;1778;1067;1067;11;1056;60.01;1.03
89892;326201;63;Zachodniopomorski Uniwersytet Technologiczny Wydział Technologii Chemii 71-065 Szczecin al. Piastów 42;2325;805;805;18;787;34.62;2.24;2368;1429;1429;13;1416;60.35;0.91
89893;326201;64;Zachodniopomorski Uniwersytet Technologiczny Biblioteka Główna 70-322 Szczecin ul.Pułaskiego 10;1504;395;395;12;383;26.26;3.04;1488;709;709;8;701;47.65;1.13
89894;326201;65;Zachodniopomorski Uniwersytet Technologiczny Wydział Inżynierii Mechanicznej i Mechatroniki 70-310 Szczecin al. Piastów 19;900;198;198;4;194;22.00;2.02;858;405;405;10;395;47.20;2.47
89895;326201;66;I Liceum Ogólnokształcące 70-331 Szczecin al. Piastów 12;1646;348;348;13;335;21.14;3.74;1584;650;650;19;631;41.04;2.92
89896;326201;67;Gimnazjum Nr 21 70-783 Szczecin ul. Mickiewicza 23;1687;361;361;9;352;21.40;2.49;1646;734;734;16;718;44.59;2.18
89897;326201;68;Gimnazjum Nr 21 70-383 Szczecin ul. Mickiewicza 23;1126;307;307;8;299;27.26;2.61;1108;582;582;6;576;52.53;1.03
89898;326201;69;Zespół Szkół Nr 6 70-236 Szczecin ul. Sowińskiego 3;2227;599;599;14;585;26.90;2.34;2302;1271;1271;12;1259;55.21;0.94
89899;326201;70;Zespół Szkół Nr 3 70-236 Szczecin ul. Sowińskiego 1;741;220;220;6;214;29.69;2.73;721;392;392;5;387;54.37;1.28
89900;326201;71;VI Liceum Ogólnokształcące 70-382 Szczecin ul. Jagiellońska 41;1624;473;473;10;463;29.13;2.11;1648;847;847;17;830;51.40;2.01
89901;326201;72;VI Liceum Ogólnokształcące 70-382 Szczecin ul. Jagiellońska 41;1638;446;446;6;440;27.23;1.35;1594;841;841;8;833;52.76;0.95
89902;326201;73;Szkoła Podstawowa Nr 1 70-327 Szczecin al.Piastów 6;1361;292;292;1;291;21.45;0.34;1366;608;608;8;600;44.51;1.32
89903;326201;74;Ogólnokształcąca Szkoła Muzyczna I Stopnia 70-351 Szczecin ul. Bolesława Śmiałego 42/43;1817;376;376;9;367;20.69;2.39;1837;763;763;11;752;41.54;1.44
89904;326201;75;Rada Osiedla Turzyn 70-361 Szczecin ul. Pocztowa 17;1792;544;544;10;534;30.36;1.84;1742;945;945;35;910;54.25;3.70
89905;326201;76;Zachodniopomorskie Stowarzyszenie Rozwoju Gospodarczego S.C.P. 70-035 Szczecin ul. Kolumba 86;536;82;82;4;78;15.30;4.88;518;161;161;5;156;31.08;3.11
89906;326201;77;Szkoła Podstawowa Nr 61 70-214 Szczecin ul. 3 Maja 4/7;1521;299;299;5;294;19.66;1.67;1469;612;612;12;600;41.66;1.96
89907;326201;78;Szkoła Podstawowa Nr 61 70-214 Szczecin ul. 3 Maja 4/7;1174;339;339;5;334;28.88;1.47;1129;577;577;6;571;51.11;1.04
89908;326201;79;Zachodniopomorski Uniwersytet Technologiczny Wydział Budownictwa i Architektury 70-311 Szczecin al.Piastów 50;1763;309;309;5;304;17.53;1.62;1697;659;659;14;645;38.83;2.12
89909;326201;80;Szkoła Podstawowa nr 5 70-262 Szczecin ul. Królowej Jadwigi 29;1839;394;394;4;390;21.42;1.02;1772;807;807;25;782;45.54;3.10
89910;326201;81;Szkoła Podstawowa Nr 5 70-262 Szczecin ul. Królowej Jadwigi 29;1829;341;341;12;329;18.64;3.52;0;0;0;0;0;NA;-99
89911;326201;82;Zespół Szkół Ogólnokształcących Nr 2 70-241 Szczecin ul. Kopernika 16a;1471;290;290;5;285;19.71;1.72;1415;602;602;9;593;42.54;1.50
89912;326201;83;Zespół Szkół Ogólnokształcących Nr 9 70-306 Szczecin ul. Małkowskiego 12;1715;360;360;12;348;20.99;3.33;1661;707;708;8;699;42.56;1.13
89913;326201;84;Zespół Szkół Ogólnokształcących Nr 9 70-306 Szczecin ul. Małkowskiego 12;1780;334;334;12;322;18.76;3.59;1775;725;725;17;708;40.85;2.34
89914;326201;85;Przedszkole Publiczne Nr 33 70-353 Szczecin ul. Ściegiennego 62/65;1930;418;418;17;401;21.66;4.07;1820;781;781;17;764;42.91;2.18
89915;326201;86;Pomorski Uniwersytet Medyczny 70-204 Szczecin ul. Rybacka 1;854;263;263;11;252;30.80;4.18;808;443;443;6;437;54.83;1.35
89916;326201;87;Szkoła Podstawowa Nr 63 70-543 Szczecin ul. Grodzka 23;1139;397;397;7;390;34.86;1.76;1118;667;667;7;660;59.66;1.05
89917;326201;88;Zespół Szkół Ogólnokształcących Nr 6 70-546 Szczecin Plac Mariacki 1;2199;552;554;10;542;25.10;1.81;2131;997;997;19;978;46.79;1.91
89918;326201;89;Zespół Szkół Ogólnokształcących Nr 9 70-306 Szczecin ul. Małkowskiego 12;2262;480;480;9;471;21.22;1.88;2168;970;970;14;956;44.74;1.44
89919;326201;90;Centrum Kształcenia Sportowego 70-424 Szczecin ul. Mazurska 40;1737;531;531;18;513;30.57;3.39;1665;864;864;11;853;51.89;1.27
89920;326201;91;Przedszkole „Jutrzenka” 70-526 Szczecin ul. Mazowiecka 2;1524;516;516;7;509;33.86;1.36;1460;809;819;5;804;55.41;0.62
89921;326201;92;Szkoła Podstawowa Nr 54 70-426 Szczecin ul. Generała Rayskiego 9;1497;261;261;7;254;17.43;2.68;1412;510;510;12;498;36.12;2.35
89922;326201;93;Szkoła Podstawowa Nr 54 70-426 Szczecin ul. Generała Rayskiego 9;1713;470;473;10;460;27.44;2.13;1689;915;915;12;903;54.17;1.31
89923;326201;94;Szkoła Podstawowa Nr 46 71-417 Szczecin ul. Felczaka 13;1184;146;146;5;141;12.33;3.42;1136;392;392;11;381;34.51;2.81
89924;326201;95;Szkoła Podstawowa Nr 46 71-417 Szczecin ul. Felczaka 13;1419;388;388;8;380;27.34;2.06;1339;677;677;11;666;50.56;1.62
89925;326201;96;Polskie Towarzystwo Walki z Kalectwem 70-450 Szczecin ul. Wielkopolska 32;1827;318;318;5;313;17.41;1.57;1788;718;718;7;711;40.16;0.97
89926;326201;97;Zespół Szkół Specjalnych Nr 12 70-450 Szczecin ul.Wielkopolska 14;1458;386;386;7;379;26.47;1.81;1389;696;696;9;687;50.11;1.29
89927;326201;98;Uniwersytet Szczeciński 71-412 Szczecin ul. Felczaka 3a;1640;495;495;16;479;30.18;3.23;1602;855;855;10;845;53.37;1.17
89928;326201;99;Zespół Szkół Budowlanych 71-402 Szczecin ul. Unisławy 32/33;915;303;303;8;295;33.11;2.64;886;491;491;10;481;55.42;2.04
89929;326201;100;Centrum Kształcenia Sportowego 71-402 Szczecin ul. Mazurska 40;1912;496;496;9;487;25.94;1.81;1859;906;906;12;894;48.74;1.32
89930;326201;101;Izba Skarbowa 70-525 Szczecin ul. Roosvelta 1;855;277;277;8;269;32.40;2.89;812;421;421;2;419;51.85;0.48
89931;326201;102;Zespół Szkół Ogólnokształcących Nr 1 71-537 Szczecin ul. Ofiar Oświęcimia 14;2094;746;746;15;731;35.63;2.01;2118;1277;1277;13;1264;60.29;1.02
89932;326201;103;Szkoła Podstawowa Nr 56 71-612 Szczecin ul. Malczewskiego 22;1546;493;493;14;479;31.89;2.84;1514;869;869;16;853;57.40;1.84
89933;326201;104;II Liceum Ogólnokształcące 70-500 Szczecin ul. H.Pobożnego 2;1011;342;342;9;333;33.83;2.63;1007;592;592;3;589;58.79;0.51
89934;326201;105;Gimnazjum Nr 6 71-441 Szczecin ul. Niemierzyńska 17;1619;297;297;10;287;18.34;3.37;1594;683;683;12;671;42.85;1.76
89935;326201;106;Zespół Szkół Ogółnokształcących Nr 7 71-413 Szczecin ul. Unisławy 26;1632;374;374;4;370;22.92;1.07;1570;766;766;15;751;48.79;1.96
89936;326201;107;Szkoła Podstawowa Nr 69 71-444 Szczecin ul. Zamoyskiego 2;2108;576;576;15;561;27.32;2.60;1992;1036;1036;15;1021;52.01;1.45
89937;326201;108;Szkoła Podstawowa Nr 69 71-444 Szczecin ul. Zamoyskiego 2;1743;270;270;9;261;15.49;3.33;1686;630;630;13;617;37.37;2.06
89938;326201;109;Zespół Szkół Ogółnokształcących Nr 7 71-413 Szczecin ul. Unisławy 26;1154;462;462;5;457;40.03;1.08;1145;686;686;4;682;59.91;0.58
89939;326201;110;Szkoła Podstawowa Nr 10 71-551 Szczecin ul. Kazimierza Królewicza 63;1274;442;442;7;435;34.69;1.58;1259;743;743;14;729;59.02;1.88
89940;326201;111;Szkoła Podstawowa Nr 10 71-551 Szczecin ul. Kazimierza Królewicza 63;1739;521;521;13;508;29.96;2.50;1705;882;882;17;865;51.73;1.93
89941;326201;112;Szczecińska Energetyka Cieplna 71-553 Szczecin ul. Dembowskiego 6;1478;433;433;8;425;29.30;1.85;1458;750;750;22;728;51.44;2.93
89942;326201;113;Szkoła Podstawowa Nr 41 71-540 Szczecin ul. Cyryla i Metodego 44;1196;338;338;8;330;28.26;2.37;1173;645;645;13;632;54.99;2.02
89943;326201;114;Szkoła Podstawowa Nr 41 71-540 Szczecin ul. Cyryla i Metodego 44;1746;496;496;12;484;28.41;2.42;1713;958;958;10;948;55.93;1.04
89944;326201;115;Gimnazjum Nr 2 71-540 Szczecin ul. Cyryla i Metodego 43;2043;604;604;22;582;29.56;3.64;1979;1132;1133;11;1121;57.20;0.97
89945;326201;116;Rada Osiedla Niebuszewo-Bolinko 71-553 Szczecin ul. Niemcewicza 39;2323;652;652;9;643;28.07;1.38;2246;1181;1181;13;1168;52.58;1.10
89946;326201;117;Zespół Szkół Łączności 71-080 Szczecin ul. Ku Słońcu 27/30;876;256;256;4;252;29.22;1.56;877;527;527;4;523;60.09;0.76
89947;326201;118;Gimnazjum Nr 27 71-075 Szczecin ul. Mikołajczyka 20;1384;497;497;13;484;35.91;2.62;1356;799;799;8;791;58.92;1.00
89948;326201;119;Gimnazjum Nr 27 71-075 Szczecin ul. Mikołajczyka 20;1453;280;280;12;268;19.27;4.29;1382;619;619;7;612;44.79;1.13
89949;326201;120;Publiczne Przedszkole Nr 74 71-126 Szczecin ul. 26 Kwietnia 3;1498;473;473;8;465;31.58;1.69;1450;893;893;8;885;61.59;0.90
89950;326201;121;Publiczne Przedszkole Nr 74 71-126 Szczecin ul. 26 Kwietnia 3;1933;664;664;16;648;34.35;2.41;1869;1087;1087;19;1068;58.16;1.75
89951;326201;122;Państwowy Instytut Geologiczny 71-130 Szczecin ul. Wieniawskiego 20;2093;776;776;12;764;37.08;1.55;2042;1294;1295;13;1281;63.37;1.00
89952;326201;123;Gimnazjum Nr 18 71-122 Szczecin ul. Witkiewicza 40;1742;511;511;8;503;29.33;1.57;1773;1043;1043;6;1037;58.83;0.58
89953;326201;124;Gimnazjum Nr 18 71-122 Szczecin ul. Witkiewicza 40;2220;774;774;12;762;34.86;1.55;2155;1383;1383;15;1368;64.18;1.08
89954;326201;125;Szkoła Podstawowa Nr 51 71-114 Szczecin ul. Jodłowa 21;1039;336;336;4;332;32.34;1.19;1013;622;622;8;614;61.40;1.29
89955;326201;126;Szkoła Podstawowa Nr 51 71-114 Szczecin ul. Jodłowa 21;1201;421;421;6;415;35.05;1.43;1170;701;701;9;692;59.91;1.28
89956;326201;127;VII Liceum Ogólnokształcące 71-138 Szczecin ul. Jana Styki 13;1964;596;596;11;585;30.35;1.85;1877;1102;1102;12;1090;58.71;1.09
89957;326201;128;Szkoła Podstawowa Nr 48 71-201 Szczecin ul. Czorsztyńska 35;2306;879;879;14;865;38.12;1.59;2309;1467;1467;13;1454;63.53;0.89
89958;326201;129;Szkoła Podstawowa Nr 48 71-201 Szczecin ul. Czorsztyńska 35;2123;682;682;14;668;32.12;2.05;2035;1310;1310;17;1293;64.37;1.30
89959;326201;130;Szkoła Podstawowa Nr 48 71-163 Szczecin ul. Czorsztyńska 35;2194;716;716;10;706;32.63;1.40;2143;1328;1328;13;1315;61.97;0.98
89960;326201;131;Szkoła Podstawowa Nr 48 71-201 Szczecin ul. Czorsztyńska 35;2321;723;723;23;700;31.15;3.18;2411;1512;1512;14;1498;62.71;0.93
89961;326201;132;Zespół Szkół Ogólnokształcących Nr 4 71-246 Szczecin ul. Romera 2;1822;550;550;5;545;30.19;0.91;1849;1201;1201;8;1193;64.95;0.67
89962;326201;133;Zespół Szkół Samochodowych 71-244 Szczecin ul. Klonowica 14 (dawny internat);1049;267;267;5;262;25.45;1.87;1048;538;538;9;529;51.34;1.67
89963;326201;134;Przedszkole Publiczne Nr 58 71-241 Szczecin ul. Benesza 26;1672;584;584;17;567;34.93;2.91;1607;990;990;31;959;61.61;3.13
89964;326201;135;Dom Pomocy Społecznej 71-246 Szczecin ul. Romera 21/29;209;76;76;4;72;36.36;5.26;1958;1224;1224;19;1205;62.51;1.55
89965;326201;136;Szkoła Podstawowa Nr 45 z Oddziałami Integracyjnymi, 71-246 Szczecin ul. Benesza 75;2009;611;611;13;598;30.41;2.13;1914;1109;1109;18;1091;57.94;1.62
89966;326201;137;Szkoła Podstawowa Nr 45 z Oddziałami Integracyjnymi 71-246 Szczecin ul.Benesza 75;2012;549;549;15;534;27.29;2.73;2062;1235;1235;17;1218;59.89;1.38
89967;326201;138;Tramwaje Szczecińskie Sp.z.o.o. (budynek Zarządu) 71-241 Szczecin ul. Klonowica 5;2126;647;647;8;639;30.43;1.24;957;453;453;3;450;47.34;0.66
89968;326201;139;Szkoła Podstawowa Nr 53 71-273 Szczecin ul. Budzysza Wosia 8-9;999;221;221;3;218;22.12;1.36;1713;857;857;20;837;50.03;2.33
89969;326201;140;ZBILK Rejon 15 71-263 Szczecin ul. Goszczyńskiego 4a;1745;396;396;9;387;22.69;2.27;1463;832;832;13;819;56.87;1.56
89970;326201;141;Zespół Szkół Samochodowych 71-244 Szczecin ul. Klonowica 14;1513;430;430;8;422;28.42;1.86;1453;957;957;15;942;65.86;1.57
89971;326201;142;Gimnazjum Nr 1 71-274 Szczecin ul. Reymonta 23;1454;543;543;11;532;37.35;2.03;1463;852;852;4;848;58.24;0.47
89972;326201;143;Uniwersytet Szczeciński Wydział Nauk Ekonomicznych i Zarządzania 71-101 Szczecin ul. Mickiewicza 64;1480;474;474;9;465;32.03;1.90;1593;975;975;12;963;61.21;1.23
89973;326201;144;Miejska Biblioteka Publiczna Filia Nr 17 71-302 Szczecin ul. Łukasiewicza 8;1638;582;582;13;569;35.53;2.23;1520;944;944;6;938;62.11;0.64
89974;326201;145;Liceum Ogólnokształcące z Oddziałami Integracyjnymi 70-490 Szczecin ul. Aleja Wojska Polskiego 119;1581;588;588;7;581;37.19;1.19;1227;630;630;4;626;51.34;0.63
89975;326201;146;Liceum Ogólnokształcące z Oddziałami Integracyjnymi 70-490 Szczecin ul. Aleja Wojska Polskiego 119;1257;384;384;5;379;30.55;1.30;1749;1167;1167;10;1157;66.72;0.86
89976;326201;147;Rada Osiedla Pogodno 71-333 Szczecin al.Krasickiego 6;1787;726;726;8;718;40.63;1.10;970;640;640;4;636;65.98;0.62
89977;326201;148;Publiczna Szkoła Podstawowa „Na Głębokim” 71-382 Szczecin ul. Jaworowa 41;985;406;406;4;402;41.22;0.99;2206;1367;1367;20;1347;61.97;1.46
89978;326201;149;Szkoła Podstawowa Nr 68 70-454 Szczecin ul. Zakole 1a;2182;750;750;17;733;34.37;2.27;1850;1180;1180;12;1168;63.78;1.02
89979;326201;150;Szkoła Podstawowa Nr 68 71-454 Szczecin ul. Zakole 1a;1880;702;702;13;689;37.34;1.85;1871;956;956;15;941;51.10;1.57
89980;326201;151;Dom Akademicki Andromeda 71-450 Szczecin ul. Chopina 59;1843;475;476;7;468;25.77;1.47;1928;1062;1062;10;1052;55.08;0.94
89981;326201;152;Gimnazjum Nr 34 71-476 Szczecin ul. Wojciechowskiego 50;1962;605;605;11;594;30.84;1.82;1433;945;945;5;940;65.95;0.53
89982;326201;153;Gimnazjum Nr 34 71-476 Szczecin ul. Wojciechowskiego 50;1494;524;524;4;520;35.07;0.76;928;423;423;10;413;45.58;2.36
89983;326201;154;Zespół Szkół Elektr.-Elektronicznych 71-631 Szczecin ul. Racibora 60;955;219;219;9;210;22.93;4.11;1846;847;847;12;835;45.88;1.42
89984;326201;155;Gimnazjum Nr 8 71-610 Szczecin ul. Dubois 41;1876;393;393;6;387;20.95;1.53;2084;940;940;14;926;45.11;1.49
89985;326201;156;Szkoła Podstawowa Nr 11 71-632 Szczecin ul. Plater 20;2074;446;446;16;430;21.50;3.59;1718;1033;1033;9;1024;60.13;0.87
89986;326201;157;Przedszkole Publiczne Nr 73 71-636 Szczecin ul. Ceglana 4;1759;599;599;24;575;34.05;4.01;2347;1101;1101;14;1087;46.91;1.27
89987;326201;158;Gimnazjum Nr 8 71-610 Szczecin ul. Dubois 38/41;2395;555;555;11;544;23.17;1.98;2253;1170;1170;19;1151;51.93;1.62
89988;326201;159;Zakład Energetyczny 71-616 Szczecin ul. Malczewskiego 5/7;2305;619;619;14;605;26.85;2.26;2429;1642;1642;21;1621;67.60;1.28
89989;326201;160;Filia Przedszkola Publicznego Nr 50 70-457 Szczecin ul. Junacka 13;2439;947;947;14;933;38.83;1.48;1303;774;774;12;762;59.40;1.55
89990;326201;161;Przychodnia Zdrowia 71-504 Szczecin ul. Łucznicza 64;1272;375;375;9;366;29.48;2.40;1720;954;954;18;936;55.47;1.89
89991;326201;162;Przychodnia Zdrowia 71-504 Szczecin ul. Łucznicza 64;1766;495;495;16;479;28.03;3.23;1445;885;885;6;879;61.25;0.68
89992;326201;163;Rada Osiedla Warszewo 71-786 Szczecin ul. Szczecińska 12;1384;430;430;8;422;31.07;1.86;2195;1590;1590;9;1581;72.44;0.57
89993;326201;164;Sala Gimnastyczna 71-786 Szczecin ul. Szczecińska 12;1799;673;673;16;657;37.41;2.38;1994;1370;1370;6;1364;68.71;0.44
89994;326201;165;Szkoła Podstawowa Nr 7 71-795 Szczecin ul. Złotowska 86;1974;710;710;14;696;35.97;1.97;2284;1583;1583;14;1569;69.31;0.88
89995;326201;166;Szkoła Podstawowa Nr 7 71-793 Szczecin ul.Złotowska 86;2231;794;794;15;779;35.59;1.89;2012;1228;1228;23;1205;61.03;1.87
89996;326201;167;Szkoła Podstawowa Nr 35 71-665 Szczecin ul. Świętoborzyców 40 Blok A1 (Aula);2056;630;630;16;614;30.64;2.54;2404;1505;1505;8;1497;62.60;0.53
89997;326201;168;Szkoła Podstawowa Nr 35 71-665 Szczecin ul. Świętoborzyców 40 Hala sportowa;2401;791;791;26;765;32.94;3.29;2063;1235;1235;14;1221;59.86;1.13
89998;326201;169;Przedszkole Publiczne Nr 59 71-665 Szczecin ul. Kś. Zofii 3;2026;669;669;21;648;33.02;3.14;1381;860;860;13;847;62.27;1.51
89999;326201;170;Przedszkole Publiczne Nr 59 71-665 Szczecin ul.Księżnej Zofii 3;1399;490;490;18;472;35.03;3.67;2393;1448;1448;9;1439;60.51;0.62
90000;326201;171;Przedszkole Publiczne Nr 14 71-665 Szczecin ul. Biskupa Bandurskiego 56;2372;767;767;24;743;32.34;3.13;1812;905;905;24;881;49.94;2.65
90001;326201;172;Gimnazjum Nr 5 71-681 Szczecin ul. Komuny Paryskiej 20;1879;396;396;4;392;21.08;1.01;1457;781;781;8;773;53.60;1.02
90002;326201;173;Gimnazjum Nr 5 71-681 Szczecin ul. Komuny Paryskiej 20;1502;373;373;4;369;24.83;1.07;1815;920;920;16;904;50.69;1.74
90003;326201;174;Szkoła Podstawowa Nr 18 71-681 Szczecin ul. Komuny Paryskiej 20;1860;489;489;15;474;26.29;3.07;2093;1078;1078;18;1060;51.51;1.67
90004;326201;175;Szkoła Podstawowa Nr 18 71-681 Szczecin ul. Komuny Paryskiej 20;2126;534;534;15;519;25.12;2.81;2694;1589;1595;25;1564;58.98;1.57
90005;326201;176;Szkoła Podstawowa Nr 42 71-699 Szczecin ul. Hoża 25;2464;761;761;13;748;30.88;1.71;2019;1282;1282;14;1268;63.50;1.09
90006;326201;177;Dom Pomocy Społecznej - Dom Kombatanta 71-747 Szczecin ul. Krucza 17;2272;743;743;21;722;32.70;2.83;1771;949;949;11;938;53.59;1.16
90007;326201;178;Ośrodek Szkolno-Wychowawczy dla Dzieci Słaboszłyszących 71-711 Szczecin ul. Grzymińska 6;1770;464;464;16;448;26.21;3.45;1105;489;489;12;477;44.25;2.45
90008;326201;179;Zespół Szkół Nr 5 71-711 Szczecin ul. Hoża 3;1167;227;227;3;224;19.45;1.32;823;328;328;9;319;39.85;2.74
90009;326201;180;Tramwaje Szczecińskie Sp. z o. o 71-751 Szczecin ul. Wiszesława 18;851;158;158;5;153;18.57;3.16;768;314;314;6;308;40.89;1.91
90010;326201;181;Szkoła Podstawowa Nr 14 71-730 Szczecin ul. Strzałowska 27a;774;144;144;7;137;18.60;4.86;1490;894;894;8;886;60.00;0.89
90011;326201;182;Spec. Ośr. Szkolno-Wychowawczy Nr 4 71-736 Szczecin ul. Pokoju 48;1480;490;490;15;475;33.11;3.06;2197;1416;1416;12;1404;64.45;0.85
90012;326201;183;Spec. Ośr. Szkolno-Wychowawczy Nr 4 71-736 Szczecin ul. Pokoju 48;2103;720;720;17;703;34.24;2.36;962;335;335;15;320;34.82;4.48
90013;326201;184;Środowiskowa Placówka Eduk.- Wych. Nr 1 71-735 Szczecin ul. Koszalińska 13;1019;146;146;5;141;14.33;3.42;1922;811;811;7;804;42.20;0.86
90014;326201;185;Zespół Szkół Nr 9 71-834 Szczecin ul. Dąbrówki 10;1905;316;316;3;313;16.59;0.95;1327;406;406;21;385;30.60;5.17
90015;326201;186;Miejska Biblioteka Publiczna. Filia Nr 46 71-302 Szczecin ul. Nad Odrą 26;1365;170;170;9;161;12.45;5.29;1316;517;517;9;508;39.29;1.74
90016;326201;187;Dom Kultury „Klub Skolwin” 71-870 Szczecin ul. Stołczyńska 163;1370;259;259;5;254;18.91;1.93;1165;545;545;9;536;46.78;1.65
90017;326201;188;Młodzieżowy Ośrodek Wychowawczy 71-833 Szczecin ul. Kamienna 22;1182;248;248;8;240;20.98;3.23;294;162;162;3;159;55.10;1.85
91809;326201;189;S.P.Wojewódzki Szpital Zespolony 71-455 Szczecin Arkońska 4;260;104;104;2;102;40.00;1.92;29;28;28;7;21;96.55;25.00
91810;326201;190;Dom Pomocy Społecznej 71-460 Szczecin Broniewskiego 4/6;35;35;35;7;28;100.00;20.00;244;148;148;11;137;60.66;7.43
91811;326201;191;Specjalistyczny Szpital im. Profesora Sokołowskiego 70-880 Szczecin Sokołowskiego 11;240;98;98;5;93;40.83;5.10;64;43;43;4;39;67.19;9.30
91812;326201;192;S.P.Specjalistyczny Zakład Opieki Zdrowotnej „Zdoje” 70-780 Szczecin Mączna 4;39;21;21;4;17;53.85;19.05;140;81;81;5;76;57.86;6.17
91813;326201;193;S. P. Szpitali Kliniczny Nr 2 70-111 Szczecin Powstańców Wielkopolsckich 72;152;65;65;2;63;42.76;3.08;49;26;26;0;26;53.06;0.00
91814;326201;194;Zakład Opieki Zdrowotnej MSWiA 70-382 Szczecin Jagiellońska 44;54;33;33;2;31;61.11;6.06;104;73;73;2;71;70.19;2.74
91815;326201;195;S. P. Szpital Kliniczny Nr 1 71-252 Szczecin Unii Lubelskiej 1;67;42;42;0;42;62.69;0.00;19;19;19;1;18;100.00;5.26
91816;326201;196;S. P. Szpitali Kliniczny Nr 1 Klinika Psychiatrii PUM 71-460 Szczecin Broniewskiego 26;22;22;22;3;19;100.00;13.64;198;92;92;15;77;46.46;16.30
91817;326201;197;Zachodniopomorskie Centrum Onkologii 71-730 Szczecin Srzałowska 22;57;20;20;0;20;35.09;0.00;141;90;90;9;81;63.83;10.00
91818;326201;198;Areszt Śledczy 70-226 Szczecin Kaszubska 28;443;182;182;17;165;41.08;9.34;206;85;85;6;79;41.26;7.06
91819;326201;199;109 Szpital Wojskowy z Przychodnią S. P. Zakład Opieki Zdrowotnej 71-422 Szczecin Skargi 9-11;70;42;42;1;41;60.00;2.38;421;265;265;38;227;62.95;14.34
90018;326301;1;„HOSSA” Centrum Edukacji i Wspierania Przedsiębiorczości Szczecińskiej Fundacji „Talent-Promocja-Postęp” 72-600 Świnoujście J. Kasprowicza 4;603;274;274;1;273;45.44;0.36;937;710;710;5;705;75.77;0.70
90019;326301;2;Miejski Dom Kultury Galeria „ART” 72-600 Świnoujście Wojska Polskiego 1 lokal: 1;1906;522;522;10;512;27.39;1.92;1940;1083;1083;9;1074;55.82;0.83
90020;326301;3;Szkoła Podstawowa Nr 1 72-600 Świnoujście G. Narutowicza 10;1197;303;303;8;295;25.31;2.64;1200;584;584;16;568;48.67;2.74
90021;326301;4;Katolickie Liceum Ogólnokształcące 72-600 Świnoujście S. Wyspiańskiego 12;1180;314;314;2;312;26.61;0.64;1147;607;607;12;595;52.92;1.98
90022;326301;5;Specjalny Ośrodek Szkolno-Wychowawczy 72-600 Świnoujście Piastowska 55;1422;339;339;7;332;23.84;2.06;1426;735;735;16;719;51.54;2.18
90023;326301;6;Zespół Szkół Ogólnokształcących 72-600 Świnoujście W. Witosa 12;1656;363;363;8;355;21.92;2.20;1660;752;752;15;737;45.30;1.99
90024;326301;7;Zespół Szkół Publicznych Nr 4 72-600 Świnoujście Szkolna 1;1562;400;400;8;392;25.61;2.00;1511;839;839;8;831;55.53;0.95
90025;326301;8;Zespół Szkół Publicznych Nr 4 72-600 Świnoujście Szkolna 1;1612;368;368;17;351;22.83;4.62;1597;837;837;16;821;52.41;1.91
90026;326301;9;Centrum Edukacji Zawodowej i Turystyki 72-600 Świnoujście Gdyńska 26;1762;471;471;15;456;26.73;3.18;1760;921;921;9;912;52.33;0.98
90027;326301;10;I Liceum Ogólnokształcące Towarzystwa Oświatowo-Promocyjnego „Business-Pro” 72-600 Świnoujście Piastowska 62;996;236;236;7;229;23.69;2.97;957;422;422;9;413;44.10;2.13
90028;326301;11;Liceum Ogólnokształcące im. Mieszka I 72-600 Świnoujście M. Niedziałkowskiego 2;1278;301;301;7;294;23.55;2.33;1252;620;620;13;607;49.52;2.10
90029;326301;12;Gimnazjum Publiczne Nr 2 72-600 Świnoujście T. Kościuszki 11;1785;454;454;12;442;25.43;2.64;1786;972;972;14;958;54.42;1.44
90030;326301;13;Gimnazjum Publiczne Nr 2 72-600 Świnoujście T. Kościuszki 11;1533;348;348;6;342;22.70;1.72;1500;731;731;13;718;48.73;1.78
90031;326301;14;Szkoła Podstawowa Nr 6 72-600 Świnoujście S. Staszica 17;1740;434;434;12;422;24.94;2.76;1712;826;826;21;805;48.25;2.54
90032;326301;15;Dom Kultury S. M. L. - W. Słowianin 72-600 Świnoujście J. Matejki 43;1640;430;430;7;423;26.22;1.63;1629;901;901;17;884;55.31;1.89
90033;326301;16;Szkoła Podstawowa Nr 6 72-600 Świnoujście S. Staszica 17;1738;351;351;6;345;20.20;1.71;1720;812;812;20;792;47.21;2.46
90034;326301;17;I Liceum Społeczne Fundacji „Logos” 72-600 Świnoujście Grunwaldzka 47;1655;300;300;11;289;18.13;3.67;1672;739;739;29;710;44.20;3.92
90035;326301;18;Biuro Informacji Turystycznej 72-600 Świnoujście Plac Słowiański 6 lokal: 1;1339;281;281;3;278;20.99;1.07;1347;615;615;13;602;45.66;2.11
90036;326301;19;Muzeum Rybołówstwa Morskiego 72-600 Świnoujście Plac Rybaka 1;1527;408;408;10;398;26.72;2.45;1498;804;804;10;794;53.67;1.24
90037;326301;20;Kapitanat Portu 72-600 Świnoujście Wybrzeże Władysława IV 7;1031;290;290;2;288;28.13;0.69;1013;503;503;7;496;49.65;1.39
90038;326301;21;Szkoła Podstawowa Nr 2 72-602 Świnoujście, Warszów Białoruska 2;1417;164;164;6;158;11.57;3.66;1414;577;577;13;564;40.81;2.25
90039;326301;22;Miejski Dom Kultury Filia Nr 2 72-602 Świnoujście, Warszów Sosnowa 18;1068;179;179;17;162;16.76;9.50;1070;460;460;7;453;42.99;1.52
90040;326301;23;Miejski Dom Kultury Filia Nr 3 72-603 Świnoujście, Karsibór 1 Maja 40;562;106;106;5;101;18.86;4.72;566;272;272;9;263;48.06;3.31
90041;326301;24;Miejski Dom Kultury Filia Nr 1 72-605 Świnoujście, Przytór Zalewowa 40;944;234;234;10;224;24.79;4.27;963;543;543;9;534;56.39;1.66
91820;326301;25;Szpital Miejski im. Jana Garduły w Świnoujściu 72-600 Świnoujście Mieszka I 7;65;12;12;2;10;18.46;16.67;71;21;21;0;21;29.58;0.00
91821;326301;26;Samodzielny Publiczny Zakład Opieki Zdrowotnej Zakład Pielęgnacyjno-Opiekuńczy w Świnoujsciu 72-600 Świnoujście St. Żeromskiego 21;34;1;1;0;1;2.94;0.00;31;1;1;0;1;3.23;0.00
91822;326301;27;Areszt Śledczy w Świnoujściu 72-600 Świnoujście Marszałka J. Piłsudskiego 25a;51;19;19;1;18;37.25;5.26;43;21;21;3;18;48.84;14.29
45119;020101;1;Miejskie Przedszkole Publiczne Nr 3 59-700 Bolesławiec ul. Ceramiczna 5;1541;301;301;9;292;19.53;2.99;1549;732;732;10;722;47.26;1.37
45120;020101;2;Szkoła Podstawowa Nr 3 59-700 Bolesławiec ul. Ceramiczna 5;1392;360;360;6;354;25.86;1.67;1383;764;764;10;754;55.24;1.31
45121;020101;3;Miejski Zespół Szkół Nr 1 59-700 Bolesławiec ul. Dolne Młyny 60;1550;374;374;19;355;24.13;5.08;1483;762;762;12;750;51.38;1.57
45122;020101;4;Miejski Zespół Szkół Nr 1 59-700 Bolesławiec ul. Dolne Młyny 60;1567;422;422;15;407;26.93;3.55;1542;788;788;23;765;51.10;2.92
45123;020101;5;Miejski Zespół Szkół Nr 1 59-700 Bolesławiec ul. Dolne Młyny 60;1516;319;319;11;308;21.04;3.45;1485;738;738;20;718;49.70;2.71
45124;020101;6;Miejski Zespół Szkół Nr 3 59-700 Bolesławiec ul. Juliusza Słowackiego 2;1509;279;279;8;271;18.49;2.87;1493;569;571;22;547;38.11;3.87
45125;020101;7;Miejski Zespół Szkół Nr 2 59-700 Bolesławiec ul. Jana Pawła II 38c;1516;447;447;19;428;29.49;4.25;1474;820;820;14;806;55.63;1.71
45126;020101;8;Miejski Zespół Szkół Nr 2 59-700 Bolesławiec ul. Jana Pawła II 38c;1492;502;502;18;484;33.65;3.59;1447;824;824;19;805;56.95;2.31
45127;020101;9;Miejskie Przedszkole Publiczne Nr 6 59-700 Bolesławiec ul. Piotra i Pawła 2;1506;361;361;7;354;23.97;1.94;1487;730;730;17;713;49.09;2.33
45128;020101;10;Gimnazjum Samorządowe Nr 2 59-700 Bolesławiec ul. Bielska 5;1569;398;398;9;389;25.37;2.26;1547;870;870;7;863;56.24;0.80
45129;020101;11;Miejskie Przedszkole Publiczne Nr 5 59-700 Bolesławiec ul. Zygmunta Augusta 16b;1576;404;404;5;399;25.63;1.24;1530;819;819;11;808;53.53;1.34
45130;020101;12;Centrum Wspierania Przedsiębiorczości 59-700 Bolesławiec Al. Wojska Polskiego 6 lokal: /1a;1510;421;421;13;408;27.88;3.09;1421;772;772;19;753;54.33;2.46
45131;020101;13;Gimnazjum Samorządowe Nr 2 59-700 Bolesławiec ul. Bielska 5;1579;399;399;19;380;25.27;4.76;1530;705;705;12;693;46.08;1.70
45132;020101;14;Miejskie Przedszkole Publiczne Nr 2 59-700 Bolesławiec ul. Mikołaja Brody 17;1550;416;416;8;408;26.84;1.92;1534;826;826;20;806;53.85;2.42
45133;020101;15;Miejskie Przedszkole Publiczne Nr 7 59-700 Bolesławiec ul. Górne Młyny 5;1385;240;240;9;231;17.33;3.75;1438;600;600;20;580;41.72;3.33
45134;020101;16;Miejskie Przedszkole Publiczne Nr 7 59-700 Bolesławiec ul. Górne Młyny 5;1442;324;324;16;308;22.47;4.94;1420;644;644;17;627;45.35;2.64
45135;020101;17;Pałac Ślubów 59-700 Bolesławiec Ratusz - Rynek 41;1482;313;313;14;299;21.12;4.47;1439;605;605;15;590;42.04;2.48
45136;020101;18;Szkoła Podstawowa Nr 4 59-700 Bolesławiec ul. Mikołaja Brody 12;1431;295;295;15;280;20.61;5.08;1387;588;588;22;566;42.39;3.74
45137;020101;19;Szkoła Podstawowa Nr 4 59-700 Bolesławiec ul. Mikołaja Brody 12;1552;406;406;16;390;26.16;3.94;1510;705;705;22;683;46.69;3.12
45138;020101;20;Gimnazjum Samorządowe Nr 2 59-700 Bolesławiec ul. Bielska 5;1481;438;438;9;429;29.57;2.05;1443;761;761;17;744;52.74;2.23
45139;020101;21;Miejski Zespół Szkół Nr 3 59-700 Bolesławiec ul. Juliusza Słowackiego 2;1495;390;390;13;377;26.09;3.33;1432;638;638;13;625;44.55;2.04
90055;020101;22;Szpital Powiatowy w Bolesławcu 59-700 Bolesławiec ul. Jeleniogórska 4;52;8;8;1;7;15.38;12.50;53;12;12;0;12;22.64;0.00
90056;020101;23;Wojewódzki Szpital dla Nerwowo i Psychicznie Chorych w Bolesławcu 59-700 Bolesławiec Aleja Tysiąclecia 30;324;32;32;4;28;9.88;12.50;319;66;66;14;52;20.69;21.21
90057;020101;24;Dom Pomocy Społecznej w Bolesławcu 59-700 Bolesławiec ul. Piastów 17;43;20;20;1;19;46.51;5.00;42;25;25;2;23;59.52;8.00
45140;020102;1;Dom Ludowy 59-700 Żeliszów 102A;879;132;132;4;128;15.02;3.03;857;349;349;14;335;40.72;4.01
45141;020102;2;Szkoła Podstawowa 59-700 Bożejowice 1;811;190;190;5;185;23.43;2.63;824;430;430;11;419;52.18;2.56
45142;020102;3;Dom Ludowy 59-700 Otok 44C;715;98;98;5;93;13.71;5.10;729;279;279;5;274;38.27;1.79
45143;020102;4;Dom Ludowy 59-700 Brzeźnik 37;661;115;115;11;104;17.40;9.57;657;280;280;17;263;42.62;6.07
45144;020102;5;Dom Ludowy 59-700 Dobra 94;791;174;174;6;168;22.00;3.45;806;356;356;8;348;44.17;2.25
45145;020102;6;Szkoła Podstawowa 59-700 Dąbrowa Bolesławiecka 43;1307;187;187;1;186;14.31;0.53;1340;563;563;19;544;42.01;3.37
45146;020102;7;Szkoła Podstawowa 59-700 Trzebień ul. Leśna 9;1231;131;131;7;124;10.64;5.34;1219;420;420;17;403;34.45;4.05
45147;020102;8;Szkoła Podstawowa 59-700 Kraśnik Dolny 47;1453;229;229;6;223;15.76;2.62;1444;577;577;14;563;39.96;2.43
45148;020102;9;Centrum Administracyjno-Kulturalne 59-700 Kruszyn ul. Kasztanowa 1B;1307;336;336;9;327;25.71;2.68;1352;672;672;11;661;49.70;1.64
45149;020102;10;Dom Ludowy 59-700 Łaziska 30A;935;225;225;9;216;24.06;4.00;933;429;429;19;410;45.98;4.43
45150;020102;11;Szkoła Podstawowa 59-730 Ocice 55;774;159;159;9;150;20.54;5.66;792;360;360;19;341;45.45;5.28
45151;020103;1;Gminny Ośrodek Kultury i Sportu w Gromadce 59-706 Gromadka ul. Szkolna 9;1841;415;415;17;398;22.54;4.10;1823;790;790;50;740;43.34;6.33
45152;020103;2;Szkoła Podstawowa w Wierzbowej filia Zespołu Szkół w Gromadce 59-706 Wierzbowa 19;888;148;148;4;144;16.67;2.70;892;349;349;20;329;39.13;5.73
45153;020103;3;Świetlica wiejska w Różyńcu 59-706 Różyniec 41B;1206;191;191;9;182;15.84;4.71;1231;498;498;25;473;40.45;5.02
45154;020103;4;Szkoła Podstawowa w Modle 59-706 Modła 76;550;107;107;15;92;19.45;14.02;563;229;229;12;217;40.67;5.24
45155;020104;1;Szkoła Podstawowa w Czernej 59-730 Czerna 52;854;101;101;7;94;11.83;6.93;839;292;292;18;274;34.80;6.16
45156;020104;2;Szkoła Podstawowa w Gierałtowie 59-730 Gierałtów 47;845;107;107;6;101;12.66;5.61;848;275;275;16;259;32.43;5.82
45157;020104;3;Budynek byłej Szkoły Podstawowej w Godzieszowie 59-730 Godzieszów 96;539;74;74;2;72;13.73;2.70;532;165;165;13;152;31.02;7.88
45158;020104;4;Szkoła Podstawowa w Gościszowie 59-730 Gościszów 152;1126;126;126;3;123;11.19;2.38;1130;360;360;19;341;31.86;5.28
45159;020104;5;Budynek nr 142 w Milikowie (po byłej remizie strażackiej) 59-730 Milików 142;968;97;97;3;94;10.02;3.09;973;307;307;25;282;31.55;8.14
45160;020104;6;Zespół Szkół w Nowej Wsi 59-730 Nowa Wieś 26a;728;79;79;6;73;10.85;7.59;722;255;255;10;245;35.32;3.92
45161;020104;7;Szkoła Podstawowa w Nowogrodźcu 59-730 Nowogrodziec ul. Sienkiewicza 8;1675;265;265;8;257;15.82;3.02;1685;688;688;42;646;40.83;6.10
45162;020104;8;Gminne Centrum Kultury i Sportu w Nowogrodźcu 59-730 Nowogrodziec ul. Lubańska 42a;1698;268;268;9;259;15.78;3.36;1680;614;614;14;600;36.55;2.28
45163;020104;9;Budynek nr 63 w Parzycach (były Ośrodek Kultury w Parzycach) 59-730 Parzyce 63;779;92;92;3;89;11.81;3.26;776;281;281;21;260;36.21;7.47
45164;020104;10;Świetlica Wiejska w Wykrotach 59-730 Wykroty ul. 22 Lipca 27;1545;255;255;15;240;16.50;5.88;1525;575;575;23;552;37.70;4.00
45165;020104;11;Filia Szkoły Podstawowej w Zespole Szkół im. Józefa Piłsudskiego w Nowej Wsi 59-730 Zebrzydowa 59;1146;136;136;6;130;11.87;4.41;1139;437;437;19;418;38.37;4.35
90058;020104;12;Samodzielny Publiczny Zespół Zakładów Opieki Zdrowotnej w Nowogrodźcu 59-730 Nowogrodziec ul. Cicha 4;66;4;4;0;4;6.06;0.00;66;3;3;1;2;4.55;33.33
45166;020105;1;Szkoła Podstawowa w Tomisławiu 59-724 Tomisław 63A;819;125;125;11;114;15.26;8.80;849;366;366;16;350;43.11;4.37
45167;020105;2;Gminny Ośrodek Sportu i Rekreacji w Osiecznicy 59-724 Osiecznica ul. Lubańska 29b;1279;246;246;9;237;19.23;3.66;1282;531;531;16;515;41.42;3.01
45168;020105;3;Świetlica Wiejska w Przejęsławiu 59-724 Przejęsław 10a;446;92;92;7;85;20.63;7.61;450;171;171;9;162;38.00;5.26
45169;020105;4;Świetlica Wiejska w Ławszowej 59-724 Ławszowa 81;597;92;92;6;86;15.41;6.52;592;213;213;11;202;35.98;5.16
45170;020105;5;Świetlica Wiejska w Parowej 59-724 Parowa 89A;897;133;133;8;125;14.83;6.02;893;286;286;22;264;32.03;7.69
45171;020105;6;Świetlica Wiejska w Ołoboku 59-724 Ołobok 63;351;31;31;7;24;8.83;22.58;351;76;76;7;69;21.65;9.21
45172;020105;7;Zespół Szkół w Świętoszowie 59-726 Świętoszów ul. Szkolna 10;914;133;133;2;131;14.55;1.50;1039;493;493;17;476;47.45;3.45
45173;020106;1;Budynek Urzędu Gminy Warta Bolesławiecka 59-720 Warta Bolesławiecka 40C;958;163;163;6;157;17.01;3.68;966;417;417;12;405;43.17;2.88
45174;020106;2;Szkoła Podstawowa im. Szlaku II Armii Wojska Polskiego w Tomaszowie Bolesławieckim 59-720 Tomaszów Bolesławiecki 96;1472;248;248;5;243;16.85;2.02;1508;635;635;14;621;42.11;2.20
45175;020106;3;Budynek Świetlicy Wiejskiej w Raciborowicach Górnych 59-720 Raciborowice Górne 196;1100;168;168;14;154;15.27;8.33;1092;375;375;18;357;34.34;4.80
45176;020106;4;Zespół Szkolno-Przedszkolny w Iwinach 59-720 Iwiny-Osiedle I 6;1321;194;194;7;187;14.69;3.61;1295;550;550;21;529;42.47;3.82
45177;020106;5;Budynek Świetlicy Wiejskiej w Szczytnicy 59-720 Szczytnica 34A;1008;112;112;1;111;11.11;0.89;1056;326;326;11;315;30.87;3.37
45178;020106;6;Budynek Świetlicy Wiejskiej w Raciborowicach Górnych 59-720 Raciborowice Górne 196;806;87;87;8;79;10.79;9.20;788;261;261;11;250;33.12;4.21
45179;020201;1;Bielawski Inkubator Przedsiębiorczości Sala Konferencyjna 58-260 Bielawa ul. Wolności 24;1175;191;191;6;185;16.26;3.14;1141;452;452;12;440;39.61;2.65
45180;020201;2;Gimnazjum Nr 1 58-260 Bielawa ul. Brzeżna 48;1391;209;209;8;201;15.03;3.83;1397;516;516;23;493;36.94;4.46
45181;020201;3;Zespół Szkół i Placówek Kształcenia Zawodowego 58-260 Bielawa ul. Stefana Żeromskiego 41;1371;244;244;9;235;17.80;3.69;1346;567;567;13;554;42.12;2.29
45182;020201;4;Klub Spółdzielni Mieszkaniowej 58-260 Bielawa Osiedle Włókniarzy 1;1458;350;350;11;339;24.01;3.14;1406;675;675;19;656;48.01;2.81
45183;020201;5;Ekologiczna Szkoła Podstawowa Nr7 58-260 Bielawa Osiedle Włókniarzy 10;1171;259;259;7;252;22.12;2.70;1123;522;522;11;511;46.48;2.11
45184;020201;6;Gimnazjum nr 2 58-260 Bielawa ul. Parkowa 12;1095;237;237;6;231;21.64;2.53;1110;524;524;17;507;47.21;3.24
45185;020201;7;Gimnazjum nr 2 58-260 Bielawa ul. Parkowa 12;1441;315;315;4;311;21.86;1.27;1401;665;665;20;645;47.47;3.01
45186;020201;8;Żłobek Publiczny 58-260 Bielawa ul. Generała Grota Roweckiego 7;1281;280;280;4;276;21.86;1.43;1251;631;631;14;617;50.44;2.22
45187;020201;9;Ekologiczne Przedszkole Niepubliczne 58-260 Bielawa ul. Parkowa 11;1271;291;291;15;276;22.90;5.15;1214;597;597;15;582;49.18;2.51
45188;020201;10;Klub „Sowa” Spółdzielni Mieszkaniowej 58-260 Bielawa ul. Jana III Sobieskiego 17;1171;264;264;6;258;22.54;2.27;1141;592;592;18;574;51.88;3.04
45189;020201;11;Szkoła Podstawowa Nr 10 58-260 Bielawa ul. Generała Grota Roweckiego 6;1143;235;235;5;230;20.56;2.13;1116;517;517;17;500;46.33;3.29
45190;020201;12;Szkoła Podstawowa Nr 10 58-260 Bielawa ul. Generała Grota Roweckiego 6;1135;260;260;6;254;22.91;2.31;1116;548;548;14;534;49.10;2.55
45191;020201;13;Ośrodek Pomocy Społecznej 58-260 Bielawa ul. 3 Maja 20;1063;184;184;7;177;17.31;3.80;1024;393;393;15;378;38.38;3.82
45192;020201;14;Zespół Szkół Ogólnokształcących 58-260 Bielawa ul. Szkolna 5;1259;355;355;13;342;28.20;3.66;1250;666;666;16;650;53.28;2.40
45193;020201;15;Miejski Zarząd Budynków Mieszkalnych Sp. z o.o. 58-260 Bielawa ul. 3 Maja 48;1270;250;250;16;234;19.69;6.40;1246;525;525;16;509;42.13;3.05
45194;020201;16;Gimnazjum Ekologiczne Nr 3 z Oddziałami Integracyjnymi 58-260 Bielawa ul. Lotnicza 5;1084;178;178;11;167;16.42;6.18;1049;422;422;19;403;40.23;4.50
45195;020201;17;Szkoła Podstawowa nr 4 58-260 Bielawa ul. Ludowa 11;1061;116;116;5;111;10.93;4.31;1037;315;315;19;296;30.38;6.03
45196;020201;18;Szkoła Podstawowa nr 4 58-260 Bielawa ul. Ludowa 11;1270;174;174;3;171;13.70;1.72;1226;431;431;20;411;35.15;4.64
45197;020201;19;Zespół Szkół Cechu Rzemiosl Różnych Zasadnicza Szkoła Zawodowa Cechu Rzemiosł Różnych i Małej Przedsiębiorczości 58-260 Bielawa ul. Polna 2;1258;232;232;10;222;18.44;4.31;1225;502;502;22;480;40.98;4.38
45198;020201;20;Szkoła Podstawowa nr 4 58-260 Bielawa ul. Ludwika Waryńskiego 50;1251;267;267;9;258;21.34;3.37;1242;568;568;10;558;45.73;1.76
45199;020201;21;Szkoła Podstawowa nr 4 58-260 Bielawa ul. Ludwika Waryńskiego 50;960;167;167;6;161;17.40;3.59;939;341;341;20;321;36.32;5.87
90059;020201;22;Dom Pomocy Społecznej 58-260 Bielawa ul. Stefana Żeromskiego 2;48;16;16;0;16;33.33;0.00;42;9;9;3;6;21.43;33.33
45200;020202;1;Dzienny Dom Pomocy Społecznej 58-200 Dzierżoniów ul. I. Krasickiego 25;1389;299;299;14;285;21.53;4.68;1339;546;546;16;530;40.78;2.93
45201;020202;2;Zespół Szkół Ogólnokształcących I L.O. 58-200 Dzierżoniów ul. Piłsudskiego 10;1315;226;226;13;213;17.19;5.75;1279;470;470;23;447;36.75;4.89
45202;020202;3;Dzierżoniowski Ośrodek Kultury 58-200 Dzierżoniów ul. Świdnicka 23;1402;282;282;9;273;20.11;3.19;1362;555;555;21;534;40.75;3.78
45203;020202;4;Szkoła Podstawowa Nr 3 58-200 Dzierżoniów ul. Szkolna 24;1470;302;302;16;286;20.54;5.30;1407;589;589;9;580;41.86;1.53
45204;020202;5;Przedszkole Niepubliczne „Słoneczna Piątka” 58-200 Dzierżoniów ul. Świdnicka 41;1389;361;361;11;350;25.99;3.05;1382;679;679;14;665;49.13;2.06
45205;020202;6;Szkoła Podstawowa Nr 6 58-200 Dzierżoniów Os. Jasne 22;1134;336;336;9;327;29.63;2.68;1109;565;637;5;560;50.95;0.88
45206;020202;7;Przedszkole Publiczne Nr 7 58-200 Dzierżoniów Os. Tęczowe 3;1553;399;399;7;392;25.69;1.75;1546;868;868;16;852;56.14;1.84
45207;020202;8;Ośrodek Pomocy Społecznej 58-200 Dzierżoniów ul. Złota 8;1196;266;266;9;257;22.24;3.38;1143;574;574;9;565;50.22;1.57
45208;020202;9;Szkoła Podstawowa Nr 5 z Oddziałami Integracyjnymi 58-200 Dzierżoniów Os.Błękitne 25;1152;320;320;5;315;27.78;1.56;1119;619;619;13;606;55.32;2.10
45209;020202;10;Szkoła Podstawowa Nr 5 z Oddziałami Integracyjnymi 58-200 Dzierżoniów Os. Błękitne 25;1396;339;339;8;331;24.28;2.36;1365;726;726;11;715;53.19;1.52
45210;020202;11;Przedszkole Niepubliczne Nr 3 „Pod Topolą” 58-200 Dzierżoniów Os. Błękitne 26;1312;364;364;3;361;27.74;0.82;1284;679;679;9;670;52.88;1.33
45211;020202;12;Przedszkole Niepubliczne Nr 4 58-200 Dzierżoniów Os. Jasne 21;1219;381;381;2;379;31.26;0.52;1172;686;686;12;674;58.53;1.75
45212;020202;13;Zespół Gimnazjów Nr 3 58-200 Dzierżoniów ul. Sikorskiego 2;1212;307;307;5;302;25.33;1.63;1200;608;608;5;603;50.67;0.82
45213;020202;14;Filia Miejsko-Powiatowej Biblioteki Publicznej im. K.K.Baczyńskiego 58-200 Dzierżoniów ul. Sikorskiego 2;1296;320;320;7;313;24.69;2.19;1262;684;684;13;671;54.20;1.90
45214;020202;15;Pracownicze Ogródki Działkowe „Jar” 58-200 Dzierżoniów ul. Złota 10;1208;393;393;3;390;32.53;0.76;1181;764;764;9;755;64.69;1.18
45215;020202;16;Zespół Szkół Sióstr Salezjanek 58-200 Dzierżoniów ul. Wrocławska 51;1280;369;369;1;368;28.83;0.27;1276;758;758;12;746;59.40;1.58
45216;020202;17;Gimnazjum Gminne 58-200 Dzierżoniów ul. Ząbkowicka 70;1323;292;292;7;285;22.07;2.40;1319;616;616;12;604;46.70;1.95
45217;020202;18;Instytucja Wspierająca Przedsiebiorczość (były biurowiec Silesiany) 58-200 Dzierżoniów ul. Batalionów Chłopskich 19;1442;349;349;8;341;24.20;2.29;1416;711;711;22;689;50.21;3.09
45218;020202;19;Przedszkole Publiczne Nr 1 58-200 Dzierżoniów ul. Batalionów Chłopskich 20;1443;457;457;14;443;31.67;3.06;1377;730;730;6;724;53.01;0.82
45219;020202;20;Wodociagi i Kanalizacja 58-200 Dzierżoniów ul. Zielona 5;1436;214;214;8;206;14.90;3.74;1418;517;517;12;505;36.46;2.32
45220;020202;21;Gimnazjum Nr 1 z Oddziałami Integracyjnymi 58-200 Dzierżoniów ul. Nowowiejska 64;1412;166;166;6;160;11.76;3.61;1375;451;451;15;436;32.80;3.33
90060;020202;22;Areszt Śledczy 58-200 Dzierżoniów ul. Ząbkowicka 53;200;101;101;25;76;50.50;24.75;192;127;127;25;102;66.15;19.69
90061;020202;23;Niepubliczny Zakład Opieki Zdrowotnej Szpital Powiatowy 58-200 Dzierżoniów ul. Cicha 1;66;4;4;1;3;6.06;25.00;84;25;25;0;25;29.76;0.00
45221;020203;1;Niepubliczna Szkoła Podstawowa w Pieszycach 58-250 Pieszyce ul. Świdnicka 53;1019;206;206;12;194;20.22;5.83;1016;423;423;14;409;41.63;3.31
45222;020203;2;Zespół Szkół 58-250 Pieszyce ul. Mickiewicza 1;2018;329;329;4;325;16.30;1.22;2004;702;702;26;676;35.03;3.70
45223;020203;3;Szkoła Podstawowa Nr 1 58-250 Pieszyce ul. Ogrodowa 23;1477;362;362;14;348;24.51;3.87;1482;707;707;20;687;47.71;2.83
45224;020203;4;Szkoła Podstawowa Nr 1, Budynek Nr 2 58-250 Pieszyce ul. Kopernika 124;1435;253;253;9;244;17.63;3.56;1407;556;556;38;518;39.52;6.83
45225;020203;5;Sala Sołecka 58-250 Pieszyce Kamionki 60;419;99;99;5;94;23.63;5.05;429;203;203;7;196;47.32;3.45
45226;020203;6;Sala Sołecka 58-250 Pieszyce Piskorzów 48d;675;140;140;8;132;20.74;5.71;678;322;322;10;312;47.49;3.11
45227;020203;7;Sala Sołecka 58-250 Pieszyce Rościszów 45;588;107;107;1;106;18.20;0.93;597;254;254;13;241;42.55;5.12
90062;020203;8;Specjalistyczny Szpital Chorób Płuc 58-250 Pieszyce Rościszów 11;94;4;4;0;4;4.26;0.00;57;16;16;0;16;28.07;0.00
45228;020204;1;Gimnazjum 58-240 Piława Górna ul. Wiejska 2;1701;253;253;17;236;14.87;6.72;1692;690;690;22;668;40.78;3.19
45229;020204;2;Szkoła Podstawowa 58-240 Piława Górna ul. Kościuszki 1;1903;337;337;12;325;17.71;3.56;1901;772;772;20;752;40.61;2.59
45230;020204;3;Świetlica Ochotniczej Straży Pożarnej 58-240 Piława Górna ul. Limanowskiego 3;1714;334;334;11;323;19.49;3.29;1686;699;699;38;661;41.46;5.44
45231;020205;1;Centrum Biblioteczno-Kulturalne 58-116 Mościsko Kolejowa 12B;634;98;98;2;96;15.46;2.04;613;229;229;5;224;37.36;2.18
45232;020205;2;Centrum Biblioteczno-Kulturalne 58-116 Mościsko Kolejowa 12B;579;98;98;6;92;16.93;6.12;569;257;257;14;243;45.17;5.45
45233;020205;3;Sala Integracji Społecznej 58-207 Włóki 87;421;113;113;1;112;26.84;0.88;422;208;208;7;201;49.29;3.37
45234;020205;4;Szkoła Podstawowa im.Jana Pawła II 58-207 Tuszyn 47;545;80;80;2;78;14.68;2.50;539;225;225;9;216;41.74;4.00
45235;020205;5;Park wiejski z infrastrukturą sportowo-rekreacyjną 58-207 Książnica 5A;441;64;64;2;62;14.51;3.12;432;186;186;7;179;43.06;3.76
45236;020205;6;Lokal gminny po byłej szkole 58-211 Uciechów Piastowska 1;869;168;168;1;167;19.33;0.60;852;400;400;22;378;46.95;5.50
45237;020205;7;Centrum Kulturalno-Sportowo-Oświatowe 58-200 Dobrocin Kościuszki 14A;546;75;75;4;71;13.74;5.33;543;188;188;9;179;34.62;4.79
45238;020205;8;Budynek wielofunkcyjny 58-217 Roztocznik 41A;396;70;70;5;65;17.68;7.14;394;167;167;14;153;42.39;8.38
45239;020205;9;Zespół Szkolno-Przedszkolny 58-241 Piława Dolna Główna 50;1255;253;253;11;242;20.16;4.35;1252;584;584;22;562;46.65;3.77
45240;020205;10;Świetlica wiejska 58-262 Owiesno 88;508;63;63;1;62;12.40;1.59;515;197;197;15;182;38.25;7.61
45241;020205;11;Zespół Szkolno- Przedszkolny 58-262 Ostroszowice Bielawska 58;1070;185;185;6;179;17.29;3.24;1062;457;457;16;441;43.03;3.50
45242;020205;12;Domek Myśliwski 58-262 Jodłownik 40;363;105;105;6;99;28.93;5.71;357;186;186;2;184;52.10;1.08
90063;020205;13;Biuro Wychowawcy 58-241 Piława Dolna Błotnista 12;112;77;77;8;69;68.75;10.39;116;72;72;11;61;62.07;15.28
45243;020206;1;Wiejska Świetlica Środowiskowa 58-212 Jaźwina 75a;880;152;152;8;144;17.27;5.26;894;364;364;21;343;40.72;5.77
45244;020206;2;Świetlica Wiejska 58-210 Ligota Wielka 57;937;154;154;6;148;16.44;3.90;928;400;400;20;380;43.10;5.00
45245;020206;3;Szkoła Podstawowa im. Janusza Korczaka 58-214 Oleszna ul. Ślężna 1;1147;192;192;4;188;16.74;2.08;1161;488;488;13;475;42.03;2.66
45246;020206;4;Świetlica Wiejska 58-210 Radzików 56;564;70;70;3;67;12.41;4.29;568;192;192;6;186;33.80;3.12
45247;020206;5;Gminny Ośrodek Kultury, Bibliotek i Sportu 58-210 Łagiewniki ul. Wrocławska 1;1647;244;244;15;229;14.81;6.15;1612;672;672;31;641;41.69;4.61
45248;020206;6;Gimnazjum im. Piastów Śląskich 58-210 Łagiewniki ul. Jedności Narodowej 38A;912;161;161;5;156;17.65;3.11;922;397;397;18;379;43.06;4.53
45249;020207;1;Zespół Szkół 58-230 Niemcza ul.Bolesława Chrobrego 25;877;186;186;7;179;21.21;3.76;874;383;383;11;372;43.82;2.87
45250;020207;2;Niemczański Ośrodek Kultury 58-230 Niemcza ul.Rynek 32;722;99;99;2;97;13.71;2.02;707;260;260;9;251;36.78;3.46
45251;020207;3;Dom Pomocy Społecznej 58-230 Niemcza ul.Świerczewskiego 14-16;993;134;134;7;127;13.49;5.22;976;348;348;19;329;35.66;5.46
45252;020207;4;Niepubliczna Szkoła Podstawowa 58-231 Przerzeczyn-Zdrój ul.Zdrojowa 14;963;185;185;6;179;19.21;3.24;972;448;448;18;430;46.09;4.02
45253;020207;5;Budynek gminny 58-230 Wilków Wielki 26;562;85;85;4;81;15.12;4.71;562;216;216;13;203;38.43;6.02
45254;020207;6;Niepubliczna Szkoła Podstawowa 58-217 Gilów 49;678;108;108;5;103;15.93;4.63;659;281;281;7;274;42.64;2.49
45255;020301;1;Państwowa Wyższa Szkoła Zawodowa 67-200 Głogów ul. Piotra Skargi 5;2263;593;593;21;572;26.20;3.54;2193;1251;1251;10;1241;57.05;0.80
45256;020301;2;Zespół Szkół Politechnicznych 67-200 Głogów Pl. Jana z Głogowa 7;2208;543;543;21;522;24.59;3.87;2118;1076;1076;30;1046;50.80;2.79
45257;020301;3;Zespół Szkół Ogólnokształcących 67-200 Głogów ul. Jedności Robotniczej 10;2372;519;519;21;498;21.88;4.05;2303;1075;1075;21;1054;46.68;1.95
45258;020301;4;Szkoła Podstawowa Nr 2 67-200 Głogów Al. Wolności 74;2202;480;480;21;459;21.80;4.38;2141;923;923;36;887;43.11;3.90
45259;020301;5;Gimnazjum Nr 1 67-200 Głogów ul. Sikorskiego 11;1164;284;284;9;275;24.40;3.17;1128;622;622;9;613;55.14;1.45
45260;020301;6;Miejska Biblioteka Publiczna 67-200 Głogów ul. Jedności Robotniczej 15;1411;375;375;13;362;26.58;3.47;1422;747;747;28;719;52.53;3.75
45261;020301;7;Przedszkole Publiczne Nr 6 67-200 Głogów ul. Morcinka 6;1478;331;331;5;326;22.40;1.51;1428;706;706;21;685;49.44;2.97
45262;020301;8;Gimnazjum Nr 3 z Oddziałami Integracyjnymi 67-200 Głogów ul. Morcinka 2;1217;313;313;14;299;25.72;4.47;1180;615;615;14;601;52.12;2.28
45263;020301;9;Szkoła Podstawowa Nr 6 67-200 Głogów ul. Kościuszki 18;1181;328;328;4;324;27.77;1.22;1129;627;627;10;617;55.54;1.59
45264;020301;10;Szkoła Podstawowa Nr 12 z Oddziałami Integracyjnymi 67-200 Głogów ul. Gomółki 43;1341;353;353;0;353;26.32;0.00;1296;672;672;13;659;51.85;1.93
45265;020301;11;Stowarzyszenie na Rzecz Integracji i Usamodzielniania „Dom w Głogowie” 67-200 Głogów ul. Okrężna 21;738;196;196;6;190;26.56;3.06;742;375;375;19;356;50.54;5.07
45266;020301;12;Przedszkole Publiczne Nr 9 67-200 Głogów ul. Perseusza 3;1522;364;364;12;352;23.92;3.30;1461;791;791;18;773;54.14;2.28
45267;020301;13;Szkoła Podstawowa Nr 12 z Oddziałami Integracyjnymi 67-200 Głogów ul. Gomółki 43;2166;482;482;13;469;22.25;2.70;2158;1118;1118;21;1097;51.81;1.88
45268;020301;14;Przedszkole Publiczne Nr 19 67-200 Głogów ul. Plutona 3;2180;447;447;10;437;20.50;2.24;2072;1049;1049;32;1017;50.63;3.05
45269;020301;15;Szkoła Podstawowa Nr 10 67-200 Głogów ul. Andromedy 62;2163;546;546;17;529;25.24;3.11;2090;1122;1122;22;1100;53.68;1.96
45270;020301;16;Przedszkole Niepubliczne „Zielone Przedszkole” 67-200 Głogów ul. Gwiaździsta 16;2238;506;506;13;493;22.61;2.57;2169;1130;1130;27;1103;52.10;2.39
45271;020301;17;Gimnazjum Nr 5 67-200 Głogów ul. Gwiaździsta 2;2257;532;532;14;518;23.57;2.63;2185;1146;1146;27;1119;52.45;2.36
45272;020301;18;Przedszkole Publiczne Nr 20 67-200 Głogów ul. Herkulesa 4;1971;524;524;19;505;26.59;3.63;1920;1120;1120;30;1090;58.33;2.68
45273;020301;19;Przedszkole Publiczne Nr 20 67-200 Głogów ul. Herkulesa 4;2362;537;537;20;517;22.73;3.72;2278;1126;1126;15;1111;49.43;1.33
45274;020301;20;Szkoła Podstawowa Nr 7 67-200 Głogów ul. Daszyńskiego 11;1436;389;389;16;373;27.09;4.11;1384;718;718;16;702;51.88;2.23
45275;020301;21;Szkoła Podstawowa Nr 7 67-200 Głogów ul. Daszyńskiego 11;1111;255;255;6;249;22.95;2.35;1236;635;635;15;620;51.38;2.36
45276;020301;22;Miejskie Centrum Wspierania Rodziny 67-200 Głogów ul. Legnicka 3;1276;276;276;7;269;21.63;2.54;1242;623;623;13;610;50.16;2.09
45277;020301;23;Przedszkole Publiczne Nr 7 67-200 Głogów ul. Moniuszki 4A;1164;246;246;9;237;21.13;3.66;1136;520;520;10;510;45.77;1.92
45278;020301;24;Gimnazjum Nr 4 67-200 Głogów ul. Niedziałkowskiego 10;1002;214;214;6;208;21.36;2.80;985;459;459;8;451;46.60;1.74
45279;020301;25;Zespół Szkół im. Jana Wyżykowskiego 67-200 Głogów ul. Wita Stwosza 3A;1565;308;308;14;294;19.68;4.55;1532;720;720;13;707;47.00;1.81
45280;020301;26;Zespół Placówek Szkolno-Wychowawczych 67-200 Głogów ul. Sportowa 1;1154;307;307;6;301;26.60;1.95;1161;737;737;6;731;63.48;0.81
45281;020301;27;Szkoła Podstawowa Nr 13 67-200 Głogów ul. Akacjowa 10;1310;265;265;14;251;20.23;5.28;1313;613;613;19;594;46.69;3.10
45282;020301;28;Przedszkole Publiczne Nr 17 67-200 Głogów ul. Królewska 14;1494;425;425;17;408;28.45;4.00;1416;800;800;18;782;56.50;2.25
45283;020301;29;Przedszkole Publiczne Nr 17 67-200 Głogów ul. Królewska 14;952;258;258;6;252;27.10;2.33;926;514;514;19;495;55.51;3.70
45284;020301;30;Szkoła Podstawowa Nr 14 67-200 Głogów ul. Królewska 12;497;140;140;2;138;28.17;1.43;495;300;300;7;293;60.61;2.33
45285;020301;31;Gimnazjum Nr 2 67-200 Głogów Pl. Mieszka I 22;2049;493;493;17;476;24.06;3.45;1985;1107;1109;33;1074;55.77;2.98
45286;020301;32;Szkoła Podstawowa Nr 3 67-200 Głogów Pl. Mieszka I 22;1351;270;270;12;258;19.99;4.44;1321;719;719;9;710;54.43;1.25
45287;020301;33;Szkoła Podstawowa Nr 3 67-200 Głogów Pl. Mieszka I 22;1151;245;245;9;236;21.29;3.67;1162;575;575;14;561;49.48;2.43
45288;020301;34;Przedszkole Publiczne Nr 21 67-200 Głogów ul. Jagiellońska 37;1413;370;370;6;364;26.19;1.62;1363;726;726;19;707;53.26;2.62
45289;020301;35;Przedszkole Publiczne Nr 21 67-200 Głogów ul. Jagiellońska 37;1107;236;236;6;230;21.32;2.54;1218;576;576;12;564;47.29;2.08
90064;020301;36;Zakład Karny w Głogowie 67-200 Głogów Lipowa 21;305;119;119;15;104;39.02;12.61;277;133;133;22;111;48.01;16.54
90065;020301;37;Dom Pomocy Społecznej w Głogowie 67-200 Głogów Neptuna 22/24;113;26;26;2;24;23.01;7.69;95;36;36;7;29;37.89;19.44
90066;020301;38;Zespół Opieki Zdrowotnej w Głogowie 67-200 Głogów Kościuszki 15;149;5;5;0;5;3.36;0.00;209;18;18;1;17;8.61;5.56
45290;020302;1;Świetlica Wiejska 67-200 Ruszowice ul. Tęczowa 55;1158;288;288;7;281;24.87;2.43;1212;659;659;25;634;54.37;3.79
45291;020302;2;Zespół Szkół w Przedmościu 67-210 Przedmoście ul. Szkolna 3;1119;209;209;11;198;18.68;5.26;1144;552;552;31;521;48.25;5.62
45292;020302;3;Zespół Szkół w Serbach 67-200 Serby ul. Ogrodowa 18;1860;392;392;10;382;21.08;2.55;1885;990;990;38;952;52.52;3.84
45293;020302;4;Szkoła Podstawowa 67-200 Wilków ul. Głogowska 5 a;905;138;138;5;133;15.25;3.62;949;438;438;19;419;46.15;4.34
45294;020303;1;Szkoła Podstawowa 67-200 Jaczów ul. Główna 20;1251;277;277;9;268;22.14;3.25;1342;750;750;22;728;55.89;2.93
45295;020303;2;Szkoła Podstawowa 67-222 Jerzmanowa ul. Głogowska 19;911;219;219;8;211;24.04;3.65;925;544;544;23;521;58.81;4.23
45296;020303;3;Świetlica Wiejska 67-222 Kurowice 42a;675;137;137;9;128;20.30;6.57;713;363;363;10;353;50.91;2.75
45297;020303;4;Świetlica Wiejska 67-222 Potoczek 15;583;108;108;6;102;18.52;5.56;583;276;276;7;269;47.34;2.54
45298;020304;1;Gimnazjum Gminne im. Zagłębia Miedziowego w Kotli 67-240 Kotla ul. Szkolna 2;1474;200;200;8;192;13.57;4.00;1483;571;571;22;549;38.50;3.85
45299;020304;2;Budynek komunalny 67-240 Chociemyśl 23;454;59;59;3;56;13.00;5.08;450;158;158;11;147;35.11;6.96
45300;020304;3;Budynek komunalny 67-240 Sobczyce 38;564;125;125;4;121;22.16;3.20;577;297;297;18;279;51.47;6.06
45301;020304;4;Sala wiejska 67-240 Głogówko 21;465;84;84;11;73;18.06;13.10;483;219;219;6;213;45.34;2.74
45302;020304;5;Sala wiejska 67-240 Skidniów 9;417;39;39;8;31;9.35;20.51;417;113;113;6;107;27.10;5.31
45303;020305;1;Gminny Ośrodek Kultury 67-221 Białołęka 12;1111;221;221;6;215;19.89;2.71;1106;459;459;15;444;41.50;3.27
45304;020305;2;Świetlica Wiejska 67-221 Piersna 26;680;112;112;7;105;16.47;6.25;673;290;290;26;264;43.09;8.97
45305;020306;1;Szkoła Podstawowa 67-231 Nielubia 80;1377;200;200;11;189;14.52;5.50;1373;577;577;24;553;42.02;4.16
45306;020306;2;Szkoła Podstawowa 67-231 Brzeg Głogowski 27;1389;156;156;9;147;11.23;5.77;1395;570;570;26;544;40.86;4.56
45307;020401;1;SPZOZ Ośrodek Rehabilitacji Dzieci Niepełnosprawnych 56-200 Góra Os. Kazimierza Wielkiego 25;1476;216;216;4;212;14.63;1.85;1410;627;627;15;612;44.47;2.39
45308;020401;2;Gimnazjum Nr 2 56-200 Góra ul.Poznańka 2a;1560;286;286;18;268;18.33;6.29;0;0;0;0;0;NA;-99
45309;020401;3;Przedszkole Publiczne Nr 1 56-200 Góra ul. Stefana Żeromskiego 15;1380;236;236;8;228;17.10;3.39;1360;471;471;16;455;34.63;3.40
45310;020401;4;Gimnazjum Nr 1 56-200 Góra ul. Szkolna 2;1432;267;267;9;258;18.65;3.37;1421;604;604;16;588;42.51;2.65
45311;020401;5;Administracja Lokali Komunalnych 56-200 Góra ul. Starogórska 15;1581;276;276;7;269;17.46;2.54;1566;743;743;24;719;47.45;3.23
45312;020401;6;Szkoła Podstawowa Nr 1 56-200 Góra ul. Marii Konopnickiej 2;899;175;175;2;173;19.47;1.14;878;449;449;8;441;51.14;1.78
45313;020401;7;Szkoła Podstawowa Nr 1 56-200 Góra ul. Piastów 32;1611;265;265;6;259;16.45;2.26;1561;697;697;8;689;44.65;1.15
45314;020401;8;Zespół Szkoła Podstawowa, Gimnazjum i Przedszkole 56-200 Czernina ul.Szkolna 2;1484;174;174;12;162;11.73;6.90;1481;501;501;23;478;33.83;4.59
45315;020401;9;Świetlica Wiejska 56-200 Kłoda Górowska 45;1561;208;208;6;202;13.32;2.88;1522;551;551;27;524;36.20;4.90
45316;020401;10;Świetlica Wiejska 56-200 Stara Góra 33A;598;73;73;1;72;12.21;1.37;580;257;257;17;240;44.31;6.61
45317;020401;11;Świetlica Wiejska 56-200 Osetno 25;852;129;129;6;123;15.14;4.65;845;327;327;13;314;38.70;3.98
45318;020401;12;Zespół Szkolno - Przedszkolny z Oddziałami Integracyjnymi 56-200 Glinka 6;860;58;58;6;52;6.74;10.34;859;225;225;16;209;26.19;7.11
45319;020401;13;Zespół Szkoła Podstawowa i Przedszkole 56-200 Witoszyce 10;1081;120;120;8;112;11.10;6.67;1062;352;352;18;334;33.15;5.11
90067;020401;14;Polskie Centrum Zdrowia Góra Śląska Sp. z o.o. 56-200 Góra ul. Ludwika Hirszfelda 8;44;3;3;0;3;6.82;0.00;36;3;3;0;3;8.33;0.00
45320;020402;1;Przedszkole 56-209 Luboszyce 3;1012;145;145;5;140;14.33;3.45;1009;359;359;9;350;35.58;2.51
45321;020402;2;Urząd Gminy 56-209 Jemielno 81;826;152;152;14;138;18.40;9.21;825;318;318;18;300;38.55;5.66
45322;020402;3;Świetlica Wiejska 56-209 Psary 44;676;88;88;2;86;13.02;2.27;645;174;174;10;164;26.98;5.75
45323;020403;1;Świetlica wiejska 56-215 Siciny 81;1255;143;143;11;132;11.39;7.69;1229;405;405;24;381;32.95;5.93
45324;020403;2;Gminny Ośrodek Kultury 56-215 Niechlów ul. Dworcowa 9;1031;166;166;3;163;16.10;1.81;1029;374;374;22;352;36.35;5.88
45325;020403;3;Świetlica wiejska 56-215 Lipowiec 16;916;106;106;4;102;11.57;3.77;917;286;286;19;267;31.19;6.64
45326;020403;4;Dom Pomocy Społecznej 56-215 Wroniniec 59;772;105;105;2;103;13.60;1.90;761;260;260;7;253;34.17;2.69
45327;020404;1;Szkoła Podstawowa 56-210 Czarnoborsko 10;1077;141;141;5;136;13.09;3.55;1099;420;420;17;403;38.22;4.05
45328;020404;2;Ośrodek Pomocy Społecznej 56-210 Wąsosz ul. Krzywa 11;2207;356;356;17;339;16.13;4.78;2195;896;896;35;861;40.82;3.91
45329;020404;3;56-210 Wąsosz Zacisze 10 D;936;69;69;4;65;7.37;5.80;933;263;263;17;246;28.19;6.46
45330;020404;4;Szkoła Podstawowa 56-210 Pobiel 75;760;97;97;9;88;12.76;9.28;737;300;300;12;288;40.71;4.00
45331;020404;5;Świetlica Wiejska 56-210 Kamień Górowski 1;926;92;92;2;90;9.94;2.17;901;247;247;21;226;27.41;8.50
45332;020501;1;Szkoła Podstawowa Nr 5 59-400 Jawor ul. Armii Krajowej 9;2047;394;394;10;384;19.25;2.54;2020;890;890;25;865;44.06;2.81
45333;020501;2;Europejskie Centrum Młodzieży Euroregionu NYSA 59-400 Jawor ul. Parkowa 5;2165;544;544;14;530;25.13;2.57;2170;1153;1153;20;1133;53.13;1.73
45334;020501;3;Powiatowe Centrum Kształcenia Zawodowego i Ustawicznego 59-400 Jawor ul. Wrocławska 30a;1197;265;265;11;254;22.14;4.15;1172;569;569;9;560;48.55;1.58
45335;020501;4;Gimnazjum Nr 2 59-400 Jawor pl. Bankowy 1;1638;320;320;17;303;19.54;5.31;1638;732;732;12;720;44.69;1.64
45336;020501;5;Zespół Szkół w Jaworze 59-400 Jawor ul. Adama Rapackiego 1;1610;254;254;9;245;15.78;3.54;1613;616;616;24;592;38.19;3.90
45337;020501;6;Jaworski Ośrodek Kultury 59-400 Jawor Rynek 5;1619;253;253;23;230;15.63;9.09;1605;600;600;20;580;37.38;3.33
45338;020501;7;Filia Nr 1 Miejskiej Biblioteki Publicznej 59-400 Jawor ul. Stanisława Moniuszki 10;1719;416;416;8;408;24.20;1.92;1716;905;905;15;890;52.74;1.66
45339;020501;8;Gimnazjum Nr 1 59-400 Jawor ul. Stanisława Moniuszki 4;1137;266;266;9;257;23.39;3.38;1124;577;577;8;569;51.33;1.39
45340;020501;9;Specjalny Ośrodek Szkolno-Wychowawczy 59-400 Jawor ul. Ignacego Paderewskiego 6;1882;298;298;8;290;15.83;2.68;1878;798;799;21;777;42.49;2.63
45341;020501;10;Szkoła Podstawowa Nr 1 59-400 Jawor ul. Bolesława Limanowskiego 10;1826;371;371;13;358;20.32;3.50;1808;909;909;16;893;50.28;1.76
45342;020501;11;Szkoła Podstawowa Nr 1 59-400 Jawor ul. Romana Dmowskiego 5;1622;362;362;8;354;22.32;2.21;1570;836;836;17;819;53.25;2.03
45343;020501;12;Szkoła Podstawowa Nr 4 59-400 Jawor ul. Starojaworska 82;1202;185;185;7;178;15.39;3.78;1193;507;507;14;493;42.50;2.76
90068;020501;13;Dom Pomocy Społecznej 59-400 Jawor pl. Seniora 3;58;40;40;1;39;68.97;2.50;59;28;28;2;26;47.46;7.14
90069;020501;14;Jaworskie Centrum Medyczne Sp. z o.o. 59-400 Jawor ul. Szpitalna 3;49;8;8;1;7;16.33;12.50;58;15;15;1;14;25.86;6.67
45344;020502;1;Gminno-Miejski Ośrodek Kultury,Sportu i Rekreacji 59-420 Bolków ul. Szpitalna 16;1363;279;279;11;268;20.47;3.94;1313;598;598;26;572;45.54;4.35
45345;020502;2;Internat Zespołu Szkół Agrobiznesu 59-420 Bolków ul. Mickiewicza 1;1197;234;234;6;228;19.55;2.56;1151;513;513;17;496;44.57;3.31
45346;020502;3;Gminno-Miejski Zakład Budżetowy Gospodarki Komunalnej i Mieszkaniowej 59-420 Bolków ul. Kolejowa 5;1292;173;173;8;165;13.39;4.62;1277;562;562;24;538;44.01;4.27
45347;020502;4;Przedszkole Samorządowe 59-420 Bolków ul. Sienkiewicza 39;781;109;109;4;105;13.96;3.67;756;272;272;16;256;35.98;5.88
45348;020502;5;Świetlica Wiejska 59-420 Mysłów 44;486;71;71;10;61;14.61;14.08;489;176;176;9;167;35.99;5.11
45349;020502;6;Świetlica Wiejska 59-420 Kaczorów pl. Pollaka 1;654;124;124;9;115;18.96;7.26;640;239;239;9;230;37.34;3.77
45350;020502;7;Świetlica Wiejska 59-420 Lipa;725;84;84;3;81;11.59;3.57;725;220;220;10;210;30.34;4.55
45351;020502;8;Szkoła Podstawowa 59-420 Sady Górne 94;647;81;81;6;75;12.52;7.41;653;255;255;10;245;39.05;3.92
45352;020502;9;Świetlica Wiejska 59-420 Wierzchosławice 106;790;107;107;8;99;13.54;7.48;782;271;271;12;259;34.65;4.43
45353;020502;10;Świetlica Wiejska 59-420 Stare Rochowice 53;363;43;43;4;39;11.85;9.30;360;98;98;4;94;27.22;4.08
45354;020502;11;Świetlica Wiejska 59-420 Wolbromek 43B;428;64;64;0;64;14.95;0.00;424;159;159;8;151;37.50;5.03
90070;020502;12;Dom Pomocy Społecznej w Jaworze Filia w Bolkowie 59-420 Bolków Kamiennogórska 3;43;20;20;0;20;46.51;0.00;47;25;25;0;25;53.19;0.00
90071;020502;13;Zakład Opiekuńczo-Leczniczy w Bolkowie 59-420 Bolków Wysokogórska 19;45;12;12;0;12;26.67;0.00;74;9;9;0;9;12.16;0.00
45355;020503;1;Zespół Szkół 59-424 Męcinka 10B;1400;209;209;5;204;14.93;2.39;1397;628;628;27;601;44.95;4.30
45356;020503;2;Świetlica Wiejska 59-424 Małuszów 17;484;97;97;1;96;20.04;1.03;482;250;250;7;243;51.87;2.80
45357;020503;3;Była Szkoła Filialna 59-424 Pomocne 51;951;111;111;3;108;11.67;2.70;947;330;330;13;317;34.85;3.94
45358;020503;4;Szkoła Podstawowa 59-424 Piotrowice 139;1096;136;136;4;132;12.41;2.94;1113;436;436;9;427;39.17;2.06
45359;020504;1;Szkoła Podstawowa w Targoszynie 59-407 Targoszyn 51;1016;181;181;10;171;17.81;5.52;1004;414;414;16;398;41.24;3.86
45360;020504;2;Szkoła Podstawowa w Snowidzy 59-407 Snowidza 91A;1175;207;207;12;195;17.62;5.80;1166;484;484;15;469;41.51;3.10
45361;020504;3;Świetlica wiejska w Mściwojowie 59-407 Mściwojów 54;1104;184;184;6;178;16.67;3.26;1102;474;474;18;456;43.01;3.80
45362;020505;1;Świetlica wiejska w Paszowicach 59-411 Paszowice 136;1953;326;326;15;311;16.69;4.60;1927;894;894;29;865;46.39;3.24
45363;020505;2;Ośrodek Zdrowia Filia w Sokolej 59-411 Sokola 2;1274;120;120;2;118;9.42;1.67;1274;433;433;10;423;33.99;2.31
45364;020506;1;Gimnazjum 59-430 Budziszów Wielki 10;1619;161;161;7;154;9.94;4.35;1640;660;660;26;634;40.24;3.94
45365;020506;2;Szkoła Podstawowa 59-430 Wądroże Wielkie 169;1583;214;214;3;211;13.52;1.40;1596;622;622;24;598;38.97;3.86
90072;020506;3;Świetlica Domu Pomocy Społecznej w Jaworze - Dom Mierczyce 59-430 Mierczyce 34;60;26;26;7;19;43.33;26.92;63;24;24;7;17;38.10;29.17
45366;020601;1;Gościniec „Leśny Dwór” 58-540 Karpacz ul. Karkonoska 1;807;158;158;2;156;19.58;1.27;852;372;372;10;362;43.66;2.69
45367;020601;2;Gimnazjum im. Ratowników Górskich 58-540 Karpacz ul. Łączna 2;828;191;191;0;191;23.07;0.00;821;381;381;8;373;46.41;2.10
45368;020601;3;Hala Widowiskowo-Sportowa 58-540 Karpacz ul. Konstytucji 3 Maja 48a;793;196;196;5;191;24.72;2.55;887;445;445;5;440;50.17;1.12
45369;020601;4;OKW „Krucze Skały” 58-540 Karpacz ul. Wilcza 1;851;246;246;4;242;28.91;1.63;922;494;494;5;489;53.58;1.01
45370;020601;5;KCKiT 58-540 Karpacz ul. Kolejowa 3;853;227;227;9;218;26.61;3.96;868;434;434;9;425;50.00;2.07
45371;020602;1;Miejska Biblioteka Publiczna - Filia Wojków 58-530 Kowary ul. Górna 1;575;151;151;1;150;26.26;0.66;575;294;294;6;288;51.13;2.04
45372;020602;2;Miejski Ośrodek Pomocy Społecznej 58-530 Kowary ul. Zamkowa 5;1215;183;183;21;162;15.06;11.48;1186;445;445;12;433;37.52;2.70
45373;020602;3;Szkoła Podstawowa Nr 3 58-530 Kowary ul. 1 Maja 72;1919;380;380;25;355;19.80;6.58;1899;823;823;35;788;43.34;4.25
45374;020602;4;Szkoła Podstawowa Nr 1 58-530 Kowary ul. Staszica 16;1680;324;324;24;300;19.29;7.41;1636;656;656;22;634;40.10;3.35
45375;020602;5;Miejski Ośrodek Kultury 58-530 Kowary ul. Szkolna 2;1212;281;281;21;260;23.18;7.47;1185;536;536;32;504;45.23;5.97
45376;020602;6;Miejski Ośrodek Kultury 58-530 Kowary ul. Szkolna 2;1269;319;319;11;308;25.14;3.45;1236;621;621;21;600;50.24;3.38
45377;020602;7;Prywatne Przedszkole „Krokodyl Schnappi” 58-530 Kowary ul. Wiejska 3;1186;188;188;13;175;15.85;6.91;1162;408;408;18;390;35.11;4.41
90073;020602;8;Dom Pomocy Społecznej 58-530 Kowary ul. Waryńskiego 38;52;29;29;6;23;55.77;20.69;56;21;21;5;16;37.50;23.81
90074;020602;9;Powiatowe Centrum Zdrowia Spółka z o.o. w Kowarach, Szpital „Bukowiec” w Kowarach 58-530 Kowary ul. Sanatoryjna 15;27;14;14;1;13;51.85;7.14;38;28;28;0;28;73.68;0.00
90075;020602;10;Wojewódzkie Centrum Szpitalne Kotliny Jeleniogórskiej Jednostka Medyczna WYSOKA ŁĄKA 58-530 Kowary ul. Sanatoryjna 27;87;23;23;5;18;26.44;21.74;64;47;47;3;44;73.44;6.38
90076;020602;11;Powiatowe Centrum Zdrowia Sp. z o.o. w Kowarach, Centrum Opieki Długoterminowej Hospicjum 58-530 Kowary ul. Jeleniogórska 14;24;6;6;0;6;25.00;0.00;31;10;10;1;9;32.26;10.00
45378;020603;1;Przedszkole Nr 1 58-573 Piechowice ul. Żymierskiego 77;1723;338;338;27;311;19.62;7.99;1724;752;752;27;725;43.62;3.59
45379;020603;2;Szkoła Podstawowa 58-573 Piechowice ul. Szkolna 6;1411;367;367;15;352;26.01;4.09;1361;664;664;18;646;48.79;2.71
45380;020603;3;Gimnazjum im. Jana Pawła II 58-573 Piechowice ul. Tysiąclecia 28;1609;379;379;10;369;23.56;2.64;1623;810;810;21;789;49.91;2.59
45381;020603;4;Przedsiębiorstwo Zagraniczne POLCOLORIT 58-573 Piechowice ul. Jeleniogórska 7;537;106;106;2;104;19.74;1.89;538;229;229;6;223;42.57;2.62
45382;020604;1;Budynek po byłej Szkole Podstawowej Nr 3 58-580 Szklarska Poręba ul. Kolejowa 22;396;94;94;6;88;23.74;6.38;395;189;189;7;182;47.85;3.70
45383;020604;2;Ośrodek Konferencyjno-Szkoleniowy Politechniki Wrocławskiej 58-580 Szklarska Poręba ul. Muzealna 2-5;764;170;170;6;164;22.25;3.53;765;358;358;7;351;46.80;1.96
45384;020604;3;Miejski Ośrodek Kultury, Sportu i Aktywności Lokalnej 58-580 Szklarska Poręba ul. Słowackiego 13;798;162;162;1;161;20.30;0.62;760;309;309;4;305;40.66;1.29
45385;020604;4;Zespół Szkół Ogólnokształcących i Mistrzostwa Sportowego 58-580 Szklarska Poręba ul. Obrońców Pokoju 17;687;153;153;5;148;22.27;3.27;674;311;311;15;296;46.14;4.82
45386;020604;5;Miejski Zakład Gospodarki Lokalowej 58-580 Szklarska Poręba ul. Krasińskiego 1A;1422;298;298;11;287;20.96;3.69;1403;639;639;22;617;45.55;3.44
45387;020604;6;Szkoła Podstawowa Nr 1 58-580 Szklarska Poręba ul. 1 Maja 32;1543;419;419;12;407;27.15;2.86;1509;787;787;11;776;52.15;1.40
45388;020605;1;Świetlica Wiejska 58-508 Komarno 88;692;111;111;4;107;16.04;3.60;679;296;296;12;284;43.59;4.05
45389;020605;2;Centrum Informacji Turystycznej 58-520 Radomierz 60a;391;82;82;6;76;20.97;7.32;394;180;180;7;173;45.69;3.89
45390;020605;3;Klub 58-520 Trzcińsko 71;490;70;70;7;63;14.29;10.00;466;173;173;9;164;37.12;5.20
45391;020605;4;Gminny Zespół Szkół im. W. Rutkiewicz 58-520 Janowice Wielkie ul. Partyzantów 4;1893;387;387;13;374;20.44;3.36;1866;835;835;36;799;44.75;4.31
90077;020605;5;SPZOZ Zespół Profilaktyki i Rehabilitacji w Janowicach Wielkich 58-520 Janowice Wielkie ul. Karola Świerczewskiego 12;95;32;32;1;31;33.68;3.12;80;55;55;2;53;68.75;3.64
45392;020606;1;Urząd Gminy Jeżów Sudecki 58-521 Jeżów Sudecki ul. Długa 63;2187;582;582;12;570;26.61;2.06;2211;1231;1231;38;1193;55.68;3.09
45393;020606;2;Punkt Biblioteczny 58-508 Dziwiszów 157;1062;195;195;4;191;18.36;2.05;1078;488;488;9;479;45.27;1.84
45394;020606;3;Szkoła Podstawowa 58-508 Siedlęcin ul. Kościelna 5;1228;247;247;13;234;20.11;5.26;1231;524;524;13;511;42.57;2.48
45395;020606;4;Szkoła Podstawowa 58-521 Czernica 125;1104;141;141;5;136;12.77;3.55;1097;377;377;4;373;34.37;1.06
45396;020607;1;Gminny Ośrodek Kultury w Mysłakowicach 58-533 Mysłakowice ul. Daszyńskiego 29;1682;320;320;17;303;19.02;5.31;1661;738;738;34;704;44.43;4.61
45397;020607;2;Zespół Szkół Szkoła Podstawowa i Gimnazjum w Mysłakowicach 58-533 Mysłakowice ul. Sułkowskiego 1;1898;293;293;12;281;15.44;4.10;1872;827;827;37;790;44.18;4.47
45398;020607;3;Świetlica Wiejska w Łomnicy przy Gminnym Ośrodku Kultury w Mysłakowicach 58-508 Łomnica ul. Świerczewskiego 36;1557;317;317;10;307;20.36;3.15;1552;746;746;37;709;48.07;4.96
45399;020607;4;Pałac Bukowiec 58-533 Bukowiec ul. Robotnicza 6;1231;208;208;9;199;16.90;4.33;1253;541;541;16;525;43.18;2.96
45400;020607;5;Świetlica Wiejska w Karpnikach przy Gminnym Ośrodku Kultury w Mysłakowicach 58-533 Karpniki ul. Rudawska 8;860;134;134;6;128;15.58;4.48;871;338;338;6;332;38.81;1.78
45401;020607;6;Świetlica 58-508 Dąbrowica 45;399;86;86;6;80;21.55;6.98;399;183;183;5;178;45.86;2.73
45402;020607;7;Świetlica Wiejska w Wojanowie przy Gminnym Ośrodku Kultury w Mysłakowicach 58-508 Wojanów 38;570;123;123;1;122;21.58;0.81;575;256;256;12;244;44.52;4.69
45403;020608;1;Szkoła Podstawowa w Podgórzynie 58-562 Podgórzyn ul. Żołnierska 113;1717;391;391;9;382;22.77;2.30;1719;858;858;17;841;49.91;1.98
45404;020608;2;Harcerska Baza Karkonoska 58-562 Przesieka ul. Karkonoska 27;444;120;120;5;115;27.03;4.17;444;206;206;3;203;46.40;1.46
45405;020608;3;Świetlica Profilaktyczno-Środowiskowa w Staniszowie 58-500 Staniszów 69a;863;195;195;10;185;22.60;5.13;910;455;455;13;442;50.00;2.86
45406;020608;4;Dom Strażaka 58-564 Sosnówka ul. Strażacka 7;1001;214;214;7;207;21.38;3.27;997;442;442;19;423;44.33;4.30
45407;020608;5;Szkoła Podstawowa w Miłkowie 58-535 Miłków ul. Szkolna 95;1700;266;266;17;249;15.65;6.39;1655;681;681;33;648;41.15;4.85
45408;020608;6;Szkoła Podstawowa w Ściegnach 58-535 Ściegny 110b;848;152;152;7;145;17.92;4.61;840;340;340;9;331;40.48;2.65
90078;020608;7;Dom Pomocy Społecznej w Sosnówce 58-564 Sosnówka ul. Liczyrzepy 87;61;33;33;0;33;54.10;0.00;63;25;25;1;24;39.68;4.00
45409;020609;1;Centrum Informacji Turystycznej w Starej Kamienicy 58-512 Stara Kamienica 73;1334;200;200;6;194;14.99;3.00;1295;532;532;21;511;41.08;3.95
45410;020609;2;Świetlica Wiejska w Barcinku 58-512 Barcinek 16;1061;139;139;7;132;13.10;5.04;1041;376;376;6;370;36.12;1.60
45411;020609;3;Szkoła Podstawowa w Kopańcu 58-512 Kopaniec 78;921;123;123;10;113;13.36;8.13;937;395;395;13;382;42.16;3.29
45412;020609;4;Świetlica Wiejska w Wojcieszycach 58-560 Wojcieszyce 116;928;207;207;14;193;22.31;6.76;932;427;427;5;422;45.82;1.17
45413;020701;1;Zespół Szkół 58-400 Kamienna Góra ul. Lubawska 8;1468;264;264;12;252;17.98;4.55;1439;560;560;36;524;38.92;6.43
45414;020701;2;Muzeum Tkactwa 58-400 Kamienna Góra Pl. Wolności 11;1360;225;225;9;216;16.54;4.00;1333;498;498;15;483;37.36;3.01
45415;020701;3;Powiatowy Urząd Pracy 58-400 Kamienna Góra ul. H. Sienkiewicza 6a;1346;242;242;11;231;17.98;4.55;1285;525;525;18;507;40.86;3.43
45416;020701;4;Przedszkole Publiczne Nr 3 58-400 Kamienna Góra ul. Papieża Jana Pawła II 20;2249;367;367;11;356;16.32;3.00;2178;879;879;42;837;40.36;4.78
45417;020701;5;Szkoła Podstawowa Nr 2 58-400 Kamienna Góra ul. Jeleniogórska 7;1712;345;345;13;332;20.15;3.77;1657;757;757;18;739;45.68;2.38
45418;020701;6;Osiedle Krzeszowskie 58-400 Kamienna Góra ul. Wałbrzyska 26;2063;505;505;19;486;24.48;3.76;1978;1018;1018;22;996;51.47;2.16
45419;020701;7;Centrum Gimnastyki Szkoły Podstawowej Nr 1 58-400 Kamienna Góra ul. T. Kościuszki 17;1811;345;345;13;332;19.05;3.77;1764;755;755;24;731;42.80;3.18
45420;020701;8;Szkoła Podstawowa Nr 1 58-400 Kamienna Góra Plac Kościelny 1;656;123;123;3;120;18.75;2.44;640;257;257;6;251;40.16;2.33
45421;020701;9;Zespół Szkół Ogólnokształcących 58-400 Kamienna Góra ul. M. Skłodowskiej-Curie 2;2064;571;571;18;553;27.66;3.15;2033;1088;1088;13;1075;53.52;1.19
45422;020701;10;Zespół Szkół Zawodowych i Ogólnokształcących 58-400 Kamienna Góra ul. R. Traugutta 2;1693;419;419;14;405;24.75;3.34;1674;850;850;22;828;50.78;2.59
90079;020701;11;Dolnośląskie Centrum Rehabilitacji Sp. z o.o 58-400 Kamienna Góra ul. Janusza Korczaka 1;208;52;52;1;51;25.00;1.92;210;114;114;10;104;54.29;8.77
90080;020701;12;Powiatowe Centrum Zdrowia Sp. z o.o. NZOZ Szpital Powiatowy 58-400 Kamienna Góra ul. Bohaterów Getta 10;75;4;4;1;3;5.33;25.00;81;16;16;1;15;19.75;6.25
45423;020702;1;Filia Biblioteki Publicznej 58-400 Leszczyniec 100;1198;198;198;13;185;16.53;6.57;1185;460;460;20;440;38.82;4.35
45424;020702;2;Placówka Ośrodka Kultury 58-400 Pisarzowice 72;1335;201;201;5;196;15.06;2.49;1340;550;550;29;521;41.04;5.27
45425;020702;3;Świetlica Wiejska 58-400 Przedwojów 43A;815;152;152;10;142;18.65;6.58;818;365;365;17;348;44.62;4.66
45426;020702;4;Szkoła Podstawowa 58-400 Ptaszków 49;663;105;105;6;99;15.84;5.71;643;265;265;12;253;41.21;4.53
45427;020702;5;Ośrodek Kultury 58-400 Krzeszów ul. Kalwaria 1;1852;414;414;11;403;22.35;2.66;1870;953;953;33;920;50.96;3.46
45428;020702;6;Świetlica Wiejska 58-400 Gorzeszów 113;517;85;85;4;81;16.44;4.71;518;231;231;13;218;44.59;5.63
45429;020702;7;Świetlica Wiejska 58-400 Czadrów 26;606;141;141;8;133;23.27;5.67;612;296;296;11;285;48.37;3.72
90081;020702;8;Dom Pomocy Społecznej 58-400 Szarocin 1;27;11;11;3;8;40.74;27.27;27;18;18;6;12;66.67;33.33
45430;020703;1;Gimnazjum Publiczne 58-420 Lubawka ul. Mickiewicza 4;1341;279;279;15;264;20.81;5.38;1325;636;636;27;609;48.00;4.25
45431;020703;2;Szkoła Podstawowa 58-420 Lubawka ul. Boczna 13;1865;371;371;12;359;19.89;3.23;1828;816;816;30;786;44.64;3.68
45432;020703;3;Dom Kultury 58-420 Lubawka ul. Kamiennogórska 19;1940;445;445;19;426;22.94;4.27;1869;966;966;38;928;51.69;3.93
45433;020703;4;Zespół Szkół Publicznych im. „Tkaczy Chełmskich” 58-420 Chełmsko Śląskie ul. Kolonia 14;2179;361;361;14;347;16.57;3.88;2153;911;911;39;872;42.31;4.28
45434;020703;5;Świetlica Wiejska 58-420 Stara Białka 35;472;84;84;10;74;17.80;11.90;466;210;210;10;200;45.06;4.76
45435;020703;6;Szkoła Podstawowa w Miszkowicach 58-420 Miszkowice 8;817;143;143;9;134;17.50;6.29;811;341;341;29;312;42.05;8.50
45436;020703;7;Świetlica Wiejska 58-420 Opawa 59;667;127;127;4;123;19.04;3.15;672;315;315;6;309;46.88;1.90
45437;020704;1;Urząd Gminy w Marciszowie 58-410 Marciszów ul. Szkolna 6;1264;184;184;5;179;14.56;2.72;1263;474;474;15;459;37.53;3.16
45438;020704;2;Świetlica wiejska w Ciechanowicach 58-410 Ciechanowice 19a;806;109;109;7;102;13.52;6.42;800;293;293;14;279;36.62;4.78
45439;020704;3;Świetlica wiejska w Domanowie 58-410 Domanów 44;333;46;46;4;42;13.81;8.70;338;102;102;5;97;30.18;4.90
45440;020704;4;Świetlica wiejska w Pastewniku 58-410 Pastewnik 49;211;28;28;3;25;13.27;10.71;205;73;73;3;70;35.61;4.11
45441;020704;5;Świetlica wiejska w Świdniku 58-410 Świdnik 50a;245;54;54;7;47;22.04;12.96;238;98;98;9;89;41.18;9.18
45442;020704;6;Świetlica wiejska w Sędzisławiu 58-410 Sędzisław 25a;536;91;91;3;88;16.98;3.30;521;235;235;12;223;45.11;5.11
45443;020704;7;Świetlica wiejska w Wieściszowicach 58-410 Wieściszowice 43;370;40;40;3;37;10.81;7.50;369;116;116;4;112;31.44;3.45
45444;020801;1;Ośrodek Pomocy Społecznej 57-340 Duszniki-Zdrój Słowackiego 16;702;114;114;5;109;16.24;4.39;700;266;266;12;254;38.00;4.51
45445;020801;2;Miejski Zespół Szkół 57-340 Duszniki-Zdrój ul. Wybickiego 2a;1153;231;231;6;225;20.03;2.60;1105;464;464;18;446;41.99;3.88
45446;020801;3;Miejski Zespół Szkół 57-340 Duszniki-Zdrój ul. Sportowa 6;1254;276;276;9;267;22.01;3.26;1217;597;597;24;573;49.06;4.02
45447;020801;4;Dworek Chopina 57-340 Duszniki-Zdrój Park Zdrojowy;1030;305;305;11;294;29.61;3.61;1155;672;672;17;655;58.18;2.53
45448;020802;1;PKPS w Kłodzku 57-300 Kłodzko ul. Armii Krajowej 1;1076;153;153;5;148;14.22;3.27;1082;461;461;30;431;42.61;6.51
45449;020802;2;Urząd Miasta w Kłodzku 57-300 Kłodzko Pl. B. Chrobrego 1;967;162;162;1;161;16.75;0.62;971;426;426;14;412;43.87;3.29
45450;020802;3;KCKSiR w Kłodzku pomieszczenie galerii 57-300 Kłodzko Pl. Władysława Jagiełły 1;1119;224;224;20;204;20.02;8.93;1103;489;489;13;476;44.33;2.66
45451;020802;4;Przedszkole nr 3 w Kłodzku 57-300 Kłodzko ul. Warty 6;1191;231;231;4;227;19.40;1.73;1167;520;520;6;514;44.56;1.15
45452;020802;5;Zesół Przedszkolno-Żłobkowy nr 1 w Kłodzku 57-300 Kłodzko ul.Grunwaldzka 6;1190;222;222;6;216;18.66;2.70;1184;526;526;14;512;44.43;2.66
45453;020802;6;Miejski Zespół Szkół w Kłodzku 57-300 Kłodzko ul. H. Sienkiewicza 61;1166;287;287;11;276;24.61;3.83;1161;619;619;14;605;53.32;2.26
45454;020802;7;ZAMGGM Kłodzko 57-300 Kłodzko ul. Grunwaldzka 29;1156;248;248;5;243;21.45;2.02;1123;503;503;12;491;44.79;2.39
45455;020802;8;Ośrodek Pomocy Społecznej w Kłodzku 57-300 Kłodzko ul.Stanisława Wyspiańskiego 2d;1130;267;267;2;265;23.63;0.75;1122;568;568;6;562;50.62;1.06
45456;020802;9;Zespół Szkół Integracyjnych w Kłodzku 57-300 Kłodzko ul. Zamiejska 24;1249;249;249;4;245;19.94;1.61;1257;620;620;19;601;49.32;3.06
45457;020802;10;Hala Sportowa w Kłodzku 57-300 Kłodzko ul. Wandy 1;1185;348;348;8;340;29.37;2.30;1123;566;566;8;558;50.40;1.41
45458;020802;11;Szkoła Podstawowa nr 6 w Kłodzku 57-300 Kłodzko ul. Bohaterów Getta 22;1110;252;252;10;242;22.70;3.97;1074;501;501;5;496;46.65;1.00
45459;020802;12;Przedszkole nr 4 w Kłodzku 57-300 Kłodzko ul. Bohaterów Getta 9;1175;265;265;8;257;22.55;3.02;1175;565;566;8;557;48.09;1.42
45460;020802;13;KCKSiR w Kłodzku Hala Sportowa 57-300 Kłodzko ul. J. Kusocińskiego 2;1013;223;223;10;213;22.01;4.48;992;440;440;16;424;44.35;3.64
45461;020802;14;Dom Działkowca ROD w Kłodzku „Perła „ 57-300 Kłodzko ul. Łąkowa 7;1081;295;295;9;286;27.29;3.05;1040;585;585;9;576;56.25;1.54
45462;020802;15;Szkoła Podstawowa nr 3 w Kłodzku (Sala gimnastyczna) 57-300 Kłodzko ul. Jana Pawła II 4;1112;315;315;9;306;28.33;2.86;1095;626;626;12;614;57.17;1.92
45463;020802;16;Szkoła Podstawowa nr 3 w Kłodzku - duży budynek 57-300 Kłodzko ul. Jana Pawla II 4;1097;301;301;3;298;27.44;1.00;1056;564;564;9;555;53.41;1.60
45464;020802;17;Przedszkole Niepubliczne „Promyczek” 57-300 Kłodzko ul.Michała Drzymały 1a;862;88;88;6;82;10.21;6.82;851;299;299;13;286;35.14;4.35
45465;020802;18;Szkoła Podstawowa nr 3 w Kłodzku-mały budynek 57-300 Kłodzko Jana Pawła II 2;887;241;241;8;233;27.17;3.32;884;480;480;10;470;54.30;2.08
45466;020802;19;Kryta Pływalnia w Kłodzku 57-300 Kłodzko ul. Jana Pawla II 4;861;236;236;5;231;27.41;2.12;824;484;484;19;465;58.74;3.93
45467;020802;20;Muzeum Ziemi Kłodzkiej 57-300 Kłodzko Ignacego Łukasiewicza 4;908;244;244;6;238;26.87;2.46;877;437;437;8;429;49.83;1.83
45468;020802;21;Gimnazjum nr 1 w Kłodzku 57-300 Kłodzko Zawiszy Czarnego 5;812;162;162;1;161;19.95;0.62;809;294;294;5;289;36.34;1.70
90082;020802;22;Samodzielny Publiczny Zespół Opieki Zdrowotnej w Kłodzku 57-300 Kłodzko ul. Szpitalna 1;111;25;25;1;24;22.52;4.00;158;72;72;7;65;45.57;9.72
90083;020802;23;Zaklad Karny w Kłodzku 57-300 Kłodzko ul. Bohaterów Getta 16;570;111;111;13;98;19.47;11.71;603;264;264;32;232;43.78;12.12
45469;020803;1;„Caritas” Diecezji Świdnickiej 57-350 Kudowa-Zdrój ul. Marchlewskiego 4;1686;324;324;13;311;19.22;4.01;1667;684;684;23;661;41.03;3.36
45470;020803;2;Zespół Szkół Publicznych im. Jana Pawła II 57-350 Kudowa-Zdrój ul. Szkolna 8;1292;331;331;8;323;25.62;2.42;1308;622;622;18;604;47.55;2.89
45471;020803;3;Punkt Informacyjno-Konsultacyjny GKRPA 57-350 Kudowa-Zdrój ul. Poznańska 2;1291;363;363;7;356;28.12;1.93;1448;764;764;8;756;52.76;1.05
45472;020803;4;Publiczna Szkoła Podstawowa Nr 3 57-350 Kudowa-Zdrój ul. Tadeusza Kościuszki 58;1103;248;248;10;238;22.48;4.03;1137;518;518;16;502;45.56;3.09
45473;020803;5;Zespół Szkół Społecznych 57-350 Kudowa-Zdrój ul. Słone 72;491;91;91;2;89;18.53;2.20;474;221;221;8;213;46.62;3.62
45474;020803;6;Kudowski Zakład Wodociągów i Kanalizacji 57-350 Kudowa-Zdrój ul. Aleksandra Fredry 8;1002;228;228;5;223;22.75;2.19;988;479;479;19;460;48.48;3.97
45475;020803;7;Zespół Szkół Publicznych im.Jana Pawła II 57-350 Kudowa-Zdrój ul. Szkolna 8;1539;400;400;12;388;25.99;3.00;0;0;0;0;0;NA;-99
45476;020804;1;Miejska Biblioteka Publiczna 57-400 Nowa Ruda ul. Bohaterów Getta 10;1734;255;255;14;241;14.71;5.49;1692;612;612;27;585;36.17;4.41
45477;020804;2;Miejski Ośrodek Kultury 57-400 Nowa Ruda ul. Strzelecka 2a;1885;353;353;4;349;18.73;1.13;0;0;0;0;0;NA;-99
45478;020804;3;Szkoła Podstawowa Nr 3 57-400 Nowa Ruda ul. Srebrna 11;939;149;149;2;147;15.87;1.34;919;395;395;16;379;42.98;4.05
45479;020804;4;Liceum Ogólnokształcące 57-400 Nowa Ruda Osiedle Piastowskie 17;933;145;145;7;138;15.54;4.83;0;0;0;0;0;NA;-99
45480;020804;5;Liceum Ogólnokształcące 57-400 Nowa Ruda Osiedle Piastowskie 17;2020;464;464;14;450;22.97;3.02;1962;954;954;48;906;48.62;5.03
45481;020804;6;Zespół Szkół Ponadgimnazjalnych 57-401 Nowa Ruda ul.Obozowa 9;847;111;111;3;108;13.11;2.70;845;301;301;12;289;35.62;3.99
45482;020804;7;Zespół Szkół Ponadgimnazjalnych 57-401 Nowa Ruda ul.Obozowa 9;876;86;86;3;83;9.82;3.49;867;262;262;8;254;30.22;3.05
45483;020804;8;Miejski Zespół Szkół Nr 1 57-401 Nowa Ruda ul. Stara Droga 39;810;109;109;3;106;13.46;2.75;803;318;318;10;308;39.60;3.14
45484;020804;9;Miejski Zespół Szkół Nr 1 57-401 Nowa Ruda ul. Stara Droga 39;813;80;80;3;77;9.84;3.75;804;264;264;13;251;32.84;4.92
45485;020804;10;Szkoła Podstawowa Nr 7 57-402 Nowa Ruda ul. Szkolna 3;843;181;181;3;178;21.47;1.66;832;427;427;8;419;51.32;1.87
45486;020804;11;Szkoła Podstawowa Nr 7 57-402 Nowa Ruda ul.Szkolna 3;795;111;111;1;110;13.96;0.90;802;293;293;4;289;36.53;1.37
45487;020804;12;Gimnazjum Nr 2 57-402 Nowa Ruda ul.Akacjowa 8;817;132;132;4;128;16.16;3.03;792;283;283;12;271;35.73;4.24
45488;020804;13;Gimnazjmu Nr 2 57-402 Nowa Ruda ul.Akacjowa 8;920;114;114;2;112;12.39;1.75;916;389;389;4;385;42.47;1.03
45489;020804;14;Filia Miejskiego Ośrodka Kultury 57-402 Nowa Ruda Słupiecka 2;1947;466;466;12;454;23.93;2.58;1867;962;962;31;931;51.53;3.22
45490;020804;15;Szkoła Podstawowa Nr 7 57-402 Nowa Ruda ul.Kłodzka 7;993;207;207;8;199;20.85;3.86;954;511;511;13;498;53.56;2.54
45491;020804;16;Dom Wypoczynkowy SPORT-CENTRUM 57-402 Nowa Ruda ul.Kłodzka 16;2045;434;434;7;427;21.22;1.61;2003;1014;1014;21;993;50.62;2.07
90084;020804;17;Dom Pomocy Społecznej 57-402 Nowa Ruda Parkowa 20;66;20;20;3;17;30.30;15.00;74;15;15;2;13;20.27;13.33
90085;020804;18;SPZOZ „Zespół Opieki Zdrowotnej” Szpital w Nowej Rudzie 57-400 Nowa Ruda Krańcowa 3;122;17;17;1;16;13.93;5.88;125;20;20;0;20;16.00;0.00
45492;020805;1;Szkoła Podstawowa Stowarzyszenia „EDUKATOR” 57-320 Polanica-Zdrój ul. Kościuszki 13;1863;428;428;17;411;22.97;3.97;1866;944;944;36;908;50.59;3.81
45493;020805;2;Szkoła Podstawowa Nr 2 57-320 Polanica-Zdrój AL. Wojska Polskiego 23;1786;474;474;21;453;26.54;4.43;1821;910;910;28;882;49.97;3.08
45494;020805;3;Urząd Miejski 57-320 Polanica-Zdrój ul.Dąbrowskiego 3;1989;535;535;24;511;26.90;4.49;2136;1113;1113;21;1092;52.11;1.89
90086;020805;4;Specjalistyczne Centrum Medyczne 57-320 Polanica-Zdrój ul. Jana Pawła II 2;99;10;10;1;9;10.10;10.00;76;28;28;2;26;36.84;7.14
45495;020806;1;Biblioteka Publiczna Miasta i Gminy 57-500 Bystrzyca Kłodzka Plac Wolności 16;973;138;138;7;131;14.18;5.07;948;328;328;20;308;34.60;6.10
45496;020806;2;Ratusz 57-500 Bystrzyca Kłodzka Plac Wolności 1;1854;251;251;20;231;13.54;7.97;1838;687;687;41;646;37.38;5.97
45497;020806;3;Miejsko-Gminny Ośrodek Kultury 57-500 Bystrzyca Kłodzka ul. Wojska Polskiego 20;1033;156;156;3;153;15.10;1.92;1011;418;418;15;403;41.35;3.59
45498;020806;4;Szkoła Podstawowa nr 2 57-500 Bystrzyca Kłodzka ul. Wojska Polskiego 68;2429;530;530;9;521;21.82;1.70;2366;1177;1177;16;1161;49.75;1.36
45499;020806;5;Ratusz 57-500 Bystrzyca Kłodzka Plac Wolności 1;2085;397;397;19;378;19.04;4.79;2022;828;828;30;798;40.95;3.62
45500;020806;6;Wiejski Dom Kultury w Starym Waliszowie 57-500 Stary Waliszów 91;547;129;129;1;128;23.58;0.78;536;235;235;5;230;43.84;2.13
45501;020806;7;Remiza Ochotniczej Straży Pożarnej w Starej Łomnicy 57-521 Stara Łomnica 72A;1047;188;188;3;185;17.96;1.60;1054;453;453;12;441;42.98;2.65
45502;020806;8;Wiejski Dom Kultury w Idzikowie 57-500 Idzików 102;561;70;70;4;66;12.48;5.71;556;245;245;11;234;44.06;4.49
45503;020806;9;Wiejski Dom Kultury w Gorzanowie 57-521 Gorzanów pl. Wolności 1;1042;197;197;10;187;18.91;5.08;1012;463;463;9;454;45.75;1.94
45504;020806;10;Wiejski Dom Kultury w Nowym Waliszowie 57-500 Nowy Waliszów 81;721;126;126;5;121;17.48;3.97;723;309;309;10;299;42.74;3.24
45505;020806;11;Wiejski Dom Kultury w Starej Bystrzycy 57-500 Stara Bystrzyca ul. Bystrzycka 41;454;85;85;9;76;18.72;10.59;439;199;199;5;194;45.33;2.51
45506;020806;12;Sanatorium „Ondraszek” 57-520 Długopole-Zdrój ul. Zdrojowa 10a;852;180;180;8;172;21.13;4.44;860;454;454;18;436;52.79;3.96
45507;020806;13;Budynek byłej Szkoły Podstawowej 57-500 Międzygórze ul. Pocztowa 1;433;101;101;3;98;23.33;2.97;423;195;195;11;184;46.10;5.64
45508;020806;14;Wiejski Dom Kultury w Wilkanowie 57-500 Wilkanów 137;884;165;165;6;159;18.67;3.64;879;396;396;15;381;45.05;3.79
45509;020806;15;Świetlica Wiejska w Nowej Bystrzycy 57-500 Nowa Bystrzyca 21;612;123;123;5;118;20.10;4.07;597;246;246;13;233;41.21;5.28
45510;020806;16;Świetlica Wiejska w Ponikwie 57-520 Ponikwa 41A;437;57;57;0;57;13.04;0.00;448;179;179;8;171;39.96;4.47
90087;020806;17;Bystrzyckie Centrum Zdrowia 57-500 Bystrzyca Kłodzka Okrzei 49;99;23;23;0;23;23.23;0.00;85;40;40;0;40;47.06;0.00
90088;020806;18;Dom Pomocy Społecznej 57-500 Bystrzyca Kłodzka Plac Szpitalny 5;38;22;22;1;21;57.89;4.55;31;16;16;3;13;51.61;18.75
90089;020806;19;Dom Pomocy Społecznej 57-500 Bystrzyca Kłodzka Górna 23;36;18;18;2;16;50.00;11.11;33;9;9;0;9;27.27;0.00
45511;020807;1;Świetlica wiejska 57-300 Boguszyn 91a;355;98;98;2;96;27.61;2.04;356;173;173;10;163;48.60;5.78
45512;020807;2;Dom Ludowy 57-300 Wojciechowice 106;708;151;151;12;139;21.33;7.95;708;324;324;17;307;45.76;5.25
45513;020807;3;Szkoła Podstawowa 57-312 Jaszkowa Dolna 63 e;1126;251;251;7;244;22.29;2.79;1149;543;543;20;523;47.26;3.68
45514;020807;4;Filia Biblioteki Publicznej Gminy Kłodzko 57-312 Jaszkowa Górna 71;823;139;139;6;133;16.89;4.32;818;344;344;17;327;42.05;4.94
45515;020807;5;Ośrodek Kultury, Sportu i Rekreacji Gminy Kłodzko 57-360 Ołdrzychowice Kłodzkie Kłodzka 20;1849;309;309;11;298;16.71;3.56;1828;771;771;29;742;42.18;3.76
45516;020807;6;Niepubliczna Szkoła Podstawowa i Niepubliczne Gimnazjum 57-361 Żelazno 101;951;168;168;15;153;17.67;8.93;927;364;364;20;344;39.27;5.49
45517;020807;7;Szkoła Podstawowa 57-362 Krosnowice 207;2265;405;405;31;374;17.88;7.65;2261;966;966;42;924;42.72;4.35
45518;020807;8;Dom Ludowy 57-313 Stary Wielisław 72;895;201;201;10;191;22.46;4.98;923;410;410;12;398;44.42;2.93
45519;020807;9;Przedszkole Gminne 57-314 Szalejów Dolny 100;762;143;143;6;137;18.77;4.20;758;284;284;11;273;37.47;3.87
45520;020807;10;Dom Ludowy 57-314 Szalejów Górny 1;693;152;152;9;143;21.93;5.92;680;295;295;13;282;43.38;4.41
45521;020807;11;Świetlica wiejska 57-315 Piszkowice 59 h;582;66;66;0;66;11.34;0.00;565;225;225;5;220;39.82;2.22
45522;020807;12;Świetlica wiejska 57-441 Święcko 18;362;69;69;4;65;19.06;5.80;361;164;164;7;157;45.43;4.27
45523;020807;13;Przedszkole Gminne z Oddziałami Integracyjnymi 57-315 Bierkowice 3;853;147;147;13;134;17.23;8.84;846;359;359;22;337;42.43;6.13
45524;020807;14;Dom Ludowy 57-442 Wojbórz 138;894;122;122;8;114;13.65;6.56;964;327;327;16;311;33.92;4.89
45525;020807;15;Świetlica wiejska 57-300 Ławica 8;721;123;123;12;111;17.06;9.76;720;327;327;18;309;45.42;5.50
45526;020808;1;Szkoła Podstawowa nr 1 57-540 Lądek-Zdrój ul. Kościelna 31;969;167;167;10;157;17.23;5.99;961;378;378;13;365;39.33;3.44
45527;020808;2;Szkoła Podstawowa nr 1 57-540 Lądek-Zdrój ul. Kościelna 31;905;201;201;10;191;22.21;4.98;899;418;418;21;397;46.50;5.02
45528;020808;3;Centrum Kultury i Rekreacji 57-540 Lądek-Zdrój pl. Staromłyński 5;1649;372;372;9;363;22.56;2.42;1579;769;769;30;739;48.70;3.90
45529;020808;4;Kinoteatr 57-540 Lądek-Zdrój ul. Orla 7;978;266;266;4;262;27.20;1.50;1166;682;682;4;678;58.49;0.59
45530;020808;5;Gminne Przedszkole Publiczne 57-540 Lądek-Zdrój ul. Paderewskiego 2;651;122;122;4;118;18.74;3.28;662;270;270;13;257;40.79;4.81
45531;020808;6;Budynek byłej Szkoły Podstawowej w Radochowie 57-540 Radochów 104;832;143;143;12;131;17.19;8.39;857;345;345;18;327;40.26;5.22
45532;020808;7;Szkoła Podstawowa w Trzebieszowicach 57-540 Trzebieszowice 150;1188;171;171;3;168;14.39;1.75;1174;473;473;29;444;40.29;6.13
45533;020809;1;Zespół Szkolno-Przedszkolny 57-343 Lewin Kłodzki ul. Kościelna 1;898;150;150;5;145;16.70;3.33;891;348;348;6;342;39.06;1.72
45534;020809;2;Gminna Spółdzielnia „SCh” 57-343 Jeleniów Pl. Spółdzielczy 49;716;75;75;0;75;10.47;0.00;702;257;257;9;248;36.61;3.50
45535;020810;1;Miejsko - Gminny Ośrodek Kultury 57-530 Międzylesie Plac Wolności 15;1114;231;231;7;224;20.74;3.03;1087;484;484;22;462;44.53;4.55
45536;020810;2;Biblioteka Publiczna Miasta i Gminy 57-530 Międzylesie ul. Wojska Polskiego 11;1143;157;157;3;154;13.74;1.91;1159;438;438;11;427;37.79;2.51
45537;020810;3;Świetlica Wiejska 57-530 Boboszów 11;352;27;27;1;26;7.67;3.70;347;121;121;3;118;34.87;2.48
45538;020810;4;Różańskie Centrum Informacji Wiejskiej 57-530 Różanka 53;375;78;78;2;76;20.80;2.56;408;154;154;7;147;37.75;4.55
45539;020810;5;Świetlica wiejska 57-530 Roztoki 34;557;87;87;3;84;15.62;3.45;556;197;197;11;186;35.43;5.58
45540;020810;6;Filia Biblioteki Publicznej Miasta i Gminy 57-520 Długopole Górne Długopole Górne 79;607;88;88;10;78;14.50;11.36;598;210;210;9;201;35.12;4.29
45541;020810;7;Filia Miejsko-Gminnego Ośrodka Kultury- Dom Kultury 57-522 Domaszków Kolejowa 3;976;122;122;6;116;12.50;4.92;946;337;337;21;316;35.62;6.23
45542;020810;8;Świetlica Koła Gospodyń Wiejskich 57-530 Goworów 14;553;112;112;8;104;20.25;7.14;538;245;245;15;230;45.54;6.12
45543;020810;9;Świetlica Wiejska 57-530 Pisary 36;387;51;51;2;49;13.18;3.92;391;108;108;2;106;27.62;1.85
45544;020811;1;Szkoła Podstawowa 57-430 Jugów ul. Główna 85;609;70;70;1;69;11.49;1.43;610;199;199;1;198;32.62;0.50
45545;020811;2;Szkoła Podstawowa 57-430 Jugów ul. Główna 85;634;83;83;6;77;13.09;7.23;624;231;231;10;221;37.02;4.33
45546;020811;3;Publiczne Gimnazjum Nr 1 57-430 Jugów Główna 105;528;68;68;3;65;12.88;4.41;514;201;201;4;197;39.11;1.99
45547;020811;4;Świetlica wiejska „Jugowianka” 57-430 Jugów Główna 155;619;85;85;4;81;13.73;4.71;601;224;224;7;217;37.27;3.12
45548;020811;5;Centrum Kultury Gminy Nowa Ruda 57-450 Ludwikowice Kłodzkie Fabryczna 2;739;129;129;6;123;17.46;4.65;729;267;267;19;248;36.63;7.12
45549;020811;6;Centrum Kultury Gminy Nowa Ruda 57-450 Ludwikowice Kłodzkie Fabryczna 2;659;101;101;7;94;15.33;6.93;663;243;243;7;236;36.65;2.88
45550;020811;7;Świetlica wiejska 57-450 Sokolec 3;476;89;89;7;82;18.70;7.87;469;185;185;5;180;39.45;2.70
45551;020811;8;Szkoła Podstawowa 57-441 Bożków 89e;652;130;130;3;127;19.94;2.31;640;304;304;20;284;47.50;6.58
45552;020811;9;Szkoła Podstawowa 57-441 Bożków 89e;695;105;105;5;100;15.11;4.76;691;279;279;14;265;40.38;5.02
45553;020811;10;Biblioteka Publiczna 57-431 Przygórze 218;597;105;105;2;103;17.59;1.90;582;225;225;12;213;38.66;5.33
45554;020811;11;Remiza strażacka 57-431 Wolibórz 116;883;145;145;9;136;16.42;6.21;870;353;353;3;350;40.57;0.85
45555;020811;12;Hala sportowa 57-432 Dzikowiec 95;720;118;118;2;116;16.39;1.69;706;294;294;9;285;41.64;3.06
45556;020811;13;Świetlica wiejska 57-451 Świerki 61;768;111;111;10;101;14.45;9.01;741;282;282;13;269;38.06;4.61
45557;020811;14;Szkoła Podstawowa 57-400 Włodowice 25;691;76;76;2;74;11.00;2.63;667;261;261;5;256;39.13;1.92
45558;020811;15;Świetlica wiejska 57-441 Czerwieńczyce 16;548;82;82;3;79;14.96;3.66;551;228;228;5;223;41.38;2.19
90090;020811;16;Dom Pomocy Społecznej 57-430 Jugów Główna 118;61;21;21;1;20;34.43;4.76;72;39;39;6;33;54.17;15.38
45559;020812;1;Urząd Miasta i Gminy 57-420 Radków ul.Rynek 1;2175;394;394;15;379;18.11;3.81;2165;843;843;49;794;38.94;5.81
45560;020812;2;Świetlica Rady Sołeckiej 57-420 Ratno Dolne 57;579;108;108;6;102;18.65;5.56;563;216;216;6;210;38.37;2.78
45561;020812;3;Zespół Szkolno-Przedszkolny 57-420 Wambierzyce ul. Szpitalna 5;978;177;177;22;155;18.10;12.43;954;343;343;30;313;35.95;8.75
45562;020812;4;Sala Widowiskowa 57-420 Ścinawka Średnia ul.Mickiewicza 12c;1740;318;318;14;304;18.28;4.40;1743;716;716;22;694;41.08;3.07
45563;020812;5;Centrum Inicjatyw Wiejskich 57-420 Ścinawka Górna 18a;526;66;66;0;66;12.55;0.00;504;190;190;5;185;37.70;2.63
45564;020812;6;Zespół Szkolno-Przedszkolny 57-420 Ścinawka Dolna 21a;1051;166;166;6;160;15.79;3.61;1041;414;414;17;397;39.77;4.11
45565;020812;7;Sala Domu Ludowego 57-420 Tłumaczów 72;445;97;97;4;93;21.80;4.12;444;178;178;10;168;40.09;5.62
90092;020812;8;Dom Pomocy Społecznej 57-420 Ścinawka Dolna 17;52;11;11;0;11;21.15;0.00;56;18;18;0;18;32.14;0.00
45566;020813;1;Szkoła Podstawowa w Stroniu Śląskim 57-550 Stronie Śląskie ul. Kościuszki 57;1177;202;202;13;189;17.16;6.44;1134;495;495;22;473;43.65;4.44
45567;020813;2;Przedszkole Miejskie w Stroniu Śląskim 57-550 Stronie Śląskie ul. Nadbrzeżna 30;1498;301;301;23;278;20.09;7.64;1485;630;630;26;604;42.42;4.13
45568;020813;3;Zespół Szkół Samorządowych w Stroniu Śląskim 57-550 Stronie Śląskie ul. Kościelna 12;1149;148;148;0;148;12.88;0.00;1156;444;444;10;434;38.41;2.25
45569;020813;4;Szkoła Podstawowa w Stroniu Śląskim 57-550 Stronie Śląskie ul. Kościuszki 57;1337;239;239;6;233;17.88;2.51;1300;536;536;23;513;41.23;4.29
45570;020813;5;Świetlica wiejska „Trzy Siostry” 57-550 Stary Gierałtów 7a;532;101;101;2;99;18.98;1.98;540;221;221;7;214;40.93;3.17
45571;020813;6;Świetlica Wiejska 57-550 Bolesławów 41;402;48;48;1;47;11.94;2.08;426;178;178;9;169;41.78;5.06
90093;020813;7;Wojewódzkie Centrum Psychiatrii Długoterminowej SPZOZ w Stroniu Śląskim 57-550 Stronie Śląskie ul. Morawka 1 lokal: Budynek ZOL A;48;23;23;2;21;47.92;8.70;45;18;18;3;15;40.00;16.67
45572;020814;1;Gimnazjum 57-330 Szczytna ul. Wolności 80;707;104;104;6;98;14.71;5.77;714;243;243;8;235;34.03;3.29
45573;020814;2;Szkoła Podstawowa im. Orła Białego 57-330 Szczytna ul. Kościelna 6;1607;339;339;25;314;21.10;7.37;1563;700;700;30;670;44.79;4.29
45574;020814;3;Miejski Ośrodek Kultury 57-330 Szczytna ul. Sienkiewicza 16;1994;309;309;20;289;15.50;6.47;1983;815;815;27;788;41.10;3.31
45575;020814;4;Świetlica Wiejska 57-320 Niwa 24;534;84;84;5;79;15.73;5.95;527;204;204;5;199;38.71;2.45
45576;020814;5;Wiejskie Centrum Aktywności Społecznej 57-340 Łężyce 49a;646;65;65;3;62;10.06;4.62;641;199;199;7;192;31.05;3.52
45577;020814;6;Dom Ludowy 57-300 Wolany 4;510;66;66;1;65;12.94;1.52;508;162;162;4;158;31.89;2.47
45578;020901;1;Gimnazjum Nr 1 w Chojnowie 59-225 Chojnów ul. Reymonta 1;1394;270;270;8;262;19.37;2.96;1368;657;657;13;644;48.03;1.98
45579;020901;2;Szkoła Podstawowa nr 3 59-225 Chojnów ul. Kościuszki 30;2200;348;348;30;318;15.82;8.62;2183;832;832;38;794;38.11;4.57
45580;020901;3;Dom Schrama w Chojnowie 59-225 Chojnów ul. Rynek 20;2069;334;334;7;327;16.14;2.10;2016;791;791;23;768;39.24;2.91
45581;020901;4;Miejska Biblioteka Publiczna w Chojnowie 59-225 Chojnów pl. Zamkowy 2;1279;235;235;9;226;18.37;3.83;1267;552;552;13;539;43.57;2.36
45582;020901;5;Szkoła podstawowa Nr 4 w Chojnowie (mały budynek) 59-225 Chojnów ul. Kilińskiego 23;1785;304;304;9;295;17.03;2.96;1747;796;796;25;771;45.56;3.14
45583;020901;6;Szkoła Podstawowa Nr 4 w Chojnowie (duży budynek) 59-225 Chojnów ul. Kilińskiego 23;2511;532;532;15;517;21.19;2.82;2422;1124;1124;26;1098;46.41;2.31
90094;020901;7;Dolnośląski Ośrodek Pielęgnacyjny „Niebieski Parasol” w Chojnowie 59-225 Chojnów Szpitalna 20;77;24;24;0;24;31.17;0.00;65;14;14;2;12;21.54;14.29
45584;020902;1;Świetlica Wiejska w Białej 59-225 Biała 85;1168;210;210;6;204;17.98;2.86;1195;555;555;6;549;46.44;1.08
45585;020902;2;Zespół Szkolno Przedszkolny 59-225 Rokitki 32/a;1006;186;186;5;181;18.49;2.69;1023;425;425;24;401;41.54;5.65
45586;020902;3;Punkt Biblioteczny 59-225 Witków 34B;1253;143;143;4;139;11.41;2.80;1238;445;445;24;421;35.95;5.39
45587;020902;4;Szkoła Podstawowa 59-225 Krzywa 52;518;81;81;5;76;15.64;6.17;499;152;152;8;144;30.46;5.26
45588;020902;5;Szkoła Podstawowa 59-225 Okmiany 65;595;89;89;4;85;14.96;4.49;578;197;197;19;178;34.08;9.64
45589;020902;6;Świetlica Wiejska w Osetnicy 59-225 Osetnica 26B;1088;154;154;11;143;14.15;7.14;1093;426;426;20;406;38.98;4.69
45590;020902;7;Szkoła Podstawowa 59-225 Budziwojów 21;988;139;139;6;133;14.07;4.32;974;382;382;16;366;39.22;4.19
45591;020902;8;Punkt Przedszkolny Goliszów przy Szkole Podstawowej w Niedźwiedzicach z siedzibą w Goliszowie 59-225 Goliszów 35;1036;148;148;5;143;14.29;3.38;1015;383;383;15;368;37.73;3.92
45592;020903;1;Zespół Szkół w Krotoszycach 59-223 Krotoszyce ul.Piastowska 41;1180;202;202;8;194;17.12;3.96;1193;568;568;31;537;47.61;5.46
45593;020903;2;Świetlica Wiejska 59-223 Winnica 37 A;427;104;104;2;102;24.36;1.92;423;210;210;4;206;49.65;1.90
45594;020903;3;Szkoła Podstawowa im. H. Sienkiewicza 59-223 Kościelec 9;932;148;148;4;144;15.88;2.70;937;406;406;15;391;43.33;3.69
45595;020904;1;Szkoła Podstawowa 59-216 Bieniowice 57;1046;189;189;7;182;18.07;3.70;1049;468;468;4;464;44.61;0.85
45596;020904;2;Szkoła Podstawowa 59-216 Kunice ul. Staropolska 4;1270;325;325;18;307;25.59;5.54;1291;764;764;12;752;59.18;1.57
45597;020904;3;Szkoła Podstawowa 59-216 Rosochata 65;1027;149;149;8;141;14.51;5.37;1047;439;439;12;427;41.93;2.73
45598;020904;4;Hala widowiskowo-sportowa przy Gimnazjum 59-216 Spalona ul. Legnicka 52A;806;189;189;1;188;23.45;0.53;844;464;464;9;455;54.98;1.94
45599;020904;5;Świetlica Wiejska 59-216 Grzybiany ul. Legnicka 66;707;227;227;3;224;32.11;1.32;735;459;459;5;454;62.45;1.09
45600;020905;1;Zespół Szkół 59-241 Legnickie Pole ul. Kosmy Damiana Asama 7;1116;207;207;9;198;18.55;4.35;1154;602;602;15;587;52.17;2.49
45601;020905;2;Świetlica wiejska 59-241 Raczkowa 1;417;68;68;0;68;16.31;0.00;419;180;180;7;173;42.96;3.89
45602;020905;3;Świetlica wiejska 59-241 Koskowice 68;1148;254;254;10;244;22.13;3.94;1163;565;565;8;557;48.58;1.42
45603;020905;4;Świetlica wiejska 59-241 Nowa Wieś Legnicka 56;471;80;80;5;75;16.99;6.25;475;208;208;8;200;43.79;3.85
45604;020905;5;Zespół Szkół w Legnickim Polu - budynek w Mikołajowicach 59-241 Mikołajowice 44;518;81;81;4;77;15.64;4.94;513;185;185;17;168;36.06;9.19
90095;020905;6;Świetlica Domu Pomocy Społecznej w Legnickim Polu 59-241 Legnickie Pole Benedyktynów 4;66;38;38;4;34;57.58;10.53;54;25;25;3;22;46.30;12.00
45605;020906;1;Świetlica Środowiskowa 59-222 Gniewomirowice nr 32 A;409;75;75;5;70;18.34;6.67;455;220;220;6;214;48.35;2.73
45606;020906;2;Świetlica Wiejska przy Remizie Ochotniczej Straży Pożarnej 59-222 Grzymalin nr 50;474;77;77;3;74;16.24;3.90;506;253;253;5;248;50.00;1.98
45607;020906;3;Świetlica Wiejska 59-222 Jezierzany nr 14;554;86;86;2;84;15.52;2.33;574;263;263;8;255;45.82;3.04
45608;020906;4;Szkolno - Gimnazjalny Zespół Szkół 59-222 Miłkowice ul. II Armii Wojska Polskiego nr 75;1481;247;247;18;229;16.68;7.29;1493;667;667;29;638;44.68;4.35
45609;020906;5;Szkoła Podstawowa 59-222 Rzeszotary ul. Wiejska nr 68;791;163;163;3;160;20.61;1.84;797;424;424;13;411;53.20;3.07
45610;020906;6;Świetlica Środowiskowa 59-222 Ulesie nr 99;572;84;84;3;81;14.69;3.57;563;259;259;10;249;46.00;3.86
45611;020906;7;Świetlica Wiejska w Gminnym Ośrodku Kultury i Sportu 59-222 Siedliska nr 6;435;98;98;6;92;22.53;6.12;434;222;222;6;216;51.15;2.70
45612;020906;8;Świetlica Klubu Sportowego „Iskra” 59-222 Kochlice ul. Sportowa nr 19;344;84;84;3;81;24.42;3.57;359;174;174;7;167;48.47;4.02
45613;020907;1;Szkoła Podstawowa 59-230 Prochowice ul. Młyńska 3;1273;338;338;10;328;26.55;2.96;1281;662;662;39;623;51.68;5.89
45614;020907;2;Prochowicki Ośrodek Kultury i Sportu 59-230 Prochowice ul. Karola Miarki 5;1266;248;248;7;241;19.59;2.82;1270;538;538;19;519;42.36;3.53
45615;020907;3;Przychodnia Rejonowa 59-230 Prochowice ul. Antoniego Rymszy 3;779;186;186;8;178;23.88;4.30;756;386;386;13;373;51.06;3.37
45616;020907;4;Świetlica Wiejska 59-230 Rogów Legnicki 26;949;221;221;20;201;23.29;9.05;938;449;450;24;425;47.87;5.35
45617;020907;5;Szkoła Podstawowa 59-230 Dąbie 5a;656;65;65;4;61;9.91;6.15;651;199;199;9;190;30.57;4.52
45618;020907;6;Świetlica Wiejska 59-230 Lisowice 90b;1126;208;208;6;202;18.47;2.88;1137;517;517;33;484;45.47;6.38
45619;020908;1;Szkoła Podstawowa 59-243 Wągrodno 35;923;136;136;3;133;14.73;2.21;912;293;293;15;278;32.13;5.12
45620;020908;2;Punkt Przedszkolny w Rui 59-243 Ruja 18D;1049;126;126;6;120;12.01;4.76;1146;361;361;9;352;31.50;2.49
90096;020908;3;Dom Pomocy Społecznej „Prząśnik” w Brenniku 59-243 Brennik 24;86;25;25;0;25;29.07;0.00;86;31;31;4;27;36.05;12.90
45621;021001;1;Galeria Łużycka - Tret 59-800 Lubań Rynek-Sukiennice 38;1710;374;374;14;360;21.87;3.74;1698;750;750;22;728;44.17;2.93
45622;021001;2;Miejski Ośrodek Pomocy Społecznej 59-800 Lubań Pl. Lompy 1;1750;356;356;15;341;20.34;4.21;1700;787;787;14;773;46.29;1.78
45623;021001;3;Gimnazjum Nr 2 59-800 Lubań ul. Mickiewicza 1;1534;302;302;13;289;19.69;4.30;1517;666;666;13;653;43.90;1.95
45624;021001;4;Szkoła Podstawowa Nr 1 59-800 Lubań ul. Mickiewicza 1;776;115;115;7;108;14.82;6.09;751;274;274;4;270;36.48;1.46
45625;021001;5;Przedszkole Miejskie Nr 5 59-800 Lubań ul. Mieszka II 1;1662;422;422;12;410;25.39;2.84;1629;803;803;12;791;49.29;1.49
45626;021001;6;Zespół Szkół Ponadgimnazjalnych im. Adama Mickiewicza 59-800 Lubań ul. Wł. Łokietka 2;1723;419;419;14;405;24.32;3.34;1681;896;896;18;878;53.30;2.01
45627;021001;7;Świetlica Spółdzielni Mieszkaniowej 59-800 Lubań ul. Łużycka 1;1729;330;330;9;321;19.09;2.73;1690;697;697;10;687;41.24;1.43
45628;021001;8;Zespół Szkół Ponadgimnazjalnych im. KZL 59-800 Lubań ul. Kopernika 31;1628;335;335;19;316;20.58;5.67;1641;744;744;12;732;45.34;1.61
45629;021001;9;Szkoła Podstawowa Nr 4 59-800 Lubań ul. Kopernika 15;972;217;217;8;209;22.33;3.69;953;456;456;9;447;47.85;1.97
45630;021001;10;Gimnazjum Nr 3 59-800 Lubań ul. Rybacka 16;1716;309;309;8;301;18.01;2.59;1684;703;703;13;690;41.75;1.85
45631;021001;11;Miejski Dom Kultury 59-800 Lubań ul. Kościuszki 4;822;178;178;8;170;21.65;4.49;824;372;372;6;366;45.15;1.61
45632;021001;12;Gimnazjum Nr 1 59-800 Lubań ul. Skalnicza 3;914;149;149;6;143;16.30;4.03;918;371;371;9;362;40.41;2.43
45633;021001;13;Szkoła Podstawowa Nr 2 59-800 Lubań ul. Dolna 8;870;164;164;4;160;18.85;2.44;896;420;420;13;407;46.88;3.10
90097;021001;14;Niepubliczny Zakład Opieki Zdrowotnej Łużyckie Centrum Medyczne w Lubaniu Sp. z o.o. 59-800 Lubań ul. Zawidowska 4;90;3;3;1;2;3.33;33.33;43;21;21;3;18;48.84;14.29
90098;021001;15;Areszt Śledczy w Lubaniu 59-800 Lubań ul. Podwale 1;119;78;78;5;73;65.55;6.41;119;70;70;5;65;58.82;7.14
45634;021002;1;Miejski Zespół Szkół 59-850 Świeradów-Zdrój ul.Skłodowskiej-Curie 2;705;214;214;4;210;30.35;1.87;1003;471;471;13;458;46.96;2.76
45635;021002;2;Miejski Zespół Szkół 59-850 Świeradów-Zdrój ul. Skłodowskiej-Curie 2;1145;234;234;8;226;20.44;3.42;955;449;449;7;442;47.02;1.56
45636;021002;3;Miejski Zespół Szkół 59-850 Świeradów-Zdrój ul. Skłodowskiej-Curie 2;1048;176;176;9;167;16.79;5.11;965;390;390;18;372;40.41;4.62
45637;021002;4;Szkoła Podstawowa Nr 2 59-850 Świeradów-Zdrój ul.Sanatoryjna 3;752;140;140;2;138;18.62;1.43;771;302;302;8;294;39.17;2.65
90099;021002;5;Uzdrowisko Świeradów-Czerniawa Sp. z o.o. Grupa PGU Szpital Centrum Rahabilitacji i Reumatologii „Goplana” w Świeradowie-Zdroju 59-850 Świeradów-Zdrój ul. Piłsudskiego 33;29;29;29;4;25;100.00;13.79;33;28;28;1;27;84.85;3.57
45638;021003;1;Ośrodek Kultury i Sportu 59-820 Leśna ul. Świerczewskiego 5a;1570;310;310;14;296;19.75;4.52;1528;683;683;24;659;44.70;3.51
45639;021003;2;Gimnazjum w Leśnej 59-820 Leśna ul. Kościuszki 7-9;1629;302;302;7;295;18.54;2.32;1597;708;708;20;688;44.33;2.82
45640;021003;3;Szkoła Podstawowa im. J.Pawła II 59-820 Smolnik 52;1407;225;225;9;216;15.99;4.00;1385;532;532;11;521;38.41;2.07
45641;021003;4;Zespół Szkolno-Przedszkolny w Pobiednej 59-814 Pobiedna ul. Dworcowa 2;1218;185;185;6;179;15.19;3.24;1200;420;420;24;396;35.00;5.71
45642;021003;5;Świetlica Wiejska w Świeciu 59-820 Świecie 196a;471;56;56;3;53;11.89;5.36;472;167;167;11;156;35.38;6.59
45643;021003;6;Świetlica Wiejska w Szyszkowej 59-820 Szyszkowa 65;709;120;120;2;118;16.93;1.67;708;274;274;20;254;38.70;7.30
45644;021003;7;Świetlica Wiejska w Stankowicach 59-820 Stankowice 16;658;88;88;4;84;13.37;4.55;632;245;245;7;238;38.77;2.86
45645;021003;8;Świetlica Wiejska w Grabiszycach Górnych 59-820 Grabiszyce Górne 2;633;81;81;5;76;12.80;6.17;610;187;187;8;179;30.66;4.28
45646;021004;1;Budynek po szkole podstawowej w Henrykowie Lubańskim 59-800 Henryków Lubański 385;679;74;74;2;72;10.90;2.70;671;234;234;14;220;34.87;5.98
45647;021004;2;Szkoła Podstawowa im. Orła Białego w Kościelniku 59-800 Kościelnik 40;932;175;175;10;165;18.78;5.71;928;407;407;16;391;43.86;3.93
45648;021004;3;Świetlica wiejska w Mściszowie 59-800 Mściszów 86;286;74;74;2;72;25.87;2.70;286;108;108;9;99;37.76;8.33
45649;021004;4;Szkoła Podstawowa w Radogoszczy 59-800 Radogoszcz 62;316;54;54;2;52;17.09;3.70;313;151;151;3;148;48.24;1.99
45650;021004;5;Świetlica wiejska w Nawojowie Łużyckim 59-800 Nawojów Łużycki 76;534;59;59;4;55;11.05;6.78;537;180;180;10;170;33.52;5.56
45651;021004;6;Świetlica wiejska w Pisarzowicach 59-800 Pisarzowice;1287;168;168;5;163;13.05;2.98;1264;531;531;24;507;42.01;4.52
45652;021004;7;Świetlica wiejska w Radostowie Średnim 59-800 Radostów Średni 24a;823;92;92;9;83;11.18;9.78;813;270;270;12;258;33.21;4.44
45653;021004;8;Sołtysówka 59-800 Lubań ul. Różana 18;362;81;81;2;79;22.38;2.47;390;193;193;2;191;49.49;1.04
45654;021005;1;Gminne Gimnazjum Publiczne 59-830 Olszyna ul. Wolności 17;1966;282;282;22;260;14.34;7.80;1955;727;727;22;705;37.19;3.03
45655;021005;2;Dom Strażaka 59-830 Olszyna ul. 3 Maja 15A;1984;360;360;14;346;18.15;3.89;1947;761;761;25;736;39.09;3.29
45656;021005;3;Szkoła Podstawowa 59-830 Biedrzychowice 93;1079;177;177;4;173;16.40;2.26;1072;457;457;20;437;42.63;4.38
45657;021005;4;Świetlica Wiejska 59-830 Grodnica 44;382;51;51;1;50;13.35;1.96;373;136;136;5;131;36.46;3.68
45658;021006;1;Szkoła Podstawowa w Platerówce 59-816 Platerówka 213;718;111;111;9;102;15.46;8.11;704;283;283;7;276;40.20;2.47
45659;021006;2;Gimnazjum 59-816 Włosień 207;614;107;107;2;105;17.43;1.87;603;281;281;3;278;46.60;1.07
45660;021007;1;Dom Kultury w Siekierczynie 59-818 Siekierczyn 1;1683;296;296;16;280;17.59;5.41;1689;716;716;32;684;42.39;4.47
45661;021007;2;Gimnazjum im. Juliusza Słowackiego w Zarębie 59-800 Zaręba ul. Szkolna 2;1613;294;294;12;282;18.23;4.08;1611;688;688;28;660;42.71;4.07
45662;021007;3;Rudzica Nr 135 (dawna szkoła podstawowa) 59-818 Rudzica 135;364;47;47;4;43;12.91;8.51;364;137;137;8;129;37.64;5.84
90100;021007;4;Zakład Karny w Zarębie 59-800 Zaręba ul. Leśna 4;437;102;102;19;83;23.34;18.63;421;232;232;31;201;55.11;13.36
45663;021101;1;Przedszkole Miejskie Nr 9 59-300 Lubin ul. Szkolna 23;1003;210;210;5;205;20.94;2.38;971;442;442;15;427;45.52;3.39
45664;021101;2;Szkoła Podstawowa Nr 5 59-300 Lubin ul. Kilińskiego 12;1240;219;219;2;217;17.66;0.91;1244;582;582;18;564;46.78;3.09
45665;021101;3;Gimnazjum Nr 5 59-300 Lubin ul. Szkolna 25;1506;268;268;10;258;17.80;3.73;1469;648;648;9;639;44.11;1.39
45666;021101;4;Gimnazjum Nr 5 59-300 Lubin ul. Szkolna 25;1648;350;350;11;339;21.24;3.14;1590;753;753;32;721;47.36;4.25
45667;021101;5;Zespół Szkół i Placówek Oświatowych 59-300 Lubin ul. Składowa 3;1184;263;263;16;247;22.21;6.08;1159;584;584;18;566;50.39;3.08
45668;021101;6;Żłobek Nr 2 59-300 Lubin ul. Cedyńska 13;1031;230;230;7;223;22.31;3.04;1005;484;484;10;474;48.16;2.07
45669;021101;7;Przedszkole Miejskie Nr 3 59-300 Lubin ul. Kilińskiego 35;1417;331;331;15;316;23.36;4.53;1367;718;718;28;690;52.52;3.90
45670;021101;8;Przedszkole Miejskie Nr 4 59-300 Lubin ul. Kościuszki 10;1352;341;341;6;335;25.22;1.76;1305;718;718;9;709;55.02;1.25
45671;021101;9;II Liceum Ogólnokształcące 59-300 Lubin Aleja Niepodległości 31;1464;303;303;12;291;20.70;3.96;1421;645;645;15;630;45.39;2.33
45672;021101;10;Zespół Szkół Integracyjnych 59-300 Lubin ul. Skłodowskiej - Curie 4;1552;347;347;9;338;22.36;2.59;1514;775;775;18;757;51.19;2.32
45673;021101;11;I Liceum Ogólnokształcące 59-300 Lubin ul. Kopernika 7;1316;305;305;13;292;23.18;4.26;1279;638;638;18;620;49.88;2.82
45674;021101;12;I Liceum Ogólnokształcące 59-300 Lubin ul. Kopernika 7;1393;322;322;15;307;23.12;4.66;1343;617;617;21;596;45.94;3.40
45675;021101;13;Przedszkole Miejskie Nr 6 59-300 Lubin ul. Łużycka 6;1350;323;323;7;316;23.93;2.17;1311;644;644;15;629;49.12;2.33
45676;021101;14;Zespół Szkół Sportowych 59-300 Lubin ul. Sybiraków 11;1514;362;362;12;350;23.91;3.31;1481;773;773;19;754;52.19;2.46
45677;021101;15;Ośrodek Opiekuńczo-Rehabilitacyjny 59-300 Lubin ul. Jastrzębia 1;1564;378;378;16;362;24.17;4.23;1521;825;825;17;808;54.24;2.06
45678;021101;16;Przedszkole Miejskie Nr 12 59-300 Lubin ul. Jastrzębia 2;1535;402;402;7;395;26.19;1.74;1481;798;798;18;780;53.88;2.26
45679;021101;17;Szkoła Podstawowa Nr 9 59-300 Lubin ul. Legnicka 1;1062;215;215;4;211;20.24;1.86;1034;561;561;15;546;54.26;2.67
45680;021101;18;Szkoła Podstawowa Nr 9 59-300 Lubin ul. Legnicka 1;1514;363;363;2;361;23.98;0.55;1478;836;836;24;812;56.56;2.87
45681;021101;19;Szkoła Podstawowa Nr 10 59-300 Lubin ul. Prymasa Wyszyńskiego 3;1198;301;301;9;292;25.13;2.99;1153;635;635;10;625;55.07;1.57
45682;021101;20;Gimnazjum Nr 1 59-300 Lubin ul. Szpakowa 2;1165;274;274;5;269;23.52;1.82;1128;593;593;18;575;52.57;3.04
45683;021101;21;Przedszkole Miejskie Nr 15 59-300 Lubin ul. Orla 75;1201;300;300;3;297;24.98;1.00;1163;677;677;15;662;58.21;2.22
45684;021101;22;Żłobek Nr 3 59-300 Lubin ul. Orla 47a;1079;318;318;3;315;29.47;0.94;1219;824;824;4;820;67.60;0.49
45685;021101;23;Zespół Szkół Nr 2 59-300 Lubin ul. Szpakowa 1;1214;317;317;9;308;26.11;2.84;1170;678;678;8;670;57.95;1.18
45686;021101;24;Zespół Szkół Nr 2 59-300 Lubin ul. Szpakowa 1;943;237;237;5;232;25.13;2.11;942;534;534;11;523;56.69;2.06
45687;021101;25;Przedszkole Miejskie Nr 14 59-300 Lubin ul. Sokola 44;1630;515;515;12;503;31.60;2.33;1591;1038;1038;13;1025;65.24;1.25
45688;021101;26;Przedszkole Miejskie Nr 14 59-300 Lubin ul. Sokola 44;1465;402;402;11;391;27.44;2.74;1414;785;785;27;758;55.52;3.44
45689;021101;27;Szkoła Podstawowa Nr 12 59-300 Lubin ul. Sowia 7;1294;396;396;8;388;30.60;2.02;1269;788;788;11;777;62.10;1.40
45690;021101;28;Szkoła Podstawowa Nr 12 59-300 Lubin ul. Sowia 7;1416;410;410;17;393;28.95;4.15;1354;818;825;17;801;60.41;2.08
45691;021101;29;Szkoła Podstawowa 59-311 Krzeczyn Wielki;714;213;213;6;207;29.83;2.82;742;488;488;8;480;65.77;1.64
45692;021101;30;Przedszkole Miejskie Nr 10 59-300 Lubin ul. II Armii Wojska Polskiego 21;742;154;154;3;151;20.75;1.95;820;477;477;6;471;58.17;1.26
45693;021101;31;Szkoła Podstawowa Nr 8 59-300 Lubin ul. Parkowa 2;1329;338;338;15;323;25.43;4.44;1287;746;746;15;731;57.96;2.01
45694;021101;32;Szkoła Podstawowa Nr 8 59-300 Lubin ul. Parkowa 2;1135;282;282;3;279;24.85;1.06;1097;617;617;16;601;56.24;2.59
45695;021101;33;Pałac Śłubów 59-300 Lubin ul. Skłodowskiej - Curie 6;716;150;150;8;142;20.95;5.33;719;330;330;10;320;45.90;3.03
45696;021101;34;Szkoła Podstawowa Nr 8 59-300 Lubin ul. Parkowa 2;1794;475;475;12;463;26.48;2.53;1727;992;992;15;977;57.44;1.51
45697;021101;35;Przedszkole Miejskie Nr 7 59-300 Lubin ul. Osiedlowa 7A;1351;403;403;11;392;29.83;2.73;1313;781;781;9;772;59.48;1.15
45698;021101;36;Przedszkole Miejskie Nr 7 59-300 Lubin ul. Osiedlowa 7A;1372;335;335;8;327;24.42;2.39;1342;732;732;26;706;54.55;3.55
45699;021101;37;Przedszkole Miejskie Nr 1 59-300 Lubin ul. Krupińskiego 17;1504;374;374;12;362;24.87;3.21;1422;784;784;23;761;55.13;2.93
45700;021101;38;Przedszkole Miejskie Nr 1 59-300 Lubin ul. Krupińskiego 17;1678;355;355;11;344;21.16;3.10;1610;876;876;26;850;54.41;2.97
45701;021101;39;Zespół Szkół Nr 3 59-300 Lubin ul. Gwarków 93;1555;362;362;14;348;23.28;3.87;1525;884;884;16;868;57.97;1.81
45702;021101;40;Zespół Szkół Nr 3 59-300 Lubin ul. Gwarków 93;1566;414;414;7;407;26.44;1.69;1534;933;933;17;916;60.82;1.82
45703;021101;41;Gimnazjum Nr 4 59-300 Lubin ul. Konopnickiej 5;1412;344;344;6;338;24.36;1.74;1362;787;787;12;775;57.78;1.52
45704;021101;42;Gimnazjum Nr 4 59-300 Lubin ul. Konopnickiej 5;1366;357;357;18;339;26.13;5.04;1299;742;742;16;726;57.12;2.16
45705;021101;43;Przedszkole Miejskie Nr 5 59-300 Lubin ul. Orzeszkowej 11;996;194;194;3;191;19.48;1.55;946;533;533;9;524;56.34;1.69
45706;021101;44;Przedszkole Miejskie Nr 5 59-300 Lubin ul. Orzeszkowej 11;1107;260;260;6;254;23.49;2.31;1062;621;621;15;606;58.47;2.42
45707;021101;45;Szkoła Podstawowa Nr 14 59-300 Lubin ul. Norwida 10;948;267;267;9;258;28.16;3.37;929;589;589;9;580;63.40;1.53
45708;021101;46;Szkoła Podstawowa Nr 14 59-300 Lubin ul. Norwida 10;1049;248;248;14;234;23.64;5.65;1026;611;611;20;591;59.55;3.27
90101;021101;47;Regionalne Centrum Zdrowia, Szpital im. J. Jonstona 59-300 Lubin ul. Generała Bema 5-6;107;33;33;1;32;30.84;3.03;85;56;56;1;55;65.88;1.79
90102;021101;48;Miedziowe Centrum Zdrowia, budynek szpitala D-40 59-300 Lubin ul. Skłodowskiej-Curie 54;88;32;32;1;31;36.36;3.12;93;57;57;3;54;61.29;5.26
45709;021102;1;Szkoła Podstawowa 59-311 Krzeczyn Wielki 9;1231;271;271;4;267;22.01;1.48;1281;712;712;22;690;55.58;3.09
45710;021102;2;Szkoła Podstawowa 59-300 Siedlce 29;1547;185;185;8;177;11.96;4.32;2171;1044;1044;27;1017;48.09;2.59
45711;021102;3;Szkoła Podstawowa 59-307 Raszówka ul. 1 Maja 10;1245;309;309;16;293;24.82;5.18;1109;581;581;19;562;52.39;3.27
45712;021102;4;Świetlica wiejska 59-335 Obora ul. Tulipanowa 2;948;225;225;4;221;23.73;1.78;1049;589;589;13;576;56.15;2.21
45713;021102;5;Świetlica wiejska 59-323 Miłoradzice 80;785;164;164;5;159;20.89;3.05;805;431;433;18;413;53.54;4.18
45714;021102;6;Szkoła Podstawowa 59-323 Niemstów 68;747;151;151;4;147;20.21;2.65;780;343;343;11;332;43.97;3.21
45715;021102;7;Szkoła Podstawowa 59-335 Szklary Górne 48;858;184;184;8;176;21.45;4.35;864;480;480;20;460;55.56;4.17
45716;021102;8;Pawilon Klubowo-Sportowy 59-307 Zimna Woda 45C;742;108;108;5;103;14.56;4.63;766;329;329;16;313;42.95;4.86
45717;021102;9;Centrum Konferencyjno-Sportowe EDEN w Chróstniku 59-311 Chróstnik 60a;731;203;203;4;199;27.77;1.97;747;444;444;16;428;59.44;3.60
45718;021102;10;Świetlica wiejska 59-300 Osiek ul. Miedziana 69;1747;388;388;5;383;22.21;1.29;1347;858;858;19;839;63.70;2.21
45719;021102;11;Świetlica wiejska 59-300 Miroszowice 8a;682;135;135;1;134;19.79;0.74;767;368;368;11;357;47.98;2.99
45720;021103;1;Sala „ORLIK 2012” 59-305 Rudna ul. Leśna;797;212;212;13;199;26.60;6.13;807;434;434;27;407;53.78;6.22
45721;021103;2;Gimnazjum w Rudnej 59-305 Rudna ul. Piaskowa 3b;1287;345;345;17;328;26.81;4.93;1294;744;744;26;718;57.50;3.49
45722;021103;3;Świetlica Wiejska 59-305 Mleczno 12;807;137;137;4;133;16.98;2.92;874;457;457;28;429;52.29;6.13
45723;021103;4;Świetlica Wiejska 59-305 Kębłów 14a;742;88;88;3;85;11.86;3.41;770;335;335;21;314;43.51;6.27
45724;021103;5;Świetlica Wiejska 59-305 Kliszów 15;785;119;119;9;110;15.16;7.56;774;341;341;12;329;44.06;3.52
45725;021103;6;Chobieński Ośrodek Kultury 59-305 Chobienia ul. Rynek 6;757;117;117;8;109;15.46;6.84;765;332;332;14;318;43.40;4.22
45726;021103;7;Gimnazjum w Chobieni 59-305 Chobienia ul. Szkolna 2;854;187;187;5;182;21.90;2.67;847;433;433;21;412;51.12;4.85
45727;021104;1;Gimnazjum Publiczne 59-330 Ścinawa ul. Lipowa 1;1356;325;325;11;314;23.97;3.38;1349;723;723;30;693;53.60;4.15
45728;021104;2;Centrum Turystyki i Kultury 59-330 Ścinawa ul. T. Kościuszki 1;1714;398;398;15;383;23.22;3.77;1676;829;829;36;793;49.46;4.34
45729;021104;3;Budynek po siedzibie Centrum Turystyki i Kultury 59-330 Ścinawa ul. Jana Pawła II 17;1517;329;329;11;318;21.69;3.34;1475;721;721;20;701;48.88;2.77
45730;021104;4;Szkoła Podstawowa 59-330 Tymowa 71;1106;202;202;7;195;18.26;3.47;1096;481;481;22;459;43.89;4.57
45731;021104;5;Świetlica Wiejska 59-330 Przychowa 29;420;63;63;0;63;15.00;0.00;429;188;188;12;176;43.82;6.38
45732;021104;6;Centrum Turystyki i Kultury 59-330 Ścinawa ul.T. Kościuszki 1;509;51;51;4;47;10.02;7.84;497;175;175;6;169;35.21;3.43
45733;021104;7;Remiza Strażacka 59-330 Parszowice 36A;803;142;142;2;140;17.68;1.41;791;338;338;10;328;42.73;2.96
45734;021104;8;Szkoła Podstawowa 59-330 Zaborów 75;790;67;67;0;67;8.48;0.00;789;315;315;23;292;39.92;7.30
45735;021201;1;Gimnazjum sala gimnstyczna 59-620 Gryfów Śląski ul. Uczniowska 11;1656;301;301;16;285;18.18;5.32;1589;616;616;20;596;38.77;3.25
45736;021201;2;Szkoła Podstawowa 59-620 Gryfów Śląski ul. Uczniowska 17;1268;237;237;6;231;18.69;2.53;1255;556;556;15;541;44.30;2.70
45737;021201;3;Miejsko - Gminny Ośrodek Kultury 59-620 Gryfów Śląski ul. Kolejowa 33a;1752;321;321;21;300;18.32;6.54;1703;719;719;22;697;42.22;3.06
45738;021201;4;Urząd Gminy i Miasta Ratusz - parter 59-620 Gryfów Śląski ul. Rynek 1;2057;304;304;24;280;14.78;7.89;2028;724;724;35;689;35.70;4.83
45739;021201;5;Szkoła Podstawowa w Rząsinach 59-620 Rząsiny 94;481;92;92;4;88;19.13;4.35;480;180;180;16;164;37.50;8.89
45740;021201;6;Szkoła Podstawowa w Uboczu 59-620 Ubocze 169;1010;162;162;4;158;16.04;2.47;1001;429;429;11;418;42.86;2.56
90103;021201;7;Szpital w Gryfowie Śląskim 59-620 Gryfów Śląski ul. Rzeczna 25;45;17;17;2;15;37.78;11.76;47;30;30;2;28;63.83;6.67
45741;021202;1;Internat Zespołu Szkół w Lubomierzu - Sala Teatralna 59-623 Lubomierz Plac Kościelny 5;1691;264;264;13;251;15.61;4.92;1646;626;626;26;600;38.03;4.15
45742;021202;2;Szkoła Podstawowa 59-623 Pławna Górna 23;884;139;139;7;132;15.72;5.04;879;317;317;19;298;36.06;5.99
45743;021202;3;Przedszkole Miejskie w Lubomierzu Oddział Przedszkolny Filia w Pasieczniku 59-623 Pasiecznik 92;558;73;73;3;70;13.08;4.11;555;217;217;6;211;39.10;2.76
45744;021202;4;Świetlica Wiejska w Chmieleniu 59-623 Chmieleń 80;762;107;107;4;103;14.04;3.74;756;272;272;9;263;35.98;3.31
45745;021202;5;Filia Szkoły Podstawowej w Pławnej z siedzibą w Wojciechowie 59-623 Wojciechów 35;570;74;74;6;68;12.98;8.11;575;205;205;5;200;35.65;2.44
45746;021202;6;Świetlica Wiejska w Olesznej Podgórskiej 59-623 Oleszna Podgórska 67A;425;78;78;6;72;18.35;7.69;432;155;155;13;142;35.88;8.39
45747;021203;1;Ratusz 59-600 Lwówek Śląski Plac Wolności 1;1844;407;407;10;397;22.07;2.46;1806;854;854;21;833;47.29;2.46
45748;021203;2;Hala Sportowa 59-600 Lwówek Śląski Aleja Wojska Polskiego 1;955;199;199;12;187;20.84;6.03;936;448;448;13;435;47.86;2.90
45749;021203;3;Zespół Szkół Ogólnokształcących i Zawodowych 59-600 Lwówek Śląski ul. Henryka Brodatego 1;1003;192;192;4;188;19.14;2.08;969;431;431;4;427;44.48;0.93
45750;021203;4;Budynek byłych „PZZ-ów” 59-600 Lwówek Śląski ul. Jaśkiewicza 20;1149;170;170;7;163;14.80;4.12;1154;525;525;9;516;45.49;1.71
45751;021203;5;Gimnazjum im. Jana Pawła II 59-600 Lwówek Śląski ul. Jana Pawła II 35;2044;459;459;13;446;22.46;2.83;1994;898;898;8;890;45.04;0.89
45752;021203;6;Szkoła Podstawowa Nr 3 59-600 Lwówek Śląski ul. Pałacowa 11;911;183;183;3;180;20.09;1.64;899;410;410;8;402;45.61;1.95
45753;021203;7;Powiatowa i Miejska Biblioteka Publiczna w Lwówku Śląskim Filia w Sobocie 59-600 Sobota 51;894;120;120;3;117;13.42;2.50;893;271;271;12;259;30.35;4.43
45754;021203;8;Szkoła Podstawowa nr 3 w Lwówku Śląskim Filia w Zbylutowie 59-600 Zbylutów 133;897;109;109;3;106;12.15;2.75;880;313;313;12;301;35.57;3.83
45755;021203;9;Powiatowa i Miejska Biblioteka Publiczna w Lwówku Śląskim Filia w Chmielnie 59-600 Chmielno 50;848;113;113;6;107;13.33;5.31;841;247;247;10;237;29.37;4.05
45756;021203;10;Powiatowa i Miejska Biblioteka Publiczna w Lwówku Śląskim Filia w Kotliskach 59-600 Kotliska 26;1007;145;145;10;135;14.40;6.90;1002;355;355;17;338;35.43;4.79
45757;021203;11;Szkoła Podstawowa w Niwnicach 59-600 Niwnice 149;870;84;84;6;78;9.66;7.14;865;266;266;14;252;30.75;5.26
45758;021203;12;Szkoła Podstawowa w Płóczkach Górnych 59-600 Płóczki Górne 58;925;118;118;10;108;12.76;8.47;937;287;287;16;271;30.63;5.57
45759;021203;13;Zespół Szkół Ekonomiczno - Technicznych w Rakowicach Wielkich 59-600 Rakowice Wielkie 48;962;123;123;5;118;12.79;4.07;962;373;373;11;362;38.77;2.95
45760;021204;1;Biblioteka Publiczna Miasta i Gminy Mirsk 59-630 Mirsk Plac Wolności 39;1756;273;273;11;262;15.55;4.03;1733;703;703;36;667;40.57;5.12
45761;021204;2;Środowiskowy Klub Profilaktyczno-Integracyjny 59-630 Mirsk Plac Wolności 15;2011;343;343;20;323;17.06;5.83;1951;776;776;44;732;39.77;5.67
45762;021204;3;Szkoła Podstawowa Giebułtów 59-630 Giebułtówek 1;1083;139;139;5;134;12.83;3.60;1060;401;401;26;375;37.83;6.48
45763;021204;4;Szkoła Podstawowa 59-630 Krobica 33;1138;160;160;4;156;14.06;2.50;1125;419;419;21;398;37.24;5.01
45764;021204;5;Szkoła Podstawowa 59-630 Rębiszów 125;1130;194;194;12;182;17.17;6.19;1115;434;434;17;417;38.92;3.92
90104;021204;6;Dom Pomocy Społecznej w Mirsku 59-630 Mirsk ul. Zielona 12;63;27;27;5;22;42.86;18.52;64;27;27;6;21;42.19;22.22
45765;021205;1;Zespół Szkół im. św. Jadwigi Śląskiej we Wleniu 59-610 Wleń ul. Dworcowa 10;1497;314;314;14;300;20.98;4.46;1514;698;698;25;673;46.10;3.58
45766;021205;2;Ośrodek Kultury, Sportu i Turystyki 59-610 Wleń ul. Fryderyka Chopina 2;630;81;81;0;81;12.86;0.00;610;194;194;13;181;31.80;6.70
45767;021205;3;Centrum Kulturalno Sportowe 59-610 Pilchowice 42;964;141;141;11;130;14.63;7.80;955;378;378;14;364;39.58;3.70
45768;021205;4;Świetlica Wiejska w Marczowie 59-610 Marczów 18;442;76;76;6;70;17.19;7.89;440;158;158;8;150;35.91;5.06
90105;021205;5;Ośrodek Rehabilitacyjno-Opiekuńczy Zgromadzenia Sióstr św. Elżbiety 59-610 Wleń ul. Jana Kazimierza 1;55;36;36;6;30;65.45;16.67;43;40;40;2;38;93.02;5.00
90106;021205;6;Dom Pomocy Społecznej 59-610 Nielestno 17;59;46;46;3;43;77.97;6.52;57;31;31;10;21;54.39;32.26
45769;021301;1;Gminne Centrum Kultury w Cieszkowie 56-330 Cieszków ul.Gen.Władysława Sikorskiego 35;2304;405;405;17;388;17.58;4.20;2254;1073;1073;22;1051;47.60;2.05
45770;021301;2;Świetlica wiejska w Trzebicku 56-330 Trzebicko 33;498;60;60;1;59;12.05;1.67;514;192;192;8;184;37.35;4.17
45771;021301;3;Szkoła Podstawowa w Pakosławsku 56-330 Pakosławsko 58;972;149;149;14;135;15.33;9.40;980;388;388;17;371;39.59;4.38
45772;021302;1;Centrum Edukacyjno Turystyczno Sportowe w Krośnicach 56-320 Krośnice ul.Sanatoryjna 19;1911;429;429;25;404;22.45;5.83;1902;845;845;30;815;44.43;3.55
45773;021302;2;Zespół Szkół Szkoła Podstawowa i Gimnazjum w Bukowicach 56-321 Bukowice ul. Wrocławska 43;2340;288;288;12;276;12.31;4.17;2315;957;957;43;914;41.34;4.49
45774;021302;3;Zespół Szkół Szkoła Podstawowa i Gimnazjum w Kuźnicy Czeszyckiej 56-320 Kuźnica Czeszycka 1;938;97;97;6;91;10.34;6.19;943;348;348;26;322;36.90;7.47
45775;021302;4;Świetlica wiejska w Wierzchowicach 56-320 Wierzchowice ul. Kościelna 3a;1144;189;189;6;183;16.52;3.17;1148;418;418;17;401;36.41;4.07
90107;021302;5;Dom Pomocy Społecznej 56-320 Krośnice Kwiatowa 9;79;42;42;5;37;53.16;11.90;75;32;32;11;21;42.67;34.38
45776;021303;1;Pogotowie Ratunkowe 56-300 Milicz ul.Krotoszyńska 6;1728;346;346;9;337;20.02;2.60;1704;742;742;51;691;43.54;6.87
45777;021303;2;Gimnazjum 56-300 Milicz ul.Armii Krajowej 7;1541;341;341;12;329;22.13;3.52;1512;694;694;18;676;45.90;2.59
45778;021303;3;Gimnazjum 56-300 Milicz ul.Armii Krajowej 7;773;162;162;8;154;20.96;4.94;759;403;403;16;387;53.10;3.97
45779;021303;4;Zespół Szkół 56-300 Milicz ul.Trzebnicka 4;1885;499;499;9;490;26.47;1.80;1851;1034;1034;10;1024;55.86;0.97
45780;021303;5;Szkoła Podstawowa 56-300 Milicz ul.Mikołaja Kopernika 18;1335;300;300;3;297;22.47;1.00;1303;677;677;16;661;51.96;2.36
45781;021303;6;Szkoła Podstawowa 56-300 Milicz ul.Mikołaja Kopernika 18;1059;245;245;8;237;23.14;3.27;1029;466;466;15;451;45.29;3.22
45782;021303;7;Nadleśnictwo Państwowe 56-300 Milicz ul.Trzebnicka 18;1198;307;307;4;303;25.63;1.30;1203;663;663;23;640;55.11;3.47
45783;021303;8;Gimnazjum 56-300 Wróbliniec 24;441;56;56;2;54;12.70;3.57;432;135;135;11;124;31.25;8.15
45784;021303;9;Szkoła Podstawowa 56-300 Czatkowice ul.Szosowa 2;658;110;110;8;102;16.72;7.27;659;266;266;13;253;40.36;4.89
45785;021303;10;Świetlica Wiejska 56-300 Gądkowice 45a;978;108;108;3;105;11.04;2.78;962;316;316;25;291;32.85;7.91
45786;021303;11;Świetlica Wiejska 56-300 Ostrowąsy 31;425;68;68;5;63;16.00;7.35;426;168;168;12;156;39.44;7.14
45787;021303;12;Świetlica Wiejska 56-300 Potasznia 12;688;90;90;2;88;13.08;2.22;706;244;244;9;235;34.56;3.69
45788;021303;13;Szkoła Podstawowa 56-300 Nowe Grodzisko 9;336;56;56;7;49;16.67;12.50;331;145;145;5;140;43.81;3.45
45789;021303;14;Świetlica Wiejska 56-300 Wszewilki 51a;928;126;126;7;119;13.58;5.56;956;392;392;10;382;41.00;2.55
45790;021303;15;Szkoła Podstawowa 56-300 Dunkowa 1;955;96;96;5;91;10.05;5.21;945;305;305;16;289;32.28;5.25
45791;021303;16;Szkoła Podstawowa 56-300 Sułów ul.Szkolna 6;1261;222;222;2;220;17.61;0.90;1254;593;593;23;570;47.29;3.88
45792;021303;17;Szkoła Podstawowa 56-300 Sułów ul.Szkolna 6;512;64;64;2;62;12.50;3.12;507;215;215;2;213;42.41;0.93
45793;021303;18;Świetlica Wiejska 56-300 Sławoszowice ul.3 Maja 12a;683;144;144;5;139;21.08;3.47;684;327;327;9;318;47.81;2.75
45794;021303;19;Świetlica Wiejska 56-300 Piękocin 38;596;69;69;3;66;11.58;4.35;600;242;242;6;236;40.33;2.48
45795;021303;20;Świetlica Wiejska 56-300 Olsza 3a;400;45;45;2;43;11.25;4.44;401;137;137;6;131;34.16;4.38
45796;021303;21;Nadleśnictwo Państwowe 56-300 Milicz ul.Trzebnicka 18;972;158;158;6;152;16.26;3.80;997;393;393;15;378;39.42;3.82
90108;021303;22;Wielospecjalistyczny Szpital 56-300 Milicz Grzybowa 1;223;39;39;2;37;17.49;5.13;222;87;87;7;80;39.19;8.05
45797;021401;1;Zespół Szkół Ponadgimnazjalnych im. Marii Skłodowskiej-Curie w Oleśnicy 56-400 Oleśnica ul.Wojska Polskiego 67/69;1275;326;326;10;316;25.57;3.07;1306;643;643;12;631;49.23;1.87
45798;021401;2;Szkoła Podstawowa nr 2 im. Jana Kilińskiego w Oleśnicy 56-400 Oleśnica ul. Św. Jadwigi 1a;1305;259;259;7;252;19.85;2.70;1270;581;581;11;570;45.75;1.89
45799;021401;3;Szkoła Podstawowa nr 2 im. Jana Kilińskiego w Oleśnicy 56-400 Oleśnica ul. Św. Jadwigi 1a;1488;311;311;14;297;20.90;4.50;1467;645;645;24;621;43.97;3.72
45800;021401;4;Urząd Miasta Oleśnicy 56-400 Oleśnica Rynek-Ratusz -;1657;421;421;18;403;25.41;4.28;1625;810;810;30;780;49.85;3.70
45801;021401;5;Szkoła Podstawowa nr 7 im. Jana Pawła II w Oleśnicy 56-400 Oleśnica ul. 11 Listopada 10;1549;405;405;11;394;26.15;2.72;1544;778;778;30;748;50.39;3.86
45802;021401;6;Miejski Ośrodek Kultury i Sportu w Oleśnicy 56-400 Oleśnica ul. Jana Kochanowskiego 4;1515;281;281;8;273;18.55;2.85;1502;682;682;10;672;45.41;1.47
45803;021401;7;Szkoła Podstawowa nr 4 im. Romana Podoskiego w Oleśnicy 56-400 Oleśnica ul. Ignacego Paderewskiego 2;1303;293;293;10;283;22.49;3.41;1284;643;643;17;626;50.08;2.64
45804;021401;8;Gimnazjum nr 1 im. Książąt Oleśnickich w Oleśnicy 56-400 Oleśnica ul. Armii Krajowej 47;1454;346;346;6;340;23.80;1.73;1436;737;737;12;725;51.32;1.63
45805;021401;9;Szkoła Podstawowa nr 4 im. Romana Podoskiego w Oleśnicy 56-400 Oleśnica ul.Ignacego Paderewskiego 2;1304;222;222;7;215;17.02;3.15;1281;628;628;12;616;49.02;1.91
45806;021401;10;Gimnazjum nr 3 im. Podróżników i Odkrywców Polskich w Oleśnicy 56-400 Oleśnica ul. Jana Kochanowskiego 8;1484;299;299;8;291;20.15;2.68;1480;691;691;30;661;46.69;4.34
45807;021401;11;Szkoła Podstawowa z Oddziałami Integracyjnymi nr 6 im. Janusza Korczaka w Oleśnicy 56-400 Oleśnica ul. gen. Franciszka Kleeberga 4;1538;356;356;10;346;23.15;2.81;1519;763;763;17;746;50.23;2.23
45808;021401;12;Szkoła Podstawowa z Oddziałami Integracyjnymi nr 6 im. Janusza Korczaka w Oleśnicy 56-400 Oleśnica ul. gen. Franciszka Kleeberga 4;1346;327;327;5;322;24.29;1.53;1327;738;738;12;726;55.61;1.63
45809;021401;13;Spółdzielczy Dom Kultury KORELAT II w Oleśnicy 56-400 Oleśnica ul. Jana Kochanowskiego 5;1627;534;534;11;523;32.82;2.06;1583;904;904;8;896;57.11;0.88
45810;021401;14;Zakład Budynków Komunalnych w Oleśnicy 56-400 Oleśnica ul. Wojska Polskiego 13;1452;310;310;12;298;21.35;3.87;1458;751;751;18;733;51.51;2.40
45811;021401;15;Dom Rzemiosła w Oleśnicy 56-400 Oleśnica ul. Wrocławska 41-43;1533;412;412;14;398;26.88;3.40;1444;820;820;15;805;56.79;1.83
45812;021401;16;Powiatowa i Miejska Biblioteka Publiczna w Oleśnicy 56-400 Oleśnica ul. Mikołaja Reja 10;1362;310;310;6;304;22.76;1.94;1387;722;722;12;710;52.05;1.66
45813;021401;17;Szkoła Podstawowa nr 8 w Oleśnicy 56-400 Oleśnica ul.Wiejska 35;1161;355;355;6;349;30.58;1.69;1171;666;666;16;650;56.87;2.40
45814;021401;18;Gimnazjum nr 2 im. Armii Krajowej w Oleśnicy 56-400 Oleśnica ul. Juliusza Słowackiego (wejście od ul. Chopina) 4;1471;354;354;4;350;24.07;1.13;1463;682;682;14;668;46.62;2.05
45815;021401;19;Zespół Szkół Ponadgimnazjalnych im. Marii Skłodowskiej-Curie w Oleśnicy 56-400 Oleśnica ul. Wojska Polskiego 67/69;1255;326;326;7;319;25.98;2.15;1265;654;654;14;640;51.70;2.14
45816;021401;20;Przedszkole nr 6 w Oleśnicy 56-400 Oleśnica ul. Kazimierza Wielkiego 7;1494;338;338;4;334;22.62;1.18;1544;873;873;20;853;56.54;2.29
45817;021401;21;Gimnazjum nr 3 im. Podróżników i Odkrywców Polskich w Oleśnicy 56-400 Oleśnica ul. Jana Kochanowskiego 8;1532;379;379;9;370;24.74;2.37;1584;916;916;15;901;57.83;1.64
90109;021401;22;Powiatowy Zespół Szpitali w Oleśnicy 56-400 Oleśnica Armii Krajowej 1;79;13;13;2;11;16.46;15.38;84;35;35;2;33;41.67;5.71
90110;021401;23;Zakład Karny w Oleśnicy 56-400 Oleśnica Wały Jagiellońskie 1;157;53;53;4;49;33.76;7.55;143;83;83;14;69;58.04;16.87
45818;021402;1;Gimnazjum w Bierutowie 56-420 Bierutów ul. Kolejowa 7;2267;538;538;28;510;23.73;5.20;2250;1074;1074;48;1026;47.73;4.47
45819;021402;2;Zespół Szkół Ponadgimnazjalnych w Bierutowie 56-420 Bierutów pl. Kościelny 2;2080;373;373;10;363;17.93;2.68;2093;842;842;46;796;40.23;5.46
45820;021402;3;Szkoła Podstawowa w Wabienicach 56-420 Wabienice 92;1377;142;142;10;132;10.31;7.04;1359;431;431;30;401;31.71;6.96
45821;021402;4;Szkoła Podstawowa w Zbytowej 56-420 Zbytowa 59a;901;143;143;1;142;15.87;0.70;889;350;350;23;327;39.37;6.57
45822;021402;5;Budynek po szkole w Posadowicach 56-420 Posadowice 7;401;66;66;2;64;16.46;3.03;393;137;137;7;130;34.86;5.11
45823;021402;6;Budynek po szkole w Solnikach Wielkich 56-420 Solniki Wielkie 22;624;66;66;1;65;10.58;1.52;622;194;194;9;185;31.19;4.64
45824;021402;7;Budynek po szkole w Paczkowie 56-420 Paczków 24;494;62;63;4;58;12.55;6.45;503;172;172;18;154;34.19;10.47
45825;021403;1;Gimnazjum Gminne 56-410 Dobroszyce ul. Parkowa 3;2112;417;417;24;393;19.74;5.76;2099;1044;1044;38;1006;49.74;3.64
45826;021403;2;Szkoła Podstawowa im.Ireny Sendlerowej 56-410 Dobroszyce ul.Parkowa 5;1764;219;219;2;217;12.41;0.91;1868;724;724;27;697;38.76;3.73
45827;021403;3;Szkoła Podstawowa 56-410 Dobrzeń 9A;1211;126;126;7;119;10.40;5.56;1214;451;451;17;434;37.15;3.77
45828;021404;1;Gimnazjum w Dziadowej Kłodzie 56-504 Dziadowa Kłoda ul. Słoneczna 5;1381;209;209;13;196;15.13;6.22;1410;558;558;28;530;39.57;5.02
45829;021404;2;Szkoła Podstawowa w Miłowicach 56-504 Miłowice 27;1301;155;155;7;148;11.91;4.52;1298;447;447;26;421;34.44;5.82
45830;021404;3;Świetlica wiejska w Dalborowicach 56-504 Dalborowice ul. Namysłowska 19;958;122;122;5;117;12.73;4.10;932;288;288;9;279;30.90;3.12
45831;021405;1;Miejsko-Gminny Ośrodek Kultury w Międzyborzu 56-513 Międzybórz ul.Wrocławska 8;1042;172;172;5;167;16.51;2.91;1007;436;436;14;422;43.30;3.21
45832;021405;2;Miejsko-Gminny Ośrodek Kultury w Międzyborzu 56-513 Międzybórz ul.Wrocławska 8;837;158;158;9;149;18.88;5.70;832;407;407;17;390;48.92;4.18
45833;021405;3;Szkoła Podstawowa w Bukowinie Sycowskiej 56-513 Bukowina Sycowska 20;875;115;115;8;107;13.14;6.96;866;313;313;12;301;36.14;3.83
45834;021405;4;Gimnazjum Samorządowe w Międzyborzu 56-513 Międzybórz ul.Wrocławska 6;1267;123;123;8;115;9.71;6.50;1284;428;428;28;400;33.33;6.54
45835;021406;1;Urząd Gminy Oleśnica 56-400 Oleśnica ul. 11 Listopada 24;1766;297;297;10;287;16.82;3.37;1782;747;747;23;724;41.92;3.08
45836;021406;2;Szkoła Podstawowa w Ligocie Małej 56-400 Ligota Mała 15;1080;140;140;7;133;12.96;5.00;1104;488;488;17;471;44.20;3.48
45837;021406;3;Szkoła Podstawowa w Ligocie Polskiej 56-400 Ligota Polska 3;1256;185;185;8;177;14.73;4.32;1268;517;517;8;509;40.77;1.55
45838;021406;4;Klub „Kuźnia” Gminnego Ośrodka Kultury 56-400 Boguszyce 118a;1459;235;235;14;221;16.11;5.96;1459;613;613;27;586;42.02;4.40
45839;021406;5;Szkoła Podstawowa we Wszechświętem 56-400 Wszechświęte 16b;901;98;98;2;96;10.88;2.04;915;337;337;22;315;36.83;6.53
45840;021406;6;Szkoła Podstawowa w Smolnej 56-400 Smolna 70;1408;167;167;5;162;11.86;2.99;1434;592;592;24;568;41.28;4.05
45841;021406;7;Szkoła Podstawowa w Sokołowicach 56-400 Sokołowice 24;1491;267;267;6;261;17.91;2.25;1513;662;662;28;634;43.75;4.23
45842;021406;8;Świetlica wiejska w Brzezince 56-400 Brzezinka 19a;451;64;64;1;63;14.19;1.56;514;162;162;7;155;31.52;4.32
45843;021407;1;Publiczne Przedszkole nr 1 56-500 Syców ul.Kaliska 8;2046;426;426;19;407;20.82;4.46;1995;1066;1066;22;1044;53.43;2.06
45844;021407;2;Szkoła Podstawowa nr 2 56-500 Syców ul.Mickiewicza 5;2055;438;438;13;425;21.31;2.97;2022;931;931;26;905;46.04;2.79
45845;021407;3;Biblioteka Publiczna w Sycowie 56-500 Syców ul. Kościelna 3A;1723;392;392;11;381;22.75;2.81;1762;895;895;22;873;50.79;2.46
45846;021407;4;Sala Ślubów Urzędu Stanu Cywilnego w Sycowie 56-500 Syców pl. Wolności 7/3;1968;429;429;25;404;21.80;5.83;1952;937;937;23;914;48.00;2.45
45847;021407;5;Szkoła Podstawowa w Stradomi Wierzchniej 56-500 Stradomia Wierzchnia 64;1449;197;197;17;180;13.60;8.63;1429;503;503;19;484;35.20;3.78
45848;021407;6;Szkoła Podstawowa w Drołtowicach 56-500 Drołtowice 12;931;119;119;5;114;12.78;4.20;944;401;401;19;382;42.48;4.74
45849;021407;7;Szkoła Podstawowa w Działoszy 56-500 Działosza 62;966;134;134;5;129;13.87;3.73;974;395;395;24;371;40.55;6.08
45850;021407;8;Publiczne Przedszkole nr 2 z Grupą Żłobkową 56-500 Syców ul.Komorowska 2;1679;410;410;10;400;24.42;2.44;1683;849;849;29;820;50.45;3.42
45851;021407;9;Świetlica wiejska w Ślizowie 56-500 Ślizów 80d;447;78;78;10;68;17.45;12.82;432;167;167;12;155;38.66;7.19
90112;021407;10;Powiatowy Zespół Szpitali - Szpital w Sycowie 56-500 Syców ul. Oleśnicka 25;82;8;8;0;8;9.76;0.00;88;28;28;3;25;31.82;10.71
45852;021408;1;Gimnazjum Nr 1 im. Polskich Olimijczyków 56-416 Twardogóra ul. Stefana Batorego 5;2153;392;392;9;383;18.21;2.30;2116;1035;1035;34;1001;48.91;3.29
45853;021408;2;Szkoła Podstawowa Nr 1 im. Polskich Noblistów 56-416 Twardogóra ul. Świętej Jadwigi 7;2080;359;359;13;346;17.26;3.62;2063;905;905;27;878;43.87;2.98
45854;021408;3;Gminny Ośrodek Sportu i Rekreacji 56-416 Twardogóra ul. 1 Maja 2;2227;428;428;17;411;19.22;3.97;2248;1010;1010;51;959;44.93;5.05
45855;021408;4;Gimnazjum Nr 1 im. Polskich Olimpijczyków 56-416 Twardogóra ul. Stefana Batorego 5;1285;149;149;8;141;11.60;5.37;1262;445;445;24;421;35.26;5.39
45856;021408;5;Szkoła Podstawowa 56-416 Goszcz ul. Szkolna 1;1863;223;223;17;206;11.97;7.62;1856;828;828;89;739;44.61;10.75
45857;021408;6;Szkoła Podstawowa 56-416 Grabowno Wielkie 139a;852;103;103;5;98;12.09;4.85;851;317;317;24;293;37.25;7.57
45858;021501;1;Szkoła Tańca „Athina” 55-200 Oława ul.1 Maja 33A;1287;304;304;10;294;23.62;3.29;1292;715;715;16;699;55.34;2.24
45859;021501;2;Szkoła Podstawowa Nr 5 55-200 Oława ul.Kamienna 8;1540;395;395;9;386;25.65;2.28;1514;827;827;19;808;54.62;2.30
45860;021501;3;Zespół Szkół Ponadgimnazjalnych Nr 2 55-200 Oława ul.3 Maja 18;1315;276;276;12;264;20.99;4.35;1306;646;646;19;627;49.46;2.94
45861;021501;4;Klub „Parnas” 55-200 Oława ul.1 Maja 13;1203;322;322;12;310;26.77;3.73;1178;604;604;7;597;51.27;1.16
45862;021501;5;Niepubliczne Przedszkole „Kredka” 55-200 Oława ul.Zwierzyniec Duży 23;887;161;161;8;153;18.15;4.97;891;413;413;10;403;46.35;2.42
45863;021501;6;Szkoła Podstawowa Nr 2 55-200 Oława ul.Rybacka 6;2222;562;562;20;542;25.29;3.56;2172;1120;1120;38;1082;51.57;3.39
45864;021501;7;Przedszkole Nr 3 55-200 Oława ul. Chrobrego 30a;1422;371;371;11;360;26.09;2.96;1382;735;735;11;724;53.18;1.50
45865;021501;8;Gimnazjum Nr 1 55-200 Oława ul.Sportowa 6;2072;492;492;19;473;23.75;3.86;2022;1054;1054;23;1031;52.13;2.18
45866;021501;9;Liceum Ogólnokształcące Nr I 55-200 Oława Pl. Zamkowy 10;1754;463;463;24;439;26.40;5.18;1735;906;906;30;876;52.22;3.31
45867;021501;10;Ośrodek Kultury 55-200 Oława ul. 11 Listopada 25;1988;387;387;9;378;19.47;2.33;1946;904;904;25;879;46.45;2.77
45868;021501;11;Zespół Szkół Ponadgimnazjalnych Nr 1 55-200 Oława ul. Ks.F.Kutrowskiego 31;1016;294;294;5;289;28.94;1.70;1035;645;645;10;635;62.32;1.55
45869;021501;12;Zespół Szkół Ponadgimnazjalnych Nr 1 55-200 Oława ul.Ks.F. Kutrowskiego 31;1340;378;378;8;370;28.21;2.12;1330;763;763;14;749;57.37;1.83
45870;021501;13;Zespół Szkół Specjalnych 55-200 Oława ul. Broniewskiego 6;1404;435;435;12;423;30.98;2.76;1458;909;909;12;897;62.35;1.32
45871;021501;14;Zespół Szkół Specjalnych 55-200 Oława ul. Broniewskiego 6;1358;335;335;5;330;24.67;1.49;1462;894;894;19;875;61.15;2.13
45872;021501;15;Zespół Szkolno-Przedszkolny Nr 1 55-200 Oława ul.Iwaszkiewicza 11;1768;483;483;13;470;27.32;2.69;1843;1080;1080;16;1064;58.60;1.48
45873;021501;16;Zespół Szkolno-Przedszkolny Nr 1 55-200 Oława ul.Iwaszkiewicza 11;1407;393;393;6;387;27.93;1.53;1374;751;751;22;729;54.66;2.93
45874;021501;17;Zespół Szkolno-Przedszkolny nr 1 55-200 Oława ul.Iwaszkiewicza 11;1670;466;466;19;447;27.90;4.08;1604;887;887;29;858;55.30;3.27
90113;021501;18;Szpital Powiatowy w Oławie 55-200 Oława ul.Baczyńskiego 1;47;12;12;3;9;25.53;25.00;110;49;49;5;44;44.55;10.20
90114;021501;19;Dom Pomocy Społecznej w Oławie 55-200 Oława ul.Lwowska 6;96;63;63;2;61;65.62;3.17;97;67;67;2;65;69.07;2.99
45875;021502;1;Zespół Szkół w Domaniowie 55-216 Domaniów 144;623;130;130;4;126;20.87;3.08;642;332;332;8;324;51.71;2.41
45876;021502;2;Gminne Centrum Kultury i Kultury Fizycznej w Domaniowie 55-216 Domaniów 15;872;131;131;11;120;15.02;8.40;883;377;377;23;354;42.70;6.10
45877;021502;3;Świetlica Wiejska 55-216 Skrzypnik 65;800;136;136;5;131;17.00;3.68;800;357;357;21;336;44.62;5.88
45878;021502;4;Świetlica Wiejska 55-216 Swojków 11;576;74;74;5;69;12.85;6.76;569;216;216;9;207;37.96;4.17
45879;021502;5;Szkoła Podstawowa w Wierzbnie 55-216 Wierzbno 84;754;100;100;3;97;13.26;3.00;761;305;305;29;276;40.08;9.51
45880;021502;6;Gimnazjum w Wierzbnie 55-216 Wierzbno 84;543;91;91;5;86;16.76;5.49;545;228;228;9;219;41.83;3.95
45881;021503;1;Publiczna Szkoła Podstawowa 55-220 Wójcice ul. Główna 87;980;169;169;10;159;17.24;5.92;985;476;476;30;446;48.32;6.30
45882;021503;2;Świetlica wiejska 55-220 Miłocice ul. Główna 26;822;93;93;3;90;11.31;3.23;811;250;250;17;233;30.83;6.80
45883;021503;3;Zespół Szkół 55-220 Minkowice Oławskie ul. Kościelna 20;758;153;153;3;150;20.18;1.96;758;358;358;16;342;47.23;4.47
45884;021503;4;Społeczne Konserwatorium Edukacji Ekologicznej 55-220 Chwałowice ul. Szkolna 4;1225;223;223;1;222;18.20;0.45;1244;630;630;7;623;50.64;1.11
45885;021503;5;Publiczna Szkoła Podstawowa 55-220 Miłoszyce ul. Główna 24;1859;398;398;12;386;21.41;3.02;1883;938;938;9;929;49.81;0.96
45886;021503;6;Zespół Szkół Ponadgimnazjalnych 55-220 Jelcz-Laskowice ul. Techników 26;1067;134;134;2;132;12.56;1.49;1056;362;362;18;344;34.28;4.97
45887;021503;7;Publiczna Szkoła Podstawowa nr 3 55-220 Jelcz-Laskowice ul. B. Prusa 2;759;220;220;5;215;28.99;2.27;760;436;436;10;426;57.37;2.29
45888;021503;8;Publiczna Szkoła Podstawowa nr 2 (aula) 55-220 Jelcz-Laskowice al. Młodych 1;2307;585;585;11;574;25.36;1.88;2254;1217;1217;33;1184;53.99;2.71
45889;021503;9;Publiczna Szkoła Podstawowa nr 2 (stołówka) 55-220 Jelcz-Laskowice al. Młodych 1;1908;433;433;11;422;22.69;2.54;1898;1034;1034;18;1016;54.48;1.74
45890;021503;10;Urząd Miasta i Gminy 55-220 Jelcz-Laskowice ul. Witosa 24;1426;370;370;9;361;25.95;2.43;1443;780;780;16;764;54.05;2.05
45891;021503;11;Hala Sportowa 55-220 Jelcz-Laskowice ul. Partyzantów 1;2026;473;473;24;449;23.35;5.07;2041;1048;1048;24;1024;51.35;2.29
45892;021503;12;Środowiskowy Klub „Kuźnia” 55-220 Jelcz-Laskowice al. Wolności 34A;1950;403;403;9;394;20.67;2.23;1931;978;978;28;950;50.65;2.86
45893;021503;13;Filia Publicznej Szkoły Podstawowej nr 3 55-220 Jelcz-Laskowice ul. Hirszfelda 92;1026;211;211;9;202;20.57;4.27;993;499;499;20;479;50.25;4.01
45894;021504;1;Zespół Szkół 55-200 Bystrzyca ul. Kościuszki 45;1946;392;392;12;380;20.14;3.06;1914;999;999;32;967;52.19;3.20
45895;021504;2;Szkoła Podstawowa 55-200 Marcinkowice ul. Szkolna 1;1989;443;443;11;432;22.27;2.48;2038;1127;1127;36;1091;55.30;3.19
45896;021504;3;Świetlica Wiejska 55-200 Sobocisko 70;611;106;106;0;106;17.35;0.00;602;286;286;10;276;47.51;3.50
45897;021504;4;Szkoła Podstawowa 55-200 Drzemlikowice 14;816;169;169;3;166;20.71;1.78;821;343;343;16;327;41.78;4.66
45898;021504;5;Szkoła Podstawowa 55-200 Osiek 124;1255;191;191;10;181;15.22;5.24;1244;479;479;35;444;38.50;7.31
45899;021504;6;Szkoła Podstawowa 55-200 Ścinawa Polska 26;700;120;120;8;112;17.14;6.67;688;280;280;13;267;40.70;4.64
45900;021504;7;Świetlica Wiejska 55-200 Godzikowice ul.Sportowa 18;627;133;133;3;130;21.21;2.26;632;378;378;20;358;59.81;5.29
45901;021504;8;Świetlica Wiejska 55-200 Gaj Oławski 51 b;852;176;176;5;171;20.66;2.84;864;465;465;22;443;53.82;4.73
45902;021504;9;Świetlica Wiejska 55-200 Stanowice ul. Słonecznikowa 5;1007;228;228;8;220;22.64;3.51;1033;533;533;10;523;51.60;1.88
45903;021504;10;Świetlica Wiejska 55-200 Janików ul. Batorego 22 a;545;97;97;6;91;17.80;6.19;537;273;273;5;268;50.84;1.83
45904;021504;11;Świetlica Wiejska 55-200 Gać 8a;637;124;124;6;118;19.47;4.84;641;273;273;10;263;42.59;3.66
45905;021504;12;Świetlica Wiejska 55-200 Owczary 22a;744;132;132;3;129;17.74;2.27;720;300;300;11;289;41.67;3.67
45906;021601;1;Szkoła Podstawowa w Chocianowie 59-140 Chocianów ul. Wesoła 16;1676;342;342;13;329;20.41;3.80;1660;842;842;19;823;50.72;2.26
45907;021601;2;Gimnazjum im. Odkrywców Polskiej Miedzi w Chocianowie (hala sportowo-widowiskowa) 59-140 Chocianów ul. Szkolna 1;664;137;137;4;133;20.63;2.92;662;352;352;28;324;53.17;7.95
45908;021601;3;Chocianowski Ośrodek Kultury 59-140 Chocianów ul. T. Kościuszki 5;1478;266;266;10;256;18.00;3.76;1439;609;609;39;570;42.32;6.40
45909;021601;4;Zespół Szkół w Chocianowie 59-140 Chocianów ul. Kolonialna 13;1275;217;217;6;211;17.02;2.76;1288;587;587;19;568;45.57;3.24
45910;021601;5;Ośrodek Pomocy Społecznej w Chocianowie 59-140 Chocianów ul. Odrodzenia 31;1355;344;344;9;335;25.39;2.62;1344;727;727;20;707;54.09;2.75
45911;021601;6;Świetlica Wiejska w Brunowie 59-140 Brunów 74;545;107;107;3;104;19.63;2.80;556;257;257;4;253;46.22;1.56
45912;021601;7;Świetlica Wiejska w Żabicach 59-140 Żabice 21A;503;86;86;2;84;17.10;2.33;502;246;246;11;235;49.00;4.47
45913;021601;8;Wiejski Ośrodek Kultury w Chocianowcu 59-140 Chocianowiec 101A;666;149;149;9;140;22.37;6.04;687;380;380;16;364;55.31;4.21
45914;021601;9;Szkoła Podstawowa w Parchowie 59-140 Parchów 29;713;190;190;6;184;26.65;3.16;719;409;409;11;398;56.88;2.69
45915;021601;10;Szkoła Podstawowa im J. Pawła II w Szklarach Dolnych 59-140 Szklary Dolne 48;659;152;152;9;143;23.07;5.92;659;336;336;15;321;50.99;4.46
45916;021601;11;Szkoła Podstawowa im. Wł. St. Reymonta w Trzebnicach 59-140 Trzebnice 113A;753;121;121;6;115;16.07;4.96;760;360;360;21;339;47.37;5.83
45917;021602;1;Dom Kultury „JOWISZ” 59-180 Gaworzyce ul. Dworcowa 95;1749;349;349;22;327;19.95;6.30;1767;874;874;37;837;49.46;4.23
45918;021602;2;Punkt Biblioteczny 59-180 Kłobuczyn 42;437;105;105;5;100;24.03;4.76;445;252;252;3;249;56.63;1.19
45919;021602;3;Punkt Biblioteczny 59-180 Dalków 1c;496;78;78;12;66;15.73;15.38;507;240;240;6;234;47.34;2.50
45920;021602;4;Punkt Biblioteczny 59-180 Wierzchowice 30;406;92;92;7;85;22.66;7.61;403;182;182;15;167;45.16;8.24
45921;021603;1;Grębocickie Centrum Kultury 59-150 Grębocice ul. Kościelna 21;1141;253;253;14;239;22.17;5.53;1160;551;551;18;533;47.50;3.27
45922;021603;2;Wiejski Ośrodek Kultury 59-150 Rzeczyca;1121;171;171;9;162;15.25;5.26;1146;430;430;22;408;37.52;5.12
45923;021603;3;Wiejski Ośrodek Kultury 59-150 Krzydłowice;904;107;107;12;95;11.84;11.21;897;362;362;26;336;40.36;7.18
45924;021603;4;Wiejski Ośrodek Kultury 59-150 Kwielice;976;138;138;12;126;14.14;8.70;975;381;381;12;369;39.08;3.15
45925;021604;1;Przedszkole nr 6 59-100 Polkowice ul. mjr Hubala 3;1249;158;158;8;150;12.65;5.06;1186;388;388;22;366;32.72;5.67
45926;021604;2;Przedszkole Nr 6 59-100 Polkowice ul. mjr Hubala 3;1346;327;327;11;316;24.29;3.36;1334;703;703;18;685;52.70;2.56
45927;021604;3;Szkoła Podstawowa Nr 2 (świetlica) 59-100 Polkowice ul. Dąbrowskiego 1A;2256;485;485;19;466;21.50;3.92;2192;1163;1163;46;1117;53.06;3.96
45928;021604;4;Szkoła Podstawowa Nr 2 (sala gimnastyczna) 59-100 Polkowice ul. Dąbrowskiego 1A;1012;297;297;12;285;29.35;4.04;1000;628;628;16;612;62.80;2.55
45929;021604;5;Przedszkole Nr 4 59-100 Polkowice ul. Lipowa 11;1926;366;366;19;347;19.00;5.19;1876;966;966;47;919;51.49;4.87
45930;021604;6;Przedszkole Nr 2 59-100 Polkowice ul. 11-go Lutego 18;1185;312;312;13;299;26.33;4.17;1183;598;598;18;580;50.55;3.01
45931;021604;7;Szkoła Podstawowa Nr 1 (świetlica) 59-100 Polkowice ul. Kmicica 23;2011;458;458;25;433;22.77;5.46;1932;969;969;37;932;50.16;3.82
45932;021604;8;Gimnazjum Nr 1 59-101 Polkowice ul. Ociosowa 3;1214;330;330;17;313;27.18;5.15;1215;727;727;18;709;59.84;2.48
45933;021604;9;Szkoła Podstawowa Nr 3 59-100 Polkowice ul. Kardynała Bolesława Kominka 1;1458;385;385;14;371;26.41;3.64;1403;813;813;26;787;57.95;3.20
45934;021604;10;Polkowickie Centrum Usług Zdrowotnych 59-100 Polkowice ul. Kardynała Bolesława Kominka 7;1195;271;271;10;261;22.68;3.69;1156;585;585;17;568;50.61;2.91
45935;021604;11;Polkowickie Centrum Usług Zdrowotnych 59-100 Polkowice ul. Kardynała Bolesława Kominka 7;1284;295;295;9;286;22.98;3.05;1284;720;720;22;698;56.07;3.06
45936;021604;12;Klub RELAX 59-101 Polkowice ul. Chocianowska 78;1284;278;278;13;265;21.65;4.68;1419;775;775;27;748;54.62;3.48
45937;021604;13;Strażnica 59-101 Sucha Górna;814;136;136;9;127;16.71;6.62;865;434;434;23;411;50.17;5.30
45938;021604;14;Świetlica Wiejska 59-101 Trzebcz;739;121;121;7;114;16.37;5.79;750;374;374;22;352;49.87;5.88
45939;021604;15;Świetlica Wiejska 59-101 Tarnówek;601;80;80;3;77;13.31;3.75;619;260;260;26;234;42.00;10.00
45940;021604;16;Szkoła Podstawowa Integracyjna 59-101 Jędrzychów;1371;351;351;12;339;25.60;3.42;1393;802;802;36;766;57.57;4.49
45941;021605;1;Sala gimnastyczna Szkoły Podstawowej Nr 2 59-170 Przemków ul.Rybna 3a;1070;149;149;5;144;13.93;3.36;1036;492;492;15;477;47.49;3.05
45942;021605;2;Świetlica Szkoły Podstawowej Nr 2 59-170 Przemków ul. Rybna 3a;1425;242;242;4;238;16.98;1.65;1388;563;563;29;534;40.56;5.15
45943;021605;3;Świetlica wsi Ostaszów 59-170 Ostaszów 11a;485;83;83;5;78;17.11;6.02;483;238;238;19;219;49.28;7.98
45944;021605;4;Świetlica wsi Piotrowice 59-170 Piotrowice 89;536;78;78;6;72;14.55;7.69;536;187;187;7;180;34.89;3.74
45945;021605;5;Sala gimnastyczna Szkoły Podstawowej 59-170 Wysoka Wysoka 16a;811;156;156;5;151;19.24;3.21;780;321;321;17;304;41.15;5.30
45946;021605;6;Miejsko - Gminna Biblioteka Publiczna 59-170 Przemków ul.Plac Targowy 1;1274;195;195;5;190;15.31;2.56;1270;524;524;16;508;41.26;3.05
45947;021605;7;Szkoła Podstawowa Nr 1 im.Janusza Korczaka 59-170 Przemków ul. Kościuszki 6b;1474;244;244;11;233;16.55;4.51;1446;675;675;40;635;46.68;5.93
45948;021606;1;Sala Gimnastyczna 59-160 Radwanice ul. Sportowa 4;1521;306;306;17;289;20.12;5.56;1534;813;813;21;792;53.00;2.58
45949;021606;2;Sala Gimnastyczna 59-160 Buczyna 20;1145;178;178;8;170;15.55;4.49;1148;444;444;13;431;38.68;2.93
45950;021606;3;Świetlica Wiejska 59-160 Przesieczna 2A;1030;141;141;1;140;13.69;0.71;1034;434;434;19;415;41.97;4.38
45951;021701;1;Zespół Szkół Publicznych w Borowie 57-160 Borów ul. Wrocławska 24;1753;321;321;14;307;18.31;4.36;1762;816;816;39;777;46.31;4.78
45952;021701;2;Szkoła Podstawowa w Borku Strzelińskim 57-160 Borek Strzeliński ul. Szkolna 3;1599;310;310;6;304;19.39;1.94;1608;747;747;23;724;46.46;3.08
45953;021701;3;Szkoła Podstawowa w Zielenicach 57-160 Zielenice 26;974;180;180;4;176;18.48;2.22;956;425;425;18;407;44.46;4.24
45954;021702;1;Gminny Ośrodek Kultury 57-150 Kondratowice ul.Długa 23;618;117;117;4;113;18.93;3.42;616;266;266;10;256;43.18;3.76
45955;021702;2;Świetlica Wiejska 57-150 Prusy ul. Kościelna 4;1026;190;190;12;178;18.52;6.32;1016;409;409;22;387;40.26;5.38
45956;021702;3;Świetlica Wiejska 57-150 Górka Sobocka 10;461;57;57;6;51;12.36;10.53;448;161;161;3;158;35.94;1.86
45957;021702;4;Szkoła Podstawowa im. Jana Pawła II 57-150 Żelowice 24;808;115;115;6;109;14.23;5.22;831;262;262;14;248;31.53;5.34
45958;021702;5;Świetlica Wiejska 57-150 Karczyn 19;734;102;102;3;99;13.90;2.94;755;278;278;14;264;36.82;5.04
45959;021703;1;Urząd Gminy w Przewornie 57-130 Przeworno ul. Kolejowa 4A;1451;203;203;8;195;13.99;3.94;1440;554;554;36;518;38.47;6.50
45960;021703;2;Świetlica wiejska w Jegłowej 57-130 Jegłowa ul. Janusza Korczaka 6A;623;95;95;6;89;15.25;6.32;613;258;258;10;248;42.09;3.88
45961;021703;3;Świetlica wiejska w Samborowiczkach 57-130 Samborowiczki 32;508;57;57;2;55;11.22;3.51;500;163;163;5;158;32.60;3.07
45962;021703;4;Świetlica wiejska w Romanowie 57-130 Romanów 25;219;42;42;2;40;19.18;4.76;221;96;96;4;92;43.44;4.17
45963;021703;5;Świetlica wiejska w Sarbach 57-130 Sarby 55a;796;110;110;8;102;13.82;7.27;769;239;239;16;223;31.08;6.69
45964;021703;6;Świetlica wiejska w Karnkowie 57-130 Karnków 13a;519;100;100;8;92;19.27;8.00;501;211;211;10;201;42.12;4.74
45965;021704;1;Szkoła Podstawowa Nr 4 57-100 Strzelin ul. Sienkiewicza 41;1644;347;347;9;338;21.11;2.59;1592;708;708;17;691;44.47;2.40
45966;021704;2;Prywatna Szkoła „SLAVIA” 57-100 Strzelin ul. Generała Grota Roweckiego 1;1864;425;425;17;408;22.80;4.00;1839;984;984;36;948;53.51;3.66
45967;021704;3;Hala Sportowa OSiR 57-100 Strzelin ul. Staromiejska 64;1676;398;398;15;383;23.75;3.77;1678;858;858;19;839;51.13;2.21
45968;021704;4;Centrum Kształcenia Zawodowego i Ustawicznego 57-100 Strzelin ul. Staszica 5;1685;426;426;12;414;25.28;2.82;1627;835;835;14;821;51.32;1.68
45969;021704;5;Gimnazjum Nr 2 57-100 Strzelin Plac 1 Maja 10;1674;421;421;11;410;25.15;2.61;1646;854;854;21;833;51.88;2.46
45970;021704;6;Liceum Ogólnokształcące 57-100 Strzelin ul. Jana Pawła II 23;1628;292;292;5;287;17.94;1.71;1636;777;777;29;748;47.49;3.73
45971;021704;7;Szkoła Podstawowa 57-100 Biały Kościół ul. Kamienna 18;848;169;169;2;167;19.93;1.18;863;411;411;11;400;47.62;2.68
45972;021704;8;Szkoła Podstawowa w Nieszkowicach 57-100 Nieszkowice 26a;823;80;80;2;78;9.72;2.50;805;284;284;11;273;35.28;3.87
45973;021704;9;Zespół Szkół 57-100 Kuropatnik ul. Szkolna 1;1738;364;364;9;355;20.94;2.47;1736;877;877;27;850;50.52;3.08
45974;021704;10;„TENETA” 57-100 Brożec 29A;837;121;121;0;121;14.46;0.00;838;291;291;23;268;34.73;7.90
45975;021704;11;Świetlica Wiejska 57-100 Karszówek 37;784;163;163;10;153;20.79;6.13;760;287;287;7;280;37.76;2.44
45976;021704;12;Świetlica Wiejska 57-100 Karszów 54A;865;160;160;2;158;18.50;1.25;841;363;363;15;348;43.16;4.13
45977;021704;13;Świetlica Wiejska 57-100 Szczawin Aleja Lipowa 59;864;189;189;9;180;21.88;4.76;863;414;414;11;403;47.97;2.66
45978;021704;14;Dom Dziecka w Górcu 57-100 Górzec 21;864;166;166;6;160;19.21;3.61;871;385;385;9;376;44.20;2.34
90115;021704;15;NZOZ Strzelińskie Centrum Medyczne Sp. z o.o. w Strzelinie 57-100 Strzelin ul. Wrocławska 46;59;0;0;0;0;0.00;NA;65;6;6;1;5;9.23;16.67
90116;021704;16;Zakład Karny w Strzelinie 57-100 Strzelin ul. Ząbkowicka 68;749;222;222;16;206;29.64;7.21;641;376;376;22;354;58.66;5.85
45979;021705;1;Sala Obrad Urzędu Miasta i Gminy w Wiązowie 57-120 Wiązów pl. Wolności 37;2121;401;401;13;388;18.91;3.24;2112;952;952;29;923;45.08;3.05
45980;021705;2;Świetlica wiejska w Starym Wiązowie 57-120 Stary Wiązów -;1105;190;190;7;183;17.19;3.68;1091;485;485;20;465;44.45;4.12
45981;021705;3;Świetlica wiejska w Częstocicach 57-120 Częstocice -;810;104;104;7;97;12.84;6.73;810;295;295;22;273;36.42;7.46
45982;021705;4;Świetlica wiejska w Jutrzynie 57-120 Jutrzyna -;1110;162;162;18;144;14.59;11.11;1108;403;403;11;392;36.37;2.73
45983;021705;5;Świetlica wiejska w Jędrzychowicach 57-120 Jędrzychowice 12b;819;122;122;11;111;14.90;9.02;818;360;360;14;346;44.01;3.89
45984;021801;1;Gminny Ośrodek Kultury w Kostomłotach 55-311 Kostomłoty ul. Rynek 25;2313;437;437;14;423;18.89;3.20;2283;1018;1018;46;972;44.59;4.52
45985;021801;2;Szkoła Podstawowa w Mieczkowie 55-311 Mieczków 14;832;95;95;3;92;11.42;3.16;832;288;288;17;271;34.62;5.90
45986;021801;3;Zespół Szkolno-Przedszkolny „Nasza Szkoła” w Piotrowicach 55-311 Piotrowice 31;1369;213;213;6;207;15.56;2.82;1361;549;549;26;523;40.34;4.74
45987;021801;4;Szkoła Podstawowa w Karczycach 55-311 Karczyce 12;1247;131;131;4;127;10.51;3.05;1260;446;446;22;424;35.40;4.93
45988;021802;1;Szkoła Podstawowa 55-320 Malczyce ul.Szkolna 6;1611;248;248;7;241;15.39;2.82;1607;664;664;28;636;41.32;4.22
45989;021802;2;Szkoła Podstawowa 55-320 Malczyce ul.Dworcowa 4;1625;271;271;18;253;16.68;6.64;1617;691;691;28;663;42.73;4.05
45990;021802;3;Świetlica wiejska 55-320 Wilczków ul.Strzegomska 19;804;123;123;8;115;15.30;6.50;789;351;351;13;338;44.49;3.70
45991;021802;4;Świetlica wiejska 55-320 Dębice ul.Szkolna 8B;763;65;65;0;65;8.52;0.00;746;256;256;20;236;34.32;7.81
45992;021803;1;Urząd Gminy 55-330 Miękinia ul.Kościuszki 41;1563;374;374;13;361;23.93;3.48;1583;796;796;23;773;50.28;2.89
45993;021803;2;Świetlica Wiejska 55-330 Mrozów ul.Wyzwolenia 24;1636;395;395;12;383;24.14;3.04;1680;931;931;24;907;55.42;2.58
45994;021803;3;Szkoła Podstawowa 55-330 Pisarzowice ul. Szkolna 3A;1414;261;261;2;259;18.46;0.77;1469;663;663;23;640;45.13;3.47
45995;021803;4;Sala Sportowa 55-330 Lutynia ul. Kościuszki 38A;1398;415;415;7;408;29.69;1.69;1451;842;842;25;817;58.03;2.97
45996;021803;5;Świetlica Wiejska 55-330 Białków 19;1488;295;295;10;285;19.83;3.39;1492;638;638;27;611;42.76;4.23
45997;021803;6;Sala Sportowa 55-330 Pisarzowice ul. Szkolna 3A;1475;378;378;16;362;25.63;4.23;1556;847;847;27;820;54.43;3.19
45998;021803;7;Samorządowy Ośrodek Kultury 55-330 Miękinia ul. Kościuszki 43;756;90;90;3;87;11.90;3.33;751;252;252;19;233;33.56;7.54
45999;021803;8;Świetlica Wiejska 55-330 Lutynia ul.Kościuszki 38A;1074;184;184;3;181;17.13;1.63;1164;579;579;14;565;49.74;2.42
46000;021804;1;Szkoła Podstawowa nr 3 55-300 Środa Śląska ul.Górna 2;2077;569;569;7;562;27.40;1.23;2100;1157;1157;24;1133;55.10;2.07
46001;021804;2;Gimnazjum w Środzie Śląskiej 55-300 Środa Śląska ul. Kościuszki 62;2141;392;392;10;382;18.31;2.55;2116;925;925;28;897;43.71;3.03
46002;021804;3;Zespół Szkół Rolniczych w Środzie Śląskiej 55-300 Środa Śląska ul. Św. Andrzeja 3;2128;479;479;10;469;22.51;2.09;2150;1129;1129;24;1105;52.51;2.13
46003;021804;4;Urząd Stanu Cywilnego w Środzie Śląskiej 55-300 Środa Śląska pl. Wolności 3;1887;255;255;9;246;13.51;3.53;1889;747;747;24;723;39.54;3.21
46004;021804;5;Świetlica Wiejska Juszczyn 55-300 Juszczyn 35;1155;175;175;8;167;15.15;4.57;1169;455;455;11;444;38.92;2.42
46005;021804;6;Zespół Szkół w Szczepanowie 55-300 Szczepanów ul. Średzka 14;2186;338;338;22;316;15.46;6.51;2207;1017;1017;30;987;46.08;2.95
46006;021804;7;Zespół Szkół w Ciechowie 55-300 Ciechów ul.Średzka 1;2248;220;220;9;211;9.79;4.09;2250;842;842;24;818;37.42;2.85
46007;021804;8;Świetlica wiejska Bukówek 55-300 Bukówek 19;752;84;84;4;80;11.17;4.76;766;266;266;3;263;34.73;1.13
46008;021804;9;Zespół Szkół w Rakoszycach 55-300 Rakoszyce ul. Wrocławska 44;1049;100;100;3;97;9.53;3.00;1046;396;396;10;386;37.86;2.53
46009;021805;1;Szkoła Podstawowa w Udaninie 55-340 Udanin 48;1363;207;207;2;205;15.19;0.97;1359;527;527;12;515;38.78;2.28
46010;021805;2;Gimnazjum w Ujeździe Górnym 55-340 Ujazd Górny 49;1170;199;199;9;190;17.01;4.52;1154;442;442;15;427;38.30;3.39
46011;021805;3;Świetlica wiejska w Konarach 55-340 Konary 3;994;154;154;5;149;15.49;3.25;973;372;372;22;350;38.23;5.91
46012;021805;4;Świetlica wiejska w Pichorowicach 55-340 Pichorowice 31;941;139;139;13;126;14.77;9.35;954;364;364;17;347;38.16;4.67
46013;021901;1;Gimnazjum nr 1 58-105 Świdnica ul. Mieczysława Kozara Słobódzkiego 21;2026;650;650;18;632;32.08;2.77;1937;1191;1191;21;1170;61.49;1.76
46014;021901;2;Szkoła Podstawowa nr 1 z Oddziałami Integracyjnymi (sala nr 30) 58-100 Świdnica ul. Galla Anonima 1;2206;565;565;27;538;25.61;4.78;2140;1228;1228;40;1188;57.38;3.26
46015;021901;3;Szkoła Podstawowa nr 1 z Oddziałami Integracyjnymi (sala nr 16) 58-100 Świdnica ul. Galla Anonima 1;2047;541;541;16;525;26.43;2.96;2110;1268;1268;20;1248;60.09;1.58
46016;021901;4;Gimnazjum nr 3 z Oddziałami Sportowymi (sala nr 10) 58-100 Świdnica ul. Saperów 27a;1913;347;347;3;344;18.14;0.86;1864;869;869;14;855;46.62;1.61
46017;021901;5;Gimnazjum nr 3 z Oddziałami Sportowymi (sala nr 11) 58-100 Świdnica ul. Saperów 27a;2002;444;444;16;428;22.18;3.60;1971;923;923;28;895;46.83;3.03
46018;021901;6;Miejska Biblioteka Publiczna (sala Cysterska - I piętro) 58-100 Świdnica ul. Franciszkańska 18;2116;447;447;11;436;21.12;2.46;2043;910;910;26;884;44.54;2.86
46019;021901;7;Przedszkole Miejskie nr 6 58-100 Świdnica ul. Komunardów 2;2063;380;380;10;370;18.42;2.63;1984;871;871;27;844;43.90;3.10
46020;021901;8;Gimnazjum nr 2 z Oddziałami Integracyjnymi (hol) 58-105 Świdnica ul. Ofiar Oświęcimskich 30;1885;476;476;15;461;25.25;3.15;1811;916;916;29;887;50.58;3.17
46021;021901;9;Przedszkole Miejskie nr 14 58-105 Świdnica ul. Mieczysława Kozara Słobódzkiego 10;2292;615;615;18;597;26.83;2.93;2244;1187;1187;22;1165;52.90;1.85
46022;021901;10;Miejskie Przedszkole Integracyjne nr 16 58-105 Świdnica ul. Karola Marcinkowskiego 10;2079;621;621;10;611;29.87;1.61;2033;1203;1203;33;1170;59.17;2.74
46023;021901;11;Szkoła Podstawowa nr 4 58-105 Świdnica ul. Karola Marcinkowskiego 4-6;2274;644;644;9;635;28.32;1.40;2159;1237;1237;17;1220;57.30;1.37
46024;021901;12;Młodzieżowy Dom Kultury 58-105 Świdnica ul. Karola Marcinkowskiego 4-6;2324;665;665;13;652;28.61;1.95;2270;1331;1331;21;1310;58.63;1.58
46025;021901;13;Urząd Stanu Cywilnego 58-100 Świdnica ul. Armii Krajowej 47;2002;571;571;25;546;28.52;4.38;1996;1148;1148;19;1129;57.52;1.66
46026;021901;14;Szkoła Podstawowa nr 8 (sala nr 6-budynek główny) 58-100 Świdnica ul. Wałbrzyska 39;2189;560;560;7;553;25.58;1.25;2172;1251;1251;24;1227;57.60;1.92
46027;021901;15;Szkoła Podstawowa nr 8 (aula-budynek główny) 58-100 Świdnica ul. Wałbrzyska 39;1906;595;595;16;579;31.22;2.69;1911;1159;1159;19;1140;60.65;1.64
46028;021901;16;Szkoła Podstawowa nr 315 58-100 Świdnica pl. Wojska Polskiego 3;2142;426;426;7;419;19.89;1.64;2089;882;882;26;856;42.22;2.95
46029;021901;17;Świdnicki Ośrodek Kultury Teatr Miejski 58-100 Świdnica ul. Rynek 43;2112;426;426;12;414;20.17;2.82;2092;926;926;21;905;44.26;2.27
46030;021901;18;Sudeckie Centrum Wspierania Organizacji Pozarządowych 58-100 Świdnica ul. Długa 33;2179;435;435;17;418;19.96;3.91;2109;984;984;43;941;46.66;4.37
46031;021901;19;Szkoła Podstawowa nr 6 (hol) 58-100 Świdnica ul. Wodna 5-7;2047;433;433;13;420;21.15;3.00;1987;930;930;25;905;46.80;2.69
46032;021901;20;Gimnazjum nr 4 (sala nr 4) 58-100 Świdnica ul. Jodłowa 21;1994;451;451;22;429;22.62;4.88;1951;1025;1025;25;1000;52.54;2.44
46033;021901;21;Gimnazjum Nr 4 (stołówka) 58-100 Świdnica ul. Jodłowa 21;1951;446;446;13;433;22.86;2.91;1875;923;923;23;900;49.23;2.49
46034;021901;22;Miejski Ośrodek Pomocy Społecznej Sekcja Terenowa nr 3 58-100 Świdnica ul. Westerplatte 47;1967;377;377;7;370;19.17;1.86;1932;950;950;35;915;49.17;3.68
46035;021901;23;Miejska Biblioteka Publiczna Filia nr 5 58-100 Świdnica ul. Kraszowicka 55;2155;615;615;20;595;28.54;3.25;2132;1255;1255;16;1239;58.86;1.27
90118;021901;24;Regionalny Szpital Specjalistyczny „Latawiec” 58-100 Świdnica ul. Leśna 27-29;98;21;21;0;21;21.43;0.00;135;70;70;3;67;51.85;4.29
90119;021901;25;Areszt Śledczy 58-100 Świdnica ul. Trybunalska 16;268;83;83;12;71;30.97;14.46;243;129;129;13;116;53.09;10.08
46036;021902;1;Administracja Spółdzielni Mieszkaniowej 58-160 Świebodzice Siemowita 31;1053;283;283;4;279;26.88;1.41;1087;608;608;20;588;55.93;3.29
46037;021902;2;Publiczne Przedszkole Nr 2 z oddziałami integracyjnymi im. Jana Pawła II 58-160 Świebodzice Bolesława Krzywoustego 46;822;191;191;4;187;23.24;2.09;781;403;403;18;385;51.60;4.47
46038;021902;3;Publiczne Przedszkole Nr 2 z oddziałami integracyjnymi im. Jana Pawła II 58-160 Świebodzice Księcia Bolka 17;827;236;236;6;230;28.54;2.54;800;453;453;9;444;56.62;1.99
46039;021902;4;Publiczne Przedszkole Nr 2 z oddziałami integracyjnymi im. Jana Pawła II 58-160 Świebodzice Księcia Bolka 17;919;252;252;10;242;27.42;3.97;899;503;503;7;496;55.95;1.39
46040;021902;5;Publiczny Zespół Szkół Podstawowo-Gimnazjalnych z oddziałami integracyjnymi Publiczna Szkoła Podstawowa Nr 2 im. Nauczycieli Tajnego Nauczania 58-160 Świebodzice Mieszka Starego 4;847;202;202;5;197;23.85;2.48;825;431;431;2;429;52.24;0.46
46041;021902;6;Publiczny Zespół Szkół Podstawowo-Gimnazjalnych z oddziałami integracyjnymi Publiczna Szkoła Podstawowa Nr 2 im. Nauczycieli Tajnego Nauczania 58-160 Świebodzice Mieszka Starego 4;963;219;219;7;212;22.74;3.20;980;553;553;10;543;56.43;1.81
46042;021902;7;Publiczna Szkoła Podstawowa Nr 4 im. Janusza Korczaka 58-160 Świebodzice Ofiar Oświęcimskich 58;836;177;177;3;174;21.17;1.69;831;405;405;10;395;48.74;2.47
46043;021902;8;Publiczna Szkoła Podstawowa Nr 4 im. Janusza Korczaka 58-160 Świebodzice Ofiar Oświęcimskich 58;874;188;188;3;185;21.51;1.60;862;440;440;14;426;51.04;3.18
46044;021902;9;Budynek biurowy „Termet” S.A. 58-160 Świebodzice Długa 13;850;143;143;3;140;16.82;2.10;829;361;361;19;342;43.55;5.26
46045;021902;10;Publiczna Szkoła Podstawowa Nr 4 im. Janusza Korczaka 58-160 Świebodzice Ofiar Oświęcimskich 58;793;115;115;8;107;14.50;6.96;794;352;352;13;339;44.33;3.69
46046;021902;11;Publiczne Gimnazjum Nr 1 im. Sybiraków 58-160 Świebodzice Marszałka Józefa Piłsudskiego 28;798;120;120;7;113;15.04;5.83;804;317;317;10;307;39.43;3.15
46047;021902;12;Publiczna Szkoła Podstawowa Nr 3 im. Władysława Broniewskiego 58-160 Świebodzice Świdnicka 13;1041;241;241;6;235;23.15;2.49;1048;511;511;9;502;48.76;1.76
46048;021902;13;Publiczne Gimnazjum Nr 1 im. Sybiraków 58-160 Świebodzice Marszałka Józefa Piłsudskiego 28;914;158;158;10;148;17.29;6.33;893;348;348;18;330;38.97;5.17
46049;021902;14;Publiczne Gimnazjum Nr 1 im. Sybiraków 58-160 Świebodzice ul. Marszałka Józefa Piłsudskiego 28;818;151;151;0;151;18.46;0.00;805;361;363;26;335;44.84;7.20
46050;021902;15;Budynek biurowy Urzędu Miejskiego 58-160 Świebodzice ul. Stefana Żeromskiego 27;928;123;123;9;114;13.25;7.32;923;308;308;16;292;33.37;5.19
46051;021902;16;Publiczna Szkoła Podstawowa Nr 3 im. Władysława Broniewskiego 58-160 Świebodzice Wolności 23;919;180;180;11;169;19.59;6.11;920;382;382;6;376;41.52;1.57
46052;021902;17;Miejska Biblioteka Publiczna im. Marii Dąbrowskiej Oddział Dziecięcy 58-160 Świebodzice Wolności 23;1049;237;237;9;228;22.59;3.80;1033;506;506;15;491;48.98;2.96
46053;021902;18;Publiczne Przedszkole Nr 3 Niezapominajka 58-160 Świebodzice Spokojna 3;859;185;185;6;179;21.54;3.24;852;430;430;11;419;50.47;2.56
46054;021902;19;Publiczne Przedszkole Nr 3 Niezapominajka 58-160 Świebodzice Spokojna 3;869;221;221;16;205;25.43;7.24;835;415;415;13;402;49.70;3.13
46055;021902;20;Publiczny Zespół Szkół Integracyjnych 58-160 Świebodzice Ciernie 30;759;114;114;6;108;15.02;5.26;745;282;282;13;269;37.85;4.61
46056;021902;21;Publiczny Zespół Szkół Integracyjnych 58-160 Świebodzice Ciernie 30;750;129;129;5;124;17.20;3.88;755;365;365;11;354;48.34;3.01
90120;021902;22;NZOZ „MIKULICZ” 58-160 Świebodzice Marii Skłodowskiej-Curie 3-7;97;5;5;0;5;5.15;0.00;83;10;10;1;9;12.05;10.00
46057;021903;1;Gminny Ośrodek Kultury, Sportu i Rekreacji w Dobromierzu 58-170 Dobromierz Plac Wolności 19;715;64;64;4;60;8.95;6.25;727;262;262;10;252;36.04;3.82
46058;021903;2;Gminny Ośrodek Kultury, Sportu i Rekreacji w Dobromierzu 58-170 Dobromierz Plac Wolności 19;769;146;146;8;138;18.99;5.48;758;332;332;7;325;43.80;2.11
46059;021903;3;Zespół Szkół w Roztoce 58-173 Roztoka ul. Jana Pawła II 7 lokal: /9;835;134;134;3;131;16.05;2.24;820;344;344;10;334;41.95;2.91
46060;021903;4;Zespół Szkół w Roztoce 58-173 Roztoka Jana Pawła II 7/9;853;139;139;4;135;16.30;2.88;852;377;377;27;350;44.25;7.16
46061;021903;5;Szkoła Podstawowa w Gniewkowie 58-173 Gniewków 3;1148;156;156;7;149;13.59;4.49;1147;455;455;32;423;39.67;7.03
46062;021904;1;Gimnazjum nr 1 58-140 Jaworzyna Śląska ul. Jana Pawła II 16;1664;288;288;16;272;17.31;5.56;1674;707;707;24;683;42.23;3.39
46063;021904;2;Gimnazjum nr 1 58-140 Jaworzyna Śląska ul. Jana Pawła II 16;1049;209;209;7;202;19.92;3.35;1012;452;452;12;440;44.66;2.65
46064;021904;3;Szkoła Podstawowa /stary budynek główny/ 58-140 Jaworzyna Śląska ul Mickiewicza 9-11;1072;224;224;20;204;20.90;8.93;1067;477;477;12;465;44.70;2.52
46065;021904;4;Szkoła Podstawowa /sala sportowa/ 58-140 Jaworzyna Śląska Mickiewicza 10;1135;203;203;10;193;17.89;4.93;1125;441;441;16;425;39.20;3.63
46066;021904;5;Świetlica wiejska 58-140 Pastuchów Wyzwolenia 22;1407;168;168;6;162;11.94;3.57;1407;482;482;23;459;34.26;4.77
46067;021904;6;Szkoła Podstawowa w Starym Jaworowie 58-140 Stary Jaworów 38;1367;183;183;1;182;13.39;0.55;1364;589;589;15;574;43.18;2.55
46068;021904;7;Dom Strażaka w Bolesławicach 58-140 Bolesławice 51B;699;154;154;14;140;22.03;9.09;707;345;345;10;335;48.80;2.90
46069;021905;1;Sala gimnastyczna 58-124 Wiry 10a;1022;177;177;3;174;17.32;1.69;1025;421;421;10;411;41.07;2.38
46070;021905;2;Świetlica wiejska 58-124 Mysłaków 22;1036;211;211;2;209;20.37;0.95;1045;503;503;19;484;48.13;3.78
46071;021905;3;Świetlica wiejska 58-124 Biała 46;331;66;66;6;60;19.94;9.09;338;148;148;12;136;43.79;8.11
46072;021905;4;Świetlica wiejska 58-124 Chwałków 4a;314;40;40;0;40;12.74;0.00;308;114;114;8;106;37.01;7.02
46073;021905;5;Świetlica wiejska 58-124 Gola Świdnicka 43;427;74;74;3;71;17.33;4.05;421;174;174;6;168;41.33;3.45
46074;021905;6;Świetlica wiejska 58-124 Szczepanów 9a;942;133;133;5;128;14.12;3.76;937;389;389;23;366;41.52;5.91
46075;021905;7;Urząd Gminy 58-124 Marcinowice ul. J.Tuwima 2;700;186;186;7;179;26.57;3.76;686;348;348;6;342;50.73;1.72
46076;021905;8;Świetlica wiejska 58-124 Śmiałowice 34;416;96;96;2;94;23.08;2.08;0;0;0;0;0;NA;-99
46077;021906;1;Publiczna Szkoła Podstawowa Nr 2 58-150 Strzegom ul. Adama Mickiewicza 1;1052;271;271;6;265;25.76;2.21;1045;595;595;16;579;56.94;2.69
46078;021906;2;Gimnazjum Nr 2 58-150 Strzegom ul. Adama Mickiewicza 1;1107;226;226;5;221;20.42;2.21;1087;551;551;16;535;50.69;2.90
46079;021906;3;Zespół Szkół Ogólnokształcących 58-150 Strzegom Ul. Tadeusza Kościuszki 31;1114;184;184;2;182;16.52;1.09;1084;451;451;14;437;41.61;3.10
46080;021906;4;Zespół Szkół 58-150 Strzegom ul. Krótka 6;1110;194;194;6;188;17.48;3.09;1085;469;469;24;445;43.23;5.12
46081;021906;5;Zespół Szkół 58-150 Strzegom ul. Krótka 6;1167;227;227;14;213;19.45;6.17;1143;498;498;19;479;43.57;3.82
46082;021906;6;Publiczna Szkoła Podstawowa Nr 4 58-150 Strzegom Aleja Wojska Polskiego 3-5;1068;242;242;10;232;22.66;4.13;1053;507;507;20;487;48.15;3.94
46083;021906;7;Zespół Szkół Ogólnokształcących 58-150 Strzegom ul. T.Kościuszki 31;1206;272;272;7;265;22.55;2.57;1188;625;625;15;610;52.61;2.40
46084;021906;8;Strzegomskie Centrum Kultury 58-150 Strzegom ul. Ignacego Jana Paderewskiego 36;1036;178;178;4;174;17.18;2.25;1013;393;393;19;374;38.80;4.83
46085;021906;9;Publiczna Szkoła Podstawowa Nr 3 58-150 Strzegom ul. Jeleniogórska 19;946;109;109;2;107;11.52;1.83;926;322;322;10;312;34.77;3.11
46086;021906;10;Publiczna Szkoła Podstawowa Nr 4 58-150 Strzegom Aleja Wojska Polskiego 3-5;1034;238;238;8;230;23.02;3.36;1009;439;439;16;423;43.51;3.64
46087;021906;11;Gimnazjum Nr 1 58-150 Strzegom ul. Brzegowa 1;936;169;169;6;163;18.06;3.55;927;409;409;11;398;44.12;2.69
46088;021906;12;Gimnazjum Nr 1 58-150 Strzegom Brzegowa 1;911;185;185;5;180;20.31;2.70;911;451;451;18;433;49.51;3.99
46089;021906;13;Publiczna Szkoła Podstawowa Nr 2 58-150 Strzegom ul. Adama Mickiewicza 1;958;166;166;13;153;17.33;7.83;934;404;404;20;384;43.25;4.95
46090;021906;14;Gimnazjum w Goczałkowie 58-152 Goczałków Szkolna 1;1088;168;168;11;157;15.44;6.55;1070;445;445;20;425;41.59;4.49
46091;021906;15;Zespół Szkolno-Przedszkolny w Jaroszowie 58-120 Jaroszów 98;727;108;108;3;105;14.86;2.78;709;255;255;15;240;35.97;5.88
46092;021906;16;Zespół Szkolno-Przedszkolny w Jaroszowie 58-120 Jaroszów 98;315;22;22;0;22;6.98;0.00;308;120;120;6;114;38.96;5.00
46093;021906;17;Zespół Szkolno-Przedszkolny w Jaroszowie 58-120 Jaroszów 98;1047;142;142;4;138;13.56;2.82;1044;385;385;19;366;36.88;4.94
46094;021906;18;Świetlica Wiejska w Wieśnicy 58-150 Wieśnica 18;405;76;76;2;74;18.77;2.63;404;160;160;13;147;39.60;8.12
46095;021906;19;Świetlica Wiejska w Żółkiewce 58-150 Żółkiewka 54;547;90;90;0;90;16.45;0.00;545;212;212;3;209;38.90;1.42
46096;021906;20;Publiczna Szkoła Podstawowa w Kostrzy 58-150 Kostrza ul. Żeromskiego 22;562;88;88;2;86;15.66;2.27;532;207;207;14;193;38.91;6.76
46097;021906;21;Szkoła Podstawowa w Rogoźnicy 58-152 Rogoźnica ul. Parkowa 1;584;85;85;9;76;14.55;10.59;571;251;251;18;233;43.96;7.17
46098;021906;22;Świetlica Wiejska w Granicy 58-150 Granica 5A;775;97;97;5;92;12.52;5.15;762;324;324;12;312;42.52;3.70
46099;021906;23;Świetlica Wiejska w Międzyrzeczu 58-150 Międzyrzecze 2;423;68;68;1;67;16.08;1.47;410;174;174;8;166;42.44;4.60
46100;021906;24;Zespół Szkolno-Przedszkolny 58-141 Stanowice ul. Świebodzka 9;827;98;98;3;95;11.85;3.06;817;328;328;19;309;40.15;5.79
46101;021906;25;Publiczna Szkoła Podstawowa w Olszanach 58-141 Olszany 33a;860;134;134;14;120;15.58;10.45;837;350;350;15;335;41.82;4.29
46102;021907;1;Świetlica wiejska 58-114 Bystrzyca Górna 23;2098;470;470;15;455;22.40;3.19;2126;1056;1056;35;1021;49.67;3.31
46103;021907;2;Świetlica wiejska 58-124 Gogołów 1;722;100;100;5;95;13.85;5.00;724;308;308;10;298;42.54;3.25
46104;021907;3;Szkoła Podstawowa im. Jana Pawła II 58-112 Grodziszcze 63 A;1738;290;290;8;282;16.69;2.76;1780;808;808;36;772;45.39;4.46
46105;021907;4;Gimnazjum im. Unii Europejskiej 58-113 Lutomia Dolna 12;1738;221;221;11;210;12.72;4.98;1763;674;674;45;629;38.23;6.68
46106;021907;5;Szkoła Podstawowa 58-160 Mokrzeszów 23 A;879;154;154;5;149;17.52;3.25;877;354;354;14;340;40.36;3.95
46107;021907;6;Świetlica wiejska 58-100 Opoczka 30;878;107;107;4;103;12.19;3.74;877;340;340;19;321;38.77;5.59
46108;021907;7;Świetlica wiejska 58-125 Pszenno Wrocławska 1;1343;283;283;15;268;21.07;5.30;1334;670;670;29;641;50.22;4.33
46109;021907;8;Świetlica wiejska 58-100 Słotwina 36;828;187;187;8;179;22.58;4.28;840;430;430;14;416;51.19;3.26
46110;021907;9;Świetlica wiejska 58-125 Wilków 32;928;151;151;4;147;16.27;2.65;934;382;382;14;368;40.90;3.66
46111;021907;10;Gimnazjum 58-100 Witoszów Dolny 59-60;2116;383;383;7;376;18.10;1.83;2162;997;997;62;935;46.11;6.22
46112;021908;1;Gimnazjum 58-130 Żarów Piastowska 10;616;168;168;3;165;27.27;1.79;613;335;335;7;328;54.65;2.09
46113;021908;2;Przedszkole Miejskie 58-130 Żarów ul. Wałdysława Łokietka 14;621;199;199;4;195;32.05;2.01;606;360;360;6;354;59.41;1.67
46114;021908;3;Gimnazjum 58-130 Żarów ul. Piastowska 10;709;155;155;6;149;21.86;3.87;694;334;334;7;327;48.13;2.10
46115;021908;4;Biblioteka Publiczna 58-130 Żarów ul. Piastowska 10;786;145;145;3;142;18.45;2.07;809;394;394;18;376;48.70;4.57
46116;021908;5;Szkoła Podstawowa 58-130 Żarów ul. Ogrodowa 1;1337;192;192;9;183;14.36;4.69;1343;530;530;24;506;39.46;4.53
46117;021908;6;Szkoła Podstawowa 58-130 Żarów ul. Armii Krajowej 60;1500;251;251;12;239;16.73;4.78;1486;579;579;21;558;38.96;3.63
46118;021908;7;Świetlica Wiejska 58-130 Łażany ul. Strzegomska 4;1168;167;167;10;157;14.30;5.99;1166;445;445;13;432;38.16;2.92
46119;021908;8;Świetlica Wiejska 58-130 Mrowiny ul. Wojska Polskiego 57;811;145;145;12;133;17.88;8.28;794;356;356;13;343;44.84;3.65
46120;021908;9;Świetlica Wiejska 58-130 Wierzbna ul. Świdnicka 21A;1256;220;220;17;203;17.52;7.73;1274;611;611;10;601;47.96;1.64
46121;021908;10;Szkoła Podstawowa 58-130 Imbramowice ul. Żarowska 45;1332;203;203;6;197;15.24;2.96;1317;523;523;33;490;39.71;6.31
90121;021908;11;Szpital Reumatologiczno-Rehabilitacyjny w Żarowie 58-130 Żarów Wojska Polskiego 7;22;22;22;3;19;100.00;13.64;22;20;20;1;19;90.91;5.00
46122;022001;1;Gimnazjum 55-120 Oborniki Śląskie ul. Kownackiego 3;1429;352;352;13;339;24.63;3.69;1424;736;736;17;719;51.69;2.31
46123;022001;2;Szkoła Podstawowa Nr 2 w Obornikach Śląskich 55-120 Oborniki Śląskie ul. Kard. Wyszyńskiego 24;1564;496;496;14;482;31.71;2.82;1524;893;893;15;878;58.60;1.68
46124;022001;3;Szkoła Podstawowa Nr 3 55-120 Oborniki Śląskie ul. Trzebnicka 33;2306;765;765;25;740;33.17;3.27;2369;1458;1458;17;1441;61.54;1.17
46125;022001;4;Liceum Ogólnokształcące 55-120 Oborniki Śląskie ul. Wrocławska 18;1473;431;431;10;421;29.26;2.32;1457;824;824;18;806;56.55;2.18
46126;022001;5;Powiatowy Zespół Szkół 55-120 Oborniki Śląskie ul. Parkowa 8;1227;361;361;6;355;29.42;1.66;1221;669;669;17;652;54.79;2.54
46127;022001;6;Świetlica Wiejska 55-120 Wilczyn ul. Parkowa 1;800;183;183;6;177;22.88;3.28;799;354;354;5;349;44.31;1.41
46128;022001;7;Gimnazjum 55-120 Pęgów ul. Główna 101;838;121;121;4;117;14.44;3.31;853;375;375;13;362;43.96;3.47
46129;022001;8;Remiza OSP 55-120 Rościsławice ul. Żmigrodzka 2;649;132;132;10;122;20.34;7.58;660;266;266;7;259;40.30;2.63
46130;022001;9;Szkoła Podstawowa 55-120 Uraz ul. Wołowska 55;870;180;180;7;173;20.69;3.89;881;467;467;21;446;53.01;4.50
46131;022001;10;Świetlica Wiejska 55-120 Lubnów ul. Pęgowska 3;862;182;182;11;171;21.11;6.04;900;425;425;16;409;47.22;3.76
46132;022001;11;Szkoła Podstawowa 55-120 Osolin ul. Marszałka Piłsudskiego 5;1796;351;351;10;341;19.54;2.85;1807;872;872;16;856;48.26;1.83
46133;022001;12;Szkoła Podstawowa 55-120 Pęgów ul. Główna 101;1465;360;360;20;340;24.57;5.56;1508;819;819;21;798;54.31;2.56
90122;022001;13;Dom Pomocy Społecznej w Obornikach Śląskich, Filia w Rościsławicach 55-120 Rościsławice ul. Polna 43;97;36;36;2;34;37.11;5.56;92;34;34;10;24;36.96;29.41
90123;022001;14;Dom Pomocy Społecznej w Obornikach Śląskich 55-120 Oborniki Śląskie ul. Kardynała Wyszyńskiego 33;78;17;17;2;15;21.79;11.76;67;29;29;9;20;43.28;31.03
90124;022001;15;Dolnośląskie Centrum Chorób Płuc we Wrocławiu, Oddział I i IA Chorób Płuc w Obornikach Śląskich 55-120 Oborniki Śląskie ul. Dunikowskiego 2-8;34;8;8;0;8;23.53;0.00;56;16;16;1;15;28.57;6.25
46134;022002;1;GOKiS w Prusicach 55-110 Prusice ul.Jana Pawła II 7;1835;293;293;26;267;15.97;8.87;1817;689;689;38;651;37.92;5.52
46135;022002;2;Szkoła Podstawowa w Skokowej 55-110 Skokowa ul.Wrocławska 9;1808;277;277;10;267;15.32;3.61;1828;809;809;20;789;44.26;2.47
46136;022002;3;Szkoła Podstawowa w Piotrkowicach 55-110 Piotrkowice 19;981;100;100;3;97;10.19;3.00;979;405;405;27;378;41.37;6.67
46137;022002;4;Zespół Szkół w Prusicach 55-110 Prusice ul. Żmigrodzka 43;2190;243;243;12;231;11.10;4.94;2184;776;776;23;753;35.53;2.96
46138;022002;5;Świetlica we Wszemirowie 55-110 Wszemirów 67;695;82;82;2;80;11.80;2.44;694;296;296;6;290;42.65;2.03
46139;022003;1;Trzebnickie Centrum Kultury i Sportu 55-100 Trzebnica ul. Prusicka 12;1851;358;358;6;352;19.34;1.68;1880;894;894;10;884;47.55;1.12
46140;022003;2;Szkoła Podstawowa Nr 3 w Trzebnicy 55-100 Trzebnica ul. M.Konopnickiej 14;1653;470;470;18;452;28.43;3.83;1629;951;951;14;937;58.38;1.47
46141;022003;3;Powiatowy Zespół Szkół Nr 2 w Trzebnicy 55-100 Trzebnica ul. Żeromskiego 25;1669;457;457;9;448;27.38;1.97;1644;946;946;9;937;57.54;0.95
46142;022003;4;Szkoła Podstawowa Nr 2 w Trzebnicy 55-100 Trzebnica ul. 3 Maja 5;996;316;316;12;304;31.73;3.80;1061;658;658;7;651;62.02;1.06
46143;022003;5;Siedziba Związku Emerytów i Rencistów 55-100 Trzebnica ul. Księdza Dziekana Bochenka 12;2021;573;573;17;556;28.35;2.97;2008;1148;1148;31;1117;57.17;2.70
46144;022003;6;Gimnazjum Nr 1 w Trzebnicy 55-100 Trzebnica ul. Św. Jadwigi 10;2025;548;548;18;530;27.06;3.28;1975;1043;1043;16;1027;52.81;1.53
46145;022003;7;Rynek - Ratusz 55-100 Trzebnica ul. Rynek 25;896;250;250;4;246;27.90;1.60;868;494;494;14;480;56.91;2.83
46146;022003;8;Świetlica Wiejska 55-100 Skarszyn 15;1076;171;171;11;160;15.89;6.43;1071;418;418;15;403;39.03;3.59
46147;022003;9;Świetlica Wiejska 55-100 Taczów Wielki 55;696;135;135;16;119;19.40;11.85;703;249;249;10;239;35.42;4.02
46148;022003;10;Świetlica Wiejska 55-100 Nowy Dwór 28;780;146;146;7;139;18.72;4.79;785;340;340;7;333;43.31;2.06
46149;022003;11;Świetlica Wiejska 55-100 Cerekwica ul. Trzebnicka 11;724;75;75;5;70;10.36;6.67;728;257;257;23;234;35.30;8.95
46150;022003;12;Świetlica Wiejska 55-100 Brzyków 75;748;108;108;2;106;14.44;1.85;788;289;289;12;277;36.68;4.15
46151;022003;13;Świetlica Wiejska 55-100 Jaźwiny 15;697;95;95;7;88;13.63;7.37;723;262;262;6;256;36.24;2.29
46152;022003;14;Zespół Szkół w Ujeźdźcu Wielkim 55-100 Ujeździec Wielki 46;912;102;102;10;92;11.18;9.80;919;292;292;12;280;31.77;4.11
46153;022003;15;Świetlica Wiejska 55-100 Biedaszków Wielki 31;804;95;95;0;95;11.82;0.00;790;271;271;9;262;34.30;3.32
46154;022003;16;Świetlica Wiejska 55-100 Skoroszów 14;743;122;122;5;117;16.42;4.10;742;297;297;7;290;40.03;2.36
90126;022003;17;Szpital im. Św. Jadwigi Śląskiej w Trzebnicy 55-100 Trzebnica ul. Prusicka 55;109;15;15;2;13;13.76;13.33;116;50;50;2;48;43.10;4.00
46155;022004;1;Ośrodek Kultury Sportu i Rekreacji 55-114 Wisznia Mała ul. Szkolna 1;1609;320;320;4;316;19.89;1.25;1642;775;775;16;759;47.20;2.06
46156;022004;2;Szkoła Podstawowa 51-180 Psary ul. Główna 40;2061;623;624;13;610;30.23;2.09;2103;1291;1291;21;1270;61.39;1.63
46157;022004;3;Przedszkole Publiczne 55-114 Strzeszów ul. Lipowa 35;1943;325;325;8;317;16.73;2.46;1956;852;852;36;816;43.56;4.23
46158;022004;4;Zespół Szkół 55-114 Kryniczno ul. Szkolna 6;1992;566;566;16;550;28.41;2.83;2054;1213;1213;30;1183;59.06;2.47
46159;022005;1;Sala widowiskowa Gminnego Ośrodka Kultury i Biblioteka w Zawoni 55-106 Zawonia ul. Trzebnicka 11;1853;365;365;18;347;19.70;4.93;1923;835;835;35;800;43.42;4.19
46160;022005;2;Hala sportowo-widowiskowa przy Zespole Szkół w Zawoni 55-106 Tarnowiec 9;1270;133;133;5;128;10.47;3.76;1276;436;436;17;419;34.17;3.90
46161;022005;3;Sala nr 4 Zespołu Szkół w Czeszowie 55-106 Czeszów ul. M. Konopnickiej 18;1441;194;194;7;187;13.46;3.61;1465;584;584;42;542;39.86;7.19
46162;022006;1;Publiczne Przedszkole „Zielona Dolina” 55-140 Żmigród ul. Czereśniowa 9;1875;352;352;3;349;18.77;0.85;1878;880;880;16;864;46.86;1.82
46163;022006;2;Zespół Placówek Kultury 55-140 Żmigród ul. Wrocławska 12;1870;390;390;21;369;20.86;5.38;1823;893;893;33;860;48.99;3.70
46164;022006;3;Gimnazjum im. Macieja Rataja 55-140 Żmigród ul. Sienkiewicza 6;1491;241;241;10;231;16.16;4.15;1506;636;637;26;610;42.23;4.09
46165;022006;4;Szkoła Podstawowa im. Janusza Korczaka 55-140 Barkowo 75;1299;108;108;6;102;8.31;5.56;1279;405;405;27;378;31.67;6.67
46166;022006;5;Szkoła Podstawowa im. Polskich Olimpijczyków 55-140 Korzeńsko ul. Kolejowa 16;1642;170;170;5;165;10.35;2.94;1616;533;533;18;515;32.98;3.38
46167;022006;6;Świetlica Wiejska 55-140 Radziądz 86 a;905;126;126;3;123;13.92;2.38;899;354;354;17;337;39.38;4.80
46168;022006;7;Świetlica Wiejska 55-140 Borzęcin 16 A;692;80;80;3;77;11.56;3.75;689;228;228;14;214;33.09;6.14
46169;022006;8;Szkoła Podstawowa im. Ks. Jana Twardowskiego 55-140 Powidzko 49;1543;135;135;16;119;8.75;11.85;1520;420;420;17;403;27.63;4.05
46170;022006;9;Świetlica Wiejska 55-140 Żmigródek 47;574;88;88;0;88;15.33;0.00;571;242;242;10;232;42.38;4.13
90127;022006;10;Szpital Rehabilitacyjny i Opieki Długoterminowej 55-140 Żmigród ul.Willowa 4;42;6;6;1;5;14.29;16.67;46;23;23;4;19;50.00;17.39
46171;022101;1;Zespół Szkół Samorządowych w Boguszowie-Gorcach 58-371 Boguszów-Gorce ul. Stanisława Staszica 5;1729;258;258;6;252;14.92;2.33;1691;689;689;27;662;40.75;3.92
46172;022101;2;Zespół Szkół Samorządowych w Boguszowie-Gorcach 58-371 Boguszów-Gorce ul. Stanisława Staszica 5;1766;354;354;11;343;20.05;3.11;1734;792;792;26;766;45.67;3.28
46173;022101;3;Miejska Biblioteka Publiczna-Centrum Kultury w Boguszowie-Gorcach 58-370 Boguszów-Gorce Pl. Odrodzenia 4;902;128;128;5;123;14.19;3.91;887;326;326;6;320;36.75;1.84
46174;022101;4;Zespół Szkolno-Przedszkolny w Boguszowie-Gorcach-Publiczna Szkoła Podstawowa Nr 1 58-370 Boguszów-Gorce ul. Szkolna 3;1891;307;307;9;298;16.23;2.93;1853;704;704;26;678;37.99;3.69
46175;022101;5;Gimnazjum Nr 1 w Boguszowie-Gorcach 58-370 Boguszów-Gorce ul. Ludwika Waryńskiego 10;1920;267;267;9;258;13.91;3.37;1882;715;715;22;693;37.99;3.08
46176;022101;6;Miejska Biblioteka Publiczna-Centrum Kultury w Boguszowie-Gorcach 58-370 Boguszów-Gorce Plac Odrodzenia 4;1863;316;316;20;296;16.96;6.33;1834;661;661;33;628;36.04;4.99
46177;022101;7;Świetlica Środowiskowa Nr 4 w Boguszowie-Gorcach 58-372 Boguszów-Gorce ul. Stefana Żeromskiego 17;1361;196;196;9;187;14.40;4.59;1355;528;528;25;503;38.97;4.73
46178;022101;8;Publiczna Szkoła Podstawowa Nr 6 w Boguszowie-Gorcach 58-372 Boguszów-Gorce ul. Mikołaja Kopernika 7;918;128;128;6;122;13.94;4.69;894;323;323;8;315;36.13;2.48
46179;022101;9;Miejska Biblioteka Publiczna-Centrum Kultury w Boguszowie-Gorcach Filia Nr 5 58-370 Boguszów-Gorce Kosynierów 81;629;110;110;4;106;17.49;3.64;617;253;253;8;245;41.00;3.16
46180;022102;1;Centrum Kultury 58-330 Jedlina-Zdrój ul. Piastowska 13;815;139;139;1;138;17.06;0.72;827;387;387;17;370;46.80;4.39
46181;022102;2;Centrum Kultury 58-330 Jedlina-Zdrój ul. Piastowska 13;773;153;153;3;150;19.79;1.96;749;367;367;7;360;49.00;1.91
46182;022102;3;Gimnazjum Miejskie im. Jana Pawła II 58-330 Jedlina-Zdrój ul. Słowackiego 5;825;157;157;7;150;19.03;4.46;807;386;386;17;369;47.83;4.40
46183;022102;4;Świetlica 58-330 Jedlina-Zdrój ul. Jasna 3;619;122;122;5;117;19.71;4.10;621;261;261;11;250;42.03;4.21
46184;022102;5;Centrum Bankietowo Pobytowe Moniuszko 58-330 Jedlina-Zdrój ul. Moniuszki 6;940;144;144;3;141;15.32;2.08;923;357;357;10;347;38.68;2.80
46185;022103;1;Teatr Zdrojowy im. H. Wieniawskiego 58-310 Szczawno-Zdrój Kościuszki 19;953;283;283;4;279;29.70;1.41;1015;595;595;9;586;58.62;1.51
46186;022103;2;Publiczne Gimnazjum 58-310 Szczawno-Zdrój Boczna 1;983;297;297;6;291;30.21;2.02;964;577;577;14;563;59.85;2.43
46187;022103;3;Zespół Szkół im. Marii Skłodowskiej-Curie 58-310 Szczawno-Zdrój Kolejowa 2;950;248;248;12;236;26.11;4.84;915;464;464;20;444;50.71;4.31
46188;022103;4;Miejska Biblioteka Publiczna im. Tadeusza Boya-Żeleńskiego 58-310 Szczawno-Zdrój Wojska Polskiego 4a;1034;341;341;18;323;32.98;5.28;1121;697;697;8;689;62.18;1.15
46189;022103;5;Miejska Szkoła Podstawowa 58-310 Szczawno-Zdrój Sienkiewicza 32;920;189;189;8;181;20.54;4.23;937;464;464;17;447;49.52;3.66
46190;022104;1;Gminny Zespół Szkolno-Przedszkolny(Gimnazjum) 58-379 Czarny Bór ul. Sportowa 44;1062;178;178;8;170;16.76;4.49;1088;501;501;30;471;46.05;5.99
46191;022104;2;Gminny Zespół Szkolno-Przedszkolny(Filia Szkoły Podstawowej) 58-379 Witków 89;802;153;153;2;151;19.08;1.31;800;363;363;16;347;45.38;4.41
46192;022104;3;Świetlica Wiejska 58-379 Grzędy 50;556;93;93;1;92;16.73;1.08;555;243;243;8;235;43.78;3.29
46193;022104;4;Świetlica Wiejska 58-379 Jaczków 22;384;61;61;2;59;15.89;3.28;384;173;173;14;159;45.05;8.09
46194;022104;5;Gminny Zespół Szkolno-Przedszkolny(Gimnazjum) 58-379 Czarny Bór ul. Sportowa 44;1055;223;223;13;210;21.14;5.83;1032;576;576;15;561;55.81;2.60
46195;022105;1;Szkoła Podstawowa Nr 2 58-340 Głuszyca ul. Sienkiewicza 53;2029;276;276;15;261;13.60;5.43;1989;787;787;29;758;39.57;3.68
46196;022105;2;Szkoła Podstawowa Nr 3 58-340 Głuszyca ul. Kolejowa 8;2048;408;408;10;398;19.92;2.45;2035;982;982;31;951;48.26;3.16
46197;022105;3;Centrum Kultury - Miejska Biblioteka Publiczna 58-340 Głuszyca ul. Grunwaldzka 26;1628;249;249;6;243;15.29;2.41;1602;631;631;29;602;39.39;4.60
46198;022105;4;Świetlica Wiejska 58-340 Głuszyca Górna ul. Kłodzka 61;850;126;126;3;123;14.82;2.38;843;316;316;13;303;37.49;4.11
46199;022105;5;Świetlica Wiejska 58-340 Kolce ul. Pamięci Narodowej 39;321;57;57;2;55;17.76;3.51;325;119;119;0;119;36.62;0.00
46200;022105;6;Świetlica Wiejska 58-340 Grzmiąca ul. Wiejska 1;442;61;61;1;60;13.80;1.64;427;158;158;2;156;37.00;1.27
46201;022106;1;Mieroszowskie Centrum Kultury 58-350 Mieroszów ul. Stefana Żeromskiego 28;708;88;88;6;82;12.43;6.82;670;224;224;12;212;33.43;5.36
46202;022106;2;Publiczne Gimnazjum im. Krzysztofa Kieślowskiego 58-350 Mieroszów Stefana Żeromskiego 30;696;128;128;5;123;18.39;3.91;698;253;253;11;242;36.25;4.35
46203;022106;3;Przedszkole Miejskie 58-350 Mieroszów Wolności 27;660;107;107;2;105;16.21;1.87;642;248;248;7;241;38.63;2.82
46204;022106;4;Publiczna Szkoła Podstawowa 58-350 Mieroszów Wolności 19;748;135;135;4;131;18.05;2.96;733;319;319;7;312;43.52;2.19
46205;022106;5;Sala Sportowa 58-350 Mieroszów Hoża 4;874;79;79;2;77;9.04;2.53;871;263;263;7;256;30.20;2.66
46206;022106;6;Publiczna Szkoła Podstawowa 58-350 Kowalowa Wałbrzyska 38;659;108;108;4;104;16.39;3.70;657;266;266;4;262;40.49;1.50
46207;022106;7;Biblioteka Publiczna Mieroszowskiego Centrum Kultury Filia nr 1 58-350 Unisław Śląski 4b;639;113;113;2;111;17.68;1.77;644;294;294;11;283;45.65;3.74
46208;022106;8;Biblioteka Publiczna Mieroszowskiego Centrum Kultury Filia nr 2 58-350 Sokołowsko Słoneczna 2;647;152;152;2;150;23.49;1.32;618;291;291;10;281;47.09;3.44
46209;022107;1;Szkoła Podstawowa 58-312 Stare Bogaczowice ul. Główna 172a;1060;209;209;5;204;19.72;2.39;1048;458;458;18;440;43.70;3.93
46210;022107;2;Świetlica Wiejska 58-312 Chwaliszów ul Główna 49;559;109;109;7;102;19.50;6.42;562;245;245;9;236;43.59;3.67
46211;022107;3;Szkoła Filialna 58-311 Struga ul. Szkolna 2;726;163;163;7;156;22.45;4.29;696;324;324;18;306;46.55;5.56
46212;022107;4;Świetlica Wiejska 58-371 Jabłów ul. Główna 74;336;48;48;1;47;14.29;2.08;329;155;155;5;150;47.11;3.23
46213;022107;5;Świetlica Wiejska 58-312 Gostków ul. Główna 42;455;69;69;3;66;15.16;4.35;436;163;163;8;155;37.39;4.91
46214;022107;6;Filia Gminnej Biblioteki Publicznej 58-311 Lubomin ul. Główna 5;277;52;52;3;49;18.77;5.77;275;127;127;4;123;46.18;3.15
46215;022108;1;Centrum Kultury i Turystyki w Walimiu 58-320 Walim ul. Tadeusza Kościuszki 2;997;149;149;9;140;14.94;6.04;981;361;361;23;338;36.80;6.37
46216;022108;2;Centrum Sportu i Rekreacji w Walimiu 58-320 Walim ul. Boczna 8A;1010;151;151;7;144;14.95;4.64;993;377;377;17;360;37.97;4.51
46217;022108;3;Świetlica-Klub Strażaka 58-321 Zagórze Śląskie ul. Główna 10;799;154;154;3;151;19.27;1.95;789;323;323;14;309;40.94;4.33
46218;022108;4;Publiczna Szkoła Podstawowa 58-321 Jugowice Główna 34;742;138;138;4;134;18.60;2.90;731;346;346;18;328;47.33;5.20
46219;022108;5;Wiejski Dom Kultury 58-308 Dziećmorowice ul. Henryka Sienkiewicza 75;1144;178;178;10;168;15.56;5.62;1123;476;476;10;466;42.39;2.10
46220;022201;1;Dolnobrzeski Ośrodek Kultury 56-120 Brzeg Dolny ul.Kolejowa 29;1919;418;418;11;407;21.78;2.63;1906;892;892;28;864;46.80;3.14
46221;022201;2;Szkoła Podstawowa Nr 5 56-120 Brzeg Dolny ul. Zwycięstwa 10;1565;386;386;14;372;24.66;3.63;1528;770;770;31;739;50.39;4.03
46222;022201;3;DOK Dział Dziecięco-Młodzieżowy 56-120 Brzeg Dolny ul. Zwycięstwa 5;1730;417;417;13;404;24.10;3.12;1730;847;847;30;817;48.96;3.54
46223;022201;4;Publiczne Gimnazjum Nr 1 56-120 Brzeg Dolny ul.Młodzieżowa 2;1592;337;337;6;331;21.17;1.78;1547;735;735;16;719;47.51;2.18
46224;022201;5;Szkoła Podstawowa Nr 6 56-120 Brzeg Dolny ul. Wilcza 4;1091;259;259;9;250;23.74;3.47;1085;567;567;14;553;52.26;2.47
46225;022201;6;Szkoła Podstawowa w Godzięcinie 56-120 Godzięcin 50B;508;68;68;3;65;13.39;4.41;500;223;223;17;206;44.60;7.62
46226;022201;7;Świetlica w Jodłowicach 56-120 Jodłowice 12;524;120;120;6;114;22.90;5.00;523;214;214;3;211;40.92;1.40
46227;022201;8;Szkoła Podstawowa w Pogalewie Wielkim 56-120 Pogalewo Wielkie 12H;882;123;123;7;116;13.95;5.69;869;276;276;16;260;31.76;5.80
46228;022201;9;Świetlica w Radeczu 56-120 Radecz 37;872;128;128;7;121;14.68;5.47;897;320;320;20;300;35.67;6.25
46229;022201;10;Przedszkole Samorządowe Nr 3 56-120 Brzeg Dolny ul. Przedszkolna 1;1652;347;347;19;328;21.00;5.48;1632;823;823;18;805;50.43;2.19
46230;022201;11;Przedszkole Samorządowe Nr 1 56-120 Brzeg Dolny ul. Zwycięstwa 3;747;228;228;9;219;30.52;3.95;750;383;383;6;377;51.07;1.57
46231;022202;1;Gminny Ośrodek Kultury 56-160 Wińsko ul. Marszałka Piłsudskiego 42;1818;329;329;13;316;18.10;3.95;1797;801;801;32;769;44.57;4.00
46232;022202;2;Zespół Szkoła Podstawowa i Przedszkole 56-160 Wińsko ul. Nowa 2;968;138;138;1;137;14.26;0.72;960;356;356;18;338;37.08;5.06
46233;022202;3;Szkoła Podstawowa im. Jana Adama de Garnier 56-160 Głębowice 10;889;162;162;9;153;18.22;5.56;865;315;315;28;287;36.42;8.89
46234;022202;4;Szkoła Podstawowa im. Świętego Mikołaja z Miry 56-160 Krzelów 125;1406;162;162;3;159;11.52;1.85;1400;568;568;19;549;40.57;3.35
46235;022202;5;Szkoła Podstawowa im. Jana Markiewicza 56-160 Orzeszków 9;1017;112;112;4;108;11.01;3.57;1030;334;334;23;311;32.43;6.89
46236;022202;6;Remiza Ochotniczej Straży Pożarnej 56-160 Budków 54;388;64;64;6;58;16.49;9.38;383;140;140;8;132;36.55;5.71
46237;022202;7;Świetlica wiejska 56-160 Rudawa 5;497;81;81;3;78;16.30;3.70;492;169;169;13;156;34.35;7.69
46238;022203;1;Zespół Szkół Publicznych w Wołowie 56-100 Wołów ul.Trzebnicka 14;2267;462;462;19;443;20.38;4.11;2288;1076;1076;20;1056;47.03;1.86
46239;022203;2;Urząd Miejski 56-100 Wołów Rynek 34;1455;294;294;9;285;20.21;3.06;1409;637;637;28;609;45.21;4.40
46240;022203;3;Wołowski Ośrodek Kultury 56-100 Wołów ul.Generała Władysława Sikorskiego 6;2215;495;495;12;483;22.35;2.42;2198;1093;1093;33;1060;49.73;3.02
46241;022203;4;Publiczne Gimnazjum w Wołowie 56-100 Wołów ul.Komuny Paryskiej 18;1970;496;496;14;482;25.18;2.82;1963;993;993;20;973;50.59;2.01
46242;022203;5;Zespół Szkół im.Tadeusza Kościuszki w Wołowie 56-100 Wołów ul. Tadeusza Kościuszki 27;1583;339;339;10;329;21.42;2.95;1554;768;768;18;750;49.42;2.34
46243;022203;6;Szkoła Podstawowa Nr 2 w Wołowie 56-100 Wołów ul.Fryderyka Chopina 10;1479;368;368;8;360;24.88;2.17;1446;719;719;22;697;49.72;3.06
46244;022203;7;Szkoła Podstawowa w Krzydlinie Wielkiej 56-100 Krzydlina Wielka 27A;841;137;137;6;131;16.29;4.38;839;311;311;13;298;37.07;4.18
46245;022203;8;Zespół Szkół Publicznych w Lubiążu 56-100 Lubiąż ul. Wojska Polskiego 3A;2232;328;328;14;314;14.70;4.27;2196;897;897;32;865;40.85;3.57
46246;022203;9;Szkoła Podstawowa w Mojęcicach 56-100 Mojęcice ul. Wołowska 4;1106;140;140;8;132;12.66;5.71;1102;352;352;15;337;31.94;4.26
46247;022203;10;Świetlica Wiejska w Gródku 56-100 Gródek 25A;637;91;91;2;89;14.29;2.20;634;237;237;5;232;37.38;2.11
46248;022203;11;Szkoła Podstawowa w Warzęgowie 56-100 Warzęgowo 15;1051;174;174;10;164;16.56;5.75;1043;369;369;17;352;35.38;4.61
46249;022203;12;Szkoła Podstawowa w Starym Wołowie 56-100 Stary Wołów 56;986;120;120;5;115;12.17;4.17;974;356;356;11;345;36.55;3.09
46250;022203;13;Świetlica Wiejska w Dębnie 56-100 Dębno 1;588;87;87;3;84;14.80;3.45;578;222;222;5;217;38.41;2.25
90128;022203;14;Zakład karny w Wołowie 56-100 Wołów Więzienna 6;997;291;291;29;262;29.19;9.97;965;526;526;76;450;54.51;14.45
90129;022203;15;Niepubliczny Zakład Opieki Zdrowotnej Powiatowe Centrum Medyczne w Wołowie-Obiekt Szpitala w Wołowie 56-100 Wołów Inwalidów Wojennych 26;76;27;27;1;26;35.53;3.70;79;30;30;11;19;37.97;36.67
90130;022203;16;Wojewódzki Szpital dla Nerwowo i Psychicznie Chorych w Lubiążu 56-100 Lubiąż Adama Mickiewicza 1;306;61;61;8;53;19.93;13.11;276;74;74;5;69;26.81;6.76
46251;022301;1;Świetlica wiejska 55-003 Czernica ul. Odrzańska 2;2268;668;668;14;654;29.45;2.10;2309;1388;1388;22;1366;60.11;1.59
46252;022301;2;Szkoła Podstawowa i Gimnazjum 55-002 Kamieniec Wrocławski ul. Kolejowa 8;1888;625;625;14;611;33.10;2.24;2033;1343;1343;13;1330;66.06;0.97
46253;022301;3;Remiza OSP 55-003 Nadolice Wielkie ul. Wrocławska 56;2300;811;811;10;801;35.26;1.23;1488;964;964;13;951;64.78;1.35
46254;022301;4;Świetlica wiejska 55-003 Chrząstawa Wielka ul. Wrocławska 36;1493;404;404;15;389;27.06;3.71;1627;910;910;16;894;55.93;1.76
46255;022301;5;Szkoła Podstawowa 55-003 Ratowice ul. Wrocławska 36;756;214;214;1;213;28.31;0.47;773;448;448;19;429;57.96;4.24
46256;022301;6;Świetlica wiejska 55-002 Gajków ul. Przedszkolna 3;816;285;285;10;275;34.93;3.51;889;555;555;12;543;62.43;2.16
46257;022302;1;Zespół Szkolno-Przedszkolny w Długołęce 55-095 Długołęka ul. Szkolna 40;1687;630;630;20;610;37.34;3.17;1739;1172;1173;22;1150;67.40;1.88
46258;022302;2;Szkoła Podstawowa w Borowej 55-093 Borowa ul. Parkowa 2/4;894;158;158;6;152;17.67;3.80;924;472;472;9;463;51.08;1.91
46259;022302;3;Zespół Szkół w Brzeziej Łące 55-093 Brzezia Łąka ul. Szkolna 10;926;189;189;6;183;20.41;3.17;984;556;556;14;542;56.50;2.52
46260;022302;4;Szkoła Podstawowa w Kiełczowie 55-093 Kiełczów ul. Szkolna 3;1312;475;475;8;467;36.20;1.68;1475;1019;1019;23;996;69.08;2.26
46261;022302;5;Świetlica Wiejska w Januszkowicach 55-095 Januszkowice ul. Klonowa 1;888;139;139;7;132;15.65;5.04;914;376;376;7;369;41.14;1.86
46262;022302;6;Zespół Szkół w Łozinie 55-095 Łozina ul. Milicka 15;846;186;186;4;182;21.99;2.15;872;459;459;14;445;52.64;3.05
46263;022302;7;Świetlica Wiejska w Pasikurowicach 55-095 Pasikurowice ul. Wrocławska 30;898;270;270;4;266;30.07;1.48;945;571;571;18;553;60.42;3.15
46264;022302;8;Szkoła Podstawowa w Szczodrem 55-095 Szczodre ul. Trzebnicka 42;843;201;201;7;194;23.84;3.48;853;441;441;16;425;51.70;3.63
46265;022302;9;Szkoła Podstawowa w Węgrowie 55-095 Węgrów 31;993;117;117;1;116;11.78;0.85;997;386;386;19;367;38.72;4.92
46266;022302;10;Zespół Szkolno-Przedszkolny w Mirkowie 55-095 Mirków ul. Słowackiego 17;1677;581;581;8;573;34.65;1.38;1762;1098;1098;12;1086;62.32;1.09
46267;022302;11;Zespół Szkół w Siedlcu 55-095 Siedlec ul. Wrocławska 22;1265;281;281;8;273;22.21;2.85;1283;642;642;14;628;50.04;2.18
46268;022302;12;Gimnazjum Publiczne w Wilczycach 51-361 Wilczyce ul. Wrocławska 15;1394;495;495;13;482;35.51;2.63;1531;1021;1021;23;998;66.69;2.25
46269;022302;13;Świetlica Wiejska w Piecowicach 55-093 Piecowice ul. Stawowa 20;1124;216;216;11;205;19.22;5.09;1187;567;567;13;554;47.77;2.29
46270;022302;14;Szkoła Podstawowa w Kiełczowie 55-093 Kiełczów ul. Szkolna 3;2274;658;658;10;648;28.94;1.52;1409;940;940;18;922;66.71;1.91
46271;022302;15;Świetlica Wiejska w Bykowie 55-095 Byków ul. Ogrodowa 2;956;169;169;6;163;17.68;3.55;982;496;496;14;482;50.51;2.82
46272;022302;16;Gminny Ośrodek Kultury w Długołęce 55-095 Długołęka ul. Wiejska 23;787;263;263;8;255;33.42;3.04;795;484;484;11;473;60.88;2.27
46273;022302;17;Świetlica Wiejska w Kątnej 55-093 Kątna 36;812;181;181;3;178;22.29;1.66;817;390;390;17;373;47.74;4.36
46274;022302;18;Świetlica Wiejska w Pruszowicach 51-217 Pruszowice ul. Parkowa 11;945;225;225;12;213;23.81;5.33;1027;579;579;8;571;56.38;1.38
46275;022303;1;Świetlica Wiejska w Jordanowie Śląskim 55-065 Jordanów Śląski ul.Wrocławska 55;1919;327;327;9;318;17.04;2.75;1955;899;899;41;858;45.98;4.56
46276;022303;2;Świetlica Wiejska w Janówku 55-065 Janówek 3a;607;83;83;2;81;13.67;2.41;613;252;252;17;235;41.11;6.75
46277;022304;1;Szkoła Podstawowa Nr 1 w Kątach Wr. 55-080 Kąty Wrocławskie ul. 1 Maja 59;1409;344;344;10;334;24.41;2.91;1462;850;850;12;838;58.14;1.41
46278;022304;2;Gimnazjum w Kątach Wr. 55-080 Kąty Wrocławskie ul. Brzozowa 6;1714;443;443;15;428;25.85;3.39;1712;918;918;21;897;53.62;2.29
46279;022304;3;Gminny Ośrodek Kultury i Sportu w Kątach Wr. 55-080 Kąty Wrocławskie ul. Zwycięstwa 23;1790;396;396;18;378;22.12;4.55;1832;977;977;29;948;53.33;2.97
46280;022304;4;Szkoła Podstawowa nr 2 w Kątach Wrocławskich 55-080 Kąty Wrocławskie ul. Brzozowa 6;1729;288;288;11;277;16.66;3.82;1716;786;786;17;769;45.80;2.16
46281;022304;5;Świetlica Wiejska w Skałce 55-080 Skałka ul. Szkolna 2a;1541;286;286;6;280;18.56;2.10;1576;778;778;11;767;49.37;1.41
46282;022304;6;Zespół Szkolno-Przedszkolny w Smolcu 55-080 Smolec ul. Kościelna 2;1714;644;644;8;636;37.57;1.24;1896;1363;1363;13;1350;71.89;0.95
46283;022304;7;Świetlica Wiejska w Smolcu 55-080 Smolec ul. Główna 47;933;277;277;13;264;29.69;4.69;975;602;602;23;579;61.74;3.82
46284;022304;8;Gimnazjum w Jaszkotlu 55-080 Jaszkotle 27;1962;483;483;17;466;24.62;3.52;2047;1080;1080;23;1057;52.76;2.13
46285;022304;9;Szkoła Podstawowa w Sadkowie 55-080 Sadków ul. Szkolna 9;1508;277;277;3;274;18.37;1.08;1505;753;753;16;737;50.03;2.12
46286;022304;10;Szkoła Podstawowa w Gniechowicach 55-080 Gniechowice ul. Szkolna 4;1384;247;247;11;236;17.85;4.45;1383;581;581;20;561;42.01;3.44
46287;022304;11;Niepubliczna Szkoła Podstawowa w Zachowicach 55-080 Zachowice ul. Słoneczna 4;780;141;141;5;136;18.08;3.55;773;329;329;14;315;42.56;4.26
46288;022305;1;Gminny Zespół Szkół 55-040 Bielany Wrocławskie ul. Akacjowa 1;1460;526;526;12;514;36.03;2.28;1550;1033;1033;16;1017;66.65;1.55
46289;022305;2;Szkoła Podstawowa 55-040 Tyniec Mały ul. Domasławska 10;1727;511;511;5;506;29.59;0.98;1817;1071;1071;27;1044;58.94;2.52
46290;022305;3;Powiatowy Zespół Szkół Nr 1 55-040 Krzyżowice ul. Główna 2;1116;271;271;14;257;24.28;5.17;1168;592;592;18;574;50.68;3.04
46291;022305;4;Szkoła Podstawowa 55-040 Kobierzyce ul. Parkowa 7;1676;398;398;16;382;23.75;4.02;1649;891;891;24;867;54.03;2.69
46292;022305;5;Zespół Szkolno-Przedszkolny 55-040 Pustków Żurawski ul. Kolejowa 46;890;126;126;8;118;14.16;6.35;867;343;343;18;325;39.56;5.25
46293;022305;6;Świetlica Wiejska 55-040 Wierzbice ul. Tarnopolska 15;851;154;154;2;152;18.10;1.30;846;364;364;11;353;43.03;3.02
46294;022305;7;Świetlica Wiejska 55-040 Rolantowice 4a;761;111;111;3;108;14.59;2.70;775;297;297;9;288;38.32;3.03
46295;022305;8;Świetlica Wiejska 55-040 Tyniec nad Ślęzą ul. Szkolna 23;852;154;154;5;149;18.08;3.25;831;320;320;22;298;38.51;6.88
46296;022305;9;Gimnazjum 55-040 Kobierzyce ul. Parkowa 7;763;96;96;5;91;12.58;5.21;802;334;334;12;322;41.65;3.59
46297;022305;10;Przedszkole Samorządowe 55-040 Ślęza ul. Przystankowa 2;1178;315;315;4;311;26.74;1.27;1248;753;753;12;741;60.34;1.59
46298;022305;11;Świetlica Wiejska 55-040 Ślęza ul. Przystankowa 2;1097;364;364;7;357;33.18;1.92;1304;898;900;10;888;68.87;1.11
46299;022305;12;Gminny Zespół Szkół 55-040 Bielany Wrocławskie ul. Akacjowa 1;858;356;356;4;352;41.49;1.12;937;671;671;10;661;71.61;1.49
46300;022306;1;Gminny Ośrodek Kultury w Mietkowie 55-081 Mietków ul. Spółdzielcza 6;1774;377;377;8;369;21.25;2.12;1794;865;865;18;847;48.22;2.08
46301;022306;2;Świetlica wiejska w Maniowie 55-081 Maniów ul. Główna 2C;774;153;153;7;146;19.77;4.58;779;365;365;17;348;46.85;4.66
46302;022306;3;Świetlica wiejska w Domanicach 55-081 Domanice 12A;564;81;81;8;73;14.36;9.88;552;222;222;12;210;40.22;5.41
90131;022306;4;Dom Pomocy Społecznej „Dom nad Zalewem” w Borzygniewie 55-081 Borzygniew ul. Sportowa 2;40;6;6;2;4;15.00;33.33;54;14;14;1;13;25.93;7.14
46303;022307;1;Szkoła Podstawowa Nr 1 w Sobótce 55-050 Sobótka ul.Świdnicka 20;2348;510;510;21;489;21.72;4.12;2350;1181;1181;38;1143;50.26;3.22
46304;022307;2;Gimnazjum Gminne w Sobótce 55-050 Sobótka ul.Świdnicka 20a;1471;362;362;12;350;24.61;3.31;1491;803;804;17;786;53.86;2.12
46305;022307;3;Szkoła Podstawowa Nr 2 w Sobótce 55-050 Sobótka ul.Marii Skłodowskiej-Curie 19;1792;416;416;20;396;23.21;4.81;1807;923;923;34;889;51.08;3.68
46306;022307;4;Szkoła Podstawowa w Świątnikach 55-050 Świątniki ul. Parkowa 6;1840;291;291;8;283;15.82;2.75;1902;879;879;29;850;46.21;3.30
46307;022307;5;Szkoła Podstawowa w Rogowie Sobóckim 55-050 Rogów Sobócki ul. Szkolna 7;1360;171;171;15;156;12.57;8.77;1385;554;554;30;524;40.00;5.42
46308;022307;6;Niepubliczna Szkoła Podstawowa w Rękowie 55-050 Ręków ul. Nasławicka 21;1423;137;137;9;128;9.63;6.57;1433;458;458;11;447;31.96;2.40
46309;022308;1;Gminne Centrum Kultury 55-010 Święta Katarzyna ul. Główna 82;978;325;325;5;320;33.23;1.54;1026;640;640;8;632;62.38;1.25
46310;022308;2;Zakład Opiekuńczo - Leczniczy 55-010 Święta Katarzyna ul. Generała Dąbrowskiego 8;114;78;78;0;78;68.42;0.00;125;107;107;0;107;85.60;0.00
46311;022308;3;Gminne Centrum Kultury 55-010 Święta Katarzyna ul. Główna 82;838;219;219;5;214;26.13;2.28;912;548;548;8;540;60.09;1.46
46312;022308;4;Świetlica w Sulimowie 55-010 Sulimów ul. Kochanowskiego 38;688;151;151;3;148;21.95;1.99;699;383;383;10;373;54.79;2.61
46313;022308;5;Świetlica w Groblicach 55-010 Groblice ul. Kotowicka 5;945;237;237;14;223;25.08;5.91;1023;619;619;10;609;60.51;1.62
46314;022308;6;Szkoła Podstawowa 55-010 Kotowice ul. Podwalna 1;589;128;128;1;127;21.73;0.78;602;297;297;15;282;49.34;5.05
46315;022308;7;Przedszkole w Siechnicach 55-011 Siechnice ul. Osiedlowa 23a;802;202;202;7;195;25.19;3.47;841;503;503;7;496;59.81;1.39
46316;022308;8;Przedszkole w Siechnicach 55-011 Siechnice ul. Osiedlowa 23a;1034;279;279;11;268;26.98;3.94;1098;664;664;10;654;60.47;1.51
46317;022308;9;Gimnazjum 55-011 Siechnice ul. Świerczewskiego 40;1115;249;249;6;243;22.33;2.41;1307;730;730;10;720;55.85;1.37
46318;022308;10;Szkoła Podstawowa 55-011 Siechnice ul. Szkolna 4;686;107;107;5;102;15.60;4.67;707;326;326;13;313;46.11;3.99
46319;022308;11;Urząd Miejski w Siechnicach 55-011 Siechnice ul. Jana Pawła II 12;875;219;219;2;217;25.03;0.91;1010;613;614;7;606;60.69;1.14
46320;022308;12;Świetlica w Radwanicach 55-010 Radwanice ul. Kolejowa 8;895;266;266;6;260;29.72;2.26;893;510;510;13;497;57.11;2.55
46321;022308;13;Szkoła Podstawowa 55-010 Radwanice ul. Szkolna 14a;1381;411;411;9;402;29.76;2.19;1430;859;859;10;849;60.07;1.16
46322;022308;14;Punkt Informacji Turystycznej 50-458 Mokry Dwór ul. Batorego 6a;416;89;89;1;88;21.39;1.12;416;182;182;6;176;43.75;3.30
46323;022308;15;Świetlica w Iwinach 52-116 Iwiny ul. Miodowa 12;626;247;247;4;243;39.46;1.62;795;568;568;8;560;71.45;1.41
46324;022308;16;Świetlica w Żernikach Wrocławskich 55-010 Żerniki Wrocławskie ul. Parkowa 2;524;210;210;3;207;40.08;1.43;580;397;397;3;394;68.45;0.76
46325;022308;17;Szkoła Podstawowa 55-010 Żerniki Wrocławskie ul. Kolejowa 7a;1308;478;478;6;472;36.54;1.26;1341;873;873;10;863;65.10;1.15
46326;022309;1;Gminne Centrum Kultury w Żórawinie 55-020 Żórawina Al. Niepodległości 6;1890;416;416;17;399;22.01;4.09;1952;1096;1096;26;1070;56.15;2.37
46327;022309;2;Szkoła Podstawowa w Węgrach 55-020 Węgry ul.Szkolna 3;1023;95;95;2;93;9.29;2.11;1029;349;349;20;329;33.92;5.73
46328;022309;3;Świetlica w Starym Śleszowie 55-020 Stary Śleszów ul. Oławska 16;905;152;152;5;147;16.80;3.29;902;425;425;27;398;47.12;6.35
46329;022309;4;Świetlica w Turowie 55-020 Turów ul. Wrocławska 6;1008;197;197;6;191;19.54;3.05;1064;551;551;18;533;51.79;3.27
46330;022309;5;Szkoła Podstawowa w Wilczkowie 55-020 Wilczków ul.M. Kopernika 29;1250;168;168;8;160;13.44;4.76;1265;516;516;15;501;40.79;2.91
46331;022309;6;Szkoła Podstawowa w Rzeplinie 55-020 Rzeplin Al. Lipowa 46;899;222;222;12;210;24.69;5.41;995;561;561;29;532;56.38;5.17
46332;022309;7;Świetlica w Karwianach 52-200 Karwiany ul. Majowa 3a;678;215;215;9;206;31.71;4.19;756;465;465;2;463;61.51;0.43
46333;022401;1;Centrum Kultury i Promocji 57-256 Bardo ul. Kolejowa 12;1406;265;265;12;253;18.85;4.53;1377;602;602;23;579;43.72;3.82
46334;022401;2;Urząd Miasta i Gminy 57-256 Bardo ul. Rynek 2;1212;308;308;11;297;25.41;3.57;1164;543;543;14;529;46.65;2.58
46335;022401;3;Publiczne Gimnazjum, im. Janusza Kusocińskiego 57-255 Przyłęk ul. Fabryczna 7;993;180;180;8;172;18.13;4.44;986;421;421;13;408;42.70;3.09
46336;022401;4;Wiejski Dom Kultury 57-257 Brzeźnica 46;873;143;143;3;140;16.38;2.10;888;356;356;17;339;40.09;4.78
46337;022402;1;Zespół Szkól Samorządowych 57-211 Ciepłowody Szkolna 2;856;99;99;2;97;11.57;2.02;869;281;281;7;274;32.34;2.49
46338;022402;2;Zespół Szkół Samorządowych 57-211 Ciepłowody Szkolna 2;900;154;154;17;137;17.11;11.04;888;349;349;9;340;39.30;2.58
46339;022402;3;Świetlica Wiejska 57-210 Stary Henryków 46;789;122;122;3;119;15.46;2.46;793;272;272;8;264;34.30;2.94
46340;022403;1;Szkoła Podstawowa nr 2 57-230 Kamieniec Ząbkowicki ul.Szkolna 10;1167;165;165;7;158;14.14;4.24;1169;493;493;38;455;42.17;7.71
46341;022403;2;Gminne Centrum Kultury 57-230 Kamieniec Ząbkowicki ul. Złotostocka 27;1281;219;219;20;199;17.10;9.13;1260;515;515;26;489;40.87;5.05
46342;022403;3;Świetlica Wiejska 57-230 Ożary 38;477;61;61;2;59;12.79;3.28;463;190;190;9;181;41.04;4.74
46343;022403;4;Świetlica Wiejska 57-230 Topola 25;444;81;81;6;75;18.24;7.41;429;150;150;11;139;34.97;7.33
46344;022403;5;Świetlica Wiejska 57-220 Mrokocin 33;451;71;71;4;67;15.74;5.63;445;191;191;26;165;42.92;13.61
46345;022403;6;Szkoła Podstawowa 57-230 Doboszowice 94;535;79;79;5;74;14.77;6.33;530;224;224;17;207;42.26;7.59
46346;022403;7;Świetlica Wiejska 57-230 Starczów 47;519;62;62;5;57;11.95;8.06;526;176;176;19;157;33.46;10.80
46347;022403;8;Szkoła Podstawowa Nr 1 57-230 Kamieniec Ząbkowicki Zamkowa 4;723;181;181;12;169;25.03;6.63;707;420;420;7;413;59.41;1.67
46348;022403;9;Szkoła Podstawowa nr 1 57-230 Kamieniec Ząbkowicki ul.Zamkowa 4;979;160;160;13;147;16.34;8.12;979;458;458;25;433;46.78;5.46
46349;022403;10;Świetlica Wiejska 57-230 Byczeń 18;329;60;60;1;59;18.24;1.67;336;115;115;10;105;34.23;8.70
46350;022404;1;Publiczne Gimnazjum 57-214 Budzów 108;923;183;183;8;175;19.83;4.37;907;367;367;13;354;40.46;3.54
46351;022404;2;Zespół Szkół Publicznych 58-262 Grodziszcze 4;818;86;86;2;84;10.51;2.33;793;296;296;10;286;37.33;3.38
46352;022404;3;Szkoła Podstawowa w Budzowie - Filia w Przedborowej 57-208 Przedborowa 100;785;122;122;4;118;15.54;3.28;783;292;292;15;277;37.29;5.14
46353;022404;4;Gminna Biblioteka Publiczna Filia Srebrna Góra 57-215 Srebrna Góra ul. Letnia 10;959;171;171;6;165;17.83;3.51;950;400;400;11;389;42.11;2.75
46354;022404;5;Świetlica Wiejska 57-213 Stoszowice 43;1029;143;143;3;140;13.90;2.10;1027;403;403;15;388;39.24;3.72
46355;022405;1;Publiczne Gimnazjum Nr 2 57-200 Ząbkowice Śląskie Plac Marii Skłodowskiej-Curie 1;903;158;158;8;150;17.50;5.06;897;350;350;25;325;39.02;7.14
46356;022405;2;Klub Seniora 57-200 Ząbkowice Śląskie ul. Ziębicka 30;856;137;137;1;136;16.00;0.73;844;295;295;19;276;34.95;6.44
46357;022405;3;Ząbkowicki Ośrodek Kultury 57-200 Ząbkowice Śląskie Rynek 24;800;118;118;3;115;14.75;2.54;792;284;284;7;277;35.86;2.46
46358;022405;4;Szkoła Podstawowa nr 1 57-200 Ząbkowice Śląskie ul. Krzywa 9;736;136;136;9;127;18.48;6.62;702;272;272;14;258;38.75;5.15
46359;022405;5;Centrum Terapeutyczne 57-200 Ząbkowice Śląskie ul. 1 Maja 15 C;865;166;166;2;164;19.19;1.20;845;375;375;4;371;44.38;1.07
46360;022405;6;Zespół Szkół Ponadgimnazjalnymch Nr 2 57-200 Ząbkowice Śląskie ul. Wrocławska 17;1011;259;259;6;253;25.62;2.32;989;480;480;13;467;48.53;2.71
46361;022405;7;Szkoła Podstawowa Nr 3 57-200 Ząbkowice Śląskie ul. Orkana 32;876;228;228;3;225;26.03;1.32;860;421;421;6;415;48.95;1.43
46362;022405;8;Ośrodek Pomocy Społecznej 57-200 Ząbkowice Śląskie Osiedle XX lecia 52;923;280;280;10;270;30.34;3.57;899;473;473;7;466;52.61;1.48
46363;022405;9;Publiczne Przedszkole Nr 4 57-200 Ząbkowice Śląskie Osiedle XX lecia 53;990;329;329;11;318;33.23;3.34;966;548;548;14;534;56.73;2.55
46364;022405;10;Publiczne Przedszkole Nr 5 57-200 Ząbkowice Śląskie ul. Ziębicka 34;1111;308;308;8;300;27.72;2.60;1091;635;635;17;618;58.20;2.68
46365;022405;11;Publiczne Gimnazjum Nr 1 57-200 Ząbkowice Śląskie ul. Powstańców Warszawy 8B, C;1082;299;299;12;287;27.63;4.01;1064;603;603;8;595;56.67;1.33
46366;022405;12;Świetlica Wiejska 57-200 Ząbkowice Śląskie Kamieniecka 35;878;204;204;7;197;23.23;3.43;860;427;427;27;400;49.65;6.32
46367;022405;13;Zarząd Dróg Powiatowych 57-200 Ząbkowice Śląskie ul. Daleka 19;845;192;192;8;184;22.72;4.17;840;402;402;10;392;47.86;2.49
46368;022405;14;Szkoła Podstawowa Nr 2 57-200 Ząbkowice Śląskie ul. Piastowska 1;822;229;229;7;222;27.86;3.06;808;433;433;15;418;53.59;3.46
46369;022405;15;Świetlica Wiejska 57-200 Stolec 93;866;158;158;4;154;18.24;2.53;872;400;400;13;387;45.87;3.25
46370;022405;16;Świetlica Wiejska 57-200 Zwrócona 20;635;94;94;3;91;14.80;3.19;623;272;272;6;266;43.66;2.21
46371;022405;17;Budynek Wielofunkcyjny 57-200 Braszowice 61A;1110;214;214;6;208;19.28;2.80;1102;489;489;12;477;44.37;2.45
46372;022405;18;Świetlica Wiejska 57-200 Tarnów 21;1022;184;184;6;178;18.00;3.26;1018;432;432;15;417;42.44;3.47
46373;022405;19;Świetlica Wiejska 57-200 Brodziszów 28;530;73;73;1;72;13.77;1.37;524;201;201;6;195;38.36;2.99
46374;022405;20;Świetlica Wiejska 57-200 Sulisławice 12;716;73;73;7;66;10.20;9.59;712;243;243;10;233;34.13;4.12
46375;022405;21;Świetlica Wiejska 57-200 Bobolice 23;746;110;110;4;106;14.75;3.64;727;249;249;5;244;34.25;2.01
90132;022405;22;Dom Pomocy Społecznej 57-200 Ząbkowice Śląskie Szpitalna 3;109;37;37;3;34;33.94;8.11;110;81;81;8;73;73.64;9.88
90133;022405;23;Szpital Św. Antoniego 57-200 Ząbkowice Śląskie Bolesława Chrobrego 5;27;0;0;0;0;0.00;NA;29;4;4;0;4;13.79;0.00
46376;022406;1;Szkoła Podstawowa nr 2 im.Henryka Sienkiewicza 57-220 Ziębice ul. Plac Wolności 1;982;191;191;1;190;19.45;0.52;960;442;442;5;437;46.04;1.13
46377;022406;2;Stadion Miejski 57-220 Ziębice ul. Sportowa 4;988;173;173;10;163;17.51;5.78;1008;418;418;6;412;41.47;1.44
46378;022406;3;Urząd Miejski 57-220 Ziębice ul. Przemysłowa 10;935;133;133;6;127;14.22;4.51;921;360;360;16;344;39.09;4.44
46379;022406;4;Ziębickie Centrum Kultury 57-220 Ziębice ul.Wojska Polskiego 10;963;200;200;13;187;20.77;6.50;938;432;432;18;414;46.06;4.17
46380;022406;5;Miejsko Gminny Ośrodek Pomocy Społecznej 57-220 Ziębice ul. Wałowa 65;964;168;168;5;163;17.43;2.98;954;359;359;6;353;37.63;1.67
46381;022406;6;Ratusz 57-220 Ziębice ul. Rynek 44;1708;233;233;5;228;13.64;2.15;1655;595;595;12;583;35.95;2.02
46382;022406;7;Zespół Opiekuńczo Wychowawczy 57-220 Ziębice ul.Klasztorna 6;773;118;118;0;118;15.27;0.00;758;276;276;9;267;36.41;3.26
46383;022406;8;Świetlica Wiejska 57-224 Niedźwiednik 66;633;87;87;5;82;13.74;5.75;620;223;223;6;217;35.97;2.69
46384;022406;9;Świetlica Wiejska 57-220 Biernacice 29;404;86;86;4;82;21.29;4.65;398;161;161;10;151;40.45;6.21
46385;022406;10;Świetlica Wiejska 57-210 Nowy Dwór 40;584;98;98;5;93;16.78;5.10;580;225;225;9;216;38.79;4.00
46386;022406;11;Przedszkole Publiczne 57-210 Wadochowice 22;563;67;67;3;64;11.90;4.48;554;204;204;13;191;36.82;6.37
46387;022406;12;Niepubliczna Szkoła Podstawowa 57-223 Lubnów 42;460;84;84;6;78;18.26;7.14;470;215;215;11;204;45.74;5.12
46388;022406;13;Zespół Szkół i Przedszkoli 57-222 Niedźwiedź 93c;500;100;100;17;83;20.00;17.00;490;215;215;16;199;43.88;7.44
46389;022406;14;Szkoła Podstawowa 57-222 Starczówek 20;478;68;68;5;63;14.23;7.35;470;139;139;2;137;29.57;1.44
46390;022406;15;Świetlica Wiejska 57-223 Pomianów Dolny 81A;507;68;68;1;67;13.41;1.47;502;223;223;11;212;44.42;4.93
46391;022406;16;Świetlica Wiejska 57-210 Krzelków 16;755;72;72;2;70;9.54;2.78;728;236;236;9;227;32.42;3.81
46392;022406;17;Zespół Szkół Samorządowych 57-210 Henryków ul.Polna 9;1058;189;189;9;180;17.86;4.76;1086;473;473;22;451;43.55;4.65
46393;022406;18;Budynek szkolny 57-220 Wigańcice 88;601;71;71;6;65;11.81;8.45;587;190;190;3;187;32.37;1.58
46394;022406;19;Świetlica Wiejska 57-220 Dębowiec 26B;489;77;77;1;76;15.75;1.30;467;164;164;6;158;35.12;3.66
90134;022406;20;Dom Pomocy Społecznej 57-220 Ziębice Kościelna 10;72;48;48;3;45;66.67;6.25;84;49;49;9;40;58.33;18.37
90135;022406;21;Dom Opieki Świętej Jadwigi Śląskiej Caritas Archidiecezji Wrocławskiej 57-210 Henryków Plac Cystersów 4d;68;24;24;4;20;35.29;16.67;71;41;41;6;35;57.75;14.63
90136;022406;22;Szpital Długoterminowy 57-220 Ziębice Kolejowa 29;41;39;39;0;39;95.12;0.00;88;35;35;1;34;39.77;2.86
46395;022407;1;Samorządowy Zespół Szkół 57-250 Złoty Stok ul.Chemików 8;812;145;145;9;136;17.86;6.21;784;294;294;8;286;37.50;2.72
46396;022407;2;Samorządowy Zespół Szkół 57-250 Złoty Stok ul. Chemików 8;793;130;130;10;120;16.39;7.69;773;279;279;11;268;36.09;3.94
46397;022407;3;Samorządowy Zespół Szkół 57-250 Złoty Stok ul. Chemików 8;798;186;186;3;183;23.31;1.61;792;377;377;11;366;47.60;2.92
46398;022407;4;Świetlica Wiejska 57-250 Błotnica 15;293;41;41;6;35;13.99;14.63;300;102;102;6;96;34.00;5.88
46399;022407;5;Remiza OSP 57-250 Mąkolno 48a;444;77;77;8;69;17.34;10.39;435;175;175;3;172;40.23;1.71
46400;022407;6;Świetlica Wiejska 57-250 Chwalisław 50;192;14;14;0;14;7.29;0.00;195;73;73;1;72;37.44;1.37
46401;022407;7;Świetlica Wiejska 57-251 Laski 126;549;78;78;1;77;14.21;1.28;529;195;195;6;189;36.86;3.08
46402;022501;1;Ośrodek Kultury w Zawidowie 59-970 Zawidów ul. Zgorzelecka 39;1786;321;321;15;306;17.97;4.67;1714;726;726;22;704;42.36;3.03
46403;022501;2;Zespół Szkół Szkoły Podstawowej im. Bolesława Chrobrego i Gimnazjum w Zawidowie 59-970 Zawidów ul. Szkolna 4;1718;338;338;13;325;19.67;3.85;1697;742;742;46;696;43.72;6.20
46404;022502;1;Gimnazjum Nr 1 im. Bolesława Chrobrego 59-900 Zgorzelec ul. Kościuszki 68;1256;263;263;13;250;20.94;4.94;1238;628;628;19;609;50.73;3.03
46405;022502;2;Przedszkole Niepubliczne Nr 2 59-900 Zgorzelec ul. Brzozowa 1;1155;252;252;3;249;21.82;1.19;1122;518;518;11;507;46.17;2.12
46406;022502;3;Szkoła Podstawowa Nr 5 im. Marii Skłodowskiej-Curie 59-900 Zgorzelec ul. Prusa 17;1251;297;297;10;287;23.74;3.37;1220;623;623;9;614;51.07;1.44
46407;022502;4;Przedszkole Publiczne Nr 12 59-900 Zgorzelec ul. Wyspiańskiego 9a;1326;314;314;6;308;23.68;1.91;1288;686;686;10;676;53.26;1.46
46408;022502;5;Gimnazjum Nr 1 im. Bolesława Chrobrego 59-900 Zgorzelec ul. Kościuszki 68;1264;302;302;7;295;23.89;2.32;1242;604;604;17;587;48.63;2.81
46409;022502;6;Przedszkole Niepubliczne Nr 4 z Oddziałami Integracyjnymi 59-900 Zgorzelec ul. Broniewskiego 27a;1295;290;290;7;283;22.39;2.41;1237;607;607;10;597;49.07;1.65
46410;022502;7;Miejski Ośrodek Pomocy Społecznej 59-900 Zgorzelec ul. Traugutta 77b;1276;374;374;13;361;29.31;3.48;1249;653;653;15;638;52.28;2.30
46411;022502;8;Przedszkole Niepubliczne Nr 3 „Pajacyk” 59-900 Zgorzelec ul. Tuwima 2a;1290;311;311;11;300;24.11;3.54;1222;603;603;14;589;49.35;2.32
46412;022502;9;Szkoła Podstawowa Nr 3 im. Janusza Korczaka 59-900 Zgorzelec ul. Armii Krajowej 10a;1239;301;301;8;293;24.29;2.66;1200;605;605;8;597;50.42;1.32
46413;022502;10;DPFA Europrymus sp. z o.o. 59-900 Zgorzelec ul. Bohaterów II Armii WP 16;1247;348;349;6;342;27.91;1.72;1208;689;689;5;684;57.04;0.73
46414;022502;11;Szkoła Podstawowa Nr 3 im. Janusza Korczaka 59-900 Zgorzelec ul. Armii Krajowej 10a;1203;296;296;7;289;24.61;2.36;1172;616;616;12;604;52.56;1.95
46415;022502;12;Państwowa Szkoła Muzyczna I i II stopnia im. Feliksa Nowowiejskiego 59-900 Zgorzelec ul. Langiewicza 29;1244;254;254;11;243;20.42;4.33;1153;535;535;16;519;46.40;2.99
46416;022502;13;Przedszkole Publiczne Nr 2 59-900 Zgorzelec ul. Kościuszki 1;1263;257;257;4;253;20.35;1.56;1222;593;593;21;572;48.53;3.54
46417;022502;14;Gimnazjum Nr 3 im. Armii Krajowej 59-900 Zgorzelec ul. Piłsudskiego 1;1171;176;176;5;171;15.03;2.84;1187;411;411;11;400;34.63;2.68
46418;022502;15;Liceum Ogólnokształcące im. Braci Śniadeckich 59-900 Zgorzelec ul. Partyzantów 4;1240;260;260;8;252;20.97;3.08;1210;578;578;10;568;47.77;1.73
46419;022502;16;Centrum Sportowo Rekreacyjne Sp. z o.o. 59-900 Zgorzelec ul. Maratońska 2;1231;252;252;7;245;20.47;2.78;1159;547;547;18;529;47.20;3.29
46420;022502;17;Zespół Szkół Pondgimnazjalnych im. Emilii Plater 59-900 Zgorzelec ul. Francuska 6;1211;249;249;6;243;20.56;2.41;1205;542;542;12;530;44.98;2.21
46421;022502;18;Przedszkole Publiczne Nr 8 z Oddziałami Integracyjnymi 59-900 Zgorzelec ul. Świętego Jana 21a;1234;242;242;7;235;19.61;2.89;1199;529;529;10;519;44.12;1.89
46422;022502;19;Szkoła Podstawowa Nr 2 z Oddziałami Integracyjnymi im. Jarosława Iwaszkiewicza 59-900 Zgorzelec ul. Reymonta 16;1273;295;295;10;285;23.17;3.39;1296;768;768;13;755;59.26;1.69
46423;022502;20;Szkoła Podstawowa Nr 2 z Oddziałami Integracyjnymi im. Jarosława Iwaszkiewicza 59-900 Zgorzelec ul. Reymonta 16;1280;265;265;5;260;20.70;1.89;1260;622;622;10;612;49.37;1.61
46424;022502;21;Gimazjum Nr 2 z Oddziałami Integracyjnymi im. Jana Pawła II 59-900 Zgorzelec ul. Orzeszkowej 60;1260;303;303;18;285;24.05;5.94;1255;673;673;7;666;53.63;1.04
90137;022502;22;Dom Pomocy Społecznej „Jutrzenka” w Zgorzelcu 59-900 Zgorzelec ul. Przechodnia 8;92;46;46;5;41;50.00;10.87;90;21;21;4;17;23.33;19.05
90138;022502;23;Wielospecjalistyczny Szpital - Samodzielny Publiczny Zespół Opieki Zdrowotnej w Zgorzelcu Szpital Powiatowy im. Jana Pawła II w Zgorzelcu 59-900 Zgorzelec ul. Lubańska 11-12;64;16;16;0;16;25.00;0.00;41;26;26;2;24;63.41;7.69
46425;022503;1;Świetlica wiejska 59-921 Kopaczów ul. Główna 20;553;75;75;4;71;13.56;5.33;280;111;111;7;104;39.64;6.31
46426;022503;2;Strażnica Ochotniczej Straży Pożarnej 59-921 Sieniawka ul. Rolnicza 1b;711;103;103;4;99;14.49;3.88;710;243;243;12;231;34.23;4.94
46427;022503;3;Zespół Szkoły Podstawowej i Gimnazjum z Oddziałami Integracyjnymi 59-921 Porajów ul. Górnicza 1c;913;164;164;9;155;17.96;5.49;1170;458;458;15;443;39.15;3.28
46428;022503;4;Publiczna Szkoła Podstawowa 59-921 Opolno-Zdrój ul. Świerczewskiego 7;1045;172;172;5;167;16.46;2.91;1007;383;383;14;369;38.03;3.66
46429;022503;5;Zespół Szkoły Podstawowej i Gimnazjum 59-920 Działoszyn 33;1305;192;192;7;185;14.71;3.65;1245;449;449;24;425;36.06;5.35
46430;022503;6;Dom Kultury 59-920 Bogatynia ul. Ogrodowa 1;815;147;147;3;144;18.04;2.04;787;344;344;19;325;43.71;5.52
46431;022503;7;Publiczna Szkoła Podstawowa nr 5 59-920 Bogatynia ul. Młodych Energetyków 24;722;87;87;3;84;12.05;3.45;703;234;234;25;209;33.29;10.68
46432;022503;8;Sala Sportowa w byłym gimnazjum nr 2 59-920 Bogatynia ul. Daszyńskiego 53;938;126;126;3;123;13.43;2.38;931;301;301;14;287;32.33;4.65
46433;022503;9;Publiczna Szkoła Podstawowa nr 1 59-920 Bogatynia Plac Bohaterów Warszawy 1;918;156;156;6;150;16.99;3.85;916;399;399;11;388;43.56;2.76
46434;022503;10;Przedsiębiorstwo Energetyki Cieplnej 59-920 Bogatynia ul. Daszyńskiego 29;965;210;210;6;204;21.76;2.86;958;463;463;14;449;48.33;3.02
46435;022503;11;Hala Sportowa 59-920 Bogatynia ul. Sportowa 8;946;225;225;8;217;23.78;3.56;900;434;434;17;417;48.22;3.92
46436;022503;12;Publiczne Gimnazjum nr 1 59-920 Bogatynia ul. Chopina 15;935;255;255;14;241;27.27;5.49;908;487;487;9;478;53.63;1.85
46437;022503;13;Bogatyński Ośrodek Kultury 59-920 Bogatynia ul. II Armii Wojska Polskiego 1;943;187;187;5;182;19.83;2.67;903;399;399;19;380;44.19;4.76
46438;022503;14;Liceum Ogólnokształcące im. Marii Skłodowskiej-Curie 59-920 Bogatynia ul. II Armii Wojska Polskiego 5;932;158;158;7;151;16.95;4.43;886;353;353;13;340;39.84;3.68
46439;022503;15;Publiczne Przedszkole nr 5 59-920 Bogatynia ul. Fryderyka Chopina 13;983;206;206;3;203;20.96;1.46;948;510;510;7;503;53.80;1.37
46440;022503;16;Publiczne Przedszkole nr 6 59-920 Bogatynia ul. Wyczółkowskiego 32a;944;188;188;4;184;19.92;2.13;895;445;445;22;423;49.72;4.94
46441;022503;17;Zespół Szkół z Oddziałami Integracyjnymi 59-920 Bogatynia ul. Wyczółkowskiego 42a;924;199;199;5;194;21.54;2.51;931;440;440;13;427;47.26;2.95
46442;022503;18;Samodzielny Publiczny Zespół Opieki Zdrowotnej 59-920 Bogatynia ul. Wyczółkowskiego 15;929;225;225;9;216;24.22;4.00;893;472;472;15;457;52.86;3.18
46443;022503;19;Zespół Szkół z Oddziałami Integracyjnymi 59-920 Bogatynia ul. Wyczółkowskiego 42a;928;167;167;19;148;18.00;11.38;887;428;428;9;419;48.25;2.10
46444;022503;20;Zespół Szkół Zawodowych im. Św. Barbary 59-920 Bogatynia ul. Kościuszki 33;1129;215;215;11;204;19.04;5.12;1126;562;562;13;549;49.91;2.31
46445;022503;21;Multifunkcjonalne Centrum Trójstyku 59-920 Bogatynia ul. Nadrzeczna 18;974;178;178;6;172;18.28;3.37;965;419;419;14;405;43.42;3.34
90139;022503;22;Szpital Gminny Samodzielnego Publicznego Zespołu Opieki Zdrowotnej w Bogatyni 59-920 Bogatynia ul. Szpitalna 16;19;7;7;1;6;36.84;14.29;39;21;21;0;21;53.85;0.00
90140;022503;23;Wielospecjalistyczny Szpital - Samodzielny Publiczny Zespół Opieki Zdrowotnej w Zgorzelcu, Zakład dla Nerwowo i Psychicznie Chorych im. M. Marzyńskiego w Sieniawce 59-921 Sieniawka ul. Rolnicza 25;163;20;20;9;11;12.27;45.00;173;26;26;3;23;15.03;11.54
46446;022504;1;Szkoła Podstawowa nr 1 w Pieńsku 59-930 Pieńsk ul. Szkolna 1;1045;186;186;3;183;17.80;1.61;1067;491;491;13;478;46.02;2.65
46447;022504;2;Szkoła Podstawowa nr 1 w Pieńsku 59-930 Pieńsk ul. Szkolna 1;950;154;154;7;147;16.21;4.55;930;337;337;21;316;36.24;6.23
46448;022504;3;Euroregionalne Centrum Kultury i Komunikacji 59-930 Pieńsk ul. Świerczewskiego 23;999;155;155;10;145;15.52;6.45;981;354;354;24;330;36.09;6.78
46449;022504;4;Gimnazjum w Pieńsku 59-930 Pieńsk ul. Zgorzelecka 29;793;68;68;1;67;8.58;1.47;770;254;254;22;232;32.99;8.66
46450;022504;5;Gimnazjum Hala Widowiskowo Sportowa w Pieńsku 59-930 Pieńsk ul. Zgorzelecka 29;919;127;127;10;117;13.82;7.87;926;349;349;19;330;37.69;5.44
46451;022504;6;Świetlica Wiejska 59-930 Stojanów 18;386;25;25;3;22;6.48;12.00;386;72;72;5;67;18.65;6.94
46452;022504;7;Szkoła Podstawowa w Dłużynie Dolnej 59-930 Dłużyna Dolna;578;59;59;1;58;10.21;1.69;577;180;180;11;169;31.20;6.11
46453;022504;8;Świetlica Wiejska 59-930 Dłużyna Dolna 27a/II/ lokal: 3;689;95;95;0;95;13.79;0.00;684;253;253;12;241;36.99;4.74
46454;022504;9;Świetlica Wiejska 59-950 Lasów 13;514;76;76;3;73;14.79;3.95;507;169;169;8;161;33.33;4.73
46455;022504;10;Świetlica Wiejska 59-950 Żarki Średnie 107b;494;55;55;2;53;11.13;3.64;492;150;150;5;145;30.49;3.33
46456;022505;1;Zespół Szkoły Podstawowej i Gimnazjum im. Jana Pawła II w Sulikowie 59-975 Sulików ul. Zgorzelecka 28;999;201;201;13;188;20.12;6.47;983;433;433;13;420;44.05;3.00
46457;022505;2;Gminny Ośrodek Kultury w Sulikowie 59-975 Sulików Plac Wolności 9;1063;279;279;9;270;26.25;3.23;1063;515;515;17;498;48.45;3.30
46458;022505;3;Szkoła Podstawowa w Biernej 59-970 Bierna 57;1145;138;138;5;133;12.05;3.62;1117;405;405;20;385;36.26;4.94
46459;022505;4;Świetlica Wiejska we Wrociszowie Górnym 59-970 Wrociszów Górny 8;847;119;119;15;104;14.05;12.61;850;318;318;19;299;37.41;5.97
46460;022505;5;Świetlica Wiejska w Studniskach Dolnych 59-975 Studniska Dolne 66A;848;181;181;13;168;21.34;7.18;858;357;357;17;340;41.61;4.76
46461;022506;1;Węglinieckie Centrum Kultury 59-940 Węgliniec Plac Wolności 1;1011;133;133;9;124;13.16;6.77;979;360;360;26;334;36.77;7.22
46462;022506;2;Węglinieckie Centrum Kultury 59-940 Węgliniec Plac Wolności 1;1490;283;283;14;269;18.99;4.95;1446;699;699;23;676;48.34;3.29
46463;022506;3;Klub „Relax” 59-940 Zielonka 7;245;46;46;6;40;18.78;13.04;236;84;84;6;78;35.59;7.14
46464;022506;4;Dom Kultury 59-940 Stary Węgliniec ul. Konopnickiej 3;826;121;121;7;114;14.65;5.79;813;315;315;12;303;38.75;3.81
46465;022506;5;Dom Kultury 59-950 Jagodzin 30;496;85;85;5;80;17.14;5.88;494;182;182;10;172;36.84;5.49
46466;022506;6;Dom Kultury 59-950 Ruszów ul. Strzelecka 3;894;132;132;9;123;14.77;6.82;875;333;333;16;317;38.06;4.80
46467;022506;7;Dom Kultury 59-950 Ruszów ul. Strzelecka 3;808;127;127;9;118;15.72;7.09;780;282;282;22;260;36.15;7.80
46468;022506;8;Szkoła Podstawowa 59-940 Czerwona Woda ul. Kolejowa 22;1301;159;159;11;148;12.22;6.92;1296;470;470;20;450;36.27;4.26
46469;022507;1;Szkoła Podstawowa im. W. Chotomskiej w Łagowie 59-900 Łagów ul. Szkolna 2;497;139;139;5;134;27.97;3.60;510;293;293;7;286;57.45;2.39
46470;022507;2;Szkoła Podstawowa im. W. Chotomskiej w Łagowie 59-900 Łagów ul. Szkolna 2;579;114;114;2;112;19.69;1.75;616;286;286;6;280;46.43;2.10
46471;022507;3;Szkoła Podstawowa im. Osadników Wojskowych w Trójcy 59-900 Trójca 77;460;89;89;6;83;19.35;6.74;455;195;195;4;191;42.86;2.05
46472;022507;4;Świetlica Wiejska w Białogórzu 59-900 Białogórze 16;352;65;65;3;62;18.47;4.62;351;143;143;3;140;40.74;2.10
46473;022507;5;Remiza w Sławnikowicach 59-900 Sławnikowice 59;525;79;79;4;75;15.05;5.06;527;196;196;7;189;37.19;3.57
46474;022507;6;Szkoła Podstawowa im. J. Brzechwy w Żarskiej Wsi 59-900 Żarska Wieś 32;425;59;59;4;55;13.88;6.78;424;157;157;6;151;37.03;3.82
46475;022507;7;Szkoła Podstawowa im. J. Brzechwy w Żarskiej Wsi 59-900 Żarska Wieś 32;376;64;64;6;58;17.02;9.38;357;126;126;4;122;35.29;3.17
46476;022507;8;Świetlica Środowiskowa w Tylicach 59-900 Tylice 29A;492;93;93;4;89;18.90;4.30;502;216;216;6;210;43.03;2.78
46477;022507;9;Świetlica Wiejska w Koźminie 59-900 Koźmin 22;373;55;55;1;54;14.75;1.82;364;153;153;7;146;42.03;4.58
46478;022507;10;Szkoła Podstawowa w Osieku Łużyckim 59-900 Osiek Łużycki 56;435;53;53;0;53;12.18;0.00;440;144;144;12;132;32.73;8.33
46479;022507;11;Świetlica Wiejska w Radomierzycach 59-900 Radomierzyce 14a;368;56;56;8;48;15.22;14.29;365;173;173;3;170;47.40;1.73
46480;022507;12;Świetlica Wiejska w Ręczynie 59-900 Ręczyn 29;500;103;103;4;99;20.60;3.88;512;204;204;10;194;39.84;4.90
46481;022507;13;Gimnazjum im. Sybiraków w Jerzmankach 59-900 Jerzmanki 43;327;24;24;3;21;7.34;12.50;335;110;110;7;103;32.84;6.36
46482;022507;14;Gimnazjum im. Sybiraków w Jerzmankach 59-900 Jerzmanki 43;388;69;69;4;65;17.78;5.80;384;157;157;3;154;40.89;1.91
46483;022507;15;Publiczne Przedszkole KRASNOLUDKI w Jedrzychowicach 59-900 Jędrzychowice 74;573;79;79;5;74;13.79;6.33;572;217;217;17;200;37.94;7.83
46484;022601;1;Miejska Biblioteka Publiczna 59-550 Wojcieszów ul. Juliusza Słowackiego 6;1424;219;219;16;203;15.38;7.31;1382;523;523;24;499;37.84;4.59
46485;022601;2;Miejski Ośrodek Pomocy Społecznej 59-550 Wojcieszów ul.Bolesława Chrobrego 105;861;143;143;13;130;16.61;9.09;862;305;305;13;292;35.38;4.26
46486;022601;3;Remiza Ochotniczej Straży Pożarnej 59-550 Wojcieszów ul. Bolesława Chrobrego 197;821;122;122;6;116;14.86;4.92;808;289;289;9;280;35.77;3.11
46487;022602;1;Przedsiębiorstwo Produkcyjno-Handlowe „Vitbis” 59-500 Złotoryja ul. Legnicka 31;968;191;191;8;183;19.73;4.19;986;472;472;16;456;47.87;3.39
46488;022602;2;Złotoryjski Ośrodek Kultury i Rekreacji 59-500 Złotoryja pl. Reymonta 5;1617;385;385;15;370;23.81;3.90;1630;787;787;30;757;48.28;3.81
46489;022602;3;Liceum Ogólnokształcące 59-500 Złotoryja ul. Kolejowa 4;1693;251;251;6;245;14.83;2.39;1700;599;599;29;570;35.24;4.84
46490;022602;4;Szkoła Podstawowa Nr 3 59-500 Złotoryja ul. Wilcza 41;1771;403;403;13;390;22.76;3.23;1778;930;930;11;919;52.31;1.18
46491;022602;5;Szkoła Podstawowa Nr 1 59-500 Złotoryja pl.Niepodległości 7;1565;220;220;5;215;14.06;2.27;1529;584;584;21;563;38.19;3.60
46492;022602;6;Zespół Szkół Zawodowych 59-500 Złotoryja ul. Wojska Polskiego 50;853;216;216;11;205;25.32;5.09;860;426;426;11;415;49.53;2.58
46493;022602;7;Przedszkole Miejskie Nr 2 59-500 Złotoryja ul. Górnicza 21/23;1829;425;425;17;408;23.24;4.00;1828;989;989;31;958;54.10;3.13
46494;022602;8;Powiatowy Urząd Pracy 59-500 Złotoryja al. Miła 18;864;154;154;8;146;17.82;5.19;865;350;350;14;336;40.46;4.00
46495;022602;9;Hala Sportowa „Tęcza” przy Szkole Podstawowej nr 3 59-500 Złotoryja Wilcza 43;1917;387;387;11;376;20.19;2.84;1926;901;901;25;876;46.78;2.77
90141;022602;10;Szpital im Andrzeja Wolańczyka 59-500 Złotoryja Hoża 11;167;25;25;2;23;14.97;8.00;153;44;44;0;44;28.76;0.00
90142;022602;11;Wojewódzki Szpital Psychiatryczny 59-500 Złotoryja Szpitalna 9;124;21;21;2;19;16.94;9.52;119;48;48;8;40;40.34;16.67
46496;022603;1;Świetlica Wiejska 59-524 Czaple 29;250;64;64;4;60;25.60;6.25;247;107;107;3;104;43.32;2.80
46497;022603;2;Urząd Gminy 59-524 Pielgrzymka 109A/1;768;105;105;3;102;13.67;2.86;770;294;294;18;276;38.18;6.12
46498;022603;3;Warsztat Terapii Zajęciowej 59-524 Wojcieszyn 37;421;66;66;8;58;15.68;12.12;412;157;157;8;149;38.11;5.10
46499;022603;4;Świetlica Wiejska 59-524 Nowa Wieś Grodziska 45A;655;121;121;6;115;18.47;4.96;652;268;268;7;261;41.10;2.61
46500;022603;5;Sala Gimnastyczna 59-524 Sędzimirów 47;330;48;48;5;43;14.55;10.42;317;111;111;5;106;35.02;4.50
46501;022603;6;Świetlica Wiejska 59-524 Proboszczów 45A;797;96;96;3;93;12.05;3.12;794;267;267;12;255;33.63;4.49
46502;022603;7;Zespół Szkolno - Przedszkolny 59-524 Twardocice 53;518;74;74;2;72;14.29;2.70;529;188;188;8;180;35.54;4.26
46503;022604;1;Centrum Kultury, Sportu i Turystyki 59-540 Świerzawa ul. Jeleniogórska 58;2146;323;323;18;305;15.05;5.57;2105;834;834;33;801;39.62;3.96
46504;022604;2;Szkoła Podstawowa 59-540 Nowy Kościół ul. Szkolna 12;1115;148;148;7;141;13.27;4.73;1091;392;392;17;375;35.93;4.34
46505;022604;3;Świetlica wiejska 59-540 Stara Kraśnica 41;491;107;107;3;104;21.79;2.80;477;182;182;6;176;38.16;3.30
46506;022604;4;Świetlica wiejska 59-540 Sędziszowa ul. Górna 19;407;56;56;5;51;13.76;8.93;392;150;150;11;139;38.27;7.33
46507;022604;5;Szkoła Podstawowa 59-540 Sokołowiec 105;559;61;61;3;58;10.91;4.92;549;156;156;6;150;28.42;3.85
46508;022604;6;Remiza OSP 59-550 Podgórki 137;370;40;40;1;39;10.81;2.50;355;136;136;7;129;38.31;5.15
46509;022604;7;Wiejski Dom Kultury 59-540 Lubiechowa ul. Długa 31;463;90;90;5;85;19.44;5.56;466;214;214;16;198;45.92;7.48
46510;022604;8;Wiejski Dom Kultury 59-540 Dobków 64;390;66;66;0;66;16.92;0.00;395;139;139;1;138;35.19;0.72
46511;022604;9;Świetlica wiejska 59-540 Rząśnik 21;345;59;59;10;49;17.10;16.95;357;120;120;15;105;33.61;12.50
46512;022605;1;Szkoła Podstawowa 59-516 Brochocin 34;762;73;73;6;67;9.58;8.22;746;234;234;7;227;31.37;2.99
46513;022605;2;Szkoła Podstawowa 59-516 Radziechów 80;810;106;106;4;102;13.09;3.77;804;328;328;16;312;40.80;4.88
46514;022605;3;Świetlica Wiejska 59-516 Grodziec 99A;361;68;68;6;62;18.84;8.82;340;129;129;6;123;37.94;4.65
46515;022605;4;Remiza OSP 59-516 Olszanica 79B;737;138;138;8;130;18.72;5.80;742;312;312;17;295;42.05;5.45
46516;022605;5;Remiza OSP 59-516 Zagrodno 52A;1227;239;239;6;233;19.48;2.51;1217;537;537;20;517;44.12;3.72
46517;022605;6;Świetlica Wiejska 59-516 Uniejowice 109A;583;115;115;4;111;19.73;3.48;583;256;256;8;248;43.91;3.12
46518;022606;1;Świetlica wiejska 59-500 Jerzmanice-Zdrój 68a;765;144;144;7;137;18.82;4.86;764;325;325;9;316;42.54;2.77
46519;022606;2;Szkoła Podstawowa 59-500 Gierałtowiec 42;1114;161;161;8;153;14.45;4.97;1104;441;441;14;427;39.95;3.17
46520;022606;3;Świetlica wiejska 59-500 Lubiatów 39b;620;81;81;3;78;13.06;3.70;631;198;198;11;187;31.38;5.56
46521;022606;4;Szkoła Podstawowa 59-500 Rokitnica 35;942;231;231;6;225;24.52;2.60;941;483;483;13;470;51.33;2.69
46522;022606;5;Świetlica Wiejska 59-500 Prusice 16;650;108;108;10;98;16.62;9.26;663;239;239;11;228;36.05;4.60
46523;022606;6;Świetlica wiejska 59-500 Wilków 52;634;102;102;5;97;16.09;4.90;616;232;232;12;220;37.66;5.17
46524;022606;7;Świetlica 59-500 Wilków-Osiedle ul. Kochanowskiego 1;966;179;179;7;172;18.53;3.91;937;421;421;12;409;44.93;2.85
46525;026101;1;Budynek przy ulicy Goduszyńskiej 58-500 Jelenia Góra ul. Goduszyńska 11;388;79;79;4;75;20.36;5.06;384;147;147;3;144;38.28;2.04
46526;026101;2;Biuro Wystaw Artystycznych 58-500 Jelenia Góra ul. Długa 1;1689;457;457;12;445;27.06;2.63;1659;866;866;14;852;52.20;1.62
46527;026101;3;Powiatowa Stacja Sanitarno-Epidemiologiczna 58-500 Jelenia Góra ul. Kasprowicza 17;1691;268;268;3;265;15.85;1.12;1638;714;714;7;707;43.59;0.98
46528;026101;4;Zespół Szkół Technicznych „Mechanik” 58-500 Jelenia Góra ul. Obrońców Pokoju 10;1168;183;183;4;179;15.67;2.19;1156;447;447;12;435;38.67;2.68
46529;026101;5;Szkoła Podstawowa Nr 13 58-500 Jelenia Góra ul. P. Skargi 19;1921;418;418;19;399;21.76;4.55;1836;793;793;20;773;43.19;2.52
46530;026101;6;Zespół Szkół Elektronicznych i Gimnazjum Nr 3 58-500 Jelenia Góra ul. Grunwaldzka 64a;1325;261;261;6;255;19.70;2.30;1329;589;589;7;582;44.32;1.19
46531;026101;7;Przychodnia „Jelmed” 58-500 Jelenia Góra ul. Powstańców Śl. 6;1846;371;371;12;359;20.10;3.23;1793;761;761;20;741;42.44;2.63
46532;026101;8;Szkoła Podstawowa Nr 5 58-500 Jelenia Góra ul. Lotnictwa 1;849;150;150;6;144;17.67;4.00;858;338;338;14;324;39.39;4.14
46533;026101;9;Budynek Aeroklubu Jeleniogórskiego 58-500 Jelenia Góra ul. Łomnicka;505;126;126;3;123;24.95;2.38;495;254;254;6;248;51.31;2.36
46534;026101;10;Jeleniogórskie Centrum Kultury 58-500 Jelenia Góra ul. 1 Maja 60;1943;439;439;12;427;22.59;2.73;1896;943;943;35;908;49.74;3.71
46535;026101;11;Teatr im. Cypriana Kamila Norwida 58-500 Jelenia Góra ul. Wojska Polskiego 38;1694;363;363;8;355;21.43;2.20;1628;731;731;13;718;44.90;1.78
46536;026101;12;Ośrodek Zdrowia 58-506 Jelenia Góra ul. Wrocławska 71;852;176;176;7;169;20.66;3.98;857;415;415;10;405;48.42;2.41
46537;026101;13;Wojewódzkie Centrum Szpitalne Kotliny Jeleniogórskiej w Jeleniej Górze 58-506 Jelenia Góra ul. Ogińskiego 6;1259;302;302;15;287;23.99;4.97;1233;605;605;11;594;49.07;1.82
46538;026101;14;Zespół Szkół Ogólnokształcących i Technicznych 58-506 Jelenia Góra Al. Jana Pawła II 25;1349;402;402;13;389;29.80;3.23;1312;710;710;4;706;54.12;0.56
46539;026101;15;Niepubliczne Przedszkole „Kacperek” 58-506 Jelenia Góra ul. Różyckiego 2;1531;423;423;8;415;27.63;1.89;1478;762;762;18;744;51.56;2.36
46540;026101;16;Szkoła Podstawowa Nr 8 58-506 Jelenia Góra ul. Paderewskiego 13;1984;531;531;19;512;26.76;3.58;1911;954;954;10;944;49.92;1.05
46541;026101;17;Gimnazjum Nr 4 58-506 Jelenia Góra ul. Karłowicza 33;2288;643;643;19;624;28.10;2.95;2228;1169;1169;26;1143;52.47;2.22
46542;026101;18;Szkoła Podstawowa Nr 11 58-506 Jelenia Góra ul. Moniuszki 9;2379;694;694;12;682;29.17;1.73;2305;1329;1329;21;1308;57.66;1.58
46543;026101;19;Zakład Ubezpieczeń Społecznych 58-506 Jelenia Góra ul. Sygietyńskiego 10;2163;644;644;12;632;29.77;1.86;2077;1205;1205;16;1189;58.02;1.33
46544;026101;20;Spółdzielnia Mieszkaniowa „Związkowiec” (świetlica) 58-506 Jelenia Góra ul. Kiepury 59;2199;647;647;15;632;29.42;2.32;2177;1297;1297;21;1276;59.58;1.62
46545;026101;21;Urząd Pocztowy Jelenia Góra 14 58-506 Jelenia Góra ul. Sygietyńskiego 8;2110;621;621;22;599;29.43;3.54;2090;1189;1189;19;1170;56.89;1.60
46546;026101;22;Osiedlowy Dom Kultury 58-506 Jelenia Góra ul. Komedy Trzcińskiego 12;1976;596;596;14;582;30.16;2.35;1915;1063;1063;19;1044;55.51;1.79
46547;026101;23;Zespół Szkół Ogólnokształcących i Technicznych 58-506 Jelenia Góra Al. Jana Pawła II 25;1699;382;382;6;376;22.48;1.57;1659;863;863;12;851;52.02;1.39
46548;026101;24;Uniwersytet Ekonomiczny we Wrocławiu Wydział Ekonomii, Zarządzania i Turystyki w Jeleniej Górze 58-500 Jelenia Góra ul. Nowowiejska 3;1655;480;480;8;472;29.00;1.67;1569;819;819;10;809;52.20;1.22
46549;026101;25;Książnica Karkonoska 58-500 Jelenia Góra ul. Bankowa 27;863;191;191;4;187;22.13;2.09;879;370;370;17;353;42.09;4.59
46550;026101;26;Szkoła Podstawowa Nr 10 58-500 Jelenia Góra ul. Morcinka 31;2113;579;579;23;556;27.40;3.97;2055;1104;1104;16;1088;53.72;1.45
46551;026101;27;Siedziba PKS TOUR Sp. z o.o. 58-500 Jelenia Góra ul. Wolności 66;1796;369;370;17;352;20.55;4.61;1742;753;753;24;729;43.23;3.19
46552;026101;28;Pawilon 58-500 Jelenia Góra ul. Nowa 3;1458;439;439;14;425;30.11;3.19;1475;830;830;20;810;56.27;2.41
46553;026101;29;Zespół Szkoły Podstawowej Nr 7 i Gimnazjum Nr 2 58-500 Jelenia Góra ul. Sudecka 53;1808;462;462;16;446;25.55;3.46;1732;810;810;9;801;46.77;1.11
46554;026101;30;Budynek Administracyjny MZK 58-500 Jelenia Góra ul. Wolności 145;1400;300;300;11;289;21.43;3.67;1369;629;629;8;621;45.95;1.27
46555;026101;31;Szkoła Podstawowa Nr 10 58-500 Jelenia Góra ul. Morcinka 31;2187;526;526;12;514;24.05;2.28;2097;1058;1058;10;1048;50.45;0.95
46556;026101;32;Filia Politechniki Wrocławskiej 58-560 Jelenia Góra Pl. Piastowski 27;1247;283;283;10;273;22.69;3.53;1225;565;565;16;549;46.12;2.83
46557;026101;33;Termy Cieplickie Spółka z o.o. 58-560 Jelenia Góra ul. Park Zdrojowy 5;1949;551;551;27;524;28.27;4.90;1894;1012;1012;19;993;53.43;1.88
46558;026101;34;Szkoła Podstawowa Nr 3 58-560 Jelenia Góra ul. PCK 14a;1597;466;466;13;453;29.18;2.79;1588;907;907;10;897;57.12;1.10
46559;026101;35;Miejskie Integracyjne Przedszkole Nr 14 58-560 Jelenia Góra ul. Junaków 2a;2269;582;582;7;575;25.65;1.20;2271;1157;1157;18;1139;50.95;1.56
46560;026101;36;Zespół Szkół Rzemiosł Artystycznych 58-560 Jelenia Góra ul. Cieplicka 34;1858;441;441;9;432;23.74;2.04;1794;895;895;25;870;49.89;2.79
46561;026101;37;Szkoła Podstawowa Nr 6 58-560 Jelenia Góra ul. Cieplicka 74;1831;543;543;15;528;29.66;2.76;1811;971;971;13;958;53.62;1.34
46562;026101;38;Zespół Szkół Ogólnokształcących Nr 2 58-560 Jelenia Góra ul. Gimnazjalna 2;1471;326;326;13;313;22.16;3.99;1421;642;642;11;631;45.18;1.71
46563;026101;39;Miejski Dom Kultury „MUFLON” 58-570 Jelenia Góra ul. Cieplicka 172;2058;524;524;16;508;25.46;3.05;2007;1048;1048;26;1022;52.22;2.48
46564;026101;40;Bursa Potok s.c 58-570 Jelenia Góra ul. Sądowa 9;1321;290;290;14;276;21.95;4.83;1285;619;619;15;604;48.17;2.42
46565;026101;41;Watra Jagniątkowska 58-570 Jelenia Góra ul. Karkonoska 118;560;143;143;14;129;25.54;9.79;561;286;286;5;281;50.98;1.75
90143;026101;42;Zakład Opiekuńczo-Leczniczy o Profilu Rehabilitacyjnym 58-500 Jelenia Góra ul. Żeromskiego 2;80;13;13;0;13;16.25;0.00;76;22;22;1;21;28.95;4.55
90144;026101;43;Wojewódzkie Centrum Szpitalne Kotliny Jeleniogórskiej w Jeleniej Górze 58-506 Jelenia Góra ul. Ogińskiego 6;257;41;41;3;38;15.95;7.32;500;106;106;3;103;21.20;2.83
90145;026101;44;Areszt Śledczy 58-500 Jelenia Góra ul. Grottgera 2;291;87;87;15;72;29.90;17.24;285;149;149;14;135;52.28;9.40
90146;026101;45;Zespół Szpitalno-Sanatoryjny 58-560 Jelenia Góra Pl. Piastowski 38;181;160;160;4;156;88.40;2.50;312;290;290;2;288;92.95;0.69
90147;026101;46;Dom Pomocy Społecznej „Pogodna Jesień” 58-500 Jelenia Góra ul. Leśna 3;87;42;42;6;36;48.28;14.29;87;63;63;2;61;72.41;3.17
46566;026201;1;Zespół Szkół Rolniczych 59-220 Legnica ul. Jaworzyńska 219;2368;486;486;21;465;20.52;4.32;2382;1237;1237;29;1208;51.93;2.34
46567;026201;2;Zespół Szkół Budowlanych 59-220 Legnica ul. Grabskiego 14/22;1633;313;313;8;305;19.17;2.56;1609;744;744;15;729;46.24;2.02
46568;026201;3;Szkoła Podstawowa nr 10 59-220 Legnica ul. Jaworzyńska 47;2008;513;513;5;508;25.55;0.97;1962;968;968;15;953;49.34;1.55
46569;026201;4;Zespół Szkół Elektryczno-Mechanicznych 59-220 Legnica ul. Skarbka 4;1779;385;385;4;381;21.64;1.04;1763;867;867;14;853;49.18;1.61
46570;026201;5;Zespół Szkół Ekonomicznych 59-220 Legnica Plac Słowiański 5;1786;391;391;10;381;21.89;2.56;1721;781;781;21;760;45.38;2.69
46571;026201;6;Młodzieżowe Centrum Kultury 59-220 Legnica ul. Mickiewicza 3;1469;305;305;11;294;20.76;3.61;1465;650;650;15;635;44.37;2.31
46572;026201;7;Szkoła Podstawowa Nr 19 59-220 Legnica Al. Rzeczypospolitej 129;2313;629;629;15;614;27.19;2.38;2279;1310;1310;23;1287;57.48;1.76
46573;026201;8;Sala gimnastyczna Szkoły Podstawowej Nr 6 59-220 Legnica Aleja Piłsudskiego (wejście od podwórka) 3;1952;477;477;11;466;24.44;2.31;1900;977;977;16;961;51.42;1.64
46574;026201;9;Klub Seniora 59-220 Legnica ul. Moniuszki 9;1934;339;339;7;332;17.53;2.06;1865;798;798;13;785;42.79;1.63
46575;026201;10;Szkoła Podstawowa Nr 1 59-220 Legnica ul. Kamienna 20a;1297;195;195;7;188;15.03;3.59;1267;470;470;11;459;37.10;2.34
46576;026201;11;Sala gimnastyczna Szkoły Podstawowej Nr 1 59-220 Legnica ul. Kamienna 20a;1469;169;169;11;158;11.50;6.51;1457;415;415;6;409;28.48;1.45
46577;026201;12;Świetlica Terapeutyczna Nr 1 59-220 Legnica ul. Bracka 16;1937;243;243;11;232;12.55;4.53;1894;643;643;17;626;33.95;2.64
46578;026201;13;Sala gimnastyczna Szkoły Podstawowej Nr 7 59-220 Legnica ul. Polarna 1;2029;372;372;5;367;18.33;1.34;2000;969;969;16;953;48.45;1.65
46579;026201;14;Przedszkole Niepubliczne „Tęczowy Zakątek” 59-220 Legnica ul. Witkiewicza 4;2003;544;544;20;524;27.16;3.68;1902;1076;1076;21;1055;56.57;1.95
46580;026201;15;Zespół Szkół Integracyjnych 59-220 Legnica ul. Wierzyńskiego (wejście główne) 1;1675;406;406;6;400;24.24;1.48;1652;887;887;14;873;53.69;1.58
46581;026201;16;Zespół Szkół Integracyjnych 59-220 Legnica ul. Wierzyńskiego (wejście od ul. Gałczyńskiego) 1;1842;517;517;10;507;28.07;1.93;1765;1032;1032;18;1014;58.47;1.74
46582;026201;17;Zespół Szkół Integracyjnych 59-220 Legnica ul. Wierzyńskiego (wejście od Al. Piłsudskiego) 1;1774;482;482;9;473;27.17;1.87;1807;1044;1044;14;1030;57.78;1.34
46583;026201;18;Miejskie Przedszkole Nr 18 59-220 Legnica ul. Staffa 6;1998;540;540;15;525;27.03;2.78;2052;1263;1263;13;1250;61.55;1.03
46584;026201;19;Sala konferencyjna Spółdzielni Mieszkaniowej „PIEKARY” 59-220 Legnica ul. Bieszczadzka 1a;1703;410;410;16;394;24.08;3.90;1661;895;895;21;874;53.88;2.35
46585;026201;20;Szkoła Podstawowa Nr 16 59-220 Legnica ul. Tatrzańska 9;1649;454;454;8;446;27.53;1.76;1616;929;929;8;921;57.49;0.86
46586;026201;21;Zespół Szkół Ogólnokształcących Nr 3 59-220 Legnica ul. Mazowiecka 3;1783;476;476;9;467;26.70;1.89;1699;925;925;15;910;54.44;1.62
46587;026201;22;Sala Gimnastyczna Zespołu Szkół Ogólnokształcących Nr 3 59-220 Legnica ul.Mazowiecka (wejście od ul.Kujawskiej-k/basenu) 3;1751;418;418;13;405;23.87;3.11;1669;892;892;12;880;53.45;1.35
46588;026201;23;Szkoła Podstawowa Nr 7 59-220 Legnica ul. Polarna 1;1493;364;364;5;359;24.38;1.37;1452;772;772;8;764;53.17;1.04
46589;026201;24;Spółdzielczy Dom Kultury „Kopernik” 59-220 Legnica ul. Koziorożca 9;1904;522;522;12;510;27.42;2.30;1860;1068;1068;15;1053;57.42;1.40
46590;026201;25;Sala Konferencyjna Legnickiej Spółdzielni Mieszkaniowej 59-220 Legnica ul. Gwiezdna 8;1284;344;344;11;333;26.79;3.20;1279;693;693;18;675;54.18;2.60
46591;026201;26;Miejskie Przedszkole Nr 6 59-220 Legnica ul. Andromedy 14;1711;484;484;12;472;28.29;2.48;1668;962;962;12;950;57.67;1.25
46592;026201;27;Miejskie Przedszkole Nr 13 59-220 Legnica ul. Wielkiej Niedźwiedzicy 14a;1326;433;433;17;416;32.65;3.93;1307;781;781;16;765;59.76;2.05
46593;026201;28;Zespół Szkół Ogólnokształcących Nr 2 59-220 Legnica ul. Radosna 17;2031;637;637;5;632;31.36;0.78;2012;1253;1253;19;1234;62.28;1.52
46594;026201;29;Szkoła Podstawowa Nr 6 59-220 Legnica Al. Piłsudskiego 3;1452;423;423;12;411;29.13;2.84;1409;805;805;6;799;57.13;0.75
46595;026201;30;I Liceum Ogólnokształcące 59-220 Legnica Plac Klasztorny 7;1084;178;178;3;175;16.42;1.69;1061;425;425;6;419;40.06;1.41
46596;026201;31;II Liceum Ogólnokształcące 59-220 Legnica ul. Zielona 17;1473;251;251;1;250;17.04;0.40;1403;572;572;13;559;40.77;2.27
46597;026201;32;Wejście „A” 59-220 Legnica Plac Zamkowy 1;942;160;160;7;153;16.99;4.38;912;365;365;9;356;40.02;2.47
46598;026201;33;Urząd Stanu Cywilnego 59-220 Legnica ul. Chojnowska (poczekalnia Sali Ślubów) 2;1235;346;346;6;340;28.02;1.73;1215;682;682;14;668;56.13;2.05
46599;026201;34;Sala Gimnastyczna Zespołu Placówek Specjalnych 59-220 Legnica ul. Rycerska 13;817;254;254;4;250;31.09;1.57;854;491;491;3;488;57.49;0.61
46600;026201;35;Szkoła Podstawowa Nr 4 59-220 Legnica ul. Piastowska 3;1199;226;226;8;218;18.85;3.54;1164;506;506;16;490;43.47;3.16
46601;026201;36;Hala Sportowa 59-220 Legnica ul. Głogowska 16;2013;294;294;11;283;14.61;3.74;1951;748;748;32;716;38.34;4.28
46602;026201;37;Zespół Szkół Samochodowych 59-220 Legnica ul. Słubicka 7;2334;623;623;15;608;26.69;2.41;2319;1293;1293;26;1267;55.76;2.01
46603;026201;38;V Liceum Ogólnokształcące 59-220 Legnica ul. Senatorska 32;1668;275;275;9;266;16.49;3.27;1636;608;608;20;588;37.16;3.29
46604;026201;39;Sala gimnastyczna Szkoły Podstawowej Nr 4 59-220 Legnica ul. Piastowska 3;1577;204;204;11;193;12.94;5.39;1546;607;607;22;585;39.26;3.62
46605;026201;40;Miejskie Przedszkole Nr 16 59-220 Legnica ul. Żwirki i Wigury 32;1726;341;341;13;328;19.76;3.81;1704;730;730;25;705;42.84;3.42
46606;026201;41;Politechnika Wrocławska ZOD 59-220 Legnica ul. Stefana Batorego 9;1750;409;409;11;398;23.37;2.69;1686;854;854;14;840;50.65;1.64
46607;026201;42;Filia Szkoły Podstawowej Nr 9 59-220 Legnica ul. Krzemieniecka 1;1381;298;298;11;287;21.58;3.69;1369;743;743;24;719;54.27;3.23
46608;026201;43;Hala Sportowa 59-220 Legnica ul. Sejmowa 3a;1853;333;333;18;315;17.97;5.41;1810;769;769;15;754;42.49;1.95
46609;026201;44;MOPS Ośrodek Interwencji Kryzysowej 59-220 Legnica ul. Okrzei 9;1850;385;385;8;377;20.81;2.08;1782;839;839;8;831;47.08;0.95
46610;026201;45;Centrum Kształcenia Zawodowego i Ustawicznego 59-220 Legnica ul. Lotnicza 26;1620;457;457;10;447;28.21;2.19;1575;859;859;11;848;54.54;1.28
46611;026201;46;Szkoła Podstawowa Nr 9 59-220 Legnica ul. Marynarska 31;2023;567;567;13;554;28.03;2.29;1995;1229;1229;10;1219;61.60;0.81
46612;026201;47;Zespół Szkół Technicznych i Ogólnokształcących 59-220 Legnica ul. Złotoryjska 144;2077;530;530;9;521;25.52;1.70;2134;1171;1171;29;1142;54.87;2.48
90148;026201;48;Wojewódzki Szpital Specjalistyczny 59-220 Legnica Iwaszkiewicza 5;294;53;53;0;53;18.03;0.00;314;89;89;2;87;28.34;2.25
90149;026201;49;Dom Pomocy Społecznej dla Dorosłych 59-220 Legnica Grabskiego 11;55;9;9;0;9;16.36;0.00;52;16;16;1;15;30.77;6.25
46613;026401;1;Szkoła Podstawowa nr 63 50-057 Wrocław ul. Mennicza 21-23;1626;507;507;12;495;31.18;2.37;1624;912;912;10;902;56.16;1.10
46614;026401;2;Budynek Uniwersytetu Wrocławskiego 50-138 Wrocław ul. Kuźnicza 49/55;1710;594;594;12;582;34.74;2.02;1833;1096;1096;15;1081;59.79;1.37
46615;026401;3;Gimnazjum nr 29 50-153 Wrocław ul. Księdza Kraińskiego 1;1219;462;462;15;447;37.90;3.25;1245;791;791;23;768;63.53;2.91
46616;026401;4;Przedszkole nr 65 50-147 Wrocław ul. Nożownicza 35a;1563;519;519;6;513;33.21;1.16;1558;875;875;17;858;56.16;1.94
46617;026401;5;BWA Galerie Sztuki Współczesnej 50-149 Wrocław ul. Wita Stwosza 32;1554;440;440;13;427;28.31;2.95;1475;915;915;1;914;62.03;0.11
46618;026401;6;Muzeum Militariów-Arsenał 50-136 Wrocław ul. Cieszyńskiego 9;1126;342;342;11;331;30.37;3.22;1114;613;613;10;603;55.03;1.63
46619;026401;7;Szkoła Podstawowa nr 84 50-327 Wrocław ul. Świętokrzyska 47;783;312;312;4;308;39.85;1.28;791;516;516;3;513;65.23;0.58
46620;026401;8;Zespół Szkół nr 7 53-604 Wrocław ul. Pawłowa 15;2182;778;778;10;768;35.66;1.29;2042;1295;1295;15;1280;63.42;1.16
46621;026401;9;Liceum Ogólnokształcące nr XVII 53-603 Wrocław ul. Tęczowa 60;1410;472;472;5;467;33.48;1.06;1395;856;856;8;848;61.36;0.93
46622;026401;10;Liceum Ogólnokształcące nr XVII 53-603 Wrocław ul. Tęczowa 60;1609;382;382;10;372;23.74;2.62;1550;773;773;6;767;49.87;0.78
46623;026401;11;Zespół Szkół nr 7 (Szkoła Podstawowa nr 97) 53-509 Wrocław ul. Prosta 16;1538;533;533;8;525;34.66;1.50;1480;869;869;7;862;58.72;0.81
46624;026401;12;Zespół Szkolno-Przedszkolny nr 13 50-035 Wrocław pl. Muzealny 20;1635;546;546;13;533;33.39;2.38;1580;923;923;11;912;58.42;1.19
46625;026401;13;Klub Muzyki i Literatury 50-028 Wrocław pl. Kościuszki 10;1961;595;595;10;585;30.34;1.68;1901;1070;1070;15;1055;56.29;1.40
46626;026401;14;Gimnazjum nr 14 50-002 Wrocław ul. Kołłątaja 1-6;1992;632;632;13;619;31.73;2.06;2053;1127;1130;16;1111;54.90;1.42
46627;026401;15;Szkoła Podstawowa nr 71 50-039 Wrocław ul. Podwale 57;1298;434;434;5;429;33.44;1.15;1300;750;750;19;731;57.69;2.53
46628;026401;16;Szkoła Podstawowa Nr 68 53-446 Wrocław ul. Szczęśliwa 28;1665;515;515;7;508;30.93;1.36;1628;936;936;13;923;57.49;1.39
46629;026401;17;Szkoła Podstawowa Nr 68 53-446 Wrocław ul. Szczęśliwa 28;2016;518;518;13;505;25.69;2.51;1985;1025;1025;11;1014;51.64;1.07
46630;026401;18;Szkoła Podstawowa Nr 68 53-446 Wrocław ul. Szczęśliwa 28;1642;466;466;11;455;28.38;2.36;1625;900;900;15;885;55.38;1.67
46631;026401;19;Gimnajzum Nr 16 53-426 Wrocław ul. Jemiołowa 57;1624;423;423;15;408;26.05;3.55;1585;817;817;16;801;51.55;1.96
46632;026401;20;Zespół Szkół Nr 11 53-424 Wrocław ul. Grochowa 36-38;1981;525;525;7;518;26.50;1.33;1968;1102;1102;14;1088;56.00;1.27
46633;026401;21;Zespół Szkół Nr 11 53-424 Wrocław ul. Grochowa 36-38;1988;632;632;11;621;31.79;1.74;1968;1172;1172;12;1160;59.55;1.02
46634;026401;22;Gimnazjum Nr 16 53-426 Wrocław ul. Jemiołowa 57;2012;714;714;16;698;35.49;2.24;1934;1157;1157;13;1144;59.82;1.12
46635;026401;23;Zespół Szkół Ogólnokształcących Nr 5 53-423 Wrocław ul. Grochowa 13;1320;415;415;13;402;31.44;3.13;1303;758;758;15;743;58.17;1.98
46636;026401;24;Zespół Szkół Nr 11 53-424 Wrocław ul. Grochowa 36-38;2213;713;713;12;701;32.22;1.68;2186;1323;1323;19;1304;60.52;1.44
46637;026401;25;Przedszkole Nr 141 53-325 Wrocław al. Generała Hallera 77a;2108;753;753;9;744;35.72;1.20;2039;1236;1236;15;1221;60.62;1.21
46638;026401;26;Liceum Ogólnokształcące Nr VII 53-410 Wrocław ul. Krucza 49;1643;522;522;11;511;31.77;2.11;1609;911;911;12;899;56.62;1.32
46639;026401;27;Liceum Ogólnokształcące Nr VII 53-410 Wrocław ul. Krucza 49;2016;762;762;9;753;37.80;1.18;1927;1260;1260;15;1245;65.39;1.19
46640;026401;28;Gimnazjum nr 6 53-232 Wrocław al. Pracy 24;1599;561;561;13;548;35.08;2.32;1561;931;931;16;915;59.64;1.72
46641;026401;29;Szkoła Podstawowa nr 109 53-230 Wrocław ul. Inżynierska 54;1781;561;561;8;553;31.50;1.43;1724;1104;1104;15;1089;64.04;1.36
46642;026401;30;Szkoła Podstawowa nr 109 53-230 Wrocław ul. Inżynierska 54;2069;735;735;15;720;35.52;2.04;2017;1267;1267;15;1252;62.82;1.18
46643;026401;31;Przychodnia Specjalistyczno- Rehabilitacyjna „PULSANTIS” Sp. z o.o. 53-238 Wrocław ul. Ostrowskiego 3;2047;646;646;15;631;31.56;2.32;1991;1141;1141;11;1130;57.31;0.96
46644;026401;32;Szkoła Podstawowa Nr 82 53-206 Wrocław ul. Blacharska 13;1901;730;730;5;725;38.40;0.68;1942;1324;1324;7;1317;68.18;0.53
46645;026401;33;Szkoła Podstawowa Nr 82 53-206 Wrocław ul. Blacharska 13;2053;997;997;13;984;48.56;1.30;2115;1620;1620;49;1571;76.60;3.02
46646;026401;34;Ogólnokształcąca Szkoła Muzyczna 50-220 Wrocław ul. Łowiecka 13/17;1376;283;283;7;276;20.57;2.47;1336;576;576;10;566;43.11;1.74
46647;026401;35;Ogólnokształcąca Szkoła Muzyczna 50-220 Wrocław ul. Łowiecka 13/17;1727;313;313;6;307;18.12;1.92;1626;630;630;14;616;38.75;2.22
46648;026401;36;Rada Osiedla Nadodrze 50-248 Wrocław ul. Rydygiera 43;1939;471;471;15;456;24.29;3.18;1905;923;923;18;905;48.45;1.95
46649;026401;37;Gimnazjum nr 4 50-247 Wrocław ul. Paulińska 14;1879;489;489;12;477;26.02;2.45;1833;917;917;13;904;50.03;1.42
46650;026401;38;Szkoła Podstawowa nr 108 50-254 Wrocław ul. Bolesława Chrobrego 3;2063;502;502;15;487;24.33;2.99;1968;982;982;14;968;49.90;1.43
46651;026401;39;Szkoła Podstawowa nr 108 50-254 Wrocław ul. Bolesława Chrobrego 3;1230;256;256;8;248;20.81;3.12;1210;583;583;13;570;48.18;2.23
46652;026401;40;Zespół Szkolno-Przedszkolny nr 8 50-209 Wrocław ul. Składowa 2-4;1885;363;363;13;350;19.26;3.58;1852;776;776;15;761;41.90;1.93
46653;026401;41;Zespół Szkolno-Przedszkolny nr 8 50-209 Wrocław ul. Składowa 2-4;1515;342;342;15;327;22.57;4.39;1471;689;689;13;676;46.84;1.89
46654;026401;42;Niepubliczny Zakład Opieki Zdrowotnej 50-204 Wrocław pl. Maxa Borna 1/3;1924;449;449;6;443;23.34;1.34;1934;927;928;15;912;47.93;1.62
46655;026401;43;Szkoła Podstawowa nr 93 50-238 Wrocław ul. Niemcewicza 29-31;2260;509;509;16;493;22.52;3.14;2204;1051;1051;19;1032;47.69;1.81
46656;026401;44;Klub „Iskierka” 50-238 Wrocław ul. Niemcewicza 27;1991;454;454;10;444;22.80;2.20;1937;961;961;21;940;49.61;2.19
46657;026401;45;Publiczne Przedszkole „Leonardo” 50-236 Wrocław ul. Roosevelta 15;1797;395;395;12;383;21.98;3.04;1779;845;845;12;833;47.50;1.42
46658;026401;46;Szkoła Podstawowa nr 74 50-227 Wrocław ul. Kleczkowska 2;1988;546;546;7;539;27.46;1.28;2137;1212;1212;35;1177;56.72;2.89
46659;026401;47;Szkoła Podstawowa nr 74 50-227 Wrocław ul. Kleczkowska 2;1561;371;371;9;362;23.77;2.43;1499;708;708;28;680;47.23;3.95
46660;026401;48;Szkoła Podstawowa Nr 74 50-227 Wrocław ul. Kleczkowska 2;1588;312;312;6;306;19.65;1.92;1532;657;657;16;641;42.89;2.44
46661;026401;49;Siedziba Rady Osiedla Ołbin 50-001 Wrocław ul. Na Szańcach 14;963;343;343;8;335;35.62;2.33;938;571;571;4;567;60.87;0.70
46662;026401;50;Liceum Ogólnokształcące nr 1 50-326 Wrocław ul. Ks. J. Poniatowskiego 9;2015;515;515;8;507;25.56;1.55;1952;959;959;7;952;49.13;0.73
46663;026401;51;Gimnazjum nr 8 50-525 Wrocław ul. Jedności Narodowej 112;2169;543;543;18;525;25.03;3.31;2104;1113;1113;18;1095;52.90;1.62
46664;026401;52;Gimnazjum nr 15 50-301 Wrocław ul. Jedności Narodowej 117;1955;443;443;4;439;22.66;0.90;1904;951;951;16;935;49.95;1.68
46665;026401;53;Gimnazjum nr 15 50-301 Wrocław ul. Jedności Narodowej 117;1834;434;434;8;426;23.66;1.84;1820;894;894;10;884;49.12;1.12
46666;026401;54;Szkoła Podstawowa Nr 78 50-303 Wrocław ul. Jedności Narodowej 195;1961;700;700;26;674;35.70;3.71;1901;1126;1126;13;1113;59.23;1.15
46667;026401;55;Szkoła Podstawowa Nr 78 50-303 Wrocław ul. Jedności Narodowej 195;1906;610;610;12;598;32.00;1.97;1855;1056;1056;16;1040;56.93;1.52
46668;026401;56;Szkoła Podstawowa Nr 78 50-303 Wrocław ul. Jedności Narodowej 195;1598;626;626;6;620;39.17;0.96;1627;1068;1068;14;1054;65.64;1.31
46669;026401;57;Szkoła Podstawowa nr 1 50-315 Wrocław ul. Nowowiejska 78;1985;474;474;13;461;23.88;2.74;1920;977;977;8;969;50.89;0.82
46670;026401;58;Przedszkole nr 55 50-315 Wrocław ul. Nowowiejska 36;1484;413;413;10;403;27.83;2.42;1475;807;807;10;797;54.71;1.24
46671;026401;59;Szkoła Podstawowa nr 1 50-315 Wrocław ul. Nowowiejska 78;956;255;255;5;250;26.67;1.96;956;552;552;7;545;57.74;1.27
46672;026401;60;Szkoła Podstawowa nr 1 50-315 Wrocław ul. Nowowiejska 78;1958;519;519;20;499;26.51;3.85;1913;998;998;11;987;52.17;1.10
46673;026401;61;Szkoła Podstawowa nr 107 50-318 Wrocław ul. B. Prusa 64;2020;547;547;14;533;27.08;2.56;1999;1060;1060;23;1037;53.03;2.17
46674;026401;62;Szkoła Podstawowa nr 107 50-318 Wrocław ul. B. Prusa 64;2117;562;562;16;546;26.55;2.85;2065;1036;1036;26;1010;50.17;2.51
46675;026401;63;Przedszkole nr 74 „Mały Piekarczyk” 50-338 Wrocław ul. Krzywa 3;1901;587;588;16;571;30.88;2.73;1833;1019;1019;6;1013;55.59;0.59
46676;026401;64;Przedszkole nr 109 50-315 Wrocław ul. Nowowiejska 80a;1885;608;608;12;596;32.25;1.97;1935;1147;1147;11;1136;59.28;0.96
46677;026401;65;Dolnośląski Oddział Okręgowy Polskiego Czerwonego Krzyża 50-345 Wrocław ul. Bujwida 34;1798;623;623;20;603;34.65;3.21;1792;1104;1104;15;1089;61.61;1.36
46678;026401;66;Rada Osiedla Plac Grunwaldzki 51-351 Wrocław ul. Sępa Szarzyńskiego 51;1839;489;489;12;477;26.59;2.45;1806;942;942;16;926;52.16;1.70
46679;026401;67;Gimnazjum nr 13 50-354 Wrocław ul. Mikołaja Reja 3;2203;785;785;12;773;35.63;1.53;2208;1292;1292;23;1269;58.51;1.78
46680;026401;68;Szkoła Podstawowa nr 12 50-372 Wrocław ul. Janiszewskiego 14;2138;761;761;6;755;35.59;0.79;2120;1247;1247;28;1219;58.82;2.25
46681;026401;69;Szkoła Podstawowa nr 12 50-372 Wrocław ul. Janiszewskiego 14;2024;722;722;11;711;35.67;1.52;1992;1179;1179;14;1165;59.19;1.19
46682;026401;70;Dom Studencki „Parawanowiec” 50-363 Wrocław pl. Grunwaldzki 28;1859;667;667;9;658;35.88;1.35;1894;1176;1176;20;1156;62.09;1.70
46683;026401;71;Dom Studencki „Dwudziestolatka” 50-359 Wrocław ul. Piastowska 1;2122;590;590;12;578;27.80;2.03;2093;1085;1085;10;1075;51.84;0.92
46684;026401;72;Zespół Szkół nr 15 51-609 Wrocław ul. Chopina 9 b;1582;743;743;8;735;46.97;1.08;1560;1110;1110;9;1101;71.15;0.81
46685;026401;73;Zespół Szkół nr 15 51-609 Wrocław ul. Chopina 9 b;1139;531;531;7;524;46.62;1.32;1222;815;815;1;814;66.69;0.12
46686;026401;74;Zespół Szkół nr 22 51-616 Wrocław ul. Parkowa 18-26;596;240;240;4;236;40.27;1.67;585;386;386;4;382;65.98;1.04
46687;026401;75;Zespół Szkół nr 9 51-690 Wrocław ul. Krajewskiego 1;1891;731;732;14;717;38.66;1.92;1818;1210;1210;13;1197;66.56;1.07
46688;026401;76;Gimnazjum nr 19 51-670 Wrocław ul. Dembowskiego 39;1644;586;586;9;577;35.64;1.54;1600;1015;1015;11;1004;63.44;1.08
46689;026401;77;Zespół Szkół nr 9 51-690 Wrocław ul. Krajewskiego 1;1461;570;570;15;555;39.01;2.63;1510;943;943;4;939;62.45;0.42
46690;026401;78;Zespół Szkół nr 9 51-690 Wrocław ul. Krajewskiego 1;1941;705;705;6;699;36.32;0.85;1874;1177;1178;13;1164;62.81;1.10
46691;026401;79;Dom Studencki „Arka” 51-642 Wrocław ul. Olszewskiego 25;2315;1060;1060;14;1046;45.79;1.32;2547;1829;1829;8;1821;71.81;0.44
46692;026401;80;Gimnazjum nr 20 51-651 Wrocław ul. Pautscha 9;2195;1036;1036;9;1027;47.20;0.87;2103;1492;1492;9;1483;70.95;0.60
46693;026401;81;Zespół Szkół nr 19 51-662 Wrocław ul. Spółdzielcza 2a;1431;596;596;8;588;41.65;1.34;1304;864;864;7;857;66.26;0.81
46694;026401;82;Szkoła Podstawowa nr 91 51-661 Wrocław ul. Sempołowskiej 54;2210;984;984;18;966;44.52;1.83;2155;1537;1537;20;1517;71.32;1.30
46695;026401;83;Szkoła Podstawowa nr 91 51-661 Wrocław ul. Sempołowskiej 54;1574;714;714;17;697;45.36;2.38;1636;1083;1083;9;1074;66.20;0.83
46696;026401;84;Straż Miejska Wrocławia 51-651 Wrocław ul. Pautscha 4;1536;658;658;7;651;42.84;1.06;1461;993;996;7;986;67.97;0.70
46697;026401;85;Sportowa Szkoła Podstawowa Nr 72 53-335 Wrocław ul. Trwała 17-19;1948;777;777;6;771;39.89;0.77;1894;1264;1264;9;1255;66.74;0.71
46698;026401;86;Gimnazjum nr 17 53-312 Wrocław ul. Ślężna 2-24;1858;780;780;11;769;41.98;1.41;1817;1246;1246;3;1243;68.57;0.24
46699;026401;87;Gimnazjum nr 17 53-312 Wrocław ul. Ślężna 2-24;1605;612;612;16;596;38.13;2.61;1578;1050;1050;9;1041;66.54;0.86
46700;026401;88;Szkoła Podstawowa nr 30 53-330 Wrocław ul. Zaporoska 28;2081;860;860;11;849;41.33;1.28;2020;1385;1385;10;1375;68.56;0.72
46701;026401;89;Centrum Kształcenia Ustawicznego Budynek C 53-335 Wrocław ul. Swobodna 73;2019;758;758;7;751;37.54;0.92;2030;1348;1348;17;1331;66.40;1.26
46702;026401;90;Centrum Kształcenia Ustawicznego Budynek B 53-553 Wrocław ul. Swobodna 73;1349;536;536;11;525;39.73;2.05;1316;804;804;13;791;61.09;1.62
46703;026401;91;Sportowa Szkoła Podstawowa nr 72 53-330 Wrocław ul. Trwała 17-19;1955;859;859;22;837;43.94;2.56;2007;1330;1330;8;1322;66.27;0.60
46704;026401;92;Zespół Szkół Ekonomicznych 53-320 Wrocław ul. Drukarska 50;1862;777;777;19;758;41.73;2.45;1821;1201;1201;15;1186;65.95;1.25
46705;026401;93;Zespół Szkół Ekonomicznych 53-320 Wrocław ul. Drukarska 50;1758;786;786;8;778;44.71;1.02;1720;1229;1229;19;1210;71.45;1.55
46706;026401;94;Gimnazjum nr 30 50-552 Wrocław ul. Jantarowa 5;1472;481;481;19;462;32.68;3.95;1457;851;851;11;840;58.41;1.29
46707;026401;95;Gimnazjum nr 30 53-320 Wrocław ul. Jantarowa 5;1612;532;532;18;514;33.00;3.38;1522;925;925;14;911;60.78;1.51
46708;026401;96;Liceum Ogólnokształcące nr VIII 53-320 Wrocław ul. Zaporoska 71;1556;463;463;9;454;29.76;1.94;1528;812;812;11;801;53.14;1.35
46709;026401;97;Liceum Ogólnokształcące nr VIII 50-540 Wrocław ul. Zaporoska 71;1421;361;361;5;356;25.40;1.39;1371;664;664;8;656;48.43;1.20
46710;026401;98;Szkoła Podstawowa nr 76 50-540 Wrocław ul. Wandy 13;1566;637;637;6;631;40.68;0.94;1542;954;954;15;939;61.87;1.57
46711;026401;99;Szkoła Podstawowa nr 76 50-540 Wrocław ul. Wandy 13;1593;549;549;8;541;34.46;1.46;1543;936;936;5;931;60.66;0.53
46712;026401;100;Gimnazjum nr 23 50-540 Wrocław ul. Jastrzębia 26;1997;854;854;10;844;42.76;1.17;1939;1307;1307;24;1283;67.41;1.84
46713;026401;101;Gimnazjum nr 23 50-540 Wrocław ul. Jastrzębia 26;1934;800;800;11;789;41.37;1.38;1907;1285;1285;6;1279;67.38;0.47
46714;026401;102;Przedszkole nr 61 53-148 Wrocław ul. Gajowicka 199;1435;566;566;6;560;39.44;1.06;1389;898;898;5;893;64.65;0.56
46715;026401;103;Zespół Szkół nr 4 53-148 Wrocław ul. Powstańców Śl. 210-218;1968;767;767;20;747;38.97;2.61;1884;1175;1175;10;1165;62.37;0.85
46716;026401;104;Dolnośląski Zakład Doskonalenia Zawodowego Zespół Szkół 53-148 Wrocław al. Wiśniowa 81;2224;857;857;6;851;38.53;0.70;2292;1511;1511;10;1501;65.92;0.66
46717;026401;105;Szkoła Podstawowa nr 47 53-128 Wrocław ul. Januszowicka 35-37;1760;773;773;12;761;43.92;1.55;1743;1166;1166;13;1153;66.90;1.11
46718;026401;106;Ośrodek Postaw Twórczych 53-129 Wrocław ul. Działkowa 15;2078;795;795;10;785;38.26;1.26;2102;1448;1448;6;1442;68.89;0.41
46719;026401;107;Ośrodek Postaw Twórczych 50-124 Wrocław ul. Działkowa 15;1932;760;760;14;746;39.34;1.84;1986;1385;1385;14;1371;69.74;1.01
46720;026401;108;Komenda Wojewódzka Państwowej Straży Pożarnej 50-224 Wrocław ul. Borowska 138;2134;792;793;19;773;37.11;2.40;2046;1380;1380;8;1372;67.45;0.58
46721;026401;109;Szkoła Podstawowa Nr 90 50-249 Wrocław ul. Orzechowa 62;2230;683;683;9;674;30.63;1.32;2158;1362;1362;9;1353;63.11;0.66
46722;026401;110;Szkoła Podstawowa nr 90 50-540 Wrocław ul. Orzechowa 62;2060;591;591;5;586;28.69;0.85;2250;1265;1265;15;1250;56.22;1.19
46723;026401;111;Szkoła Podstawowa nr 90 50-540 Wrocław ul. Orzechowa 62;2319;905;905;12;893;39.03;1.33;2157;1553;1553;13;1540;72.00;0.84
46724;026401;112;Szkoła Podstawowa nr 90 50-540 Wrocław ul. Orzechowa 62;2061;731;731;12;719;35.47;1.64;2024;1345;1345;10;1335;66.45;0.74
46725;026401;113;Ośrodek Szkolenia Zawodowego we Wrocławiu 50-540 Wrocław ul. Orzechowa 2;2014;659;659;23;636;32.72;3.49;1943;1265;1265;22;1243;65.11;1.74
46726;026401;114;Szkoła Podstawowa nr 73 50-524 Wrocław ul. Gliniana 30;1990;639;639;16;623;32.11;2.50;1939;1207;1207;11;1196;62.25;0.91
46727;026401;115;Szkoła Podstawowa nr 73 50-525 Wrocław ul. Gliniana 30;1689;513;513;9;504;30.37;1.75;1687;938;938;13;925;55.60;1.39
46728;026401;116;Zespół Szkół nr 23 50-527 Wrocław ul. Dawida 9-11;1935;630;630;15;615;32.56;2.38;1969;1204;1204;20;1184;61.15;1.66
46729;026401;117;Przedszkole nr 119 „Zielona Łąka” 50-521 Wrocław ul. Łódzka 23;1738;572;572;20;552;32.91;3.50;1695;984;984;8;976;58.05;0.81
46730;026401;118;Zespół Szkolno-Przedszkolny nr 17 50-550 Wrocław ul. Wieczysta 105;1648;537;537;13;524;32.58;2.42;1597;915;915;10;905;57.29;1.09
46731;026401;119;Zespół Szkół nr 23 50-525 Wrocław ul. Dawida 9-11;1807;536;536;15;521;29.66;2.80;1819;977;977;13;964;53.71;1.33
46732;026401;120;Gimnazjum nr 21 50-518 Wrocław ul. Świętego Jerzego 4;2065;655;655;18;637;31.72;2.75;2024;1152;1152;14;1138;56.92;1.22
46733;026401;121;Gimnazjum nr 21 50-518 Wrocław ul. Świętego Jerzego 4;1810;599;599;19;580;33.09;3.17;1728;1056;1056;10;1046;61.11;0.95
46734;026401;122;Zespół Szkół nr 2 50-551 Wrocław ul. Borowska 105;1941;659;659;15;644;33.95;2.28;1916;1232;1232;25;1207;64.30;2.03
46735;026401;123;Zespół Szkolno-Przedszkolny nr 17 50-550 Wrocław ul. Wieczysta 105;1954;670;670;15;655;34.29;2.24;1936;1185;1185;16;1169;61.21;1.35
46736;026401;124;Szkoła Podstawowa nr 9 50-505 Wrocław ul. Nyska 66;2223;678;678;22;656;30.50;3.24;1897;1144;1144;6;1138;60.31;0.52
46737;026401;125;Wrocławskie Mieszkania Sp. z o.o. BOK nr 6 50-513 Wrocław ul. Gazowa 20;2419;743;743;5;738;30.72;0.67;1674;1122;1122;10;1112;67.03;0.89
46738;026401;126;Szkoła Podstawowa nr 96 50-425 Wrocław ul. Krakowska 2;1663;450;450;4;446;27.06;0.89;1636;1042;1042;14;1028;63.69;1.34
46739;026401;127;Przedszkole Integracyjne nr 12 50-432 Wrocław ul. Zgodna 10-14;1655;434;434;18;416;26.22;4.15;1649;845;845;14;831;51.24;1.66
46740;026401;128;Gimnazjum nr 3 50-430 Wrocław ul. Świstackiego 12a;1890;369;369;10;359;19.52;2.71;1653;862;862;8;854;52.15;0.93
46741;026401;129;Liceum Ogólnokształcące nr IV 50-430 Wrocław ul. Świstackiego 12-14;2171;510;510;15;495;23.49;2.94;1962;857;857;16;841;43.68;1.87
46742;026401;130;Przedszkole nr 35 „Tęczowy Domek” 50-446 Wrocław ul. Generała Pułaskiego 20a;1930;413;413;21;392;21.40;5.08;2157;1032;1032;20;1012;47.84;1.94
46743;026401;131;Muzeum Etnograficzne 50-419 Wrocław ul. Traugutta 111/113;1899;431;431;8;423;22.70;1.86;1977;967;967;7;960;48.91;0.72
46744;026401;132;Szkoła Podstawowa nr 2 50-441 Wrocław ul. Komuny Paryskiej 36-38;1200;286;286;3;283;23.83;1.05;1921;897;897;9;888;46.69;1.00
46745;026401;133;Szermiercza Sportowa Szkoła Podstawowa nr 85 50-416 Wrocław ul. Traugutta 37;1497;414;414;5;409;27.66;1.21;1222;649;649;4;645;53.11;0.62
46746;026401;134;Zespół Szkół nr 5 50-447 Wrocław ul. Generała Haukego-Bosaka 33-37;1734;384;384;8;376;22.15;2.08;1469;802;802;13;789;54.59;1.62
46747;026401;135;Zespół Szkół Teleinformatycznych i Elektronicznych 50-447 Wrocław ul. Generała Józefa Haukego-Bosaka 21;1344;378;378;10;368;28.12;2.65;1693;788;788;14;774;46.54;1.78
46748;026401;136;Zespół Szkół Ekonomiczno-Administracyjnych 50-448 Wrocław ul. Worcella 3;2180;557;557;10;547;25.55;1.80;1307;645;645;13;632;49.35;2.02
46749;026401;137;Terapeutyczna Szkoła Podstawowa Nr 119 52-024 Wrocław ul. Bytomska 7;2182;546;546;12;534;25.02;2.20;2108;1093;1093;14;1079;51.85;1.28
46750;026401;138;Terapeutyczna Szkoła Podstawowa Nr 119 52-024 Wrocław ul. Bytomska 7;2344;805;805;37;768;34.34;4.60;2187;1197;1197;19;1178;54.73;1.59
46751;026401;139;Przedszkole nr 51 52-114 Wrocław ul. Semaforowa 42;1993;503;503;8;495;25.24;1.59;2383;1466;1466;32;1434;61.52;2.18
46752;026401;140;Szkoła Podstawowa nr 80 52-120 Wrocław ul. Polna 4;1936;607;607;13;594;31.35;2.14;1995;1161;1161;6;1155;58.20;0.52
46753;026401;141;Szkoła Podstawowa Nr 80 52-120 Wrocław ul. Polna 4;1967;540;540;25;515;27.45;4.63;1897;1084;1084;13;1071;57.14;1.20
46754;026401;142;Rada Osiedla Jagodno 52-129 Wrocław ul. Jagodzińska 15;885;322;322;10;312;36.38;3.11;2079;1086;1086;20;1066;52.24;1.84
46755;026401;143;Świetlica Cztery Pory Roku „Zima” 52-129 Wrocław ul. Ryszarda Wagnera 3;1818;713;713;13;700;39.22;1.82;1086;714;714;7;707;65.75;0.98
46756;026401;144;Szkoła Podstawowa nr 23 52-231 Wrocław ul. Przystankowa 32;1656;723;723;10;713;43.66;1.38;2100;1511;1511;3;1508;71.95;0.20
46757;026401;145;Szkoła Podstawowa Nr 23 52-231 Wrocław ul. Przystankowa 32;2240;979;979;9;970;43.71;0.92;2081;1453;1453;8;1445;69.82;0.55
46758;026401;146;Zespół Szkolno-Przedszkolny Nr 6 52-214 Wrocław ul. Gałczyńskiego 8;1514;621;621;14;607;41.02;2.25;1992;1499;1499;5;1494;75.25;0.33
46759;026401;147;Zespół Szkolno-Przedszkolny Nr 6 52-214 Wrocław ul. Gałczyńskiego 8;1528;635;635;13;622;41.56;2.05;1653;1220;1220;6;1214;73.81;0.49
46760;026401;148;Zespół Szkolno-Przedszkolny nr 6 52-214 Wrocław ul. Gałczyńskiego 8;1639;723;723;16;707;44.11;2.21;1530;1082;1082;10;1072;70.72;0.92
46761;026401;149;Rada Osiedla Krzyki-Partynice 53-017 Wrocław ul. Wiosenna 14;2311;925;925;21;904;40.03;2.27;1696;1231;1231;13;1218;72.58;1.06
46762;026401;150;Szkoła Podstawowa Nr 64 53-006 Wrocław ul. Wojszycka 1;1979;907;908;15;892;45.83;1.65;2322;1598;1598;24;1574;68.82;1.50
46763;026401;151;Szkoła Podstawowa Nr 64 53-006 Wrocław ul. Wojszycka 1;1996;775;775;15;760;38.83;1.94;2219;1563;1563;14;1549;70.44;0.90
46764;026401;152;Szkoła Podstawowa nr 61 53-025 Wrocław ul. Skarbowców 8;2084;872;872;22;850;41.84;2.52;1952;1385;1385;12;1373;70.95;0.87
46765;026401;153;Szkoła Podstawowa nr 61 53-025 Wrocław ul. Skarbowców 8;2224;993;993;15;978;44.65;1.51;1861;1338;1340;14;1324;71.90;1.05
46766;026401;154;Radio Wrocław S.A. 53-015 Wrocław al. Karkonoska 10;2184;843;843;7;836;38.60;0.83;2076;1467;1467;8;1459;70.66;0.55
46767;026401;155;Zespół Placówek Oświatowych nr 1 52-314 Wrocław ul. Wałbrzyska 50;2173;827;827;7;820;38.06;0.85;1784;1288;1294;9;1279;72.20;0.70
46768;026401;156;Zespół Placówek Oświatowych nr 1 52-314 Wrocław ul. Wałbrzyska 50;2102;719;719;10;709;34.21;1.39;1547;1110;1110;10;1100;71.75;0.90
46769;026401;157;Zespół Szkolno-Przedszkolny nr 9 52-401 Wrocław ul. Solskiego 13;1727;711;711;5;706;41.17;0.70;2278;1482;1482;19;1463;65.06;1.28
46770;026401;158;Zespół Szkolno-Przedszkolny nr 9 52-401 Wrocław ul. Solskiego 13;1372;511;511;5;506;37.24;0.98;2232;1446;1446;7;1439;64.78;0.48
46771;026401;159;Gimnazjum nr 40 52-429 Wrocław ul. Morelowskiego 43;2062;1004;1004;9;995;48.69;0.90;1707;1158;1160;13;1145;67.84;1.12
46772;026401;160;Sportowa Szkoła Podstawowa nr 46 53-628 Wrocław ul. Ścinawska 21;1882;622;622;10;612;33.05;1.61;1424;985;985;10;975;69.17;1.02
46773;026401;161;Sportowa Szkoła Podstawowa nr 46 53-628 Wrocław ul. Ścinawska 21;1216;411;411;11;400;33.80;2.68;2067;1544;1544;13;1531;74.70;0.84
46774;026401;162;Zespół Szkół nr 1 53-615 Wrocław ul. Słubicka 29-33;1420;464;464;11;453;32.68;2.37;1846;1077;1077;9;1068;58.34;0.84
46775;026401;163;Wrocławski Zakład Aktywności Zawodowej 53-641 Wrocław ul. Litomska 10;1388;607;607;10;597;43.73;1.65;1190;711;711;5;706;59.75;0.70
46776;026401;164;Wrocławski Zakład Aktywności Zawodowej 53-641 Wrocław ul. Litomska 10;1384;531;531;5;526;38.37;0.94;1353;824;824;14;810;60.90;1.70
46777;026401;165;Zespół Szkolno-Przedszkolny nr 18 53-630 Wrocław ul. Poznańska 26;1166;405;405;6;399;34.73;1.48;1379;959;959;6;953;69.54;0.63
46778;026401;166;Elektroniczne Zakłady Naukowe 53-680 Wrocław ul. Braniborska 57;2222;510;510;17;493;22.95;3.33;1368;909;909;4;905;66.45;0.44
46779;026401;167;Zespół Szkolno-Przedszkolny nr 18 53-630 Wrocław ul. Poznańska 26;1221;493;493;12;481;40.38;2.43;1147;737;737;12;725;64.25;1.63
46780;026401;168;Gimnazjum nr 28 53-644 Wrocław ul. Zachodnia 2;1437;556;556;10;546;38.69;1.80;2230;1157;1157;12;1145;51.88;1.04
46781;026401;169;Gimnazjum nr 28 53-644 Wrocław ul. Zachodnia 2;1153;394;394;3;391;34.17;0.76;1176;785;785;8;777;66.75;1.02
46782;026401;170;Niepubliczny Zakład Opieki Zdrowotnej „STARMED” 53-647 Wrocław ul. Młodych Techników 7;1401;522;522;8;514;37.26;1.53;1451;962;962;10;952;66.30;1.04
46783;026401;171;Elektroniczne Zakłady Naukowe 53-680 Wrocław ul. Braniborska 57;1362;339;339;5;334;24.89;1.47;1141;638;638;12;626;55.92;1.88
46784;026401;172;NZOZ Ośrodek Medyczny „ZIEMO-VITA” Sp. z o.o. 53-678 Wrocław ul. Ziemowita 1-9;1409;387;387;3;384;27.47;0.78;1384;841;841;10;831;60.77;1.19
46785;026401;173;Gimnazjum nr 18 54-218 Wrocław ul. Kłodnicka 36;1624;678;678;9;669;41.75;1.33;1343;688;688;7;681;51.23;1.02
46786;026401;174;Przedszkole nr 122 „Wesoła Gromadka” 54-217 Wrocław ul. Kłodnicka 23;1834;791;791;11;780;43.13;1.39;1437;758;758;8;750;52.75;1.06
46787;026401;175;Gimnazjum nr 18 54-218 Wrocław ul.Kłodnicka 36;2131;874;874;10;864;41.01;1.14;1605;1089;1093;6;1083;67.85;0.55
46788;026401;176;Szkoła Podstawowa nr 118 54-130 Wrocław ul. Bulwar Ikara 19;2096;722;722;10;712;34.45;1.39;1798;1257;1257;17;1240;69.91;1.35
46789;026401;177;Szkoła Podstawowa nr 118 54-130 Wrocław ul. Bulwar Ikara 19;2203;746;746;8;738;33.86;1.07;2074;1426;1426;8;1418;68.76;0.56
46790;026401;178;Szkoła Podstawowa nr 118 54-130 Wrocław ul. Bulwar Ikara 19;2060;729;729;9;720;35.39;1.23;2012;1309;1309;16;1293;65.06;1.22
46791;026401;179;Przedszkole nr 113 „Akademia Przedszkolaka” 54-155 Wrocław ul. Lotnicza 22;2135;810;810;11;799;37.94;1.36;2185;1461;1461;10;1451;66.86;0.68
46792;026401;180;Przedszkole nr 113 „Akademia Przedszkolaka” 54-155 Wrocław ul. Lotnicza 22;1847;669;669;9;660;36.22;1.35;2122;1475;1475;3;1472;69.51;0.20
46793;026401;181;Zespół Szkolno-Przedszkolny nr 2 54-130 Wrocław ul. Horbaczewskiego 61;1912;661;661;4;657;34.57;0.61;2284;1585;1585;4;1581;69.40;0.25
46794;026401;182;Zespół Szkolno-Przedszkolny nr 2 54-130 Wrocław ul. Horbaczewskiego 61;1795;643;643;9;634;35.82;1.40;1814;1203;1203;13;1190;66.32;1.08
46795;026401;183;Zespół Szkolno-Przedszkolny nr 2 54-130 Wrocław ul. Horbaczewskiego 61;1995;687;687;15;672;34.44;2.18;1870;1167;1167;10;1157;62.41;0.86
46796;026401;184;Zespół Szkolno-Przedszkolny nr 7 54-134 Wrocław ul. Koszykarska 2-4;1681;579;579;16;563;34.44;2.76;1767;1155;1160;15;1140;65.37;1.30
46797;026401;185;Liceum Ogólnokształcące nr VI 54-139 Wrocław ul. Hutnicza 45;1476;436;436;9;427;29.54;2.06;1907;1226;1226;0;1226;64.29;0.00
46798;026401;186;Liceum Ogólnokształcące nr VI 54-139 Wrocław ul. Hutnicza 45;2206;537;537;11;526;24.34;2.05;1641;991;991;11;980;60.39;1.11
46799;026401;187;Gimnazjum nr 7 54-152 Wrocław ul. Kolista 17;2174;803;803;14;789;36.94;1.74;1433;858;858;9;849;59.87;1.05
46800;026401;188;Przedszkole nr 150 „Wesołe Nutki” 54-151 Wrocław ul. Ignuta 30;2314;704;704;4;700;30.42;0.57;2192;1184;1184;9;1175;54.01;0.76
46801;026401;189;Zespół Szkół nr 21 54-151 Wrocław ul. Ignuta 28;2086;647;647;11;636;31.02;1.70;2086;1378;1378;11;1367;66.06;0.80
46802;026401;190;Zespół Szkół nr 21 54-151 Wrocław ul. Ignuta 28;1643;589;589;9;580;35.85;1.53;2220;1319;1319;12;1307;59.41;0.91
46803;026401;191;Gimnazjum nr 7 54-152 Wrocław ul. Kolista 17;1905;678;678;13;665;35.59;1.92;2065;1240;1240;21;1219;60.05;1.69
46804;026401;192;Gimnazjum nr 7 54-152 Wrocław ul. Kolista 17;2042;779;779;16;763;38.15;2.05;1593;1028;1028;9;1019;64.53;0.88
46805;026401;193;Gimnazjum nr 7 54-152 Wrocław ul. Kolista 17;1790;668;668;19;649;37.32;2.84;1859;1174;1174;14;1160;63.15;1.19
46806;026401;194;Szkoła Podstawowa nr 3 54-220 Wrocław ul. Bobrza 27;1637;690;690;8;682;42.15;1.16;1993;1325;1325;10;1315;66.48;0.75
46807;026401;195;Szkoła Podstawowa nr 3 54-220 Wrocław ul. Bobrza 27;1537;631;631;18;613;41.05;2.85;1742;1124;1124;11;1113;64.52;0.98
46808;026401;196;Gimnazjum nr 1 54-242 Wrocław ul. Jelenia 7;1312;524;524;10;514;39.94;1.91;1604;1043;1043;9;1034;65.02;0.86
46809;026401;197;Gimnazjum nr 1 54-242 Wrocław ul. Jelenia 7;1995;736;736;6;730;36.89;0.82;1552;1057;1057;13;1044;68.11;1.23
46810;026401;198;Gimnazjum nr 1 54-242 Wrocław ul. Jelenia 7;1494;578;578;13;565;38.69;2.25;1278;816;816;14;802;63.85;1.72
46811;026401;199;Szkoła Podstawowa nr 3 54-220 Wrocław ul. Bobrza 27;1845;735;735;7;728;39.84;0.95;1954;1271;1271;13;1258;65.05;1.02
46812;026401;200;Zespół Szkół nr 3 54-402 Wrocław ul. Szkocka 64;2193;720;720;12;708;32.83;1.67;1484;957;957;10;947;64.49;1.04
46813;026401;201;Zespół Szkół nr 3 54-402 Wrocław ul. Szkocka 64;1654;527;527;10;517;31.86;1.90;1819;1166;1166;12;1154;64.10;1.03
46814;026401;202;Szkoła Podstawowa nr 28 54-406 Wrocław ul. Grecka 59;1621;589;589;9;580;36.34;1.53;2155;1274;1274;18;1256;59.12;1.41
46815;026401;203;Szkoła Podstawowa nr 28 54-406 Wrocław ul. Grecka 59;1724;695;695;16;679;40.31;2.30;1612;976;976;11;965;60.55;1.13
46816;026401;204;Wrocławski Klub „FORMATY” 54-615 Wrocław ul. Samborska 3-5;1824;563;563;7;556;30.87;1.24;1624;1055;1055;10;1045;64.96;0.95
46817;026401;205;Zespół Szkolno-Przedszkolny nr 15 54-611 Wrocław ul. Stanisławowska 38-44;1934;697;697;13;684;36.04;1.87;1691;1131;1131;10;1121;66.88;0.88
46818;026401;206;Zespół Szkolno-Przedszkolny nr 15 54-611 Wrocław ul. Stanisławowska 38-44;1955;576;576;17;559;29.46;2.95;1915;1252;1252;9;1243;65.38;0.72
46819;026401;207;Zespół Szkolno-Przedszkolny nr 15 54-611 Wrocław ul. Stanisławowska 38-44;1917;668;668;12;656;34.85;1.80;1937;1330;1330;8;1322;68.66;0.60
46820;026401;208;Przedszkole nr 148 54-440 Wrocław ul. Rogowska 18a;2145;669;669;7;662;31.19;1.05;2035;1224;1224;17;1207;60.15;1.39
46821;026401;209;Zespół Szkół Integracyjnych 54-438 Wrocław ul. Nowodworska 70-82;1789;592;592;8;584;33.09;1.35;2004;1395;1395;19;1376;69.61;1.36
46822;026401;210;Zespół Szkół Integracyjnych 54-438 Wrocław ul. Nowodworska 70-82;1414;469;469;8;461;33.17;1.71;2053;1253;1253;14;1239;61.03;1.12
46823;026401;211;Zespół Szkół Integracyjnych 54-438 Wrocław ul. Nowodworska 70-82;2117;598;598;5;593;28.25;0.84;1765;1084;1084;10;1074;61.42;0.92
46824;026401;212;Przedszkole nr 123 54-434 Wrocław ul. Wojrowicka 3;2266;691;691;25;666;30.49;3.62;1377;866;866;7;859;62.89;0.81
46825;026401;213;Zespół Szkolno-Przedszkolny nr 1 54-438 Wrocław ul. Zemska 16c;1761;611;611;11;600;34.70;1.80;2064;1179;1179;14;1165;57.12;1.19
46826;026401;214;Zespół Szkolno-Przedszkolny nr 1 54-438 Wrocław ul. Zemska 16c;1519;444;444;6;438;29.23;1.35;2240;1300;1300;14;1286;58.04;1.08
46827;026401;215;Liceum Ogólnokształcące nr XV 54-436 Wrocław ul. Wojrowicka 58;1486;503;505;8;495;33.85;1.59;1735;1127;1127;12;1115;64.96;1.06
46828;026401;216;Rada Osiedla Kuźniki 54-320 Wrocław ul. Sarbinowska 19-21;1610;585;585;10;575;36.34;1.71;1455;861;861;7;854;59.18;0.81
46829;026401;217;Rada Osiedla Kuźniki 54-320 Wrocław ul. Sarbinowska 19-21;1754;603;603;13;590;34.38;2.16;1428;912;912;5;907;63.87;0.55
46830;026401;218;Rada Osiedla Kuźniki 54-320 Wrocław ul. Sarbinowska 19-21;1717;659;659;4;655;38.38;0.61;1579;1018;1018;12;1006;64.47;1.18
46831;026401;219;Zespół Szkolno-Przedszkolny nr 10 54-512 Wrocław ul. Rumiankowa 34;1585;520;520;3;517;32.81;0.58;1719;1035;1035;8;1027;60.21;0.77
46832;026401;220;Zespół Szkolno-Przedszkolny nr 10 54-512 Wrocław ul. Rumiankowa 34;1419;517;517;10;507;36.43;1.93;1683;1059;1059;9;1050;62.92;0.85
46833;026401;221;Rada Osiedla Jerzmanowo-Jarnołtów-Strachowice-Osiniec 54-530 Wrocław ul. Jerzmanowska 102;1520;424;424;12;412;27.89;2.83;1586;1030;1030;5;1025;64.94;0.49
46834;026401;222;Centrum Kultury „ZAMEK” 54-076 Wrocław pl. Świętojański 1;2192;473;473;8;465;21.58;1.69;1599;1042;1042;13;1029;65.17;1.25
46835;026401;223;Szkoła Podstawowa nr 95 54-047 Wrocław ul. Starogajowa 66-68;1716;515;515;5;510;30.01;0.97;1567;899;899;8;891;57.37;0.89
46836;026401;224;Zespół Szkół nr 24 54-019 Wrocław ul. Eluarda 51-55;1971;521;521;9;512;26.43;1.73;2111;1077;1077;9;1068;51.02;0.84
46837;026401;225;Zespół Szkół nr 24 54-019 Wrocław ul. Eluarda 51-55;1744;462;462;10;452;26.49;2.16;2104;1236;1236;19;1217;58.75;1.54
46838;026401;226;Przedszkole nr 66 „BAJKOLANDIA” 54-004 Wrocław ul. Łączna 1-5;2117;527;527;11;516;24.89;2.09;1948;1098;1098;13;1085;56.37;1.18
46839;026401;227;Zespół Szkolno-Przedszkolny nr 14 54-031 Wrocław ul. Częstochowska 42;1581;572;572;5;567;36.18;0.87;1798;1036;1036;13;1023;57.62;1.25
46840;026401;228;Zespół Szkolno-Przedszkolny nr 14 54-031 Wrocław ul. Częstochowska 42;2245;755;755;16;739;33.63;2.12;2054;975;975;18;957;47.47;1.85
46841;026401;229;Szkoła Podstawowa nr 95 54-047 Wrocław ul. Starogajowa 66-68;1852;591;591;10;581;31.91;1.69;1564;992;992;8;984;63.43;0.81
46842;026401;230;Szkoła Podstawowa nr 95 54-047 Wrocław ul. Starogajowa 66-68;2604;791;791;11;780;30.38;1.39;2260;1487;1487;19;1468;65.80;1.28
46843;026401;231;Szkoła Podstawowa nr 95 54-047 Wrocław ul. Starogajowa 66-68;1504;405;406;7;398;26.93;1.73;2152;1210;1213;16;1194;56.23;1.32
46844;026401;232;Dolnośląski Specjalny Ośrodek Szkolno-Wychowawczy nr 13 dla Niewidomych i Słabowidzących 54-034 Wrocław ul. Kamiennogórska 16;601;168;168;3;165;27.95;1.79;2132;1386;1386;10;1376;65.01;0.72
46845;026401;233;Gimnazjum nr 22 54-101 Wrocław ul. Lubelska 95a;1977;582;582;7;575;29.44;1.20;2106;1229;1229;9;1220;58.36;0.73
46846;026401;234;Zespół Szkolno-Przedszkolny nr 12 54-104 Wrocław ul. Suwalska 5;2309;763;763;14;749;33.04;1.83;604;362;362;7;355;59.93;1.93
46847;026401;235;Zespół Szkolno-Przedszkolny nr 12 51-104 Wrocław ul. Suwalska 5;2069;771;771;14;757;37.26;1.82;1685;1101;1101;5;1096;65.34;0.45
46848;026401;236;Szkoła Podstawowa nr 22 54-062 Wrocław ul. Stabłowicka 143;1210;315;315;11;304;26.03;3.49;1700;1212;1212;9;1203;71.29;0.74
46849;026401;237;Szkoła Podstawowa nr 22 54-062 Wrocław ul. Stabłowicka 143;1794;560;560;6;554;31.22;1.07;1473;1010;1010;6;1004;68.57;0.59
46850;026401;238;Zespół Szkół nr 14 51-410 Wrocław al. Brücknera 10;2135;618;618;17;601;28.95;2.75;1838;1073;1073;9;1064;58.38;0.84
46851;026401;239;Szkoła Podstawowa nr 83 51-160 Wrocław al. Boya- Żeleńskiego 32;2229;803;803;12;791;36.03;1.49;1311;763;763;18;745;58.20;2.36
46852;026401;240;Przedszkole Integracyjne nr 68 51-162 Wrocław ul. Długosza 29;2051;788;788;11;777;38.42;1.40;1800;1048;1048;8;1040;58.22;0.76
46853;026401;241;Szkoła Podstawowa nr 83 51-160 Wrocław al. Boya-Żeleńskiego 32;2067;865;865;13;852;41.85;1.50;2131;1238;1238;7;1231;58.09;0.57
46854;026401;242;Gimnazjum nr 24 51-151 Wrocław ul. Przybyszewskiego 59;1721;534;534;12;522;31.03;2.25;2315;1417;1417;9;1408;61.21;0.64
46855;026401;243;Gimnazjum nr 24 51-151 Wrocław ul. Przybyszewskiego 59;1427;496;496;8;488;34.76;1.61;2024;1282;1282;7;1275;63.34;0.55
46856;026401;244;Szkoła Podstawowa nr 20 51-124 Wrocław ul. Kamieńskiego 24;1980;704;704;15;689;35.56;2.13;2070;1409;1409;5;1404;68.07;0.35
46857;026401;245;Szkoła Podstawowa nr 20 51-124 Wrocław ul. Kamieńskiego 24;2084;671;671;11;660;32.20;1.64;1681;990;990;14;976;58.89;1.41
46858;026401;246;Przedszkole nr 149 „Tęczowa Polanka” 51-114 Wrocław ul. Obornicka 21;1264;477;477;2;475;37.74;0.42;1395;872;872;13;859;62.51;1.49
46859;026401;247;Szkoła Podstawowa nr 50 51-112 Wrocław ul. Czeska 38;1640;424;424;14;410;25.85;3.30;2034;1302;1302;18;1284;64.01;1.38
46860;026401;248;Szkoła Podstawowa nr 50 51-112 Wrocław ul. Czeska 38;978;386;386;6;380;39.47;1.55;2029;1194;1194;12;1182;58.85;1.01
46861;026401;249;Liceum Ogólnokształcące nr X 51-009 Wrocław ul. Piesza 1;2197;766;766;8;758;34.87;1.04;1217;782;782;5;777;64.26;0.64
46862;026401;250;Liceum Ogólnokształcące nr X 51-009 Wrocław ul. Piesza 1;1976;710;710;11;699;35.93;1.55;1587;903;903;14;889;56.90;1.55
46863;026401;251;Gimnazjum nr 27 51-112 Wrocław ul. Czeska 40;882;346;346;2;344;39.23;0.58;999;629;629;8;621;62.96;1.27
46864;026401;252;Gimnazjum nr 27 51-112 Wrocław ul. Czeska 40;1644;583;583;12;571;35.46;2.06;2150;1331;1331;12;1319;61.91;0.90
46865;026401;253;Gimnazjum nr 27 51-112 Wrocław ul. Czeska 40;1900;658;658;7;651;34.63;1.06;1916;1232;1232;18;1214;64.30;1.46
46866;026401;254;Szkoła Podstawowa nr 8 51-424 Wrocław ul. Kowalska 105;1101;326;326;6;320;29.61;1.84;851;563;563;5;558;66.16;0.89
46867;026401;255;Zespół Szkół nr 14 51-410 Wrocław al. Brücknera 10;731;200;200;7;193;27.36;3.50;1587;993;995;8;985;62.57;0.81
46868;026401;256;Zespół Szkolno-Przedszkolny nr 11 51-518 Wrocław ul. Strachocińska 155-157;1292;391;391;7;384;30.26;1.79;1861;1156;1156;9;1147;62.12;0.78
46869;026401;257;Zespół Szkolno-Przedszkolny nr 11 51-518 Wrocław ul. Strachocińska 155-157;1333;590;590;3;587;44.26;0.51;1096;663;663;8;655;60.49;1.21
46870;026401;258;Ekologiczne Przedszkole Niepubliczne 51-502 Wrocław ul. Miłoszycka 23;1590;625;625;7;618;39.31;1.12;739;419;419;2;417;56.70;0.48
46871;026401;259;Przedszkole nr 140 „Pod Platanem” 51-349 Wrocław ul. Nadbrzeżna 14;1287;456;456;4;452;35.43;0.88;1296;825;825;8;817;63.66;0.97
46872;026401;260;Zespół Szkolno-Przedszkolny nr 3 51-354 Wrocław ul. Inflancka 13;1928;706;706;18;688;36.62;2.55;1339;975;975;10;965;72.82;1.03
46873;026401;261;Zespół Szkolno-Przedszkolny nr 3 51-354 Wrocław ul. Inflancka 13;1774;596;596;13;583;33.60;2.18;1748;1207;1208;11;1196;69.05;0.91
46874;026401;262;Zespół Szkolno-Przedszkolny nr 3 51-354 Wrocław ul. Inflancka 13;1791;627;627;18;609;35.01;2.87;1308;815;815;9;806;62.31;1.10
46875;026401;263;Zespół Szkolno-Przedszkolny nr 3 51-354 Wrocław ul. Inflancka 13;2099;664;664;14;650;31.63;2.11;2076;1377;1377;13;1364;66.33;0.94
46876;026401;264;Szkoła Podstawowa nr 98 51-319 Wrocław ul. Sycowska 22a;1831;377;377;8;369;20.59;2.12;1777;1063;1063;12;1051;59.82;1.13
46877;026401;265;Szkoła Podstawowa nr 98 51-319 Wrocław ul. Sycowska 22a;1557;506;506;7;499;32.50;1.38;1776;1145;1145;22;1123;64.47;1.92
46878;026401;266;Gimnazjum nr 2 51-314 Wrocław ul. Gorlicka 25;1889;616;616;12;604;32.61;1.95;2076;1248;1248;17;1231;60.12;1.36
46879;026401;267;Zespół Szkół nr 10 51-206 Wrocław ul. Wilanowska 31;2039;588;588;21;567;28.84;3.57;1792;840;840;16;824;46.88;1.90
46880;026401;268;Zespół Szkół nr 10 51-206 Wrocław ul. Wilanowska 31;2380;803;803;11;792;33.74;1.37;1524;920;920;13;907;60.37;1.41
46881;026401;269;Zakrzowskie Stowarzyszenie Edukacyjne „RODZINA” 51-215 Wrocław ul. Zatorska 11;1843;438;438;10;428;23.77;2.28;2034;1250;1250;8;1242;61.46;0.64
46882;026401;270;Zakrzowskie Stowarzyszenie Edukacyjne „RODZINA” 51-215 Wrocław ul. Zatorska 11;1932;606;606;5;601;31.37;0.83;2288;1303;1303;18;1285;56.95;1.38
46883;026401;271;Szkoła Podstawowa nr 39 51-211 Wrocław ul. Przedwiośnie 47;1720;556;556;4;552;32.33;0.72;2123;1307;1307;18;1289;61.56;1.38
46884;026401;272;Zespół Szkolno-Przedszkolny nr 4 (Szkoła Podstawowa nr 40) 51-168 Wrocław ul. Sołtysowicka 34;2395;817;817;14;803;34.11;1.71;1808;955;955;20;935;52.82;2.09
46885;026401;273;Ośrodek Opiekuńczo-Adaptacyjny „Pensjonat dla Osób Starszych” 51-124 Wrocław ul. Kamieńskiego 190;1781;540;540;21;519;30.32;3.89;2177;1457;1457;7;1450;66.93;0.48
46886;026401;274;Szkoła Podstawowa nr 20 51-124 Wrocław ul. Kamieńskiego 24;1200;339;339;1;338;28.25;0.29;1670;1013;1013;12;1001;60.66;1.18
46887;026401;275;Dom Pomocy Społecznej 51-180 Wrocław ul. Kaletnicza 8;1140;312;312;8;304;27.37;2.56;1246;716;716;5;711;57.46;0.70
46888;026401;276;Rada Osiedla Świniary 51-180 Wrocław ul. Pęgowska 14;1231;239;239;5;234;19.42;2.09;1354;927;927;8;919;68.46;0.86
90150;026401;277;Zespół Szkolno-Przedszkolny nr 5 51-004 Wrocław ul. Osobowicka 127;2204;661;661;13;648;29.99;1.97;1836;1134;1134;24;1110;61.76;2.12
90151;026401;278;Zakład Opiekuńczo-Leczniczy o Profilu Rehabilitacyjnym Zgromadzenia Sióstr Św. Elżbiety 50-329 Wrocław ul. Św. Józefa 2/4;88;34;34;2;32;38.64;5.88;1273;802;802;11;791;63.00;1.37
90152;026401;279;Areszt Śledczy 50-046 Wrocław ul. Świebodzka 1;763;445;445;63;382;58.32;14.16;1154;643;643;14;629;55.72;2.18
90153;026401;280;Dolnośląskie Centrum Chorób Płuc we Wrocławiu 53-439 Wrocław ul. Grabiszyńska 105;445;69;69;2;67;15.51;2.90;1357;705;705;11;694;51.95;1.56
90154;026401;281;Zakład Karny Nr 2 53-239 Wrocław ul. Fiołkowa 38;625;155;155;13;142;24.80;8.39;2250;1311;1311;20;1291;58.27;1.53
90155;026401;282;Samodzielny Publiczny Zakład Opieki Zdrowotnej MSW we Wrocławiu 50-233 Wrocław ul. Ołbińska 32;62;24;24;0;24;38.71;0.00;92;49;49;1;48;53.26;2.04
90156;026401;283;„Dolnośląskie Centrum Zdrowia Psychicznego” sp.z o.o. 20-227 Wrocław Wybrzeże J. Conrada-Korzeniowskiego 18;72;13;13;0;13;18.06;0.00;717;473;473;79;394;65.97;16.70
90157;026401;284;Zakład Karny Nr 1 50-227 Wrocław ul. Kleczkowska 35;1343;375;375;64;311;27.92;17.07;401;100;100;4;96;24.94;4.00
90158;026401;285;Samodzielny Publiczny Szpital Kliniczny Nr 1 we Wrocławiu budynek Kliniki Ginekologii i Położnictwa 50-368 Wrocław ul. Chałubińskiego 3;249;36;36;1;35;14.46;2.78;500;240;240;34;206;48.00;14.17
90159;026401;286;Wrocławskie Centrum Rehabilitacji i Medycyny Sportowej Sp. z o.o. 51-609 Wrocław ul. Chopina 5/7;55;47;47;2;45;85.45;4.26;65;40;40;2;38;61.54;5.00
90160;026401;287;Dolnośląskie Centrum Onkologii we Wrocławiu 53-413 Wrocław pl. Hirszfelda 12;227;25;25;0;25;11.01;0.00;121;41;41;5;36;33.88;12.20
90161;026401;288;Dolnośląski Szpital Specjalistyczny im. T. Marciniaka-Centrum Medycyny Ratunkowej 53-137 Wrocław al. Wiśniowa 36;187;33;33;1;32;17.65;3.03;1219;531;611;105;426;43.56;19.77
90162;026401;289;4 Wojskowy Szpital Kliniczny SP ZOZ we Wrocławiu 50-981 Wrocław ul. Weigla 5;506;74;74;0;74;14.62;0.00;238;102;102;3;99;42.86;2.94
90163;026401;290;Uniwersytecki Szpital Kliniczny im. Jana Mikulicza - Radeckiego we Wrocławiu - budynek H 50-556 Wrocław ul. Borowska 213;313;54;54;0;54;17.25;0.00;61;54;54;3;51;88.52;5.56
90164;026401;291;Uniwersytecki Szpital Kliniczny im. Jana Mikulicza - Radeckiego we Wrocławiu - budynek J 50-556 Wrocław ul. Borowska 213;283;75;75;0;75;26.50;0.00;121;63;63;1;62;52.07;1.59
90165;026401;292;Dolnośląski Szpital Specjalistyczny im. T. Marciniaka - Centrum Medycyny Ratunkowej 53-127 Wrocław ul. Traugutta 116;217;47;47;3;44;21.66;6.38;563;126;126;5;121;22.38;3.97
90166;026401;293;Dom Pomocy Społecznej „ Samarytanin” 52-018 Wrocław ul. Świątnicka 25/27;103;48;48;1;47;46.60;2.08;314;125;125;7;118;39.81;5.60
90167;026401;294;Szpital Specjalistyczny im. A. Falkiewicza budynek Ginekologiczno-Położniczy 52-114 Wrocław ul. Warszawska 2;102;2;2;1;1;1.96;50.00;301;147;147;1;146;48.84;0.68
90168;026401;295;Dom Pomocy Społecznej 52-437 Wrocław ul. Karmelkowa 25;216;69;69;2;67;31.94;2.90;100;44;44;2;42;44.00;4.55
90169;026401;296;Dom Pomocy Społecznej 54-131 Wrocław ul. Mączna 3;147;42;42;6;36;28.57;14.29;179;50;50;2;48;27.93;4.00
90170;026401;297;Dom Pomocy Społecznej „Miłosierny Samarytanin” 54-239 Wrocław ul. Wejherowska 28;61;19;19;1;18;31.15;5.26;206;92;92;4;88;44.66;4.35
90171;026401;298;Dom Pomocy Społecznej 54-106 Wrocław ul. Rędzińska 66/68;144;42;42;10;32;29.17;23.81;140;54;54;10;44;38.57;18.52
90172;026401;299;Wojewódzki Szpital Specjalistyczny im. J. Gromkowskiego. 51-149 Wrocław ul. Koszarowa 5;232;12;12;1;11;5.17;8.33;58;17;17;1;16;29.31;5.88
90173;026401;300;Wojewódzki Szpital Specjalistyczny we Wrocławiu 51-124 Wrocław ul. Kamieńskiego 73a;176;19;19;0;19;10.80;0.00;415;98;98;3;95;23.61;3.06
90174;026401;301;Dom Pomocy Społecznej „Pogodna Jesień” 51-354 Wrocław ul. Litewska 20;136;66;66;4;62;48.53;6.06;137;32;32;5;27;23.36;15.62
90175;026401;302;Wojewódzki Szpital Specjalistyczny we Wrocławiu Oddział Zamiejscowy 51-128 Wrocław ul. Poświęcka 8;108;40;40;1;39;37.04;2.50;63;15;15;0;15;23.81;0.00
46889;026501;1;Rada Wspólnoty Samorządowej „Lubiechów” 58-306 Wałbrzych ul.Wilcza 12 lokal: /1;416;65;65;2;63;15.62;3.08;405;182;182;4;178;44.94;2.20
46890;026501;2;Przedszkole Samorządowe Nr 14 58-306 Wałbrzych ul. Henryka Wieniawskiego 31;1604;409;409;5;404;25.50;1.22;1616;954;954;16;938;59.03;1.68
46891;026501;3;Rada Wspólnoty Samorządowej „Szczawienko,Książ” 58-306 Wałbrzych ul.Wrocławska 129;1399;208;208;7;201;14.87;3.37;1313;491;491;18;473;37.40;3.67
46892;026501;4;Integracyjne Przedszkole Samorządowe Nr 17 z Oddziałami Specjalnymi Filia 58-307 Wałbrzych ul.Sosnowa 25a;1600;272;272;9;263;17.00;3.31;1584;733;733;14;719;46.28;1.91
46893;026501;5;Zespół Szkół Nr 4 58-309 Wałbrzych ul. Alfreda Sokołowskiego 75;1324;458;458;9;449;34.59;1.97;1283;822;822;8;814;64.07;0.97
46894;026501;6;Publiczna Szkoła Podstawowa Nr 15 58-309 Wałbrzych ul. Ludwika Hirszfelda 1;2078;588;588;18;570;28.30;3.06;2000;1073;1073;20;1053;53.65;1.86
46895;026501;7;Publiczna Szkoła Podstawowa Nr 15 58-309 Wałbrzych ul. Ludwika Hirszfelda 1;1711;383;383;4;379;22.38;1.04;1653;858;858;11;847;51.91;1.28
46896;026501;8;Publiczna Szkoła Podstawowa Nr 15 58-309 Wałbrzych ul. Ludwika Hirszfelda 1;1754;468;468;15;453;26.68;3.21;1721;900;900;15;885;52.30;1.67
46897;026501;9;Publiczne Gimnazjum Nr 6 58-309 Wałbrzych ul. Główna 2;1718;398;398;16;382;23.17;4.02;1648;822;822;27;795;49.88;3.28
46898;026501;10;Publiczna Szkoła Podstawowa Nr 37 58-309 Wałbrzych ul. Ksawerego Dunikowskiego 39;1990;528;528;13;515;26.53;2.46;1906;987;987;18;969;51.78;1.82
46899;026501;11;Publiczna Szkoła Podstawowa Nr 37 58-309 Wałbrzych ul. Ksawerego Dunikowskiego 39;1923;504;504;9;495;26.21;1.79;1845;935;935;10;925;50.68;1.07
46900;026501;12;Zespół Szkół Muzycznych 58-309 Wałbrzych ul. Piętnastolecia 24;1004;298;298;7;291;29.68;2.35;980;506;506;6;500;51.63;1.19
46901;026501;13;Publiczne Gimnazjum Nr 6 58-309 Wałbrzych ul. Główna 2;1342;300;300;2;298;22.35;0.67;1321;673;673;9;664;50.95;1.34
46902;026501;14;Miejski Ośrodek Pomocy Społecznej, Filia 58-309 Wałbrzych ul. Gen. Stefana Grota-Roweckiego 3;1795;313;313;3;310;17.44;0.96;1692;735;735;17;718;43.44;2.31
46903;026501;15;Publiczna Szkoła Podstawowa Nr 21 58-316 Wałbrzych ul. Grodzka 71;1724;493;493;7;486;28.60;1.42;1668;952;952;16;936;57.07;1.68
46904;026501;16;Publiczna Szkoła Podstawowa Nr 21 58-316 Wałbrzych ul. Grodzka 71;2275;616;616;16;600;27.08;2.60;2226;1290;1290;21;1269;57.95;1.63
46905;026501;17;Publiczna Szkoła Podstawowa Nr 21 58-316 Wałbrzych ul. Grodzka 71;1965;552;552;8;544;28.09;1.45;1925;1138;1138;13;1125;59.12;1.14
46906;026501;18;Niepubliczne Przedszkole „Stokrotka” 58-316 Wałbrzych ul. Grodzka 13;2018;634;634;23;611;31.42;3.63;1962;1118;1118;20;1098;56.98;1.79
46907;026501;19;Integracyjny Żłobek Samorządowy Nr 2 58-316 Wałbrzych ul. Kasztelańska 7;1576;476;476;12;464;30.20;2.52;1513;850;850;21;829;56.18;2.47
46908;026501;20;Integracyjny Żłobek Samorządowy Nr 2 58-316 Wałbrzych ul. Kasztelańska 7;1487;361;361;8;353;24.28;2.22;1696;938;938;17;921;55.31;1.81
46909;026501;21;Zespół Szkół z Oddziałami Integracyjnymi 58-316 Wałbrzych ul. Palisadowa 48;1895;476;476;10;466;25.12;2.10;1824;1024;1024;19;1005;56.14;1.86
46910;026501;22;Zespół Szkół z Oddziałami Integracyjnymi 58-316 Wałbrzych ul. Palisadowa 48;2216;567;567;9;558;25.59;1.59;2173;1181;1181;16;1165;54.35;1.35
46911;026501;23;Zespół Szkół z Oddziałami Integracyjnymi 58-316 Wałbrzych ul. Palisadowa 48;1604;425;425;9;416;26.50;2.12;1548;910;910;14;896;58.79;1.54
46912;026501;24;Zespół Szkół z Oddziałami Intergacyjnymi 58-316 Wałbrzych ul. Palisadowa 48;1513;473;473;7;466;31.26;1.48;1465;824;824;17;807;56.25;2.06
46913;026501;25;Politechnika Wrocławska Zamiejscowy Ośrodek Dydaktyczny w Wałbrzychu 58-302 Wałbrzych ul. Armii Krajowej 78;1200;161;161;8;153;13.42;4.97;1168;381;381;22;359;32.62;5.77
46914;026501;26;Zespół Szkół Techniczno-Budowlanych 58-302 Wałbrzych ul. Przywodna 1;1304;209;209;7;202;16.03;3.35;1259;489;489;13;476;38.84;2.66
46915;026501;27;Zespół Szkół Techniczno-Budowlanych 58-302 Wałbrzych ul. Przywodna 1;1272;249;249;3;246;19.58;1.20;1218;506;506;9;497;41.54;1.78
46916;026501;28;Publiczna Szkoła Podstawowa Nr 30 58-302 Wałbrzych ul. Tytusa Chałubińskiego 13;1570;319;319;10;309;20.32;3.13;1547;729;729;33;696;47.12;4.53
46917;026501;29;Gminny Zespół Szkół Nr 2 58-302 Wałbrzych ul. 11 Listopada 75;901;97;97;4;93;10.77;4.12;869;250;250;10;240;28.77;4.00
46918;026501;30;Gminny Zespół Szkół Nr 2 58-302 Wałbrzych ul. 11 Listopada 75;1320;241;241;9;232;18.26;3.73;1303;568;568;12;556;43.59;2.11
46919;026501;31;Zespół Szkół Nr 1 58-301 Wałbrzych ul. Ignacego Paderewskiego 17;1571;278;278;14;264;17.70;5.04;1569;649;649;21;628;41.36;3.24
46920;026501;32;Zespół Szkół Nr 1 58-301 Wałbrzych ul. Ignacego Paderewskiego 17;1564;303;303;6;297;19.37;1.98;1503;618;618;14;604;41.12;2.27
46921;026501;33;Publiczna Szkoła Podstawowa Nr 23 58-301 Wałbrzych ul. Andrzeja Struga 3;1631;205;205;7;198;12.57;3.41;1569;548;548;20;528;34.93;3.65
46922;026501;34;Publiczna Szkoła Podstawowa Nr 23 58-301 Wałbrzych ul. Andrzeja Struga 3;1284;263;263;9;254;20.48;3.42;1246;527;527;8;519;42.30;1.52
46923;026501;35;Publiczna Szkoła Podstawowa Nr 23 58-301 Wałbrzych ul. Andrzeja Struga 3;1799;212;212;3;209;11.78;1.42;1695;497;497;19;478;29.32;3.82
46924;026501;36;Publiczna Szkoła Podstawowa Nr 5 58-303 Wałbrzych ul. Poznańska 8;799;77;77;4;73;9.64;5.19;773;234;234;5;229;30.27;2.14
46925;026501;37;Zespół Szkół Nr 7 58-308 Wałbrzych ul. Kłodzka 29;1094;212;212;6;206;19.38;2.83;1080;506;506;15;491;46.85;2.96
46926;026501;38;Rada Wspólnoty Samorządowej „Rusinowa, Kozice” 58-308 Wałbrzych ul. Osiedle Górnicze 48;1222;201;201;12;189;16.45;5.97;1196;472;472;10;462;39.46;2.12
46927;026501;39;Publiczna Szkoła Podstawowa Nr 5 58-303 Wałbrzych ul. Poznańska 8;2033;289;289;14;275;14.22;4.84;1909;662;662;17;645;34.68;2.57
46928;026501;40;„Rada Wspólnoty Samorządowej „Podgórze,Nowy i Stary Glinik”, Filia 58-303 Wałbrzych ul. Glinicka 1;536;107;107;2;105;19.96;1.87;508;170;170;10;160;33.46;5.88
46929;026501;41;Publiczna Szkoła Podstawowa Nr 5 58-303 Wałbrzych ul. Poznańska 8;1520;263;263;10;253;17.30;3.80;1442;574;574;19;555;39.81;3.31
46930;026501;42;Zespół Szkolno - Przedszkolny nr 2 58-300 Wałbrzych ul. Królewiecka 7;935;149;149;7;142;15.94;4.70;899;370;370;14;356;41.16;3.78
46931;026501;43;Przedszkole Niepubliczne „Pod Grzybkiem” 58-303 Wałbrzych ul. Niepodległości 90;968;128;128;6;122;13.22;4.69;945;361;361;12;349;38.20;3.32
46932;026501;44;Publiczne Gimnazjum Nr 3 58-300 Wałbrzych ul. Piotra Skargi 49;1171;172;172;10;162;14.69;5.81;1115;397;397;21;376;35.61;5.29
46933;026501;45;Publiczne Gimnazjum Nr 3 58-300 Wałbrzych ul. Piotra Skargi 49;932;179;179;2;177;19.21;1.12;906;375;375;5;370;41.39;1.33
46934;026501;46;Publiczne Gimnazjum Nr 3 58-300 Wałbrzych ul. Piotra Skargi 49;1444;320;320;8;312;22.16;2.50;1376;708;708;14;694;51.45;1.98
46935;026501;47;Hala Sportowa (dawny Ośrodek Sportu i Rekreacji) 58-300 Wałbrzych ul. Piotra Wysockiego 11a;930;172;172;5;167;18.49;2.91;911;393;393;6;387;43.14;1.53
46936;026501;48;Zespół Szkół Politechnicznych „Energetyk” 58-300 Wałbrzych Al. Wyzwolenia 5;579;125;125;4;121;21.59;3.20;563;258;258;9;249;45.83;3.49
46937;026501;49;Zespół Szkół Politechnicznych „Energetyk” 58-300 Wałbrzych Al. Wyzwolenia 5;1361;160;160;11;149;11.76;6.88;1320;403;403;24;379;30.53;5.96
46938;026501;50;Publiczna Szkoła Podstawowa Nr 28 58-300 Wałbrzych Al. Wyzwolenia 43;909;120;120;6;114;13.20;5.00;875;319;319;15;304;36.46;4.70
46939;026501;51;Publiczna Szkoła Podstawowa Nr 28 58-300 Wałbrzych Al. Wyzwolenia 43;977;149;149;11;138;15.25;7.38;938;327;327;15;312;34.86;4.59
46940;026501;52;Publiczne Gimnazjum Nr 1 58-300 Wałbrzych ul. Bolesława Limanowskiego 12;996;184;184;6;178;18.47;3.26;927;377;377;8;369;40.67;2.12
46941;026501;53;Centrum Aktywności Lokalnej 58-300 Wałbrzych ul. Adama Mickiewicza 26;1191;179;179;3;176;15.03;1.68;1182;404;404;14;390;34.18;3.47
46942;026501;54;Centrum Aktywności Lokalnej 58-300 Wałbrzych ul. Adama Mickiewicza 26;1239;155;155;10;145;12.51;6.45;1224;414;414;17;397;33.82;4.11
46943;026501;55;Zespół Szkół Politechnicznych „Energetyk” 58-300 Wałbrzych Al. Wyzwolenia 5;680;145;145;5;140;21.32;3.45;664;366;366;8;358;55.12;2.19
46944;026501;56;Publiczna Szkoła Podstawowa Nr 17 58-305 Wałbrzych ul. 1 Maja 105;1769;195;195;14;181;11.02;7.18;1660;435;435;20;415;26.20;4.60
46945;026501;57;III Liceum Ogólnokształcące 58-305 Wałbrzych ul. Henryka Jordana 4;1426;188;188;7;181;13.18;3.72;1379;470;470;21;449;34.08;4.47
46946;026501;58;III Liceum Ogólnokształcące 58-305 Wałbrzych ul. Henryka Jordana 4;1848;394;394;8;386;21.32;2.03;1807;828;828;20;808;45.82;2.42
46947;026501;59;Publiczna Szkoła Podstawowa Nr 6 58-304 Wałbrzych ul. Gen.Władysława Andersa 50;1593;268;268;10;258;16.82;3.73;1515;666;666;13;653;43.96;1.95
46948;026501;60;Publiczna Szkoła Podstawowa Nr 6 58-304 Wałbrzych ul. Gen.Władysława Andersa 50;1488;265;265;7;258;17.81;2.64;1462;606;606;23;583;41.45;3.80
46949;026501;61;Powiatowa i Miejska Bilblioteka Publiczna „Biblioteka Pod Atlantami”, Filia Nr 6 58-304 Wałbrzych ul. Gen.Władysława Andersa 137;1636;283;283;12;271;17.30;4.24;1565;649;649;25;624;41.47;3.85
46950;026501;62;Publiczna Szkoła Podstawowa Nr 2 58-304 Wałbrzych ul. Melchiora Wańkowicza 13;1236;268;268;7;261;21.68;2.61;1218;590;590;7;583;48.44;1.19
46951;026501;63;Publiczna Szkoła Podstawowa Nr 2 58-304 Wałbrzych ul. Melchiora Wańkowicza 13;1835;405;405;6;399;22.07;1.48;1793;840;840;15;825;46.85;1.79
46952;026501;64;Publiczna Szkoła Podstawowa Nr 2 58-304 Wałbrzych ul. Melchiora Wańkowicza 13;1458;192;192;6;186;13.17;3.12;1507;532;532;21;511;35.30;3.95
46953;026501;65;Wałbrzyski Ośrodek Kultury 58-304 Wałbrzych ul. Gen. Władysława Andersa 185;1435;223;223;8;215;15.54;3.59;1418;498;498;12;486;35.12;2.41
46954;026501;66;Wałbrzyski Ośrodek Kultury 58-304 Wałbrzych ul. Gen.Władysława Andersa 185;1333;202;202;6;196;15.15;2.97;1286;506;506;18;488;39.35;3.56
90176;026501;67;Dom Pomocy Społecznej 58-305 Wałbrzych Zachodnia 17;43;43;43;17;26;100.00;39.53;42;20;20;1;19;47.62;5.00
90177;026501;68;Specjalistyczny Szpital Ginekologiczno-Położniczy 58-301 Wałbrzych Ignacego Paderewskiego 10;116;6;6;0;6;5.17;0.00;69;10;10;0;10;14.49;0.00
90178;026501;69;Specjalistyczny Szpital im. Alfreda Sokołowskiego 58-300 Wałbrzych Stefana Batorego 4;186;19;19;1;18;10.22;5.26;177;55;55;2;53;31.07;3.64
90179;026501;70;Specjalistyczny Szpital im. Alfreda Sokołowskiego 58-309 Wałbrzych Alfreda Sokołowskiego 4;456;33;33;3;30;7.24;9.09;219;69;69;5;64;31.51;7.25
90180;026501;71;Areszt Śledczy 58-300 Wałbrzych Juliusza Słowackiego 10a;93;49;49;2;47;52.69;4.08;61;39;39;8;31;63.93;20.51
90181;026501;72;Dom Seniora „Rusinowa” 58-308 Wałbrzych Osiedle Górnicze 19a;26;25;25;7;18;96.15;28.00;46;24;24;6;18;52.17;25.00
46955;040101;1;Środowiskowy Dom Samopomocy 87-700 Aleksandrów Kujawski Limanowskiego 12;1409;227;227;9;218;16.11;3.96;1399;586;586;11;575;41.89;1.88
46956;040101;2;Publiczne Gimnazjum Nr 1 im. Lotników Polskich 87-700 Aleksandrów Kujawski Długa 8;1365;186;186;11;175;13.63;5.91;1354;547;547;22;525;40.40;4.02
46957;040101;3;Zespół Szkół Nr 3 87-700 Aleksandrów Kujawski Strażacka 22;1341;256;256;10;246;19.09;3.91;1356;594;594;22;572;43.81;3.70
46958;040101;4;Zespół Szkół Nr 3 87-700 Aleksandrów Kujawski Strażacka 22;583;95;95;3;92;16.30;3.16;559;194;194;7;187;34.70;3.61
46959;040101;5;Szkoła Podstawowa Nr 1 im. Polskich Podróżników 87-700 Aleksandrów Kujawski Sikorskiego 5;1407;286;286;4;282;20.33;1.40;1395;618;618;12;606;44.30;1.94
46960;040101;6;Szkoła Podstawowa Nr 3 im Józefa Wybickiego 87-700 Aleksandrów Kujawski Szkolna 6;1107;275;275;10;265;24.84;3.64;1072;503;503;10;493;46.92;1.99
46961;040101;7;Miejskie Centrum Kultury 87-700 Aleksandrów Kujawski Parkowa 3;1318;304;304;9;295;23.07;2.96;1317;613;613;14;599;46.55;2.28
46962;040101;8;Przedszkole Samorządowe Nr 1 87-700 Aleksandrów Kujawski Wojska Polskiego 19;1281;239;239;11;228;18.66;4.60;1278;587;587;22;565;45.93;3.75
90182;040101;9;Sala przy Izbie Przyjęć Powiatowego Szpitala w Aleksandrowie Kujawskim Sp. z o.o 87-700 Aleksandrów Kujawski, Aleksandrówek Słowackiego 18;114;26;26;2;24;22.81;7.69;124;49;49;2;47;39.52;4.08
90183;040101;10;Świetlica Kolejowego Szpitala Uzdrowiskowego Sp. z o.o w Ciechocinku Oddział Zamiejscowy w Aleksandrowie Kujawskim 87-700 Aleksandrów Kujawski Narutowicz 12;52;20;20;0;20;38.46;0.00;50;8;8;0;8;16.00;0.00
46963;040102;1;Przedszkole Samorządowe Nr 2 87-720 Ciechocinek ul. Wierzbowa 10;1255;424;424;9;415;33.78;2.12;1289;774;774;14;760;60.05;1.81
46964;040102;2;Przedszkole Samorządowe Nr 1 87-720 Ciechocinek ul. Widok 9;1345;535;535;15;520;39.78;2.80;1726;1149;1149;22;1127;66.57;1.91
46965;040102;3;Szkoła Podstawowa Nr 1 87-720 Ciechocinek ul. Kopernika 18;1194;331;331;12;319;27.72;3.63;1248;798;798;35;763;63.94;4.39
46966;040102;4;Szkoła Podstawowa Nr 1 87-720 Ciechocinek ul. Kopernika 18;1289;350;350;9;341;27.15;2.57;1421;783;783;17;766;55.10;2.17
46967;040102;5;Miejski Ośrodek Pomocy Społecznej 87-720 Ciechocinek ul. Kopernika 14;1236;466;466;11;455;37.70;2.36;1277;829;829;18;811;64.92;2.17
46968;040102;6;Gimnazjum 87-720 Ciechocinek ul. Wojska Polskiego 37;1133;411;411;10;401;36.28;2.43;1209;747;747;10;737;61.79;1.34
46969;040102;7;Gimnazjum 87-720 Ciechocinek ul. Wojska Polskiego 37;1722;502;502;11;491;29.15;2.19;1965;1156;1156;30;1126;58.83;2.60
46970;040103;1;Muzeum im. Stanisława Noakowskiego 87-730 Nieszawa ul. Mickiewicza 6;566;133;133;13;120;23.50;9.77;572;264;264;16;248;46.15;6.06
46971;040103;2;Szkoła Podstawowa 87-730 Nieszawa Kościuszki 6;535;138;138;9;129;25.79;6.52;527;276;276;12;264;52.37;4.35
46972;040103;3;Gimnazjum 87-730 Nieszawa Zjazd 5;517;110;110;5;105;21.28;4.55;508;225;225;7;218;44.29;3.11
46973;040104;1;Zespół Szkół 87-710 Służewo ul. Toruńska 8;1418;223;223;17;206;15.73;7.62;1413;515;515;19;496;36.45;3.69
46974;040104;2;Świetlica wiejska 87-700 Nowa Wieś 17a;1245;207;207;7;200;16.63;3.38;1252;495;495;11;484;39.54;2.22
46975;040104;3;Publiczna Szkoła Podstawowa w Przybranowie 87-700 Przybranowo 46;652;66;66;0;66;10.12;0.00;658;238;238;7;231;36.17;2.94
46976;040104;4;Publiczna Szkoła Podstawowa w Ostrowąsie 87-700 Ostrowąs 81;1256;143;143;8;135;11.39;5.59;1258;429;429;26;403;34.10;6.06
46977;040104;5;Remiza OSP 87-700 Odolion ul.Dworcowa 5;1044;209;209;11;198;20.02;5.26;1049;449;449;20;429;42.80;4.45
46978;040104;6;Świetlica wiejska 87-700 Łazieniec ul.Podgórna 1;558;129;129;10;119;23.12;7.75;551;253;253;9;244;45.92;3.56
46979;040104;7;Zespół Szkół 87-700 Stawki Szkolna 4;756;80;80;2;78;10.58;2.50;755;288;288;17;271;38.15;5.90
46980;040104;8;Publiczna Szkoła Podstawowa w Opokach 87-700 Opoki 43;860;107;107;11;96;12.44;10.28;858;303;303;19;284;35.31;6.27
46981;040104;9;Świetlica wiejska 87-720 Wołuszewo 30;1167;223;223;7;216;19.11;3.14;1165;487;487;11;476;41.80;2.26
46982;040105;1;Zespół Szkolno-Przedszkolny w Bądkowie Publiczne Gimnazjum 87-704 Bądkowo ul.Włocławska 13;813;165;165;6;159;20.30;3.64;816;381;381;17;364;46.69;4.46
46983;040105;2;Ochotnicza Straż Pożarna w Wysocinie 87-704 Wysocin 42;880;112;112;7;105;12.73;6.25;869;310;310;27;283;35.67;8.71
46984;040105;3;Świetlica wiejska w Łowiczku 87-704 Łowiczek 19;907;98;98;9;89;10.80;9.18;908;324;324;28;296;35.68;8.64
46985;040105;4;Zespół Szkolno-Przedszkolny w Bądkowie Szkoła Podstawowa 87-704 Bądkowo ul.Włocławska 13;974;139;139;10;129;14.27;7.19;961;412;412;20;392;42.87;4.85
46986;040106;1;Gminny Ośrodek Kultury w Konecku 87-702 Koneck 24;561;72;72;3;69;12.83;4.17;565;191;191;7;184;33.81;3.66
46987;040106;2;Szkoła Podstawowa w Świętem 87-702 Święte 1;493;71;71;3;68;14.40;4.23;473;165;165;6;159;34.88;3.64
46988;040106;3;Szkoła Podstawowa w Straszewie 87-702 Straszewo 17;607;71;71;3;68;11.70;4.23;621;215;215;12;203;34.62;5.58
46989;040106;4;Świetlica Wiejska w Kruszynku 87-702 Kruszynek 8a;518;64;64;3;61;12.36;4.69;517;173;173;9;164;33.46;5.20
46990;040106;5;Zespół Szkół w Konecku 87-702 Koneck Koneck 28;504;108;108;5;103;21.43;4.63;525;211;211;12;199;40.19;5.69
46991;040107;1;Zespół Szkół 87-721 Raciążek ul. Szkolna 3;617;80;80;5;75;12.97;6.25;669;264;264;11;253;39.46;4.17
46992;040107;2;Gminny Ośrodek Kultury Sala Widowiskowa 87-721 Raciążek ul. Wysoka 4;636;129;129;2;127;20.28;1.55;569;241;241;11;230;42.36;4.56
46993;040107;3;Gminny Ośrodek Kultury Kawiarnia 87-721 Raciążek Wysoka 4;616;154;154;6;148;25.00;3.90;620;305;305;13;292;49.19;4.26
46994;040107;4;Remiza Ochotniczej Straży Pożarnej 87-721 Raciążek Rynkowa 6a;538;93;93;3;90;17.29;3.23;535;231;231;9;222;43.18;3.90
90184;040107;5;Świetlica Samodzielnego Publicznego Zakładu Leczniczo-Opiekuńczego 87-721 Raciążek Przedmiejska 1;171;42;42;13;29;24.56;30.95;179;40;40;11;29;22.35;27.50
46995;040108;1;Sala Urzędu Gminy w Wagańcu 87-731 Waganiec ul. Dworcowa 11;671;114;114;3;111;16.99;2.63;665;264;264;10;254;39.70;3.79
46996;040108;2;Gminna Biblioteka Publiczna w Wagańcu 87-731 Waganiec ul. Dworcowa 9;571;97;97;8;89;16.99;8.25;562;255;255;24;231;45.37;9.41
46997;040108;3;Przedszkole w Zespole Szkół im. I.J. Paderewskiego w Zbrachlinie 87-731 Zbrachlin 16;602;100;100;5;95;16.61;5.00;628;260;260;5;255;41.40;1.92
46998;040108;4;Szkoła Podstawowa im. Orła Białego w Niszczewach 87-731 Niszczewy 2;520;54;54;1;53;10.38;1.85;519;183;183;13;170;35.26;7.10
46999;040108;5;Zespół Szkół w Brudnowie 87-731 Brudnowo 25;390;59;59;2;57;15.13;3.39;386;143;143;10;133;37.05;6.99
47000;040108;6;Remiza OSP w Sierzchowie 87-731 Sierzchowo 55;385;57;57;0;57;14.81;0.00;386;149;149;4;145;38.60;2.68
47001;040108;7;Budynek po Szkole Podstawowej w Wólnem 87-731 Wólne 33;484;50;50;3;47;10.33;6.00;489;192;192;12;180;39.26;6.25
47002;040109;1;Dom Kultury 87-707 Zakrzewo ul.Dworcowa 1;595;128;128;12;116;21.51;9.38;602;254;254;12;242;42.19;4.72
47003;040109;2;Publiczna Szkoła Podstawowa 87-707 Zakrzewo ul. Osiedlowa 25;502;59;59;2;57;11.75;3.39;501;172;172;9;163;34.33;5.23
47004;040109;3;Publiczna Szkoła Podstawowa 87-706 Sędzin 27A;935;136;136;9;127;14.55;6.62;924;364;364;21;343;39.39;5.77
47005;040109;4;Szkoła Podstawowa Stowarzyszenia Przyjaciół Szkół Katolickich Siniarzewo 87-705 Siniarzewo 74;803;120;120;4;116;14.94;3.33;798;321;321;21;300;40.23;6.54
90185;040109;5;Świetlica Domu Pomocy Społecznej w Zakrzewie 87-707 Zakrzewo Inowrocławska 20;95;38;38;4;34;40.00;10.53;92;39;39;8;31;42.39;20.51
47006;040201;1;Przedszkole Nr 6 87-300 Brodnica ul. Batalionów Chłopskich 28;1095;258;258;4;254;23.56;1.55;1182;580;580;3;577;49.07;0.52
47007;040201;2;Dom Pomocy Społecznej 87-300 Brodnica ul. Wiejska 1;1093;235;235;10;225;21.50;4.26;1075;518;518;20;498;48.19;3.86
47008;040201;3;Szkoła Podstawowa Nr 2 87-300 Brodnica ul. Kolejowa 62;1728;314;314;9;305;18.17;2.87;1793;805;805;17;788;44.90;2.11
47009;040201;4;Przedszkole Nr 8 87-300 Brodnica ul. Zielona 3;2074;481;481;22;459;23.19;4.57;2027;1054;1054;26;1028;52.00;2.47
47010;040201;5;Brodnicki Dom Kultury 87-300 Brodnica ul. Przykop 43;2024;511;511;15;496;25.25;2.94;1951;978;978;31;947;50.13;3.17
47011;040201;6;Szkoła Podstawowa Nr 1 87-300 Brodnica ul. 3 Maja 2;1044;180;180;6;174;17.24;3.33;990;411;411;21;390;41.52;5.11
47012;040201;7;Pałac Anny Wazówny 87-300 Brodnica ul. Zamkowa 1;1171;319;319;1;318;27.24;0.31;1126;590;590;10;580;52.40;1.69
47013;040201;8;I Liceum Ogólnokształcące 87-300 Brodnica ul. Lidzbarska 14;1896;398;398;14;384;20.99;3.52;1843;811;811;22;789;44.00;2.71
47014;040201;9;Zespół Szkół Nr 1 87-300 Brodnica ul. Matejki 5;1781;399;399;8;391;22.40;2.01;1812;930;930;20;910;51.32;2.15
47015;040201;10;Zespół Szkół Nr 1 87-300 Brodnica ul. Matejki 5;1063;239;239;8;231;22.48;3.35;1046;524;524;10;514;50.10;1.91
47016;040201;11;Przedszkole im. Marii Konopnickiej 87-300 Brodnica ul. Wyspiańskiego 12a;1310;312;312;3;309;23.82;0.96;1263;678;678;15;663;53.68;2.21
47017;040201;12;Przedszkole im. Marii Konopnickiej 87-300 Brodnica ul. Wyspiańskiego 12a;1482;323;323;8;315;21.79;2.48;1469;748;749;14;734;50.92;1.87
47018;040201;13;Warsztat Terapii Zajęciowej 87-300 Brodnica ul. Wyspiańskiego 13;1148;287;287;7;280;25.00;2.44;1110;582;582;15;567;52.43;2.58
47019;040201;14;Szkoła Podstawowa Nr 4 87-300 Brodnica ul. Nowa 34;1554;405;405;5;400;26.06;1.23;1541;821;821;8;813;53.28;0.97
47020;040201;15;Szkoła Podstawowa Nr 4 87-300 Brodnica ul. Nowa 34;1218;171;171;7;164;14.04;4.09;1225;520;520;13;507;42.45;2.50
90186;040201;16;Zespół Opieki Zdrowotnej (Szpital) 87-300 Brodnica ul. Wiejska 9;85;14;14;0;14;16.47;0.00;105;22;22;0;22;20.95;0.00
47021;040202;1;Gminny Ośrodek Kultury 87-327 Bobrowo 52;969;159;159;4;155;16.41;2.52;975;402;402;25;377;41.23;6.22
47022;040202;2;Świetlica wiejska 87-327 Grzybno 56;911;161;161;4;157;17.67;2.48;930;398;398;16;382;42.80;4.02
47023;040202;3;Wiejski Dom Kultury 87-326 Nieżywięć 40;595;65;65;2;63;10.92;3.08;604;217;217;9;208;35.93;4.15
47024;040202;4;Wiejski Dom Kultury 87-326 Nieżywięć 40;787;151;151;8;143;19.19;5.30;782;322;322;13;309;41.18;4.04
47025;040202;5;Świetlica wiejska 87-326 Kruszyny 10;699;97;97;5;92;13.88;5.15;692;203;203;18;185;29.34;8.87
47026;040202;6;Szkoła Podstawowa 87-325 Małki 30;1033;167;167;8;159;16.17;4.79;1036;393;393;15;378;37.93;3.82
90187;040202;7;Zakład Opiekuńczo-Leczniczy 87-327 Wichulec 14a;29;8;8;1;7;27.59;12.50;34;11;11;5;6;32.35;45.45
47027;040203;1;Dom Kultury 87-300 Karbowo ul. Klubowa 25;1382;271;271;5;266;19.61;1.85;1404;680;680;22;658;48.43;3.24
47028;040203;2;Szkoła Podstawowa 87-301 Cielęta 15;936;107;107;3;104;11.43;2.80;948;373;373;11;362;39.35;2.95
47029;040203;3;Gimnazjum 87-301 Szczuka 34;950;132;132;7;125;13.89;5.30;966;403;403;20;383;41.72;4.96
47030;040203;4;Szkoła Podstawowa 87-301 Gortatowo 7;401;70;70;1;69;17.46;1.43;398;164;164;8;156;41.21;4.88
47031;040203;5;Szkoła Podstawowa 87-301 Gorczenica 87;962;161;161;13;148;16.74;8.07;978;385;385;29;356;39.37;7.53
47032;040203;6;Szkoła Podstawowa 87-300 Szabda 59;1315;228;228;7;221;17.34;3.07;1331;527;527;18;509;39.59;3.42
47033;040204;1;Szkoła Podstawowa 87-313 Brzozie;779;158;158;8;150;20.28;5.06;799;373;373;30;343;46.68;8.04
47034;040204;2;Szkoła Podstawowa 87-313 Wielkie Leźno;620;69;69;1;68;11.13;1.45;614;237;237;12;225;38.60;5.06
47035;040204;3;Szkoła Podstawowa 87-313 Jajkowo;648;94;94;5;89;14.51;5.32;641;221;221;11;210;34.48;4.98
47036;040204;4;Gimnazjum 87-313 Brzozie;861;182;182;7;175;21.14;3.85;852;404;404;17;387;47.42;4.21
47037;040205;1;Zespół Szkół 87-320 Górzno ul. Chopina 1;1144;246;246;7;239;21.50;2.85;1140;563;563;24;539;49.39;4.26
47038;040205;2;Gminny Ośrodek Kultury 87-320 Górzno ul. Rynek 14a;449;62;62;2;60;13.81;3.23;450;134;134;7;127;29.78;5.22
47039;040205;3;Niepubliczna Szkoła Podstawowa 87-320 Gołkowo 26;496;67;67;0;67;13.51;0.00;485;174;174;10;164;35.88;5.75
47040;040205;4;Niepubliczna Szkoła Podstawowa 87-320 Miesiączkowo 25;453;80;80;4;76;17.66;5.00;453;176;176;12;164;38.85;6.82
47041;040205;5;Liceum Ogólnokształcące SPSK 87-320 Górzno ul. Kościelna 7;651;126;126;6;120;19.35;4.76;642;277;277;20;257;43.15;7.22
47042;040206;1;Szkoła Podstawowa 87-321 Radoszki;884;160;160;8;152;18.10;5.00;900;377;377;31;346;41.89;8.22
47043;040206;2;Świetlica Wiejska 87-321 Grążawy;1014;187;187;8;179;18.44;4.28;1015;452;452;24;428;44.53;5.31
47044;040206;3;Przedszkole Publiczne 87-321 Łaszewo;622;131;131;1;130;21.06;0.76;610;260;260;10;250;42.62;3.85
47045;040206;4;Publiczne Gimnazjum 87-322 Jastrzębie;1169;152;152;8;144;13.00;5.26;1148;452;452;16;436;39.37;3.54
47046;040207;1;Miejsko-Gminny Ośrodek Kultury 87-330 Jabłonowo Pomorskie ul. Rynek 9;1516;290;290;10;280;19.13;3.45;1493;687;687;37;650;46.01;5.39
47047;040207;2;Szkoła Podstawowa 87-330 Jabłonowo Pomorskie ul. Kościelna 8;1471;254;254;11;243;17.27;4.33;1470;652;652;57;595;44.35;8.74
47048;040207;3;Gimnazjum 87-330 Jabłonowo Pomorskie ul. Słoneczna 2;1491;223;223;3;220;14.96;1.35;1472;543;543;27;516;36.89;4.97
47049;040207;4;Szkoła Podstawowa 87-330 Płowęż 16;582;67;67;3;64;11.51;4.48;585;156;156;14;142;26.67;8.97
47050;040207;5;Spółdzielnia Mieszkaniowa „Osiedle Mileszewy” 87-330 Mileszewy 19;1345;185;185;7;178;13.75;3.78;1310;484;484;25;459;36.95;5.17
47051;040207;6;Szkoła Podstawowa 87-330 Górale 11;848;91;91;2;89;10.73;2.20;836;303;303;20;283;36.24;6.60
47052;040208;1;Szkoła Podstawowa 87-340 Strzygi 46;978;152;152;6;146;15.54;3.95;973;402;402;26;376;41.32;6.47
47053;040208;2;Szkoła Podstawowa 87-340 Osiek 80;1230;185;185;18;167;15.04;9.73;1235;397;397;29;368;32.15;7.30
47054;040208;3;Szkoła Podstawowa 87-340 Osiek 80;1006;131;131;9;122;13.02;6.87;1007;332;332;15;317;32.97;4.52
47055;040209;1;Szkoła Podstawowa (świetlica) 87-335 Świedziebnia 51;1042;307;307;15;292;29.46;4.89;1037;552;552;13;539;53.23;2.36
47056;040209;2;Szkoła Podstawowa (sala nr 7) 87-335 Świedziebnia 51;1134;218;218;10;208;19.22;4.59;1142;482;482;18;464;42.21;3.73
47057;040209;3;Szkoła Podstawowa- Filia 87-335 Michałki 56;551;86;86;1;85;15.61;1.16;551;158;158;7;151;28.68;4.43
47058;040209;4;Szkoła Podstawowa 87-335 Janowo 145A;963;171;171;5;166;17.76;2.92;959;358;358;14;344;37.33;3.91
47059;040209;5;Szkoła Podstawowa- Filia 87-335 Zasady 62;494;142;142;6;136;28.74;4.23;483;228;228;6;222;47.20;2.63
47060;040210;1;Świetlica GOKSiR 87-305 Zbiczno 170;1192;238;238;5;233;19.97;2.10;1186;502;502;19;483;42.33;3.78
47061;040210;2;Remiza OSP 87-312 Pokrzydowo 76A;1324;260;260;15;245;19.64;5.77;1313;620;620;17;603;47.22;2.74
47062;040210;3;Świetlica GOKSiR 87-305 Sumowo 24;838;119;119;17;102;14.20;14.29;868;294;294;13;281;33.87;4.42
47063;040210;4;Świetlica GOKSiR 87-305 Ciche 26;477;122;122;6;116;25.58;4.92;477;216;216;10;206;45.28;4.63
47064;040301;1;SZKOŁA PODSTAWOWA 86-005 BIAŁE BŁOTA UL. CENTRALNA 27;827;210;210;5;205;25.39;2.38;818;427;427;12;415;52.20;2.81
47065;040301;2;SZKOŁA PODSTAWOWA 86-005 BIAŁE BŁOTA UL.CENTRALNA 27;943;297;297;0;297;31.50;0.00;951;561;561;9;552;58.99;1.60
47066;040301;3;SZKOŁA PODSTAWOWA 86-005 BIAŁE BŁOTA UL. CZERSKA 10;755;220;220;9;211;29.14;4.09;775;409;409;15;394;52.77;3.67
47067;040301;4;GIMNAZJUM PUBLICZNE 86-005 BIAŁE BŁOTA UL. CZYSTA 1;689;180;180;3;177;26.12;1.67;705;370;370;7;363;52.48;1.89
47068;040301;5;ZESPÓŁ AKTYWNOŚCI ZAWODOWEJ 86-005 BIAŁE BŁOTA UL. CENTRALNA 27A;1176;266;266;7;259;22.62;2.63;1193;606;606;6;600;50.80;0.99
47069;040301;6;GIMNAZJUM PUBLICZNE 86-005 BIAŁE BŁOTA UL. CZYSTA 1;886;251;251;10;241;28.33;3.98;901;481;481;5;476;53.39;1.04
47070;040301;7;ŚWIETLICA WIEJSKA 86-005 CIELE UL. OSIEDLE 4;969;249;249;6;243;25.70;2.41;999;535;535;23;512;53.55;4.30
47071;040301;8;ŚWIETLICA WIEJSKA 86-005 KRUSZYN KRAJEŃSKI UL.ŚWIERKOWA 5;1125;337;337;16;321;29.96;4.75;1209;704;704;7;697;58.23;0.99
47072;040301;9;ŚWIETLICA WIEJSKA 86-065 LISI OGON UL.WYCZYNOWA 2;596;164;164;3;161;27.52;1.83;613;318;318;5;313;51.88;1.57
47073;040301;10;ŚWIETLICA WIEJSKA 86-065 ŁOCHOWICE UL. SPOKOJNA 3;949;256;256;6;250;26.98;2.34;994;600;600;6;594;60.36;1.00
47074;040301;11;GMINNE CENTRUM KULTURY 86-065 ŁOCHOWO UL. JAŁOWCOWA 7;1181;331;331;11;320;28.03;3.32;1215;703;703;15;688;57.86;2.13
47075;040301;12;ZESPÓŁ SZKÓŁ 86-65 ŁOCHOWO UL. WIERZBOWA 2;1144;337;337;8;329;29.46;2.37;1209;699;699;13;686;57.82;1.86
47076;040301;13;PARAFIALNY PUNKT PRZEDSZKOLNY 86-005 Murowaniec UL. STAROSZKOLNA 13;994;307;307;14;293;30.89;4.56;1081;632;632;13;619;58.46;2.06
47077;040301;14;GMINNE PRZEDZKOLE „WRÓŻKA” W BIAŁYCH BŁOTACH ODDZIAŁ W ZIELONCE 86-005 ZIELONKA UL. BYDGOSKA 11;1069;353;353;9;344;33.02;2.55;1222;712;713;9;703;58.27;1.26
47078;040301;15;SZKOŁA PODSTAWOWA 86-005 PRZYŁĘKI UL. ZABYTKOWA 5;823;222;222;6;216;26.97;2.70;862;479;479;7;472;55.57;1.46
47079;040302;1;Świetlica w BOLUMINIE 86-070 Bolumin Bolumin 30;329;51;51;0;51;15.50;0.00;331;117;117;2;115;35.35;1.71
47080;040302;2;Świetlica w CZEMLEWIE 86-070 Czemlewo 4;505;83;83;2;81;16.44;2.41;513;170;170;6;164;33.14;3.53
47081;040302;3;Świetlica w GZINIE 86-070 Gzin 26;407;82;82;4;78;20.15;4.88;404;179;179;3;176;44.31;1.68
47082;040302;4;ZESPÓŁ SZKÓŁ w Dąbrowie Chełmińskiej oddział zamiejscowy w WAŁDOWIE KRÓLEWSKIM 86-070 Wałdowo Królewskie Długa 32;442;93;93;1;92;21.04;1.08;446;214;214;9;205;47.98;4.21
47083;040302;5;Zespół Szkół w OSTROMECKU 86-070 Ostromecko Szkolna 2;698;128;128;3;125;18.34;2.34;713;289;289;8;281;40.53;2.77
47084;040302;6;Zespół Szkół w OSTROMECKU 86-070 Ostromecko Szkolna 2;770;165;165;7;158;21.43;4.24;781;412;412;9;403;52.75;2.18
47085;040302;7;Zespół Szkół w CZARŻU 86-070 Czarże Chełmińska 47;662;114;114;4;110;17.22;3.51;667;261;261;6;255;39.13;2.30
47086;040302;8;Zespół Szkół w CZARŻU 86-070 Czarże Chełmińska 47;547;85;85;5;80;15.54;5.88;547;198;198;8;190;36.20;4.04
47087;040302;9;Zespół Szkół w DĄBROWIE CHEŁMIŃSKIEJ 86-070 Dąbrowa Chełmińska Sportowa 1;861;126;126;3;123;14.63;2.38;880;340;340;13;327;38.64;3.82
47088;040302;10;Zespół Szkół w DĄBROWIE CHEŁMIŃSKIEJ 86-070 Dąbrowa Chełmińska Sportowa 1;920;163;163;9;154;17.72;5.52;938;397;397;16;381;42.32;4.03
47089;040303;1;ZESPÓŁ SZKÓŁ W DOBRCZU 86-022 DOBRCZ DŁUGA 33;1320;346;346;13;333;26.21;3.76;1382;740;740;26;714;53.55;3.51
47090;040303;2;ZESPÓŁ SZKÓŁ W KOTOMIERZU 86-022 KOTOMIERZ KORONOWSKA 2;1297;253;253;21;232;19.51;8.30;1302;556;556;18;538;42.70;3.24
47091;040303;3;ZESPÓŁ SZKÓŁ W WUDZYNIE 86-022 WUDZYN ZAMKOWA 12;1346;266;266;11;255;19.76;4.14;1379;619;619;23;596;44.89;3.72
47092;040303;4;SZKOŁA PODSTAWOWA W KOZIELCU 86-022 KOZIELEC 24;1078;284;284;6;278;26.35;2.11;1095;544;544;22;522;49.68;4.04
47093;040303;5;ZESPÓŁ SZKÓŁ W BORÓWNIE 86-022 BORÓWNO SZKOLNA 13;952;249;249;14;235;26.16;5.62;988;523;523;9;514;52.94;1.72
47094;040303;6;SZKOŁA PODSTAWOWA W STRZELCACH GÓRNYCH 86-022 STRZELCE GÓRNE SZKOLNA 6;669;158;158;5;153;23.62;3.16;704;384;384;16;368;54.55;4.17
47095;040303;7;ŚWIETLICA WIEJSKA W KUSOWIE 86-022 Kusowo Gdańska 26;594;137;137;11;126;23.06;8.03;594;251;251;10;241;42.26;3.98
47096;040303;8;ZESPÓŁ SZKÓŁ W DOBRCZU 86-022 Dobrcz Długa 33;473;90;90;11;79;19.03;12.22;479;192;192;8;184;40.08;4.17
47097;040303;9;ŚWIETLICA WIEJSKA W WUDZYNKU 86-022 Wudzynek Główna 16;579;134;134;12;122;23.14;8.96;575;258;258;11;247;44.87;4.26
47098;040304;1;Liceum Ogólnokształcące im. Leona Wyczółkowskiego 86-010 Koronowo ul. Szkolna 4;1001;136;136;12;124;13.59;8.82;988;279;279;18;261;28.24;6.45
47099;040304;2;Zespół Szkół 86-010 Koronowo ul. Jana Sobieskiego 16;1196;182;182;9;173;15.22;4.95;1180;339;339;12;327;28.73;3.54
47100;040304;3;Szkoła Podstawowa Nr 2 im. Jana Pawła II 86-010 Koronowo ul. Dworcowa 48;1533;295;295;7;288;19.24;2.37;1501;608;608;20;588;40.51;3.29
47101;040304;4;Gimnazjum Nr 1 im. Komisji Edukacji Narodowej 86-010 Koronowo ul. Pomianowskiego 16;979;263;263;11;252;26.86;4.18;984;529;529;14;515;53.76;2.65
47102;040304;5;Gimnazjum Nr 1 im. Komisji Edukacji Narodowej 86-010 Koronowo ul. Pomianowskiego 16;1073;291;291;6;285;27.12;2.06;1077;559;559;17;542;51.90;3.04
47103;040304;6;Urząd Miejski 86-010 Koronowo ul. Pomianowskiego 1;1065;250;250;12;238;23.47;4.80;1034;503;503;18;485;48.65;3.58
47104;040304;7;Szkoła Podstawowa Nr 2 im. Jana Pawła II 86-010 Koronowo ul. Dworcowa 48;964;195;195;1;194;20.23;0.51;998;493;493;5;488;49.40;1.01
47105;040304;8;Gimnazjum Nr 1 im. Komisji Edukacji Narodowej 86-010 Koronowo ul. Pomianowskiego 16;885;235;235;4;231;26.55;1.70;864;442;442;10;432;51.16;2.26
47106;040304;9;Wiejski Dom Kultury 86-013 Mąkowarsko ul. Tucholska 29;1096;169;169;13;156;15.42;7.69;1092;348;348;18;330;31.87;5.17
47107;040304;10;Świetlica Wiejska 86-010 Nowy Jasiniec 29;595;74;74;2;72;12.44;2.70;608;203;203;8;195;33.39;3.94
47108;040304;11;Zespół Szkół 86-011 Wtelno ul. Szkolna 7;1104;235;235;7;228;21.29;2.98;1114;501;501;13;488;44.97;2.59
47109;040304;12;Szkoła Podstawowa 86-010 Buszkowo 53;868;156;156;10;146;17.97;6.41;859;352;352;6;346;40.98;1.70
47110;040304;13;Szkoła Podstawowa 86-011 Witoldowo 33;623;116;116;9;107;18.62;7.76;617;258;258;14;244;41.82;5.43
47111;040304;14;Zespół Szkół 86-017 Wierzchucin Królewski 35;959;194;194;9;185;20.23;4.64;965;366;366;10;356;37.93;2.73
47112;040304;15;Liceum Ogólnokształcące im. Leona Wyczółkowskiego 86-010 Koronowo ul. Szkolna 4;966;100;100;2;98;10.35;2.00;974;321;321;9;312;32.96;2.80
47113;040304;16;Świetlica Wiejska 86-010 Salno 51;677;116;116;5;111;17.13;4.31;667;255;255;8;247;38.23;3.14
47114;040304;17;Świetlica Wiejska 86-013 Lucim;777;126;126;5;121;16.22;3.97;751;247;247;12;235;32.89;4.86
47115;040304;18;Świetlica Wiejska 86-017 Wiskitno;891;150;150;4;146;16.84;2.67;897;299;299;25;274;33.33;8.36
47116;040304;19;Świetlica Wiejska 86-011 Tryszczyn;927;266;266;10;256;28.69;3.76;935;534;534;4;530;57.11;0.75
47117;040304;20;Świetlica Wiejska 86-010 Samociążek;326;111;111;0;111;34.05;0.00;353;195;195;10;185;55.24;5.13
47118;040304;21;Świetlica Wiejska 86-017 Krąpiewo;205;63;63;4;59;30.73;6.35;196;84;84;0;84;42.86;0.00
90188;040304;22;Dom Pomocy Społecznej 86-010 Koronowo ul. Paderewskiego 35;31;16;16;2;14;51.61;12.50;31;18;18;3;15;58.06;16.67
90189;040304;23;Zakład Karny 86-010 Koronowo ul. Bydgoska 27;642;176;176;6;170;27.41;3.41;622;220;220;18;202;35.37;8.18
47119;040305;1;GMINNY OŚRODEK POMOCY SPOŁECZNEJ 86-060 NOWA WIEŚ WIELKA OGRODOWA 2A;1635;288;288;15;273;17.61;5.21;1624;672;672;27;645;41.38;4.02
47120;040305;2;GIMNAZJUM 86-061 BRZOZA POWSTAŃCÓW WIELKOPOLSKICH 31A;1626;361;361;13;348;22.20;3.60;1651;779;779;17;762;47.18;2.18
47121;040305;3;GIMNAZJUM 86-060 NOWA WIEŚ WIELKA OGRODOWA 1;1234;211;211;12;199;17.10;5.69;1246;555;555;12;543;44.54;2.16
47122;040305;4;GIMNAZJUM 86-061 BRZOZA POWSTAŃCÓW WIELKOPOLSKICH 31A;1345;378;378;6;372;28.10;1.59;1360;749;749;10;739;55.07;1.34
47123;040305;5;ŚWIETLICA WIEJSKA 86-061 NOWE SMOLNO 10;475;83;83;0;83;17.47;0.00;499;221;221;1;220;44.29;0.45
47124;040305;6;ŚWIETLICA WIEJSKA 86-060 PRĄDOCIN BYDGOSKA 14;577;133;133;11;122;23.05;8.27;619;303;303;11;292;48.95;3.63
47125;040305;7;ŚWIETLICA WIEJSKA 86-060 DĄBROWA WIELKA 17;507;58;58;8;50;11.44;13.79;186;44;44;3;41;23.66;6.82
47126;040306;1;ZESPÓŁ SZKÓŁ W OSIELSKU 86-031 OSIELSKO CENTRALNA 7;1317;535;535;19;516;40.62;3.55;1363;968;968;6;962;71.02;0.62
47127;040306;2;ŚWIETLICA ŻOŁĘDOWO 86-031 ŻOŁĘDOWO WIERZBOWA 4;1130;302;302;5;297;26.73;1.66;1144;643;643;17;626;56.21;2.64
47128;040306;3;ŚWIETLICA MAKSYMILIANOWO 86-021 MAKSYMILIANOWO KOŚCIELNA 2;1253;370;370;14;356;29.53;3.78;1292;719;719;16;703;55.65;2.23
47129;040306;4;ŚWIETLICA JARUŻYN 86-031 JARUŻYN STAROWIEJSKA 16;379;106;106;4;102;27.97;3.77;396;205;205;7;198;51.77;3.41
47130;040306;5;SZKOŁA PODSTAWOWA W NIEMCZU 86-032 NIEMCZ BYDGOSKA 35;1452;651;651;18;633;44.83;2.76;759;528;528;11;517;69.57;2.08
47131;040306;6;ŚWIETLICA BOŻENKOWO 86-021 BOŻENKOWO HARCERSKA 2;321;61;61;1;60;19.00;1.64;322;134;134;7;127;41.61;5.22
47132;040306;7;ŚWIETLICA NIWY-WILCZE 86-031 Wilcze Słupska 4;630;198;198;7;191;31.43;3.54;663;393;393;5;388;59.28;1.27
47133;040306;8;ZESPÓŁ SZKÓŁ W OSIELSKU 86-031 OSIELSKO CENTRALNA 7;1355;421;421;10;411;31.07;2.38;1383;840;840;11;829;60.74;1.31
47134;040306;9;GMINNY OŚRODEK KULTURY OSIELSKO 86-031 Osielsko SZOSA GDAŃSKA 57;622;199;199;1;198;31.99;0.50;678;429;429;7;422;63.27;1.63
47135;040306;10;SZKOŁA PODSTAWOWA W NIEMCZU 86-032 Niemcz Bydgoska 35;728;311;311;3;308;42.72;0.96;726;539;539;6;533;74.24;1.11
47136;040307;1;ŚWIETLICA WIEJSKA W MURUCINIE 86-017 MURUCIN 7;451;92;92;13;79;20.40;14.13;444;181;181;9;172;40.77;4.97
47137;040307;2;SZKOŁA PODSTAWOWA W TRZEMIĘTOWIE 86-014 TRZEMIĘTOWO 2;1005;167;167;6;161;16.62;3.59;1009;389;389;22;367;38.55;5.66
47138;040307;3;ZESPÓŁ SZKÓŁ W WOJNOWIE 86-014 WOJNOWO 1;634;106;106;6;100;16.72;5.66;613;227;227;12;215;37.03;5.29
47139;040307;4;ŚWIETLICA WIEJSKA W MOCHLU 86-014 MOCHLE 74;548;138;138;2;136;25.18;1.45;554;247;247;10;237;44.58;4.05
47140;040307;5;ŚWIETLICA WIEJSKA W OSÓWCU 86-014 OSÓWIEC DĄBROWIECKA 1;1126;330;330;12;318;29.31;3.64;1168;594;594;11;583;50.86;1.85
47141;040307;6;SZKOŁA PODSTAWOWA W SAMSIECZNIE 86-014 SAMSIECZNO 34A;500;57;57;5;52;11.40;8.77;506;180;180;14;166;35.57;7.78
47142;040307;7;IZBA TRADYCJI KULTURALNEJ W SICIENKU 86-014 SICIENKO BYDGOSKA 6;924;224;224;12;212;24.24;5.36;939;438;438;12;426;46.65;2.74
47143;040307;8;WIEJSKI DOM KULTURY W STRZELEWIE 86-014 STRZELEWO 30;452;119;119;15;104;26.33;12.61;450;145;145;9;136;32.22;6.21
47144;040307;9;WIEJSKI DOM KULTURY W KRUSZYNIE 86-014 KRUSZYN STRAŻACKA 9;1386;342;342;12;330;24.68;3.51;1457;731;731;20;711;50.17;2.74
47145;040307;10;ŚWIETLICA WIEJSKA W ZIELONCZYNIE 86-014 ZIELONCZYN 60B;439;146;146;10;136;33.26;6.85;444;251;251;5;246;56.53;1.99
90190;040307;11;ZAKŁAD KARNY W KORONOWIE ODDZIAŁ ZEWNĘTRZNY W STRZELEWIE 86-014 STRZELEWO 61;247;45;45;5;40;18.22;11.11;233;78;78;7;71;33.48;8.97
47146;040308;1;GIMNAZJUM PUBLICZNE NR 2 86-050 SOLEC KUJAWSKI UL. 29 LISTOPADA 7;1608;294;294;8;286;18.28;2.72;1605;752;752;19;733;46.85;2.53
47147;040308;2;GIMNAZJUM PUBLICZNE NR 2 86-050 SOLEC KUJAWSKI UL. 29 LISTOPADA 7;1951;460;460;6;454;23.58;1.30;1940;1092;1092;21;1071;56.29;1.92
47148;040308;3;SZKOŁA MUZYCZNA I STOPNIA IM. FRYDERYKA CHOPINA W SOLCU KUJAWSKIM 86-050 SOLEC KUJAWSKI UL. KOŚCIUSZKI 12;924;240;240;4;236;25.97;1.67;909;464;464;6;458;51.05;1.29
47149;040308;4;SZKOŁA PODSTAWOWA NR 4 86-050 SOLEC KUJAWSKI UL. JULIUSZA SŁOWACKIEGO 4;1175;326;326;8;318;27.74;2.45;1146;602;602;17;585;52.53;2.82
47150;040308;5;SZKOŁA PODSTAWOWA NR 4 86-050 SOLEC KUJAWSKI UL. JULIUSZA SŁOWACKIEGO 4;1162;287;287;16;271;24.70;5.57;1153;566;566;29;537;49.09;5.12
47151;040308;6;ZESPÓŁ SZKÓŁ OGÓLNOKSZTAŁCĄCYCH I ZAWODOWYCH 86-050 SOLEC KUJAWSKI UL. 23 STYCZNIA 13;1741;386;386;15;371;22.17;3.89;1683;753;753;21;732;44.74;2.79
47152;040308;7;ZESPÓŁ SZKÓŁ W SOLCU KUJWSKIM 86-050 SOLEC KUJAWSKI UL. TARTACZNA 25;1685;384;384;12;372;22.79;3.12;1678;845;845;16;829;50.36;1.89
47153;040308;8;ZESPÓŁ SZKÓŁ W SOLCU KUJAWSKIM 86-050 SOLEC KUJAWSKI UL. TARTACZNA 25;1194;198;198;10;188;16.58;5.05;1152;520;520;8;512;45.14;1.54
47154;040308;9;ŚWIETLICA „JAGÓDKA” 86-050 SOLEC KUJAWSKI UL. KUJAWSKA 17A;644;103;103;5;98;15.99;4.85;674;310;310;12;298;45.99;3.87
47155;040308;10;ŚWIETLICA WIEJSKA CHROŚNA 86-050 Chrośna 11;125;23;23;1;22;18.40;4.35;128;50;50;0;50;39.06;0.00
47156;040308;11;ŚWIETLICA WIEJSKA PRZYŁUBIE 86-050 Przyłubie 8;185;39;39;2;37;21.08;5.13;188;70;70;3;67;37.23;4.29
47157;040308;12;ŚWIETLICA „MAKOWIANKA” MAKOWISKA 86-050 Makowiska 14;493;85;85;5;80;17.24;5.88;510;195;195;5;190;38.24;2.56
47158;040401;1;Gimnazjum Nr 1 86-200 Chełmno ul. Szkolna 6;1057;234;234;15;219;22.14;6.41;1047;432;432;29;403;41.26;6.71
47159;040401;2;Zespół Szkół Ogólnokształcących Nr 1 86-200 Chełmno ul. Dominikańska 35;963;199;199;7;192;20.66;3.52;928;402;402;12;390;43.32;2.99
47160;040401;3;Zespół Szkół Ogólnokształcących Nr 1 86-200 Chełmno ul. Dominikańska 35;1037;161;161;8;153;15.53;4.97;1009;350;350;25;325;34.69;7.14
47161;040401;4;Szkoła Podstawowa Nr 2 86-200 Chełmno ul. 22 Stycznia 4;1012;145;145;4;141;14.33;2.76;977;305;305;21;284;31.22;6.89
47162;040401;5;Gimnazjum nr 1 86-200 Chełmno ul. Szkolna 6;1183;275;275;10;265;23.25;3.64;1132;582;582;10;572;51.41;1.72
47163;040401;6;Szkoła Podstawowa nr 2 86-200 Chełmno ul. 22 Stycznia 4;1002;243;243;7;236;24.25;2.88;1017;548;548;14;534;53.88;2.55
47164;040401;7;Miejski Ośrodek Profilaktyki i Rozwiązywania Problemów Uzależnień 86-200 Chełmno ul. Kamionka 3;992;134;134;3;131;13.51;2.24;963;367;367;11;356;38.11;3.00
47165;040401;8;Gimnazjum Nr 2 86-200 Chełmno ul. Kościuszki 11;929;270;270;7;263;29.06;2.59;863;466;466;7;459;54.00;1.50
47166;040401;9;Gimnazjum Nr 2 86-200 Chełmno ul. Kościuszki 11;909;247;247;2;245;27.17;0.81;900;455;455;5;450;50.56;1.10
47167;040401;10;Szkoła Podstawowa nr 4 86-200 Chełmno os. M.C. Skłodowskiej 16;1056;250;250;7;243;23.67;2.80;1064;589;589;20;569;55.36;3.40
47168;040401;11;Spółdzielnia Mieszkaniowa 86-200 Chełmno ul. Młyńska 7;1050;264;264;7;257;25.14;2.65;1033;515;515;15;500;49.85;2.91
47169;040401;12;Szkoła Podstawowa Nr 4 86-200 Chełmno os. M.C.Skłodowskiej 16;995;281;281;15;266;28.24;5.34;961;496;496;13;483;51.61;2.62
47170;040401;13;Szkoła Podstawowa Nr 4 86-200 Chełmno os. M.C.Skłodowskiej 16;1023;209;209;6;203;20.43;2.87;1002;518;518;18;500;51.70;3.47
47171;040401;14;Szkoła Podstawowa Specjalna 86-200 Chełmno ul. Dworcowa 20/22;1186;235;235;7;228;19.81;2.98;1193;547;547;20;527;45.85;3.66
47172;040401;15;Szkoła Podstawowa Specjalna 86-200 Chełmno ul. Dworcowa 20/22;1047;212;212;14;198;20.25;6.60;1090;476;476;23;453;43.67;4.83
90191;040401;16;Samodzielny Publiczny Zespół Opieki Zdrowotnej 86-200 Chełmno Plac dr Rydygiera 1;125;14;14;1;13;11.20;7.14;143;37;37;3;34;25.87;8.11
90192;040401;17;Oddział Zewnętrzny Zakładu Karnego nr 2 86-200 Chełmno ul. 22 Stycznia 3a;64;20;20;0;20;31.25;0.00;65;32;32;5;27;49.23;15.62
90193;040401;18;Dom Pomocy Społecznej 86-200 Chełmno ul. Dominikańska 40;29;16;16;2;14;55.17;12.50;31;17;17;1;16;54.84;5.88
47173;040402;1;Zespół Szkół 86-200 Starogród 33;1218;165;165;4;161;13.55;2.42;1223;430;430;10;420;35.16;2.33
47174;040402;2;Szkoła Podstawowa im. Mikołaja Kopernika 86-200 Kolno 33;1191;168;168;7;161;14.11;4.17;1200;409;409;14;395;34.08;3.42
47175;040402;3;Publiczne Gimnazjum im. Ziemi Chełmińskiej 86-200 Podwiesk 43;928;92;92;5;87;9.91;5.43;937;275;275;7;268;29.35;2.55
47176;040402;4;Szkoła Podstawowa im. Bronisława Malinowskiego 86-200 Małe Łunawy 21;1007;170;170;2;168;16.88;1.18;1064;412;412;14;398;38.72;3.40
47177;040403;1;Szkoła Podstawowa 86-200 Brzozowo 88;781;143;143;5;138;18.31;3.50;764;361;361;7;354;47.25;1.94
47178;040403;2;Zespół Publicznych Szkół 86-253 Kijewo Królewskie ul. Św. Wawrzyńca 6;1112;197;197;9;188;17.72;4.57;1116;507;507;19;488;45.43;3.75
47179;040403;3;Świetlica Wiejska 86-253 Płutowo;616;114;114;5;109;18.51;4.39;623;208;208;8;200;33.39;3.85
47180;040403;4;Szkoła Podstawowa 86-253 Trzebczyk 2;473;48;48;2;46;10.15;4.17;478;168;168;14;154;35.15;8.33
47181;040403;5;Szkoła Podstawowa 86-253 Trzebcz Szlachecki 18;539;78;78;5;73;14.47;6.41;525;182;182;10;172;34.67;5.49
47182;040404;1;Szkoła Podstawowa 86-230 Krusin 53;888;95;95;8;87;10.70;8.42;898;308;308;16;292;34.30;5.19
47183;040404;2;Szkoła Podstawowa 86-230 Lisewo ul. Toruńska 16;1359;235;235;9;226;17.29;3.83;1364;613;613;24;589;44.94;3.92
47184;040404;3;Gminne Gimnazjum 86-230 Lisewo ul. Toruńska 17;1004;129;129;7;122;12.85;5.43;959;343;343;18;325;35.77;5.25
47185;040404;4;Świetlica Środowiskowa 86-230 Pniewite 1;828;92;92;1;91;11.11;1.09;835;294;295;20;274;35.21;6.80
47186;040405;1;Szkoła Podstawowa im. Mikołaja Kopernika 86-221 Dubielno 14;568;94;94;7;87;16.55;7.45;552;186;186;2;184;33.70;1.08
47187;040405;2;Świetlica Wiejska 86-221 Nowy Dwór Królewski;606;60;60;3;57;9.90;5.00;599;170;170;7;163;28.38;4.12
47188;040405;3;Gimnazjum im. Noblistów Polskich 86-221 Papowo Biskupie 129A;1143;181;181;10;171;15.84;5.52;1139;432;432;14;418;37.93;3.24
47189;040405;4;Szkoła Podstawowa im. Romualda Traugutta 86-221 Zegartowice 13;596;99;99;5;94;16.61;5.05;586;204;204;5;199;34.81;2.45
47190;040405;5;Świetlica Wiejska 86-221 Jeleniec 60A;568;63;63;0;63;11.09;0.00;575;169;169;9;160;29.39;5.33
47191;040406;1;Świetlica wiejska 86-212 Cepno;449;67;67;6;61;14.92;8.96;444;130;130;10;120;29.28;7.69
47192;040406;2;Szkoła Podstawowa 86-212 Małe Czyste;424;79;79;5;74;18.63;6.33;434;151;151;3;148;34.79;1.99
47193;040406;3;Świetlica wiejska 86-212 Grubno;490;146;146;10;136;29.80;6.85;485;221;221;10;211;45.57;4.52
47194;040406;4;Zespół Szkół Nr 1 86-212 Stolno;946;149;149;5;144;15.75;3.36;938;331;331;24;307;35.29;7.25
47195;040406;5;Świetlica wiejska 86-212 Wabcz;628;108;108;3;105;17.20;2.78;634;256;256;6;250;40.38;2.34
47196;040406;6;Zespół Szkół Nr 2 86-212 Robakowo;1108;212;212;12;200;19.13;5.66;1117;412;412;15;397;36.88;3.64
47197;040407;1;Zespół Szkół 86-260 Unisław ul. Lipowa 33;1363;300;300;11;289;22.01;3.67;1399;707;707;15;692;50.54;2.12
47198;040407;2;Hala Widowiskowo-Sportowa 86-260 Unisław ul. Spokojna 16;1192;184;184;7;177;15.44;3.80;1163;421;421;14;407;36.20;3.33
47199;040407;3;Gminny Ośrodek Kultury 86-260 Unisław ul. Parkowa 22;1101;151;151;5;146;13.71;3.31;1114;431;431;16;415;38.69;3.71
47200;040407;4;Szkoła Podstawowa 86-260 Kokocko 49;591;90;90;1;89;15.23;1.11;576;196;196;16;180;34.03;8.16
47201;040407;5;Przedszkole Gminne Krasnoludek 86-260 Unisław ul. Lipowa 31;1102;204;204;8;196;18.51;3.92;1117;533;533;18;515;47.72;3.38
47202;040501;1;Szkoła Podstawowa Nr 1 im. Konstytucji 3 Maja 87-400 Golub-Dobrzyń ul. Zamkowa 19;1466;230;230;11;219;15.69;4.78;1463;553;553;30;523;37.80;5.42
47203;040501;2;Urząd Miasta 87-400 Golub-Dobrzyń ul. Plac Tysiąclecia 25;1816;326;326;13;313;17.95;3.99;1829;735;735;27;708;40.19;3.67
47204;040501;3;Gimnazjum im. Ignacego Działyńskiego 87-400 Golub-Dobrzyń ul. Szkolna 37;1362;263;263;6;257;19.31;2.28;1341;538;538;14;524;40.12;2.60
47205;040501;4;Ośrodek Sportu i Rekreacji 87-400 Golub-Dobrzyń ul. Sportowa 8;2109;510;510;14;496;24.18;2.75;2116;1052;1052;33;1019;49.72;3.14
47206;040501;5;Zespół Szkół Miejskich 87-400 Golub-Dobrzyń ul. Żeromskiego 11;1894;392;392;10;382;20.70;2.55;1846;965;965;27;938;52.28;2.80
47207;040501;6;Zespół Szkół Miejskich 87-400 Golub-Dobrzyń ul. Żeromskiego 11;1317;228;228;15;213;17.31;6.58;1296;523;523;7;516;40.35;1.34
90194;040501;7;Szpital Powiatowy Sp. z o.o. 87-400 Golub-Dobrzyń ul. Dr J. G. Koppa 1E;134;11;11;1;10;8.21;9.09;68;9;9;0;9;13.24;0.00
47208;040502;1;Szkoła Podstawowa 87-408 Ciechocin 167;852;164;164;4;160;19.25;2.44;866;400;400;16;384;46.19;4.00
47209;040502;2;Świetlica wiejska 87-408 Elgiszewo 115;612;110;110;8;102;17.97;7.27;604;275;275;14;261;45.53;5.09
47210;040502;3;Gimnazjum im. Czesława Miłosza 87-408 Nowa Wieś 20;822;147;147;8;139;17.88;5.44;813;315;315;5;310;38.75;1.59
47211;040502;4;Szkoła Podstawowa im. Bohaterów Września 1939 r. 87-408 Świętosław 36;870;115;115;6;109;13.22;5.22;887;348;348;27;321;39.23;7.76
47212;040503;1;Szkoła Podstawowa im. Komisji Edukacji Narodowej 87-400 Wrocki 14;1494;201;201;20;181;13.45;9.95;1495;538;538;38;500;35.99;7.06
47213;040503;2;Publiczne Gimnazjum im. Mikołaja Kopernika 87-400 Gałczewo 7;1400;203;203;4;199;14.50;1.97;1403;492;492;27;465;35.07;5.49
47214;040503;3;Szkoła Podstawowa im. Tadeusza Jędryczki 87-400 Ostrowite 42;1142;158;158;13;145;13.84;8.23;1170;437;437;12;425;37.35;2.75
47215;040503;4;Szkoła Podstawowa im. Tadeusza Kościuszki 87-400 Nowogród 32;1405;231;231;13;218;16.44;5.63;1448;629;629;23;606;43.44;3.66
47216;040503;5;Urząd Gminy 87-400 Golub-Dobrzyń ul. Plac Tysiąclecia 25;1381;166;166;5;161;12.02;3.01;1433;510;510;14;496;35.59;2.75
47217;040504;1;Szkoła Podstawowa 87-410 Kowalewo Pomorskie ul. Konopnickiej 13;1921;494;494;16;478;25.72;3.24;1901;917;917;25;892;48.24;2.73
47218;040504;2;Miejsko-Gminny Ośrodek Kultury 87-410 Kowalewo Pomorskie Plac Wolności 13;2049;456;456;14;442;22.25;3.07;2087;986;986;35;951;47.24;3.55
47219;040504;3;Szkoła Podstawowa 87-410 Wielka Łąka;1212;203;203;16;187;16.75;7.88;1218;460;460;9;451;37.77;1.96
47220;040504;4;Szkoła Podstawowa 87-410 Pluskowęsy;1305;179;179;11;168;13.72;6.15;1312;490;490;20;470;37.35;4.08
47221;040504;5;Świetlica wiejska 87-410 Chełmonie;530;113;113;4;109;21.32;3.54;527;214;214;9;205;40.61;4.21
47222;040504;6;Świetlica wiejska 87-410 Mlewiec;441;70;70;3;67;15.87;4.29;441;168;168;9;159;38.10;5.36
47223;040504;7;Szkoła Podstawowa 87-410 Wielkie Rychnowo;1169;203;203;6;197;17.37;2.96;1183;493;493;15;478;41.67;3.04
47224;040504;8;Świetlica wiejska 87-410 Sierakowo;486;80;80;2;78;16.46;2.50;488;174;174;3;171;35.66;1.72
47225;040505;1;Publiczne Gimnazjum im. Fryderyka Chopina 87-404 Radomin 14;839;174;174;8;166;20.74;4.60;830;366;366;13;353;44.10;3.55
47226;040505;2;Wiejski Dom Kultury 87-404 Dulsk 69;635;147;147;8;139;23.15;5.44;643;280;280;10;270;43.55;3.57
47227;040505;3;Szkoła Podstawowa im. Dziewanowskich 87-404 Płonne 69;1136;162;162;8;154;14.26;4.94;1163;413;413;9;404;35.51;2.18
47228;040505;4;Szkoła Podstawowa 87-404 Radomin 21;660;73;73;3;70;11.06;4.11;679;256;256;9;247;37.70;3.52
47229;040506;1;Zespół Szkół 87-645 Działyń 57;1122;149;149;9;140;13.28;6.04;1124;383;383;19;364;34.07;4.96
47230;040506;2;Szkoła Podstawowa 87-645 Ruże 5;439;90;90;10;80;20.50;11.11;445;185;185;15;170;41.57;8.11
47231;040506;3;Szkoła Podstawowa 87-645 Klonowo 62;810;103;103;5;98;12.72;4.85;812;234;234;17;217;28.82;7.26
47232;040506;4;Publiczne Gimnazjum 87-645 Zbójno 178;1118;227;227;10;217;20.30;4.41;1113;415;415;18;397;37.29;4.34
47233;040601;1;Remizo-świetlica 86-302 Wielki Wełcz 17;276;49;49;5;44;17.75;10.20;277;119;119;6;113;42.96;5.04
47234;040601;2;Zespół Szkół 86-302 Mokre 122;1004;151;151;3;148;15.04;1.99;1023;383;383;19;364;37.44;4.96
47235;040601;3;Szkoła Podstawowa 86-302 Nowa Wieś ul. Grudziądzka 43;1442;280;280;3;277;19.42;1.07;1444;648;648;12;636;44.88;1.85
47236;040601;4;Zespół Szkół 86-302 Piaski 10;1215;196;196;4;192;16.13;2.04;1229;457;457;5;452;37.18;1.09
47237;040601;5;Zespół Szkół 86-302 Wałdowo Szlacheckie 57;1267;246;246;12;234;19.42;4.88;1281;584;584;12;572;45.59;2.05
47238;040601;6;Gminny Ośrodek Kultury 86-302 Mały Rudnik 35A;1416;283;283;7;276;19.99;2.47;1438;702;702;10;692;48.82;1.42
47239;040601;7;Szkoła Podstawowa 86-302 Sosnówka 3;588;82;82;4;78;13.95;4.88;578;196;196;5;191;33.91;2.55
47240;040601;8;„Solanum” Rolno-Produkcyjna Sp. z o.o. 86-302 Wielkie Lniska 1A;482;58;58;8;50;12.03;13.79;467;166;166;13;153;35.55;7.83
47241;040601;9;Szkoła Podstawowa 86-302 Dusocin 9;353;46;46;4;42;13.03;8.70;342;130;130;12;118;38.01;9.23
47242;040601;10;Szkoła Podstawowa 86-302 Węgrowo 46;711;147;147;5;142;20.68;3.40;728;383;383;5;378;52.61;1.31
47243;040601;11;Swojska Chata 86-302 Świerkocin 38B;489;97;97;1;96;19.84;1.03;482;204;204;2;202;42.32;0.98
47244;040602;1;Zespół Szkół 86-330 Gruta;834;183;183;8;175;21.94;4.37;821;379;379;8;371;46.16;2.11
47245;040602;2;Przedszkole Samorządowe 86-330 Mełno;1022;164;164;7;157;16.05;4.27;988;340;340;14;326;34.41;4.12
47246;040602;3;Szkoła Podstawowa 86-330 Nicwałd;672;134;134;6;128;19.94;4.48;658;278;278;6;272;42.25;2.16
47247;040602;4;Szkoła Podstawowa 86-330 Boguszewo;604;89;89;7;82;14.74;7.87;596;239;239;14;225;40.10;5.86
47248;040602;5;Świetlica wiejska 86-330 Okonin;767;113;113;3;110;14.73;2.65;754;282;282;9;273;37.40;3.19
47249;040602;6;Szkoła Podstawowa 86-330 Dąbrówka Królewska;498;55;55;6;49;11.04;10.91;496;143;143;6;137;28.83;4.20
47250;040602;7;Zespół Szkół 86-330 Gruta;885;103;103;8;95;11.64;7.77;888;308;308;12;296;34.68;3.90
47251;040603;1;Zespół Szkół Ponadgimnazjalnych im. Kazimierza Jagiellończyka 86-320 Łasin ul. Odrodzenia Polski 3;896;178;178;9;169;19.87;5.06;874;381;381;20;361;43.59;5.25
47252;040603;2;Miejsko-Gminny Ośrodek Kultury i Sportu 86-320 Łasin ul. Curie- Skłodowskiej 1;820;182;182;12;170;22.20;6.59;813;354;354;7;347;43.54;1.98
47253;040603;3;Warsztaty Terapii Zajęciowej im. Jana Pawła II 86-320 Łasin ul. Ks. Kard. Wyszyńskiego 1;900;212;212;13;199;23.56;6.13;904;415;415;16;399;45.91;3.86
47254;040603;4;Zespół Szkół Publicznych im. Bojowników o Wolność i Demokrację 86-320 Łasin ul. Curie-Skłodowskiej 14;643;108;108;5;103;16.80;4.63;652;230;230;13;217;35.28;5.65
47255;040603;5;Szkoła Podstawowa 86-320 Szonowo Szlacheckie 81;786;72;72;3;69;9.16;4.17;779;258;258;9;249;33.12;3.49
47256;040603;6;Szkoła Podstawowa 86-320 Wydrzno 9;830;112;112;9;103;13.49;8.04;831;255;255;12;243;30.69;4.71
47257;040603;7;Gimnazjum Nr 2 86-320 Jankowice 18;861;70;70;6;64;8.13;8.57;845;246;246;12;234;29.11;4.88
47258;040603;8;Remiza Strażacka 86-320 Szczepanki;704;103;103;6;97;14.63;5.83;701;211;211;7;204;30.10;3.32
90195;040603;9;Samodzielny Publiczny Zakład Opieki Zdrowotnej im. Macieja z Miechowa 86-320 Łasin ul. Grudziądzka 2;66;5;5;0;5;7.58;0.00;46;5;5;1;4;10.87;20.00
47259;040604;1;Zespół Szkół 87-220 Radzyń Chełmiński ul. Sady 18;827;119;119;5;114;14.39;4.20;819;280;280;14;266;34.19;5.00
47260;040604;2;Zespół Szkół 87-220 Radzyń Chełmiński ul. Sady 18;727;81;81;8;73;11.14;9.88;724;226;226;5;221;31.22;2.21
47261;040604;3;Budynek poszkolny 87-220 Zielnowo 32;670;31;31;2;29;4.63;6.45;668;177;177;15;162;26.50;8.47
47262;040604;4;Budynek poszkolny 87-220 Szumiłowo 13;487;57;57;3;54;11.70;5.26;493;166;166;1;165;33.67;0.60
47263;040604;5;Przedszkole Samorządowe 87-220 Radzyń Chełmiński ul. Sady 18;561;69;69;3;66;12.30;4.35;545;195;195;11;184;35.78;5.64
47264;040604;6;Budynek Szkoły Podstawowej 87-220 Rywałd 46;530;90;90;5;85;16.98;5.56;527;208;208;14;194;39.47;6.73
47265;040605;1;Stowarzyszenie Kulturalno-Oświatowe „PROMIEŃ” 86-318 Szembruk;992;124;124;12;112;12.50;9.68;985;344;344;5;339;34.92;1.45
47266;040605;2;Gminny Ośrodek Kultury 86-318 Rogóźno 91c;1184;218;218;7;211;18.41;3.21;1197;506;506;20;486;42.27;3.95
47267;040605;3;Szkoła Podstawowa 86-318 Białochowo;621;56;56;0;56;9.02;0.00;618;197;197;13;184;31.88;6.60
47268;040605;4;Świetlica wiejska 86-318 Rogóźno-Zamek;427;94;94;5;89;22.01;5.32;425;157;157;4;153;36.94;2.55
47269;040606;1;Szkoła Podstawowa im. Józefa Wybickiego 86-341 Linowo;656;47;47;3;44;7.16;6.38;647;137;137;10;127;21.17;7.30
47270;040606;2;Szkoła Podstawowa im. ks. Jana Twardowskiego 86-342 Lisnowo;969;118;118;7;111;12.18;5.93;974;289;289;13;276;29.67;4.50
47271;040606;3;Środowiskowy Dom Samopomocy 86-341 Świecie nad Osą 2;607;115;115;4;111;18.95;3.48;599;263;263;2;261;43.91;0.76
47272;040606;4;Szkoła Podstawowa 86-341 Bursztynowo;706;104;104;8;96;14.73;7.69;723;230;230;9;221;31.81;3.91
47273;040606;5;Świetlica Wiejska 86-320 Mędrzyce;423;46;46;9;37;10.87;19.57;415;88;88;6;82;21.20;6.82
47274;040701;1;FILIA NR 4 BIBLIOTEKI MIEJSKIEJ IM. JANA KASPROWICZA 88-100 INOWROCŁAW UL. POPRZECZNA 29;1465;316;316;10;306;21.57;3.16;1440;674;674;21;653;46.81;3.12
47275;040701;2;GIMNAZJUM NR 1 IM ŚW. WOJCIECHA 88-100 INOWROCŁAW UL. TORUŃSKA 46-48;1160;342;342;16;326;29.48;4.68;1162;676;676;13;663;58.18;1.92
47276;040701;3;GIMNAZJUM NR 1 IM. ŚW. WOJCIECHA 88-100 INOWROCŁAW UL. TORUŃSKA 46-48;1098;162;162;10;152;14.75;6.17;1096;377;377;13;364;34.40;3.45
47277;040701;4;PRZEDSZKOLE NR 14 „MUZYCZNA KRAINA” 88-100 INOWROCŁAW UL. SKŁODOWSKIEJ-CURIE 41;1390;315;315;12;303;22.66;3.81;1362;613;613;18;595;45.01;2.94
47278;040701;5;PRZEDSZKOLE NR 14 „MUZYCZNA KRAINA” 88-100 INOWROCŁAW UL. JACEWSKA 16;1249;270;270;20;250;21.62;7.41;1199;581;581;17;564;48.46;2.93
47279;040701;6;ŚRODOWISKOWY DOM SAMOPOMOCY 88-100 INOWROCŁAW UL. ŚW. DUCHA 90;1268;239;239;12;227;18.85;5.02;1243;528;528;12;516;42.48;2.27
47280;040701;7;ZESPÓŁ SZKÓŁ OGÓLNOKSZTAŁCĄCYCH W INOWROCŁAWIU 88-100 INOWROCŁAW UL. 3 MAJA 11/13;1453;208;208;13;195;14.32;6.25;1403;464;464;15;449;33.07;3.23
47281;040701;8;KUJAWSKIE CENTRUM KULTURY SALA WYSTAW CZASOWYCH 88-100 INOWROCŁAW UL. KASZTELAŃSKA 22;1379;209;209;9;200;15.16;4.31;1361;465;465;9;456;34.17;1.94
47282;040701;9;BIBLIOTEKA MIEJSKA IM. JANA KASPROWICZA 88-100 INOWROCŁAW UL. JANA KILIŃSKIEGO 16;1697;202;202;10;192;11.90;4.95;1632;507;507;22;485;31.07;4.34
47283;040701;10;PRZEDSIĘBIORSTWO GOSPODARKI KOMUNALNEJ i MIESZKANIOWEJ SP. Z O. O. UL. KS. PIOTRA WAWRZYNIAKA 33 88-100 INOWROCŁAW UL. KS. PIOTRA WAWRZYNIAKA 33;1328;303;303;21;282;22.82;6.93;1309;606;606;12;594;46.29;1.98
47284;040701;11;PRZEDSIĘBIORSTWO GOSPODARKI KOMUNALNEJ I MIESZKANIOWEJ SP. ZO.O 88-100 INOWROCŁAW UL. KS. PIOTRA WAWRZYNIAKA 33;1200;130;130;4;126;10.83;3.08;1144;355;355;14;341;31.03;3.94
47285;040701;12;PRZEDSZKOLE NR 14 „MUZYCZNA KRAINA” 88-100 INOWROCŁAW UL. ŚW. DUCHA 86;1407;329;329;16;313;23.38;4.86;1347;642;642;28;614;47.66;4.36
47286;040701;13;MIEJSKI OŚRODEK POMOCY SPOŁECZNEJ 88-100 INOWROCŁAW UL. ŚW. DUCHA 90;1496;386;386;8;378;25.80;2.07;1490;770;770;17;753;51.68;2.21
47287;040701;14;ADMINISTRACJA OSIEDLA PIASTOWSKIEGO KUJAWSKIEJ SPÓŁDZIELNI MIESZKANIOWEJ 88-100 INOWROCŁAW UL. BOLESŁAWA KRZYWOUSTEGO 23;1867;442;442;19;423;23.67;4.30;1822;900;900;22;878;49.40;2.44
47288;040701;15;GIMNAZJUM NR 3 IM. 4 KUJAWSKIEGO PUŁKU ARTYLERII LEKKIEJ 88-100 INOWROCŁAW UL. WŁADYSŁAWA ŁOKIETKA 3;1201;268;268;5;263;22.31;1.87;1305;595;595;9;586;45.59;1.51
47289;040701;16;GIMNAZJUM NR 3 IM. 4 KUJAWSKIEGO PUŁKU ARTYLERII LEKKIEJ 88-100 INOWROCŁAW UL. WŁADYSŁAWA ŁOKIETKA 3;1344;334;334;23;311;24.85;6.89;1325;639;639;26;613;48.23;4.07
47290;040701;17;PRZEDSZKOLE NIEPUBLICZNE „POD TĘCZĄ” 88-100 INOWROCŁAW UL. WŁADYSŁAWA ŁOKIETKA 2;1242;282;282;5;277;22.71;1.77;1222;608;608;18;590;49.75;2.96
47291;040701;18;DRUKARNIA POZKAL SPÓŁKA ZO. O. SPÓŁKA KOMANDYTOWA 88-100 INOWROCŁAW UL. CEGIELNA 10/12;1194;252;252;8;244;21.11;3.17;1164;558;558;21;537;47.94;3.76
47292;040701;19;SZKOŁA PODSTAWOWA NR 11 IM. STEFANA BATOREGO 88-100 INOWROCŁAW UL. JANA III SOBIESKIEGO 5/7;1744;605;605;17;588;34.69;2.81;1732;1026;1026;23;1003;59.24;2.24
47293;040701;20;SZKOŁA PODSTAWOWA NR 11 IM. STEFANA BATOREGO 88-100 INOWROCŁAW UL. JANA III SOBIESKIEGO 5/7;1748;452;452;14;438;25.86;3.10;1779;1043;1043;13;1030;58.63;1.25
47294;040701;21;SZKOŁA PODSTAWOWA NR 10 IM. JANA KASPROWICZA 88-100 INOWROCŁAW UL. STANISŁAWA PRZYBYSZEWSKIEGO 119;752;175;175;6;169;23.27;3.43;734;375;375;6;369;51.09;1.60
47295;040701;22;ZESPÓŁ SZKÓŁ PONADGIMNAZJALNYCH NR 1 IM. JANA PAWŁA II 88-100 INOWROCŁAW UL. POZNAŃSKA 345;1484;224;224;11;213;15.09;4.91;1467;567;567;24;543;38.65;4.23
47296;040701;23;SZKOŁA PODSTAWOWA NR 9 IM. MARII SKŁODOWSKIEJ-CURIE 88-100 INOWROCŁAW UL. CHEMICZNA 9;1143;220;220;16;204;19.25;7.27;1105;508;508;15;493;45.97;2.95
47297;040701;24;GIMNAZJUM NR 4 Z ODZIAŁAMI DWUJĘZYCZNYMI IM. ZYGMUNTA WILKOŃSKIEGO 88-100 INOWROCŁAW UL. IGNACEGO DASZYŃSKIEGO 29;1287;307;307;8;299;23.85;2.61;1252;573;573;12;561;45.77;2.09
47298;040701;25;GIMNAZJUM NR 4 Z ODDZIAŁAMI DWUJĘZYCZNYMI IM. ZYGMUNTA WILKOŃSKIEGO 88-100 INOWROCŁAW UL. IGNACEGO DASZYŃSKIEGO 29;1468;398;398;10;388;27.11;2.51;1435;738;738;22;716;51.43;2.98
47299;040701;26;KUJAWSKA SPÓŁDZIELNIA MIESZKANIOWA 88-100 INOWROCŁAW UL. ALEJE MIKOŁAJA KOPERNIKA 7;1910;442;442;12;430;23.14;2.71;1857;845;845;38;807;45.50;4.50
47300;040701;27;ZESPÓŁ SZKÓŁ IM. MARKA KOTAŃSKIEGO 88-100 INOWROCŁAW UL. SOLANKOWA 21;1116;261;261;10;251;23.39;3.83;1059;513;513;11;502;48.44;2.14
47301;040701;28;FILIA NR 1 BIBLIOTEKI MIEJSKIEJ IM. JANA KASPROWICZA 88-100 INOWROCŁAW UL. ZYGMUNTA WILKOŃSKIEGO 32;1146;373;373;13;360;32.55;3.49;1160;667;667;8;659;57.50;1.20
47302;040701;29;ZESPÓŁ SZKÓŁ INTEGRACYJNYCH IM. POWSTAŃCÓW WIELKOPOLSKICH 88-100 INOWROCŁAW UL. JÓZEFA KRZYMIŃSKIEGO 4;1311;365;365;17;348;27.84;4.66;1270;732;732;16;716;57.64;2.19
47303;040701;30;ZESPÓŁ SZKÓŁ INTEGRACYJNYCH IM. POWSTAŃCÓW WIELKOPOLSKIECH 88-100 INOWROCŁAW UL. JÓZEFA KRZYMIŃSKIEGO 4;1342;294;294;13;281;21.91;4.42;1313;632;632;13;619;48.13;2.06
47304;040701;31;ZESPÓŁ SZKÓŁ PONADGIMNAZJALNYCH NR 4 88-100 INOWROCŁAW UL. JÓZEFA KRZYMIŃSKIEGO 8;1341;307;307;12;295;22.89;3.91;726;394;394;2;392;54.27;0.51
47305;040701;32;POLSKIE TOWARZYSTWO EKONOMICZNE ODDZIAŁ W BYDGOSZCZY OŚRODEK WSPIERANIA PRZEDSIĘBIORCZOŚCI FUNDUSZ ROZWOJU PRZDSIĘBIORCZOŚCI 88-100 INOWROCŁAW UL. POZNAŃSKA 185;1251;372;372;10;362;29.74;2.69;799;390;390;13;377;48.81;3.33
47306;040701;33;SZKOŁA PODSTAWOWA NR 4 IM. JANUSZA KUSOCIŃSKIEGO 88-100 INOWROCŁAW UL. JANUSZA KUSOCIŃSKIEGO 24;1133;359;359;7;352;31.69;1.95;1001;647;647;10;637;64.64;1.55
47307;040701;34;PRZEDSZKOLE NR 4 Z ODDZIAŁAMI INTEGRACYJNYMI „SŁONECZKO” 88-100 INOWROCŁAW UL. JANUSZA KUSOCIŃSKIEGO 11;1387;338;338;8;330;24.37;2.37;1097;663;663;8;655;60.44;1.21
47308;040701;35;SZKOŁA PODSTAWOWA NR 4 IM. JANUSZA KUSOCIŃSKIEGO 88-100 INOWROCŁAW UL. SZARYCH SZEREGÓW 1;1245;323;323;24;299;25.94;7.43;1349;714;714;24;690;52.93;3.36
47309;040701;36;SZKOŁA PODSTAWOWA NR 4 IM. JANUSZA KUSOCIŃSKIEGO 88-100 INOWROCŁAW UL. SZARYCH SZEREGÓW 1;1237;274;274;10;264;22.15;3.65;1207;642;642;15;627;53.19;2.34
47310;040701;37;GIMNAZJUM NR 2 IM. DRA JÓZEFA KRZYMIŃSKIEGO 88-100 INOWROCŁAW UL. STANISŁAWA KIEŁBASIEWICZA 7;1437;340;340;13;327;23.66;3.82;1210;653;653;15;638;53.97;2.30
47311;040701;38;GIMNAZJUM NR 2 IM. DRA JÓZEFA KRZYMIŃSKIEGO 88-100 INOWROCŁAW UL. STANISŁAWA KIEŁBASIEWICZA 7;1204;268;268;9;259;22.26;3.36;1381;750;750;10;740;54.31;1.33
47312;040701;39;PRZEDSZKOLE NR 20 „KUJAWSKIE DZIECI” 88-100 INOWROCŁAW UL. IWANA ALEJNIKA 13;1446;368;368;14;354;25.45;3.80;1158;618;618;13;605;53.37;2.10
47313;040701;40;WARSZTAT TERAPII ZAJĘCIOWEJ PRZY STOWARZYSZENIU POMOCY UPOŚLEDZONYM UMYSŁOWO 88-100 INOWROCŁAW UL. EMILII PLATER 3;1903;415;415;22;393;21.81;5.30;1378;734;734;24;710;53.27;3.27
47314;040701;41;GIMNAZJUM NR 2 IM. DRA JÓZEFA KRZYMIŃSKIEGO 88-100 Inowrocław ul. STANISŁAWA KIEŁBASIEWICZA 7;1540;342;342;10;332;22.21;2.92;1911;974;974;21;953;50.97;2.16
47315;040701;42;WARSZTAT TERAPII ZAJĘCIOWEJ PRZY STOWARZYSZENIU POMOCY UPOŚLEDZONYM UMUSŁOWO 88-100 Inowrocław ul. EMILII PLATER 3;1455;297;297;10;287;20.41;3.37;1500;775;775;21;754;51.67;2.71
47316;040701;43;PRZEDSZKOLE NR 20 „KUJAWSKIE DZIECI” 88-100 Inowrocław UL. WOJSKA POLSKIEGO 13a;1302;348;348;17;331;26.73;4.89;1525;796;796;21;775;52.20;2.64
47317;040701;44;ZAKŁAD ROBÓT PUBLICZNYCH 88-100 Inowrocław MARSZAŁKA JÓZEFA PIŁSUDSKIEGO 15;1271;316;316;12;304;24.86;3.80;1271;701;701;23;678;55.15;3.28
90196;040701;45;DOM POMOCY SPOŁECZNEJ 88-100 INOWROCŁAW MACIEJA WIERZBIŃSKIEGO 49;81;40;40;5;35;49.38;12.50;1335;610;610;20;590;45.69;3.28
90197;040701;46;SZPITAL WIELOSPECJALISTYCZNY IM. DR. LUDWIKA BŁAŻKA 88-100 INOWROCŁAW POZNAŃSKA 97;455;33;33;1;32;7.25;3.03;81;32;32;8;24;39.51;25.00
90198;040701;47;ARESZT ŚLEDCZY 88-100 INOWROCŁAW PREZYDENTA GABRIELA NARUTOWICZA 46;272;47;47;3;44;17.28;6.38;260;59;59;2;57;22.69;3.39
90199;040701;48;ZESPÓL SANATORYJNO-SZPITALNY „KUJAWIAK” 88-100 INOWROCŁAW ZYGMUNTA WILKOŃSKIEGO 23;690;233;233;6;227;33.77;2.58;323;94;94;8;86;29.10;8.51
90200;040701;49;SANATORIUM UZDROWISKOWE OŚRODEK REHABILITACJI I ODNOWY BIOLOGICZNEJ „OAZA” SPÓŁKA Z O.O. 88-100 INOWROCŁAW ŚWIĘTOKRZYSKA 76;179;104;104;4;100;58.10;3.85;747;548;548;12;536;73.36;2.19
90201;040701;50;SANATORIUM UZDROWISKOWE „PRZY TĘŻNI” IM. DR. JÓZEFA KRZYMIŃSKIEGO SAMODZIELNY PUBLICZNY ZAKŁAD OPIEKI ZDROWOTNEJ 88-100 INOWROCŁAW PRZY STAWKU 12;275;182;182;6;176;66.18;3.30;182;154;154;1;153;84.62;0.65
90202;040701;51;SANATORIUM UZDROWISKOWE „MODRZEW” 88-100 INOWROCŁAW MACIEJA WIERZBIŃSKIEGO 50A;203;132;132;3;129;65.02;2.27;407;334;334;7;327;82.06;2.10
47318;040702;1;GMINNY OŚRODEK KULTURY, SPORTU I REKREACJI 88-133 DĄBROWA BISKUPIA DŁUGA 48;810;131;131;5;126;16.17;3.82;805;302;302;12;290;37.52;3.97
47319;040702;2;SZKOŁA PODSTAWOWA 88-133 PIERANIE 7;960;101;101;2;99;10.52;1.98;951;276;276;12;264;29.02;4.35
47320;040702;3;ŚWIETLICA WIEJSKA 88-133 CHLEWISKA 19;575;62;62;8;54;10.78;12.90;563;172;172;13;159;30.55;7.56
47321;040702;4;SZKOŁA PODSTAWOWA 88-133 OŚNISZCZEWKO 1;497;72;72;8;64;14.49;11.11;486;152;152;10;142;31.28;6.58
47322;040702;5;SZKOŁA PODSTAWOWA 88-133 OŚNISZCZEWKO 1;548;65;65;1;64;11.86;1.54;543;176;176;4;172;32.41;2.27
47323;040702;6;SZKOŁA PODSTAWOWA 88-110 PARCHANIE 38;728;137;137;4;133;18.82;2.92;671;252;252;8;244;37.56;3.17
47324;040703;1;Samorządowe Przedszkole 88-140 GNIEWKOWO ul.St.Moniuszki 2;1015;229;229;14;215;22.56;6.11;1012;471;471;11;460;46.54;2.34
47325;040703;2;Urząd Stanu Cywilnego 88-140 GNIEWKOWO ul. Dworcowa 17;955;194;194;10;184;20.31;5.15;924;428;428;10;418;46.32;2.34
47326;040703;3;Gimnazjum Nr 1 88-140 GNIEWKOWO ul.Dworcowa 11;670;131;131;6;125;19.55;4.58;661;253;253;7;246;38.28;2.77
47327;040703;4;Szkoła Podstawowa Nr 1 88-140 GNIEWKOWO ul.Toruńska 40;867;164;164;4;160;18.92;2.44;848;397;397;10;387;46.82;2.52
47328;040703;5;Łącznica Kulturalna 88-140 Gniewkowo ul.Dworcowa 5;1035;151;151;12;139;14.59;7.95;1044;360;360;10;350;34.48;2.78
47329;040703;6;Szkoła Zawodowa 88-140 Gniewkowo ul.Powstańców Wlkp 5;887;189;189;3;186;21.31;1.59;888;464;464;9;455;52.25;1.94
47330;040703;7;Muzeum Regionalne 88-140 Gniewkowo ul.Podgórna 2;733;95;95;4;91;12.96;4.21;744;227;227;17;210;30.51;7.49
47331;040703;8;Szkoła Podstawowa 88-140 Wierzchosławice 19;969;153;153;11;142;15.79;7.19;941;351;351;23;328;37.30;6.55
47332;040703;9;Szkoła Podstawowa 88-140 Szadłowice 36;709;116;116;5;111;16.36;4.31;706;235;235;10;225;33.29;4.26
47333;040703;10;Niepubliczna Szkoła Podstawowa 88-140 Gąski 19;691;92;92;5;87;13.31;5.43;694;270;270;15;255;38.90;5.56
47334;040703;11;Świetlica wiejska 88-140 Ostrowo 24a;677;85;85;4;81;12.56;4.71;689;220;220;13;207;31.93;5.91
47335;040703;12;Świetlica wiejska 88-140 Suchatówka 1;683;138;138;6;132;20.20;4.35;694;276;276;8;268;39.77;2.90
47336;040703;13;Szkoła Podstawowa 88-140 Kijewo 40;712;85;85;1;84;11.94;1.18;709;244;244;11;233;34.41;4.51
47337;040703;14;Szkoła Podstawowa 88-140 Murzynno 33;786;98;98;4;94;12.47;4.08;803;284;284;11;273;35.37;3.87
90203;040703;15;Dom Pomocy Społecznej w Warzynie 88-140 Warzyn 1;55;30;30;8;22;54.55;26.67;52;25;25;5;20;48.08;20.00
47338;040704;1;Szkoła Podstawowa w Tupadłach 88-100 Tupadły 95;616;144;144;6;138;23.38;4.17;618;293;293;12;281;47.41;4.10
47339;040704;2;Świetlica w Orłowie 88-100 Orłowo 128;1294;203;203;13;190;15.69;6.40;1310;500;500;15;485;38.17;3.00
47340;040704;3;Świetlica w Sławęcinku 88-100 Sławęcinek 101;1300;188;188;13;175;14.46;6.91;1303;454;454;16;438;34.84;3.52
47341;040704;4;Budynek komunalny pn. „Dom Kultury w Górze” 88-100 Góra 44;720;132;132;15;117;18.33;11.36;710;273;273;15;258;38.45;5.49
47342;040704;5;Świetlica w Jacewie 88-100 Jacewo 61;515;198;198;3;195;38.45;1.52;512;302;302;5;297;58.98;1.66
47343;040704;6;Świetlica w Jaksicach 88-181 Jaksice Dworcowa 10;1569;250;250;11;239;15.93;4.40;1568;602;602;25;577;38.39;4.15
47344;040704;7;Świetlica w Komaszycach 88-100 Komaszyce 13;658;102;102;1;101;15.50;0.98;672;288;288;8;280;42.86;2.78
47345;040704;8;Świetlica w Kruszy Podlotowej 88-100 Krusza Podlotowa 30;647;138;138;12;126;21.33;8.70;660;292;292;9;283;44.24;3.08
47346;040704;9;Budynek komunalny pn. „Dom Kultury i Rekreacji w Łojewie” 88-100 Łojewo 34A;415;66;66;7;59;15.90;10.61;406;146;146;13;133;35.96;8.90
47347;040704;10;Szkoła Podstawowa w Turzanach 88-100 Turzany 6;922;167;167;6;161;18.11;3.59;938;418;418;22;396;44.56;5.26
47348;040704;11;Świetlica w Miechowicach 88-100 Miechowice 34;610;118;118;9;109;19.34;7.63;615;288;288;9;279;46.83;3.12
47349;040705;1;SZKOŁA PODSTAWOWA 88-160 JANIKOWO UL. SZKOLNA 1;782;163;163;5;158;20.84;3.07;786;326;326;15;311;41.48;4.60
47350;040705;2;MIEJSKO-GMINNY OŚRODEK KULTURY 88-160 JANIKOWO UL. PRZEMYSŁOWA 26;1410;246;246;14;232;17.45;5.69;1368;638;638;17;621;46.64;2.66
47351;040705;3;GIMNAZJUM 88-160 JANIKOWO UL. GŁÓWNA 6;1427;222;222;15;207;15.56;6.76;1415;539;539;33;506;38.09;6.12
47352;040705;4;PRZEDSZKOLE NR 1 88-160 JANIKOWO UL. SŁONECZNA 31;672;169;169;8;161;25.15;4.73;653;314;314;15;299;48.09;4.78
47353;040705;5;KLUB KUJAWSKIEJ SPÓŁDZIELNI MIESZKANIOWEJ 88-160 JANIKOWO UL. DWORCOWA 1;1602;312;312;13;299;19.48;4.17;1575;692;692;16;676;43.94;2.31
47354;040705;6;SZKOŁA PODSTAWOWA 88-160 JANIKOWO UL. BISKUPA MICHAŁA KOZALA 3;1594;352;352;12;340;22.08;3.41;1628;774;774;16;758;47.54;2.07
47355;040705;7;SZKOŁA PODSTAWOWA 88-160 BRONIEWICE 3;641;133;133;9;124;20.75;6.77;649;242;242;14;228;37.29;5.79
47356;040705;8;SZKOŁA PODSTAWOWA 88-160 KOŁODZIEJEWO UL. SZKOLNA 10;1413;266;266;20;246;18.83;7.52;1434;586;586;31;555;40.86;5.29
47357;040705;9;SZKOŁA PODSTAWOWA 88-160 LUDZISKO 10;1348;213;213;3;210;15.80;1.41;1329;461;461;16;445;34.69;3.47
90204;040705;10;Dom Pomocy Społecznej 88-160 Ludzisko 78;54;31;31;1;30;57.41;3.23;50;27;27;9;18;54.00;33.33
47358;040706;1;ZESPÓŁ SZKÓŁ OGÓLNOKSZTAŁCĄCYCH W KRUSZWICY 88-150 KRUSZWICA UL. KASPROWICZA 7;872;201;201;9;192;23.05;4.48;847;380;380;18;362;44.86;4.74
47359;040706;2;ŚRODOWISKOWY DOM SAMOPOMOCY W KRUSZWICY 88-150 KRUSZWICA UL. RYNEK 22;922;180;180;8;172;19.52;4.44;890;354;354;20;334;39.78;5.65
47360;040706;3;PRZEDSZKOLE NR 1 W KRUSZWICY 88-153 KRUSZWICA UL. KOLEGIACKA 13;1186;231;231;6;225;19.48;2.60;1166;550;550;16;534;47.17;2.91
47361;040706;4;SZKOŁA PODSTAWOWA NR 1 W KRUSZWICY 88-153 KRUSZWICA UL. KUJAWSKA 22;1231;207;207;1;206;16.82;0.48;1218;579;579;10;569;47.54;1.73
47362;040706;5;DOM SOCJALNO-KULTURALNY W KRUSZWICY 88-153 KRUSZWICA UL. NADGOPLAŃSKA 8;1104;252;252;12;240;22.83;4.76;1125;516;516;12;504;45.87;2.33
47363;040706;6;NIEPUBLICZNA SZKOŁA PODSTAWOWA W RACICACH 88-150 RACICE RACICE 16;424;86;86;2;84;20.28;2.33;413;170;170;12;158;41.16;7.06
47364;040706;7;SZKOŁA PODSTAWOWA w CHEŁMCACH 88-121 CHEŁMCE 50;615;146;146;7;139;23.74;4.79;601;252;252;18;234;41.93;7.14
47365;040706;8;REMIZA OSP W WITOWICACH 88-121 WITOWICE 27;608;98;98;7;91;16.12;7.14;594;202;202;8;194;34.01;3.96
47366;040706;9;ŚWIETLICA WIEJSKA W JANOCINIE 88-121 JANOCIN 19;520;100;100;3;97;19.23;3.00;527;189;189;6;183;35.86;3.17
47367;040706;10;SZKOŁA PODSTAWOWA W POLANOWICACH 88-150 POLANOWICE 27;667;88;88;4;84;13.19;4.55;660;206;206;8;198;31.21;3.88
47368;040706;11;GIMNAZJUM NR 3 W BACHORCACH 88-153 BACHORCE 42;601;69;69;5;64;11.48;7.25;584;188;188;9;179;32.19;4.79
47369;040706;12;ŚWIETLICA WIEJSKA W SUKOWACH 88-150 SUKOWY 93;635;108;108;6;102;17.01;5.56;630;255;255;22;233;40.48;8.63
47370;040706;13;ŚWIETLICA WIEJSKA W SZARLEJU 88-150 SZARLEJ;399;32;32;2;30;8.02;6.25;394;106;106;5;101;26.90;4.72
47371;040706;14;ŚWIETLICA WIEJSKA W OSTROWIE 88-121 OSTROWO 41;441;105;105;2;103;23.81;1.90;434;162;162;3;159;37.33;1.85
47372;040706;15;SZKOŁA PODSTAWOWA W WOLI WAPOWSKIEJ 88-153 WOLA WAPOWSKA 6;802;95;95;2;93;11.85;2.11;804;218;218;17;201;27.11;7.80
47373;040706;16;SZKOŁA PODSTAWOWA W SŁAWSKU WIELKIM 88-150 SŁAWSK WIELKI 77;742;97;97;2;95;13.07;2.06;722;284;284;10;274;39.34;3.52
47374;040706;17;ŚWIETLICA WIEJSKA W KOBYLNIKACH 88-150 KOBYLNIKI;634;125;125;9;116;19.72;7.20;632;272;272;11;261;43.04;4.04
47375;040706;18;CENTRUM KULTURY I SPORTU „ZIEMOWIT” W KRUSZWICY 88-150 KRUSZWICA UL. POZNAŃSKA 17;451;40;40;1;39;8.87;2.50;441;126;126;4;122;28.57;3.17
47376;040706;19;ZESPÓŁ SZKÓŁ PONADGIMNAZJALNYCH W KRUSZWICY 88-153 KRUSZWICA UL. KUJAWSKA 20;561;93;93;4;89;16.58;4.30;582;289;289;10;279;49.66;3.46
47377;040706;20;ZESPÓŁ SZKÓŁ OGÓLNOKSZTAŁCĄCYCH W KRUSZWICY 88-150 KRUSZWICA UL. KASPROWICZA 7;936;176;176;6;170;18.80;3.41;881;383;383;21;362;43.47;5.48
47378;040706;21;GIMNAZJUM NR 1 W KRUSZWICY 88-153 KRUSZWICA UL. KUJAWSKA 22;1133;207;207;13;194;18.27;6.28;1128;523;523;12;511;46.37;2.29
47379;040706;22;ŚWIETLICA WIEJSKA W GOCANOWIE 88-153 GOCANOWO GOCANOWO 10;469;53;53;7;46;11.30;13.21;464;156;156;6;150;33.62;3.85
47380;040707;1;KLUB „JUBILAT” 88-170 PAKOŚĆ UL. MOGILEŃSKA 21A;1299;285;285;19;266;21.94;6.67;1268;615;615;24;591;48.50;3.90
47381;040707;2;OŚRODEK KULTURY I TURYSTYKI 88-170 PAKOŚĆ UL. ŚW. JANA 12;949;199;199;9;190;20.97;4.52;944;491;491;15;476;52.01;3.05
47382;040707;3;OŚRODEK POMOCY SPOŁECZNEJ 88-170 PAKOŚĆ UL. INOWROCŁAWSKA 14;1148;141;141;14;127;12.28;9.93;1140;392;392;17;375;34.39;4.34
47383;040707;4;GIMNAZJUM 88-170 PAKOŚĆ UL. SZKOLNA 44;841;134;134;7;127;15.93;5.22;839;294;294;16;278;35.04;5.44
47384;040707;5;SZKOŁA PODSTAWOWA 88-170 PAKOŚĆ UL. BŁONIE 2;244;31;31;0;31;12.70;0.00;246;95;95;4;91;38.62;4.21
47385;040707;6;SZKOŁA PODSTAWOWA 88-170 PAKOŚĆ BŁONIE 2;345;39;39;7;32;11.30;17.95;330;104;104;3;101;31.52;2.88
47386;040707;7;CENTRUM INFORMACJI TURYSTYCZNEJ 88-170 PAKOŚĆ BARCIŃSKA 11;1005;198;198;7;191;19.70;3.54;1046;463;463;14;449;44.26;3.02
47387;040707;8;ZESPÓŁ PLACÓWEK OŚWIATOWYCH 88-170 KOŚCIELEC 14;1131;201;201;3;198;17.77;1.49;1138;453;453;14;439;39.81;3.09
47388;040707;9;ŚWIETLICA WIEJSKA 88-170 RYCERZEWO;209;74;74;3;71;35.41;4.05;209;91;91;5;86;43.54;5.49
47389;040707;10;ŚWIETLICA WIEJSKA 88-170 WIELOWIEŚ;330;59;59;1;58;17.88;1.69;323;139;139;5;134;43.03;3.60
47390;040707;11;ŚWIETLICA WIEJSKA 88-170 RADŁOWO;445;63;63;1;62;14.16;1.59;439;147;147;8;139;33.49;5.44
47391;040708;1;ZESPÓŁ SZKÓŁ ROJEWO SZKOŁA PODSTAWOWA ROJEWO 88-111 Rojewo 105;484;129;129;6;123;26.65;4.65;494;263;263;17;246;53.24;6.46
47392;040708;2;SZKOŁA PODSTAWOWA IMIENIA BŁOGOSŁAWIONEGO KSIĘDZA MARIANA SKRZYPCZAKA 88-111 Rojewice 19;585;85;85;8;77;14.53;9.41;585;195;195;12;183;33.33;6.15
47393;040708;3;ZESPÓŁ SZKÓŁ ROJEWO SZKOŁA PODSTAWOWA ROJEWO -FILIA LISZKOWO 88-180 Liszkowo 82A;542;102;102;12;90;18.82;11.76;532;210;210;10;200;39.47;4.76
47394;040708;4;ŚWIETLICA WIEJSKA 88-111 Płonkowo 29;520;114;114;5;109;21.92;4.39;523;242;242;9;233;46.27;3.72
47395;040708;5;ZESPÓŁ SZKÓŁ ROJEWO SZKOŁA PODSTAWOWA ROJEWO-FILIA ŚCIBORZE 88-111 Ściborze 7A;591;112;112;7;105;18.95;6.25;595;249;249;18;231;41.85;7.23
47396;040708;6;ZESPÓŁ SZKÓŁ ROJEWO SZKOŁA PODSTAWOWA ROJEWO-FILIA LISZKOWO 88-180 Liszkowo 82A;462;66;66;2;64;14.29;3.03;456;144;144;10;134;31.58;6.94
47397;040708;7;BUDYNEK SOCJALNY ROLNICZEJ SPÓŁDZIELNI PRODUKCYJNEJ „NOWOŚĆ” 88-111 JEZUICKA STRUGA 16;521;82;82;11;71;15.74;13.41;530;185;185;17;168;34.91;9.19
47398;040709;1;GIMNAZJUM im. KAROLA URBAŃSKIEGO 88-180 ZŁOTNIKI KUJAWSKIE POWSTAŃCÓW WIELKOPOLSKICH 1;1470;297;297;18;279;20.20;6.06;1467;695;695;22;673;47.38;3.17
47399;040709;2;ZESPÓŁ PLACÓWEK OŚWIATOWYCH 88-180 TUCZNO PAKOSKA 32;1392;226;226;19;207;16.24;8.41;1378;517;517;46;471;37.52;8.90
47400;040709;3;ŚWIETLICA WIEJSKA 88-180 GNIEWKÓWIEC 25 A;565;120;120;3;117;21.24;2.50;568;228;228;5;223;40.14;2.19
47401;040709;4;ŚWIETLICA WIEJSKA 88-180 RUCEWO 37;452;61;61;4;57;13.50;6.56;460;168;168;8;160;36.52;4.76
47402;040709;5;ŚWIETLICA WIEJSKA 88-180 JORDANOWO 33 lokal: 10;505;57;57;3;54;11.29;5.26;506;139;139;11;128;27.47;7.91
47403;040709;6;SZKOŁA PODSTAWOWA IM.KARDYNAŁA STEFANA WYSZYŃSKIEGO STOWARZYSZENIA PRZYJACIÓŁ SZKÓŁ KATOLICKICH 88-180 LISEWO KOŚCIELNE 33;505;112;112;3;109;22.18;2.68;501;219;219;4;215;43.71;1.83
47404;040709;7;ŚWIETLICA WIEJSKA 88-180 NISZCZEWICE 17 lokal: 1;525;57;57;2;55;10.86;3.51;529;172;172;7;165;32.51;4.07
47405;040709;8;SZKOŁA PODSTAWOWA STOWARZYSZENIA PRZYJACIÓŁ SZKÓŁ KATOLICKICH 86-060 PALCZYN 6;664;80;80;4;76;12.05;5.00;666;196;196;15;181;29.43;7.65
47406;040709;9;BIURO DZIERŻAWCY GRUNTÓW AGENCJI NIERUCHOMOŚCI ROLNYCH SKARBU PAŃSTWA 88-180 BĘDZITOWO 24;339;42;42;2;40;12.39;4.76;326;99;99;5;94;30.37;5.05
47407;040709;10;GIMNAZJUM im. KAROLA URBAŃSKIEGO 88-180 ZŁOTNIKI KUJAWSKIE POWSTAŃCÓW WIELKOPOLSKICH 1;942;183;183;5;178;19.43;2.73;966;440;440;23;417;45.55;5.23
47408;040801;1;Szkoła Podstawowa Nr 2 87-600 Lipno ul.Okrzei 1;1627;282;282;11;271;17.33;3.90;1672;659;659;28;631;39.41;4.25
47409;040801;2;Publiczne Gimnazjum Nr 1 87-600 Lipno ul.Szkolna 2;1540;260;260;19;241;16.88;7.31;1533;591;591;22;569;38.55;3.72
47410;040801;3;Miejskie Centrum Kulturalne 87-600 Lipno ul. Piłsudskiego 22;1469;305;305;14;291;20.76;4.59;1446;599;599;23;576;41.42;3.84
47411;040801;4;Szkoła Podstawowa Nr 5 87-600 Lipno Plac 11 Listopada 13;1308;251;251;14;237;19.19;5.58;1312;549;549;23;526;41.84;4.19
47412;040801;5;Miejski Ośrodek Pomocy Społecznej 87-600 Lipno Włocławska 16a;804;178;178;12;166;22.14;6.74;780;408;408;11;397;52.31;2.70
47413;040801;6;Miejski Ośrodek Pomocy Społecznej 87-600 Lipno ul.Włocławska 16a;1247;261;261;15;246;20.93;5.75;1241;534;534;12;522;43.03;2.25
47414;040801;7;Szkoła Podstawowa Nr 3 87-600 Lipno ul. R.Traugutta 2;1536;309;309;17;292;20.12;5.50;1526;612;612;25;587;40.10;4.08
47415;040801;8;Zespół Szkół im. Romualda Traugutta 87-600 Lipno ul. R.Traugutta 1;1038;301;301;19;282;29.00;6.31;1004;516;516;15;501;51.39;2.91
47416;040801;9;Przedszkole Miejskie Nr 4 87-600 Lipno ul.Kazimierza Różyckiego 4;866;248;248;21;227;28.64;8.47;845;428;428;9;419;50.65;2.10
90205;040801;10;Szpital Lipno 87-600 Lipno Nieszawska 6;244;22;22;3;19;9.02;13.64;98;57;57;5;52;58.16;8.77
47417;040802;1;Gimnazjum im. Ziemi Dobrzyńskiej w Bobrownikach 87-617 Bobrowniki ul.Kościelna 5;699;198;198;9;189;28.33;4.55;692;383;383;25;358;55.35;6.53
47418;040802;2;Gimnazjum im. Ziemi Dobrzyńskiej w Bobrownikach 87-617 Bobrowniki Kościelna 5;486;113;113;4;109;23.25;3.54;491;249;249;19;230;50.71;7.63
47419;040802;3;Gimnazjum im. Ziemi Dobrzyńskiej w Bobrownikach 87-617 Bobrowniki Kościelna 5;645;102;102;3;99;15.81;2.94;656;242;242;14;228;36.89;5.79
47420;040802;4;Świetlica sołecka w Gnojnie 87617 Gnojno 24A;306;36;36;6;30;11.76;16.67;311;102;102;6;96;32.80;5.88
47421;040802;5;Szkoła Podstawowa w Rachcinie 87-617 Rachcin 8a;307;46;46;2;44;14.98;4.35;315;83;83;2;81;26.35;2.41
47422;040803;1;Sala posiedzeń Urzędu Gminy w Chrostkowie 87-602 Chrostkowo 99;594;119;119;5;114;20.03;4.20;601;226;226;11;215;37.60;4.87
47423;040803;2;Szkoła Podstawowa w Stalmierzu 87-602 Stalmierz 70;802;88;88;3;85;10.97;3.41;798;262;262;14;248;32.83;5.34
47424;040803;3;Pomieszczenie PHU „MAR-DAR” 87-602 Makówiec 53;518;77;77;3;74;14.86;3.90;513;176;176;11;165;34.31;6.25
47425;040803;4;Zespół Szkół w Chrostkowie 87-602 Chrostkowo 80;508;52;52;4;48;10.24;7.69;510;167;167;13;154;32.75;7.78
47426;040804;1;Dobrzyńskie Centrum Sportu i Turystyki 87-610 Dobrzyń nad Wisłą Licealna 1A;937;162;162;4;158;17.29;2.47;918;331;331;28;303;36.06;8.46
47427;040804;2;Dobrzyńskie Centrum Sportu i Turystyki 87-610 Dobrzyń nad Wisłą Licealna 1A;946;173;173;3;170;18.29;1.73;933;443;443;20;423;47.48;4.51
47428;040804;3;Dobrzyńskie Centrum Sportu i Turystyki 87-610 Dobrzyń nad Wisłą Licealna 1A;816;107;107;4;103;13.11;3.74;814;275;275;7;268;33.78;2.55
47429;040804;4;Publiczne Gimnazjum w Chalinie 87-610 Chalin 36;457;73;73;6;67;15.97;8.22;458;170;170;16;154;37.12;9.41
47430;040804;5;Szkoła Podstawowa w Dyblinie 87-610 Dyblin 1;763;92;92;5;87;12.06;5.43;781;231;231;20;211;29.58;8.66
47431;040804;6;Remiza OSP w Grochowalsku 87-610 Grochowalsk 35;773;89;89;6;83;11.51;6.74;776;275;275;20;255;35.44;7.27
47432;040804;7;Remiza OSP w Michałkowie 87-610 Michałkowo 22;383;34;34;1;33;8.88;2.94;374;142;142;4;138;37.97;2.82
47433;040804;8;Remiza OSP w Krojczynie 87-610 Krojczyn 70;378;63;63;6;57;16.67;9.52;387;129;129;6;123;33.33;4.65
47434;040804;9;Remiza OSP w Mokowie 87-610 Mokowo 24;441;72;72;2;70;16.33;2.78;439;149;149;13;136;33.94;8.72
47435;040804;10;Remiza OSP w Płomianach 87-610 Płomiany 20A;455;32;32;6;26;7.03;18.75;446;115;115;11;104;25.78;9.57
47436;040805;1;Zespół Szkół w Kikole 87-620 Kikół ul.Targowa 6;790;302;302;20;282;38.23;6.62;775;393;393;17;376;50.71;4.33
47437;040805;2;Sala Gimnastyczna przy Zespole Szkół w Kikole 87-620 Kikół Targowa 6;1044;420;420;25;395;40.23;5.95;1026;530;530;33;497;51.66;6.23
47438;040805;3;Świetlica Wiejska w Grodzeniu 87-620 Grodzeń;766;155;155;12;143;20.23;7.74;773;291;291;13;278;37.65;4.47
47439;040805;4;Szkoła Podstawowa w Zajeziorzu 87-620 Zajeziorze;778;153;153;14;139;19.67;9.15;785;251;251;22;229;31.97;8.76
47440;040805;5;Szkoła Podstawowa w Woli 87-620 Wola;1420;232;232;8;224;16.34;3.45;1420;499;499;15;484;35.14;3.01
47441;040805;6;Świetlica Wiejska w Kikole 87-620 Kikół Targowa 1A;937;191;191;6;185;20.38;3.14;929;324;324;35;289;34.88;10.80
47442;040806;1;Szkoła Podstawowa w Jastrzębiu 87-600 Jastrzębie 30;1329;243;243;5;238;18.28;2.06;1300;512;512;20;492;39.38;3.91
47443;040806;2;Wiejski Dom Kultury w Trzebiegoszczu 87-600 Trzebiegoszcz 27A;440;115;115;7;108;26.14;6.09;453;185;185;11;174;40.84;5.95
47444;040806;3;Szkoła Podstawowa w Karnkowie 87-600 Karnkowo 42;1283;195;195;15;180;15.20;7.69;1239;448;448;20;428;36.16;4.46
47445;040806;4;Szkoła Podstawowa w Piątkach 87-600 Piątki 55;620;119;119;10;109;19.19;8.40;626;223;223;19;204;35.62;8.52
47446;040806;5;Zespół Szkół w Radomicach 87-600 Radomice 115;1282;230;230;14;216;17.94;6.09;1309;459;459;35;424;35.06;7.63
47447;040806;6;Wiejski Dom Kultury w Wichowie 87-600 Wichowo 19A;1234;156;156;9;147;12.64;5.77;1236;385;385;19;366;31.15;4.94
47448;040806;7;Remiza Ochotniczej Straży Pożarnej w Krzyżówkach 87-600 Krzyżówki 49;1211;161;161;9;152;13.29;5.59;1211;369;369;23;346;30.47;6.23
47449;040806;8;Szkoła Podstawowa w Maliszewie 87-600 Maliszewo 29;734;183;183;8;175;24.93;4.37;741;301;301;32;269;40.62;10.63
47450;040806;9;Świetlica Wiejska w Kłokocku 87-600 Kłokock 29A;1043;169;169;5;164;16.20;2.96;1087;398;398;17;381;36.61;4.27
47451;040807;1;Szkoła Podstawowa w Skępem 87-630 Skępe Al. 1 Maja 89;1310;326;326;13;313;24.89;3.99;1288;558;558;22;536;43.32;3.94
47452;040807;2;Zespół Szkół w Skępem 87-630 Skępe ul.Wymyślińska 2;852;257;257;7;250;30.16;2.72;846;402;402;10;392;47.52;2.49
47453;040807;3;Szkoła Podstawowa w Skępem Filia w Łąkiem 87-630 Łąkie 41;791;79;79;6;73;9.99;7.59;784;173;173;11;162;22.07;6.36
47454;040807;4;Szkoła Podstawowa w Wólce 87-630 Wólka 133B;733;98;98;6;92;13.37;6.12;717;249;249;11;238;34.73;4.42
47455;040807;5;Szkoła Podstawowa w Czermnie 87-630 Czermno 19A;459;50;50;4;46;10.89;8.00;447;136;136;8;128;30.43;5.88
47456;040807;6;Remiza OSP w Hucie 87-630 Huta;330;44;44;1;43;13.33;2.27;338;79;79;1;78;23.37;1.27
47457;040807;7;Remiza OSP w Wiosce 87-630 Wioska;823;138;138;12;126;16.77;8.70;829;302;302;21;281;36.43;6.95
47458;040807;8;Remiza OSP w Skępem 87-630 Skępe Dobrzyńska 1;786;193;193;7;186;24.55;3.63;785;380;380;15;365;48.41;3.95
47459;040808;1;Gminny Ośrodek Kultury w Tłuchowie 87-605 Tłuchowo Sierpecka 26;930;184;184;7;177;19.78;3.80;941;475;475;14;461;50.48;2.95
47460;040808;2;Gimnazjum Publiczne w Tłuchowie 87-605 Tłuchowo Szkolna 3;755;88;88;4;84;11.66;4.55;775;295;295;12;283;38.06;4.07
47461;040808;3;Świetlica Wiejska 87-605 Jasień 51;584;59;59;4;55;10.10;6.78;591;174;174;11;163;29.44;6.32
47462;040808;4;Szkoła Podstawowa w Mysłakówku 87-605 Mysłakówko 12;784;94;94;11;83;11.99;11.70;784;260;260;7;253;33.16;2.69
47463;040808;5;Świetlica Wiejska w Turzy Wilczej 87-605 Turza Wilcza 4a;580;74;74;7;67;12.76;9.46;581;192;192;10;182;33.05;5.21
47464;040809;1;Szkoła Podstawowa im.Jana Pawła II 87-603 Czarne 7;674;148;148;9;139;21.96;6.08;688;247;247;15;232;35.90;6.07
47465;040809;2;Świetlica Zakrzewo 87-606 Zakrzewo 15A;278;55;55;3;52;19.78;5.45;276;91;91;9;82;32.97;9.89
47466;040809;3;Szkoła Podstawowa im.W. Broniewskiego 87-603 Wielgie ul.Szkolna 5;1083;303;303;9;294;27.98;2.97;1074;452;452;16;436;42.09;3.54
47467;040809;4;Szkoła Podstawowa im.M.Kopernika 87-603 Zaduszniki 4;934;176;176;4;172;18.84;2.27;933;296;296;7;289;31.73;2.36
47468;040809;5;Dom Pomocy Społecznej 87-603 Nowa Wieś 1;381;86;86;3;83;22.57;3.49;378;137;137;7;130;36.24;5.11
47469;040809;6;Ośrodek Kultury Gminy Wielgie 87-603 Wielgie Szkolna 5a;572;109;109;6;103;19.06;5.50;577;197;197;12;185;34.14;6.09
47470;040809;7;Centrum Kulturalno-Oświatowo-Rekreacyjne w Suradówku 87-603 Suradówek 36;316;71;71;2;69;22.47;2.82;316;114;114;3;111;36.08;2.63
47471;040809;8;Świetlica Wiejska w Witkowie 87-603 Witkowo 51;340;116;116;7;109;34.12;6.03;338;125;125;6;119;36.98;4.80
47472;040809;9;Centrum Kulturalno-Oświatowo-Rekreacyjne w Płonczynie 87-600 Płonczyn 26;332;65;65;5;60;19.58;7.69;332;96;96;9;87;28.92;9.38
47473;040809;10;Świetlica Wiejska w Suszewie 87-600 Suszewo 46;291;76;76;8;68;26.12;10.53;289;97;97;11;86;33.56;11.34
90206;040809;11;Świetlica Domu Pomocy Społecznej w Nowej Wsi 87-603 Nowa Wieś 1;69;53;53;4;49;76.81;7.55;60;48;48;4;44;80.00;8.33
47474;040901;1;ZESPÓŁ SZKÓŁ W DĄBROWIE 88-306 DĄBROWA SZKOLNA 15;658;125;125;14;111;19.00;11.20;658;283;283;12;271;43.01;4.24
47475;040901;2;ZESPÓŁ SZKÓŁ W DĄBROWIE 88-306 DĄBROWA SZKOLNA 15;537;84;84;6;78;15.64;7.14;522;198;198;12;186;37.93;6.06
47476;040901;3;SZKOŁA PODSTAWOWA Z ODDZIAŁAMI INTEGRACYJNYMI W PARLINIE 88-306 Parlin 38;636;76;76;5;71;11.95;6.58;641;183;183;20;163;28.55;10.93
47477;040901;4;PAŁAC W SŁABOSZEWKU 88-306 Słaboszewko 9;588;97;97;4;93;16.50;4.12;583;222;222;14;208;38.08;6.31
47478;040901;5;SZKOŁA PODSTAWOWA W SŁABOSZEWIE 88-306 Słaboszewo 36;693;83;83;3;80;11.98;3.61;692;239;239;15;224;34.54;6.28
47479;040901;6;SZKOŁA PODSTAWOWA W SZCZEPANOWIE 88-306 Szczepanowo SZKOLNA 1;619;109;109;3;106;17.61;2.75;612;247;247;5;242;40.36;2.02
47480;040902;1;Publiczna Szkoła Podstawowa w Jeziorach Wielkich 88-324 Jeziora Wielkie 104;684;135;135;5;130;19.74;3.70;699;288;288;8;280;41.20;2.78
47481;040902;2;Publiczna Szkoła Podstawowa w Jeziorach Wielkich 88-324 Jeziora Wielkie 104;595;75;75;4;71;12.61;5.33;596;221;221;15;206;37.08;6.79
47482;040902;3;Publiczna Szkoła Podstawowa w Wójcinie 88-324 Wójcin 59;907;153;153;8;145;16.87;5.23;889;332;332;19;313;37.35;5.72
47483;040902;4;Publiczna Szkoła Podstawowa w Wójcinie 88-324 Wójcin 59;829;114;114;11;103;13.75;9.65;815;238;238;10;228;29.20;4.20
47484;040902;5;Sala wiejska 88-324 Kościeszki 39;477;130;130;8;122;27.25;6.15;473;215;215;17;198;45.45;7.91
47485;040902;6;Publiczna Szkoła Podstawowa w Rzeszynku 88-324 Rzeszynek 37;457;100;100;2;98;21.88;2.00;453;170;170;9;161;37.53;5.29
90208;040902;7;Dom Pomocy Społecznej w Siemionkach 88-324 Siemionki 13;64;39;39;2;37;60.94;5.13;49;27;27;4;23;55.10;14.81
47486;040903;1;Gimnazjum w Mogilnie 88-300 Mogilno Powst. Wlkp. 33;1083;257;257;12;245;23.73;4.67;1085;559;559;10;549;51.52;1.79
47487;040903;2;Mogileński Dom Kultury w Mogilnie 88-300 Mogilno Rynek 10;994;184;184;6;178;18.51;3.26;995;449;449;14;435;45.13;3.12
47488;040903;3;Szkoła Podstawowa nr 2 w Mogilnie 88-300 Mogilno Sądowa 13;803;149;149;7;142;18.56;4.70;792;354;354;7;347;44.70;1.98
47489;040903;4;KS „Pogoń” 88-300 Mogilno Mickiewicza 42;953;204;204;3;201;21.41;1.47;922;434;434;10;424;47.07;2.30
47490;040903;5;Szkoła Podstawowa nr 2 w Mogilnie 88-300 Mogilno Sądowa 13;969;180;180;8;172;18.58;4.44;958;426;426;15;411;44.47;3.52
47491;040903;6;Szkoła Podstawowa nr 3 w Mogilnie 88-300 Mogilno Piłsudskiego 16;946;225;225;12;213;23.78;5.33;912;458;458;13;445;50.22;2.84
47492;040903;7;Zespół Szkół w Mogilnie 88-300 Mogilno Dworcowa 9;998;248;248;6;242;24.85;2.42;983;483;483;15;468;49.14;3.11
47493;040903;8;Zespół Szkół w Mogilnie 88-300 Mogilno Dworcowa 9;1058;220;220;5;215;20.79;2.27;1038;476;476;15;461;45.86;3.15
47494;040903;9;Spółdzielnia Inwalidów w Mogilnie 88-300 Mogilno Padniewska 1;1138;250;250;8;242;21.97;3.20;1151;546;546;14;532;47.44;2.56
47495;040903;10;Przedszkole nr 3 w Mogilnie 88-300 Mogilno Konopnickiej 15a;1003;214;214;2;212;21.34;0.93;997;487;487;15;472;48.85;3.08
47496;040903;11;Świetlica Wiejska w Procyniu 88-330 Procyń 41;840;97;97;6;91;11.55;6.19;850;298;298;9;289;35.06;3.02
47497;040903;12;Przedszkole w Gębicach 88-330 Gębice Rynek 11;870;131;131;5;126;15.06;3.82;874;343;343;15;328;39.24;4.37
47498;040903;13;Szkoła Podstawowa w Gębicach 88-330 Marcinkowo 72;1040;135;135;6;129;12.98;4.44;1049;434;434;23;411;41.37;5.30
47499;040903;14;Szkoła Podstawowa w Wylatowie 88-342 Wylatowo 88;991;158;158;11;147;15.94;6.96;1016;404;404;24;380;39.76;5.94
47500;040903;15;Szkoła Podstawowa w Kwieciszewie 88-321 Kwieciszewo 45;1081;172;172;8;164;15.91;4.65;1069;418;418;20;398;39.10;4.78
47501;040903;16;Szkoła Podstawowa w Strzelcach 88-300 Strzelce 13;735;91;91;5;86;12.38;5.49;727;271;271;15;256;37.28;5.54
47502;040903;17;Świetlica Wiejska w Dąbrówce 88-300 Dąbrówka;1065;151;151;13;138;14.18;8.61;1097;431;431;21;410;39.29;4.87
47503;040903;18;Szkoła Podstawowa we Wszedniu 88-300 Wszedzień 7;796;115;115;9;106;14.45;7.83;794;349;349;10;339;43.95;2.87
47504;040903;19;Szkoła Podstawowa w Padniewie 88-300 Padniewo 55;855;171;171;7;164;20.00;4.09;860;400;400;11;389;46.51;2.75
47505;040903;20;Szkoła Podstawowa nr 3 w Mogilnie 88-300 Mogilno Piłsudskiego 16;767;101;101;1;100;13.17;0.99;815;356;356;10;346;43.68;2.81
47506;040903;21;Świetlica Wiejska w Józefowie 88-300 Józefowo;1000;147;147;6;141;14.70;4.08;982;376;376;11;365;38.29;2.93
90209;040903;22;Szpital Powiatowy w Mogilnie 88-300 Mogilno Kościuszki 10;40;1;1;0;1;2.50;0.00;18;4;4;1;3;22.22;25.00
47507;040904;1;ZESPÓŁ SZKÓŁ W STRZELNIE 88-320 STRZELNO UL. KOŚCIUSZKI 15;1410;298;298;6;292;21.13;2.01;1376;700;700;14;686;50.87;2.00
47508;040904;2;SZKOŁA PODSTAWOWA 88-320 STRZELNO UL.KARDYNAŁA WYSZYŃSKIEGO 2;1125;251;251;15;236;22.31;5.98;1102;538;538;31;507;48.82;5.76
47509;040904;3;GIMNAZJUM 88-320 STRZELNO UL.GIMNAZJALNA 17;1450;273;273;15;258;18.83;5.49;1430;612;612;41;571;42.80;6.70
47510;040904;4;ZESPÓŁ SZKÓŁ W STRZELNIE 88-320 Strzelno UL.GMINAZJALNA 7;1185;198;198;11;187;16.71;5.56;1167;413;413;22;391;35.39;5.33
47511;040904;5;SZKOŁA PODSTAWOWA 88-320 MARKOWICE 28;1069;121;121;5;116;11.32;4.13;1061;385;385;21;364;36.29;5.45
47512;040904;6;ŚWIETLICA OCHOTNICZEJ STRAŻY POŻARNEJ 88-320 OSTROWO 18;541;144;144;9;135;26.62;6.25;545;252;252;14;238;46.24;5.56
47513;040904;7;SZKOŁA PODSTAWOWA 88-320 STODOŁY 25;588;98;98;2;96;16.67;2.04;585;211;211;15;196;36.07;7.11
47514;040904;8;SZKOŁA PODSTAWOWA 88-320 WRONOWY 28;796;122;122;6;116;15.33;4.92;796;297;297;11;286;37.31;3.70
47515;040904;9;SZKOŁA PODSTAWOWA 88-320 CIECHRZ 30;728;111;111;4;107;15.25;3.60;700;251;251;11;240;35.86;4.38
47516;040904;10;ŚRODOWISKOWY DOM SAMOPOMOCY W STRZELNIE 88-320 STRZELNO KOLEJOWA 5;745;103;103;6;97;13.83;5.83;747;245;245;19;226;32.80;7.76
90210;040904;11;SZPITAL POWIATOWY W STRZELNIE 88-320 STRZELNO POWSTANIA WIELKOPOLSKIEGO 8;55;9;9;0;9;16.36;0.00;32;11;11;1;10;34.38;9.09
47517;041001;1;ZESPÓŁ SZKÓŁ TECHNICZNYCH W KCYNI 89-240 KCYNIA UL. JURCZYKA 3;1580;400;400;22;378;25.32;5.50;1565;744;744;35;709;47.54;4.70
47518;041001;2;SZKOŁA PODSTAWOWA 89-240 KCYNIA UL. WYRZYSKA 12;1553;392;392;28;364;25.24;7.14;1527;679;679;33;646;44.47;4.86
47519;041001;3;GMINNE CENTRUM KULTURY I BIBLIOTEKI im.KLARY PRILLOWEJ 89-240 KCYNIA UL.LIBELTA 27;1385;318;318;17;301;22.96;5.35;1379;626;626;27;599;45.40;4.31
47520;041001;4;ŚWIETLICA WIEJSKA W MALICACH 89-240 MALICE 29;472;78;78;7;71;16.53;8.97;472;184;184;10;174;38.98;5.43
47521;041001;5;ŚWIETLICA WIEJSKA W KOWALEWKU 89-240 KOWALEWKO 34;567;120;120;5;115;21.16;4.17;571;284;284;20;264;49.74;7.04
47522;041001;6;GIMNAZJUM W CHWALISZEWIE 89-240 CHWALISZEWO 27;822;143;143;9;134;17.40;6.29;810;311;311;32;279;38.40;10.29
47523;041001;7;ZESPÓŁ SZKÓŁ W DZIEWIERZEWIE 89-240 DZIEWIERZEWO 34;966;270;270;19;251;27.95;7.04;962;480;480;11;469;49.90;2.29
47524;041001;8;ŚWIETLICA WIEJSKA W GÓRKACH ZAGAJNYCH 89-240 GÓRKI ZAGAJNE 33a;339;76;76;5;71;22.42;6.58;331;128;128;11;117;38.67;8.59
47525;041001;9;SZKOŁA PODSTAWOWA W SIPIORACH 89-240 SIPIORY 51;662;107;107;7;100;16.16;6.54;668;233;233;28;205;34.88;12.02
47526;041001;10;ZESPÓŁ SZKÓŁ OGÓLNOKSZTAŁCĄCYCH W KCYNI 89-240 KCYNIA UL.22 STYCZNIA 1;884;144;144;10;134;16.29;6.94;888;293;293;21;272;33.00;7.17
47527;041001;11;ŚWIETLICA WIEJSKA W LASKOWNICY 89-240 LASKOWNICA 16A;594;86;86;2;84;14.48;2.33;593;165;165;10;155;27.82;6.06
47528;041001;12;ŚWIETLICA WIEJSKA W GROCHOLINIE 89-240 GROCHOLIN 30b;546;127;127;10;117;23.26;7.87;541;195;195;13;182;36.04;6.67
47529;041001;13;ZESPÓŁ SZKÓŁ OGÓLNOKSZTAŁCĄCYCH W KCYNI 89-240 KCYNIA UL.22 STYCZNIA 1;326;49;49;1;48;15.03;2.04;331;113;113;7;106;34.14;6.19
47530;041002;1;SZKOŁA PODSTAWOWA 89-115 MROCZA UL.30 LECIA LWP 4;888;143;143;21;122;16.10;14.69;885;341;341;16;325;38.53;4.69
47531;041002;2;GIMNAZJUM 89-115 MROCZA UL. SPORTOWA 2;354;73;73;5;68;20.62;6.85;362;143;143;6;137;39.50;4.20
47532;041002;3;MIEJSKO-GMINNY OŚRODEK KULTURY I REKREACJI 89-115 MROCZA UL. ŚLUZOWA 6;1159;207;207;12;195;17.86;5.80;1156;437;437;23;414;37.80;5.26
47533;041002;4;REMIZA OSP 89-115 MROCZA UL. WODNA 1;961;192;192;5;187;19.98;2.60;966;430;430;13;417;44.51;3.02
47534;041002;5;ŚWIETLICA WIEJSKA 89-115 WIELE 4;635;155;155;5;150;24.41;3.23;628;230;230;9;221;36.62;3.91
47535;041002;6;ŚWIETLICA WIEJSKA 89-115 DRZEWIANOWO;486;100;100;3;97;20.58;3.00;485;183;183;5;178;37.73;2.73
47536;041002;7;ŚWIETLICA WIEJSKA 89-115 DRĄŻNO 23;568;155;155;4;151;27.29;2.58;583;266;266;13;253;45.63;4.89
47537;041002;8;SZKOŁA PODSTAWOWA 89-115 KOSOWO 20;356;83;83;0;83;23.31;0.00;353;124;124;3;121;35.13;2.42
47538;041002;9;ŚWIETLICA WIEJSKA 89-115 MATYLDZIN 41;500;78;78;3;75;15.60;3.85;498;159;159;6;153;31.93;3.77
47539;041002;10;WIEJSKI DOM KULTURY 89-114 WITOSŁAW 33;609;135;135;2;133;22.17;1.48;592;221;221;6;215;37.33;2.71
47540;041002;11;SZKOŁA PODSTAWOWA 89-114 WITOSŁAW 9;641;160;160;5;155;24.96;3.12;632;232;232;8;224;36.71;3.45
47541;041003;1;SZKOŁA PODSTAWOWA NR 3 89-100 Nakło nad Notecią UL. MROTECKA 1a;1257;271;271;2;269;21.56;0.74;1251;644;644;11;633;51.48;1.71
47542;041003;2;GIMNAZJUM NR 3 89-100 Nakło nad Notecią UL. MROTECKA 1a;1011;235;235;6;229;23.24;2.55;978;507;507;9;498;51.84;1.78
47543;041003;3;NZOZ MEDICUS 89-100 Nakło nad Notecią OSIEDLE B. CHROBREGO 15;1682;546;546;12;534;32.46;2.20;1646;920;920;15;905;55.89;1.63
47544;041003;4;MUZEUM ZIEMI KRAJEŃSKIEJ 89-100 Nakło nad Notecią UL. POCZTOWA 14;1609;346;346;12;334;21.50;3.47;1554;649;649;21;628;41.76;3.24
47545;041003;5;SZKOŁA PODSTAWOWA NR 2 89-100 Nakło nad Notecią UL. BYDGOSKA 24;1258;214;214;17;197;17.01;7.94;1237;535;535;28;507;43.25;5.23
47546;041003;6;ZESPÓŁ SZKÓŁ ŻEGLUGI ŚRÓDLĄDOWEJ 89-100 Nakło nad Notecią UL. GEN. DĄBROWSKIEGO 4;781;139;139;4;135;17.80;2.88;749;262;262;16;246;34.98;6.11
47547;041003;7;URZĄD STANU CYWILNEGO 89-100 Nakło nad Notecią UL. GIMNAZJALNA 2;1285;318;318;15;303;24.75;4.72;1287;620;620;32;588;48.17;5.16
47548;041003;8;POWIATOWA I MIEJSKA BIBLIOTEKA PUBLICZNA 89-100 Nakło nad Notecią UL. GEN. DĄBROWSKIEGO 20;839;170;170;7;163;20.26;4.12;844;350;350;19;331;41.47;5.43
47549;041003;9;URZĄD SKARBOWY 89-100 Nakło nad Notecią UL. SĄDOWA 8;1319;220;220;12;208;16.68;5.45;1312;528;528;21;507;40.24;3.98
47550;041003;10;ZESPÓŁ SZKÓŁ PONADGIMNAZJALNYCH 89-100 Nakło nad Notecią UL. STASZICA 18;1277;264;264;13;251;20.67;4.92;1283;635;635;16;619;49.49;2.52
47551;041003;11;SZKOŁA PODSTAWOWA NR 4 89-100 Nakło nad Notecią OSIEDLE W. ŁOKIETKA 15;1277;311;311;14;297;24.35;4.50;1271;710;710;9;701;55.86;1.27
47552;041003;12;NAKIELSKI OŚRODEK KULTURY 89-100 Nakło nad Notecią UL. MICKIEWICZA 3;1133;300;300;16;284;26.48;5.33;1107;591;591;17;574;53.39;2.88
47553;041003;13;NIEPUBLICZNA SZKOŁA PODSTAWOWA 89-100 Olszewka 22;745;133;133;3;130;17.85;2.26;734;257;257;15;242;35.01;5.84
47554;041003;14;WIEJSKI DOM KULTURY 89-100 Paterek UL. WYZWOLENIA 3;1226;198;198;6;192;16.15;3.03;1239;465;465;21;444;37.53;4.52
47555;041003;15;ZESPÓŁ SZKÓŁ 89-100 Paterek UL. KCYŃSKA 6a;1482;287;287;10;277;19.37;3.48;1456;694;694;39;655;47.66;5.62
47556;041003;16;ZESPÓŁ SZKÓŁ 89-100 Występ UL. WIEJSKA 1;1323;244;244;15;229;18.44;6.15;1321;647;647;20;627;48.98;3.09
47557;041003;17;ZESPÓŁ SZKÓŁ 89-120 Potulice UL. SZKOLNA 4;1450;245;245;12;233;16.90;4.90;1415;624;624;24;600;44.10;3.85
47558;041003;18;WIEJSKI DOM KULTURY 89-121 Ślesin UL. STRAŻACKA 2;1261;315;315;13;302;24.98;4.13;1257;572;572;23;549;45.51;4.02
47559;041003;19;ZESPÓL SZKÓŁ 89-121 Ślesin UL. DWORCOWA 9;661;85;85;5;80;12.86;5.88;656;228;228;6;222;34.76;2.63
47560;041003;20;CENTRUM EDUKACYJNO-KULTURALNE 89-100 Trzeciewnica UL. POWSTAŃCÓW WIELKOPOLSKICH 25;891;238;238;12;226;26.71;5.04;878;400;400;15;385;45.56;3.75
47561;041003;21;STACJA DOŚWIADCZALNA OCENY ODMIAN 89-100 Chrząstowo 8;1043;186;186;2;184;17.83;1.08;1039;427;427;18;409;41.10;4.22
47562;041003;22;KOMUNALNE PRZEDSIĘBIORSTWO WODOCIĄGÓW I KANALIZACJI 89-100 Nakło nad Notecią UL. DRZYMAŁY 4a;121;13;13;1;12;10.74;7.69;126;56;56;1;55;44.44;1.79
90211;041003;23;ZAKŁAD KARNY 89-120 Potulice UL. ALEJA PARKOWA 1;1121;276;276;54;222;24.62;19.57;975;409;409;83;326;41.95;20.29
90212;041003;24;ZAKŁAD OPIEKI ZDROWOTNEJ ZAKŁADU KARNEGO W POTULICACH 89-120 Potulice UL. ALEJA PARKOWA 1;72;39;39;11;28;54.17;28.21;30;28;28;13;15;93.33;46.43
90213;041003;25;NZOZ „NOWY SZPITAL W NAKLE I SZUBINIE” Sp. z o. o. 89-100 Nakło nad Notecią UL. MICKIEWICZA 7;67;2;2;0;2;2.99;0.00;60;4;4;0;4;6.67;0.00
90214;041003;26;DOM POMOCY SPOŁECZNEJ 89-100 Nakło nad Notecią UL. PARKOWA 8;67;34;34;4;30;50.75;11.76;65;33;33;2;31;50.77;6.06
47563;041004;1;Urząd Gminy 89-110 Sadki ul. Strażacka 11;796;172;172;4;168;21.61;2.33;804;350;350;14;336;43.53;4.00
47564;041004;2;Szkoła Podstawowa w Sadkach 89-110 Sadki ul. Mickiewicza 1;803;132;132;4;128;16.44;3.03;801;338;338;18;320;42.20;5.33
47565;041004;3;Zespół Szkół Ponadpodstawowych 89-110 Samostrzel 8a;451;84;84;3;81;18.63;3.57;451;190;190;13;177;42.13;6.84
47566;041004;4;Świetlica Wiejska Bnin 89-110 Bnin 29a;359;83;83;5;78;23.12;6.02;360;145;145;18;127;40.28;12.41
47567;041004;5;Świetlica Wiejska Mrozowo 89-110 Mrozowo 24;522;69;69;7;62;13.22;10.14;510;116;116;10;106;22.75;8.62
47568;041004;6;Świetlica Wiejska Radzicz 89-110 Radzicz 38;499;53;53;1;52;10.62;1.89;496;139;139;8;131;28.02;5.76
47569;041004;7;Świetlica Wiejska Dębionek 89-110 Dębionek 33;491;71;71;7;64;14.46;9.86;494;167;167;11;156;33.81;6.59
47570;041004;8;Szkoła Podstawowa w Dębowie 89-110 Dębowo ul. Bohaterów 9;685;145;145;9;136;21.17;6.21;677;283;283;16;267;41.80;5.65
47571;041004;9;Świetlica Wiejska Śmielin 89-110 Śmielin ul. Główna 2;521;102;102;7;95;19.58;6.86;522;206;206;5;201;39.46;2.43
47572;041004;10;Zespół Szkół Stowarzyszenia „Żakus” w Anielinach 89-110 Anieliny 30;577;88;88;8;80;15.25;9.09;584;199;199;13;186;34.08;6.53
47573;041005;1;Zespół Szkół Ponadgimnazjalnych 89-200 Szubin Kochanowskiego 1;1041;294;294;8;286;28.24;2.72;1037;587;587;24;563;56.61;4.09
47574;041005;2;Szkoła Podstawowa Nr 1 89-200 Szubin Wyzwolenia 21;1079;241;241;17;224;22.34;7.05;1080;509;509;16;493;47.13;3.14
47575;041005;3;Przedszkole Samorządowe Nr 2 89-200 Szubin Dąbrowskiego 16;838;239;239;10;229;28.52;4.18;824;467;467;15;452;56.67;3.21
47576;041005;4;NZOZ Medyk sp.z o.o. 89-200 Szubin Bema 6;1065;356;356;9;347;33.43;2.53;1028;573;573;14;559;55.74;2.44
47577;041005;5;Spółdzielnia Mieszkaniowa 89-200 Szubin Bema 1;827;238;238;4;234;28.78;1.68;819;466;466;14;452;56.90;3.00
47578;041005;6;Gimnazjum Nr 1 89-200 Szubin Św.Marcina 11;830;202;202;10;192;24.34;4.95;817;366;366;16;350;44.80;4.37
47579;041005;7;Szubiński Dom Kultury 89-200 Szubin Kcyńska 13;866;193;193;10;183;22.29;5.18;834;378;378;23;355;45.32;6.08
47580;041005;8;Zespół Szkół 89-200 Szubin Tysiąclecia 1;968;268;268;8;260;27.69;2.99;988;566;566;17;549;57.29;3.00
47581;041005;9;Szkoła Podstawowa 89-200 Kołaczkowo Szkolna 6;897;194;194;7;187;21.63;3.61;910;396;396;20;376;43.52;5.05
47582;041005;10;Świetlica wiejska 89-200 Rynarzewo Strażacka 2;966;278;278;15;263;28.78;5.40;970;505;505;13;492;52.06;2.57
47583;041005;11;Zespół Szkół w Rynarzewie 89-200 Rynarzewo Strażacka 20;804;194;194;11;183;24.13;5.67;844;394;394;13;381;46.68;3.30
47584;041005;12;Świetlica wiejska 89-200 Zamość Wierzbowa 1;718;177;177;5;172;24.65;2.82;753;395;395;9;386;52.46;2.28
47585;041005;13;Świetlica wiejska 89-200 Zamość Wierzbowa 1;725;142;142;6;136;19.59;4.23;740;363;363;15;348;49.05;4.13
47586;041005;14;Szkoła Podstawowa 89-200 Tur Bydgoska 28;826;165;165;10;155;19.98;6.06;828;373;373;16;357;45.05;4.29
47587;041005;15;Świetlica wiejska Samoklęski Duże 89-200 Samoklęski Duże 19a;1016;129;129;4;125;12.70;3.10;1013;337;337;19;318;33.27;5.64
47588;041005;16;Świetlica wiejska Szaradowo 89-200 Szaradowo 9;920;122;122;8;114;13.26;6.56;907;281;281;10;271;30.98;3.56
47589;041005;17;Rejonowa Biblioteka Publiczna 89-200 Szubin Kcyńska 11;1107;191;191;7;184;17.25;3.66;1112;452;452;35;417;40.65;7.74
47590;041005;18;Świetlica wiejska 89-200 Królikowo Chraplewska 1;768;136;136;4;132;17.71;2.94;755;262;262;9;253;34.70;3.44
47591;041005;19;Świetlica wiejska Ciężkowo 89-200 Ciężkowo 10;740;96;96;6;90;12.97;6.25;741;207;207;14;193;27.94;6.76
47592;041005;20;Świetlica wiejska Chomętowo 89-200 Chomętowo 25;900;160;160;3;157;17.78;1.88;893;372;372;19;353;41.66;5.11
47593;041005;21;Zespół Szkół w Kowalewie 89-200 Kowalewo Szkolna 5;795;135;135;5;130;16.98;3.70;808;327;327;9;318;40.47;2.75
90215;041005;22;Nowy Szpital w Nakle i Szubinie sp. z o.o. budynek główny,II pietro, korytarz 89-200 Szubin Ogrodowa 9;32;5;5;0;5;15.62;0.00;40;9;9;1;8;22.50;11.11
47594;041101;1;Miejski Zespół Szkół w Radziejowie 88-200 Radziejów Szkolna 28;935;154;154;4;150;16.47;2.60;893;405;405;17;388;45.35;4.20
47595;041101;2;Miejski Zespół Szkół w Radziejowie 88-200 Radziejów Szkolna 28;969;188;188;12;176;19.40;6.38;938;415;415;13;402;44.24;3.13
47596;041101;3;Urząd Miasta Radziejów 88-200 Radziejów Kościuszki 20/22;979;189;189;6;183;19.31;3.17;955;403;403;17;386;42.20;4.22
47597;041101;4;Miejska i Powiatowa Biblioteka Publiczna w Radziejowie 88-200 Radziejów Objezdna 33;932;230;230;5;225;24.68;2.17;919;464;464;16;448;50.49;3.45
47598;041101;5;Radziejowski Dom Kultury 88-200 Radziejów Objezdna 40;940;233;233;13;220;24.79;5.58;929;466;466;10;456;50.16;2.15
90216;041101;6;Samodzielny Publiczny Zakład Opieki Zdrowotnej w Radziejowie , I piętro, holl 88-200 Radziejów Szpitalna 3;176;38;38;6;32;21.59;15.79;175;63;63;10;53;36.00;15.87
47599;041102;1;Sala Konferencyjna Urząd Gminy w Bytoniu 88-231 Bytoń 72;689;108;108;5;103;15.67;4.63;747;302;302;14;288;40.43;4.64
47600;041102;2;Remiza Ochotniczej Straży Pożarnej w Budzisławiu 88-231 Budzisław 3;416;48;48;1;47;11.54;2.08;412;137;137;2;135;33.25;1.46
47601;041102;3;Szkoła Podstawowa w Morzycach 88-231 Morzyce 27;814;86;86;2;84;10.57;2.33;747;266;266;22;244;35.61;8.27
47602;041102;4;Publiczne Gimnazjum w Witowie 88-231 Witowo 48;672;84;84;6;78;12.50;7.14;681;240;240;28;212;35.24;11.67
47603;041102;5;Świetlica Wiejska w Niegibalicach 88-231 Niegibalice 46;462;77;77;6;71;16.67;7.79;468;158;158;5;153;33.76;3.16
47604;041103;1;Zespół Szkół w Dobrem 88-210 Dobre ul.Szkolna 9;1247;200;200;14;186;16.04;7.00;1219;522;522;27;495;42.82;5.17
47605;041103;2;Publiczna Szkoła Podstawowa 88-210 Byczyna 47;533;77;77;7;70;14.45;9.09;532;207;207;7;200;38.91;3.38
47606;041103;3;Publiczna Szkoła Podstawowa 88-210 Krzywosądz 52;1210;171;171;9;162;14.13;5.26;1219;450;450;11;439;36.92;2.44
47607;041103;4;Świetlica Wiejska 88-210 Bronisław 40A;474;63;63;0;63;13.29;0.00;473;159;159;3;156;33.62;1.89
47608;041103;5;Remiza OSP 88-210 Bodzanowo 3;193;20;20;1;19;10.36;5.00;194;57;57;1;56;29.38;1.75
47609;041103;6;Gminny Ośrodek Kultury 88-210 Dobre ul.Fabryczna 26a;865;87;87;5;82;10.06;5.75;860;230;230;8;222;26.74;3.48
47610;041104;1;Szkoła Podstawowa w Osięcinach 88-220 Osięciny ul.Traugutta 1;1517;184;184;13;171;12.13;7.07;1472;580;580;20;560;39.40;3.45
47611;041104;2;Publiczne Gimnazjum w Osięcinach 88-220 Osięciny ul.Traugutta 7;938;73;73;7;66;7.78;9.59;929;313;313;12;301;33.69;3.83
47612;041104;3;Gminny Ośrodek Kultury w Osięcinach 88-220 Osięciny ul. I Armii Wojska Polskiego 21;1281;251;252;15;236;19.59;5.98;1298;652;652;21;631;50.23;3.22
47613;041104;4;Szkoła Podstawowa w Kościelnej Wsi 88-220 Kościelna Wieś 2;750;98;98;9;89;13.07;9.18;743;283;283;11;272;38.09;3.89
47614;041104;5;Szkoła Podstawowa w Pocierzynie 88-220 Pocierzyn 35;769;64;64;2;62;8.32;3.12;762;248;248;14;234;32.55;5.65
47615;041104;6;Świetlica wiejska w Borucinie 88-220 Borucin 1a;461;78;78;6;72;16.92;7.69;463;164;164;17;147;35.42;10.37
47616;041104;7;Świetlica wiejska w Konarach 88-220 Konary 17/7;447;49;49;3;46;10.96;6.12;439;131;131;4;127;29.84;3.05
47617;041104;8;Remiza OSP w Pilichowie 88-220 Pilichowo 12a;374;60;60;9;51;16.04;15.00;373;106;106;10;96;28.42;9.43
47618;041105;1;Hala Widowiskowo-Sportowa 88-230 Piotrków Kujawski ul.Włocławska 37;1556;285;285;22;263;18.32;7.72;1535;633;633;32;601;41.24;5.06
47619;041105;2;Świetlica Miejsko-Gminnego Ośrodka Pomocy Społecznej 88-230 Piotrków Kujawski ul.Słoneczna 32;1044;166;166;2;164;15.90;1.20;1032;426;426;17;409;41.28;3.99
47620;041105;3;Biblioteka Publiczna Piotrków Kujawski 88-230 Piotrków Kujawski Rynek 20;1020;160;160;5;155;15.69;3.12;1028;392;392;16;376;38.13;4.08
47621;041105;4;Świetlica wiejska Zborowiec 88-230 Zborowiec 47;399;43;43;1;42;10.78;2.33;403;132;132;8;124;32.75;6.06
47622;041105;5;Świetlica Wiejska 88-230 Gradowo 14A;479;71;71;2;69;14.82;2.82;478;174;174;5;169;36.40;2.87
47623;041105;6;Szkoła Podstawowa 88-230 Bycz 3;527;54;54;4;50;10.25;7.41;514;161;161;15;146;31.32;9.32
47624;041105;7;Remiza OSP 88-230 Połajewo 25C;478;73;73;2;71;15.27;2.74;485;182;182;5;177;37.53;2.75
47625;041105;8;Szkoła Podstawowa 88-230 Dębołęka 7;559;57;57;2;55;10.20;3.51;555;205;205;12;193;36.94;5.85
47626;041105;9;Remiza OSP 88-230 Świątniki 9;494;62;62;0;62;12.55;0.00;482;171;171;6;165;35.48;3.51
47627;041105;10;Remiza OSP 88-230 Jerzyce 7;560;70;70;6;64;12.50;8.57;545;161;161;10;151;29.54;6.21
47628;041105;11;Warsztaty Terapii Zajęciowej 88-230 Nowa Wieś 28A;551;68;68;1;67;12.34;1.47;547;173;173;11;162;31.63;6.36
90217;041105;12;Świetlica Domu Pomocy Społecznej 88-230 Piotrków Kujawski Poznańska 98;66;27;27;5;22;40.91;18.52;63;23;23;1;22;36.51;4.35
47629;041106;1;Szkoła Podstawowa w Bieganowie 88-200 Bieganowo 9;784;97;97;8;89;12.37;8.25;795;287;287;9;278;36.10;3.14
47630;041106;2;Świetlica wiejska w Czołowie 88-200 Czołowo 83a;369;115;115;3;112;31.17;2.61;367;191;191;7;184;52.04;3.66
47631;041106;3;Szkoła Podstawowa w Płowcach 88-200 Płowce 94;418;51;51;2;49;12.20;3.92;412;137;137;5;132;33.25;3.65
47632;041106;4;Remiza OSP w Broniewie 88-200 Broniewo 8;595;102;102;2;100;17.14;1.96;591;240;240;9;231;40.61;3.75
47633;041106;5;Świetlica wiejska w Opatowicach 88-200 Opatowice 21;643;76;76;6;70;11.82;7.89;628;225;225;4;221;35.83;1.78
47634;041106;6;Świetlica wiejska w Zagorzycach 88-200 Zagorzyce 21a;375;39;39;3;36;10.40;7.69;373;122;122;6;116;32.71;4.92
47635;041106;7;Publiczne Gimnazjum w Skibinie 88-200 Skibin 53;476;56;56;10;46;11.76;17.86;466;128;128;7;121;27.47;5.47
47636;041107;1;Świetlica Wiejska w Kamieńcu 87-875 Kamieniec;483;55;55;2;53;11.39;3.64;468;135;135;4;131;28.85;2.96
47637;041107;2;Szkoła Podstawowa w Paniewie 87-875 Paniewo;835;84;84;6;78;10.06;7.14;817;265;265;19;246;32.44;7.17
47638;041107;3;Gminny Ośrodek Kultury w Topólce 87-875 Topólka;843;150;150;6;144;17.79;4.00;829;358;358;24;334;43.18;6.70
47639;041107;4;Budynek byłej Szkoły Podstawowej w Znaniewie 87-875 Znaniewo;561;76;76;5;71;13.55;6.58;556;212;212;9;203;38.13;4.25
47640;041107;5;Świetlica Wiejska w Sierakowach 87-875 Sierakowy;450;62;62;6;56;13.78;9.68;446;156;156;4;152;34.98;2.56
47641;041107;6;Remiza OSP w Orlu 87-875 Orle;339;88;88;4;84;25.96;4.55;327;145;145;8;137;44.34;5.52
47642;041107;7;Gimnazjum Publiczne w Topólce 87-875 Topólka;630;86;86;5;81;13.65;5.81;642;244;244;15;229;38.01;6.15
47643;041201;1;Zespół Szkół Nr 1 87-500 Rypin ul.Kościuszki 51;917;167;167;7;160;18.21;4.19;891;371;371;8;363;41.64;2.16
47644;041201;2;Zespół Szkół Nr 1 87-500 Rypin ul. Kościuszki 51;692;76;76;2;74;10.98;2.63;680;223;223;11;212;32.79;4.93
47645;041201;3;Rypiński Dom Kultury 87-500 Rypin ul. Warszawska 8;847;165;165;3;162;19.48;1.82;794;326;326;9;317;41.06;2.76
47646;041201;4;Muzeum Ziemi Dobrzyńskiej 87-500 Rypin ul. Warszawska 20;1049;206;206;3;203;19.64;1.46;1007;434;434;18;416;43.10;4.15
47647;041201;5;Starostwo Powiatowe w Rypinie 87-500 Rypin ul. Warszawska 38;1053;216;216;4;212;20.51;1.85;1050;472;472;9;463;44.95;1.91
47648;041201;6;Urząd Miasta Rypin 87-500 Rypin ul. Warszawska 40;785;144;144;4;140;18.34;2.78;802;383;383;9;374;47.76;2.35
47649;041201;7;Szkoła Podstawowa Nr 3 87-500 Rypin ul.Młyńska 12;835;182;182;6;176;21.80;3.30;815;384;384;9;375;47.12;2.34
47650;041201;8;Szkoła Podstawowa Nr 3 87-500 Rypin ul.Młyńska 12;969;231;231;5;226;23.84;2.16;946;453;453;7;446;47.89;1.55
47651;041201;9;Szkoła Podstawowa Nr 1 87-500 Rypin ul. 3 Maja 3;999;219;219;1;218;21.92;0.46;981;453;453;16;437;46.18;3.53
47652;041201;10;Szkoła Podstawowa Nr 1 87-500 Rypin ul. 3 Maja 3;799;173;173;3;170;21.65;1.73;780;442;442;5;437;56.67;1.13
47653;041201;11;Zespół Szkół Nr 2 87-500 Rypin ul. Dworcowa 9;903;177;177;6;171;19.60;3.39;928;430;430;17;413;46.34;3.95
47654;041201;12;Zespół Szkół Nr 2 87-500 Rypin ul. Dworcowa 9;809;147;147;2;145;18.17;1.36;800;338;338;18;320;42.25;5.33
47655;041201;13;Rypińskie Centrum Sportu 87-500 Rypin ul. Dworcowa 11;885;203;203;8;195;22.94;3.94;850;444;444;19;425;52.24;4.28
47656;041201;14;Rypińskie Centrum Sportu 87-500 Rypin ul. Dworcowa 11;881;120;120;7;113;13.62;5.83;846;230;230;14;216;27.19;6.09
47657;041201;15;Świetlica Spółdzielni Mieszkaniowej Lokatorsko - Własnościowej 87-500 Rypin ul. Wojska Polskiego 9;892;207;207;5;202;23.21;2.42;874;416;416;11;405;47.60;2.64
90218;041201;16;Szpital Powiatowy w Rypinie 87-500 Rypin ul. 3 Maja 2;69;14;14;0;14;20.29;0.00;69;32;32;1;31;46.38;3.12
47658;041202;1;Gimnazjum Ostrowite 87-522 Ostrowite 63;1060;150;150;6;144;14.15;4.00;1029;396;396;13;383;38.48;3.28
47659;041202;2;Szkoła Podstawowa w Trąbinie 87-522 Trąbin-Wieś 6;1080;144;144;6;138;13.33;4.17;1076;350;350;7;343;32.53;2.00
47660;041202;3;Szkoła Podstawowa w Ugoszczu 87-517 Ugoszcz 22;1075;98;98;1;97;9.12;1.02;1063;338;338;17;321;31.80;5.03
47661;041202;4;Budynek po Szkole Podstawowej w Żałem 87-517 Żałe 17;1073;119;119;7;112;11.09;5.88;1078;392;392;24;368;36.36;6.12
90219;041202;5;Świetlica Domu Pomocy Społecznej w Ugoszczu 87-517 Ugoszcz 30;44;18;18;2;16;40.91;11.11;42;22;22;1;21;52.38;4.55
47662;041203;1;Urząd Gminy w Rogowie 87-515 Rogowo 51;892;155;155;2;153;17.38;1.29;884;346;346;18;328;39.14;5.20
47663;041203;2;Szkoła Podstawowa w Rogowie 87-515 Rogowo 31;532;62;62;0;62;11.65;0.00;530;154;154;14;140;29.06;9.09
47664;041203;3;Szkoła Podstawowa w Nowym Kobrzyńcu 87-515 Nowy Kobrzyniec 1;600;89;89;5;84;14.83;5.62;602;159;159;8;151;26.41;5.03
47665;041203;4;Świetlica Wiejska w Pręczkach 87-515 Pręczki 8;393;53;53;5;48;13.49;9.43;396;138;138;10;128;34.85;7.25
47666;041203;5;Szkoła Podstawowa w Sosnowie 87-515 Sosnowo 33;971;97;97;6;91;9.99;6.19;954;287;287;13;274;30.08;4.53
47667;041203;6;Szkoła Podstawowa w Nadrożu 87-515 Nadróż 56;499;82;82;5;77;16.43;6.10;501;189;189;8;181;37.72;4.23
47668;041204;1;Szkoła Podstawowa w Starorypinie Rządowym 87-500 Starorypin Rządowy 13;980;100;100;2;98;10.20;2.00;995;305;305;14;291;30.65;4.59
47669;041204;2;Urząd Gminy Rypin 87-500 Rypin ul.Lipnowska 4;1496;214;214;3;211;14.30;1.40;1510;570;570;22;548;37.75;3.86
47670;041204;3;Szkoła Podstawowa w Zakroczu 87-500 Zakrocz 45;777;84;84;1;83;10.81;1.19;777;240;240;2;238;30.89;0.83
47671;041204;4;Szkoła Podstawowa w Sadłowie 87-500 Sadłowo 23;877;117;117;7;110;13.34;5.98;868;260;260;9;251;29.95;3.46
47672;041204;5;Szkoła Podstawowa w Stępowie 87-500 Stępowo 86;769;86;86;1;85;11.18;1.16;782;265;265;6;259;33.89;2.26
47673;041204;6;Szkoła Podstawowa w Borzyminie 87-500 Borzymin 5;1010;96;96;4;92;9.50;4.17;996;304;304;19;285;30.52;6.25
47674;041205;1;Zespół Szkół w Skrwilnie 87-510 Skrwilno ul. Bieżuńska 16;1015;130;130;4;126;12.81;3.08;1010;378;378;16;362;37.43;4.23
47675;041205;2;Urząd Gminy w Skrwilnie 87-510 Skrwilno ul. Rypińska 7;975;200;200;8;192;20.51;4.00;955;435;435;18;417;45.55;4.14
47676;041205;3;Szkoła Podstawowa w Skudzawach 87-510 Skudzawy 27;520;43;43;0;43;8.27;0.00;534;186;186;10;176;34.83;5.38
47677;041205;4;Szkoła Podstawowa w Okalewie 87-510 Okalewo 62;777;150;150;8;142;19.31;5.33;794;327;327;12;315;41.18;3.67
47678;041205;5;Szkoła Podstawowa w Okalewie 87-510 Okalewo 62;588;110;110;3;107;18.71;2.73;585;172;172;5;167;29.40;2.91
47679;041205;6;Zespół Szkół w Skrwilnie 87-510 Skrwilno ul. Bieżuńska 16;969;121;121;4;117;12.49;3.31;969;334;334;6;328;34.47;1.80
47680;041206;1;Szkoła Podstawowa Radziki Duże 87-337 Radziki Duże 96;668;117;117;5;112;17.51;4.27;652;232;232;5;227;35.58;2.16
47681;041206;2;Szkoła Podstawowa Radziki Duże 87-337 Radziki Duże 96;376;27;27;3;24;7.18;11.11;366;94;94;1;93;25.68;1.06
47682;041206;3;Szkoła Podstawowa Wąpielsk 87-337 Wąpielsk 114;606;73;73;6;67;12.05;8.22;605;199;199;15;184;32.89;7.54
47683;041206;4;Szkoła Podstawowa Wąpielsk 87-337 Wąpielsk 114;660;61;61;3;58;9.24;4.92;658;185;185;9;176;28.12;4.86
47684;041206;5;Szkoła Podstawowa Półwiesk Mały 87-337 Półwiesk Mały 37;434;42;42;3;39;9.68;7.14;414;119;119;3;116;28.74;2.52
47685;041206;6;Szkoła Podstawowa Długie 87-337 Długie 70;609;95;95;1;94;15.60;1.05;604;200;200;9;191;33.11;4.50
47686;041301;1;MIEJSKO-GMINNY OŚRODEK KULTURY 89-430 KAMIEŃ KRAJEŃSKI UL. SĘPOLEŃSKA 4;1117;221;221;12;209;19.79;5.43;1049;468;468;19;449;44.61;4.06
47687;041301;2;MIEJSKO-GMINNY OŚRODEK KULTURY 89-430 KAMIEŃ KRAJEŃSKI UL. SĘPOLEŃSKA 4;732;183;183;5;178;25.00;2.73;735;345;345;15;330;46.94;4.35
47688;041301;3;ZESPÓŁ SZKOLNO - PRZEDSZKOLNY SZKOŁY PODSTAWOWEJ I PRZEDSZKOLA SAMORZĄDOWEGO IM.I ARMII WOJSKA POLSKIEGO 89-430 KAMIEŃ KRAJEŃSKI UL. SZKOLNA 3;784;66;66;5;61;8.42;7.58;794;253;253;24;229;31.86;9.49
47689;041301;4;SZKOŁA PODSTAWOWA IM. WŁADYSŁAWA BRONIEWSKIEGO 89-430 DUŻA CERKWICA 32;807;107;107;2;105;13.26;1.87;799;276;276;11;265;34.54;3.99
47690;041301;5;SZKOŁA PODSTAWOWA 89-430 ZAMARTE UL. KLASZTORNA 1;889;161;161;10;151;18.11;6.21;866;338;338;13;325;39.03;3.85
47691;041301;6;WIEJSKI DOM KULTURY 89-430 PŁOCICZ 22;619;129;129;10;119;20.84;7.75;609;230;230;11;219;37.77;4.78
47692;041301;7;WIEJSKI DOM KULTURY 89-430 DĄBRÓWKA GŁÓWNA 7;546;92;92;5;87;16.85;5.43;537;222;222;29;193;41.34;13.06
47693;041302;1;CENTRUM AKTYWNOŚCI SPOŁECZNEJ 89-400 Sępólno Krajeńskie UL. JEZIORNA 6;853;153;153;3;150;17.94;1.96;831;341;341;16;325;41.03;4.69
47694;041302;2;GMINNE PRZEDSZKOLE NR 1 Z ODDZIAŁAMI INTEGRACYJNYMI 89-400 SĘPÓLNO KRAJEŃSKIE UL. NOWY RYNEK 2;904;192;192;8;184;21.24;4.17;903;358;358;19;339;39.65;5.31
47695;041302;3;ZESPÓŁ SZKÓŁ NR 1 89-400 Sępólno Krajeńskie UL. WOJSKA POLSKIEGO 34;813;238;238;3;235;29.27;1.26;808;411;411;8;403;50.87;1.95
47696;041302;4;ZESPÓŁ SZKÓŁ NR 1 89-400 SĘPÓLNO KRAJEŃSKIE UL. WOJSKA POLSKIEGO 34;1046;218;218;9;209;20.84;4.13;1062;498;498;12;486;46.89;2.41
47697;041302;5;CENTRUM SPORTU I REKREACJI 89-400 SĘPÓLNO KRAJEŃSKIE UL. CHOJNICKA 19;888;247;247;13;234;27.82;5.26;874;451;451;9;442;51.60;2.00
47698;041302;6;ZESPÓŁ SZKÓŁ NR 3 89-400 SĘPÓLNO KRAJEŃSKIE UL. SZKOLNA 1;830;214;214;4;210;25.78;1.87;808;414;414;8;406;51.24;1.93
47699;041302;7;OŚRODEK POMOCY SPOŁECZNEJ 89-400 SĘPÓLNO KRAJEŃSKIE UL. SZKOLNA 8;700;183;183;7;176;26.14;3.83;690;326;326;10;316;47.25;3.07
47700;041302;8;CENTRUM KULTURY I SZTUKI 89-400 SĘPÓLNO KRAJEŃSKIE UL. TADEUSZA KOŚCIUSZKI 4;657;197;197;5;192;29.98;2.54;654;361;361;8;353;55.20;2.22
47701;041302;9;ZESPÓŁ SZKÓŁ LICEALNYCH 89-400 SĘPÓLNO KRAJEŃSKIE UL. MŁYŃSKA 42;720;183;183;1;182;25.42;0.55;695;341;341;7;334;49.06;2.05
47702;041302;10;ŚWIETLICA WIEJSKA 89-400 Świdwie 10;984;108;108;11;97;10.98;10.19;991;277;277;9;268;27.95;3.25
47703;041302;11;ŚWIETLICA WIEJSKA 89-400 Radońsk 14;802;129;129;10;119;16.08;7.75;796;262;262;10;252;32.91;3.82
47704;041302;12;WIEJSKI OŚRODEK KULTURY 89-406 Lutowo 65;721;125;125;6;119;17.34;4.80;722;305;305;8;297;42.24;2.62
47705;041302;13;ŚWIETLICA WIEJSKA 89-400 Piaseczno 32;769;115;115;1;114;14.95;0.87;780;314;314;10;304;40.26;3.18
47706;041302;14;ŚWIETLICA WIEJSKA 89-400 Skarpa 4;1012;122;122;5;117;12.06;4.10;984;341;341;14;327;34.65;4.11
47707;041302;15;WIEJSKI OŚRODEK KULTURY 89-405 Wałdowo 20;960;101;101;2;99;10.52;1.98;952;354;354;20;334;37.18;5.65
47708;041303;1;Szkoła Podstawowa w Przepałkowie 89-412 Przepałkowo 7;741;67;67;7;60;9.04;10.45;740;215;215;13;202;29.05;6.05
47709;041303;2;Sala Wiejska w Wielowiczu 89-412 Wielowicz 26;937;148;148;8;140;15.80;5.41;937;339;339;18;321;36.18;5.31
47710;041303;3;Gminny Dom Kultury w Sośnie 89-412 SOŚNO aleja Jana Pawła II 1;708;166;166;6;160;23.45;3.61;693;314;314;18;296;45.31;5.73
47711;041303;4;Zespół Szkół w Wąwelnie 89-413 Wąwelno Szkolna 1;1161;139;139;8;131;11.97;5.76;1136;371;371;14;357;32.66;3.77
47712;041303;5;Świetlica Wiejska w Sitnie 89-413 Sitno 11;503;73;73;5;68;14.51;6.85;494;128;128;9;119;25.91;7.03
47713;041304;1;PRZEDSZKOLE GMINNE Nr 1 89-410 Więcbork UL.GDAŃSKA 13;1143;296;297;15;281;25.90;5.07;1126;558;558;7;551;49.56;1.25
47714;041304;2;GIMNAZJUM IM. POLSKICH NOBLISTÓW 89-410 Więcbork UL.ALEJA 600-LECIA 4;1230;207;207;12;195;16.83;5.80;1205;469;469;10;459;38.92;2.13
47715;041304;3;SZKOŁA PODSTAWOWA IM. KORNELA MAKUSZYŃSKIEGO 89-410 Więcbork UL. WYZWOLENIA 19;768;167;167;6;161;21.74;3.59;774;364;365;12;352;47.03;3.30
47716;041304;4;SZKOŁA PODSTAWOWA IM.KORNELA MAKUSZYŃSKIEGO 89-410 Więcbork UL. WYZWOLENIA 19;796;158;158;8;150;19.85;5.06;788;346;346;9;337;43.91;2.60
47717;041304;5;GIMNAZJUM IM.POLSKICH NOBLISTÓW 89-410 Więcbork UL.ALEJA 600-LECIA 4;789;145;145;8;137;18.38;5.52;775;293;293;7;286;37.81;2.39
47718;041304;6;ZESPÓŁ SZKÓŁ PĘPERZYN 89-410 Pęperzyn 33;791;114;114;1;113;14.41;0.88;778;258;258;13;245;33.16;5.04
47719;041304;7;ZESPÓŁ SZKÓŁ Z ODDZIAŁAMI INTEGRACYJNYMI 89-410 Jastrzębiec 17;589;91;91;3;88;15.45;3.30;591;218;218;7;211;36.89;3.21
47720;041304;8;SZKOŁA PODSTAWOWA IM. E.J.ORZELSKICH 89-421 Runowo Krajeńskie 58;1226;185;185;9;176;15.09;4.86;1223;456;456;18;438;37.29;3.95
47721;041304;9;ŚWIETLICA WIEJSKA 89-410 Witunia UL. WINCENTEGO WITOSA 13;658;171;171;7;164;25.99;4.09;671;284;284;15;269;42.32;5.28
47722;041304;10;SZKOŁA PODSTAWOWA 89-410 Zakrzewek 25;663;73;73;3;70;11.01;4.11;668;179;179;4;175;26.80;2.23
47723;041304;11;SZKOŁA PODSTAWOWA 89-422 Sypniewo UL.SZKOLNA 1;810;113;113;5;108;13.95;4.42;806;293;293;12;281;36.35;4.10
47724;041304;12;OSP 89-422 Sypniewo STRAŻACKA 6;918;186;186;10;176;20.26;5.38;914;406;406;6;400;44.42;1.48
90220;041304;13;Dom Pomocy Społecznej w Suchorączku 89-410 Suchorączek 51;33;23;23;2;21;69.70;8.70;28;22;22;2;20;78.57;9.09
90221;041304;14;Szpital Powiatowy im. dr A.Gacy i dr J.Łaskiego-Niepubliczny Zakład Opieki Zdrowotnej 89-410 Więcbork Mickiewicza 26;42;17;17;1;16;40.48;5.88;42;28;28;1;27;66.67;3.57
47725;041401;1;SZKOŁA PODSTAWOWA w BUKOWCU 86-122 BUKOWIEC DWORCOWA 26;870;165;165;14;151;18.97;8.48;856;421;421;19;402;49.18;4.51
47726;041401;2;SZKOŁA PODSTAWOWA w BUKOWCU 86-122 BUKOWIEC DWORCOWA 26;575;89;89;5;84;15.48;5.62;579;268;268;19;249;46.29;7.09
47727;041401;3;ŚWIETLICA WIEJSKA w PLEWNIE 86-122 PLEWNO 14;536;73;73;3;70;13.62;4.11;527;159;159;9;150;30.17;5.66
47728;041401;4;SZKOŁA PODSTAWOWA w PRZYSIERSKU 86-122 PRZYSIERSK SZKOLNA 5;624;92;92;6;86;14.74;6.52;627;250;250;14;236;39.87;5.60
47729;041401;5;SZKOŁA PODSTAWOWA w RÓŻANNIE 86-122 RÓŻANNA 32;811;79;79;4;75;9.74;5.06;800;222;222;18;204;27.75;8.11
47730;041401;6;GIMNAZJUM w KORYTOWIE 86-122 KORYTOWO 1;605;100;100;7;93;16.53;7.00;605;220;220;15;205;36.36;6.82
47731;041402;1;ŚWIETLICA WIEJSKA BRATWIN 86-134 BRATWIN;736;75;75;6;69;10.19;8.00;745;199;199;5;194;26.71;2.51
47732;041402;2;SALA POSIEDZEŃ URZĘDU GMINY DRAGACZ 86-134 DRAGACZ 7A;949;141;141;4;137;14.86;2.84;974;396;396;13;383;40.66;3.28
47733;041402;3;ŚWIETLICA WIEJSKA 86-134 WIELKI LUBIEŃ;595;67;67;3;64;11.26;4.48;602;191;191;5;186;31.73;2.62
47734;041402;4;GMINNY OŚRODEK KULTURY SPORTU I REKREACJI GÓRNA GRUPA 86-134 GÓRNA GRUPA ul. Świecka 8;671;110;110;6;104;16.39;5.45;678;264;264;14;250;38.94;5.30
47735;041402;5;SZKOŁA PODSTAWOWA GRUPA 86-134 Grupa ul. Szkolna 2;792;148;148;4;144;18.69;2.70;814;276;276;11;265;33.91;3.99
47736;041402;6;SZKOŁA PODSTAWOWA GRUPA 86-134 Grupa ul. Szkolna 2;716;171;171;4;167;23.88;2.34;706;319;320;6;313;45.18;1.88
47737;041402;7;ŚWIETLICA WIEJSKA DOLNA GRUPA 86-134 Dolna Grupa ul. Słoneczna;671;88;88;1;87;13.11;1.14;665;224;224;3;221;33.68;1.34
47738;041402;8;ŚWIETLICA WIEJSKA DOLNA GRUPA 86-134 Dolna Grupa ul. Słoneczna;512;110;110;3;107;21.48;2.73;504;243;243;10;233;48.21;4.12
47739;041403;1;SZKOŁA PODSTAWOWA W DRZYCIMIU 86-140 DRZYCIM BRONIEWSKIEGO 2;692;155;155;14;141;22.40;9.03;703;313;313;15;298;44.52;4.79
47740;041403;2;ŚWIETLICA GMINNA W DRZYCIMIU 86-140 Drzycim SZKOLNA 8;802;149;149;9;140;18.58;6.04;807;291;291;11;280;36.06;3.78
47741;041403;3;PUBLICZNE GIMNAZJUM W GRÓDKU 86-140 Gródek SZKOLNA 5;493;73;73;5;68;14.81;6.85;490;171;171;5;166;34.90;2.92
47742;041403;4;ŚWIETLICA WIEJSKA W GRÓDKU 86-140 GRÓDEK SŁONECZNA 1a;553;123;123;5;118;22.24;4.07;548;251;251;6;245;45.80;2.39
47743;041403;5;ŚWIETLICA WIEJSKA W BIECHÓWKU 86-140 Biechówko 35B;503;104;104;6;98;20.68;5.77;498;200;200;8;192;40.16;4.00
47744;041403;6;ŚWIETLICA WIEJSKA W JASTRZĘBIU 86-140 Jastrzębie 34a;567;87;87;11;76;15.34;12.64;568;220;220;18;202;38.73;8.18
47745;041403;7;SZKOŁA PODSTAWOWA W SIEROSŁAWIU 86-140 Sierosław 24;378;85;85;5;80;22.49;5.88;370;161;161;10;151;43.51;6.21
47746;041404;1;DOM KULTURY 86-131 Jeżewo UL. GŁÓWNA 2a;1257;178;178;8;170;14.16;4.49;1252;415;415;20;395;33.15;4.82
47747;041404;2;SZKOŁA PODSTAWOWA 86-131 Jeżewo UL. GŁÓWNA 37;1238;330;330;20;310;26.66;6.06;1230;602;602;21;581;48.94;3.49
47748;041404;3;GIMNAZJUM 86-131 Laskowice UL. MICKIEWICZA 3a;1143;225;225;15;210;19.69;6.67;1139;487;487;18;469;42.76;3.70
47749;041404;4;DOM KULTURY 86-131 Laskowice UL. KOLEJOWA 9;1329;291;291;20;271;21.90;6.87;1317;594;594;30;564;45.10;5.05
47750;041404;5;SZKOŁA PODSTAWOWA CZERSK ŚWIECKI 86-131 Czersk Świecki 39;434;88;88;5;83;20.28;5.68;435;130;130;3;127;29.89;2.31
47751;041404;6;SZKOŁA PODSTAWOWA KRĄPLEWICE 86-131 Krąplewice 30;875;118;118;6;112;13.49;5.08;875;278;278;16;262;31.77;5.76
47752;041405;1;SZKOŁA PODSTAWOWA 86-141 LNIANO Szkolna 13;644;100;100;4;96;15.53;4.00;643;240;240;11;229;37.33;4.58
47753;041405;2;SZKOŁA PODSTAWOWA 86-141 SIEMKOWO 10;727;133;133;10;123;18.29;7.52;727;329;329;14;315;45.25;4.26
47754;041405;3;SZKOŁA PODSTAWOWA 86-141 BŁĄDZIM 54;697;152;152;5;147;21.81;3.29;702;349;349;7;342;49.72;2.01
47755;041405;4;ŚWIETLICA WIEJSKA 86-141 BRZEMIONA 20;514;76;76;3;73;14.79;3.95;521;185;185;9;176;35.51;4.86
47756;041405;5;GIMNAZJUM PUBLICZNE 86-141 LNIANO Szkolna 13;717;150;150;4;146;20.92;2.67;718;362;362;13;349;50.42;3.59
47757;041406;1;KOTŁOWNIA PUM 86-170 Nowe OSIEDLE NADWIŚLAŃSKIE;1169;261;261;10;251;22.33;3.83;1150;505;505;20;485;43.91;3.96
47758;041406;2;CENTRUM KULTURY „ZAMEK” 86-170 NOWE PLAC ZAMKOWY 3;1403;188;188;8;180;13.40;4.26;1359;500;500;27;473;36.79;5.40
47759;041406;3;REMIZA OSP 86-170 NOWE ALEJA 3 MAJA 5;1368;232;232;13;219;16.96;5.60;1370;521;521;15;506;38.03;2.88
47760;041406;4;SZKOŁA PODSTAWOWA nr 2 86-170 NOWE UL. MYŚLIWSKA 2B;935;189;189;5;184;20.21;2.65;925;472;472;5;467;51.03;1.06
47761;041406;5;DOM KULTURY 86-170 BOCHLIN 63;721;76;76;7;69;10.54;9.21;712;202;202;11;191;28.37;5.45
47762;041406;6;DOM KULTURY 86-170 RYCHŁAWA 47;792;87;87;5;82;10.98;5.75;790;275;275;7;268;34.81;2.55
47763;041406;7;SZKOŁA PODSTAWOWA 86-170 TRYL 98;628;33;33;1;32;5.25;3.03;611;126;126;7;119;20.62;5.56
47764;041406;8;ŚWIETLICA WIEJSKA 86-170 MAŁY KOMORSK 6;339;59;59;1;58;17.40;1.69;337;100;100;2;98;29.67;2.00
47765;041406;9;ŚWIETLICA WIEJSKA 86-170 ZDROJEWO 28;563;34;34;2;32;6.04;5.88;555;133;133;4;129;23.96;3.01
47766;041406;10;ŚWIETLICA WIEJSKA 86-170 GÓRNE MORGI 14;531;48;48;3;45;9.04;6.25;540;124;124;2;122;22.96;1.61
47767;041407;1;GMINNY OŚRODEK KULTURY 86-150 OSIE UL. RYNEK 2;951;162;162;9;153;17.03;5.56;952;394;394;15;379;41.39;3.81
47768;041407;2;SZKOŁA PODSTAWOWA 86-150 BRZEZINY 40A;774;117;117;3;114;15.12;2.56;791;295;295;9;286;37.29;3.05
47769;041407;3;SZKOŁA PODSTAWOWA 86-150 WIERZCHY 21;870;210;210;18;192;24.14;8.57;861;406;406;30;376;47.15;7.39
47770;041407;4;SZKOŁA PODSTAWOWA 86-150 OSIE UL. KSIĘDZA SEMRAUA 44;942;197;197;9;188;20.91;4.57;928;411;411;18;393;44.29;4.38
47771;041407;5;ZESPOŁ SZKÓŁ 86-150 OSIE UL. SZKOLNA 8;779;123;123;9;114;15.79;7.32;787;302;302;10;292;38.37;3.31
47772;041408;1;Szkoła Podstawowa 86-120 Pruszcz Kościelna 4;1177;266;266;15;251;22.60;5.64;1148;570;572;20;550;49.65;3.51
47773;041408;2;Gimnazjum nr 1 86-120 Pruszcz Kościelna 4;1360;331;331;15;316;24.34;4.53;1349;657;657;26;631;48.70;3.96
47774;041408;3;Świetlica wiejska 86-120 Parlin 53A;470;126;126;9;117;26.81;7.14;471;218;218;23;195;46.28;10.55
47775;041408;4;Dom Kultury 86-120 Serock Aleje Mickiewicza 1;1092;274;274;4;270;25.09;1.46;1089;559;559;15;544;51.33;2.68
47776;041408;5;Dom Kultury 86-120 Serock Aleje Mickiewicza 1;627;116;116;10;106;18.50;8.62;618;287;287;12;275;46.44;4.18
47777;041408;6;Świetlica wiejska 86-120 Topolno 8;1144;227;227;4;223;19.84;1.76;1130;464;464;18;446;41.06;3.88
47778;041408;7;Szkoła Podstawowa 86-120 Niewieścin 47;507;101;101;4;97;19.92;3.96;507;246;246;8;238;48.52;3.25
47779;041408;8;Remiza Strażacka 86-120 Pruszcz Sportowa 10;1052;181;181;8;173;17.21;4.42;1059;369;369;12;357;34.84;3.25
90222;041408;9;Dom Pomocy Społecznej 86-120 Gołuszyce 26;82;29;29;2;27;35.37;6.90;88;35;35;7;28;39.77;20.00
47780;041409;1;Przedszkole Nr 4 86-100 Świecie ul. Kościuszki 16;1338;337;337;9;328;25.19;2.67;1317;710;710;25;685;53.91;3.52
47781;041409;2;Gimnazjum Nr 1 86-100 Świecie ul. Chmielniki 5;1363;302;302;15;287;22.16;4.97;1334;635;635;19;616;47.60;2.99
47782;041409;3;Szkoła Podstawowa Nr 7 86-100 Świecie ul. Mickiewicza 6;1069;129;129;4;125;12.07;3.10;1030;303;303;7;296;29.42;2.31
47783;041409;4;Szkoła Podstawowa Nr 7 86-100 Świecie ul. Mickiewicza 6;1306;184;184;5;179;14.09;2.72;1278;476;476;16;460;37.25;3.36
47784;041409;5;Gimnazjum Nr 2 86-100 Świecie ul. Ogrodowa 1C;1387;207;207;11;196;14.92;5.31;1365;508;508;20;488;37.22;3.94
47785;041409;6;Ośrodek Kultury Sportu i Rekreacji 86-100 Świecie ul. Wojska Polskiego 139;1303;297;297;10;287;22.79;3.37;1279;664;664;13;651;51.92;1.96
47786;041409;7;Miejsko-Gminna Przychodnia 86-105 Świecie ul. Wojska Polskiego 80;1527;351;351;14;337;22.99;3.99;1461;726;726;19;707;49.69;2.62
47787;041409;8;Towarzystwo Przyjaciół Dzieci 86-105 Świecie ul. Wojska Polskiego Barak Nr 1;1224;291;291;14;277;23.77;4.81;1184;565;565;15;550;47.72;2.65
47788;041409;9;Szkoła Podstawowa Nr 8 86-105 Świecie Aleja Jana Pawła II 8;1519;366;366;8;358;24.09;2.19;1457;695;695;19;676;47.70;2.73
47789;041409;10;Przedszkole Nr 7 86-105 Świecie ul. Paderewskiego 4;1285;285;285;9;276;22.18;3.16;1263;650;650;20;630;51.46;3.08
47790;041409;11;Gimnazjum Nr 3 86-105 Świecie Aleja Jana Pawła II 8;1265;296;296;11;285;23.40;3.72;1248;592;592;12;580;47.44;2.03
47791;041409;12;Przedszkole Nr 8 86-105 Świecie ul. Ks. Kardynała Stefana Wyszyńskiego 9;1243;245;245;10;235;19.71;4.08;1207;621;621;17;604;51.45;2.74
47792;041409;13;Spółdzielnia Mieszkaniowa „Pomóż Sam Sobie” 86-105 Świecie ul. Marszałka Józefa Piłsudskiego 15;1292;273;273;8;265;21.13;2.93;1347;726;726;6;720;53.90;0.83
47793;041409;14;Zespół Szkół Specjalnych Nr 1 86-105 Świecie ul. Paderewskiego 5A;917;259;259;7;252;28.24;2.70;907;541;541;7;534;59.65;1.29
47794;041409;15;Ochotnicza Straż Pożarna w Przechowie 86-105 Świecie ul. Sportowa 16;1012;226;226;13;213;22.33;5.75;1024;553;553;16;537;54.00;2.89
47795;041409;16;Szkoła Podstawowa Nr 5 86-105 Świecie ul. Wojska Polskiego 3;1116;116;116;10;106;10.39;8.62;1088;348;348;19;329;31.99;5.46
47796;041409;17;Szkoła Podstawowa 86-105 Gruczno ul. Chełmińska 5;1141;205;205;8;197;17.97;3.90;1145;498;498;18;480;43.49;3.61
47797;041409;18;Gimnazjum Nr 4 86-105 Gruczno ul. Chełmińska 5;941;112;112;3;109;11.90;2.68;952;314;314;14;300;32.98;4.46
47798;041409;19;Szkoła Podstawowa 86-105 Terespol Pomorski ul. Szkolna 10;1322;178;178;10;168;13.46;5.62;1332;538;538;30;508;40.39;5.58
47799;041409;20;Szkoła Podstawowa 86-100 Wiąg 86;1391;155;155;5;150;11.14;3.23;1366;455;455;17;438;33.31;3.74
47800;041409;21;Świetlica Wiejska 86-100 Sulnowo 51A;1294;271;271;7;264;20.94;2.58;1327;626;626;27;599;47.17;4.31
90223;041409;22;Wojewódzki Szpital dla Nerwowo i Psychicznie Chorych w Świeciu 86-100 Świecie ul. Sądowa 18;272;68;68;17;51;25.00;25.00;330;107;107;23;84;32.42;21.50
90224;041409;23;Niepubliczny Zakład Opieki Zdrowotnej „Nowy Szpital” w Świeciu 86-100 Świecie ul. Wojska Polskiego 126;126;41;41;1;40;32.54;2.44;113;41;41;4;37;36.28;9.76
90225;041409;24;Dom Pomocy Społecznej Prowadzony Przez Zgromadzenie Sióstr Miłosierdzia Św. Wincentego A`Paulo w Świeciu 86-100 Świecie ul. Wojska Polskiego 128;29;12;12;4;8;41.38;33.33;32;14;14;3;11;43.75;21.43
90226;041409;25;Niepubliczny Zakład Opieki Zdrowotnej „Florencja II” w Świeciu 86-100 Świecie ul. Św. Wincentego 1;65;0;0;0;0;0.00;NA;56;4;4;0;4;7.14;0.00
47801;041410;1;SALA GIMNASTYCZNA 86-182 ŚWIEKATOWO DWORCOWA 20A;547;183;183;12;171;33.46;6.56;560;315;315;8;307;56.25;2.54
47802;041410;2;ZAPLECZE PRZY STADIONIE W ŚWIEKATOWIE 86-182 ŚWIEKATOWO SPORTOWA;536;112;112;6;106;20.90;5.36;536;225;225;10;215;41.98;4.44
47803;041410;3;ŚWIETLICA WIEJSKA w JANIEJ GÓRZE 86-182 JANIA GÓRA 1;470;121;121;11;110;25.74;9.09;487;188;188;15;173;38.60;7.98
47804;041410;4;ŚWIETLICA WIEJSKA W LUBANIA-LIPINY 86-182 LUBANIA-LIPINY 44A;444;77;77;9;68;17.34;11.69;452;129;129;14;115;28.54;10.85
47805;041410;5;SZKOŁA PODSTAWOWA w TUSZYNACH 86-182 TUSZYNY 32;400;60;60;5;55;15.00;8.33;393;146;146;6;140;37.15;4.11
47806;041410;6;ŚWIETLICA WIEJSKA W ZALESIU KRÓLEWSKIM 86-182 ZALESIE KRÓLEWSKIE 32;397;121;121;5;116;30.48;4.13;398;173;173;4;169;43.47;2.31
47807;041411;1;Gminny Ośrodek Kultury, Promocji i Rekreacji w Warlubiu 86-160 WARLUBIE BĄKOWSKA 12;1755;287;287;9;278;16.35;3.14;1739;639;639;25;614;36.75;3.91
47808;041411;2;Świetlica Wiejska w Bąkowie 86-160 BĄKOWO 37;574;57;57;3;54;9.93;5.26;581;143;143;4;139;24.61;2.80
47809;041411;3;Świetlica Wiejska w Płochocinie 86-160 PŁOCHOCIN lokal: -;467;60;60;7;53;12.85;11.67;473;136;136;11;125;28.75;8.09
47810;041411;4;Świetlica Wiejska w Bzowie 86-160 BZOWO 90;597;105;105;4;101;17.59;3.81;585;214;214;6;208;36.58;2.80
47811;041411;5;Świetlica Wiejska w Wielkim Komorsku 86-160 WIELKI KOMORSK NOWSKA A 12;1025;128;128;3;125;12.49;2.34;1027;312;312;23;289;30.38;7.37
47812;041411;6;Wiejski Dom Kultury w Lipinkach 86-160 LIPINKI 6;632;120;120;14;106;18.99;11.67;629;252;252;22;230;40.06;8.73
47813;041501;1;Pomieszczenia Urzędu Miasta 87-140 Chełmża ul. Tumska 12;2191;346;346;23;323;15.79;6.65;2179;722;722;33;689;33.13;4.57
47814;041501;2;Szkoła Podstawowa Nr 3 87-140 Chełmża ul. Gen. J. Hallera 21;1524;250;250;16;234;16.40;6.40;1497;487;487;16;471;32.53;3.29
47815;041501;3;Gimnazjum Nr 1 87-140 Chełmża ul. Ks. Piotra Skargi 1;1610;332;332;24;308;20.62;7.23;1581;711;711;15;696;44.97;2.11
47816;041501;4;Zakład Gospodarki Komunalnej Sp. z o. o. 87-140 Chełmża ul. Toruńska 1;2263;446;446;27;419;19.71;6.05;2237;933;933;33;900;41.71;3.54
47817;041501;5;Szkoła Podstawowa Nr 5 87-140 Chełmża ul. Wyszyńskiego 5;744;186;186;8;178;25.00;4.30;733;386;386;16;370;52.66;4.15
47818;041501;6;Zespół Szkół Specjalnych 87-140 Chełmża ul. Wyszyńskiego 7;1554;376;376;17;359;24.20;4.52;1530;749;749;27;722;48.95;3.60
47819;041501;7;Przystań Chełmżyńskiego Towarzystwa Wioślarskiego 1927 87-140 Chełmża ul. 3 Maja 14;1620;312;312;9;303;19.26;2.88;1606;707;707;26;681;44.02;3.68
90227;041501;8;Szpital Powiatowy Sp. z o.o. 87-140 Chełmża ul. Szewska 23;35;8;8;3;5;22.86;37.50;18;12;12;2;10;66.67;16.67
47820;041502;1;Gimnazjum 87-140 Głuchowo 3;808;121;121;10;111;14.98;8.26;824;310;310;19;291;37.62;6.13
47821;041502;2;Szkoła Podstawowa 87-140 Kończewice 12;1070;146;146;12;134;13.64;8.22;1057;357;357;23;334;33.77;6.44
47822;041502;3;Szkoła Podstawowa 87-140 Grzywna 110;1613;251;251;9;242;15.56;3.59;1629;648;648;9;639;39.78;1.39
47823;041502;4;Szkoła Podstawowa 87-140 Sławkowo 4;1072;135;135;21;114;12.59;15.56;1076;344;344;11;333;31.97;3.20
47824;041502;5;Gimnazjum 87-140 Pluskowęsy 71;499;70;70;4;66;14.03;5.71;502;163;163;1;162;32.47;0.61
47825;041502;6;Szkoła Podstawowa 87-140 Zelgno 12;1342;188;188;8;180;14.01;4.26;1343;466;466;19;447;34.70;4.08
47826;041502;7;Świetlica wiejska 87-140 Grzegorz 36;615;110;110;12;98;17.89;10.91;592;245;245;7;238;41.39;2.86
47827;041502;8;Świetlica wiejska 87-140 Skąpe;480;85;85;6;79;17.71;7.06;484;190;190;15;175;39.26;7.89
90228;041502;9;Dom Pomocy Społecznej 87-140 Browina 56;107;27;27;3;24;25.23;11.11;116;57;57;9;48;49.14;15.79
90229;041502;10;Zakład Opiekuńczo-Leczniczy 87-140 Browina 62;52;6;6;2;4;11.54;33.33;69;8;8;1;7;11.59;12.50
47828;041503;1;Zespół Szkół 87-640 Czernikowo ul. Gimnazjalna 1;1335;209;209;12;197;15.66;5.74;1376;568;568;21;547;41.28;3.70
47829;041503;2;Szkoła Podstawowa 87-632 Osówka;1115;124;124;7;117;11.12;5.65;1129;353;353;21;332;31.27;5.95
47830;041503;3;Szkoła Podstawowa 87-640 Mazowsze;1026;103;103;6;97;10.04;5.83;1020;308;308;15;293;30.20;4.87
47831;041503;4;Zespół Szkół 87-640 Czernikowo ul. Gimnazjalna 1;1443;177;177;6;171;12.27;3.39;1446;490;490;29;461;33.89;5.92
47832;041503;5;Zespół Szkół 87-640 Czernikowo ul. Gimnazjalna 1;1096;235;235;12;223;21.44;5.11;1139;538;538;14;524;47.23;2.60
47833;041503;6;Szkoła Podstawowa 87-632 Osówka;852;75;75;0;75;8.80;0.00;850;234;234;8;226;27.53;3.42
47834;041504;1;Zespół Szkół Nr 2 87-122 Grębocin ul. Szkolna 4;1049;297;297;5;292;28.31;1.68;1031;588;588;9;579;57.03;1.53
47835;041504;2;Szkoła Podstawowa 87-162 Gronowo;755;128;128;8;120;16.95;6.25;739;330;330;12;318;44.65;3.64
47836;041504;3;Zespół Szkół Nr 1 87-162 Lubicz Górny ul. Piaskowa 23;972;176;176;9;167;18.11;5.11;959;406;406;12;394;42.34;2.96
47837;041504;4;Szkoła Podstawowa 87-162 Lubicz Dolny ul. Szkolna 7;1135;212;212;6;206;18.68;2.83;1143;518;518;10;508;45.32;1.93
47838;041504;5;Świetlica wiejska 87-162 Jedwabno;806;171;171;8;163;21.22;4.68;792;384;384;12;372;48.48;3.12
47839;041504;6;Świetlica wiejska 87-162 Brzeźno;768;111;111;1;110;14.45;0.90;764;341;341;6;335;44.63;1.76
47840;041504;7;Szkoła Podstawowa 87-162 Młyniec Pierwszy ul. Toruńska 10;988;171;171;7;164;17.31;4.09;977;426;426;25;401;43.60;5.87
47841;041504;8;Przedszkole Publiczne 87-162 Lubicz Górny ul. Piaskowa 2;1029;213;213;8;205;20.70;3.76;1031;513;513;21;492;49.76;4.09
47842;041504;9;Szkoła Podstawowa 87-162 Złotoria ul. Pomorska 9/11;1131;212;212;8;204;18.74;3.77;1149;524;525;11;513;45.60;2.10
47843;041504;10;Sala Gimnastyczna Szkoły Podstawowej 87-162 Lubicz Dolny ul. Toruńska 36a;1166;304;304;7;297;26.07;2.30;1175;627;627;20;607;53.36;3.19
47844;041504;11;Szkoła Podstawowa 87-162 Złotoria ul. Pomorska 9/11;1628;479;479;8;471;29.42;1.67;1641;939;939;16;923;57.22;1.70
47845;041504;12;Zespół Szkół Nr 2 87-122 Grębocin ul. Szkolna 4;980;273;273;6;267;27.86;2.20;993;569;569;6;563;57.30;1.05
47846;041504;13;Zespół Szkół Nr 1 87-162 Lubicz Górny ul. Piaskowa 23;906;190;190;5;185;20.97;2.63;916;472;472;10;462;51.53;2.12
47847;041504;14;Sala gimnastyczna Zespołu Szkół Nr 1 87-162 Lubicz Górny ul. Piaskowa 23;1112;212;212;4;208;19.06;1.89;1160;656;656;9;647;56.55;1.37
47848;041505;1;Szkoła Podstawowa 87-152 Warszewice ul. Zawiszy Czarnego 2;1402;315;315;12;303;22.47;3.81;1440;672;672;35;637;46.67;5.21
47849;041505;2;Szkoła Podstawowa 87-152 Pigża ul. Szkolna 14;997;153;153;10;143;15.35;6.54;1002;425;425;18;407;42.42;4.24
47850;041505;3;Centrum Kultury 87-152 Łubianka ul. Toruńska 4;1102;275;275;19;256;24.95;6.91;1146;657;657;17;640;57.33;2.59
47851;041505;4;Świetlica Wiejska 87-152 Bierzgłowo ul. Ks. Z. Ziętarskiego 24;752;226;226;11;215;30.05;4.87;772;358;358;6;352;46.37;1.68
47852;041505;5;Szkoła Podstawowa 87-152 Wybcz ul. M. Konopnickiej 4;784;153;153;14;139;19.52;9.15;779;288;288;4;284;36.97;1.39
47853;041506;1;Zespół Szkół Nr 2 87-148 Turzno ul. Parkowa 4;2058;345;345;6;339;16.76;1.74;2065;883;883;21;862;42.76;2.38
47854;041506;2;Szkoła Podstawowa 87-148 Ostaszewo;1628;230;230;7;223;14.13;3.04;1624;602;602;20;582;37.07;3.32
47855;041506;3;Zespół Szkół Nr 1-Gimnazjum 87-148 Łysomice ul. Warszawska 5;1476;361;361;6;355;24.46;1.66;1505;835;835;18;817;55.48;2.16
47856;041506;4;Filia Gminnej Biblioteki Publicznej 87-148 Lulkowo;975;149;149;3;146;15.28;2.01;1012;439;439;10;429;43.38;2.28
47857;041506;5;Przedszkole Publiczne „Jelonek” 87-148 Papowo Toruńskie ul. Warszawska 24;1158;316;316;10;306;27.29;3.16;1178;649;649;7;642;55.09;1.08
47858;041507;1;Zespół Szkół im. Janusza Korczaka 87-123 Brzozówka ul. Szkolna 38;1343;311;311;6;305;23.16;1.93;1448;813;813;29;784;56.15;3.57
47859;041507;2;Zespół Szkół im. Prymasa Stefana Kardynała Wyszyńskiego 87-123 Dobrzejewice 57B;1676;361;361;11;350;21.54;3.05;1759;910;910;15;895;51.73;1.65
47860;041507;3;Szkoła Podstawowa im. Gen. J. H. Dąbrowskiego 87-123 Dobrzejewice 57A;1177;249;249;8;241;21.16;3.21;1233;546;546;26;520;44.28;4.76
47861;041507;4;Szkoła Podstawowa im. Mikołaja Kopernika 87-123 Łążyn 43;1937;268;268;13;255;13.84;4.85;2004;867;867;27;840;43.26;3.11
47862;041507;5;Świetlica Wiejska 87-126 Obrowo ul. Aleja Lipowa 29;1895;353;353;19;334;18.63;5.38;1974;947;947;38;909;47.97;4.01
47863;041507;6;Zespół Szkół im.mjr H.Sucharskiego 87-125 Osiek nad Wisłą 63;1713;413;413;8;405;24.11;1.94;1854;975;975;32;943;52.59;3.28
47864;041507;7;Zespół Szkół im.mjr H.Sucharskiego 87-125 Osiek nad Wisłą 63;975;203;203;4;199;20.82;1.97;1121;612;612;11;601;54.59;1.80
47865;041508;1;Szkoła Podstawowa 87-103 Mała Nieszawka ul. Toruńska 64;941;303;303;13;290;32.20;4.29;944;553;553;10;543;58.58;1.81
47866;041508;2;Budynek byłego Gminnego Ośrodka Kultury 87-103 Mała Nieszawka ul. Leśna 1;768;159;159;15;144;20.70;9.43;783;387;387;12;375;49.43;3.10
47867;041508;3;Szkoła Podstawowa 87-165 Cierpice ul. Szkolna 9;1013;223;223;11;212;22.01;4.93;1006;491;491;14;477;48.81;2.85
47868;041508;4;Centrum Sportu i Rekreacji „Olender” 87-103 Wielka Nieszawka ul. Toruńska 34/40;709;183;183;8;175;25.81;4.37;719;397;397;11;386;55.22;2.77
47869;041508;5;Agroturystyka „Brzoza” 87-103 Brzoza ul. Ciechocińska 23;131;29;29;0;29;22.14;0.00;134;53;53;0;53;39.55;0.00
90230;041508;6;Dom Pomocy Społecznej 87-103 Wielka Nieszawka ul. Toruńska 18;70;39;39;3;36;55.71;7.69;84;31;31;2;29;36.90;6.45
47870;041509;1;Zespół Szkół 87-134 Górsk Szkolna 2;2178;429;429;15;414;19.70;3.50;2249;1005;1005;29;976;44.69;2.89
47871;041509;2;Szkoła Podstawowa 87-133 Łążyn 16;1317;228;228;6;222;17.31;2.63;1329;537;537;34;503;40.41;6.33
47872;041509;3;Zespół Szkół 87-133 Rzęczkowo 59;984;134;134;3;131;13.62;2.24;972;362;362;17;345;37.24;4.70
47873;041509;4;Zespół Szkół 87-134 Zławieś Wielka Szkolna 6;2225;385;385;9;376;17.30;2.34;2270;947;947;54;893;41.72;5.70
47874;041509;5;Szkoła Podstawowa 87-134 Przysiek Leśna 1;2070;707;707;10;697;34.15;1.41;2117;1322;1322;14;1308;62.45;1.06
47875;041509;6;Szkoła 87-134 Czarnowo 29;1123;239;239;12;227;21.28;5.02;1164;575;575;27;548;49.40;4.70
47876;041601;1;ŚWIETLICA WIEJSKA 89-505 ZDROJE 89;706;141;141;5;136;19.97;3.55;769;270;270;16;254;35.11;5.93
47877;041601;2;SZKOŁA PODSTAWOWA 89-512 IWIEC 18;927;137;137;8;129;14.78;5.84;904;314;314;9;305;34.73;2.87
47878;041601;3;SZKOŁA PODSTAWOWA 89-511 CEKCYN SZKOLNA 8;902;109;109;5;104;12.08;4.59;906;287;287;9;278;31.68;3.14
47879;041601;4;SZKOŁA PODSTAWOWA 89-511 CEKCYN SZKOLNA 8;668;132;132;2;130;19.76;1.52;652;268;268;11;257;41.10;4.10
47880;041601;5;GMINNY OŚRODEK KULTURY 89-511 Cekcyn SZKOLNA 4;1010;247;247;12;235;24.46;4.86;1024;515;515;20;495;50.29;3.88
47881;041601;6;REMIZA OSP 89-511 CEKCYN OGRODOWA 17;1053;266;266;18;248;25.26;6.77;1079;532;532;20;512;49.30;3.76
47882;041602;1;Zespół Szkół Szkoła Podstawowa im. Jana Pawła II w Gostycynie, Szkoła Filialna w Wielkim Mędromierzu 89-520 Wielki Mędromierz 59;569;122;122;8;114;21.44;6.56;568;228;228;11;217;40.14;4.82
47883;041602;2;ŚWIETLICA WIEJSKA 89-520 Kamienica 16;430;79;79;8;71;18.37;10.13;430;147;147;7;140;34.19;4.76
47884;041602;3;GMINNY OŚRODEK KULTURY 89-520 Gostycyn UL. GŁÓWNA 35;626;158;158;4;154;25.24;2.53;631;249;249;7;242;39.46;2.81
47885;041602;4;ZESPÓŁ SZKÓŁ W GOSTYCYNIE 89-520 Gostycyn UL. SĘPOLEŃSKA 12A;886;224;224;12;212;25.28;5.36;870;385;385;14;371;44.25;3.64
47886;041602;5;SZKOŁA PODSTAWOWA 89-520 Pruszcz DWORCOWA 33;904;299;299;22;277;33.08;7.36;904;436;436;12;424;48.23;2.75
47887;041602;6;WIEJSKI DOM KULTURY 89-520 Wielka Klonia 13;729;110;110;9;101;15.09;8.18;730;235;235;10;225;32.19;4.26
47888;041603;1;ZESPÓŁ SZKÓŁ 89-506 KĘSOWO UL. SZKOLNA 11;714;189;189;11;178;26.47;5.82;694;296;296;20;276;42.65;6.76
47889;041603;2;ZESPÓŁ SZKÓŁ 89-506 KĘSOWO UL.SZKOLNA 11;468;54;54;1;53;11.54;1.85;449;160;160;10;150;35.63;6.25
47890;041603;3;SZKOŁA PODSTAWOWA 89-506 DROŻDZIENICA 28;741;124;124;10;114;16.73;8.06;744;255;255;13;242;34.27;5.10
47891;041603;4;ŚWIETLICA WIEJSKA 89-506 WIESZCZYCE 20;400;58;58;8;50;14.50;13.79;404;113;113;11;102;27.97;9.73
47892;041603;5;ZESPÓŁ SZKÓŁ 89-506 ŻALNO UL. SZKOLNA 1;744;175;175;8;167;23.52;4.57;755;361;361;20;341;47.81;5.54
47893;041603;6;ŚWIETLICA WIEJSKA 89-506 PIASTOSZYN UL. GŁÓWNA 10;463;82;82;13;69;17.71;15.85;469;179;179;14;165;38.17;7.82
47894;041604;1;Zespół Szkół w Lubiewie 89-526 Lubiewo Wojska Polskiego 16;637;135;135;5;130;21.19;3.70;652;276;276;8;268;42.33;2.90
47895;041604;2;Zespół Szkół w Bysławiu 89-510 Bysław Kwiatowa 9;632;133;133;8;125;21.04;6.02;639;293;293;13;280;45.85;4.44
47896;041604;3;Świetlica Wiejska 89-510 Bysławek 51A;817;167;167;6;161;20.44;3.59;822;363;363;9;354;44.16;2.48
47897;041604;4;Zespół Szkół w Lubiewie Szkoła Filialna w Suchej 89-525 Sucha Główna 15;569;132;132;10;122;23.20;7.58;580;250;250;21;229;43.10;8.40
47898;041604;5;Szkoła Podstawowa 89-526 Klonowo 21;481;95;95;3;92;19.75;3.16;486;166;166;15;151;34.16;9.04
47899;041604;6;Zespół Szkół w Lubiewie 89-526 Lubiewo Wojska Polskiego 16;570;149;149;7;142;26.14;4.70;586;275;275;8;267;46.93;2.91
47900;041604;7;Zespół Szkół w Bysławiu 89-510 Bysław Kwiatowa 9;835;157;157;21;136;18.80;13.38;862;337;337;21;316;39.10;6.23
47901;041605;1;ŚWIETLICA WIEJSKA 89-530 LUBOCIEŃ 40;612;125;125;6;119;20.42;4.80;623;247;247;9;238;39.65;3.64
47902;041605;2;SZKOŁA PODSTAWOWA 89-530 LIŃSK 37;861;181;181;11;170;21.02;6.08;867;338;338;29;309;38.99;8.58
47903;041605;3;SZKOŁA PODSTAWOWA 89-530 ŚLIWICZKI 97;582;65;65;1;64;11.17;1.54;586;233;233;13;220;39.76;5.58
47904;041605;4;GMINNY OŚRODEK KULTURY 89-530 ŚLIWICE DWORCOWA 39;900;213;213;14;199;23.67;6.57;894;406;406;18;388;45.41;4.43
47905;041605;5;SZKOŁA PODSTAWOWA 89-530 ŚLIWICE SZKOLNA 9;726;188;188;9;179;25.90;4.79;727;365;365;13;352;50.21;3.56
47906;041605;6;GMINNY OŚRODEK KULTURY 89-530 ŚLIWICE DWORCOWA 39;641;192;192;8;184;29.95;4.17;632;320;320;14;306;50.63;4.38
47907;041606;1;TUCHOLSKI OŚRODEK KULTURY 89-500 TUCHOLA PLAC ZAMKOWY 8;1482;354;354;16;338;23.89;4.52;1175;541;541;16;525;46.04;2.96
47908;041606;2;SZKOŁA PODSTAWOWA NR 1 89-500 TUCHOLA SZKOLNA 4;1515;388;388;13;375;25.61;3.35;1196;666;666;11;655;55.69;1.65
47909;041606;3;PRZEDSZKOLE NR1 89-500 TUCHOLA BYDGOSKA 13B;919;246;246;22;224;26.77;8.94;921;492;492;14;478;53.42;2.85
47910;041606;4;ZESPÓŁ SZKÓŁ LICEALNYCH I TECHNICZNYCH 89-500 TUCHOLA ŚWIECKA 89A;1544;366;366;13;353;23.70;3.55;924;401;401;9;392;43.40;2.24
47911;041606;5;GIMNAZJUM NR 1 89-500 TUCHOLA PIASTOWSKA 23;778;246;246;1;245;31.62;0.41;1022;546;546;15;531;53.42;2.75
47912;041606;6;HALA WIDOWISKOWO-SPORTOWA 89-500 TUCHOLA WARSZAWSKA 17;1647;478;478;14;464;29.02;2.93;1177;612;612;16;596;52.00;2.61
47913;041606;7;SZKOŁA PODSTAWOWA NR 3 89-500 TUCHOLA POCZTOWA 10;882;274;274;5;269;31.07;1.82;1210;552;552;10;542;45.62;1.81
47914;041606;8;ZESPÓŁ SZKÓŁ OGÓLNOKSZTAŁCĄCYCH 89-500 TUCHOLA POCZTOWA 8A;989;252;252;7;245;25.48;2.78;1065;522;522;14;508;49.01;2.68
47915;041606;9;SZKOŁA PODSTAWOWA NR 5 89-500 TUCHOLA ŚWIECKA 105;1197;305;305;4;301;25.48;1.31;1134;542;542;4;538;47.80;0.74
47916;041606;10;ŚWIETLICA WIEJSKA 89-500 BLADOWO 81;481;110;110;3;107;22.87;2.73;490;236;236;8;228;48.16;3.39
47917;041606;11;ŚWIETLICA WIEJSKA 89-500 MAŁY MĘDROMIERZ 29;434;73;73;1;72;16.82;1.37;445;172;172;13;159;38.65;7.56
47918;041606;12;SZKOŁA PODSTAWOWA 89-502 STOBNO 33;763;72;72;1;71;9.44;1.39;757;229;229;15;214;30.25;6.55
47919;041606;13;DOM STRAŻAKA 89-500 KIEŁPIN 57;680;105;105;10;95;15.44;9.52;695;231;231;14;217;33.24;6.06
47920;041606;14;ŚWIETLICA WIEJSKA 89-500 WIELKA KOMORZA 15;292;49;49;1;48;16.78;2.04;296;96;96;6;90;32.43;6.25
47921;041606;15;ŚWIETLICA WIEJSKA 89-504 LEGBĄD SZKOLNA 6;743;215;215;9;206;28.94;4.19;1031;484;484;16;468;46.94;3.31
47922;041606;16;SZKOŁA PODSTAWOWA 89-504 LEGBĄD SZKOLNA 5;295;57;57;7;50;19.32;12.28;1027;529;529;15;514;51.51;2.84
47923;041606;17;WIEJSKI DOM KULTURY 89-502 RACIĄŻ WCZASOWA 1;1011;163;163;6;157;16.12;3.68;1030;415;415;14;401;40.29;3.37
47924;041606;18;TUCHOLSKI OŚRODEK KULTURY 89-500 TUCHOLA PLAC ZAMKOWY 8;279;44;44;0;44;15.77;0.00;288;124;124;3;121;43.06;2.42
90231;041606;19;DOM POMOCY SPOŁECZNEJ 89-502 WYSOKA 16;41;19;19;1;18;46.34;5.26;41;29;29;0;29;70.73;0.00
90232;041606;20;SZPITAL TUCHOLSKI 89-500 TUCHOLA NOWODWORSKIEGO 14-18;66;12;12;0;12;18.18;0.00;86;37;37;3;34;43.02;8.11
47925;041701;1;Szkoła Podstawowa Nr 2 87-200 Wąbrzeźno ul. Wolności 30;781;115;115;3;112;14.72;2.61;753;271;271;11;260;35.99;4.06
47926;041701;2;Szkoła Podstawowa Nr 3 87-200 Wąbrzeźno ul. Tysiąclecia 1;1625;420;420;20;400;25.85;4.76;1601;748;748;11;737;46.72;1.47
47927;041701;3;Przedszkole Miejskie „Bajka” 87-200 Wąbrzeźno ul. Tysiąclecia 2a;664;201;201;7;194;30.27;3.48;659;376;376;8;368;57.06;2.13
47928;041701;4;Miejski Zakład Energetyki Cieplnej, Wodociągów i Kanalizacji Sp. z o.o. 87-200 Wąbrzeźno ul. Tysiąclecia 8A;1480;288;288;11;277;19.46;3.82;1487;672;672;19;653;45.19;2.83
47929;041701;5;Gimnazjum Nr 1 im. Ks. Kardynała Stefana Wyszyńskiego 87-200 Wąbrzeźno ul. Wolności 11;632;78;78;9;69;12.34;11.54;612;212;212;6;206;34.64;2.83
47930;041701;6;Wąbrzeski Dom Kultury 87-200 Wąbrzeźno ul. Wolności 47;1334;277;277;12;265;20.76;4.33;1314;620;620;11;609;47.18;1.77
47931;041701;7;Zespół Szkół Zawodowych 87-200 Wąbrzeźno ul. Królowej Jadwigi 6;688;115;115;4;111;16.72;3.48;692;258;258;9;249;37.28;3.49
47932;041701;8;Centrum Kształcenia Praktycznego i Ustawicznego 87-200 Wąbrzeźno ul. Staszica 2;1529;264;264;7;257;17.27;2.65;1505;570;570;26;544;37.87;4.56
47933;041701;9;Przedszkole Miejskie „Bajka” 87-200 Wąbrzeźno ul. Żeromskiego 11;1511;260;260;6;254;17.21;2.31;1473;538;538;12;526;36.52;2.23
47934;041701;10;Wąbrzeskie Centrum Pomocy Terapii i Integracji Społecznej 87-200 Wąbrzeźno ul. 1 Maja 47;656;152;152;12;140;23.17;7.89;641;333;333;7;326;51.95;2.10
90233;041701;11;Niepubliczny Zakład Opieki Zdrowotnej Nowy Szpital 87-200 Wąbrzeźno ul. Wolności 27;58;3;3;0;3;5.17;0.00;77;10;10;0;10;12.99;0.00
47935;041702;1;Zespół Szkół im. gen. J. Bema 87-207 Dębowa Łąka;913;142;142;4;138;15.55;2.82;918;343;343;11;332;37.36;3.21
47936;041702;2;Szkoła Podstawowa 87-207 Łobdowo;731;129;129;10;119;17.65;7.75;731;221;221;10;211;30.23;4.52
47937;041702;3;Szkoła Podstawowa 87-207 Wielkie Radowiska;900;102;102;1;101;11.33;0.98;897;322;322;13;309;35.90;4.04
47938;041703;1;Gminny Ośrodek Kultury 87-222 Książki Szkolna 4;981;128;128;6;122;13.05;4.69;977;373;373;10;363;38.18;2.68
47939;041703;2;Szkoła Podstawowa 87-222 Książki ul. Szkolna 6;985;170;170;8;162;17.26;4.71;985;373;373;25;348;37.87;6.70
47940;041703;3;Świetlica Wiejska 87-222 Łopatki 42;783;117;117;3;114;14.94;2.56;756;248;248;15;233;32.80;6.05
47941;041703;4;Świetlica Wiejska 87-222 Osieczek 187a;658;115;115;4;111;17.48;3.48;658;223;223;18;205;33.89;8.07
47942;041704;1;Szkoła Podstawowa 87-214 Płużnica;789;188;188;5;183;23.83;2.66;782;339;339;11;328;43.35;3.24
47943;041704;2;Szkoła Podstawowa 87-214 Płużnica;789;115;115;8;107;14.58;6.96;772;259;259;12;247;33.55;4.63
47944;041704;3;Gimnazjum Publiczne 87-214 Nowa Wieś Królewska;1249;193;193;2;191;15.45;1.04;1222;430;430;30;400;35.19;6.98
47945;041704;4;Remizo-świetlica 87-214 Błędowo;1103;135;135;9;126;12.24;6.67;1113;360;360;22;338;32.35;6.11
47946;041705;1;Szkoła Podstawowa 87-200 Jarantowice 143;581;72;72;6;66;12.39;8.33;843;304;304;13;291;36.06;4.28
47947;041705;2;Zespół Szkół 87-213 Ryńsk ul. Szkolna 4;1761;230;230;12;218;13.06;5.22;1747;668;668;31;637;38.24;4.64
47948;041705;3;Gminny Ośrodek Pomocy Społcznej 87-200 Wąbrzeźno ul. Mickiewicza 12;1760;185;185;13;172;10.51;7.03;1020;305;305;10;295;29.90;3.28
47949;041705;4;Świetlica 87-200 Wałycz ul. Lecha Mączyńskiego 17;804;116;116;2;114;14.43;1.72;799;326;326;17;309;40.80;5.21
47950;041705;5;Zespół Szkół 87-200 Zieleń 56;1203;161;161;9;152;13.38;5.59;1193;410;410;20;390;34.37;4.88
47951;041705;6;Zespół Szkół 87-200 Myśliwiec 3;698;66;66;4;62;9.46;6.06;704;247;247;10;237;35.09;4.05
47952;041801;1;Zespół Szkół CKR 87-820 Kowal ul. K.Wielkiego 11;1047;216;216;21;195;20.63;9.72;1031;429;429;16;413;41.61;3.73
47953;041801;2;Świetlica na dworcu autobusowym 87-820 Kowal ul. K. Wielkiego 10;944;212;212;16;196;22.46;7.55;945;380;380;28;352;40.21;7.37
47954;041801;3;Remiza OSP 87-820 Kowal Zamkowa 4;890;202;202;17;185;22.70;8.42;899;413;413;14;399;45.94;3.39
90234;041801;4;Świetlica Domu Pomocy Społecznej 87-820 Kowal Kopernika 19;67;46;46;0;46;68.66;0.00;68;52;52;5;47;76.47;9.62
47955;041802;1;Świetlica Szkoły Podstawowej 87-821 Baruchowo 19A;700;116;116;11;105;16.57;9.48;709;312;312;17;295;44.01;5.45
47956;041802;2;Świetlica Gimnazjum 87-821 Baruchowo 19A;715;82;82;1;81;11.47;1.22;715;259;259;10;249;36.22;3.86
47957;041802;3;Gminny Ośrodek Kultury Sportu i Rekreacji 87-821 Baruchowo 19B;585;51;51;3;48;8.72;5.88;579;190;190;7;183;32.82;3.68
47958;041802;4;Środowiskowy Dom Samopomocy 87-821 Czarne 11;845;95;95;3;92;11.24;3.16;845;274;274;11;263;32.43;4.01
90235;041802;5;Świetlica Domu Pomocy Społecznej 87-821 Kurowo-Parcele 44;40;33;33;0;33;82.50;0.00;40;28;28;0;28;70.00;0.00
47959;041803;1;Szkoła Podstawowa w Boniewie 87-851 Boniewo ul.Szkolna 32;771;96;96;8;88;12.45;8.33;777;278;278;13;265;35.78;4.68
47960;041803;2;Publiczne Gimnazjum w Boniewie 87-851 Boniewo Szkolna 32;639;85;85;10;75;13.30;11.76;635;230;230;9;221;36.22;3.91
47961;041803;3;Remiza OSP w Lubominie 87-851 Lubomin 52;460;78;78;5;73;16.96;6.41;464;189;189;8;181;40.73;4.23
47962;041803;4;Szkoła Podstawowa w Osieczu Małym 87-851 Osiecz Mały 32;588;65;65;2;63;11.05;3.08;578;204;204;8;196;35.29;3.92
47963;041803;5;Świetlica wiejska w Kaniewie 87-890 Kaniewo 20;346;58;58;1;57;16.76;1.72;344;138;138;5;133;40.12;3.62
47964;041804;1;Szkoła Podstawowa Nr 1 87-880 Brześć Kujawski ul.H.Sawickiej 21;1171;252;252;5;247;21.52;1.98;1159;528;528;5;523;45.56;0.95
47965;041804;2;Szkoła Podstawowa Nr 2 87-880 Brześć Kujawski ul.Konarskiego 63;1512;205;205;12;193;13.56;5.85;1522;553;553;20;533;36.33;3.62
47966;041804;3;Brzeskie Centrum Kultury 87-880 Brześć Kujawski ul.Narutowicza 15;1044;168;168;5;163;16.09;2.98;1053;400;400;11;389;37.99;2.75
47967;041804;4;Gimnazjum Nr 2 87-880 Wieniec ul.Szkolna 1;1703;270;270;9;261;15.85;3.33;1749;757;757;34;723;43.28;4.49
47968;041804;5;Szkoła Podstawowa 87-880 Brzezie 63;815;108;108;15;93;13.25;13.89;815;266;266;11;255;32.64;4.14
47969;041804;6;Szkoła Podstawowa Nr 2 87-880 Brześć Kujawski ul. Konarskiego 63;660;51;51;0;51;7.73;0.00;639;184;184;7;177;28.79;3.80
47970;041804;7;Internat ZSR 87-880 Stary Brześć 14;717;96;96;1;95;13.39;1.04;714;263;263;9;254;36.83;3.42
47971;041804;8;Szkoła Podstawowa 87-880 Kąkowa Wola 22;509;55;55;2;53;10.81;3.64;508;202;202;3;199;39.76;1.49
47972;041804;9;Szkoła Podstawowa Nr 1 87-880 Brześć Kujawski Hanki Sawickiej 21;1131;140;140;8;132;12.38;5.71;1125;386;386;13;373;34.31;3.37
47973;041805;1;Gimnazjum 87-850 Choceń Sikorskiego 12;1451;227;227;17;210;15.64;7.49;1455;538;538;28;510;36.98;5.20
47974;041805;2;Gimnazjum 87-850 Choceń Sikorskiego 12;947;107;107;3;104;11.30;2.80;946;284;284;10;274;30.02;3.52
47975;041805;3;Szkoła Podstawowa 87-850 Śmiłowice 98;846;127;127;8;119;15.01;6.30;863;304;304;12;292;35.23;3.95
47976;041805;4;Przedszkole 87-850 Czerniewice Świętego Antoniego 14;1164;175;175;7;168;15.03;4.00;1159;400;400;22;378;34.51;5.50
47977;041805;5;Budynek byłej szkoły 87-850 Lutobórz 40;423;63;63;4;59;14.89;6.35;418;99;99;12;87;23.68;12.12
47978;041805;6;Budynek byłej szkoły 87-850 Szczytno 32;428;51;51;7;44;11.92;13.73;411;97;97;17;80;23.60;17.53
47979;041805;7;Remiza OSP 87-850 Wichrowice 57;446;44;44;5;39;9.87;11.36;444;129;129;3;126;29.05;2.33
47980;041805;8;Szkoła Podstawowa 87-850 Wilkowice 35;798;92;92;4;88;11.53;4.35;803;249;249;18;231;31.01;7.23
90236;041805;9;Świetlica Domu Pomocy Społecznej 87-850 Wilkowiczki 25;48;6;6;1;5;12.50;16.67;54;27;27;6;21;50.00;22.22
47981;041806;1;Szkoła Podstawowa 87-860 Chodecz Waryńskiego 20;993;179;179;12;167;18.03;6.70;974;441;441;22;419;45.28;4.99
47982;041806;2;Szkoła Podstawowa 87-860 Chodecz Waryńskiego 20;621;122;122;1;121;19.65;0.82;611;256;256;4;252;41.90;1.56
47983;041806;3;Zespół Szkół im. Władysława Reymonta 87-860 Chodecz Kaliska 9-11;695;57;57;5;52;8.20;8.77;690;198;198;15;183;28.70;7.58
47984;041806;4;Szkoła Podstawowa 87-860 Chodecz Waryńskiego 20;1058;89;89;7;82;8.41;7.87;1070;286;286;10;276;26.73;3.50
47985;041806;5;Szkoła Podstawowa 87-860 Chodecz Waryńskiego 20;718;43;43;2;41;5.99;4.65;726;169;169;11;158;23.28;6.51
47986;041806;6;Szkoła Podstawowa 87-860 Cetty 6A;738;85;85;5;80;11.52;5.88;731;198;198;8;190;27.09;4.04
47987;041806;7;Szkoła Podstawowa 87-860 Zalesie 38;316;39;39;2;37;12.34;5.13;316;88;88;5;83;27.85;5.68
47988;041807;1;Publiczna Szkoła Podstawowa 87-811 Szpetal Górny ul. Szkolna 1;1737;398;398;11;387;22.91;2.76;1762;938;938;14;924;53.23;1.49
47989;041807;2;Publiczna Szkoła Podstawowa 87-811 Cyprianka 107;1690;218;218;17;201;12.90;7.80;1688;539;539;19;520;31.93;3.53
47990;041807;3;Zespół Szkół Publicznych 87-811 Nasiegniewo 68;1388;200;200;6;194;14.41;3.00;1373;546;546;15;531;39.77;2.75
47991;041807;4;Publiczna Szkoła Podstawowa 87-811 Fabianki 1;1435;160;160;6;154;11.15;3.75;1468;505;505;27;478;34.40;5.35
47992;041807;5;Publiczne Gimnazjum 87-811 Fabianki 1;1350;198;198;6;192;14.67;3.03;1385;560;560;16;544;40.43;2.86
47993;041808;1;Szkoła Podstawowa Nr 1 87-865 Izbica Kujawska ul.Tymieniecka 1;1298;219;219;13;206;16.87;5.94;1299;512;512;20;492;39.41;3.91
47994;041808;2;Zespół Szkół 87-865 Izbica Kujawska ul.Nowomiejska 5;1338;134;134;5;129;10.01;3.73;1345;441;441;25;416;32.79;5.67
47995;041808;3;Gimnazjum 87-865 Izbica Kujawska ul.Nowomiejska 3;737;82;82;5;77;11.13;6.10;734;242;242;16;226;32.97;6.61
47996;041808;4;Zespół Szkół w Błennie 87-865 Błenna 2;1119;113;113;5;108;10.10;4.42;1109;355;355;23;332;32.01;6.48
47997;041808;5;Świetlica SM „Zgoda” 87-865 Izbica Kujawska ul.Polna 1a;889;119;119;7;112;13.39;5.88;870;309;309;15;294;35.52;4.85
47998;041808;6;Gimnazjum 87-865 Izbica Kujawska ul.Nowomiejska 3;831;75;75;3;72;9.03;4.00;830;282;282;9;273;33.98;3.19
47999;041809;1;Urząd Gminy w Kowalu 87-820 Kowal ul.Piwna 33;1269;182;182;6;176;14.34;3.30;1256;481;481;32;449;38.30;6.65
48000;041809;2;Świetlica Wiejska w Grabkowie 87-820 Grabkowo 61;714;99;99;5;94;13.87;5.05;704;256;256;16;240;36.36;6.25
48001;041809;3;Niepubliczna Szkoła Podstawowa Galileo Nr 1 w Nakonowie 87-853 Nakonowo 31;448;56;56;1;55;12.50;1.79;447;171;171;9;162;38.26;5.26
48002;041809;4;Zespół Szkół w Grabkowie Szkoła Podstawowa im. Stanisława Staszica w Grabkowie Szkoła Filialna w Więsławicach 87-820 Więsławice 17;816;75;75;5;70;9.19;6.67;811;265;265;7;258;32.68;2.64
48003;041810;1;Świetlica Wiejska w Gąbinku 87-732 Gąbinek;646;77;77;7;70;11.92;9.09;636;201;201;7;194;31.60;3.48
48004;041810;2;Gminny Ośrodek Kultury w Lubaniu 87-732 Lubanie 17;972;175;175;16;159;18.00;9.14;983;444;444;18;426;45.17;4.05
48005;041810;3;Szkoła Podstawowa w Lubaniu 87-732 Lubanie 13;814;122;122;8;114;14.99;6.56;822;359;359;19;340;43.67;5.29
48006;041810;4;Szkoła Podstawowa w Przywieczerzynie 87-732 Przywieczerzyn 27;761;82;82;4;78;10.78;4.88;761;247;247;15;232;32.46;6.07
48007;041810;5;Świetlica Wiejska w Ustroniu 87-732 Ustronie 8;540;71;71;6;65;13.15;8.45;530;207;207;6;201;39.06;2.90
48008;041811;1;Ośrodek Kultury w Lubieniu Kujawskim 87-840 Lubień Kujawski ul.Wojska Polskiego 22;1159;254;254;13;241;21.92;5.12;1137;560;560;15;545;49.25;2.68
48009;041811;2;Szkoła Podstawowa w Kaliskach 87-840 Gole 7A;764;101;101;4;97;13.22;3.96;753;248;248;7;241;32.93;2.82
48010;041811;3;Ośrodek Kultury w Lubieniu Kujawskim 87-840 Lubień Kujawski ul.Wojska Polskiego 22;873;119;119;7;112;13.63;5.88;864;303;303;12;291;35.07;3.96
48011;041811;4;Budynek po byłej Szkole Podstawowej w Bilnie 87-840 Bilno 10A;466;54;54;3;51;11.59;5.56;456;105;105;11;94;23.03;10.48
48012;041811;5;Budynek po byłej Szkole Podstawowej w Nartach 87-840 Nowa Wieś 23;416;34;34;5;29;8.17;14.71;419;101;101;5;96;24.11;4.95
48013;041811;6;Szkoła Podstawowa w Kanibrodzie 87-840 Kanibród 27;693;54;54;4;50;7.79;7.41;677;176;176;6;170;26.00;3.41
48014;041811;7;Zespół Szkół w Kłóbce 87-840 Kłóbka 9;502;123;123;4;119;24.50;3.25;491;184;184;15;169;37.47;8.15
48015;041811;8;Świetlica wiejska w Rzeżewie 87-840 Rzeżewo Małe 65;446;40;40;1;39;8.97;2.50;455;116;116;8;108;25.49;6.90
48016;041811;9;Świetlica w Kamiennej 87-840 Kamienna 8A;791;88;88;2;86;11.13;2.27;777;251;251;14;237;32.30;5.58
90237;041811;10;Dom Pomocy Społecznej 87-840 Rzeżewo Małe 65A;23;19;19;1;18;82.61;5.26;21;15;15;2;13;71.43;13.33
48017;041812;1;Miejsko-Gminny Ośrodek Kultury 87-890 Lubraniec ul.Brzeska 10;1511;286;286;19;267;18.93;6.64;1492;668;668;39;629;44.77;5.84
48018;041812;2;Zespół Szkół 87-890 Lubraniec ul.Nowa 6;1637;272;272;6;266;16.62;2.21;1612;734;734;24;710;45.53;3.27
48019;041812;3;Zespół Szkół 87-890 Lubraniec ul.Brzeska 51;1692;201;201;12;189;11.88;5.97;1698;628;628;37;591;36.98;5.89
48020;041812;4;Świetlica Wiejska w Dąbiu Kujawskim 87-890 Dąbie Kujawskie 41;608;61;61;2;59;10.03;3.28;597;196;196;15;181;32.83;7.65
48021;041812;5;Publiczna Szkoła Podstawowa w Zgłowiączce 87-890 Zgłowiączka 30;1474;198;198;6;192;13.43;3.03;1483;649;649;35;614;43.76;5.39
48022;041812;6;Publiczna Szkoła Podstawowa w Sarnowie 87-865 Sarnowo 2;570;89;89;4;85;15.61;4.49;561;240;240;10;230;42.78;4.17
48023;041812;7;Zespół Szkół w Kłobi 87-890 Kłobia 29;632;135;135;12;123;21.36;8.89;608;277;277;12;265;45.56;4.33
48024;041813;1;Świetlica Wiejska w Dębie Polskim 87-815 Dąb Polski Sasankowa 8;290;73;73;5;68;25.17;6.85;291;125;125;1;124;42.96;0.80
48025;041813;2;Zespół Szkół z Oddziałami Integracyjnymi w Smólniku 87-815 Smólnik 17;905;105;105;3;102;11.60;2.86;908;292;292;24;268;32.16;8.22
48026;041813;3;Szkoła Podstawowa i Gimnazjum Stowarzyszenia Przyjaciół Szkół Katolickich w Modzerowie 87-800 Modzerowo 53A;815;128;128;6;122;15.71;4.69;830;306;306;17;289;36.87;5.56
48027;041813;4;Szkoła Podstawowa Stowarzyszenia Przyjaciół Szkół Katolickich w Warząchewce Polskiej 87-809 Warząchewka Polska 37;561;88;88;2;86;15.69;2.27;582;253;253;12;241;43.47;4.74
48028;041813;5;Zespół Szkół z Oddziałami Integracyjnymi w Kruszynie 87-853 Kruszyn Szkolna 15;1327;215;215;15;200;16.20;6.98;1323;614;614;24;590;46.41;3.91
48029;041813;6;Zespół Szkół z Oddziałami Integracyjnymi w Kruszynie 87-853 Kruszyn Szkolna 15;1696;282;282;11;271;16.63;3.90;1706;774;774;37;737;45.37;4.78
48030;041901;1;SZKOŁA PODSTAWOWA NR 1 88-190 BARCIN PLAC 1 MAJA 8;1040;221;221;7;214;21.25;3.17;1026;464;464;22;442;45.22;4.74
48031;041901;2;GIMNAZJUM NR 1 88-190 BARCIN UL. POLNA 1;901;194;194;9;185;21.53;4.64;892;438;438;16;422;49.10;3.65
48032;041901;3;MIEJSKI DOM KULTURY 88-190 BARCIN UL. MOGILEŃSKA 3;602;124;124;8;116;20.60;6.45;588;246;246;11;235;41.84;4.47
48033;041901;4;MIEJSKI DOM KULTURY 88-190 BARCIN UL. MOGILEŃSKA 3;749;163;163;13;150;21.76;7.98;738;323;323;12;311;43.77;3.72
48034;041901;5;GIMNAZJUM NR 1 88-190 BARCIN UL. POLNA 1;756;193;193;9;184;25.53;4.66;720;336;336;13;323;46.67;3.87
48035;041901;6;PRZEDSZKOLE NR 2 88-190 BARCIN UL. ARTYLERZYSTÓW 3;720;179;179;8;171;24.86;4.47;710;329;329;14;315;46.34;4.26
48036;041901;7;SZKOŁA PODSTAWOWA NR 2 88-190 BARCIN UL. ARTYLERZYSTÓW 13;635;156;156;3;153;24.57;1.92;642;310;310;11;299;48.29;3.55
48037;041901;8;SZKOŁA PODSTAWOWA NR 2 88-190 BARCIN UL. ARTYLERZYSTÓW 13;684;160;160;4;156;23.39;2.50;669;309;309;3;306;46.19;0.97
48038;041901;9;ZESPÓŁ PUBLICZNYCH SZKÓŁ 88-192 PIECHCIN UL. 11 LISTOPADA 5;752;159;159;18;141;21.14;11.32;730;284;284;7;277;38.90;2.46
48039;041901;10;ZESPÓŁ PUBLICZNYCH SZKÓŁ 88-192 PIECHCIN UL. 11 LISTOPADA 5;844;168;168;7;161;19.91;4.17;820;357;357;15;342;43.54;4.20
48040;041901;11;BIBLIOTEKA PUBLICZNA MIASTA I GMINY BARCIN FILIA W PIECHCINIE 88-192 PIECHCIN UL. 11 LISTOPADA 1c;813;72;72;6;66;8.86;8.33;843;203;203;18;185;24.08;8.87
48041;041901;12;ŚWIETLICA WIEJSKA 88-190 KROTOSZYN 61;611;94;94;9;85;15.38;9.57;620;201;201;12;189;32.42;5.97
48042;041901;13;STANICA ŻEGLARSKA „NEPTUN” 88-190 BARCIN UL. WYZWOLENIA 16;867;131;131;6;125;15.11;4.58;869;334;334;10;324;38.43;2.99
48043;041901;14;SZKOŁA PODSTAWOWA NR 1 88-190 BARCIN UL. PLAC 1 MAJA 8;922;162;162;9;153;17.57;5.56;965;360;360;13;347;37.31;3.61
48044;041901;15;SZKOŁA PODSTAWOWA 88-190 MAMLICZ 72;786;107;107;9;98;13.61;8.41;782;254;254;9;245;32.48;3.54
48045;041902;1;Zespół Publicznych Szkół 88-410 Gąsawa ul. Leszka Białego 6;955;219;219;17;202;22.93;7.76;942;381;381;14;367;40.45;3.67
48046;041902;2;Gminny Zespół Oświaty Sportu i Turystyki 88-410 Gąsawa ul. Żnińska 19;840;161;161;13;148;19.17;8.07;844;391;391;9;382;46.33;2.30
48047;041902;3;Koło Łowieckie Nr 119 „Szarak” 88-410 Biskupin 26a;776;174;174;4;170;22.42;2.30;794;330;330;13;317;41.56;3.94
48048;041902;4;Świetlica Wiejska 88-410 Pniewy;255;42;42;3;39;16.47;7.14;271;98;98;4;94;36.16;4.08
48049;041902;5;Szkoła Podstawowa 88-410 Laski Wielkie 25;798;196;196;11;185;24.56;5.61;792;318;318;18;300;40.15;5.66
48050;041902;6;Oddział Zamiejscowy Szkoły Podstawowej w Gąsawie 88-410 Szelejewo 19;609;108;108;8;100;17.73;7.41;613;258;258;20;238;42.09;7.75
48051;041903;1;Szkoła Podstawowa 88-430 Janowiec Wielkopolski ul. Szkolna 8;927;154;154;10;144;16.61;6.49;895;419;419;12;407;46.82;2.86
48052;041903;2;Miejsko-Gminny Ośrodek Kultury 88-430 Janowiec Wielkopolski ul. Powstańców Wielkopolskich 16;908;166;166;17;149;18.28;10.24;897;371;371;15;356;41.36;4.04
48053;041903;3;Miejsko-Gminny Ośrodek Kultury 88-430 Janowiec Wielkopolski ul. Powstańców Wielkopolskich 16;523;100;100;3;97;19.12;3.00;523;266;266;12;254;50.86;4.51
48054;041903;4;Zespół Szkół Niepublicznych 88-430 Janowiec Wielkopolski ul. 3 Maja 30;958;172;172;7;165;17.95;4.07;945;432;432;8;424;45.71;1.85
48055;041903;5;Budynek Gminy Janowiec Wielkopolski (Świetlica wiejska) 88-430 Juncewo 27;487;96;96;9;87;19.71;9.38;479;182;182;13;169;38.00;7.14
48056;041903;6;Szkoła Podstawowa 88-430 Świątkowo 59;427;57;57;1;56;13.35;1.75;426;177;177;11;166;41.55;6.21
48057;041903;7;Szkoła Podstawowa 88-430 Żerniki 32;459;86;86;3;83;18.74;3.49;465;179;179;10;169;38.49;5.59
48058;041903;8;Szkoła Podstawowa 88-430 Żerniki 32;236;37;37;2;35;15.68;5.41;238;66;66;2;64;27.73;3.03
48059;041903;9;Budynek Gminy Janowiec Wielkopolski (świetlica OSP) 88-430 Janowiec Wielkopolski ul. Gnieźnieńska 3;276;20;20;0;20;7.25;0.00;270;99;99;3;96;36.67;3.03
48060;041903;10;Zespół Szkół Niepublicznych 88-430 Janowiec Wielkopolski ul. 3 Maja 30;553;39;39;3;36;7.05;7.69;534;149;149;10;139;27.90;6.71
48061;041903;11;Publiczne Gimnazjum 88-430 Janowiec Wielkopolski ul. Szkolna 8;591;111;111;5;106;18.78;4.50;580;245;245;7;238;42.24;2.86
48062;041903;12;Budynek Gminy Janowiec Wielkopolski Niepubliczna Szkoła Postawowa 88-430 Sarbinowo Drugie 11;527;62;62;8;54;11.76;12.90;518;162;162;13;149;31.27;8.02
48063;041903;13;Budynek Gminy Janowiec Wielkopolski Niepubliczna Szkoła Podstawowa 88-430 Laskowo 26;476;61;61;2;59;12.82;3.28;475;167;167;10;157;35.16;5.99
90238;041903;14;Dom Pomocy Społecznej 88-430 Tonowo 52;60;50;50;9;41;83.33;18.00;51;44;44;2;42;86.27;4.55
48064;041904;1;ZESPÓŁ SZKÓŁ - GIMNAZJUM PUBLICZNE 89-210 ŁABISZYN UL. NADNOTECKA 2;1000;188;188;23;165;18.80;12.23;1000;441;441;22;419;44.10;4.99
48065;041904;2;ZESPÓŁ SZKÓŁ - SZKOŁA PODSTAWOWA 89-210 ŁABISZYN UL. POZNAŃSKA 12;1035;184;184;6;178;17.78;3.26;1029;429;429;19;410;41.69;4.43
48066;041904;3;Zespół Szkół - Przedszkole Miejskie 89-210 Łabiszyn Poznańska 9;1020;217;217;6;211;21.27;2.76;1057;463;463;19;444;43.80;4.10
48067;041904;4;Łabiszyński Dom Kultury 89-210 Łabiszyn Parkowa 1;532;81;81;4;77;15.23;4.94;517;216;216;6;210;41.78;2.78
48068;041904;5;ZESPÓŁ SZKÓŁ 89-210 LUBOSTROŃ 13A;572;98;98;10;88;17.13;10.20;569;226;226;15;211;39.72;6.64
48069;041904;6;ŚWIETLICA ŚRODOWISKOWA 89-210 JABŁÓWKO 9;467;77;77;6;71;16.49;7.79;470;174;174;11;163;37.02;6.32
48070;041904;7;NIEPUBLICZNA SZKOŁA PODSTAWOWA 89-210 NOWE DĄBIE 56;638;119;119;5;114;18.65;4.20;650;267;267;21;246;41.08;7.87
48071;041904;8;ŚWIETLICA ŚRODOWISKOWA 89-210 PSZCZÓŁCZYN 50;561;98;98;0;98;17.47;0.00;579;242;242;6;236;41.80;2.48
48072;041904;9;ŚWIETLICA ŚRODOWISKOWA 89-210 JEŻEWO 26A;407;66;66;1;65;16.22;1.52;427;166;166;3;163;38.88;1.81
48073;041904;10;SZKOŁA PODSTAWOWA 89-210 Ojrzanowo 40;511;71;71;4;67;13.89;5.63;527;180;180;13;167;34.16;7.22
48074;041904;11;Światlica Środowiskowa 89210 Załachowo 14;437;52;52;1;51;11.90;1.92;452;137;137;4;133;30.31;2.92
48075;041904;12;Zespół Szkół 89-210 Lubostroń 13A;139;30;30;0;30;21.58;0.00;142;44;44;3;41;30.99;6.82
48076;041904;13;Łabiszyński Dom Kultury 89-210 Łabiszyn Parkowa 1;341;37;37;0;37;10.85;0.00;344;125;125;4;121;36.34;3.20
48077;041905;1;Gminny Dom Kultury w Rogowie 88-420 Rogowo ul. Kościelna 4a;1013;283;283;19;264;27.94;6.71;1021;533;533;18;515;52.20;3.38
48078;041905;2;Zespół Publicznych Szkół w Rogowie 88-420 Rogowo ul. Szkolna 7;807;203;203;16;187;25.15;7.88;884;378;378;14;364;42.76;3.70
48079;041905;3;Świetlica Kółka Rolniczego w Czewujewie 88-420 Czewujewo 44;620;144;144;14;130;23.23;9.72;632;252;252;20;232;39.87;7.94
48080;041905;4;Szkoła Podstawowa w Lubczu 88-420 Lubcz 22;802;120;120;10;110;14.96;8.33;818;323;323;25;298;39.49;7.74
48081;041905;5;Zespół Publicznych Szkół w Gościeszynie 88-420 Gościeszyn 20;770;119;119;4;115;15.45;3.36;760;320;320;17;303;42.11;5.31
48082;041905;6;Świetlica Spółdzielni Lokatorsko-Własnościowej w Złotnikach 88-420 Złotniki 14;859;138;138;13;125;16.07;9.42;842;298;298;13;285;35.39;4.36
48083;041905;7;Świetlica wiejska w Skórkach 88-420 Skórki 12;602;147;147;17;130;24.42;11.56;600;204;204;14;190;34.00;6.86
48084;041906;1;Publiczne Gimnazjum Nr 1 88-400 Żnin ul. 1 Stycznia 17;838;229;229;3;226;27.33;1.31;838;401;401;10;391;47.85;2.49
48085;041906;2;Przedszkole Miejskie Nr 1 88-400 Żnin ul. Browarowa 16;1123;346;346;11;335;30.81;3.18;1082;560;560;13;547;51.76;2.32
48086;041906;3;Zespół Szkół Ponadgimnazjalnych 88-400 Żnin ul. Browarowa 14;1053;302;302;11;291;28.68;3.64;1039;551;551;13;538;53.03;2.36
48087;041906;4;Spółdzielnia Mieszkaniowa 88-400 Żnin ul. Kopernika 5a;836;286;286;13;273;34.21;4.55;817;430;430;9;421;52.63;2.09
48088;041906;5;Szkoła Podstawowa Nr 2 88-400 Żnin ul. Wandy Pieniężnej 19;845;234;234;15;219;27.69;6.41;834;393;393;9;384;47.12;2.29
48089;041906;6;Szkoła Podstawowa Nr 2 88-400 Żnin ul. Wandy Pieniężnej 19;1097;275;275;15;260;25.07;5.45;1097;546;546;16;530;49.77;2.93
48090;041906;7;Zespół Szkół Specjalnych 88-400 Żnin ul. Mickiewicza 32;1116;307;307;16;291;27.51;5.21;1112;548;548;19;529;49.28;3.47
48091;041906;8;Zespół Szkół Ekonomiczno-Handlowych 88-400 Żnin ul. Śniadeckich 18;927;219;219;14;205;23.62;6.39;921;402;402;21;381;43.65;5.22
48092;041906;9;Zespół Publicznych Szkół Nr 1 88-400 Żnin ul. Szkolna 4;918;242;242;13;229;26.36;5.37;910;437;437;12;425;48.02;2.75
48093;041906;10;Przedszkole Miejskie Nr 2, Budynek A 88-400 Żnin ul. Klemensa Janickiego 10;982;167;167;6;161;17.01;3.59;980;396;396;13;383;40.41;3.28
48094;041906;11;Przedszkole Miejskie Nr 2, Budynek B 88-400 Żnin ul. Jasna 5;899;215;215;5;210;23.92;2.33;911;461;461;22;439;50.60;4.77
48095;041906;12;Miejski Ośrodek Sportu 88-400 Żnin ul. Gnieźnieńska 7;967;211;211;11;200;21.82;5.21;985;469;469;14;455;47.61;2.99
48096;041906;13;Budynek Gminy Żnin, Niepubliczna Szkoła Podstawowa 88-400 Gorzyce Gorzyce 60;662;123;123;8;115;18.58;6.50;790;334;334;16;318;42.28;4.79
48097;041906;14;Przedsiębiorstwo Rolno-Przetwórcze „Brzysko-Rol” 88-400 Brzyskorzystewko Brzyskorzystewko 1;1025;119;119;9;110;11.61;7.56;1012;339;339;17;322;33.50;5.01
48098;041906;15;Miejska i Powiatowa Biblioteka Publiczna 88-400 Żnin ul. Sienkiewicza 4;752;136;136;11;125;18.09;8.09;643;266;266;9;257;41.37;3.38
48099;041906;16;Szkoła Podstawowa 88-400 Januszkowo Januszkowo 20;1027;175;175;7;168;17.04;4.00;1014;413;413;18;395;40.73;4.36
48100;041906;17;Budynek Gminy Żnin (świetlica wiejska) 88-400 Jadowniki Rycerskie Jadowniki Rycerskie 18;706;110;110;11;99;15.58;10.00;709;245;245;13;232;34.56;5.31
48101;041906;18;Budynek Gminy Żnin (świetlica wiejska) 88-400 Podgórzyn Podgórzyn 5;1042;225;225;14;211;21.59;6.22;1047;513;513;16;497;49.00;3.12
48102;041906;19;I Liceum Ogólnokształcące 88-400 Żnin ul. Sienkiewicza 1;823;168;168;8;160;20.41;4.76;832;361;361;13;348;43.39;3.60
48103;041906;20;Szkoła Podstawowa, Filia w Cerekwicy 88-400 Cerekwica Cerekwica 20;1016;144;144;8;136;14.17;5.56;1002;325;325;19;306;32.44;5.85
48104;041906;21;Szkoła Podstawowa 88-400 Słębowo Słębowo 1;929;117;117;5;112;12.59;4.27;915;321;321;16;305;35.08;4.98
90239;041906;22;Pałuckie Centrum Zdrowia Sp. z o.o. NZOZ w Żninie 88-400 Żnin Szpitalna 30;91;12;12;2;10;13.19;16.67;46;15;15;1;14;32.61;6.67
90240;041906;23;Dom Pomocy Społecznej w Podobowicach 88-400 Podobowice 49;65;27;27;4;23;41.54;14.81;69;33;33;2;31;47.83;6.06
48105;046101;1;Siedziba Rady Osiedla „Piaski” 85-555 Bydgoszcz Drzycimska 7;1968;778;778;19;759;39.53;2.44;1933;1207;1207;12;1195;62.44;0.99
48106;046101;2;Gimnazjum Nr 28 85-529 Bydgoszcz Żeglarska 67;1025;395;395;12;383;38.54;3.04;1030;595;595;16;579;57.77;2.69
48107;046101;3;Szkoła Podstawowa Nr 36 85-554 Bydgoszcz Średnia 98;2110;724;724;28;696;34.31;3.87;2078;1189;1189;17;1172;57.22;1.43
48108;046101;4;Specjalny Ośrodek Szkolno- Wychowawczy Nr 3 im. Marii Grzegorzewskiej 85-201 Bydgoszcz Graniczna 12;1149;316;316;6;310;27.50;1.90;1155;564;564;6;558;48.83;1.06
48109;046101;5;Szkoła Podstawowa Nr 10 85-235 Bydgoszcz Śląska 7;1040;188;188;6;182;18.08;3.19;1002;383;383;11;372;38.22;2.87
48110;046101;6;Szkoła Podstawowa Nr 10 85-235 Bydgoszcz Śląska 7;1626;402;402;14;388;24.72;3.48;1608;824;824;15;809;51.24;1.82
48111;046101;7;Zespół Szkół Nr 6 85-209 Bydgoszcz Staroszkolna 12;1626;247;247;24;223;15.19;9.72;1666;607;607;16;591;36.43;2.64
48112;046101;8;Zespół Szkół Nr 6 85-209 Bydgoszcz Staroszkolna 12;1939;491;491;18;473;25.32;3.67;1877;896;896;9;887;47.74;1.00
48113;046101;9;Zespół Szkół Ogólnokształcących Nr 3 85-208 Bydgoszcz Nowogrodzka 3;1075;195;195;4;191;18.14;2.05;1020;393;393;10;383;38.53;2.54
48114;046101;10;Zespół Szkół Nr 16 85-405 Bydgoszcz Koronowska 74;2207;685;685;15;670;31.04;2.19;2280;1288;1288;16;1272;56.49;1.24
48115;046101;11;Uniwersytet Kazimierza Wielkiego Instytut Geografii 85-428 Bydgoszcz Mińska 15;950;298;298;7;291;31.37;2.35;955;540;540;4;536;56.54;0.74
48116;046101;12;Zespół Szkół Nr 16 85-405 Bydgoszcz Koronowska 74;1896;612;612;23;589;32.28;3.76;1876;1100;1100;19;1081;58.64;1.73
48117;046101;13;Zespół Szkół Nr 16 85-405 Bydgoszcz Koronowska 74;2049;660;660;18;642;32.21;2.73;2131;1301;1301;12;1289;61.05;0.92
48118;046101;14;Zespół Szkół Nr 22 85-469 Bydgoszcz Opławiec 157;1497;451;451;10;441;30.13;2.22;1509;881;881;7;874;58.38;0.79
48119;046101;15;Zespół Szkół Nr 24 85-446 Bydgoszcz Puszczykowa 11;2218;761;761;15;746;34.31;1.97;2216;1364;1364;16;1348;61.55;1.17
48120;046101;16;Zespół Szkół Nr 27 85-435 Bydgoszcz Sardynkowa 7;1907;708;708;10;698;37.13;1.41;1896;1235;1235;33;1202;65.14;2.67
48121;046101;17;Zespół Szkół Nr 24 85-446 Bydgoszcz Puszczykowa 11;1632;447;447;10;437;27.39;2.24;1691;906;906;23;883;53.58;2.54
48122;046101;18;Zespół Szkół Nr 27 85-435 Bydgoszcz Sardynkowa 7;1856;723;723;20;703;38.95;2.77;1816;1200;1200;12;1188;66.08;1.00
48123;046101;19;Zespół Szkół Nr 27 85-435 Bydgoszcz Sardynkowa 7;1361;501;501;5;496;36.81;1.00;1262;824;824;6;818;65.29;0.73
48124;046101;20;Zespół Szkół Nr 27 85-435 Bydgoszcz Sardynkowa 7;1767;525;525;17;508;29.71;3.24;1749;1039;1039;19;1020;59.41;1.83
48125;046101;21;Zespół Szkół Nr 15 Mistrzostwa Sportowego 85-641 Bydgoszcz ul. Czerkaska 8;854;307;307;13;294;35.95;4.23;823;514;514;7;507;62.45;1.36
48126;046101;22;Zespół Szkół Ogólnokształcących Nr 7 85-643 Bydgoszcz ul. 11 Listopada 4;1407;554;554;14;540;39.37;2.53;1366;819;819;7;812;59.96;0.85
48127;046101;23;Zespół Szkół Ogólnokształcących Nr 7 85-643 Bydgoszcz ul. 11 Listopada 4;1443;479;479;14;465;33.19;2.92;1421;783;783;14;769;55.10;1.79
48128;046101;24;Klub Inspektoratu Wsparcia Sił Zbrojnych 85-634 Bydgoszcz ul. Józefa Sułkowskiego 52a;1964;674;674;22;652;34.32;3.26;1911;1061;1061;14;1047;55.52;1.32
48129;046101;25;Zespół Szkół Handlowych 85-602 Bydgoszcz ul. Kaliska 10;1071;410;410;8;402;38.28;1.95;1024;631;631;7;624;61.62;1.11
48130;046101;26;Zespół Szkół Handlowych 85-602 Bydgoszcz ul. Kaliska 10;1470;605;605;12;593;41.16;1.98;1432;896;896;19;877;62.57;2.12
48131;046101;27;Szkoła Podstawowa Nr 20 85-601 Bydgoszcz ul. Grabowa 4;941;347;347;13;334;36.88;3.75;907;547;547;10;537;60.31;1.83
48132;046101;28;Zespół Szkół Ogólnokształcących Nr 7 85-643 Bydgoszcz ul. 11 Listopada 4;1885;560;560;7;553;29.71;1.25;1938;1101;1101;15;1086;56.81;1.36
48133;046101;29;Zespół Szkół Nr 10 85-092 Bydgoszcz ul. Mieczysława Karłowicza 2;1459;455;455;9;446;31.19;1.98;1430;765;765;5;760;53.50;0.65
48134;046101;30;Zespół Szkół Budowlanych 85-095 Bydgoszcz ul. Jana Pestalozziego 18;803;348;348;9;339;43.34;2.59;813;535;535;10;525;65.81;1.87
48135;046101;31;Uniwersytet Kazimierza Wielkiego w Bydgoszczy 85-671 Bydgoszcz ul. Jana Karola Chodkiewicza 30;1189;412;412;8;404;34.65;1.94;1164;706;706;7;699;60.65;0.99
48136;046101;32;Zespół Szkół Ekonomiczno-Administracyjnych 85-717 Bydgoszcz ul. Gajowa 98;1095;413;413;6;407;37.72;1.45;1047;642;642;1;641;61.32;0.16
48137;046101;33;Zespół Szkół Nr 9 85-650 Bydgoszcz ul. Cicha 59;998;335;335;6;329;33.57;1.79;966;572;572;7;565;59.21;1.22
48138;046101;34;Zespół Szkół Nr 9 85-650 Bydgoszcz ul. Cicha 59;1933;668;668;7;661;34.56;1.05;1879;1120;1120;8;1112;59.61;0.71
48139;046101;35;Zespoł Szkół Budowlanych 85-095 Bydgoszcz ul. Jana Pestalozziego 18;1373;480;480;12;468;34.96;2.50;1351;775;775;20;755;57.36;2.58
48140;046101;36;Szkoła Podstawowa Nr 14 85-028 Bydgoszcz ul. Żmudzka 12;1784;777;777;11;766;43.55;1.42;1783;1159;1159;12;1147;65.00;1.04
48141;046101;37;Zespół Szkół Samochodowych 85-090 Bydgoszcz ul. aleja Powstańców Wielkopolskich 63;1062;386;386;8;378;36.35;2.07;1168;728;728;11;717;62.33;1.51
48142;046101;38;Szkoła Podstawowa Nr 14 85-028 Bydgoszcz ul. Żmudzka 12;1559;536;536;21;515;34.38;3.92;1518;840;840;8;832;55.34;0.95
48143;046101;39;Zespół Szkół Medycznych 85-731 Bydgoszcz ul. Swarzewska 10;1058;475;475;11;464;44.90;2.32;1037;700;700;9;691;67.50;1.29
48144;046101;40;Zespół Szkół Medycznych 85-731 Bydgoszcz ul. Swarzewska 10;1316;558;558;8;550;42.40;1.43;1302;885;885;9;876;67.97;1.02
48145;046101;41;Zespół Szkół Rzemiosła i Przedsiębiorczości 85-703 Bydgoszcz ul. Kijowska 7;1748;729;729;15;714;41.70;2.06;1334;1196;1196;15;1181;89.66;1.25
48146;046101;42;Zespół Szkół Nr 21 85-707 Bydgoszcz ul. Bałtycka 59;1198;488;488;15;473;40.73;3.07;1167;718;718;10;708;61.53;1.39
48147;046101;43;Zespół Szkół Nr 21 85-707 Bydgoszcz ul. Bałtycka 59;1284;485;485;9;476;37.77;1.86;1255;759;759;10;749;60.48;1.32
48148;046101;44;Zespół Szkół Nr 21 85-707 Bydgoszcz ul. Bałtycka 59;1513;612;612;9;603;40.45;1.47;1471;938;938;7;931;63.77;0.75
48149;046101;45;Przedszkole Nr 59 85-708 Bydgoszcz ul. Braniewska 8;1992;628;628;9;619;31.53;1.43;1945;1131;1131;12;1119;58.15;1.06
48150;046101;46;Gimnazjum Nr 9 85-717 Bydgoszcz ul. Gajowa 94;1618;607;607;11;596;37.52;1.81;1551;935;935;14;921;60.28;1.50
48151;046101;47;Gimnazjum Nr 9 85-717 Bydgoszcz ul. Gajowa 94;1423;532;532;9;523;37.39;1.69;1420;880;880;21;859;61.97;2.39
48152;046101;48;Zespół Szkół Ekonomiczno-Administracyjnych 85-717 Bydgoszcz ul. Gajowa 98;1556;616;616;11;605;39.59;1.79;1504;914;914;6;908;60.77;0.66
48153;046101;49;Bydgoski Zakład Doskonalenia Zawodowego 85-738 Bydgoszcz ul. Fordońska 120;787;210;210;4;206;26.68;1.90;763;399;399;7;392;52.29;1.75
48154;046101;50;Zespół Szkół Nr 17 85-775 Bydgoszcz ul. Kapliczna 7;1134;229;229;9;220;20.19;3.93;1102;441;441;9;432;40.02;2.04
48155;046101;51;Szkoła Podstawowa Nr 43 85-776 Bydgoszcz ul. Łowicka 45;1173;211;211;7;204;17.99;3.32;1153;517;517;9;508;44.84;1.74
48156;046101;52;Gimnazjum Nr 5 85-796 Bydgoszcz ul. gen. Zygmunta Berlinga 17;1073;301;301;5;296;28.05;1.66;1055;596;596;10;586;56.49;1.68
48157;046101;53;Zespół Szkół Nr 5 Mistrzostwa Sportowego 85-796 Bydgoszcz ul. gen. Zygmunta Berlinga 13;1534;521;521;13;508;33.96;2.50;1481;886;886;12;874;59.82;1.35
48158;046101;54;MDK Nr 5 85-796 Bydgoszcz ul. Felicji Krysiewiczowej 8;965;366;366;7;359;37.93;1.91;958;596;596;6;590;62.21;1.01
48159;046101;55;Zespół Szkół Nr 5 Mistrzostwa Sportowego 85-796 Bydgoszcz ul. gen. Zygmunta Berlinga 13;1047;381;381;11;370;36.39;2.89;1006;607;607;4;603;60.34;0.66
48160;046101;56;Zespół Szkół Nr 5 Mistrzostwa Sportowego 85-796 Bydgoszcz ul. gen. Zygmunta Berlinga 13;1472;495;495;18;477;33.63;3.64;1418;855;855;12;843;60.30;1.40
48161;046101;57;Gimnazjum Nr 5 85-796 Bydgoszcz ul. gen. Zygmunta Berlinga 17;705;263;263;6;257;37.30;2.28;680;461;461;5;456;67.79;1.08
48162;046101;58;Gimnazjum Nr 5 85-796 Bydgoszcz ul. gen. Zygmunta Berlinga 17;999;327;327;6;321;32.73;1.83;970;581;581;10;571;59.90;1.72
48163;046101;59;Szkoła Podstawowa Nr 66 85-796 Bydgoszcz ul. gen. Zygmunta Berlinga 3;1555;473;473;8;465;30.42;1.69;1647;1060;1060;7;1053;64.36;0.66
48164;046101;60;Szkoła Podstawowa Nr 66 85-796 Bydgoszcz ul. gen. Zygmunta Berlinga 3;1675;543;543;14;529;32.42;2.58;1630;993;993;14;979;60.92;1.41
48165;046101;61;Zespół Szkół Nr 5 Mistrzostwa Sportowego 85-796 Bydgoszcz ul. gen. Zygmunta Berlinga 13;2426;764;764;14;750;31.49;1.83;2401;1390;1390;16;1374;57.89;1.15
48166;046101;62;Gimnazjum Nr 5 85-796 Bydgoszcz ul. gen. Zygmunta Berlinga 17;1396;427;427;7;420;30.59;1.64;1360;778;778;5;773;57.21;0.64
48167;046101;63;Zespół Szkół Nr 35 85-792 Bydgoszcz ul. Gawędy 5;1270;375;375;10;365;29.53;2.67;1243;737;737;5;732;59.29;0.68
48168;046101;64;Zespół Szkół Nr 35 85-792 Bydgoszcz ul. Gawędy 5;1478;442;442;16;426;29.91;3.62;1436;863;863;15;848;60.10;1.74
48169;046101;65;Zespół Szkół Nr 35 85-792 Bydgoszcz ul. Gawędy 5;1503;474;474;14;460;31.54;2.95;1471;835;835;12;823;56.76;1.44
48170;046101;66;Gimnazjum Nr 5 85-796 Bydgoszcz ul. gen. Zygmunta Berlinga 17;1072;348;348;7;341;32.46;2.01;1053;615;615;9;606;58.40;1.46
48171;046101;67;Szkoła Podstawowa Nr 65 85-791 Bydgoszcz ul. Teodora Duracza 7;1625;530;530;9;521;32.62;1.70;1564;901;901;17;884;57.61;1.89
48172;046101;68;Szkoła Podstawowa Nr 65 85-791 Bydgoszcz ul. Teodora Duracza 7;1289;401;401;16;385;31.11;3.99;1286;721;721;17;704;56.07;2.36
48173;046101;69;Szkoła Podstawowa Nr 65 85-796 Bydgoszcz ul. Teodora Duracza 7;1425;432;432;7;425;30.32;1.62;1402;843;843;7;836;60.13;0.83
48174;046101;70;Szkoła Podstawowa Nr 65 85-791 Bydgoszcz ul. Teodora Duracza 7;886;255;255;4;251;28.78;1.57;866;460;460;9;451;53.12;1.96
48175;046101;71;Zespół Szkół Nr 28 85-790 Bydgoszcz ul. Marcina Kromera 11;1801;453;453;8;445;25.15;1.77;1765;920;920;21;899;52.12;2.28
48176;046101;72;Zespół Szkół Nr 28 85-790 Bydgoszcz ul. Marcina Kromera 11;1942;564;564;15;549;29.04;2.66;1904;1075;1075;13;1062;56.46;1.21
48177;046101;73;Zespół Szkół Nr 28 85-790 Bydgoszcz ul. Marcina Kromera 11;808;214;214;3;211;26.49;1.40;780;428;428;7;421;54.87;1.64
48178;046101;74;Zespół Szkół Nr 28 85-790 Bydgoszcz ul. Marcina Kromera 11;1742;470;470;8;462;26.98;1.70;1713;913;913;16;897;53.30;1.75
48179;046101;75;Szkoła Podstawowa Nr 9 85-790 Bydgoszcz ul. Tatrzańska 21;1996;556;556;16;540;27.86;2.88;2025;1149;1149;14;1135;56.74;1.22
48180;046101;76;Zespół Szkół Nr 28 85-794 Bydgoszcz ul. Marcina Kromera 11;1181;263;263;8;255;22.27;3.04;1158;597;597;7;590;51.55;1.17
48181;046101;77;Szkoła Podstawowa Nr 65 85-791 Bydgoszcz ul. Teodora Duracza 7;981;255;255;4;251;25.99;1.57;948;533;533;8;525;56.22;1.50
48182;046101;78;Zespół Szkół Nr 28 85-794 Bydgoszcz ul. Marcina Kromera 11;1052;291;291;2;289;27.66;0.69;1083;564;564;3;561;52.08;0.53
48183;046101;79;Zespół Szkół Nr 20 85-790 Bydgoszcz ul. Sielska 34;995;328;328;10;318;32.96;3.05;965;621;621;12;609;64.35;1.93
48184;046101;80;Zespół Szkół Nr 20 85-790 Bydgoszcz ul. Sielska 34;1203;314;314;10;304;26.10;3.18;1230;668;668;7;661;54.31;1.05
48185;046101;81;Szkoła Podstawowa Nr 4 85-790 Bydgoszcz ul. Wyzwolenia 4;2098;687;687;14;673;32.75;2.04;2079;1228;1228;10;1218;59.07;0.81
48186;046101;82;Szkoła Podstawowa Nr 4 85-790 Bydgoszcz ul. Wyzwolenia 4;2137;637;637;28;609;29.81;4.40;2113;1202;1202;21;1181;56.89;1.75
48187;046101;83;Zespół Szkół Nr 28 85-790 Bydgoszcz ul. Marcina Kromera 11;965;281;281;7;274;29.12;2.49;947;520;520;10;510;54.91;1.92
48188;046101;84;Szkoła Podstawowa Nr 4 85-790 Bydgoszcz ul. Wyzwolenia 4;1290;380;380;12;368;29.46;3.16;1290;667;667;13;654;51.71;1.95
48189;046101;85;Szkoła Podstawowa Nr 4 85-790 Bydgoszcz ul. Wyzwolenia 4;1844;525;525;13;512;28.47;2.48;1844;995;995;14;981;53.96;1.41
48190;046101;86;Szkoła Podstawowa Nr 4 85-790 Bydgoszcz ul. Wyzwolenia 4;2127;583;583;10;573;27.41;1.72;2147;1271;1271;5;1266;59.20;0.39
48191;046101;87;Szkoła Podstawowa Nr 4 85-790 Bydgoszcz ul. Wyzwolenia 4;1903;522;522;11;511;27.43;2.11;1835;935;935;9;926;50.95;0.96
48192;046101;88;Szkoła Podstawowa Nr 4 85-790 Bydgoszcz ul. Wyzwolenia 4;1748;312;312;9;303;17.85;2.88;1803;767;767;21;746;42.54;2.74
48193;046101;89;Zespół Szkół Nr 20 85-790 Bydgoszcz ul. Sielska 34;1389;295;295;6;289;21.24;2.03;1337;584;584;10;574;43.68;1.71
48194;046101;90;Zespół Szkół Nr 20 85-790 Bydgoszcz ul. Sielska 34;420;78;78;4;74;18.57;5.13;413;150;150;3;147;36.32;2.00
48195;046101;91;Zespół Szkół Nr 7 85-320 Bydgoszcz ul. Ludwika Waryńskiego 1;1759;644;644;13;631;36.61;2.02;1797;1043;1043;8;1035;58.04;0.77
48196;046101;92;Zespół Szkół Ogólnokształcących Nr 4 85-323 Bydgoszcz ul. Stawowa 39;1301;418;418;5;413;32.13;1.20;1274;675;675;7;668;52.98;1.04
48197;046101;93;Zespół Szkół Ogólnokształcących Nr 4 85-323 Bydgoszcz ul. Stawowa 39;818;324;324;5;319;39.61;1.54;812;508;508;6;502;62.56;1.18
48198;046101;94;Zespół Szkół Nr 7 85-320 Bydgoszcz ul. Ludwika Waryńskiego 1;1056;383;383;8;375;36.27;2.09;1033;605;605;11;594;58.57;1.82
48199;046101;95;Zespół Szkół Nr 12 85-324 Bydgoszcz ul. Stawowa 41;1578;431;431;11;420;27.31;2.55;1509;751;751;8;743;49.77;1.07
48200;046101;96;Zespół Szkół i Placówek Nr 1 85-324 Bydgoszcz ul. Stawowa 53;1873;642;642;13;629;34.28;2.02;1825;1076;1076;14;1062;58.96;1.30
48201;046101;97;Zespół Szkół i Placówek Nr 1 85-324 Bydgoszcz ul. Stawowa 53;1849;582;582;9;573;31.48;1.55;1797;993;993;8;985;55.26;0.81
48202;046101;98;KPEC Sp. z o.o. 85-315 Bydgoszcz ul. ks. Józefa Schulza 5;1389;438;438;7;431;31.53;1.60;1334;729;729;12;717;54.65;1.65
48203;046101;99;Zespół Szkół Nr 7 85-320 Bydgoszcz ul. Ludwika Waryńskiego 1;1577;460;460;16;444;29.17;3.48;1596;834;834;17;817;52.26;2.04
48204;046101;100;Zespół Szkół Nr 1 85-219 Bydgoszcz ul. Nakielska 11;1447;317;317;12;305;21.91;3.79;1432;596;596;11;585;41.62;1.85
48205;046101;101;Zespół Szkół Nr 1 85-219 Bydgoszcz ul. Nakielska 11;1132;231;231;9;222;20.41;3.90;1087;439;439;13;426;40.39;2.96
48206;046101;102;Zespół Szkół Nr 29 85-348 Bydgoszcz ul. Słoneczna 26;1138;391;391;7;384;34.36;1.79;1137;662;662;8;654;58.22;1.21
48207;046101;103;Zespół Szkół Mechanicznych Nr 2 85-348 Bydgoszcz ul. Słoneczna 19;1945;632;632;11;621;32.49;1.74;1970;1057;1057;10;1047;53.65;0.95
48208;046101;104;Zespół Szkół Mechanicznych Nr 2 85-348 Bydgoszcz ul. Słoneczna 19;1228;412;412;8;404;33.55;1.94;1234;693;693;16;677;56.16;2.31
48209;046101;105;K. S. „Gwiazda” 85-426 Bydgoszcz ul. Józefa Bronikowskiego 45;1867;634;634;17;617;33.96;2.68;1828;1084;1084;17;1067;59.30;1.57
48210;046101;106;Zespół Szkół Nr 8 85-360 Bydgoszcz ul. Pijarów 4;1689;522;522;9;513;30.91;1.72;1666;946;946;16;930;56.78;1.69
48211;046101;107;Zespół Szkół Nr 8 85-360 Bydgoszcz ul. Pijarów 4;1912;760;760;11;749;39.75;1.45;1880;1188;1188;14;1174;63.19;1.18
48212;046101;108;Zespół Szkół Nr 23 85-391 Bydgoszcz ul. Nakielska 273;2231;777;777;11;766;34.83;1.42;2196;1340;1340;16;1324;61.02;1.19
48213;046101;109;Zespół Szkół Nr 23 85-391 Bydgoszcz ul. Nakielska 273;2246;775;775;17;758;34.51;2.19;2254;1392;1392;14;1378;61.76;1.01
48214;046101;110;Szkoła Podstawowa Nr 41 85-122 Bydgoszcz ul. Romualda Traugutta 12;1426;342;342;18;324;23.98;5.26;1368;615;615;12;603;44.96;1.95
48215;046101;111;Szkoła Podstawowa Nr 41 85-122 Bydgoszcz ul. Romualda Traugutta 12;883;319;319;9;310;36.13;2.82;886;538;538;10;528;60.72;1.86
48216;046101;112;Szkoła Podstawowa Nr 41 85-122 Bydgoszcz ul. Romualda Traugutta 12;888;279;279;13;266;31.42;4.66;878;434;434;12;422;49.43;2.76
48217;046101;113;Zespół Szkół Ogólnokształcących Nr 2 85-120 Bydgoszcz ul. Nowodworska 13;1631;543;543;16;527;33.29;2.95;1589;876;876;15;861;55.13;1.71
48218;046101;114;Gimnazjum Nr 22 85-158 Bydgoszcz ul. Jana Henryka Dąbrowskiego 8;1534;381;381;7;374;24.84;1.84;1497;737;737;19;718;49.23;2.58
48219;046101;115;MDK Nr 2 85-137 Bydgoszcz ul. Stanisława Leszczyńskiego 42;1856;478;478;18;460;25.75;3.77;1841;931;931;18;913;50.57;1.93
48220;046101;116;Szkoła Podstawowa Nr 63 85-134 Bydgoszcz ul. Seweryna Goszczyńskiego 3;2120;681;681;15;666;32.12;2.20;2081;1159;1159;13;1146;55.69;1.12
48221;046101;117;Szkoła Podstawowa Nr 63 85-134 Bydgoszcz ul. Seweryna Goszczyńskiego 3;2192;771;771;14;757;35.17;1.82;2120;1306;1308;22;1284;61.60;1.68
48222;046101;118;Zespół Szkół Nr 30 85-149 Bydgoszcz ul. Jesionowa 3a;1523;500;500;11;489;32.83;2.20;1539;921;921;17;904;59.84;1.85
48223;046101;119;Zespół Szkół Nr 30 85-149 Bydgoszcz ul. Jesionowa 3a;1424;391;391;15;376;27.46;3.84;1361;729;729;5;724;53.56;0.69
48224;046101;120;Szkoła Podstawowa Nr 63 85-134 Bydgoszcz ul. Seweryna Goszczyńskiego 3;848;300;300;6;294;35.38;2.00;830;520;520;11;509;62.65;2.12
48225;046101;121;Klub „ARKA” Bydgoskiej Spółdzielni Mieszkaniowej 85-124 Bydgoszcz ul. Marii Konopnickiej 24a;1552;577;577;4;573;37.18;0.69;1520;895;895;12;883;58.88;1.34
48226;046101;122;MDK Nr 2 85-137 Bydgoszcz ul. Stanisława Leszczyńskiego 42;2139;685;685;15;670;32.02;2.19;2099;1232;1232;23;1209;58.69;1.87
48227;046101;123;Gimnazjum Nr 23 85-138 Bydgoszcz ul. Tadeusza Czackiego 8;1214;427;427;12;415;35.17;2.81;1193;710;710;10;700;59.51;1.41
48228;046101;124;Gimnazjum Nr 23 85-138 Bydgoszcz ul. Tadeusza Czackiego 8;1201;456;456;11;445;37.97;2.41;1189;776;776;17;759;65.26;2.19
48229;046101;125;Gimnazjum Nr 23 85-138 Bydgoszcz ul. Tadeusza Czackiego 8;981;254;254;2;252;25.89;0.79;944;484;484;9;475;51.27;1.86
48230;046101;126;Gimnazjum Nr 23 85-138 Bydgoszcz ul. Tadeusza Czackiego 8;1575;516;516;12;504;32.76;2.33;1623;979;979;10;969;60.32;1.02
48231;046101;127;Zespół Szkół Nr 14 85-304 Bydgoszcz ul. Kcyńska 49;1346;428;428;13;415;31.80;3.04;1332;736;736;11;725;55.26;1.49
48232;046101;128;Zespół Szkół Nr 14 85-304 Bydgoszcz ul. Kcyńska 49;2186;788;788;23;765;36.05;2.92;2277;1438;1438;10;1428;63.15;0.70
48233;046101;129;Zespół Szkół Nr 32 85-308 Bydgoszcz ul. Krucza 5a;1241;500;500;8;492;40.29;1.60;1238;862;862;5;857;69.63;0.58
48234;046101;130;Zespół Szkół Nr 32 85-308 Bydgoszcz ul. Krucza 5a;1838;737;737;20;717;40.10;2.71;1809;1191;1191;15;1176;65.84;1.26
48235;046101;131;Gimnazjum Nr 20 85-164 Bydgoszcz ul. Karpacka 30;738;313;313;5;308;42.41;1.60;696;448;448;1;447;64.37;0.22
48236;046101;132;Szkoła Podstawowa Nr 56 85-162 Bydgoszcz ul. Bośniacka 3;1864;638;638;10;628;34.23;1.57;1800;1027;1027;17;1010;57.06;1.66
48237;046101;133;Szkoła Podstawowa Nr 56 85-162 Bydgoszcz ul. Bośniacka 3;1911;652;652;8;644;34.12;1.23;1886;1085;1085;14;1071;57.53;1.29
48238;046101;134;Gimnazjum Nr 20 85-164 Bydgoszcz ul. Karpacka 30;1588;573;573;15;558;36.08;2.62;1537;972;972;13;959;63.24;1.34
48239;046101;135;Szkoła Podstawowa Nr 56 85-162 Bydgoszcz ul. Bośniacka 3;1670;565;565;10;555;33.83;1.77;1627;955;955;7;948;58.70;0.73
48240;046101;136;Gimnazjum Nr 20 85-164 Bydgoszcz ul. Karpacka 30;1872;631;631;8;623;33.71;1.27;1957;1152;1152;26;1126;58.87;2.26
48241;046101;137;Zespół Szkół Drzewnych 85-023 Bydgoszcz ul. Toruńska 44;1234;235;235;6;229;19.04;2.55;1190;456;456;7;449;38.32;1.54
48242;046101;138;Spółdzielnia Mieszkaniowa „BUDOWLANI” 85-858 Bydgoszcz ul. Tadeusza Boya-Żeleńskiego 1;1854;621;621;14;607;33.50;2.25;1865;1127;1127;7;1120;60.43;0.62
48243;046101;139;Zespół Szkół Nr 19 85-868 Bydgoszcz ul. Adama Grzymały Siedleckiego 11;1742;630;630;24;606;36.17;3.81;1694;1029;1029;23;1006;60.74;2.24
48244;046101;140;Dom Kultury „Modraczek” 85-870 Bydgoszcz ul. Ogrody 15;1853;742;742;19;723;40.04;2.56;1804;1115;1115;10;1105;61.81;0.90
48245;046101;141;Dom Kultury „Modraczek” 85-870 Bydgoszcz ul. Ogrody 15;1449;533;533;10;523;36.78;1.88;1436;881;881;10;871;61.35;1.14
48246;046101;142;Zespół Szkół Nr 4 85-866 Bydgoszcz ul. Zofii Nałkowskiej 9;1447;515;515;20;495;35.59;3.88;1441;835;835;9;826;57.95;1.08
48247;046101;143;Zespół Szkół Nr 4 85-866 Bydgoszcz ul. Zofii Nałkowskiej 9;1437;591;591;9;582;41.13;1.52;1372;853;853;11;842;62.17;1.29
48248;046101;144;Zespół Szkół Nr 4 85-866 Bydgoszcz ul. Zofii Nałkowskiej 9;1618;579;579;48;531;35.78;8.29;1602;994;994;9;985;62.05;0.91
48249;046101;145;Szkoła Podstawowa Nr 38 85-858 Bydgoszcz ul. Węgierska 11;1360;484;484;17;467;35.59;3.51;1316;807;807;15;792;61.32;1.86
48250;046101;146;Szkoła Podstawowa Nr 38 85-858 Bydgoszcz ul. Węgierska 11;1935;716;716;3;713;37.00;0.42;1891;1190;1190;13;1177;62.93;1.09
48251;046101;147;Szkoła Podstawowa Nr 38 85-858 Bydgoszcz ul. Węgierska 11;1791;630;630;18;612;35.18;2.86;1797;1048;1048;13;1035;58.32;1.24
48252;046101;148;Gimnazjum Nr 16 85-863 Bydgoszcz ul. Bohaterów Kragujewca 10;1871;669;669;10;659;35.76;1.49;1826;1114;1114;11;1103;61.01;0.99
48253;046101;149;Gimnazjum Nr 16 85-863 Bydgoszcz ul. Bohaterów Kragujewca 10;1751;585;585;15;570;33.41;2.56;1705;984;984;24;960;57.71;2.44
48254;046101;150;Gimnazjum Nr 16 85-863 Bydgoszcz ul. Bohaterów Kragujewca 10;1874;567;567;19;548;30.26;3.35;1838;1042;1042;25;1017;56.69;2.40
48255;046101;151;Zespół Szkół Nr 26 85-861 Bydgoszcz ul. Glinki 117;1790;616;616;11;605;34.41;1.79;1742;1039;1039;15;1024;59.64;1.44
48256;046101;152;Zespół Szkół Nr 26 85-861 Bydgoszcz ul. Glinki 117;1449;498;498;4;494;34.37;0.80;1469;920;920;13;907;62.63;1.41
48257;046101;153;BKS „CHEMIK” 85-061 Bydgoszcz ul. Glinki 79;1653;616;616;11;605;37.27;1.79;1606;1006;1006;11;995;62.64;1.09
48258;046101;154;Szkoła Podstawowa Nr 28 85-805 Bydgoszcz ul. Krzysztofa Kamila Baczyńskiego 1;1412;428;428;14;414;30.31;3.27;1385;704;704;15;689;50.83;2.13
48259;046101;155;Zespół Szkół Chemicznych 85-821 Bydgoszcz ul. Ignacego Łukasiewicza 3;1624;381;381;21;360;23.46;5.51;1583;757;757;17;740;47.82;2.25
48260;046101;156;Zespół Szkół Chemicznych 85-821 Bydgoszcz ul. Ignacego Łukasiewicza 3;1483;348;348;6;342;23.47;1.72;1395;667;667;11;656;47.81;1.65
48261;046101;157;Zespół Szkół Chemicznych 85-805 Bydgoszcz ul. Ignacego Łukasiewicza 3;1622;441;441;8;433;27.19;1.81;1609;869;869;11;858;54.01;1.27
48262;046101;158;Zespół Szkół Chemicznych 85-805 Bydgoszcz ul. Ignacego Łukasiewicza 3;1795;606;606;15;591;33.76;2.48;1743;1026;1026;6;1020;58.86;0.58
48263;046101;159;Szkoła Podstawowa Nr 46 85-729 Bydgoszcz ul. Kombatantów 2;1621;501;501;6;495;30.91;1.20;1602;927;927;15;912;57.87;1.62
48264;046101;160;Szkoła Podstawowa Nr 46 85-829 Bydgoszcz ul. Kombatantów 2;1721;681;681;18;663;39.57;2.64;1699;1070;1070;7;1063;62.98;0.65
48265;046101;161;Zespół Szkół Nr 26 85-861 Bydgoszcz ul. Glinki 117;1104;229;229;3;226;20.74;1.31;1115;471;471;4;467;42.24;0.85
48266;046101;162;Zespół Szkół Spożywczych 85-844 Bydgoszcz ul. Toruńska 174;1909;558;558;15;543;29.23;2.69;1861;1040;1040;12;1028;55.88;1.15
48267;046101;163;Zespół Szkół Ogólnokształcących Nr 5 85-829 Bydgoszcz ul. Szarych Szeregów 4a;1515;535;535;22;513;35.31;4.11;1479;873;873;18;855;59.03;2.06
48268;046101;164;Zespół Szkół Ogólnokształcących Nr 5 85-829 Bydgoszcz ul. Szarych Szeregów 4a;1243;415;415;5;410;33.39;1.20;1192;698;698;12;686;58.56;1.72
48269;046101;165;Zespół Szkół Nr 36 85-827 Bydgoszcz ul. Bohaterów Westerplatte 2;1562;452;452;7;445;28.94;1.55;1507;806;806;16;790;53.48;1.99
48270;046101;166;Zespół Szkół Nr 36 85-827 Bydgoszcz ul. Bohaterów Westerplatte 2;1249;383;383;8;375;30.66;2.09;1240;639;639;10;629;51.53;1.56
48271;046101;167;Centrum Integracji Społecznej 85-833 Bydgoszcz ul. Smoleńska 43;1008;165;165;7;158;16.37;4.24;974;335;335;4;331;34.39;1.19
48272;046101;168;Zespół Szkół Nr 18 85-873 Bydgoszcz ul. Hutnicza 89;1582;254;254;17;237;16.06;6.69;1540;531;531;14;517;34.48;2.64
48273;046101;169;Świetlica Środowiskowa MOPS 85-844 Bydgoszcz ul. Toruńska 185-187;698;101;101;5;96;14.47;4.95;713;315;315;6;309;44.18;1.90
48274;046101;170;Szkoła Podstawowa Nr 2 85-039 Bydgoszcz ul. Hetmańska 34;1710;375;375;10;365;21.93;2.67;1697;718;718;13;705;42.31;1.81
48275;046101;171;Gimnazjum Nr 25 85-057 Bydgoszcz ul. Aleksandra Fredry 3;1670;346;346;7;339;20.72;2.02;1652;664;664;19;645;40.19;2.86
48276;046101;172;Poradnia Psychologiczno- Pedagogiczna Nr 1 85-060 Bydgoszcz ul. Jana III Sobieskiego 10;1180;242;242;12;230;20.51;4.96;1131;442;442;13;429;39.08;2.94
48277;046101;173;Szkoła Podstawowa Nr 2 85-039 Bydgoszcz ul. Hetmańska 34;1316;246;246;8;238;18.69;3.25;1264;456;456;4;452;36.08;0.88
48278;046101;174;Szkoła Podstawowa Nr 2 85-039 Bydgoszcz ul. Hetmańska 34;1276;214;214;17;197;16.77;7.94;1235;472;472;7;465;38.22;1.48
48279;046101;175;Gimnazjum Nr 24 85-071 Bydgoszcz ul. Tadeusza Kościuszki 37a;881;133;133;6;127;15.10;4.51;825;276;276;4;272;33.45;1.45
48280;046101;176;Szkoła Podstawowa Nr 58 85-005 Bydgoszcz ul. Gdańska 53a;1481;296;296;11;285;19.99;3.72;1431;560;560;17;543;39.13;3.04
48281;046101;177;Gimnazjum Nr 24 85-071 Bydgoszcz ul. Tadeusza Kościuszki 37a;1202;270;270;7;263;22.46;2.59;1154;511;511;4;507;44.28;0.78
48282;046101;178;MDK Nr 4 85-010 Bydgoszcz ul. Dworcowa 82;1090;232;232;7;225;21.28;3.02;1077;434;434;5;429;40.30;1.15
48283;046101;179;Poradnia Psychologiczno-Pedagogiczna Nr 1 85-054 Bydgoszcz ul. Obrońców Bydgoszczy 1;1334;283;283;9;274;21.21;3.18;1276;556;556;10;546;43.57;1.80
48284;046101;180;ENEA Operator Sp. z o.o. 85-054 Bydgoszcz ul. Dr. Emila Warmińskiego 6;1517;267;267;14;253;17.60;5.24;1484;538;538;13;525;36.25;2.42
48285;046101;181;ROM Nr 3 85-006 Bydgoszcz ul. Gdańska 9;645;142;142;2;140;22.02;1.41;619;271;271;3;268;43.78;1.11
48286;046101;182;Zespół Szkół Ogólnokształcących Nr 6 85-014 Bydgoszcz ul. Stanisława Staszica 4;1276;442;442;5;437;34.64;1.13;1247;695;695;6;689;55.73;0.86
48287;046101;183;Uniwersytet Kazimierza Wielkiego 85-856 Bydgoszcz ul. Jana Karola Chodkiewicza 30;1668;487;487;16;471;29.20;3.29;1613;816;816;10;806;50.59;1.23
48288;046101;184;Zespół Szkół Ogólnokształcących Nr 6 85-014 Bydgoszcz ul. Stanisława Staszica 4;1433;386;386;6;380;26.94;1.55;1347;630;630;9;621;46.77;1.43
48289;046101;185;Zespół Szkół Ogólnokształcących Nr 1 85-004 Bydgoszcz Plac Wolności 9;1215;348;348;9;339;28.64;2.59;1157;544;544;10;534;47.02;1.84
48290;046101;186;Pałac Młodzieży 85-097 Bydgoszcz ul. Jagiellońska 27;1140;380;380;7;373;33.33;1.84;1134;617;617;9;608;54.41;1.46
48291;046101;187;Uniwersytet Kazimierza Wielkiego w Bydgoszczy 85-033 Bydgoszcz ul. Pl. Kościeleckich 8;590;142;142;8;134;24.07;5.63;557;251;251;5;246;45.06;1.99
48292;046101;188;Zespół Szkół Nr 25 Mistrzostwa Sportowego 85-222 Bydgoszcz ul. Adama Czartoryskiego 18;1658;449;449;15;434;27.08;3.34;1625;744;744;6;738;45.78;0.81
48293;046101;189;Urząd Miasta Bydgoszczy 85-102 Bydgoszcz ul. Jezuicka 2;1085;245;245;9;236;22.58;3.67;1087;433;433;8;425;39.83;1.85
90241;046101;190;Dom Pomocy Społecznej „Promień Życia” w Bydgoszczy 85-863 Bydgoszcz Łomżyńska 54;146;46;46;2;44;31.51;4.35;136;50;50;0;50;36.76;0.00
90242;046101;191;Dom Pomocy Społecznej „Jesień Życia” w Bydgoszczy 85-442 Bydgoszcz Mińska 15a;74;42;42;5;37;56.76;11.90;72;34;34;0;34;47.22;0.00
90243;046101;192;Wielospecjalistyczny Szpital Miejski-SPZOZ im.dr.E.Warmińskiego w Bydgoszczy 85-826 Bydgoszcz Szpitalna 19;159;18;18;1;17;11.32;5.56;170;48;48;1;47;28.24;2.08
90244;046101;193;Szpital Uniwersytecki Nr 1 im.dr.Antoniego Jurasza w Bydgoszczy 85-094 Bydgoszcz Marii Curie Skłodowskiej 9;557;30;30;0;30;5.39;0.00;621;138;138;8;130;22.22;5.80
90245;046101;194;Centrum Onkologii im.prof.Franciszka Łukaszczyka w Bydgoszczy 85-796 Bydgoszcz Izabeli Romanowskiej 2;301;56;56;1;55;18.60;1.79;320;118;118;1;117;36.88;0.85
90246;046101;195;Szpital Uniwersytecki Nr 2 im.dr.Jana Biziela w Bydgoszczy 85-168 Bydgoszcz Kornela Ujejskiego 75;270;51;51;1;50;18.89;1.96;424;97;97;1;96;22.88;1.03
90247;046101;196;Kujawsko-Pomorskie Centrum Pulmonologii w Bydgoszczy 85-326 Bydgoszcz Seminaryjna 1;77;17;17;1;16;22.08;5.88;76;26;26;4;22;34.21;15.38
90248;046101;197;Kujawsko-Pomorskie Centrum Pulmonologii w Bydgoszczy 85-472 Bydgoszcz dr Stanisława Meysnera 9;108;15;15;1;14;13.89;6.67;107;44;44;2;42;41.12;4.55
90249;046101;198;Wojewódzki Szpital Obserwacyjno-Zakaźny im. Tadeusza Browicza w Bydgoszczy 85-030 Bydgoszcz Św.Floriana 12;61;23;23;0;23;37.70;0.00;66;28;28;0;28;42.42;0.00
90250;046101;199;10 Wojskowy Szpital Kliniczny z Polikliniką-Samodzielny Publiczny Zakład Opieki Zdrowotnej w Bydgoszczy 85-681 Bydgoszcz Powstańców Warszawy 5;466;47;47;1;46;10.09;2.13;425;74;74;2;72;17.41;2.70
90251;046101;200;Samodzielny Publiczny Wielospecjalistyczny Zakład Opieki Zdrowotnej Ministerstwa Spraw Wewnętrznych w Bydgoszczy 85-015 Bydgoszcz Ks.Ryszarda Markwarta 4-6;86;6;6;1;5;6.98;16.67;93;21;21;1;20;22.58;4.76
90252;046101;201;Zakład Pielęgnacyjno-Opiekuńczy w Bydgoszczy 85-485 Bydgoszcz Smukalska 251;35;8;8;1;7;22.86;12.50;39;12;12;2;10;30.77;16.67
90253;046101;202;Niepubliczny Zakład Opieki Zdrowotnej w Bydgoszczy - Dom Sue Ryder 85-796 Bydgoszcz Wilhelma Roentgena 3;20;3;3;0;3;15.00;0.00;23;5;5;0;5;21.74;0.00
90254;046101;203;Centrum Medyczne Gizińscy w Bydgoszczy 85-676 Bydgoszcz Leśna 9;26;11;11;1;10;42.31;9.09;25;23;23;2;21;92.00;8.70
90255;046101;204;Areszt Śledczy w Bydgoszczy 85-128 Bydgoszcz Wały Jagiellońskie 4;529;167;167;20;147;31.57;11.98;480;188;188;15;173;39.17;7.98
90256;046101;205;Zakład Karny Bydgoszcz-Fordon w Bydgoszczy 85-790 Bydgoszcz Rynek 8;533;134;134;19;115;25.14;14.18;460;208;208;19;189;45.22;9.13
48294;046201;1;Szkoła Podstawowa Nr 4 86-300 Grudziądz ul. Jaśminowa 2;1133;196;196;5;191;17.30;2.55;1173;522;522;3;519;44.50;0.57
48295;046201;2;Zespół Szkół Rolniczych 86-300 Grudziądz ul. Lipowa 33;1906;429;429;8;421;22.51;1.86;1915;974;974;8;966;50.86;0.82
48296;046201;3;Gimnazjum Nr 9 86-300 Grudziądz ul. Paderewskiego 10;1987;443;443;14;429;22.29;3.16;1977;942;942;17;925;47.65;1.80
48297;046201;4;Przedszkole Miejskie „TARPNO” 86-300 Grudziądz ul. Dąbrówki 6;1052;158;158;5;153;15.02;3.16;1027;404;404;3;401;39.34;0.74
48298;046201;5;Szkoła Podstawowa Nr 18 86-300 Grudziądz ul. Dąbrówki 7;1059;198;198;6;192;18.70;3.03;1043;458;458;11;447;43.91;2.40
48299;046201;6;Miejski Ośrodek Rekreacji i Wypoczynku 86-300 Grudziądz ul. Za Basenem 2;1613;333;333;10;323;20.64;3.00;1670;781;781;10;771;46.77;1.28
48300;046201;7;Dom Dziennego Pobytu 86-300 Grudziądz ul. Piłsudskiego 111;1041;195;195;3;192;18.73;1.54;1030;461;461;12;449;44.76;2.60
48301;046201;8;Klub Centrum Szkolenia Logistyki 86-300 Grudziądz ul. 6 Marca 1;1196;274;274;11;263;22.91;4.01;1171;551;551;9;542;47.05;1.63
48302;046201;9;Biblioteka Miejska 86-300 Grudziądz ul. Legionów 28;1704;339;339;18;321;19.89;5.31;1625;639;639;18;621;39.32;2.82
48303;046201;10;Szkoła Podstawowa Nr 9 86-300 Grudziądz ul. Forteczna 29;1943;324;324;15;309;16.68;4.63;1879;676;676;14;662;35.98;2.07
48304;046201;11;Centrum Kształcenia Ustawicznego 86-300 Grudziądz ul. Legionów 2;1300;195;195;7;188;15.00;3.59;1274;455;455;22;433;35.71;4.84
48305;046201;12;I Liceum Ogólnokształcące 86-300 Grudziądz ul. Sienkiewicza 27;596;103;103;2;101;17.28;1.94;586;236;236;5;231;40.27;2.12
48306;046201;13;Zespół Szkół Specjalnych 86-300 Grudziądz ul. Sikorskiego 42;804;169;169;6;163;21.02;3.55;747;343;343;12;331;45.92;3.50
48307;046201;14;Szkoła Podstawowa Nr 16 86-300 Grudziądz ul. Kochanowskiego 19;2085;538;538;13;525;25.80;2.42;2081;1039;1039;9;1030;49.93;0.87
48308;046201;15;Zespół Szkół Budowlanych i Plastycznych Liceum Plastyczne 86-300 Grudziądz ul. Waryńskiego 78;775;142;142;2;140;18.32;1.41;783;381;381;6;375;48.66;1.57
48309;046201;16;Gimnazjum Nr 7 86-300 Grudziądz ul. Mikołaja z Ryńska 6;836;242;242;6;236;28.95;2.48;805;404;404;2;402;50.19;0.50
48310;046201;17;Szkoła Podstawowa Nr 12 86-300 Grudziądz ul. Moniuszki 14;2014;541;541;16;525;26.86;2.96;1917;904;904;24;880;47.16;2.65
48311;046201;18;Centrum Kultury TEATR 86-300 Grudziądz ul. Focha 19;1839;286;286;13;273;15.55;4.55;1760;665;665;22;643;37.78;3.31
48312;046201;19;Klub AKCENT 86-300 Grudziądz ul. Wybickiego 38;1455;202;202;7;195;13.88;3.47;1348;452;452;21;431;33.53;4.65
48313;046201;20;Zespół Szkół Gastronomiczno-Hotelarskich 86-300 Grudziądz ul. Curie-Skłodowskiej 22/24;1055;157;157;11;146;14.88;7.01;1030;335;335;8;327;32.52;2.39
48314;046201;21;Muzeum 86-300 Grudziądz ul. Wodna 3/5;789;132;132;4;128;16.73;3.03;746;293;293;10;283;39.28;3.41
48315;046201;22;Gimnazjum Nr 6 86-300 Grudziądz ul. Al. 23 Stycznia 30;733;107;107;3;104;14.60;2.80;696;233;233;9;224;33.48;3.86
48316;046201;23;II Liceum Ogólnokształcące 86-300 Grudziądz ul. Marcinkowskiego 10;992;122;122;6;116;12.30;4.92;942;294;294;11;283;31.21;3.74
48317;046201;24;Szkoła Podstawowa Nr 3 86-300 Grudziądz ul. Narutowicza 6;1164;167;167;4;163;14.35;2.40;1065;381;381;13;368;35.77;3.41
48318;046201;25;Zespół Szkół Budowlanych i Plastycznych 86-300 Grudziądz ul. Czarnieckiego 9;1546;386;386;21;365;24.97;5.44;1549;717;717;13;704;46.29;1.81
48319;046201;26;Gimnazjum Nr 4 86-300 Grudziądz ul. Konarskiego 14;1672;402;402;28;374;24.04;6.97;1630;736;736;6;730;45.15;0.82
48320;046201;27;Ośrodek Szkolno-Wychowawczy Nr 1 86-300 Grudziądz ul. Parkowa 25;1311;243;243;3;240;18.54;1.23;1329;564;564;7;557;42.44;1.24
48321;046201;28;Zespół Szkół Ogólnokształcących Nr 5 Szkoła Podstawowa Nr 21 86-300 Grudziądz ul. Nauczycielska 19;1469;337;337;3;334;22.94;0.89;1427;721;721;11;710;50.53;1.53
48322;046201;29;Zespół Szkół Ogólnokształcących Nr 5 Gimnazjum Nr 5 86-300 Grudziądz ul. Nauczycielska 19;1462;373;373;10;363;25.51;2.68;1411;747;747;15;732;52.94;2.01
48323;046201;30;Przedszkole Miejskie „LOTNISKO” 86-300 Grudziądz ul. Kustronia 6;2053;477;477;9;468;23.23;1.89;1956;1035;1035;11;1024;52.91;1.06
48324;046201;31;Dom Pomocy Społecznej 86-300 Grudziądz ul. Dywizjonu 303 4;2026;462;462;8;454;22.80;1.73;1982;1002;1002;24;978;50.55;2.40
48325;046201;32;Przedszkole Miejskie „LOTNISKO” 86-300 Grudziądz ul. Ikara 8;1975;446;446;18;428;22.58;4.04;1902;1036;1036;13;1023;54.47;1.25
48326;046201;33;Szkoła Podstawowa Nr 15 86-300 Grudziądz ul. Bydgoska 24;2112;602;602;19;583;28.50;3.16;2049;1087;1087;21;1066;53.05;1.93
48327;046201;34;Ognisko Pracy Pozaszkolnej 86-300 Grudziądz ul. Chełmińska 104;747;90;90;4;86;12.05;4.44;711;231;231;11;220;32.49;4.76
48328;046201;35;Ośrodek Kultury Fizycznej „BASEN” 86-300 Grudziądz ul. Kalinkowa 56;2054;512;512;14;498;24.93;2.73;1971;977;977;20;957;49.57;2.05
48329;046201;36;Klub Spółdzielni Mieszkaniowej KOPERNIK 86-300 Grudziądz ul. Bydgoska 26;1500;313;313;11;302;20.87;3.51;1475;608;608;16;592;41.22;2.63
48330;046201;37;Zespół Szkół Ogólnokształcących Nr 4 86-300 Grudziądz ul. Żeromskiego 8;1069;232;232;6;226;21.70;2.59;1030;465;465;9;456;45.15;1.94
48331;046201;38;Ośrodek Szkolno-Wychowawczy Nr 2 86-300 Grudziądz ul. Kasprowicza 4;2048;443;443;4;439;21.63;0.90;2022;1008;1008;17;991;49.85;1.69
48332;046201;39;Przedszkole Miejskie „STRZEMIĘCIN” 86-300 Grudziądz ul. Jackowskiego 47;1853;504;504;11;493;27.20;2.18;1837;998;998;21;977;54.33;2.10
48333;046201;40;Zespół Szkół Ogólnokształcących Nr 3 86-300 Grudziądz ul. Korczaka 23;1298;352;352;14;338;27.12;3.98;1274;681;681;13;668;53.45;1.91
48334;046201;41;Przedszkole Miejskie „STRZEMIĘCIN” 86-300 Grudziądz ul. Korczaka 21;1654;403;403;9;394;24.37;2.23;1620;856;856;13;843;52.84;1.52
48335;046201;42;Centrum Profilaktyki i Terapii 86-300 Grudziądz ul. Śniadeckich 6A;1823;435;435;9;426;23.86;2.07;1781;877;877;15;862;49.24;1.71
48336;046201;43;Klub Spółdzielni Mieszkaniowej „EPICENTRUM” 86-300 Grudziądz ul. Śniadeckich 26;2111;526;526;12;514;24.92;2.28;2084;1035;1035;37;998;49.66;3.57
48337;046201;44;Przedszkole Miejskie „RZĄDZ” 86-300 Grudziądz ul. Wł. Łęgi 17;2038;483;483;16;467;23.70;3.31;1956;1076;1076;18;1058;55.01;1.67
48338;046201;45;Administracja Spółdzielni Mieszkaniowej 86-300 Grudziądz ul. Kulerskiego 11;1813;481;481;9;472;26.53;1.87;1790;1019;1019;11;1008;56.93;1.08
48339;046201;46;Zespół Szkół Ogólnokształcących Nr 2 86-300 Grudziądz ul. Sobieskiego 12;1625;417;417;14;403;25.66;3.36;1575;869;869;11;858;55.17;1.27
48340;046201;47;Niepubliczne Przedszkole „TOM BOMBADIL” 86-300 Grudziądz ul. Gąsiorowskiego 4;1924;430;430;12;418;22.35;2.79;1855;940;940;31;909;50.67;3.30
48341;046201;48;Warsztaty Terapii Zajęciowej 86-300 Grudziądz Aleja Sportowców 1/3;1582;287;287;7;280;18.14;2.44;1490;659;659;27;632;44.23;4.10
48342;046201;49;Zespół Szkół Ogólnokształcących Nr 1 86-300 Grudziądz ul. Droga Mazurska 2;2130;516;516;12;504;24.23;2.33;2085;1061;1061;8;1053;50.89;0.75
90258;046201;50;Dom Pomocy Społecznej 86-300 Grudziądz ul. Nadgórna 30/32;132;25;25;2;23;18.94;8.00;117;45;45;7;38;38.46;15.56
90259;046201;51;Dom Pomocy Społecznej 86-300 Grudziądz ul. Parkowa 12;85;33;33;3;30;38.82;9.09;82;40;40;5;35;48.78;12.50
90260;046201;52;Regionalny Szpital Specjalistyczny im. Dr Władysława Biegańskiego Budynek „A” łóżkowy, Sala konferencyjna 86-300 Grudziądz ul. Rydygiera 15/17;341;80;80;5;75;23.46;6.25;348;181;181;6;175;52.01;3.31
90261;046201;53;Zakład Karny Nr 1 86-300 Grudziądz ul. Wybickiego 10/22;832;199;199;27;172;23.92;13.57;760;220;220;59;161;28.95;26.82
90262;046201;54;Zakład Karny Nr 2 86-300 Grudziądz ul. Sikorskiego 13/17;334;73;73;5;68;21.86;6.85;345;115;115;15;100;33.33;13.04
48343;046301;1;Przedszkole Miejskie Nr 14 87-100 Toruń ul. Inowrocławska 44;1675;492;492;16;476;29.37;3.25;1736;942;942;5;937;54.26;0.53
48344;046301;2;Zespół Szkół Nr 15 87-100 Toruń ul. Paderewskiego 5/11;2098;495;495;11;484;23.59;2.22;2022;975;975;18;957;48.22;1.85
48345;046301;3;Dom Muz - Filia Podgórz 87-100 Toruń ul. Poznańska 52;773;194;194;3;191;25.10;1.55;759;364;364;6;358;47.96;1.65
48346;046301;4;Zespół Szkół nr 15 87-100 Toruń ul. Paderewskiego 5/11;1922;487;487;18;469;25.34;3.70;1914;1018;1018;13;1005;53.19;1.28
48347;046301;5;Zespół Szkół nr 14 87-100 Toruń ul. Gen. Hallera 79;1583;395;395;15;380;24.95;3.80;1953;930;930;20;910;47.62;2.15
48348;046301;6;Zespół Szkół Nr 14 87-100 Toruń ul. Gen. Hallera 79;2019;505;505;19;486;25.01;3.76;1977;971;971;9;962;49.11;0.93
48349;046301;7;Zespół Szkół Nr 14 87-100 Toruń ul. Gen. Hallera 79;2181;784;784;11;773;35.95;1.40;2198;1353;1353;13;1340;61.56;0.96
48350;046301;8;Dom Muz - Filia Rudak 87-100 Toruń ul. Okólna 169;2043;641;641;23;618;31.38;3.59;2064;1264;1264;12;1252;61.24;0.95
48351;046301;9;Szkoła Podstawowa nr 17 87-100 Toruń ul. Rudacka 26-32;603;126;126;3;123;20.90;2.38;587;279;279;4;275;47.53;1.43
48352;046301;10;Zespół Szkół nr 34 87-100 Toruń ul. Włocławska 237/239;1801;628;628;12;616;34.87;1.91;1809;1041;1041;9;1032;57.55;0.86
48353;046301;11;Szkoła Podstawowa nr 27 87-100 Toruń ul. Turystyczna 19;1862;724;724;9;715;38.88;1.24;1901;1255;1255;12;1243;66.02;0.96
48354;046301;12;Zespół Szkół nr 5 87-100 Toruń ul. Kard. Wyszyńskiego 1/5;1800;519;519;18;501;28.83;3.47;1745;983;983;11;972;56.33;1.12
48355;046301;13;Zespół Szkół nr 5 87-100 Toruń ul. Kard. Wyszyńskiego 1/5;1131;380;380;4;376;33.60;1.05;1101;630;630;9;621;57.22;1.43
48356;046301;14;Zespół Szkół nr 28 87-100 Toruń ul. Przy Skarpie 13;1080;264;264;9;255;24.44;3.41;1058;550;550;11;539;51.98;2.00
48357;046301;15;Zespół Szkół nr 28 87-100 Toruń ul. Przy Skarpie 13;1530;515;515;21;494;33.66;4.08;1500;897;897;11;886;59.80;1.23
48358;046301;16;III Liceum Ogólnokształcące 87-100 Toruń ul. Raszei 1;2035;706;706;20;686;34.69;2.83;1987;1175;1175;20;1155;59.13;1.70
48359;046301;17;Zespół Szkół Nr 5 87-100 Toruń ul. Kard. Wyszyńskiego 1/5;1838;542;542;9;533;29.49;1.66;1805;1077;1077;16;1061;59.67;1.49
48360;046301;18;III Liceum Ogólnokształcące 87-100 Toruń ul. Raszei 1;1708;593;593;15;578;34.72;2.53;1630;1004;1004;10;994;61.60;1.00
48361;046301;19;Przedszkole Miejskie nr 2 87-100 Toruń ul. Stawisińskiego 7;1824;526;526;14;512;28.84;2.66;1752;979;979;26;953;55.88;2.66
48362;046301;20;Klub „Zodiak” 87-100 Toruń ul. Kard. S. Wyszyńskiego 6;1081;226;226;5;221;20.91;2.21;1049;535;535;4;531;51.00;0.75
48363;046301;21;Zespół Szkół nr 26 87-100 Toruń ul. Kosynierów Kościuszkowskich 11;1413;453;453;14;439;32.06;3.09;1360;828;828;10;818;60.88;1.21
48364;046301;22;Zespół Szkół Ogólnokształcących nr 2 87-100 Toruń ul. Kosynierów Kościuszkowskich 6;1318;437;437;7;430;33.16;1.60;1286;779;779;11;768;60.58;1.41
48365;046301;23;Zespół Szkół Ogólnokształcących nr 2 87-100 Toruń ul. Kosynierów Kościuszkowskich 6;1152;337;337;7;330;29.25;2.08;1128;668;668;4;664;59.22;0.60
48366;046301;24;Szkoła Podstawowa Nr 32 87-100 Toruń ul. Kosynierów Kościuszkowskich 11;1273;383;383;9;374;30.09;2.35;1225;708;708;14;694;57.80;1.98
48367;046301;25;Szkoła Podstawowa Nr 32 87-100 Toruń ul. Kosynierów Kościuszkowskich 11;1153;404;404;9;395;35.04;2.23;1102;663;663;9;654;60.16;1.36
48368;046301;26;SM „Zieleniec” 87-100 Toruń ul. Adama Asnyka 6b;1323;424;424;8;416;32.05;1.89;1291;685;685;11;674;53.06;1.61
48369;046301;27;Toruńskie Centrum Caritas 87-100 Toruń ul. Szosa Bydgoska 1;1678;420;420;13;407;25.03;3.10;1655;788;788;3;785;47.61;0.38
48370;046301;28;Miejski Ośrodek Sportu i Rekreacji 87-100 Toruń ul. Słowackiego 118 A;2212;740;740;12;728;33.45;1.62;2166;1210;1210;11;1199;55.86;0.91
48371;046301;29;Miejski Zakład Komunikacji (wejście od ul. Słowackiego) 87-100 Toruń ul. Sienkiewicza 24/26;886;248;248;0;248;27.99;0.00;885;423;423;8;415;47.80;1.89
48372;046301;30;Zespół Szkół Nr 22 87-100 Toruń ul. Fałata 88/90;1641;533;533;23;510;32.48;4.32;1578;843;843;11;832;53.42;1.30
48373;046301;31;Szkoła Podstawowa Nr 11 87-100 Toruń ul. Gagarina 36;1244;449;449;10;439;36.09;2.23;1185;660;660;9;651;55.70;1.36
48374;046301;32;Szkoła Podstawowa Nr 11 87-100 Toruń ul. Gagarina 36;853;244;244;6;238;28.60;2.46;856;489;489;9;480;57.13;1.84
48375;046301;33;Przedszkole Miejskie Nr 9 87-100 Toruń ul. Gagarina 130;1782;490;490;11;479;27.50;2.24;1751;880;880;15;865;50.26;1.70
48376;046301;34;Szkoła Podstawowa Nr 11 87-100 Toruń ul. Gagarina 36;858;256;256;4;252;29.84;1.56;831;422;422;8;414;50.78;1.90
48377;046301;35;V Liceum Ogólnokształcące 87-100 Toruń ul. Sienkiewicza 34;1821;569;569;15;554;31.25;2.64;1846;1040;1040;29;1011;56.34;2.79
48378;046301;36;Szkoła Podstawowa Nr 13 87-100 Toruń ul. Krasińskiego 45/47;1008;239;239;10;229;23.71;4.18;954;381;381;4;377;39.94;1.05
48379;046301;37;Szkoła Podstawowa Nr 13 87-100 Toruń ul. Krasińskiego 45/47;952;319;319;8;311;33.51;2.51;944;514;514;17;497;54.45;3.31
48380;046301;38;Urząd Stanu Cywilnego 87-100 Toruń ul. Bydgoska 5;1166;383;383;13;370;32.85;3.39;1163;640;640;6;634;55.03;0.94
48381;046301;39;Centrum Kształcenia Ustawicznego 87-100 Toruń ul. Rybaki 57;1116;361;361;9;352;32.35;2.49;1092;547;547;10;537;50.09;1.83
48382;046301;40;Regionalna Dyrekcja Lasów Państwowych 87-100 Toruń ul. Mickiewicza 9;1085;377;377;6;371;34.75;1.59;1069;586;586;12;574;54.82;2.05
48383;046301;41;Sala gimnastyczna I Liceum Ogólnokształcącego 87-100 Toruń ul. Mickiewicza 15-17;1374;337;337;3;334;24.53;0.89;1366;575;575;8;567;42.09;1.39
48384;046301;42;Szkoła Podstawowa Nr 7 87-100 Toruń ul. Bema 66;1535;568;568;13;555;37.00;2.29;1492;941;941;8;933;63.07;0.85
48385;046301;43;Gimnazjum Nr 21 87-100 Toruń ul. G. Morcinka 13;1056;416;416;13;403;39.39;3.12;1028;607;607;6;601;59.05;0.99
48386;046301;44;Gimnazjum Nr 21 87-100 Toruń ul. G. Morcinka 13;924;341;341;13;328;36.90;3.81;897;512;512;6;506;57.08;1.17
48387;046301;45;Klub Kameleon 87-100 Toruń ul. Tuwima 9;949;435;435;8;427;45.84;1.84;910;575;575;9;566;63.19;1.57
48388;046301;46;Zespół Szkół Ekonomicznych 87-100 Toruń ul. Grunwaldzka 39;1886;771;771;23;748;40.88;2.98;1844;1188;1188;7;1181;64.43;0.59
48389;046301;47;Przedszkole Niepubliczne „Calineczka” 87-100 Toruń ul. Osiedlowa 53;577;291;291;10;281;50.43;3.44;576;431;431;1;430;74.83;0.23
48390;046301;48;Szkoła Podstawowa nr 5 87-100 Toruń ul. Żwirki i Wigury 1;2234;763;763;16;747;34.15;2.10;2223;1338;1338;11;1327;60.19;0.82
48391;046301;49;Szkoła Podstawowa nr 5 87-100 Toruń ul. Żwirki i Wigury 1;1441;449;449;11;438;31.16;2.45;1496;842;842;14;828;56.28;1.66
48392;046301;50;Muzeum Etnograficzne 87-100 Toruń ul. Wały Gen. Sikorskiego 19;546;100;100;5;95;18.32;5.00;547;205;205;3;202;37.48;1.46
48393;046301;51;OPP „Dom Harcerza” 87-100 Toruń Rynek Staromiejski 7;881;223;223;12;211;25.31;5.38;904;426;426;13;413;47.12;3.05
48394;046301;52;I Liceum Ogólnokształcące 87-100 Toruń ul. Zaułek Prosowy 1;536;122;122;5;117;22.76;4.10;530;248;248;7;241;46.79;2.82
48395;046301;53;Medyczno-Społeczne Centrum Kształcenia Zawodowego i Ustawicznego 87-100 Toruń ul. Św. Jana 1/3;741;196;196;5;191;26.45;2.55;699;294;294;11;283;42.06;3.74
48396;046301;54;I Liceum Ogólnokształcące 87-100 Toruń ul. Zaułek Prosowy 1;1034;208;208;2;206;20.12;0.96;1004;359;359;9;350;35.76;2.51
48397;046301;55;Centrum Kształcenia Ustawicznego 87-100 Toruń Plac Św. Katarzyny 8;883;160;160;8;152;18.12;5.00;885;366;366;2;364;41.36;0.55
48398;046301;56;Zespół Szkół Ogólnokształcących nr 4 87-100 Toruń ul. Warszawska 1/5;729;150;150;9;141;20.58;6.00;690;283;283;8;275;41.01;2.83
48399;046301;57;Zespół Szkół Technicznych 87-100 Toruń ul. Legionów 19/25;2023;671;671;16;655;33.17;2.38;2003;1177;1177;19;1158;58.76;1.61
48400;046301;58;Zespół Szkół Technicznych 87-100 Toruń ul. Dekerta 4;1693;597;597;16;581;35.26;2.68;1652;992;992;16;976;60.05;1.61
48401;046301;59;Prywatne Przedszkole „Krasnal” 87-100 Toruń ul. Lelewela 5;1600;556;556;28;528;34.75;5.04;1533;917;917;15;902;59.82;1.64
48402;046301;60;Przedszkole Niepubliczne „Raczek” 87-100 Toruń ul. Przy Kaszowniku 7;986;310;310;8;302;31.44;2.58;958;516;516;15;501;53.86;2.91
48403;046301;61;Zespół Szkół Technicznych 87-100 Toruń ul. Legionów 19/25;1210;409;409;6;403;33.80;1.47;1174;673;673;7;666;57.33;1.04
48404;046301;62;Przedszkole Miejskie Nr 5 87-100 Toruń ul. Dekerta 27/35;1722;568;568;12;556;32.98;2.11;1673;963;963;11;952;57.56;1.14
48405;046301;63;Zespół Szkół Nr 24 87-100 Toruń ul. Ogrodowa 3/5;1740;597;597;25;572;34.31;4.19;1721;1046;1046;15;1031;60.78;1.43
48406;046301;64;Gimnazjum Nr 3 87-100 Toruń ul. Żwirki i Wigury 49;1446;488;488;8;480;33.75;1.64;1437;808;808;7;801;56.23;0.87
48407;046301;65;Szkoła Podstawowa nr 3 87-100 Toruń ul. Legionów 210;1715;578;578;14;564;33.70;2.42;1687;1027;1027;16;1011;60.88;1.56
48408;046301;66;Gimnazjum Nr 3 87-100 Toruń ul. Żwirki i Wigury 49;2283;820;820;13;807;35.92;1.59;2266;1388;1388;27;1361;61.25;1.95
48409;046301;67;Szkoła Podstawowa nr 3 87-100 Toruń ul. Legionów 210;1894;794;794;23;771;41.92;2.90;1914;1258;1258;11;1247;65.73;0.87
48410;046301;68;Urząd Miasta Torunia 87-100 Toruń ul. Legionów 220;1693;609;609;13;596;35.97;2.13;1642;1057;1057;14;1043;64.37;1.32
48411;046301;69;Przedszkole Miejskie Nr 6 87-100 Toruń ul. Szosa Chełmińska 130;2276;795;799;18;777;34.93;2.26;2230;1360;1360;10;1350;60.99;0.74
48412;046301;70;Zespół Szkół Muzycznych 87-100 Toruń ul. Szosa Chełmińska 224/226;2249;704;704;28;676;31.30;3.98;2228;1290;1290;29;1261;57.90;2.25
48413;046301;71;Zespół Szkół Nr 9 87-100 Toruń ul. Rzepakowa 7/9;2040;698;698;11;687;34.22;1.58;2232;1350;1350;14;1336;60.48;1.04
48414;046301;72;Zespół Szkół Nr 9 87-100 Toruń ul. Rzepakowa 7/9;2325;818;818;20;798;35.18;2.44;2090;1329;1329;20;1309;63.59;1.50
48415;046301;73;Przedszkole Miejskie Nr 8 87-100 Toruń ul. Chabrowa 49;2327;874;874;10;864;37.56;1.14;2305;1481;1481;10;1471;64.25;0.68
48416;046301;74;„Targi Toruńskie” Spółka z o.o. Centrum Hurtowe 87-100 Toruń ul. Grudziądzka 163;1583;393;393;12;381;24.83;3.05;1731;884;884;13;871;51.07;1.47
48417;046301;75;Urząd Pocztowy Toruń 2 87-100 Toruń ul. Polna 15;693;67;67;3;64;9.67;4.48;690;177;177;0;177;25.65;0.00
48418;046301;76;Geofizyka Toruń S.A. 87-100 Toruń ul. Chrobrego 50;705;147;147;3;144;20.85;2.04;679;296;296;4;292;43.59;1.35
48419;046301;77;Zespół Szkół Inżynierii Środowiska 87-100 Toruń ul. Batorego 43/49;445;68;68;1;67;15.28;1.47;432;138;138;4;134;31.94;2.90
48420;046301;78;Szkoła Podstawowa Nr 6 87-100 Toruń ul. Łąkowa 13;1595;519;519;9;510;32.54;1.73;1596;937;937;9;928;58.71;0.96
48421;046301;79;Szkoła Podstawowa Nr 6 87-100 Toruń ul. Łąkowa 13;997;373;373;7;366;37.41;1.88;973;590;590;11;579;60.64;1.86
48422;046301;80;Przedszkole Miejskie Nr 7 87-100 Toruń ul. Łąkowa 44;1675;551;551;12;539;32.90;2.18;1646;954;954;19;935;57.96;1.99
48423;046301;81;Filia Przedszkola Miejskiego Nr 5 87-100 Toruń ul. Czarnieckiego 8;874;164;164;3;161;18.76;1.83;836;349;349;6;343;41.75;1.72
48424;046301;82;Zespół Szkół Nr 1 87-100 Toruń ul. Wojska Polskiego 47a;1114;407;407;7;400;36.54;1.72;1096;623;623;6;617;56.84;0.96
48425;046301;83;Zespół Szkół Nr 1 87-100 Toruń ul. Wojska Polskiego 47a;1486;506;506;20;486;34.05;3.95;1465;831;831;19;812;56.72;2.29
48426;046301;84;Zespół Szkół Nr 7 87-100 Toruń ul. Bażyńskich 30/36;1391;452;452;9;443;32.49;1.99;1339;731;732;14;717;54.59;1.92
48427;046301;85;Przedszkole Miejskie Nr 15 87-100 Toruń ul. Bażyńskich 22;1001;348;348;5;343;34.77;1.44;958;543;543;8;535;56.68;1.47
48428;046301;86;Przedszkole Miejskie Nr 16 87-100 Toruń ul. Mjr. Sucharskiego 2;822;300;300;6;294;36.50;2.00;816;480;480;4;476;58.82;0.83
48429;046301;87;Polski Związek Działkowców Okręgowy Zarząd Toruńsko-Włocławski 87-100 Toruń ul. Lubicka 12a;1906;590;590;8;582;30.95;1.36;1890;1111;1111;5;1106;58.78;0.45
48430;046301;88;Szkoła Podstawowa Nr 2 87-100 Toruń ul. Targowa 17;1543;361;361;9;352;23.40;2.49;1651;812;812;13;799;49.18;1.60
48431;046301;89;Zespół Szkół Ogólnokształcących i Technicznych nr 13 87-100 Toruń ul. Targowa 36/38;1342;428;428;10;418;31.89;2.34;1323;848;848;13;835;64.10;1.53
48432;046301;90;Zespół Szkół Ogólnokształcących i Technicznych nr 13 87-100 Toruń ul. Targowa 36/38;1500;376;376;18;358;25.07;4.79;1518;740;740;21;719;48.75;2.84
48433;046301;91;Przedszkole Miejskie nr 3 87-100 Toruń ul. Skłodowskiej-Curie 43/45;454;62;62;7;55;13.66;11.29;450;156;156;5;151;34.67;3.21
48434;046301;92;Szkoła Podstawowa Nr 23 87-100 Toruń ul. Osikowa 11;1553;532;532;7;525;34.26;1.32;1613;996;996;12;984;61.75;1.20
48435;046301;93;IX Liceum Ogólnokształcące 87-100 Toruń ul. Rydygiera 12a;1589;448;448;13;435;28.19;2.90;1533;893;893;23;870;58.25;2.58
48436;046301;94;Przedszkole Miejskie Nr 10 87-100 Toruń ul. Rydygiera 12;1354;396;396;10;386;29.25;2.53;1320;717;717;13;704;54.32;1.81
48437;046301;95;Placówka Opiekuńczo-Wychowawcza nr 4 87-100 Toruń ul. Donimirskiego 4;1787;537;537;13;524;30.05;2.42;1761;989;989;17;972;56.16;1.72
48438;046301;96;Przedszkole „Jaś i Małgosia” 87-100 Toruń ul. Donimirskiego 4;804;268;268;3;265;33.33;1.12;790;477;477;8;469;60.38;1.68
48439;046301;97;Ośrodek Rehabilitacji Dziennej 87-100 Toruń ul. Łyskowskiego 15;1578;507;507;16;491;32.13;3.16;1537;861;861;10;851;56.02;1.16
48440;046301;98;IX Liceum Ogólnokształcące 87-100 Toruń ul. Rydygiera 12a;1181;410;410;12;398;34.72;2.93;1143;696;696;13;683;60.89;1.87
48441;046301;99;Klub „Rubin” 87-100 Toruń ul. Łyskowskiego 29/35;1359;431;431;10;421;31.71;2.32;1352;734;734;10;724;54.29;1.36
48442;046301;100;Przedszkole Niepubliczne „Kangurek” 87-100 Toruń ul. Rakowicza 3;767;255;255;4;251;33.25;1.57;745;453;453;4;449;60.81;0.88
48443;046301;101;Zespół Szkół Nr 8 87-100 Toruń ul. Łyskowskiego 28;1445;442;442;10;432;30.59;2.26;1422;834;834;17;817;58.65;2.04
48444;046301;102;Zespół Szkół Nr 16 87-100 Toruń ul. Dziewulskiego 2;1312;316;316;5;311;24.09;1.58;1300;676;676;15;661;52.00;2.22
48445;046301;103;Żłobek Miejski Nr 2 87-100 Toruń ul. Piskorskiej 9;1355;437;437;8;429;32.25;1.83;1301;738;738;8;730;56.73;1.08
48446;046301;104;Zespół Szkół Nr 16 87-100 Toruń ul. Dziewulskiego 2;1969;630;630;15;615;32.00;2.38;1947;1108;1108;16;1092;56.91;1.44
48447;046301;105;Klub „Jantar” 87-100 Toruń ul. Dziewulskiego 12;1423;324;324;6;318;22.77;1.85;1373;644;644;18;626;46.90;2.80
48448;046301;106;Przedszkole Miejskie Nr 11 87-100 Toruń ul. Niesiołowskiego 4;1329;353;353;5;348;26.56;1.42;1301;713;713;13;700;54.80;1.82
48449;046301;107;Społeczna Szkoła Podstawowa im. J. Słowackiego 87-100 Toruń ul. Dziewulskiego 24a;1278;366;366;14;352;28.64;3.83;1237;669;669;12;657;54.08;1.79
48450;046301;108;EDF S.A. 87-100 Toruń ul. Ceramiczna 6;1289;243;243;2;241;18.85;0.82;1267;589;589;13;576;46.49;2.21
48451;046301;109;CEG-TOR K. Szubierajski i Spółka Sp. J. 87-100 Toruń ul. Olsztyńska 117;1966;384;384;11;373;19.53;2.86;1996;943;944;9;934;47.24;0.95
48452;046301;110;Szkoła Podstawowa nr 35 87-100 Toruń ul. Krynicka 8;2368;715;715;16;699;30.19;2.24;1098;664;664;4;660;60.47;0.60
90263;046301;111;Areszt Śledczy 87-100 Toruń ul. Piekary 53;145;62;62;9;53;42.76;14.52;1369;794;794;20;774;58.00;2.52
90264;046301;112;Specjalistyczny Szpital Miejski im. M. Kopernika 87-100 Toruń ul. Batorego 17/19;171;66;66;5;61;38.60;7.58;115;53;53;7;46;46.09;13.21
90265;046301;113;Wojewódzki Szpital Zespolony- Szpital Wielospecjalistyczny 87-100 Toruń ul. Św. Józefa 53/59;334;99;99;6;93;29.64;6.06;182;84;84;4;80;46.15;4.76
90266;046301;114;Wojewódzki Szpital Zespolony- Szpital Obserwacyjno-Zakaźny 87-100 Toruń ul. Krasińskiego 4/4a;69;65;65;16;49;94.20;24.62;320;115;115;6;109;35.94;5.22
90267;046301;115;Wojewódzki Szpital Zespolony- Szpital Psychiatryczny 87-100 Toruń ul. Mickiewicza 24/26;62;15;15;3;12;24.19;20.00;59;35;35;7;28;59.32;20.00
90268;046301;116;Wojewódzki Szpital Zespolony- Szpital Psychiatryczny 87-100 Toruń ul. Skłodowskiej Curie 27/29;74;9;9;2;7;12.16;22.22;49;14;14;1;13;28.57;7.14
90269;046301;117;Wojewódzki Ośrodek Terapii Uzależnień i Współuzależnienia-Oddział Odwykowy Całodobowy 87-100 Toruń ul. Włocławska 233-235;53;17;17;3;14;32.08;17.65;64;18;18;2;16;28.12;11.11
90270;046301;118;Wojewódzki Ośrodek Terapii Uzależnień i Współuzależnienia-Oddział Terapii Odwykowej Uzależnień 87-100 Toruń ul. Tramwajowa 2/4;32;31;31;17;14;96.88;54.84;102;51;51;4;47;50.00;7.84
90271;046301;119;Dom Pomocy Społecznej im. dr Leona Szumana 87-100 Toruń ul. Szosa Chełmińska 220;108;43;43;4;39;39.81;9.30;38;11;11;0;11;28.95;0.00
90272;046301;120;Zakład Pielęgnacyjno-Opiekuńczy im. Ks. Jerzego Popiełuszki 87-100 Toruń ul. Ligi Polskiej 8;56;5;5;0;5;8.93;0.00;19;14;14;5;9;73.68;35.71
90273;046301;121;Dom Pomocy Społecznej Fundacji im. Brata Alberta 87-100 Toruń ul. Rydygiera 23;19;19;19;0;19;100.00;0.00;58;26;26;4;22;44.83;15.38
90274;046301;122;Dom Studencki nr 2 UMK 87-100 Toruń ul. Mickiewicza 6/8;92;76;76;4;72;82.61;5.26;22;22;22;9;13;100.00;40.91
90275;046301;123;Dom Studencki nr 9 UMK 87-100 Toruń ul. Gagarina 21;59;51;51;0;51;86.44;0.00;202;181;181;5;176;89.60;2.76
48453;046401;1;Gimnazjum Nr 9 87-800 Włocławek ul.Wojska Polskiego 27;1344;312;312;6;306;23.21;1.92;1292;567;567;14;553;43.89;2.47
48454;046401;2;Szkoła Podstawowa Nr 3 87-800 Włocławek ul.Cyganka 6/10;1002;137;137;5;132;13.67;3.65;1008;349;350;11;338;34.62;3.15
48455;046401;3;Szkoła Podstawowa Nr 3 87-800 Włocławek ul.Cyganka 6/10;1378;190;190;6;184;13.79;3.16;1328;447;447;27;420;33.66;6.04
48456;046401;4;Włocławskie Centrum Organizacji Pozarządowych i Informacji Turystycznej 87-800 Włocławek ul.Żabia 12a;1426;163;163;8;155;11.43;4.91;1385;350;350;25;325;25.27;7.14
48457;046401;5;Galeria Sztuki Współczesnej 87-800 Włocławek ul.Miedziana 2/4;1025;194;194;4;190;18.93;2.06;986;363;363;8;355;36.82;2.20
48458;046401;6;Galeria Sztuki Współczesnej 87-800 Włocławek ul.Miedziana 2/4;1000;199;199;9;190;19.90;4.52;990;407;407;11;396;41.11;2.70
48459;046401;7;Miejska Biblioteka Publiczna 87-800 Włocławek ul.Warszawska 11/13;1552;307;307;7;300;19.78;2.28;1478;597;597;17;580;40.39;2.85
48460;046401;8;Miejski Ośrodek Pomocy Rodzinie 87-800 Włocławek ul. Ogniowa 8/10;1530;250;250;14;236;16.34;5.60;1499;555;555;16;539;37.02;2.88
48461;046401;9;Gimnazjum Nr 14 87-800 Włocławek plac Staszica 1;1737;314;314;6;308;18.08;1.91;1650;702;702;16;686;42.55;2.28
48462;046401;10;Zespół Szkół Ekonomicznych 87-800 Włocławek ul.Bukowa 38/40;1895;464;464;11;453;24.49;2.37;1854;858;858;33;825;46.28;3.85
48463;046401;11;Zespół Szkół Ekonomicznych 87-800 Włocławek ul.Bukowa 38/40;1845;480;480;8;472;26.02;1.67;1756;842;842;13;829;47.95;1.54
48464;046401;12;Szkoła Podstawowa Nr 14 87-800 Włocławek ul.Bukowa 9;1486;384;384;14;370;25.84;3.65;1443;707;707;18;689;49.00;2.55
48465;046401;13;Szkoła Podstawowa Nr 14 87-800 Włocławek ul.Bukowa 9;1211;278;278;11;267;22.96;3.96;1186;609;609;12;597;51.35;1.97
48466;046401;14;Zespół Szkół Nr 11 87-800 Włocławek ul.Papieżka 89;1954;304;304;11;293;15.56;3.62;2028;863;863;21;842;42.55;2.43
48467;046401;15;Zespół Szkół Nr 11 87-800 Włocławek ul.Papieżka 89;1501;247;247;13;234;16.46;5.26;1486;639;639;3;636;43.00;0.47
48468;046401;16;III Liceum Ogólnokształcące im. Marii Konopnickiej 87-800 Włocławek ul.Leśna 27;1756;275;275;1;274;15.66;0.36;1759;643;643;24;619;36.55;3.73
48469;046401;17;Szkoła Podstawowa Nr 2 87-800 Włocławek ul.Żytnia 47;1433;323;323;7;316;22.54;2.17;1405;688;688;17;671;48.97;2.47
48470;046401;18;Szkoła Podstawowa Nr 2 87-800 Włocławek ul.Żytnia 47;1749;427;427;7;420;24.41;1.64;1686;845;845;19;826;50.12;2.25
48471;046401;19;Gimnazjum Nr 2 87-800 Włocławek ul.Żytnia 47;1544;303;303;6;297;19.62;1.98;1498;649;649;25;624;43.32;3.85
48472;046401;20;Przychodnia Nr 5 Miejskiego Zespołu Opieki Zdrowotnej 87-800 Włocławek ul.Żytnia 55;1486;291;291;12;279;19.58;4.12;1443;704;704;28;676;48.79;3.98
48473;046401;21;Zespół Szkół Samochodowych 87-800 Włocławek ul.Leśna 1A;1099;237;237;13;224;21.57;5.49;1065;510;510;10;500;47.89;1.96
48474;046401;22;Zespół Szkół Samochodowych 87-800 Włocławek ul.Leśna 1A;1502;325;325;17;308;21.64;5.23;1478;690;690;31;659;46.68;4.49
48475;046401;23;Zespół Szkół Samochodowych 87-800 Włocławek ul.Leśna 1A;1259;288;288;9;279;22.88;3.12;1216;535;535;11;524;44.00;2.06
48476;046401;24;Zespół Szkół Nr 8 87-800 Włocławek ul.Willowa 8;1460;495;495;18;477;33.90;3.64;1435;869;869;7;862;60.56;0.81
48477;046401;25;Zespół Szkół Nr 8 87-800 Włocławek ul.Willowa 8;1352;292;292;5;287;21.60;1.71;1335;658;658;10;648;49.29;1.52
48478;046401;26;Szkoła Podstawowa Nr 10 87-800 Włocławek ul.Starodębska 21;1086;190;190;7;183;17.50;3.68;1058;402;402;18;384;38.00;4.48
48479;046401;27;Zespół Szkół nr 3 87-800 Włocławek ul.Nowomiejska 21;561;99;99;2;97;17.65;2.02;557;234;234;5;229;42.01;2.14
48480;046401;28;Zespół Szkół Muzycznych 87-800 Włocławek ul.Wiejska 29;1815;355;356;10;345;19.56;2.82;1744;743;743;11;732;42.60;1.48
48481;046401;29;Zespół Szkół Muzycznych 87-800 Włocławek ul.Wiejska 29;1683;367;367;8;359;21.81;2.18;1633;829;834;14;815;50.77;1.69
48482;046401;30;Zespół Szkół Nr 7 87-800 Włocławek ul.Gniazdowskiego 7;1759;353;353;17;336;20.07;4.82;1704;780;780;17;763;45.77;2.18
48483;046401;31;Zespół Szkół Nr 7 87-800 Włocławek ul.Gniazdowskiego 7;1885;383;383;13;370;20.32;3.39;1836;854;854;17;837;46.51;1.99
48484;046401;32;Szkoła Podstawowa Nr 12 87-800 Włocławek ul.Wiejska 29;1197;265;265;5;260;22.14;1.89;1167;585;585;8;577;50.13;1.37
48485;046401;33;Szkoła Podstawowa Nr 12 87-800 Włocławek ul.Wiejska 29;1512;271;271;10;261;17.92;3.69;1447;673;673;14;659;46.51;2.08
48486;046401;34;Szkoła Podstawowa Nr 12 87-800 Włocławek ul.Wiejska 29;1167;224;224;11;213;19.19;4.91;1140;520;520;10;510;45.61;1.92
48487;046401;35;Miejska Biblioteka Publiczna Filia Nr 2 87-800 Włocławek ul.Dziewińska 17;1856;361;361;18;343;19.45;4.99;1799;794;794;24;770;44.14;3.02
48488;046401;36;Spółdzielnia Mieszkaniowa „Południe” 87-800 Włocławek ul.Broniewskiego 7;1235;330;330;10;320;26.72;3.03;1199;660;660;14;646;55.05;2.12
48489;046401;37;Spółdzielnia Mieszkaniowa „Południe” 87-800 Włocławek ul.Broniewskiego 7;1125;220;220;8;212;19.56;3.64;1107;489;489;9;480;44.17;1.84
48490;046401;38;Szkoła Podstawowa Nr 20 87-800 Włocławek ul.Gałczyńskiego 9A;1396;367;367;15;352;26.29;4.09;1338;709;709;12;697;52.99;1.69
48491;046401;39;Szkoła Podstawowa Nr 20 87-800 Włocławek ul.Gałczyńskiego 9A;1624;450;450;10;440;27.71;2.22;1580;880;880;9;871;55.70;1.02
48492;046401;40;Szkoła Podstawowa Nr 20 87-800 Włocławek ul.Gałczyńskiego 9A;1556;411;411;10;401;26.41;2.43;1489;833;833;13;820;55.94;1.56
48493;046401;41;Szkoła Podstawowa Nr 23 87-800 Włocławek ul.Wyspiańskiego 3;1432;375;375;19;356;26.19;5.07;1391;740;740;11;729;53.20;1.49
48494;046401;42;Gimnazjum Nr 4 87-800 Włocławek ul.Wyspiańskiego 3;1562;389;389;11;378;24.90;2.83;1514;767;767;5;762;50.66;0.65
48495;046401;43;Przedszkole Publiczne Nr 36 87-800 Włocławek ul.Wyspiańskiego 3;1512;399;399;9;390;26.39;2.26;1474;792;792;11;781;53.73;1.39
48496;046401;44;Zespół Szkół Nr 4 87-800 Włocławek ul.Kaliska 108;1130;303;303;12;291;26.81;3.96;1100;583;583;14;569;53.00;2.40
48497;046401;45;Zespół Szkół Nr 4 87-800 Włocławek ul.Kaliska 108;1510;337;337;12;325;22.32;3.56;1468;749;749;14;735;51.02;1.87
48498;046401;46;Zespół Szkół Nr 4 87-800 Włocławek ul.Kaliska 108;1330;318;318;5;313;23.91;1.57;1318;709;709;7;702;53.79;0.99
48499;046401;47;Zespół Szkół Nr 10 87-800 Włocławek ul.Szkolna 13;1604;291;291;6;285;18.14;2.06;1588;787;787;17;770;49.56;2.16
48500;046401;48;Zespół Szkół Nr 10 87-800 Włocławek ul.Szkolna 13;1577;397;397;8;389;25.17;2.02;1598;912;912;22;890;57.07;2.41
48501;046401;49;Zespół Szkół Nr 10 87-800 Włocławek ul.Szkolna 13;1621;432;432;7;425;26.65;1.62;1602;897;897;11;886;55.99;1.23
48502;046401;50;Zespół Szkół Nr 10 87-800 Włocławek ul.Szkolna 13;1642;453;453;7;446;27.59;1.55;1637;873;873;14;859;53.33;1.60
48503;046401;51;Collegium Maius Wyższej Szkoły Humanistyczno-Ekonomicznej 87-800 Włocławek ul.Okrzei 94;1140;182;182;3;179;15.96;1.65;1135;413;413;3;410;36.39;0.73
48504;046401;52;Miejski Zespół Żłobków 87-800 Włocławek ul.Wieniecka 34A;1634;345;345;23;322;21.11;6.67;1575;720;720;13;707;45.71;1.81
48505;046401;53;Zespół Szkół Integracyjnych Nr 1 87-800 Włocławek ul.Wieniecka 46;1787;405;405;11;394;22.66;2.72;1732;823;823;12;811;47.52;1.46
48506;046401;54;Zespół Szkół Integracyjnych Nr 1 87-800 Włocławek ul.Wieniecka 46;1192;367;367;11;356;30.79;3.00;1165;642;642;17;625;55.11;2.65
48507;046401;55;II Liceum Ogólnokształcące im. Mikołaja Kopernika 87-800 Włocławek ul.Urocza 3;1999;548;548;21;527;27.41;3.83;1953;1006;1006;16;990;51.51;1.59
48508;046401;56;Zespół Szkół Nr 9 87-800 Włocławek ul.Promienna 15;1328;338;338;8;330;25.45;2.37;1285;677;677;8;669;52.68;1.18
48509;046401;57;Zespół Szkół Nr 9 87-800 Włocławek ul.Promienna 15;1369;374;374;18;356;27.32;4.81;1337;739;739;11;728;55.27;1.49
48510;046401;58;Zespół Szkół Nr 9 87-800 Włocławek ul.Promienna 15;1335;359;359;3;356;26.89;0.84;1330;693;693;16;677;52.11;2.31
48511;046401;59;Szkoła Podstawowa Nr 18 87-800 Włocławek ul.Hutnicza 5/7;1761;428;428;22;406;24.30;5.14;1674;889;889;29;860;53.11;3.26
48512;046401;60;Szkoła Podstawowa Nr 18 87-800 Włocławek ul.Hutnicza 5/7;1267;258;258;15;243;20.36;5.81;1238;572;572;11;561;46.20;1.92
48513;046401;61;Centrum Kultury Browar B 87-800 Włocławek ul.Toruńska 87;1347;338;338;12;326;25.09;3.55;1286;704;704;13;691;54.74;1.85
48514;046401;62;Zespół Placówek Nr 1 (Bursa Szkolna Nr 2) 87-800 Włocławek ul.Mechaników 1;1468;299;299;4;295;20.37;1.34;1440;731;731;13;718;50.76;1.78
48515;046401;63;Ośrodek Szkolenia Zawodowego 87-800 Włocławek ul.Inowrocławska 10;913;71;71;2;69;7.78;2.82;934;216;216;5;211;23.13;2.31
90276;046401;64;Dom Pomocy Społecznej 87-800 Włocławek ul.Dobrzyńska 102 64;51;24;24;4;20;47.06;16.67;48;21;21;7;14;43.75;33.33
90277;046401;65;Dom Pomocy Społecznej 87-800 Włocławek ul.Nowomiejska 19;63;24;24;5;19;38.10;20.83;63;25;25;6;19;39.68;24.00
90278;046401;66;Miejski Zespół Opieki Zdrowotnej Dom Pomocy Społecznej 87-800 Włocławek ul.Żeromskiego 28A;26;6;6;0;6;23.08;0.00;32;18;18;3;15;56.25;16.67
90279;046401;67;Szpital Wojewódzki 87-800 Włocławek ul.Wieniecka 49;215;40;40;2;38;18.60;5.00;279;63;63;7;56;22.58;11.11
90280;046401;68;Zakład Karny 87-800 Włocławek ul.Bartnicka 10;1155;241;241;33;208;20.87;13.69;1034;406;406;68;338;39.26;16.75
48516;060101;1;Samorządowe Przedszkole Nr 2 w Międzyrzecu Podlaskim 21-560 Międzyrzec Podlaski ul. Przedszkolna 2;1632;459;459;12;447;28.12;2.61;1590;790;790;30;760;49.69;3.80
48517;060101;2;Liceum Ogólnokształcące w Międzyrzecu Podlaskim 21-560 Międzyrzec Podlaski ul. Lubelska 57;721;153;153;3;150;21.22;1.96;714;332;332;11;321;46.50;3.31
48518;060101;3;Zespół Szkół Ponadgimnazjalnych w Międzyrzecu Podlaskim 21-560 Międzyrzec Podlaski ul. Warszawska 30;820;230;230;16;214;28.05;6.96;789;413;413;9;404;52.34;2.18
48519;060101;4;Zespół Placówek Oświatowych Nr 1 21-560 Międzyrzec Podlaski ul. Warszawska 40;907;191;191;2;189;21.06;1.05;909;494;494;12;482;54.35;2.43
48520;060101;5;Zespół Szkół Ekonomicznych w Międzyrzecu Podlaskim 21-560 Międzyrzec Podlaski ul. 3-go Maja 40/42;1853;453;453;16;437;24.45;3.53;1830;995;995;21;974;54.37;2.11
48521;060101;6;Zespół Placówek Oświatowych Nr 3 21-560 Międzyrzec Podlaski ul. Leśna 2;2055;449;449;19;430;21.85;4.23;1979;977;977;30;947;49.37;3.07
48522;060101;7;Strażnica OSP „Zawadki” w Międzyrzecu Podlaskim 21-560 Międzyrzec Podlaski ul. Zawadki 8;974;225;225;7;218;23.10;3.11;972;530;530;10;520;54.53;1.89
48523;060101;8;Zespół Placówek Oświatowych Nr 2 21-560 Międzyrzec Podlaski ul. Partyzantów 8;1904;523;523;22;501;27.47;4.21;1884;1035;1035;22;1013;54.94;2.13
48524;060101;9;Szkoła Muzyczna w Międzyrzecu Podlaskim 21-560 Międzyrzec Podlaski ul. Kościuszki 4;875;235;235;6;229;26.86;2.55;862;444;444;14;430;51.51;3.15
48525;060101;10;Świetlica Spółdzielni Mieszkaniowej w Międzyrzecu Podlaskim 21-560 Międzyrzec Podlaski ul. Prymasa Stefana Wyszyńskiego 7;2201;533;533;15;518;24.22;2.81;2189;1192;1192;19;1173;54.45;1.59
90281;060101;11;Szpital Powiatowy 21-560 Międzyrzec Podlaski Warszawska 2-4;68;29;29;1;28;42.65;3.45;65;38;38;3;35;58.46;7.89
48526;060102;1;Zespół Szkół Publicznych Nr 1 21-550 Terespol ul. H. Sienkiewicza 27;1799;390;390;13;377;21.68;3.33;1752;874;874;43;831;49.89;4.92
48527;060102;2;Miejska Biblioteka Publiczna 21-550 Terespol ul. Wojska Polskiego 132;1450;371;371;11;360;25.59;2.96;1441;724;724;18;706;50.24;2.49
48528;060102;3;Zespół Szkół Ogólnokształcących 21-550 Terespol ul. Wojska Polskiego 88;1437;360;360;7;353;25.05;1.94;1430;730;730;18;712;51.05;2.47
48529;060103;1;Publiczne Gimnazjum w Ciciborze Dużym 21-500 Cicibór Duży 1;579;113;113;6;107;19.52;5.31;595;285;285;6;279;47.90;2.11
48530;060103;2;Szkoła Podstawowa w Hrudzie 21-500 Hrud 33;701;100;100;2;98;14.27;2.00;690;268;268;5;263;38.84;1.87
48531;060103;3;Świetlica wiejska w Rakowiskach 21-500 Rakowiska ul. Wspólna 101;1064;283;283;6;277;26.60;2.12;1098;670;670;17;653;61.02;2.54
48532;060103;4;Szkoła Podstawowa w Dokudowie Pierwszym 21-500 Dokudów Pierwszy 37;423;44;44;2;42;10.40;4.55;403;140;140;5;135;34.74;3.57
48533;060103;5;Szkoła Podstawowa w Ortelu Książęcym Drugim 21-500 Ortel Książęcy Drugi 33;498;132;132;2;130;26.51;1.52;483;235;235;1;234;48.65;0.43
48534;060103;6;Szkoła Podstawowa w Grabanowie 21-500 Grabanów 49A;892;200;200;8;192;22.42;4.00;911;472;472;11;461;51.81;2.33
48535;060103;7;Szkoła Podstawowa w Sitniku 21-500 Sitnik 47;447;100;100;3;97;22.37;3.00;453;250;250;2;248;55.19;0.80
48536;060103;8;Świetlica wiejska w Terebeli 21-500 Terebela 21;271;81;81;3;78;29.89;3.70;288;161;161;4;157;55.90;2.48
48537;060103;9;Szkoła Podstawowa w Sławacinku Starym 21-500 Sławacinek Stary 72 A;1587;276;276;9;267;17.39;3.26;1589;735;735;15;720;46.26;2.04
48538;060103;10;Szkoła Podstawowa w Styrzyńcu 21-500 Styrzyniec ul. Dworska 29A;514;102;102;2;100;19.84;1.96;525;252;252;7;245;48.00;2.78
48539;060103;11;Szkoła Podstawowa w Sworach 21-500 Swory ul. Szkolna 34;1272;269;269;8;261;21.15;2.97;1289;661;661;14;647;51.28;2.12
48540;060103;12;Świetlica wiejska w Czosnówce 21-500 Czosnówka ul. Topolowa 37;558;106;106;10;96;19.00;9.43;588;292;292;9;283;49.66;3.08
48541;060103;13;Szkoła Podstawowa w Janówce 21-500 Janówka 8;645;128;128;6;122;19.84;4.69;638;309;309;14;295;48.43;4.53
48542;060103;14;Szkoła Podstawowa w Woskrzenicach Dużych 21-500 Woskrzenice Duże 91;1024;168;168;4;164;16.41;2.38;1020;493;493;18;475;48.33;3.65
48543;060103;15;Dom Pomocy Społecznej w Kozuli 21-500 Kozula 1;123;50;50;2;48;40.65;4.00;129;57;57;5;52;44.19;8.77
48544;060104;1;Gimnazjum Nr 1 w Drelowie 21-570 Drelów ul. Szkolna 11;1772;312;312;13;299;17.61;4.17;1752;800;800;36;764;45.66;4.50
48545;060104;2;Zespół Szkół w Dołdze 21-570 Dołha 1;794;112;112;6;106;14.11;5.36;795;337;337;22;315;42.39;6.53
48546;060104;3;Szkoła Podstawowa w Szóstce 21-570 Szóstka 8;880;155;155;5;150;17.61;3.23;889;409;409;15;394;46.01;3.67
48547;060104;4;Szkoła Podstawowa w Żerocinie 21-570 Żerocin 32;641;103;103;5;98;16.07;4.85;625;270;270;16;254;43.20;5.93
48548;060104;5;Szkoła Podstawowa w Witorożu 21-570 Witoroż 2;348;56;56;2;54;16.09;3.57;335;150;150;6;144;44.78;4.00
48549;060105;1;Świetlica Wiejska w Werchlisiu 21-505 Werchliś 75;575;88;88;5;83;15.30;5.68;547;208;208;6;202;38.03;2.88
48550;060105;2;Świetlica Wiejska w Bublu-Grannie 21-505 Bubel-Granna 78;293;51;51;0;51;17.41;0.00;290;119;119;6;113;41.03;5.04
48551;060105;3;Szkoła Podstawowa w Janowie Podlaskim 21-505 Janów Podlaski ul. 1-Maja 5;1546;342;342;18;324;22.12;5.26;1498;755;755;25;730;50.40;3.31
48552;060105;4;Gminny Ośrodek Kultury w Janowie Podlaskim 21-505 Janów Podlaski 1 Maja 13;586;102;102;2;100;17.41;1.96;579;258;258;7;251;44.56;2.71
48553;060105;5;Publiczne Gimnazjum w Janowie Podlaskim 21-505 Janów Podlaski ul. 1-Maja 3;1377;188;188;9;179;13.65;4.79;1381;597;597;8;589;43.23;1.34
48554;060106;1;Gminne Centrum Kultury,Sportu i Turystyki w Kodniu 21-509 Kodeń, Kodeń Drugi ul. Rynek 4;1769;409;409;15;394;23.12;3.67;1752;910;910;44;866;51.94;4.84
48555;060106;2;Kopytów - Świetlica wiejska 21-509 Kopytów 10;399;31;31;8;23;7.77;25.81;396;123;123;3;120;31.06;2.44
48556;060106;3;Dobratycze - Świetlica wiejska 21-509 Dobratycze 38;406;46;46;9;37;11.33;19.57;391;115;115;10;105;29.41;8.70
48557;060106;4;Dom Pomocy Społecznej nr 10 21-509 Kostomłoty I 10;265;37;37;3;34;13.96;8.11;265;109;109;4;105;41.13;3.67
48558;060106;5;Zabłocie - Wiejski Dom Kultury 21-509 Zabłocie 107;438;112;112;5;107;25.57;4.46;302;133;133;5;128;44.04;3.76
48559;060107;1;Sala Widowiskowa Gminnego Centrum Kultury w Konstantynowie 21-543 Konstantynów ul. Piłsudskiego 4;1109;234;234;10;224;21.10;4.27;1100;547;547;16;531;49.73;2.93
48560;060107;2;Gimnazjum w Konstantynowie 21-543 Konstantynów ul. Nowa 2;1143;218;218;8;210;19.07;3.67;1133;452;452;12;440;39.89;2.65
48561;060107;3;Budynek Schroniska „Przystań” w Gnojnie 21-543 Gnojno 48;193;45;45;2;43;23.32;4.44;196;100;100;3;97;51.02;3.00
48562;060107;4;Szkoła Podstawowa w Komarnie Kolonii 21-543 Komarno Kolonia 13;769;134;134;6;128;17.43;4.48;767;293;293;14;279;38.20;4.78
90282;060107;5;Budynek Administracyjny Domu Pomocy Społecznej w Konstantynowie 21-543 Konstantynów ul. Kardynała Wyszyńskiego 6;75;38;38;10;28;50.67;26.32;75;47;47;13;34;62.67;27.66
48563;060108;1;Szkoła Podstawowa w Leśnej Podlaskiej 21-542 Leśna Podlaska ul. Bialska 25;1739;380;380;13;367;21.85;3.42;1701;807;807;19;788;47.44;2.35
48564;060108;2;Świetlica Wiejska w Witulinie 21-542 Witulin 60;644;128;128;6;122;19.88;4.69;633;240;240;9;231;37.91;3.75
48565;060108;3;Szkoła Podstawowa w Ossówce 21-542 Ossówka 12A;324;72;72;3;69;22.22;4.17;0;0;0;0;0;NA;-99
48566;060108;4;Świetlica Wiejska w Starej Bordziłówce 21-542 Stara Bordziłówka 32;796;158;158;13;145;19.85;8.23;795;344;344;15;329;43.27;4.36
48567;060109;1;Szkoła Podstawowa w Dubowie 21-532 Dubów 93;558;121;121;6;115;21.68;4.96;568;272;272;6;266;47.89;2.21
48568;060109;2;Szkoła Podstawowa w Huszczy 21-532 Huszcza Pierwsza 34;473;81;81;4;77;17.12;4.94;452;189;189;3;186;41.81;1.59
48569;060109;3;Budynek poszkolny w Korczówce 21-532 Korczówka 64;391;71;71;0;71;18.16;0.00;381;153;153;8;145;40.16;5.23
48570;060109;4;Zespół Szkół w Łomazach 21-532 Łomazy ul. Szkolna 18A;2156;434;434;18;416;20.13;4.15;2140;1040;1040;15;1025;48.60;1.44
48571;060109;5;Budynek poszkolny w Burwinie 21-532 Burwin 33;216;37;37;4;33;17.13;10.81;211;91;91;6;85;43.13;6.59
48572;060109;6;Świetlica wiejska w Kopytniku 21-532 Kopytnik 31A;248;72;72;0;72;29.03;0.00;243;124;124;1;123;51.03;0.81
48573;060109;7;Budynek poszkolny w Koszołach 21-532 Koszoły 40;205;37;37;2;35;18.05;5.41;200;72;72;1;71;36.00;1.39
48574;060110;1;Gimnazjum Publiczne w Jelnicy 21-560 Jelnica 84;785;161;161;3;158;20.51;1.86;777;403;403;18;385;51.87;4.47
48575;060110;2;Szkoła Podstawowa w Tuliłowie 21-560 Tuliłów 61A;674;103;103;1;102;15.28;0.97;677;301;301;11;290;44.46;3.65
48576;060110;3;Szkoła Podstawowa w Rogoźnicy 21-560 Rogoźnica 96;716;141;141;4;137;19.69;2.84;734;387;387;13;374;52.72;3.36
48577;060110;4;Szkoła Podstawowa w Tłuśćcu 21-560 Tłuściec 112;731;178;178;5;173;24.35;2.81;730;372;372;25;347;50.96;6.72
48578;060110;5;Szkoła Podstawowa w Kożuszkach 21-560 Kożuszki 37;455;93;93;5;88;20.44;5.38;458;245;245;13;232;53.49;5.31
48579;060110;6;Gimnazjum Publiczne w Krzewicy 21-560 Krzewica 44;388;77;77;2;75;19.85;2.60;381;193;193;3;190;50.66;1.55
48580;060110;7;Urząd Gminy Międzyrzec Podlaski 21-560 Międzyrzec Podlaski Warszawska 20;475;96;96;6;90;20.21;6.25;478;249;249;17;232;52.09;6.83
48581;060110;8;Szkoła Podstawowa w Halasach 21-560 Halasy 41;676;102;102;1;101;15.09;0.98;681;283;283;15;268;41.56;5.30
48582;060110;9;Gminny Ośrodek Kultury w Maniach 21-560 Manie 24;613;141;141;8;133;23.00;5.67;597;323;323;18;305;54.10;5.57
48583;060110;10;Szkoła Podstawowa w Misiach 21-560 Misie 118;1063;219;219;8;211;20.60;3.65;1065;568;568;17;551;53.33;2.99
48584;060110;11;Szkoła Podstawowa w Rudnikach 21-560 Rudniki 2;892;134;134;2;132;15.02;1.49;903;426;426;27;399;47.18;6.34
48585;060110;12;Szkoła Podstawowa w Rzeczycy 21-560 Rzeczyca Gościniec 74;671;103;103;1;102;15.35;0.97;682;335;335;14;321;49.12;4.18
48586;060111;1;Zespół Placówek Oświatowych w Chotyłowie 21-530 Chotyłów ul. Piszczacka 50;742;141;141;3;138;19.00;2.13;757;350;350;12;338;46.24;3.43
48587;060111;2;Szkoła Podstawowa w Dobrynce 21-530 Dobrynka 28;556;97;97;3;94;17.45;3.09;537;193;193;13;180;35.94;6.74
48588;060111;3;Szkoła Podstawowa w Kościeniewiczach 21-530 Kościeniewicze 10;799;132;132;5;127;16.52;3.79;797;325;325;14;311;40.78;4.31
48589;060111;4;Budynek Starej Szkoły w Piszczacu (duża sala konferencyjna) 21-530 Piszczac ul. Włodawska 4;1772;327;327;2;325;18.45;0.61;1749;843;843;28;815;48.20;3.32
48590;060111;5;Szkoła Podstawowa w Połoskach 21-530 Połoski 45A;786;70;70;2;68;8.91;2.86;785;250;250;15;235;31.85;6.00
48591;060111;6;Budynek Starej Szkoły w Piszczacu (mała sala konferencyjna) 21-530 Piszczac ul. Włodawska 4;1303;132;132;8;124;10.13;6.06;1284;401;401;15;386;31.23;3.74
48592;060112;1;Gminna Instytucja Kultury w Rokitnie 21-504 Rokitno 37B;1165;165;165;6;159;14.16;3.64;1169;519;519;12;507;44.40;2.31
48593;060112;2;Świetlica w Cieleśnicy PGR 21-504 Cieleśnica 23;395;48;48;0;48;12.15;0.00;383;161;161;8;153;42.04;4.97
48594;060112;3;Świetlica w Olszynie 21-504 Olszyn 19;345;67;67;0;67;19.42;0.00;335;139;139;5;134;41.49;3.60
48595;060112;4;Świetlica w Zaczopkach 21-504 Zaczopki 35;313;59;59;2;57;18.85;3.39;304;116;116;6;110;38.16;5.17
48596;060112;5;Świetlica w Klonownicy Dużej 21-504 Klonownica Duża 53;323;57;57;2;55;17.65;3.51;324;104;104;6;98;32.10;5.77
48597;060113;1;Hala Sportowa w Rossoszu 21-533 Rossosz ul. Lubelska 37;850;208;208;7;201;24.47;3.37;833;417;417;21;396;50.06;5.04
48598;060113;2;Gminny Ośrodek Kultury 21-533 Rossosz Batalionów Chłopskich 53;772;219;219;6;213;28.37;2.74;775;412;412;10;402;53.16;2.43
48599;060113;3;Publiczna Szkoła Podstawowa w Romaszkach 21-533 Romaszki 25;319;83;83;7;76;26.02;8.43;321;150;150;11;139;46.73;7.33
48600;060114;1;Gminny Ośrodek Kultury w Sławatyczach 21-515 Sławatycze ul. Rynek 14;1314;335;335;10;325;25.49;2.99;1283;609;609;29;580;47.47;4.76
48601;060114;2;Świetlica OSP w Jabłecznej 21-526 Jabłeczna 53A;382;55;55;2;53;14.40;3.64;378;165;165;6;159;43.65;3.64
48602;060114;3;Świetlica wiejska w Krzywowólce 21-515 Krzywowólka 8;356;43;43;0;43;12.08;0.00;355;131;131;1;130;36.90;0.76
48603;060115;1;Świetlica Wiejska w Motwicy 21-518 Motwica 39;515;112;112;5;107;21.75;4.46;513;186;186;5;181;36.26;2.69
48604;060115;2;Gminny Ośrodek Kultury w Sosnówce 21-518 Sosnówka 65;1043;173;173;13;160;16.59;7.51;1025;366;366;16;350;35.71;4.37
48605;060115;3;Remizo-Świetlica w Przechodzie 21-518 Przechód 11;631;105;105;2;103;16.64;1.90;629;277;277;7;270;44.04;2.53
48606;060116;1;Gminny Ośrodek Kultury w Koroszczynie 21-550 Koroszczyn ul. Piłsudskiego 40;482;80;80;8;72;16.60;10.00;476;171;171;10;161;35.92;5.85
48607;060116;2;Zespół Szkół im. Orła Białego w Kobylanach 21-540 Kobylany ul. Słoneczna 11;778;147;147;5;142;18.89;3.40;770;368;368;11;357;47.79;2.99
48608;060116;3;Zespół Szkół im. Kornela Makuszyńskiego w Małaszewiczach 21-540 Małaszewicze ul. Wiejska 7A;1501;306;306;17;289;20.39;5.56;1434;678;678;24;654;47.28;3.54
48609;060116;4;Dom Strażaka w Neplach 21-550 Neple ul. Terespolska 10;436;93;93;3;90;21.33;3.23;417;189;189;8;181;45.32;4.23
48610;060116;5;Świetlica Wiejska w Łobaczewie Dużym 21-550 Łobaczew Duży ul. Spółdzielcza 1;741;168;168;5;163;22.67;2.98;739;381;381;14;367;51.56;3.67
48611;060116;6;Świetlica Wiejska w Lebiedziewie 21-550 Lebiedziew ul. Kodeńska 113;675;91;91;8;83;13.48;8.79;675;231;231;8;223;34.22;3.46
48612;060116;7;Świetlica Wiejska w Bohukałach 21-550 Bohukały 110;291;58;58;1;57;19.93;1.72;273;123;123;2;121;45.05;1.63
48613;060116;8;Świetlica Wiejska w Samowiczach 21-550 Samowicze 67;218;68;68;4;64;31.19;5.88;215;105;105;3;102;48.84;2.86
48614;060116;9;Świetlica Wiejska w Małaszewiczach Dużych 21-540 Małaszewicze Duże ul. Słoneczna 44;385;72;72;1;71;18.70;1.39;387;180;180;6;174;46.51;3.33
48615;060117;1;Świetlica 21-523 Mazanówka 51;530;88;88;1;87;16.60;1.14;511;185;185;3;182;36.20;1.62
48616;060117;2;Zespół Szkół 21-523 Tuczna 5;1501;344;344;15;329;22.92;4.36;1494;658;658;10;648;44.04;1.52
48617;060117;3;Środowiskowy Dom Samopomocy 21-523 Międzyleś 29;700;83;83;1;82;11.86;1.20;684;213;213;8;205;31.14;3.76
48618;060118;1;Szkoła Podstawowa w Dołholisce 21-580 Dołholiska 1;401;102;102;3;99;25.44;2.94;385;202;202;7;195;52.47;3.47
48619;060118;2;Szkoła Podstawowa w Horodyszczu 21-580 Horodyszcze ul. Rynek 6;638;144;144;7;137;22.57;4.86;639;265;265;8;257;41.47;3.02
48620;060118;3;Szkoła Podstawowa w Polubiczach 21-580 Polubicze Wiejskie Pierwsze 100;631;128;128;3;125;20.29;2.34;621;272;272;9;263;43.80;3.31
48621;060118;4;Szkoła Podstawowa w Wisznicach 21-580 Wisznice ul. Warszawska 19;1550;332;332;10;322;21.42;3.01;1511;729;729;17;712;48.25;2.33
48622;060118;5;Liceum Ogólnokształcące w Wisznicach 21-580 Wisznice ul. Warszawska 44;1023;232;232;7;225;22.68;3.02;1014;479;479;13;466;47.24;2.71
48623;060119;1;Szkoła Podstawowa w Berezówce 21-512 Berezówka 26;518;112;112;6;106;21.62;5.36;520;210;210;7;203;40.38;3.33
48624;060119;2;Szkoła Podstawowa w Dobryniu Dużym 21-512 Dobryń Duży 66;471;83;83;2;81;17.62;2.41;474;214;214;5;209;45.15;2.34
48625;060119;3;Szkoła Podstawowa w Kijowcu 21-512 Kijowiec 34;628;103;103;9;94;16.40;8.74;615;245;245;12;233;39.84;4.90
48626;060119;4;Zespół Szkół w Zalesiu 21-512 Zalesie ul. Szkolna 10;1509;262;262;3;259;17.36;1.15;1514;633;633;20;613;41.81;3.16
48627;060119;5;Szkoła Podstawowa w Wólce Dobryńskiej 21-512 Wólka Dobryńska 57;441;85;85;2;83;19.27;2.35;442;196;196;5;191;44.34;2.55
48628;060201;1;Urząd Miasta 23-400 Biłgoraj Plac Wolności 16;1965;522;522;11;511;26.56;2.11;1930;953;953;8;945;49.38;0.84
48629;060201;2;Zespół Szkół Zawodowych i Ogólnokształcących 23-400 Biłgoraj ul. Przemysłowa 23;1898;443;443;19;424;23.34;4.29;1865;956;956;18;938;51.26;1.88
48630;060201;3;Nadleśnictwo Biłgoraj 23-400 Biłgoraj ul. Zamojska 96;841;168;168;3;165;19.98;1.79;804;381;381;7;374;47.39;1.84
48631;060201;4;Szkoła Podstawowa Nr 1 23-400 Biłgoraj ul. 3 Maja 3;2005;503;503;15;488;25.09;2.98;1979;1057;1057;15;1042;53.41;1.42
48632;060201;5;Gimnazjum Nr 1 23-400 Biłgoraj ul. Kościuszki 41;1049;281;281;9;272;26.79;3.20;1023;548;548;4;544;53.57;0.73
48633;060201;6;Szkoła Podstawowa Nr 5 23-400 Biłgoraj ul. Nadstawna 62A;2019;523;523;12;511;25.90;2.29;1953;968;968;15;953;49.56;1.55
48634;060201;7;Samorządowe Przeszkole Nr 2 23-400 Biłgoraj Aleja 400-Lecia 54;2292;595;595;9;586;25.96;1.51;2231;1222;1222;13;1209;54.77;1.06
48635;060201;8;Zespół Szkół Budowlanych i Ogólnokształcących 23-400 Biłgoraj ul. Cegielniana 24;2108;540;540;10;530;25.62;1.85;2028;1084;1084;17;1067;53.45;1.57
48636;060201;9;Dom Pomocy Społecznej dla Kombatantów 23-400 Biłgoraj ul. Generała Komorowskiego 20;1181;313;313;10;303;26.50;3.19;1152;610;610;22;588;52.95;3.61
48637;060201;10;Szkoła Podstawowa Nr 4 23-400 Biłgoraj ul. Polna 3;2102;554;554;14;540;26.36;2.53;2079;1108;1108;21;1087;53.29;1.90
48638;060201;11;Regionalne Centrum Edukacji Zawodowej 23-400 Biłgoraj ul. Kościuszki 98;1149;285;285;6;279;24.80;2.11;1091;568;568;7;561;52.06;1.23
48639;060201;12;Miejski Zespół Szkół 23-400 Biłgoraj ul. Sienkiewicza 6;2195;567;567;13;554;25.83;2.29;2132;1065;1065;16;1049;49.95;1.50
48640;060201;13;Medyczne Studium Zawodowe 23-400 Biłgoraj ul. Kościuszki 127;1000;249;249;1;248;24.90;0.40;970;546;546;10;536;56.29;1.83
90283;060201;14;ARION Szpitale Sp. z o.o. Zespół Opieki Zdrowotnej w Biłgoraju 23-400 Biłgoraj ul. Dr. Stanisława Pojaska 5;191;16;16;3;13;8.38;18.75;182;63;63;1;62;34.62;1.59
48641;060202;1;Szkoła Podstawowa 23-408 Aleksandrów Pierwszy 104;806;215;215;6;209;26.67;2.79;821;377;377;11;366;45.92;2.92
48642;060202;2;Remiza Ochotniczej Straży Pożarnej 23-408 Aleksandrów Drugi 295;625;134;134;1;133;21.44;0.75;623;301;301;2;299;48.31;0.66
48643;060202;3;Urząd Gminy 23-408 Aleksandrów Drugi 380;569;144;144;5;139;25.31;3.47;561;256;256;8;248;45.63;3.12
48644;060202;4;Gimnazjum 23-408 Aleksandrów Trzeci 554;521;146;146;2;144;28.02;1.37;539;298;298;8;290;55.29;2.68
48645;060203;1;Szkoła Podstawowa 23-400 Bukowa 98;665;130;130;4;126;19.55;3.08;660;270;270;11;259;40.91;4.07
48646;060203;2;Szkoła Podstawowa 23-400 Korytków Duży 118;720;192;192;6;186;26.67;3.12;716;370;370;3;367;51.68;0.81
48647;060203;3;Zespół Szkoły Podstawowej i Gimnazjum 23-400 Gromada 141;1126;319;319;1;318;28.33;0.31;1115;598;598;4;594;53.63;0.67
48648;060203;4;Zespół Szkoły Podstawowej i Gimnazjum 23-400 Dąbrowica 138a;997;206;206;4;202;20.66;1.94;996;431;431;4;427;43.27;0.93
48649;060203;5;Budynek szkoły 23-400 Ciosmy 77c;293;61;61;2;59;20.82;3.28;296;145;145;6;139;48.99;4.14
48650;060203;6;Szkoła Podstawowa 23-400 Smólsko Duże 41;643;189;189;3;186;29.39;1.59;648;357;357;10;347;55.09;2.80
48651;060203;7;Szkoła Podstawowa 23-400 Korczów 1b;749;185;185;8;177;24.70;4.32;742;366;366;6;360;49.33;1.64
48652;060203;8;Zespół Szkoły Podstawowej i Gimnazjum 23-400 Dereźnia Solska 1a;1213;292;292;7;285;24.07;2.40;1226;635;635;12;623;51.79;1.89
48653;060203;9;Szkoła Podstawowa 23-400 Wola Dereźniańska 93;623;99;99;1;98;15.89;1.01;619;274;274;8;266;44.26;2.92
48654;060203;10;Szkoła Podstawowa 23-400 Stary Bidaczów 42;366;124;124;2;122;33.88;1.61;355;222;222;9;213;62.54;4.05
48655;060203;11;Remizo-świetlica OSP 23-400 Dyle 42;434;64;64;2;62;14.75;3.12;418;161;161;6;155;38.52;3.73
48656;060203;12;Zespół Szkoły Podstawowej i Gimnazjum 23-400 Hedwiżyn 88b;828;129;129;3;126;15.58;2.33;825;379;379;12;367;45.94;3.17
48657;060203;13;Remizo-świetlica OSP 23-400 Sól 87;799;177;177;4;173;22.15;2.26;813;430;430;9;421;52.89;2.09
48658;060203;14;Zespół Szkół 23-400 Sól 279;860;194;194;1;193;22.56;0.52;861;455;455;9;446;52.85;1.98
90284;060203;15;Dom Pomocy Społecznej, Teodorówka 23-400 Teodorówka 1;120;40;40;6;34;33.33;15.00;125;56;56;6;50;44.80;10.71
48659;060204;1;Szkoła Podstawowa 23-425 Bukowina 60;882;243;243;8;235;27.55;3.29;871;411;411;9;402;47.19;2.19
48660;060204;2;Gminny Ośrodek Kultury 23-425 Biszcza 52;895;291;291;5;286;32.51;1.72;896;432;432;8;424;48.21;1.85
48661;060204;3;Samorządowy Zespół Szkolny 23-425 Biszcza 228;817;186;186;1;185;22.77;0.54;815;342;342;14;328;41.96;4.09
48662;060204;4;Samorządowa Szkoła Podstawowa 23-425 Gózd Lipiński 81;586;168;168;3;165;28.67;1.79;593;282;282;5;277;47.55;1.77
48663;060205;1;Hala Sportowa 23-440 Frampol ul. Gorajska 16;1251;296;296;6;290;23.66;2.03;1215;615;615;12;603;50.62;1.95
48664;060205;2;Remiza OSP 23-440 Komodzianka 51b;235;33;33;3;30;14.04;9.09;232;99;99;2;97;42.67;2.02
48665;060205;3;Szkoła Podstawowa 23-440 Korytków Mały 49b;628;102;102;3;99;16.24;2.94;633;284;284;7;277;44.87;2.46
48666;060205;4;Szkoła Podstawowa 23-440 Radzięcin 82;586;120;120;1;119;20.48;0.83;576;249;249;6;243;43.23;2.41
48667;060205;5;Szkoła Podstawowa 23-440 Teodorówka 64;825;160;160;2;158;19.39;1.25;809;330;330;6;324;40.79;1.82
48668;060205;6;Szkoła Podstawowa 23-440 Wola Radzięcka 61;438;62;62;0;62;14.16;0.00;442;165;165;2;163;37.33;1.21
48669;060205;7;Remiza OSP 23-440 Kąty 37;484;70;70;1;69;14.46;1.43;487;210;210;3;207;43.12;1.43
48670;060205;8;Remiza OSP 23-440 Chłopków 63;274;62;62;1;61;22.63;1.61;272;138;138;1;137;50.74;0.72
48671;060205;9;Świetlica 23-440 Sokołówka 54;498;103;103;5;98;20.68;4.85;498;185;185;3;182;37.15;1.62
48672;060206;1;Gminny Ośrodek Kultury 23-450 Goraj ul. Frampolska 23;994;195;195;6;189;19.62;3.08;981;460;460;8;452;46.89;1.74
48673;060206;2;Urząd Gminy 23-450 Goraj ul. Bednarska 1;991;256;256;14;242;25.83;5.47;961;507;507;15;492;52.76;2.96
48674;060206;3;Szkoła Podstawowa 23-450 Hosznia Ordynacka 21;591;109;109;3;106;18.44;2.75;581;232;232;5;227;39.93;2.16
48675;060206;4;Remiza Ochotniczej Straży Pożarnej 23-450 Jędrzejówka 60;551;102;102;6;96;18.51;5.88;542;190;190;10;180;35.06;5.26
48676;060206;5;Remiza Ochotniczej Straży Pożarnej 23-450 Wólka Abramowska 80;429;88;88;2;86;20.51;2.27;419;181;181;8;173;43.20;4.42
48677;060207;1;Miejski Ośrodek Kultury 23-460 Józefów ul. Krótka 9;1078;256;256;15;241;23.75;5.86;1073;455;455;10;445;42.40;2.20
48678;060207;2;Środowiskowy Dom Samopomocy 23-460 Józefów ul. Miszki Tatara 1;860;174;174;9;165;20.23;5.17;844;338;338;7;331;40.05;2.07
48679;060207;3;Szkoła Podstawowa 23-460 Józefów ul. Górnicza 21;692;103;103;2;101;14.88;1.94;689;288;288;8;280;41.80;2.78
48680;060207;4;Szkoła Podstawowa 23-460 Majdan Nepryski 18;862;114;114;5;109;13.23;4.39;845;341;342;11;330;40.36;3.23
48681;060207;5;Szkoła Podstawowa 23-460 Stanisławów 64a;512;83;83;4;79;16.21;4.82;505;178;178;14;164;35.25;7.87
48682;060207;6;Szkoła Podstawowa 23-460 Górecko Stare 75;675;140;140;7;133;20.74;5.00;660;287;287;18;269;43.48;6.27
48683;060207;7;Remiza OSP 23-460 Górniki 85;357;68;68;4;64;19.05;5.88;347;124;125;6;118;35.73;4.84
48684;060207;8;Świetlica 23-460 Długi Kąt - Osada 6;877;117;117;1;116;13.34;0.85;855;336;336;12;324;39.30;3.57
48685;060208;1;Szkoła Podstawowa 23-415 Korchów Pierwszy 86b;1132;204;204;6;198;18.02;2.94;1128;478;478;9;469;42.38;1.88
48686;060208;2;Zespół Szkół 23-415 Księżpol ul. Biłgorajska 11;1750;286;286;4;282;16.34;1.40;1808;822;822;25;797;45.46;3.04
48687;060208;3;Zespół Szkół 23-414 Majdan Stary 21;1408;307;307;15;292;21.80;4.89;1451;736;736;32;704;50.72;4.35
48688;060208;4;Szkoła Podstawowa 23-415 Rakówka 12;868;163;163;7;156;18.78;4.29;876;349;349;8;341;39.84;2.29
48689;060208;5;Szkoła Podstawowa 23-414 Stary Lipowiec 47a;298;86;86;0;86;28.86;0.00;302;127;127;3;124;42.05;2.36
48690;060209;1;Szkoła Podstawowa 23-412 Chmielek 81;1207;179;179;6;173;14.83;3.35;1209;527;527;18;509;43.59;3.42
48691;060209;2;Gimnazjum 23-412 Łukowa 341;1434;336;336;3;333;23.43;0.89;1416;761;761;17;744;53.74;2.23
48692;060209;3;Gminny Ośrodek Kultury 23-412 Łukowa 569A;877;203;203;6;197;23.15;2.96;891;421;421;9;412;47.25;2.14
48693;060210;1;Szkoła Podstawowa 23-413 Obsza 70A;1142;202;202;6;196;17.69;2.97;1144;464;464;17;447;40.56;3.66
48694;060210;2;Szkoła Podstawowa 23-413 Babice 108A;736;173;173;0;173;23.51;0.00;745;361;361;15;346;48.46;4.16
48695;060210;3;Szkoła Podstawowa 23-413 Olchowiec 31;495;83;83;2;81;16.77;2.41;481;198;198;3;195;41.16;1.52
48696;060210;4;Szkoła Podstawowa 23-413 Zamch 117;1108;268;268;7;261;24.19;2.61;1098;539;539;19;520;49.09;3.53
48697;060211;1;Szkoła Podstawowa 23-423 Lipiny Dolne 152;1219;231;231;9;222;18.95;3.90;1219;561;561;12;549;46.02;2.14
48698;060211;2;Szkoła Podstawowa 23-423 Lipiny Górne-Borowina 1a;704;188;188;11;177;26.70;5.85;694;320;320;9;311;46.11;2.81
48699;060211;3;Urząd Gminy 23-423 Potok Górny 116;1215;249;249;7;242;20.49;2.81;1209;576;576;25;551;47.64;4.34
48700;060211;4;Szkoła Podstawowa 23-423 Szyszków 27;1441;416;416;11;405;28.87;2.64;1448;797;797;19;778;55.04;2.38
48701;060212;1;Świetlica środowiskowa 23-420 Luchów Dolny 28;473;160;160;4;156;33.83;2.50;474;223;223;13;210;47.05;5.83
48702;060212;2;Szkoła Podstawowa 23-420 Luchów Górny 89A;475;132;132;1;131;27.79;0.76;474;216;216;6;210;45.57;2.78
48703;060212;3;Szkoła Podstawowa 23-420 Różaniec, Różaniec Pierwszy 44;647;157;157;4;153;24.27;2.55;633;288;288;8;280;45.50;2.78
48704;060212;4;Szkoła Podstawowa 23-420 Różaniec, Różaniec Drugi 171;535;115;115;2;113;21.50;1.74;538;280;280;5;275;52.04;1.79
48705;060212;5;Szkoła Podstawowa 23-420 Tarnogród ul. 1 Maja 7;856;231;231;9;222;26.99;3.90;827;441;441;11;430;53.33;2.49
48706;060212;6;Środowiskowy Dom Samopomocy 23-420 Tarnogród ul. Szkolna 5;1080;277;277;7;270;25.65;2.53;1051;500;500;7;493;47.57;1.40
48707;060212;7;Tarnogrodzki Ośrodek Kultury 23-420 Tarnogród ul. Rynek 18;886;236;236;10;226;26.64;4.24;872;434;434;13;421;49.77;3.00
48708;060212;8;Szkoła Podstawowa 23-420 Wola Różaniecka 158;592;151;151;3;148;25.51;1.99;591;318;318;13;305;53.81;4.09
90285;060212;9;Szpital w Tarnogrodzie 23-420 Tarnogród Rynek 85;51;7;7;1;6;13.73;14.29;60;10;10;2;8;16.67;20.00
48709;060213;1;Szkoła Podstawowa 23-407 Lipowiec 100;449;62;62;1;61;13.81;1.61;442;178;178;5;173;40.27;2.81
48710;060213;2;Budynek Biblioteki Publicznej Gminy Tereszpol 23-407 Tereszpol-Zaorenda ul. Długa 309;1226;219;219;8;211;17.86;3.65;1233;552;552;20;532;44.77;3.62
48711;060213;3;Świetlica wiejska 23-407 Tereszpol-Zygmunty 96;601;108;108;3;105;17.97;2.78;608;248;248;10;238;40.79;4.03
48712;060213;4;Zespół Szkół Samorządowych 23-407 Tereszpol-Kukiełki 31;933;165;165;6;159;17.68;3.64;913;379;379;22;357;41.51;5.80
48713;060214;1;Zespół Szkolno - Przedszkolny 23-465 Turobin ul. Piłsudskiego 34;1134;324;324;9;315;28.57;2.78;1098;609;609;9;600;55.46;1.48
48714;060214;2;Urząd Gminy 23-465 Turobin ul. Rynek 4;826;211;211;5;206;25.54;2.37;811;401;401;9;392;49.45;2.24
48715;060214;3;Remiza OSP 23-465 Tarnawa Duża 62A;316;59;59;2;57;18.67;3.39;308;129;129;2;127;41.88;1.55
48716;060214;4;Remiza OSP 23-465 Guzówka-Kolonia 81;404;104;104;4;100;25.74;3.85;385;195;195;10;185;50.65;5.13
48717;060214;5;Remiza OSP 23-465 Żabno 44B;502;101;101;1;100;20.12;0.99;497;218;218;8;210;43.86;3.67
48718;060214;6;Szkoła Podstawowa 23-465 Gródki Drugie 100;441;109;109;1;108;24.72;0.92;441;227;227;9;218;51.47;3.96
48719;060214;7;Remiza OSP 23-465 Huta Turobińska 35;511;116;116;2;114;22.70;1.72;494;228;228;5;223;46.15;2.19
48720;060214;8;Szkoła Podstawowa 23-465 Czernięcin Główny 159;514;108;108;0;108;21.01;0.00;504;275;276;3;272;54.56;1.09
48721;060214;9;Remiza OSP 23-465 Gaj Czernięciński 13;694;135;135;5;130;19.45;3.70;689;332;332;6;326;48.19;1.81
48722;060214;10;Remiza OSP 23-465 Nowa Wieś 5;233;37;37;1;36;15.88;2.70;229;96;96;2;94;41.92;2.08
48723;060301;1;Budynek PKP 22-170 Rejowiec Fabryczny ul. Kolejowa 12;991;155;155;5;150;15.64;3.23;997;366;366;13;353;36.71;3.55
48724;060301;2;Zespół Szkół Samorządowych 22-170 Rejowiec Fabryczny ul. Lubelska 18;1205;196;196;6;190;16.27;3.06;1225;433;433;10;423;35.35;2.31
48725;060301;3;Centrum Aktywności Społeczno-Gospodarczej „Stara Kotłownia” 22-170 Rejowiec Fabryczny, Majdan ul. Wschodnia 32;1491;292;292;5;287;19.58;1.71;1486;655;655;17;638;44.08;2.60
48726;060302;1;Urząd Gminy 22-135 Białopole ul. Chełmska 1;1385;230;230;10;220;16.61;4.35;1381;499;499;24;475;36.13;4.81
48727;060302;2;Świetlica wiejska 22-135 Raciborowice 31;546;81;81;2;79;14.84;2.47;534;186;186;7;179;34.83;3.76
48728;060302;3;Publiczna Szkoła Podstawowa 22-135 Strzelce 43B;678;130;130;5;125;19.17;3.85;656;239;239;11;228;36.43;4.60
48729;060303;1;Świetlica w Srebrzyszczu 22-100 Srebrzyszcze 52;871;166;166;10;156;19.06;6.02;855;316;316;12;304;36.96;3.80
48730;060303;2;Zespół Szkół w Okszowie 22-105 Okszów ul. Chełmska 14;1364;344;344;5;339;25.22;1.45;1383;656;656;16;640;47.43;2.44
48731;060303;3;Dom Pomocy Społecznej w Nowinach 22-105 Nowiny 31;245;69;69;2;67;28.16;2.90;250;95;95;9;86;38.00;9.47
48732;060303;4;Świetlica w Wólce Czułczyckiej 22-106 Wólka Czułczycka 46;209;21;21;0;21;10.05;0.00;216;71;71;0;71;32.87;0.00
48733;060303;5;Świetlica w Horodyszczu 22-151 Horodyszcze 43b;800;195;195;4;191;24.38;2.05;785;325;325;9;316;41.40;2.77
48734;060303;6;Zespół Szkół w Stawie 22-151 Staw 72;817;144;144;7;137;17.63;4.86;844;292;292;8;284;34.60;2.74
48735;060303;7;Zespół Szkół w Stołpiu 22-151 Nowosiółki-Kolonia 54;731;107;107;1;106;14.64;0.93;737;266;266;4;262;36.09;1.50
48736;060303;8;Multimedialne Centrum Informacyjno-Dydaktyczne Gminy Chełm w Janowie 22-151 Janów ul. Balladyny 5;424;111;111;3;108;26.18;2.70;442;231;231;1;230;52.26;0.43
48737;060303;9;Urząd Gminy Chełm 22-100 Pokrówka ul. Gminna 18;907;210;210;4;206;23.15;1.90;929;468;468;7;461;50.38;1.50
48738;060303;10;Świetlica Gospodarstwa Gruntów Marginalnych i Mieszkaniowych Zasobu WłasnościRolnej Skarbu Państaw w Pokrówce, 22-100 Pokrówka ul. Wiosenna 4;562;113;113;4;109;20.11;3.54;560;259;259;9;250;46.25;3.47
48739;060303;11;Ośrodek Kultury Gminy Chełm w Żółtańcach 22-100 Żółtańce 44b;229;51;51;1;50;22.27;1.96;230;107;107;4;103;46.52;3.74
48740;060303;12;Zespół Szkół w Żółtańcach 22-100 Żółtańce-Kolonia ul. Metalowa 89;459;134;134;2;132;29.19;1.49;474;266;266;5;261;56.12;1.88
48741;060303;13;Zespół Szkół w Strupinie Dużym 22-100 Strupin Duży 122;822;211;211;3;208;25.67;1.42;844;367;367;10;357;43.48;2.72
48742;060303;14;Centrum Kulturalno-Sportowe Gminy Chełm w Rożdżałowie 22-100 Rożdżałów 118a;495;110;110;6;104;22.22;5.45;494;194;194;5;189;39.27;2.58
48743;060303;15;Świetlica w Depułtyczach Królewskich-Kolonii 22-100 Depułtycze Królewskie-Kolonia 18;416;118;118;4;114;28.37;3.39;413;195;195;10;185;47.22;5.13
48744;060303;16;Remiza Ochotniczej Straży Pożarnej w Starych Depułtyczach 22-100 Stare Depułtycze 10b;358;79;79;2;77;22.07;2.53;359;141;141;1;140;39.28;0.71
48745;060303;17;Zespół Szkół w Uhrze 22-100 Uher 32;707;185;185;6;179;26.17;3.24;704;312;312;13;299;44.32;4.17
48746;060303;18;Świetlica w Zawadówce 22-100 Zawadówka 25c;684;170;170;8;162;24.85;4.71;681;308;308;5;303;45.23;1.62
48747;060304;1;Wiejski Ośrodek Kultury w Brzeźnie 22-174 Brzeźno 3;921;179;179;8;171;19.44;4.47;911;343;343;9;334;37.65;2.62
48748;060304;2;Wiejski Ośrodek Kultury w Wólce Okopskiej 22-174 Wólka Okopska 67;649;130;130;7;123;20.03;5.38;639;289;289;15;274;45.23;5.19
48749;060304;3;Szkoła Podstawowa w Świerżach 22-175 Świerże ul.Jana Pawła II 59;635;119;119;6;113;18.74;5.04;622;250;250;12;238;40.19;4.80
48750;060304;4;Środowiskowy Dom Samopomocy „Cytrynka” w Dorohusku 22-175 Dorohusk-Osada ul.I Armii Wojska Polskiego 25;774;117;117;4;113;15.12;3.42;763;275;275;14;261;36.04;5.09
48751;060304;5;Zespół Szkół Ogólnokształcących w Dorohusku 22-175 Dorohusk-Osada I Armii Wojska Polskiego 49;1205;272;272;10;262;22.57;3.68;1182;557;557;16;541;47.12;2.87
48752;060304;6;Świetlica KGW w Turce 22-175 Turka 2;658;110;110;1;109;16.72;0.91;636;228;228;12;216;35.85;5.26
48753;060304;7;Świetlica Wiejska w Michałówce 22-175 Michałówka 78;668;85;85;6;79;12.72;7.06;649;241;241;17;224;37.13;7.05
48754;060305;1;Swietlica Wiejska Siedliszcze 22-145 Siedliszcze 61;528;115;115;5;110;21.78;4.35;526;171;171;8;163;32.51;4.68
48755;060305;2;Gminny Zespół Szkół 22-145 Dubienka ul. 3 Maja 4;1220;224;224;3;221;18.36;1.34;1198;442;442;18;424;36.89;4.07
48756;060305;3;Remiza OSP 22-145 Skryhiczyn 78;401;74;74;5;69;18.45;6.76;373;132;132;7;125;35.39;5.30
48757;060306;1;Szkoła Podstawowa 22-113 Czerniejów 8;370;36;36;3;33;9.73;8.33;371;115;115;5;110;31.00;4.35
48758;060306;2;Szkoła Podstawowa 22-113 Kamień - Kolonia 55;1524;297;297;9;288;19.49;3.03;1540;622;622;15;607;40.39;2.41
48759;060306;3;Świetlica Wiejska 22-113 Pławanice 33C;290;75;75;2;73;25.86;2.67;292;127;127;7;120;43.49;5.51
48760;060306;4;Świetlica Wiejska 22-113 Strachosław 77A;581;130;130;6;124;22.38;4.62;592;258;258;6;252;43.58;2.33
48761;060306;5;Świetlica Wiejska 22-113 Wolawce 41;522;94;94;6;88;18.01;6.38;526;205;205;5;200;38.97;2.44
48762;060307;1;Świetlica Wiejska w Poniatówce 22-122 Wygnańce 32;381;60;60;1;59;15.75;1.67;377;134;134;6;128;35.54;4.48
48763;060307;2;Szkoła Podstawowa w Leśniowicach 22-122 Leśniowice 24B;1058;150;150;6;144;14.18;4.00;1036;315;315;7;308;30.41;2.22
48764;060307;3;Szkoła Podstawowa w Rakołupach 22-122 Rakołupy Duże 5A;661;122;122;7;115;18.46;5.74;656;250;250;9;241;38.11;3.60
48765;060307;4;Publiczne Gimnazjum w Sielcu 22-122 Sielec 67A;654;131;131;5;126;20.03;3.82;649;230;230;5;225;35.44;2.17
48766;060307;5;Budynek po byłej szkole w Kumowie Plebańskim 22-122 Kumów Plebański 1;413;115;115;5;110;27.85;4.35;404;162;162;9;153;40.10;5.56
48767;060308;1;Świetlica Wiejska 22-170 Kanie 119f;969;159;159;8;151;16.41;5.03;968;363;363;11;352;37.50;3.03
48768;060308;2;Szkoła Podstawowa 22-170 Krasne 31;567;52;52;2;50;9.17;3.85;557;161;161;8;153;28.90;4.97
48769;060308;3;Gminny Ośrodek Kultury 22-170 Pawłów ul. Lubelska 23a;807;131;131;3;128;16.23;2.29;810;257;257;4;253;31.73;1.56
48770;060308;4;Zespół Szkół w Lisznie 22-170 Liszno 52;1238;214;214;13;201;17.29;6.07;1239;517;517;23;494;41.73;4.45
48771;060309;1;Gminny Ośrodek Kultury 22-110 Ruda-Kolonia 28a;620;139;139;4;135;22.42;2.88;611;202;202;14;188;33.06;6.93
48772;060309;2;Zespół Szkół w Rudzie - Hucie 22-110 Ruda-Huta ul. Stanisława Wójtowicza 9;1781;406;406;28;378;22.80;6.90;1750;685;685;25;660;39.14;3.65
48773;060309;3;Budynek byłej Szkoły Podstawowej 22-110 Leśniczówka 14;620;107;107;5;102;17.26;4.67;609;224;224;11;213;36.78;4.91
48774;060309;4;Świetlica Wiejska 22-110 Żalin 76a;494;126;126;6;120;25.51;4.76;479;149;149;13;136;31.11;8.72
48775;060309;5;Centrum Kultury 22-110 Rudka 58;274;50;50;3;47;18.25;6.00;267;67;67;2;65;25.09;2.99
48776;060310;1;Chutcze - świetlica 22-107 Chutcze 36;273;42;42;3;39;15.38;7.14;277;107;107;3;104;38.63;2.80
48777;060310;2;Łowcza-Kolonia -świetlica 22-107 Łowcza-Kolonia 39;707;106;106;10;96;14.99;9.43;701;252;252;6;246;35.95;2.38
48778;060310;3;Bukowa Wielka-Szkoła Podstawowa 22-107 Bukowa Wielka 34;631;117;117;9;108;18.54;7.69;617;209;209;6;203;33.87;2.87
48779;060310;4;Łukówek-świetlica 22-107 Łukówek 50;275;71;71;4;67;25.82;5.63;268;101;101;3;98;37.69;2.97
48780;060310;5;Czułczyce-Szkoła Podstawowa 22-107 Czułczyce 71;1024;211;211;10;201;20.61;4.74;1038;377;377;18;359;36.32;4.77
48781;060310;6;Sawin 22-107 Sawin Chutecka 12 lokal: -lokal Urzędu Gminy Sawin;1754;359;359;12;347;20.47;3.34;1771;731;731;31;700;41.28;4.24
48782;060311;1;Szkoła Podstawowa 22-130 Chojno Nowe Pierwsze 23;867;46;46;3;43;5.31;6.52;862;185;185;12;173;21.46;6.49
48783;060311;2;Świetlica 22-130 Chojeniec 26;331;60;60;5;55;18.13;8.33;328;94;94;10;84;28.66;10.64
48784;060311;3;Świetlica 22-130 Anusin 24;477;94;94;5;89;19.71;5.32;466;158;158;11;147;33.91;6.96
48785;060311;4;Szkoła Podstawowa 22-130 Wola Korybutowa-Kolonia 27A;400;49;49;0;49;12.25;0.00;393;153;153;8;145;38.93;5.23
48786;060311;5;Warsztat Terapii Zajęciowej 22-130 Majdan Zahorodyński 1 lokal: 1;443;67;67;4;63;15.12;5.97;438;134;134;8;126;30.59;5.97
48787;060311;6;Świetlica 22-130 Kulik 66;400;43;43;2;41;10.75;4.65;394;116;116;4;112;29.44;3.45
48788;060311;7;Świetlica 22-130 Mogilnica 49 lokal: 4;443;60;60;6;54;13.54;10.00;453;104;104;6;98;22.96;5.77
48789;060311;8;Szkoła Podstawowa 22-130 Bezek 59;553;60;60;5;55;10.85;8.33;541;173;173;4;169;31.98;2.31
48790;060311;9;Świetlica 22-130 Adolfin 15;262;44;44;0;44;16.79;0.00;259;86;86;1;85;33.20;1.16
48791;060311;10;Sala posiedzeń w Urzędzie Gminy 22-130 Siedliszcze Szpitalna 15A;1448;305;305;11;294;21.06;3.61;1433;569;569;13;556;39.71;2.28
48792;060312;1;Gminna Biblioteka Publiczna w Wierzbicy Filia w Ochoży 22-150 Ochoża 50;234;44;44;1;43;18.80;2.27;235;83;83;2;81;35.32;2.41
48793;060312;2;Wiejskie Centrum Kulturalno-Rekreacyjne w Olchowcu 22-150 Olchowiec 39a;347;59;59;4;55;17.00;6.78;350;122;122;5;117;34.86;4.10
48794;060312;3;Budynek byłej szkoły 22-150 Syczyn 36;374;79;79;3;76;21.12;3.80;384;144;144;15;129;37.50;10.42
48795;060312;4;Urząd Gminy Wierzbica 22-150 Wierzbica-Osiedle ul.Włodawska 1;2153;474;474;22;452;22.02;4.64;2145;897;897;44;853;41.82;4.91
48796;060312;5;Wiejski Dom Kultury w Chylinie 22-150 Chylin 31a;288;77;77;3;74;26.74;3.90;287;120;120;4;116;41.81;3.33
48797;060312;6;Szkoła Filialna w Wólce Tarnowskiej 22-150 Wólka Tarnowska 53b;627;101;101;11;90;16.11;10.89;603;226;226;20;206;37.48;8.85
48798;060312;7;Szkoła Podstawowa w Święcicy 22-150 Święcica 58;273;48;48;0;48;17.58;0.00;264;106;106;2;104;40.15;1.89
48799;060313;1;Remiza OSP 22-120 Turowiec 35;637;143;143;8;135;22.45;5.59;652;223;223;12;211;34.20;5.38
48800;060313;2;Remiza OSP 22-120 Rozięcin 41;432;97;97;2;95;22.45;2.06;419;172;172;7;165;41.05;4.07
48801;060313;3;Dom Kultury 22-120 Wojsławice Uchańska 9;1385;296;296;4;292;21.37;1.35;1386;599;599;19;580;43.22;3.17
48802;060313;4;Remiza OSP 22-120 Stary Majdan 40;471;67;67;3;64;14.23;4.48;464;116;116;2;114;25.00;1.72
48803;060313;5;Budynek komunalny 22-120 Majdan Ostrowski 100;394;63;63;4;59;15.99;6.35;386;113;113;6;107;29.27;5.31
48804;060314;1;Świetlica wiejska 22-114 Roztoka 14;540;142;142;6;136;26.30;4.23;539;210;210;5;205;38.96;2.38
48805;060314;2;Szkoła Podstawowa 22-114 Żmudź-Kolonia 10;1308;268;268;9;259;20.49;3.36;1313;480;480;16;464;36.56;3.33
48806;060314;3;Szkoła Podstawowa 22-114 Leszczany 21;808;116;116;3;113;14.36;2.59;827;256;256;5;251;30.96;1.95
48807;060315;1;Lokal po byłej Szkole Podstawowej 22-360 Niedziałowice Pierwsze 29 lokal: 8;485;76;76;7;69;15.67;9.21;471;160;160;8;152;33.97;5.00
48808;060315;2;Budynek Gminnej Biblioteki Publicznej 22-360 Rejowiec ul. Zwierzyńskiego 8C;1542;277;277;19;258;17.96;6.86;1516;636;636;19;617;41.95;2.99
48809;060315;3;Lokal po byłej Szkole Podstawowej 22-360 Marynin 1;913;98;98;5;93;10.73;5.10;905;299;299;8;291;33.04;2.68
48810;060315;4;Szkoła Podstawowa 22-360 Leonów 3;835;72;72;5;67;8.62;6.94;831;227;227;16;211;27.32;7.05
48811;060315;5;Szkoła Podstawowa 22-360 Zawadówka 45;358;62;62;2;60;17.32;3.23;355;109;109;14;95;30.70;12.84
48812;060315;6;Świetlica Wiejska 22-360 Adamów 27A;457;82;82;1;81;17.94;1.22;450;129;129;2;127;28.67;1.55
48813;060315;7;Gminny Ośrodek Kultury 22-360 Rejowiec ul. Fabryczna 13;810;104;104;6;98;12.84;5.77;810;276;276;10;266;34.07;3.62
48814;060401;1;Przedszkole nr 3 22-500 Hrubieszów ul. Konopnickiej 4;1043;229;229;6;223;21.96;2.62;1051;505;505;10;495;48.05;1.98
48815;060401;2;Zespół Szkół Miejskich nr 2 22-500 Hrubieszów ul. Żeromskiego 29;2062;449;449;7;442;21.77;1.56;2078;1029;1029;22;1007;49.52;2.14
48816;060401;3;Świetlica osiedlowa Osiedla „Jagiellońskie” 22-500 Hrubieszów ul. Unii Horodelskiej 19;1060;209;209;4;205;19.72;1.91;1036;474;474;12;462;45.75;2.53
48817;060401;4;Zespół Szkół Miejskich nr 3 22-500 Hrubieszów ul. Zamojska 16;1026;243;243;6;237;23.68;2.47;1030;491;491;12;479;47.67;2.44
48818;060401;5;Powiatowy Zespół Placówek Szkolno - Wychowawczych 22-500 Hrubieszów ul. Zamojska 16 A;1014;216;216;5;211;21.30;2.31;998;453;453;9;444;45.39;1.99
48819;060401;6;Agencja Restrukturyzacji i Modernizacji Rolnictwa Biuro Powiatowe 22-500 Hrubieszów ul. Nowa 14;1963;310;310;9;301;15.79;2.90;1902;746;746;21;725;39.22;2.82
48820;060401;7;Dom Nauczyciela 22-500 Hrubieszów ul. 3-go Maja. 37;1038;204;204;6;198;19.65;2.94;1019;419;419;7;412;41.12;1.67
48821;060401;8;Hrubieszowski Dom Kultury 22-500 Hrubieszów ul. 3-go Maja 7;1024;230;230;1;229;22.46;0.43;1020;467;467;9;458;45.78;1.93
48822;060401;9;Przedsiębiorstwo Gospodarki Komunalnej i Mieszkaniowej Spółka z o. o. 22-500 Hrubieszów ul. Krucza 20;955;197;197;2;195;20.63;1.02;935;405;405;8;397;43.32;1.98
48823;060401;10;Spółdzielczy Klub Kultury „Słoneczko” 22-500 Hrubieszów ul. Polna 19;1018;226;226;4;222;22.20;1.77;965;420;420;15;405;43.52;3.57
48824;060401;11;Przedszkole nr 5 22-500 Hrubieszów ul. Listopadowa 6;951;202;202;10;192;21.24;4.95;927;436;436;9;427;47.03;2.06
48825;060401;12;Przedszkole nr 1 22-500 Hrubieszów ul. Listopadowa 13;937;205;205;2;203;21.88;0.98;914;437;437;3;434;47.81;0.69
48826;060401;13;Zespół Szkół Miejskich nr 1 22-500 Hrubieszów ul. Listopadowa 12;1026;275;275;8;267;26.80;2.91;1000;485;485;13;472;48.50;2.68
90286;060401;14;Samodzielny Publiczny Zespół Opieki Zdrowotnej w Hrubieszowie- szpital 22-500 Hrubieszów ul. Piłsudskiego 11;265;11;11;2;9;4.15;18.18;335;82;82;6;76;24.48;7.32
90287;060401;15;Zakład Karny w Hrubieszowie 22-500 Hrubieszów ul. Nowa 64;453;143;143;15;128;31.57;10.49;371;165;165;33;132;44.47;20.00
48827;060402;1;Sala Konferencyjna Urzędu Gminy 22-540 Dołhobyczów ul. Spółdzielcza 2a;1309;314;314;5;309;23.99;1.59;1272;542;542;21;521;42.61;3.87
48828;060402;2;Remiza Strażacka 22-540 Witków 119;393;45;45;0;45;11.45;0.00;396;123;123;7;116;31.06;5.69
48829;060402;3;Świetlica wiejska 22-540 Gołębie 38 lokal: /3;305;39;39;3;36;12.79;7.69;292;104;104;5;99;35.62;4.81
48830;060402;4;Warsztaty Terapii Zajęciowej 22-540 Oszczów-Kolonia 30;626;93;93;1;92;14.86;1.08;611;217;217;6;211;35.52;2.76
48831;060402;5;Zespół Szkół 22-540 Hulcze 37;765;111;111;4;107;14.51;3.60;769;243;243;6;237;31.60;2.47
48832;060402;6;Remiza Strażacka 22-540 Chłopiatyn 8;422;69;69;2;67;16.35;2.90;423;136;136;7;129;32.15;5.15
48833;060402;7;Dom Kultury 22-540 Przewodów 24;845;76;76;5;71;8.99;6.58;815;191;191;10;181;23.44;5.24
48834;060402;8;Świetlica Wiejska 22-540 Horoszczyce 117;245;34;34;2;32;13.88;5.88;239;78;78;6;72;32.64;7.69
48835;060403;1;Gminny Ośrodek Kultury 22-523 Horodło ul. Hrubieszowska 1;1437;228;228;9;219;15.87;3.95;1415;480;480;19;461;33.92;3.96
48836;060403;2;Budynek Szkoły Podstawowej 22-523 Kopyłów 14;367;39;39;2;37;10.63;5.13;350;86;86;6;80;24.57;6.98
48837;060403;3;Świetlica Wiejska 22-523 Bereżnica 65;690;66;66;6;60;9.57;9.09;669;173;173;7;166;25.86;4.05
48838;060403;4;Świetlica Wiejska 22-523 Łuszków 28;592;88;88;4;84;14.86;4.55;568;197;199;8;189;34.68;4.06
48839;060403;5;Świetlica Wiejska 22-525 Strzyżów ul. Herbowa 13;1464;262;262;10;252;17.90;3.82;1439;545;545;18;527;37.87;3.30
48840;060404;1;Świetlica 22-500 Czerniczyn 125;1177;224;224;8;216;19.03;3.57;1173;447;447;11;436;38.11;2.46
48841;060404;2;Szkoła Podstawowa 22-500 Ślipcze 55;508;73;73;3;70;14.37;4.11;505;166;166;6;160;32.87;3.61
48842;060404;3;Szkoła Podstawowa 22-500 Kosmów 72;608;98;98;9;89;16.12;9.18;598;194;194;12;182;32.44;6.19
48843;060404;4;Szkoła Podstawowa 22-500 Mieniany 50;426;65;65;3;62;15.26;4.62;415;128;128;8;120;30.84;6.25
48844;060404;5;Gminne Gimnazjum 22-500 Kozodawy 83;496;83;83;1;82;16.73;1.20;504;190;190;2;188;37.70;1.05
48845;060404;6;Urząd Gminy Hrubieszów 22-500 Hrubieszów ul. B.Prusa 8;759;116;116;8;108;15.28;6.90;762;277;277;5;272;36.35;1.81
48846;060404;7;Szkoła Podstawowa 22-500 Husynne 118;670;107;107;4;103;15.97;3.74;663;240;240;10;230;36.20;4.17
48847;060404;8;Szkoła Podstawowa 22-500 Dziekanów 55;612;98;98;2;96;16.01;2.04;624;232;232;8;224;37.18;3.45
48848;060404;9;Szkoła Podstawowa 22-500 Szpikołosy 34;979;186;186;5;181;19.00;2.69;981;397;397;13;384;40.47;3.27
48849;060404;10;Świetlica 22-500 Moniatycze 81;1267;250;250;11;239;19.73;4.40;1251;527;527;21;506;42.13;3.98
48850;060404;11;Szkoła Podstawowa 22-500 Stefankowice 26;626;90;90;2;88;14.38;2.22;623;212;212;6;206;34.03;2.83
48851;060404;12;Świetlica 22-500 Ubrodowice 46;333;86;86;5;81;25.83;5.81;332;138;138;9;129;41.57;6.52
48852;060405;1;Samorządowy Zespół Szkół w Mirczu 22-530 Mircze ul. Kryłowska 27;1247;189;189;4;185;15.16;2.12;1232;479;479;12;467;38.88;2.51
48853;060405;2;Świetlica Wiejska w Smoligowie 22-530 Smoligów 75;373;51;51;2;49;13.67;3.92;372;134;134;2;132;36.02;1.49
48854;060405;3;Środowiskowy Dom Samopomocy w Modryniu 22-530 Modryń 65;858;135;135;4;131;15.73;2.96;854;311;311;32;279;36.42;10.29
48855;060405;4;Szkoła Podstawowa w Szychowicach 22-530 Szychowice ul. Parkowa 39;424;45;45;4;41;10.61;8.89;430;143;143;9;134;33.26;6.29
48856;060405;5;Szkoła Podstawowa w Małkowie 22-530 Małków 39;401;50;50;4;46;12.47;8.00;400;138;138;7;131;34.50;5.07
48857;060405;6;Zespół Szkół w Kryłowie 22-530 Kryłów ul. Hrubieszowska 4;823;135;135;3;132;16.40;2.22;825;366;366;5;361;44.36;1.37
48858;060405;7;Szkoła Podstawowa w Wiszniowie 22-530 Wiszniów 61;454;70;70;2;68;15.42;2.86;441;142;142;9;133;32.20;6.34
48859;060405;8;Świetlica Wiejska w Starej Wsi 22-530 Stara Wieś 97;513;89;89;7;82;17.35;7.87;520;179;182;5;174;34.42;2.79
48860;060405;9;Świetlica Wiejska w Mołożowie 22-530 Mołożów 77a;516;70;70;0;70;13.57;0.00;508;175;175;8;167;34.45;4.57
48861;060405;10;Budynek byłej Szkoły Podstawowej w Mietkiem 22-530 Miętkie 51;647;66;66;6;60;10.20;9.09;638;226;226;8;218;35.42;3.54
90288;060405;11;Niepubliczny Zakład Opiekuńczo-Leczniczy „Droga Życia” w Smoligowie 22-530 Smoligów 71;186;46;46;2;44;24.73;4.35;208;34;34;1;33;16.35;2.94
48862;060406;1;Gminny Ośrodek Kultury 22-554 Trzeszczany Pierwsze 194;1241;184;184;10;174;14.83;5.43;1199;483;483;14;469;40.28;2.90
48863;060406;2;Szkoła Podstawowa 22-554 Mołodiatycze 86;688;70;70;0;70;10.17;0.00;669;239;239;5;234;35.72;2.09
48864;060406;3;Szkoła Podstawowa 22-554 Nieledew 32;1798;297;297;15;282;16.52;5.05;1739;699;699;29;670;40.20;4.15
48865;060407;1;Gminny Ośrodek Kultury 22-510 Uchanie ul. Partyzantów 1;1006;230;230;11;219;22.86;4.78;990;417;417;13;404;42.12;3.12
48866;060407;2;Świetlica 22-510 Rozkoszówka 48;609;133;133;8;125;21.84;6.02;597;210;210;19;191;35.18;9.05
48867;060407;3;Gimnazjum 22-510 Jarosławiec 113;461;88;88;8;80;19.09;9.09;457;154;154;1;153;33.70;0.65
48868;060407;4;Świetlica 22-510 Drohiczany 45A;917;134;134;4;130;14.61;2.99;913;331;331;6;325;36.25;1.81
48869;060407;5;Szkoła Podstawowa 22-510 Teratyn 127;1070;228;228;3;225;21.31;1.32;1053;441;441;22;419;41.88;4.99
48870;060408;1;Gminny Ośrodek Kultury 22-550 Werbkowice ul. Piłsudskiego Józefa 2;1256;228;228;6;222;18.15;2.63;1252;545;545;27;518;43.53;4.95
48871;060408;2;Zespół Szkół 22-550 Werbkowice ul. Jana Pawła II 17;1239;283;283;14;269;22.84;4.95;1190;595;595;16;579;50.00;2.69
48872;060408;3;Szkoła Podstawowa 22-550 Podhorce 110;605;120;120;0;120;19.83;0.00;600;244;244;14;230;40.67;5.74
48873;060408;4;Szkoła Podstawowa 22-550 Gozdów 141;886;141;141;4;137;15.91;2.84;875;364;364;8;356;41.60;2.20
48874;060408;5;Szkoła Podstawowa 22-550 Hostynne-Kolonia 30;976;187;187;2;185;19.16;1.07;967;386;386;22;364;39.92;5.70
48875;060408;6;Szkoła Podstawowa 22-550 Malice 37;589;101;101;5;96;17.15;4.95;587;217;217;10;207;36.97;4.61
48876;060408;7;Szkoła Podstawowa 22-550 Terebiń 75;892;127;127;0;127;14.24;0.00;872;309;309;4;305;35.44;1.29
48877;060408;8;Szkoła Podstawowa 22-550 Honiatycze 104;482;107;107;4;103;22.20;3.74;472;166;166;10;156;35.17;6.02
48878;060408;9;Wiejski Dom Kultury 22-546 Turkowice 78;613;100;100;3;97;16.31;3.00;595;200;200;8;192;33.61;4.00
48879;060408;10;Zespół Szkół 22-546 Sahryń 62;616;73;73;4;69;11.85;5.48;602;184;184;8;176;30.56;4.35
48880;060501;1;Publiczna Szkoła Podstawowa 23-320 Aleksandrówka 28;433;193;193;3;190;44.57;1.55;418;294;294;4;290;70.33;1.36
48881;060501;2;Zespół Szkół 23-320 Batorz Pierwszy 80;1043;325;325;9;316;31.16;2.77;1039;566;566;5;561;54.48;0.88
48882;060501;3;Zespół Szkół 23-320 Błażek 196;781;148;148;2;146;18.95;1.35;770;380;380;7;373;49.35;1.84
48883;060501;4;Remiza Ochotniczej Straży Pożarnej 23-320 Stawce 61;531;93;93;5;88;17.51;5.38;511;217;217;10;207;42.47;4.61
48884;060502;1;Publiczna Szkoła Podstawowa w Chrzanowie 23-305 Chrzanów Chrzanów Pierwszy 81;759;249;249;3;246;32.81;1.20;749;475;475;2;473;63.42;0.42
48885;060502;2;Urząd Gminy Chrzanów (sala narad) 23-305 Chrzanów Chrzanów Trzeci 112;578;192;192;2;190;33.22;1.04;570;360;360;12;348;63.16;3.33
48886;060502;3;Publiczna Szkoła Podstawowa w Ładzie 23-305 Łada 118;705;207;207;4;203;29.36;1.93;690;366;366;6;360;53.04;1.64
48887;060502;4;Publiczna Szkoła Podstawowa w Otroczu 23-305 Otrocz 32;453;143;143;5;138;31.57;3.50;451;255;255;7;248;56.54;2.75
48888;060503;1;Zespół Szkół 23-304 Dzwola 121B;1121;324;324;2;322;28.90;0.62;1123;613;613;16;597;54.59;2.61
48889;060503;2;Zespół Szkół 23-304 Krzemień Pierwszy 192;1469;276;276;7;269;18.79;2.54;1463;710;710;17;693;48.53;2.39
48890;060503;3;Publiczna Szkoła Podstawowa 23-304 Branew, Branew Szlachecka 19;682;247;247;6;241;36.22;2.43;673;389;389;6;383;57.80;1.54
48891;060503;4;Zespół Szkół 23-304 Kocudza Pierwsza 29;1648;556;556;12;544;33.74;2.16;1633;869;869;13;856;53.21;1.50
48892;060503;5;Publiczna Szkoła Podstawowa 23-304 Zdzisławice 51;424;144;144;9;135;33.96;6.25;421;215;215;5;210;51.07;2.33
48893;060504;1;Gminne Centrum Kultury i Promocji 23-302 Godziszów, Godziszów Trzeci 124a;1705;685;685;5;680;40.18;0.73;1670;1039;1039;21;1018;62.22;2.02
48894;060504;2;Publiczna Szkoła Podstawowa 23-302 Andrzejów 163;536;163;163;1;162;30.41;0.61;525;325;325;5;320;61.90;1.54
48895;060504;3;Publiczna Szkoła Podstawowa 23-302 Piłatka 84;265;85;85;1;84;32.08;1.18;260;177;177;3;174;68.08;1.69
48896;060504;4;Gminne Centrum Kultury i Promocji 23-306 Zdziłowice, Zdziłowice Drugie 109;1225;502;502;11;491;40.98;2.19;1215;824;824;15;809;67.82;1.82
48897;060504;5;Zespół Szkół 23-302 Wólka Ratajska 146;1164;530;530;5;525;45.53;0.94;1164;804;804;8;796;69.07;1.00
48898;060505;1;Komenda Powiatowa Państwowej Straży Pożarnej 23-300 Janów Lubelski ul. Piłsudskiego 56;2029;601;601;12;589;29.62;2.00;1947;1063;1063;16;1047;54.60;1.51
48899;060505;2;Zespół Szkół Zawodowych 23-300 Janów Lubelski ul. Ogrodowa 20;1611;398;398;10;388;24.71;2.51;1570;755;755;19;736;48.09;2.52
48900;060505;3;Ośrodek Pomocy Społecznej 23-300 Janów Lubelski ul. Bohaterów Porytowego Wzgórza 23;1836;525;525;4;521;28.59;0.76;1788;1025;1025;6;1019;57.33;0.59
48901;060505;4;Dom Pomocy Społecznej 23-300 Janów Lubelski ul. Wiejska 12;1643;365;365;8;357;22.22;2.19;1557;764;764;18;746;49.07;2.36
48902;060505;5;Liceum Ogólnokształcące im. Bohaterów Porytowego Wzgórza 23-300 Janów Lubelski ul. Jana Pawła II 1;1773;494;494;7;487;27.86;1.42;1794;1051;1051;9;1042;58.58;0.86
48903;060505;6;Gminna Spółdzielnia „Samopomoc Chłopska” 23-300 Janów Lubelski ul. Lubelska 1;1978;517;517;9;508;26.14;1.74;1956;1030;1030;20;1010;52.66;1.94
48904;060505;7;Szkoła Podstawowa 23-300 Łążek Ordynacki 205;399;64;64;5;59;16.04;7.81;412;151;151;5;146;36.65;3.31
48905;060505;8;Zespół Szkół 23-300 Biała Druga 142;1200;343;343;5;338;28.58;1.46;1185;686;686;3;683;57.89;0.44
48906;060505;9;Publiczna Szkoła Podstawowa 23-300 Momoty Górne 23;833;313;313;8;305;37.58;2.56;815;388;388;6;382;47.61;1.55
90289;060505;10;Samodzielny Publiczny Zespół Zakładów Opieki Zdrowotnej 23-300 Janów Lubelski ul. Zamoyskiego 149;93;27;27;3;24;29.03;11.11;250;63;63;7;56;25.20;11.11
90290;060505;11;Niepubliczny Zakład Pielęgnacyjno-Opiekuńczy 23-300 Janów Lubelski ul. Zamoyskiego 77;56;11;11;2;9;19.64;18.18;60;9;9;0;9;15.00;0.00
48907;060506;1;Zespół Szkół 23-310 Modliborzyce ul. Ogrodowa 2;1495;347;347;13;334;23.21;3.75;1482;767;767;34;733;51.75;4.43
48908;060506;2;Gminny Ośrodek Kultury 23-310 Modliborzyce ul. Zamkowa 1;1246;233;233;5;228;18.70;2.15;1232;583;583;19;564;47.32;3.26
48909;060506;3;Remiza OSP 23-310 Zarajec 51;395;89;89;7;82;22.53;7.87;380;182;182;8;174;47.89;4.40
48910;060506;4;Szkoła Podstawowa 23-310 Wolica Pierwsza 32;426;66;66;2;64;15.49;3.03;417;153;153;4;149;36.69;2.61
48911;060506;5;Zespół Placówek Oświatowych 23-310 Stojeszyn Pierwszy 5;887;182;182;2;180;20.52;1.10;882;390;390;11;379;44.22;2.82
48912;060506;6;Remiza OSP 23-310 Wierzchowiska Pierwsze 153;1453;329;329;22;307;22.64;6.69;1414;625;625;19;606;44.20;3.04
48913;060507;1;Zespół Szkół 23-313 Potok Wielki 104;1524;305;305;7;298;20.01;2.30;1518;625;625;21;604;41.17;3.36
48914;060507;2;Zespół Szkół 23-313 Potok-Stany 63;1335;348;348;7;341;26.07;2.01;1328;613;613;25;588;46.16;4.08
48915;060507;3;Zespół Szkół 23-313 Potoczek 42;1052;173;173;6;167;16.44;3.47;1038;420;420;14;406;40.46;3.33
48916;060601;1;Zespół Szkół nr 5 22-300 Krasnystaw ul. Mostowa 14;938;161;161;4;157;17.16;2.48;0;0;0;0;0;NA;-99
48917;060601;2;Dom Pomocy Społecznej 22-300 Krasnystaw ul. Kwiatowa 1;1434;249;249;26;223;17.36;10.44;1290;567;567;13;554;43.95;2.29
48918;060601;3;Strażnica OSP Zastawie 22-300 Krasnystaw ul. Stokowa 74a;797;124;124;1;123;15.56;0.81;795;310;310;8;302;38.99;2.58
48919;060601;4;Specjalny Ośrodek Szkolno-Wychowawczy 22-300 Krasnystaw ul. PCK 2;868;190;190;1;189;21.89;0.53;839;366;366;6;360;43.62;1.64
48920;060601;5;Okręgowa Spółdzielnia Mleczarska 22-300 Krasnystaw ul. Borowa 4;1068;210;210;5;205;19.66;2.38;1051;512;512;8;504;48.72;1.56
48921;060601;6;Zespół Szkół nr 4 22-300 Krasnystaw ul. Marszałka Piłsudskiego 21;942;259;259;2;257;27.49;0.77;930;460;460;8;452;49.46;1.74
48922;060601;7;Zespół Szkół Nr 1 22-300 Krasnystaw ul. Poniatowskiego 37;1110;252;252;8;244;22.70;3.17;1097;536;536;7;529;48.86;1.31
48923;060601;8;Zespół Szkół Nr 1 22-300 Krasnystaw ul. Poniatowskiego 37;859;236;236;5;231;27.47;2.12;829;499;499;3;496;60.19;0.60
48924;060601;9;Krasnostawski Dom Kultury 22-300 Krasnystaw ul. Okrzei 10;1143;290;290;11;279;25.37;3.79;1101;547;549;19;528;49.68;3.47
48925;060601;10;Krasnostawski Dom Kultury 22-300 Krasnystaw ul. Okrzei 10;1009;170;170;4;166;16.85;2.35;976;422;422;9;413;43.24;2.13
48926;060601;11;Miejska Biblioteka Publiczna 22-300 Krasnystaw ul. Okrzei 23;1310;322;322;7;315;24.58;2.17;1273;635;635;11;624;49.88;1.73
48927;060601;12;Miejska Biblioteka Publiczna 22-300 Krasnystaw ul. Okrzei 23;997;201;201;9;192;20.16;4.48;957;431;431;19;412;45.04;4.41
48928;060601;13;Przedszkole nr 8 22-300 Krasnystaw ul. Tokarzewskiego 49;1335;264;264;1;263;19.78;0.38;1279;614;614;8;606;48.01;1.30
48929;060601;14;Zespół Szkół Społecznych 22-300 Krasnystaw ul. Odrodzenia 45;1335;328;328;5;323;24.57;1.52;1321;702;702;7;695;53.14;1.00
48930;060601;15;Zespół Szkół nr 4 22-300 Krasnystaw ul. Marszałka Piłsudskiego 21;910;158;158;2;156;17.36;1.27;934;446;446;12;434;47.75;2.69
90291;060601;16;Szpital SP ZOZ 22-300 Krasnystaw ul. Głowackiego 3;184;24;24;0;24;13.04;0.00;168;77;77;4;73;45.83;5.19
90292;060601;17;Areszt Śledczy 22-300 Krasnystaw ul. Poniatowskiego 27;223;79;79;15;64;35.43;18.99;239;82;82;11;71;34.31;13.41
48931;060602;1;Świetlica Wiejska 21-060 Fajsławice 107;1172;207;207;7;200;17.66;3.38;1162;531;531;17;514;45.70;3.20
48932;060602;2;Remiza OSP 21-060 Suchodoły 105;774;136;136;2;134;17.57;1.47;760;349;349;4;345;45.92;1.15
48933;060602;3;Zespół Dworsko-Parkowy 21-060 Siedliska Pierwsze 123;336;78;78;6;72;23.21;7.69;332;155;155;5;150;46.69;3.23
48934;060602;4;Zespół Szkół 21-060 Siedliska Drugie 190;684;146;146;3;143;21.35;2.05;673;341;341;11;330;50.67;3.23
48935;060602;5;Publiczna Szkoła Podstawowa 21-060 Boniewo 43;393;66;66;1;65;16.79;1.52;396;185;185;4;181;46.72;2.16
48936;060602;6;Remiza OSP 21-060 Wola Idzikowska 42;589;128;128;0;128;21.73;0.00;572;291;291;8;283;50.87;2.75
48937;060603;1;Centrum Społeczno-Kulturalne 22-315 Gorzków-Osada Nadrzeczna 4;1037;231;231;3;228;22.28;1.30;1009;419;419;10;409;41.53;2.39
48938;060603;2;Remiza OSP 22-315 Orchowiec 180;528;91;91;0;91;17.23;0.00;529;193;193;5;188;36.48;2.59
48939;060603;3;Budynek po byłej szkole 22-315 Wielkopole 80;465;86;86;6;80;18.49;6.98;463;195;195;9;186;42.12;4.62
48940;060603;4;Remiza OSP 22-315 Piaski Szlacheckie 25A;281;34;34;0;34;12.10;0.00;275;95;95;5;90;34.55;5.26
48941;060603;5;Remiza OSP 22-315 Borów 114;473;84;84;0;84;17.76;0.00;459;189;189;7;182;41.18;3.70
48942;060603;6;Remiza OSP 22-315 Antoniówka 38;121;18;18;0;18;14.88;0.00;114;55;55;2;53;48.25;3.64
48943;060603;7;Budynek po byłej szkole 22-315 Baranica 22;101;20;20;0;20;19.80;0.00;95;44;44;0;44;46.32;0.00
48944;060603;8;Budynek po byłej szkole 22-315 Bobrowe 81;178;41;41;1;40;23.03;2.44;169;74;74;1;73;43.79;1.35
48945;060604;1;Izbica 22-375 Izbica-Wieś Gminna 4;1564;291;291;14;277;18.61;4.81;1539;607;607;22;585;39.44;3.62
48946;060604;2;Wólka Orłowska Wiejski Dom Kultury 22-375 Wólka Orłowska 133;585;105;105;5;100;17.95;4.76;589;240;240;8;232;40.75;3.33
48947;060604;3;Orłów Drewniany Zespół Szkół 22-375 Orłów Drewniany 60A;678;72;72;4;68;10.62;5.56;683;248;248;13;235;36.31;5.24
48948;060604;4;Stryjów Strażnica OSP 22-375 Stryjów 176;711;125;125;4;121;17.58;3.20;698;273;273;9;264;39.11;3.30
48949;060604;5;Tarnogóra Samorządowy Ośrodek Kultury i Sportu 22-375 Tarnogóra Krakowskie Przedmieście 72;924;156;156;6;150;16.88;3.85;917;380;380;16;364;41.44;4.21
48950;060604;6;Tarnogóra-Kolonia Szkoła Podstawowa 22-375 Tarnogóra-Kolonia 72;569;59;59;1;58;10.37;1.69;569;237;237;12;225;41.65;5.06
48951;060604;7;Tarzymiechy Pierwsze Szkoła Podstawowa 22-375 Tarzymiechy Pierwsze 72;760;91;91;0;91;11.97;0.00;752;334;334;7;327;44.41;2.10
48952;060604;8;Wirkowice Drugie Szkoła Podstawowa 22-375 Wirkowice Drugie 20;810;129;129;4;125;15.93;3.10;814;294;294;15;279;36.12;5.10
48953;060604;9;Dworzyska Strażnica OSP 22-375 Dworzyska 60;456;70;70;3;67;15.35;4.29;459;184;184;4;180;40.09;2.17
48954;060605;1;Wiejski Dom Kultury w Niemienicach 22-300 Niemienice 57;357;28;28;1;27;7.84;3.57;353;116;116;6;110;32.86;5.17
48955;060605;2;Wiejski Dom Kultury w Niemienicach 22-300 Niemienice 57;294;41;41;0;41;13.95;0.00;298;133;133;4;129;44.63;3.01
48956;060605;3;Zespół Nr 3 Przedszkola, Szkoły Podstawowej i Gimnazjum w Krasnymstawie, ul. Krakowskie Przedmiescie 38 22-300 Krasnystaw Krakowskie Przedmieście 38;359;55;55;1;54;15.32;1.82;350;136;136;2;134;38.86;1.47
48957;060605;4;Szkoła Podstawowa w Jaślikowie 22-300 Jaślików 31;444;65;65;0;65;14.64;0.00;449;208;208;11;197;46.33;5.29
48958;060605;5;Gimnazjum Nr 2 w Zakręciu 22-300 Zakręcie 124D;393;77;77;0;77;19.59;0.00;394;172;172;2;170;43.65;1.16
48959;060605;6;Punkt Przedszkolny w Stężycy-Kolonii 22-300 Stężyca-Kolonia 85;593;94;94;1;93;15.85;1.06;565;213;213;9;204;37.70;4.23
48960;060605;7;Remiza OSP w Latyczowie 22-300 Latyczów 143;495;114;114;6;108;23.03;5.26;493;230;230;6;224;46.65;2.61
48961;060605;8;Zespół Nr 5 Gimnazjum i Szkoły Podstawowej w Krupem 22-302 Krupe 89;574;84;84;5;79;14.63;5.95;581;213;213;5;208;36.66;2.35
48962;060605;9;Remiza OSP w Czarnoziemi 22-302 Czarnoziem 36;260;48;48;3;45;18.46;6.25;256;110;110;5;105;42.97;4.55
48963;060605;10;Remiza OSP w Ostrowie Krupskim 22-302 Ostrów Krupski 56;254;30;30;0;30;11.81;0.00;234;79;79;1;78;33.76;1.27
48964;060605;11;Wiejski Dom Kultury w Bzitem 22-302 Bzite 127A;411;74;74;3;71;18.00;4.05;404;152;152;6;146;37.62;3.95
48965;060605;12;Świetlica Wiejska w Wincentowie 22-302 Wincentów 3;219;28;28;2;26;12.79;7.14;216;93;93;0;93;43.06;0.00
48966;060605;13;Zespół Nr 1 Gimnazjum i Szkoły Podstawowej w Siennicy Nadolnej 22-302 Siennica Nadolna 79A;637;88;88;2;86;13.81;2.27;652;269;269;4;265;41.26;1.49
48967;060605;14;Gminne Centrum Kultury w Krasnymstawie z/s w Siennicy Nadolnej 22-302 Siennica Nadolna 15G;610;130;130;6;124;21.31;4.62;580;280;280;4;276;48.28;1.43
48968;060605;15;Wiejski Dom Kultury w Siennicy Nadolnej 22-302 Siennica Nadolna 217;468;103;103;2;101;22.01;1.94;452;198;198;4;194;43.81;2.02
48969;060605;16;Zespół Nr 4 Gimnazjum i Szkoły Podstawowej w Małochwieju Dużym 22-300 Małochwiej Duży 82;510;96;96;1;95;18.82;1.04;505;220;220;6;214;43.56;2.73
48970;060605;17;Zespół Nr 4 Gimnazjum i Szkoły Podstawowej w Małochwieju Dużym 22-300 Małochwiej Duży 82;255;43;43;0;43;16.86;0.00;260;120;120;6;114;46.15;5.00
48971;060605;18;Dom Ludowy w Łanach 22-300 Łany 4;217;57;57;2;55;26.27;3.51;216;92;92;0;92;42.59;0.00
48972;060606;1;Remiza OSP 22-310 Bończa 85A;381;54;54;2;52;14.17;3.70;373;118;118;8;110;31.64;6.78
48973;060606;2;Urząd Gminy 22-310 Kraśniczyn Kościuszki 21;1138;229;229;16;213;20.12;6.99;1121;405;405;17;388;36.13;4.20
48974;060606;3;DPS 22-310 Żułów 13;191;87;87;5;82;45.55;5.75;193;112;112;1;111;58.03;0.89
48975;060606;4;Remiza OSP 22-310 Drewniki 27;165;38;38;1;37;23.03;2.63;160;57;57;0;57;35.62;0.00
48976;060606;5;Remiza OSP 22-310 Olszanka 25A;206;28;28;0;28;13.59;0.00;206;51;51;3;48;24.76;5.88
48977;060606;6;Remiza OSP 22-310 Czajki 53;271;53;53;3;50;19.56;5.66;265;100;100;4;96;37.74;4.00
48978;060606;7;Szkoła Podstawowa 22-310 Surhów 1;721;113;113;1;112;15.67;0.88;695;259;259;3;256;37.27;1.16
48979;060606;8;Remiza OSP 22-310 Chełmiec 50;139;46;46;4;42;33.09;8.70;137;71;71;2;69;51.82;2.82
48980;060606;9;Remiza OSP 22-310 Łukaszówka 18;67;26;26;0;26;38.81;0.00;67;28;28;1;27;41.79;3.57
90293;060606;10;Bończa-Kolonia DPS 22-310 Bończa-Kolonia 71;59;54;54;5;49;91.53;9.26;70;54;54;4;50;77.14;7.41
90294;060606;11;Surhów-Kolonia DPS 22-310 Surhów-Kolonia 3;42;17;17;3;14;40.48;17.65;36;17;17;4;13;47.22;23.53
48981;060607;1;Budynek biblioteki 22-351 Łopiennik Górny 1C;1495;192;192;8;184;12.84;4.17;1457;608;608;18;590;41.73;2.96
48982;060607;2;Remiza OSP 22-351 Krzywe 101;541;67;67;3;64;12.38;4.48;533;186;186;7;179;34.90;3.76
48983;060607;3;Budynek szkoły 22-351 Łopiennik Dolny 56;751;130;130;6;124;17.31;4.62;762;340;340;12;328;44.62;3.53
48984;060607;4;Budynek szkoły 22-351 Żulin 116;655;60;60;1;59;9.16;1.67;660;181;181;12;169;27.42;6.63
48985;060609;1;Budynek Szkoły w Suszniu 22-330 Suszeń 11;387;32;32;0;32;8.27;0.00;380;136;136;0;136;35.79;0.00
48986;060609;2;Sala Gimnastyczna w Rudniku 22-330 Rudnik 70;878;137;137;7;130;15.60;5.11;881;332;332;8;324;37.68;2.41
48987;060609;3;Budynek Szkoły w Wierzbicy 22-330 Wierzbica 24;625;63;63;2;61;10.08;3.17;627;204;204;6;198;32.54;2.94
48988;060609;4;Szkoła Podstawowa w Płonce 22-330 Płonka 70;467;75;75;3;72;16.06;4.00;449;178;178;3;175;39.64;1.69
48989;060609;5;Dom Pomocy Społecznej 22-335 Bzowiec 134;370;133;133;5;128;35.95;3.76;366;159;159;5;154;43.44;3.14
48990;060610;1;Remiza OSP 22-304 Siennica Królewska Duża 97;594;114;114;1;113;19.19;0.88;593;284;284;4;280;47.89;1.41
48991;060610;2;Sala Gimnastyczna przy Zespole Szkół 22-304 Siennica Różana 257;1223;256;256;9;247;20.93;3.52;1215;558;558;15;543;45.93;2.69
48992;060610;3;Remiza OSP 22-304 Wola Siennicka 75;658;132;132;8;124;20.06;6.06;645;290;290;6;284;44.96;2.07
48993;060610;4;Budynek byłej Szkoły Podstawowej 22-304 Zagroda 134;699;137;137;5;132;19.60;3.65;686;286;286;14;272;41.69;4.90
48994;060610;5;Remiza OSP 22-304 Wierzchowiny 61a;338;65;65;6;59;19.23;9.23;329;131;131;4;127;39.82;3.05
48995;060611;1;Budynek Szkoły 22-335 Olchowiec 54;686;102;102;5;97;14.87;4.90;675;237;237;5;232;35.11;2.11
48996;060611;2;Urząd Gminy 22-335 Żółkiewka Hetmana Żółkiewskiego 2;1170;180;180;8;172;15.38;4.44;1153;522;522;20;502;45.27;3.83
48997;060611;3;Hala sportowa 22-335 Żółkiewka Polna 24;726;112;112;3;109;15.43;2.68;705;278;278;11;267;39.43;3.96
48998;060611;4;Remiza OSP 22-335 Dąbie 43;202;38;38;1;37;18.81;2.63;195;100;100;1;99;51.28;1.00
48999;060611;5;Remiza OSP 22-335 Rożki 39;618;73;73;1;72;11.81;1.37;614;181;181;6;175;29.48;3.31
49000;060611;6;Remiza OSP 22-335 Koszarsko 31A;467;74;74;5;69;15.85;6.76;467;208;208;8;200;44.54;3.85
49001;060611;7;Remiza OSP 22-335 Wierzchowina 162;465;94;94;5;89;20.22;5.32;450;180;180;4;176;40.00;2.22
49002;060611;8;Remiza OSP 22-335 Chłaniów 137;561;106;106;0;106;18.89;0.00;553;276;276;6;270;49.91;2.17
49003;060701;1;Centrum Kultury i Promocji 23-204 Kraśnik Aleja Niepodległości 44;764;188;188;11;177;24.61;5.85;749;337;337;10;327;44.99;2.97
49004;060701;2;Publiczna Szkoła Podstawowa Nr 5 23-204 Kraśnik Aleja Niepodległości 54;1080;313;313;13;300;28.98;4.15;1032;561;561;15;546;54.36;2.67
49005;060701;3;Zespół Szkół Nr 2 23-204 Kraśnik Generała Sikorskiego 25;1628;412;412;16;396;25.31;3.88;1587;720;720;28;692;45.37;3.89
49006;060701;4;Filia Nr 1 Miejskiej Biblioteki Publicznej 23-204 Kraśnik Księdza Zielińskiego 3;1883;560;560;20;540;29.74;3.57;1843;1029;1029;27;1002;55.83;2.62
49007;060701;5;Publiczne Gimnazjum Nr 1 23-204 Kraśnik Księdza Popiełuszki 1;2071;591;591;24;567;28.54;4.06;1944;1062;1062;35;1027;54.63;3.30
49008;060701;6;Przedszkole Miejskie Nr 2 23-204 Kraśnik Matejki 1;1064;267;267;19;248;25.09;7.12;1159;501;501;27;474;43.23;5.39
49009;060701;7;Zespół Szkół Nr 3 23-204 Kraśnik Słowackiego 7;1881;571;571;12;559;30.36;2.10;1865;1133;1133;15;1118;60.75;1.32
49010;060701;8;Integracyjne Przedszkole Publiczne Nr 3 23-204 Kraśnik Balladyny 8;1823;551;551;17;534;30.22;3.09;1769;1010;1010;20;990;57.09;1.98
49011;060701;9;Społeczna Szkoła Podstawowa 23-204 Kraśnik Szpitalna 1A;1159;348;348;8;340;30.03;2.30;1127;603;603;14;589;53.50;2.32
49012;060701;10;Publiczna Szkoła Podstawowa Nr 6 23-204 Kraśnik Grunwaldzka 2;1730;556;556;15;541;32.14;2.70;1693;899;899;37;862;53.10;4.12
49013;060701;11;Centrum Kultury i Promocji 23-204 Kraśnik Aleja Niepodległości 44;1048;282;282;7;275;26.91;2.48;1013;506;506;10;496;49.95;1.98
49014;060701;12;Szkoła Podstawowa Nr 3 23-200 Kraśnik Urzędowska 435;1121;246;246;1;245;21.94;0.41;1089;509;509;7;502;46.74;1.38
49015;060701;13;Filia Nr 2 Miejskiej Biblioteki Publicznej 23-200 Kraśnik Piaskowa 20;1609;428;428;14;414;26.60;3.27;1579;807;807;17;790;51.11;2.11
49016;060701;14;Urząd Stanu Cywilnego 23-200 Kraśnik Urzędowska 34;1848;491;491;7;484;26.57;1.43;1842;937;937;24;913;50.87;2.56
49017;060701;15;Przedszkole Miejskie Nr 5 23-200 Kraśnik Koszarowa 10A;1760;524;524;17;507;29.77;3.24;1702;896;896;12;884;52.64;1.34
49018;060701;16;Publiczne Gimnazjum Nr 2 23-200 Kraśnik Urzędowska 10;925;262;262;10;252;28.32;3.82;891;496;496;13;483;55.67;2.62
49019;060701;17;Publiczne Gimnazjum Nr 2 23-200 Kraśnik Urzędowska 10;1614;381;381;9;372;23.61;2.36;1563;767;767;24;743;49.07;3.13
49020;060701;18;Szkoła Podstawowa Nr 4 23-200 Kraśnik Kolejowa 28;985;296;296;10;286;30.05;3.38;975;518;518;19;499;53.13;3.67
49021;060701;19;Ochotnicza Straż Pożarna 23-200 Kraśnik Narutowicza 49;1219;303;303;4;299;24.86;1.32;1208;598;598;14;584;49.50;2.34
49022;060701;20;Dom Pomocy Społecznej 23-200 Kraśnik Oboźna 36;940;270;270;6;264;28.72;2.22;934;465;465;18;447;49.79;3.87
49023;060701;21;Publiczna Szkoła Podstawowa Nr 1 23-200 Kraśnik Kościuszki 23;1082;280;280;3;277;25.88;1.07;1066;526;526;14;512;49.34;2.66
90295;060701;22;Szpital Powiatowy w Kraśniku 23-200 Kraśnik Chopina 13;136;11;11;0;11;8.09;0.00;214;41;41;5;36;19.16;12.20
90296;060701;23;Szpital Powiatowy w Kraśniku 23-204 Kraśnik Aleja Niepodległości 25;29;1;1;0;1;3.45;0.00;65;25;25;0;25;38.46;0.00
49024;060702;1;Miejski Zespół Szkół 23-235 Annopol ul. Kościuszki 8;1488;306;306;11;295;20.56;3.59;1474;681;681;32;649;46.20;4.70
49025;060702;2;Remiza OSP 23-235 Nowy Rachów 57;301;24;24;2;22;7.97;8.33;304;93;93;7;86;30.59;7.53
49026;060702;3;Publiczna Szkoła Podstawowa 23-235 Opoka Duża 5;870;109;109;7;102;12.53;6.42;867;320;320;20;300;36.91;6.25
49027;060702;4;Publiczna Szkoła Podstawowa 23-235 Grabówka 67;767;103;103;4;99;13.43;3.88;778;274;274;22;252;35.22;8.03
49028;060702;5;Publiczna Szkoła Podstawowa 23-235 Świeciechów Duży 204;1179;182;182;3;179;15.44;1.65;1147;469;469;19;450;40.89;4.05
49029;060702;6;Publiczna Szkoła Podstawowa 23-235 Kosin 22;510;73;73;5;68;14.31;6.85;501;196;196;15;181;39.12;7.65
49030;060702;7;Publiczna Szkoła Podstawowa 23-235 Janiszów 32;462;97;97;6;91;21.00;6.19;450;188;188;11;177;41.78;5.85
49031;060702;8;Publiczna Szkoła Podstawowa 23-235 Borów 32;376;96;96;6;90;25.53;6.25;379;178;178;6;172;46.97;3.37
49032;060702;9;Publiczna Szkoła Podstawowa 23-235 Dąbrowa 91;397;79;79;5;74;19.90;6.33;400;175;175;10;165;43.75;5.71
49033;060702;10;Miejski Zespół Szkół 23-235 Annopol ul. Kościuszki 8;984;168;168;5;163;17.07;2.98;962;394;394;19;375;40.96;4.82
49034;060703;1;Zespół Placówek Oświatowych w Terpentynie 23-251 Terpentyna 182;1032;253;253;6;247;24.52;2.37;1016;505;505;14;491;49.70;2.77
49035;060703;2;Filia Szkoły Podstawowej w Terpentynie 23-251 Dzierzkowice-Wola 184B;714;133;133;8;125;18.63;6.02;698;266;266;5;261;38.11;1.88
49036;060703;3;Publiczna Szkoła Podstawowa w Ludmiłówce 23-251 Ludmiłówka 33;472;120;120;6;114;25.42;5.00;447;199;199;8;191;44.52;4.02
49037;060703;4;Szkoła Podstawowa w Wyżnicy 23-251 Wyżnica 33;1220;233;233;3;230;19.10;1.29;1232;570;570;19;551;46.27;3.33
49038;060703;5;Dom Ludowy 23-251 Dzierzkowice-Zastawie 174;410;149;149;3;146;36.34;2.01;400;219;219;5;214;54.75;2.28
49039;060703;6;Klub Rolnika 23-251 Dzierzkowice-Podwody 83;558;126;126;1;125;22.58;0.79;548;252;252;10;242;45.99;3.97
49040;060704;1;Zespół Placówek Oświatowych w Gościeradowie 23-275 Gościeradów-Folwark 18;1687;321;321;17;304;19.03;5.30;1682;714;714;31;683;42.45;4.34
49041;060704;2;Zespół Szkół w Księżomierzy 23-275 Księżomierz, Ulica Kościelna 14;1223;193;193;9;184;15.78;4.66;1230;503;503;19;484;40.89;3.78
49042;060704;3;Zespół Szkół w Liśniku Dużym 23-275 Liśnik Duży 161;465;88;88;2;86;18.92;2.27;470;204;204;10;194;43.40;4.90
49043;060704;4;Publiczna Szkoła Podstawowa w Mniszku 23-275 Mniszek 67;504;94;94;7;87;18.65;7.45;509;171;171;8;163;33.60;4.68
49044;060704;5;Publiczna Szkoła Podstawowa w Szczecynie 23-275 Szczecyn 50;552;95;95;3;92;17.21;3.16;537;172;172;11;161;32.03;6.40
49045;060704;6;Budynek Zespołu Placówek Oświatowych w Gościeradowie 23-275 Salomin 121;397;91;91;1;90;22.92;1.10;389;163;163;11;152;41.90;6.75
49046;060704;7;Zespół Szkół w Wólce Gościeradowskiej 23-275 Wólka Gościeradowska 71;777;93;93;4;89;11.97;4.30;764;262;262;19;243;34.29;7.25
49047;060704;8;Budynek Zespołu Szkół w Liśniku Dużym 23-275 Suchodoły 97;317;37;37;0;37;11.67;0.00;320;132;132;5;127;41.25;3.79
49048;060705;1;Urząd Gminy 23-200 Kraśnik ul. Kościuszki 24;1550;354;354;10;344;22.84;2.82;1534;720;720;21;699;46.94;2.92
49049;060705;2;Szkoła Podstawowa 23-200 Kowalin 45;810;135;135;4;131;16.67;2.96;793;366;366;12;354;46.15;3.28
49050;060705;3;Przedszkole w Stróży 23-206 Stróża-Kolonia ul. Akacjowa 4A;1191;277;277;8;269;23.26;2.89;1193;614;614;17;597;51.47;2.77
49051;060705;4;Szkoła Podstawowa w Stróży 23-206 Stróża-Kolonia ul. Akacjowa 2A;1258;327;327;13;314;25.99;3.98;1245;607;607;11;596;48.76;1.81
49052;060705;5;Szkoła Podstawowa 23-206 Słodków Trzeci 7;1050;266;266;2;264;25.33;0.75;1046;523;523;13;510;50.00;2.49
49053;060706;1;Zespół Szkół 23-225 Szastarka 104;763;170;170;9;161;22.28;5.29;755;375;375;24;351;49.67;6.40
49054;060706;2;Zespół Szkół 23-225 Blinów Drugi 111;1187;256;256;5;251;21.57;1.95;1140;520;520;15;505;45.61;2.88
49055;060706;3;Publiczna Szkoła Podstawowa 23-225 Polichna Druga 26;1298;354;354;14;340;27.27;3.95;1295;642;642;17;625;49.58;2.65
49056;060706;4;Remiza Ochotniczej Straży Pożarnej 23-225 Majdan-Obleszcze 109;867;148;148;8;140;17.07;5.41;844;381;381;11;370;45.14;2.89
49057;060706;5;Gminne Centrum Kultury 23-225 Polichna Czwarta 1;773;161;161;0;161;20.83;0.00;759;379;379;14;365;49.93;3.69
49058;060707;1;Publiczne Gimnazjum w Trzydniku Dużym 23-230 Trzydnik Duży 72;956;202;202;5;197;21.13;2.48;949;402;402;15;387;42.36;3.73
49059;060707;2;Świetlica w Budkach 23-230 Budki 25A;287;85;85;4;81;29.62;4.71;288;139;139;5;134;48.26;3.60
49060;060707;3;Świetlica w Dąbrowie 23-230 Dąbrowa 91;288;70;70;1;69;24.31;1.43;284;132;132;6;126;46.48;4.55
49061;060707;4;Remiza OSP w Liśniku Małym 23-230 Liśnik Mały 52A;434;80;80;0;80;18.43;0.00;205;98;98;3;95;47.80;3.06
49062;060707;5;Szkoła Podstawowa w Łychowie Gościeradowskim 23-230 Łychów Gościeradowski 79;408;79;79;5;74;19.36;6.33;407;149;149;4;145;36.61;2.68
49063;060707;6;Szkoła Podstawowa w Olbięcinie 23-230 Olbięcin 95;476;69;69;1;68;14.50;1.45;711;310;310;4;306;43.60;1.29
49064;060707;7;Remiza OSP w Rzeczycy Księżej 23-230 Rzeczyca Księża 187A;655;95;95;2;93;14.50;2.11;633;241;241;12;229;38.07;4.98
49065;060707;8;Szkoła Podstawowa w Rzeczycy Ziemiańskiej 23-230 Rzeczyca Ziemiańska 79;1073;138;138;7;131;12.86;5.07;1068;398;398;10;388;37.27;2.51
49066;060707;9;Świetlica w Węglinie 23-230 Węglin 57A;539;86;86;4;82;15.96;4.65;519;190;190;9;181;36.61;4.74
49067;060707;10;Szkoła Podstawowa w Woli Trzydnickiej 23-230 Wola Trzydnicka 52A;306;59;59;1;58;19.28;1.69;298;154;154;2;152;51.68;1.30
49068;060708;1;lokal Szkoły Podstawowej 23-250 Boby-Kolonia 75;892;172;172;2;170;19.28;1.16;906;417;417;7;410;46.03;1.68
49069;060708;2;lokal Szkoły Podstawowej 23-250 Moniaki 110;957;139;139;6;133;14.52;4.32;966;385;385;10;375;39.86;2.60
49070;060708;3;lokal Szkoły Podstawowej 23-250 Bęczyn 57;688;226;226;6;220;32.85;2.65;678;373;373;14;359;55.01;3.75
49071;060708;4;lokal Zespołu Szkół Ogólnokształcących 23-250 Urzędów ul. Wodna 24;1307;393;393;9;384;30.07;2.29;1289;692;692;29;663;53.69;4.19
49072;060708;5;lokal Szkoły Podstawowej 23-250 Rankowskie 31;1114;306;306;9;297;27.47;2.94;1096;562;562;21;541;51.28;3.74
49073;060708;6;lokal Zespołu Szkół 23-250 Skorczyce 52;462;88;88;4;84;19.05;4.55;464;196;196;8;188;42.24;4.08
49074;060708;7;lokal Budynku Wielofunkcyjnego 23-250 Popkowice 6;1001;194;194;5;189;19.38;2.58;1004;435;435;13;422;43.33;2.99
49075;060708;8;lokal Szkoły Podstawowej 23-250 Leszczyna 94A;427;132;132;5;127;30.91;3.79;415;210;210;2;208;50.60;0.95
90297;060708;9;lokal Domu Pomocy Społecznej 23-250 Popkowice 1;147;78;78;6;72;53.06;7.69;155;71;71;13;58;45.81;18.31
49076;060709;1;Szkoła Podstawowa w Rudniku Szlacheckim 23-212 Rudnik Szlachecki 38;984;285;285;7;278;28.96;2.46;973;565;565;15;550;58.07;2.65
49077;060709;2;Zespół Szkół w Wilkołazie Pierwszym 23-212 Wilkołaz Pierwszy 7;1196;365;365;13;352;30.52;3.56;1198;684;684;14;670;57.10;2.05
49078;060709;3;Zespół Szkół w Wilkołazie Pierwszym 23-212 Wilkołaz Pierwszy 7;1486;484;484;21;463;32.57;4.34;1466;806;806;19;787;54.98;2.36
49079;060709;4;Szkoła Podstawowa w Ostrowie 23-212 Ostrów 9;719;133;133;5;128;18.50;3.76;713;351;351;11;340;49.23;3.13
49080;060710;1;Szkoła Podstawowa w Bystrzycy 23-213 Bystrzyca 137;771;123;123;2;121;15.95;1.63;761;328;328;12;316;43.10;3.66
49081;060710;2;Szkoła Podstawowa w Majdanie-Grabinie 23-213 Majdan-Grabina 145A;653;129;129;2;127;19.75;1.55;644;305;305;14;291;47.36;4.59
49082;060710;3;Szkoła Podstawowa w Rudniku Drugim 23-213 Rudnik Drugi 86;741;139;139;2;137;18.76;1.44;724;351;351;10;341;48.48;2.85
49083;060710;4;Zespół Szkół w Sulowie 23-213 Sulów 75;974;205;205;7;198;21.05;3.41;955;453;453;8;445;47.43;1.77
49084;060710;5;Szkoła Podstawowa w Studziankach 23-213 Studzianki 63;641;104;104;2;102;16.22;1.92;634;307;307;12;295;48.42;3.91
49085;060710;6;Zespół Szkół w Zakrzówku 23-213 Zakrzówek ul. Sienkiewicza 1;1791;305;305;4;301;17.03;1.31;1757;846;846;12;834;48.15;1.42
49086;060801;1;Szkoła Podstawowa Nr 4 21-100 Lubartów ul. Kosmonautów 11;1712;451;451;12;439;26.34;2.66;1710;982;982;12;970;57.43;1.22
49087;060801;2;Zespół Szkół Nr 2 21-100 Lubartów ul. Chopina 6;2308;706;706;10;696;30.59;1.42;2275;1355;1355;19;1336;59.56;1.40
49088;060801;3;Przedszkole Miejskie Nr 1 21-100 Lubartów ul. 3 Maja 24b;1662;391;391;11;380;23.53;2.81;1600;829;829;18;811;51.81;2.17
49089;060801;4;Przedsiębiorstwo Gospodarki Komunalnej w Lubartowie Sp. z o.o. 21-100 Lubartów ul. Parkowa 6;1572;472;472;14;458;30.03;2.97;1518;862;862;22;840;56.79;2.55
49090;060801;5;Gimnazjum Nr 1 21-100 Lubartów ul. Legionów 3;1263;342;342;6;336;27.08;1.75;1236;684;685;13;671;55.34;1.90
49091;060801;6;Przedszkole Miejskie Nr 2 21-100 Lubartów ul. Kościuszki 1;1924;506;506;10;496;26.30;1.98;1895;1003;1003;24;979;52.93;2.39
49092;060801;7;Gimnazjum Nr 2 21-100 Lubartów ul. Lubelska 68;1664;473;473;9;464;28.43;1.90;1618;894;894;8;886;55.25;0.89
49093;060801;8;Miejska Biblioteka Publiczna 21-100 Lubartów ul. Lubelska 36;969;283;283;7;276;29.21;2.47;929;519;519;9;510;55.87;1.73
49094;060801;9;Regionalne Centrum Edukacji Zawodowej 21-100 Lubartów ul. 1 Maja 82;1600;455;455;13;442;28.44;2.86;1528;846;846;19;827;55.37;2.25
49095;060801;10;Szkoła Podstawowa Nr 3 21-100 Lubartów ul. 1 Maja 66-74;1775;557;557;12;545;31.38;2.15;1697;1036;1036;15;1021;61.05;1.45
49096;060801;11;II Liceum Ogólnokształcące 21-100 Lubartów ul. 1 Maja 66-74;1714;487;487;12;475;28.41;2.46;1704;917;917;15;902;53.81;1.64
90298;060801;12;Samodzielny Publiczny Zakład Opieki Zdrowotnej (Szpital) 21-100 Lubartów Cicha 14;80;20;20;0;20;25.00;0.00;78;49;49;0;49;62.82;0.00
49097;060802;1;Zespół Szkolno-Przedszkolny, Abramów 21-143 Abramów ul. 22 Lipca 31;1177;243;243;4;239;20.65;1.65;1182;583;583;19;564;49.32;3.26
49098;060802;2;Lokal po Szkole Podstawowej 21-143 Ciotcza 29A;305;62;62;2;60;20.33;3.23;299;176;176;7;169;58.86;3.98
49099;060802;3;Remiza OSP 21-143 Dębiny 114;251;70;70;4;66;27.89;5.71;242;108;108;2;106;44.63;1.85
49100;060802;4;Remiza OSP 21-143 Glinnik 73;343;64;64;2;62;18.66;3.12;345;164;164;10;154;47.54;6.10
49101;060802;5;Szkoła Podstawowa 21-143 Wielkie 66;478;103;103;3;100;21.55;2.91;463;218;218;8;210;47.08;3.67
49102;060802;6;Szkoła Podstawowa 21-143 Wielkolas 27C;485;78;78;3;75;16.08;3.85;485;208;208;6;202;42.89;2.88
49103;060802;7;remiza OSP 21-143 Wolica 66;407;114;114;1;113;28.01;0.88;395;227;227;3;224;57.47;1.32
49104;060803;1;Świetlica wiejska 21-150 Wola Skromowska 56;642;107;107;3;104;16.67;2.80;639;281;281;8;273;43.97;2.85
49105;060803;2;Lokal byłej Szkoły Podstawowej 21-150 Sułoszyn 49;383;77;77;5;72;20.10;6.49;384;164;164;11;153;42.71;6.71
49106;060803;3;Gminna Biblioteka Publiczna 21-136 Firlej ul. Kościelna 4;1584;359;359;13;346;22.66;3.62;1587;693;693;34;659;43.67;4.91
49107;060803;4;Remiza OSP 21-136 Serock 89;410;75;75;3;72;18.29;4.00;396;170;170;5;165;42.93;2.94
49108;060803;5;Szkoła Podstawowa 21-136 Przypisówka 18;404;50;50;1;49;12.38;2.00;395;138;138;5;133;34.94;3.62
49109;060803;6;Remiza OSP 21-136 Łukówiec 25;532;90;90;4;86;16.92;4.44;523;198;198;5;193;37.86;2.53
49110;060803;7;Budynek mieszkalny 21-136 Sobolew-Kolonia 17;411;66;66;5;61;16.06;7.58;399;152;152;16;136;38.10;10.53
49111;060803;8;Szkoła Podstawowa 21-136 Nowy Antonin 72;439;64;64;6;58;14.58;9.38;440;140;140;17;123;31.82;12.14
49112;060804;1;Urząd Gminy 21-146 Jeziorzany ul. Rynek 22;777;130;130;4;126;16.73;3.08;757;292;292;10;282;38.57;3.42
49113;060804;2;Zespół Szkół 21-146 Przytoczno 25;1097;149;149;10;139;13.58;6.71;1056;363;363;15;348;34.38;4.13
49114;060804;3;Remiza OSP 21-146 Krępa 89;542;176;176;9;167;32.47;5.11;530;258;258;7;251;48.68;2.71
49115;060805;1;lokal Szkoły Podstawowej 21-132 Samoklęski 6A;690;95;95;2;93;13.77;2.11;690;256;256;6;250;37.10;2.34
49116;060805;2;lokal remizo-świetlicy 21-132 Syry 53;342;73;73;4;69;21.35;5.48;341;157;157;7;150;46.04;4.46
49117;060805;3;lokal Szkoły Podstawowej 21-132 Starościn 73;485;80;80;2;78;16.49;2.50;483;243;243;15;228;50.31;6.17
49118;060805;4;lokal remizo-świetlicy 21-132 Wólka Krasienińska 21A;249;68;68;6;62;27.31;8.82;267;143;143;7;136;53.56;4.90
49119;060805;5;lokal byłej Szkoły Podstawowej, Kamionka 21-132 Kamionka ul. Grobelna 1;829;160;160;5;155;19.30;3.12;834;347;347;9;338;41.61;2.59
49120;060805;6;lokal Biblioteki Gminnej, Kamionka 21-132 Kamionka ul. Grobelna 1;885;193;193;9;184;21.81;4.66;873;387;387;19;368;44.33;4.91
49121;060805;7;lokal świetlicy wiejskiej 21-132 Kierzkówka 12B;380;68;68;2;66;17.89;2.94;388;161;161;6;155;41.49;3.73
49122;060805;8;lokal świetlicy wiejskiej 21-132 Kozłówka 46;731;137;137;13;124;18.74;9.49;744;303;303;10;293;40.73;3.30
49123;060805;9;lokal świetlicy wiejskiej 21-132 Siedliska 123;501;86;86;3;83;17.17;3.49;498;203;203;14;189;40.76;6.90
49124;060806;1;Dom Kultury 21-150 Kock ul. Apteczna 4;1340;239;239;6;233;17.84;2.51;1327;554;554;14;540;41.75;2.53
49125;060806;2;Zespół Szkół 21-150 Kock ul. Przechodnia 11;1518;310;310;8;302;20.42;2.58;1496;721;721;18;703;48.20;2.50
49126;060806;3;Niepubliczna Szkoła Podstawowa 21-150 Górka 22;496;91;91;3;88;18.35;3.30;488;195;195;9;186;39.96;4.62
49127;060806;4;Szkoła Podstawowa im. H. Sienkiewicza 21-150 Talczyn 160;457;78;78;19;59;17.07;24.36;447;177;177;24;153;39.60;13.56
49128;060806;5;Świetlica Wiejska 21-150 Annopol 16 A;269;39;39;0;39;14.50;0.00;259;103;103;5;98;39.77;4.85
49129;060806;6;Niepubliczna Szkoła Podstawowa 21-150 Białobrzegi 90;656;130;130;7;123;19.82;5.38;643;317;317;9;308;49.30;2.84
49130;060806;7;Zespół Szkół im. Jana Pawła II 21-150 Poizdów 1;572;205;205;12;193;35.84;5.85;570;268;268;13;255;47.02;4.85
90299;060806;8;Dom Pomocy Społecznej 21-150 Kock ul.Tadeusza Kościuszki 1D;60;12;12;1;11;20.00;8.33;58;35;35;0;35;60.34;0.00
49131;060807;1;Dom Pomocy Społecznej 21-100 Łucka 71;329;118;118;6;112;35.87;5.08;323;177;177;6;171;54.80;3.39
49132;060807;2;Szkoła Podstawowa 21-100 Łucka-Kolonia 125;1215;305;305;14;291;25.10;4.59;1226;660;660;19;641;53.83;2.88
49133;060807;3;Gimnazjum 21-100 Łucka-Kolonia 125;745;191;191;4;187;25.64;2.09;764;414;414;12;402;54.19;2.90
49134;060807;4;Gminna Biblioteka Publiczna 21-100 Skrobów-Kolonia 104;1286;241;241;5;236;18.74;2.07;1311;641;641;10;631;48.89;1.56
49135;060807;5;Szkoła Podstawowa 21-100 Wólka Rokicka 90;967;170;170;4;166;17.58;2.35;970;416;416;11;405;42.89;2.64
49136;060807;6;Szkoła Podstawowa 21-100 Nowodwór 60A;793;168;168;4;164;21.19;2.38;813;426;426;11;415;52.40;2.58
49137;060807;7;Gminna Biblioteka Publiczna 21-100 Lisów 32B;752;209;209;6;203;27.79;2.87;752;394;394;4;390;52.39;1.02
49138;060807;8;Szkoła Podstawowa 21-100 Mieczysławka 39;568;103;103;1;102;18.13;0.97;569;272;272;8;264;47.80;2.94
49139;060807;9;Szkoła Podstawowa 21-100 Szczekarków 124;586;103;103;1;102;17.58;0.97;587;278;278;10;268;47.36;3.60
49140;060807;10;Szkoła Podstawowa 21-100 Annobór 69;541;138;138;5;133;25.51;3.62;530;258;258;9;249;48.68;3.49
49141;060807;11;Szkoła Podstawowa 21-100 Brzeziny 168;536;127;127;3;124;23.69;2.36;522;240;240;11;229;45.98;4.58
49142;060807;12;Świetlica wiejska 21-100 Chlewiska 24A;294;84;84;6;78;28.57;7.14;287;147;147;3;144;51.22;2.04
49143;060808;1;Zespół Szkół Ogólnokształcących 21-140 Michów ul. Szkolna II 2B;1398;363;363;5;358;25.97;1.38;1356;720;720;11;709;53.10;1.53
49144;060808;2;Zespół Szkół Ogólnokształcących 21-140 Michów ul. Szkolna II 2 B;1028;149;149;3;146;14.49;2.01;1030;386;386;9;377;37.48;2.33
49145;060808;3;Szkoła Podstawowa 21-140 Katarzyn 114;735;111;111;7;104;15.10;6.31;730;279;279;11;268;38.22;3.94
49146;060808;4;Zespół Szkół 21-140 Rudno ul. Spacerowa 110;1171;204;204;20;184;17.42;9.80;1166;450;450;10;440;38.59;2.22
49147;060808;5;Remiza OSP 21-140 Wypnicha 54;453;74;74;5;69;16.34;6.76;436;148;148;7;141;33.94;4.73
49148;060808;6;Remiza OSP 21-140 Giżyce 63;313;80;80;6;74;25.56;7.50;318;135;135;4;131;42.45;2.96
49149;060809;1;Szkoła Podstawowa 21-104 Niedźwiada-Kolonia 42;866;174;174;4;170;20.09;2.30;872;408;408;17;391;46.79;4.17
49150;060809;2;Szkoła Podstawowa 21-104 Brzeźnica Bychawska 123;1096;258;258;9;249;23.54;3.49;1085;495;495;9;486;45.62;1.82
49151;060809;3;Szkoła Podstawowa 21-104 Tarło 103;806;129;129;4;125;16.00;3.10;801;342;342;10;332;42.70;2.92
49152;060809;4;Szkoła Podstawowa 21-104 Pałecznica 81;677;145;145;6;139;21.42;4.14;679;342;342;9;333;50.37;2.63
49153;060809;5;Szkoła Podstawowa 21-104 Brzeźnica Książęca 24;959;217;217;5;212;22.63;2.30;952;473;473;22;451;49.68;4.65
49154;060809;6;Szkoła Podstawowa 21-104 Górka Lubartowska 66;659;105;105;1;104;15.93;0.95;665;305;305;12;293;45.86;3.93
49155;060810;1;Gimnazjum 21-110 Ostrów Lubelski ul. Partyzantów 26;1165;354;354;12;342;30.39;3.39;1162;605;605;15;590;52.07;2.48
49156;060810;2;Szkoła Podstawowa 21-110 Ostrów Lubelski ul. Partyzantów 26;919;255;255;8;247;27.75;3.14;887;500;500;13;487;56.37;2.60
49157;060810;3;Szkoła Podstawowa 21-110 Kaznów-Kolonia 26;442;98;98;6;92;22.17;6.12;447;196;196;5;191;43.85;2.55
49158;060810;4;Szkoła Podstawowa 21-110 Kolechowice 125;721;132;132;4;128;18.31;3.03;717;321;321;19;302;44.77;5.92
49159;060810;5;Szkoła Podstawowa 21-110 Rozkopaczew 34;1142;211;211;4;207;18.48;1.90;1140;500;500;14;486;43.86;2.80
49160;060811;1;Szkoła Podstawowa 21-102 Dębica 25;469;90;90;2;88;19.19;2.22;466;180;180;4;176;38.63;2.22
49161;060811;2;Świetlica wiejska 21-102 Tarkawica 114A;465;113;113;2;111;24.30;1.77;460;216;216;7;209;46.96;3.24
49162;060811;3;Świetlica wiejska 21-102 Luszawa 76;444;78;78;3;75;17.57;3.85;441;159;159;4;155;36.05;2.52
49163;060811;4;Szkoła Podstawowa im. Bohaterów Monte Cassino 21-102 Ostrówek-Kolonia 3;764;158;158;2;156;20.68;1.27;772;348;348;9;339;45.08;2.59
49164;060811;5;Remiza Ochotniczej Straży Pożarnej 21-102 Kamienowola 43A;333;95;95;14;81;28.53;14.74;334;166;166;7;159;49.70;4.22
49165;060811;6;Szkoła Podstawowa im. Dywizjonu 301 21-102 Leszkowice 12A;714;129;129;6;123;18.07;4.65;700;247;247;8;239;35.29;3.24
49166;060812;1;Szkoła Podstawowa im. Marii Konopnickiej w Woli Sernickiej 21-107 Wola Sernicka 242;923;212;212;6;206;22.97;2.83;918;468;468;21;447;50.98;4.49
49167;060812;2;Szkoła Podstawowa im. Jana Kochanowskiego w Nowej Woli 21-107 Nowa Wola 95;779;216;216;9;207;27.73;4.17;784;459;459;17;442;58.55;3.70
49168;060812;3;Szkoła Podstawowa im. Jana Pawła II w Brzostówce 21-107 Brzostówka 88;860;162;162;5;157;18.84;3.09;872;400;400;14;386;45.87;3.50
49169;060812;4;Urząd Gminy Serniki 21-107 Serniki 1A;892;175;175;7;168;19.62;4.00;909;444;444;20;424;48.84;4.50
49170;060812;5;Publiczna Szkoła Podstawowa w Nowej Wsi 21-107 Nowa Wieś 76;456;157;158;2;155;34.43;1.27;461;251;251;14;237;54.45;5.58
49171;060813;1;Zespół Szkół 21-109 Stary Uścimów 43;832;152;152;0;152;18.27;0.00;819;357;357;9;348;43.59;2.52
49172;060813;2;Zespół Szkół 21-109 Stary Uścimów 43;745;182;182;7;175;24.43;3.85;734;355;355;17;338;48.37;4.79
49173;060813;3;Szkoła Podstawowa 21-109 Nowa Jedlanka 1;717;103;103;3;100;14.37;2.91;711;280;280;8;272;39.38;2.86
49174;060813;4;Krasne 21-109 Krasne 118;415;61;61;5;56;14.70;8.20;393;147;147;4;143;37.40;2.72
49175;060901;1;Zespół Szkół im. Mikołaja Kopernika 24-200 Bełżyce ul. Bychawska 4;1344;335;335;7;328;24.93;2.09;1295;666;666;13;653;51.43;1.95
49176;060901;2;Samorządowe Przedszkole Publiczne 24-200 Bełżyce ul. Bychawska 15;1421;335;335;11;324;23.57;3.28;1389;721;721;25;696;51.91;3.47
49177;060901;3;Miejski Dom Kultury 24-200 Bełżyce ul. Tysiąclecia 26;1098;297;297;5;292;27.05;1.68;1084;635;635;7;628;58.58;1.10
49178;060901;4;Urząd Miejski 24-200 Bełżyce ul. Lubelska 3;1391;328;328;10;318;23.58;3.05;1386;764;764;23;741;55.12;3.01
49179;060901;5;Zespół Szkół Nr 2 im. Królowej Jadwigi 24-200 Bełżyce, Wzgórze ul. Kościuszki 148;964;179;179;3;176;18.57;1.68;967;452;452;16;436;46.74;3.54
49180;060901;6;Szkoła Podstawowa Babin 24-200 Babin 147;777;182;182;5;177;23.42;2.75;764;441;441;14;427;57.72;3.17
49181;060901;7;Szkoła Podstawowa 24-200 Matczyn 9;654;122;122;6;116;18.65;4.92;679;316;316;12;304;46.54;3.80
49182;060901;8;Szkoła Podstawowa 24-200 Kierz 89;843;127;127;5;122;15.07;3.94;827;307;307;17;290;37.12;5.54
49183;060901;9;Wiejski Ośrodek Zdrowia 24-200 Krężnica Okrągła 38a;813;115;115;3;112;14.15;2.61;830;316;316;5;311;38.07;1.58
49184;060901;10;Szkoła Podstawowa 24-200 Stare Wierzchowiska 39;738;105;105;5;100;14.23;4.76;737;305;305;15;290;41.38;4.92
49185;060901;11;Remiza OSP 24-200 Zagórze Zagórze 37;757;146;146;7;139;19.29;4.79;777;329;329;9;320;42.34;2.74
90300;060901;12;Szpital Powiatowy im. Dr Wojciecha Oczki 24-200 Bełżyce Lubelska 90;90;7;7;1;6;7.78;14.29;106;17;17;1;16;16.04;5.88
49186;060902;1;Gimnazjum 24-224 Borzechów-Kolonia 227;949;386;386;19;367;40.67;4.92;947;606;606;25;581;63.99;4.13
49187;060902;2;Szkoła Podstawowa 24-224 Kłodnica Dolna 117;874;244;244;11;233;27.92;4.51;861;503;503;5;498;58.42;0.99
49188;060902;3;Remiza OSP 24-224 Łopiennik 127;572;116;116;4;112;20.28;3.45;550;254;254;12;242;46.18;4.72
49189;060902;4;Remiza OSP 24-224 Kępa 39;441;89;89;9;80;20.18;10.11;435;172;172;8;164;39.54;4.65
49190;060902;5;Remiza OSP 24-224 Łączki-Pawłówek 40;237;65;65;4;61;27.43;6.15;239;126;126;6;120;52.72;4.76
49191;060902;6;Remiza OSP 24-224 Dobrowola 31;143;57;57;3;54;39.86;5.26;142;82;82;2;80;57.75;2.44
49192;060903;1;Środowiskowy Dom Samopomocy 23-100 Bychawa ul. Pileckiego 20;644;84;84;3;81;13.04;3.57;660;244;244;11;233;36.97;4.51
49193;060903;2;Samorządowe Przedszkole Nr 1 23-100 Bychawa ul. Partyzantów 3;588;91;91;1;90;15.48;1.10;572;270;270;5;265;47.20;1.85
49194;060903;3;Szkoła Podstawowa 23-100 Bychawa ul. Szkolna 8;857;158;158;5;153;18.44;3.16;837;390;390;16;374;46.59;4.10
49195;060903;4;Urząd Miejski (sala konferencyjna) 23-100 Bychawa ul. Marsz. J. Piłsudskiego 22;805;201;201;7;194;24.97;3.48;765;398;398;11;387;52.03;2.76
49196;060903;5;Bychawskie Centrum Kultury 23-100 Bychawa ul. Marsz. J. Piłsudskiego 34;654;123;123;3;120;18.81;2.44;636;304;304;14;290;47.80;4.61
49197;060903;6;Zespół Szkół im. Ks. A. Kwiatkowskiego 23-100 Bychawa ul. Marsz. J. Piłsudskiego 81;559;106;106;4;102;18.96;3.77;542;277;277;4;273;51.11;1.44
49198;060903;7;Bychawskie Przedsiębiorstwo Komunalne sp. z o.o. 23-100 Bychawa ul. Rataja 6;775;131;131;1;130;16.90;0.76;785;380;380;8;372;48.41;2.11
49199;060903;8;Centrum Kultury Wiejskiej 23-100 Bychawka Druga 113;811;109;109;6;103;13.44;5.50;815;333;333;12;321;40.86;3.60
49200;060903;9;Szkoła Podstawowa im. K. Koźmiana 23-100 Bychawka Druga-Kolonia 75;491;94;94;5;89;19.14;5.32;492;253;253;13;240;51.42;5.14
49201;060903;10;Budynek szkolny 23-100 Osowa 61;350;69;69;5;64;19.71;7.25;360;170;170;7;163;47.22;4.12
49202;060903;11;Remiza OSP 23-100 Olszowiec 10;606;84;84;2;82;13.86;2.38;601;259;259;6;253;43.09;2.32
49203;060903;12;Centrum Kultury Wiejskiej 23-100 Gałęzów 24;606;76;76;3;73;12.54;3.95;604;265;265;15;250;43.87;5.66
49204;060903;13;Szkoła Podstawowa 23-100 Wola Gałęzowska 116a;650;126;126;6;120;19.38;4.76;645;282;282;13;269;43.72;4.61
49205;060903;14;Szkoła Podstawowa 23-100 Stara Wieś Druga 55;796;134;134;5;129;16.83;3.73;770;335;335;9;326;43.51;2.69
49206;060903;15;Budynek szkolny 23-100 Zaraszów 64;548;107;107;4;103;19.53;3.74;544;250;250;8;242;45.96;3.20
90301;060903;16;Szpital Powiatowy Samodzielnego Publicznego Zakładu Opieki Zdrowotnej w Bychawie 23-100 Bychawa ul. Marsz. J. Piłsudskiego 26/28/30;37;0;0;0;0;0.00;NA;52;5;5;1;4;9.62;20.00
49207;060904;1;lokal Gminnej Biblioteki Publicznej 21-080 Garbów 29;1740;468;468;12;456;26.90;2.56;1744;962;962;24;938;55.16;2.49
49208;060904;2;lokal Szkoły Podstawowej 21-080 Bogucin 64;837;214;214;5;209;25.57;2.34;839;440;440;4;436;52.44;0.91
49209;060904;3;lokal Szkoły Podstawowej 21-080 Przybysławice 1A;1406;310;310;9;301;22.05;2.90;1411;658;658;12;646;46.63;1.82
49210;060904;4;lokal w pałacu 21-080 Piotrowice Wielkie 103;480;111;111;4;107;23.12;3.60;493;220;220;2;218;44.62;0.91
49211;060904;5;lokal Szkoły Podstawowej 21-080 Wola Przybysławska 331;1145;206;206;12;194;17.99;5.83;1136;512;512;25;487;45.07;4.88
49212;060904;6;lokal Klubu Wiejskiego 21-080 Gutanów 13;388;61;61;4;57;15.72;6.56;383;162;162;6;156;42.30;3.70
49213;060904;7;lokal Szkoły Podstawowej 21-080 Borków 13;228;70;70;3;67;30.70;4.29;230;128;128;3;125;55.65;2.34
49214;060904;8;lokal Szkoły Podstawowej 21-080 Leśce 63;437;102;102;3;99;23.34;2.94;438;194;194;3;191;44.29;1.55
49215;060904;9;lokal remizy OSP 21-080 Janów 29;192;87;87;5;82;45.31;5.75;188;124;124;11;113;65.96;8.87
49216;060904;10;lokal po byłej szkole 21-080 Karolin 30a;272;113;113;1;112;41.54;0.88;274;162;162;7;155;59.12;4.32
49217;060905;1;Szkoła Podstawowa 20-515 Prawiedniki 165;995;290;290;11;279;29.15;3.79;1066;595;595;12;583;55.82;2.02
49218;060905;2;Szkoła Podstawowa 21-040 Kalinówka 78;1785;569;569;5;564;31.88;0.88;1925;1228;1228;16;1212;63.79;1.30
49219;060905;3;Urząd Gminy Głusk 20-388 Dominów Rynek 1;973;241;241;5;236;24.77;2.07;1013;565;565;8;557;55.77;1.42
49220;060905;4;Gimnazjum 20-388 Mętów 124A;969;254;254;4;250;26.21;1.57;1054;559;559;9;550;53.04;1.61
49221;060905;5;Szkoła Podstawowa 20-388 Mętów 124;1384;319;319;7;312;23.05;2.19;1410;762;762;12;750;54.04;1.57
49222;060905;6;Zespół Szkół 20-388 Wilczopole-Kolonia 97;1177;273;273;7;266;23.19;2.56;1205;622;622;16;606;51.62;2.57
49223;060906;1;Remiza Ochotniczej Straży Pożarnej 23-114 Chmiel Pierwszy 23;637;65;65;5;60;10.20;7.69;619;181;181;3;178;29.24;1.66
49224;060906;2;Szkoła Podstawowa 23-114 Czerniejów 130;923;164;164;2;162;17.77;1.22;922;449;449;15;434;48.70;3.34
49225;060906;3;Gimnazjum Publiczne 23-114 Jabłonna Druga 45;2008;327;327;11;316;16.28;3.36;2034;966;966;14;952;47.49;1.45
49226;060906;4;Zespół Szkół 23-114 Piotrków Pierwszy 105;1435;160;160;2;158;11.15;1.25;1416;476;476;26;450;33.62;5.46
49227;060906;5;Szkoła Podstawowa 23-114 Skrzynice Pierwsze 110;842;138;138;3;135;16.39;2.17;849;330;330;5;325;38.87;1.52
49228;060906;6;Szkoła Podstawowa 23-114 Tuszów 159;419;91;91;2;89;21.72;2.20;412;193;193;5;188;46.84;2.59
49229;060907;1;Szkoła Podstawowa 21-002 Panieńszczyzna Aleja Warszawska 43;1464;383;383;14;369;26.16;3.66;1527;832;832;29;803;54.49;3.49
49230;060907;2;Szkoła Podstawowa 24-150 Ożarów 160;1168;175;175;2;173;14.98;1.14;1182;497;497;20;477;42.05;4.02
49231;060907;3;Szkoła Podstawowa 21-002 Snopków 50;1876;592;592;8;584;31.56;1.35;1909;1158;1158;15;1143;60.66;1.30
49232;060907;4;Szkoła Podstawowa 21-008 Płouszowice-Kolonia 17;968;278;278;2;276;28.72;0.72;978;577;577;7;570;59.00;1.21
49233;060907;5;Szkoła Podstawowa 21-008 Tomaszowice-Kolonia 40A;1572;447;447;13;434;28.44;2.91;1612;818;818;26;792;50.74;3.18
49234;060907;6;Dom Pomocy Samarytańskiej 21-002 Sieprawice 24;984;289;289;8;281;29.37;2.77;980;540;540;9;531;55.10;1.67
49235;060907;7;Gminny Ośrodek Kultury 21-008 Dąbrowica 133;1014;336;336;7;329;33.14;2.08;1045;686;686;6;680;65.65;0.87
49236;060907;8;Szkoła Podstawowa 21-002 Panieńszczyzna Aleja Warszawska 43;1310;368;368;16;352;28.09;4.35;1347;757;757;15;742;56.20;1.98
49237;060908;1;Urząd Gminy 21-030 Kozubszczyzna 127A;1404;401;401;8;393;28.56;2.00;1392;821;821;12;809;58.98;1.46
49238;060908;2;Szkoła Podstawowa 21-030 Konopnica 40;1463;466;466;5;461;31.85;1.07;1477;937;937;8;929;63.44;0.85
49239;060908;3;Szkoła Podstawowa 21-030 Motycz 33;2030;559;559;17;542;27.54;3.04;2094;1189;1189;23;1166;56.78;1.93
49240;060908;4;Budynek Ochotniczej Straży Pożarnej 21-030 Radawiec Duży 154;1778;433;433;18;415;24.35;4.16;1812;1021;1021;25;996;56.35;2.45
49241;060908;5;Budynek Ochotniczej Straży Pożarnej 20-050 Szerokie 50;1466;507;507;9;498;34.58;1.78;1515;961;961;9;952;63.43;0.94
49242;060908;6;Szkoła Podstawowa 20-515 Zemborzyce Tereszyńskie 2;2011;410;410;7;403;20.39;1.71;2051;1077;1077;14;1063;52.51;1.30
49243;060909;1;lokal Szkoły Podstawowej 23-110 Krzczonów ul. Leśna 1;833;180;180;10;170;21.61;5.56;815;397;397;11;386;48.71;2.77
49244;060909;2;lokal Domu Kultury 23-110 Żuków Drugi 5;538;82;82;4;78;15.24;4.88;526;205;205;8;197;38.97;3.90
49245;060909;3;lokal Remizy OSP 23-110 Krzczonów Trzeci 88;529;89;89;1;88;16.82;1.12;523;229;229;6;223;43.79;2.62
49246;060909;4;Remiza OSP, Kosarzew Dolny 23-110 Kosarzew Dolny 96;589;101;101;2;99;17.15;1.98;574;229;229;6;223;39.90;2.62
49247;060909;5;lokal Remizy OSP 23-110 Sobieska Wola Druga 120;446;80;80;2;78;17.94;2.50;442;195;195;9;186;44.12;4.62
49248;060909;6;lokal Szkoły Podstawowej 23-110 Krzczonów ul. Leśna 1;1044;185;185;7;178;17.72;3.78;1042;470;470;13;457;45.11;2.77
49249;060910;1;Gminny Ośrodek Kultury, Sportu i Rekreacji 24-220 Niedrzwica Duża Lubelska 10;1323;308;308;8;300;23.28;2.60;1321;739;739;21;718;55.94;2.84
49250;060910;2;Szkoła Podstawowa 24-220 Niedrzwica Duża Lubelska 21a;1981;534;534;21;513;26.96;3.93;2145;1117;1117;26;1091;52.07;2.33
49251;060910;3;Dom Ludowy-Społeczne Liceum 24-220 Niedrzwica Kościelna Krakowska 83;1547;409;409;7;402;26.44;1.71;1548;846;846;21;825;54.65;2.48
49252;060910;4;Szkoła Podstawowa 24-220 Sobieszczany 35;763;171;171;8;163;22.41;4.68;752;364;364;13;351;48.40;3.57
49253;060910;5;Szkoła Podstawowa 24-220 Strzeszkowice Duże 255A;829;180;180;1;179;21.71;0.56;840;468;468;16;452;55.71;3.42
49254;060910;6;Szkoła Podstawowa 24-220 Radawczyk 79;363;85;85;1;84;23.42;1.18;361;206;206;5;201;57.06;2.43
49255;060910;7;Szkoła Podstawowa 20-515 Krężnica Jara 321;1132;348;348;3;345;30.74;0.86;1143;655;655;5;650;57.31;0.76
49256;060910;8;Szkoła Podstawowa 24-220 Marianka 97;506;70;70;4;66;13.83;5.71;503;201;201;12;189;39.96;5.97
49257;060910;9;Szkoła Podstawowa 24-220 Czółna 103;363;81;81;4;77;22.31;4.94;374;173;173;7;166;46.26;4.05
49258;060911;1;Lokal Szkoły Podstawowej 21-003 Ciecierzyn 121;1749;378;378;6;372;21.61;1.59;1764;903;903;13;890;51.19;1.44
49259;060911;2;Lokal Szkoły Podstawowej 21-003 Dys 89;1767;448;448;11;437;25.35;2.46;1810;1124;1124;25;1099;62.10;2.22
49260;060911;3;Lokal Szkoły Podstawowej 21-003 Jakubowice Konińskie Szkolna 69;1537;447;447;7;440;29.08;1.57;1668;1135;1135;15;1120;68.05;1.32
49261;060911;4;Gminny Ośrodek Kultury 21-025 Niemce ul. Różana 10;2058;443;443;8;435;21.53;1.81;2107;1155;1155;33;1122;54.82;2.86
49262;060911;5;Lokal Świetlicy 21-003 Elizówka 21A;694;232;232;7;225;33.43;3.02;732;456;456;18;438;62.30;3.95
49263;060911;6;Lokal Remizy OSP 21-025 Nasutów 99D;1057;221;221;2;219;20.91;0.90;1069;577;577;11;566;53.98;1.91
49264;060911;7;Lokal Szkoły Podstawowej w Rudce Kozłowieckiej 21-025 Rudka Kozłowiecka 30B;1043;190;190;8;182;18.22;4.21;1069;535;535;15;520;50.05;2.80
49265;060911;8;Lokal Szkoły Podstawowej w Krasienin-Kolonia 21-025 Krasienin-Kolonia 39;1877;480;480;53;427;25.57;11.04;1922;1035;1035;23;1012;53.85;2.22
49266;060911;9;Urząd Gminy 21-025 Niemce ul. Lubelska 121;1211;249;249;13;236;20.56;5.22;1180;611;611;10;601;51.78;1.64
49267;060911;10;Lokal Szkoły Podstawowej w Niemcach 21-025 Niemce ul. Szkolna 23;968;168;168;3;165;17.36;1.79;989;556;556;8;548;56.22;1.44
49268;060911;11;Lokal Świetlicy w Dziuchowie 21-025 Dziuchów 6A;280;71;71;0;71;25.36;0.00;284;149;149;2;147;52.46;1.34
49269;060912;1;Publiczna Szkoła Podstawowa 23-107 Żabia Wola 77;1200;318;318;6;312;26.50;1.89;1195;609;609;6;603;50.96;0.99
49270;060912;2;Publiczna Szkoła Podstawowa 23-107 Osmolice Pierwsze 160;884;187;187;3;184;21.15;1.60;905;375;375;14;361;41.44;3.73
49271;060912;3;Zespół Szkół Techniki Rolniczej 23-107 Piotrowice 183;1004;175;175;5;170;17.43;2.86;1012;460;460;16;444;45.45;3.48
49272;060912;4;Zespół Szkół Publicznych 23-107 Bystrzyca Stara 89;822;193;193;5;188;23.48;2.59;821;423;423;8;415;51.52;1.89
49273;060912;5;Urząd Gminy Strzyżewice 23-107 Strzyżewice 109;1097;229;229;6;223;20.88;2.62;1098;455;455;13;442;41.44;2.86
49274;060912;6;Publiczna Szkoła Podstawowa w Strzyżewicach-Rechcie 23-107 Strzyżewice 13;388;88;88;1;87;22.68;1.14;389;177;177;8;169;45.50;4.52
49275;060912;7;Publiczna Szkoła Podstawowa 23-107 Kiełczewice Górne 41;739;165;165;1;164;22.33;0.61;696;322;322;2;320;46.26;0.62
49276;060913;1;Urząd Gminy 24-204 Wojciechów 5;548;92;92;5;87;16.79;5.43;543;238;238;8;230;43.83;3.36
49277;060913;2;Zespół Szkół 24-204 Wojciechów 8;987;157;157;3;154;15.91;1.91;989;412;412;5;407;41.66;1.21
49278;060913;3;Szkoła Podstawowa 24-204 Palikije Pierwsze 85B;1228;257;257;6;251;20.93;2.33;1217;578;578;20;558;47.49;3.46
49279;060913;4;Szkoła Podstawowa 24-150 Miłocin 7;365;116;116;7;109;31.78;6.03;372;206;206;3;203;55.38;1.46
49280;060913;5;Szkoła Podstawowa 24-204 Maszki 75;616;129;129;1;128;20.94;0.78;610;279;279;18;261;45.74;6.45
49281;060913;6;Szkoła Podstawowa 24-204 Łubki 58;1053;165;165;10;155;15.67;6.06;1049;441;441;18;423;42.04;4.08
49282;060914;1;Szkoła Podstawowa 20-258 Łuszczów Drugi 102;1175;270;270;8;262;22.98;2.96;1217;633;633;26;607;52.01;4.11
49283;060914;2;Szkoła Podstawowa 20-258 Kolonia Pliszczyn 100;924;238;238;11;227;25.76;4.62;948;502;502;39;463;52.95;7.77
49284;060914;3;Szkoła Podstawowa 20-258 Sobianowice 32;337;52;52;2;50;15.43;3.85;340;158;158;3;155;46.47;1.90
49285;060914;4;Szkoła Podstawowa 20-258 Świdnik Mały 39;1393;354;354;6;348;25.41;1.69;1411;774;774;17;757;54.85;2.20
49286;060914;5;Urząd Gminy Wólka 20-258 Jakubowice Murowane 8;867;252;252;9;243;29.07;3.57;868;519;519;12;507;59.79;2.31
49287;060914;6;budynek po Szkole Podstawowej 20-258 Rudnik 27;361;100;100;1;99;27.70;1.00;379;231;231;5;226;60.95;2.16
49288;060914;7;Szkoła Podstawowa 20-258 Turka 294;1103;209;209;5;204;18.95;2.39;1127;592;592;22;570;52.53;3.72
49289;060914;8;Remiza, Strażnica OSP 20-258 Bystrzyca 93;330;65;65;0;65;19.70;0.00;343;157;157;6;151;45.77;3.82
49290;060914;9;Gminna Biblioteka Publiczna - Filia Turka 20-258 Turka ul. Konwaliowa 3;1748;490;490;14;476;28.03;2.86;1855;1134;1134;9;1125;61.13;0.79
49291;060915;1;Remiza OSP 23-145 Antoniówka 125;272;50;50;2;48;18.38;4.00;262;104;104;2;102;39.69;1.92
49292;060915;2;Remiza OSP 23-145 Giełczew Pierwsza 1;958;187;187;2;185;19.52;1.07;954;398;398;8;390;41.72;2.01
49293;060915;3;Szkoła Podstawowa 23-145 Maciejów Stary 54A;582;120;120;2;118;20.62;1.67;601;244;244;2;242;40.60;0.82
49294;060915;4;Remiza OSP 23-145 Biskupie 58;272;72;72;2;70;26.47;2.78;290;134;134;4;130;46.21;2.99
49295;060915;5;Remiza-Świetlica 23-145 Nowy Dwór 23A;417;127;127;0;127;30.46;0.00;422;212;212;1;211;50.24;0.47
49296;060915;6;Biblioteka Gminna w Wysokiem 23-145 Wysokie ul. Rynek Jabłonowskich 3;1417;292;292;22;270;20.61;7.53;1424;613;613;28;585;43.05;4.57
49297;060916;1;Szkoła Podstawowa 23-155 Dębina 20;748;151;151;3;148;20.19;1.99;737;359;359;14;345;48.71;3.90
49298;060916;2;Szkoła Podstawowa 23-155 Ponikwy 51;313;66;66;5;61;21.09;7.58;316;135;135;8;127;42.72;5.93
49299;060916;3;Gimnazjum 23-155 Tarnawka Pierwsza 175;471;78;78;2;76;16.56;2.56;464;172;172;3;169;37.07;1.74
49300;060916;4;Urząd Gminy 23-155 Zakrzew 26;1079;213;213;9;204;19.74;4.23;1058;452;452;11;441;42.72;2.43
49301;061001;1;Remiza Ochotniczej Straży Pożarnej 21-070 Janowica 17A;337;79;79;2;77;23.44;2.53;341;146;146;6;140;42.82;4.11
49302;061001;2;Zespół Szkół w Cycowie 21-070 Cyców ul. Chełmska 44;765;110;110;6;104;14.38;5.45;778;319;319;11;308;41.00;3.45
49303;061001;3;Świetlica Wiejska 21-070 Barki 18;344;56;56;2;54;16.28;3.57;346;124;124;5;119;35.84;4.03
49304;061001;4;Szkoła Podstawowa 21-070 Malinówka 62;246;31;31;0;31;12.60;0.00;249;93;93;3;90;37.35;3.23
49305;061001;5;Remiza Ochotniczej Straży Pożarnej 21-070 Nowy Stręczyn 40A;388;60;60;2;58;15.46;3.33;395;134;134;7;127;33.92;5.22
49306;061001;6;Szkoła Podstawowa 21-070 Bekiesza 31;273;26;26;3;23;9.52;11.54;274;57;57;1;56;20.80;1.75
49307;061001;7;Szkoła Podstawowa 21-070 Głębokie 4;605;131;131;5;126;21.65;3.82;605;308;308;7;301;50.91;2.27
49308;061001;8;Świetlica Wiejska 21-070 Garbatówka 7;412;59;59;3;56;14.32;5.08;400;168;168;6;162;42.00;3.57
49309;061001;9;Świetlica Wiejska 21-070 Kopina 60;332;52;52;0;52;15.66;0.00;346;140;140;4;136;40.46;2.86
49310;061001;10;Remiza Ochotniczej Straży Pożarnej 21-070 Świerszczów 26;596;110;110;4;106;18.46;3.64;610;227;227;9;218;37.21;3.96
49311;061001;11;Zespół Szkół w Cycowie 21-070 Cyców Chełmska 44;1416;258;258;8;250;18.22;3.10;1417;710;710;30;680;50.11;4.23
49312;061001;12;Szkoła Podstawowa 21-070 Stawek 5;423;69;69;3;66;16.31;4.35;418;167;167;15;152;39.95;8.98
49313;061002;1;Hala sportowo - widowiskowa 21-075 Ludwin-Kolonia 20A;970;196;196;9;187;20.21;4.59;971;474;474;22;452;48.82;4.64
49314;061002;2;Szkoła Podstawowa 21-075 Zezulin Niższy 70;844;185;185;7;178;21.92;3.78;845;419;419;18;401;49.59;4.30
49315;061002;3;Szkoła Podstawowa 21-075 Piaseczno 33;775;116;116;5;111;14.97;4.31;777;303;303;10;293;39.00;3.30
49316;061002;4;Szkoła Podstawowa 21-075 Dratów 84;899;107;107;2;105;11.90;1.87;910;361;361;16;345;39.67;4.43
49317;061002;5;Remiza OSP 21-075 Kaniwola 76;677;101;101;6;95;14.92;5.94;677;273;273;26;247;40.32;9.52
49318;061003;1;Urząd Stanu Cywilnego 21-010 Łęczna Plac Kościuszki 28;1454;228;228;8;220;15.68;3.51;1467;700;700;24;676;47.72;3.43
49319;061003;2;Szkoła Podstawowa 21-010 Zofiówka 85;817;174;174;2;172;21.30;1.15;831;436;436;13;423;52.47;2.98
49320;061003;3;Szkoła Podstawowa 21-010 Ciechanki Łęczyńskie 13;951;167;167;7;160;17.56;4.19;931;408;408;11;397;43.82;2.70
49321;061003;4;Sala konferencyjna Urzędu Miejskiego 21-010 Łęczna Plac Kościuszki 22;1127;274;274;7;267;24.31;2.55;1144;559;559;23;536;48.86;4.11
49322;061003;5;Gimnazjum Nr 1 21-010 Łęczna ul. Marszałka Piłsudskiego 12;900;254;254;1;253;28.22;0.39;909;573;573;2;571;63.04;0.35
49323;061003;6;Osiedlowy Dom Kultury 21-010 Łęczna ul. Górnicza 12;1446;311;311;11;300;21.51;3.54;1410;702;702;16;686;49.79;2.28
49324;061003;7;Zespół Szkół Nr 1 21-010 Łęczna ul. Szkolna 3;1274;276;276;7;269;21.66;2.54;1255;687;687;17;670;54.74;2.47
49325;061003;8;Zespół Szkół Nr 1 21-010 Łęczna ul. Szkolna 3;1507;386;386;10;376;25.61;2.59;1452;806;806;11;795;55.51;1.36
49326;061003;9;Szkoła Podstawowa Nr 2 - nauczanie zintegrowane 21-010 Łęczna ul. Staszica 17;1379;278;278;8;270;20.16;2.88;1350;679;679;16;663;50.30;2.36
49327;061003;10;Centrum Kultury 21-010 Łęczna ul. Obrońców Pokoju 1;1143;288;288;11;277;25.20;3.82;1127;611;611;11;600;54.21;1.80
49328;061003;11;Biblioteka 21-010 Łęczna ul. Obrońców Pokoju 1;1746;394;394;19;375;22.57;4.82;1649;911;911;17;894;55.25;1.87
49329;061003;12;Budynek szkoły 21-010 Łęczna ul. Bogdanowicza 9;1562;368;368;14;354;23.56;3.80;1474;843;843;16;827;57.19;1.90
49330;061003;13;Zespół Szkół nr 2 21-010 Łęczna ul. Jaśminowa 6;1037;231;231;3;228;22.28;1.30;1004;538;538;16;522;53.59;2.97
49331;061003;14;Zespół Szkół nr 2 21-010 Łęczna ul. Jaśminowa 6;1381;285;285;9;276;20.64;3.16;1308;717;717;27;690;54.82;3.77
49332;061003;15;Zespół Szkół nr 2 21-010 Łęczna ul. Jaśminowa 6;1573;321;321;10;311;20.41;3.12;1510;784;784;25;759;51.92;3.19
90302;061003;16;Szpital Powiatowy 21-010 Łęczna Krasnystawska 52;93;30;30;1;29;32.26;3.33;97;39;39;3;36;40.21;7.69
49333;061004;1;Szkoła Podstawowa 21-020 Łańcuchów 20;560;121;121;7;114;21.61;5.79;568;241;241;12;229;42.43;4.98
49334;061004;2;Środowiskowy Dom Samopomocy 21-020 Antoniów 48;684;91;91;3;88;13.30;3.30;667;232;232;9;223;34.78;3.88
49335;061004;3;Zespół Szkół Nr 2 Liceum Ogólnokształcące 21-020 Milejów-Osada Partyzancka 62;1428;200;200;11;189;14.01;5.50;1399;587;587;19;568;41.96;3.24
49336;061004;4;Urząd Gminy 21-020 Milejów-Osada Partyzancka 13a;1375;283;283;12;271;20.58;4.24;1382;635;635;16;619;45.95;2.52
49337;061004;5;Zespół Szkół Nr 2 Szkoła Podstawowa 21-020 Jaszczów 24;963;184;184;5;179;19.11;2.72;958;410;411;9;401;42.80;2.20
49338;061004;6;Szkoła Podstawowa 21-020 Białka 122;536;58;58;4;54;10.82;6.90;542;182;182;16;166;33.58;8.79
49339;061004;7;Szkoła Podstawowa 21-020 Łysołaje 120;886;138;138;8;130;15.58;5.80;900;366;366;15;351;40.67;4.10
49340;061004;8;Remiza OSP 21-020 Starościce 31;384;72;72;3;69;18.75;4.17;379;134;134;9;125;35.36;6.72
49341;061004;9;Budynek po byłej szkole 21-020 Maryniów 11a;563;56;56;6;50;9.95;10.71;550;169;169;11;158;30.73;6.51
49342;061005;1;Szkoła Podstawowa 21-013 Ostrówek 154;941;224;224;4;220;23.80;1.79;940;487;487;11;476;51.81;2.26
49343;061005;2;Szkoła Podstawowa 21-013 Zawadów 158;551;93;93;1;92;16.88;1.08;552;259;259;3;256;46.92;1.16
49344;061005;3;Szkoła Podstawowa 21-013 Nadrybie-Dwór 88;636;105;105;4;101;16.51;3.81;631;308;308;12;296;48.81;3.90
49345;061005;4;Szkoła Podstawowa 21-013 Puchaczów Mickiewicza 19;884;192;192;4;188;21.72;2.08;876;462;462;6;456;52.74;1.30
49346;061005;5;Szkoła Podstawowa 21-013 Puchaczów Mickiewicza 19;698;145;145;6;139;20.77;4.14;733;389;389;6;383;53.07;1.54
49347;061005;6;Szkoła Podstawowa 21-013 Albertów 69;579;93;93;3;90;16.06;3.23;589;263;263;10;253;44.65;3.80
49348;061006;1;Gimnazjum 21-077 Spiczyn 8;1277;326;326;12;314;25.53;3.68;1258;649;649;15;634;51.59;2.31
49349;061006;2;Szkoła Podstawowa 21-077 Charlęż-Kolonia 17;596;77;77;2;75;12.92;2.60;607;246;246;10;236;40.53;4.07
49350;061006;3;Szkoła Podstawowa 21-077 Jawidz 109B;1096;200;200;8;192;18.25;4.00;1078;454;454;16;438;42.12;3.52
49351;061006;4;Szkoła Podstawowa 21-077 Zawieprzyce 121;641;95;95;6;89;14.82;6.32;643;241;241;11;230;37.48;4.56
49352;061006;5;Szkoła Podstawowa 21-077 Januszówka 33A;744;117;117;2;115;15.73;1.71;755;318;318;7;311;42.12;2.20
49353;061101;1;Przedszkole Miejskie nr 2 21-400 Łuków ul. Piłsudskiego 18;844;156;156;6;150;18.48;3.85;849;401;401;9;392;47.23;2.24
49354;061101;2;Gimnazjum nr 3 21-400 Łuków ul. Konarskiego 3;1241;218;218;8;210;17.57;3.67;1219;508;508;11;497;41.67;2.17
49355;061101;3;Szkoła Podstawowa nr 5 21-400 Łuków ul. Siedlecka 56;1358;313;313;11;302;23.05;3.51;1316;747;747;5;742;56.76;0.67
49356;061101;4;Szkoła Podstawowa nr 5 21-400 Łuków ul. Siedlecka 56;1308;352;352;4;348;26.91;1.14;1282;692;692;9;683;53.98;1.30
49357;061101;5;Przedszkole Integracyjne nr 1 21-400 Łuków Al.T.Kościuszki 21B;984;272;272;5;267;27.64;1.84;1022;586;586;18;568;57.34;3.07
49358;061101;6;Agencja Restrukturyzacji i Modernizacji Rolnictwa Biuro Powiatowe 21-400 Łuków ul. Przemysłowa 15;966;225;225;8;217;23.29;3.56;954;535;535;9;526;56.08;1.68
49359;061101;7;Urząd Miasta Łuków 21-400 Łuków ul. Piłsudskiego 17;1467;404;404;9;395;27.54;2.23;1433;864;864;20;844;60.29;2.31
49360;061101;8;Zespół Szkół nr 1 21-400 Łuków Al.T.Kościuszki 10;1350;373;373;12;361;27.63;3.22;1300;704;704;15;689;54.15;2.13
49361;061101;9;Zespół Szkół nr 1 z oddziałami integracyjnymi 21-400 Łuków ul. 11 Listopada 20;1407;370;370;10;360;26.30;2.70;1395;746;746;22;724;53.48;2.95
49362;061101;10;Zespół Szkół nr 1 z oddziałami integracyjnymi 21-400 Łuków ul. 11 Listopada 20;998;315;315;7;308;31.56;2.22;957;549;549;13;536;57.37;2.37
49363;061101;11;Łukowski Ośrodek Kultury 21-400 Łuków ul. Kardynała Wyszyńskiego 20;1071;198;198;3;195;18.49;1.52;1013;509;509;13;496;50.25;2.55
49364;061101;12;Powiatowy Urząd Pracy 21-400 Łuków ul. Piłsudskiego 14;1030;227;227;13;214;22.04;5.73;1026;477;477;18;459;46.49;3.77
49365;061101;13;Zespół Szkół nr 2 21-400 Łuków ul. Warszawska 88;1215;231;231;2;229;19.01;0.87;1218;580;580;18;562;47.62;3.10
49366;061101;14;Zakład Gospodarki Lokalowej 21-400 Łuków ul. Warszawska 24;1011;289;289;8;281;28.59;2.77;988;569;569;16;553;57.59;2.81
49367;061101;15;Medyczne Studium Zawodowe 21-400 Łuków ul. Kryńskiego 10;914;240;240;11;229;26.26;4.58;926;519;519;9;510;56.05;1.73
49368;061101;16;Zespół Szkolno-Przedszkolny 21-400 Łuków ul. Partyzantów 15;1140;327;327;10;317;28.68;3.06;1092;644;644;1;643;58.97;0.16
49369;061101;17;Przedsiębiorstwo Usług i Inżynierii Komunalnej 21-400 Łuków ul. Partyzantów 6b;933;262;262;4;258;28.08;1.53;902;510;510;4;506;56.54;0.78
49370;061101;18;Gimnazjum nr 2 21-400 Łuków ul. Cieszkowizna 13;1123;248;248;2;246;22.08;0.81;1127;585;585;17;568;51.91;2.91
49371;061101;19;Przedsiębiorstwo Energetyki Cieplnej 21-400 Łuków ul. Świderska 42;1337;241;241;3;238;18.03;1.24;1338;738;738;11;727;55.16;1.49
49372;061101;20;Zespół Szkolno-Przedszkolny 21-400 Łuków ul. Stasia i Nel 2;1264;309;309;7;302;24.45;2.27;1195;692;692;10;682;57.91;1.45
49373;061101;21;Zespół Szkolno-Przedszkolny 21-400 Łuków ul. Stasia i Nel 2;1304;272;272;5;267;20.86;1.84;1274;680;680;21;659;53.38;3.09
90303;061101;22;SP ZOZ 21-400 Łuków ul. A. Rogalińskiego 3;83;21;21;1;20;25.30;4.76;116;56;56;6;50;48.28;10.71
49374;061102;1;Urząd Miasta 21-450 Stoczek Łukowski pl.T.Kościuszki 1;1334;290;290;6;284;21.74;2.07;1306;653;653;26;627;50.00;3.98
49375;061102;2;Zespół Oświatowy w Stoczku Łukowskim 21-450 Stoczek Łukowski Plac Wielgoska Stanisława 5;862;185;185;6;179;21.46;3.24;851;456;456;7;449;53.58;1.54
49376;061103;1;Szkoła Podstawowa w Adamowie 21-412 Adamów Szkolna 4A;1815;441;441;22;419;24.30;4.99;1800;946;946;21;925;52.56;2.22
49377;061103;2;Dom Kultury w Woli Gułowskiej 21-481 Wola Gułowska 68;1331;215;215;6;209;16.15;2.79;1332;617;617;31;586;46.32;5.02
49378;061103;3;Świetlica wiejska w Gułowie 21-412 Gułów 48A;389;73;73;2;71;18.77;2.74;388;163;163;6;157;42.01;3.68
49379;061103;4;Szkoła Podstawowa w Zakępiu 21-412 Zakępie 17A;311;60;60;3;57;19.29;5.00;308;143;143;6;137;46.43;4.20
49380;061103;5;Świetlica wiejska w Lipinach 21-412 Lipiny 44;224;31;31;1;30;13.84;3.23;211;95;95;6;89;45.02;6.32
49381;061103;6;Budynek komunalny Hordzieżka Nr 60 21-412 Hordzieżka 60;310;47;47;5;42;15.16;10.64;307;131;131;13;118;42.67;9.92
49382;061103;7;Świetlica wiejska w Żurawcu 21-412 Żurawiec 19;297;57;57;0;57;19.19;0.00;294;134;134;4;130;45.58;2.99
49383;061104;1;Zespół Szkół w Okrzei 21-480 Okrzeja ul. Szkolna 2;1225;174;174;16;158;14.20;9.20;1225;487;487;21;466;39.76;4.31
49384;061104;2;Szkoła Podstawowa w Woli Okrzejskiej 21-480 Wola Okrzejska 105A;712;95;95;9;86;13.34;9.47;706;246;246;16;230;34.84;6.50
49385;061104;3;Zespół Szkół w Hucie Dąbrowie 21-470 Huta-Dąbrowa ul. Hutnicza 30;1690;214;214;8;206;12.66;3.74;1682;672;672;15;657;39.95;2.23
49386;061104;4;Szkoła Podstawowa w Radoryżu Smolanym 21-470 Radoryż Smolany 26;918;115;115;7;108;12.53;6.09;930;365;365;16;349;39.25;4.38
49387;061104;5;Szkoła Podstawowa w Fiukówce 21-470 Fiukówka 9;784;126;126;7;119;16.07;5.56;781;295;295;18;277;37.77;6.10
49388;061104;6;Zespół Szkół w Krzywdzie 21-470 Krzywda ul. Osiedlowa 5;1772;253;253;6;247;14.28;2.37;1747;759;759;26;733;43.45;3.43
49389;061104;7;Świetlica wiejska w Szczałbie 21-470 Szczałb 8;529;70;70;3;67;13.23;4.29;535;213;213;10;203;39.81;4.69
49390;061104;8;Gimnazjum w Radoryżu Kościelnym 21-470 Radoryż Kościelny 42;626;85;85;4;81;13.58;4.71;623;214;214;5;209;34.35;2.34
49391;061105;1;Szkoła Podstawowa w Aleksandrowie 21-400 Aleksandrów 54;520;99;99;1;98;19.04;1.01;507;241;241;9;232;47.53;3.73
49392;061105;2;Zespół Szkół w Dąbiu 21-400 Dąbie 83C;1035;205;205;5;200;19.81;2.44;1017;439;439;21;418;43.17;4.78
49393;061105;3;Zespół Szkół w Gołąbkach 21-400 Gołąbki 33;972;223;223;5;218;22.94;2.24;991;533;533;11;522;53.78;2.06
49394;061105;4;Zespół Szkół w Gręzówce 21-400 Gręzówka 41;1800;268;268;11;257;14.89;4.10;1796;848;848;32;816;47.22;3.77
49395;061105;5;Zespół Szkół w Krynce 21-400 Krynka 250;1090;247;247;9;238;22.66;3.64;1084;553;553;15;538;51.01;2.71
49396;061105;6;Zespół Szkół w Gołaszynie 21-400 Gołaszyn 29;796;166;166;13;153;20.85;7.83;781;386;386;9;377;49.42;2.33
49397;061105;7;Przedszkole w Łazach 21-400 Łazy 383;918;221;221;9;212;24.07;4.07;946;484;484;16;468;51.16;3.31
49398;061105;8;Szkoła Filialna w Turzych Rogach 21-400 Turze Rogi 50;406;82;82;4;78;20.20;4.88;416;205;205;14;191;49.28;6.83
49399;061105;9;Zespół Szkół w Czerśli 21-400 Czerśl 1;950;201;201;6;195;21.16;2.99;941;455;455;13;442;48.35;2.86
49400;061105;10;Zespół Szkół w Strzyżewie 21-400 Strzyżew 128;593;108;108;5;103;18.21;4.63;587;241;241;18;223;41.06;7.47
49401;061105;11;Zespół Szkół w Świdrach 21-400 Świdry 99;1007;179;179;6;173;17.78;3.35;1007;528;528;32;496;52.43;6.06
49402;061105;12;Zespół Szkół w Rolach 21-400 Role 114;806;136;136;4;132;16.87;2.94;814;333;333;12;321;40.91;3.60
49403;061105;13;Zespół Szkół w Zalesiu 21-400 Zalesie 141;1472;299;299;12;287;20.31;4.01;1476;748;748;32;716;50.68;4.28
49404;061105;14;Szkoła Podstawowa w Zarzeczu Łukowskim 21-400 Zarzecz Łukowski 54;442;92;92;4;88;20.81;4.35;426;173;173;8;165;40.61;4.62
49405;061105;15;Świetlica w Sulejach 21-400 Suleje 54;618;179;179;12;167;28.96;6.70;614;361;361;14;347;58.79;3.88
49406;061106;1;Świetlica w Charlejowie 21-413 Charlejów 57;435;79;79;2;77;18.16;2.53;409;182;182;6;176;44.50;3.30
49407;061106;2;Szkoła Podstawowa w Krzówce 21-413 Krzówka 37;378;56;56;0;56;14.81;0.00;377;166;166;5;161;44.03;3.01
49408;061106;3;Budynek byłej Szkoły Podstawowej 21-413 Wola Bukowska 40;439;33;33;1;32;7.52;3.03;424;143;143;9;134;33.73;6.29
49409;061106;4;Zespół Szkół w Serokomli 21-413 Serokomla ul. Warszawska 28;1218;214;214;6;208;17.57;2.80;1215;566;566;22;544;46.58;3.89
49410;061106;5;Zespół Szkół w Serokomli 21-413 Serokomla ul. Warszawska 28;915;129;129;7;122;14.10;5.43;901;399;399;21;378;44.28;5.26
49411;061107;1;Centrum Spoleczno-Kulturalne w Staninie 21-422 Stanin 105;1846;424;424;15;409;22.97;3.54;1859;923;923;29;894;49.65;3.14
49412;061107;2;Centrum Społeczno-Kulturalne w Tuchowiczu 21-421 Tuchowicz 47A;1436;272;272;8;264;18.94;2.94;1421;694;694;28;666;48.84;4.03
49413;061107;3;Zespół Szkół w Zagoździu 21-421 Lipniak 5;864;164;164;8;156;18.98;4.88;866;430;430;19;411;49.65;4.42
49414;061107;4;Szkoła Podstawowa w Zastawiu 21-421 Zastawie 9;773;122;122;7;115;15.78;5.74;767;316;316;26;290;41.20;8.23
49415;061107;5;Zespół Szkół w Jeleńcu 21-421 Jeleniec 45;425;130;130;5;125;30.59;3.85;420;219;219;18;201;52.14;8.22
49416;061107;6;Budynek byłej Szkoły Podstawowej we Wnętrznem 21-421 Wnętrzne 35A;320;62;62;2;60;19.38;3.23;316;125;125;2;123;39.56;1.60
49417;061107;7;Szkoła Podstawowa w Sarnowie 21-421 Sarnów 19B;925;253;253;17;236;27.35;6.72;932;482;482;28;454;51.72;5.81
49418;061107;8;Budynek Wiejski w Kopinie 21-421 Kopina 41A;517;118;118;2;116;22.82;1.69;517;234;234;13;221;45.26;5.56
49419;061107;9;Szkoła Podstawowa w Jonniku 21-421 Jonnik 20;559;66;66;1;65;11.81;1.52;561;215;215;8;207;38.32;3.72
49420;061108;1;Urząd Gminy w Stoczku Łukowskim 21-450 Stoczek Łukowski Plac T. Kościuszki 1;691;138;138;3;135;19.97;2.17;679;313;313;10;303;46.10;3.19
49421;061108;2;Zespół Oświatowy w Jedlance 21-450 Jedlanka ul. Warszawska 13;555;113;113;2;111;20.36;1.77;557;300;300;10;290;53.86;3.33
49422;061108;3;Szkoła Podstawowa w Kamionce 21-450 Kamionka 24;474;82;82;4;78;17.30;4.88;471;204;204;5;199;43.31;2.45
49423;061108;4;Zespół Oświatowy w Kisielsku 21-450 Kisielsk 84;714;70;70;1;69;9.80;1.43;705;316;316;4;312;44.82;1.27
49424;061108;5;Zespół Oświatowy w Starej Prawdzie 21-450 Stara Prawda 1;1023;118;118;2;116;11.53;1.69;1018;473;473;13;460;46.46;2.75
49425;061108;6;Szkoła Filialna w Toczyskach 21-450 Toczyska 101;447;65;65;4;61;14.54;6.15;439;178;178;6;172;40.55;3.37
49426;061108;7;Zespół Oświatowy w Starej Róży 21-450 Stara Róża 35;705;145;145;6;139;20.57;4.14;694;297;297;20;277;42.80;6.73
49427;061108;8;Zespół Oświatowy Starych Kobiałkach 21-450 Stare Kobiałki 18;1276;191;191;6;185;14.97;3.14;1262;572;572;12;560;45.32;2.10
49428;061108;9;Remiza OSP w Jamielnem 21-450 Jamielne 37;357;56;56;4;52;15.69;7.14;346;135;135;3;132;39.02;2.22
49429;061108;10;Zespół Oświatowy w Szyszkach 21-450 Szyszki 66;374;61;61;3;58;16.31;4.92;368;146;146;8;138;39.67;5.48
49430;061109;1;Publiczne Gimnazjum w Trzebieszowie 21-404 Trzebieszów Drugi 94A;1165;259;259;8;251;22.23;3.09;1155;551;551;18;533;47.71;3.27
49431;061109;2;Szkoła Podstawowa w Mikłusach 21-404 Mikłusy 37;721;268;268;0;268;37.17;0.00;707;388;388;7;381;54.88;1.80
49432;061109;3;Szkoła Podstawowa w Celinach 21-404 Celiny 86;758;128;128;3;125;16.89;2.34;756;384;384;7;377;50.79;1.82
49433;061109;4;Szkoła Podstawowa w Dębowicy 21-404 Dębowica 70;722;139;139;4;135;19.25;2.88;726;387;387;12;375;53.31;3.10
49434;061109;5;Szkoła Podstawowa w Szaniawach 21-404 Szaniawy-Matysy 4;900;214;214;9;205;23.78;4.21;893;483;483;21;462;54.09;4.35
49435;061109;6;Gminny Ośrodek Kultury i Wypoczynku w Trzebieszowie 21-404 Trzebieszów Drugi 31;1165;263;263;7;256;22.58;2.66;1162;618;618;12;606;53.18;1.94
49436;061109;7;Szkoła Podstawowa w Jakuszach 21-404 Jakusze 56;492;187;187;1;186;38.01;0.53;481;276;276;5;271;57.38;1.81
49437;061110;1;Szkoła Podstawowa w Wólce Domaszewskiej 21-411 Wólka Domaszewska 79;990;144;144;8;136;14.55;5.56;997;413;413;11;402;41.42;2.66
49438;061110;2;Świetlica w Burcu 21-411 Burzec 125;557;67;67;6;61;12.03;8.96;542;196;196;13;183;36.16;6.63
49439;061110;3;Szkoła Podstawowa w Woli Bystrzyckiej 21-411 Wola Bystrzycka 84;397;59;59;6;53;14.86;10.17;390;170;170;8;162;43.59;4.71
49440;061110;4;Szkoła Podstawowa w Oszczepalinie Drugim 21-411 Oszczepalin Drugi 31;576;75;75;0;75;13.02;0.00;585;200;200;13;187;34.19;6.50
49441;061110;5;Urząd Gminy Wojcieszków 21-411 Wojcieszków ul. Kościelna 38;1231;238;238;15;223;19.33;6.30;1215;511;511;21;490;42.06;4.11
49442;061110;6;Świetlica w Wojcieszkowie 21-411 Wojcieszków Kościelna 38;1047;170;170;3;167;16.24;1.76;1032;459;459;21;438;44.48;4.58
49443;061110;7;Szkoła Podstawowa w Siedliskach 21-411 Siedliska 78;413;62;62;1;61;15.01;1.61;408;153;153;2;151;37.50;1.31
49444;061110;8;Szkoła Podstawowa w Hermanowie 21-411 Hermanów 12;371;81;81;0;81;21.83;0.00;368;174;174;2;172;47.28;1.15
49445;061111;1;Szkoła Podstawowa w Jarczewie 21-426 Jarczew 55;871;118;118;5;113;13.55;4.24;836;413;413;14;399;49.40;3.39
49446;061111;2;Szkoła Podstawowa w Lisikierzu 21-426 Lisikierz 22a;1160;147;147;7;140;12.67;4.76;1142;478;478;19;459;41.86;3.97
49447;061111;3;Szkoła Podstawowa w Wandowie 21-426 Wandów 75;1144;114;114;10;104;9.97;8.77;1120;452;452;20;432;40.36;4.42
49448;061111;4;Sala Konferencyjna Urzędu Gminy w Woli Mysłowskiej 21-426 Wola Mysłowska 57;909;110;110;5;105;12.10;4.55;906;340;340;10;330;37.53;2.94
49449;061201;1;Publiczne Gimnazjum im. Jana Pawła II Chodel 24-350 Chodel ul. Józefa Piłsudskiego 1;1137;258;258;8;250;22.69;3.10;1124;606;606;25;581;53.91;4.13
49450;061201;2;Osiny 24-350 Osiny 14;408;70;70;3;67;17.16;4.29;404;169;169;5;164;41.83;2.96
49451;061201;3;Gminny Ośrodek Kultury Chodel 24-350 Chodel ul. Rynek 45;1207;173;173;10;163;14.33;5.78;1195;430;430;22;408;35.98;5.12
49452;061201;4;Godów 24-350 Godów 106;1092;245;245;12;233;22.44;4.90;1088;580;580;11;569;53.31;1.90
49453;061201;5;Zespół Szkół 24-350 Ratoszyn Drugi 192;1505;238;238;4;234;15.81;1.68;1480;576;576;27;549;38.92;4.69
49454;061202;1;Zespół Szkół Ogólnokształcących 24-340 Józefów nad Wisłą Opolska 10a;2081;434;434;7;427;20.86;1.61;2043;856;856;21;835;41.90;2.45
49455;061202;2;Szkoła Podstawowa 24-340 Chruślina 108;767;94;94;4;90;12.26;4.26;758;239;239;11;228;31.53;4.60
49456;061202;3;Szkoła Podstawowa 24-340 Stare Boiska 33;1236;172;172;5;167;13.92;2.91;1195;489;489;34;455;40.92;6.95
49457;061202;4;Środowiskowy Dom Samopomocy 24-340 Prawno 21;787;121;121;8;113;15.37;6.61;771;257;257;44;213;33.33;17.12
49458;061202;5;Remiza OSP 24-340 Basonia 97;407;56;56;4;52;13.76;7.14;396;116;116;5;111;29.29;4.31
49459;061202;6;Remiza OSP 24-340 Kaliszany-Kolonia 50a;363;74;74;3;71;20.39;4.05;362;121;121;0;121;33.43;0.00
49460;061203;1;Lokal Szkoły Podstawowej 24-310 Karczmiska Pierwsze ul. Szkolna 1;1474;277;277;10;267;18.79;3.61;1457;632;632;27;605;43.38;4.27
49461;061203;2;Lokal Urzędu Gminy w Karczmiskach 24-310 Karczmiska Pierwsze Centralna 17;962;183;183;8;175;19.02;4.37;946;366;366;9;357;38.69;2.46
49462;061203;3;Lokal Szkoły Podstawowej 24-310 Głusko Duże-Kolonia 54;1020;160;160;9;151;15.69;5.62;1004;405;406;12;393;40.34;2.96
49463;061203;4;Lokal Szkoły Podstawowej 24-310 Słotwiny 125;403;55;55;1;54;13.65;1.82;406;153;153;3;150;37.68;1.96
49464;061203;5;Lokal Szkoły Podstawowej 24-310 Zaborze 3;415;67;67;2;65;16.14;2.99;417;149;149;10;139;35.73;6.71
49465;061203;6;Lokal Szkoły Podstawowej 24-120 Uściąż 113;535;85;85;6;79;15.89;7.06;524;168;168;4;164;32.06;2.38
49466;061204;1;Szkoła Podstawowa w Braciejowicach 24-335 Braciejowice 137;611;125;125;7;118;20.46;5.60;612;268;268;11;257;43.79;4.10
49467;061204;2;Gimnazjum im. Jana Kochanowskiego w Łaziskach 24-335 Łaziska 79;1114;182;182;6;176;16.34;3.30;1100;443;443;26;417;40.27;5.87
49468;061204;3;Szkoła Podstawowa w Kamieniu 24-335 Piotrawin 116;848;124;124;8;116;14.62;6.45;837;290;290;8;282;34.65;2.76
49469;061204;4;Remiza Ochotniczej Straży Pożarnej w Niedźwiadzie Dużej 24-335 Niedźwiada Duża 25A;671;93;93;3;90;13.86;3.23;643;238;238;12;226;37.01;5.04
49470;061204;5;Szkoła Podstawowa w Zakrzowie 24-335 Zakrzów 25A;552;107;107;3;104;19.38;2.80;541;223;223;6;217;41.22;2.69
49471;061204;6;Remiza Ochotniczej Straży Pożarnej w Kępie Gosteckiej 24-335 Kępa Gostecka 56;340;49;49;5;44;14.41;10.20;329;116;116;6;110;35.26;5.17
49472;061205;1;lokal kina 24-300 Opole Lubelskie ul. Lubelska 30;1841;404;404;9;395;21.94;2.23;1799;892;892;25;867;49.58;2.80
49473;061205;2;lokal Spółdzielni Mieszkaniowej 24-300 Opole Lubelskie ul. 25-lecia PRL 3;1919;433;433;11;422;22.56;2.54;1878;947;947;22;925;50.43;2.32
49474;061205;3;lokal Zespołu Szkół Nr 2 24-300 Opole Lubelskie ul. Fabryczna 28;2074;459;459;14;445;22.13;3.05;2041;905;905;15;890;44.34;1.66
49475;061205;4;lokal M-G Biblioteki Publicznej 24-300 Opole Lubelskie ul. Stary Rynek 46;1223;246;246;3;243;20.11;1.22;1194;496;496;11;485;41.54;2.22
49476;061205;5;lokal Zespołu Szkół Nr 1 24-300 Opole Lubelskie ul. Szkolna 5;1037;154;154;4;150;14.85;2.60;1051;442;442;10;432;42.06;2.26
49477;061205;6;kancelaria parafialna 24-300 Wrzelowiec ul. Kościelna 4;907;134;134;2;132;14.77;1.49;885;342;342;18;324;38.64;5.26
49478;061205;7;lokal Szkoły Podstawowej 24-300 Wandalin 71;839;135;135;4;131;16.09;2.96;834;385;385;8;377;46.16;2.08
49479;061205;8;lokal świetlicy wiejskiej 24-320 Trzebiesza 1;815;90;90;2;88;11.04;2.22;809;254;254;11;243;31.40;4.33
49480;061205;9;lokal Szkoły Podstawowej 24-300 Stare Komaszyce 43;489;81;81;2;79;16.56;2.47;480;190;190;4;186;39.58;2.11
49481;061205;10;lokal Zespołu Szkół 24-300 Kluczkowice 128;649;75;75;0;75;11.56;0.00;634;219;219;9;210;34.54;4.11
49482;061205;11;lokal Szkoły Podstawowej 24-300 Puszno Godowskie 99;458;73;73;4;69;15.94;5.48;436;194;194;12;182;44.50;6.19
49483;061205;12;lokal świetlicy wiejskiej 24-300 Emilcin 1;452;63;63;1;62;13.94;1.59;460;165;165;5;160;35.87;3.03
49484;061205;13;lokal Szkoły Podstawowej 24-300 Skoków 84;604;58;58;3;55;9.60;5.17;598;173;173;2;171;28.93;1.16
49485;061205;14;lokal Zespołu Szkół 24-300 Ćwiętalka 2a;341;55;55;0;55;16.13;0.00;346;134;134;4;130;38.73;2.99
49486;061205;15;lokal Szkoły Podstawowej 24-300 Niezdów 97;485;72;72;2;70;14.85;2.78;487;195;195;8;187;40.04;4.10
49487;061205;16;lokal świetlicy wiejskiej 24-300 Elżbieta 45;352;79;79;3;76;22.44;3.80;350;137;137;6;131;39.14;4.38
90304;061205;17;Zakład Karny w Opolu Lubelskim - sala lekcyjna w budynku Zespołu Szkół 24-300 Opole Lubelskie ul. Owocowa 7;593;216;216;55;161;36.42;25.46;538;241;241;48;193;44.80;19.92
90305;061205;18;Świetlica szpitalna 24-300 Opole Lubelskie ul. Szpitalna 9;15;4;4;0;4;26.67;0.00;52;4;4;0;4;7.69;0.00
49488;061206;1;Gimnazjum 24-320 Poniatowa ul. Szkolna 8;1683;355;355;6;349;21.09;1.69;1640;814;814;13;801;49.63;1.60
49489;061206;2;Szkoła Podstawowa 24-320 Poniatowa ul. Szkolna 9;1593;344;344;10;334;21.59;2.91;1553;764;764;16;748;49.20;2.09
49490;061206;3;Świetlica PSM 24-320 Poniatowa ul. 1 Maja 15;1016;222;222;6;216;21.85;2.70;983;469;469;19;450;47.71;4.05
49491;061206;4;Przedsiębiorstwo Gospodarki Komunalnej 24-320 Poniatowa ul. Młodzieżowa 4;1262;274;274;9;265;21.71;3.28;1229;565;565;11;554;45.97;1.95
49492;061206;5;Centrum Kultury Promocji i Turystyki 24-320 Poniatowa ul. Fabryczna 1;1125;219;219;11;208;19.47;5.02;1088;457;457;12;445;42.00;2.63
49493;061206;6;Świetlica PSM Nasz Dom 24-320 Poniatowa ul. Sosnowa 4;1283;250;250;2;248;19.49;0.80;1257;585;585;15;570;46.54;2.56
49494;061206;7;Szkoła Podstawowa 24-320 Niezabitów 46;953;178;178;4;174;18.68;2.25;945;417;417;18;399;44.13;4.32
49495;061206;8;Szkoła Podstawowa 24-320 Kowala Druga 29;870;111;111;2;109;12.76;1.80;875;383;383;12;371;43.77;3.13
49496;061206;9;Szkoła Podstawowa 24-320 Kraczewice Prywatne 78;1034;210;210;8;202;20.31;3.81;1016;497;497;19;478;48.92;3.82
49497;061206;10;Szkoła Podstawowa 24-320 Poniatowa-Kolonia 13;779;114;114;1;113;14.63;0.88;775;308;308;8;300;39.74;2.60
49498;061206;11;Społeczna Szkoła Podstawowa 24-320 Dąbrowa Wronowska 41;501;86;86;1;85;17.17;1.16;507;227;227;11;216;44.77;4.85
90306;061206;12;Powiatowe Centrum Zdrowia Sp. z.o.o. w Opolu Lubelskim 24-320 Poniatowa ul. Fabryczna 18;62;9;9;0;9;14.52;0.00;89;27;27;2;25;30.34;7.41
90307;061206;13;Samodzielne Publiczne Sanatorium Gruźlicy i Chorób Płuc w Poniatowej 24-320 Poniatowa ul. Fabryczna 6;45;16;16;3;13;35.56;18.75;46;12;12;3;9;26.09;25.00
49499;061207;1;Lokal Zespołu Szkół Publicznych w Wilkowie 24-313 Wilków 66A;1050;205;205;8;197;19.52;3.90;1034;414;414;23;391;40.04;5.56
49500;061207;2;Lokal byłej Szkoły Podstawowej 24-313 Dobre 13;290;47;47;4;43;16.21;8.51;289;130;130;3;127;44.98;2.31
49501;061207;3;Lokal Szkoły Podstawowej w Rogowie 24-313 Rogów 92;402;70;70;4;66;17.41;5.71;415;181;181;6;175;43.61;3.31
49502;061207;4;Lokal Szkoły Podstawowej w Zagłobie 24-313 Zagłoba 21;718;153;153;5;148;21.31;3.27;695;263;263;17;246;37.84;6.46
49503;061207;5;Świetlica Wiejska w Kępie Choteckiej 24-313 Kępa Chotecka 7A;217;51;51;3;48;23.50;5.88;196;84;84;1;83;42.86;1.19
49504;061207;6;Świetlica Wiejska w Zastowie Planowskim 24-313 Zastów Polanowski 60;483;80;80;4;76;16.56;5.00;476;170;170;6;164;35.71;3.53
49505;061207;7;Remiza Ochotniczej Straży Pożarnej w Kosiorowie 24-313 Kosiorów 36;396;59;59;5;54;14.90;8.47;396;158;158;7;151;39.90;4.43
49506;061207;8;Remiza Ochotniczej Straży Pożarnej w Wólce Polanowskiej 24-313 Wólka Polanowska 86;315;72;72;1;71;22.86;1.39;306;153;153;1;152;50.00;0.65
49507;061301;1;Gminny Ośrodek Kultury 21-211 Dębowa Kłoda 116A;1312;231;231;17;214;17.61;7.36;1298;519;519;19;500;39.98;3.66
49508;061301;2;Szkoła Podstawowa w Kodeńcu 21-211 Kodeniec 71;1029;121;121;2;119;11.76;1.65;1027;328;328;12;316;31.94;3.66
49509;061301;3;Świetlica Wiejska 21-211 Plebania Wola 50;610;101;101;1;100;16.56;0.99;614;224;224;7;217;36.48;3.12
49510;061301;4;Świetlica Wiejska 21-211 Chmielów 61;362;79;79;2;77;21.82;2.53;353;164;164;5;159;46.46;3.05
49511;061302;1;Szkoła Podstawowa im. SGO Polesie w Jabłoniu 21-205 Jabłoń ul. Jadwigi Tokarskiej 2;1132;262;262;18;244;23.14;6.87;1101;541;541;17;524;49.14;3.14
49512;061302;2;Szkoła Podstawowa 21-205 Gęś 165;587;124;124;5;119;21.12;4.03;572;302;302;8;294;52.80;2.65
49513;061302;3;Szkoła Podstawowa im. Amelii hr. Łubieńskiej w Kolanie 21-205 Kolano-Kolonia 44;457;123;123;8;115;26.91;6.50;438;222;222;5;217;50.68;2.25
49514;061302;4;Szkoła Podstawowa 21-205 Paszenki 78;408;62;62;3;59;15.20;4.84;393;194;194;5;189;49.36;2.58
49515;061302;5;Dom Pomocy Społecznej 21-205 Kalinka 12-13;283;30;30;5;25;10.60;16.67;282;78;78;5;73;27.66;6.41
49516;061302;6;Szkoła Podstawowa 21-205 Dawidy 56;351;155;155;0;155;44.16;0.00;337;242;242;6;236;71.81;2.48
49517;061303;1;Gminny Ośrodek Kultury w Milanowie 21-210 Milanów ul. Kościelna 3;1175;188;188;6;182;16.00;3.19;1159;488;488;21;467;42.11;4.30
49518;061303;2;Szkoła Podstawowa w Rudnie 21-210 Rudno II 129B;644;146;146;7;139;22.67;4.79;631;297;297;13;284;47.07;4.38
49519;061303;3;Szkoła Podstawowa w Kostrach 21-210 Kostry 1;589;101;101;9;92;17.15;8.91;588;244;244;6;238;41.50;2.46
49520;061303;4;Publiczna Mała Szkoła Podstawowa w Radczu 21-210 Radcze 88;498;108;108;3;105;21.69;2.78;483;252;252;11;241;52.17;4.37
49521;061303;5;Świetlica Wiejska w Cichostowie 21-210 Cichostów Kolonia 19A;348;71;71;4;67;20.40;5.63;350;140;140;4;136;40.00;2.86
49522;061304;1;Szkoła Podstawowa Nr 1 w Parczewie 21-200 Parczew ul. 11 Listopada 90;1959;446;446;13;433;22.77;2.91;1911;980;980;20;960;51.28;2.04
49523;061304;2;Publiczne Gimnazjum w Parczewie 21-200 Parczew ul. Spółdzielcza 7;1763;429;429;7;422;24.33;1.63;1728;884;884;14;870;51.16;1.58
49524;061304;3;Publiczne Przedszkole Nr 2 w Parczewie 21-200 Parczew ul. Spółdzielcza 5;747;92;92;4;88;12.32;4.35;755;297;297;14;283;39.34;4.71
49525;061304;4;Urząd Miejski w Parczewie 21-200 Parczew ul. Warszawska 24;759;150;150;7;143;19.76;4.67;737;323;323;13;310;43.83;4.02
49526;061304;5;Zespół Szkół Ponadgimnazjalnych w Parczewie 21-200 Parczew ul. Wojska Polskiego 1;1764;360;360;13;347;20.41;3.61;1767;836;836;21;815;47.31;2.51
49527;061304;6;Publiczne Przedszkole Nr 1 w Parczewie 21-200 Parczew ul. Wojska Polskiego 8a;593;88;88;4;84;14.84;4.55;598;241;241;6;235;40.30;2.49
49528;061304;7;Zakład Doskonalenia Zawodowego w Parczewie 21-200 Parczew ul. Harcerska 8;1812;336;336;7;329;18.54;2.08;1752;844;844;20;824;48.17;2.37
49529;061304;8;Szkoła Podstawowa Nr 2 w Parczewie 21-200 Parczew ul. Polna 34;955;186;186;7;179;19.48;3.76;973;498;498;5;493;51.18;1.00
49530;061304;9;Remiza Strażacka w Koczergach 21-200 Koczergi 97;692;119;119;2;117;17.20;1.68;675;271;271;9;262;40.15;3.32
49531;061304;10;Publiczna Szkoła Podstawowa w Tyśmienicy 21-200 Tyśmienica 115;605;101;101;3;98;16.69;2.97;616;224;224;8;216;36.36;3.57
49532;061304;11;Zespół Placówek Szkolnych w Przewłoce 21-200 Przewłoka 98;622;117;117;6;111;18.81;5.13;622;256;256;3;253;41.16;1.17
90308;061304;12;Samodzielny Publiczny Zakład Opieki Zdrowotnej w Parczewie 21-200 Parczew Kościelna 136;151;18;18;0;18;11.92;0.00;157;47;47;0;47;29.94;0.00
49533;061305;1;Zespół Placówek Oświatowych w Podedwórzu 21-222 Podedwórze 96;530;113;113;3;110;21.32;2.65;514;242;242;7;235;47.08;2.89
49534;061305;2;Świetlica wiejska w Podedwórzu 21-222 Podedwórze 46A;484;105;105;1;104;21.69;0.95;475;228;228;4;224;48.00;1.75
49535;061305;3;Remiza OSP w Bojarach 21-222 Bojary 33;491;63;63;2;61;12.83;3.17;477;168;168;8;160;35.22;4.76
49536;061306;1;Sala Gimnastyczna w Siemieniu 21-220 Siemień ul. Kościelna 1;1356;309;309;9;300;22.79;2.91;1347;638;638;18;620;47.36;2.82
49537;061306;2;Świetlica Wiejska w Żminnem 21-220 Żminne 30;983;112;112;2;110;11.39;1.79;968;344;344;8;336;35.54;2.33
49538;061306;3;Remiza OSP w Działyniu 21-220 Działyń 4;853;187;187;10;177;21.92;5.35;828;373;373;10;363;45.05;2.68
49539;061306;4;Szkoła Podstawowa w Gródku Szlacheckim 21-220 Gródek Szlachecki 140;766;138;138;7;131;18.02;5.07;745;287;287;10;277;38.52;3.48
49540;061307;1;Świetlica w Nowym Orzechowie 21-230 Nowy Orzechów 42;549;101;101;0;101;18.40;0.00;554;257;257;14;243;46.39;5.45
49541;061307;2;Szkoła Podstawowa w Sosnowicy 21-230 Sosnowica ul. Wojska Polskiego 27;692;170;170;9;161;24.57;5.29;675;326;326;14;312;48.30;4.29
49542;061307;3;Gimnazjum w Sosnowicy 21-230 Sosnowica ul. Wojska Polskiego 27;563;86;86;5;81;15.28;5.81;561;184;184;11;173;32.80;5.98
49543;061307;4;Świetlica Klubu w Zienkach 21-230 Zienki 4A;443;39;39;2;37;8.80;5.13;435;115;115;12;103;26.44;10.43
49544;061401;1;Nauczycielskie Kolegium Języków Obcych 24-100 Puławy ul. Kołłątaja 64;1907;448;448;12;436;23.49;2.68;1871;925;925;20;905;49.44;2.16
49545;061401;2;Szkoła Podstawowa Nr 10 24-100 Puławy ul. 6 Sierpnia 30;1847;666;666;12;654;36.06;1.80;1834;1186;1186;12;1174;64.67;1.01
49546;061401;3;Zespół Szkół Katolickich 24-100 Puławy ul. Eustachiewicza 1;1954;472;472;14;458;24.16;2.97;1880;1006;1006;19;987;53.51;1.89
49547;061401;4;Szkoła Podstawowa Nr 2 24-100 Puławy Aleja Mała 10;1732;549;549;3;546;31.70;0.55;1675;994;994;10;984;59.34;1.01
49548;061401;5;Szkoła Podstawowa Nr 11 24-100 Puławy ul. Legionu Puławskiego 8;1810;518;518;7;511;28.62;1.35;1731;994;994;11;983;57.42;1.11
49549;061401;6;Starostwo Powiatowe 24-100 Puławy Aleja Królewska 19;1726;589;589;12;577;34.13;2.04;1724;1024;1024;15;1009;59.40;1.46
49550;061401;7;Zespół Szkół Nr 3 24-100 Puławy ul. Marszałka Piłsudskiego 74;740;227;227;1;226;30.68;0.44;718;425;425;3;422;59.19;0.71
49551;061401;8;Szkoła Podstawowa Nr 11 24-100 Puławy ul. Legionu Puławskiego 8;2095;629;629;10;619;30.02;1.59;2011;1216;1216;17;1199;60.47;1.40
49552;061401;9;Szkoła Podstawowa Nr 4 24-100 Puławy ul. Zabłockiego 8;1955;510;510;8;502;26.09;1.57;1908;1080;1080;17;1063;56.60;1.57
49553;061401;10;Szkoła Podstawowa Nr 4 24-100 Puławy ul. Zabłockiego 8;1689;440;440;8;432;26.05;1.82;1677;854;858;6;848;50.92;0.70
49554;061401;11;Szkoła Podstawowa Nr 11 24-100 Puławy ul. Legionu Puławskiego 8;2250;630;630;12;618;28.00;1.90;2280;1407;1407;18;1389;61.71;1.28
49555;061401;12;Zespół Szkół Ogólnokształcących Nr 1 im. Komisji Edukacji Narodowej 24-100 Puławy ul. Kaniowczyków 9;2129;643;643;21;622;30.20;3.27;2044;1192;1193;18;1174;58.32;1.51
49556;061401;13;Zespół Szkół Technicznych 24-100 Puławy ul. Wojska Polskiego 7;1478;478;478;15;463;32.34;3.14;1418;837;837;11;826;59.03;1.31
49557;061401;14;Szkoła Podstawowa Nr 1 24-100 Puławy ul. Kaniowczyków 1;2098;624;624;17;607;29.74;2.72;2054;1152;1152;12;1140;56.09;1.04
49558;061401;15;Państwowa Szkoła Muzyczna I Stopnia 24-100 Puławy Aleja Partyzantów 32;1345;376;376;7;369;27.96;1.86;1345;766;766;13;753;56.95;1.70
49559;061401;16;Środowiskowy Dom Samopomocy 24-100 Puławy ul. Mickiewicza 2a;1946;545;545;9;536;28.01;1.65;1905;1182;1182;13;1169;62.05;1.10
49560;061401;17;Środowiskowy Dom Samopomocy 24-100 Puławy ul. Mickiewicza 2a;1768;378;378;13;365;21.38;3.44;1708;826;826;24;802;48.36;2.91
49561;061401;18;POK „Dom Chemika” 24-100 Puławy ul. Wojska Polskiego 4;1761;488;488;11;477;27.71;2.25;1740;952;952;21;931;54.71;2.21
49562;061401;19;Zespół Szkół Nr 1 24-100 Puławy ul. Polna 18;1498;414;414;14;400;27.64;3.38;1433;771;771;15;756;53.80;1.95
49563;061401;20;Zespół Szkół Ogólnokształcących Nr 2 24-100 Puławy ul. Wróblewskiego 11;2077;541;541;17;524;26.05;3.14;2006;1061;1061;10;1051;52.89;0.94
49564;061401;21;Szkoła Podstawowa Nr 6 24-100 Puławy ul. Niemcewicza 4;1743;388;388;15;373;22.26;3.87;1697;828;828;17;811;48.79;2.05
49565;061401;22;Szkoła Podstawowa Nr 3 24-100 Puławy ul. Jaworowa 5;1301;363;363;12;351;27.90;3.31;1237;678;678;19;659;54.81;2.80
49566;061401;23;Zespół Szkół Nr 2 24-100 Puławy ul. Jaworowa 1;1413;412;412;11;401;29.16;2.67;1381;787;787;7;780;56.99;0.89
90309;061401;24;Szpital Specjalistyczny w Puławach 24-100 Puławy Bema 1;85;28;28;1;27;32.94;3.57;116;55;55;4;51;47.41;7.27
49567;061402;1;Urząd Gminy 24-105 Baranów ul. Rynek 14;925;210;210;5;205;22.70;2.38;932;462;462;20;442;49.57;4.33
49568;061402;2;Zespół Szkolno-Przedszkolny 24-105 Baranów ul. Szkolna 2;864;208;208;7;201;24.07;3.37;853;413;413;15;398;48.42;3.63
49569;061402;3;Świetlica wiejska 24-105 Zagóźdź 25;259;68;68;6;62;26.25;8.82;246;112;112;9;103;45.53;8.04
49570;061402;4;Świetlica wiejska 24-105 Łukawka 26B;365;51;51;5;46;13.97;9.80;350;120;120;6;114;34.29;5.00
49571;061402;5;Świetlica wiejska 24-105 Kozioł 40B;554;88;88;6;82;15.88;6.82;541;220;220;7;213;40.67;3.18
49572;061402;6;Świetlica wiejska 24-105 Śniadówka 48;446;100;100;9;91;22.42;9.00;433;213;213;7;206;49.19;3.29
49573;061403;1;Gminny Ośrodek Kultury, sala widowiskowa 24-123 Janowiec Plac Wolności 1;1072;165;165;3;162;15.39;1.82;1063;462;462;7;455;43.46;1.52
49574;061403;2;Gminny Ośrodek Kultury, świetlica 24-123 Janowiec Plac Wolności 1;961;200;200;5;195;20.81;2.50;950;515;515;15;500;54.21;2.91
49575;061403;3;Strażnica OSP 24-123 Wojszyn 49;1094;202;202;5;197;18.46;2.48;1083;508;509;14;494;46.91;2.76
49576;061404;1;Zespół Szkół im. Jana Koszczyca-Witkiewicza 24-120 Kazimierz Dolny ul. Nadwiślańska 9;1750;576;576;11;565;32.91;1.91;1740;960;960;13;947;55.17;1.35
49577;061404;2;Przedszkole z Oddziałami Integracyjnymi im. Marii Konopnickiej 24-120 Kazimierz Dolny ul. Lubelska 24A;1584;242;242;6;236;15.28;2.48;1592;789;789;23;766;49.56;2.92
49578;061404;3;Szkoła Podstawowa 24-120 Bochotnica Zamłynie 1;1109;167;167;8;159;15.06;4.79;1087;447;447;13;434;41.12;2.91
49579;061404;4;Szkoła Podstawowa im. Marii Kuncewiczowej 24-120 Rzeczyca 69;738;83;83;0;83;11.25;0.00;719;219;219;9;210;30.46;4.11
49580;061404;5;Budynek byłej szkoły podstawowej 24-120 Parchatka 83;656;80;80;6;74;12.20;7.50;652;294;294;11;283;45.09;3.74
49581;061405;1;Gminny Ośrodek Kultury 24-130 Końskowola ul. Lubelska 93;1095;288;288;11;277;26.30;3.82;1088;679;679;15;664;62.41;2.21
49582;061405;2;Zespół Szkół w Końskowoli Budynek Szkoły Podstawowej 24-130 Końskowola ul. Lubelska 81;1022;277;277;4;273;27.10;1.44;1019;651;651;15;636;63.89;2.30
49583;061405;3;Zespół Szkół w Końskowoli Budynek Gimnazjum 24-130 Końskowola ul. Lubelska 81;626;168;168;7;161;26.84;4.17;629;398;398;22;376;63.28;5.53
49584;061405;4;Urząd Gminy Końskowola 24-130 Końskowola ul. Pożowska 3a;578;124;124;3;121;21.45;2.42;580;309;309;14;295;53.28;4.53
49585;061405;5;Zespół Placówek Oświatowych w Pożogu 24-130 Stary Pożóg 57;880;202;202;3;199;22.95;1.49;892;507;507;22;485;56.84;4.34
49586;061405;6;Remiza OSP 24-130 Witowice 42B;687;186;186;0;186;27.07;0.00;691;461;461;6;455;66.71;1.30
49587;061405;7;Szkoła Podstawowa 24-130 Skowieszyn 45;598;101;101;1;100;16.89;0.99;597;323;323;10;313;54.10;3.10
49588;061405;8;Remiza OSP 24-130 Stok 85A;535;82;82;5;77;15.33;6.10;526;213;213;4;209;40.49;1.88
49589;061405;9;Szkoła Podstawowa 24-130 Chrząchów 11A;906;141;141;5;136;15.56;3.55;918;488;488;12;476;53.16;2.46
49590;061405;10;Budynek Szkoły Podstawowej 24-130 Sielce 66;492;80;80;1;79;16.26;1.25;490;304;304;16;288;62.04;5.26
49591;061406;1;Gminny Ośrodek Kultury 24 - 170 Kurów ul. Kilińskiego 2a;1287;362;362;13;349;28.13;3.59;1287;706;706;25;681;54.86;3.54
49592;061406;2;Lokal 24 - 170 Kurów ul. I Armii WP 1;1295;419;419;10;409;32.36;2.39;1247;750;750;18;732;60.14;2.40
49593;061406;3;Świetlica wiejska 24 - 170 Brzozowa Gać 3a;625;144;144;1;143;23.04;0.69;608;295;295;8;287;48.52;2.71
49594;061406;4;Remiza OSP 24 - 170 Płonki 41A;620;83;83;2;81;13.39;2.41;600;225;225;8;217;37.50;3.56
49595;061406;5;Świetlica wiejska 24 - 170 Kłoda 12a;599;115;115;0;115;19.20;0.00;599;301;301;9;292;50.25;2.99
49596;061406;6;Świetlica wiejska 24-170 Dęba 21;654;69;69;3;66;10.55;4.35;650;243;243;9;234;37.38;3.70
49597;061406;7;Zespół Placówek Oświatowych 24-170 Klementowice 230;1306;297;297;7;290;22.74;2.36;1267;590;590;14;576;46.57;2.37
49598;061407;1;Szkoła Podstawowa 24-173 Markuszów ul. Lubelska 80;989;287;287;14;273;29.02;4.88;987;586;586;15;571;59.37;2.56
49599;061407;2;Gminny Dom Kultury 24-173 Markuszów ul. M. Sobieskiego 1;697;165;165;3;162;23.67;1.82;667;313;313;7;306;46.93;2.24
49600;061407;3;Dom Ludowy 24-173 Bobowiska 35a;275;73;73;2;71;26.55;2.74;266;131;131;7;124;49.25;5.34
49601;061407;4;Dom Ludowy 24-173 Łany 69a;525;115;115;3;112;21.90;2.61;533;265;265;10;255;49.72;3.77
49602;061408;1;SP ZOZ w Nałęczowie 24-150 Nałęczów ul. Kolejowa 7;1627;518;518;10;508;31.84;1.93;1591;910;910;8;902;57.20;0.88
49603;061408;2;Liceum Plastyczne w Nałęczowie 24-150 Nałęczów ul. Lipowa 30;917;183;183;8;175;19.96;4.37;907;449;449;11;438;49.50;2.45
49604;061408;3;CSW „Energetyk” w Nałęczowie 24-150 Nałęczów ul. Paderewskiego 10;741;160;160;4;156;21.59;2.50;741;375;375;6;369;50.61;1.60
49605;061408;4;Nałęczowski Ośrodek Kultury w Nałęczowie 24-150 Nałęczów ul. Lipowa 6;882;305;305;14;291;34.58;4.59;893;518;518;4;514;58.01;0.77
49606;061408;5;Szkoła Podstawowa w Drzewcach 24-150 Drzewce-Kolonia 82A;599;132;132;4;128;22.04;3.03;597;307;307;5;302;51.42;1.63
49607;061408;6;Remiza OSP w Drzewcach 24-150 Drzewce 60;467;96;96;1;95;20.56;1.04;469;236;236;3;233;50.32;1.27
49608;061408;7;Szkoła Podstawowa w Sadurkach 24-150 Sadurki 106;722;120;120;1;119;16.62;0.83;714;325;325;7;318;45.52;2.15
49609;061408;8;Szkoła Podstawowa w Czesławicach 24-150 Czesławice 13;585;115;115;5;110;19.66;4.35;589;218;218;17;201;37.01;7.80
49610;061408;9;Szkoła Podstawowa w Piotrowicach 24-150 Piotrowice 107;646;103;103;1;102;15.94;0.97;633;290;290;5;285;45.81;1.72
49611;061408;10;Remiza OSP w Bronicach 24-150 Bronice 12;334;78;78;8;70;23.35;10.26;327;153;153;7;146;46.79;4.58
90310;061408;11;Kardiologiczny Szpital Uzdrowiskowy w Nałęczowie 24-150 Nałęczów Michała Górskiego 5;338;181;181;4;177;53.55;2.21;398;350;350;10;340;87.94;2.86
90311;061408;12;Kolejowy Szpital Uzdrowiskowy SP ZOZ w Nałęczowie 24-150 Nałęczów Michała Górskiego 6;173;130;130;8;122;75.14;6.15;166;143;143;2;141;86.14;1.40
90312;061408;13;Sanatorium dla Rolników w Nałęczowie 24-150 Nałęczów Michała Górskiego 14;162;113;113;4;109;69.75;3.54;139;130;130;4;126;93.53;3.08
90313;061408;14;Sanatorium Uzdrowiskowe ZNP w Nałęczowie 24-150 Nałęczów Bartosza Głowackiego 7;133;88;88;2;86;66.17;2.27;120;106;106;7;99;88.33;6.60
90314;061408;15;Sanatorium Uzdrowiskowe „Ciche Wąwozy” w Nałęczowie 24-150 Nałęczów Bartosza Głowackiego 12;118;69;69;2;67;58.47;2.90;28;28;28;5;23;100.00;17.86
49612;061409;1;Szkoła Podstawowa sala Nr 1 24-100 Góra Puławska Ogrodowa 18;1818;485;485;14;471;26.68;2.89;1789;991;991;21;970;55.39;2.12
49613;061409;2;Szkoła Podstawowa sala Nr 2 24-100 Góra Puławska Ogrodowa 18;1359;236;236;10;226;17.37;4.24;1360;598;598;20;578;43.97;3.34
49614;061409;3;Gminny Ośrodek Kultury sala Nr 1 24-100 Gołąb Folwarki 1;1985;352;352;18;334;17.73;5.11;1954;871;871;28;843;44.58;3.21
49615;061409;4;Gminny Ośrodek Kultury sala Nr 2 24-100 Gołąb Folwarki 1;600;74;74;4;70;12.33;5.41;595;228;228;11;217;38.32;4.82
49616;061409;5;Szkoła Podstawowa 24-100 Borowa 9A;673;150;150;4;146;22.29;2.67;674;301;301;12;289;44.66;3.99
49617;061409;6;Szkoła Podstawowa 24-100 Bronowice 148;693;160;160;1;159;23.09;0.62;709;402;402;12;390;56.70;2.99
49618;061409;7;Szkoła Podstawowa 24-100 Opatkowice 43;603;81;81;1;80;13.43;1.23;597;244;244;15;229;40.87;6.15
49619;061409;8;Szkoła Podstawowa 24-100 Leokadiów 40;750;117;117;1;116;15.60;0.85;764;361;361;10;351;47.25;2.77
49620;061409;9;Szkoła Podstawowa 24-100 Zarzecze 1A;1176;168;168;3;165;14.29;1.79;1183;516;516;15;501;43.62;2.91
49621;061410;1;Szkoła Podstawowa 24-160 Wąwolnica ul. Zamkowa 4;1425;407;407;14;393;28.56;3.44;1423;746;746;15;731;52.42;2.01
49622;061410;2;Gimnazjum Publiczne 24-160 Wąwolnica ul. Rynek 24A;746;142;142;8;134;19.03;5.63;746;328;328;4;324;43.97;1.22
49623;061410;3;Szkoła Podstawowa 24-160 Karmanowice 85;1085;193;193;3;190;17.79;1.55;1079;468;468;12;456;43.37;2.56
49624;061410;4;Szkoła Podstawowa 24-160 Rąblów 65;472;54;54;4;50;11.44;7.41;464;152;152;8;144;32.76;5.26
49625;061410;5;Zakład Opiekuńczo-Leczniczy dla Psychicznie i Nerwowo Chorych 24-120 Celejów 68;142;31;31;1;30;21.83;3.23;161;39;39;9;30;24.22;23.08
49626;061411;1;Budynek komunalny 24-103 Bałtów 29;390;82;82;4;78;21.03;4.88;388;198;198;4;194;51.03;2.02
49627;061411;2;Szkoła Podstawowa 24-103 Żyrzyn ul. Tysiąclecia 143;1586;381;381;15;366;24.02;3.94;1576;862;862;28;834;54.70;3.25
49628;061411;3;Szkoła Podstawowa 24-103 Osiny 235;842;187;187;4;183;22.21;2.14;846;459;459;13;446;54.26;2.83
49629;061411;4;Szkoła Podstawowa 24-103 Skrudki 5A;666;112;112;9;103;16.82;8.04;668;324;324;12;312;48.50;3.70
49630;061411;5;Budynek po Szkole Podstawowej 24-103 Kośmin 7;563;140;140;20;120;24.87;14.29;557;251;251;13;238;45.06;5.18
49631;061411;6;Budynek komunalny 24-103 Borysów 53;324;64;64;0;64;19.75;0.00;323;160;160;7;153;49.54;4.38
49632;061411;7;Świetlica wiejska 24-103 Żerdź 91A;443;105;105;3;102;23.70;2.86;441;206;206;12;194;46.71;5.83
49633;061411;8;Świetlica wiejska 24-103 Kotliny 105;254;58;58;4;54;22.83;6.90;248;111;111;2;109;44.76;1.80
49634;061411;9;Budynek komunalny 24-103 Wola Osińska 80;337;93;93;3;90;27.60;3.23;330;176;176;5;171;53.33;2.84
49635;061501;1;Przedszkole Miejskie Radzyń Podlaski 21-300 Radzyń Podlaski ul. Brata Alberta Chmielowskiego 8;1917;554;554;10;544;28.90;1.81;1903;1101;1101;17;1084;57.86;1.54
49636;061501;2;Szkoła Podstawowa Nr 2 Radzyń Podlaski 21-300 Radzyń Podlaski ul. Sitkowskiego 3;1921;433;433;10;423;22.54;2.31;1883;1012;1012;17;995;53.74;1.68
49637;061501;3;Gimnazjum Nr 2 Radzyń Podlaski 21-300 Radzyń Podlaski ul. Sitkowskiego 3;923;192;192;5;187;20.80;2.60;917;473;473;5;468;51.58;1.06
49638;061501;4;Filia Miejskiej Biblioteki Radzyń Podlaski 21-300 Radzyń Podlaski ul. Spółdzielcza 8;1733;424;424;14;410;24.47;3.30;1682;846;846;10;836;50.30;1.18
49639;061501;5;Szkoła Podstawowa Nr 2 Radzyń Podlaski 21-300 Radzyń Podlaski ul. Chmielowskiego 5;1598;345;345;12;333;21.59;3.48;1538;756;756;19;737;49.15;2.51
49640;061501;6;Urząd Miasta Radzyń Podlaski 21-300 Radzyń Podlaski ul. Warszawska 32;1667;372;372;6;366;22.32;1.61;1646;818;818;22;796;49.70;2.69
49641;061501;7;Dzienny Środowiskowy Dom Samopomocy Radzyń Podlaski 21-300 Radzyń Podlaski ul. Bulwary 12;953;287;287;22;265;30.12;7.67;919;479;479;16;463;52.12;3.34
49642;061501;8;Punkt Pośrednictwa Pracy OHP Radzyń Podlaski 21-300 Radzyń Podlaski ul. Armii Krajowej 2;786;229;229;7;222;29.13;3.06;764;406;406;10;396;53.14;2.46
49643;061501;9;Szkoła Podstawowa Nr 1 Radzyń Podlaski 21-300 Radzyń Podlaski ul. Jana Pawła II 25;1502;359;359;5;354;23.90;1.39;1514;712;712;26;686;47.03;3.65
90316;061501;10;Samodzielny Publiczny Zakład Opieki Zdrowotnej 21-300 Radzyń Podlaski ul. Wisznicka 111;137;49;49;3;46;35.77;6.12;209;103;103;4;99;49.28;3.88
49644;061502;1;Szkoła Podstawowa w Borkach 21-345 Borki ul. II Armii Wojska Polskiego 26;1216;226;226;8;218;18.59;3.54;1232;529;529;10;519;42.94;1.89
49645;061502;2;Szkoła Podstawowa w Krasewie 21-345 Krasew 84;970;266;266;13;253;27.42;4.89;963;426;426;2;424;44.24;0.47
49646;061502;3;Szkoła Podstawowa w Tchórzewie-Kolonii 21-345 Tchórzew-Kolonia 186;405;75;75;0;75;18.52;0.00;396;151;151;2;149;38.13;1.32
49647;061502;4;Gminny Ośrodek Kultury w Woli Osowińskiej 21-345 Wola Osowińska ul. Wesoła 29;1275;262;262;21;241;20.55;8.02;1282;501;501;23;478;39.08;4.59
49648;061502;5;Remiza OSP w Starej Wsi 21-345 Stara Wieś 33A;986;152;153;11;141;15.42;7.24;977;371;371;14;357;37.97;3.77
49649;061503;1;Remiza Ochotniczej Straży Pożarnej w Czemiernikach 21-306 Czemierniki ul. Zamkowa 11;1447;378;378;13;365;26.12;3.44;1424;762;762;19;743;53.51;2.49
49650;061503;2;Remiza Ochotniczej Straży Pożarnej w Bełczącu 21-306 Bełcząc 187;605;143;143;6;137;23.64;4.20;600;325;325;6;319;54.17;1.85
49651;061503;3;Świetlica wiejska w Niewęgłoszu 21-306 Niewęgłosz 44;600;147;147;12;135;24.50;8.16;597;336;336;9;327;56.28;2.68
49652;061503;4;Dom spotkań w Stoczku 21-306 Stoczek 133;375;129;129;6;123;34.40;4.65;372;198;198;5;193;53.23;2.53
49653;061503;5;Świetlica wiejska w Wygnanowie 21-306 Wygnanów 92;645;160;160;9;151;24.81;5.62;649;286;286;5;281;44.07;1.75
49654;061504;1;Zespół Oświatowy w Brzozowicy Dużej 21-302 Brzozowica Duża 83;1263;213;213;6;207;16.86;2.82;1232;562;562;21;541;45.62;3.74
49655;061504;2;Zespół Oświatowy w Kąkolewnicy 21-302 Kąkolewnica Szkolna 4;980;183;183;7;176;18.67;3.83;969;430;430;14;416;44.38;3.26
49656;061504;3;Gminny Ośrodek Kultury w Kąkolewnicy 21-302 Kąkolewnica Lubelska 16;1383;284;284;7;277;20.54;2.46;1374;687;687;17;670;50.00;2.47
49657;061504;4;Zespół Oświatowyw Polskowoli 21-302 Polskowola 131A;624;102;102;6;96;16.35;5.88;610;270;270;14;256;44.26;5.19
49658;061504;5;Gimnazjum w Olszewnicy 21-302 Olszewnica 170;623;81;81;4;77;13.00;4.94;614;221;221;11;210;35.99;4.98
49659;061504;6;Szkoła Podstawowa w Turowie 21-302 Turów 76;915;179;179;8;171;19.56;4.47;892;397;397;29;368;44.51;7.30
49660;061504;7;Szkoła Podstawowa w Żakowoi Poprzecznej 21-302 Żakowola Poprzeczna 76;516;112;112;4;108;21.71;3.57;511;233;233;4;229;45.60;1.72
49661;061504;8;Szkoła Podstawowa w Grabowcu 21-302 Grabowiec 35;414;75;75;2;73;18.12;2.67;413;184;184;14;170;44.55;7.61
49662;061505;1;Szkoła Podstawowa w Komarówce Podlaskiej 21-311 Komarówka Podlaska ul. I Armii Wojska Polskiego 7;1238;305;305;4;301;24.64;1.31;1236;656;656;23;633;53.07;3.51
49663;061505;2;Publiczna Szkoła Podstawowa w Derewicznie 21-311 Derewiczna 88;431;86;86;3;83;19.95;3.49;416;190;190;2;188;45.67;1.05
49664;061505;3;Warsztat Terapii Zajęciowej w Kolembrodach 21-311 Kolembrody 60A;635;95;95;6;89;14.96;6.32;641;224;224;3;221;34.95;1.34
49665;061505;4;Remiza OSP w Przegalinach Dużych 21-311 Przegaliny Duże 125;595;132;132;4;128;22.18;3.03;564;268;268;9;259;47.52;3.36
49666;061505;5;Remiza OSP w Wiskach 21-311 Wiski 15;920;209;209;10;199;22.72;4.78;899;448;448;15;433;49.83;3.35
49667;061506;1;Remiza OSP w Branicy Radzyńskiej-Kolonii 21-300 Branica Radzyńska-Kolonia 49A;733;136;136;5;131;18.55;3.68;747;320;320;12;308;42.84;3.75
49668;061506;2;Remiza OSP w Ustrzeszy 21-300 Ustrzesz 34A;808;132;132;5;127;16.34;3.79;818;361;361;9;352;44.13;2.49
49669;061506;3;Zespół Szkół w Białce 21-300 Białka 49A;1160;267;267;5;262;23.02;1.87;1155;598;598;7;591;51.77;1.17
49670;061506;4;Remiza OSP w Płudach 21-300 Płudy 16;463;117;117;3;114;25.27;2.56;455;242;242;8;234;53.19;3.31
49671;061506;5;Szkoła Podstawowa w Brzostówcu 21-300 Brzostówiec 72;621;102;102;6;96;16.43;5.88;614;245;245;8;237;39.90;3.27
49672;061506;6;Sala gimnastyczna przy Szkole Podstawowej w Żabikowie 21-300 Żabików 65A;646;133;133;3;130;20.59;2.26;641;297;297;13;284;46.33;4.38
49673;061506;7;Zespół Szkół w Białej 21-300 Biała 30;1048;196;196;4;192;18.70;2.04;1052;465;465;13;452;44.20;2.80
49674;061506;8;Zespół Szkół w Zabielu 21-300 Zabiele 8B;462;115;115;11;104;24.89;9.57;457;244;244;11;233;53.39;4.51
49675;061506;9;Remiza OSP w Paszkach Dużych 21-300 Paszki Duże 64;541;118;118;1;117;21.81;0.85;530;245;245;7;238;46.23;2.86
49676;061507;1;Szkoła Podstawowa w Domaszewnicy 21-307 Kolonia Domaszewska 8;787;114;114;3;111;14.49;2.63;799;344;344;14;330;43.05;4.07
49677;061507;2;Szkoła Podstawowa w Sobolach 21-307 Sobole 69c;546;109;109;9;100;19.96;8.26;533;227;227;14;213;42.59;6.17
49678;061507;3;Gminny Ośrodek Kultury w Ulanie-Majoracie 21-307 Ulan-Majorat 51;1670;454;454;15;439;27.19;3.30;1661;796;796;18;778;47.92;2.26
49679;061507;4;Dom Ludowy w Gąsiorach 21-307 Gąsiory 25a;729;197;197;13;184;27.02;6.60;711;369;369;6;363;51.90;1.63
49680;061507;5;Szkoła Podstawowa w Kępkach 21-307 Kępki 26a;432;97;97;11;86;22.45;11.34;435;212;212;12;200;48.74;5.66
49681;061507;6;Remiza OSP w Ulanie Dużym 21-307 Ulan Duży 43a;668;215;215;10;205;32.19;4.65;663;364;364;14;350;54.90;3.85
49682;061508;1;Zespół Szkół w Wohyniu 21-310 Wohyń ul. Piłsudskiego 25;1846;318;318;9;309;17.23;2.83;1854;800;800;27;773;43.15;3.38
49683;061508;2;Szkoła Podstawowa w Suchowoli 21-310 Suchowola 133;1129;221;221;4;217;19.57;1.81;1105;462;462;18;444;41.81;3.90
49684;061508;3;Szkoła Podstawowa w Bezwoli 21-310 Bezwola ul. Grabówka 1;1471;224;224;10;214;15.23;4.46;1454;617;617;28;589;42.43;4.54
49685;061508;4;Szkoła Podstawowa w Ostrówkach 21-310 Ostrówki 66b;512;63;63;0;63;12.30;0.00;511;206;206;5;201;40.31;2.43
49686;061508;5;Szkoła Podstawowa w Ossowie 21-310 Ossowa 91a;336;77;77;4;73;22.92;5.19;322;155;155;2;153;48.14;1.29
49687;061508;6;Dom Ludowy w Branicy Suchowolskiej 21-310 Branica Suchowolska 60;392;86;86;3;83;21.94;3.49;376;151;151;4;147;40.16;2.65
90317;061508;7;Budynek Szpitala w Suchowoli 21-310 Kuraszew 48;130;24;24;4;20;18.46;16.67;111;28;28;4;24;25.23;14.29
49688;061601;1;Specjalny Ośrodek Szkolno-Wychowawczy 08-530 Dęblin ul. Niepodległości 8;735;136;136;6;130;18.50;4.41;728;317;317;16;301;43.54;5.05
49689;061601;2;Szkoła Podstawowa Nr 2 08-530 Dęblin ul. 1 Maja 3;1040;212;212;3;209;20.38;1.42;1023;481;481;10;471;47.02;2.08
49690;061601;3;Świetlica Środowiskowa 08-530 Dęblin ul. 1 Maja 160;798;185;185;2;183;23.18;1.08;775;422;422;7;415;54.45;1.66
49691;061601;4;Szkoła Podstawowa Nr 6 08-530 Dęblin ul. Stawska 322;268;54;54;3;51;20.15;5.56;259;120;120;3;117;46.33;2.50
49692;061601;5;Świetlica Środowiskowa 08-530 Dęblin ul. 1 Maja 160;888;189;189;9;180;21.28;4.76;892;434;434;7;427;48.65;1.61
49693;061601;6;Szkoła Podstawowa Nr 2 08-530 Dęblin ul. 1 Maja 3;836;230;230;9;221;27.51;3.91;833;407;407;8;399;48.86;1.97
49694;061601;7;Przedszkole Miejskie Nr 3 08-530 Dęblin ul. Michalinowska 1a;1128;249;249;4;245;22.07;1.61;1116;579;579;19;560;51.88;3.28
49695;061601;8;Zespół Szkół Zawodowych Nr 2 08-530 Dęblin ul. Wiślana 3b;1144;260;260;11;249;22.73;4.23;1134;625;625;11;614;55.11;1.76
49696;061601;9;Zespół Szkół Zawodowych Nr 2 08-530 Dęblin ul. Wiślana 3b;959;188;188;11;177;19.60;5.85;951;444;444;17;427;46.69;3.83
49697;061601;10;Zespół Szkół Zawodowych Nr 2 08-530 Dęblin ul. Wiślana 3b;907;205;205;16;189;22.60;7.80;866;407;407;17;390;47.00;4.18
49698;061601;11;Internat Wojskowej Agencji Mieszkaniowej 08-530 Dęblin ul. 15 Pułku Piechoty Wilków 34a;1006;273;273;23;250;27.14;8.42;972;498;498;11;487;51.23;2.21
49699;061601;12;Liceum Ogólnokształcące 08-530 Dęblin ul. 15 Pułku Piechoty Wilków 6;995;287;287;4;283;28.84;1.39;950;515;515;8;507;54.21;1.55
49700;061601;13;Remiza OSP 08-530 Dęblin ul. Krasickiego 146;450;70;70;3;67;15.56;4.29;459;229;229;10;219;49.89;4.37
49701;061601;14;Szkoła Podstawowa Nr 2 08-530 Dęblin ul. 1 Maja 3;300;49;49;1;48;16.33;2.04;299;111;111;3;108;37.12;2.70
49702;061601;15;Szkoła Podstawowa Nr 4 08-530 Dęblin ul. Generała Kowalskiego 20;821;180;180;3;177;21.92;1.67;863;455;455;13;442;52.72;2.86
49703;061601;16;Gimnazjum Nr 2 08-530 Dęblin ul. Generała Kowalskiego 20;895;270;270;7;263;30.17;2.59;877;528;528;14;514;60.21;2.65
49704;061601;17;Gimnazjum Nr 2 08-530 Dęblin ul. Generała Kowalskiego 20;529;174;174;5;169;32.89;2.87;546;349;349;5;344;63.92;1.43
90318;061601;18;6 Szpital Wojskowy z Przychodnią SPZOZ 08-530 Dęblin ul. Szpitalna 2;26;4;4;0;4;15.38;0.00;28;18;18;4;14;64.29;22.22
49705;061602;1;Gminny Ośrodek Kultury 08-550 Kłoczew ul. Klonowa 2;1417;329;329;13;316;23.22;3.95;1414;762;762;17;745;53.89;2.23
49706;061602;2;Szkoła Podstawowa w Starym Zadybiu 08-550 Stare Zadybie 118;753;145;145;9;136;19.26;6.21;736;386;386;7;379;52.45;1.81
49707;061602;3;Świetlica OSP w Stryju 08-550 Stryj 27A;345;75;75;3;72;21.74;4.00;355;155;155;2;153;43.66;1.29
49708;061602;4;Zespół Szkół w Goździe 08-550 Gózd 109A;886;160;160;4;156;18.06;2.50;874;365;365;11;354;41.76;3.01
49709;061602;5;b. Szkoła Podstawowa w Bramce 08-550 Bramka 40;318;100;100;1;99;31.45;1.00;323;140;140;8;132;43.34;5.71
49710;061602;6;Zespół Szkół w Czernicu 08-550 Czernic 95;1239;182;182;6;176;14.69;3.30;1217;569;569;36;533;46.75;6.33
49711;061602;7;Świetlica OSP w Wylezinie 08-550 Wylezin 41A;426;96;96;5;91;22.54;5.21;415;209;209;5;204;50.36;2.39
49712;061602;8;Szkoła Podstawowa w Woli Zadybskiej 08-550 Wola Zadybska 82;522;89;89;6;83;17.05;6.74;522;255;255;6;249;48.85;2.35
49713;061603;1;Zespół Szkół Ogólnokształcących im. Wacława Nałkowskiego 08-503 Nowodwór 73;912;201;201;5;196;22.04;2.49;886;437;437;16;421;49.32;3.66
49714;061603;2;Zespół Szkół Ogólnokształcących im. Wacława Nałkowskiego w Nowodworze - Filia Szkoły Podstawowej 08-503 Trzcianki 64;293;80;80;5;75;27.30;6.25;297;166;166;14;152;55.89;8.43
49715;061603;3;Szkoła Podstawowa 08-503 Niedźwiedź 62;469;119;119;2;117;25.37;1.68;460;211;211;5;206;45.87;2.37
49716;061603;4;Zespół Szkół Ogólnokształcących im. Henryka Sienkiewicza 08-503 Grabów Szlachecki 61;810;128;128;4;124;15.80;3.12;805;370;370;15;355;45.96;4.05
49717;061603;5;Szkoła Podstawowa 08-503 Jakubówka 65;204;30;30;0;30;14.71;0.00;203;88;88;3;85;43.35;3.41
49718;061603;6;Świetlica 08-503 Grabów Rycki 20a;271;69;69;4;65;25.46;5.80;266;138;138;7;131;51.88;5.07
49719;061603;7;Remiza OSP 08-503 Zawitała 23d;431;77;77;2;75;17.87;2.60;427;166;166;10;156;38.88;6.02
49720;061604;1;Przedszkole Samorządowe Nr 1 08-500 Ryki ul. Szkolna 18;840;201;201;3;198;23.93;1.49;823;398;398;3;395;48.36;0.75
49721;061604;2;Świetlica osiedlowa, Ryki 08-500 Ryki ul. Kościuszki 19;860;207;207;7;200;24.07;3.38;834;431;431;9;422;51.68;2.09
49722;061604;3;ZSZ. Nr 2 im. L. Wyczółkowskiego, Ryki 08-500 Ryki ul. Wyczółkowskiego 10;800;240;240;8;232;30.00;3.33;778;475;475;5;470;61.05;1.05
49723;061604;4;Przedszkole Samorządowe Nr 2, Ryki 08-500 Ryki ul. Żytnia 28A;837;250;250;9;241;29.87;3.60;830;490;490;19;471;59.04;3.88
49724;061604;5;Zespół Szkół Ogólnokształcących Nr 1, Ryki 08-500 Ryki ul. Słowackiego 2;864;253;253;9;244;29.28;3.56;795;381;381;11;370;47.92;2.89
49725;061604;6;ZSZ Nr 2 im. L. Wyczółkowskiego. Ryki 08-500 Ryki ul. Wyczółkowskiego 10;832;215;215;8;207;25.84;3.72;809;383;383;6;377;47.34;1.57
49726;061604;7;ZSZ im. Wł. Korżyka, Ryki 08-500 Ryki ul. Żytnia 5;793;210;210;2;208;26.48;0.95;759;424;424;8;416;55.86;1.89
49727;061604;8;Przedszkole Samorządowe Nr 5, Ryki 08-500 Ryki ul. Kochanowskiego 21;998;258;258;10;248;25.85;3.88;955;517;517;12;505;54.14;2.32
49728;061604;9;Przedszkole Samorządowe Nr 5, Ryki 08-500 Ryki ul. Kochanowskiego 21;757;218;218;6;212;28.80;2.75;746;436;436;5;431;58.45;1.15
49729;061604;10;ZSZ im. Wł. Korżyka, Ryki 08-500 Ryki ul. Żytnia 5;691;116;116;7;109;16.79;6.03;693;321;321;8;313;46.32;2.49
49730;061604;11;Zespół Placówek Oświatowych w Bobrownikach 08-500 Bobrowniki ul. Rynek 1;893;161;161;7;154;18.03;4.35;868;390;390;15;375;44.93;3.85
49731;061604;12;Świetlica wiejska w Podwierzbiu 08-500 Podwierzbie 20a;480;99;99;9;90;20.62;9.09;484;249;249;16;233;51.45;6.43
49732;061604;13;Publiczna Szkoła Podstawowa w Moszczance 08-500 Moszczanka 14;648;166;166;9;157;25.62;5.42;637;303;303;10;293;47.57;3.30
49733;061604;14;Strażnica OSP w Sierskowoli 08-500 Sierskowola 66c;366;184;184;3;181;50.27;1.63;359;172;172;4;168;47.91;2.33
49734;061604;15;Publiczna Szkoła Podstawowa w Oszczywilku 08-500 Oszczywilk 11a;664;94;94;1;93;14.16;1.06;652;266;266;8;258;40.80;3.01
49735;061604;16;Strażnica OSP w Chrustnym 08-500 Chrustne 29A;239;71;71;4;67;29.71;5.63;237;130;130;6;124;54.85;4.62
49736;061604;17;Publiczna Szkoła Podstawowa w Starym Bazanowie 08-500 Stary Bazanów 136;728;179;179;5;174;24.59;2.79;726;354;354;8;346;48.76;2.26
49737;061604;18;Publiczna Szkoła Podstawowa w Swatach 08-500 Swaty 192A;781;152;152;12;140;19.46;7.89;787;324;324;16;308;41.17;4.94
49738;061604;19;Strażnica OSP w Niwie Babickiej 08-500 Niwa Babicka 23b;400;87;87;7;80;21.75;8.05;394;194;194;4;190;49.24;2.06
49739;061604;20;Publiczna Szkoła Podstawowa w Starej Dąbi 08-500 Stara Dąbia 4;595;181;181;0;181;30.42;0.00;605;291;291;11;280;48.10;3.78
49740;061604;21;Publiczna Szkoła Podstawowa w Owni 08-500 Ownia 101;532;114;114;3;111;21.43;2.63;543;262;262;5;257;48.25;1.91
49741;061604;22;Strażnica OSP w Zalesie-Kolonia 08-500 Zalesie-Kolonia 12a;549;176;176;6;170;32.06;3.41;542;278;278;5;273;51.29;1.80
49742;061604;23;Zespół Placówek Oświatowych w Rososzy 08-500 Rososz 144;764;161;161;7;154;21.07;4.35;773;385;385;19;366;49.81;4.94
49743;061604;24;Zespół Szkół Ogólnokształcących Nr 3 w Leopoldowie 08-500 Leopoldów ul. Zielona 1;457;113;113;6;107;24.73;5.31;468;204;204;12;192;43.59;5.88
49744;061604;25;Strażnica OSP w Leopoldowie 08-500 Leopoldów ul. Księdza Drozdowskiego 8;597;155;155;11;144;25.96;7.10;589;274;274;10;264;46.52;3.65
90319;061604;26;Leopoldów 08-500 Leopoldów Księdza Drozdowskiego 37;31;14;14;0;14;45.16;0.00;29;16;16;0;16;55.17;0.00
90320;061604;27;Ryki 08-500 Ryki Żytnia 23;24;6;6;0;6;25.00;0.00;20;9;9;0;9;45.00;0.00
49745;061605;1;Gminny Ośrodek Kultury w Stężycy 08-540 Stężyca ul. Królewska 4;1695;520;520;19;501;30.68;3.65;1679;869;869;35;834;51.76;4.03
49746;061605;2;Świetlica wiejska w Prażmowie 08-540 Prażmów 3;437;76;76;5;71;17.39;6.58;429;190;190;9;181;44.29;4.74
49747;061605;3;Zespół Placówek Oświatowych 08-540 Pawłowice 90;624;179;179;14;165;28.69;7.82;616;283;283;3;280;45.94;1.06
49748;061605;4;Budynek po byłym Zespole Placówek Oświatowych w Paprotni 08-540 Paprotnia 76;366;86;86;4;82;23.50;4.65;368;171;171;10;161;46.47;5.85
49749;061605;5;Szkoła Podstawowa w Nowej Rokitni 08-540 Nowa Rokitnia 81;503;111;111;6;105;22.07;5.41;495;220;220;10;210;44.44;4.55
49750;061605;6;Dom Strażaka w Brzezinach 08-540 Brzeziny 34;453;116;116;2;114;25.61;1.72;444;225;225;6;219;50.68;2.67
49751;061605;7;Niepubliczne Przedszkole „Jerzyk” w Kletni 08-540 Kletnia 99;372;48;48;2;46;12.90;4.17;374;138;138;7;131;36.90;5.07
49752;061606;1;lokal GOK 08-504 Ułęż 173;618;164;164;11;153;26.54;6.71;620;298;298;15;283;48.06;5.03
49753;061606;2;Szkoła Podstawowa 08-504 Białki Dolne 24;373;94;94;3;91;25.20;3.19;370;155;155;3;152;41.89;1.94
49754;061606;3;świetlica wiejska 08-504 Sobieszyn 95B;562;137;137;4;133;24.38;2.92;546;223;223;9;214;40.84;4.04
49755;061606;4;OSP Lendo Ruskie 08-504 Lendo Ruskie 44;305;72;72;0;72;23.61;0.00;300;107;107;4;103;35.67;3.74
49756;061606;5;świetlica wiejska 08-504 Sarny 20;224;70;70;1;69;31.25;1.43;222;111;111;3;108;50.00;2.70
49757;061606;6;Internat LO 08-504 Sobieszyn 4B;333;105;105;3;102;31.53;2.86;324;147;147;1;146;45.37;0.68
49758;061606;7;OSP Korzeniów 08-504 Korzeniów 71;369;110;110;3;107;29.81;2.73;367;184;184;12;172;50.14;6.52
49759;061701;1;Zespół Szkół Ogólnokształcących Nr 1 21-040 Świdnik Al. Wojska Polskiego 27;1580;472;472;8;464;29.87;1.69;1557;892;892;13;879;57.29;1.46
49760;061701;2;Miejskie Centrum Profilaktyki 21-040 Świdnik ul. Cypriana Kamila Norwida 2;1200;317;317;5;312;26.42;1.58;1166;607;607;9;598;52.06;1.48
49761;061701;3;Miejskie Centrum Usług Socjalnych 21-040 Świdnik ul. Kardynała Stefana Wyszyńskiego 5;1725;476;476;11;465;27.59;2.31;1647;901;901;7;894;54.71;0.78
49762;061701;4;Przedsiębiorstwo Komunalne PEGIMEK 21-040 Świdnik ul. Marii Konopnickiej 3;1513;484;484;2;482;31.99;0.41;1451;830;830;10;820;57.20;1.20
49763;061701;5;Przedszkole Nr 5 21-040 Świdnik ul. Gen. J. Hallera 11;1453;332;332;12;320;22.85;3.61;1383;780;780;14;766;56.40;1.79
49764;061701;6;Przedszkole nr 5 21-040 Świdnik ul. Gen. J. Hallera 11;1882;433;433;19;414;23.01;4.39;1784;1032;1032;14;1018;57.85;1.36
49765;061701;7;Gimnazjum nr 1 21-040 Świdnik ul. Mikołaja Kopernika 9;1619;381;381;14;367;23.53;3.67;1566;766;766;19;747;48.91;2.48
49766;061701;8;Przedszkole Nr 3 21-040 Świdnik ul. Hotelowa 7;1620;379;379;11;368;23.40;2.90;1569;778;778;13;765;49.59;1.67
49767;061701;9;Miejsko-Powiatowa Biblioteka Publiczna 21-040 Świdnik ul. Niepodległości 13;1586;458;458;5;453;28.88;1.09;1517;881;881;15;866;58.08;1.70
49768;061701;10;Zespół Szkół Ogólnokształcących nr 1 21-040 Świdnik Al. Wojska Polskiego 27;1883;565;565;8;557;30.01;1.42;1864;1141;1141;15;1126;61.21;1.31
49769;061701;11;Miejski Ośrodek Kultury 21-040 Świdnik ul. Leona Kruczkowskiego 1;1340;322;322;7;315;24.03;2.17;1493;914;914;14;900;61.22;1.53
49770;061701;12;Przedszkole Nr 4 21-040 Świdnik ul. Leona Kruczkowskiego 1;1367;397;397;7;390;29.04;1.76;1331;769;769;12;757;57.78;1.56
49771;061701;13;Szkoła Podstawowa Nr 3 21-040 Świdnik ul. Mikołaja Kopernika 9A;1678;444;444;6;438;26.46;1.35;1629;888;888;15;873;54.51;1.69
49772;061701;14;Szkoła Podstawowa nr 7 21-040 Świdnik Aleja Armii Krajowej 3;1624;360;360;8;352;22.17;2.22;1579;815;815;14;801;51.61;1.72
49773;061701;15;Szkoła Podstawowa Nr 7 21-040 Świdnik Aleja Armii Krajowej 3;1313;294;294;3;291;22.39;1.02;1247;701;701;5;696;56.21;0.71
49774;061701;16;Zespół Szkół nr 2 21-040 Świdnik ul. Jarzębinowa 6;1435;363;363;6;357;25.30;1.65;1393;799;799;10;789;57.36;1.25
49775;061701;17;Zespół Szkół Nr 2 21-040 Świdnik ul. Jarzębinowa 6;1990;543;543;13;530;27.29;2.39;1906;1138;1138;18;1120;59.71;1.58
49776;061701;18;Zespół Szkół Nr 2 21-040 Świdnik ul. Jarzębinowa 6;1780;466;466;9;457;26.18;1.93;1779;1106;1106;8;1098;62.17;0.72
49777;061701;19;Zespół Szkół nr 2 21-040 Świdnik Jarzębinowa 6;1165;285;285;7;278;24.46;2.46;1246;727;727;14;713;58.35;1.93
49778;061701;20;Przedszkole nr 7 21-040 Świdnik ul. Ks. Kanonika Jana Hryniewicza 7;1591;332;332;12;320;20.87;3.61;1570;861;861;9;852;54.84;1.05
49779;061701;21;Szkoła Podstawowa nr 7 21-040 Świdnik Aleja Armii Krajowej 3;1196;312;312;8;304;26.09;2.56;1271;786;786;9;777;61.84;1.15
90321;061701;22;Szpital 21-040 Świdnik al. Lotników Polskich 18;231;39;39;2;37;16.88;5.13;168;71;71;3;68;42.26;4.23
90322;061701;23;Dom Pomocy Społecznej w Świdniku 21-040 Świdnik Piasecka 240;112;23;23;12;11;20.54;52.17;108;48;48;6;42;44.44;12.50
49780;061702;1;Szkoła Podstawowa w Dominowie 21-007 Dominów 78;726;131;131;7;124;18.04;5.34;707;301;301;7;294;42.57;2.33
49781;061702;2;Remiza OSP w Janowicach 21-007 Janowice 137;676;110;110;2;108;16.27;1.82;661;287;287;6;281;43.42;2.09
49782;061702;3;Szkoła Podstawowa w Krępcu 21-007 Krępiec ul. Szkolna 3;1679;414;414;8;406;24.66;1.93;1746;976;976;12;964;55.90;1.23
49783;061702;4;Szkoła Podstawowa w Krzesimowie 21-007 Krzesimów 116;831;171;171;4;167;20.58;2.34;837;383;383;9;374;45.76;2.35
49784;061702;5;Budynek Urzędu Gminy w Mełgwi 21-007 Mełgiew ul. Partyzancka 2;1556;352;352;8;344;22.62;2.27;1579;795;795;16;779;50.35;2.01
49785;061702;6;Szkoła Podstawowa w Podzamczu 21-007 Podzamcze 22;893;146;146;2;144;16.35;1.37;889;351;351;9;342;39.48;2.56
49786;061702;7;Budynek byłej Szkoły Podstawowej we Franciszkowie 21-007 Franciszków ul. Szkolna 47;831;224;224;3;221;26.96;1.34;865;561;561;6;555;64.86;1.07
49787;061703;1;Świetlica wiejska kulturalno-oświatowa w Siedliszczkach 21-050 Siedliszczki 90A;609;96;96;2;94;15.76;2.08;622;247;247;6;241;39.71;2.43
49788;061703;2;Zespół Szkół im. H. Babisz 21-050 Bystrzejowice Pierwsze 90;678;142;142;6;136;20.94;4.23;677;358;358;12;346;52.88;3.35
49789;061703;3;Remiza Ochotniczej Straży Pożarnej w Wierzchowiskach 21-050 Wierzchowiska Pierwsze 79;1074;183;183;10;173;17.04;5.46;1074;500;500;28;472;46.55;5.60
49790;061703;4;Świetlica w Kawęczynie 21-050 Kawęczyn 59;736;143;143;4;139;19.43;2.80;724;325;325;5;320;44.89;1.54
49791;061703;5;Specjalny Ośrodek Szkolno-Wychowawczy 21-050 Kozice Dolne-Kolonia 33;600;97;97;3;94;16.17;3.09;590;206;206;12;194;34.92;5.83
49792;061703;6;Remiza Ochotniczej Straży Pożarnej w Kębłowie 21-050 Kębłów 23;557;154;154;6;148;27.65;3.90;554;304;304;5;299;54.87;1.64
49793;061703;7;Budynek byłej Szkoły Podstawowej 21-050 Józefów 23;504;87;87;3;84;17.26;3.45;489;187;187;6;181;38.24;3.21
49794;061703;8;Świetlica kulturalno-oświatowa 21-050 Gardzienice Pierwsze 102A;680;110;110;3;107;16.18;2.73;674;254;254;5;249;37.69;1.97
49795;061703;9;Zakład Pielęgnacyjno-Opiekuńczy „Pod Złotym Liściem” 21-050 Klimusin 24;529;76;76;1;75;14.37;1.32;557;208;208;4;204;37.34;1.92
49796;061703;10;Miejskie Centrum Kultury w Piaskach 21-050 Piaski ul. Lubelska 22;1072;255;255;4;251;23.79;1.57;1060;523;523;22;501;49.34;4.21
49797;061703;11;Szkoła Podstawowa w Piaskach 21-050 Piaski ul. A. Mickiewicza 2;1073;253;253;6;247;23.58;2.37;1065;578;578;19;559;54.27;3.29
49798;061703;12;Szkoła Podstawowa 21-050 Majdan Kozic Górnych 43;505;83;83;2;81;16.44;2.41;518;182;182;6;176;35.14;3.30
49799;061704;1;Urząd Gminy 21-065 Rybczewice Drugie 119;702;148;148;1;147;21.08;0.68;697;322;322;8;314;46.20;2.48
49800;061704;2;Remiza OSP 21-065 Częstoborowice 149 A;369;64;64;4;60;17.34;6.25;369;137;137;3;134;37.13;2.19
49801;061704;3;Remiza Ochotniczej Straży Pożarnej 21-065 Bazar 32;626;77;77;5;72;12.30;6.49;629;257;257;12;245;40.86;4.67
49802;061704;4;Była Szkoła Podstawowa 21-065 Izdebno 118;435;73;73;4;69;16.78;5.48;418;148;148;2;146;35.41;1.35
49803;061704;5;Była Szkoła Podstawowa 21-065 Stryjno-Kolonia 1;906;111;111;4;107;12.25;3.60;900;375;375;15;360;41.67;4.00
49804;061705;1;Zespół Placówek Oświatowych 21-044 Biskupice ul. Józefa Piłsudskiego 15;1441;174;174;6;168;12.07;3.45;1417;550;550;15;535;38.81;2.73
49805;061705;2;Szkoła Podstawowa 21-044 Dorohucza 119;692;64;64;5;59;9.25;7.81;690;171;171;7;164;24.78;4.09
49806;061705;3;Szkoła Podstawowa 21-044 Oleśniki 185;965;173;173;6;167;17.93;3.47;955;433;433;17;416;45.34;3.93
49807;061705;4;Szkoła Podstawowa 21-044 Siostrzytów 97a;1310;153;153;12;141;11.68;7.84;1323;469;469;18;451;35.45;3.84
49808;061705;5;Gimnazjum Publiczne 21-044 Trawniki 606;2241;307;307;16;291;13.70;5.21;2221;960;960;22;938;43.22;2.29
49809;061705;6;Gimnazjum Publiczne 21-044 Trawniki 606;628;90;90;3;87;14.33;3.33;627;227;227;7;220;36.20;3.08
49810;061801;1;Szkoła Podstawowa Nr 2 22-600 Tomaszów Lubelski ul. Żołnierzy Września 1;1521;360;360;3;357;23.67;0.83;1489;748;748;7;741;50.24;0.94
49811;061801;2;Przedszkole Nr 1 22-600 Tomaszów Lubelski ul. Chocimska 17;1594;376;376;10;366;23.59;2.66;1545;807;807;14;793;52.23;1.73
49812;061801;3;Przedszkole Nr 1 22-600 Tomaszów Lubelski ul. Chocimska 19;885;224;224;3;221;25.31;1.34;842;448;448;6;442;53.21;1.34
49813;061801;4;Państwowa Szkoła Muzyczna 22-600 Tomaszów Lubelski ul. Rynek 5;1529;369;369;12;357;24.13;3.25;1484;713;713;23;690;48.05;3.23
49814;061801;5;Szkoła Podstawowa Nr 3 22-600 Tomaszów Lubelski ul. Matejki 5;1580;422;422;7;415;26.71;1.66;1536;745;745;23;722;48.50;3.09
49815;061801;6;Przedszkole Nr 2 22-600 Tomaszów Lubelski ul. Tomasza Zamojskiego 14;1565;375;375;14;361;23.96;3.73;1454;722;722;10;712;49.66;1.39
49816;061801;7;Gimnazjum Nr 1 22-600 Tomaszów Lubelski ul. Kopernika 4;1569;382;382;12;370;24.35;3.14;1519;753;753;23;730;49.57;3.05
49817;061801;8;Przedsiębiorstwo Gospodarki Komunalnej i Mieszkaniowej sp. z o.o. 22-600 Tomaszów Lubelski ul. Lwowska 37A;885;206;206;2;204;23.28;0.97;871;433;433;11;422;49.71;2.54
49818;061801;9;Komenda Powiatowa Państwowej Straży Pożarnej 22-600 Tomaszów Lubelski ul. Petera 7;1646;392;392;3;389;23.82;0.77;1603;860;860;10;850;53.65;1.16
49819;061801;10;Zespół Szkół Nr 3 22-600 Tomaszów Lubelski ul. Hallera 5;1495;349;349;7;342;23.34;2.01;1452;769;769;9;760;52.96;1.17
49820;061801;11;Przedszkole Nr 5 22-600 Tomaszów Lubelski ul. Moniuszki 51;2382;631;631;21;610;26.49;3.33;2300;1224;1224;17;1207;53.22;1.39
90323;061801;12;Samodzielny Publiczny Zespół Opieki Zdrowotnej 22-600 Tomaszów Lubelski Aleje Grunwaldzkie 1;177;26;26;2;24;14.69;7.69;202;57;57;6;51;28.22;10.53
49821;061802;1;Urząd Gminy 22-670 Bełżec ul. Lwowska 5;1494;267;267;14;253;17.87;5.24;1450;600;600;33;567;41.38;5.50
49822;061802;2;Publiczne Gimnazjum 22-670 Bełżec ul. Świerczewskiego 75;760;118;118;6;112;15.53;5.08;760;268;268;5;263;35.26;1.87
49823;061802;3;Remizo - świetlica 22-670 Chyże 46;292;62;62;5;57;21.23;8.06;294;141;141;9;132;47.96;6.38
49824;061802;4;Remizo - świetlica 22-670 Brzeziny 32;250;94;94;2;92;37.60;2.13;243;108;108;4;104;44.44;3.70
49825;061803;1;Samorządowy Ośrodek Kultury 22-664 Jarczów ul. Piłsudskiego 2A;945;180;180;10;170;19.05;5.56;919;399;399;17;382;43.42;4.26
49826;061803;2;Szkoła Podstawowa 22-664 Wierszczyca 54;933;185;185;4;181;19.83;2.16;912;430;430;10;420;47.15;2.33
49827;061803;3;Szkoła Podstawowa 22-664 Gródek 35;522;100;100;6;94;19.16;6.00;519;183;183;14;169;35.26;7.65
49828;061803;4;Szkoła Podstawowa 22-664 Chodywańce 15;605;124;124;5;119;20.50;4.03;604;232;232;12;220;38.41;5.17
49829;061804;1;Urząd Gminy 22-610 Krynice 1;1145;256;256;11;245;22.36;4.30;1129;496;496;18;478;43.93;3.63
49830;061804;2;Świetlica wiejska 22-610 Budy 48A;510;84;84;0;84;16.47;0.00;507;224;224;16;208;44.18;7.14
49831;061804;3;Niepubliczna Szkoła Podstawowa 22-610 Huta Dzierążyńska 17;493;100;100;3;97;20.28;3.00;487;237;237;14;223;48.67;5.91
49832;061804;4;Niepubliczna Szkoła Podstawowa 22-610 Zwiartów 40;344;84;84;2;82;24.42;2.38;339;140;140;3;137;41.30;2.14
49833;061804;5;Świetlica wiejska 22-610 Dąbrowa 34A;363;93;93;7;86;25.62;7.53;353;151;151;12;139;42.78;7.95
49834;061805;1;Świetlica wiejska 22-680 Hrebenne 86B;656;60;60;0;60;9.15;0.00;638;181;181;6;175;28.37;3.31
49835;061805;2;Zespół Szkół 22-680 Lubycza Królewska ul. J. III Sobieskiego 5;1660;307;307;18;289;18.49;5.86;1663;658;658;31;627;39.57;4.71
49836;061805;3;Hala sportowa Zespołu Szkół 22-680 Lubycza Królewska ul. Jana III Sobieskiego 5;729;69;69;2;67;9.47;2.90;730;209;209;9;200;28.63;4.31
49837;061805;4;Świetlica RSP 22-680 Łazowa 17A;280;44;44;2;42;15.71;4.55;283;91;91;6;85;32.16;6.59
49838;061805;5;Wiejski Dom Kultury 22-680 Żurawce ul. Szkolna 7;632;87;87;6;81;13.77;6.90;617;205;205;6;199;33.23;2.93
49839;061805;6;Stołówka Szkoły Podstawowej 22-680 Machnów Nowy ul. 22 Lipca 4;1398;142;142;9;133;10.16;6.34;1359;357;357;31;326;26.27;8.68
49840;061806;1;Gminny Ośrodek Kultury 22-650 Łaszczów ul. Partyzantów 12;999;194;194;9;185;19.42;4.64;988;433;433;26;407;43.83;6.00
49841;061806;2;Szkoła Podstawowa 22-650 Łaszczów ul. Chopina 11;1115;237;237;8;229;21.26;3.38;1074;505;505;24;481;47.02;4.75
49842;061806;3;Warsztat Terapii Zajęciowej 22-650 Muratyn 49;295;56;56;3;53;18.98;5.36;279;124;124;5;119;44.44;4.03
49843;061806;4;Świetlica Wiejska 22-650 Dobużek-Kolonia 4;445;46;46;2;44;10.34;4.35;428;164;164;13;151;38.32;7.93
49844;061806;5;Zespół Szkół Podstawowo-Gimnazjalnych 22-650 Nabróż-Kolonia 19;383;90;90;2;88;23.50;2.22;373;167;167;3;164;44.77;1.80
49845;061806;6;Szkoła Podstawowa 22-650 Zimno 1;460;55;55;2;53;11.96;3.64;457;142;142;4;138;31.07;2.82
49846;061806;7;Szkoła Filialna 22-650 Podlodów 56;411;55;55;7;48;13.38;12.73;397;128;128;4;124;32.24;3.12
49847;061806;8;Szkoła Podstawowa 22-650 Pukarzów 106;459;30;30;1;29;6.54;3.33;454;158;158;6;152;34.80;3.80
49848;061806;9;Świetlica Wiejska 22-650 Wólka Pukarzowska 63;236;37;37;4;33;15.68;10.81;226;77;77;6;71;34.07;7.79
49849;061806;10;Szkoła Podstawowa 22-650 Steniatyn 71;347;85;85;1;84;24.50;1.18;340;149;149;10;139;43.82;6.71
49850;061806;11;Świetlica Wiejska 22-650 Hopkie 59;211;46;46;1;45;21.80;2.17;210;96;96;4;92;45.71;4.17
49851;061807;1;Gminny Ośrodek Kultury 22-640 Rachanie ul. Partyzantów 60;1061;244;244;7;237;23.00;2.87;1048;515;515;5;510;49.14;0.97
49852;061807;2;Remizo - Świetlica 22-640 Pawłówka;267;51;51;2;49;19.10;3.92;261;104;104;7;97;39.85;6.73
49853;061807;3;Szkoła Podstawowa 22-640 Grodysławice 119;367;80;80;7;73;21.80;8.75;376;162;162;7;155;43.09;4.32
49854;061807;4;Szkoła Podstawowa 22-640 Michalów 117;268;34;34;1;33;12.69;2.94;266;87;87;6;81;32.71;6.90
49855;061807;5;Remizo - Świetlica 22-640 Wożuczyn 78A;888;156;156;12;144;17.57;7.69;875;314;314;12;302;35.89;3.82
49856;061807;6;Remizo - Świetlica 22-640 Siemierz 65A;246;79;79;12;67;32.11;15.19;241;134;134;5;129;55.60;3.73
49857;061807;7;Dom Kultury 22-640 Wożuczyn-Cukrownia;808;120;120;5;115;14.85;4.17;765;350;350;6;344;45.75;1.71
49858;061807;8;Remizo - Świetlica 22-640 Werechanie 43;352;94;94;7;87;26.70;7.45;355;152;152;5;147;42.82;3.29
49859;061807;9;Szkoła Podstawowa 22-640 Siemnice 1;271;64;64;6;58;23.62;9.38;274;127;127;3;124;46.35;2.36
49860;061808;1;Szkoła Podstawowa 22-672 Ciotusza Stara 1B;635;163;163;5;158;25.67;3.07;616;290;290;7;283;47.08;2.41
49861;061808;2;Szkoła Podstawowa 22-672 Grabowica 72B;848;221;221;2;219;26.06;0.90;832;427;427;14;413;51.32;3.28
49862;061808;3;Szkoła Podstawowa 22-672 Łosiniec 23A;1017;175;175;8;167;17.21;4.57;1009;488;488;16;472;48.36;3.28
49863;061808;4;Zespół Szkół 22-672 Majdan Sopocki Pierwszy 113;1121;295;295;11;284;26.32;3.73;1118;464;464;21;443;41.50;4.53
49864;061808;5;Szkoła Podstawowa 22-672 Paary 130;629;126;126;13;113;20.03;10.32;595;257;257;8;249;43.19;3.11
49865;061808;6;Gminny Ośrodek Kultury 22-672 Susiec ul. Tomaszowska 100;1712;363;363;18;345;21.20;4.96;1681;690;690;20;670;41.05;2.90
49866;061808;7;Szkoła Podstawowa 22-672 Łuszczacz 1;473;101;101;4;97;21.35;3.96;472;222;222;7;215;47.03;3.15
49867;061809;1;Publiczne Gimnazjum 22-604 Tarnawatka ul. Lubelska 62;1003;161;161;6;155;16.05;3.73;978;431;431;19;412;44.07;4.41
49868;061809;2;Przedszkole 22-604 Tarnawatka - Tartak ul. Tomaszowska 13 lokal: 1;879;166;166;5;161;18.89;3.01;897;408;408;11;397;45.48;2.70
49869;061809;3;Szkoła Podstawowa 22-600 Wieprzów Ordynacki 13;426;100;100;11;89;23.47;11.00;402;170;170;5;165;42.29;2.94
49870;061809;4;Szkoła Podstawowa 22-604 Huta Tarnawacka 30A;505;75;75;1;74;14.85;1.33;503;191;191;14;177;37.97;7.33
49871;061809;5;Budynek poszkolny 22-604 Niemirówek-Kolonia 81;441;85;85;1;84;19.27;1.18;424;190;190;5;185;44.81;2.63
49872;061810;1;Szkoła Podstawowa im. Kardynała Stefana Wyszyńskiego 22-652 Telatyn Kardynała Stefana Wyszyńskiego 22;1086;232;232;6;226;21.36;2.59;1045;526;526;16;510;50.33;3.04
49873;061810;2;Szkoła Podstawowa im. Fryderyka Chopina 22-652 Poturzyn 105 lokal: 1;629;96;96;2;94;15.26;2.08;614;196;196;11;185;31.92;5.61
49874;061810;3;Świetlica wiejska 22-652 Kryszyn 20;436;102;102;8;94;23.39;7.84;427;188;188;7;181;44.03;3.72
49875;061810;4;Świetlica Wiejska 22-652 Nowosiółki 16a;887;165;165;8;157;18.60;4.85;871;326;326;13;313;37.43;3.99
49876;061810;5;Niepubliczna Szkoła Podstawowa 22-652 Żulice 18;518;77;77;8;69;14.86;10.39;499;217;217;7;210;43.49;3.23
49877;061811;1;Dom Strażaka 22-600 Łaszczówka ul. Spółdzielcza 2;842;140;140;7;133;16.63;5.00;836;368;368;12;356;44.02;3.26
49878;061811;2;Szkoła Podstawowa 22-600 Ulów 93;264;51;51;3;48;19.32;5.88;254;98;98;8;90;38.58;8.16
49879;061811;3;Zespół Szkół Publicznych Sabaudia 22-600 Sabaudia 47;987;181;181;6;175;18.34;3.31;997;367;367;11;356;36.81;3.00
49880;061811;4;Szkoła Podstawowa 22-600 Pasieki 1;503;68;68;1;67;13.52;1.47;500;212;212;4;208;42.40;1.89
49881;061811;5;Budynek po byłej Szkole Podstawowej 22-600 Ruda Wołoska ul. Szkolna 11;373;71;71;3;68;19.03;4.23;377;156;156;3;153;41.38;1.92
49882;061811;6;Wiejski Dom Kultury 22-600 Majdan Górny ul. Długa 136;941;188;188;1;187;19.98;0.53;930;408;408;10;398;43.87;2.45
49883;061811;7;Szkoła Podstawowa 22-600 Jeziernia 110;878;176;176;7;169;20.05;3.98;882;371;371;18;353;42.06;4.85
49884;061811;8;Gminny Ośrodek Kultury 22-600 Podhorce 130;829;250;250;5;245;30.16;2.00;826;400;400;16;384;48.43;4.00
49885;061811;9;Szkoła Podstawowa 22-600 Typin 101;311;40;40;2;38;12.86;5.00;312;138;138;4;134;44.23;2.90
49886;061811;10;Zespół Szkół Publicznych 22-600 Szarowola 126;581;172;172;4;168;29.60;2.33;575;311;311;14;297;54.09;4.50
49887;061811;11;Szkoła Podstawowa 22-600 Przeorsk 113;419;37;37;1;36;8.83;2.70;420;154;154;8;146;36.67;5.19
49888;061811;12;Świetlica Wiejska 22-600 Rogóźno ul. Wyzwolenia 100;1825;347;347;5;342;19.01;1.44;1831;906;906;14;892;49.48;1.55
49889;061811;13;Świetlica Wiejska 22-600 Rabinówka 112;344;84;84;9;75;24.42;10.71;350;166;166;5;161;47.43;3.01
49890;061812;1;Szkoła Podstawowa 22-630 Tyszowce ul. Kościelna 25;1460;273;273;12;261;18.70;4.40;1426;616;616;16;600;43.20;2.60
49891;061812;2;Dom Pomocy Społecznej 22-630 Tyszowce ul. Wielka 101;266;37;37;0;37;13.91;0.00;317;119;119;9;110;37.54;7.56
49892;061812;3;Szkoła Podstawowa 22-630 Tyszowce ul. Kościelna 25;1023;142;142;6;136;13.88;4.23;998;359;359;15;344;35.97;4.18
49893;061812;4;Szkoła Podstawowa 22-630 Przewale 41A;542;75;75;3;72;13.84;4.00;526;220;220;13;207;41.83;5.91
49894;061812;5;Szkoła Podstawowa 22-630 Czartowczyk 43A;347;95;95;5;90;27.38;5.26;343;184;184;5;179;53.64;2.72
49895;061812;6;Szkoła Podstawowa 22-630 Kazimierówka 36;581;102;102;5;97;17.56;4.90;586;202;202;7;195;34.47;3.47
49896;061812;7;Szkoła Podstawowa 22-630 Perespa 5;316;58;58;2;56;18.35;3.45;304;102;102;1;101;33.55;0.98
49897;061812;8;Budynek po byłej Szkole Podstawowej 22-630 Czartowiec 6;316;40;40;1;39;12.66;2.50;311;133;133;2;131;42.77;1.50
49898;061813;1;Budynek byłej Szkoły Podstawowej 22-678 Ulhówek ul. Tomaszowska 81;408;43;43;0;43;10.54;0.00;407;125;125;2;123;30.71;1.60
49899;061813;2;Urząd Gminy Ulhówek 22-678 Ulhówek ul. Kościelna 1 lokal: 1;993;166;166;6;160;16.72;3.61;971;369;369;13;356;38.00;3.52
49900;061813;3;Szkoła Podstawowa 22-678 Tarnoszyn 40;778;124;124;2;122;15.94;1.61;761;218;218;12;206;28.65;5.50
49901;061813;4;Świetlica Wiejska 22-678 Wasylów Wielki 15;335;42;42;1;41;12.54;2.38;340;89;89;7;82;26.18;7.87
49902;061813;5;Świetlica Wiejska 22-678 Budynin 50;238;28;28;1;27;11.76;3.57;232;39;39;1;38;16.81;2.56
49903;061813;6;Szkoła Podstawowa im. Artura Grottgera 22-678 Hubinek 19;533;113;113;3;110;21.20;2.65;525;201;201;2;199;38.29;1.00
49904;061813;7;Remizo - Świetlica 22-678 Żerniki 82;298;53;53;5;48;17.79;9.43;296;123;123;2;121;41.55;1.63
49905;061813;8;Świetlica Wiejska 22-678 Rzeplin 60;296;72;72;2;70;24.32;2.78;295;122;122;4;118;41.36;3.28
49906;061813;9;Remizo - Świetlica 22-678 Korczmin 39;354;64;64;3;61;18.08;4.69;358;128;128;7;121;35.75;5.47
49907;061901;1;Sala gimnastyczna Zespołu Szkół Zawodowych i II LO we Włodawie 22-200 Włodawa ul. Modrzewskiego 24;2294;521;521;11;510;22.71;2.11;2261;1064;1064;19;1045;47.06;1.79
49908;061901;2;Sala konferencyjna Urzędu Miejskiego 22-200 Włodawa Al. Józefa Piłsudskiego 41;2156;462;462;9;453;21.43;1.95;2138;961;961;29;932;44.95;3.02
49909;061901;3;Lokal świetlicy Szkoły Podstawowej nr 2 22-200 Włodawa ul. Kopernika 3;2355;540;540;11;529;22.93;2.04;2340;1146;1146;13;1133;48.97;1.13
49910;061901;4;Mała Synagoga Muzeum Pojezierza Łęczyńsko-Włodawskiego 22-200 Włodawa ul. Czerwonego Krzyża 7;2069;488;488;8;480;23.59;1.64;1995;881;881;11;870;44.16;1.25
49911;061901;5;Lokal holu Szkoły Podstawowej Nr 3 22-200 Włodawa ul. Prof. Zbigniewa Sierpińskiego 4;2320;531;531;6;525;22.89;1.13;2270;1054;1055;16;1038;46.43;1.52
90324;061901;6;Świetlica Zakład Karny 22-200 Włodawa Żołnierzy WiN 19;442;104;104;9;95;23.53;8.65;431;164;164;12;152;38.05;7.32
90325;061901;7;Świetlica Szpitala we Włodawie 22-200 Włodawa Aleja Józefa Piłsudskiego 64;91;22;22;3;19;24.18;13.64;111;55;55;4;51;49.55;7.27
49912;061902;1;Gminny Ośrodek Kultury i Sportu w Hannie 22-220 Hanna 42;919;186;186;12;174;20.24;6.45;920;406;406;22;384;44.13;5.42
49913;061902;2;Wiejski Dom Kultury w Dołhobrodach 22-220 Dołhobrody 85B;560;114;114;5;109;20.36;4.39;550;241;241;19;222;43.82;7.88
49914;061902;3;Szkoła Podstawowa w Dańcach 22-220 Dańce 100;659;96;96;9;87;14.57;9.38;648;225;225;13;212;34.72;5.78
49915;061902;4;Szkoła Podstawowa w Zaświatyczach 22-220 Zaświatycze 46;490;83;83;2;81;16.94;2.41;487;181;181;6;175;37.17;3.31
49916;061903;1;Dom Kultury w Dubecznie 22-235 Dubeczno Szkolna 5;850;88;88;9;79;10.35;10.23;826;282;282;14;268;34.14;4.96
49917;061903;2;Świetlica OSP w Osowie 22-235 Osowa 55;324;67;67;2;65;20.68;2.99;306;125;125;11;114;40.85;8.80
49918;061903;3;Gminny Ośrodek Kultury w Hańsku 22-235 Hańsk Pierwszy Osiedlowa 6;1513;319;319;7;312;21.08;2.19;1488;633;633;27;606;42.54;4.27
49919;061903;4;Świetlica Wiejska w Kulczynie 22-235 Kulczyn 68;418;73;73;5;68;17.46;6.85;421;153;153;9;144;36.34;5.88
49920;061904;1;Centrum Kultury, Sportu i Rekreacji 22-244 Stary Brus 34;907;209;209;4;205;23.04;1.91;897;399;399;11;388;44.48;2.76
49921;061904;2;Remiza OSP 22-244 Wołoskowola 60;368;96;96;5;91;26.09;5.21;363;156;156;7;149;42.98;4.49
49922;061904;3;Remiza OSP 22-244 Hola 24;208;33;33;0;33;15.87;0.00;204;71;71;2;69;34.80;2.82
49923;061904;4;Świetlica wiejska 22-244 Dominiczyn 40;300;55;55;9;46;18.33;16.36;311;113;113;4;109;36.33;3.54
49924;061905;1;Szkoła Podstawowa w Wytycznie 22-234 Wytyczno 143;508;72;72;3;69;14.17;4.17;513;226;226;7;219;44.05;3.10
49925;061905;2;Zespół Szkół w Urszulinie (Gimnazjum) 22-234 Urszulin ul. Szkolna 23;840;166;166;3;163;19.76;1.81;852;442;442;17;425;51.88;3.85
49926;061905;3;Świetlica OSP w Wereszczynie 22-234 Wereszczyn 40;444;79;79;5;74;17.79;6.33;442;183;183;11;172;41.40;6.01
49927;061905;4;Szkoła Podstawowa w Woli Wereszczyńskiej 22-234 Wola Wereszczyńska 2;489;104;104;5;99;21.27;4.81;483;190;190;15;175;39.34;7.89
49928;061905;5;Świetlica OSP w Urszulinie (budynek Urzędu Gminy) 22-234 Urszulin Kwiatowa 35;1147;207;207;4;203;18.05;1.93;1135;529;529;18;511;46.61;3.40
49929;061906;1;Świetlica wiejska w Żłobku 22-200 Żłobek 27;102;33;33;9;24;32.35;27.27;102;41;41;1;40;40.20;2.44
49930;061906;2;Świetlica wiejska w Okunince 22-200 Okuninka XIII-1;373;68;68;0;68;18.23;0.00;375;166;166;3;163;44.27;1.81
49931;061906;3;Urząd Gminy Włodawa 22-200 Włodawa Al. Jana Pawła II 22;871;177;177;2;175;20.32;1.13;896;449;449;6;443;50.11;1.34
49932;061906;4;Świetlica wiejska Żukowie 22-200 Żuków 27;443;96;96;1;95;21.67;1.04;440;195;195;10;185;44.32;5.13
49933;061906;5;Szkoła Podstawowa w Różance 22-200 Różanka 213;621;124;124;5;119;19.97;4.03;621;263;263;5;258;42.35;1.90
49934;061906;6;Dom Pomocy Społecznej w Różance 22-200 Różanka 117B;399;52;52;6;46;13.03;11.54;410;129;129;16;113;31.46;12.40
49935;061906;7;Świetlica wiejska w Korolówce-Osada 22-200 Korolówka-Osada 12;330;54;54;1;53;16.36;1.85;311;105;105;4;101;33.76;3.81
49936;061906;8;Świetlica wiejska w Sobiborze 22-200 Sobibór 39A;307;48;48;4;44;15.64;8.33;311;97;97;1;96;31.19;1.03
49937;061906;9;Szkoła Podstawowa w Orchówku 22-200 Orchówek Szkolna 35;848;150;150;3;147;17.69;2.00;850;360;360;22;338;42.35;6.11
49938;061906;10;świetlica w Sobiborze 22-200 Sobibór 103;85;27;27;1;26;31.76;3.70;76;37;37;0;37;48.68;0.00
49939;061906;11;świetlica wiejska w Szumince 22-200 Szuminka 36A;179;43;43;3;40;24.02;6.98;190;95;95;4;91;50.00;4.21
49940;061906;12;świetlica wiejska w Korolówce 22-200 Korolówka 84a;328;55;55;1;54;16.77;1.82;337;131;131;6;125;38.87;4.58
49941;061907;1;Świetlica 22-230 Uhrusk 46;688;121;121;5;116;17.59;4.13;669;268;268;8;260;40.06;2.99
49942;061907;2;Urząd Gminy Wola Uhruska 22-230 Wola Uhruska ul. Parkowa 5;573;125;125;4;121;21.82;3.20;551;230;230;4;226;41.74;1.74
49943;061907;3;Gimnazjum im. Jana Pawła II 22-230 Wola Uhruska ul. Gimnazjalna 34;506;108;108;0;108;21.34;0.00;486;192;192;10;182;39.51;5.21
49944;061907;4;Szkoła Podstawowa im. J.I. Kraszewskiego 22-230 Wola Uhruska ul. Szkolna 2;711;148;148;2;146;20.82;1.35;714;303;303;5;298;42.44;1.65
49945;061907;5;Świetlica 22-230 Stulno 89;519;65;65;0;65;12.52;0.00;527;186;186;8;178;35.29;4.30
49946;061907;6;Świetlica 22-230 Piaski 27;407;88;88;2;86;21.62;2.27;398;150;150;8;142;37.69;5.33
49947;061908;1;Urząd Gminy w Wyrykach 22-205 Wyryki-Połód 154;875;160;160;5;155;18.29;3.12;860;388;388;13;375;45.12;3.35
49948;061908;2;Swietlica wiejska w Suchawie 22-200 Suchawa 8B;260;45;45;5;40;17.31;11.11;250;65;65;1;64;26.00;1.54
49949;061908;3;Świetlica wiejska w Lubieniu 22-205 Lubień 99A;190;30;30;4;26;15.79;13.33;189;69;69;2;67;36.51;2.90
49950;061908;4;Filia Gminnej Biblioteki Publicznej w Horostycie 22-205 Horostyta 51;313;51;51;2;49;16.29;3.92;333;113;113;3;110;33.93;2.65
49951;061908;5;Szkoła Podstawowa w Kaplonosach 22-205 Kaplonosy 73;345;80;80;7;73;23.19;8.75;342;132;132;6;126;38.60;4.55
49952;061908;6;Świetlica OSP w Zahajkach 22-205 Zahajki 11;266;41;41;3;38;15.41;7.32;264;80;80;2;78;30.30;2.50
90326;061908;7;Adampol SPZOZ Gruźlicy i Chorób Płuc 22-200 Adampol 37;51;16;16;2;14;31.37;12.50;55;23;23;3;20;41.82;13.04
49953;062001;1;Urząd Gminy 22-442 Adamów 11b;1092;165;165;3;162;15.11;1.82;1104;493;493;25;468;44.66;5.07
49954;062001;2;Budynek byłej Szkoły Podstawowej 22-442 Rachodoszcze 105;616;174;174;1;173;28.25;0.57;627;322;322;8;314;51.36;2.48
49955;062001;3;Zespół Szkół 22-442 Szewnia Górna 21A;492;62;62;0;62;12.60;0.00;500;218;218;14;204;43.60;6.42
49956;062001;4;Budynek byłej Szkoły Podstawowej 22-442 Bondyrz 77A;632;106;106;2;104;16.77;1.89;663;302;302;14;288;45.55;4.64
49957;062001;5;Zespół Szkół 22-442 Suchowola 239;1110;217;217;6;211;19.55;2.76;1103;484;484;18;466;43.88;3.72
49958;062002;1;Zespół Szkół 22-425 Grabowiec ul. Wojsławska 1;1129;223;223;16;207;19.75;7.17;1140;455;455;15;440;39.91;3.30
49959;062002;2;Gminny Ośrodek Kultury 22-425 Grabowiec ul. Rynek 6;1182;169;169;6;163;14.30;3.55;1200;420;420;18;402;35.00;4.29
49960;062002;3;była Szkoła Podstawowa 22-425 Ornatowice 45;575;90;90;4;86;15.65;4.44;563;224;224;13;211;39.79;5.80
49961;062002;4;Remiza OSP 22-425 Tuczępy;779;96;96;2;94;12.32;2.08;755;253;253;10;243;33.51;3.95
49962;062003;1;Szkoła Podstawowa 22-435 Antoniówka 78;457;109;109;3;106;23.85;2.75;457;198;198;7;191;43.33;3.54
49963;062003;2;Świetlica wiejska 22-435 Zubowice 20;535;177;177;10;167;33.08;5.65;539;267;267;5;262;49.54;1.87
49964;062003;3;Szkoła Podstawowa 22-435 Komarów-Osada ul. Kościuszki 2;753;190;190;9;181;25.23;4.74;742;366;366;4;362;49.33;1.09
49965;062003;4;Samorządowy Ośrodek Kultury 22-435 Komarów-Osada Rynek 15;877;267;267;14;253;30.44;5.24;889;462;462;21;441;51.97;4.55
49966;062003;5;Świetlica wiejska 22-435 Komarów-Wieś 62;518;136;136;3;133;26.25;2.21;479;241;241;3;238;50.31;1.24
49967;062003;6;Świetlica wiejska 22-435 Janówka Wschodnia 57;367;104;104;5;99;28.34;4.81;376;178;178;8;170;47.34;4.49
49968;062003;7;Świetlica wiejska 22-435 Dub 50;495;108;108;7;101;21.82;6.48;482;196;196;12;184;40.66;6.12
49969;062003;8;Świetlica wiejska 22-435 Śniatycze 44;419;126;126;5;121;30.07;3.97;406;184;184;8;176;45.32;4.35
49970;062004;1;Krasnobrodzki Dom Kultury 22-440 Krasnobród ul. 3 Maja 26;1715;491;491;21;470;28.63;4.28;1690;939;939;20;919;55.56;2.13
49971;062004;2;Dom Pomocy Społecznej w Krasnobrodzie 22-440 Krasnobród ul. Sanatoryjna 34;411;176;176;8;168;42.82;4.55;402;238;238;14;224;59.20;5.88
49972;062004;3;Informacja Turystyczna w Krasnobrodzie 22-440 Krasnobród ul. Tomaszowska 25;768;232;232;3;229;30.21;1.29;753;411;411;10;401;54.58;2.43
49973;062004;4;Warsztat Terapii Zajęciowej 22-440 Dominikanówka Dominikanówka;240;91;91;3;88;37.92;3.30;240;123;123;7;116;51.25;5.69
49974;062004;5;Budynek byłej Szkoły Podstawowej w Hutkowie 22-440 Hutków;323;76;76;3;73;23.53;3.95;330;150;150;2;148;45.45;1.33
49975;062004;6;Szkoła Podstawowa w Kaczórkach 22-440 Kaczórki;444;119;119;6;113;26.80;5.04;439;225;225;3;222;51.25;1.33
49976;062004;7;Remiza OSP w Starej Hucie 22-440 Stara Huta;477;86;86;6;80;18.03;6.98;474;165;165;12;153;34.81;7.27
49977;062004;8;Remiza OSP w Wólce Husińskiej 22-440 Wólka Husińska;322;110;110;3;107;34.16;2.73;323;162;162;9;153;50.15;5.56
49978;062004;9;Szkoła w Zielonem 22-440 Zielone;333;78;78;4;74;23.42;5.13;327;157;157;12;145;48.01;7.64
49979;062004;10;Szkoła Podstawowa w Majdanie Wielkim 22-440 Majdan Wielki;818;183;183;3;180;22.37;1.64;816;381;381;15;366;46.69;3.94
90327;062004;11;Dom Pomocy Społecznej w Majdanie Wielkim 22-440 Majdan Wielki 392;44;28;28;5;23;63.64;17.86;43;32;32;8;24;74.42;25.00
49980;062005;1;Świetlica Wiejska 22-437 Barchaczów 31;628;157;157;4;153;25.00;2.55;618;306;306;12;294;49.51;3.92
49981;062005;2;Szkoła Podstawowa 22-437 Łabuńki Pierwsze 178;1281;348;348;11;337;27.17;3.16;1284;701;701;13;688;54.60;1.85
49982;062005;3;Szkoła Podstawowa 22-437 Łabunie ul. Zamojska 1;1379;318;318;5;313;23.06;1.57;1374;714;714;19;695;51.97;2.66
49983;062005;4;Świetlica Wiejska 22-437 Wólka Łabuńska 118;690;197;197;4;193;28.55;2.03;678;347;347;10;337;51.18;2.88
49984;062005;5;Szkoła Podstawowa 22-437 Ruszów 79a;547;107;107;0;107;19.56;0.00;531;245;245;9;236;46.14;3.67
49985;062005;6;Remiza Strażacka 22-437 Majdan Ruszowski 44;239;91;91;3;88;38.08;3.30;238;135;135;2;133;56.72;1.48
49986;062005;7;Świetlica Wiejska 22-437 Wierzbie 35;304;78;78;2;76;25.66;2.56;293;150;150;2;148;51.19;1.33
49987;062006;1;Remiza Ochotniczej Straży Pożarnej w Świdnikach 22-455 Świdniki 72;677;113;113;6;107;16.69;5.31;674;200;200;10;190;29.67;5.00
49988;062006;2;Gimnazjum im. Jana Pawła II w Miączynie 22-455 Miączyn 50A;1258;412;412;15;397;32.75;3.64;1237;510;510;19;491;41.23;3.73
49989;062006;3;Szkoła Podstawowa w Niewirkowie 22-455 Niewirków 157;541;121;121;7;114;22.37;5.79;544;206;206;16;190;37.87;7.77
49990;062006;4;Szkoła Podstawowa w Kotlicach 22-455 Kotlice 190;576;101;101;2;99;17.53;1.98;574;192;192;10;182;33.45;5.21
49991;062006;5;Szkoła Podstawowa w Zawalowie 22-455 Zawalów 144;667;155;155;7;148;23.24;4.52;673;237;237;6;231;35.22;2.53
49992;062006;6;Remiza Ochotniczej Straży Pożarnej w Koniuchach 22-455 Koniuchy 39;440;120;120;11;109;27.27;9.17;428;171;171;5;166;39.95;2.92
49993;062006;7;Szkoła Podstawowa im. Bohaterów Wojska Polskiego w Horyszowie 22-455 Horyszów 6;445;109;109;2;107;24.49;1.83;440;170;170;8;162;38.64;4.71
49994;062006;8;Publiczna Szkoła Podstawowa im. Bł. ks. Zygmunta Pisarskiego w Gdeszynie-Kolonii 22-455 Gdeszyn-Kolonia 139;362;64;64;1;63;17.68;1.56;362;111;111;4;107;30.66;3.60
49995;062007;1;Szkoła Podstawowa w Nieliszu 22-413 Nielisz 278;1035;206;206;11;195;19.90;5.34;1051;438;438;20;418;41.67;4.57
49996;062007;2;Gminny Ośrodek Pomocy Społecznej w Nieliszu z siedzibą w Krzaku 22-413 Krzak 98;606;111;111;6;105;18.32;5.41;592;245;245;15;230;41.39;6.12
49997;062007;3;Klub Kultury w Stawie Noakowskim 22-413 Staw Noakowski 101;1016;152;152;0;152;14.96;0.00;1011;416;416;21;395;41.15;5.05
49998;062007;4;Szkoła Podstawowa w Złojcu 22-413 Złojec 226;1076;153;153;8;145;14.22;5.23;1064;428;428;25;403;40.23;5.84
49999;062007;5;Remiza OSP w Gruszce Dużej 22-413 Gruszka Duża 2;376;49;49;0;49;13.03;0.00;362;127;127;3;124;35.08;2.36
50000;062007;6;Wiejski Dom Kultury 22-413 Ruskie Piaski 115;413;61;61;0;61;14.77;0.00;415;147;147;14;133;35.42;9.52
50001;062007;7;Remiza OSP w Ujazdowie 22-413 Ujazdów 105;280;47;47;5;42;16.79;10.64;288;70;70;6;64;24.31;8.57
50002;062008;1;Publiczne Gimnazjum 22-463 Radecznica ul. Gwarna 4;566;107;107;2;105;18.90;1.87;555;249;249;3;246;44.86;1.20
50003;062008;2;Szkoła Podstawowa 22-463 Zaburze 98A;733;179;179;3;176;24.42;1.68;721;305;305;8;297;42.30;2.62
50004;062008;3;Urząd Gminy 22-463 Radecznica ul. B.Prusa 21;1099;176;176;6;170;16.01;3.41;1084;445;445;15;430;41.05;3.37
50005;062008;4;Szkoła Podstawowa 22-463 Radecznica ul. B.Prusa 65a;563;80;80;3;77;14.21;3.75;549;229;229;4;225;41.71;1.75
50006;062008;5;Szkoła Podstawowa 22-463 Gorajec-Stara Wieś 101;1256;233;233;3;230;18.55;1.29;1234;566;566;16;550;45.87;2.83
50007;062008;6;Szkoła Podstawowa 22-463 Czarnystok 129a;737;154;154;2;152;20.90;1.30;712;366;366;3;363;51.40;0.82
90328;062008;7;SP Wojewódzki Szpital Psychiatryczny 22-463 Radecznica ul.Klasztorna 4;289;37;37;1;36;12.80;2.70;278;40;40;8;32;14.39;20.00
50008;062009;1;Centrum Kultury w Sitnie 22-424 Sitno 72;1403;303;303;10;293;21.60;3.30;1381;663;664;21;642;48.01;3.17
50009;062009;2;Świetlica środowiskowa w Stanisławce 22-424 Stanisławka 75;364;57;57;2;55;15.66;3.51;354;122;122;5;117;34.46;4.10
50010;062009;3;Szkoła Podstawowa w Kolonii Sitno 22-424 Kolonia Sitno 51;856;141;141;9;132;16.47;6.38;848;326;326;6;320;38.44;1.84
50011;062009;4;Szkoła Podstawowa w Horyszowie Polskim 22-424 Horyszów Polski 85;862;188;188;6;182;21.81;3.19;827;393;393;15;378;47.52;3.82
50012;062009;5;Szkoła Podstawowa w Jarosławcu 22-424 Jarosławiec 190;1249;292;292;3;289;23.38;1.03;1227;590;590;18;572;48.08;3.05
50013;062009;6;Szkoła Podstawowa w Cześnikach 22-242 Cześniki 125;854;200;200;3;197;23.42;1.50;841;407;407;18;389;48.39;4.42
50014;062010;1;Gminny Ośrodek Kultury 22-420 Skierbieszów ul. Zielona 3;2131;504;504;20;484;23.65;3.97;2131;984;984;29;955;46.18;2.95
50015;062010;2;Warsztat Terapii Zajęciowej 22-420 Lipina Stara 48;359;61;61;4;57;16.99;6.56;347;150;150;7;143;43.23;4.67
50016;062010;3;Dom Strażaka 22-420 Majdan Skierbieszowski;315;68;68;3;65;21.59;4.41;306;124;124;3;121;40.52;2.42
50017;062010;4;Szkoła Podstawowa 22-420 Sulmice 12;585;112;112;3;109;19.15;2.68;573;254;254;13;241;44.33;5.12
50018;062010;5;Szkoła Podstawowa 22-420 Dębowiec 178;753;135;135;2;133;17.93;1.48;747;286;286;10;276;38.29;3.50
50019;062010;6;Dom Strażaka 22-420 Łaziska;282;60;60;8;52;21.28;13.33;299;118;118;6;112;39.46;5.08
50020;062011;1;Szkoła Podstawowa 22-417 Krasne 145;462;124;124;2;122;26.84;1.61;460;231;231;8;223;50.22;3.46
50021;062011;2;Gimnazjum - Stary Zamość 22-417 Wierzba 20a;1097;228;228;7;221;20.78;3.07;1079;513;513;14;499;47.54;2.73
50022;062011;3;Garaż OSP 22-417 Wierzba 115;868;175;175;2;173;20.16;1.14;834;398;398;13;385;47.72;3.27
50023;062011;4;Remiza OSP 22-417 Chomęciska Małe 20A;650;159;159;3;156;24.46;1.89;650;322;322;15;307;49.54;4.66
50024;062011;5;Szkoła Filialna Udrycze 22-417 Udrycze-Koniec 12a;857;156;156;9;147;18.20;5.77;869;340;340;15;325;39.13;4.41
50025;062011;6;Dom Ludowy 22-417 Chomęciska Duże Drugie 140;522;123;123;7;116;23.56;5.69;514;270;270;6;264;52.53;2.22
50026;062012;1;Zespół Szkół 22-448 Sułów 64;616;83;83;3;80;13.47;3.61;605;231;231;7;224;38.18;3.03
50027;062012;2;Budynek Świetlicy GS „SCH” w Sułowie z/s w Deszkowicach Pierwszych 22-448 Deszkowice Pierwsze 148;819;91;91;13;78;11.11;14.29;802;301;301;11;290;37.53;3.65
50028;062012;3;Budynek poszkolny 22-448 Sąsiadka 203;561;64;64;2;62;11.41;3.12;540;198;198;5;193;36.67;2.53
50029;062012;4;Szkoła Podstawowa 22-448 Tworyczów 124;961;104;104;1;103;10.82;0.96;943;339;339;3;336;35.95;0.88
50030;062012;5;Zespół Szkół 22-448 Michalów ul. Osiedlowa 11;1019;102;102;6;96;10.01;5.88;1012;383;383;10;373;37.85;2.61
50031;062013;1;Urząd Miejski 22-460 Szczebrzeszyn Plac Kościuszki 1;1307;307;307;11;296;23.49;3.58;1286;592;592;12;580;46.03;2.03
50032;062013;2;Miejski Dom Kultury 22-460 Szczebrzeszyn Sądowa 6;993;166;166;8;158;16.72;4.82;984;385;385;13;372;39.13;3.38
50033;062013;3;Liceum Ogólnokształcące 22-460 Szczebrzeszyn ul. Zamojska 70;698;122;122;2;120;17.48;1.64;679;283;283;7;276;41.68;2.47
50034;062013;4;Szkoła Podstawowa Nr 3 22-460 Szczebrzeszyn ul. Zamojska 189;930;141;141;14;127;15.16;9.93;908;358;358;9;349;39.43;2.51
50035;062013;5;Remiza OSP 22-460 Błonie 69;758;130;130;4;126;17.15;3.08;762;361;361;18;343;47.38;4.99
50036;062013;6;Szkoła Podstawowa 22-460 Bodaczów 501;1736;280;280;12;268;16.13;4.29;1738;647;647;16;631;37.23;2.47
50037;062013;7;Remiza OSP 22-460 Brody Małe 25;475;81;81;4;77;17.05;4.94;469;199;199;1;198;42.43;0.50
50038;062013;8;Remiza OSP 22-460 Brody Duże 56;477;84;84;3;81;17.61;3.57;477;200;200;5;195;41.93;2.50
50039;062013;9;Szkoła Podstawowa 22-460 Niedzieliska 111;1069;163;163;12;151;15.25;7.36;1067;408;408;20;388;38.24;4.90
50040;062013;10;Szkoła Podstawowa 22-460 Wielącza 5;1180;219;219;4;215;18.56;1.83;1180;510;510;14;496;43.22;2.75
90329;062013;11;Samodzielny Publiczny Zespół Opieki Zdrowotnej 22-460 Szczebrzeszyn Doktora Klukowskiego 3;43;3;3;0;3;6.98;0.00;40;12;12;0;12;30.00;0.00
90330;062013;12;Dom Pomocy Społecznej „Pod Modrzewiami” 22-460 Szczebrzeszyn, Błonie Błonie 117;48;25;25;2;23;52.08;8.00;47;14;14;2;12;29.79;14.29
50041;062014;1;Szkoła Podstawowa 22-400 Mokre 303;978;246;246;13;233;25.15;5.28;982;515;515;20;495;52.44;3.88
50042;062014;2;Zespół Szkół 22-400 Żdanów 124;957;243;243;2;241;25.39;0.82;955;443;443;9;434;46.39;2.03
50043;062014;3;Zespół Szkół 22-400 Płoskie 139;1693;366;366;14;352;21.62;3.83;1728;832;832;16;816;48.15;1.92
50044;062014;4;Szkoła Podstawowa 22-470 Wólka Wieprzecka 57;599;153;153;1;152;25.54;0.65;593;263;263;5;258;44.35;1.90
50045;062014;5;Szkoła Podstawowa 22-400 Białowola 20;586;165;165;3;162;28.16;1.82;586;300;300;9;291;51.19;3.00
50046;062014;6;Szkoła Podstawowa 22-400 Lipsko 126;695;108;108;4;104;15.54;3.70;688;293;293;17;276;42.59;5.80
50047;062014;7;Zespół Szkoły Podstawowej i Przedszkola 22-400 Kalinowice 148A;1422;391;391;13;378;27.50;3.32;1463;833;833;2;831;56.94;0.24
50048;062014;8;Świetlica Wiejska 22-400 Białobrzegi 19A;953;190;190;9;181;19.94;4.74;934;351;351;9;342;37.58;2.56
50049;062014;9;Zespół Szkół 22-400 Wysokie 133;1053;242;242;10;232;22.98;4.13;1062;501;501;3;498;47.18;0.60
50050;062014;10;Szkoła Podstawowa 22-400 Borowina Sitaniecka 49;792;139;139;4;135;17.55;2.88;813;364;364;12;352;44.77;3.30
50051;062014;11;Zespół Szkół 22-400 Sitaniec 422;1640;346;346;7;339;21.10;2.02;1675;814;814;17;797;48.60;2.09
50052;062014;12;Szkoła Podstawowa 22-400 Zawada 46;1562;294;294;11;283;18.82;3.74;1536;703;703;19;684;45.77;2.70
50053;062014;13;Świetlica Wiejska 22-400 Szopinek 65;658;201;201;9;192;30.55;4.48;667;343;343;9;334;51.42;2.62
50054;062014;14;Budynek byłej Szkoły Podstawowej Wychody 22-400 Wieprzec 8;440;64;64;5;59;14.55;7.81;468;219;219;0;219;46.79;0.00
50055;062014;15;Świetlica Wiejska 22-400 Jatutów 118;551;111;111;2;109;20.15;1.80;563;277;277;12;265;49.20;4.33
50056;062014;16;Szkoła Podstawowa 22-400 Pniówek 133;730;146;146;6;140;20.00;4.11;735;352;352;9;343;47.89;2.56
50057;062014;17;Budynek byłej Szkoły Podstawowej 22-400 Siedliska 47;429;105;105;6;99;24.48;5.71;417;185;185;1;184;44.36;0.54
50058;062014;18;Budynek byłej Szkoły Podstawowej 22-400 Lipsko-Polesie 19;311;18;18;1;17;5.79;5.56;309;88;88;6;82;28.48;6.82
50059;062014;19;Świetlica Wiejska 22-400 Skokówka ul. Targowa 32;804;289;289;13;276;35.95;4.50;801;482;482;10;472;60.17;2.07
50060;062014;20;Zespół Szkół 22-400 Sitaniec 422;599;131;131;3;128;21.87;2.29;596;299;299;7;292;50.17;2.34
50061;062014;21;Zespół Szkoły Podstawowej i Przedszkola 22-400 Kalinowice 148A;500;96;96;3;93;19.20;3.12;498;274;274;4;270;55.02;1.46
50062;062015;1;Zespół Szkół Drzewnych i Ochrony Środowiska 22-470 Zwierzyniec ul. Browarna 1;1669;308;308;3;305;18.45;0.97;1649;754;754;20;734;45.72;2.65
50063;062015;2;Szkoła Podstawowa 22-470 Zwierzyniec ul. Partyzantów 3;1484;288;288;17;271;19.41;5.90;1430;605;605;15;590;42.31;2.48
50064;062015;3;Szkoła Filialna 22-470 Wywłoczka 153;1209;179;179;11;168;14.81;6.15;1217;404;404;9;395;33.20;2.23
50065;062015;4;Szkoła Filialna 22-470 Obrocz 73;825;107;107;5;102;12.97;4.67;809;277;277;16;261;34.24;5.78
50066;062015;5;Szkoła Filialna 22-470 Żurawnica 85;662;108;108;4;104;16.31;3.70;644;255;255;6;249;39.60;2.35
50067;066101;1;Przedszkole Samorządowe nr 11 21-500 Biała Podlaska ul. Sidorska 20;1637;456;456;12;444;27.86;2.63;1636;866;866;15;851;52.93;1.73
50068;066101;2;Szkoła Podstawowa nr 5 21-500 Biała Podlaska ul. Sidorska 30;1580;342;342;8;334;21.65;2.34;1554;713;713;10;703;45.88;1.40
50069;066101;3;Lubelskie Samorządowe Centrum Doskonalenia Nauczycieli 21-500 Biała Podlaska ul. Kolejowa 8;1525;324;324;10;314;21.25;3.09;1477;702;702;9;693;47.53;1.28
50070;066101;4;Przedszkole Samorządowe nr 7 21-500 Biała Podlaska ul. Waryńskiego 1;1414;368;368;8;360;26.03;2.17;1359;739;739;12;727;54.38;1.62
50071;066101;5;Przedszkole Samorządowe nr 14 21-500 Biała Podlaska ul. Łukaszyńska 34;1660;442;442;16;426;26.63;3.62;1617;882;882;11;871;54.55;1.25
50072;066101;6;Zespół Szkół Ogólnokształcących nr 2 21-500 Biała Podlaska ul. Leszczynowa 16;1902;471;471;19;452;24.76;4.03;1838;1009;1009;23;986;54.90;2.28
50073;066101;7;Klub Kultury „Eureka” 21-500 Biała Podlaska ul. Orzechowa 34;1603;378;378;7;371;23.58;1.85;1578;831;831;28;803;52.66;3.37
50074;066101;8;Państwowa Szkoła Wyższa 21-500 Biała Podlaska ul. Sidorska 95/97;946;197;197;6;191;20.82;3.05;944;449;449;8;441;47.56;1.78
50075;066101;9;Społeczna Szkoła Podstawowa 21-500 Biała Podlaska ul. Langiewicza 44;1053;210;210;5;205;19.94;2.38;1036;453;453;6;447;43.73;1.32
50076;066101;10;Zespół Szkół Zawodowych nr 1 21-500 Biała Podlaska ul. Piłsudskiego 36;1142;303;303;6;297;26.53;1.98;1104;554;554;13;541;50.18;2.35
50077;066101;11;Zespół Szkół Ogólnokształcących nr 3 21-500 Biała Podlaska ul. Narutowicza 39;844;183;183;5;178;21.68;2.73;827;420;420;4;416;50.79;0.95
50078;066101;12;Szkoła Podstawowa nr 4 21-500 Biała Podlaska ul. Moniuszki 36;2077;481;481;11;470;23.16;2.29;2037;986;986;14;972;48.40;1.42
50079;066101;13;Zespół Szkół Zawodowych nr 2 21-500 Biała Podlaska ul. Brzeska 71;2425;647;647;12;635;26.68;1.85;2404;1380;1380;19;1361;57.40;1.38
50080;066101;14;Centrum Profilaktyki i Terapii „Arka” 21-500 Biała Podlaska ul. Stacyjna 6;1841;389;389;5;384;21.13;1.29;1820;957;957;19;938;52.58;1.99
50081;066101;15;Przychodnia Lekarska 21-500 Biała Podlaska ul. Czerwińskiego 25;1586;352;352;16;336;22.19;4.55;1572;855;855;11;844;54.39;1.29
50082;066101;16;PPHU „BETON-KRAFT” 21-500 Biała Podlaska ul. Grzybowa 52;2268;455;455;7;448;20.06;1.54;2284;1221;1221;34;1187;53.46;2.78
50083;066101;17;Szkoła Podstawowa nr 3 21-500 Biała Podlaska ul. Sportowa 7;2080;515;515;11;504;24.76;2.14;2040;1126;1126;9;1117;55.20;0.80
50084;066101;18;Przedszkole Niepubliczne 21-500 Biała Podlaska ul. Warszawska 19c;2005;563;563;9;554;28.08;1.60;1932;1063;1063;17;1046;55.02;1.60
50085;066101;19;Klub Kultury „Piast” 21-500 Biała Podlaska ul. Spółdzielcza 4;1975;619;619;10;609;31.34;1.62;1899;1098;1098;16;1082;57.82;1.46
50086;066101;20;Szkoła Podstawowa nr 2 21-500 Biała Podlaska ul. Akademicka 8;2276;737;737;14;723;32.38;1.90;2242;1407;1407;11;1396;62.76;0.78
50087;066101;21;Przedszkole Samorządowe nr 13 21-500 Biała Podlaska ul. Kazimierza Jagiellończyka 17;2203;576;576;14;562;26.15;2.43;2151;1192;1192;7;1185;55.42;0.59
50088;066101;22;Szkoła Podstawowa nr 9 21-500 Biała Podlaska ul. Zygmunta Augusta 2;2172;592;592;18;574;27.26;3.04;2184;1164;1164;13;1151;53.30;1.12
50089;066101;23;Przedszkole Samorządowe nr 17 21-500 Biała Podlaska ul. Zygmunta Starego 4;2081;510;510;10;500;24.51;1.96;2028;1084;1084;9;1075;53.45;0.83
50090;066101;24;Medyczne Studium Zawodowe 21-500 Biała Podlaska ul. Okopowa 3;1613;383;383;12;371;23.74;3.13;1716;946;946;24;922;55.13;2.54
50091;066101;25;Katolickie Liceum Ogólnokształcące 21-500 Biała Podlaska ul. Janowska 55;1663;348;348;8;340;20.93;2.30;1714;919;919;7;912;53.62;0.76
50092;066101;26;Samorządowe Przedszkole Integracyjne nr 16 21-500 Biała Podlaska ul. Wesoła 21-23;635;174;174;7;167;27.40;4.02;634;363;363;2;361;57.26;0.55
50093;066101;27;Pol - Kres Edwood 21-500 Biała Podlaska ul. Łomaska 86;1561;230;230;4;226;14.73;1.74;1553;614;614;16;598;39.54;2.61
90331;066101;28;Wojewódzki Szpital Specjalistyczny 21-500 Biała Podlaska ul. Terebelska 57-65;161;14;14;0;14;8.70;0.00;273;116;116;5;111;42.49;4.31
90332;066101;29;Zakład Karny 21-500 Biała Podlaska ul. Prosta 33;242;100;100;21;79;41.32;21.00;207;128;128;34;94;61.84;26.56
50094;066201;1;P.H.U. Majami 22-100 Chełm ul. Włodawska 5 (lokal obok stacji CPN);1543;454;454;8;446;29.42;1.76;1231;840;840;15;825;68.24;1.79
50095;066201;2;Zepół Szkół Ogólnokształcących Nr 7 22-100 Chełm ul. Synów Pułku 15;2063;550;550;21;529;26.66;3.82;2022;1052;1052;25;1027;52.03;2.38
50096;066201;3;Przedszkole Miejskie nr 10 22-100 Chełm ul. Zachodnia 49;2138;529;529;7;522;24.74;1.32;2058;1068;1068;21;1047;51.90;1.97
50097;066201;4;Zespół Szkół Ogólnokształcących nr 3 22-100 Chełm ul. Rejowiecka 76;1593;375;375;10;365;23.54;2.67;1550;739;739;15;724;47.68;2.03
50098;066201;5;Medyczne Studium Zawodowe 22-100 Chełm ul. Szpitalna 50;1722;429;429;10;419;24.91;2.33;1698;775;775;7;768;45.64;0.90
50099;066201;6;II Liceum Ogólnokształcące 22-100 Chełm ul. Szpitalna 14;617;194;194;2;192;31.44;1.03;614;326;326;2;324;53.09;0.61
50100;066201;7;Zespół Wychowania i Pomocy Psychologiczno-Pedagogicznej nr 1 22-100 Chełm ul. Trubakowska 59;1493;278;278;4;274;18.62;1.44;1461;638;638;15;623;43.67;2.35
50101;066201;8;Przedszkole Miejskie nr 11 22-100 Chełm al. Marszałka Józefa Piłsudskiego 25a;2085;590;590;11;579;28.30;1.86;2046;1017;1017;24;993;49.71;2.36
50102;066201;9;Zespół Szkół Ogólnokształcących nr 1 22-100 Chełm ul. Wołyńska 1;1446;448;448;3;445;30.98;0.67;1384;718;718;15;703;51.88;2.09
50103;066201;10;Miejski Samodzielny Publiczny Zakład Opieki Zdrowotnej Przychodnia Rejonowa nr 1 22-100 Chełm ul. Wołyńska 11;1664;448;448;3;445;26.92;0.67;1614;781;781;12;769;48.39;1.54
50104;066201;11;Chełmski Dom Kultury 22-100 Chełm Plac Tysiąclecia Państwa Polskiego 1;2111;549;549;11;538;26.01;2.00;2050;969;969;18;951;47.27;1.86
50105;066201;12;Klub „CHAESEMUS” Chełmskiej Spółdzielni Mieszkaniowej 22-100 Chełm ul. Starościńska 4a;1535;492;492;10;482;32.05;2.03;1455;759;759;9;750;52.16;1.19
50106;066201;13;Niepubliczne Przedszkole Integracyjne „W Kasztanowym Parku” 22-100 Chełm ul. Lubelska 4;1552;368;368;8;360;23.71;2.17;1538;629;629;7;622;40.90;1.11
50107;066201;14;Szkoła Podstawowa nr 10 22-100 Chełm ul. Reformacka 13;1572;346;346;7;339;22.01;2.02;1516;676;676;13;663;44.59;1.92
50108;066201;15;Przedszkole Miejskie nr 5 22-100 Chełm ul. Kwiatowa 1;1519;391;391;13;378;25.74;3.32;1564;695;695;10;685;44.44;1.44
50109;066201;16;Szkoła Podstawowa nr 2 22-100 Chełm ul. Obłońska 51;1732;384;384;14;370;22.17;3.65;1612;721;721;17;704;44.73;2.36
50110;066201;17;I Liceum Ogólnokształcące 22-100 Chełm ul. Stefana Czarnieckiego 8;985;238;238;3;235;24.16;1.26;938;392;393;5;387;41.79;1.28
50111;066201;18;Zespół Szkół Budowlanych 22-100 Chełm ul. Stefana Batorego 1;1071;249;249;3;246;23.25;1.20;1069;476;476;9;467;44.53;1.89
50112;066201;19;Miejskie Przedsiębiorstwo Gospodarki Komunalnej Sp. z o.o. 22-100 Chełm ul. Wołyńska 57;2004;507;507;15;492;25.30;2.96;2004;933;941;14;919;46.56;1.50
50113;066201;20;Zespół Szkół Zawodowych nr 5 22-100 Chełm ul. Jagiellońska 29;458;133;133;4;129;29.04;3.01;461;228;228;4;224;49.46;1.75
50114;066201;21;Przedszkole Niepubliczne z Oddziałami Integracyjnymi „Razem” 22-100 Chełm ul. Botaniczna 16;1855;579;579;5;574;31.21;0.86;1809;1029;1029;9;1020;56.88;0.87
50115;066201;22;Szkoła Podstawowa nr 4 22-100 Chełm ul. Prymasa Stefana Wyszyńskiego 15;990;282;282;4;278;28.48;1.42;979;493;493;8;485;50.36;1.62
50116;066201;23;Centrum Handlowe „Wschód” S.A. 22-100 Chełm ul. Hrubieszowska 102;1607;422;422;3;419;26.26;0.71;1583;835;835;5;830;52.75;0.60
50117;066201;24;Państwowa Wyższa Szkoła Zawodowa 22-100 Chełm ul. Wojsławicka 8b;1361;342;342;4;338;25.13;1.17;1310;649;649;11;638;49.54;1.69
50118;066201;25;Zespół Szkół Ogólnokształcących nr 6 22-100 Chełm ul. Powstańców Warszawy 10;1829;556;556;8;548;30.40;1.44;1768;908;908;11;897;51.36;1.21
50119;066201;26;Przedszkole Miejskie nr 14 22-100 Chełm ul. Generała Stefana Grota-Roweckiego 4b;1991;638;638;9;629;32.04;1.41;1946;1047;1047;13;1034;53.80;1.24
50120;066201;27;Przedszkole Miejskie nr 15 22-100 Chełm ul. Henryka Wieniawskiego 3;1653;447;447;12;435;27.04;2.68;1585;799;799;18;781;50.41;2.25
50121;066201;28;Biblioteka Pedagogiczna 22-100 Chełm ul. Henryka Wieniawskiego 15;2148;605;605;12;593;28.17;1.98;2107;1138;1138;12;1126;54.01;1.05
50122;066201;29;Lokal HSM Sp. z o.o. Zawadówka (była kaplica Parafii pw. Świętej Rodziny) 22-100 Chełm ul. Karola Szymanowskiego 6;1665;475;475;17;458;28.53;3.58;1591;808;808;11;797;50.79;1.36
50123;066201;30;Przedszkole Miejskie Nr 13 22-100 Chełm ul. Połaniecka 5;1668;508;508;7;501;30.46;1.38;1662;835;835;25;810;50.24;2.99
50124;066201;31;Szkoła Podstawowa Nr 11 22-100 Chełm ul. Wolności 20;1824;503;503;7;496;27.58;1.39;1754;904;904;8;896;51.54;0.88
50125;066201;32;Zespół Szkół Ogólnokształcących Nr 8 22-100 Chełm ul. Połaniecka 10;1572;464;464;9;455;29.52;1.94;1496;782;782;13;769;52.27;1.66
50126;066201;33;Spółdzielnia Mieszkaniowaj „Bazylany” 22-100 Chełm Aleja 3 Maja 6;1660;495;495;14;481;29.82;2.83;1658;882;882;13;869;53.20;1.47
50127;066201;34;Przedszkole Miejskie Nr 8 22-100 Chełm ul. Mikołaja Reja 54;776;144;144;1;143;18.56;0.69;765;258;258;4;254;33.73;1.55
90333;066201;35;Zakład Karny 22-100 Chełm Kolejowa 112;666;156;156;29;127;23.42;18.59;639;223;223;55;168;34.90;24.66
90334;066201;36;Samodzielny Publiczny Wojewódzki Szpital Specjalistyczny 22-100 Chełm Ceramiczna 1;410;59;59;3;56;14.39;5.08;546;146;146;2;144;26.74;1.37
50128;066301;1;Przedszkole Nr 43 20-055 Lublin ul. Skautów 11A;1296;464;464;12;452;35.80;2.59;1255;764;764;8;756;60.88;1.05
50129;066301;2;Gimnazjum Nr 18 20-054 Lublin al. J. Długosza 8;1529;555;555;13;542;36.30;2.34;1496;965;965;11;954;64.51;1.14
50130;066301;3;Szkoła Podstawowa Nr 21 20-047 Lublin ul. Zuchów 1;2151;762;762;10;752;35.43;1.31;2106;1284;1284;12;1272;60.97;0.93
50131;066301;4;Bursa Szkolna Nr 1 20-052 Lublin ul. Ks. J. Popiełuszki 7;2246;845;845;9;836;37.62;1.07;2058;1291;1291;7;1284;62.73;0.54
50132;066301;5;Przedszkole Nr 65 20-032 Lublin ul. Langiewicza 3A;1706;523;523;15;508;30.66;2.87;1644;957;957;4;953;58.21;0.42
50133;066301;6;I Liceum Ogólnokształcące im. St. Staszica 20-043 Lublin Al. Racławickie 26;757;265;265;9;256;35.01;3.40;736;434;434;7;427;58.97;1.61
50134;066301;7;Szkoła Podstawowa Nr 6 20-045 Lublin ul. Czwartaków 11;742;296;296;4;292;39.89;1.35;783;545;545;2;543;69.60;0.37
50135;066301;8;Bursa Szkolna Nr 3 20-038 Lublin ul. Weteranów 3;611;287;287;2;285;46.97;0.70;563;365;365;0;365;64.83;0.00
50136;066301;9;Szkoła Podstawowa Nr 25 20-089 Lublin ul. Sieroca 17;1657;542;542;10;532;32.71;1.85;1772;1089;1089;4;1085;61.46;0.37
50137;066301;10;IV Liceum Ogólnokształcące im. S. Sempołowskiej 20-124 Lublin ul. Szkolna 4;1502;303;303;6;297;20.17;1.98;1465;627;627;12;615;42.80;1.91
50138;066301;11;Polski Związek Motorowy 20-064 Lublin ul. Prusa 8;1292;351;351;12;339;27.17;3.42;1275;630;630;5;625;49.41;0.79
50139;066301;12;Gimnazjum Nr 19 20-124 Lublin ul. Szkolna 6;819;131;131;5;126;16.00;3.82;826;279;279;5;274;33.78;1.79
50140;066301;13;Urząd Miasta Lublin 20-071 Lublin ul. Wieniawska 14;770;236;236;2;234;30.65;0.85;748;380;380;1;379;50.80;0.26
50141;066301;14;II Liceum Ogólnokształcące im. Hetmana J. Zamoyskiego 20-075 Lublin ul. Ogrodowa 16;1074;382;382;4;378;35.57;1.05;1036;602;602;16;586;58.11;2.66
50142;066301;15;Szkoła Podstawowa Nr 24 20-080 Lublin ul. Niecała 1;1142;290;290;8;282;25.39;2.76;1088;547;547;5;542;50.28;0.91
50143;066301;16;nowy budynek Instytutu Informatyki UMCS 20-033 Lublin ul. Akademicka 9;629;275;275;5;270;43.72;1.82;672;451;451;2;449;67.11;0.44
50144;066301;17;V Liceum Ogólnokształcące im. M. Skłodowskiej-Curie 20-020 Lublin ul. Lipowa 7;695;210;210;2;208;30.22;0.95;667;330;330;3;327;49.48;0.91
50145;066301;18;PKP S.A. Oddział Gospodarowania Nieruchomościami w Lublinie 20-022 Lublin ul. Okopowa 5;1498;466;466;9;457;31.11;1.93;1408;748;748;13;735;53.12;1.74
50146;066301;19;Zespół Szkół Ekonomicznych im. A. i J. Vetterów 20-109 Lublin ul. Bernardyńska 14;865;182;182;5;177;21.04;2.75;817;378;378;10;368;46.27;2.65
50147;066301;20;Gimnazjum Nr 9 20-020 Lublin ul. Lipowa 25;1338;431;431;15;416;32.21;3.48;1308;758;758;7;751;57.95;0.92
50148;066301;21;Wojewódzki Ośrodek Kultury 20-010 Lublin ul. Dolna Panny Marii 3;872;217;217;2;215;24.89;0.92;832;370;370;4;366;44.47;1.08
50149;066301;22;III Liceum Ogólnokształcące im. Unii Lubelskiej 20-005 Lublin Plac Wolności 4;757;150;150;1;149;19.82;0.67;721;321;321;1;320;44.52;0.31
50150;066301;23;Szkoła Muzyczna I i II st. im. T. Szeligowskiego 20-016 Lublin ul. Narutowicza 32A;885;271;271;4;267;30.62;1.48;857;503;503;6;497;58.69;1.19
50151;066301;24;Filia Nr 3 MOPR 20-612 Lublin ul. Głęboka 11;758;253;253;4;249;33.38;1.58;749;430;430;9;421;57.41;2.09
50152;066301;25;Szkoła Podstawowa Nr 7 20-620 Lublin ul. Plażowa 9;1151;417;417;10;407;36.23;2.40;1108;659;659;6;653;59.48;0.91
50153;066301;26;„ADE-EM” Centrum Sp. z o.o. 20-116 Lublin ul. Lubartowska 27-29;883;151;151;1;150;17.10;0.66;841;297;297;6;291;35.32;2.02
50154;066301;27;Zarząd Nieruchomości Komunalnych 20-112 Lublin ul. Grodzka 12;675;138;138;4;134;20.44;2.90;646;233;233;4;229;36.07;1.72
50155;066301;28;Zespół Szkół Nr 1 im. Wł. Grabskiego 20-117 Lublin ul. Podwale 11;478;127;127;3;124;26.57;2.36;463;260;260;0;260;56.16;0.00
50156;066301;29;Zespół Szkół Nr 4 im. J. Korczaka 20-301 Lublin ul. Bronowicka 21;1800;325;325;9;316;18.06;2.77;1760;716;716;14;702;40.68;1.96
50157;066301;30;Szkoła Podstawowa Nr 31 20-322 Lublin ul. Lotnicza 1;831;159;159;6;153;19.13;3.77;812;336;336;7;329;41.38;2.08
50158;066301;31;Szkoła Podstawowa Nr 31 20-322 Lublin ul. Lotnicza 1;1587;389;389;15;374;24.51;3.86;1576;872;872;13;859;55.33;1.49
50159;066301;32;Dzielnicowy Dom Kultury BRONOWICE 20-320 Lublin ul. Krańcowa 106;2024;632;632;21;611;31.23;3.32;1939;1019;1019;12;1007;52.55;1.18
50160;066301;33;Administracja Osiedla „POGODNA” 20-337 Lublin ul. Zimowa 5;1846;541;541;12;529;29.31;2.22;1827;1079;1079;14;1065;59.06;1.30
50161;066301;34;Gimnazjum Nr 14 20-337 Lublin ul. Pogodna 19;2051;523;523;8;515;25.50;1.53;1994;1038;1038;13;1025;52.06;1.25
50162;066301;35;Gimnazjum Nr 14 20-337 Lublin ul. Pogodna 19;1267;297;297;7;290;23.44;2.36;1241;606;606;1;605;48.83;0.17
50163;066301;36;VIII Liceum Ogólnokształcące im. Z. Nałkowskiej 20-336 Lublin ul. Słowicza 5;851;281;281;4;277;33.02;1.42;936;603;603;4;599;64.42;0.66
50164;066301;37;Dom Pomocy Społecznej „Betania” 20-718 Lublin al. Kraśnicka 223;693;238;238;4;234;34.34;1.68;633;466;466;4;462;73.62;0.86
50165;066301;38;Dzielnicowy Dom Kultury „Węglin” 20-716 Lublin ul. Judyma 2A;771;325;325;5;320;42.15;1.54;750;529;529;3;526;70.53;0.57
50166;066301;39;Dzielnicowy Dom Kultury „Węglin” 20-716 Lublin ul. Judyma 2A;1564;604;605;5;599;38.62;0.83;1487;895;895;5;890;60.19;0.56
50167;066301;40;Siedziba Rady i Zarządu Dzielnicy Szerokie 20-831 Lublin ul. Nałęczowska 94;1077;396;396;7;389;36.77;1.77;1153;769;769;7;762;66.70;0.91
50168;066301;41;Lubelskie Hospicjum dla Dzieci im. „Małego Księcia” 20-828 Lublin ul. Lędzian 49-51;1160;438;438;5;433;37.76;1.14;1236;842;842;6;836;68.12;0.71
50169;066301;42;Zespół Szkół Elektronicznych 20-704 Lublin ul. Wojciechowska 38;979;371;371;9;362;37.90;2.43;948;668;668;1;667;70.46;0.15
50170;066301;43;Zespół Szkół Elektronicznych 20-704 Lublin ul. Wojciechowska 38;1689;682;682;3;679;40.38;0.44;1737;1087;1087;7;1080;62.58;0.64
50171;066301;44;Gimnazjum Nr 7 20-709 Lublin ul. Krasińskiego 7;2095;914;914;21;893;43.63;2.30;2045;1378;1378;9;1369;67.38;0.65
50172;066301;45;Wojewódzki Szpital Specjalistyczny SP ZOZ im. Stefana Kardynała Wyszyńskiego 20-718 Lublin al. Kraśnicka 100;2154;720;720;10;710;33.43;1.39;2128;1326;1326;8;1318;62.31;0.60
50173;066301;46;Szkoła Podstawowa Nr 3 20-601 Lublin ul. Balladyny 22;1873;709;709;8;701;37.85;1.13;1881;1137;1137;10;1127;60.45;0.88
50174;066301;47;Przedszkole Nr 39 20-601 Lublin ul. Balladyny 14;1059;412;412;9;403;38.90;2.18;1022;627;627;9;618;61.35;1.44
50175;066301;48;Szkoła Podstawowa Nr 29 20-604 Lublin ul. Wajdeloty 1;927;396;396;2;394;42.72;0.51;895;596;596;0;596;66.59;0.00
50176;066301;49;Gimnazjum Nr 10 20-604 Lublin ul. Wajdeloty 12;1077;499;499;10;489;46.33;2.00;1028;718;718;7;711;69.84;0.97
50177;066301;50;LSM DOM KULTURY 20-607 Lublin ul. K. Wallenroda 4A;1321;582;582;14;568;44.06;2.41;1280;822;822;7;815;64.22;0.85
50178;066301;51;Przedszkole Nr 33 20-605 Lublin ul. Grażyny 10;1084;508;508;3;505;46.86;0.59;1027;688;688;4;684;66.99;0.58
50179;066301;52;Przedszkole Nr 47 20-610 Lublin ul. Mieszka I 3;1270;553;553;8;545;43.54;1.45;1263;809;809;5;804;64.05;0.62
50180;066301;53;Młodzieżowy Dom Kultury „Pod Akacją” 20-611 Lublin ul. Bolesława Chrobrego 18;1697;618;618;10;608;36.42;1.62;1660;1046;1046;11;1035;63.01;1.05
50181;066301;54;Przedszkole Nr 53 20-620 Lublin ul. Zachodnia 7;1605;524;524;2;522;32.65;0.38;1518;890;890;6;884;58.63;0.67
50182;066301;55;Spółdzielnia Mieszkaniowa „SPÓŁDZIELCA” 20-618 Lublin ul. Nadbystrzycka 25;1515;496;496;7;489;32.74;1.41;1448;812;812;14;798;56.08;1.72
50183;066301;56;Przedszkole Nr 48 20-625 Lublin ul. Leonarda 15;1088;407;407;5;402;37.41;1.23;1014;608;608;18;590;59.96;2.96
50184;066301;57;Szkoła Podstawowa Nr 38 20-627 Lublin ul. Pana Wołodyjowskiego 13;1215;505;505;5;500;41.56;0.99;1157;740;740;9;731;63.96;1.22
50185;066301;58;Przedszkole Nr 46 20-627 Lublin ul. Pana Wołodyjowskiego 1;1265;519;519;8;511;41.03;1.54;1240;788;788;6;782;63.55;0.76
50186;066301;59;Administracja Osiedla im. M. Konopnickiej 20-632 Lublin ul. Jana Sawy 3;2069;870;870;26;844;42.05;2.99;2053;1339;1339;5;1334;65.22;0.37
50187;066301;60;Przedszkole Nr 49 20-631 Lublin ul. Pana Balcera 11;1789;740;740;9;731;41.36;1.22;1774;1141;1141;7;1134;64.32;0.61
50188;066301;61;Przedszkole Nr 57 20-637 Lublin ul. Rzeckiego 12;1991;826;826;13;813;41.49;1.57;1892;1226;1226;4;1222;64.80;0.33
50189;066301;62;Zespół Szkół Ogólnokształcących Nr 5 20-637 Lublin ul. Rzeckiego 10;1869;673;673;16;657;36.01;2.38;1884;1145;1145;9;1136;60.77;0.79
50190;066301;63;POLITECHNIKA LUBELSKA Wydział Mechaniczny 20-618 Lublin ul. Nadbystrzycka 36;1964;590;590;13;577;30.04;2.20;1941;1109;1109;11;1098;57.14;0.99
50191;066301;64;Zespół Szkół Ogólnokształcących Nr 6 w Lublinie 20-401 Lublin ul. Krochmalna 29;744;167;167;4;163;22.45;2.40;705;329;329;7;322;46.67;2.13
50192;066301;65;Zespół Szkół Ogólnokształcących Nr 6 w Lublinie 20-401 Lublin ul. Krochmalna 29;689;92;92;3;89;13.35;3.26;681;252;252;7;245;37.00;2.78
50193;066301;66;Szkoła Podstawowa Nr 20 20-407 Lublin al. J. Piłsudskiego 26;695;137;137;1;136;19.71;0.73;692;276;276;12;264;39.88;4.35
50194;066301;67;„AD-BUD” Sp. z o.o. 20-406 Lublin ul. Gazowa 7/9;849;128;128;4;124;15.08;3.12;821;294;294;8;286;35.81;2.72
50195;066301;68;Przedszkole nr 85 20-582 Lublin ul. Onyksowa 8;2004;602;602;13;589;30.04;2.16;1151;779;779;1;778;67.68;0.13
50196;066301;69;Zespół Szkół Nr 7 w Lublinie 20-722 Lublin ul. Roztocze 14;1009;460;460;3;457;45.59;0.65;1557;1007;1007;7;1000;64.68;0.70
50197;066301;70;Zespół Szkół Nr 7 w Lublinie 20-722 Lublin ul. Roztocze 14;1812;797;797;15;782;43.98;1.88;977;707;707;7;700;72.36;0.99
50198;066301;71;Administracja Osiedla „BŁONIE” 20-554 Lublin ul. Dragonów 2;1767;588;588;9;579;33.28;1.53;1791;1298;1298;5;1293;72.47;0.39
50199;066301;72;Biuro Obsługi Mieszkańców 20-553 Lublin ul. Szaserów 13-15;2287;697;697;13;684;30.48;1.87;1720;1083;1083;3;1080;62.97;0.28
50200;066301;73;Szkoła Podstawowa Nr 42 20-552 Lublin ul. Rycerska 9;1880;574;574;13;561;30.53;2.26;2192;1337;1337;18;1319;60.99;1.35
50201;066301;74;Przedszkole Nr 69 20-539 Lublin ul. Dziewanny 19;2193;721;721;8;713;32.88;1.11;1814;1114;1114;15;1099;61.41;1.35
50202;066301;75;Szkoła Podstawowa Nr 46 20-543 Lublin ul. Biedronki 13;929;328;328;3;325;35.31;0.91;2142;1379;1379;14;1365;64.38;1.02
50203;066301;76;Szkoła Podstawowa Nr 46 20-543 Lublin ul. Biedronki 13;1726;580;580;8;572;33.60;1.38;889;606;606;4;602;68.17;0.66
50204;066301;77;Przedszkole Nr 31 20-542 Lublin ul. Tymiankowa 60;1904;640;640;9;631;33.61;1.41;1695;1045;1045;10;1035;61.65;0.96
50205;066301;78;Przedszkole Nr 72 20-538 Lublin ul. Różana 9;2096;648;648;12;636;30.92;1.85;1835;1128;1128;13;1115;61.47;1.15
50206;066301;79;Dom Kultury „Ruta” 20-538 Lublin ul. Różana 8;1029;365;365;10;355;35.47;2.74;2040;1192;1192;7;1185;58.43;0.59
50207;066301;80;Spółdzielnia Mieszkaniowa „CZUBY” 20-538 Lublin ul. Watykańska 6;1611;596;596;18;578;37.00;3.02;1009;614;614;5;609;60.85;0.81
50208;066301;81;Szkoła Podstawowa Nr 28 20-530 Lublin ul. Radości 13;2002;620;620;12;608;30.97;1.94;1576;1029;1029;8;1021;65.29;0.78
50209;066301;82;Przedszkole Nr 77 20-530 Lublin ul. Radości 8;2118;652;652;3;649;30.78;0.46;1955;1132;1132;13;1119;57.90;1.15
50210;066301;83;Przedszkole Nr 73 20-534 Lublin ul. Uśmiechu 5;1905;624;624;8;616;32.76;1.28;2027;1186;1186;8;1178;58.51;0.67
50211;066301;84;Szkoła Podstawowa Nr 51 20-576 Lublin ul. Bursztynowa 22;1308;493;493;3;490;37.69;0.61;1807;1132;1132;13;1119;62.65;1.15
50212;066301;85;Niepubliczne Przedszkole Językowe „BURSZTYNEK” 20-576 Lublin ul. Bursztynowa 3A;1140;394;394;5;389;34.56;1.27;1361;962;962;0;962;70.68;0.00
50213;066301;86;Administracja Osiedla „PORĘBA” 20-574 Lublin ul. Perłowa 8/70;1833;623;623;13;610;33.99;2.09;1140;710;710;5;705;62.28;0.70
50214;066301;87;Dom Pomocy Społecznej 20-577 Lublin ul. Ametystowa 22;875;283;283;3;280;32.34;1.06;1783;1177;1177;10;1167;66.01;0.85
50215;066301;88;Przedszkole Nr 63 20-570 Lublin ul. Szmaragdowa 22;1953;639;639;12;627;32.72;1.88;875;556;556;0;556;63.54;0.00
50216;066301;89;Centrum Językowe BEST 20-576 Lublin ul. Bursztynowa 15;993;391;391;12;379;39.38;3.07;1905;1194;1194;14;1180;62.68;1.17
50217;066301;90;Szkoła Podstawowa Nr 51 20-576 Lublin ul. Bursztynowa 22;1361;493;493;3;490;36.22;0.61;996;673;673;7;666;67.57;1.04
50218;066301;91;Przedszkole Nr 81 20-560 Lublin ul. Wyżynna 10;2067;688;688;6;682;33.28;0.87;1397;944;944;8;936;67.57;0.85
50219;066301;92;Spółdzielnia Mieszkaniowa „WĘGLINEK” 20-560 Lublin ul. Wyżynna 19/1;1374;426;427;14;412;31.00;3.29;1999;1152;1152;9;1143;57.63;0.78
50220;066301;93;Spółdzielnia Mieszkaniowa „Nasz Dom” 20-562 Lublin ul. Szczytowa 11;1159;422;422;3;419;36.41;0.71;1343;797;797;8;789;59.34;1.00
50221;066301;94;Szkoła Podstawowa Nr 14 20-824 Lublin al. Warszawska 94;2287;756;756;10;746;33.06;1.32;1141;764;764;7;757;66.96;0.92
50222;066301;95;Ośrodek Wsparcia dla Osób z Niepełnosprawnością „Benjamin” 20-827 Lublin ul. Zbożowa 22A;2141;834;834;15;819;38.95;1.80;2306;1455;1455;7;1448;63.10;0.48
50223;066301;96;Przedszkole Prywatne „CHATKA PUCHATKA” 20-819 Lublin ul. Kaskadowa 11;2109;608;608;11;597;28.83;1.81;2253;1480;1480;5;1475;65.69;0.34
50224;066301;97;Budynek Klasztoru o. o. Bernardynów 20-819 Lublin ul. Willowa 15;1763;623;623;7;616;35.34;1.12;1939;1239;1239;5;1234;63.90;0.40
50225;066301;98;Przedszkole Nr 15 20-808 Lublin ul. Bohaterów Monte Cassino 7;1711;669;669;8;661;39.10;1.20;2160;1373;1373;15;1358;63.56;1.09
50226;066301;99;Pallotyńskie Gimnazjum i Liceum Ogólnokształcące im. Stefana Batorego 20-803 Lublin al. Warszawska 31;2200;790;790;13;777;35.91;1.65;1704;1136;1136;3;1133;66.67;0.26
50227;066301;100;Spółdzielnia Mieszkaniowa „Transportowiec” 20-802 Lublin ul. Kolorowa 3;1979;835;835;10;825;42.19;1.20;2138;1386;1386;7;1379;64.83;0.51
50228;066301;101;Administracja Osiedla im. K. Szymanowskiego 20-857 Lublin ul. Harnasie 11;1885;653;653;7;646;34.64;1.07;1922;1327;1327;7;1320;69.04;0.53
50229;066301;102;Spółdzielnia Budowlano - Mieszkaniowa „CHOINY” 20-868 Lublin ul. Gorczańska 2;2096;931;931;8;923;44.42;0.86;1830;1097;1097;8;1089;59.95;0.73
50230;066301;103;Przedszkole Nr 37 20-858 Lublin ul. Zakopiańska 3;1753;500;500;6;494;28.52;1.20;1981;1377;1377;7;1370;69.51;0.51
50231;066301;104;Przedszkole Nr 76 20-860 Lublin ul. J. I. Paderewskiego 12;1598;493;493;11;482;30.85;2.23;1654;955;955;11;944;57.74;1.15
50232;066301;105;Szkoła Podstawowa Nr 43 20-861 Lublin ul. J. Śliwińskiego 5;1547;523;523;9;514;33.81;1.72;1555;914;914;11;903;58.78;1.20
50233;066301;106;Szkoła Podstawowa Nr 43 20-861 Lublin ul. J. Śliwińskiego 5;1571;512;512;8;504;32.59;1.56;1511;914;914;5;909;60.49;0.55
50234;066301;107;Gimnazjum Nr 16 20-853 Lublin ul. Poturzyńska 2;1852;582;582;6;576;31.43;1.03;1491;869;869;7;862;58.28;0.81
50235;066301;108;Przedszkole Nr 75 20-853 Lublin ul. Żelazowej Woli 24;1953;727;727;16;711;37.22;2.20;1821;1103;1103;5;1098;60.57;0.45
50236;066301;109;Szkoła Podstawowa Nr 34 20-815 Lublin ul. Kosmowskiej 3;2213;838;838;20;818;37.87;2.39;1877;1185;1185;9;1176;63.13;0.76
50237;066301;110;Gimnazjum Nr 5 20-844 Lublin ul. Smyczkowa 3;2133;725;725;12;713;33.99;1.66;2155;1341;1341;13;1328;62.23;0.97
50238;066301;111;Przedszkole Nr 70 20-844 Lublin ul. Smyczkowa 2;1842;680;680;14;666;36.92;2.06;2026;1269;1269;8;1261;62.64;0.63
50239;066301;112;Przedszkole Nr 2 20-864 Lublin ul. Lawinowa 7;1701;554;554;4;550;32.57;0.72;1800;1122;1122;16;1106;62.33;1.43
50240;066301;113;Przedszkole Specjalne Nr 11 20-863 Lublin ul. Młodej Polski 30;2003;665;665;12;653;33.20;1.80;1629;985;985;11;974;60.47;1.12
50241;066301;114;Dzielnicowy Dom Kultury SM „CZECHÓW” 20-838 Lublin ul. Kiepury 5A;1554;435;435;17;418;27.99;3.91;1963;1291;1291;6;1285;65.77;0.46
50242;066301;115;Społeczna Szkoła Podstawowa i Społeczne Gimnazjum im. S. F. Klonowica 20-836 Lublin ul. Kurantowa 5;1552;552;552;6;546;35.57;1.09;1511;869;869;8;861;57.51;0.92
50243;066301;116;Przedszkole Nr 58 20-850 Lublin ul. Radzyńska 16;1739;521;521;17;504;29.96;3.26;1492;912;912;18;894;61.13;1.97
50244;066301;117;Zespół Szkół Ogólnokształcących Nr 1 Szkoła Podstawowa Nr 45 20-850 Lublin ul. Radzyńska 5;1582;560;560;13;547;35.40;2.32;1697;1006;1006;11;995;59.28;1.09
50245;066301;118;Zespół Szkół Ogólnokształcących Nr 1 XIV Liceum Ogólnokształcące 20-850 Lublin ul. Radzyńska 5;1768;581;581;10;571;32.86;1.72;1554;949;949;12;937;61.07;1.26
50246;066301;119;NZOZ Specjalistyka Czechów Sp. z o.o. 20-848 Lublin al. Kompozytorów Polskich 8A;1317;400;400;5;395;30.37;1.25;1696;1033;1033;7;1026;60.91;0.68
50247;066301;120;Filia Nr 4 MOPR 20-848 Lublin al. Kompozytorów Polskich 8;1378;506;506;11;495;36.72;2.17;1331;835;835;4;831;62.73;0.48
50248;066301;121;Specjalny Ośrodek Szkolno - Wychowawczy Nr 1 20-147 Lublin al. Spółdzielczości Pracy 65;1248;363;363;6;357;29.09;1.65;1375;902;902;6;896;65.60;0.67
50249;066301;122;Gminna Spółdzielnia „Samopomoc Chłopska” w Wólce 20-230 Lublin ul. Turystyczna 132;522;86;86;2;84;16.48;2.33;1352;825;825;1;824;61.02;0.12
50250;066301;123;Specjalny Ośrodek Szkolno - Wychowawczy Nr 1 20-147 Lublin al. Spółdzielczości Pracy 65;1672;551;551;10;541;32.95;1.81;517;242;242;4;238;46.81;1.65
50251;066301;124;Budynek parafii rzymsko-katolickiej p.w. św. Antoniego Padewskiego 20-138 Lublin ul. Kasztanowa 1;1098;298;298;3;295;27.14;1.01;1842;1265;1265;8;1257;68.68;0.63
50252;066301;125;Miejski Zespół do Spraw Orzekania o Niepełnosprawności w Lublinie 20-143 Lublin ul. Magnoliowa 2;1385;388;388;6;382;28.01;1.55;1123;667;667;6;661;59.39;0.90
50253;066301;126;Szkoła Podstawowa Nr 4 20-143 Lublin ul. Hiacyntowa 69;1852;697;697;8;689;37.63;1.15;1433;843;843;11;832;58.83;1.30
50254;066301;127;Siedziba Rady i Zarządu Dzielnicy PONIKWODA 20-140 Lublin ul. Owocowa 6;1882;642;642;3;639;34.11;0.47;1810;1166;1166;4;1162;64.42;0.34
50255;066301;128;Zakład Obsługi Nieruchomości „ADMINA” Sp. z o.o. 20-137 Lublin ul. Koryznowej 2C;1108;310;310;3;307;27.98;0.97;1896;1178;1178;13;1165;62.13;1.10
50256;066301;129;Zespół Szkół Nr 4 20-247 Lublin ul. K. Tumidajskiego 6A;1512;498;498;5;493;32.94;1.00;1075;564;564;10;554;52.47;1.77
50257;066301;130;Przedszkole Nr 59 20-246 Lublin ul. Niepodległości 12A;1537;506;506;8;498;32.92;1.58;1457;867;867;5;862;59.51;0.58
50258;066301;131;Administracja Osiedla „NIEPODLEGŁOŚCI” 20-247 Lublin ul. K. Tumidajskiego 24;1380;538;538;11;527;38.99;2.04;1483;845;845;10;835;56.98;1.18
50259;066301;132;NZOZ „MELISA” 20-246 Lublin ul. Niepodległości 9;2257;743;743;13;730;32.92;1.75;1323;855;855;15;840;64.63;1.75
50260;066301;133;RSM MOTOR 20-250 Lublin ul. Daszyńskiego 4;1900;633;633;5;628;33.32;0.79;2186;1366;1366;8;1358;62.49;0.59
50261;066301;134;Zespół Ośrodków Wsparcia w Lublinie 20-128 Lublin ul. Lwowska 28;1833;482;482;8;474;26.30;1.66;1820;1132;1132;16;1116;62.20;1.41
50262;066301;135;Przedszkole Nr 13 20-128 Lublin ul. Okrzei 9;1616;490;490;13;477;30.32;2.65;1825;963;963;7;956;52.77;0.73
50263;066301;136;Siedziba Rady i Zarządu Dzielnicy KALINOWSZCZYZNA 20-243 Lublin ul. Kleeberga 12A;1834;623;623;5;618;33.97;0.80;1513;841;841;7;834;55.58;0.83
50264;066301;137;Przedszkole Nr 50 20-126 Lublin ul. Podzamcze 7A;1637;372;372;6;366;22.72;1.61;1724;1040;1040;12;1028;60.32;1.15
50265;066301;138;Gimnazjum Nr 2 20-128 Lublin ul. Lwowska 11;1492;555;555;7;548;37.20;1.26;1579;744;744;17;727;47.12;2.28
50266;066301;139;Przedszkole Nr 52 20-241 Lublin ul. Kustronia 10;1191;400;400;9;391;33.59;2.25;1453;843;843;6;837;58.02;0.71
50267;066301;140;Szkoła Podstawowa Nr 10 20-201 Lublin ul. Kalinowszczyzna 70;906;270;270;6;264;29.80;2.22;1151;672;672;8;664;58.38;1.19
50268;066301;141;Szkoła Podstawowa Nr 27 20-215 Lublin ul. Kresowa 1;1209;191;191;4;187;15.80;2.09;901;534;534;7;527;59.27;1.31
50269;066301;142;Zespół Szkół Ogólnokształcących Nr 2 20-314 Lublin ul. Przyjaźni 12;1141;347;347;5;342;30.41;1.44;1191;449;449;10;439;37.70;2.23
50270;066301;143;Klub Osiedlowy „PRZYJAŹNI” 20-314 Lublin ul. Przyjaźni 13;1123;379;379;4;375;33.75;1.06;1071;540;540;8;532;50.42;1.48
50271;066301;144;Szkoła Podstawowa Nr 27 20-215 Lublin ul. Kresowa 1;1244;291;291;6;285;23.39;2.06;1106;622;622;9;613;56.24;1.45
50272;066301;145;Siedziba Rady i Zarządu Dzielnicy TATARY 20-213 Lublin ul. Gospodarcza 32;1152;300;300;2;298;26.04;0.67;1197;544;544;11;533;45.45;2.02
50273;066301;146;Publiczne Przedszkole Integracyjne Nr 40 20-213 Lublin ul. Gospodarcza 18;946;228;228;5;223;24.10;2.19;1109;521;521;10;511;46.98;1.92
50274;066301;147;Przedszkole Nr 44 20-218 Lublin ul. Maszynowa 6;1281;257;257;5;252;20.06;1.95;929;434;434;13;421;46.72;3.00
50275;066301;148;Gimnazjum Nr 17 20-218 Lublin ul. Maszynowa 2;1010;262;262;5;257;25.94;1.91;1222;514;514;16;498;42.06;3.11
50276;066301;149;Filia DDK „Bronowice” 20-218 Lublin ul. Hutnicza 28A;884;191;191;1;190;21.61;0.52;988;428;428;5;423;43.32;1.17
50277;066301;150;Ośrodek Medyczny DMP Sp. z o.o. 20-209 Lublin ul. Projektowa 5;605;155;155;1;154;25.62;0.65;837;368;368;13;355;43.97;3.53
50278;066301;151;REFLEKS Sp. k. Oddział Lublin 20-207 Lublin ul. Turystyczna 32;378;66;66;2;64;17.46;3.03;576;290;290;7;283;50.35;2.41
50279;066301;152;AGRAM S.A. 20-234 Lublin ul. Mełgiewska 104;1069;213;213;5;208;19.93;2.35;359;158;158;4;154;44.01;2.53
50280;066301;153;MOPR Centrum Aktywności Środowiskowej 20-260 Lublin ul. Grygowej 4B;819;89;89;2;87;10.87;2.25;1039;501;501;10;491;48.22;2.00
50281;066301;154;Szkoła Podstawowa Nr 52 20-281 Lublin ul. Wł. Jagiełły 11;1983;620;620;18;602;31.27;2.90;817;251;251;1;250;30.72;0.40
50282;066301;155;Szkoła Podstawowa Nr 52 20-281 Lublin ul. Wł. Jagiełły 11;963;266;266;3;263;27.62;1.13;1934;1075;1075;14;1061;55.58;1.30
50283;066301;156;Biblioteka 20-283 Lublin ul. Zygmunta Augusta 15;1448;350;350;8;342;24.17;2.29;951;574;574;14;560;60.36;2.44
50284;066301;157;Rodzinny Ogród Działkowy „Słonecznik” 20-509 Lublin ul. Rąblowska 13;666;142;142;5;137;21.32;3.52;1597;807;807;17;790;50.53;2.11
50285;066301;158;Zespół Szkół Nr 8 20-518 Lublin ul. Krężnicka 156;1682;390;390;11;379;23.19;2.82;677;348;348;3;345;51.40;0.86
50286;066301;159;Żłobek Nr 8 20-470 Lublin ul. Nałkowskich 102;2299;676;676;7;669;29.40;1.04;1683;871;871;12;859;51.75;1.38
50287;066301;160;Szkoła Podstawowa Nr 30 20-470 Lublin ul. Nałkowskich 110;1881;546;546;11;535;29.03;2.01;2208;1289;1289;18;1271;58.38;1.40
50288;066301;161;Przedszkole Nr 78 20-485 Lublin ul. Samsonowicza 9;2050;785;785;13;772;38.29;1.66;1851;1015;1015;16;999;54.84;1.58
50289;066301;162;Gimnazjum Nr 3 20-470 Lublin ul. Nałkowskich 110;1970;618;618;12;606;31.37;1.94;2013;1258;1258;7;1251;62.49;0.56
50290;066301;163;Przedszkole Nr 66 20-485 Lublin ul. Samsonowicza 33A;1631;452;452;10;442;27.71;2.21;1941;1094;1094;13;1081;56.36;1.19
50291;066301;164;Szkoła Podstawowa Nr 30 20-470 Lublin ul. Nałkowskich 110;587;192;192;0;192;32.71;0.00;1566;820;820;8;812;52.36;0.98
50292;066301;165;Przedszkole Niepubliczne Mały Lingwista II 20-492 Lublin ul. Woronieckiego 11;1249;421;421;6;415;33.71;1.43;664;404;404;1;403;60.84;0.25
50293;066301;166;PKP Zakład Linii Kolejowych w Lublinie Sekcja Eksploatacji 20-418 Lublin ul. Nowy Świat 31A;1289;357;357;5;352;27.70;1.40;1346;914;914;10;904;67.90;1.09
50294;066301;167;DOM KULTURY KOLEJARZA 20-417 Lublin ul. Kunickiego 35;1800;357;357;8;349;19.83;2.24;1321;720;720;9;711;54.50;1.25
50295;066301;168;Zespół Szkół Nr 3 20-425 Lublin ul. Wyścigowa 31;923;233;233;8;225;25.24;3.43;1757;742;742;22;720;42.23;2.96
50296;066301;169;Gimnazjum Nr 1 20-436 Lublin ul. Kunickiego 116;2292;719;719;11;708;31.37;1.53;920;486;486;2;484;52.83;0.41
50297;066301;170;VI Liceum Ogólnokształcące im. H. Kołłątaja 20-466 Lublin ul. Mickiewicza 36;2184;783;783;10;773;35.85;1.28;2239;1321;1321;17;1304;59.00;1.29
50298;066301;171;Szkoła Podstawowa Nr 40 20-468 Lublin ul. Róży Wiatrów 9;1756;627;627;14;613;35.71;2.23;2228;1430;1430;12;1418;64.18;0.84
50299;066301;172;Żłobek Nr 6 20-468 Lublin ul. Kruczkowskiego 12;1427;447;447;7;440;31.32;1.57;1714;996;996;5;991;58.11;0.50
50300;066301;173;Szkoła Podstawowa Nr 2 20-433 Lublin ul. Mickiewicza 24;1563;474;474;5;469;30.33;1.05;1386;755;755;6;749;54.47;0.79
50301;066301;174;VI Liceum Ogólnokształcące im. H. Kołłątaja 20-466 Lublin ul. Mickiewicza 36;1053;302;302;1;301;28.68;0.33;1563;919;919;7;912;58.80;0.76
50302;066301;175;POCZTA POLSKA S.A. CENTRUM LOGISTYKI Oddział Regionalny w Lublinie 20-448 Lublin ul. Sierpińskiego 26;2079;604;604;10;594;29.05;1.66;1043;659;659;14;645;63.18;2.12
50303;066301;176;Zespół Szkół Transportowo - Komunikacyjnych 20-445 Lublin ul. Zemborzycka 82;389;89;89;2;87;22.88;2.25;2060;1191;1191;4;1187;57.82;0.34
50304;066301;177;Wojewódzki Ośrodek Terapii Uzależnienia od Alkoholu i Współuzależnienia 20-442 Lublin ul. Abramowicka 4B;1344;472;472;10;462;35.12;2.12;385;195;195;3;192;50.65;1.54
50305;066301;178;Zespół Szkół Energetycznych 20-346 Lublin ul. Długa 6;1353;399;399;1;398;29.49;0.25;1343;845;845;2;843;62.92;0.24
50306;066301;179;Przedszkole Nr 7 20-349 Lublin ul. Elektryczna 12;1616;258;258;9;249;15.97;3.49;1335;745;745;10;735;55.81;1.34
50307;066301;180;Gimnazjum Nr 15 20-349 Lublin ul. Elektryczna 51;1577;594;594;7;587;37.67;1.18;1565;635;635;11;624;40.58;1.73
50308;066301;181;Gimnazjum Nr 15 20-349 Lublin ul. Elektryczna 51;1543;479;479;13;466;31.04;2.71;1511;1000;1000;4;996;66.18;0.40
50309;066301;182;Szkoła Podstawowa Nr 32 z Oddziałami Integracyjnymi 20-362 Lublin ul. K. Przerwy-Tetmajera 2;1747;597;597;4;593;34.17;0.67;1486;820;820;10;810;55.18;1.22
50310;066301;183;Kolegium Pracowników Służb Społecznych 20-360 Lublin ul. Sulisławicka 7;1881;580;580;7;573;30.83;1.21;1706;1043;1043;11;1032;61.14;1.05
50311;066301;184;Szkoła Podstawowa Nr 2 20-433 Lublin ul. Mickiewicza 24;1024;271;271;5;266;26.46;1.85;1883;1034;1034;11;1023;54.91;1.06
50312;066301;185;Siedziba Rady i Zarządu Dzielnicy ABRAMOWICE 20-391 Lublin ul. Abramowicka 122;1342;323;323;12;311;24.07;3.72;1047;603;603;11;592;57.59;1.82
50313;066301;186;Zespół Szkół Nr 9 20-383 Lublin ul. Zdrowa 1;1656;434;434;7;427;26.21;1.61;1349;705;705;10;695;52.26;1.42
90335;066301;187;I Klinika Okulistyki Ogólnej II Klinika Chirurgii Siatkówki i Ciała Szklistego III Klinika Diagnostyki i Mikrochirurgii Jaskry 20-079 Lublin ul. Chmielna 1;67;4;4;0;4;5.97;0.00;1648;984;984;9;975;59.71;0.91
90336;066301;188;SP Szpital Kliniczny Nr 1 w Lublinie 20-081 Lublin ul. Staszica 16;333;18;18;1;17;5.41;5.56;55;13;13;0;13;23.64;0.00
90337;066301;189;Klinika Dermatologii, Wenerologii i Dermatologii Dziecięcej 20-080 Lublin ul. Radziwiłłowska 13;37;10;10;0;10;27.03;0.00;333;53;53;1;52;15.92;1.89
90338;066301;190;I Klinika Psychiatrii, Psychoterapii i Wczesnej Interwencji II Klinika Psychiatrii i Rehabilitacji Psychiatrycznej 20-439 Lublin ul. Głuska 1;83;24;24;3;21;28.92;12.50;43;20;20;1;19;46.51;5.00
90339;066301;191;SP Szpital Wojewódzki im. Jana Bożego 20-089 Lublin ul. Biernackiego 9;85;26;26;0;26;30.59;0.00;84;24;24;3;21;28.57;12.50
90340;066301;192;Oddział Ginekologii z pododdziałem Ginekologii Onkologicznej Oddział Położniczy z Oddziałem Patologii Ciąży Oddział Noworodków i Wcześniaków 20-123 Lublin ul. Lubartowska 81;64;18;18;0;18;28.12;0.00;133;50;50;1;49;37.59;2.00
90341;066301;193;SP Szpital Kliniczny Nr 4 w Lublinie 20-090 Lublin ul. Jaczewskiego 8;693;119;119;1;118;17.17;0.84;145;54;54;1;53;37.24;1.85
90342;066301;194;Centrum Onkologii Ziemi Lubelskiej im. św. Jana z Dukli 20-090 Lublin ul. Jaczewskiego 7;225;55;55;1;54;24.44;1.82;82;25;25;0;25;30.49;0.00
90343;066301;195;Instytut Medycyny Wsi im. Witolda Chodźki 20-090 Lublin ul. Jaczewskiego 2;75;26;26;1;25;34.67;3.85;692;245;245;9;236;35.40;3.67
90344;066301;196;1 Wojskowy Szpital Kliniczny z Polikliniką SP ZOZ w Lublinie 20-049 Lublin Al. Racławickie 23;119;53;53;5;48;44.54;9.43;243;82;82;5;77;33.74;6.10
90345;066301;197;Wojewódzki Szpital Specjalistyczny im. Stefana Kardynała Wyszyńskiego SP ZOZ 20-550 Lublin al. Kraśnicka 100;385;65;65;1;64;16.88;1.54;68;42;42;1;41;61.76;2.38
90346;066301;198;Okręgowy Szpital Kolejowy w Lublinie SP ZOZ 20-468 Lublin ul. Kruczkowskiego 21;141;12;12;0;12;8.51;0.00;131;60;60;3;57;45.80;5.00
90347;066301;199;Samodzielny Publiczny Zakład Opieki Zdrowotnej Ministerstwa Spraw Wewnętrznych w Lublinie 20-331 Lublin ul. Grenadierów 3;105;40;40;3;37;38.10;7.50;407;190;190;7;183;46.68;3.68
90348;066301;200;Szpital Neuropsychiatryczny im. prof. M. Kaczyńskiego SP ZOZ 20-442 Lublin ul. Abramowicka 2;616;126;126;9;117;20.45;7.14;109;60;60;3;57;55.05;5.00
90349;066301;201;Dom Pomocy Społecznej z siedzibą w Lublinie przy ul. Ametystowej 22 im. Błogosławionego Jana Pawła II 20-577 Lublin ul. Ametystowa 22;84;38;38;3;35;45.24;7.89;691;154;154;12;142;22.29;7.79
90350;066301;202;Dom Pomocy Społecznej dla Osób Niepełnosprawnych Fizycznie w Lublinie 20-358 Lublin ul. Kosmonautów 78;87;30;30;2;28;34.48;6.67;67;47;47;2;45;70.15;4.26
90351;066301;203;Dom Pomocy Społecznej „Kalina” 20-201 Lublin ul. Kalinowszczyzna 84;91;50;50;3;47;54.95;6.00;87;37;37;3;34;42.53;8.11
90352;066301;204;Dom Pomocy Społecznej „Betania” 20-718 Lublin al. Kraśnicka 223;128;71;71;1;70;55.47;1.41;113;75;75;3;72;66.37;4.00
90353;066301;205;Dom Pomocy Społecznej im. Matki Teresy z Kalkuty w Lublinie 20-060 Lublin ul. Głowackiego 26;106;31;31;5;26;29.25;16.13;129;60;60;8;52;46.51;13.33
90354;066301;206;Dom Pomocy Społecznej im. Wiktorii Michelisowej 20-113 Lublin ul. Archidiakońska 7;57;40;40;0;40;70.18;0.00;97;43;43;4;39;44.33;9.30
90355;066301;207;Areszt Śledczy w Lublinie 20-482 Lublin ul. Południowa 5;1018;463;463;62;401;45.48;13.39;59;35;35;5;30;59.32;14.29
90356;066301;208;Dom Studencki „Cebion” 20-035 Lublin ul. Langiewicza 6;122;90;90;0;90;73.77;0.00;872;420;420;87;333;48.17;20.71
50314;066401;1;Zespół Szkół Ponadgimnazjalnych Nr 1 im. Oskara Langego w Zamościu 22-400 Zamość ul. Łukasińskiego 8;1558;325;325;9;316;20.86;2.77;1520;600;600;16;584;39.47;2.67
50315;066401;2;Zespół Szkół Ponadgimnazjalnych Nr 2 im. Tadeusza Kościuszki w Zamościu 22-400 Zamość ul. Szczebrzeska 41;1410;344;344;11;333;24.40;3.20;1438;725;725;11;714;50.42;1.52
50316;066401;3;Przedszkole Miejskie Nr 6 w Zamościu 22-400 Zamość ul. Dolna 4;1818;496;496;12;484;27.28;2.42;1805;967;967;11;956;53.57;1.14
50317;066401;4;Przedszkole Miejskie Nr 9 w Zamościu 22-400 Zamość ul. Oboźna 10;1877;495;495;7;488;26.37;1.41;1821;920;920;4;916;50.52;0.43
50318;066401;5;Świetlica Osiedlowa Spółdzielni Mieszkaniowej im. W. Łukasińskiego w Zamościu 22-400 Zamość ul. Orzeszkowej 28;1597;440;440;10;430;27.55;2.27;1544;791;791;10;781;51.23;1.26
50319;066401;6;Zespół Szkół Nr 3 w Zamościu Gimnazjum Nr 3 im. Papieża Jana Pawła II 22-400 Zamość ul. Orzeszkowej 43;1841;455;455;16;439;24.71;3.52;1785;905;905;10;895;50.70;1.10
50320;066401;7;Zespół Szkół Ponadgimnazjalnych Nr 4 z Oddziałami Integracyjnymi im. Dzieci Zamojszczyzny w Zamościu 22-400 Zamość ul. Marszałka Piłsudskiego 65;1855;445;445;15;430;23.99;3.37;1827;925;925;9;916;50.63;0.97
50321;066401;8;Hotel Junior w Zamościu 22-400 Zamość ul. Sikorskiego 6;1517;337;337;7;330;22.21;2.08;1532;755;755;11;744;49.28;1.46
50322;066401;9;Zespół Szkół Nr 6 w Zamościu Szkoła Podstawowa Nr 9 im. Tadeusza Kościuszki 22-400 Zamość ul. Kalinowa 5a;2002;449;449;9;440;22.43;2.00;1971;903;903;11;892;45.81;1.22
50323;066401;10;Zespół Szkół Nr 6 w Zamościu Gimnazjum Nr 6 im. Kr. św. Jadwigi 22-400 Zamość ul. Kalinowa 5A;1452;365;365;11;354;25.14;3.01;1402;763;763;14;749;54.42;1.83
50324;066401;11;Przedszkole Miejskie Nr 14 w Zamościu 22-400 Zamość ul. Olchowa 11;2181;524;524;13;511;24.03;2.48;2117;1090;1090;17;1073;51.49;1.56
50325;066401;12;Świetlica Szkół Katolickich im. Ojca Pio 22-400 Zamość ul. Sikorskiego 11;1913;498;498;5;493;26.03;1.00;1885;963;963;14;949;51.09;1.45
50326;066401;13;III Liceum Ogólnokształcące im. Cypriana Kamila Norwida w Zamościu 22-400 Zamość ul.Kilińskiego 15;2211;499;499;15;484;22.57;3.01;2165;1099;1099;16;1083;50.76;1.46
50327;066401;14;Komenda Miejska Państwowej Straży Pożarnej (Świetlica) w Zamościu 22-400 Zamość ul. Kilińskiego 62;1971;494;494;13;481;25.06;2.63;1849;944;944;16;928;51.05;1.69
50328;066401;15;Zespół Szkół Nr 1 z Oddziałami Integracyjnymi w Zamościu Szkoła Podstawowa Nr 10 im. Waleriana Łukasińskiego 22-400 Zamość ul. Peowiaków 30A;1588;375;375;11;364;23.61;2.93;1543;646;646;19;627;41.87;2.94
50329;066401;16;Przedszkole Miejskie Nr 5 w Zamościu 22-400 Zamość ul. Peowiaków 76A;1060;339;339;4;335;31.98;1.18;1001;504;504;8;496;50.35;1.59
50330;066401;17;Przedszkole Miejskie Nr 15 w Zamościu 22-400 Zamość ul. Hetmana Zamoyskiego 4a;2307;538;538;8;530;23.32;1.49;2223;1075;1075;15;1060;48.36;1.40
50331;066401;18;Zespół Szkół Nr 4 w Zamościu Szkoła Podstawowa Nr 4 im. Stefana Batorego 22-400 Zamość ul. Hetmana Zamoyskiego 4;2196;646;646;8;638;29.42;1.24;2073;1108;1108;13;1095;53.45;1.17
50332;066401;19;Zespół Szkół Ponadgimnazjalnych Nr 3 im. Armii Krajowej w Zamościu 22-400 Zamość ul. Hetmana Zamoyskiego 62;2238;582;582;12;570;26.01;2.06;2108;1095;1095;10;1085;51.94;0.91
50333;066401;20;Przedszkole Miejskie Nr 12 w Zamościu 22-400 Zamość ul. Prymasa Wyszyńskiego 32;1617;401;401;11;390;24.80;2.74;1573;780;780;14;766;49.59;1.79
50334;066401;21;Zamojski Dom Kultury 22-400 Zamość ul. Partyzantów 13;964;263;263;4;259;27.28;1.52;931;472;472;10;462;50.70;2.12
50335;066401;22;Zespół Szkół Nr 2 w Zamościu Szkoła Podstawowa Nr 7 z Oddziałami Integracyjnymi 22-400 Zamość ul. Sienkiewicza 5;1839;508;508;10;498;27.62;1.97;1762;921;921;9;912;52.27;0.98
50336;066401;23;Spółdzielnia Mieszkaniowa im. Hetmana Zamoyskiego w Zamościu 22-400 Zamość ul. Prymasa Wyszyńskiego 50B;1373;294;294;3;291;21.41;1.02;1291;609;609;4;605;47.17;0.66
50337;066401;24;Państwowa Wyższa Szkoła Zawodowa im. Szymona Szymonowica w Zamościu 22-400 Zamość ul. Hrubieszowska 24;2287;587;587;18;569;25.67;3.07;2211;1096;1096;18;1078;49.57;1.64
50338;066401;25;Przedszkole Miejskie Nr 2 w Zamościu 22-400 Zamość ul. Gminna 32;1932;424;424;4;420;21.95;0.94;1840;861;861;12;849;46.79;1.39
50339;066401;26;Szkoła Podstawowa Nr 2 im. Henryka Sienkiewicza w Zamościu 22-400 Zamość ul. Lwowska 15;2329;476;476;22;454;20.44;4.62;2200;1009;1009;22;987;45.86;2.18
50340;066401;27;Szkoła Podstawowa Nr 6 im. Szymona Szymonowica 22-400 Zamość ul. Orla 5;2026;569;569;13;556;28.08;2.28;1969;1076;1076;11;1065;54.65;1.02
50341;066401;28;Lubelskie Samorządowe Centrum Doskonalenia Nauczycieli w Zamościu 22-400 Zamość ul. Lwowska 19;2153;483;483;12;471;22.43;2.48;2151;1079;1079;15;1064;50.16;1.39
50342;066401;29;I Prywatne Liceum Ogółnokształcące w Zamościu 22-400 Zamość ul. Krasnobrodzka 22A;1245;281;281;7;274;22.57;2.49;1269;624;624;16;608;49.17;2.56
50343;066401;30;Świetlica Osiedlowa 22-400 Zamość ul. Obronna 13;745;171;171;7;164;22.95;4.09;747;400;400;6;394;53.55;1.50
90357;066401;31;Zakład Karny w Zamościu 22-400 Zamość ul. Okrzei 14;276;99;99;19;80;35.87;19.19;225;96;96;16;80;42.67;16.67
90358;066401;32;Oddział Zewnętrzny Zakładu Karnego w Zamościu 22-400 Zamość ul. Hrubieszowska 40;349;129;129;24;105;36.96;18.60;303;130;130;17;113;42.90;13.08
90359;066401;33;Zamojski Szpital Niepubliczny Sp. z o.o. w Zamościu 22-400 Zamość ul. Peowiaków 1;185;34;34;2;32;18.38;5.88;190;68;68;0;68;35.79;0.00
90360;066401;34;Samodzielny Publiczny Szpital Wojewódzki im. Papieża Jana Pawła II w Zamościu 22-400 Zamość ul. Aleje Jana Pawła II 10;351;64;64;3;61;18.23;4.69;317;118;118;9;109;37.22;7.63
50344;080101;1;Regionalne Centrum Edukacji Ponadgimnazjalnej - Zespół Szkół im. Marii Skłodowskiej-Curie 66-470 Kostrzyn nad Odrą ul. Komisji Edukacji Narodowej 2;842;154;154;1;153;18.29;0.65;854;412;412;5;407;48.24;1.21
50345;080101;2;Szkoła Podstawowa Nr 4 66-470 Kostrzyn nad Odrą ul. Henryka Sienkiewicza 6;970;173;173;11;162;17.84;6.36;956;413;413;13;400;43.20;3.15
50346;080101;3;Szkoła Podstawowa Nr 4 66-470 Kostrzyn nad Odrą ul. Henryka Sienkiewicza 6;788;161;161;1;160;20.43;0.62;819;370;370;17;353;45.18;4.59
50347;080101;4;Szkoła Podstawowa Nr 4 66-470 Kostrzyn nad Odrą ul. Henryka Sienkiewicza 6;859;163;163;4;159;18.98;2.45;857;367;367;15;352;42.82;4.09
50348;080101;5;Szkoła Podstawowa Nr 4 66-470 Kostrzyn nad Odrą ul. Henryka Sienkiewicza 6;1010;231;231;10;221;22.87;4.33;991;487;487;19;468;49.14;3.90
50349;080101;6;Gimnazjum nr 1 66-470 Kostrzyn nad Odrą ul. Tadeusza Kościuszki 7;994;176;176;6;170;17.71;3.41;972;417;417;9;408;42.90;2.16
50350;080101;7;Gimnazjum nr 1 66-470 Kostrzyn nad Odrą ul. Tadeusza Kościuszki 7;1044;178;178;5;173;17.05;2.81;1011;393;393;11;382;38.87;2.80
50351;080101;8;Kostrzyńskie Centrum Kultury - Klub Osiedlowy 66-470 Kostrzyn nad Odrą Osiedle Leśne 5;877;184;184;13;171;20.98;7.07;867;357;357;21;336;41.18;5.88
50352;080101;9;Szkoła Podstawowa Nr 2 66-470 Kostrzyn nad Odrą ul. Ludwika Banaszaka 1;1025;155;155;7;148;15.12;4.52;1004;416;416;9;407;41.43;2.16
50353;080101;10;Biblioteka Miejska 66-470 Kostrzyn nad Odrą ul. Dworcowa 7;1089;237;237;7;230;21.76;2.95;1049;504;504;11;493;48.05;2.18
50354;080101;11;Szkoła Podstawowa Nr 2 66-470 Kostrzyn nad Odrą Ludwika Banaszaka 1;886;201;201;2;199;22.69;1.00;864;409;409;12;397;47.34;2.93
50355;080101;12;Przedszkole Miejskie Nr 2 66-470 Kostrzyn nad Odrą ul. Czereśniowa 1;791;187;187;9;178;23.64;4.81;771;379;379;3;376;49.16;0.79
50356;080101;13;Przedszkole Miejskie Nr 2 66-470 Kostrzyn nad Odrą ul. Czereśniowa 1;811;146;146;9;137;18.00;6.16;819;354;354;8;346;43.22;2.26
50357;080101;14;Gimnazjum Nr 2 66-470 Kostrzyn nad Odrą ul. Mikołaja Reja 32 a;797;124;124;2;122;15.56;1.61;799;372;372;9;363;46.56;2.42
50358;080101;15;Gimnazjum Nr 2 66-470 Kostrzyn nad Odrą ul. Mikołaja Reja 32 a;961;146;146;5;141;15.19;3.42;972;457;457;10;447;47.02;2.19
90361;080101;16;Niepubliczny Zakład Opieki Zdrowotnej Nowy Szpital 66-470 Kostrzyn nad Odrą ul. Gabriela Narutowicza 6;45;10;10;0;10;22.22;0.00;31;17;17;0;17;54.84;0.00
90362;080101;17;Dom Pomocy Społecznej „Dom Seniora” 66-470 Kostrzyn nad Odrą ul. Gabriela Narutowicza 4a;52;35;35;1;34;67.31;2.86;55;35;35;5;30;63.64;14.29
50359;080102;1;Zespół Szkół 66-450 Bogdaniec Pocztowa 7;1912;344;344;9;335;17.99;2.62;1926;877;877;14;863;45.53;1.60
50360;080102;2;Szkoła Podstawowa 66-450 Jeniniec 8a;746;106;106;3;103;14.21;2.83;765;272;272;16;256;35.56;5.88
50361;080102;3;Szkoła Podstawowa 66-450 Lubczyno 55;645;78;78;4;74;12.09;5.13;640;226;226;4;222;35.31;1.77
50362;080102;4;Szkoła Podstawowa 66-450 Jenin Lipowa 1;1787;291;291;7;284;16.28;2.41;1794;887;887;28;859;49.44;3.16
50363;080102;5;Świetlica wiejska 66-450 Jeżyki 32;353;72;72;1;71;20.40;1.39;369;149;149;4;145;40.38;2.68
50364;080103;1;Sala Zespołu Szkół w Deszcznie 66-446 Deszczno Lubuska 61;2131;346;346;13;333;16.24;3.76;2184;1017;1017;35;982;46.57;3.44
50365;080103;2;Sala Szkoły Podstawowej w Ciecierzycach 66-446 Ciecierzyce Borkowska 2;1404;282;282;8;274;20.09;2.84;1427;708;708;17;691;49.61;2.40
50366;080103;3;Sala Szkoły Podstawowej w Ulimiu 66-446 Ulim Rubinowa 5;1368;223;223;3;220;16.30;1.35;1435;603;603;13;590;42.02;2.16
50367;080103;4;Sala Szkoły Podstawowej w Boleminie 66-446 Bolemin 102;1212;149;149;9;140;12.29;6.04;1228;400;400;13;387;32.57;3.25
50368;080103;5;Sala Szkoły Podstawowej w Brzozowcu 66-446 Brzozowiec ul. Szkolna 13;817;124;124;3;121;15.18;2.42;824;334;334;12;322;40.53;3.59
50369;080104;1;Sala posiedzeń Urzędu Gminy w Kłodawie 66-415 Kłodawa ul. Gorzowska 40;1262;375;375;16;359;29.71;4.27;1310;743;743;17;726;56.72;2.29
50370;080104;2;Zespół Szkół w Różankach 66-415 Różanki ul. Dębowa 3;1207;298;298;8;290;24.69;2.68;1199;657;657;13;644;54.80;1.98
50371;080104;3;Zespół Szkół w Kłodawie 66-415 Kłodawa ul. Szkolna 1;819;244;244;6;238;29.79;2.46;856;565;565;11;554;66.00;1.95
50372;080104;4;Gminny Ośrodek Kultury w Wojcieszycach 66-415 Wojcieszyce ul. Wspólna 45;750;131;131;13;118;17.47;9.92;753;291;291;17;274;38.65;5.84
50373;080104;5;Świetlica wiejska w Łośnie 66-415 Łośno 48B;354;67;67;0;67;18.93;0.00;373;131;131;5;126;35.12;3.82
50374;080104;6;Sala wiejska w Santocku 66-415 Santocko ul. Wiejska 66;562;148;148;3;145;26.33;2.03;577;305;305;8;297;52.86;2.62
50375;080104;7;Warsztaty Terapii Zajęciowej w Chwalęcicach 66-415 Chwalęcice ul. Lipowa 38;811;245;245;14;231;30.21;5.71;813;466;466;9;457;57.32;1.93
50376;080104;8;Sala wiejska w Rybakowie 66-415 Rybakowo ul. Lipowa 26;436;88;88;2;86;20.18;2.27;425;162;162;8;154;38.12;4.94
50377;080105;1;Szkoła Podstawowa w Stawie 66-433 Staw 2;643;117;117;2;115;18.20;1.71;645;248;248;11;237;38.45;4.44
50378;080105;2;Szkoła Podstawowa w Ściechowie 66-433 Ściechów 84;847;46;46;5;41;5.43;10.87;841;235;235;14;221;27.94;5.96
50379;080105;3;Urząd Stanu Cywilnego w Lubiszynie 66-433 Lubiszyn ul.Myśliborska 9;902;102;102;3;99;11.31;2.94;883;350;350;19;331;39.64;5.43
50380;080105;4;Szkoła Podstawowa w Wysokiej 66-433 Wysoka 16;466;53;53;2;51;11.37;3.77;473;191;191;9;182;40.38;4.71
50381;080105;5;Szkoła Podstawowa w Lubnie 66-450 Lubno ul.Plac Wyzwolenia 8;600;73;73;6;67;12.17;8.22;609;197;197;10;187;32.35;5.08
50382;080105;6;Szkoła Podstawowa w Baczynie 66-432 Baczyna ul.Szkolna 1;1419;248;248;6;242;17.48;2.42;1425;633;633;13;620;44.42;2.05
50383;080105;7;Sala wiejska w Brzeźnie 66-433 Brzeźno 7;528;70;70;0;70;13.26;0.00;517;146;146;8;138;28.24;5.48
50384;080106;1;Sala Wiejska w Czechowie 66-431 Czechów Czechów 16A;427;126;126;3;123;29.51;2.38;456;248;248;9;239;54.39;3.63
50385;080106;2;Sala Gimnastyczna w Wawrowie 66-400 Wawrów Wawrów 46E;1140;197;197;12;185;17.28;6.09;1197;548;548;18;530;45.78;3.28
50386;080106;3;Szkoła Podstawowa w Janczewie 66-431 Janczewo Janczewo 27;1043;162;162;4;158;15.53;2.47;1101;512;512;22;490;46.50;4.30
50387;080106;4;Sala Wiejska w Gralewie 66-431 Gralewo Gralewo 48A;803;124;124;7;117;15.44;5.65;797;317;317;22;295;39.77;6.94
50388;080106;5;Gminna Biblioteka Publiczna w Santoku 66-431 Santok Gorzowska 35;671;126;126;7;119;18.78;5.56;660;267;267;14;253;40.45;5.24
50389;080106;6;Sala Wiejska w Starym Polichnie 66-431 Stare Polichno Szkolna 9;577;62;62;5;57;10.75;8.06;580;202;202;12;190;34.83;5.94
50390;080106;7;Sala Wiejska w Ludzisławicach 66-431 Ludzisławice 26A;297;52;52;5;47;17.51;9.62;302;91;91;5;86;30.13;5.49
50391;080106;8;Sala Wiejska w Lipkach Wielkich 66-431 Lipki Wielkie Szosowa 72;1371;206;206;12;194;15.03;5.83;1387;516;516;23;493;37.20;4.46
50392;080107;1;Zespół Szkolno-Przedszkolny w Witnicy 66-460 Witnica ul. Wiosny Ludów 14;1276;179;179;5;174;14.03;2.79;1261;475;475;15;460;37.67;3.16
50393;080107;2;Miejski Dom Kultury w Witnicy 66-460 Witnica ul. Gorzowska 22;2120;340;340;14;326;16.04;4.12;2080;766;766;31;735;36.83;4.05
50394;080107;3;Regionalne Centrum Ratownictwa w Witnicy 66-460 Witnica ul. Żwirowa 2c;2059;346;346;19;327;16.80;5.49;2035;842;842;32;810;41.38;3.80
50395;080107;4;Świetlica Wiejska w Pyrzanach 66-460 Pyrzany 51;575;61;61;1;60;10.61;1.64;573;204;204;6;198;35.60;2.94
50396;080107;5;Świetlica Wiejska w Starych Dzieduszycach 66-460 Stare Dzieduszyce 16;642;76;76;2;74;11.84;2.63;643;214;214;8;206;33.28;3.74
50397;080107;6;Świetlica Wiejska w Kamieniu Małym 66-460 Kamień Mały 91;720;85;85;5;80;11.81;5.88;711;208;208;5;203;29.25;2.40
50398;080107;7;Szkoła Podstawowa w Dąbroszynie filia w Kamieniu Wielkim 66-460 Kamień Wielki ul. Kościelna 1;501;93;93;8;85;18.56;8.60;488;175;175;7;168;35.86;4.00
50399;080107;8;Świetlica Wiejska w Dąbroszynie 66-460 Dąbroszyn 22a;608;117;117;10;107;19.24;8.55;627;263;263;12;251;41.95;4.56
50400;080107;9;Zespół Edukacyjny w Nowinach Wielkich 66-460 Nowiny Wielkie ul. Wiejska 26;1001;145;145;2;143;14.49;1.38;997;413;413;19;394;41.42;4.60
50401;080107;10;Świetlica Wiejska w Białczu 66-460 Białcz ul. Gorzowska 18;640;75;75;2;73;11.72;2.67;657;250;250;8;242;38.05;3.20
90363;080107;11;Dom Pomocy Społecznej w Kamieniu Wielkim 66-460 Kamień Wielki Stawna 40;48;13;13;2;11;27.08;15.38;45;11;11;1;10;24.44;9.09
50402;080201;1;Zespół Szkół Ogólnokształcących 66-620 Gubin ul. Piastowska 26;1889;295;295;5;290;15.62;1.69;1832;706;706;20;686;38.54;2.83
50403;080201;2;Przedszkole Miejskie nr 3 66-620 Gubin ul. Wojska Polskiego 16;2194;467;467;22;445;21.29;4.71;2156;1020;1020;26;994;47.31;2.55
50404;080201;3;Przedsiębiorstwo Oczyszczania Ścieków 66-620 Gubin ul. Spokojna 1;902;115;115;6;109;12.75;5.22;890;333;333;7;326;37.42;2.10
50405;080201;4;Szkoła Podstawowa nr 2 66-620 Gubin ul. Generała Świerczewskiego 1;1418;228;228;8;220;16.08;3.51;1393;557;557;18;539;39.99;3.23
50406;080201;5;Szkoła Podstawowa nr 3 z Oddziałami Integracyjnymi 66-620 Gubin ul. Kresowa 48;2339;449;449;19;430;19.20;4.23;2305;987;987;27;960;42.82;2.74
50407;080201;6;Gubiński Dom Kultury 66-620 Gubin ul. Westerplatte 14;1677;306;306;21;285;18.25;6.86;1664;694;694;20;674;41.71;2.88
50408;080201;7;Miejski Ośrodek Sportu Kryta Pływalnia 66-620 Gubin ul. II Armii Wojska Polskiego 5;970;99;99;2;97;10.21;2.02;948;309;309;9;300;32.59;2.91
50409;080201;8;Zespół Szkół im. M. Kopernika 66-620 Gubin ul. Racławicka 2;1022;130;130;3;127;12.72;2.31;1012;381;381;17;364;37.65;4.46
50410;080201;9;Nadleśnictwo Gubin 66-620 Gubin ul. Dolna 19;980;167;167;3;164;17.04;1.80;965;444;444;10;434;46.01;2.25
90364;080201;10;NZOZ Nowy Szpital Powiatu Krośnieńskiego - Zakład Opiekuńczo - Leczniczy w Gubinie 66-620 Gubin Śląska 35;32;9;9;0;9;28.12;0.00;32;9;9;0;9;28.12;0.00
50411;080202;1;Szkoła Podstawowa 66-627 Bobrowice 36;1082;168;168;9;159;15.53;5.36;1094;417;417;18;399;38.12;4.32
50412;080202;2;Szkoła Podstawowa 66-627 Dychów 39;973;195;195;8;187;20.04;4.10;970;438;438;19;419;45.15;4.34
50413;080202;3;Sala Wiejska 66-627 Janiszowice;540;82;82;2;80;15.19;2.44;541;174;174;6;168;32.16;3.45
50414;080203;1;Gminne Centrum Kultury 66-630 Bytnica 52d;1281;151;151;5;146;11.79;3.31;1256;428;428;16;412;34.08;3.74
50415;080203;2;Centrum Oświatowo-Kulturalne 66-630 Budachów 109;783;76;76;6;70;9.71;7.89;783;230;230;12;218;29.37;5.22
50416;080204;1;Szkoła Podstawowa 66- 600 Połupin ul. Kolejowa 4a;855;125;125;4;121;14.62;3.20;830;336;336;11;325;40.48;3.27
50417;080204;2;Świetlica Wiejska 66- 615 Dąbie ul. Szeroka 6b;344;69;69;3;66;20.06;4.35;353;171;171;11;160;48.44;6.43
50418;080204;3;Szkoła Podstawowa 66- 615 Szczawno ul. Szkolna 3;715;73;73;5;68;10.21;6.85;721;213;213;10;203;29.54;4.69
50419;080204;4;Szkoła Podstawowa 66- 615 Gronów ul. Główna 1;1077;124;124;19;105;11.51;15.32;1081;370;370;25;345;34.23;6.76
50420;080204;5;Szkoła Podstawowa 66- 627 Kosierz 40;526;91;91;0;91;17.30;0.00;516;188;188;17;171;36.43;9.04
50421;080204;6;Świetlica Wiejska 66- 615 Brzeźnica ul. Główna 5a;386;51;51;2;49;13.21;3.92;402;128;128;6;122;31.84;4.69
50422;080204;7;Dom Pomocy Społecznej 66- 615 Szczawno ul. Parkowa 2;59;22;22;3;19;37.29;13.64;54;24;24;8;16;44.44;33.33
50423;080205;1;Publiczna Skoła Podstawowa 66-620 Bieżyce 50;396;56;56;6;50;14.14;10.71;393;133;133;8;125;33.84;6.02
50424;080205;2;Biblioteka w Wałowicach 66-620 Wałowice 51;342;61;61;5;56;17.84;8.20;355;144;144;4;140;40.56;2.78
50425;080205;3;Wiejski Ośrodek Zdrowia w Polu 66-620 Pole 1;411;41;41;1;40;9.98;2.44;412;133;133;8;125;32.28;6.02
50426;080205;4;Publiczne Gimnazjum w Czarnowicach 66-620 Czarnowice 20;391;35;35;3;32;8.95;8.57;396;114;114;4;110;28.79;3.51
50427;080205;5;Zespół Szkół w Grabicach 66-620 Grabice 59;1066;101;101;4;97;9.47;3.96;1060;300;300;20;280;28.30;6.67
50428;080205;6;Zespół Szkół w Chlebowie 66-620 Chlebowo 123;781;95;95;0;95;12.16;0.00;768;241;241;9;232;31.38;3.73
50429;080205;7;Publiczna Szkoła Podstawowa w Strzegowie 66-620 Strzegów 79;390;67;67;6;61;17.18;8.96;391;127;127;4;123;32.48;3.15
50430;080205;8;Publiczna Szkoła Podstawowa w Starosiedlu 66-620 Starosiedle 22;426;73;73;2;71;17.14;2.74;424;133;133;10;123;31.37;7.52
50431;080205;9;Świetlica w Sękowicach 66-620 Sękowice 64;461;45;45;2;43;9.76;4.44;454;114;114;11;103;25.11;9.65
50432;080205;10;Nadleśnictwo Gubin 66-620 Komorów ul. Dolna 19;743;122;122;3;119;16.42;2.46;738;271;271;12;259;36.72;4.43
50433;080205;11;Wiejski Ośrodek Zdrowia w Stargardzie Gubińskim 66-620 Stargard Gubiński 1A;401;53;53;4;49;13.22;7.55;391;118;118;5;113;30.18;4.24
90365;080205;12;Areszt Śledczy Lubsko Oddział Zewnętrzny w Wałowicach nr 74 66-620 Wałowice 74;92;43;43;4;39;46.74;9.30;90;49;49;3;46;54.44;6.12
50434;080206;1;CAK „ZAMEK” 66-600 Krosno Odrzańskie ul. Szkolna 1;1063;149;149;4;145;14.02;2.68;1027;366;366;24;342;35.64;6.56
50435;080206;2;Przedszkole nr 4 66-600 Krosno Odrzańskie ul. Bolesława Chrobrego 33;943;149;149;6;143;15.80;4.03;921;377;377;12;365;40.93;3.18
50436;080206;3;Gimnazjum 66-600 Krosno Odrzańskie ul. Pułaskiego 3;1824;426;426;12;414;23.36;2.82;1799;923;923;20;903;51.31;2.17
50437;080206;4;Szkoła Podstawowa Nr 3 66-600 Krosno Odrzańskie ul. Pułaskiego 3;1735;286;286;16;270;16.48;5.59;1673;740;740;21;719;44.23;2.84
50438;080206;5;Przedszkole Nr 3 66-600 Krosno Odrzańskie ul. Piastów 6d;898;160;160;3;157;17.82;1.88;881;373;373;20;353;42.34;5.36
50439;080206;6;Przedszkole Nr 1 66-600 Krosno Odrzańskie ul. Srebrna Góra 1;1048;219;219;4;215;20.90;1.83;1027;464;464;21;443;45.18;4.53
50440;080206;7;Przedszkole Nr 2 66-600 Krosno Odrzańskie ul. Bolesława Krzywoustego 2;924;195;195;8;187;21.10;4.10;918;488;488;3;485;53.16;0.61
50441;080206;8;Szkoła Podstawowa Nr 2 66-600 Krosno Odrzańskie ul. Moniuszki 30;1117;256;256;10;246;22.92;3.91;1102;543;543;14;529;49.27;2.58
50442;080206;9;Świetlica wiejska 66-600 Kamień 1;845;156;156;12;144;18.46;7.69;862;368;368;29;339;42.69;7.88
50443;080206;10;Przedszkole 66-600 Stary Raduszec 47;1090;113;113;10;103;10.37;8.85;1077;346;346;32;314;32.13;9.25
50444;080206;11;Szkoła Podstawowa 66-600 Radnica 146;778;68;68;3;65;8.74;4.41;760;234;234;13;221;30.79;5.56
50445;080206;12;Zespół Edukacyjny 66-600 Osiecznica ul. Szkolna 15;1445;242;242;21;221;16.75;8.68;1432;639;639;7;632;44.62;1.10
50446;080206;13;Zespół Szkół 66-600 Wężyska 162;1073;122;122;5;117;11.37;4.10;1075;347;347;28;319;32.28;8.07
90366;080206;14;Nowy Szpital Powiatu Krośnieńskiego w Krośnie Odrzańskim 66-600 Krosno Odrzańskie Piastów 3;20;5;5;0;5;25.00;0.00;17;3;3;0;3;17.65;0.00
50447;080207;1;Świetlica wiejska w Maszewie 66-614 Maszewo;1312;105;105;7;98;8.00;6.67;1304;411;411;22;389;31.52;5.35
50448;080207;2;Świetlica wiejska w Radomicku 66-614 Radomicko;1023;102;102;7;95;9.97;6.86;1031;292;292;19;273;28.32;6.51
50449;080301;1;Sala Wiejska w Bledzewie 66-350 Bledzew ul. Rynek 3;952;227;227;11;216;23.84;4.85;922;421;421;18;403;45.66;4.28
50450;080301;2;Sala Wiejska w Zemsku 66-350 Zemsko 28;805;121;121;10;111;15.03;8.26;787;248;248;21;227;31.51;8.47
50451;080301;3;Sala Wiejska w Goruńsku 66-350 Goruńsko 80;355;73;73;7;66;20.56;9.59;360;136;136;5;131;37.78;3.68
50452;080301;4;Sala Wiejska w Templewie 66-350 Templewo 28;598;99;99;15;84;16.56;15.15;595;181;181;17;164;30.42;9.39
50453;080301;5;Sala Wiejska w Nowej Wsi 66-350 Nowa Wieś 24a;420;78;78;7;71;18.57;8.97;416;159;159;4;155;38.22;2.52
50454;080301;6;Sala Wiejska w Osiecku 66-350 Osiecko 4a;535;102;102;5;97;19.07;4.90;523;151;151;14;137;28.87;9.27
50455;080302;1;Starostwo Powiatowe w Międzyrzeczu 66-300 Międzyrzecz ul. Przemysłowa 2;858;130;130;3;127;15.15;2.31;844;341;341;15;326;40.40;4.40
50456;080302;2;Przedszkole Nr 1 w Międzyrzeczu 66-300 Międzyrzecz ul. Dr Tadeusza Podbielskiego 5;989;163;163;9;154;16.48;5.52;969;363;363;8;355;37.46;2.20
50457;080302;3;Gimnazjum Nr 2 w Międzyrzeczu 66-300 Międzyrzecz ul. Komisji Edukacji Narodowej 1;1173;232;232;7;225;19.78;3.02;1158;627;627;16;611;54.15;2.55
50458;080302;4;Szkoła Podstawowa Nr 3 w Międzyrzeczu 66-300 Międzyrzecz ul. Mickiewicza 5;1057;245;245;7;238;23.18;2.86;1036;536;536;14;522;51.74;2.61
50459;080302;5;Przedszkole Nr 6 w Międzyrzeczu 66-300 Międzyrzecz ul. Mickiewicza 25;1777;296;296;12;284;16.66;4.05;1789;861;861;21;840;48.13;2.44
50460;080302;6;Międzyrzecki Ośrodek Kultury w Międzyrzeczu 66-300 Międzyrzecz ul. Konstytucji 3 Maja 30;1933;374;374;10;364;19.35;2.67;1890;826;826;35;791;43.70;4.24
50461;080302;7;Gimnazjum Nr 1 w Międzyrzeczu 66-300 Międzyrzecz ul. Staszica 22A;1068;186;186;10;176;17.42;5.38;1058;464;464;11;453;43.86;2.37
50462;080302;8;Biblioteka Miejska w Międzyrzeczu 66-300 Międzyrzecz Osiedle Centrum 8;986;240;240;9;231;24.34;3.75;960;501;501;13;488;52.19;2.59
50463;080302;9;Zespół Szkół Budowlanych w Międzyrzeczu 66-300 Międzyrzecz ul. Marcinkowskiego 26;905;263;263;7;256;29.06;2.66;904;502;502;15;487;55.53;2.99
50464;080302;10;Szpital dla Nerwowo i Psychicznie Chorych w Międzyrzecz, Pawilon IV - Klub Chorychu 66-300 Międzyrzecz ul. Poznańska 109;993;167;167;4;163;16.82;2.40;960;488;488;12;476;50.83;2.46
50465;080302;11;Szkoła Podstawowa w Kaławie 66-300 Kaława 107;824;101;101;7;94;12.26;6.93;798;317;317;9;308;39.72;2.84
50466;080302;12;Szkoła Podstawowa w Bukowcu 66-300 Bukowiec 61;877;141;141;15;126;16.08;10.64;861;337;337;26;311;39.14;7.72
50467;080302;13;Zespół Szkół Rolniczych w Bobowicku 66-300 Bobowicko ul. Międzyrzecka 7A;1133;270;270;6;264;23.83;2.22;1170;628;628;16;612;53.68;2.55
50468;080302;14;Zespół Szkół Ekonomicznych w Międzyrzeczu 66-300 Międzyrzecz ul. Libelta 4;990;118;118;2;116;11.92;1.69;1008;356;356;9;347;35.32;2.53
50469;080302;15;Remiza Ochotniczej Straży Pożarnej w Kęszycy Leśnej 66-300 Kęszyca Leśna 56;779;138;138;5;133;17.72;3.62;754;296;296;8;288;39.26;2.70
50470;080302;16;Centrum Rekreacyjno-Sportowe w Gorzycy 66-300 Gorzyca 36;683;84;84;3;81;12.30;3.57;688;238;238;5;233;34.59;2.10
50471;080302;17;Ośrodek Szkolenia i Wychowania Ochotnicze Hufce Pracy w Międzyrzeczu 66-300 Międzyrzecz ul. Piastowska 18;1067;215;215;14;201;20.15;6.51;1019;508;508;11;497;49.85;2.17
50472;080302;18;Przedszkole Nr 4 w Międzyrzeczu 66-300 Międzyrzecz Zachodnia 8;1014;171;171;6;165;16.86;3.51;1002;450;450;19;431;44.91;4.22
50473;080302;19;Nadleśnictwo Międzyrzecz w Międzyrzeczu 66-300 Międzyrzecz Poznańska 38;759;128;128;7;121;16.86;5.47;772;367;367;6;361;47.54;1.63
90367;080302;20;Szpital Międzyrzecki Sp. z o.o. w Międzyrzeczu 66-300 Międzyrzecz ul. Konstytucji 3 Maja 35;52;13;13;1;12;25.00;7.69;32;9;9;0;9;28.12;0.00
90368;080302;21;Areszt Śledczy w Międzyrzeczu 66-300 Międzyrzecz ul. Młyńska 21;399;147;147;32;115;36.84;21.77;341;188;188;33;155;55.13;17.55
90369;080302;22;Samodzielny Publiczny Szpital dla Nerwowo i Psychicznie Chorych w Międzyrzeczu, Pawilon IV - Klub Chorych 66-300 Międzyrzecz ul. Poznańska 109 lokal: (wejście główne);432;25;25;3;22;5.79;12.00;387;85;85;3;82;21.96;3.53
50474;080303;1;Wiejski Dom Kultury w Chełmsku 66-340 Chełmsko 15;388;62;62;10;52;15.98;16.13;388;111;111;12;99;28.61;10.81
50475;080303;2;Świetlica Wiejska w Goraju 66-340 Goraj 24;967;115;115;6;109;11.89;5.22;960;262;262;12;250;27.29;4.58
50476;080303;3;Urząd Gminy Przytoczna 66-340 Przytoczna ul.Rokitniańska 4;2096;368;368;27;341;17.56;7.34;2098;939;939;46;893;44.76;4.90
50477;080303;4;Dom Strażaka w Rokitnie 66-340 Rokitno 12B;363;100;100;16;84;27.55;16.00;386;186;186;6;180;48.19;3.23
50478;080303;5;Szkoła Podstawowa w Wierzbnie 66-340 Wierzbno 31;273;36;36;3;33;13.19;8.33;270;107;107;6;101;39.63;5.61
50479;080303;6;Świetlica Wiejska w Nowej Niedrzwicy 66-340 Nowa Niedrzwica 6;406;55;55;4;51;13.55;7.27;391;137;137;4;133;35.04;2.92
90370;080303;7;Rokitno 66340 Rokitno 58;46;19;19;7;12;41.30;36.84;48;19;19;3;16;39.58;15.79
90371;080303;8;Rokitno 66340 Rokitno 38;58;17;17;4;13;29.31;23.53;56;19;19;3;16;33.93;15.79
50480;080304;1;Szkoła Podstawowa im. Mikołaja Kopernika w Pszczewie 66-330 Pszczew ul. Władysława Sikorskiego 23;1629;288;288;15;273;17.68;5.21;1645;743;743;39;704;45.17;5.25
50481;080304;2;Sala Wiejska w Policku 66-330 Policko 30a;354;83;83;4;79;23.45;4.82;343;132;132;7;125;38.48;5.30
50482;080304;3;Sala Wiejska w Stołuniu 66-330 Stołuń 23a;449;48;48;2;46;10.69;4.17;445;135;135;10;125;30.34;7.41
50483;080304;4;Sala Wiejska w Nowym Gorzycku 66-330 Nowe Gorzycko 16A;393;28;28;3;25;7.12;10.71;405;137;137;7;130;33.83;5.11
50484;080304;5;Sala Wiejska w Silnej 66-330 Silna 13C;277;67;67;2;65;24.19;2.99;278;121;121;3;118;43.53;2.48
50485;080304;6;Sala wiejska w Stokach 66-330 Stoki 37A;256;69;69;1;68;26.95;1.45;258;108;108;7;101;41.86;6.48
90372;080304;7;Dom Pomocy Społecznej w Szarczu - świtlica 66-330 Szarcz 30;52;45;45;0;45;86.54;0.00;50;45;45;0;45;90.00;0.00
50486;080305;1;Ośrodek Sportu i Rekreacji w Skwierzynie (kawiarnia) 66-440 Skwierzyna ul. Sportowa 1;1230;257;257;12;245;20.89;4.67;1218;568;568;15;553;46.63;2.64
50487;080305;2;Ośrodek Sportu i Rekreacji w Skwierzynie (świetlica) 66-440 Skwierzyna ul. Sportowa 1;1309;224;224;7;217;17.11;3.12;1333;590;590;18;572;44.26;3.05
50488;080305;3;Centrum Kształcenia Praktycznego w Skwierzynie 66-440 Skwierzyna ul. Mickiewicza 3;1400;312;312;12;300;22.29;3.85;1397;682;682;15;667;48.82;2.20
50489;080305;4;Skwierzyński Ośrodek Kultury w Skwierzynie 66-440 Skwierzyna ul. Teatralna 5;1329;223;223;9;214;16.78;4.04;1338;587;587;22;565;43.87;3.75
50490;080305;5;Gimnazjum im. Władysława Jagiełły w Skwierzynie 66-440 Skwierzyna ul. Batorego 14;1278;205;205;22;183;16.04;10.73;1258;463;463;16;447;36.80;3.46
50491;080305;6;Ośrodek Pomocy Społecznej w Skwierzynie 66-440 Skwierzyna ul. Batorego 15;1241;225;225;3;222;18.13;1.33;1215;518;518;15;503;42.63;2.90
50492;080305;7;Świetlica Wiejska w Trzebiszewie 66-440 Trzebiszewo ul. Główna 39a;532;88;88;6;82;16.54;6.82;535;229;229;10;219;42.80;4.37
50493;080305;8;Szkoła Podstawowa w Murzynowie 66-440 Murzynowo Kościelna 7;777;70;70;3;67;9.01;4.29;689;217;217;27;190;31.49;12.44
50494;080305;9;Świetlica Wiejska w Świniarach 66-440 Świniary 41;664;60;60;4;56;9.04;6.67;366;140;140;7;133;38.25;5.00
50495;080305;10;Świetlica Wiejska w Krobielewku 66-440 Krobielewko 5a;199;24;24;1;23;12.06;4.17;193;59;59;2;57;30.57;3.39
90373;080305;11;NZOZ Szpital im. dr n. med. Radzimira Śmigielskiego Sp. z o.o. w Skwierzynie 66-440 Skwierzyna Szpitalna 5;53;5;5;0;5;9.43;0.00;350;102;102;9;93;29.14;8.82
50496;080306;1;Gminny Ośrodek Kultury i Sportu w Trzcielu 66-320 Trzciel ul. Poznańska 9;1990;392;392;22;370;19.70;5.61;1984;875;875;43;832;44.10;4.91
50497;080306;2;Dom Pomocy Społecznej 66-320 Jasieniec 69;1159;168;168;0;168;14.50;0.00;1158;454;454;10;444;39.21;2.20
50498;080306;3;Biblioteka Publiczna w Trzcielu Filia 66-304 Lutol Suchy 73;1001;117;117;6;111;11.69;5.13;987;366;366;24;342;37.08;6.56
50499;080306;4;Zespół Edukacyjny w Brójcach 66-304 Brójce ul. Polna 1;1031;126;126;14;112;12.22;11.11;1060;374;374;26;348;35.28;6.95
50500;080401;1;Publiczne Gimnazjum Nr 3 67-100 Nowa Sól ul. Kasprowicza 8;1773;399;399;14;385;22.50;3.51;1767;866;867;23;843;49.01;2.66
50501;080401;2;Publiczne Gimnazjum Nr 3 67-100 Nowa Sól ul. Kasprowicza 8;1322;314;314;3;311;23.75;0.96;1284;724;724;15;709;56.39;2.07
50502;080401;3;Publiczne Gimnazjum Nr 3 67-100 Nowa Sól ul. Kasprowicza 8;1161;293;293;9;284;25.24;3.07;1162;615;615;18;597;52.93;2.93
50503;080401;4;Publiczna Szkoła Podstawowa Nr 8 67-100 Nowa Sól ul. Matejki 29;1843;447;447;14;433;24.25;3.13;1787;971;971;11;960;54.34;1.13
50504;080401;5;Publiczne Przedszkole Nr 12 67-100 Nowa Sól Osiedle Konstytucji 3 Maja;1812;434;434;17;417;23.95;3.92;1737;976;976;17;959;56.19;1.74
50505;080401;6;Publiczna Szkoła Podstawowa Nr 3 67-100 Nowa Sól ul. Botaniczna 22;2148;473;473;12;461;22.02;2.54;2140;1107;1107;25;1082;51.73;2.26
50506;080401;7;Publiczna Szkoła Podstawowa Nr 3 67-100 Nowa Sól ul. Botaniczna 22;1007;200;200;4;196;19.86;2.00;996;472;472;20;452;47.39;4.24
50507;080401;8;Nowosolski Dom Kultury 67-100 Nowa Sól ul. Marszałka Józefa Piłsudskiego 49;2090;373;373;26;347;17.85;6.97;2033;790;790;21;769;38.86;2.66
50508;080401;9;Publiczne Przedszkole Nr 11 67-100 Nowa Sól Osiedle XXX-lecia PRL;1672;407;407;12;395;24.34;2.95;1637;914;914;22;892;55.83;2.41
50509;080401;10;Publiczna Szkoła Podstawowa Nr 8 67-100 Nowa Sól ul. Matejki 29;2037;463;463;14;449;22.73;3.02;2015;1085;1085;25;1060;53.85;2.30
50510;080401;11;Publiczna Szkoła Podstawowa Nr 5 67-100 Nowa Sól ul. Walki Młodych 2;1143;213;213;2;211;18.64;0.94;1122;562;562;18;544;50.09;3.20
50511;080401;12;Publiczna Szkoła Podstawowa Nr 5 67-100 Nowa Sól ul. Walki Młodych 2;1238;294;294;2;292;23.75;0.68;1204;646;646;19;627;53.65;2.94
50512;080401;13;Publiczne Przedszkole Nr 9 67-100 Nowa Sól ul. Wrocławska 37A;1892;343;343;4;339;18.13;1.17;1834;787;787;22;765;42.91;2.80
50513;080401;14;Publiczna Szkoła Podstawowa Nr 6 67-100 Nowa Sól ul. Kościuszki 26;1078;194;194;4;190;18.00;2.06;1042;509;509;15;494;48.85;2.95
50514;080401;15;Publiczne Gimnazjum Nr 2 67-100 Nowa Sól ul. Gimnazjalna 11;1715;278;278;9;269;16.21;3.24;1680;626;626;13;613;37.26;2.08
50515;080401;16;Publiczne Gimnazjum Nr 1 67-100 Nowa Sól ul. Parafialna 6;2010;283;283;3;280;14.08;1.06;1940;694;694;29;665;35.77;4.18
50516;080401;17;Publiczna Szkoła Podstawowa Nr 1 67-100 Nowa Sól ul. Szkolna 1;1845;336;336;9;327;18.21;2.68;1823;712;712;23;689;39.06;3.23
50517;080401;18;Miejski Ośrodek Sportu i Rekreacji 67-100 Nowa Sól ul. Św. Barbary 2;1783;439;439;13;426;24.62;2.96;1737;829;829;16;813;47.73;1.93
50518;080401;19;Publiczne Przedszkole Nr 6 67-100 Nowa Sól ul. Kasprzaka 3;1800;375;375;12;363;20.83;3.20;1776;807;807;31;776;45.44;3.84
90374;080401;20;Szpital 67-100 Nowa Sól ul. Chałubińskiego 7;166;26;26;2;24;15.66;7.69;189;94;94;2;92;49.74;2.13
90375;080401;21;Areszt Śledczy 67-100 Nowa Sól ul. Żeromskiego 2;103;44;44;5;39;42.72;11.36;99;73;73;11;62;73.74;15.07
50519;080402;1;Zespół Szkół 67-115 Bytom Odrzański ul. Kościelna 9;2151;421;421;11;410;19.57;2.61;2124;978;978;36;942;46.05;3.68
50520;080402;2;Zespół Szkół 67-115 Bytom Odrzański ul. Kożuchowska 15;2196;308;308;15;293;14.03;4.87;2196;840;840;36;804;38.25;4.29
50521;080403;1;Sala Posiedzeń Urzędu Gminy Kolsko 67-415 Kolsko ul.Piastowska 12;1580;242;242;22;220;15.32;9.09;1570;614;614;51;563;39.11;8.31
50522;080403;2;Zespól Edukacyjny Konotop 67-416 Konotop Plac Powstańców Wlkp. 7;1068;157;157;10;147;14.70;6.37;1067;375;375;12;363;35.15;3.20
50523;080404;1;Szkoła Podstawowa Nr 2 67-120 Kożuchów ul. 22 Lipca 12;827;151;151;6;145;18.26;3.97;799;350;350;11;339;43.80;3.14
50524;080404;2;Zespół Szkół Ponadgimnazjalnych Nr 5 67-120 Kożuchów ul. 22 Lipca 5;1762;350;350;12;338;19.86;3.43;1726;851;851;30;821;49.30;3.53
50525;080404;3;Szkoła Podstawowa Nr 1 67-120 Kożuchów ul. Szprotawska 2;1796;266;266;3;263;14.81;1.13;1797;703;703;30;673;39.12;4.27
50526;080404;4;Kożuchowski Ośrodek Kultury i Sportu „ZAMEK” 67-120 Kożuchów ul. Klasztorna 14;1596;206;206;8;198;12.91;3.88;1594;627;627;21;606;39.34;3.35
50527;080404;5;Samorządowe Gimnazjum 67-120 Kożuchów ul. Anny Haller 1;2367;393;393;9;384;16.60;2.29;2356;1119;1119;46;1073;47.50;4.11
50528;080404;6;Dom Pomocy Społecznej 67-120 Kożuchów ul.Szprotawska 19;88;20;20;0;20;22.73;0.00;89;25;25;8;17;28.09;32.00
50529;080404;7;Świetlica Wiejska 67-120 Stypułów;816;100;100;6;94;12.25;6.00;823;269;269;8;261;32.69;2.97
50530;080404;8;Dom Aktywności Wiejskiej 67-120 Broniszów;665;74;74;3;71;11.13;4.05;661;272;272;10;262;41.15;3.68
50531;080404;9;Budynek po byłej szkole 67-120 Studzieniec;881;88;88;4;84;9.99;4.55;876;281;281;20;261;32.08;7.12
50532;080404;10;Szkoła Podstawowa 67-120 Mirocin Dolny 28;991;114;114;8;106;11.50;7.02;988;353;353;19;334;35.73;5.38
50533;080404;11;Świetlica Wiejska 67-120 Czciradz 34;1055;90;90;7;83;8.53;7.78;1041;297;297;15;282;28.53;5.05
50534;080405;1;budynek sali wiejskiej 67-100 Kiełcz ul. Odrzańska 12;1135;172;172;4;168;15.15;2.33;1119;471;471;10;461;42.09;2.12
50535;080405;2;Publiczna Szkoła Podstawowa 67-100 Przyborów ul. Szkolna 16;1033;138;138;3;135;13.36;2.17;1037;403;403;9;394;38.86;2.23
50536;080405;3;Publiczna Szkoła Podstawowa 67-100 Lubieszów 53;1419;216;216;5;211;15.22;2.31;1440;657;657;13;644;45.62;1.98
50537;080405;4;budynek sali wiejskiej 67-108 Lipiny 77;580;75;75;6;69;12.93;8.00;599;216;216;9;207;36.06;4.17
50538;080405;5;Zespół Szkół 67-108 Lubięcin 82;1276;227;227;8;219;17.79;3.52;1279;553;553;14;539;43.24;2.53
50539;080406;1;Świetlica szkolna Zespół Szkół nr 1 67-124 Nowe Miasteczko Szkolna;1232;233;233;17;216;18.91;7.30;1214;546;546;16;530;44.98;2.93
50540;080406;2;Urząd Miejski 67-124 Nowe Miasteczko Rynek 2;1105;175;175;10;165;15.84;5.71;1090;422;422;27;395;38.72;6.40
50541;080406;3;Dom Kultury 67-124 Nowe Miasteczko Kościuszki 2;803;81;81;5;76;10.09;6.17;808;264;264;18;246;32.67;6.82
50542;080406;4;Dom Strażaka w Borowie Wielkim 67-124 Borów Wielki;507;75;75;2;73;14.79;2.67;496;165;165;7;158;33.27;4.24
50543;080406;5;Dom Gościa w Miłakowie 67-124 Miłaków;256;45;45;8;37;17.58;17.78;255;81;81;9;72;31.76;11.11
50544;080406;6;Świetlica ANR w Popęszycach 67-124 Popęszyce;289;34;34;2;32;11.76;5.88;291;81;81;6;75;27.84;7.41
50545;080406;7;Świetlica wiejska w Żukowie 67-124 Żuków;199;43;43;4;39;21.61;9.30;208;89;89;7;82;42.79;7.87
50546;080407;1;Zespół Szkół 67-106 Otyń ul. Żeromskiego 3;1763;284;284;8;276;16.11;2.82;1785;712;712;29;683;39.89;4.07
50547;080407;2;Oddział Przedszkolny 67-106 Modrzyca ul. Janiny Kowalskiej 2;1387;258;258;6;252;18.60;2.33;1412;683;683;21;662;48.37;3.07
50548;080407;3;Świetlica Wiejska 67-106 Zakęcie 52;891;161;161;11;150;18.07;6.83;917;373;373;15;358;40.68;4.02
50549;080407;4;Zespół Szkól 67-106 Niedoradz ul. Markiewiczowej 7;1163;172;172;9;163;14.79;5.23;1175;466;466;28;438;39.66;6.01
50550;080408;1;Szkoła Podstawowa 67-112 Bielawy 17;920;81;81;6;75;8.80;7.41;924;269;269;16;253;29.11;5.95
50551;080408;2;Publiczne Przedszkole 67-112 Siedlisko Głogowska 37;1844;231;231;12;219;12.53;5.19;1830;737;737;33;704;40.27;4.48
50552;080501;1;Zespół Szkół w Cybince 69-108 Cybinka ul. Szkolna 15;2248;310;310;11;299;13.79;3.55;2241;861;861;46;815;38.42;5.34
50553;080501;2;Zespół Szkół w Cybince 69-108 Cybinka ul. Szkolna 15;1226;85;85;5;80;6.93;5.88;1205;298;298;13;285;24.73;4.36
50554;080501;3;Świetlica Środowiskowa w Uradzie 69-108 Urad ul. Odrzańska 11;474;50;50;4;46;10.55;8.00;480;146;146;14;132;30.42;9.59
50555;080501;4;Świetlica Środowiskowa w Rąpicach 69-108 Rąpice ul. Młyńska 1;456;47;47;3;44;10.31;6.38;444;120;120;8;112;27.03;6.67
50556;080501;5;Szkoła Podstawowa w Białkowie 69-108 Białków 72;942;130;130;6;124;13.80;4.62;963;310;310;15;295;32.19;4.84
50557;080502;1;Centrum Spotkań Polsko - Niemieckich w Górzycy 69-113 Górzyca Polna 8/ lokal: 1;1451;223;223;15;208;15.37;6.73;1469;624;624;45;579;42.48;7.21
50558;080502;2;Szkoła Podstawowa im. Kresowian w Czarnowie 69-113 Czarnów Plac Wolności 17;664;95;95;7;88;14.31;7.37;676;258;258;12;246;38.17;4.65
50559;080502;3;Niepubliczna Szkoła Podstawowa z Oddziałami Przedszkolnymi w Pamięcinie - Szkoła Filialna w Żabicach 69-113 Żabice Kostrzyńska 5;508;50;50;4;46;9.84;8.00;489;151;151;8;143;30.88;5.30
50560;080502;4;Niepubliczna Szkoła Podstawowa z Oddziałami Przedszkolnymi w Pamięcinie ze Szkołą Fiialną w Żabicach,Pamięcin 69-113 Pamięcin 29;682;74;74;6;68;10.85;8.11;670;178;178;10;168;26.57;5.62
50561;080503;1;Miejski Dom Kultury w Ośnie Lubuskim 69-220 Ośno Lubuskie ul. Rybacka 3B;1194;218;218;10;208;18.26;4.59;1191;510;510;19;491;42.82;3.73
50562;080503;2;Sala Widowiskowa Miejskiego Domu Kultury w Ośnie Lubuskim 69-220 Ośno Lubuskie ul. Bolesława Chrobrego 1;1206;219;219;20;199;18.16;9.13;1194;522;522;23;499;43.72;4.41
50563;080503;3;Gospodarstwo Nadzoru i Administrowania Zasobem WRSP w Ośnie Lubuskim 69-220 Ośno Lubuskie ul. 3 Maja 24;1897;263;263;16;247;13.86;6.08;1857;638;638;32;606;34.36;5.02
50564;080503;4;Szkoła Podstawowa w Smogórach 69-220 Smogóry 10;876;122;122;12;110;13.93;9.84;879;243;243;31;212;27.65;12.76
50565;080504;1;Szkoła Podstawowa Nr 1 w Rzepinie 69-110 Rzepin ul. Wojska Polskiego 28;1574;247;247;12;235;15.69;4.86;1574;616;616;27;589;39.14;4.38
50566;080504;2;Zespół Szkół Ogólnokształcących w Rzepinie 69-110 Rzepin ul. Wojska Polskiego 30;1587;235;235;9;226;14.81;3.83;1569;591;591;14;577;37.67;2.37
50567;080504;3;Miejski Dom Kultury w Rzepinie 69-110 Rzepin ul. Słubicka 3;1640;239;239;10;229;14.57;4.18;1585;636;636;25;611;40.13;3.93
50568;080504;4;Świetlica Remizy Ochotniczej Straży Pożarnej w Rzepinie 69-110 Rzepin ul. Ośniańska 4;1589;308;308;12;296;19.38;3.90;1616;694;694;13;681;42.95;1.87
50569;080504;5;Zespół Szkół w Kowalowie 69-110 Kowalów ul. Rzepińska 10;1447;137;137;13;124;9.47;9.49;1446;465;465;21;444;32.16;4.52
50570;080505;1;Zespół Szkół Ekonomiczno-Rolniczych w Słubicach 69 - 100 Słubice Aleja Niepodległości 23;1031;236;236;8;228;22.89;3.39;1060;529;529;8;521;49.91;1.51
50571;080505;2;Szkoła Podstawowa nr 3 w Słubicach 69-100 Słubice Kilińskiego 8;985;208;208;6;202;21.12;2.88;971;464;464;14;450;47.79;3.02
50572;080505;3;Słubicki Miejski Ośrodek Kultury w Słubicach 69 - 100 Słubice ul. 1 Maja 1;924;165;165;3;162;17.86;1.82;928;387;387;8;379;41.70;2.07
50573;080505;4;Przedszkole Samorządowe nr 1 w Słubicach 69 - 100 Słubice ul. Kopernika 62;1023;221;221;8;213;21.60;3.62;1035;453;453;18;435;43.77;3.97
50574;080505;5;Szkoła Podstawowa nr 1 w Słubicach 69-100 Słubice Wojska Polskiego 1;1095;240;240;9;231;21.92;3.75;1095;513;513;21;492;46.85;4.09
50575;080505;6;Biblioteka Publiczna Miasta i Gminy w Słubicach 69 - 100 Słubice ul. Jedności Robotniczej 18;857;175;175;5;170;20.42;2.86;894;423;423;14;409;47.32;3.31
50576;080505;7;Przedszkole Samorządowe nr 3 w Słubicach 69 - 100 Słubice ul. Podchorążych 3;882;180;180;11;169;20.41;6.11;862;394;394;8;386;45.71;2.03
50577;080505;8;Zespół Szkół Technicznych w Słubicach 69-100 Słubice Aleja Niepodległości 13;1026;198;198;6;192;19.30;3.03;1005;415;415;9;406;41.29;2.17
50578;080505;9;Przedszkole Samorządowe nr 2 69-100 Słubice Narutowicza 17;835;173;173;11;162;20.72;6.36;821;338;338;8;330;41.17;2.37
50579;080505;10;Gimnazjum nr 1 w Słubicach 69 - 100 Słubice ul. Wojska Polskiego 1;1154;252;252;7;245;21.84;2.78;1120;498;498;7;491;44.46;1.41
50580;080505;11;Żłobek Samorządowy w Słubicach 69-100 Słubice Wojska Polskiego 15a;1034;203;203;6;197;19.63;2.96;1006;512;512;18;494;50.89;3.52
50581;080505;12;Gimnazjum nr 2 w Słubicach 69 - 100 Słubice ul. Wojska Polskiego 38;1040;216;216;10;206;20.77;4.63;1070;456;456;7;449;42.62;1.54
50582;080505;13;Szkoła Podstawowa nr 2 w Słubicach 69 - 100 Słubice ul. Wojska Polskiego 38;1087;163;163;7;156;15.00;4.29;1139;510;510;12;498;44.78;2.35
50583;080505;14;Świetlica Wiejska w Drzecinie 69 - 100 Drzecin 30b;1144;101;101;2;99;8.83;1.98;1162;368;368;19;349;31.67;5.16
50584;080505;15;Świetlica Wiejska w Rybocicach 69 - 100 Rybocice 20;377;66;66;9;57;17.51;13.64;388;148;148;5;143;38.14;3.38
50585;080505;16;Szkoła Podstawowa w Kunowicach 69 - 100 Kunowice ul. Słubicka 18;773;145;145;7;138;18.76;4.83;805;418;418;14;404;51.93;3.35
90376;080505;17;Niepubliczny Zakład Opieki Zdrowotnej - Szpital Powiatowy 69-100 Słubice Nadodrzańska 6;40;8;8;0;8;20.00;0.00;40;25;25;0;25;62.50;0.00
50586;080601;1;Szkoła Podstawowa w Dobiegniewie 66-520 Dobiegniew ul.Gdańska 8;2210;329;329;14;315;14.89;4.26;2186;852;852;53;799;38.98;6.22
50587;080601;2;Zespół Szkół w Dobiegniewie 66-520 Dobiegniew ul.Poznańska 5;2142;295;295;14;281;13.77;4.75;2116;859;859;21;838;40.60;2.44
50588;080601;3;Obiekt świetlicowy w Mierzęcinie 66-520 Mierzęcin 12;414;48;48;1;47;11.59;2.08;413;157;157;8;149;38.01;5.10
50589;080601;4;Szkoła Filialna w Radęcinie 66-520 Radęcin 72;476;53;53;2;51;11.13;3.77;479;142;142;10;132;29.65;7.04
50590;080601;5;Nadleśnictwo Głusko 66-520 Głusko 19;269;42;42;1;41;15.61;2.38;259;105;105;3;102;40.54;2.86
90377;080601;6;Dom Pomocy Społecznej w Dobiegniewie 66-520 Dobiegniew Gdańska 17;49;29;29;0;29;59.18;0.00;46;37;37;3;34;80.43;8.11
50591;080602;1;Zespół Szkół im.Henryka Sienkiewicza w Drezdenku 66-530 Drezdenko ul. Portowa 1;1075;212;212;11;201;19.72;5.19;1066;484;484;18;466;45.40;3.72
50592;080602;2;Gimnazjum nr 1 w Drezdenku 66-530 Drezdenko ul. Plac Wolności 8;1517;221;221;13;208;14.57;5.88;1491;583;583;31;552;39.10;5.32
50593;080602;3;Szkoła Podstawowa nr 1 w Drezdenku 66-530 Drezdenko ul. Szkolna 11;1791;321;321;13;308;17.92;4.05;1736;751;751;25;726;43.26;3.33
50594;080602;4;Publiczne Przedszkole w Drezdenku 66-530 Drezdenko ul. Kopernika 16;1298;265;265;16;249;20.42;6.04;1266;636;636;12;624;50.24;1.89
50595;080602;5;Hala Sportowo-Rehabilitacyjna w Drezdenku 66-530 Drezdenko ul. Konopnickiej 4;1927;297;297;2;295;15.41;0.67;1906;837;837;20;817;43.91;2.39
50596;080602;6;Hala Sportowo-Rehabliitacyjna w Drezdenku 66-530 Drezdenko Konopnickiej 4;842;148;148;5;143;17.58;3.38;839;406;406;9;397;48.39;2.22
50597;080602;7;Zespół Szkół im. Henryka Sienkiewicza w Drezdenku 66-530 Drezdenko Portowa 1;397;55;55;5;50;13.85;9.09;398;128;128;3;125;32.16;2.34
50598;080602;8;Szkoła Podstawowa w Drawinach 66-530 Drawiny 62;454;65;65;4;61;14.32;6.15;437;137;137;6;131;31.35;4.38
50599;080602;9;Szkoła Podstawowa w Gościmiu 66-530 Gościm 141;1120;118;118;4;114;10.54;3.39;1129;380;380;15;365;33.66;3.95
50600;080602;10;Szkoła Podstawowa w Trzebiczu 66-530 Trzebicz Szkolna 1;1117;162;162;13;149;14.50;8.02;1122;447;447;23;424;39.84;5.15
50601;080602;11;Szkoła Podstawowa w Grotowie 66-530 Grotów 88;744;88;88;1;87;11.83;1.14;767;245;245;10;235;31.94;4.08
50602;080602;12;Szkoła Podstawowa w Niegosławiu 66-530 Niegosław 69;956;133;133;6;127;13.91;4.51;968;358;358;33;325;36.98;9.22
50603;080602;13;Sala Wiejska w miejscowości Lipno 66-530 Lipno 18a;666;67;67;6;61;10.06;8.96;665;213;213;11;202;32.03;5.16
90378;080602;14;Szatnia Szpitalna, Budynek B Powiatowego Centrum Zdrowia Sp.zo.o Szpital Powiatowy w Drezdenku, ul. Piłsudskiego 8 66-530 Drezdenko Piłsudskiego 8;78;2;2;0;2;2.56;0.00;29;16;16;2;14;55.17;12.50
50604;080603;1;Gminny Ośrodek Kultury 66-540 Stare Kurowo ul. Żymierskiego 8;1727;265;265;16;249;15.34;6.04;1709;697;697;26;671;40.78;3.73
50605;080603;2;Sala wiejska w Przynotecku 66-540 Przynotecko 40;674;76;76;8;68;11.28;10.53;668;194;194;11;183;29.04;5.67
50606;080603;3;Szkoła Podstawowa w Nowym Kurowie 66-540 Nowe Kurowo 35;385;39;39;0;39;10.13;0.00;390;122;122;7;115;31.28;5.74
50607;080603;4;Sala Wiejska w Łącznicy 66-540 Łącznica 66;565;70;70;1;69;12.39;1.43;565;197;197;7;190;34.87;3.55
50608;080604;1;Urząd Miejski w Strzelcach Krajeńskich 66-500 Strzelce Krajeńskie ul. Al.Wolności 48;1664;303;303;9;294;18.21;2.97;1643;753;753;38;715;45.83;5.05
50609;080604;2;Specjalny Ośrodek Szkolno-Wychowawczy w Strzelcach Krajeńskich 66-500 Strzelce Krajeńskie ul. Tadeusza Kościuszki 28;1924;279;279;10;269;14.50;3.58;1942;800;800;22;778;41.19;2.75
50610;080604;3;Publiczna Szkoła Podstawowa w Strzelcach Krajeńskich 66-500 Strzelce Krajeńskie ul. Ks. Jerzego Popiełuszki 31;1739;313;313;14;299;18.00;4.47;1743;814;814;18;796;46.70;2.21
50611;080604;4;Strzelecki Ośrodek Kultury w Strzelcach Krajeńskich 66-500 Strzelce Krajeńskie ul. Wojska Polskiego 7;1674;200;200;8;192;11.95;4.00;1674;571;571;21;550;34.11;3.68
50612;080604;5;Publiczne Gimnazjum w Strzelcach Krajeńskich 66-500 Strzelce Krajeńskie ul. Juliusza Słowackiego 14;1957;323;323;14;309;16.50;4.33;1890;869;869;32;837;45.98;3.68
50613;080604;6;Świetlica Wiejska w Brzozie 66-500 Brzoza 35a lokal: 2;965;87;87;4;83;9.02;4.60;968;316;316;8;308;32.64;2.53
50614;080604;7;Świetlica Wiejska w Buszowie 66-500 Buszów 47a;952;82;82;8;74;8.61;9.76;968;302;302;11;291;31.20;3.64
50615;080604;8;Publiczna Szkoła Podstawowa w Tucznie 66-510 Tuczno ul. Szkolna 1;997;48;48;2;46;4.81;4.17;1010;239;239;16;223;23.66;6.69
50616;080604;9;Publiczna Szkoła Podstawowa w Bobrówku 66-510 Bobrówko ul. Choszczańska 7;1022;142;142;5;137;13.89;3.52;1024;317;317;22;295;30.96;6.94
50617;080604;10;Świetlica Wiejska w Lipich Górach 66-510 Lipie Góry ul. Gen. Karola Świerczewskiego 13;935;91;91;6;85;9.73;6.59;907;257;257;9;248;28.34;3.50
50618;080605;1;Sala wiejska w Gościmcu 66-542 Gościmiec 94;767;55;55;0;55;7.17;0.00;782;228;228;17;211;29.16;7.46
50619;080605;2;Remiza Ochotniczej Straży Pożarnej w Górecku 66-542 Górecko 19A;297;35;35;4;31;11.78;11.43;291;91;91;12;79;31.27;13.19
50620;080605;3;Gminna Biblioteka Publiczna w Zwierzynie- Filia w Górkach Noteckich 66-542 Górki Noteckie Cmentarna 2;1071;144;144;8;136;13.45;5.56;1065;398;398;31;367;37.37;7.79
50621;080605;4;Gminny Ośrodek Kultury w Zwierzynie 66-542 Zwierzyn ul.Wojska Polskiego 6;1362;234;234;22;212;17.18;9.40;1354;558;558;24;534;41.21;4.30
50622;080701;1;Publiczne Gimnazjum w Krzeszycach 66-435 Krzeszyce ul. Skwierzyńska 4;1906;296;296;13;283;15.53;4.39;1865;812;812;40;772;43.54;4.93
50623;080701;2;Świetlica wiejska w Malcie 66-435 Malta 30;721;94;94;5;89;13.04;5.32;777;253;253;5;248;32.56;1.98
50624;080701;3;Szkoła Podstawowa w Kołczynie 66-435 Kołczyn ul. Sulęcińska 29;1119;135;135;8;127;12.06;5.93;1128;390;390;15;375;34.57;3.85
50625;080702;1;Urząd Miejski Lubniewice 69-210 Lubniewice ul. Jana Pawła II 51;1551;285;285;7;278;18.38;2.46;1581;698;698;33;665;44.15;4.73
50626;080702;2;Świetlica-Lubniewice 69-210 Lubniewice Osiedle Świerczów 3B;152;21;21;6;15;13.82;28.57;152;34;34;4;30;22.37;11.76
50627;080702;3;Świetlica Wiejska Jarnatów 69-210 Jarnatów 39A;249;33;33;3;30;13.25;9.09;237;71;71;1;70;29.96;1.41
50628;080702;4;Świetlica Glisno 69-210 Glisno 23;633;100;100;6;94;15.80;6.00;623;242;242;11;231;38.84;4.55
50629;080703;1;Urząd Gminy w Słońsku 66-436 Słońsk ul. Sikorskiego 15;1322;205;205;11;194;15.51;5.37;1336;535;535;25;510;40.04;4.67
50630;080703;2;Zespół Szkół w Słońsku 66-436 Słońsk ul. Lipowa 9;1276;191;191;9;182;14.97;4.71;1280;495;495;36;459;38.67;7.27
50631;080703;3;Budynek po byłej szkole 66-436 Lemierzyce ul. Boczna 10;699;109;109;8;101;15.59;7.34;719;254;254;17;237;35.33;6.69
50632;080703;4;Remiza Strażacka 66-436 Głuchowo ul. Lemierzycka 9a;481;54;54;9;45;11.23;16.67;479;113;113;9;104;23.59;7.96
90379;080703;5;Oddział Zewnętrzny w Słońsku 66-436 Słońsk Winna 2;330;34;34;8;26;10.30;23.53;295;102;102;18;84;34.58;17.65
50633;080704;1;Zespół Szkół Licealnych i Zawodowych im. Unii Europejskiej 69-200 Sulęcin ul. Witosa 49;949;216;216;2;214;22.76;0.93;967;487;487;8;479;50.36;1.64
50634;080704;2;Przedszkole im. Małego Przyrodnika 69-200 Sulęcin ul. Dudka 15a;909;196;196;4;192;21.56;2.04;885;409;409;7;402;46.21;1.71
50635;080704;3;Gimnazjum im. Jana Pawła II 69-200 Sulęcin Park Bankowy 7;895;208;208;10;198;23.24;4.81;868;396;396;5;391;45.62;1.26
50636;080704;4;Szkoła Podstawowa im. Polskich Olimpijczyków 69-200 Sulęcin Osiedle Kopernika 7;917;191;191;12;179;20.83;6.28;881;451;451;14;437;51.19;3.10
50637;080704;5;Przedszkole Nr 2 im. Małych Odkrywców 69-200 Sulęcin Os. Kopernika 7;918;196;196;5;191;21.35;2.55;964;485;485;14;471;50.31;2.89
50638;080704;6;Spółdzielnia Mieszkaniowa 69-200 Sulęcin Park Bankowy 1;855;199;199;6;193;23.27;3.02;847;401;401;12;389;47.34;2.99
50639;080704;7;Środowiskowy Dom Samopomocy 69-200 Sulęcin ul. Żeromskiego 71;875;160;160;5;155;18.29;3.12;873;312;312;11;301;35.74;3.53
50640;080704;8;Sala sportowa (stadion miejski) 69-200 Sulęcin ul. Moniuszki 2;878;144;144;6;138;16.40;4.17;879;299;299;7;292;34.02;2.34
50641;080704;9;Centrum Współpracy Polsko-Niemieckiej Dom Joannitów 69-200 Sulęcin ul. Młynarska 1;932;188;188;2;186;20.17;1.06;923;397;397;11;386;43.01;2.77
50642;080704;10;Klub Wiejski w Ostrowie 69-200 Ostrów 33;626;105;105;7;98;16.77;6.67;646;252;252;6;246;39.01;2.38
50643;080704;11;Wiejskie Centrum Społeczno-Kulturalne w Długoszynie 69-200 Długoszyn 11 b;945;89;89;1;88;9.42;1.12;948;295;295;18;277;31.12;6.10
50644;080704;12;Budynek byłej Szkoły Podstawowej w Żubrowie 69-200 Żubrów 16 a;686;111;111;10;101;16.18;9.01;676;238;238;7;231;35.21;2.94
50645;080704;13;Szkoła Podstawowa im. Żołnierza Polskiego w Wędrzynie 69-211 Wędrzyn Wędrzyn 1;664;181;181;9;172;27.26;4.97;660;312;312;9;303;47.27;2.88
50646;080704;14;Szkoła Podstawowa im. Polskich Strażaków w Trzemesznie Lubuskim 69-200 Trzemeszno Lubuskie ul. Poznańska 63;822;125;125;6;119;15.21;4.80;813;309;309;24;285;38.01;7.77
50647;080704;15;Świetlica Wiejska w Wielowsi 69-200 Wielowieś 12;463;50;50;2;48;10.80;4.00;455;136;136;6;130;29.89;4.41
90380;080704;16;Samodzielny Publiczny Zakład Opieki Zdrowotnej w Sulęcinie (Szpital) 69-200 Sulęcin Witosa 7;54;16;16;0;16;29.63;0.00;38;35;35;1;34;92.11;2.86
90381;080704;17;Dom Pomocy Społecznej w Tursku 69-200 Tursk 28;137;45;45;2;43;32.85;4.44;183;48;48;5;43;26.23;10.42
50648;080705;1;Szkoła Podstawowa w Torzymiu 66-235 Torzym ul. Mickiewicza 11;1365;240;240;8;232;17.58;3.33;1337;641;641;22;619;47.94;3.43
50649;080705;2;Przedszkole w Torzymiu 66-235 Torzym ul. Saperska 10;962;130;130;5;125;13.51;3.85;939;360;360;13;347;38.34;3.61
50650;080705;3;Szkoła Podstawowa w Walewicach 66-235 Walewice 25;692;61;61;3;58;8.82;4.92;678;191;191;12;179;28.17;6.28
50651;080705;4;Szkoła Podstawowa w Boczowie 66-235 Boczów ul. Generała Sikorskiego 4;1233;93;93;8;85;7.54;8.60;1227;347;347;16;331;28.28;4.61
50652;080705;5;Świetlica wiejska w Bielicach 66-235 Bielice 15;390;39;39;5;34;10.00;12.82;392;106;106;12;94;27.04;11.32
50653;080705;6;Szkoła Podstawowa w Gądkowie Wielkim 66-235 Gądków Wielki ul. Kościuszki 47;788;94;94;6;88;11.93;6.38;774;269;269;18;251;34.75;6.69
90382;080705;7;Oddział V Sala Konferencyjna 66-235 Torzym Wojska Polskiego 52;172;36;36;3;33;20.93;8.33;196;81;81;10;71;41.33;12.35
50654;080801;1;Urząd Gminy 66-218 Lubrza ul. Świebodzińska 68;1899;269;269;10;259;14.17;3.72;1909;774;774;31;743;40.54;4.01
50655;080801;2;Niepubliczna Szkoła Podstawowa 66-218 Mostki 81;896;85;85;1;84;9.49;1.18;906;307;307;19;288;33.89;6.19
50656;080802;1;Sala Posiedzeń Urzędu Gminy 66-220 Łagów ul. 1 Lutego 12;2085;420;420;18;402;20.14;4.29;2084;987;987;33;954;47.36;3.34
50657;080802;2;Samorządowa Szkoła Podstawowa 66-220 Toporów ul. Szkolna 11;1131;96;96;2;94;8.49;2.08;1144;378;378;27;351;33.04;7.14
50658;080802;3;Samorządowa Szkoła Podstawowa 66-220 Sieniawa 88a;1046;135;135;11;124;12.91;8.15;1052;354;354;29;325;33.65;8.19
50659;080803;1;Klub Zakładowy Eskulap 66-213 Cibórz 37;1164;177;177;7;170;15.21;3.95;1154;431;431;16;415;37.35;3.71
50660;080803;2;Gminna Biblioteka Publiczna 66-213 Ołobok ul. Wojciechowskiego 25;1351;261;261;6;255;19.32;2.30;1369;517;517;11;506;37.76;2.13
50661;080803;3;Sala Posiedzeń Urzędu Gminy Skąpe 66-213 Skąpe 65;1454;256;256;10;246;17.61;3.91;1455;532;532;18;514;36.56;3.38
90383;080803;4;Przychodnia Zakładowa w Ciborzu 66-213 Cibórz 7;75;37;37;3;34;49.33;8.11;96;60;60;5;55;62.50;8.33
50662;080804;1;Sala Posiedzeń Urzędu Gminy 66-225 Szczaniec;1548;254;254;18;236;16.41;7.09;1567;638;638;39;599;40.71;6.11
50663;080804;2;Sala Wiejska 66-225 Myszęcin;594;103;103;2;101;17.34;1.94;591;197;197;11;186;33.33;5.58
50664;080804;3;Szkoła Podstawowa 66-225 Smardzewo;968;126;126;3;123;13.02;2.38;967;385;385;20;365;39.81;5.19
50665;080805;1;Specjalny Ośrodek Szkolno-Wychowawczy 66-200 Świebodzin ul. Żaków 1;2328;533;533;20;513;22.90;3.75;2318;1189;1189;23;1166;51.29;1.93
50666;080805;2;Publiczne Przedszkole nr 7 66-200 Świebodzin Osiedle Widok 24;1245;234;234;1;233;18.80;0.43;1256;602;602;16;586;47.93;2.66
50667;080805;3;Publiczna Szkoła Podstawowa nr 7 66-200 Świebodzin ul. Generała Świerczewskiego 74A;1136;221;221;4;217;19.45;1.81;0;0;0;0;0;NA;-99
50668;080805;4;Publiczne Gimnazjum nr 1 66-200 Świebodzin ul. Gen. Sikorskiego 11;2324;445;445;15;430;19.15;3.37;2315;996;996;20;976;43.02;2.01
50669;080805;5;Publiczna Szkoła Podstawowa nr 2 66-200 Świebodzin ul. Park Chopina 1;2320;431;431;9;422;18.58;2.09;2271;950;950;28;922;41.83;2.95
50670;080805;6;Świebodziński Dom Kultury 66-200 Świebodzin ul. J. Piłsudskiego 39/41;1165;240;240;14;226;20.60;5.83;1123;554;554;17;537;49.33;3.07
50671;080805;7;Publiczne Przedszkole nr 5 66-200 Świebodzin Osiedle Łużyckie 30;1082;227;227;4;223;20.98;1.76;1058;517;518;17;500;48.87;3.29
50672;080805;8;Publiczne Gimnazjum nr 3 66-200 Świebodzin ul. Łużycka 33;2365;556;556;7;549;23.51;1.26;2302;1175;1175;29;1146;51.04;2.47
50673;080805;9;Publiczna Szkoła Podstawowa nr 6 66-200 Świebodzin Osiedle Łużyckie 28;1455;336;336;12;324;23.09;3.57;1412;782;782;8;774;55.38;1.02
50674;080805;10;Państwowa Szkoła Muzyczna 66-200 Świebodzin ul. Sulechowska 15;1878;458;458;4;454;24.39;0.87;1847;1050;1050;22;1028;56.85;2.10
50675;080805;11;Publiczna Szkoła Podstawowa w Gościkowie 66-200 Gościkowo 9;988;187;187;6;181;18.93;3.21;979;400;400;18;382;40.86;4.50
50676;080805;12;Świetlica Wiejska 66-200 Rusinów 39;573;46;46;1;45;8.03;2.17;560;179;179;9;170;31.96;5.03
50677;080805;13;Świetlica Wiejska 66-200 Lubinicko 63;715;84;84;1;83;11.75;1.19;719;263;263;7;256;36.58;2.66
50678;080805;14;Świetlica Wiejska 66-200 Glińsk 80a;372;76;76;5;71;20.43;6.58;375;136;136;7;129;36.27;5.15
50679;080805;15;Świetlica Wiejska 66-200 Rzeczyca 23;602;87;87;5;82;14.45;5.75;586;237;237;11;226;40.44;4.64
50680;080805;16;Świetlica Wiejska 66- 200 Jeziory 34;401;44;44;3;41;10.97;6.82;407;135;135;7;128;33.17;5.19
50681;080805;17;Świetlica Wiejska 66-200 Rosin 17;539;73;73;2;71;13.54;2.74;535;183;183;13;170;34.21;7.10
50682;080805;18;Budynek Klubu Sportowego 66-200 Chociule 10A;733;109;109;3;106;14.87;2.75;729;265;265;5;260;36.35;1.89
50683;080805;19;Świetlica Wiejska 66-200 Wilkowo 19;1388;222;222;6;216;15.99;2.70;1376;545;545;31;514;39.61;5.69
90384;080805;20;Nowy Szpital w Świebodzinie Sp. z o.o 66-200 Świebodzin Młyńska 6;28;5;5;0;5;17.86;0.00;16;2;2;0;2;12.50;0.00
50684;080806;1;Ośrodek Pomocy Społecznej 66-210 Zbąszynek ul. Długa;1357;279;279;10;269;20.56;3.58;1359;691;691;25;666;50.85;3.62
50685;080806;2;Gimnazjum 66-210 Zbąszynek ul. Plac Wolności;1366;273;273;16;257;19.99;5.86;1355;697;697;21;676;51.44;3.01
50686;080806;3;Szkoła Podstawowa 66-210 Zbąszynek ul. Sportowa;1427;335;335;19;316;23.48;5.67;1416;753;753;21;732;53.18;2.79
50687;080806;4;Centrum Kultury i Folkloru 66-210 Dąbrówka Wielkopolska ul. Piastowska;1392;221;221;5;216;15.88;2.26;1375;616;616;29;587;44.80;4.71
50688;080806;5;Sala Wiejska 66-210 Kosieczyn ul. Główna;1126;179;179;7;172;15.90;3.91;1132;407;407;24;383;35.95;5.90
50689;080901;1;Gminny Ośrodek Kultury 66-110 Babimost ul. Gagarina 21;1605;303;303;18;285;18.88;5.94;1579;779;779;39;740;49.34;5.01
50690;080901;2;Gminny Ośrodek Kultury -Hol kina „Piast” 66-110 Babimost ul. Gagarina 21;1583;281;281;7;274;17.75;2.49;1582;740;740;18;722;46.78;2.43
50691;080901;3;Świetlica Wiejska w Nowym Kramsku 66-111 Nowe Kramsko;1123;156;156;7;149;13.89;4.49;1121;461;461;10;451;41.12;2.17
50692;080901;4;Świetlica Wiejska w Podmoklach Małych 66-110 Podmokle Małe;677;116;116;9;107;17.13;7.76;694;304;304;18;286;43.80;5.92
50693;080902;1;Gminny Ośrodek Kultury 66-130 Bojadła ul. Boczna 1a;1498;211;211;6;205;14.09;2.84;1474;529;529;29;500;35.89;5.48
50694;080902;2;Szkoła Podstawowa 66-133 Klenica ul. Bolesława Chrobrego 68;919;109;109;10;99;11.86;9.17;906;331;331;27;304;36.53;8.16
50695;080902;3;Dom Pomocy Społecznej 66-130 Bełcze 19;311;45;45;8;37;14.47;17.78;293;97;97;12;85;33.11;12.37
50696;080903;1;Miejsko Gminny Ośrodek Kultury 66-016 Czerwieńsk ul. B. Chrobrego 5;1825;423;423;22;401;23.18;5.20;1810;897;897;17;880;49.56;1.90
50697;080903;2;Publiczna Szkoła Podstawowa 66-016 Czerwieńsk ul. Graniczna 5A;1633;303;303;22;281;18.55;7.26;1606;699;699;25;674;43.52;3.58
50698;080903;3;Szkoła Podstawowa 66-016 Nietków ul. J. Kasprowicza 76;1044;149;149;8;141;14.27;5.37;1055;394;394;29;365;37.35;7.36
50699;080903;4;Szkoła Podstawowa 66-016 Leśniów Wielki;779;97;97;6;91;12.45;6.19;790;276;276;12;264;34.94;4.35
50700;080903;5;Wiejski Dom Kultury 66-100 Nietkowice;1008;97;97;5;92;9.62;5.15;1000;276;276;10;266;27.60;3.62
50701;080903;6;Niepubliczna Szkoła Podstawowa 66-016 Płoty ul. Szkolna 1;987;193;193;13;180;19.55;6.74;1027;516;516;11;505;50.24;2.13
50702;080903;7;Wiejski Dom Kultury 66-016 Laski;423;96;96;5;91;22.70;5.21;412;187;187;3;184;45.39;1.60
50703;080904;1;Szkoła Podstawowa im. Kpt. Więckowskiego 66-120 Kargowa ul. Marchlewskiego 45;1902;268;268;8;260;14.09;2.99;1894;817;817;32;785;43.14;3.92
50704;080904;2;Gminne Centrum Kultury Biblioteka Publiczna im. Eugeniusza Paukszty 66-120 Kargowa ul. Słodowa 2;2019;239;239;8;231;11.84;3.35;2037;826;826;30;796;40.55;3.63
50705;080904;3;Świetlica Wiejska 66-120 Smolno Wielkie;711;100;100;3;97;14.06;3.00;697;281;281;17;264;40.32;6.05
50706;080905;1;Urząd Miejski 66-010 Nowogród Bobrzański ul.Słowackiego 11;2307;426;426;21;405;18.47;4.93;2277;961;961;26;935;42.20;2.71
50707;080905;2;Miejsko Gminny Ośrodek Kultury Sportu i Rekreacji 66-010 Nowogród Bobrzański ul.Pocztowa 7;1887;387;387;16;371;20.51;4.13;1865;826;826;24;802;44.29;2.91
50708;080905;3;Szkoła Podstawowa 66-010 Nowogród Bobrzański ul. Marcinkowskiego 2;676;116;116;4;112;17.16;3.45;682;288;288;11;277;42.23;3.82
50709;080905;4;Szkoła Podstawowa 66-010 Bogaczów ul.Szkolna 4;602;116;116;4;112;19.27;3.45;596;238;238;13;225;39.93;5.46
50710;080905;5;Szkoła Podstawowa 66-010 Drągowina ul. Lipowa 24;713;68;68;7;61;9.54;10.29;711;221;221;13;208;31.08;5.88
50711;080905;6;Szkoła Podstawowa 66-010 Niwiska ul. Akacjowa 1;1296;123;123;10;113;9.49;8.13;1303;373;373;22;351;28.63;5.90
90385;080905;7;Zakład Karny w Krzywańcu 66-010 Nowogród Bobrzański;789;172;172;30;142;21.80;17.44;693;289;289;45;244;41.70;15.57
50712;080906;1;Zespół Szkół Ponadgimnazjalnych 66-100 Sulechów ul. Piaskowa 53;2129;499;499;28;471;23.44;5.61;2053;1047;1047;31;1016;51.00;2.96
50713;080906;2;Ośrodek Pomocy Społecznej Centrum Usług Socjalnych 66-100 Sulechów ul. Kruszyna 5;1848;348;348;14;334;18.83;4.02;1810;848;848;19;829;46.85;2.24
50714;080906;3;Gimnazjum nr 2 im. Jana Pawła II 66-100 Sulechów ul. 1-go Maja 7;1849;439;439;12;427;23.74;2.73;1843;907;907;37;870;49.21;4.08
50715;080906;4;Przedszkole nr 6 66-100 Sulechów ul. Kościuszki 16;1782;438;438;21;417;24.58;4.79;1750;892;892;17;875;50.97;1.91
50716;080906;5;Biblioteka Publiczna Gminy Sulechów 66-100 Sulechów ul. Jana Pawła II 52;988;187;187;1;186;18.93;0.53;954;422;422;12;410;44.23;2.84
50717;080906;6;Przedszkole nr 7 66-100 Sulechów Osiedle Zacisze 3;1345;295;295;12;283;21.93;4.07;1308;686;686;14;672;52.45;2.04
50718;080906;7;Szkoła Podstawowa nr 1 im. gen. Józefa Bema 66-100 Sulechów ul. 31-go Stycznia 23;1718;372;372;12;360;21.65;3.23;1714;858;858;38;820;50.06;4.43
50719;080906;8;Zespół Szkół 66-100 Sulechów ul. Piaskowa 52;2123;382;382;11;371;17.99;2.88;2046;968;968;21;947;47.31;2.17
50720;080906;9;Sala Wiejska 66-111 Klępsk 33;624;82;82;3;79;13.14;3.66;608;222;222;11;211;36.51;4.95
50721;080906;10;Szkoła Podstawowa im. Leona Kruczkowskiego 66-131 Cigacice Plac Szkolny 10;1193;194;194;7;187;16.26;3.61;1171;500;500;27;473;42.70;5.40
50722;080906;11;Szkoła Podstawowa 66-100 Buków 53;691;96;96;4;92;13.89;4.17;691;248;248;28;220;35.89;11.29
50723;080906;12;Szkoła Podstawowa 66-100 Kije 141A;1101;121;121;0;121;10.99;0.00;1070;382;382;14;368;35.70;3.66
50724;080906;13;Urząd Miejski Sulechów 66-100 Sulechów Plac Ratuszowy 6;1162;240;240;10;230;20.65;4.17;1186;640;640;18;622;53.96;2.81
50725;080906;14;Szkoła Podstawowa 66-100 Kalsk 65;1310;235;235;3;232;17.94;1.28;1353;643;643;26;617;47.52;4.04
50726;080906;15;Gimnazjum w Pomorsku 66-105 Pomorsko ul. Bolesława Chrobrego 51;1092;116;116;2;114;10.62;1.72;1082;336;336;12;324;31.05;3.57
90386;080906;16;Samodzielny Publiczny Zakład Opieki Zdrowotnej w Sulechowie 66-100 Sulechów Zwycięstwa 1;100;33;33;4;29;33.00;12.12;94;57;57;1;56;60.64;1.75
50727;080907;1;Gminny Ośrodek Kultury 66-008 Świdnica ul. Ogrodowa 37;1639;309;309;9;300;18.85;2.91;1667;850;850;25;825;50.99;2.94
50728;080907;2;Sala Wiejska 66-008 Słone ul. Słoneczna 42;1167;225;225;12;213;19.28;5.33;1202;643;643;17;626;53.49;2.64
50729;080907;3;Sala Wiejska 66-008 Letnica 10;1268;196;197;9;187;15.46;4.59;1277;528;528;25;503;41.35;4.73
50730;080907;4;Sala Wiejska 66-008 Wilkanowo Szkolna 3;947;316;316;11;305;33.37;3.48;955;564;564;8;556;59.06;1.42
50731;080908;1;Sala gimnastyczna w Trzebiechowie 66-132 Trzebiechów ul. Parkowa 3;1159;202;202;4;198;17.43;1.98;1177;438;438;32;406;37.21;7.31
50732;080908;2;Dom Pomocy Społecznej w Trzebiechowie 66-132 Trzebiechów ul.Sulechowska 1;49;12;12;0;12;24.49;0.00;35;16;16;1;15;45.71;6.25
50733;080908;3;Świetlica wiejska w Głuchowie 66-132 Głuchów;468;61;61;13;48;13.03;21.31;480;145;145;16;129;30.21;11.03
50734;080908;4;Świetlica wiejska w Podlegórzu 66-132 Podlegórz;447;51;51;6;45;11.41;11.76;451;168;168;10;158;37.25;5.95
50735;080908;5;Świetlica wiejska w Swarzynicach 66-132 Swarzynice;482;44;44;1;43;9.13;2.27;469;142;142;6;136;30.28;4.23
50736;080909;1;Urząd Gminy Zabór 66-003 Zabór ul. Lipowa 15;1741;289;289;14;275;16.60;4.84;1750;692;692;42;650;39.54;6.07
50737;080909;2;Świetlica wiejska 66-003 Przytok Kisielińska 12;591;123;123;2;121;20.81;1.63;594;305;305;12;293;51.35;3.93
50738;080909;3;Budynek Centrum Kultury Wiejskiej 66-003 Droszków ul. Dębowa 6;766;192;192;14;178;25.07;7.29;822;459;459;14;445;55.84;3.05
50747;081001;1;Gimnazjum Publiczne 68-130 Gozdnica ul. Wojska Polskiego 5;920;122;122;4;118;13.26;3.28;906;260;260;16;244;28.70;6.15
50748;081001;2;Urząd Miejski 68-130 Gozdnica ul. Świerczewskiego 2;919;96;96;3;93;10.45;3.12;899;276;276;10;266;30.70;3.62
50749;081001;3;Dom Kultury 68-130 Gozdnica ul. Świerczewskiego 25;878;115;115;5;110;13.10;4.35;852;252;252;12;240;29.58;4.76
50750;081002;1;Ośrodek Pomocy Społecznej 68-100 Żagań Pstrowskiego 3;2366;382;382;14;368;16.15;3.66;2296;970;970;43;927;42.25;4.43
50751;081002;2;Zespół Szkół Nr 1 - sala lekcyjna nr 01 68-100 Żagań Żarska 1;1246;267;267;10;257;21.43;3.75;1205;587;587;16;571;48.71;2.73
50752;081002;3;Zespół Szkół Nr 1- stołówka 68-100 Żagań Żarska 1;2022;390;390;13;377;19.29;3.33;1995;852;852;16;836;42.71;1.88
50753;081002;4;Zespół Szkół Nr 1 - sala nr 27 68-100 Żagań Żarska 1;1794;353;353;9;344;19.68;2.55;1736;858;858;16;842;49.42;1.86
50754;081002;5;Liceum Ogólnokształcące 68-100 Żagań Pl. Orląt Lwowskich 4;1671;315;315;2;313;18.85;0.63;1651;719;719;19;700;43.55;2.64
50755;081002;6;Publiczna Szkoła Podstawowa nr 4 68-100 Żagań Wesoła 38;714;106;106;2;104;14.85;1.89;709;292;292;9;283;41.18;3.08
50756;081002;7;Zakład Gospodarki Mieszkaniowej /świetlica/ 68-100 Żagań Miodowa 23;2120;402;402;14;388;18.96;3.48;2122;1023;1023;18;1005;48.21;1.76
50757;081002;8;Centrum Kultury 68-100 Żagań Jana Pawła II 7;1324;282;282;13;269;21.30;4.61;1284;572;572;8;564;44.55;1.40
50758;081002;9;Miejskie przedszkole Nr 3 68-100 Żagań X lecia PL 24;852;145;145;2;143;17.02;1.38;838;367;367;14;353;43.79;3.81
50759;081002;10;Zespół Szkół Nr 2, sala 112 68-100 Żagań Nocznickiego 18;2274;556;556;19;537;24.45;3.42;2228;1134;1134;23;1111;50.90;2.03
50760;081002;11;Miejska Biblioteka Publiczna- sala nr 176( Oddział dla Dzieci i Młodzieży) 68-100 Żagań Szprotawska 4;1797;362;362;16;346;20.14;4.42;1765;731;731;23;708;41.42;3.15
50761;081002;12;Pałac Książęcy- sala nr 171 68-100 Żagań Szprotawska 4;1620;360;360;11;349;22.22;3.06;1600;746;746;15;731;46.62;2.01
50762;081002;13;Publiczna Szkoła Podstawowa Nr 3 68-100 Żagań Szkolna 42;1232;228;228;4;224;18.51;1.75;1210;526;526;12;514;43.47;2.28
90387;081002;14;105 SZPITAL WOJSKOWY SP ZOZ Filia w Żaganiu 68-100 Żagań Żelazna 1A;15;5;5;0;5;33.33;0.00;75;37;37;0;37;49.33;0.00
50763;081003;1;Zespół Szkół 68-113 Brzeźnica ul.Zielonogórska 26;1069;232;232;14;218;21.70;6.03;1061;453;453;36;417;42.70;7.95
50764;081003;2;Szkoła Podstawowa 68-113 Chotków ul.Przemysłowa 1;865;111;111;2;109;12.83;1.80;855;289;289;10;279;33.80;3.46
50765;081003;3;Szkoła Podstawowa 68-113 Wichów 24;576;94;94;1;93;16.32;1.06;578;223;223;7;216;38.58;3.14
50766;081003;4;Świetlica Wiejska 68-113 Jabłonów ul.Żagańska ,;495;113;113;6;107;22.83;5.31;498;192;192;10;182;38.55;5.21
50767;081004;1;Hala Sportowa 68-120 Iłowa ul.Piaskowa 2b;1063;200;200;4;196;18.81;2.00;1057;441;441;10;431;41.72;2.27
50768;081004;2;Gminne Centrum Kultury i Sportu w Iłowej 68-120 Iłowa ul. Żagańska 15;1093;193;193;5;188;17.66;2.59;1079;424;424;20;404;39.30;4.72
50769;081004;3;Zespół Szkół Ponadgimnazjalnych 68-120 Iłowa ul.Pałacowa 1;1102;229;229;3;226;20.78;1.31;1097;448;448;14;434;40.84;3.12
50770;081004;4;Szkoła Podstawowa im. Lotników Alianckich 68-120 Iłowa ul. Kolejowa 11;1202;123;123;3;120;10.23;2.44;1198;323;323;21;302;26.96;6.50
50771;081004;5;Świetlica wiejska 68-120 Konin Żagański 29a;553;86;86;9;77;15.55;10.47;553;193;193;19;174;34.90;9.84
50772;081004;6;Szkoła Podstawowa 68-120 Szczepanów 39a;676;65;65;6;59;9.62;9.23;685;205;205;15;190;29.93;7.32
50773;081005;1;Małomicki Ośrodek Kultury 67-320 Małomice Szkolna 1;1880;217;217;13;204;11.54;5.99;1909;620;620;42;578;32.48;6.77
50774;081005;2;Publiczna Szkoła Podstawowa 67-320 Małomice Plac Tysiąclecia 3;1544;198;198;8;190;12.82;4.04;1501;583;583;29;554;38.84;4.97
50775;081005;3;Publiczna Szkoła Podstawowa w Chichach 67-320 Chichy 52;957;153;153;11;142;15.99;7.19;944;415;415;24;391;43.96;5.78
50776;081006;1;Sala w Urzędzie Gminy 67-312 Niegosławice 55;1206;184;184;6;178;15.26;3.26;1209;473;473;28;445;39.12;5.92
50777;081006;2;Szkoła Podstawowa 67-312 Gościeszowice 82;998;80;80;4;76;8.02;5.00;982;310;310;14;296;31.57;4.52
50778;081006;3;Gimnazjum 67-312 Przecław 83;1424;192;192;6;186;13.48;3.12;1417;532;532;43;489;37.54;8.08
50779;081007;1;Zespół Szkół w Szprotawie 67-300 Szprotawa ul. Sobieskiego 58;2011;264;264;16;248;13.13;6.06;1982;765;765;28;737;38.60;3.66
50780;081007;2;Spółdzielnia Mieszkaniowa w Szprotawie 67-300 Szprotawa Osiedle Słoneczne 16;1650;341;341;12;329;20.67;3.52;1582;733;733;19;714;46.33;2.59
50781;081007;3;Szprotawski Dom Kultury w Szprotawie 67-300 Szprotawa Mickiewicza 1;1602;261;261;9;252;16.29;3.45;1611;633;633;19;614;39.29;3.00
50782;081007;4;Przedszkole Komunalne nr 2 w Szprotawie 67-300 Szprotawa ul. Parkowa 4a;2017;348;348;10;338;17.25;2.87;1988;878;878;22;856;44.16;2.51
50783;081007;5;Przedszkole Komunalne Nr 3 w Szprotawie 67-300 Szprotawa ul. Waszyngtona 5;1694;311;311;10;301;18.36;3.22;1634;643;643;43;600;39.35;6.69
50784;081007;6;Szprotawskie Wodociągi i Kanalizacja w Szprotawie 67-300 Szprotawa ul. Chrobrego 1;1523;260;260;10;250;17.07;3.85;1477;616;616;30;586;41.71;4.87
50785;081007;7;Szkoła Podstawowa w Wiechlicach Filia w Siecieborzycach 67-320 Siecieborzyce;743;77;77;2;75;10.36;2.60;729;245;245;13;232;33.61;5.31
50786;081007;8;Szkoła Podstawowa w Wiechlicach Filia w Długiem 67-312 Długie;752;94;94;5;89;12.50;5.32;724;239;239;9;230;33.01;3.77
50787;081007;9;Sala wiejska w Witkowie 67-320 Witków;626;98;98;2;96;15.65;2.04;630;219;219;9;210;34.76;4.11
50788;081007;10;Zespół Szkół nr 1 w Szprotawie 67-300 Szprotawa ul. Kopernika 22;1188;85;85;2;83;7.15;2.35;1155;364;364;7;357;31.52;1.92
50789;081007;11;Szkoła Podstawowa w Wiechlicach 67-300 Wiechlice ul. Brzozowa 17;1741;222;222;12;210;12.75;5.41;1759;627;627;30;597;35.65;4.78
50790;081007;12;Szkoła Podstawowa w Wiechlicach Filia w Lesznie Górnym 67-321 Leszno Górne Szkolna 2a;1636;226;226;18;208;13.81;7.96;1594;577;577;24;553;36.20;4.16
90388;081007;13;Nowy Szpital w Szprotawie Sp. z o.o. 67-300 Szprotawa Henrykowska 1;29;0;0;0;0;0.00;NA;38;5;5;1;4;13.16;20.00
50791;081008;1;Gminny Ośrodek Kultury i Biblioteki 68-131 Wymiarki Księcia Witolda 7;1213;133;133;4;129;10.96;3.01;1185;402;402;21;381;33.92;5.22
50792;081008;2;Świetlica wiejska 68-131 Witoszyn II Armii WP 8;736;91;91;9;82;12.36;9.89;708;224;224;9;215;31.64;4.02
50793;081009;1;Szkoła Podstawowa 68-100 Bożnów 69;729;110;110;5;105;15.09;4.55;746;304;304;8;296;40.75;2.63
50794;081009;2;Szkoła Podstawowa 68-100 Bukowina Bobrzańska 45;576;80;80;3;77;13.89;3.75;576;208;208;8;200;36.11;3.85
50795;081009;3;Szkoła Podstawowa 68-111 Dzietrzychowice 75;1048;137;137;4;133;13.07;2.92;1063;377;377;10;367;35.47;2.65
50796;081009;4;Szkoła Podstawowa 68-114 Jelenin 69a;541;89;89;4;85;16.45;4.49;544;172;172;12;160;31.62;6.98
50797;081009;5;Szkoła Podstawowa 68-111 Miodnica 54;692;69;69;4;65;9.97;5.80;697;240;240;12;228;34.43;5.00
50798;081009;6;Szkoła Podstawowa 67-320 Trzebów 28;777;106;106;2;104;13.64;1.89;787;246;246;5;241;31.26;2.03
50799;081009;7;Szkoła Podstawowa 68-114 Tomaszowo ul. Leśna 1;1224;180;181;8;172;14.71;4.44;1240;499;499;22;477;40.24;4.41
50800;081101;1;Gimnazjum 68-208 Łęknica ul. Wojska Polskiego 19;1076;177;177;11;166;16.45;6.21;1047;394;394;10;384;37.63;2.54
50801;081101;2;Urząd Miejski 68-208 Łęknica ul.Żurawska 1;934;153;153;4;149;16.38;2.61;920;325;325;11;314;35.33;3.38
50802;081102;1;Gimnazjum nr 1 68-200 Żary ul. Staszica 16;1803;421;421;5;416;23.35;1.19;1799;927;927;26;901;51.53;2.80
50803;081102;2;Środowiskowy Dom Samopomocy 68-200 Żary ul. Bohaterów Getta 19;1727;319;319;6;313;18.47;1.88;1681;725;725;17;708;43.13;2.34
50804;081102;3;Miejskie Przedszkole nr 7 68-200 Żary ul. Szymanowskiego 2;1442;336;336;7;329;23.30;2.08;1397;670;670;9;661;47.96;1.34
50805;081102;4;Szkoła Podstawowa nr 1 wejście od ul. Chopina 68-200 Żary ul. Karola Szymanowskiego 8;1291;275;275;5;270;21.30;1.82;1248;554;554;18;536;44.39;3.25
50806;081102;5;Świetlica Spółdzielni Mieszkaniowej 68-200 Żary ul. Henryka Wieniawskiego 1;1866;448;448;21;427;24.01;4.69;1851;955;955;26;929;51.59;2.72
50807;081102;6;Szkoła Podstawowa nr 1 wejście od ul. Szymanowskiego 68-200 Żary ul. Karola Szymanowskiego 8;1909;277;277;14;263;14.51;5.05;1844;751;751;15;736;40.73;2.00
50808;081102;7;Gimnazjum nr 2 68-200 Żary ul.Broni Pancernej 8;1574;319;319;10;309;20.27;3.13;1576;623;623;23;600;39.53;3.69
50809;081102;8;Liceum Ogólnokształcące 68-200 Żary ul.Podwale 16;1458;335;335;9;326;22.98;2.69;1401;622;622;14;608;44.40;2.25
50810;081102;9;Miejskie Przedszkole nr 3 68-200 Żary ul.11 Listopada 22;1204;306;306;7;299;25.42;2.29;1181;576;576;10;566;48.77;1.74
50811;081102;10;Szkoła Podstawowa nr 8 68-200 Żary ul.Partyzantów 9;1346;343;343;15;328;25.48;4.37;1318;667;667;7;660;50.61;1.05
50812;081102;11;Lokal gastronomiczny 68-200 Żary ul. Zawiszy Czarnego 19;1383;269;269;6;263;19.45;2.23;1168;679;679;25;654;58.13;3.68
50813;081102;12;Miejskie Przedszkole nr 8 68-200 Żary ul.Górnośląska 28;1094;217;217;8;209;19.84;3.69;1032;423;423;14;409;40.99;3.31
50814;081102;13;Szkoła Podstawowa nr 5 budynek A 68-200 Żary ul. Częstochowska 3;1464;378;378;7;371;25.82;1.85;1424;719;719;15;704;50.49;2.09
50815;081102;14;Zespół Szkół Budowlanych 68-200 Żary ul.Górnośląska 2;1493;272;272;7;265;18.22;2.57;1463;600;600;19;581;41.01;3.17
50816;081102;15;Szkoła Podstawowa nr 5 budynek B 68 -200 Żary ul. Częstochowska 3;1544;305;305;15;290;19.75;4.92;1493;720;720;21;699;48.23;2.92
50817;081102;16;Gimnazjum nr 3 68-200 Żary ul. Okrzei 19;1646;261;261;8;253;15.86;3.07;1598;609;609;17;592;38.11;2.79
50818;081102;17;Szkoła Podstawowa nr 2 68-200 Żary ul.Witosa 25;1520;250;250;14;236;16.45;5.60;1513;614;614;16;598;40.58;2.61
50819;081102;18;Świetlica POD „Związkowiec” 68-200 Żary ul. Tatrzańska 11A;1217;312;312;13;299;25.64;4.17;1185;621;621;11;610;52.41;1.77
50820;081102;19;Szkoła Podstawowa nr 8 68-200 Żary ul. Partyzantów 9;1484;407;407;16;391;27.43;3.93;1473;803;803;13;790;54.51;1.62
50821;081102;20;Zespół Szkół 68-200 Żary ul.Gen. Pułaskiego 4;1230;231;231;9;222;18.78;3.90;1223;564;564;11;553;46.12;1.95
50822;081102;21;Filia Żarskiego Domu Kultury 68 - 200 Żary ul. Grunwaldzka 3;1290;205;205;10;195;15.89;4.88;1278;493;493;18;475;38.58;3.65
90389;081102;22;105 Szpital Wojskowy -Samodzielny Publiczny Zakład Opieki Zdrowotnej z Przychodnią w Żarach 68-200 Żary Domańskiego 2;73;22;22;2;20;30.14;9.09;35;35;35;2;33;100.00;5.71
90390;081102;23;Niepubliczny Zakład Opieki Zdrowotnej „Szpital na Wyspie” w Żarach 68-200 Żary Pszenna 2;41;19;19;1;18;46.34;5.26;27;27;27;1;26;100.00;3.70
50823;081103;1;Urząd Gminy Brody 68-343 Brody Rynek 2;1058;135;135;4;131;12.76;2.96;1040;336;336;22;314;32.31;6.55
50824;081103;2;Gminna Biblioteka Publiczna w Brodach 68-343 Brody Kilińskiego 9;1040;91;91;2;89;8.75;2.20;1018;276;276;24;252;27.11;8.70
50825;081103;3;Filia Gminnej Biblioteki Publicznej w Bieczu 68-343 Biecz 82;655;41;41;2;39;6.26;4.88;658;171;171;10;161;25.99;5.85
50826;081104;1;Miejsko Gminny Ośrodek Kultury 68-320 Jasień Plac Armii Krajowej 1;2156;389;389;32;357;18.04;8.23;2124;859;859;41;818;40.44;4.77
50827;081104;2;Przedszkole Samorządowe 68-320 Jasień ul. Ogrodowa 9;1896;275;275;10;265;14.50;3.64;1857;637;637;19;618;34.30;2.98
50828;081104;3;Szkoła Podstawowa Wicina 68-320 Wicina 15;774;75;75;1;74;9.69;1.33;761;230;230;13;217;30.22;5.65
50829;081104;4;Szkoła Podstawowa Golin 68-320 Golin 1;947;91;91;1;90;9.61;1.10;951;283;283;18;265;29.76;6.36
50830;081105;1;Zespół Szkolno-Przedszkolny 68-213 Lipinki Łużyckie ul. Szkolna 7;1152;162;162;7;155;14.06;4.32;1146;449;449;12;437;39.18;2.67
50831;081105;2;Gminna Biblioteka Publiczna 68-213 Lipinki Łużyckie;740;136;136;8;128;18.38;5.88;721;283;283;8;275;39.25;2.83
50832;081105;3;Świetlica Wiejska 68-213 Grotów;310;31;31;2;29;10.00;6.45;312;96;96;4;92;30.77;4.17
50833;081105;4;Świetlica wiejska 68-213 Pietrzyków;396;52;52;6;46;13.13;11.54;400;110;110;11;99;27.50;10.00
50834;081106;1;Urząd Miejski w Lubsku (Ratusz) 68-300 Lubsko ul. Plac Wolności 1;2069;275;275;22;253;13.29;8.00;2042;743;743;32;711;36.39;4.31
50835;081106;2;Szkoła Podstawowa Nr 2 68-300 Lubsko ul. Aleja Niepodległości 2;1180;162;162;5;157;13.73;3.09;1159;386;386;13;373;33.30;3.37
50836;081106;3;Przedszkole Nr 1 68-300 Lubsko ul. Kolejowa 2;2085;402;402;16;386;19.28;3.98;2076;884;884;29;855;42.58;3.28
50837;081106;4;Zespół Szkół Technicznych 68-300 Lubsko ul. Powstańców Wielkopolskich 2;1159;199;199;11;188;17.17;5.53;1153;429;429;19;410;37.21;4.43
50838;081106;5;Szkoła Podstawowa Nr 1 68-300 Lubsko ul. Strzelecka 1;1262;254;254;5;249;20.13;1.97;1233;532;532;11;521;43.15;2.07
50839;081106;6;Gimnazjum Nr 1 68-300 Lubsko ul. Bohaterów 6;1817;331;331;13;318;18.22;3.93;1781;740;740;23;717;41.55;3.11
50840;081106;7;Lubski Dom Kultury 68-300 Lubsko ul. Plac Jana Pawła II 1;1872;377;377;15;362;20.14;3.98;1832;778;778;22;756;42.47;2.83
50841;081106;8;Świetlica wiejska 68-300 Mierków 49;965;130;130;6;124;13.47;4.62;945;328;328;16;312;34.71;4.88
50842;081106;9;Szkoła Podstawowa 68-300 Górzyn 1;1716;223;223;14;209;13.00;6.28;1733;496;496;28;468;28.62;5.65
50843;081106;10;OSP 68-300 Stara Woda 29;968;112;112;8;104;11.57;7.14;977;368;368;16;352;37.67;4.35
50844;081106;11;Dom Pomocy Społecznej 68-300 Lubsko ul. Zamkowa 27;135;29;29;2;27;21.48;6.90;122;24;24;5;19;19.67;20.83
90391;081106;12;Areszt Śledczy 68-300 Lubsko Nowa 2;74;35;35;2;33;47.30;5.71;73;58;58;6;52;79.45;10.34
90392;081106;13;Powiatowe Centrum Usługowe Sp. z o.o. NZOZ „Szpital na Wyspie” Zakład Pielęgnacyjno-Opiekuńczy 68-300 Lubsko Poznańska 2;49;5;5;0;5;10.20;0.00;21;0;0;0;0;0.00;-99
50845;081107;1;Szkoła Podstawowa 68-132 Lipna 103;677;101;101;6;95;14.92;5.94;675;312;312;14;298;46.22;4.49
50846;081107;2;Szkoła Podstawowa 68-132 Przewóz ul. Świerczewskiego 5;1056;154;154;11;143;14.58;7.14;1039;387;387;21;366;37.25;5.43
50847;081107;3;Świetlica Wiejska 68-132 Piotrów 49A;831;112;112;10;102;13.48;8.93;840;260;260;7;253;30.95;2.69
50848;081108;1;Zespół Szkół 68-212 Trzebiel ul. Szkolna 5;1710;204;204;16;188;11.93;7.84;1708;635;635;21;614;37.18;3.31
50849;081108;2;Świetlica wiejska 68-212 Dębinka;389;53;53;5;48;13.62;9.43;377;117;117;8;109;31.03;6.84
50850;081108;3;Szkoła Podstawowa 68-210 Niwica 17;945;92;92;10;82;9.74;10.87;949;269;269;22;247;28.35;8.18
50851;081108;4;Szkoła Podstawowa 68-210 Nowe Czaple ul. Kopalniana;958;135;135;17;118;14.09;12.59;938;328;328;20;308;34.97;6.10
50852;081108;5;Szkoła Podstawowa 68-210 Żarki Wielkie ul. Kościelna 25;614;100;100;10;90;16.29;10.00;617;262;262;12;250;42.46;4.58
50853;081109;1;Szkoła 68-219 Tuplice Daszyńskiego 1;1930;260;260;15;245;13.47;5.77;1947;681;681;17;664;34.98;2.50
50854;081109;2;Budynek po byłej szkole 68-300 Drzeniów 22;657;88;88;6;82;13.39;6.82;658;179;179;17;162;27.20;9.50
50855;081110;1;Remiza Strażacka 68-200 Bieniów Górna 26;1123;167;167;7;160;14.87;4.19;1112;393;393;20;373;35.34;5.09
50856;081110;2;Szkoła Podstawowa 68-200 Lubanice 20;1132;192;192;13;179;16.96;6.77;1116;428;428;19;409;38.35;4.44
50857;081110;3;Świetlica Wiejska 68-206 Mirostowice Dolne Plac Kościelny 19;1519;245;245;12;233;16.13;4.90;1485;551;551;17;534;37.10;3.09
50858;081110;4;Szkoła Podstawowa 68-200 Olbrachtów 40;1804;226;226;9;217;12.53;3.98;1846;636;636;15;621;34.45;2.36
50859;081110;5;Szkoła Podstawowa 68-213 Sieniawa Żarska 40;890;149;149;9;140;16.74;6.04;893;340;340;12;328;38.07;3.53
50860;081110;6;Szkoła Podstawowa 68-200 Złotnik 14;1444;168;168;6;162;11.63;3.57;1453;493;493;11;482;33.93;2.23
50861;081110;7;Świetlica Wiejska 68-200 Marszów 35;894;156;156;2;154;17.45;1.28;898;323;323;11;312;35.97;3.41
50862;081110;8;Gimnazjum 68-200 Grabik 102;745;151;151;4;147;20.27;2.65;780;360;360;12;348;46.15;3.33
50863;081201;1;Gimnazjum im Ludwika Stępczaka 67-410 Sława ul. Odrodzonego Wojska Polskiego 16;2182;463;463;17;446;21.22;3.67;2159;1107;1108;31;1076;51.27;2.80
50864;081201;2;Dom Kultury 67-410 Sława ul. Głogowska 5;1243;225;225;7;218;18.10;3.11;1267;561;561;21;540;44.28;3.74
50865;081201;3;Świetlica Wiejska w Lubogoszczy 67-410 Lubogoszcz Bursztynowa 6;504;92;92;2;90;18.25;2.17;514;225;225;3;222;43.77;1.33
50866;081201;4;Sala Wiejska 67-410 Stare Strącze 191;1191;111;111;3;108;9.32;2.70;1185;327;327;30;297;27.59;9.17
50867;081201;5;Wiejski Dom Kultury 67-410 Krzepielów 139;567;59;59;6;53;10.41;10.17;562;209;209;9;200;37.19;4.31
50868;081201;6;Dom Kultury 67-410 Ciosaniec 19;777;105;105;7;98;13.51;6.67;795;304;304;13;291;38.24;4.28
50869;081201;7;Świetlica Wiejska 67-410 Łupice Szkolna 10;756;67;67;0;67;8.86;0.00;747;221;221;8;213;29.59;3.62
50870;081201;8;Sala Wiejska 67-410 Lipinki 53;515;71;71;3;68;13.79;4.23;510;172;172;6;166;33.73;3.49
50871;081201;9;Wiejski Dom Kultury 67-410 Śmieszkowo 20;675;93;93;4;89;13.78;4.30;695;289;289;16;273;41.58;5.54
50872;081201;10;Sala Wiejska 67-410 Krążkowo 94;394;43;43;1;42;10.91;2.33;389;123;123;3;120;31.62;2.44
50873;081201;11;Świetlica Wiejska 67-410 Przybyszów 65a;337;28;28;1;27;8.31;3.57;337;113;113;9;104;33.53;7.96
50874;081201;12;Sala Wiejska 67-410 Kuźnica Głogowska 1B;686;150;150;2;148;21.87;1.33;709;342;342;11;331;48.24;3.22
50875;081202;1;Świetlica Miejska 67-407 Szlichtyngowa Głogowska 1;1070;241;241;9;232;22.52;3.73;1052;522;522;30;492;49.62;5.75
50876;081202;2;Szkoła Podstawowa 67-407 Stare Drzewce 55;1149;144;144;3;141;12.53;2.08;1136;415;415;18;397;36.53;4.34
50877;081202;3;Szkoła Podstawowa 67-407 Jędrzychowice;717;84;84;10;74;11.72;11.90;730;233;233;23;210;31.92;9.87
50878;081202;4;Szkoła Podstawowa im. Jana Pawła II 67-407 Szlichtyngowa Daszyńskiego 16;1073;105;105;10;95;9.79;9.52;1067;413;413;24;389;38.71;5.81
50879;081203;1;Szkoła Podstawowa Nr 1 67-400 Wschowa ul. K. Wielkiego 10;1670;284;284;17;267;17.01;5.99;1645;687;687;13;674;41.76;1.89
50880;081203;2;Klub Seniora 67-400 Wschowa ul. Łazienna 6;1788;319;319;16;303;17.84;5.02;1758;705;705;34;671;40.10;4.82
50881;081203;3;Gimnazjum Nr 1 67-400 Wschowa ul. Kopernika 7;1518;243;243;10;233;16.01;4.12;1477;616;616;23;593;41.71;3.73
50882;081203;4;Centrum Kultury i Rekreacji 67-400 Wschowa ul. Niepodległości 1;1899;332;332;6;326;17.48;1.81;1853;829;829;29;800;44.74;3.50
50883;081203;5;Szkoła Podstawowa Nr 2 67-400 Wschowa ul. Wolsztyńska 4;1763;373;373;13;360;21.16;3.49;1742;801;801;19;782;45.98;2.37
50884;081203;6;Przedszkole Samorządowe Nr 5 67-400 Wschowa ul. Targowa 8;944;192;192;6;186;20.34;3.12;951;475;475;12;463;49.95;2.53
50885;081203;7;Gimnazjum Nr 2 67-400 Wschowa ul. Zacisze Nr 1;1660;301;301;15;286;18.13;4.98;1619;769;769;24;745;47.50;3.12
50886;081203;8;Sala Wiejska 67-400 Przyczyna Górna;641;102;102;1;101;15.91;0.98;633;253;253;8;245;39.97;3.16
50887;081203;9;Szkoła Podstawowa 67-400 Łysiny 2;814;111;111;5;106;13.64;4.50;816;323;323;10;313;39.58;3.10
50888;081203;10;Sala Wiejska 67-400 Hetmanice;809;82;82;4;78;10.14;4.88;815;309;309;12;297;37.91;3.88
50889;081203;11;Szkoła Podstawowa 67-400 Osowa Sień 45;851;81;81;7;74;9.52;8.64;842;298;298;20;278;35.39;6.71
50890;081203;12;Centrum Animacji Kultury 67-400 Dębowa Łęka 18;511;75;75;3;72;14.68;4.00;502;208;208;9;199;41.43;4.33
50891;081203;13;Sala Wiejska 67-400 Przyczyna Dolna;728;99;99;3;96;13.60;3.03;739;301;301;8;293;40.73;2.66
50892;081203;14;Szkoła Podstawowa 67-400 Siedlnica 133;683;89;89;6;83;13.03;6.74;662;261;261;8;253;39.43;3.07
50893;081203;15;Sala Wiejska 67-400 Konradowo;846;60;60;3;57;7.09;5.00;836;254;254;15;239;30.38;5.91
90393;081203;16;Nowy Szpital Sp. z o.o. 67-400 Wschowa ul. Księdza Kostki 33;79;23;23;2;21;29.11;8.70;82;24;24;3;21;29.27;12.50
50894;086101;1;Dom Strażaka 66-400 Gorzów Wielkopolski ul.Strażacka 36;1233;278;278;9;269;22.55;3.24;1232;624;624;14;610;50.65;2.24
50895;086101;2;Zespół Szkół Ogrodniczych 66-400 Gorzów Wielkopolski ul.Poznańska 23;1360;325;325;9;316;23.90;2.77;1437;765;765;26;739;53.24;3.40
50896;086101;3;Szkoła Podstawowa Nr 4 66-400 Gorzów Wielkopolski ul. Kobylogórska 110;1227;258;258;8;250;21.03;3.10;1228;638;638;14;624;51.95;2.19
50897;086101;4;Przedszkole Miejskie nr 4 66-400 Gorzów Wielkopolski ul. Kobylogórska 107;1395;237;237;6;231;16.99;2.53;1371;596;596;16;580;43.47;2.68
50898;086101;5;Miejskie Centrum Kultury „Zawarcie” 66-400 Gorzów Wielkopolski ul. Wawrzyniaka 65;1367;240;240;15;225;17.56;6.25;1328;586;586;9;577;44.13;1.54
50899;086101;6;Gimnazjum nr 4 66-400 Gorzów Wielkopolski ul. Grobla 68a;979;135;135;6;129;13.79;4.44;957;337;337;15;322;35.21;4.45
50900;086101;7;Zespół Szkół Nr 12 66-400 Gorzów Wielkopolski ul. Śląska 20;2239;406;406;16;390;18.13;3.94;2196;950;950;22;928;43.26;2.32
50901;086101;8;Szkoła Podstawowa nr 10 66-400 Gorzów Wielkopolski ul.Towarowa 21;1973;268;268;3;265;13.58;1.12;1938;800;800;41;759;41.28;5.12
50902;086101;9;Szkoła Podstawowa Nr 12 66-400 Gorzów Wielkopolski ul. Dobra 16;1551;442;442;8;434;28.50;1.81;1532;891;891;15;876;58.16;1.68
50903;086101;10;Stowarzyszenie na Rzecz Osób z Autyzmem 66-400 Gorzów Wielkopolski ul. Małyszyńska 8;906;121;121;3;118;13.36;2.48;898;349;349;10;339;38.86;2.87
50904;086101;11;Przedszkole Miejskie Nr 12 66-400 Gorzów Wielkopolski ul. Sportowa 2;1131;329;329;5;324;29.09;1.52;1088;564;564;19;545;51.84;3.37
50905;086101;12;Miejskie Centrum Kultury, Klub „Zodiak” 66-400 Gorzów Wielkopolski ul. Słoneczna 63;1580;300;300;8;292;18.99;2.67;1535;640;640;14;626;41.69;2.19
50906;086101;13;Zespół Szkół Nr 6 66-400 Gorzów Wielkopolski ul. Gwiaździsta 14;2013;469;469;17;452;23.30;3.62;1910;953;953;21;932;49.90;2.20
50907;086101;14;Specjalistyczny Ośrodek Diagnozy i Rehabilitacji Echo Sp. z o.o. 66-400 Gorzów Wielkopolski ul. Gwiaździsta 4;1597;446;446;12;434;27.93;2.69;1538;768;768;14;754;49.93;1.82
50908;086101;15;Szkoła Podstawowa Nr 5 66-400 Gorzów Wielkopolski Aleja Konstytucji 3 Maja 44;2215;473;473;9;464;21.35;1.90;2178;1031;1031;17;1014;47.34;1.65
50909;086101;16;Zespół Szkół Ogólnokształcących nr 16 66-400 Gorzów Wielkopolski ul. Dunikowskiego 5;2281;618;618;21;597;27.09;3.40;2182;1181;1191;26;1155;54.12;2.20
50910;086101;17;Zespół Szkół Ogólnokształcących nr 16 66-400 Gorzów Wielkopolski ul. Dunikowskiego 5;1425;332;332;11;321;23.30;3.31;1408;713;713;15;698;50.64;2.10
50911;086101;18;Szkoła Podstawowa Nr 15 66-400 Gorzów Wielkopolski ul. Kotsisa 1;1924;463;463;16;447;24.06;3.46;1880;940;940;33;907;50.00;3.51
50912;086101;19;Przedszkole Miejskie Nr 10 66-400 Gorzów Wielkopolski ul. Lelewela 1;1668;503;503;12;491;30.16;2.39;1630;918;918;23;895;56.32;2.51
50913;086101;20;Wyższa Szkoła Biznesu 66-400 Gorzów Wielkopolski ul. Myśliborska 30;1128;243;243;5;238;21.54;2.06;1347;733;733;8;725;54.42;1.09
50914;086101;21;Zespół Szkół Sportowych 66-400 Gorzów Wielkopolski ul. Stanisławskiego 2;1997;599;599;11;588;29.99;1.84;1954;1052;1052;18;1034;53.84;1.71
50915;086101;22;Zespół Szkół Nr 14 66-400 Gorzów Wielkopolski ul. Mościckiego 3;1390;275;275;6;269;19.78;2.18;1375;688;688;13;675;50.04;1.89
50916;086101;23;Zespół Szkół Nr 14 66-400 Gorzów Wielkopolski ul. Mościckiego 5;1717;427;427;7;420;24.87;1.64;1672;881;881;9;872;52.69;1.02
50917;086101;24;Miejskie Przedszkole Integracyjne Nr 14 66-400 Gorzów Wielkopolski ul. Kasprowicza 10;1000;275;275;10;265;27.50;3.64;980;535;535;11;524;54.59;2.06
50918;086101;25;Zamiejscowy Wydział Kultury Fizycznej AWF w Poznaniu z siedzibą w Gorzowie Wlkp. 66-400 Gorzów Wielkopolski ul. Estkowskiego 13;725;214;214;6;208;29.52;2.80;701;383;383;10;373;54.64;2.61
50919;086101;26;Gimnazjum Nr 7 66-400 Gorzów Wielkopolski ul. Estkowskiego 3;947;219;219;8;211;23.13;3.65;925;419;419;4;415;45.30;0.95
50920;086101;27;Świetlica - ENEA S.A. Grupa Energetyczna 66-400 Gorzów Wielkopolski ul. Sikorskiego 37;921;139;139;3;136;15.09;2.16;907;344;344;9;335;37.93;2.62
50921;086101;28;Zespół Szkół Elektrycznych 66-400 Gorzów Wielkopolski ul. Dąbrowskiego 33;1387;364;364;9;355;26.24;2.47;1355;661;661;16;645;48.78;2.42
50922;086101;29;Żłobek Miejski Nr 2 66-400 Gorzów Wielkopolski ul. Obotrycka 1/1;822;198;198;5;193;24.09;2.53;833;409;409;23;386;49.10;5.62
50923;086101;30;Zespół Szkół Ekonomicznych 66-400 Gorzów Wielkopolski ul. 30 Stycznia 29;902;170;170;9;161;18.85;5.29;860;360;360;11;349;41.86;3.06
50924;086101;31;Szkoła Muzyczna I i II stopnia 66-400 Gorzów Wielkopolski ul. Chrobrego 3;1570;358;358;13;345;22.80;3.63;1514;673;673;11;662;44.45;1.63
50925;086101;32;IV Liceum Ogólnokształcące 66-400 Gorzów Wielkopolski ul. Kosynierów Gdyńskich 8;1175;177;177;9;168;15.06;5.08;1147;439;439;14;425;38.27;3.19
50926;086101;33;Przedszkole Miejskie nr 1 66-400 Gorzów Wielkopolski ul. Kosynierów Gdyńskich 29;1508;229;229;8;221;15.19;3.49;1482;538;538;7;531;36.30;1.30
50927;086101;34;Miejskie Centrum Kultury, Klub „Jedynka” 66-400 Gorzów Wielkopolski ul. Mieszka I 50;1934;464;464;13;451;23.99;2.80;1803;825;825;17;808;45.76;2.06
50928;086101;35;Zespół Szkół Budowlanych 66-400 Gorzów Wielkopolski ul. Okrzei 42;1710;492;492;8;484;28.77;1.63;1679;930;930;13;917;55.39;1.40
50929;086101;36;Zespół Szkół Ogólnokształcących Nr 1 66-400 Gorzów Wielkopolski ul. Puszkina 31;2314;593;593;18;575;25.63;3.04;2271;1222;1222;21;1201;53.81;1.72
50930;086101;37;Zespół Szkół nr 21 66-400 Gorzów Wielkopolski ul. Taczaka 1;1621;449;449;9;440;27.70;2.00;1671;965;965;8;957;57.75;0.83
50931;086101;38;Prywatna Szkoła Podstawowa i Gimnazjum o Profilu Artystycznym 66-400 Gorzów Wielkopolski ul. Cegielskiego 1;1734;459;459;14;445;26.47;3.05;1721;997;997;8;989;57.93;0.80
50932;086101;39;Miejskie Centrum Kultury 66-400 Gorzów Wielkopolski ul. Drzymały 26;694;190;190;4;186;27.38;2.11;669;328;329;5;323;49.03;1.52
50933;086101;40;Zespół Szkół Technicznych i Ogólnokształcących 66-400 Gorzów Wielkopolski ul. Czereśniowa 4e;2030;518;518;9;509;25.52;1.74;1982;1105;1105;14;1091;55.75;1.27
50934;086101;41;Przedszkole Miejskie Nr 29 66-400 Gorzów Wielkopolski ul. Wróblewskiego 48;1862;418;418;18;400;22.45;4.31;1794;927;927;23;904;51.67;2.48
50935;086101;42;Zespół Szkół Nr 13 66-400 Gorzów Wielkopolski ul. Szwoleżerów 2;1713;441;441;7;434;25.74;1.59;1713;955;955;8;947;55.75;0.84
50936;086101;43;Parterowy budynek naprzeciw głównego wejścia do Szpitala 66-400 Gorzów Wielkopolski ul. Dekerta 1;1459;383;383;12;371;26.25;3.13;1510;842;842;9;833;55.76;1.07
50937;086101;44;Zespół Szkół Nr 13 66-400 Gorzów Wielkopolski ul. Paderewskiego 5;1364;316;316;8;308;23.17;2.53;1329;746;746;17;729;56.13;2.28
50938;086101;45;Zespół Szkół Nr 13 66-400 Gorzów Wielkopolski ul. Paderewskiego 5;1767;512;512;16;496;28.98;3.12;1758;1059;1059;17;1042;60.24;1.61
50939;086101;46;Żłobek Miejski Nr 1 66-400 Gorzów Wielkopolski ul. Wróblewskiego 50;1010;194;194;1;193;19.21;0.52;1056;523;523;9;514;49.53;1.72
50940;086101;47;Zespół Szkół Nr 13 66-400 Gorzów Wielkopolski ul. Szwoleżerów 2;1526;390;390;11;379;25.56;2.82;1481;831;831;21;810;56.11;2.53
50941;086101;48;Zespół Szkół Technicznych i Ogółnokształcących - Internat 66-400 Gorzów Wielkopolski ul. Czereśniowa 4i;2046;494;494;18;476;24.14;3.64;1979;1091;1091;24;1067;55.13;2.20
50942;086101;49;Katolicka Szkoła Podstawowa Świętego Piusa X 66-400 Gorzów Wielkopolski ul. Kućki 1;1906;437;438;16;421;22.93;3.66;1829;991;991;25;966;54.18;2.52
50943;086101;50;Zespół Szkół Nr 20 66-400 Gorzów Wielkopolski ul. Szarych Szeregów 7;2105;523;523;12;511;24.85;2.29;2068;1174;1174;24;1150;56.77;2.04
50944;086101;51;Zespół Szkół Nr 20 66-400 Gorzów Wielkopolski ul.Szarych Szeregów 7;2074;518;518;22;496;24.98;4.25;2044;1122;1123;16;1106;54.89;1.43
50945;086101;52;Przedszkole Miejskie Nr 22 66-400 Gorzów Wielkopolski ul. Szarych Szeregów 2;1225;313;313;10;303;25.55;3.19;1336;796;796;6;790;59.58;0.75
50946;086101;53;Przedszkole Miejskie nr 20 66-400 Gorzów Wielkopolski ul. Walczaka 47;1315;262;262;11;251;19.92;4.20;1235;579;579;6;573;46.88;1.04
50947;086101;54;Zespół Szkół nr 20 66-400 Gorzów Wielkopolski ul. Szarych Szeregów 7;2151;505;505;11;494;23.48;2.18;2131;1161;1161;20;1141;54.48;1.72
50948;086101;55;Centrum Handlowe „Watral” 66-400 Gorzów Wielkopolski ul.Kombatantów 34;1804;504;504;14;490;27.94;2.78;1834;1059;1059;22;1037;57.74;2.08
50949;086101;56;Dom Studenta PWSZ Nr 1 66-400 Gorzów Wielkopolski ul. Piłsudskiego 9;1383;317;317;11;306;22.92;3.47;1379;672;672;11;661;48.73;1.64
50950;086101;57;Spóldzielnia Mieszkaniowa „Dolinki” 66-400 Gorzów Wielkopolski ul. Okólna 25;1934;559;559;14;545;28.90;2.50;1849;1033;1033;17;1016;55.87;1.65
50951;086101;58;Gimnazjum nr 9 66-400 Gorzów Wielkopolski ul. Zamenhofa 2a;1210;309;309;4;305;25.54;1.29;1157;558;558;12;546;48.23;2.15
50952;086101;59;Zespół Szkół Gastronomicznych 66-400 Gorzów Wielkopolski ul. Okólna 35;1517;437;437;9;428;28.81;2.06;1486;856;856;15;841;57.60;1.75
50953;086101;60;Szkoła Podstawowa Nr 9 66-400 Gorzów Wielkopolski ul. Nowa 7;767;236;236;3;233;30.77;1.27;774;405;405;8;397;52.33;1.98
50954;086101;61;Miejskie Przedszkole Integracyjne Nr 9 66-400 Gorzów Wielkopolski ul. Widok 25;1793;455;455;15;440;25.38;3.30;1736;806;806;11;795;46.43;1.36
50955;086101;62;Zespół Szkół Ogólnokształcych nr 3 66-400 Gorzów Wielkopolski ul. Warszawska 19;1903;504;504;10;494;26.48;1.98;1904;1056;1056;11;1045;55.46;1.04
50956;086101;63;Zespół Szkół Ogólnokształcących Nr 3 66-400 Gorzów Wielkopolski ul. Warszawska 19;1793;378;378;9;369;21.08;2.38;1736;752;752;23;729;43.32;3.06
90394;086101;64;Wielospecjalistyczny Szpital Wojewódzki w Gorzowie Wlkp. Sp. z o.o. Zespół Szpitalny przy ulicy Walczaka 66-400 Gorzów Wielkopolski ul. Walczaka nr 42;332;41;41;3;38;12.35;7.32;333;91;91;13;78;27.33;14.29
90395;086101;65;Wielospecjalistyczny Szpital Wojewódzki w Gorzowie Wlkp. Sp. z o.o. Zespół Szpitalny przy ulicy Dekerta 66-400 Gorzów Wielkopolski ul. Dekerta nr 1;245;33;33;1;32;13.47;3.03;273;104;104;7;97;38.10;6.73
90396;086101;66;Zakład Karny 66-400 Gorzów Wielkopolski ul. Podmiejska nr 17;543;124;124;20;104;22.84;16.13;439;193;193;30;163;43.96;15.54
90397;086101;67;Dom Pomocy Społecznej nr 1 66-400 Gorzów Wielkopolski ul. Podmiejska Boczna nr 10;204;54;54;4;50;26.47;7.41;198;60;60;7;53;30.30;11.67
90398;086101;68;Dom Pomocy Społecznej nr 2 66-400 Gorzów Wielkopolski ul. Walczaka nr 42;58;11;11;4;7;18.97;36.36;64;10;10;1;9;15.62;10.00
50957;086201;1;Miejskie Przedszkole nr 22 65-790 Zielona Góra ul. Porzeczkowa 34;1174;297;297;6;291;25.30;2.02;1740;852;852;13;839;48.97;1.53
50958;086201;2;Uniwersytet Zielonogórski Hala Spotrowa 65-783 Zielona Góra ul. Prosta 39;1632;512;512;13;499;31.37;2.54;1313;713;713;7;706;54.30;0.98
50959;086201;3;Uniwersytet Zielonogórski Hala Spotrowa 65-783 Zielona Góra ul. Prosta 39;1510;576;576;19;557;38.15;3.30;1149;586;586;6;580;51.00;1.02
50960;086201;4;Szkoła Podstawowa nr 18 65-941 Zielona Góra ul. Francuska 10;1783;511;511;8;503;28.66;1.57;1132;686;686;15;671;60.60;2.19
50961;086201;5;Szkoła Podstawowa nr 18 65-641 Zielona Góra ul. Francuska 10;1533;568;568;8;560;37.05;1.41;1590;993;993;13;980;62.45;1.31
50962;086201;6;Zespół Szkół Ekologicznych 65-943 Zielona Góra ul. Francuska 25a;1221;400;400;6;394;32.76;1.50;1516;1062;1062;6;1056;70.05;0.56
50963;086201;7;Zespół Szkół Ekologicznych 65-943 Zielona Góra ul. Francuska 25a;1390;524;524;9;515;37.70;1.72;1365;909;909;11;898;66.59;1.21
50964;086201;8;Miejskie Przedszkole nr 37 65-941 Zielona Góra ul. Węgierska 9;1779;547;547;21;526;30.75;3.84;1194;759;759;8;751;63.57;1.05
50965;086201;9;Gimnazjum nr 1 65-536 Zielona Góra ul. Stefana Wyszyńskiego 101;1408;384;384;8;376;27.27;2.08;1705;981;981;14;967;57.54;1.43
50966;086201;10;Gimnazjum nr 1 65-536 Zielona Góra ul. Stefana Wyszyńskiego 101;1430;474;474;14;460;33.15;2.95;1512;1045;1045;3;1042;69.11;0.29
50967;086201;11;Miejskie Przedszkole nr 21 65-510 Zielona Góra ul. Rydza-Śmigłego 5;1855;571;571;8;563;30.78;1.40;1703;998;998;21;977;58.60;2.10
50968;086201;12;Zielonogórska Spółdzielnia Mieszkaniowa Administracja Osiedla Łużyckie 65-625 Zielona Góra ul. Krośnieńska 17c;1399;445;445;13;432;31.81;2.92;1817;1039;1039;25;1014;57.18;2.41
50969;086201;13;Zespół Szkół Ekonomicznych 65-401 Zielona Góra ul. Długa 5;1679;443;443;13;430;26.38;2.93;1377;775;775;5;770;56.28;0.65
50970;086201;14;Miejskie Przedszkole nr 20 65-807 Zielona Góra ul. Studzianki 8;1357;500;500;11;489;36.85;2.20;1383;870;870;9;861;62.91;1.03
50971;086201;15;Miejskie Przedszkole nr 10 65-561 Zielona Góra ul. Monte Cassino 21a;1509;466;466;18;448;30.88;3.86;1368;809;809;15;794;59.14;1.85
50972;086201;16;Szkoła Podstawowa nr 1 65-536 Zielona Góra ul. Stefana Wyszyńskiego 17;1523;416;416;24;392;27.31;5.77;1690;932;933;19;913;55.15;2.04
50973;086201;17;Szkoła Podstawowa nr 1 65-536 Zielona Góra ul. Stefana Wyszyńskiego 17;1410;462;462;7;455;32.77;1.52;1302;804;804;6;798;61.75;0.75
50974;086201;18;Zespół Szkół Specjalnych Nr 1 65-515 Zielona Góra ul. Piastowska 9;1510;379;379;15;364;25.10;3.96;1473;857;857;7;850;58.18;0.82
50975;086201;19;Zespół Szkół Specjalnych Nr 1 65-515 Zielona Góra ul. Piastowska 9;1376;341;342;4;337;24.78;1.17;1479;755;755;17;738;51.05;2.25
50976;086201;20;Gimnazjum nr 7 65-552 Zielona Góra ul. Zachodnia 63;1555;566;566;5;561;36.40;0.88;1360;798;798;10;788;58.68;1.25
50977;086201;21;Gimnazjum nr 2 65-533 Zielona Góra ul. Świętych Cyryla i Metodego 9;1732;464;464;14;450;26.79;3.02;1703;939;939;10;929;55.14;1.06
50978;086201;22;Gimnazjum nr 2 65-533 Zielona Góra ul. Świętych Cyryla i Metodego 9;1662;504;504;11;493;30.32;2.18;1600;854;854;10;844;53.37;1.17
50979;086201;23;Miejskie Przedszkole nr 8 65-634 Zielona Góra ul. Witebska 1;1801;615;615;10;605;34.15;1.63;1775;1075;1075;17;1058;60.56;1.58
50980;086201;24;I Liceum Ogólnokształcace 65-508 Zielona Góra ul. Jana Kilińskiego 7;1483;409;409;8;401;27.58;1.96;1553;1019;1019;2;1017;65.61;0.20
50981;086201;25;Zespół Rehabilitacji Dzieci i Młodzieży Niepełnosprawnej „Promyk” 65-301 Zielona Góra ul. Bartosza Głowackiego 8a;1737;559;559;6;553;32.18;1.07;1489;795;795;18;777;53.39;2.26
50982;086201;26;Zespół Szkół Budowlanych 65-392 Zielona Góra ul. Botaniczna 50;1248;381;381;6;375;30.53;1.57;1336;709;709;9;700;53.07;1.27
50983;086201;27;Miejskie Przedszkole nr 13 65-012 Zielona Góra ul. Jęczmienna 1;1600;503;503;7;496;31.44;1.39;1417;802;802;12;790;56.60;1.50
50984;086201;28;Szkoła Podstawowa nr 8 65-383 Zielona Góra ul. Kąpielowa 7;1269;412;412;12;400;32.47;2.91;1691;986;986;9;977;58.31;0.91
50985;086201;29;Szkoła Podstawowa nr 8 65-383 Zielona Góra ul. Kąpielowa 7;1153;448;448;0;448;38.86;0.00;1258;786;786;12;774;62.48;1.53
50986;086201;30;Szkoła Podstawowa nr 8 65-383 Zielona Góra ul. Kąpielowa 7;1212;443;443;9;434;36.55;2.03;1339;815;815;6;809;60.87;0.74
50987;086201;31;„Szkoła Myślenia Twórczego” Społeczne gimnazjum Liceum Ogólnokształcace 65-452 Zielona Góra ul. Generała Józefa Sowińskiego 27;1472;244;244;14;230;16.58;5.74;1184;822;822;0;822;69.43;0.00
50988;086201;32;III Liceum Ogólnokształcace 65-452 Zielona Góra ul. Strzelecka 9;1825;607;607;5;602;33.26;0.82;1204;801;801;9;792;66.53;1.12
50989;086201;33;Zespół Edukacyjny Nr 2 Szkoła Podstawowa nr 17 65-436 Zielona Góra ul. Leopolda Staffa 10;1594;470;470;11;459;29.49;2.34;2232;1057;1057;19;1038;47.36;1.80
50990;086201;34;Zespół Edukacyjny Nr 2 Szkoła Podstawowa nr 17 65-436 Zielona Góra ul. Leopolda Staffa 10;1618;575;575;12;563;35.54;2.09;1210;706;706;6;700;58.35;0.85
50991;086201;35;Gimnazjum nr 3 65-215 Zielona Góra ul. Św. Kingi 1;1127;436;436;3;433;38.69;0.69;1216;653;653;13;640;53.70;1.99
50992;086201;36;Gimnazjum nr 3 65-215 Zielona Góra ul. Św. Kingi 1;1098;302;302;5;297;27.50;1.66;978;532;532;19;513;54.40;3.57
50993;086201;37;Publiczna Szkoła Podstawowa nr 7 65-256 Zielona Góra ul. Zielonogórska 5;1637;478;478;8;470;29.20;1.67;1387;782;782;14;768;56.38;1.79
50994;086201;38;Społeczna Szkoła Podstawowa 65-229 Zielona Góra ul. Władysława IV 1;1249;381;381;9;372;30.50;2.36;1265;825;825;13;812;65.22;1.58
50995;086201;39;Dom Dziennego Pobytu „Nestoria” 65-548 Zielona Góra ul. Osiedle Pomorskie 28;1575;547;547;15;532;34.73;2.74;1156;487;487;3;484;42.13;0.62
50996;086201;40;Zespół Edukacyjny Nr 3 Szkoła Podstawowa nr 21 65-547 Zielona Góra ul. Osiedle Pomorskie 13;1490;405;405;7;398;27.18;1.73;2139;1103;1103;17;1086;51.57;1.54
50997;086201;41;Zespół Edukacyjny Nr 3 Szkoła Podstawowa nr 21 65-547 Zielona Góra ul. Osiedle Pomorskie 13;1341;385;385;11;374;28.71;2.86;1947;1160;1160;27;1133;59.58;2.33
50998;086201;42;Zespół Edukacyjny Nr 3 Szkoła Podstawowa nr 21 65-547 Zielona Góra ul. Osiedle Pomorskie 13;1331;406;406;7;399;30.50;1.72;1644;986;986;15;971;59.98;1.52
50999;086201;43;Uniwersytet Zielonogórski Budynek Dydaktyczny A-2 65-516 Zielona Góra ul. Profesora Zygmunta Szafrana 2;1284;468;468;12;456;36.45;2.56;1573;916;916;8;908;58.23;0.87
51000;086201;44;Lubuska Wojewódzka Komenda Ochotniczych Hufców Pracy 65-186 Zielona Góra ul. Ludwika Zamenhofa 1;1559;445;445;9;436;28.54;2.02;1892;1183;1183;25;1158;62.53;2.11
51001;086201;45;Młodzieżowe Centrum Kultury i Edukacji „Dom Harcerza” 65-181 Zielona Góra ul. Dzika 6;1541;542;542;12;530;35.17;2.21;1583;898;899;12;886;56.73;1.34
51002;086201;46;Zespół Szkół Ogólnokształcących i Sportowych Szkoła Podstawowa nr 10 65-036 Zielona Góra ul. Stanisława Wyspiańskiego 23;1521;392;392;2;390;25.77;0.51;1860;1144;1169;19;1125;61.51;1.66
51003;086201;47;Miejski Ośrodek Sportu i Rekreacji Hala Akrobatyczna 65-147 Zielona Góra ul. Urszuli 22;1531;361;361;4;357;23.58;1.11;1730;988;988;12;976;57.11;1.21
51004;086201;48;Miejski Ośrodek Sportu i Rekreacji Hala Akrobatyczna 65-147 Zielona Góra ul. Urszuli 22;1633;495;495;23;472;30.31;4.65;1601;1032;1032;14;1018;64.46;1.36
51005;086201;49;Zespół Edukacyjny Nr 1 Szkoła Podstawowa Nr 5 65-129 Zielona Góra ul. Truskawkowa 12;1795;517;517;6;511;28.80;1.16;1464;766;766;10;756;52.32;1.31
51006;086201;50;Miejskie Przedszkole nr 6 65-036 Zielona Góra ul. Stanisława Wyspiańskiego 16;1734;495;495;10;485;28.55;2.02;1528;920;920;6;914;60.21;0.65
51007;086201;51;Miejskie Przedszkole nr 17 65-054 Zielona Góra ul. Doktora Pieniężnego 22;1287;279;279;1;278;21.68;0.36;1507;748;748;11;737;49.64;1.47
51008;086201;52;Uniwersytet Zielonogórski Rektorat 65-417 Zielona Góra ul. Licealna 9;1257;259;260;8;251;20.60;3.09;1257;780;780;7;773;62.05;0.90
51009;086201;53;Zespół Szkół Ekonomicznych 65-401 Zielona Góra ul. Długa 5;1095;211;211;1;210;19.27;0.47;1448;810;810;8;802;55.94;0.99
51010;086201;54;Miejskie Przedszkole nr 34 65-034 Zielona Góra ul. Bohaterów Westerplatte 11a;1636;494;494;11;483;30.20;2.23;1288;720;720;19;701;55.90;2.64
51011;086201;55;Szkoła Podstawowa nr 15 65-093 Zielona Góra ul. Lisia 37;1273;358;358;8;350;28.12;2.23;1399;854;854;9;845;61.04;1.05
51012;086201;56;Szkoła Podstawowa nr 15 65-093 Zielona Góra ul. Lisia 37;1034;196;196;3;193;18.96;1.53;1536;989;989;19;970;64.39;1.92
51013;086201;57;Zespół Szkół Plastycznych 65-735 Zielona Góra ul. Stefana Batorego 70a;1537;403;403;9;394;26.22;2.23;1224;687;687;12;675;56.13;1.75
51014;086201;58;Uniwersytet Zielonogórski Budynek dydaktyczny A-22 65-729 Zielona Góra ul. Energetyków 2;1322;293;293;13;280;22.16;4.44;1596;908;908;13;895;56.89;1.43
51015;086201;59;Uniwersytet Zielonogórski Budynek dydaktyczny A-22 65-729 Zielona Góra ul. Energetyków 2;1091;252;252;15;237;23.10;5.95;1108;712;712;7;705;64.26;0.98
51016;086201;60;Szkoła Podstawowa nr 11 65-119 Zielona Góra ul. Spawaczy 3d;1597;428;428;10;418;26.80;2.34;1064;592;592;10;582;55.64;1.69
51017;086201;61;Szkoła Podstawowa nr 11 65-119 Zielona Góra ul. Spawaczy 3d;1814;522;522;4;518;28.78;0.77;1669;867;867;10;857;51.95;1.15
51018;086201;62;Szkoła Podstawowa nr 11 65-119 Zielona Góra ul. Spawaczy 3d;1733;353;353;7;346;20.37;1.98;1582;862;862;9;853;54.49;1.04
90399;086201;63;Dom Pomocy Społecznej 65-326 Zielona Góra ul.Aleja Juliusza Słowackiego 29;64;29;29;1;28;45.31;3.45;1222;682;682;10;672;55.81;1.47
90400;086201;64;Dom Pomocy Społecznej dla Kombatantów 65-265 Zielona Góra ul. Lubuska 11;178;48;48;2;46;26.97;4.17;1030;430;430;4;426;41.75;0.93
90401;086201;65;Szpital Wojewódzki, 65-046 Zielona Góra ul. Zyty 26,;544;80;80;2;78;14.71;2.50;1261;589;589;8;581;46.71;1.36
90402;086201;66;Areszt Śledczy 65-980 Zielona Góra ul. Łużycka 2.;323;113;113;12;101;34.98;10.62;1215;549;549;10;539;45.19;1.82
51019;100101;1;Szkoła Podstawowa Nr 3 97-400 Bełchatów ul. Sienkiewicza 25;2188;520;520;23;497;23.77;4.42;2141;1152;1152;28;1124;53.81;2.43
51020;100101;2;Szkoła Podstawowa Nr 3 97-400 Bełchatów ul. Sienkiewicza 25;2191;630;630;21;609;28.75;3.33;2209;1402;1402;26;1376;63.47;1.85
51021;100101;3;Budynek PGM 97-400 Bełchatów ul. Czyżewskiego 7;2012;449;449;10;439;22.32;2.23;2059;1156;1156;17;1139;56.14;1.47
51022;100101;4;Przedszkole Samorządowe Nr 4 97-400 Bełchatów Osiedle 1 Maja 8;2196;526;526;13;513;23.95;2.47;2131;1131;1131;28;1103;53.07;2.48
51023;100101;5;Szkoła Podstawowa Nr 12 97-400 Bełchatów ul. W. Budryka 7;2392;606;606;22;584;25.33;3.63;2324;1448;1448;34;1414;62.31;2.35
51024;100101;6;Szkoła Podstawowa Nr 12 97-400 Bełchatów ul. W. Budryka 7;2251;619;619;17;602;27.50;2.75;2170;1343;1343;16;1327;61.89;1.19
51025;100101;7;Przedszkole Samorządowe 97-400 Bełchatów ul. W. Budryka 12;588;125;125;3;122;21.26;2.40;566;299;299;7;292;52.83;2.34
51026;100101;8;Szkoła Podstawowa Nr 5 97-400 Bełchatów ul. Szkolna 10;1726;478;478;11;467;27.69;2.30;1749;1113;1113;19;1094;63.64;1.71
51027;100101;9;Szkoła Podstawowa Nr 13 97-400 Bełchatów ul. Słowackiego 8;2153;671;671;37;634;31.17;5.51;2147;1357;1357;24;1333;63.20;1.77
51028;100101;10;Przedszkole Samorządowe Nr 2 97-400 Bełchatów ul. Paderewskiego 3;1866;333;333;6;327;17.85;1.80;1809;917;917;26;891;50.69;2.84
51029;100101;11;Szkoła Podstawowa Nr 13 97-400 Bełchatów ul. Słowackiego 8;1184;313;313;12;301;26.44;3.83;1135;683;683;8;675;60.18;1.17
51030;100101;12;Zespół Szkolno-Przedszkolny Nr 9 97-400 Bełchatów Os. Dolnośląskie 204A;1003;267;267;8;259;26.62;3.00;980;567;567;14;553;57.86;2.47
51031;100101;13;Publiczne Gimnazjum Nr 3 97-400 Bełchatów ul. Edwardów 5;2170;504;504;25;479;23.23;4.96;2126;1219;1219;17;1202;57.34;1.39
51032;100101;14;Zespół Szkolno-Przedszkolny Nr 9 97-400 Bełchatów Os. Dolnośląskie 204A;1973;447;447;9;438;22.66;2.01;1936;1026;1026;32;994;53.00;3.12
51033;100101;15;Szkoła Podstawowa Nr 4 97-400 Bełchatów ul. Lipowa 11;1986;492;492;12;480;24.77;2.44;2016;1093;1093;9;1084;54.22;0.82
51034;100101;16;Szkoła Podstawowa Nr 8 97-400 Bełchatów Os. Dolnośląskie 112A;2321;532;532;14;518;22.92;2.63;2230;1305;1305;20;1285;58.52;1.53
51035;100101;17;Przedszkole Samorządowe Nr 5 97-400 Bełchatów Os. Dolnośląskie 222a;1927;417;417;11;406;21.64;2.64;1818;1010;1010;15;995;55.56;1.49
51036;100101;18;Zespół Szkolno-Przedszkolny Nr 9 97-400 Bełchatów Os. Dolnośląskie 204A;1801;358;358;13;345;19.88;3.63;1735;955;955;13;942;55.04;1.36
51037;100101;19;Publiczne Gimnazjum Nr 3 97-400 Bełchatów ul. Edwardów 5;2128;487;487;24;463;22.89;4.93;2041;1173;1173;21;1152;57.47;1.79
51038;100101;20;II Liceum Ogólnokształcące 97-400 Bełchatów ul. Czapliniecka 72;1978;340;340;16;324;17.19;4.71;1962;917;917;31;886;46.74;3.38
51039;100101;21;II Liceum Ogólnokształcące 97-400 Bełchatów ul. Czapliniecka 72;1292;474;474;14;460;36.69;2.95;1259;846;846;9;837;67.20;1.06
51040;100101;22;Miejska i Powiatowa Biblioteka Publiczna 97-400 Bełchatów ul. Kościuszki 9;784;186;186;4;182;23.72;2.15;732;367;367;8;359;50.14;2.18
51041;100101;23;Miejskie Centrum Kultury 97-400 Bełchatów Pl. Narutowicza 1a;2089;462;462;11;451;22.12;2.38;2031;1069;1069;18;1051;52.63;1.68
51042;100101;24;Szkoła Podstawowa Nr 1 97-400 Bełchatów ul. Dąbrowskiego 11;2335;538;538;20;518;23.04;3.72;2257;1267;1267;29;1238;56.14;2.29
51043;100101;25;Szkoła Podstawowa Nr 1 97-400 Bełchatów ul. Dąbrowskiego 11;2091;539;539;21;518;25.78;3.90;2015;1108;1108;28;1080;54.99;2.53
51044;100101;26;Publiczne Gimnazjum Nr 1 97-400 Bełchatów ul. Dąbrowskiego 11;1770;430;430;15;415;24.29;3.49;1714;994;994;18;976;57.99;1.81
90403;100101;27;Szpital Wojewódzki im. Jana Pawła II 97-400 Bełchatów ul. Czapliniecka 123;383;68;68;9;59;17.75;13.24;423;187;187;17;170;44.21;9.09
90404;100101;28;Dom Pomocy Społecznej 97-400 Bełchatów ul. Dąbrowskiego 2;77;28;28;2;26;36.36;7.14;74;40;40;10;30;54.05;25.00
51045;100102;1;Szkoła Podstawowa 97-400 Dobrzelów ul. Górna 7;1050;234;234;6;228;22.29;2.56;1095;648;648;15;633;59.18;2.31
51046;100102;2;Szkoła Podstawowa 97-400 Korczew 37;1026;188;188;20;168;18.32;10.64;1030;489;489;22;467;47.48;4.50
51047;100102;3;Gminne Centrum Kultury 97-400 Zdzieszulice Dolne 20a;1448;312;312;10;302;21.55;3.21;1481;860;860;19;841;58.07;2.21
51048;100102;4;Szkoła Podstawowa 97-400 Łękawa 4;931;180;180;6;174;19.33;3.33;944;513;513;23;490;54.34;4.48
51049;100102;5;Strażnica OSP 97-400 Oleśnik 59;1159;269;269;13;256;23.21;4.83;1179;691;691;14;677;58.61;2.03
51050;100102;6;Szkoła Podstawowa 97-400 Domiechowice ul. Grabowa 80;1198;235;235;9;226;19.62;3.83;1237;654;654;16;638;52.87;2.45
51051;100102;7;Strażnica OSP 97-400 Podwody 30;381;54;54;3;51;14.17;5.56;385;160;160;5;155;41.56;3.12
51052;100102;8;Gminne Centrum Kultury Filia 97-400 Kurnos Drugi 16;637;172;172;2;170;27.00;1.16;631;379;379;5;374;60.06;1.32
51053;100102;9;Szkoła Podstawowa 97-400 Dobrzelów ul. Górna 7;754;200;200;6;194;26.53;3.00;752;443;443;15;428;58.91;3.39
51054;100103;1;Szkoła Podstawowa w Wadlewie 97-403 Wadlew 59;609;120;120;1;119;19.70;0.83;613;320;320;10;310;52.20;3.12
51055;100103;2;Szkoła Podstawowa w Wadlewie 97-403 Wadlew 59;540;60;60;4;56;11.11;6.67;565;241;241;14;227;42.65;5.81
51056;100103;3;Zespół Szkolno-Przedszkolny w Drużbicach 97-403 Drużbice 15;669;158;158;0;158;23.62;0.00;672;377;377;14;363;56.10;3.71
51057;100103;4;Zespół Szkolno-Przedszkolny w Drużbicach 97-403 Drużbice 15;776;118;118;5;113;15.21;4.24;775;384;384;20;364;49.55;5.21
51058;100103;5;Budynek byłej Szkoły Podstawowej w Suchcicach 97-403 Suchcice 61;770;122;122;8;114;15.84;6.56;759;333;333;13;320;43.87;3.90
51059;100103;6;Gimnazjum w Rasach 97-403 Rasy 27;775;179;179;5;174;23.10;2.79;828;441;441;19;422;53.26;4.31
51060;100104;1;Dom Kultury w Żłobnicy 97-410 Żłobnica 25;694;113;113;3;110;16.28;2.65;686;315;315;13;302;45.92;4.13
51061;100104;2;Szkoła Podstawowa w Kleszczowie 97-410 Kleszczów ul. Szkolna 4;1412;279;279;8;271;19.76;2.87;1448;821;821;35;786;56.70;4.26
51062;100104;3;Szkoła Podstawowa w Łękińsku 97-410 Łękińsko ul. Szkolna 20;1113;196;196;6;190;17.61;3.06;1186;648;648;31;617;54.64;4.78
51063;100104;4;Publiczne Przedszkole Samorządowe w Łuszczanowicach 97-410 Łuszczanowice 104B;810;189;189;7;182;23.33;3.70;887;506;506;15;491;57.05;2.96
51064;100105;1;Zespół Szkół 97-415 Kluki ul. Szkolna 4;1497;247;247;9;238;16.50;3.64;1511;738;738;32;706;48.84;4.34
51065;100105;2;Szkoła Podstawowa 97-415 Kaszewice 48;1122;171;171;6;165;15.24;3.51;1152;549;549;24;525;47.66;4.37
51066;100105;3;Szkoła Podstawowa 97-415 Parzno 33;783;119;119;4;115;15.20;3.36;799;399;399;7;392;49.94;1.75
51067;100106;1;Urząd Gminy w Ruścu 97-438 Rusiec ul. Wieluńska 35;982;278;278;32;246;28.31;11.51;987;561;561;46;515;56.84;8.20
51068;100106;2;Gminny Ośrodek Kultury w Ruścu 97-438 Rusiec ul. Koniecpolskiego 5;1065;289;289;6;283;27.14;2.08;1076;631;631;21;610;58.64;3.33
51069;100106;3;Zespół Szkolno-Przedszkolny w Woli Wiązowej 97-438 Wola Wiązowa 42;1056;270;270;18;252;25.57;6.67;1065;618;618;31;587;58.03;5.02
51070;100106;4;Dom Dziecka w Dąbrowie Rusieckiej 97-438 Dąbrowa Rusiecka 51;484;102;102;6;96;21.07;5.88;489;270;270;19;251;55.21;7.04
51071;100106;5;Budynek byłej Szkoły Podstawowej w Dąbrówkach Kobylańskich 97-438 Dąbrówki Kobylańskie 28;646;122;122;5;117;18.89;4.10;662;359;359;15;344;54.23;4.18
51072;100107;1;Szkoła Podstawowa w Lubcu 97-420 Lubiec 60;442;90;90;4;86;20.36;4.44;451;214;214;18;196;47.45;8.41
51073;100107;2;Zespół Szkół Ponadgimnazjalnych w Szczercowie 97-420 Szczerców ul. J. Piłsudskiego 66;889;120;120;2;118;13.50;1.67;905;382;382;13;369;42.21;3.40
51074;100107;3;Zespół Szkolno-Przedszkolny w Szczercowie 97-420 Szczerców ul. Łaska 8;1184;317;317;5;312;26.77;1.58;1188;738;738;23;715;62.12;3.12
51075;100107;4;Urząd Gminy w Szczercowie 97-420 Szczerców ul. Pułaskiego 8;1230;330;330;14;316;26.83;4.24;1236;737;737;26;711;59.63;3.53
51076;100107;5;Publiczne Gimnazjum im. Jana Pawła II w Szczercowie 97-420 Szczerców ul. Rzeczna 7;1305;235;235;6;229;18.01;2.55;1322;680;680;35;645;51.44;5.15
51077;100107;6;Szkoła Podstawowa w Chabielicach 97-420 Chabielice-Kolonia 5;865;178;178;6;172;20.58;3.37;877;478;478;18;460;54.50;3.77
51078;100107;7;Szkoła Podstawowa w Osinach 97-420 Osiny 13;492;138;138;7;131;28.05;5.07;486;246;246;10;236;50.62;4.07
51079;100108;1;Szkoła Podstawowa 97-425 Kociszew 32;839;203;203;9;194;24.20;4.43;843;419;419;7;412;49.70;1.67
51080;100108;2;Gimnazjum 97-425 Łobudzice 54;1756;283;283;13;270;16.12;4.59;1748;841;841;25;816;48.11;2.97
51081;100108;3;Szkoła Podstawowa 97-425 Wygiełzów 17;1619;235;235;11;224;14.52;4.68;1617;703;703;27;676;43.48;3.84
51082;100108;4;Ochotnicza Straż Pożarna 97-425 Pożdżenice 140;936;133;133;7;126;14.21;5.26;936;403;403;15;388;43.06;3.72
51083;100108;5;Zespół Szkół Ogólnokształcących 97-425 Zelów ul. Kilińskiego 40;1519;345;345;21;324;22.71;6.09;1532;777;777;30;747;50.72;3.86
51084;100108;6;Miejsko-Gminny Ośrodek Pomocy Społecznej 97-425 Zelów ul. Piotrkowska 12;1487;334;334;12;322;22.46;3.59;1491;822;822;21;801;55.13;2.55
51085;100108;7;Szkoła Podstawowa Nr 2 97-425 Zelów ul. Kościuszki 40/42;770;169;169;5;164;21.95;2.96;732;328;328;12;316;44.81;3.66
51086;100108;8;Szkoła Podstawowa Nr 2 97-425 Zelów ul. Kościuszki 40/42;1501;315;315;10;305;20.99;3.17;1476;771;771;25;746;52.24;3.24
51087;100108;9;Szkoła Podstawowa Nr 4 97-425 Zelów ul. Żeromskiego 51;1701;375;375;15;360;22.05;4.00;1678;910;910;20;890;54.23;2.20
90405;100108;10;Dom Pomocy Społecznej w Zabłotach 97-425 Zabłoty 19;54;32;32;3;29;59.26;9.38;56;35;35;12;23;62.50;34.29
51088;100201;1;Muzeum Regionalne 99-300 Kutno Plac Marszałka Józefa Piłsudskiego 20;1907;362;362;8;354;18.98;2.21;1898;911;911;16;895;48.00;1.76
51089;100201;2;Zespół Szkół Nr 1 im. St. Staszica 99-300 Kutno ul. Oporowska 7;1592;376;377;12;364;23.62;3.19;1590;810;811;16;794;50.94;1.98
51090;100201;3;Świetlica RSM „Pionier” 99-300 Kutno ul. Staszica 21;1915;469;469;10;459;24.49;2.13;1869;975;975;14;961;52.17;1.44
51091;100201;4;Zespół Szkół Nr 3 im. Władysława Grabskiego 99-300 Kutno ul. Kościuszki 24;1652;434;434;16;418;26.27;3.69;1605;845;845;15;830;52.65;1.78
51092;100201;5;I Liceum Ogólnokształcące im. Gen. J.H.Dąbrowskiego 99-300 Kutno ul. Gen. Dąbrowskiego 1;1644;358;358;12;346;21.78;3.35;1582;799;799;8;791;50.51;1.00
51093;100201;6;Gimnazjum Nr 2 im. Marszałka Józefa Piłsudskiego 99-300 Kutno ul. Staszica 6;1713;370;370;5;365;21.60;1.35;1678;856;856;12;844;51.01;1.40
51094;100201;7;Przedszkole Miejskie Nr 17 „NIEZAPOMINAJKA” 99-300 Kutno ul. Józefa Wybickiego 1;1806;461;461;21;440;25.53;4.56;1783;929;929;21;908;52.10;2.26
51095;100201;8;Przedszkole Miejskie Nr 17 „NIEZAPOMINAJKA” 99-300 Kutno ul. Józefa Wybickiego 1;1980;352;352;12;340;17.78;3.41;1932;893;893;26;867;46.22;2.91
51096;100201;9;Szkoła Podstawowa Nr 1 im. Tadeusza Kościuszki 99-300 Kutno ul. Kanclerza Andrzeja Zamoyskiego 1;1767;369;369;13;356;20.88;3.52;1714;897;897;18;879;52.33;2.01
51097;100201;10;Szkoła Podstawowa Nr 4 im. Mikołaja Kopernika 99-300 Kutno ul. Narutowicza 22;1888;289;289;13;276;15.31;4.50;1816;672;674;24;648;37.00;3.57
51098;100201;11;Budynek H. Kołodziejczak 99-300 Kutno ul. Zimowa 10;1774;364;364;8;356;20.52;2.20;1772;897;897;12;885;50.62;1.34
51099;100201;12;Gimnazjum Nr 3 im. Henryka Sienkiewicza 99-300 Kutno ul.Łęczycka 11;1860;421;421;12;409;22.63;2.85;1806;897;897;17;880;49.67;1.90
51100;100201;13;P.W. „AUTO-MOTO-KUTNO” E. Z. Kwiatkowscy 99-300 Kutno ul. Sienkiewicza 28;1976;342;342;10;332;17.31;2.92;1932;898;898;25;873;46.48;2.78
51101;100201;14;Szkoła Podstawowa Nr 6 im. Marii Skłodowskiej-Curie 99-300 Kutno ul. Łąkoszyńska 9;1982;388;388;21;367;19.58;5.41;1966;957;957;22;935;48.68;2.30
51102;100201;15;Szkoła Podstawowa nr 6 im. Marii Skłodowskiej-Curie 99-300 Kutno ul. Łąkoszyńska 9;1708;490;490;8;482;28.69;1.63;1714;934;934;14;920;54.49;1.50
51103;100201;16;Przedszkole Miejskie Nr 15 „Bajka” 99-300 Kutno ul. Władysława Jagiełły 4a;1652;492;492;19;473;29.78;3.86;1589;950;950;11;939;59.79;1.16
51104;100201;17;Przedszkole Miejskie Nr 8 „Promyczek” 99-300 Kutno ul. Dr. Antoniego Troczewskiego 2a;1866;380;380;15;365;20.36;3.95;1804;898;898;23;875;49.78;2.56
51105;100201;18;Gimnazjum Nr 1 im. Adama Mickiewicza 99-300 Kutno ul. Dr. Antoniego Troczewskiego 2;1845;453;453;19;434;24.55;4.19;1804;880;880;22;858;48.78;2.50
51106;100201;19;Przedszkole Miejskie Nr 15 „Bajka” 99-300 Kutno ul. Władysława Jagiełły 4a;1835;435;435;10;425;23.71;2.30;1794;951;951;15;936;53.01;1.58
51107;100201;20;Szkoła Podstawowa Nr 9 im. Wł. Jagiełły 99-300 Kutno ul. Władysława Jagiełły 6;1693;378;378;13;365;22.33;3.44;1647;887;887;9;878;53.86;1.01
51108;100201;21;Szkoła Podstawowa Nr 9 im. Wł. Jagiełły 99-300 Kutno ul. Władysława Jagiełły 6;1681;344;344;6;338;20.46;1.74;1669;801;801;20;781;47.99;2.50
90406;100201;22;Dom Pomocy Społecznej 99-300 Kutno ul. Oporowska 27;83;24;24;4;20;28.92;16.67;83;24;24;6;18;28.92;25.00
90407;100201;23;Dom Pomocy Społecznej 99-300 Kutno ul. Bolesława Krzywoustego 11;64;35;35;5;30;54.69;14.29;59;29;29;10;19;49.15;34.48
90408;100201;24;Dom Pomocy Społecznej prow. Przez Zgrom. SS Albertynek 99-300 Kutno ul. Jana III Sobieskiego 49;54;23;23;1;22;42.59;4.35;71;43;43;1;42;60.56;2.33
90409;100201;25;„Kutnowski Szpital Samorządowy” Spółka z o.o. NZOZ „Kutnowski Szpital Samorządowy im. dr. Antoniego Troczewskiego” 99-300 Kutno ul. Kościuszki 52;173;6;6;1;5;3.47;16.67;173;41;41;2;39;23.70;4.88
51109;100202;1;Gminny Ośrodek Kultury 99-311 Bedlno 28A;1253;195;195;17;178;15.56;8.72;1234;472;472;33;439;38.25;6.99
51110;100202;2;Szkoła Podstawowa im. 37 Łęczyckiego Pułku Piechoty im. ks. J. Poniatowskiego 99-311 Plecka Dąbrowa 56;1330;194;194;9;185;14.59;4.64;1310;495;495;16;479;37.79;3.23
51111;100202;3;Szkoła Podstawowa im. Bohaterów Walk nad Bzurą 99-311 Szewce Nadolne 14;579;68;68;1;67;11.74;1.47;559;236;236;10;226;42.22;4.24
51112;100202;4;Szkoła Podstawowa im. Marii Konopnickiej 99-311 Żeronice 37A;895;116;116;6;110;12.96;5.17;893;369;369;17;352;41.32;4.61
51113;100202;5;Szkoła Podstawowa im. Kornela Makuszyńskiego 99-311 Pniewo 21;595;82;82;0;82;13.78;0.00;591;238;238;11;227;40.27;4.62
90410;100202;6;Dom Pomocy Społecznej 99-311 Pniewo 91;61;22;22;1;21;36.07;4.55;61;15;15;2;13;24.59;13.33
90411;100202;7;Dom Pomocy Społecznej 99-311 Wojszyce 47;68;42;42;3;39;61.76;7.14;67;37;37;6;31;55.22;16.22
51114;100203;1;Zespół Szkół 99-352 Dąbrowice ul. Kłodawska 1;1640;312;312;21;291;19.02;6.73;905;374;374;8;366;41.33;2.14
51115;100204;1;Gminne Centrum Kultury, Sportu i Rekreacji Ośrodek Kultury 99-340 Krośniewice ul. Kolejowa 21;1584;282;282;11;271;17.80;3.90;1562;724;724;31;693;46.35;4.28
51116;100204;2;Świetlica osiedlowa 99-340 Krośniewice ul. Błonie (Andersówka) 9;338;60;60;3;57;17.75;5.00;319;142;142;18;124;44.51;12.68
51117;100204;3;Szkoła Podstawowa Nr 1 99-340 Krośniewice ul. Poznańska 15;922;75;75;14;61;8.13;18.67;937;307;307;18;289;32.76;5.86
51118;100204;4;Zespół Szkół Nr 1 99-340 Krośniewice ul. Łęczycka 17;970;172;172;5;167;17.73;2.91;971;369;369;23;346;38.00;6.23
51119;100204;5;Budynek po Liceum Ogólnokształcącym 99-340 Krośniewice ul. Łęczycka 19a;816;174;174;3;171;21.32;1.72;816;378;378;13;365;46.32;3.44
51120;100204;6;Katolicka Szkoła Podstawowa z Oddziałami Przedszkolnymi im. bł. Jana Pawła II 99-340 Zalesie;567;47;47;3;44;8.29;6.38;567;229;229;14;215;40.39;6.11
51121;100204;7;Szkoła Podstawowa Fundacji „Elementarz” z Oddziałem Przedszkolnym 99-340 Jankowice;503;39;39;4;35;7.75;10.26;502;162;162;17;145;32.27;10.49
51122;100204;8;Szkoła Podstawowa im. gen. Władysława Andersa 99-340 Nowe;991;108;108;10;98;10.90;9.26;983;335;335;28;307;34.08;8.36
51123;100204;9;Świetlica wiejska 99-340 Szubsk Duży 18;483;69;69;6;63;14.29;8.70;479;171;171;5;166;35.70;2.92
51124;100205;1;Urząd Gminy 99- 314 Krzyżanów 10;1258;186;186;2;184;14.79;1.08;1265;428;428;31;397;33.83;7.24
51125;100205;2;Szkoła Podstawowa 99-314 Kaszewy Dworne 19;550;119;119;4;115;21.64;3.36;547;223;223;7;216;40.77;3.14
51126;100205;3;Szkoła Podstawowa 99-314 Ktery 34;1011;165;165;14;151;16.32;8.48;990;348;348;5;343;35.15;1.44
51127;100205;4;Remiza Ochotniczej Straży Pożarnej 99-314 Wały B 27a;767;155;155;8;147;20.21;5.16;768;335;335;3;332;43.62;0.90
51128;100206;1;Szkoła Podstawowa 99-300 Strzegocin 4;918;115;115;4;111;12.53;3.48;912;313;313;13;300;34.32;4.15
51129;100206;2;Ośrodek Kultury Gminy Kutno 99-300 Leszczynek 49a;1429;256;256;18;238;17.91;7.03;1459;661;661;12;649;45.31;1.82
51130;100206;3;Szkoła Podstawowa 99-300 Wroczyny 59A;490;91;91;4;87;18.57;4.40;489;204;204;6;198;41.72;2.94
51131;100206;4;Zespół Szkół 99-300 Gołębiewek Nowy 54;769;136;136;5;131;17.69;3.68;781;359;359;6;353;45.97;1.67
51132;100206;5;Budynek po byłej Szkole Podstawowej 99-300 Gołębiew Stary 1;1428;274;274;8;266;19.19;2.92;1400;615;615;13;602;43.93;2.11
51133;100206;6;Katolicka Szkoła Podstawowa SPSK 99-300 Wierzbie 34;565;110;110;3;107;19.47;2.73;549;270;270;5;265;49.18;1.85
51134;100206;7;Świetlica Wiejska 99-300 Woźniaków 55;800;192;192;8;184;24.00;4.17;815;408;408;15;393;50.06;3.68
51135;100206;8;ZDZ w Warszawie Centrum Kształcenia w Kutnie 99-300 Bielawki 31;645;113;113;5;108;17.52;4.42;641;280;280;14;266;43.68;5.00
51136;100207;1;Świetlica wiejska 99-306 Łanięta 15g;1189;150;150;14;136;12.62;9.33;1168;400;400;18;382;34.25;4.50
51137;100207;2;Remiza Ochotniczej Straży Pożarnej 99-306 Suchodębie 50;710;115;115;7;108;16.20;6.09;720;264;264;14;250;36.67;5.30
90412;100207;3;DPS w Woli Chruścińskiej 99-306 Wola Chruścińska 4;49;31;31;0;31;63.27;0.00;55;37;37;0;37;67.27;0.00
51138;100208;1;Szkoła Podstawowa 99-350 Ostrowy 8;1180;170;170;8;162;14.41;4.71;1174;423;423;14;409;36.03;3.31
51139;100208;2;Urząd Gminy 99-350 Nowe Ostrowy 80;966;154;154;13;141;15.94;8.44;953;347;347;13;334;36.41;3.75
51140;100208;3;Ochotnicza Straż Pożarna 99-350 Grochów 25;479;60;60;5;55;12.53;8.33;480;178;178;6;172;37.08;3.37
51141;100208;4;Budynek po Szkole Podstawowej 99-350 Wola Pierowa 28;379;46;46;6;40;12.14;13.04;370;125;125;10;115;33.78;8.00
51142;100209;1;Zespół Szkół 99-322 Oporów 57;1233;182;182;5;177;14.76;2.75;1220;518;518;37;481;42.46;7.14
51143;100209;2;Zespół Szkół 99-311 Szczyt 6A;989;152;152;8;144;15.37;5.26;990;383;383;19;364;38.69;4.96
51144;100210;1;Gminny Ośrodek Kultury 99 - 307 Strzelce ul. Główna 10;1608;288;288;8;280;17.91;2.78;1624;681;681;32;649;41.93;4.70
51145;100210;2;Ośrodek Zdrowia 99 - 306 Siemianów 24;637;104;104;0;104;16.33;0.00;627;253;253;10;243;40.35;3.95
51146;100210;3;Budynek byłej Szkoły Podstawowowej 99 - 307 Muchnice Nowe 32;631;118;118;7;111;18.70;5.93;627;269;269;14;255;42.90;5.20
51147;100210;4;Świetlica wiejska 99 - 307 Muchnów 38;439;69;69;4;65;15.72;5.80;439;173;173;4;169;39.41;2.31
51148;100211;1;Szkoła Podstawowa 99-319 Grabów ul. Szkolna 4;1687;206;206;12;194;12.21;5.83;1665;577;577;24;553;34.65;4.16
51149;100211;2;Świetlica w budynku Ochotniczej Straży Pożarnej 99-321 Śleszyn ul. Górna 3;695;114;114;4;110;16.40;3.51;679;269;269;16;253;39.62;5.95
51150;100211;3;Społeczna Szkoła Podstawowa 99-320 Orątki Dolne 1;445;51;51;3;48;11.46;5.88;442;144;144;5;139;32.58;3.47
51151;100211;4;Urząd Gminy (sala konferencyjna) 99-320 Żychlin ul. Barlickiego 15A;1462;225;225;10;215;15.39;4.44;1422;604;604;16;588;42.48;2.65
51152;100211;5;Zespół Szkół Nr 1 99-320 Żychlin ul. Łukasińskiego 21;1335;217;217;12;205;16.25;5.53;1296;587;587;16;571;45.29;2.73
51153;100211;6;Szkoła Podstawowa Nr 1 (stołówka) 99-320 Żychlin ul. 1 Maja 23;1383;190;190;13;177;13.74;6.84;1354;486;486;27;459;35.89;5.56
51154;100211;7;Żychliński Dom Kultury 99-320 Żychlin ul. Fabryczna 3;782;84;84;3;81;10.74;3.57;766;223;223;13;210;29.11;5.83
51155;100211;8;Zespół Szkolno-Przedszkolny (stołówka) 99-320 Żychlin ul. Żeromskiego 8;1467;256;256;14;242;17.45;5.47;1422;636;636;23;613;44.73;3.62
51156;100211;9;Zespół Szkolno-Przedszkolny (sala gimnastyczna) 99-320 Żychlin ul. Żeromskiego 8;1206;200;200;13;187;16.58;6.50;1184;551;551;11;540;46.54;2.00
51157;100301;1;Zespół Szkoły Podstawowej i Gimnazjum Publicznego 98-113 Buczek Szkolna 3;1922;347;347;9;338;18.05;2.59;1939;907;907;23;884;46.78;2.54
51158;100301;2;Budynek OSP 98-113 Brodnia Górna 45;556;76;76;1;75;13.67;1.32;546;242;242;8;234;44.32;3.31
51159;100301;3;Szkoła Filialna 98-113 Czestków B 10c;660;110;110;3;107;16.67;2.73;666;328;328;10;318;49.25;3.05
51160;100301;4;Szkoła Podstawowa 98-113 Malenia 1;451;92;92;4;88;20.40;4.35;436;207;207;2;205;47.48;0.97
51161;100301;5;Budynek OSP 98-113 Luciejów 50a;477;85;85;2;83;17.82;2.35;481;197;197;3;194;40.96;1.52
51162;100302;1;Publiczne Gimnazjum Nr 1 98-100 Łask Narutowicza 28;1197;322;322;18;304;26.90;5.59;1162;687;687;16;671;59.12;2.33
51163;100302;2;Publiczne Gimnazjum Nr 1 98-100 Łask Narutowicza 28;1069;209;209;16;193;19.55;7.66;1031;458;458;9;449;44.42;1.97
51164;100302;3;Łaski Dom Kultury 98-100 Łask Narutowicza 11;1478;433;433;6;427;29.30;1.39;1422;786;786;20;766;55.27;2.54
51165;100302;4;Szkoła Podstawowa Nr 1 98-100 Łask 9 Maja 12;1822;338;338;5;333;18.55;1.48;1798;868;868;19;849;48.28;2.19
51166;100302;5;Specjalny Ośrodek Szkolno-Wychowawczy 98-100 Łask Mickiewicza 6;1241;334;334;8;326;26.91;2.40;1208;749;749;17;732;62.00;2.27
51167;100302;6;Publiczne Gimnazjum Nr 2 98-100 Łask Berligna 1;1285;275;275;11;264;21.40;4.00;1262;691;691;22;669;54.75;3.18
51168;100302;7;Publiczne Gimnazjum Nr 2 98-100 Łask Berlinga 1;1201;316;316;11;305;26.31;3.48;1155;617;617;19;598;53.42;3.08
51169;100302;8;Szkoła Podstawowa Nr 5 98-100 Łask Szkolna 1;1791;473;473;13;460;26.41;2.75;1767;1001;1001;18;983;56.65;1.80
51170;100302;9;Zespół Szkół Ogólnokształcących 98-100 Łask Toruńska 1;1299;303;303;9;294;23.33;2.97;1264;615;615;15;600;48.66;2.44
51171;100302;10;Przedszkole Publiczne Nr 4 98-100 Łask Łączna 1;1213;275;275;6;269;22.67;2.18;1205;581;582;13;568;48.22;2.24
51172;100302;11;Przedszkole Publiczne Nr 4 98-100 Łask Łączna 1;1210;305;305;14;291;25.21;4.59;1203;652;652;8;644;54.20;1.23
51173;100302;12;Niepubliczna Szkoła Podstawowa w Teodorach 98-100 Teodory 62;1285;323;323;13;310;25.14;4.02;1300;745;745;14;731;57.31;1.88
51174;100302;13;Szkoła Podstawowa Nr 1 98-100 Łask 9 Maja 12;795;176;176;4;172;22.14;2.27;816;425;425;8;417;52.08;1.88
51175;100302;14;Niepubliczna Szkoła Podstawowa w Łopatkach 98-100 Łopatki 24;744;107;107;3;104;14.38;2.80;741;320;320;20;300;43.18;6.25
51176;100302;15;Szkoła Podstawowa w Okupie 98-100 Okup Mały Akacjowa 4;1137;163;163;5;158;14.34;3.07;1154;508;508;11;497;44.02;2.17
51177;100302;16;Szkoła Podstawowa w Bałuczu 98-100 Bałucz 32;1060;195;195;5;190;18.40;2.56;1089;477;477;10;467;43.80;2.10
51178;100302;17;Niepubliczna Szkoła Podstawowa we Wrzeszewicach 98-100 Wrzeszczewice 14;714;85;85;6;79;11.90;7.06;705;245;245;6;239;34.75;2.45
51179;100302;18;Szkoła Podstawowa w Wiewiórczynie 98-100 Wiewiórczyn Szkolna 1;1196;251;251;10;241;20.99;3.98;1173;559;559;21;538;47.66;3.76
51180;100302;19;Szkoła Podstawowa w Wiewiórczynie 98-100 Wiewiórczyn Szkolna 1;1190;205;205;4;201;17.23;1.95;1197;492;492;15;477;41.10;3.05
90413;100302;20;Centrum Dializa Sp. z o.o. - Szpital 98-100 Łask ul. Warszawska 62A;85;32;32;1;31;37.65;3.12;79;37;37;3;34;46.84;8.11
51181;100303;1;Zespół Szkół Ogólnokształcących Nr 1 w Sędziejowicach 98-160 Sędziejowice Powstańców 1863 roku 6;969;234;234;6;228;24.15;2.56;931;466;466;9;457;50.05;1.93
51182;100303;2;Świetlica Wiejska w Osinach 98-160 Osiny 17A;426;56;56;5;51;13.15;8.93;428;177;177;10;167;41.36;5.65
51183;100303;3;Zespół Szkół w Marzeninie 98-160 Marzenin Łaska 7;1236;216;216;14;202;17.48;6.48;1247;626;626;21;605;50.20;3.35
51184;100303;4;Remiza OSP w Pruszkowie 98-160 Pruszków Główna 16;581;108;108;7;101;18.59;6.48;583;256;256;12;244;43.91;4.69
51185;100303;5;Remiza OSP w Grabi 98-160 Grabia 23;375;60;60;2;58;16.00;3.33;374;169;169;4;165;45.19;2.37
51186;100303;6;Remiza OSP w Grabnie 98-160 Grabno 2;817;140;140;4;136;17.14;2.86;810;375;375;13;362;46.30;3.47
51187;100303;7;Gminny Ośrodek Kultury w Sędziejowicach 98-160 Sędziejowice Wieluńska 7;854;131;131;3;128;15.34;2.29;856;421;421;21;400;49.18;4.99
51188;100304;1;Gminny Ośrodek Kultury 98-170 Widawa Mickiewicza 3;1265;176;176;9;167;13.91;5.11;1251;472;472;26;446;37.73;5.51
51189;100304;2;Szkoła Podstawowa 98-170 Brzyków 23;796;125;125;3;122;15.70;2.40;797;335;335;15;320;42.03;4.48
51190;100304;3;Zespół Szkół 98-170 Chociw 191;1154;188;188;10;178;16.29;5.32;1133;528;528;19;509;46.60;3.60
51191;100304;4;Budynek wiejski 98-170 Zborów 18;730;132;132;9;123;18.08;6.82;736;328;328;13;315;44.57;3.96
51192;100304;5;Szkoła Podstawowa 98-170 Ochle 2;470;74;74;2;72;15.74;2.70;466;196;196;14;182;42.06;7.14
51193;100304;6;Szkoła Podstawowa 98-170 Restarzew Cmentarny 11;611;93;93;5;88;15.22;5.38;588;224;224;11;213;38.10;4.91
51194;100304;7;Zespół Szkół 98-170 Widawa Wieluńska 17;1400;310;310;9;301;22.14;2.90;1418;796;796;22;774;56.14;2.76
51195;100305;1;Urząd Gminy w Wodzieradach 98-105 Wodzierady 24;1503;294;294;13;281;19.56;4.42;1547;768;768;35;733;49.64;4.56
51196;100305;2;Publiczne Gimnazjum w Kwiatkowicach 98-105 Wodzierady Szkolna 17A;1181;198;198;7;191;16.77;3.54;1212;604;604;22;582;49.83;3.64
51197;100401;1;Przedsiębiorstwo Gospodarki Komunalnej i Mieszkaniowej Sp. z o.o. 99-100 Łęczyca ul. Tumska 2;691;183;183;3;180;26.48;1.64;691;402;402;13;389;58.18;3.23
51198;100401;2;Szkoła Podstawowa Nr 4 99-100 Łęczyca ul. Ozorkowskie Przedmieście 6C;1554;385;385;19;366;24.77;4.94;1539;762;762;20;742;49.51;2.62
51199;100401;3;Urząd Miejski 99-100 Łęczyca ul. Konopnickiej 14;1586;265;265;8;257;16.71;3.02;1577;615;615;30;585;39.00;4.88
51200;100401;4;Stowarzyszenie Abstynentów i Rodzin Abstynenckich Klubu „ Przebudzenie „ 99-100 Łęczyca ul. Belwederska 38;767;166;166;3;163;21.64;1.81;742;409;409;12;397;55.12;2.93
51201;100401;5;Przedszkole Nr 4 99-100 Łęczyca ul. Bitwy nad Bzurą 26A;1605;382;382;8;374;23.80;2.09;1567;789;789;17;772;50.35;2.15
51202;100401;6;Szkoła Podstawowa Nr 3 99-100 Łęczyca ul. Zachodnia 23;1618;409;409;10;399;25.28;2.44;1591;840;840;28;812;52.80;3.33
51203;100401;7;Liceum Ogólnokształcące 99-100 Łęczyca ul. Konopnickiej 13;1613;393;393;32;361;24.36;8.14;1568;771;773;27;744;49.17;3.50
51204;100401;8;Bursa Szkolna 99-100 Łęczyca ul. Kaliska 13;1699;369;369;23;346;21.72;6.23;1669;765;765;27;738;45.84;3.53
51205;100401;9;Dom Kultury 99-100 Łęczyca al. Jana Pawła II 11;838;116;116;5;111;13.84;4.31;827;269;269;21;248;32.53;7.81
90414;100401;10;Zespół Opieki Zdrowotnej 99-100 Łęczyca Zachodnia 6;143;17;17;2;15;11.89;11.76;175;26;26;2;24;14.86;7.69
90415;100401;11;Dom Pomocy Społecznej 99-100 Łęczyca Kilińskiego 2;50;38;38;3;35;76.00;7.89;52;25;25;2;23;48.08;8.00
90416;100401;12;Zakład Opiekuńczo Leczniczy w Łęczycy 99-100 Łęczyca Lotnicza 2A;26;11;11;0;11;42.31;0.00;28;3;3;0;3;10.71;0.00
51206;100402;1;Urząd Gminy 99-107 Daszyna 34a;1721;214;214;10;204;12.43;4.67;1707;584;584;38;546;34.21;6.51
51207;100402;2;Szkoła Podstawowa 99-107 Mazew 68;1656;158;158;8;150;9.54;5.06;1641;514;514;23;491;31.32;4.47
51208;100403;1;Budynek po byłej szkole podstawowej 99-100 Tum 69;659;146;146;5;141;22.15;3.42;660;315;315;7;308;47.73;2.22
51209;100403;2;Świetlica wiejska 99-122 Witaszewice;643;90;90;4;86;14.00;4.44;644;220;220;10;210;34.16;4.55
51210;100403;3;Szkoła Podstawowa 99-122 Sługi 44;267;32;32;1;31;11.99;3.12;263;101;101;3;98;38.40;2.97
51211;100403;4;Gimnazjum 99-122 Nowy Gaj 23;619;86;86;6;80;13.89;6.98;617;224;224;4;220;36.30;1.79
51212;100403;5;Szkoła Podstawowa 99-122 Góra Świętej Małgorzaty 42;1417;144;144;3;141;10.16;2.08;1408;518;518;31;487;36.79;5.98
90417;100403;6;Dom Pomocy Społecznej 99-122 Karsznice 62;30;16;16;2;14;53.33;12.50;35;20;20;2;18;57.14;10.00
51213;100404;1;Szkoła Podstawowa 99-150 Chorki 8;784;134;134;8;126;17.09;5.97;770;314;314;25;289;40.78;7.96
51214;100404;2;Szkoła Podstawowa 99-150 Stara Sobótka 32;1009;179;179;7;172;17.74;3.91;1006;337;337;14;323;33.50;4.15
51215;100404;3;Szkoła Podstawowa 99-150 Kadzidłowa 22;408;46;46;0;46;11.27;0.00;400;111;111;3;108;27.75;2.70
51216;100404;4;Remiza OSP 99-150 Besiekiery 14;734;84;84;2;82;11.44;2.38;750;245;245;10;235;32.67;4.08
51217;100404;5;Remiza OSP 99-150 Byszew 36;359;57;57;4;53;15.88;7.02;358;150;150;8;142;41.90;5.33
51218;100404;6;Gimnazjum 99-150 Grabów ul. Jana Kochanowskiego 2;967;188;188;5;183;19.44;2.66;962;433;433;15;418;45.01;3.46
51219;100404;7;Gimnazjum 99-150 Grabów ul. Jana Kochanowskiego 2;899;114;114;3;111;12.68;2.63;886;313;313;10;303;35.33;3.19
51220;100405;1;Gimnazjum 99-100 Topola Królewska 66;1432;223;223;7;216;15.57;3.14;1426;556;557;11;545;38.99;1.98
51221;100405;2;Szkoła Podstawowa 99-100 Siedlec 16a;890;188;188;9;179;21.12;4.79;874;352;352;24;328;40.27;6.82
51222;100405;3;Szkoła Podstawowa 99-100 Błonie 33a;944;110;110;5;105;11.65;4.55;934;308;308;9;299;32.98;2.92
51223;100405;4;Szkoła Podstawowa 99-100 Leźnica Mała 36;962;127;127;7;120;13.20;5.51;965;374;374;29;345;38.76;7.75
51224;100405;5;Budynek po byłej szkole podstawowej 99-100 Janków 8;427;38;38;3;35;8.90;7.89;419;135;135;11;124;32.22;8.15
51225;100405;6;Szkoła Podstawowa 99-100 Wilczkowice Średnie 1;955;192;192;2;190;20.10;1.04;961;438;440;37;401;45.58;8.45
51226;100405;7;Remiza Ochotniczej Straży Pożarnej 99-100 Topola Katowa 21;417;70;70;2;68;16.79;2.86;416;174;174;5;169;41.83;2.87
51227;100405;8;Remiza Ochotniczej Straży Pożarnej 99-100 Lubień 20a;991;174;174;6;168;17.56;3.45;1005;427;427;20;407;42.49;4.68
90418;100405;9;Zakład Karny w Garbalinie 99-100 Garbalin 18;918;96;96;9;87;10.46;9.38;844;246;246;43;203;29.15;17.48
51228;100406;1;Zespół Szkół Mechanizacji Rolnictwa 99-120 Piątek ul. Kutnowska 19;1675;352;352;11;341;21.01;3.12;1659;799;799;26;773;48.16;3.25
51229;100406;2;Szkoła Podstawowa 99-120 Piątek ul. Szkolna 1;1363;225;225;11;214;16.51;4.89;1352;607;607;11;596;44.90;1.81
51230;100406;3;Szkoła Podstawowa 99-120 Czerników 11;989;137;137;2;135;13.85;1.46;996;387;387;9;378;38.86;2.33
51231;100406;4;Remiza Ochotniczej Straży Pożarnej 99-120 Goślub 15;744;110;110;4;106;14.78;3.64;741;288;288;12;276;38.87;4.17
51232;100406;5;Remiza Ochotniczej Straży Pożarnej 99-120 Janków 2;348;87;87;0;87;25.00;0.00;350;154;154;4;150;44.00;2.60
51233;100407;1;Sala OSP 99-140 Chwalborzyce 10a;559;94;94;7;87;16.82;7.45;547;205;205;18;187;37.48;8.78
51234;100407;2;Szkoła Podstawowa 99-140 Świnice Warckie ul. Szkolna 5;1207;246;246;8;238;20.38;3.25;1221;545;545;22;523;44.64;4.04
51235;100407;3;Szkoła Podstawowa 99-140 Piaski 23;923;109;109;7;102;11.81;6.42;920;327;327;13;314;35.54;3.98
51236;100407;4;Sala OSP 99-140 Grodzisko 14;615;113;113;6;107;18.37;5.31;610;252;252;11;241;41.31;4.37
51237;100408;1;Budynek byłej Szkoły Podstawowej 99-335 Kuchary 51;508;74;74;5;69;14.57;6.76;518;172;172;14;158;33.20;8.14
51238;100408;2;Szkoła Podstawowa 99-335 Witonia ul. Szkolna 4;1352;205;205;8;197;15.16;3.90;1318;512;512;13;499;38.85;2.54
51239;100408;3;Świetlica OSP 99-335 Anusin 29;411;76;76;6;70;18.49;7.89;406;179;179;13;166;44.09;7.26
51240;100408;4;Świetlica wiejska 99-335 Gozdków 2;537;72;72;9;63;13.41;12.50;532;179;179;10;169;33.65;5.59
51241;100501;1;Zespół Szkół 99-400 Łowicz ul. Grunwaldzka 9;1296;324;324;7;317;25.00;2.16;1303;706;706;16;690;54.18;2.27
51242;100501;2;Zespół Szkół 99-400 Łowicz ul. Grunwaldzka 9;1190;155;155;7;148;13.03;4.52;1202;475;475;15;460;39.52;3.16
51243;100501;3;Przedszkole nr 5 99-400 Łowicz ul. Chełmońskiego 4;1354;338;338;14;324;24.96;4.14;1354;734;734;14;720;54.21;1.91
51244;100501;4;Przedszkole nr 3 99-400 Łowicz ul.3 Maja 4;1360;325;325;18;307;23.90;5.54;1344;823;823;19;804;61.24;2.31
51245;100501;5;Budynek zaplecza boiska Ośrodka Sportu i Rekreacji 99-400 Łowicz ul. Bolimowska 15/19;1344;405;405;10;395;30.13;2.47;1323;731;731;20;711;55.25;2.74
51246;100501;6;Szkoła Podstawowa nr 1 99-400 Łowicz ul. Kaliska 12;931;247;247;6;241;26.53;2.43;927;440;440;6;434;47.46;1.36
51247;100501;7;Szkoła Podstawowa nr 1 99-400 Łowicz ul. Kaliska 12;967;287;287;6;281;29.68;2.09;958;527;527;10;517;55.01;1.90
51248;100501;8;I Liceum Ogólnokształcące 99-400 Łowicz ul. Bonifraterska 3;1061;212;212;5;207;19.98;2.36;1038;452;452;12;440;43.55;2.65
51249;100501;9;Przedszkole nr 4 99-400 Łowicz ul. Generała Sikorskiego 2;1190;317;317;16;301;26.64;5.05;1164;605;605;10;595;51.98;1.65
51250;100501;10;Gimnazjum nr 1 99-400 Łowicz ul. Aleje Sienkiewicza 62;915;272;272;5;267;29.73;1.84;904;516;516;8;508;57.08;1.55
51251;100501;11;Przedszkole nr 2 99-400 Łowicz ul. Starzyńskiego 5a;845;232;232;10;222;27.46;4.31;841;462;462;9;453;54.93;1.95
51252;100501;12;Przedszkole nr 1 99-400 Łowicz ul. Ułańska 1;1043;310;310;6;304;29.72;1.94;1036;590;590;13;577;56.95;2.20
51253;100501;13;Szkoła Podstawowa nr 4 99-400 Łowicz ul. Stanisławskiego 31;1115;305;305;13;292;27.35;4.26;1075;615;615;8;607;57.21;1.30
51254;100501;14;Szkoła Policealna Samorządu Województwa Łódzkiego 99-400 Łowicz ul. Ułańska 2;1342;245;245;8;237;18.26;3.27;1328;626;626;20;606;47.14;3.19
51255;100501;15;Specjalny Ośrodek Szkolno-Wychowawczy 99-400 Łowicz ul. Powstańców 1863 r. 12;1257;273;273;13;260;21.72;4.76;1235;657;657;16;641;53.20;2.44
51256;100501;16;Przedszkole nr 10 99-400 Łowicz ul. Księżacka 26;1308;309;309;8;301;23.62;2.59;1294;719;719;13;706;55.56;1.81
51257;100501;17;Hala Sportowa Ośrodka Sportu i Rekreacji nr 2 99-400 Łowicz ul. Topolowa 2;1134;276;276;5;271;24.34;1.81;1121;605;605;12;593;53.97;1.98
51258;100501;18;Zespół Szkół z Oddziałami Integracyjnymi 99-400 Łowicz ul. Młodzieżowa 15;1098;247;247;11;236;22.50;4.45;1072;621;621;22;599;57.93;3.54
51259;100501;19;Zespół Szkół z Oddziałami Integracyjnymi 99-400 Łowicz ul. Młodzieżowa 15;1089;264;264;6;258;24.24;2.27;1074;602;602;12;590;56.05;1.99
51260;100501;20;Przedszkole nr 7 99-400 Łowicz ul. Wiosenna 2;948;185;185;6;179;19.51;3.24;955;493;493;10;483;51.62;2.03
51261;100501;21;Przedszkole nr 7 99-400 Łowicz ul. Wiosenna 2;946;209;209;7;202;22.09;3.35;937;480;480;15;465;51.23;3.12
90419;100501;22;Szpital Zespołu Opieki Zdrowotnej 99-400 Łowicz ul. Ułańska 28;49;15;15;1;14;30.61;6.67;50;19;19;0;19;38.00;0.00
90420;100501;23;Zakład Karny 99-400 Łowicz ul. Wiejska 3;661;153;153;29;124;23.15;18.95;600;221;221;33;188;36.83;14.93
51262;100502;1;Szkoła Podstawowa 99-423 Bielawy ul.Parzew 20A;1320;210;210;11;199;15.91;5.24;1307;548;550;16;532;41.93;2.92
51263;100502;2;Zespół Szkolno-Przedszkolny 99-423 Sobota ul.Warszawska 22;780;109;109;2;107;13.97;1.83;772;292;292;14;278;37.82;4.79
51264;100502;3;Dom Ludowy 99-423 Chruślin 47A;659;115;115;11;104;17.45;9.57;662;249;249;10;239;37.61;4.02
51265;100502;4;Zespół Szkół Stowarzyszenia Rozwoju Wsi Waliszew i Okolic im.Jana Pawła II 99-423 Stary Waliszew 20A;658;144;144;12;132;21.88;8.33;697;390;390;13;377;55.95;3.33
51266;100502;5;Budynek Administracyjno Biurowy 99-423 Borów 48/2;637;76;76;4;72;11.93;5.26;629;239;239;12;227;38.00;5.02
51267;100502;6;Szkoła Podstawowa 99-423 Oszkowice 29;559;97;97;2;95;17.35;2.06;561;236;236;10;226;42.07;4.24
90421;100502;7;Dom Pomocy Społecznej 99-423 Borówek 56;70;24;24;7;17;34.29;29.17;70;22;22;6;16;31.43;27.27
90422;100502;8;Oddział Fizjoterapii i Rehabilitacji w Stanisławowie Szpitala Zespolu Opieki Zdrowotnej w Łowiczu 99-423 Rulice Rulice 31;43;39;39;7;32;90.70;17.95;31;30;30;4;26;96.77;13.33
51268;100503;1;Zespół Szkół Publicznych 99-413 Błędów 20;743;206;206;4;202;27.73;1.94;744;372;372;7;365;50.00;1.88
51269;100503;2;Urząd Gminy 99-413 Chąśno 55;979;172;172;4;168;17.57;2.33;983;460;460;16;444;46.80;3.48
51270;100503;3;Szkoła Podstawowa 99-413 Mastki 1;741;164;164;16;148;22.13;9.76;726;318;318;19;299;43.80;5.97
51271;100504;1;Gminny Ośrodek Kultury 99-434 Domaniewice ul. Główna 3;1499;303;303;17;286;20.21;5.61;1487;780;780;29;751;52.45;3.72
51272;100504;2;Budynek po byłej Szkole Podstawowej 99-434 Krępa 96a;1292;175;175;4;171;13.54;2.29;1296;541;541;14;527;41.74;2.59
51273;100504;3;Szkoła Podstawowa 99-434 Skaratki 44a;969;157;157;6;151;16.20;3.82;952;411;411;16;395;43.17;3.89
51274;100505;1;Gminny Ośrodek Kultury 99-412 Kiernozia ul. Sobocka 1a;1623;300;300;12;288;18.48;4.00;1637;701;701;22;679;42.82;3.14
51275;100505;2;Budynek byłej Szkoły Podstawowej 99-412 Brodne-Józefów 13;711;120;120;4;116;16.88;3.33;700;303;303;10;293;43.29;3.30
51276;100505;3;Świetlica Wiejska 99-412 Wola Stępowska 56;565;79;79;0;79;13.98;0.00;532;202;202;12;190;37.97;5.94
51277;100506;1;Szkoła Podstawowa 99-414 Kocierzew Południowy 103;1919;420;420;4;416;21.89;0.95;1897;902;902;17;885;47.55;1.88
51278;100506;2;Szkoła Podstawowa 99-414 Gągolin Południowy 82;644;116;116;3;113;18.01;2.59;635;261;261;5;256;41.10;1.92
51279;100506;3;Filia w Boczkach Gminnej Biblioteki Publicznej w Kocierzewie Południowym 99-414 Boczki 84;1007;309;309;8;301;30.69;2.59;998;586;586;17;569;58.72;2.90
51280;100507;1;Szkoła Podstawowa 99-400 Popów ul. Poznańska 4;1082;214;214;6;208;19.78;2.80;1104;591;591;21;570;53.53;3.55
51281;100507;2;Szkoła Podstawowa 99-400 Zielkowice 145;906;158;158;7;151;17.44;4.43;897;409;409;18;391;45.60;4.40
51282;100507;3;Szkoła Podstawowa 99-400 Jamno 112;365;70;70;3;67;19.18;4.29;377;170;170;2;168;45.09;1.18
51283;100507;4;Gminna Biblioteka Publiczna 99-400 Bocheń 57a;889;211;211;6;205;23.73;2.84;906;459;459;15;444;50.66;3.27
51284;100507;5;Izba Pamięci ZNP 99-400 Pilaszków 24;952;165;165;6;159;17.33;3.64;956;414;414;14;400;43.31;3.38
51285;100507;6;Szkoła Podstawowa 99-400 Niedźwiada 43;912;189;189;3;186;20.72;1.59;924;439;439;4;435;47.51;0.91
51286;100507;7;Szkoła Podstawowa 99-400 Wygoda 78;615;80;80;4;76;13.01;5.00;606;260;260;12;248;42.90;4.62
51287;100507;8;Stowarzyszenie Osób Niepełnosprawnych „Tacy Sami” - Warsztaty Terapii Zajęciowej 99-400 Parma 36;369;87;87;4;83;23.58;4.60;370;189;189;9;180;51.08;4.76
51288;100508;1;Przedszkole 99-420 Łyszkowice ul.Gminna 5A;1606;261;261;10;251;16.25;3.83;1584;660;660;33;627;41.67;5.00
51289;100508;2;Szkoła Podstawowa 99-420 Seligów 41;437;49;49;1;48;11.21;2.04;444;141;141;11;130;31.76;7.80
51290;100508;3;Szkoła Podstawowa 99-418 Stachlew 57;676;112;112;10;102;16.57;8.93;666;294;294;13;281;44.14;4.42
51291;100508;4;Szkoła Podstawowa 99-420 Kalenice 119;764;101;101;0;101;13.22;0.00;760;250;250;3;247;32.89;1.20
51292;100508;5;Strażnica OSP 99-420 Czatolin 207A;482;50;50;2;48;10.37;4.00;479;181;181;8;173;37.79;4.42
51293;100508;6;Strażnica OSP 99-420 Łagów 62A;404;48;48;1;47;11.88;2.08;391;158;158;13;145;40.41;8.23
51294;100508;7;Strażnica OSP 99-420 Gzinka 21B;515;73;73;6;67;14.17;8.22;518;232;232;4;228;44.79;1.72
51295;100508;8;Strażnica OSP 99-418 Polesie 66A;551;79;79;5;74;14.34;6.33;548;253;253;17;236;46.17;6.72
51296;100509;1;Gimnazjum Nr 1 99-416 Kompina Aleja Legionów Polskich 8;448;121;121;4;117;27.01;3.31;435;235;235;7;228;54.02;2.98
51297;100509;2;Szkoła Podstawowa 99-416 Bednary Aleja Legionów Polskich 61;1228;240;240;6;234;19.54;2.50;1239;646;646;15;631;52.14;2.32
51298;100509;3;Zespół Placówek Oświatowych 99-416 Nieborów Aleja Legionów Polskich 92;1320;239;239;10;229;18.11;4.18;1317;612;612;25;587;46.47;4.08
51299;100509;4;Szkoła Podstawowa 99-416 Mysłaków 55 A;1084;186;186;4;182;17.16;2.15;1078;522;522;11;511;48.42;2.11
51300;100509;5;Szkoła Podstawowa 99-418 Bobrowniki 126;1022;246;246;8;238;24.07;3.25;1017;555;555;21;534;54.57;3.78
51301;100509;6;Szkoła Podstawowa 99-418 Bełchów 85;986;161;161;8;153;16.33;4.97;990;402;402;22;380;40.61;5.47
51302;100509;7;Filia Gminnego Ośrodka Kultury 99-418 Bełchów 1 Maja 9;1269;259;259;15;244;20.41;5.79;1268;700;700;29;671;55.21;4.14
51303;100509;8;Gimnazjum Nr 2 99-418 Dzierzgówek 15;359;57;57;3;54;15.88;5.26;359;175;175;11;164;48.75;6.29
51304;100510;1;Biblioteka Publiczna i Dom Kultury Gminy Zduny 99-440 Zduny 1F;1513;308;308;13;295;20.36;4.22;1505;677;677;19;658;44.98;2.81
51305;100510;2;Szkoła Podstawowa 99-440 Strugienice 38a;855;139;139;5;134;16.26;3.60;843;385;385;13;372;45.67;3.38
51306;100510;3;Szkoła Podstawowa 99-440 Bąków Górny 123;1413;252;252;12;240;17.83;4.76;1409;621;621;20;601;44.07;3.22
51307;100510;4;Dom Ludowy 99-440 Złaków Kościelny 96;1111;188;188;2;186;16.92;1.06;1100;539;539;10;529;49.00;1.86
51308;100602;1;Gminna Przychodnia Zdrowia Andrespol 95-020 Andrespol ul. Rokicińska 125;699;185;185;3;182;26.47;1.62;699;384;384;10;374;54.94;2.60
51309;100602;2;Samorządowe Przedszkole w Andrespolu 95-020 Andrespol ul. Ceramiczna 4;679;206;206;9;197;30.34;4.37;698;444;444;4;440;63.61;0.90
51310;100602;3;Urząd Gminy w Andrespolu 95-020 Andrespol ul. Rokicińska 126;711;197;197;5;192;27.71;2.54;705;451;451;7;444;63.97;1.55
51311;100602;4;Urząd Gminy w Andrespolu 95-020 Andrespol ul. Rokicińska 126;703;200;200;1;199;28.45;0.50;692;382;382;8;374;55.20;2.09
51312;100602;5;Dom Parafialny w Bedoniu Przykościelnym 95-020 Bedoń Przykościelny ul. Kościelna 25;1123;287;287;4;283;25.56;1.39;1133;650;650;16;634;57.37;2.46
51313;100602;6;Zespół Szkolno-Przedszkolny im. Jana Pawła II w Bedoniu Wsi 95-020 Bedoń-Wieś ul. Jarzębinowa 1;732;232;232;3;229;31.69;1.29;724;444;444;6;438;61.33;1.35
51314;100602;7;Rada Sołecka w Janówce 95-020 Janówka ul. Główna 53;762;234;234;10;224;30.71;4.27;767;442;442;4;438;57.63;0.90
51315;100602;8;Szkoła Podstawowa w Justynowie 95-020 Justynów ul. Łódzka 17;619;201;201;3;198;32.47;1.49;648;379;379;4;375;58.49;1.06
51316;100602;9;Szkoła Podstawowa w Justynowie 95-020 Justynów ul. Łódzka 17;644;185;185;4;181;28.73;2.16;649;383;383;2;381;59.01;0.52
51317;100602;10;Szkoła Podstawowa w Justynowie 95-020 Justynów ul. Łódzka 17;656;203;203;5;198;30.95;2.46;671;381;381;2;379;56.78;0.52
51318;100602;11;Świetlica Środowiskowa w Stróży 95-020 Stróża ul. Tuszyńska 148;792;264;264;2;262;33.33;0.76;814;509;509;10;499;62.53;1.96
51319;100602;12;Gimnazjum w Wiśniowej Górze 95-020 Wiśniowa Góra ul. Tuszyńska 32;910;206;206;6;200;22.64;2.91;922;510;510;11;499;55.31;2.16
51320;100602;13;Gminny Ośrodek Kultury w Wiśniowej Górze 95-020 Wiśniowa Góra ul. Tuszyńska 64;641;157;157;5;152;24.49;3.18;644;304;304;12;292;47.20;3.95
51321;100602;14;Hala Sportowa „GOSiR” w Wiśniowej Górze 95-020 Wiśniowa Góra ul. Tuszyńska 113;631;173;173;7;166;27.42;4.05;667;384;384;8;376;57.57;2.08
90423;100602;15;D.P.S. w Wiśniowej Górze 95-020 Wiśniowa Góra ul. Tuszyńska 56;78;71;71;0;71;91.03;0.00;71;39;39;2;37;54.93;5.13
51322;100603;1;Zespół Szkół w Kurowicach Filia Szkoły Podstawowej w Kurowicach z/s w Woli Rakowej 95-006 Wola Rakowa Szkolna 3;1008;252;252;8;244;25.00;3.17;1038;608;608;13;595;58.57;2.14
51323;100603;2;Zespół Szkół w Kurowicach Filia Szkoły Podstawowej w Kurowicach z/s w Woli Rakowej 95-006 Wola Rakowa Szkolna 3;936;194;194;1;193;20.73;0.52;949;488;488;12;476;51.42;2.46
51324;100603;3;Zespół Szkół w Kurowicach Szkoła Podstawowa im.Orła Białego w Kurowicach 95-006 Kurowice Szkolna 1;1347;340;340;6;334;25.24;1.76;1377;758;758;22;736;55.05;2.90
51325;100603;4;Zespół Szkolno-Przedszkolny w Bukowcu 95-006 Bukowiec Szkolna 3;650;167;167;6;161;25.69;3.59;674;374;374;4;370;55.49;1.07
51326;100603;5;Zespół Szkolno-Przedszkolny w Bukowcu 95-006 Bukowiec Szkolna 3;906;256;256;12;244;28.26;4.69;1005;662;662;8;654;65.87;1.21
51327;100607;1;Przedszkole Nr 1 w Koluszkach 95-040 Koluszki ul. Budowlanych 4A;1719;384;384;16;368;22.34;4.17;1699;827;827;25;802;48.68;3.02
51328;100607;2;Szkoła Podstawowa Nr 2 im. Marii Konopnickiej w Koluszkach 95-040 Koluszki ul. Kościuszki 16;1692;506;506;10;496;29.91;1.98;1671;1011;1011;23;988;60.50;2.27
51329;100607;3;Miejska Biblioteka Publiczna im. W. Strzemińskiego w Koluszkach 95-040 Koluszki ul. 11 Listopada 33;917;322;322;16;306;35.11;4.97;864;541;541;5;536;62.62;0.92
51330;100607;4;Ochotnicza Straż Pożarna w Koluszkach 95-040 Koluszki ul. 11 Listopada 39;1106;318;318;5;313;28.75;1.57;1078;623;623;17;606;57.79;2.73
51331;100607;5;Przedszkole Nr 2 w Koluszkach 95-040 Koluszki ul. Reja 5;1003;247;247;4;243;24.63;1.62;993;483;483;11;472;48.64;2.28
51332;100607;6;Gimnazjum Nr 2 im. Prymasa Tysiąclecia Stefana Kardynała Wyszyńskiego w Koluszkach 95-040 Koluszki ul. Mickiewicza 8;1145;330;330;2;328;28.82;0.61;1122;655;655;15;640;58.38;2.29
51333;100607;7;Miejsko-Gminny Ośrodek Pomocy Społecznej w Koluszkach ( stara siedziba Urzędu Miejskiego) wejście od ul. Wigury 95-040 Koluszki ul. Brzezińska 32;1207;279;279;2;277;23.12;0.72;1194;621;621;18;603;52.01;2.90
51334;100607;8;Szkoła Podstawowa Nr 1 im. Tadeusza Kościuszki w Koluszkach 95-040 Koluszki ul. Zagajnikowa 12;872;190;190;4;186;21.79;2.11;861;497;497;8;489;57.72;1.61
51335;100607;9;Szkoła Podstawowa nr 1 im. Tadeusza Kościuszki w Koluszkach 95-040 Koluszki ul. Zagajnikowa 12;1021;260;260;5;255;25.47;1.92;1016;545;545;6;539;53.64;1.10
51336;100607;10;Gimnazjum nr 2 im. Prymasa Tysiąclecia Stefana Kardynała Wyszyńskiego w Koluszkach 95-040 Koluszki ul. Mickiewicza 8;219;67;67;0;67;30.59;0.00;231;147;147;2;145;63.64;1.36
51337;100607;11;Przedszkole w Różycy 95-040 Różyca ul. Piotrkowska 11A;699;204;204;7;197;29.18;3.43;718;388;388;6;382;54.04;1.55
51338;100607;12;Szkoła Podstawowa im. Juliana Tuwima w Różycy 95-040 Różyca ul. Piotrkowska 11;957;246;246;3;243;25.71;1.22;970;565;565;12;553;58.25;2.12
51339;100607;13;Zespół Szkół w Gałkowie Dużym 95-041 Gałków Duży ul. Dzieci Polskich 14;813;260;260;11;249;31.98;4.23;802;456;456;9;447;56.86;1.97
51340;100607;14;Zespół Szkół w Gałkowie Dużym 95-041 Gałków Duży ul. Dzieci Polskich 14;824;232;232;6;226;28.16;2.59;825;460;460;10;450;55.76;2.17
51341;100607;15;Zespół Szkół w Gałkowie Dużym 95-041 Gałków Duży ul. Dzieci Polskich 14;674;215;215;7;208;31.90;3.26;673;418;418;12;406;62.11;2.87
51342;100607;16;Ochotnicza Straż Pożarna w Borowej 95-041 Borowa ul. Długa 166;751;168;168;1;167;22.37;0.60;772;408;408;1;407;52.85;0.25
51343;100607;17;Szkoła Podstawowa im. Jana Brzechwy w Będzelinie 95-040 Będzelin ul. Szkolna 10;326;64;64;4;60;19.63;6.25;320;148;148;8;140;46.25;5.41
51344;100607;18;Szkoła Podstawowa im. Juliana Tuwima w Różycy 95-040 Różyca ul. Piotrkowska 11;450;102;102;3;99;22.67;2.94;446;237;237;6;231;53.14;2.53
51345;100607;19;PKP Energetyka S.A.w Słotwinach 95-040 Słotwiny;819;175;175;8;167;21.37;4.57;803;350;350;14;336;43.59;4.00
51346;100607;20;Świetlica w Regnach 95-040 Regny ul. Główna 22;278;80;80;1;79;28.78;1.25;307;168;168;3;165;54.72;1.79
51347;100607;21;Szkoła Podstawowa im. Kornela Makuszyńskiego w Długiem 95-040 Długie 4;442;141;141;1;140;31.90;0.71;440;221;221;3;218;50.23;1.36
51348;100607;22;Ochotnicza Straż Pożarna w Wierzchach 95-040 Wierzchy 53;249;72;72;1;71;28.92;1.39;259;133;133;10;123;51.35;7.52
51349;100607;23;Świetlica w Felicjanowie 95-040 Felicjanów 1A;814;199;199;10;189;24.45;5.03;822;415;415;16;399;50.49;3.86
90424;100607;24;Dom Pomocy Społecznej w Lisowicach 95-040 Lisowice 13;38;24;24;3;21;63.16;12.50;37;31;31;1;30;83.78;3.23
51350;100608;1;świetlica wiejska 92-701 Kalonka 47;710;286;286;6;280;40.28;2.10;718;507;507;9;498;70.61;1.78
51351;100608;2;świetlica środowiskowa 92-701 Kalonka 47;613;232;232;5;227;37.85;2.16;654;460;460;8;452;70.34;1.74
51352;100608;3;Gminno-Parkowe Centrum Kultury i Ekologii 92-701 Plichtów 21;964;277;277;4;273;28.73;1.44;1010;565;565;10;555;55.94;1.77
51353;100608;4;Szkoła Podstawowa 92-701 Lipiny 14;547;166;166;10;156;30.35;6.02;561;341;341;11;330;60.78;3.23
51354;100608;5;Szkoła Podstawowa 92-701 Stare Skoszewy 19;408;149;149;4;145;36.52;2.68;438;277;277;7;270;63.24;2.53
51355;100608;6;Gimnazjum Gminne 92-701 Wiączyń Dolny 18A;303;87;87;0;87;28.71;0.00;314;170;170;2;168;54.14;1.18
51356;100610;1;Gimnazjum im. Kazimierza Jagiellończyka w Rzgowie 95-030 Rzgów ul. Szkolna 3;1762;509;509;19;490;28.89;3.73;1764;1019;1019;30;989;57.77;2.94
51357;100610;2;Gimnazjum im. Kazimierza Jagiellończyka w Rzgowie 95-030 Rzgów ul. Szkolna 3;987;281;281;2;279;28.47;0.71;979;607;607;11;596;62.00;1.81
51358;100610;3;Sala Świetlicowa 95-030 Stara Gadka ul. Adama Czartoryskiego 23;598;136;136;5;131;22.74;3.68;595;371;371;11;360;62.35;2.96
51359;100610;4;Ochotnicza Straż Pożarna w Starowej Górze 95-030 Starowa Góra ul. Kuchenna 2;1764;521;521;10;511;29.54;1.92;1786;1111;1111;11;1100;62.21;0.99
51360;100610;5;Szkoła Podstawowa im. Kornela Makuszyńskiego w Guzewie 95-030 Guzew 21 c;1029;250;250;6;244;24.30;2.40;1068;633;633;15;618;59.27;2.37
51361;100610;6;Szkoła Podstawowa im. Św. Królowej Jadwigi w Kalinie 95-030 Tadzin 24;1112;266;266;10;256;23.92;3.76;1130;617;617;22;595;54.60;3.57
51362;100610;7;Ochotnicza Straż Pożarna 95-030 Grodzisko 47 a;465;128;128;3;125;27.53;2.34;460;269;269;6;263;58.48;2.23
51363;100611;1;Gimnazjum Nr 1 w Tuszynie 95-080 Tuszyn ul.Piotrkowska 13;439;125;125;0;125;28.47;0.00;432;243;243;4;239;56.25;1.65
51364;100611;2;Oddział Przedszkola Miejskiego Nr 1 w Tuszynie 95-080 Tuszyn ul. Szpitalna 4;402;103;103;4;99;25.62;3.88;412;209;209;8;201;50.73;3.83
51365;100611;3;Miejski Ośrodek Kultury w Tuszynie 95-080 Tuszyn ul.Noworzgowska 20A;777;178;178;4;174;22.91;2.25;789;415;415;13;402;52.60;3.13
51366;100611;4;Miejski Ośrodek Kultury w Tuszynie 95-080 Tuszyn ul. Noworzgowska 20A;729;175;175;5;170;24.01;2.86;717;367;367;6;361;51.19;1.63
51367;100611;5;Szkoła Podstawowa Nr 1 w Tuszynie 95-080 Tuszyn ul. Piotrkowska 15;681;163;163;3;160;23.94;1.84;686;366;366;8;358;53.35;2.19
51368;100611;6;Przedszkole Miejskie Nr 2 w Tuszynie 95-080 Tuszyn ul. Sienkiewicza 8;776;160;160;7;153;20.62;4.38;773;344;344;12;332;44.50;3.49
51369;100611;7;Gimnazjum Nr 2 w Tuszynie 95-080 Tuszyn ul. Poniatowskiego 11;715;162;162;4;158;22.66;2.47;733;369;369;9;360;50.34;2.44
51370;100611;8;Filia Miejskiego Ośrodka Kultury w Tuszynie 95-080 Tuszyn ul. Prusa 7;718;173;173;4;169;24.09;2.31;720;359;359;4;355;49.86;1.11
51371;100611;9;Szkoła Podstawowa Nr 2 w Tuszynie 95-080 Tuszyn ul. Poniatowskiego 11;698;153;153;4;149;21.92;2.61;675;338;338;8;330;50.07;2.37
51372;100611;10;Przedszkole Miejskie Nr 1 w Tuszynie 95-080 Tuszyn ul. Tysiąclecia 4;550;106;106;3;103;19.27;2.83;537;226;226;4;222;42.09;1.77
51373;100611;11;Hala Widowiskowo-Sportowa w Tuszynie 95-080 Tuszyn ul. Tysiąclecia 8;442;119;119;1;118;26.92;0.84;452;253;253;6;247;55.97;2.37
51374;100611;12;Oddział Przedszkola Miejskiego Nr 2 w Garbowie 95-080 Garbów ul. Kruszowska 13;315;67;67;0;67;21.27;0.00;344;163;163;5;158;47.38;3.07
51375;100611;13;Oddział Przedszkola Miejskiego Nr 2 w Garbowie 95-080 Garbów ul. Kruszowska 13;665;116;116;1;115;17.44;0.86;671;266;266;4;262;39.64;1.50
51376;100611;14;Szkoła Podstawowa w Wodzinie Prywatnym 95-080 Wodzin Prywatny ul. Szkolna 1;624;132;132;1;131;21.15;0.76;630;281;281;6;275;44.60;2.14
51377;100611;15;Szkoła Podstawowa w Górkach Dużych 95-080 Górki Duże ul. Jutroszewska 17;592;118;118;4;114;19.93;3.39;585;271;271;1;270;46.32;0.37
51378;100611;16;Oddział Przedszkola Miejskiego Nr 1 w Tuszynie 95-080 Tuszyn ul. Szpitalna 4;670;147;147;2;145;21.94;1.36;750;412;412;5;407;54.93;1.21
90425;100611;17;Pawilon „B” szpitala Tuszyn 95-080 Tuszyn ul. Szpitalna 5;205;73;73;1;72;35.61;1.37;188;84;84;1;83;44.68;1.19
51379;100701;1;Świetlica Wiejska 26-307 Białaczów ul. Piotrkowska 6;980;198;198;6;192;20.20;3.03;969;423;423;14;409;43.65;3.31
51380;100701;2;Szkoła Podstawowa 26-307 Białaczów ul. Szkolna 36;661;71;71;3;68;10.74;4.23;666;227;227;7;220;34.08;3.08
51381;100701;3;Szkoła Podstawowa 26-307 Petrykozy 1;922;187;187;6;181;20.28;3.21;913;428;428;16;412;46.88;3.74
51382;100701;4;Szkoła Podstawowa 26-307 Skronina 156;965;119;119;2;117;12.33;1.68;960;354;354;18;336;36.88;5.08
51383;100701;5;Szkoła Podstawowa 26-307 Miedzna Drewniana 259;1251;269;269;5;264;21.50;1.86;1235;606;606;16;590;49.07;2.64
51384;100702;1;Szkoła Podstawowa w Drzewicy 26-340 Drzewica ul. Stanisława Staszica 7;1230;260;260;13;247;21.14;5.00;1185;583;583;18;565;49.20;3.09
51385;100702;2;Przedszkole Samorządowe w Drzewicy 26-340 Drzewica ul. Stawowa 58;728;144;144;7;137;19.78;4.86;725;389;389;6;383;53.66;1.54
51386;100702;3;Remiza OSP w Drzewicy 26-340 Drzewica Plac Gabriela Narutowicza 17;1281;290;290;8;282;22.64;2.76;1292;684;684;23;661;52.94;3.36
51387;100702;4;Szkoła Podstawowa w Domasznie 26-340 Domaszno 31;455;123;123;6;117;27.03;4.88;449;238;238;8;230;53.01;3.36
51388;100702;5;Świetlica Wiejska w Zakościelu 26-340 Zakościele 86A;702;208;208;17;191;29.63;8.17;706;362;362;14;348;51.27;3.87
51389;100702;6;Szkoła Podstawowa w Brzustowcu 26-340 Brzustowiec 152;610;117;117;2;115;19.18;1.71;618;305;305;5;300;49.35;1.64
51390;100702;7;Szkoła Podstawowa w Idzikowicach 26-340 Idzikowice 30b;519;102;102;5;97;19.65;4.90;519;249;249;10;239;47.98;4.02
51391;100702;8;Świetlica Wiejska w Strzyżowie 26-340 Strzyżów 61;583;107;107;3;104;18.35;2.80;578;327;327;11;316;56.57;3.36
51392;100702;9;Szkoła Podstawowa w Radzicach Dużych 26-340 Radzice Duże 169;1050;145;145;8;137;13.81;5.52;1048;472;472;20;452;45.04;4.24
51393;100702;10;Świetlica Wiejska w Dąbrówce 26-340 Dąbrówka 68;694;117;117;4;113;16.86;3.42;679;333;333;8;325;49.04;2.40
51394;100702;11;Szkoła Filialna w Jelni 26-340 Jelnia 98;526;141;141;4;137;26.81;2.84;525;259;259;4;255;49.33;1.54
51395;100702;12;Remiza OSP w Krzczonowie 26-340 Krzczonów 13a;444;177;177;9;168;39.86;5.08;450;270;270;24;246;60.00;8.89
90426;100702;13;Dom Pomocy Społecznej w Drzewicy 26-340 Drzewica ul. Stawowa 21/25;69;35;35;0;35;50.72;0.00;68;44;44;2;42;64.71;4.55
51396;100703;1;Gimnazjum Publiczne 26-341 Mniszków ul. Piotrkowska 72;1482;307;307;10;297;20.72;3.26;1506;774;774;22;752;51.39;2.84
51397;100703;2;Świetlica Wiejska 26-341 Strzelce 42;470;88;88;2;86;18.72;2.27;475;228;228;7;221;48.00;3.07
51398;100703;3;Szkoła Podstawowa 26-341 Błogie Rządowe 39;1055;198;198;11;187;18.77;5.56;1078;514;514;29;485;47.68;5.64
51399;100703;4;Szkoła Podstawowa 26-341 Bukowiec nad Pilicą 34;738;130;130;7;123;17.62;5.38;739;305;305;20;285;41.27;6.56
51400;100704;1;Szkoła Podstawowa w Kraśnicy 26-300 Kraśnica 58;996;184;184;7;177;18.47;3.80;973;433;433;14;419;44.50;3.23
51401;100704;2;Szkoła Podstawowa w Kruszewcu 26-300 Kruszewiec 7;456;84;84;3;81;18.42;3.57;464;247;247;12;235;53.23;4.86
51402;100704;3;Szkoła Podstawowa w Libiszowie 26-300 Libiszów 64;1002;181;181;6;175;18.06;3.31;981;466;466;27;439;47.50;5.79
51403;100704;4;Szkoła Podstawowa w Januszewicach 26-300 Januszewice 67;589;160;160;3;157;27.16;1.88;593;343;343;6;337;57.84;1.75
51404;100704;5;Zespół Szkół w Bukowcu Opoczyńskim 26-300 Bukowiec Opoczyński 74;869;122;122;2;120;14.04;1.64;874;419;419;15;404;47.94;3.58
51405;100704;6;Szkoła Podstawowa w Woli Załężnej 26-300 Wola Załężna 75;801;175;175;6;169;21.85;3.43;801;454;454;17;437;56.68;3.74
51406;100704;7;Szkoła Podstawowa w Dzielnej 26-300 Dzielna 64a;781;197;197;4;193;25.22;2.03;777;429;429;11;418;55.21;2.56
51407;100704;8;Gimnazjum w Wygnanowie 26-300 Wygnanów 57;452;102;102;6;96;22.57;5.88;455;206;206;7;199;45.27;3.40
51408;100704;9;Szkoła Podstawowa w Bielowicach 26-300 Bielowice 56;801;207;207;9;198;25.84;4.35;797;414;414;15;399;51.94;3.62
51409;100704;10;Zespół Szkół w Mroczkowie Gościnnym 26-300 Mroczków Gościnny 50;1041;256;256;12;244;24.59;4.69;1030;512;512;12;500;49.71;2.34
51410;100704;11;Zespół Szkół w Ogonowicach 26-300 Ogonowice 207A;1547;494;494;12;482;31.93;2.43;1549;905;905;26;879;58.42;2.87
51411;100704;12;Szkoła Podstawowa w Sielcu 26-300 Sielec 40;914;141;141;3;138;15.43;2.13;922;425;425;12;413;46.10;2.82
51412;100704;13;Zespół Szkół Samorządowych Nr 3 26-300 Opoczno ul. Armii Krajowej 1;1312;346;346;8;338;26.37;2.31;1287;673;673;15;658;52.29;2.23
51413;100704;14;Przedszkole Nr 2 26-300 Opoczno ul. Szkolna 11;1387;406;406;20;386;29.27;4.93;1380;771;771;22;749;55.87;2.85
51414;100704;15;Zespół Szkół Ponadgimnazjalnych Nr 1 26-300 Opoczno ul. Wojciecha Kossaka 1;1505;386;386;15;371;25.65;3.89;1480;818;818;15;803;55.27;1.83
51415;100704;16;Zespół Szkół Samorządowych Nr 3 26-300 Opoczno ul. Armii Krajowej 1;1321;350;350;13;337;26.50;3.71;1287;753;753;11;742;58.51;1.46
51416;100704;17;Przedszkole Nr 8 26-300 Opoczno ul. Mikołaja Kopernika 10A;1486;372;372;18;354;25.03;4.84;1409;761;761;16;745;54.01;2.10
51417;100704;18;Przedszkole Nr 6 26-300 Opoczno ul. Mikołaja Kopernika 3;1448;375;375;14;361;25.90;3.73;1385;759;759;25;734;54.80;3.29
51418;100704;19;Państwowa Straż Pożarna w Opocznie 26-300 Opoczno ul. Rolna 1;1385;356;356;23;333;25.70;6.46;1407;831;831;22;809;59.06;2.65
51419;100704;20;Przedszkole Nr 5 26-300 Opoczno ul. Partyzantów 36;1435;402;402;9;393;28.01;2.24;1392;778;778;20;758;55.89;2.57
51420;100704;21;Zespół Szkół Samorządowych Nr 1 26-300 Opoczno ul. Marii Curie-Skłodowskiej 5;1328;297;297;21;276;22.36;7.07;1277;663;663;24;639;51.92;3.62
51421;100704;22;Zespół Szkół Samorządowych Nr 2 26-300 Opoczno ul. Inowłodzka 3;1578;409;409;24;385;25.92;5.87;1571;835;835;20;815;53.15;2.40
51422;100704;23;Przedszkole Nr 4 26-300 Opoczno ul. Cypriana Kamila Norwida 2;1417;363;363;17;346;25.62;4.68;1388;668;668;20;648;48.13;2.99
51423;100704;24;Ochotnicza Straż Pożarna w Opocznie 26-300 Opoczno Plac Strażacki 1;1203;221;221;28;193;18.37;12.67;1205;481;481;19;462;39.92;3.95
51424;100704;25;OPTEX S.A. 26-300 Opoczno ul. Kolberga 2;1231;324;324;11;313;26.32;3.40;1210;678;678;18;660;56.03;2.65
90427;100704;26;Szpital Powiatowy w Opocznie 26-300 Opoczno ul. Partyzantów 30;20;9;9;0;9;45.00;0.00;72;18;18;0;18;25.00;0.00
51425;100705;1;Szkoła Podstawowa w Wójcinie 26-333 Wójcin A 16;918;242;242;12;230;26.36;4.96;900;475;475;15;460;52.78;3.16
51426;100705;2;Budynek Zespołu Szkół Samorządowych w Paradyżu 26-333 Paradyż Przedborska 29;1096;384;384;3;381;35.04;0.78;1098;621;621;22;599;56.56;3.54
51427;100705;3;Budynek Zespołu Szkół Samorządowych w Paradyżu 26-333 Paradyż Przedborska 29;965;229;229;3;226;23.73;1.31;953;511;511;23;488;53.62;4.50
51428;100705;4;Budynek świetlicy wiejskiej w Stawowicach 26-333 Stawowice 39;588;142;142;15;127;24.15;10.56;586;291;291;21;270;49.66;7.22
51429;100706;1;Zespół Szkół Samorządowych w Poświętnem 26-315 Poświętne ul. Szkolna 2a;1075;237;237;7;230;22.05;2.95;1110;538;538;19;519;48.47;3.53
51430;100706;2;Szkoła Podstawowa w Dębie 26-315 Dęba 80;727;187;187;5;182;25.72;2.67;721;417;417;13;404;57.84;3.12
51431;100706;3;Szkoła Podstawowa w Brudzewicach 26-315 Brudzewice-Kolonia 59;643;105;105;3;102;16.33;2.86;640;297;297;5;292;46.41;1.68
51432;100706;4;Remiza OSP Gapinin 26-315 Gapinin-Kolonia 24a;328;79;79;1;78;24.09;1.27;329;156;156;6;150;47.42;3.85
51433;100707;1;Urząd Gminy w Sławnie 26-332 Sławno ul. Marszałka Józefa Piłsudskiego 31;889;204;204;3;201;22.95;1.47;890;393;393;9;384;44.16;2.29
51434;100707;2;Publiczna Szkoła Podstawowa 26-332 Celestynów 24;357;95;95;12;83;26.61;12.63;345;163;163;5;158;47.25;3.07
51435;100707;3;Publiczna Szkoła Podstawowa im. ks. Jana Twardowskiego 26-332 Kamień 64;866;195;195;15;180;22.52;7.69;850;361;361;11;350;42.47;3.05
51436;100707;4;Publiczne Gimnazjum im. Kazimierza Wielkiego 26-332 Szadkowice 38A;796;230;230;8;222;28.89;3.48;793;403;403;13;390;50.82;3.23
51437;100707;5;Publiczna Szkoła Podstawowa im. Wandy i Henryka Ossowskich 26-332 Kunice 62A;849;225;225;7;218;26.50;3.11;837;434;434;13;421;51.85;3.00
51438;100707;6;Publiczna Szkoła Podstawowa 26-332 Zachorzów 62;762;244;244;12;232;32.02;4.92;744;393;393;10;383;52.82;2.54
51439;100707;7;Zespół Szkół Samorządowych 26-332 Prymusowa Wola 6;709;212;212;2;210;29.90;0.94;711;386;386;12;374;54.29;3.11
51440;100707;8;Ochotnicza Straż Pożarna w Sławnie 26-332 Sławno Marszałka Józefa Piłsudskiego 1;773;175;175;6;169;22.64;3.43;778;397;397;14;383;51.03;3.53
51441;100708;1;Szkoła Podstawowa im. Juliana Bartoszewicza 26-330 Żarnów ul. Przedborska 10;643;173;173;3;170;26.91;1.73;659;314;314;9;305;47.65;2.87
51442;100708;2;Gimnazjum im. 25 pułku piechoty Armii Krajowej 26-330 Żarnów Polna 1;646;204;204;2;202;31.58;0.98;652;340;340;13;327;52.15;3.82
51443;100708;3;Dom Kultury w Żarnowie 26-330 Żarnów Opoczyńska 5;654;170;170;4;166;25.99;2.35;640;326;326;4;322;50.94;1.23
51444;100708;4;Remiza Ochotniczej Straży Pożarnej 26-330 Chełsty 39;367;86;86;5;81;23.43;5.81;366;154;154;3;151;42.08;1.95
51445;100708;5;Remiza Ochotniczej Straży Pożarnej w Skórkowicach 26-330 Skórkowice 95;766;125;125;4;121;16.32;3.20;773;321;321;15;306;41.53;4.67
51446;100708;6;Dom Ludowy w Soczówkach 26-330 Soczówki 71A;562;77;77;6;71;13.70;7.79;560;218;218;14;204;38.93;6.42
51447;100708;7;Wiejski Dom Kultury 26-330 Miedzna Murowana Główna 2;772;172;172;3;169;22.28;1.74;777;340;340;9;331;43.76;2.65
51448;100708;8;Remiza Ochotniczej Straży Pożarnej w Zdyszewicach 26-330 Zdyszewice 43A;585;114;114;3;111;19.49;2.63;598;243;243;10;233;40.64;4.12
90428;100708;9;Dom Pomocy Społecznej w Niemojowicach 26-330 Niemojowice 68;72;28;28;4;24;38.89;14.29;83;61;61;4;57;73.49;6.56
51449;100801;1;Szkoła Podstawowa nr 1 w Konstantynowie Łódzkim 95-050 Konstantynów Łódzki ul. Łódzka 117;977;299;299;6;293;30.60;2.01;1020;649;649;13;636;63.63;2.00
51450;100801;2;Liceum Ogólnokształcące w Konstantynowie Łódzkim 95-050 Konstantynów Łódzki ul. Jana Kilińskiego 75;909;229;229;5;224;25.19;2.18;920;523;523;14;509;56.85;2.68
51451;100801;3;Gimnazjum nr 1 w Konstantynowie Łódzkim 95-050 Konstantynów Łódzki ul. Łódzka 5/7;1961;481;481;6;475;24.53;1.25;1991;1058;1058;17;1041;53.14;1.61
51452;100801;4;Szkoła Podstawowa nr 5 w Konstantynowie Łódzkim 95-050 Konstantynów Łódzki ul. Sadowa 5/7;1907;527;527;12;515;27.64;2.28;1870;1031;1031;25;1006;55.13;2.42
51453;100801;5;Miejski Ośrodek Kultury w Konstantynowie Łódzkim 95-050 Konstantynów Łódzki ul. Łódzka 28;954;231;231;9;222;24.21;3.90;942;518;518;14;504;54.99;2.70
51454;100801;6;Konstantynowskie Centrum Pomocy Rodzinie w Konstantynowie Łódzkim 95-050 Konstantynów Łódzki ul. Juliusza Słowackiego 11;1996;520;520;19;501;26.05;3.65;1958;1118;1118;29;1089;57.10;2.59
51455;100801;7;Przedszkole nr 1 w Konstantynowie Łódzkim 95-050 Konstantynów Łódzki ul. Ignacego Daszyńskiego 3/5;1853;383;383;9;374;20.67;2.35;1857;857;857;31;826;46.15;3.62
51456;100801;8;Konstantynowskie Stowarzyszenie Śpiewaczo-Muzyczne im. Fryderyka Chopina w Konstantynowie Łódzkim 95-050 Konstantynów Łódzki ul. Zgierska 14;1934;506;506;12;494;26.16;2.37;1900;1029;1030;24;1005;54.16;2.33
51457;100801;9;Ochotnicza Straż Pożarna Niesięcin w Konstantynowie Łódzkim 95-050 Konstantynów Łódzki ul. Niesięcin 3;491;98;98;4;94;19.96;4.08;507;263;263;2;261;51.87;0.76
51458;100801;10;Szkoła Podstawowa nr 2 w Konstantynowie Łódzkim 95-050 Konstantynów Łódzki ul. Lutomierska 4;397;133;133;2;131;33.50;1.50;398;255;255;4;251;64.07;1.57
51459;100801;11;Szkoła Podstawowa Nr 2 w Konstantynowie Łódzkim 95-050 Konstantynów Łódzki ul. Lutomierska 4;982;233;234;9;224;23.73;3.86;1012;560;560;7;553;55.34;1.25
90429;100801;12;Dom Pomocy Społecznej w Konstantynowie Łódzkim 95-050 Konstantynów Łódzki ul. Bechcice 3;87;0;0;0;0;0.00;NA;91;20;20;0;20;21.98;0.00
90430;100801;13;Zakład Opieki Zdrowotnej MEDIPLAN w Konstantynowie Łódzkim 95-050 Konstantynów Łódzki ul. Lutomierska 26-30A;55;8;8;0;8;14.55;0.00;58;10;10;1;9;17.24;10.00
51460;100802;1;Gminna Spółdzielnia „Samopomoc Chłopska” 95-200 Pabianice ul. Torowa 25;1285;408;408;4;404;31.75;0.98;1292;801;801;16;785;62.00;2.00
51461;100802;2;Gminna Spółdzielnia „Samopomoc Chłopska” 95-200 Pabianice ul. Torowa 25;1200;376;376;9;367;31.33;2.39;1194;723;723;8;715;60.55;1.11
51462;100802;3;Szkoła Podstawowa nr 5 im. Grzegorza Piramowicza (wejście od ul. Poniatowskiego 4) 95-200 Pabianice ul. Zamkowa 65 ;1297;316;316;8;308;24.36;2.53;1273;678;679;15;663;53.26;2.21
51463;100802;4;Ośrodek Profilaktyki i Integracji Społecznej 95-200 Pabianice ul. Partyzancka 31;1084;196;196;6;190;18.08;3.06;1056;466;466;15;451;44.13;3.22
51464;100802;5;Młodzieżowy Dom Kultury 95-200 Pabianice ul. Pułaskiego 38;1177;220;220;11;209;18.69;5.00;1161;512;512;15;497;44.10;2.93
51465;100802;6;Zespół Szkół nr 2 im. prof. Janusza Groszkowskiego 95-200 Pabianice ul. Świętego Jana 27;1172;224;224;6;218;19.11;2.68;1136;476;476;9;467;41.90;1.89
51466;100802;7;Zespół Szkół nr 3 im. Legionistów Miasta Pabianic 95-200 Pabianice ul. Gdańska 5;1362;279;279;8;271;20.48;2.87;1318;588;588;9;579;44.61;1.53
51467;100802;8;Przedszkole Miejskie nr 6 95-200 Pabianice ul. Warszawska 53;1014;277;277;6;271;27.32;2.17;1011;588;588;15;573;58.16;2.55
51468;100802;9;Dom Pomocy Społecznej 95-200 Pabianice ul. Łaska 86;1382;393;394;8;385;28.44;2.04;1342;772;772;19;753;57.53;2.46
51469;100802;10;Dom Pomocy Społecznej 95-200 Pabianice ul. Wiejska 55/61;1010;332;332;6;326;32.87;1.81;996;631;631;13;618;63.35;2.06
51470;100802;11;Przedszkole Miejskie nr 14 95-200 Pabianice ul. Odrodzenia 10;1457;370;370;16;354;25.39;4.32;1349;730;730;13;717;54.11;1.78
51471;100802;12;I Liceum Ogólnokształcące im. Jędrzeja Śniadeckiego 95-200 Pabianice ul. Moniuszki 132;1015;277;277;7;270;27.29;2.53;994;550;550;10;540;55.33;1.82
51472;100802;13;Szkoła Podstawowa nr 14 im. Stanisława Staszica 95-200 Pabianice ul. Ostatnia 15a;990;313;313;15;298;31.62;4.79;965;578;578;11;567;59.90;1.90
51473;100802;14;Gimnazjum nr 1 im. Jana Pawła II 95-200 Pabianice ul. Tkacka 15;1393;480;480;17;463;34.46;3.54;1356;819;819;9;810;60.40;1.10
51474;100802;15;Szkoła Podstawowa nr 5 im. Grzegorza Piramowicza 95-200 Pabianice ul. Zamkowa 65;1011;228;228;2;226;22.55;0.88;990;478;478;11;467;48.28;2.30
51475;100802;16;Przedszkole Miejskie nr 5 95-200 Pabianice ul. Zamkowa 48;1387;342;342;18;324;24.66;5.26;1333;686;686;20;666;51.46;2.92
51476;100802;17;Gimnazjum nr 2 im. Armii Krajowej 95-200 Pabianice ul. Skłodowskiej-Curie 5;1415;399;399;11;388;28.20;2.76;1374;753;753;18;735;54.80;2.39
51477;100802;18;Gimnazjum nr 2 im. Armii Krajowej 95-200 Pabianice ul. Skłodowskiej-Curie 5;1035;208;208;9;199;20.10;4.33;1025;498;498;15;483;48.59;3.01
51478;100802;19;Miejski Ośrodek Kultury im. Zbigniewa Herberta 95-200 Pabianice ul. Kościuszki 14;1121;148;148;12;136;13.20;8.11;1074;362;362;11;351;33.71;3.04
51479;100802;20;Lokal Związku Nauczycielstwa Polskiego 95-200 Pabianice ul. Kilińskiego 8a;1247;236;236;4;232;18.93;1.69;1233;544;544;10;534;44.12;1.84
51480;100802;21;Żłobek Miejski - Oddział I 95-200 Pabianice ul. Piotra Skargi 70;1797;403;403;15;388;22.43;3.72;1331;643;643;17;626;48.31;2.64
51481;100802;22;Szkoła Podstawowa nr 17 95-200 Pabianice ul. Warszawska 65;581;182;182;2;180;31.33;1.10;983;596;596;3;593;60.63;0.50
51482;100802;23;Szkoła Podstawowa nr 17 95-200 Pabianice ul. Warszawska 65;1071;261;261;6;255;24.37;2.30;1024;554;556;8;546;54.10;1.44
51483;100802;24;Szkoła Podstawowa nr 3 im. Mikołaja Kopernika 95-200 Pabianice ul. Mokra 28/34;1343;345;345;4;341;25.69;1.16;1331;758;758;9;749;56.95;1.19
51484;100802;25;Poradnia Lekarza POZ 95-200 Pabianice ul. Wileńska 61;1419;442;442;4;438;31.15;0.90;1394;879;879;24;855;63.06;2.73
51485;100802;26;Przedszkole Miejskie nr 12 95-200 Pabianice ul. Śniadeckiego 6a;1001;306;306;12;294;30.57;3.92;977;564;564;13;551;57.73;2.30
51486;100802;27;Osiedlowy Dom Kultury Pabianickiej Spółdzielni Mieszkaniowej 95-200 Pabianice ul. Orla 45;1350;403;403;10;393;29.85;2.48;1313;676;676;21;655;51.49;3.11
51487;100802;28;Przedszkole Miejskie nr 2 95-200 Pabianice ul. Cicha 26;1057;225;225;2;223;21.29;0.89;1021;505;505;12;493;49.46;2.38
51488;100802;29;Szkoła Podstawowa nr 13 im. Stefanii Sempołowskiej 95-200 Pabianice ul. Jana Pawła II 16;1392;432;432;8;424;31.03;1.85;1401;818;818;13;805;58.39;1.59
51489;100802;30;Szkoła Podstawowa nr 13 im. Stefanii Sempołowskiej 95-200 Pabianice ul. Jana Pawła II 16;908;172;172;6;166;18.94;3.49;902;384;384;11;373;42.57;2.86
51490;100802;31;Hala Sportowa Gimnazjum nr 2 95-200 Pabianice ul. Orla 1;818;261;261;3;258;31.91;1.15;838;512;512;9;503;61.10;1.76
51491;100802;32;Szkoła Podstawowa nr 3 im. Mikołaja Kopernika 95-200 Pabianice ul. Mokra 28/34;1610;404;404;8;396;25.09;1.98;1578;905;906;13;892;57.35;1.44
51492;100802;33;Przedszkole Miejskie nr 16 95-200 Pabianice ul. Bugaj 58;1704;490;490;11;479;28.76;2.24;1084;639;639;16;623;58.95;2.50
51493;100802;34;Przedszkole Miejskie nr 16 92-200 Pabianice ul. Bugaj 58;659;184;184;2;182;27.92;1.09;1218;693;693;9;684;56.90;1.30
51494;100802;35;Gimnazjum nr 3 im. Tadeusza Kościuszki 95-200 Pabianice ul. 20 Stycznia 9/13;947;263;263;4;259;27.77;1.52;922;535;536;8;527;58.03;1.50
51495;100802;36;Gimnazjum nr 3 im. Tadeusza Kościuszki 95-200 Pabianice ul. 20 Stycznia 9/13;1504;395;395;10;385;26.26;2.53;1444;850;850;10;840;58.86;1.18
51496;100802;37;Gimnazjum nr 3 im. Tadeusza Kościuszki 95-200 Pabianice ul. 20 Stycznia 9/13;1421;384;384;13;371;27.02;3.39;1373;744;744;13;731;54.19;1.75
51497;100802;38;Gimnazjum nr 3 im. Tadeusza Kościuszki 95-200 Pabianice ul. 20 Stycznia 9/13;1011;271;271;4;267;26.81;1.48;987;596;596;9;587;60.39;1.51
51498;100802;39;Poradnia Lekarza POZ 95-200 Pabianice ul. Nawrockiego 24a;1367;322;322;6;316;23.56;1.86;1359;737;737;12;725;54.23;1.63
51499;100802;40;Szkoła Podstawowa nr 3 im. Mikołaja Kopernika 95-200 Pabianice ul. Mokra 28/34;1070;301;301;5;296;28.13;1.66;1051;629;629;16;613;59.85;2.54
51500;100802;41;Przedszkole Miejskie nr 4 95-200 Pabianice ul. Żytnia 13/17;1246;335;335;6;329;26.89;1.79;1242;720;720;8;712;57.97;1.11
51501;100802;42;Osiedlowy Dom Kultury BARAK Pabianickiej Spółdzielni Mieszkaniowej 95-200 Pabianice ul. Stefana Grota Roweckiego 18a;1075;261;261;3;258;24.28;1.15;1058;627;627;11;616;59.26;1.75
51502;100802;43;Szkoła Podstawowa nr 3 im. Mikołaja Kopernika 95-200 Pabianice ul. Mokra 28/34;1360;352;352;9;343;25.88;2.56;1315;735;735;17;718;55.89;2.31
51503;100802;44;Szkoła Podstawowa nr 3 im. Mikołaja Kopernika 95-200 Pabianice ul. Mokra 28/34;1104;253;253;6;247;22.92;2.37;1070;604;604;13;591;56.45;2.15
51504;100802;45;Przedszkole Miejskie nr 13 95-200 Pabianice ul. Mokra 19/23;1266;388;388;15;373;30.65;3.87;1234;772;772;14;758;62.56;1.81
51505;100802;46;Przedszkole Miejskie nr 13 95-200 Pabianice ul. Mokra 19/23;1085;271;271;10;261;24.98;3.69;1051;620;620;11;609;58.99;1.77
90431;100802;47;Pabianickie Centrum Medyczne 95-200 Pabianice ul. Jana Pawła II 68;409;42;42;0;42;10.27;0.00;384;96;96;3;93;25.00;3.12
90432;100802;48;Dom Pomocy Społecznej 95-200 Pabianice ul. Wiejska 55/61;90;27;27;1;26;30.00;3.70;109;32;32;6;26;29.36;18.75
90433;100802;49;Dom Pomocy Społecznej 95-200 Pabianice ul. Łaska 86;68;10;10;1;9;14.71;10.00;60;8;8;0;8;13.33;0.00
51506;100803;1;Szkoła Podstawowa w Dłutowie 95-081 Dłutów ul. Główna nr 9;906;230;230;14;216;25.39;6.09;897;487;487;12;475;54.29;2.46
51507;100803;2;Szkoła Podstawowa w Dłutowie 95-081 Dłutów ul. Główna nr 9;808;166;166;3;163;20.54;1.81;824;393;393;12;381;47.69;3.05
51508;100803;3;Szkoła Podstawowa w Dłutowie 95-081 Dłutów ul. Główna nr 9;1037;216;216;7;209;20.83;3.24;1069;609;609;18;591;56.97;2.96
51509;100803;4;Gimnazjum w Dłutowie 95-081 Dłutów ul. Główna nr 9;774;122;122;6;116;15.76;4.92;772;349;350;13;336;45.21;3.72
51510;100804;1;Szkoła Podstawowa w Chechle 95-082 Chechło Drugie ul. Lipowa 1;1591;450;450;17;433;28.28;3.78;1595;944;944;15;929;59.18;1.59
51511;100804;2;Strażnica OSP w Dobroniu 95-082 Dobroń ul. Pabianicka 1;852;231;231;12;219;27.11;5.19;859;446;446;18;428;51.92;4.04
51512;100804;3;Szkoła Podstawowa w Dobroniu 95-082 Dobroń ul. Sienkiewicza 39;816;249;249;5;244;30.51;2.01;818;478;478;14;464;58.44;2.93
51513;100804;4;Szkoła Podstawowa w Dobroniu 95-082 Dobroń ul. Sienkiewicza 39;1040;172;172;6;166;16.54;3.49;1042;471;471;16;455;45.20;3.40
51514;100804;5;Strażnica OSP w Orpelowie 95-082 Orpelów 20;491;86;86;3;83;17.52;3.49;491;237;237;5;232;48.27;2.11
51515;100804;6;Szkoła Podstawowa w Mogilnie Dużym 95-082 Mogilno Duże 21;1150;264;264;6;258;22.96;2.27;1158;649;649;17;632;56.04;2.62
51516;100805;1;Zespół Szkół Centrum Kształcenia Rolniczego w Widzewie 95-054 Widzew ul. Szkolna 12;997;216;216;9;207;21.66;4.17;993;507;507;11;496;51.06;2.17
51517;100805;2;Dom Kultury z Biblioteką w Ksawerowie 95-054 Ksawerów ul. Jana Pawła II 1;1290;404;404;8;396;31.32;1.98;1310;776;776;11;765;59.24;1.42
51518;100805;3;Publiczne Gimnazjum w Ksawerowie 95-054 Ksawerów ul. Zachodnia 33;1439;347;347;10;337;24.11;2.88;1437;808;808;19;789;56.23;2.35
51519;100805;4;Urząd Gminy Ksawerów 95-054 Ksawerów ul. Kościuszki 3h;867;247;247;3;244;28.49;1.21;922;535;535;6;529;58.03;1.12
51520;100805;5;Szkoła Podstawowa w Woli Zaradzyńskiej 95-054 Wola Zaradzyńska ul. majora Hubala 55;898;199;199;4;195;22.16;2.01;882;535;535;6;529;60.66;1.12
51521;100805;6;Szkoła Powstawowa w Woli Zaradzyńskiej 95-054 Wola Zaradzyńska ul. majora Hubala 55;582;153;153;1;152;26.29;0.65;583;315;315;8;307;54.03;2.54
90434;100805;7;Jovimed Sp. z o.o. Ośrodek Opiekuńczo-Rehabilitacyjny w Ksawerowie 95-054 Ksawerów ul. Zachodnia 37;34;15;15;0;15;44.12;0.00;29;11;11;0;11;37.93;0.00
51522;100806;1;Gminny Ośrodek Kultury w Lutomiersku 95-083 Lutomiersk Pl. Jana Pawła II nr 13;1255;301;301;9;292;23.98;2.99;1262;705;705;36;669;55.86;5.11
51523;100806;2;Gimnazjum we Wrzącej 95-083 Wrząca ul. Piłsudskiego nr 1;1049;299;299;2;297;28.50;0.67;1110;632;632;14;618;56.94;2.22
51524;100806;3;Gimnazjum we Wrzącej 95-083 Wrząca ul. Piłsudskiego nr 1;1115;234;234;3;231;20.99;1.28;1178;610;610;16;594;51.78;2.62
51525;100806;4;Szkoła Podstawowa w Kazimierzu 95-083 Kazimierz ul. Sienkiewicza nr 25;631;122;122;3;119;19.33;2.46;659;329;329;10;319;49.92;3.04
51526;100806;5;Szkoła Podstawowa w Kazimierzu 95-083 Kazimierz ul. Sienkiewicza nr 25;829;174;174;5;169;20.99;2.87;846;405;405;5;400;47.87;1.23
51527;100806;6;Szkoła Podstawowa w Szydłowie 95-083 Szydłów nr 1;681;96;96;4;92;14.10;4.17;696;279;279;11;268;40.09;3.94
51528;100806;7;Ochotnicza Straż Pożarna w Puczniewie 95-083 Puczniew nr 20;630;73;73;1;72;11.59;1.37;635;218;218;11;207;34.33;5.05
51529;100807;1;Szkoła Podstawowa w Bychlewie 95-200 Bychlew 13;1266;383;383;6;377;30.25;1.57;1290;808;808;14;794;62.64;1.73
51530;100807;2;Szkoła Podstawowa w Pawlikowicach 95-200 Pawlikowice 103;923;216;216;3;213;23.40;1.39;944;531;531;9;522;56.25;1.69
51531;100807;3;Szkoła Podstawowa w Petrykozach 95-200 Petrykozy 52;1306;372;372;11;361;28.48;2.96;1311;726;726;18;708;55.38;2.48
51532;100807;4;Gimnazjum w Piątkowisku 95-200 Piątkowisko 107;1029;268;268;12;256;26.04;4.48;1081;612;612;12;600;56.61;1.96
51533;100807;5;Zespół Szkolno-Przedszkolny Oddział w Żytowicach 95-200 Żytowice 34;626;139;139;7;132;22.20;5.04;648;339;339;10;329;52.31;2.95
51534;100901;1;Szkoła Podstawowa Nr 1 im. Janusza Korczaka 98-355 Działoszyn ul. Zamkowa 1;2080;307;307;15;292;14.76;4.89;2061;999;999;35;964;48.47;3.50
51535;100901;2;Szkoła Podstawowa w Szczytach 98-355 Szczyty ul. Szkolna 2;671;140;140;3;137;20.86;2.14;658;326;326;7;319;49.54;2.15
51536;100901;3;Szkoła Podstawowa im. M. Konopnickiej w Raciszynie 98-355 Raciszyn ul. Działoszyńska 65;1068;109;109;8;101;10.21;7.34;1058;409;409;24;385;38.66;5.87
51537;100901;4;Gimnazjum w Trębaczewie 98-355 Trębaczew ul. Szkolna 5;2263;342;342;11;331;15.11;3.22;2270;1001;1001;34;967;44.10;3.40
51538;100901;5;Szkoła Filialna w Kolonii Lisowice 98-355 Kolonia Lisowice 85;789;111;111;5;106;14.07;4.50;786;317;317;16;301;40.33;5.05
51539;100901;6;Szkoła Podstawowa nr 2 im. Mikołaja Kopernika w Działoszynie 98-355 Działoszyn ul. Szkolna 4;1538;349;349;8;341;22.69;2.29;1511;836;837;16;820;55.33;1.91
51540;100901;7;Szkoła Podstawowa nr 2 im. Mikołaja Kopernika w Działoszynie 98-355 Działoszyn ul. Szkolna 4;1945;320;320;28;292;16.45;8.75;1875;868;868;28;840;46.29;3.23
90435;100901;8;Dom Pomocy Społecznej 98-355 Bobrowniki 50;20;8;8;0;8;40.00;0.00;24;20;20;1;19;83.33;5.00
51541;100902;1;Szkoła Podstawowa w Kiełczygłowie 98-358 Kiełczygłów Tysiąclecia 8;2056;302;302;10;292;14.69;3.31;2032;946;946;21;925;46.56;2.22
51542;100902;2;Budynek OSP 98-358 Huta 1a;597;87;87;0;87;14.57;0.00;584;242;242;4;238;41.44;1.65
51543;100902;3;Szkoła Podstawowa w Chorzewie 98-358 Chorzew 4;868;168;168;5;163;19.35;2.98;864;419;419;21;398;48.50;5.01
51544;100903;1;Gimnazjum 98-331 Nowa Brzeźnica Kościuszki 100;1511;220;220;5;215;14.56;2.27;1496;694;694;23;671;46.39;3.31
51545;100903;2;Szkoła Podstawowa Nowa Brzeźnica Filia Dworszowice Kościelne 98-331 Dworszowice Kościelne-Kolonia 74;695;104;104;5;99;14.96;4.81;684;295;295;17;278;43.13;5.76
51546;100903;3;Szkoła Podstawowa Nowa Brzeźnica Filia Prusicko 98-331 Prusicko 101;952;74;74;2;72;7.77;2.70;957;308;308;11;297;32.18;3.57
51547;100903;4;Szkoła Podstawowa Nowa Brzeźnica Filia Dubidze 98-331 Dubidze Szkolna 16;754;146;146;6;140;19.36;4.11;758;363;363;27;336;47.89;7.44
51548;100904;1;Szkoła Podstawowa w Pajęcznie 98-330 Pajęczno Wiśniowa 7;1454;315;315;15;300;21.66;4.76;1399;670;670;19;651;47.89;2.84
51549;100904;2;Urząd Gminy i Miasta w Pajęcznie 98-330 Pajęczno Parkowa 8/12;2007;389;389;3;386;19.38;0.77;2007;937;937;27;910;46.69;2.88
51550;100904;3;Szkoła Podstawowa w Makowiskach 98-330 Makowiska Szkolna 1;2053;290;290;19;271;14.13;6.55;2059;815;815;48;767;39.58;5.89
51551;100904;4;Publiczne Gimnazjum w Pajęcznie 98-330 Pajęczno Sienkiewicza 7 lokal: 11;2120;383;383;12;371;18.07;3.13;2100;993;993;18;975;47.29;1.81
51552;100904;5;Biblioteka Miejska w Pajęcznie 98-330 Pajęczno Wiśniowa 5;2023;355;355;11;344;17.55;3.10;2022;974;974;25;949;48.17;2.57
51553;100905;1;Urząd Gminy w Rząśni 98-332 Rząśnia Kościuszki 16;1553;304;304;17;287;19.58;5.59;1554;778;778;31;747;50.06;3.98
51554;100905;2;Szkoła Podstawowa w Białej 98-332 Biała 63;754;120;120;6;114;15.92;5.00;750;329;329;10;319;43.87;3.04
51555;100905;3;Szkoła Podstawowa w Broszęcinie 98-332 Kolonia Broszęcin 9;369;63;63;1;62;17.07;1.59;371;196;196;8;188;52.83;4.08
51556;100905;4;Szkoła Podstawowa w Stróży 98-332 Stróża 41;350;92;92;2;90;26.29;2.17;350;203;203;2;201;58.00;0.99
51557;100905;5;Remiza Ochotniczej Straży Pożarnej w Suchowoli 98-332 Suchowola 32;888;98;98;5;93;11.04;5.10;877;362;362;13;349;41.28;3.59
51558;100906;1;Szkoła Podstawowa w Siemkowicach 98-354 Siemkowice Nowa 1;1015;170;170;6;164;16.75;3.53;1030;495;495;28;467;48.06;5.66
51559;100906;2;Szkoła Podstawowa w Radoszewicach 98-354 Radoszewice Niemojewskich 1a;1194;194;194;9;185;16.25;4.64;1199;537;537;30;507;44.79;5.59
51560;100906;3;Szkoła Podstawowa w Lipniku 98-354 Lipnik 2;1010;237;237;8;229;23.47;3.38;1010;485;485;24;461;48.02;4.95
51561;100906;4;Szkoła Podstawowa w Ożegowie 98-354 Ożegów Szkolna 19;765;127;127;13;114;16.60;10.24;750;306;306;12;294;40.80;3.92
51562;100907;1;Sala Posiedzeń Urzędu Gminy 98-337 Strzelce Wielkie Częstochowska 14;1808;308;308;18;290;17.04;5.84;1812;850;850;28;822;46.91;3.29
51563;100907;2;Wiewiec Szkoła Podstawowa 98-337 Wiewiec 26;1286;175;175;10;165;13.61;5.71;1270;475;475;23;452;37.40;4.84
51564;100907;3;Wistka budynek po Szkole Podstawowej 98-337 Wistka 125;786;91;91;1;90;11.58;1.10;777;363;363;8;355;46.72;2.20
51565;100908;1;Zespół Szkolno - Przedszkolny w Bogumiłowicach 98-338 Bogumiłowice 85;836;159;159;6;153;19.02;3.77;832;408;408;12;396;49.04;2.94
51566;100908;2;Szkoła Podstawowa w Dworszowicach Pakoszowych 98-338 Dworszowice Pakoszowe 5;490;79;79;1;78;16.12;1.27;496;225;225;10;215;45.36;4.44
51567;100908;3;Urząd Gminy w Sulmierzycach 98-338 Sulmierzyce Urzędowa 1;890;191;191;8;183;21.46;4.19;878;468;468;18;450;53.30;3.85
51568;100908;4;Gminna Biblioteka Publiczna im.Filipa Sulimierskiego 98-338 Sulmierzyce Słoneczna 5;961;242;242;10;232;25.18;4.13;958;590;590;25;565;61.59;4.24
51569;100908;5;Rolnicza Spółdzielnia Produkcyjna w Chorzenicach 98-338 Chorzenice 108;537;75;75;1;74;13.97;1.33;536;270;270;14;256;50.37;5.19
51570;101001;1;Szkoła Podstawowa w Aleksandrowie 26-337 Aleksandrów 40;1100;220;220;9;211;20.00;4.09;1106;483;483;20;463;43.67;4.14
51571;101001;2;Szkoła Podstawowa w Dąbrowie nad Czarną 26-337 Dąbrowa nad Czarną 60;977;151;151;3;148;15.46;1.99;992;457;457;9;448;46.07;1.97
51572;101001;3;Budynek po byłej Szkole Podstawowej w Dąbrówce 26-337 Dąbrówka 59;499;125;125;3;122;25.05;2.40;507;260;260;8;252;51.28;3.08
51573;101001;4;Świetlica Wiejska w Ciechominie 26-337 Ciechomin 46A;520;97;97;3;94;18.65;3.09;527;229;229;8;221;43.45;3.49
51574;101001;5;Szkoła Podstawowa w Skotnikach 26-337 Skotniki 4;601;132;132;1;131;21.96;0.76;610;311;311;10;301;50.98;3.22
51575;101002;1;Zespół Szkolno-Gimnazjalny w Czarnocinie 97-318 Czarnocin ul. Główna 134;957;239;239;4;235;24.97;1.67;970;553;553;14;539;57.01;2.53
51576;101002;2;Zespół Szkolno-Gimnazjalny w Czarnocinie 97-318 Czarnocin Główna 134;985;231;231;11;220;23.45;4.76;974;502;502;12;490;51.54;2.39
51577;101002;3;Szkoła Podstawowa 97-318 Szynczyce 8;835;121;121;2;119;14.49;1.65;838;352;352;11;341;42.00;3.12
51578;101002;4;Budynek po Szkole Podstawowej w Dalkowie 97-318 Dalków 146;496;125;125;5;120;25.20;4.00;492;247;247;4;243;50.20;1.62
51579;101003;1;OSP Sobakówek 97-350 Sobakówek 44A;407;75;75;2;73;18.43;2.67;396;211;211;17;194;53.28;8.06
51580;101003;2;OSP Gorzkowiczki 97-350 Gorzkowiczki 12A;405;70;70;0;70;17.28;0.00;405;228;228;8;220;56.30;3.51
51581;101003;3;Szkoła Podstawowa w Gorzkowicach 97-350 Gorzkowice ul. Kościelna 26;755;141;141;9;132;18.68;6.38;754;384;384;22;362;50.93;5.73
51582;101003;4;Szkoła Podstawowa w Gorzkowicach 97-350 Gorzkowice ul. Kościelna 26;1090;199;199;7;192;18.26;3.52;1090;611;611;29;582;56.06;4.75
51583;101003;5;Gimnazjum w Gorzkowicach 97-350 Gorzkowice ul. Szkolna 8;1344;310;310;13;297;23.07;4.19;1345;771;771;28;743;57.32;3.63
51584;101003;6;Szkoła Podstawowa w Gościnnej 97-350 Gościnna 29B;516;68;68;5;63;13.18;7.35;511;239;239;18;221;46.77;7.53
51585;101003;7;OSP Szczepanowice 97-350 Szczepanowice 54;629;83;83;5;78;13.20;6.02;628;345;345;15;330;54.94;4.35
51586;101003;8;Szkoła Podstawowa w Krzemieniewicach 97-350 Krzemieniewice 59;925;115;115;7;108;12.43;6.09;905;421;421;12;409;46.52;2.85
51587;101003;9;Przedszkole Samorządowe w Gorzkowicach 97-350 Gorzkowice ul. Kwiatowa 7a;819;109;109;4;105;13.31;3.67;829;395;395;26;369;47.65;6.58
51588;101004;1;Urząd Gminy 97-306 Grabica 66;945;191;191;7;184;20.21;3.66;951;422;422;8;414;44.37;1.90
51589;101004;2;Budynek byłej Szkoły Podstawowej 97-306 Krzepczów, Krzepczów Stary 23;1322;262;262;7;255;19.82;2.67;1313;604;604;31;573;46.00;5.13
51590;101004;3;Gimnazjum 97-306 Szydłów-Kolonia 58;1292;247;247;5;242;19.12;2.02;1290;624;624;22;602;48.37;3.53
51591;101004;4;Strażnica OSP 97-306 Żeronie 7;371;64;64;8;56;17.25;12.50;359;154;154;6;148;42.90;3.90
51592;101004;5;Budynek byłej Szkoły Podstawowej 97-306 Kamocin 47;917;172;172;8;164;18.76;4.65;916;443;443;18;425;48.36;4.06
51593;101005;1;Publiczna Szkoła Podstawowa w Łękach Szlacheckich 97-352 Łęki Szlacheckie 60;694;123;123;3;120;17.72;2.44;694;321;321;12;309;46.25;3.74
51594;101005;2;Publiczna Szkoła Podstawowa w Łękach Szlacheckich 97-352 Łęki Szlacheckie 60;814;69;69;1;68;8.48;1.45;815;262;262;13;249;32.15;4.96
51595;101005;3;Publiczna Szkoła Podstawowa w Trzepnicy 97-352 Trzepnica-Kolonia 8;876;137;137;6;131;15.64;4.38;872;356;356;19;337;40.83;5.34
51596;101005;4;Publiczne Gimnazjum w Tomawie 97-352 Tomawa 26;562;57;57;1;56;10.14;1.75;571;234;234;7;227;40.98;2.99
51597;101006;1;Szkoła Podstawowa 97-310 Gazomia Stara 29;1490;237;237;8;229;15.91;3.38;1476;747;748;15;732;50.61;2.01
51598;101006;2;Szkoła Podstawowa 97-310 Moszczenica ul. Dworcowa 9;1327;336;336;13;323;25.32;3.87;1345;648;648;17;631;48.18;2.62
51599;101006;3;Gimnazjum 97-310 Moszczenica ul. Piotrkowska 13;1324;320;320;10;310;24.17;3.12;1314;692;692;12;680;52.66;1.73
51600;101006;4;Gimnazjum 97-310 Moszczenica ul. Piotrkowska 13;803;187;187;7;180;23.29;3.74;821;442;442;11;431;53.84;2.49
51601;101006;5;Szkoła Podstawowa 97-310 Baby ul. Piotrkowska 20;1366;282;282;8;274;20.64;2.84;1368;705;705;7;698;51.54;0.99
51602;101006;6;Zespół Szkół 97-310 Srock ul. Łódzka 5;1301;270;270;12;258;20.75;4.44;1292;660;660;17;643;51.08;2.58
51603;101006;7;Gminny Ośrodek Pomocy Społecznej 97-310 Kosów ul. Główna 23;1329;294;294;8;286;22.12;2.72;1290;613;613;19;594;47.52;3.10
51604;101006;8;Szkoła Podstawowa 97-310 Jarosty ul. Leśna 14;1222;230;230;5;225;18.82;2.17;1248;681;681;53;628;54.57;7.78
90436;101006;9;HELP-MED Sp. z o.o. Zakład Opiekuńczo-Leczniczy i Rehabilitacyjny 97-310 Raciborowice 66;114;56;56;4;52;49.12;7.14;93;48;48;3;45;51.61;6.25
51605;101007;1;Budynek po byłej Szkole Podstawowej w Bąkowej Górze 97-510 Bąkowa Góra 43;684;151;151;9;142;22.08;5.96;666;290;290;16;274;43.54;5.52
51606;101007;2;Ręczno „ sala Wspólny Dom” 97-510 Ręczno ul. Piotrkowska 5;771;120;120;1;119;15.56;0.83;759;327;327;14;313;43.08;4.28
51607;101007;3;Publiczny Zespół Szkolno-Gimnazjalny w Ręcznie 97-510 Ręczno ul. Główna 21;856;154;154;3;151;17.99;1.95;847;389;389;13;376;45.93;3.34
51608;101007;4;Szkoła Podstawowa w Stobnicy 97-510 Stobnica 51A;740;104;104;2;102;14.05;1.92;738;310;310;15;295;42.01;4.84
51609;101008;1;Zespół Szkolno-Gimnazjalny 97-340 Niechcice ul. Częstochowska 27;1387;244;244;8;236;17.59;3.28;1391;674;674;36;638;48.45;5.34
51610;101008;2;Sala zebrań 97-340 Truszczanek 21A;681;96;96;2;94;14.10;2.08;688;282;282;11;271;40.99;3.90
51611;101008;3;Szkoła Podstawowa 97-340 Nowa Wieś 84;1182;170;170;13;157;14.38;7.65;1174;576;576;25;551;49.06;4.34
51612;101008;4;Szkoła Podstawowa 97-340 Rozprza ul. Szkolna 1;1343;291;291;5;286;21.67;1.72;1334;737;737;19;718;55.25;2.58
51613;101008;5;Gimnazjum 97-340 Rozprza ul. Sportowa 12A;1487;141;141;6;135;9.48;4.26;1498;599;599;21;578;39.99;3.51
51614;101008;6;Szkoła Podstawowa 97-340 Milejów ul. Szkolna 12;1324;196;196;9;187;14.80;4.59;1338;651;651;20;631;48.65;3.07
51615;101008;7;Szkoła Podstawowa 97-340 Straszów 70;1593;151;151;6;145;9.48;3.97;1578;634;634;27;607;40.18;4.26
51616;101008;8;Szkoła Podstawowa 97-340 Mierzyn 134;534;100;100;4;96;18.73;4.00;550;259;259;19;240;47.09;7.34
90437;101008;9;Dom Pomocy Społecznej w Łochyńsku 97-340 Łochyńsko 75A;62;35;35;7;28;56.45;20.00;71;43;43;3;40;60.56;6.98
51617;101009;1;Zespół Szkół Ponadgimnazjalnych 97-330 Sulejów ul. Milejowska 21;1449;304;304;13;291;20.98;4.28;1464;780;781;22;758;53.28;2.82
51618;101009;2;Szkoła Podstawowa Nr 1 97-330 Sulejów ul. Konecka 45;1766;325;325;15;310;18.40;4.62;1707;879;879;27;852;51.49;3.07
51619;101009;3;Szkoła Podstawowa 97-330 Klementynów 1;845;94;94;3;91;11.12;3.19;845;265;265;13;252;31.36;4.91
51620;101009;4;Szkoła Podstawowa 97-330 Łęczno 12;980;129;129;9;120;13.16;6.98;992;390;390;19;371;39.31;4.87
51621;101009;5;Remiza OSP 97-330 Przygłów Sulejowska 33;864;210;210;7;203;24.31;3.33;859;424;424;22;402;49.36;5.19
51622;101009;6;Remiza OSP 97-330 Barkowice ul. Widok 94;852;186;186;10;176;21.83;5.38;874;452;452;20;432;51.72;4.42
51623;101009;7;Szkoła Podstawowa im. Jana Pawła II 97-330 Witów-Kolonia 47;1611;292;292;15;277;18.13;5.14;1631;795;795;20;775;48.74;2.52
51624;101009;8;Szkoła Podstawowa 97-330 Uszczyn ul. Szkolna 12;1216;330;330;9;321;27.14;2.73;1208;683;683;8;675;56.54;1.17
51625;101009;9;Szkoła Podstawowa Nr 2 97-330 Sulejów ul. Rycerska 10;994;253;253;13;240;25.45;5.14;1037;540;540;14;526;52.07;2.59
51626;101009;10;Przedszkole Samorządowe 97-330 Sulejów ul. Konecka 29;973;170;170;3;167;17.47;1.76;972;462;462;13;449;47.53;2.81
51627;101009;11;Szkoła Podstawowa w Przygłowie z siedzibą we Włodzimierzowie 97-330 Włodzimierzów ul. Łęczyńska 8;1409;350;350;9;341;24.84;2.57;1428;787;787;30;757;55.11;3.81
51628;101010;1;Budynek Urzędu Gminy 97-371 Wola Krzysztoporska ul. Kościuszki 5;1173;253;253;6;247;21.57;2.37;1191;698;698;17;681;58.61;2.44
51629;101010;2;Budynek Gminnego Ośrodka Kultury 97-371 Wola Krzysztoporska ul. Południowa 2;1117;304;304;9;295;27.22;2.96;1102;590;590;26;564;53.54;4.41
51630;101010;3;Szkoła Podstawowa 97-371 Parzniewice 31;1207;139;139;9;130;11.52;6.47;1216;505;505;32;473;41.53;6.34
51631;101010;4;Szkoła Podstawowa 97-371 Krzyżanów 55;1345;207;207;7;200;15.39;3.38;1351;638;638;29;609;47.22;4.55
51632;101010;5;Szkoła Podstawowa 97-371 Bogdanów ul. Ks. Kanonika Mieczysława Kozakowskiego 3;799;162;162;8;154;20.28;4.94;790;367;367;11;356;46.46;3.00
51633;101010;6;Budynek Ochotniczej Straży Pożarnej 97-371 Woźniki 37;1221;250;250;11;239;20.48;4.40;1231;634;634;29;605;51.50;4.57
51634;101010;7;Szkoła Podstawowa 97-371 Bujny ul. Piotrkowska 104;1230;257;257;8;249;20.89;3.11;1247;649;649;20;629;52.04;3.08
51635;101010;8;Szkoła Podstawowa 97-371 Gomulin ul. Szkolna 2;1180;379;379;11;368;32.12;2.90;1195;691;691;12;679;57.82;1.74
51636;101011;1;Publiczne Gimnazjum w Wolborzu 97-320 Wolbórz ul. Modrzewskiego 105A;965;333;333;14;319;34.51;4.20;942;587;587;9;578;62.31;1.53
51637;101011;2;Miejski Ośrodek Kultury w Wolborzu 97-320 Wolbórz ul. Modrzewskiego 15;1319;362;362;9;353;27.45;2.49;1286;700;700;19;681;54.43;2.71
51638;101011;3;Szkoła Podstawowa w Komornikach 97-320 Komorniki 99;748;175;175;13;162;23.40;7.43;749;328;328;17;311;43.79;5.18
51639;101011;4;Sala OSP w Kuznocinie 97-320 Kuznocin 33;865;202;202;3;199;23.35;1.49;862;464;464;21;443;53.83;4.53
51640;101011;5;Sala OSP w Polichnie 97-320 Polichno 66;1059;260;260;5;255;24.55;1.92;1035;542;542;15;527;52.37;2.77
51641;101011;6;Szkoła Podstawowa w Goleszach Dużych 97-320 Golesze Duże 27;1301;337;337;8;329;25.90;2.37;1334;714;714;21;693;53.52;2.94
51642;101101;1;Zespół Szkół w Dalikowie 99-205 Dalików Łęczycka 3;1239;268;268;14;254;21.63;5.22;1259;587;587;22;565;46.62;3.75
51643;101101;2;Zespół Szkół w Domaniewie 99-205 Domaniew 42;549;116;116;5;111;21.13;4.31;546;249;249;13;236;45.60;5.22
51644;101101;3;Remiza Ochotniczej Straży Pożarnej w Kucinach 99-205 Kuciny 23;520;85;85;6;79;16.35;7.06;536;249;249;11;238;46.46;4.42
51645;101101;4;Remiza Ochotniczej Straży Pożarnej w Budzynku 99-205 Budzynek 25;406;97;97;0;97;23.89;0.00;403;171;171;2;169;42.43;1.17
51646;101101;5;Budynek po byłej Szkole Podstawowej w Wilczycy 99-205 Wilczyca 23;396;75;75;5;70;18.94;6.67;403;178;178;9;169;44.17;5.06
51647;101102;1;Gimnazjum Nr 1 99-235 Pęczniew Główna 17;1318;316;316;25;291;23.98;7.91;1322;619;619;34;585;46.82;5.49
51648;101102;2;Remiza OSP 99-235 Lubola 76a;406;100;100;0;100;24.63;0.00;394;185;185;10;175;46.95;5.41
51649;101102;3;Remiza OSP 99-235 Księża Wólka 28;369;55;55;3;52;14.91;5.45;371;175;175;5;170;47.17;2.86
51650;101102;4;Remiza OSP 99-235 Drużbin 53;479;91;91;4;87;19.00;4.40;479;210;210;8;202;43.84;3.81
51651;101102;5;Centrum Kulturalno-Oświatowe we wsi Brzeg przy szkole podstawowej 99-235 Brzeg 118;406;101;101;5;96;24.88;4.95;394;207;207;11;196;52.54;5.31
51652;101103;1;Szkoła Podstawowa Nr 1 im. Lotników Polskich w Poddębicach 99-200 Poddębice Łęczycka 13;961;238;238;12;226;24.77;5.04;970;538;538;16;522;55.46;2.97
51653;101103;2;Szkoła Podstawowa Nr 1 im. Lotników Polskich w Poddębicach 99-200 Poddębice Łęczycka 13;993;195;195;13;182;19.64;6.67;968;481;481;13;468;49.69;2.70
51654;101103;3;Szkoła Podstawowa Nr 1 im. Lotników Polskich w Poddębicach 99-200 Poddębice Łęczycka 13;771;127;127;4;123;16.47;3.15;768;374;374;16;358;48.70;4.28
51655;101103;4;Szkoła Podstawowa Nr 1 im. Lotników Polskich w Poddębicach 99-200 Poddębice Łęczycka 13;591;162;162;2;160;27.41;1.23;598;346;346;5;341;57.86;1.45
51656;101103;5;Miejska i Gminna Biblioteka Publiczna im. Ziemowita Skibińskiego w Poddębicach 99-200 Poddębice Łódzka 31;823;212;212;11;201;25.76;5.19;802;423;423;20;403;52.74;4.73
51657;101103;6;Gimnazjum w Poddębicach 99-200 Poddębice Polna 36;1133;255;255;16;239;22.51;6.27;1097;530;530;16;514;48.31;3.02
51658;101103;7;Gimnazjum w Poddębicach 99-200 Poddębice Polna 36;972;222;222;8;214;22.84;3.60;943;507;507;16;491;53.76;3.16
51659;101103;8;Sala OSP w Sworawie 99-200 Sworawa 28;458;83;83;2;81;18.12;2.41;454;190;190;5;185;41.85;2.63
51660;101103;9;Sala OSP w Panaszewie 99-200 Panaszew 24A;419;53;53;1;52;12.65;1.89;422;175;175;12;163;41.47;6.86
51661;101103;10;Sala OSP w Kałowie 99-200 Kałów 13;773;110;110;1;109;14.23;0.91;764;302;302;11;291;39.53;3.64
51662;101103;11;Sala OSP w Niewieszu 99-200 Niewiesz Kolonia 39;761;93;93;5;88;12.22;5.38;764;322;322;17;305;42.15;5.28
51663;101103;12;Sala OSP w Klementowie 99-200 Klementów 1C;869;164;164;5;159;18.87;3.05;874;434;434;13;421;49.66;3.00
51664;101103;13;Szkoła Podstawowa im. Tadeusza Kościuszki w Niemysłowie 99-200 Niemysłów 32A;823;86;86;2;84;10.45;2.33;823;317;317;21;296;38.52;6.62
51665;101103;14;Budynek byłej Szkoły Podstawowej w Lipnicy 99-200 Lipnica 22A;701;84;84;6;78;11.98;7.14;697;229;229;14;215;32.86;6.11
51666;101103;15;Szkoła Podstawowa w Bałdrzychowie 99-200 Bałdrzychów 13a;872;117;117;4;113;13.42;3.42;877;377;377;13;364;42.99;3.45
51667;101103;16;Sala OSP w Nowym Pudłowie 99-200 Nowy Pudłów 42;354;66;66;1;65;18.64;1.52;354;135;135;8;127;38.14;5.93
51668;101103;17;Centrum Turystyki i Rekreacji w Byczynie 99-200 Byczyna 45;550;103;103;2;101;18.73;1.94;554;265;265;12;253;47.83;4.53
90439;101103;18;Poddębickie Centrum Zdrowia Sp. z o.o. 99-200 Poddębice ul. Mickiewicza 16;171;33;33;0;33;19.30;0.00;119;29;29;3;26;24.37;10.34
90440;101103;19;NZOZ „MOŻ-MED” 99-200 Poddębice ul. Miła 27;57;17;17;0;17;29.82;0.00;48;18;18;0;18;37.50;0.00
51669;101104;1;Szkoła Podstawowa w Wilamowie 99-210 Wilamów 50;1086;199;199;10;189;18.32;5.03;1071;462;462;17;445;43.14;3.68
51670;101104;2;Szkoła Podstawowa w Wieleninie 99-210 Wielenin 30a;844;141;141;5;136;16.71;3.55;845;322;322;12;310;38.11;3.73
51671;101104;3;Szkoła Podstawowa w Spycimierzu 99-210 Spycimierz 7;659;180;180;2;178;27.31;1.11;661;325;325;10;315;49.17;3.08
51672;101104;4;Miejsko-Gminny Ośrodek Kultury w Uniejowie 99-210 Uniejów Targowa 21;898;174;174;8;166;19.38;4.60;900;404;404;12;392;44.89;2.97
51673;101104;5;Zespół Szkół w Uniejowie 99-210 Uniejów Kościelnicka 26-28;1211;313;313;10;303;25.85;3.19;1229;666;666;19;647;54.19;2.85
51674;101104;6;Miejskie Przedszkole w Uniejowie 99-210 Uniejów Wiśniowa 9;1337;366;367;16;350;27.37;4.37;1342;743;743;15;728;55.37;2.02
51675;101105;1;Zespół Szkół w Wartkowicach 99-220 Wartkowice Legionów Polskich 5;1362;217;217;19;198;15.93;8.76;1376;532;532;29;503;38.66;5.45
51676;101105;2;Muzeum Oświatowe w Bronowie 99-220 Bronów 6;433;34;34;1;33;7.85;2.94;426;126;126;3;123;29.58;2.38
51677;101105;3;Obiekt komunalny w Białej Górze 99-220 Biała Góra 39;648;104;104;2;102;16.05;1.92;664;295;295;10;285;44.43;3.39
51678;101105;4;Szkoła Podstawowa w Kłódnej 99-220 Jadwisin 3;426;42;42;3;39;9.86;7.14;420;128;128;4;124;30.48;3.12
51679;101105;5;Obiekt komunalny w Parądzicach 99-220 Parądzice 25;417;46;46;1;45;11.03;2.17;405;187;187;4;183;46.17;2.14
51680;101105;6;Obiekt komunalny w Pełczyskach 99-220 Pełczyska 4;514;66;66;2;64;12.84;3.03;504;165;165;10;155;32.74;6.06
51681;101105;7;Obiekt komunalny w Sakowie 99-220 Saków 7;347;43;43;1;42;12.39;2.33;343;126;126;7;119;36.73;5.56
51682;101105;8;Obiekt komunalny w Turze 99-220 Wilkowice 8;619;92;92;9;83;14.86;9.78;626;251;251;12;239;40.10;4.78
51683;101105;9;Ochotnicza Straż Pożarna 99-220 Zelgoszcz 26;304;25;25;2;23;8.22;8.00;292;76;76;3;73;26.03;3.95
90441;101105;10;Dom Pomocy Społecznej 99-220 Stary Gostków 41;67;26;26;3;23;38.81;11.54;63;21;21;6;15;33.33;28.57
51684;101106;1;Szkoła Podstawowa 99-232 Kazimierzew 38;1050;301;301;17;284;28.67;5.65;1043;543;543;14;529;52.06;2.58
51685;101106;2;Sala OSP w Ralewicach 99-232 Ralewice 5a;598;125;125;2;123;20.90;1.60;605;261;261;6;255;43.14;2.30
51686;101106;3;Szkoła Podstawowa w Zygrach 99-232 Zygry 71;724;160;160;7;153;22.10;4.38;720;296;296;11;285;41.11;3.72
51687;101106;4;budynek szkoły w Małyniu 99-232 Małyń Kłoniszew 57;673;129;129;2;127;19.17;1.55;680;261;261;25;236;38.38;9.58
51688;101106;5;Sala OSP w Wierzchach 99-232 Wierzchy 56;745;151;151;13;138;20.27;8.61;739;297;297;19;278;40.19;6.40
51689;101106;6;Sala OSP w Charchowie Pańskim 99-232 Charchów Pański 20;540;117;117;2;115;21.67;1.71;521;242;242;5;237;46.45;2.07
51690;101201;1;Zespół Szkół Elektryczno-Elektronicznych 97-500 Radomsko ul. Narutowicza 12;1692;301;301;3;298;17.79;1.00;1662;763;763;12;751;45.91;1.57
51691;101201;2;Zespół Szkolno-Gimnazjalny Nr 3 97-500 Radomsko ul. Szkolna 4;1947;370;370;17;353;19.00;4.59;1888;874;874;21;853;46.29;2.40
51692;101201;3;II Liceum Ogólnokształcące 97-500 Radomsko ul. Bugaj 3;1625;291;291;3;288;17.91;1.03;1613;810;810;9;801;50.22;1.11
51693;101201;4;Zespół Szkolno-Gimnazjalny Nr 5 97-500 Radomsko ul. Rolna 65;1837;394;394;11;383;21.45;2.79;1759;875;875;21;854;49.74;2.40
51694;101201;5;Specjalny Ośrodek Szkolno-Wychowawczy 97-500 Radomsko ul. Piastowska 12;1921;473;473;16;457;24.62;3.38;2130;954;954;18;936;44.79;1.89
51695;101201;6;Zespół Szkolno-Gimnazjalny Nr 1 97-500 Radomsko ul. Piastowska 17;2184;489;489;13;476;22.39;2.66;1851;1149;1149;29;1120;62.07;2.52
51696;101201;7;Bursa Szkolna Nr 1 97-500 Radomsko ul. Piastowska 21;2159;506;506;8;498;23.44;1.58;2076;1113;1113;26;1087;53.61;2.34
51697;101201;8;I Liceum Ogólnokształcące 97-500 Radomsko ul. Armii Krajowej 30;2296;519;519;16;503;22.60;3.08;2231;1186;1189;31;1155;53.16;2.61
51698;101201;9;Zespół Szkolno-Gimnazjalny Nr 4 97-500 Radomsko ul. Świętej Jadwigi Królowej 20;1873;392;392;16;376;20.93;4.08;1795;942;942;45;897;52.48;4.78
51699;101201;10;Zespół Szkolno-Gimnazjalny Nr 4 97-500 Radomsko ul. Świętej Jadwigi Królowej 20;1329;298;298;10;288;22.42;3.36;1308;711;711;11;700;54.36;1.55
51700;101201;11;Publiczna Szkoła Podstawowa Nr 3 97-500 Radomsko ul. Dąbrowskiej 27;1226;235;235;7;228;19.17;2.98;1203;594;594;18;576;49.38;3.03
51701;101201;12;Miejski Dom Kultury 97-500 Radomsko ul. Brzeźnicka 5;1755;459;459;14;445;26.15;3.05;1701;968;968;12;956;56.91;1.24
51702;101201;13;Muzeum Regionalne 97-500 Radomsko ul. Narutowicza 1;1989;285;285;7;278;14.33;2.46;1934;719;719;7;712;37.18;0.97
51703;101201;14;Zespół Szkolno-Gimnazjalny Nr 2 97-500 Radomsko ul. Piłsudskiego 22;2051;442;442;12;430;21.55;2.71;2063;1037;1037;13;1024;50.27;1.25
51704;101201;15;Publiczne Przedszkole Nr 1 97-500 Radomsko ul. Miła 13;1617;402;402;3;399;24.86;0.75;1604;891;891;15;876;55.55;1.68
51705;101201;16;Zespół Szkół Ponadgimnazjalnych Nr 1 97-500 Radomsko ul. Brzeźnicka 20;1932;390;390;12;378;20.19;3.08;1877;830;830;29;801;44.22;3.49
51706;101201;17;Zespół Szkół Drzewnych i Ochrony Środowiska 97-500 Radomsko ul. Brzeźnicka 22;1824;383;383;15;368;21.00;3.92;1823;898;898;17;881;49.26;1.89
51707;101201;18;Zespół Szkolno-Gimnazjalny Nr 6 97-500 Radomsko ul. Makuszyńskiego 25;1833;328;328;4;324;17.89;1.22;1813;873;873;26;847;48.15;2.98
51708;101201;19;Zespół Szkolno-Gimnazjalny Nr 7 97-500 Radomsko ul. 11 Listopada 16;2264;438;438;18;420;19.35;4.11;2216;1025;1025;26;999;46.25;2.54
51709;101201;20;Publiczna Szkoła Podstawowa Nr 8 97-500 Radomsko ul. Reja 81;1360;275;275;4;271;20.22;1.45;1375;618;618;29;589;44.95;4.69
51710;101201;21;Publiczna Szkoła Podstawowa Nr 5 97-500 Radomsko ul. Narutowicza 207;1742;347;347;16;331;19.92;4.61;1722;890;890;58;832;51.68;6.52
51711;101201;22;Świetlica Środowiskowa 97-500 Radomsko ul. Strażacka 13;516;67;67;4;63;12.98;5.97;519;186;186;10;176;35.84;5.38
90442;101201;23;Dom Pomocy Społecznej 97-500 Radomsko ul. Ignacego Krasickiego 138;31;12;12;0;12;38.71;0.00;58;28;28;0;28;48.28;0.00
90443;101201;24;Szpital Powiatowy 97-500 Radomsko ul. Jagiellońska 36;101;12;12;0;12;11.88;0.00;180;72;72;6;66;40.00;8.33
51712;101202;1;Publiczna Szkoła Podstawowa 97-505 Dobryszyce ul. Leśna 1;1043;192;192;8;184;18.41;4.17;1037;474;474;18;456;45.71;3.80
51713;101202;2;Urząd Gminy 97-505 Dobryszyce ul. Wolności 8;1200;263;263;21;242;21.92;7.98;1197;553;553;31;522;46.20;5.61
51714;101202;3;Szkoła Podstawowa 97-505 Blok Dobryszyce ul. Kolejowa 24;1152;202;202;5;197;17.53;2.48;1171;548;548;17;531;46.80;3.10
51715;101203;1;Fabryka Drutów Specjalnych 97-540 Borowa 75A;542;49;49;2;47;9.04;4.08;528;187;187;15;172;35.42;8.02
51716;101203;2;Publiczna Szkoła Podstawowa 97-540 Ciężkowice 36;698;86;86;4;82;12.32;4.65;703;249;249;10;239;35.42;4.02
51717;101203;3;Publiczne Gimnazjum w Gidlach 97-540 Gidle ul. Szkolna 7;1234;220;220;10;210;17.83;4.55;1225;578;578;9;569;47.18;1.56
51718;101203;4;Świetlica Wiejska 97-540 Pławno Plac Wolności 17a;857;127;127;1;126;14.82;0.79;842;343;343;11;332;40.74;3.21
51719;101203;5;Publiczna Szkoła Podstawowa 97-540 Gidle ul. Szkolna 7;1129;110;110;3;107;9.74;2.73;1124;404;404;15;389;35.94;3.71
51720;101203;6;Zespół Szkolno-Gimnazjalny 97-540 Pławno Przedborska 4;830;146;146;5;141;17.59;3.42;824;378;378;6;372;45.87;1.59
51721;101204;1;Zespół Szkolno-Przedszkolny w Gomunicach 97-545 Gomunice ul. Słowackiego 10;1270;268;268;16;252;21.10;5.97;1290;649;649;20;629;50.31;3.08
51722;101204;2;Urząd Gminy 97-545 Gomunice ul. Armii Krajowej 30;1063;290;290;13;277;27.28;4.48;1035;556;556;13;543;53.72;2.34
51723;101204;3;Strażnica OSP 97-545 Kletnia ul. Główna 33;948;225;225;12;213;23.73;5.33;974;499;499;13;486;51.23;2.61
51724;101204;4;Pasieka Zarodowa w Kocierzowach 97-545 Kocierzowy 4;613;122;122;1;121;19.90;0.82;614;245;245;11;234;39.90;4.49
51725;101204;5;Zespół Szkolno-Przedszkolny w Chrzanowicach 97-545 Chrzanowice ul. Włodzimierza Łuckiego 16;903;225;225;15;210;24.92;6.67;908;464;464;28;436;51.10;6.03
51726;101205;1;Zespół Szkół Ponadgimnazjalnych (sala gimnastyczna) 97-360 Kamieńsk ul. Szkolna 4;1043;247;247;11;236;23.68;4.45;1034;592;592;19;573;57.25;3.21
51727;101205;2;Zespół Szkół Ponadgimnazjalnych (wejście główne) 97-360 Kamieńsk ul. Szkolna 4;1279;296;296;13;283;23.14;4.39;1292;780;780;32;748;60.37;4.10
51728;101205;3;Dom Ludowy im. K.Tazbira 97-360 Kamieńsk ul. Konopnickiej 6;1235;165;165;5;160;13.36;3.03;1228;550;550;30;520;44.79;5.45
51729;101205;4;Świetlica Wiejska 97-360 Gałkowice Stare 58;665;83;83;5;78;12.48;6.02;659;232;232;19;213;35.20;8.19
51730;101205;5;Zespół Szkolno-Przedszkolny 97-360 Gorzędów ul. Adamowskiego 7;684;173;173;12;161;25.29;6.94;689;418;418;23;395;60.67;5.50
51731;101206;1;Świetlica Wiejska w Kobielach Małych 97-524 Kobiele Małe 70A;1091;177;177;23;154;16.22;12.99;1070;416;416;7;409;38.88;1.68
51732;101206;2;Gminny Ośrodek Kultury i Sportu w Kobielach Wielkich 97-524 Kobiele Wielkie Reymonta 75;1109;162;162;11;151;14.61;6.79;1104;440;440;16;424;39.86;3.64
51733;101206;3;Strażnica Ochotniczej Straży Pożarnej w Przybyszowie 97-524 Przybyszów 42;659;117;117;3;114;17.75;2.56;652;262;262;7;255;40.18;2.67
51734;101206;4;Publiczna Szkoła Podstawowa w Orzechowie 97-524 Orzechów 2;767;113;113;4;109;14.73;3.54;771;301;301;11;290;39.04;3.65
51735;101207;1;Zespół Szkolno-Gimnazjalny w Kodrębie 97-512 Kodrąb ul. Leśna 2;781;101;101;1;100;12.93;0.99;787;286;286;9;277;36.34;3.15
51736;101207;2;Zespół Szkolno-Gimnazjalny w Kodrębie 97-512 Kodrąb ul. Leśna 2;792;149;149;5;144;18.81;3.36;789;354;354;15;339;44.87;4.24
51737;101207;3;Publiczna Szkoła Podstawowa w Rzejowicach 97-512 Rzejowice 91;656;96;96;0;96;14.63;0.00;639;232;232;15;217;36.31;6.47
51738;101207;4;Świetlica wiejska w Woli Malowanej 97-512 Wola Malowana 22;553;105;105;8;97;18.99;7.62;544;222;222;12;210;40.81;5.41
51739;101207;5;Gminne Centrum Informacji w Dmeninie 97512 Dmenin 124;476;53;53;2;51;11.13;3.77;481;170;170;6;164;35.34;3.53
51740;101207;6;Gminne Centrum Informacji w Dmeninie 97-512 Dmenin 124;615;119;119;5;114;19.35;4.20;604;281;281;8;273;46.52;2.85
51741;101208;1;Urząd Gminy w Lgocie Wielkiej 97-565 Lgota Wielka ul. Radomszczańska 60;1447;255;255;16;239;17.62;6.27;1450;688;688;42;646;47.45;6.10
51742;101208;2;Publiczna Szkoła Podstawowa w Woli Blakowej 97-565 Wola Blakowa 39;1032;115;115;16;99;11.14;13.91;1048;394;394;27;367;37.60;6.85
51743;101208;3;Publiczna Szkoła Podstawowa w Brudzicach 97-565 Brudzice ul. Radomszczańska 1;598;93;93;1;92;15.55;1.08;598;290;290;21;269;48.49;7.24
51744;101208;4;Świetlica Wiejska w Krzywanicach 97-565 Krzywanice 142;435;117;117;9;108;26.90;7.69;436;257;257;14;243;58.94;5.45
51745;101209;1;Publiczna Szkoła Podstawowa w Jedlnie 97-561 Jedlno Pierwsze 33A;1383;145;145;2;143;10.48;1.38;1399;528;528;16;512;37.74;3.03
51746;101209;2;Zespół Szkolno-Przedszkolny w Stobiecku Szlacheckim 97-561 Stobiecko Szlacheckie 24A;1196;147;147;7;140;12.29;4.76;1204;473;473;19;454;39.29;4.02
51747;101209;3;Publiczne Gimnazjum w Radziechowicach 97-561 Radziechowice Drugie 170;844;134;134;5;129;15.88;3.73;849;330;330;14;316;38.87;4.24
51748;101209;4;Urząd Gminy Ładzice 97-561 Ładzice ul. Wyzwolenia 36;384;85;85;4;81;22.14;4.71;383;184;184;7;177;48.04;3.80
90444;101209;5;Dom Pomocy Społecznej w Radziechowicach Pierwszych 97-561 Radziechowice Pierwsze 2;81;23;23;4;19;28.40;17.39;87;31;31;14;17;35.63;45.16
51749;101210;1;Szkoła Podstawowa w Strzelcach Małych 97-515 Strzelce Małe 33;929;152;152;6;146;16.36;3.95;936;365;365;12;353;39.00;3.29
51750;101210;2;Sala OSP 97-515 Chełmo 51;1139;193;193;15;178;16.94;7.77;1146;480;480;22;458;41.88;4.58
51751;101210;3;Szkoła Podstawowa w Przerębie 97-515 Przerąb 61;709;119;119;2;117;16.78;1.68;707;279;279;11;268;39.46;3.94
51752;101210;4;Budynek po byłej szkole podstawowej 97-515 Ochotnik 99;751;102;102;2;100;13.58;1.96;753;291;291;11;280;38.65;3.78
51753;101211;1;Zespół Szkolno-Gimnazjalny 97-570 Przedbórz ul. Mostowa 37 A;1437;261;261;23;238;18.16;8.81;1441;593;593;41;552;41.15;6.91
51754;101211;2;Zespół Szkół Ponadgimnazjalnych 97-570 Przedbórz ul. Piotrkowska 1;1495;344;344;8;336;23.01;2.33;1474;726;726;22;704;49.25;3.03
51755;101211;3;Szkoła Podstawowa 97-570 Góry Mokre 94a;1177;147;147;7;140;12.49;4.76;1179;419;419;44;375;35.54;10.50
51756;101211;4;Budynek po byłej Szkole Podstawowej 97-570 Nosalewice 1a;819;94;94;5;89;11.48;5.32;815;294;294;18;276;36.07;6.12
51757;101211;5;Przedszkole Samorządowe 97-570 Przedbórz ul. Mostowa 39;1124;340;340;19;321;30.25;5.59;1106;583;583;26;557;52.71;4.46
90445;101211;6;Samodzielny Zakład Opieki Zdrowotnej - Zakład Pielęgnacyjno-Opiekuńczy w Przedborzu 97-570 Przedbórz Częstochowska 25;19;1;1;0;1;5.26;0.00;19;3;3;0;3;15.79;0.00
90446;101211;7;Niepubliczny Zakład Pielęgnacyjno-Opiekuńczy „Family” w Tarasie 97-570 Taras 46A;60;16;16;2;14;26.67;12.50;58;4;4;0;4;6.90;0.00
51758;101212;1;Publiczny Zespół Szkolno-Gimnazjalny 97-500 Dziepółć 97;602;124;124;3;121;20.60;2.42;586;252;252;6;246;43.00;2.38
51759;101212;2;Publiczny Zespół Szkolno-Gimnazjalny 97-500 Kietlin ul. Radomszczańska 61;684;149;149;7;142;21.78;4.70;679;342;342;16;326;50.37;4.68
51760;101212;3;Publiczny Zespół Szkolno-Gimnazjalny 97-500 Płoszów ul. Radomszczańska 41;690;99;99;7;92;14.35;7.07;677;282;282;14;268;41.65;4.96
51761;101212;4;Publiczny Zespół Szkolno-Gimnazjalny 97-500 Strzałków ul. Kolumba 2;931;137;137;7;130;14.72;5.11;932;360;360;15;345;38.63;4.17
51762;101212;5;Publiczny Zespół Szkolno-Gimnazjalny 97-500 Strzałków ul. Kolumba 2;674;120;120;4;116;17.80;3.33;676;310;310;14;296;45.86;4.52
51763;101212;6;Publiczny Zespół Szkolno-Gimnazjalny 97-500 Szczepocice Rządowe 19C;957;157;157;6;151;16.41;3.82;976;470;470;14;456;48.16;2.98
51764;101213;1;Publiczna Szkoła Podstawowa 97-525 Krzętów ul. Stodolna 22;797;100;100;10;90;12.55;10.00;802;298;298;8;290;37.16;2.68
51765;101213;2;Remiza OSP 97-525 Sokola Góra 47;570;126;126;2;124;22.11;1.59;574;242;242;6;236;42.16;2.48
51766;101213;3;Gminny Ośrodek Kultury w Wielgomłynach (parter) 97-525 Wielgomłyny ul. Rynek 1;443;59;59;4;55;13.32;6.78;432;129;129;2;127;29.86;1.55
51767;101213;4;Sala Obrad w Urzędzie Gminy w Wielgomłynach (I piętro) 97-525 Wielgomłyny ul. Rynek 1;891;154;154;14;140;17.28;9.09;892;344;344;13;331;38.57;3.78
51768;101213;5;Publiczna Szkoła Podstawowa 97-525 Zagórze 30;684;91;91;3;88;13.30;3.30;688;278;278;15;263;40.41;5.40
51769;101213;6;Publiczna Szkoła Podstawowa 97-525 Niedośpielin 97;529;108;108;2;106;20.42;1.85;529;190;190;5;185;35.92;2.63
51770;101214;1;Publiczna Szkoła Podstawowa 97-532 Żytno ul. Ogrodowa 16;1332;181;181;9;172;13.59;4.97;1340;523;523;39;484;39.03;7.46
51771;101214;2;Gminny Ośrodek Kultury 97-532 Silnica 77;898;123;123;6;117;13.70;4.88;891;356;356;23;333;39.96;6.46
51772;101214;3;Przedszkole Publiczne 97-532 Maluszyn ul. Wolności 5;1177;145;145;5;140;12.32;3.45;1178;437;437;19;418;37.10;4.35
51773;101214;4;Publiczna Szkoła Podstawowa 97-532 Borzykowa ul. Szkolna 12;1088;122;122;9;113;11.21;7.38;1080;446;446;25;421;41.30;5.61
51774;101301;1;Szkoła Podstawowa nr 2 im. Marii Konopnickiej 96-200 Rawa Mazowiecka ul. Miła 2;1924;363;363;15;348;18.87;4.13;1871;858;858;21;837;45.86;2.45
51775;101301;2;Zakład Gospodarki Odpadami Sp. z o.o. Aquarium 96-200 Rawa Mazowiecka ul.Katowicka 20;1875;551;551;25;526;29.39;4.54;1882;1075;1075;24;1051;57.12;2.23
51776;101301;3;Szkoła Podstawowa nr 1 im. Tadeusza Kościuszki 96-200 Rawa Mazowiecka ul. Kościuszki 19;1894;438;438;12;426;23.13;2.74;1892;881;881;35;846;46.56;3.97
51777;101301;4;Przedszkole Miejskie nr 3 „Bajkowy Zakątek” 96-200 Rawa Mazowiecka ul. Solidarności 3b;1969;530;530;12;518;26.92;2.26;1927;1063;1063;27;1036;55.16;2.54
51778;101301;5;Gimnazjum nr 1 im. Polskich Noblistów 96-200 Rawa Mazowiecka ul. Kościuszki 19;1967;523;523;22;501;26.59;4.21;1914;986;986;22;964;51.52;2.23
51779;101301;6;Miejski Dom Kultury 96-200 Rawa Mazowiecka ul.Krakowska 6c;1017;349;349;15;334;34.32;4.30;1001;613;613;12;601;61.24;1.96
51780;101301;7;Gimnazjum Nr 2 im. Haliny Konopackiej 96-200 Rawa Mazowiecka ul. Kazimierza Wielkiego 28;1967;424;424;14;410;21.56;3.30;1885;953;953;20;933;50.56;2.10
51781;101301;8;Ośrodek Sportu i Rekreacji Hala „Milenium” 96-200 Rawa Mazowiecka ul. Kazimierza Wielkiego 28;1904;511;512;45;466;26.84;8.81;1909;1095;1095;36;1059;57.36;3.29
90447;101301;9;AMG Centrum Medyczne Sp. z o.o. - Szpital im. Św. Ducha 96-200 Rawa Mazowiecka Warszawska 14;59;11;11;0;11;18.64;0.00;40;13;13;0;13;32.50;0.00
51782;101302;1;Szkoła Podstawowa 92-200 Babsk Aleja Lipowa 12;1062;216;216;9;207;20.34;4.17;1050;488;488;22;466;46.48;4.51
51783;101302;2;Szkoła Podstawowa 96-230 Biała Rawska ul. Mickiewicza 22;1315;285;285;13;272;21.67;4.56;1301;584;584;22;562;44.89;3.77
51784;101302;3;Zespół Szkół Ponadgimnazjalnych 96-230 Biała Rawska ul. 15 Grudnia 9;1820;267;267;10;257;14.67;3.75;1792;577;577;34;543;32.20;5.89
51785;101302;4;Ochotnicza Straż Pożarna 96-230 Dańków 6;1863;276;276;5;271;14.81;1.81;1865;640;640;18;622;34.32;2.81
51786;101302;5;Ochotnicza Straż Pożarna 96-230 Szczuki 4;763;194;194;5;189;25.43;2.58;764;298;298;10;288;39.01;3.36
51787;101302;6;Szkoła Podstawowa w Lesiewie 96-230 Wólka Lesiewska 21;630;126;126;5;121;20.00;3.97;636;261;261;8;253;41.04;3.07
51788;101302;7;Urząd Stanu Cywilnego 96-230 Biała Rawska ul. Jana Pawła II 57;1914;349;349;9;340;18.23;2.58;1900;746;746;40;706;39.26;5.36
51789;101303;1;Szkoła Podstawowa 96-214 Cielądz 38;2099;426;426;19;407;20.30;4.46;2106;869;869;51;818;41.26;5.87
51790;101303;2;Szkoła Podstawowa 96-214 Sierzchowy 59;872;144;144;11;133;16.51;7.64;864;356;356;18;338;41.20;5.06
51791;101303;3;Budynek byłej Szkoły Podstawowej 96-214 Grabice 41A;332;79;79;1;78;23.80;1.27;318;141;141;8;133;44.34;5.67
51792;101304;1;Urząd Gminy 96-200 Rawa Mazowiecka al. Konstytucji 3 Maja 32;1761;279;279;9;270;15.84;3.23;1779;767;767;20;747;43.11;2.61
51793;101304;2;Szkoła Podstawowa w Boguszycach 96-200 Garłów 12;1856;366;366;12;354;19.72;3.28;1848;804;804;35;769;43.51;4.35
51794;101304;3;Szkoła Podstawowa 96-200 Stara Wojska 30B;894;127;127;4;123;14.21;3.15;887;363;363;17;346;40.92;4.68
51795;101304;4;Szkoła Podstawowa w Kurzeszynie 96-200 Nowy Kurzeszyn 12;1385;292;292;14;278;21.08;4.79;1383;598;598;8;590;43.24;1.34
51796;101304;5;Szkoła Podstawowa 96-200 Konopnica 76;1028;209;209;6;203;20.33;2.87;1020;468;468;24;444;45.88;5.13
51797;101305;1;Gminna Biblioteka Publiczna 96-232 Regnów 96;1498;367;367;14;353;24.50;3.81;1497;650;650;31;619;43.42;4.77
51798;101306;1;Urząd Gminy 96-206 Sadkowice 129A;1920;307;307;17;290;15.99;5.54;1893;620;620;36;584;32.75;5.81
51799;101306;2;Gimnazjum 96-208 Lubania 30;1519;276;276;7;269;18.17;2.54;1503;514;514;22;492;34.20;4.28
51800;101306;3;Szkoła Podstawowa 96-208 Kłopoczyn 17;844;163;163;4;159;19.31;2.45;846;338;338;10;328;39.95;2.96
51801;101306;4;Świetlica Środowiskowa 96-206 Lewin 50;293;45;45;2;43;15.36;4.44;296;99;99;4;95;33.45;4.04
51802;101401;1;Przedszkole Nr 5 im. Misia Uszatka 98-200 Sieradz Jana Pawła II 41;1363;388;388;11;377;28.47;2.84;1344;778;778;16;762;57.89;2.06
51803;101401;2;Wyższa Szkoła Humanistyczno-Ekonomiczna 98-200 Sieradz Mickiewicza 6;1072;238;238;6;232;22.20;2.52;1060;516;516;16;500;48.68;3.10
51804;101401;3;I Liceum Ogólnokształcące im. Kazimierza Jagiellończyka 98-200 Sieradz Żwirki i Wigury 3;1648;415;415;17;398;25.18;4.10;1604;845;845;10;835;52.68;1.18
51805;101401;4;Szkoła Podstawowa Integracyjna Nr 8 98-200 Sieradz Szlachecka 11;1097;285;285;22;263;25.98;7.72;1099;607;607;4;603;55.23;0.66
51806;101401;5;Państwowa Szkoła Muzyczna I stopnia 98-200 Sieradz Jana Pawła II 48;1989;530;530;12;518;26.65;2.26;1940;1120;1120;18;1102;57.73;1.61
51807;101401;6;Przedszkole Nr 3 im. Jana Brzechwy 98-200 Sieradz Władysława Łokietka 27A;2031;489;489;16;473;24.08;3.27;1981;1101;1101;14;1087;55.58;1.27
51808;101401;7;Szkoła Podstawowa Nr 9 im. Władysława Łokietka 98-200 Sieradz Władysława Łokietka 55;1979;511;511;12;499;25.82;2.35;1953;1061;1061;23;1038;54.33;2.17
51809;101401;8;Szkoła Podstawowa Nr 9 im. Władysława Łokietka 98-200 Sieradz Władysława Łokietka 55;2156;502;502;17;485;23.28;3.39;2096;1131;1131;21;1110;53.96;1.86
51810;101401;9;Szkoła Podstawowa Nr 10 im. Bolesława Zwolińskiego 98-200 Sieradz Aleja Grunwaldzka 10;1718;386;386;11;375;22.47;2.85;1650;908;908;18;890;55.03;1.98
51811;101401;10;Dom Pomocy Społecznej 98-200 Sieradz Armii Krajowej 34;1767;451;451;19;432;25.52;4.21;1711;898;898;66;832;52.48;7.35
51812;101401;11;Przedszkole Nr 15 98-200 Sieradz Stacheckiego-Koliby 3;1899;459;459;11;448;24.17;2.40;1822;1008;1008;23;985;55.32;2.28
51813;101401;12;Przedszkole Nr 15 98-200 Sieradz Stacheckiego-Koliby 3;1842;444;444;6;438;24.10;1.35;1806;997;997;17;980;55.20;1.71
51814;101401;13;Komenda Powiatowa Państwowej Straży Pożarnej w Sieradzu 98-200 Sieradz T. Grzesika i R. Piwnika 1;1120;302;302;7;295;26.96;2.32;1126;690;690;6;684;61.28;0.87
51815;101401;14;Zespół Szkół Katolickich przy parafii Św. Urszuli Ledóchowskiej w Sieradzu 98-200 Sieradz Krakowskie Przedmieście 123a;676;121;121;3;118;17.90;2.48;664;348;348;13;335;52.41;3.74
51816;101401;15;Gimnazjum Nr 3 im. Unii Europejskiej 98-200 Sieradz Broniewskiego 30;1202;364;364;19;345;30.28;5.22;1176;680;680;11;669;57.82;1.62
51817;101401;16;II Liceum Ogólnokształcące im. Stefana Żeromskiego 98-200 Sieradz Stefana Żeromskiego 8;1576;610;610;10;600;38.71;1.64;1527;1016;1016;13;1003;66.54;1.28
51818;101401;17;Specjalny Ośrodek Szkolno-Wychowawczy im. Janusza Korczaka 98-200 Sieradz Krakowskie Przedmieście 58;1872;564;564;11;553;30.13;1.95;1856;1131;1131;21;1110;60.94;1.86
51819;101401;18;Szkoła Podstawowa Nr 4 im. Marii Konopnickiej 98-200 Sieradz 23-go Stycznia 18;1583;341;341;13;328;21.54;3.81;1547;693;693;36;657;44.80;5.19
51820;101401;19;Zespół Szkół Ponadgimnazjalnych Nr 1 98-200 Sieradz Józefa Piłsudskiego 5;1945;496;496;25;471;25.50;5.04;1907;971;971;22;949;50.92;2.27
51821;101401;20;Gimnazjum Nr 2 im. Królowej Jadwigi 98-200 Sieradz Rycerska 4;986;243;243;6;237;24.65;2.47;1017;497;497;10;487;48.87;2.01
51822;101401;21;Dom Ludowo Strażacki 98-200 Sieradz Nadwarciańska 2;847;164;164;10;154;19.36;6.10;844;427;427;16;411;50.59;3.75
51823;101401;22;Zespół Placówek Wychowania Pozaszkolnego 98-200 Sieradz Tysiąclecia 3;1224;304;304;7;297;24.84;2.30;1189;604;604;23;581;50.80;3.81
51824;101401;23;Szkoła Podstawowa Nr 6 im. Janiny Majkowskiej 98-200 Sieradz Uniejowska 199;1451;258;258;5;253;17.78;1.94;1438;727;727;18;709;50.56;2.48
90448;101401;24;Szpital Wojewódzki im. Prymasa Kardynała Stefana Wyszyńskiego w Sieradzu 98-200 Sieradz Armii Krajowej 7;462;19;19;1;18;4.11;5.26;470;90;90;6;84;19.15;6.67
90449;101401;25;Szpital Wojewódzki im. Prymasa Kardynała Stefana Wyszyńskiego w Sieradzu 98-200 Sieradz Nenckiego 2;150;27;27;1;26;18.00;3.70;135;52;52;8;44;38.52;15.38
90450;101401;26;Zakład Karny Sieradz 98-200 Sieradz Orzechowa 5;753;255;255;26;229;33.86;10.20;672;284;284;40;244;42.26;14.08
90451;101401;27;Zakład Karny Sieradz Sieradz Sieradz Torowa 2;126;54;54;11;43;42.86;20.37;120;59;59;15;44;49.17;25.42
51825;101402;1;Szkoła Podstawowa 98-235 Błaszki Szkolna 1;1892;453;453;15;438;23.94;3.31;1879;869;869;24;845;46.25;2.76
51826;101402;2;Szkoła Podstawowa 98-235 Łubna-Jakusy 30;824;119;119;6;113;14.44;5.04;817;281;281;19;262;34.39;6.76
51827;101402;3;Miejsko-Gminna Biblioteka Publiczna 98-235 Błaszki Sulwińskiego 35;1562;254;254;5;249;16.26;1.97;1547;662;662;27;635;42.79;4.08
51828;101402;4;Dom Parafialny „Albertówka” 98-235 Wojków 41;1530;222;222;11;211;14.51;4.95;1530;531;531;38;493;34.71;7.16
51829;101402;5;Szkoła Podstawowa 98-235 Brończyn 21;720;135;135;4;131;18.75;2.96;712;281;281;8;273;39.47;2.85
51830;101402;6;Szkoła Podstawowa 98-235 Kwasków 5;694;138;138;4;134;19.88;2.90;681;303;303;10;293;44.49;3.30
51831;101402;7;Szkoła Podstawowa 98-235 Sędzimirowice 10;827;101;101;3;98;12.21;2.97;814;262;262;17;245;32.19;6.49
51832;101402;8;Szkoła Podstawowa 98-235 Kalinowa 86;956;171;171;7;164;17.89;4.09;930;364;364;16;348;39.14;4.40
51833;101402;9;Publiczne Gimnazjum 98-235 Błaszki Pomorska 6;704;140;140;5;135;19.89;3.57;701;319;319;9;310;45.51;2.82
51834;101402;10;Szkoła Podstawowa 98-235 Gruszczyce 45;1472;306;306;10;296;20.79;3.27;1484;627;627;22;605;42.25;3.51
51835;101402;11;Szkoła Podstawowa w Domaniewie 98-235 Domaniew 53;907;131;131;7;124;14.44;5.34;919;302;302;14;288;32.86;4.64
51836;101403;1;Szkoła Podstawowa w Brąszewicach 98-277 Brąszewice Sieradzka 98;1463;271;271;8;263;18.52;2.95;1475;695;695;32;663;47.12;4.60
51837;101403;2;Publiczna Szkoła Podstawowa SPSK w Chajewie 98-277 Chajew 44;451;57;57;6;51;12.64;10.53;450;204;204;14;190;45.33;6.86
51838;101403;3;Szkoła Podstawowa w Godynicach 98-277 Godynice 17;1038;257;257;10;247;24.76;3.89;1031;445;445;20;425;43.16;4.49
51839;101403;4;Szkoła Podstawowa w Żurawiu 98-277 Żuraw 18;572;82;82;1;81;14.34;1.22;576;232;232;5;227;40.28;2.16
51840;101404;1;Szkoła Podstawowa w Brzeźniu 98-275 Brzeźnio Bronisławów ul.Szkolna 2;1192;243;243;12;231;20.39;4.94;1183;610;610;13;597;51.56;2.13
51841;101404;2;Szkoła Podstawowa w Brzeźniu 98-275 Brzeźnio Bronisławów ul.Szkolna 2;1122;147;147;5;142;13.10;3.40;1143;483;483;23;460;42.26;4.76
51842;101404;3;Szkoła Podstawowa w Barczewie 98-275 Barczew 3;1003;188;188;9;179;18.74;4.79;1018;461;461;30;431;45.28;6.51
51843;101404;4;Szkoła Podstawowa w Kliczkowie Wielkim 98-275 Kliczków Wielki 45a;950;144;144;1;143;15.16;0.69;939;422;422;22;400;44.94;5.21
51844;101404;5;Szkoła Podstawowa w Ostrowie 98-275 Ostrów 21;776;106;106;13;93;13.66;12.26;783;310;310;11;299;39.59;3.55
51845;101405;1;Zespół Szkół w Burzeninie 98-260 Burzenin Sieradzka 11;1459;250;250;12;238;17.14;4.80;1442;689;689;35;654;47.78;5.08
51846;101405;2;Remiza OSP w Grabówce 98-260 Grabówka 30A;619;75;75;1;74;12.12;1.33;591;250;250;11;239;42.30;4.40
51847;101405;3;Świetlica Wiejska w Niechmirowie 98-260 Niechmirów 47;775;97;97;3;94;12.52;3.09;763;289;289;10;279;37.88;3.46
51848;101405;4;Remiza OSP w Szczawnie 98-260 Szczawno 8a;382;55;55;9;46;14.40;16.36;386;165;165;10;155;42.75;6.06
51849;101405;5;Remiza OSP w Woli Będkowskiej 98-260 Wola Będkowska 40;547;48;48;2;46;8.78;4.17;548;170;170;10;160;31.02;5.88
51850;101405;6;Świetlica Wiejska w Witowie 98-260 Witów Wspólna 84;795;111;111;2;109;13.96;1.80;766;306;306;14;292;39.95;4.58
51851;101406;1;Publiczne Gimnazjum w Goszczanowie 98-215 Goszczanów Kaliska 13;1150;252;252;8;244;21.91;3.17;1147;489;489;11;478;42.63;2.25
51852;101406;2;Remiza OSP w Woli Tłomakowej 98-215 Wola Tłomakowa 74;633;72;72;7;65;11.37;9.72;624;217;217;5;212;34.78;2.30
51853;101406;3;Szkoła Podstawowa w Chlewie 98-215 Chlewo 51A;911;120;120;11;109;13.17;9.17;903;319;319;26;293;35.33;8.15
51854;101406;4;Szkoła Podstawowa w Lipiczu 98-215 Lipicze 44;524;53;53;2;51;10.11;3.77;531;165;165;10;155;31.07;6.06
51855;101406;5;Remiza OSP w Poniatowie 98-215 Poniatów 8;655;89;89;1;88;13.59;1.12;657;238;238;11;227;36.23;4.62
51856;101406;6;Szkoła Podstawowa w Kaszewie 98-215 Kaszew 28;617;71;71;6;65;11.51;8.45;611;171;171;9;162;27.99;5.26
51857;101407;1;Zespół Szkół w Klonowej 98-273 Klonowa ul. Złoczewska 4;823;179;179;18;161;21.75;10.06;813;369;369;15;354;45.39;4.07
51858;101407;2;Gminny Ośrodek Kultury w Klonowej 98-273 Klonowa ul. Czajkowska 1b;652;114;114;9;105;17.48;7.89;633;282;282;17;265;44.55;6.03
51859;101407;3;Szkoła Podstawowa w Kuźnicy Błońskiej 98-273 Kuźnica Błońska 9;343;38;38;1;37;11.08;2.63;347;125;125;6;119;36.02;4.80
51860;101407;4;Strażnica OSP w Owieczkach 98-273 Owieczki 35;569;76;76;3;73;13.36;3.95;562;199;199;7;192;35.41;3.52
51861;101408;1;Szkoła Podstawowa 98-200 Dąbrowa Wielka 19;933;160;160;7;153;17.15;4.38;921;444;444;29;415;48.21;6.53
51862;101408;2;Szkoła Podstawowa w Charłupi Małej 98-200 Charłupia Mała Szkolna 15;1769;419;419;10;409;23.69;2.39;1770;927;927;25;902;52.37;2.70
51863;101408;3;Szkoła Podstawowa w Chojnem 98-200 Chojne Główna 1;1893;345;345;8;337;18.23;2.32;1929;948;948;43;905;49.14;4.54
51864;101408;4;Szkoła Podstawowa 98-200 Kłocko 11;1118;210;210;9;201;18.78;4.29;1124;555;555;24;531;49.38;4.32
51865;101408;5;Remiza OSP 98-200 Ruda 106D;1116;131;131;7;124;11.74;5.34;1100;479;479;23;456;43.55;4.80
51866;101408;6;Szkoła Podstawowa 98-200 Rzechta 84;1273;244;244;8;236;19.17;3.28;1274;642;642;28;614;50.39;4.36
90452;101408;7;Dom Pomocy Społecznej 98-200 Biskupice 72;43;19;19;4;15;44.19;21.05;48;19;19;5;14;39.58;26.32
51867;101409;1;Publiczne Gimnazjum 98-290 Warta Świętojańska 5 lokal: /sala A/;1342;307;307;17;290;22.88;5.54;1342;653;653;39;614;48.66;5.97
51868;101409;2;Publiczne Gimnazjum 98-290 Warta Świętojańska 5 lokal: /sala B/;1347;367;367;28;339;27.25;7.63;1339;731;731;23;708;54.59;3.15
51869;101409;3;Dom Ludowy 98-290 Małków 75;773;136;136;7;129;17.59;5.15;749;310;310;6;304;41.39;1.94
51870;101409;4;Szkoła Podstawowa 98-290 Jakubice 15;704;117;117;1;116;16.62;0.85;698;262;262;9;253;37.54;3.44
51871;101409;5;Szkoła Podstawowa 98-290 Cielce 16;1148;150;150;3;147;13.07;2.00;1157;435;435;16;419;37.60;3.68
51872;101409;6;Szkoła Podstawowa 98-290 Jeziorsko 46;767;122;122;2;120;15.91;1.64;772;297;297;10;287;38.47;3.37
51873;101409;7;Szkoła Podstawowa 98-290 Ustków 26;690;87;87;5;82;12.61;5.75;681;245;245;19;226;35.98;7.76
51874;101409;8;Remiza OSP 98-290 Proboszczowice 35A;687;139;139;4;135;20.23;2.88;688;327;327;17;310;47.53;5.20
51875;101409;9;Szkoła Podstawowa 98-290 Rossoszyca ul. Sieradzka 7;1407;309;309;5;304;21.96;1.62;1446;659;659;20;639;45.57;3.03
51876;101409;10;Szkoła Podstawowa 98-290 Włyń 10;846;131;131;6;125;15.48;4.58;862;367;367;15;352;42.58;4.09
51877;101409;11;Szkoła Podstawowa 98-290 Raczków 23B;660;116;116;12;104;17.58;10.34;657;263;263;13;250;40.03;4.94
51878;101410;1;Publiczne Przedszkole we Wróblewie im.Wróbelka Elemelka we Wróblewie 98-285 Wróblew 55b;1802;320;320;14;306;17.76;4.38;1784;851;851;33;818;47.70;3.88
51879;101410;2;Szkoła Podstawowa w Słomkowie Mokrym 98-285 Słomków Mokry 23;1242;240;240;12;228;19.32;5.00;1246;509;509;12;497;40.85;2.36
51880;101410;3;Szkoła Podstawowa w Charłupi Wielkiej 98-285 Charłupia Wielka 116;1288;171;171;8;163;13.28;4.68;1277;495;495;18;477;38.76;3.64
51881;101410;4;Szkoła Podstawowa w Wągłczewie 98-285 Wągłczew 4;650;98;98;6;92;15.08;6.12;650;327;327;7;320;50.31;2.14
51882;101411;1;Szkoła Podstawowa nr 1 w Złoczewie 98-270 Złoczew Burzenińska 4/6;1528;353;353;7;346;23.10;1.98;1518;715;715;29;686;47.10;4.06
51883;101411;2;Publiczne Gimnazjum w Złoczewie 98-270 Złoczew Szkolna 18;1238;284;284;18;266;22.94;6.34;1232;576;576;28;548;46.75;4.86
51884;101411;3;Szkoła Podstawowa w Broszkach 98-270 Broszki 4;381;56;56;1;55;14.70;1.79;385;168;168;7;161;43.64;4.17
51885;101411;4;Szkoła Podstawowa nr 1 w Złoczewie 98-270 Złoczew Burzenińska 4/6;774;108;108;0;108;13.95;0.00;747;330;330;14;316;44.18;4.24
51886;101411;5;Środowiskowy Dom Samopomocy w Grójcu Wielkim 98-270 Grójec Wielki 24;440;62;62;4;58;14.09;6.45;428;136;136;12;124;31.78;8.82
51887;101411;6;Szkoła Podstawowa w Unikowie 98-270 Uników 4;866;127;127;15;112;14.67;11.81;867;320;320;8;312;36.91;2.50
51888;101411;7;Szkoła Podstawowa w Stolcu 98-270 Stolec 35;683;152;152;8;144;22.25;5.26;683;326;326;26;300;47.73;7.98
51889;101501;1;Szkoła Podstawowa 99-417 Bolimów Sokołowska 24;1770;306;306;19;287;17.29;6.21;943;457;457;14;443;48.46;3.06
51890;101501;2;Szkoła Podstawowa 99-417 Humin 44A;461;50;50;4;46;10.85;8.00;460;174;174;7;167;37.83;4.02
51891;101501;3;Budynek byłej Szkoły Podstawowej 99-417 Kurabka 23;472;67;67;4;63;14.19;5.97;467;178;178;8;170;38.12;4.49
51892;101501;4;Szkoła Podstawowa 99-417 Kęszyce-Wieś 50;520;81;81;1;80;15.58;1.23;504;228;228;8;220;45.24;3.51
51893;101502;1;Szkoła Podstawowa 96-130 Białynin 50;670;202;202;3;199;30.15;1.49;669;400;400;11;389;59.79;2.75
51894;101502;2;Urząd Gminy 96-130 Głuchów Aleja Klonowa 5;1618;594;594;13;581;36.71;2.19;1616;930;930;29;901;57.55;3.12
51895;101502;3;Świetlica Wiejska 96-130 Janisławice 49;553;180;180;5;175;32.55;2.78;547;307;307;8;299;56.12;2.61
51896;101502;4;Szkoła Podstawowa 96-130 Wysokienice 32;1865;596;596;21;575;31.96;3.52;1840;1079;1079;31;1048;58.64;2.87
51897;101503;1;Urząd Gminy 96-126 Godzianów ul. Klonowa 5;1470;321;321;20;301;21.84;6.23;1466;728;728;25;703;49.66;3.43
51898;101503;2;Strażnica OSP 96-126 Byczki 108;610;170;170;3;167;27.87;1.76;614;332;332;10;322;54.07;3.01
51899;101504;1;Urząd Gminy 96-111 Kowiesy 85;507;141;141;9;132;27.81;6.38;501;223;223;6;217;44.51;2.69
51900;101504;2;Publiczne Gimnazjum 96-111 Jeruzal 18;537;97;97;3;94;18.06;3.09;525;214;214;10;204;40.76;4.67
51901;101504;3;Świetlica wiejska 96-111 Wola Pękoszewska 72a;465;68;68;4;64;14.62;5.88;460;197;197;12;185;42.83;6.09
51902;101504;4;Niepubliczna Szkoła Podstawowa 96-111 Turowa Wola 20;416;77;77;2;75;18.51;2.60;451;182;182;6;176;40.35;3.30
51903;101504;5;Świetlica wiejska 96-111 Stary Wylezin 12;510;153;153;4;149;30.00;2.61;511;215;215;13;202;42.07;6.05
51904;101505;1;Gminny Ośrodek Kultury, Sportu i Rekreacji 96-127 Lipce Reymontowskie ul. Reymonta 24;1661;307;307;8;299;18.48;2.61;1658;817;817;18;799;49.28;2.20
51905;101505;2;Szkoła Podstawowa 96-127 Mszadla 98;553;87;87;1;86;15.73;1.15;542;223;223;12;211;41.14;5.38
51906;101505;3;Szkoła Podstawowa 96-127 Drzewce 165;464;78;78;4;74;16.81;5.13;466;226;226;5;221;48.50;2.21
51907;101506;1;Gimnazjum Świętego Wojciecha 96-124 Maków ul. Akacjowa 2;1665;384;384;11;373;23.06;2.86;1645;908;908;24;884;55.20;2.64
51908;101506;2;Szkoła Podstawowa 96-124 Dąbrowice 86;895;151;151;5;146;16.87;3.31;883;428;428;10;418;48.47;2.34
51909;101506;3;Szkoła Podstawowa 96-124 Wola Makowska 25B;766;134;134;2;132;17.49;1.49;751;359;359;8;351;47.80;2.23
51910;101506;4;Szkoła Podstawowa 96-124 Słomków ul.Główna 68;506;93;93;0;93;18.38;0.00;502;226;226;4;222;45.02;1.77
51911;101506;5;Szkoła Podstawowa 99-420 Pszczonów 53;565;73;73;3;70;12.92;4.11;570;233;233;8;225;40.88;3.43
51912;101506;6;Szkoła Podstawowa 96-124 Święte Laski 63;500;72;72;4;68;14.40;5.56;502;213;213;12;201;42.43;5.63
51913;101507;1;Szkoła Podstawowa im . Jana Antoniego Grabowskiego 96-115 Nowy Dwór 60;678;74;74;3;71;10.91;4.05;671;272;272;12;260;40.54;4.41
51914;101507;2;Gminna Biblioteka Publiczna 96-115 Nowy Kawęczyn 31A;809;105;105;2;103;12.98;1.90;822;358;358;16;342;43.55;4.47
51915;101507;3;Gimnazjum im. Józefa Wybickiego 96-115 Strzyboga 29;730;145;145;9;136;19.86;6.21;755;407;407;11;396;53.91;2.70
51916;101507;4;Szkoła Podstawowa im. Armii Krajowej 96-115 Trzcianna 14;508;106;106;9;97;20.87;8.49;520;255;255;14;241;49.04;5.49
51917;101508;1;Szkoła Podstawowa 96-116 Dębowa Góra 42A;774;124;124;2;122;16.02;1.61;772;395;395;6;389;51.17;1.52
51918;101508;2;Świetlica 96-100 Strobów 19;437;60;60;4;56;13.73;6.67;442;164;164;7;157;37.10;4.27
51919;101508;3;Szkoła Podstawowa 96-100 Miedniewice 88;1313;208;208;6;202;15.84;2.88;1325;545;583;24;521;41.13;4.40
51920;101508;4;Szkoła Podstawowa 96-100 Mokra Prawa 82A;788;130;130;4;126;16.50;3.08;779;378;378;12;366;48.52;3.17
51921;101508;5;Szkoła Podstawowa 96-100 Sierakowice Prawe 69A;609;92;92;4;88;15.11;4.35;614;277;277;7;270;45.11;2.53
51922;101508;6;Gimnazjum 96-116 Żelazna 5;644;126;126;11;115;19.57;8.73;653;287;287;13;274;43.95;4.53
51923;101508;7;Szkoła Podstawowa 96-100 Mokra Lewa 75A;554;103;103;2;101;18.59;1.94;558;283;283;8;275;50.72;2.83
51924;101508;8;Strażnica OSP 96-100 Sierakowice Lewe 38C;664;124;124;1;123;18.67;0.81;674;326;326;8;318;48.37;2.45
51925;101509;1;Urząd Gminy 96-128 Słupia 136;1325;245;245;11;234;18.49;4.49;1350;668;668;29;639;49.48;4.34
51926;101509;2;Zespół Szkół Ogólnokształcących 96-128 Winna Góra 40;801;139;139;13;126;17.35;9.35;791;365;365;20;345;46.14;5.48
51927;101601;1;Zespół Szkół Nr 4 97-200 Tomaszów Mazowiecki ul. Tomasza Ostrowskiego 14;2275;557;557;9;548;24.48;1.62;2198;1114;1114;17;1097;50.68;1.53
51928;101601;2;Fundacja Rozwoju Gminy Zelów 97-200 Tomaszów Mazowiecki ul. Warszawska 119;1999;333;333;7;326;16.66;2.10;1979;866;866;28;838;43.76;3.23
51929;101601;3;Przedszkole Nr 12 97-200 Tomaszów Mazowiecki ul. Kombatantów 1/3;2264;535;535;12;523;23.63;2.24;2191;1140;1140;19;1121;52.03;1.67
51930;101601;4;Zespół Szkolno-Przedszkolny Nr 1 97-200 Tomaszów Mazowiecki ul. J.U. Niemcewicza 50/56;2119;402;402;9;393;18.97;2.24;2054;894;894;38;856;43.52;4.25
51931;101601;5;III Liceum Ogólnokształcące 97-200 Tomaszów Mazowiecki ul. Nadrzeczna 17/25;2341;474;474;16;458;20.25;3.38;2310;1034;1034;24;1010;44.76;2.32
51932;101601;6;Przedszkole Nr 3 97-200 Tomaszów Mazowiecki ul. Kombatantów 5;2189;585;585;20;565;26.72;3.42;2102;1109;1109;30;1079;52.76;2.71
51933;101601;7;Zespół Placówek Wychowania Pozaszkolnego 97-200 Tomaszów Mazowiecki ul. Farbiarska 20;2196;413;413;8;405;18.81;1.94;2121;986;986;16;970;46.49;1.62
51934;101601;8;ZHP Chorągiew Łódzka Komenda Hufca 97-200 Tomaszów Mazowiecki ul. Niebrowska 14;2252;508;508;15;493;22.56;2.95;2177;1038;1038;7;1031;47.68;0.67
51935;101601;9;Specjalny Ośrodek Szkolno-Wychowawczy 97-200 Tomaszów Mazowiecki ul. Majowa 1/13;2122;510;510;10;500;24.03;1.96;2120;1090;1090;26;1064;51.42;2.39
51936;101601;10;Zespół Szkół Nr 8 97-200 Tomaszów Mazowiecki ul. Gminna 5/9 4;2175;474;474;10;464;21.79;2.11;2189;1123;1123;27;1096;51.30;2.40
51937;101601;11;Centrum Dialogu Społecznego i Wolontariatu 97-200 Tomaszów Mazowiecki ul. Plac Kościuszki 18;2213;324;324;8;316;14.64;2.47;2168;792;792;31;761;36.53;3.91
51938;101601;12;Zespół Szkół Ponadgimnazjalnych Nr 1 97-200 Tomaszów Mazowiecki ul. Św. Antoniego 29;2249;455;455;9;446;20.23;1.98;2215;1038;1038;24;1014;46.86;2.31
51939;101601;13;Przedszkole Nr 2 97-200 Tomaszów Mazowiecki ul. Stefana Czarnieckiego 12/14;2112;609;611;14;595;28.84;2.30;2096;1154;1154;21;1133;55.06;1.82
51940;101601;14;Szkoła Podstawowa Nr 8 97-200 Tomaszów Mazowiecki ul. Stolarska 21/27;2336;555;555;25;530;23.76;4.50;2307;1164;1164;12;1152;50.46;1.03
51941;101601;15;Gimnazjum Nr 7 97-200 Tomaszów Mazowiecki ul. Św. Antoniego 43/45;2487;660;660;24;636;26.54;3.64;2415;1203;1203;29;1174;49.81;2.41
51942;101601;16;Szkoła Podstawowa Nr 12 97-200 Tomaszów Mazowiecki ul. Wiejska 29/31;2366;672;672;13;659;28.40;1.93;2285;1275;1275;19;1256;55.80;1.49
51943;101601;17;Gimnazjum Nr 6 97-200 Tomaszów Mazowiecki ul. Jałowcowa 8;2338;658;658;22;636;28.14;3.34;2278;1136;1136;21;1115;49.87;1.85
51944;101601;18;Szkoła Podstawowa Nr 14 97-200 Tomaszów Mazowiecki ul. Słowackiego 32/42;2432;553;553;17;536;22.74;3.07;2346;1255;1255;22;1233;53.50;1.75
51945;101601;19;Szkoła Podstawowa Nr 1 97-200 Tomaszów Mazowiecki ul. Leona Witolda Maya 11/13;2128;622;622;20;602;29.23;3.22;2055;1201;1201;18;1183;58.44;1.50
51946;101601;20;Przedszkole Nr 20 97-200 Tomaszów Mazowiecki ul. Gen. Władysława Sikorskiego 6A;2376;660;660;12;648;27.78;1.82;2322;1366;1366;25;1341;58.83;1.83
51947;101601;21;Ośrodek Sportu i Rekreacji - Kręgielnia 97-200 Tomaszów Mazowiecki ul. Strzelecka 24/26;2276;665;665;16;649;29.22;2.41;2191;1200;1200;25;1175;54.77;2.08
51948;101601;22;Szkoła Podstawowa Nr 7 97-200 Tomaszów Mazowiecki ul. Ludwikowska 113/115;2237;497;497;17;480;22.22;3.42;2262;1126;1126;24;1102;49.78;2.13
51949;101601;23;Ośrodek Rehabilitacji Dzieci Niepełnosprawnych 97-200 Tomaszów Mazowiecki ul. Jana Pawła II 64/66;2229;574;574;7;567;25.75;1.22;2216;1253;1253;24;1229;56.54;1.92
90453;101601;24;Tomaszowskie Centrum Zdrowia Sp. z o.o. 97-200 Tomaszów Mazowiecki ul. Jana Pawła II 35;192;46;46;3;43;23.96;6.52;278;68;68;3;65;24.46;4.41
90454;101601;25;Dom Pomocy Społecznej Nr 1 97-200 Tomaszów Mazowiecki ul. Polna 56;73;32;32;16;16;43.84;50.00;70;36;36;12;24;51.43;33.33
90455;101601;26;Dom Pomocy Społecznej Nr 1 (filia) 97-200 Tomaszów Mazowiecki ul. Farbiarska 27/29;70;45;45;3;42;64.29;6.67;63;37;38;7;30;58.73;18.92
90456;101601;27;Dom Pomocy Społecznej Nr 2 97-200 Tomaszów Mazowiecki ul. Jana Pawła II 37;110;46;46;3;43;41.82;6.52;112;40;40;2;38;35.71;5.00
51950;101602;1;Zespół Szkolno-Gimnazjalny 97-319 Będków Reymonta 11;1033;233;233;13;220;22.56;5.58;1027;558;558;17;541;54.33;3.05
51951;101602;2;Zespół Szkolno-Gimnazjalny 97-319 Będków Reymonta 11;1091;206;206;15;191;18.88;7.28;1082;556;556;17;539;51.39;3.06
51952;101602;3;Warsztaty Terapii Zajęciowej 97-319 Rudnik 10;689;97;97;4;93;14.08;4.12;679;344;344;14;330;50.66;4.07
51953;101603;1;Sala posiedzeń w Gminnej Bibliotece Publicznej w Budziszewicach 97-212 Budziszewice ul. Jana Chryzostoma Paska 85;805;205;205;8;197;25.47;3.90;806;433;433;23;410;53.72;5.31
51954;101603;2;Punkt Przedszkolny w Rękawcu 97-212 Rękawiec 13;565;140;140;8;132;24.78;5.71;565;243;243;13;230;43.01;5.35
51955;101603;3;Świetlica Wiejska w Węgrzynowicach 97-212 Węgrzynowice 68;432;102;102;6;96;23.61;5.88;430;201;201;6;195;46.74;2.99
51956;101604;1;Publiczna Szkoła Podstawowa w Czerniewicach 97-216 Czerniewice ul. Mazowiecka 88;1108;257;257;13;244;23.19;5.06;1096;497;497;21;476;45.35;4.23
51957;101604;2;Publiczna Szkoła Podstawowa w Lipiu 97-216 Lipie 45;1152;193;193;8;185;16.75;4.15;1137;413;413;20;393;36.32;4.84
51958;101604;3;Świetlica Środowiskowa w Podkonicach Dużych 97-216 Podkonice Duże 13A;902;213;213;9;204;23.61;4.23;903;416;416;16;400;46.07;3.85
51959;101604;4;Urząd Gminy w Czerniewicach 97-216 Czerniewice ul. Mazowiecka 42;1039;214;214;10;204;20.60;4.67;1058;452;452;23;429;42.72;5.09
51960;101605;1;Sala Posiedzeń Rady Gminy Inowłódz 97-215 Inowłódz ul. Spalska 2;1273;341;341;9;332;26.79;2.64;1247;637;637;39;598;51.08;6.12
51961;101605;2;Szkoła Podstawowa w Królowej Woli 97-215 Królowa Wola 77;655;146;146;5;141;22.29;3.42;655;357;357;13;344;54.50;3.64
51962;101605;3;Szkoła Podstawowa w Brzustowie 97-215 Brzustów 1;730;133;133;6;127;18.22;4.51;719;297;297;25;272;41.31;8.42
51963;101605;4;Świetlica Środowiskowa w Spale 97-215 Spała ul. Wojciechowskiego 9;608;157;157;3;154;25.82;1.91;603;330;330;12;318;54.73;3.64
51964;101606;1;Zespół Szkolno-Przedszkolny 97-217 Lubochnia ul. Łódzka 19;1049;251;251;12;239;23.93;4.78;1040;514;514;22;492;49.42;4.28
51965;101606;2;Publiczne Gimnazjum w Lubochni 97-217 Lubochnia ul. Łódzka 19;756;160;160;9;151;21.16;5.62;759;368;368;11;357;48.48;2.99
51966;101606;3;Publiczna Szkoła Podstawowa w Glinniku 97-217 Glinnik 48A;811;150;150;16;134;18.50;10.67;808;395;395;16;379;48.89;4.05
51967;101606;4;Budynek po byłej szkole w Nowym Jasieniu 97-217 Nowy Jasień 6;494;105;105;1;104;21.26;0.95;497;236;236;13;223;47.48;5.51
51968;101606;5;Świetlica Środowiskowa w Tarnowskiej Woli 97-217 Tarnowska Wola 5;358;72;72;4;68;20.11;5.56;350;163;163;13;150;46.57;7.98
51969;101606;6;Klub Garnizonowy 97-217 Nowy Glinnik 6G;933;194;194;2;192;20.79;1.03;910;490;490;15;475;53.85;3.06
51970;101606;7;Urząd Gminy Lubochnia 97-217 Lubochnia, Lubochnia Dworska ul. Tomaszowska 9;1133;248;248;8;240;21.89;3.23;1137;557;557;22;535;48.99;3.95
51971;101607;1;Urząd Gminy 97-221 Rokiciny-Kolonia ul. Tomaszowska 9;2112;494;494;19;475;23.39;3.85;2132;1186;1186;35;1151;55.63;2.95
51972;101607;2;Szkoła Podstawowa 97-221 Łaznów 65;1535;348;348;15;333;22.67;4.31;1548;758;758;26;732;48.97;3.43
51973;101607;3;Gminne Przedszkole w Rokicinach Oddział Przedszkolny w Jankowie 97-221 Janków Trzeci 6;621;48;48;4;44;7.73;8.33;639;223;223;9;214;34.90;4.04
51974;101607;4;Świetlica Wiejska 97-221 Nowe Chrusty ul. Główna 19;702;198;198;2;196;28.21;1.01;731;386;386;22;364;52.80;5.70
90457;101607;5;Dom Opieki „Zacisze” 97-221 Łaznowska Wola Południowa 29;85;27;27;2;25;31.76;7.41;88;16;16;4;12;18.18;25.00
51975;101608;1;Publiczna Szkoła Podstawowa w Rzeczycy Filia w Sadykierzu 97-220 Sadykierz 51;1363;222;222;8;214;16.29;3.60;1338;556;556;37;519;41.55;6.65
51976;101608;2;Publiczna Szkoła Podstawowa w Rzeczycy Filia w Luboczy 97-220 Lubocz 3;799;145;145;4;141;18.15;2.76;811;326;326;19;307;40.20;5.83
51977;101608;3;Publiczna Szkoła Podstawowa w Rzeczycy 97-220 Rzeczyca ul. J. Kitowicza 4;1001;217;217;6;211;21.68;2.76;1007;481;481;23;458;47.77;4.78
51978;101608;4;Publiczna Szkoła Podstawowa w Rzeczyca 97-220 Rzeczyca ul. J.Kitowicza 4;793;153;153;8;145;19.29;5.23;801;372;372;26;346;46.44;6.99
51979;101609;1;Dom Ludowy w Komorowie 97-200 Komorów ul. Biblioteczna 1;1233;283;283;8;275;22.95;2.83;1230;610;610;14;596;49.59;2.30
51980;101609;2;Biblioteka w Wiadernie 97-200 Wiaderno 89;1150;245;245;10;235;21.30;4.08;1177;571;571;18;553;48.51;3.15
51981;101609;3;Zespół Szkół w Zawadzie 97-200 Zawada 249/255;1087;207;207;7;200;19.04;3.38;1079;508;508;12;496;47.08;2.36
51982;101609;4;Zespół Szkolno-Przedszkolny w Smardzewicach (szkoła) 97-213 Smardzewice ul. Główna 10;1174;330;330;6;324;28.11;1.82;1177;631;631;11;620;53.61;1.74
51983;101609;5;Zespół Szkolno-Przedszkolny w Smardzewicach (przedszkole) 97-213 Smardzewice ul. Główna 10;575;173;173;3;170;30.09;1.73;602;341;341;13;328;56.64;3.81
51984;101609;6;Zespół Szkolno-Przedszkolny w Smardzewicach Oddział w Twardej (przedszkole) 97-213 Twarda ul. Główna 117;602;143;143;8;135;23.75;5.59;601;296;296;5;291;49.25;1.69
51985;101609;7;Dom Ludowy w Ciebłowicach Dużych 97-200 Ciebłowice Duże 132a;586;103;103;2;101;17.58;1.94;580;260;260;7;253;44.83;2.69
51986;101609;8;Publiczne Przedszkole w Wąwale 97-200 Wąwał ul. Tomaszowska 2;1071;225;225;5;220;21.01;2.22;1078;510;510;24;486;47.31;4.71
51987;101609;9;Szkoła Podstawowa w Chorzęcinie 97-200 Chorzęcin 75;1028;221;221;6;215;21.50;2.71;1028;464;464;12;452;45.14;2.59
51988;101610;1;Gminna Hala Sportowa w Ujeździe 97-225 Ujazd ul. Rokicińska 6;972;216;216;7;209;22.22;3.24;989;539;539;18;521;54.50;3.34
51989;101610;2;Przedszkole Samorządowe 97-225 Ujazd ul. Kościelna 24;728;120;120;5;115;16.48;4.17;734;332;332;14;318;45.23;4.22
51990;101610;3;Budynek po byłej filii bibliotecznej w Olszowej 97-225 Olszowa 11;724;93;93;3;90;12.85;3.23;714;313;313;11;302;43.84;3.51
51991;101610;4;Świetlica Wiejska w Bukowie 97-225 Buków 6;947;139;139;4;135;14.68;2.88;943;367;367;12;355;38.92;3.27
51992;101610;5;Gminny Ośrodek Kultury w Ujeździe 97-225 Osiedle Niewiadów 43;921;167;167;11;156;18.13;6.59;898;379;379;18;361;42.20;4.75
51993;101610;6;Gminny Ośrodek Kultury w Ujeździe 97-225 Osiedle Niewiadów 43;906;237;237;3;234;26.16;1.27;881;475;475;13;462;53.92;2.74
51994;101610;7;Ochotnicza Straż Pożarna w Przesiadłowie 97-225 Przesiadłów 31;811;181;181;6;175;22.32;3.31;799;383;383;11;372;47.93;2.87
51995;101610;8;Świetlica Wiejska w Wyknie 97-225 Wykno 25;418;88;88;1;87;21.05;1.14;420;206;206;13;193;49.05;6.31
51996;101611;1;Gminny Dom Kultury w Żelechlinku 97-226 Żelechlinek ul. Plac Tysiąclecia 2;850;208;208;8;200;24.47;3.85;839;415;415;15;400;49.46;3.61
51997;101611;2;Gminny Dom Kultury w Żelechlinku 97-226 Żelechlinek ul. Plac Tysiąclecia 2;847;221;221;10;211;26.09;4.52;848;377;377;14;363;44.46;3.71
51998;101611;3;Świetlica Wiejska w Radwance 97-226 Radwanka 1;541;146;146;10;136;26.99;6.85;541;291;291;9;282;53.79;3.09
51999;101611;4;Dom Ludowy w Naropnej 97-226 Naropna 1;475;101;101;8;93;21.26;7.92;473;225;225;16;209;47.57;7.11
52000;101701;1;Gminny Ośrodek Kultury i Sportu w Białej 98-350 Biała Druga 4a;606;117;117;4;113;19.31;3.42;603;273;273;12;261;45.27;4.40
52001;101701;2;Urząd Gminy Biała 98-350 Biała Druga 4b;552;103;103;2;101;18.66;1.94;548;245;245;7;238;44.71;2.86
52002;101701;3;Remiza OSP w Białej Rządowej 98-350 Biała Rządowa 97a;696;146;146;11;135;20.98;7.53;689;323;323;6;317;46.88;1.86
52003;101701;4;Dom Ludowy w Kopydłowie 98-350 Kopydłów 36;181;31;31;1;30;17.13;3.23;180;62;62;4;58;34.44;6.45
52004;101701;5;Gminne Centrum Informacji w Łyskorni 98-350 Łyskornia 55;703;136;136;3;133;19.35;2.21;710;274;274;18;256;38.59;6.57
52005;101701;6;Publiczna Szkoła Podstawowa w Młynisku 98-350 Młynisko 39;603;87;87;7;80;14.43;8.05;597;248;248;15;233;41.54;6.05
52006;101701;7;Publiczna Szkoła Podstawowa w Naramicach 98-350 Naramice 125;1136;176;176;10;166;15.49;5.68;1124;458;458;13;445;40.75;2.84
52007;101702;1;Szkoła Podstawowa w Czarnożyłach 98-310 Czarnożyły 17a;1280;299;299;9;290;23.36;3.01;1269;625;625;23;602;49.25;3.68
52008;101702;2;Szkoła Podstawowa w Łagiewnikach 98-310 Łagiewniki 89;990;134;134;1;133;13.54;0.75;994;423;423;16;407;42.56;3.78
52009;101702;3;Świetlica Wiejska w Wydrzynie 98-310 Wydrzyn 59a;1007;207;207;13;194;20.56;6.28;1008;452;452;17;435;44.84;3.76
52010;101702;4;Specjalny Ośrodek Szkolno-Wychowawczy w Gromadzicach 98-310 Gromadzice 49;389;72;72;2;70;18.51;2.78;389;172;172;5;167;44.22;2.91
52011;101703;1;Urząd Gminy Konopnica 98-313 Konopnica Rynek 15;975;281;281;7;274;28.82;2.49;958;459;459;18;441;47.91;3.92
52012;101703;2;Szkoła Podstawowa 98-313 Rychłocice 108a;731;188;188;11;177;25.72;5.85;738;345;345;16;329;46.75;4.64
52013;101703;3;Szkoła Podstawowa 98-313 Szynkielów 53;712;162;162;12;150;22.75;7.41;704;344;344;16;328;48.86;4.65
52014;101703;4;Remiza OSP 98-313 Kamyk 43;191;43;43;3;40;22.51;6.98;193;85;85;2;83;44.04;2.35
52015;101703;5;Remiza OSP 98-313 Wrońsko 29;278;71;71;2;69;25.54;2.82;275;133;133;5;128;48.36;3.76
52016;101703;6;Środowiskowy Dom Samopomocy 98-313 Strobin 34;346;71;71;6;65;20.52;8.45;334;140;140;7;133;41.92;5.00
52017;101704;1;Zespół Szkół i Przedszkola w Mokrsku 98-345 Mokrsko 254;1281;246;246;18;228;19.20;7.32;1279;556;556;22;534;43.47;3.96
52018;101704;2;Świetlica Wiejska w Chotowie 98-345 Chotów Chotów 94b;393;73;73;6;67;18.58;8.22;403;191;191;13;178;47.39;6.81
52019;101704;3;Zespół Szkoły i Przedszkola w Krzyworzece 98-345 Krzyworzeka Krzyworzeka 166;811;171;171;13;158;21.09;7.60;807;360;360;9;351;44.61;2.50
52020;101704;4;Świetlica Wiejska w Komornikach 98-345 Komorniki Komorniki 7a;789;245;245;13;232;31.05;5.31;795;400;400;18;382;50.31;4.50
52021;101704;5;Zespół Szkoły i Przedszkola w Ożarowie 98-345 Ożarów Ożarów 142;789;185;185;9;176;23.45;4.86;802;372;372;13;359;46.38;3.49
52022;101704;6;Świetlica Wiejska w Słupsku 98-345 Słupsko Słupsko 29a;287;80;80;5;75;27.87;6.25;281;143;143;8;135;50.89;5.59
52023;101705;1;Publiczne Gimnazjum w Osjakowie 98-320 Osjaków Wieluńska 14;665;177;177;9;168;26.62;5.08;673;293;293;5;288;43.54;1.71
52024;101705;2;Remiza OSP 98-320 Czernice 23;490;127;127;10;117;25.92;7.87;490;207;207;6;201;42.24;2.90
52025;101705;3;Oddział Przedszkolny 98-320 Kolonia Raducka 41;490;121;121;2;119;24.69;1.65;475;219;219;9;210;46.11;4.11
52026;101705;4;Oddział Przedszkolny 98-320 Drobnice 51;548;129;129;11;118;23.54;8.53;550;269;269;9;260;48.91;3.35
52027;101705;5;Oddział Przedszkolny 98-320 Chorzyna 27;590;127;127;8;119;21.53;6.30;573;244;244;12;232;42.58;4.92
52028;101705;6;Gminna Biblioteka Publiczna w Osjakowie 98-320 Osjaków Częstochowska 22;1088;418;418;21;397;38.42;5.02;1083;590;590;21;569;54.48;3.56
52029;101706;1;Gminny Ośrodek Upowszechniania Kultury i Sportu w Ostrówku 98-311 Ostrówek 94;838;160;160;5;155;19.09;3.12;851;409;409;11;398;48.06;2.69
52030;101706;2;Szkoła Podstawowa w Janowie 98-311 Janów 40;634;95;95;5;90;14.98;5.26;639;268;268;12;256;41.94;4.48
52031;101706;3;Szkoła Podstawowa w Okalewie 98-311 Okalew 19;694;127;127;7;120;18.30;5.51;698;264;264;9;255;37.82;3.41
52032;101706;4;Szkoła Podstawowa w Skrzynnie 98-311 Skrzynno 96;742;120;120;6;114;16.17;5.00;742;289;289;11;278;38.95;3.81
52033;101706;5;Szkoła Podstawowa w Wielgiem 98-311 Wielgie 27;648;116;116;9;107;17.90;7.76;633;296;296;13;283;46.76;4.39
90458;101706;6;Dom Pomocy Społecznej 98-311 Skrzynno 13;91;46;46;4;42;50.55;8.70;82;40;40;12;28;48.78;30.00
52034;101707;1;Publiczna Szkoła Podstawowa Stowarzyszenia Przyjaciół Szkół Katolickich w Bieńcu 98-335 Bieniec 9;425;102;102;7;95;24.00;6.86;428;203;203;10;193;47.43;4.93
52035;101707;2;Zespół Szkół Samorządowych w Dzietrznikach 98-335 Dzietrzniki 105;847;152;152;9;143;17.95;5.92;852;429;429;19;410;50.35;4.43
52036;101707;3;Zespół Szkół Samorządowych w Grębieniu 98-335 Grębień 107;572;114;114;10;104;19.93;8.77;573;251;251;13;238;43.80;5.18
52037;101707;4;Świetlica Wiejska w Kałużach 98-335 Kałuże 20A;335;40;40;4;36;11.94;10.00;344;131;131;5;126;38.08;3.82
52038;101707;5;Remiza OSP w Kamionce 98-335 Kamionka 38A;477;112;112;3;109;23.48;2.68;486;199;199;6;193;40.95;3.02
52039;101707;6;Zespół Szkół Samorządowych w Pątnowie 98-335 Pątnów 105;1158;223;223;10;213;19.26;4.48;1153;582;582;19;563;50.48;3.26
52040;101707;7;Zespół Szkół Samorządowych w Popowicach 98-335 Popowice 57B;401;100;100;3;97;24.94;3.00;398;194;194;6;188;48.74;3.09
52041;101707;8;Zespół Szkół Samorządowych w Załęczu Małym 98-335 Załęcze Małe 35;654;138;138;8;130;21.10;5.80;665;272;272;12;260;40.90;4.41
52042;101707;9;Zespół Szkół Samorządowych w Załęczu Wielkim 98-335 Załęcze Wielkie 76A;331;76;76;2;74;22.96;2.63;330;148;148;2;146;44.85;1.35
52043;101708;1;Publiczne Przedszkole w Skomlinie 98-346 Skomlin Trojanowskiego 2;1333;335;335;13;322;25.13;3.88;1345;612;613;34;578;45.50;5.56
52044;101708;2;Przedszkole w Wicherniku 98-346 Wichernik 13;505;109;109;4;105;21.58;3.67;504;228;228;10;218;45.24;4.39
52045;101708;3;Remiza OSP we Wróblewie 98-346 Wróblew 44;602;111;111;4;107;18.44;3.60;587;235;235;13;222;40.03;5.53
52046;101708;4;Remiza OSP w Toplinie 98-346 Toplin 15;265;54;54;9;45;20.38;16.67;262;98;99;4;94;37.40;4.08
52047;101709;1;Zespół Szkół nr 1 w Wieluniu 98-300 Wieluń Wojska Polskiego 32;1550;411;411;9;402;26.52;2.19;1537;796;796;18;778;51.79;2.26
52048;101709;2;Szkoła Podstawowa nr 5 w Wieluniu 98-300 Wieluń Traugutta 38;1559;383;383;9;374;24.57;2.35;1522;818;818;14;804;53.75;1.71
52049;101709;3;Zespół Szkół nr 2 w Wieluniu 98-300 Wieluń Traugutta 12;1212;331;331;12;319;27.31;3.63;1178;618;619;16;602;52.46;2.59
52050;101709;4;Miejska i Gminna Biblioteka Publiczna w Wieluniu 98-300 Wieluń Narutowicza 4;1350;366;366;10;356;27.11;2.73;1310;751;751;13;738;57.33;1.73
52051;101709;5;Liceum Ogólnokształcące SPSK w Wieluniu 98-300 Wieluń Śląska 23;1453;379;379;9;370;26.08;2.37;1386;732;732;12;720;52.81;1.64
52052;101709;6;Młodzieżowy Dom Kultury w Wieluniu 98-300 Wieluń 3 Maja 29;1665;484;484;13;471;29.07;2.69;1651;899;899;13;886;54.45;1.45
52053;101709;7;Gimnazjum nr 1 w Wieluniu 98-300 Wieluń 18 Stycznia 24;1219;280;280;13;267;22.97;4.64;1171;583;583;14;569;49.79;2.40
52054;101709;8;Wieluński Dom Kultury w Wieluniu 98-300 Wieluń Krakowskie Przedmieście 5;1327;283;283;3;280;21.33;1.06;1331;604;604;8;596;45.38;1.32
52055;101709;9;Publiczne Przedszkole Nr 2 w Wieluniu 98-300 Wieluń P.O.W. 14;1143;275;275;12;263;24.06;4.36;1129;543;543;7;536;48.10;1.29
52056;101709;10;Szkoła Podstawowa nr 2 w Wieluniu 98-300 Wieluń Osiedle Wyszyńskiego 30A;1355;314;314;14;300;23.17;4.46;1304;665;665;14;651;51.00;2.11
52057;101709;11;Szkoła Podstawowa nr 2 w Wieluniu 98-300 Wieluń Osiedle Wyszyńskiego 30A;925;229;229;10;219;24.76;4.37;921;477;477;11;466;51.79;2.31
52058;101709;12;I Liceum Ogólnokształcące w Wieluniu 98-300 Wieluń Nadodrzańska 4;1144;278;278;10;268;24.30;3.60;1100;598;598;7;591;54.36;1.17
52059;101709;13;I liceum Ogólnokształcące w Wieluniu 98-300 Wieluń Nadodrzańska 4;1201;252;252;3;249;20.98;1.19;1178;541;541;4;537;45.93;0.74
52060;101709;14;Spółdzielczy Dom Kultury w Wieluniu 98-300 Wieluń Osiedle Wyszyńskiego 41;1083;253;253;11;242;23.36;4.35;1059;529;529;12;517;49.95;2.27
52061;101709;15;Pawilon WSM w Wieluniu 98-300 Wieluń Sadowa 13a;1232;275;275;3;272;22.32;1.09;1180;559;559;15;544;47.37;2.68
52062;101709;16;Filia Biblioteczna MGBP w Dąbrowie 98-300 Dąbrowa Św.Wawrzyńca 1;998;248;248;6;242;24.85;2.42;1015;561;561;17;544;55.27;3.03
52063;101709;17;Szkoła Podstawowa w Kurowie 98-300 Kurów Wieluńska 11;691;186;186;10;176;26.92;5.38;686;345;345;10;335;50.29;2.90
52064;101709;18;Publiczne Przedszkole w Turowie 98-300 Turów 13;679;133;133;6;127;19.59;4.51;675;301;301;16;285;44.59;5.32
52065;101709;19;Szkoła Podstawowa w Masłowicach 98-300 Masłowice 1;1257;160;160;5;155;12.73;3.12;1261;477;477;26;451;37.83;5.45
52066;101709;20;Szkoła Podstawowa w Sieńcu 98-300 Sieniec 81b;923;144;144;1;143;15.60;0.69;912;363;363;3;360;39.80;0.83
52067;101709;21;Szkoła Podstawowa w Rudzie 98-300 Ruda Długa 31;1483;253;253;11;242;17.06;4.35;1466;609;609;23;586;41.54;3.78
52068;101709;22;Szkoła Podstawowa w Gaszynie 98-300 Gaszyn Harcerska 1;731;150;150;3;147;20.52;2.00;736;351;351;9;342;47.69;2.56
52069;101709;23;Publiczna Szkoła Podstawowa SPSK w Kadłubie 98-300 Kadłub 91;449;128;128;9;119;28.51;7.03;442;227;227;2;225;51.36;0.88
90459;101709;24;SP ZOZ w Wieluniu 98-300 Wieluń ul. Szpitalna 16;104;11;11;2;9;10.58;18.18;120;59;59;2;57;49.17;3.39
52070;101710;1;Urząd Gminy w Wierzchlesie 98-324 Wierzchlas Szkolna 7;1543;236;236;8;228;15.29;3.39;1545;597;597;24;573;38.64;4.02
52071;101710;2;Szkoła Podstawowa w Kraszkowicach 98-324 Kraszkowice Szkolna 5;870;123;123;4;119;14.14;3.25;870;369;369;16;353;42.41;4.34
52072;101710;3;Remiza OSP w Krzeczowie 98-324 Krzeczów Wczasowa 3;460;106;106;4;102;23.04;3.77;459;198;198;7;191;43.14;3.54
52073;101710;4;Szkoła Podstawowa w Mierzycach 98-324 Mierzyce 149;811;124;124;2;122;15.29;1.61;809;360;360;8;352;44.50;2.22
52074;101710;5;Szkoła Podstawowa w Łaszewie 98-324 Łaszew Szkolna 48;512;95;95;6;89;18.55;6.32;509;208;208;15;193;40.86;7.21
52075;101710;6;Szkoła Podstawowa w Toporowie 98-324 Toporów Szkolna 6;807;173;173;8;165;21.44;4.62;822;389;389;12;377;47.32;3.08
52076;101710;7;Szkoła Podstawowa w Strugach 98-324 Jajczaki 10;387;53;53;7;46;13.70;13.21;390;153;153;9;144;39.23;5.88
52077;101801;1;Gminny Ośrodek Kultury w Bolesławcu 98-430 Bolesławiec Rynek 4;1496;262;262;15;247;17.51;5.73;1381;592;592;20;572;42.87;3.38
52078;101801;2;Szkoła Podstawowa w Mieleszynie 98-430 Mieleszyn 141;547;84;84;1;83;15.36;1.19;542;229;229;9;220;42.25;3.93
52079;101801;3;Szkoła Podstawowa w Chróścinie 98-430 Chróścin 49;601;103;103;2;101;17.14;1.94;703;273;273;11;262;38.83;4.03
52080;101801;4;Szkoła Podstawowa w Żdżarach 98-430 Żdżary 123;741;160;160;14;146;21.59;8.75;739;317;317;20;297;42.90;6.31
52081;101802;1;Sala OSP w Czastarach 98-410 Czastary Wolności 36;1929;325;325;13;312;16.85;4.00;1890;817;817;43;774;43.23;5.26
52082;101802;2;Szkoła Podstawowa w Parcicach 98-410 Parcice Dworska 60;831;115;115;7;108;13.84;6.09;829;324;324;11;313;39.08;3.40
52083;101802;3;Szkoła Podstawowa w Radostowie Pierwszym 98-410 Radostów Pierwszy 53;452;77;77;2;75;17.04;2.60;451;165;165;8;157;36.59;4.85
52084;101803;1;Szkoła Podstawowa w Galewicach 98-405 Galewice M.Konopnickiej 20;1824;325;325;8;317;17.82;2.46;1845;752;752;19;733;40.76;2.53
52085;101803;2;Wiejski Dom Kultury w Osieku 98-405 Osiek 105a;909;177;177;15;162;19.47;8.47;906;381;381;11;370;42.05;2.89
52086;101803;3;Świetlica Wiejska w Węglewicach 98-405 Węglewice Kopernika 8;692;121;121;2;119;17.49;1.65;695;279;279;11;268;40.14;3.94
52087;101803;4;Szkoła Podstawowa w Ostrówku 98-405 Ostrówek 15;1141;113;113;5;108;9.90;4.42;1135;363;363;20;343;31.98;5.51
52088;101803;5;Szkoła Podstawowa w Biadaszkach 98-405 Biadaszki 29A;405;60;60;2;58;14.81;3.33;403;135;135;6;129;33.50;4.44
52089;101804;1;Szkoła Podstawowa w Lututowie 98-360 Lututów Wieruszowska 28A;799;197;197;17;180;24.66;8.63;796;409;409;11;398;51.38;2.69
52090;101804;2;Szkoła Podstawowa w Niemojewie 98-360 Lututów Lipowa 19;724;151;151;2;149;20.86;1.32;715;344;344;9;335;48.11;2.62
52091;101804;3;Filialna Szkoła Podstawowa w Hucie 98-360 Huta 46;465;71;71;8;63;15.27;11.27;454;183;183;5;178;40.31;2.73
52092;101804;4;Filialna Szkoła Podstawowa w Swobodzie 98-360 Swoboda 6;453;63;63;7;56;13.91;11.11;442;193;193;6;187;43.67;3.11
52093;101804;5;Przedszkole Publiczne w Lututowie 98-360 Lututów Wieruszowska 18;812;125;125;4;121;15.39;3.20;802;318;318;17;301;39.65;5.35
52094;101804;6;Gimnazjum Publiczne w Lututowie 98-360 Lututów Jana Pawła Stalsiego 5;502;116;116;10;106;23.11;8.62;501;231;231;10;221;46.11;4.33
52095;101805;1;Centrum Kultury Wsi w Wójcinie 98-432 Wójcin Świerczewskiego 4;962;158;158;12;146;16.42;7.59;984;403;403;24;379;40.96;5.96
52096;101805;2;Sala OSP w Dzietrzkowicach 98-432 Dzietrzkowice Tysiąclecia 57;1210;208;208;2;206;17.19;0.96;1221;506;506;18;488;41.44;3.56
52097;101805;3;Centrum Kultury Wsi w Łubnicach 98-432 Łubnice Sikorskiego 98;1168;175;175;3;172;14.98;1.71;1160;426;426;11;415;36.72;2.58
52098;101806;1;Gimnazjum Publiczne w Sokolnikach 98-420 Sokolniki Szkolna 1;1877;302;302;5;297;16.09;1.66;1880;861;861;16;845;45.80;1.86
52099;101806;2;Szkoła Podstawowa w Starym Ochędzynie 98-420 Stary Ochędzyn 55;676;153;153;8;145;22.63;5.23;676;322;322;6;316;47.63;1.86
52100;101806;3;Sala Ochotniczej Starży Pożarnej w Walichnowach 98-420 Walichnowy Aleja Wyzwolenia 8a;706;156;156;16;140;22.10;10.26;717;330;330;14;316;46.03;4.24
52101;101806;4;Szkoła Podstawowa w Pichlicach 98-420 Pichlice 1;678;118;118;2;116;17.40;1.69;680;272;272;9;263;40.00;3.31
52102;101807;1;Zespół Szkół Nr 2 w Wieruszowie 98-400 Wieruszów Teklinowska 27;993;251;251;15;236;25.28;5.98;1000;531;531;18;513;53.10;3.39
52103;101807;2;Wieruszowski Dom Kultury 98-400 Wieruszów Rynek 8/9;1587;508;508;28;480;32.01;5.51;1586;846;846;16;830;53.34;1.89
52104;101807;3;Szkoła Podstawowa Nr 1 w Wieruszowie 98-400 Wieruszów Fabryczna 1;1124;312;312;7;305;27.76;2.24;1099;559;559;14;545;50.86;2.50
52105;101807;4;Gimnazjum Nr 1 w Wieruszowie 98-400 Wieruszów Warszawska 123a;1477;298;298;10;288;20.18;3.36;1441;676;676;20;656;46.91;2.96
52106;101807;5;Gimnazjum Nr 1 w Wieruszowie 98-400 Wieruszów Warszawska 123a;1279;346;347;9;337;27.05;2.60;1268;656;656;16;640;51.74;2.44
52107;101807;6;Zespół Szkół Ponadgimnazjalnych im. Stanisława Staszica 98-400 Wieruszów Szkolna 1-3;581;190;190;5;185;32.70;2.63;586;344;344;5;339;58.70;1.45
52108;101807;7;Szkoła Podstawowa w Teklinowie 98-400 Teklinów 56;776;158;158;7;151;20.36;4.43;786;323;323;14;309;41.09;4.33
52109;101807;8;Budynek szkolny w Kuźnicy Skakawskiej 98-400 Kuźnica Skakawska 2b;866;178;178;5;173;20.55;2.81;870;391;391;11;380;44.94;2.81
52110;101807;9;Szkoła Podstawowa w Pieczyskach 98-400 Pieczyska Szkolna 1;902;211;211;6;205;23.39;2.84;909;467;467;21;446;51.38;4.50
52111;101807;10;Budynek szkolny w Mirkowie 98-400 Mirków 51;470;140;140;2;138;29.79;1.43;472;247;247;12;235;52.33;4.86
52112;101807;11;Budynek szkolny w Cieszęcinie 98-400 Cieszęcin 40;542;135;135;9;126;24.91;6.67;551;239;239;11;228;43.38;4.60
52113;101807;12;Szkoła Podstawowa w Wyszanowie 98-400 Wyszanów Szkolna 3;884;207;207;13;194;23.42;6.28;887;433;433;19;414;48.82;4.39
90460;101807;13;NZOZ Szpital Powiatowy 98-400 Wieruszów ul. Warszawska 104;44;7;7;0;7;15.91;0.00;44;18;18;1;17;40.91;5.56
52114;101901;1;Publiczne Gimnazjum Nr 1 98-220 Zduńska Wola Parkowa 5;1464;199;199;6;193;13.59;3.02;1449;496;496;15;481;34.23;3.02
52115;101901;2;Zespół Szkół Zawodowych nr 1 98-220 Zduńska Wola Żeromskiego 10;1634;327;327;15;312;20.01;4.59;1567;762;762;15;747;48.63;1.97
52116;101901;3;Szkoła Podstawowa Nr 10 98-220 Zduńska Wola Zielona 46a;1531;372;372;8;364;24.30;2.15;1475;744;744;11;733;50.44;1.48
52117;101901;4;Zespół Szkół Elektronicznych 98-220 Zduńska Wola Łaska 61;1777;503;503;3;500;28.31;0.60;1753;978;978;10;968;55.79;1.02
52118;101901;5;Powiatowe Centrum Kultury, Sportu i Rekreacji 98-220 Zduńska Wola Dolna 41;1823;354;354;13;341;19.42;3.67;1823;944;944;18;926;51.78;1.91
52119;101901;6;Publiczne Gimnazjum nr 1 Sala Gimnastyczna 98-220 Zduńska Wola Parkowa 5;1897;407;407;13;394;21.45;3.19;1842;998;998;9;989;54.18;0.90
52120;101901;7;Hala Sportowa przy Szkole Podstawowej nr 6 98-220 Zduńska Wola Złota 67;1563;348;348;10;338;22.26;2.87;1523;820;820;15;805;53.84;1.83
52121;101901;8;Szkoła Podstawowa nr 6 98-220 Zduńska Wola Złota 67;1588;348;348;8;340;21.91;2.30;1598;832;832;23;809;52.07;2.76
52122;101901;9;II Liceum Ogólnokształcące 98-220 Zduńska Wola Komisji Edukacji Narodowej 6;1596;292;292;2;290;18.30;0.68;1602;619;619;23;596;38.64;3.72
52123;101901;10;Publiczne Gimnazjium nr 5 98-220 Zduńska Wola Wileńska 3;1646;388;388;15;373;23.57;3.87;1626;878;878;13;865;54.00;1.48
52124;101901;11;Publiczne Przedszkole nr 2 98-220 Zduńska Wola Getta Żydowskiego 17 a;1735;424;424;13;411;24.44;3.07;1685;910;910;26;884;54.01;2.86
52125;101901;12;Szkoła Podstawowa Nr 7 98-220 Zduńska Wola Wodna 32;1548;397;397;7;390;25.65;1.76;1551;899;899;20;879;57.96;2.22
52126;101901;13;Publiczne Przedszkole nr 3 98-220 Zduńska Wola Szadkowska 22a;1764;386;386;11;375;21.88;2.85;1723;847;847;21;826;49.16;2.48
52127;101901;14;Zespół Szkół nr 1 z Oddziałami Integracyjnymi- Szkoła Podstawowa nr 9 z Oddziałami Integracyjnymi 98-220 Zduńska Wola Kilińskiego 27;1568;413;413;13;400;26.34;3.15;1522;834;834;13;821;54.80;1.56
52128;101901;15;Publiczne Przedszkole Nr 6 z Oddziałami Integracyjnymi 98-220 Zduńska Wola Żytnia 19/23;1628;329;329;11;318;20.21;3.34;1622;868;868;12;856;53.51;1.38
52129;101901;16;Zespół Szkół Specjalnych 98-220 Zduńska Wola Zielona 59a;1859;534;534;12;522;28.73;2.25;1828;1083;1083;26;1057;59.25;2.40
52130;101901;17;Szkoła Podstawowa nr 2 98-220 Zduńska Wola Spacerowa 90;1654;435;435;10;425;26.30;2.30;1612;919;919;11;908;57.01;1.20
52131;101901;18;Publiczne Gimnazjum nr 2 98-220 Zduńska Wola Łaska 84;1483;337;337;1;336;22.72;0.30;1489;764;764;12;752;51.31;1.57
52132;101901;19;Świetlica 98-220 Zduńska Wola Świerkowa 65;1657;305;305;5;300;18.41;1.64;1695;859;859;20;839;50.68;2.33
52133;101901;20;Szkoła Podstawowa nr 13 98-220 Zduńska Wola 1-go Maja 27;1697;374;374;17;357;22.04;4.55;1690;878;878;24;854;51.95;2.73
52134;101901;21;Filia Miejskiego Domu Kultury 98-220 Zduńska Wola 1-go Maja 5-7;1608;325;325;5;320;20.21;1.54;1586;821;821;27;794;51.77;3.29
90461;101901;22;Dom Pomocy Społecznej 98-220 Zduńska Wola ul. Łaska 42;49;11;11;1;10;22.45;9.09;55;13;13;2;11;23.64;15.38
90462;101901;23;Zduńskowolski Szpital Powiatowy Sp. z o.o. 98-220 Zduńska Wola ul. Królewska 29;74;19;19;3;16;25.68;15.79;87;37;37;1;36;42.53;2.70
52135;101902;1;Gimnazjum Publiczne w Szadku 98-240 Szadek Prusinowska 4;1702;341;341;14;327;20.04;4.11;1642;807;807;26;781;49.15;3.22
52136;101902;2;Szkoła Podstawowa w Sikucinie 98-240 Sikucin 1;817;88;88;2;86;10.77;2.27;824;312;312;17;295;37.86;5.45
52137;101902;3;Szkoła Podstawowa w Prusinowicach 98-240 Prusinowice 49;794;85;85;9;76;10.71;10.59;819;304;304;18;286;37.12;5.92
52138;101902;4;Szkoła Podstawowa w Krokocicach 98-240 Krokocice 2;575;84;84;4;80;14.61;4.76;583;251;251;7;244;43.05;2.79
52139;101902;5;Świetlica Wiejska w Górnej Woli 98-240 Górna Wola 21A;508;106;106;2;104;20.87;1.89;502;256;256;10;246;51.00;3.91
52140;101902;6;OSP w Przatowie 98-240 Przatów Dolny 23;340;38;38;2;36;11.18;5.26;340;143;143;6;137;42.06;4.20
52141;101902;7;Miejsko-Gminny Ośrodek Kultury w Szadkowicach-Ogrodzimiu 98-240 Szadkowice-Ogrodzim Widawska 16;1302;260;260;12;248;19.97;4.62;1304;621;621;20;601;47.62;3.22
90463;101902;8;Dom Pomocy Społecznej 98-240 Przatówek 1;33;4;4;0;4;12.12;0.00;38;25;25;4;21;65.79;16.00
52142;101903;1;Remiza OSP 98-161 Zapolice Plac Strażacki 4;1981;301;301;7;294;15.19;2.33;2002;864;864;27;837;43.16;3.12
52143;101903;2;Remiza OSP 98-161 Paprotnia 16;718;145;145;8;137;20.19;5.52;728;340;340;10;330;46.70;2.94
52144;101903;3;Szkoła Społeczna 98-161 Rembieszów 87;787;127;127;5;122;16.14;3.94;778;311;311;13;298;39.97;4.18
52145;101903;4;Świetlica wiejska 98-161 Młodawin Górny 19A;603;78;78;1;77;12.94;1.28;619;252;252;22;230;40.71;8.73
52146;101904;1;Szkoła Podstawowa w Czechach 98-220 Czechy 142;956;132;132;3;129;13.81;2.27;960;444;444;17;427;46.25;3.83
52147;101904;2;Szkoła Podstawowa w Izabelowie 98-220 Izabelów 50;1481;274;274;23;251;18.50;8.39;1487;742;742;34;708;49.90;4.58
52148;101904;3;Szkoła Podstawowa w Krobanowie 98-220 Krobanów 12C;1426;247;247;17;230;17.32;6.88;1421;673;673;22;651;47.36;3.27
52149;101904;4;Szkoła Podstawowa w Annopolu Starym 98-220 Annopole Stare 5A;889;100;100;2;98;11.25;2.00;894;333;333;5;328;37.25;1.50
52150;101904;5;Szkoła Podstawowa w Janiszewicach 98-220 Janiszewice 17;2154;415;415;16;399;19.27;3.86;2178;1050;1050;28;1022;48.21;2.67
52151;101904;6;Gimnazjum w Czechach 98-220 Czechy 142;1382;453;453;13;440;32.78;2.87;1390;868;868;24;844;62.45;2.76
52152;101904;7;Szkoła Podstawowa w Wojsławicach 98-220 Wojsławice 105;1045;144;144;5;139;13.78;3.47;1039;428;428;7;421;41.19;1.64
52153;102001;1;Szkoła Podstawowa Nr 1 w Głownie 95-015 Głowno ul. Plac Reymonta 2;1631;325;325;5;320;19.93;1.54;1641;848;848;15;833;51.68;1.77
52154;102001;2;Szkoła Podstawowa Nr 2 w Głownie 95-015 Głowno ul. Generała Andersa 37;1607;350;350;6;344;21.78;1.71;1546;764;764;13;751;49.42;1.70
52155;102001;3;Gimnazjum Miejskie w Głownie 95-015 Głowno ul. Kościuszki 11/13;1583;297;297;5;292;18.76;1.68;1548;779;779;16;763;50.32;2.05
52156;102001;4;Urząd Miejski w Głownie 95-015 Głowno ul. Dworska 4;1677;304;304;8;296;18.13;2.63;1641;734;735;22;712;44.73;3.00
52157;102001;5;Szkoła Podstawowa Nr 3 w Głownie 95-015 Głowno ul. Karasicka 35;1610;306;306;10;296;19.01;3.27;1614;828;828;18;810;51.30;2.17
52158;102001;6;Szkoła Podstawowa Nr 2 w Głownie 95-015 Głowno ul. Generała Andersa 37;873;189;189;4;185;21.65;2.12;862;422;422;9;413;48.96;2.13
52159;102001;7;Zespół Szkół nr 1 w Głownie 95-015 Głowno ul. Kopernika 24/26;1480;345;345;8;337;23.31;2.32;1462;772;772;15;757;52.80;1.94
52160;102001;8;Miejski Ośrodek Kultury w Głownie 95-015 Głowno ul. Kopernika 37;851;174;174;1;173;20.45;0.57;845;404;404;8;396;47.81;1.98
52161;102001;9;Miejskie Przedszkole Nr 3 w Głownie 95-015 Głowno ul. Skokowskiego 8/10;732;154;154;2;152;21.04;1.30;760;381;381;6;375;50.13;1.57
90464;102001;10;Centrum Zdrowia ABiS 95-015 Głowno ul.Wojska Polskiego 32/34;34;15;15;1;14;44.12;6.67;24;11;11;0;11;45.83;0.00
90465;102001;11;Dom Pomocy Społecznej w Głownie 95-015 Głowno ul. Karasicka 51;45;18;18;2;16;40.00;11.11;48;28;28;3;25;58.33;10.71
52162;102002;1;Gimnazjum Miejskie 95-035 Ozorków ul. Lotnicza 1;1739;354;354;16;338;20.36;4.52;1078;520;520;9;511;48.24;1.73
52163;102002;2;Przedszkole Miejskie Nr 5 95-035 Ozorków ul. Obrońców Westerplatte 1a;1708;295;295;13;282;17.27;4.41;1069;553;553;18;535;51.73;3.25
52164;102002;3;Gimnazjum Miejskie 95-035 Ozorków ul. Lotnicza 1;1667;275;275;13;262;16.50;4.73;1041;434;434;16;418;41.69;3.69
52165;102002;4;Hala Sportowa 95-035 Ozorków ul. Traugutta 2;1547;325;325;10;315;21.01;3.08;1103;581;581;21;560;52.67;3.61
52166;102002;5;Szkoła Podstawowa Nr 5 95-035 Ozorków ul. Konarskiego 2;1574;340;340;8;332;21.60;2.35;1055;560;560;18;542;53.08;3.21
52167;102002;6;Szkoła Podstawowa nr 5 95-035 Ozorków ul. Konarskiego 2;1520;313;313;3;310;20.59;0.96;1102;522;522;8;514;47.37;1.53
52168;102002;7;Szkoła Podstawowa Nr 5 95-035 Ozorków ul. Cegielniana 25;711;155;155;4;151;21.80;2.58;1124;578;578;15;563;51.42;2.60
52169;102002;8;Przedszkole Miejskie Nr 1 95-035 Ozorków ul. Wigury 7a;737;138;138;8;130;18.72;5.80;1088;409;409;17;392;37.59;4.16
52170;102002;9;Młodzieżowy Dom Kultury 95-035 Ozorków ul. Listopadowa 6b;1442;229;229;14;215;15.88;6.11;1091;477;477;24;453;43.72;5.03
52171;102002;10;Szkoła Podstawowa Nr 4 95-035 Ozorków ul. Średnia 30;1406;246;246;8;238;17.50;3.25;1076;575;575;15;560;53.44;2.61
52172;102002;11;Szkoła Podstawowa Nr 4 95-035 Ozorków ul. Średnia 30;734;167;167;5;162;22.75;2.99;1038;444;444;14;430;42.77;3.15
52173;102002;12;Przedszkole Miejskie Nr 3 95-035 Ozorków ul. Zgierska 15a;1402;260;260;7;253;18.54;2.69;947;382;382;13;369;40.34;3.40
90466;102002;13;Dom Pomocy Społecznej 95-035 Ozorków ul. Mickiewicza 1;65;24;24;2;22;36.92;8.33;1042;434;434;11;423;41.65;2.53
52174;102003;1;Szkoła Podstawowa Nr 12 im. Armii Krajowej Miejsko-Powiatowa Biblioteka Publiczna Filia nr 6 95-100 Zgierz ul. L. Staffa 26;1944;531;531;18;513;27.31;3.39;1906;1144;1144;20;1124;60.02;1.75
52175;102003;2;Ośrodek Szkolno-Wychowawczy 95-100 Zgierz ul. Parzęczewska 46;2059;575;575;20;555;27.93;3.48;1991;1163;1163;24;1139;58.41;2.06
52176;102003;3;Gimnazjum Nr 3 im. A. Mickiewicza 95-100 Zgierz ul. B. Leśmiana 1;1958;579;579;12;567;29.57;2.07;1937;1160;1160;26;1134;59.89;2.24
52177;102003;4;Miejskie Przedszkole nr 15 95-100 Zgierz ul. T. Boya-Żeleńskiego 10;1940;514;514;11;503;26.49;2.14;1879;1134;1134;18;1116;60.35;1.59
52178;102003;5;Szkoła Podstawowa nr 8 95-100 Zgierz ul. T. Boya-Żeleńskiego 4;1929;489;489;8;481;25.35;1.64;1883;1119;1119;23;1096;59.43;2.06
52179;102003;6;Zgierska Spółdzielnia Mieszkaniowa 95-100 Zgierz ul. Parzęczewska 21;1991;467;467;21;446;23.46;4.50;1955;1061;1062;20;1041;54.27;1.89
52180;102003;7;Szkoła Podstawowa Nr 12 im. Armii Krajowej 95-100 Zgierz ul. L. Staffa 26;1990;543;543;16;527;27.29;2.95;1943;1178;1178;18;1160;60.63;1.53
52181;102003;8;Miejski Zespół Przychodni Rejonowych 95-100 Zgierz ul. Łęczycka 24;1078;240;240;10;230;22.26;4.17;1057;499;499;13;486;47.21;2.61
52182;102003;9;Gimnazjum Nr 1 95-100 Zgierz ul. A. Musierowicza 2;997;250;250;5;245;25.08;2.00;988;552;552;15;537;55.87;2.72
52183;102003;10;Miejsko-Powiatowa Biblioteka Publiczna im. B. Prusa 95-100 Zgierz ul. Łódzka 5;1039;185;185;10;175;17.81;5.41;1018;447;447;23;424;43.91;5.15
52184;102003;11;Miejski Żłobek im. „Koziołka Matołka” 95-100 Zgierz ul. Tuwima 21;977;247;247;1;246;25.28;0.40;990;572;572;17;555;57.78;2.97
52185;102003;12;Szkoła Podstawowa nr 1 95-100 Zgierz ul. J. Piłsudskiego 1;1133;298;298;12;286;26.30;4.03;1116;597;597;13;584;53.49;2.18
52186;102003;13;Miejskie Przedszkole Nr 13 „Bajkowe Przedszkole” 95-100 Zgierz ul. J. Słowackiego 8;1044;214;214;7;207;20.50;3.27;1028;476;476;19;457;46.30;3.99
52187;102003;14;Szkoła Podstawowa Nr 11 95-100 Zgierz ul. S. Dubois 26;1277;242;242;2;240;18.95;0.83;1253;573;573;11;562;45.73;1.92
52188;102003;15;Zarząd Oddziału Związku Nauczycielstwa Polskiego 95-100 Zgierz ul. ks. Sz. Rembowskiego 29;945;213;213;14;199;22.54;6.57;923;458;458;15;443;49.62;3.28
52189;102003;16;Internat Zespołu Szkół Nr 1 im. J. S. Cezaka 95-100 Zgierz ul. Długa (wejście od ul. ks. Sz. Rembowskiego) 89/91;1075;219;219;5;214;20.37;2.28;1071;558;558;12;546;52.10;2.15
52190;102003;17;Szkoła Podstawowa Nr 11 95-100 Zgierz ul. S. Dubois 26;1229;338;338;9;329;27.50;2.66;1179;672;672;15;657;57.00;2.23
52191;102003;18;Zespół Szkół Ogólnokształcących im. S. Staszica 95-100 Zgierz ul. 3 Maja 41;1050;178;178;5;173;16.95;2.81;1057;451;451;10;441;42.67;2.22
52192;102003;19;Gimnazjum Nr 2 im. J. Kochanowskiego 95-100 Zgierz ul. 3 Maja 46A;1195;263;263;8;255;22.01;3.04;1160;584;584;18;566;50.34;3.08
52193;102003;20;Park Kulturowy Miasto Tkaczy 95-100 Zgierz ul. ks. Sz. Rembowskiego 1;966;181;181;1;180;18.74;0.55;952;378;378;7;371;39.71;1.85
52194;102003;21;Zespół Szkół Ogólnokształcących im. S. Staszica 95-100 Zgierz ul. 3 Maja 41;1135;126;126;9;117;11.10;7.14;1123;398;398;13;385;35.44;3.27
52195;102003;22;Szkoła Podstawowa Nr 5 95-100 Zgierz ul. 1 Maja 63;1935;598;598;18;580;30.90;3.01;1901;1154;1155;21;1133;60.70;1.82
52196;102003;23;Szkoła Podstawowa Nr 5 95-100 Zgierz ul. 1 Maja 63;860;182;182;10;172;21.16;5.49;840;500;500;13;487;59.52;2.60
52197;102003;24;Państwowa Szkoła Muzyczna 95-100 Zgierz ul. Sokołowska 4;937;214;214;3;211;22.84;1.40;940;514;514;9;505;54.68;1.75
52198;102003;25;Starostwo Powiatowe w Zgierzu 95-100 Zgierz ul. Sadowa 6A;788;261;261;6;255;33.12;2.30;774;500;500;3;497;64.60;0.60
52199;102003;26;Szkoła Podstawowa Nr 4 im. Jana Niepokoja 95-100 Zgierz ul. Łódzka 2;914;193;193;7;186;21.12;3.63;926;444;444;12;432;47.95;2.70
52200;102003;27;Miejskie Przedsiębiorstwo Gospodarki Komunalnej 95-100 Zgierz ul. Wiosny Ludów 22;640;132;132;6;126;20.62;4.55;666;321;321;5;316;48.20;1.56
52201;102003;28;Szkoła Podstawowa Nr 10 95-100 Zgierz ul. Ozorkowska 68/70;1409;311;311;9;302;22.07;2.89;1435;780;780;12;768;54.36;1.54
52202;102003;29;Szkoła Podstawowa Nr 10 95-100 Zgierz ul. Ozorkowska 68/70;1405;379;379;13;366;26.98;3.43;1428;840;840;23;817;58.82;2.74
52203;102003;30;Szkoła Podstawowa Nr 1 95-100 Zgierz ul. J. Piłsudskiego 1;1235;327;327;8;319;26.48;2.45;1240;721;721;8;713;58.15;1.11
52204;102003;31;Szkoła Podstawowa Nr 3 im. Dąbrowszczaków 95-100 Zgierz ul. Szczawińska 2;1054;206;206;5;201;19.54;2.43;1065;567;567;16;551;53.24;2.82
52205;102003;32;Szkoła Podstawowa Nr 3 im. Dąbrowszczaków 95-100 Zgierz ul. Szczawińska 2;1097;215;215;8;207;19.60;3.72;1072;578;578;12;566;53.92;2.08
52206;102003;33;Miejskie Przedszkole Nr 10 95-100 Zgierz ul. M. Ossowskiego 26;1235;331;331;12;319;26.80;3.63;1222;683;683;14;669;55.89;2.05
52207;102003;34;Miejskie Przedszkole Nr 10 95-100 Zgierz ul. M. Ossowskiego 26;992;256;256;4;252;25.81;1.56;996;567;567;12;555;56.93;2.12
52208;102003;35;Zespół Szkół Nr 1 im. J. S. Cezaka 95-100 Zgierz ul. Długa 89/91;1551;411;411;9;402;26.50;2.19;1558;876;876;11;865;56.23;1.26
52209;102003;36;Centrum Rehabilitacyjno-Szkoleniowe 95-100 Zgierz ul. Chełmska 42/42A;1064;309;309;3;306;29.04;0.97;1030;615;615;15;600;59.71;2.44
90467;102003;37;Wojewódzki Szpital Specjalistyczny im. Marii Skłodowskiej-Curie w Zgierzu 95-100 Zgierz Parzęczewska 35;254;37;37;1;36;14.57;2.70;345;89;89;5;84;25.80;5.62
90468;102003;38;Centrum Medyczne Boruta Sp. z o.o. w Zgierzu 95-100 Zgierz A. Struga 2-4;6;4;4;0;4;66.67;0.00;16;13;13;0;13;81.25;0.00
90469;102003;39;Europejskie Centrum Opieki Medycznej i Pomocy Rodzinie „CARE” Sp. z o.o. w Zgierzu 95-100 Zgierz S. Dubois 17;168;8;8;0;8;4.76;0.00;172;38;38;1;37;22.09;2.63
90470;102003;40;Dom Pomocy Społecznej w Zgierzu 95-100 Zgierz Chełmska 16/18;85;23;23;2;21;27.06;8.70;86;33;33;4;29;38.37;12.12
52210;102004;1;Zespół Szkół Sportowych im. Józefa Jaworskiego w Aleksandrowie Łódzkim 95-070 Aleksandrów Łódzki ul. Bankowa 7;2237;547;547;18;529;24.45;3.29;2196;1193;1193;28;1165;54.33;2.35
52211;102004;2;Miejski Zespół Szkół im Jana Pawła II w Aleksandrowie Łódzkim 95-070 Aleksandrów Łódzki ul. Ludwika Waryńskiego 22/26;1143;315;315;3;312;27.56;0.95;1114;646;648;17;629;57.99;2.63
52212;102004;3;Miejski Zespół Szkół im Jana Pawła II w Aleksandrowie Łódzkim 95-070 Aleksandrów Łódzki ul. Ludwika Waryńskiego 22/26;1076;284;284;6;278;26.39;2.11;1055;612;612;11;601;58.01;1.80
52213;102004;4;Miejski Zespół Szkół im. Jana Pawła II w Aleksandrowie Łódzkim 95-070 Aleksandrów Łódzki ul. Ludwika Waryńskiego 22/26;1081;289;289;15;274;26.73;5.19;1092;651;651;17;634;59.62;2.61
52214;102004;5;Spółdzielnia Mieszkaniowa w Aleksandrowie Łódzkim 95-070 Aleksandrów Łódzki ul. Dmowskiego 1;1186;376;376;5;371;31.70;1.33;1242;780;780;11;769;62.80;1.41
52215;102004;6;Spółdzielnia Mieszkaniowa w Aleksandrowie Łódzkim 95-070 Aleksandrów Łódzki ul. Dmowskiego 1;1128;314;314;4;310;27.84;1.27;1134;711;711;22;689;62.70;3.09
52216;102004;7;Szkoła Podstawowa nr 4 im Marii Skłodowskiej-Curie w Aleksandrowie Łódzkim 95-070 Aleksandrów Łódzki al. Wyzwolenia 3;2082;506;506;27;479;24.30;5.34;2047;1097;1099;37;1060;53.59;3.37
52217;102004;8;Szkoła Podstawowa nr 4 im. Marii Skłodowskiej-Curie w Aleksandrowie Łódzkim 95-070 Aleksandrów Łódzki al. Wyzwolenia 3;1945;450;450;13;437;23.14;2.89;1998;1189;1191;9;1180;59.51;0.76
52218;102004;9;Młodzieżowy Dom Kultury w Aleksandrowie Łódzkim 95-070 Aleksandrów Łódzki al. 1 Maja 17/19;1032;201;201;8;193;19.48;3.98;1045;530;530;15;515;50.72;2.83
52219;102004;10;Centrum Pomocy Rodzinie i Usług Socjalnych 95-070 Aleksandrów Łódzki ul. Warszawska 10;2057;554;554;17;537;26.93;3.07;2071;1171;1171;57;1114;56.54;4.87
52220;102004;11;Urząd Miejski w Aleksandrowie Łódzkim 95-070 Aleksandrów Łódzki Plac Kościuszki 2;1072;270;270;8;262;25.19;2.96;1092;614;614;15;599;56.23;2.44
52221;102004;12;Urząd Miejski w Aleksandrowie Łódzkim 95-070 Aleksandrów Łódzki Plac Kościuszki 2;1088;249;249;4;245;22.89;1.61;1111;618;618;12;606;55.63;1.94
52222;102004;13;Szkoła Podstawowa im. Księdza Kardynała Stefana Wyszyńskiego Prymasa Tysiąclecia w Rąbieniu 95-070 Rąbień Rąbień ul. Słowiańska 5;1314;442;442;12;430;33.64;2.71;1430;936;936;4;932;65.45;0.43
52223;102004;14;Szkoła Podstawowa im. Księdza Kardynała Stefana Wyszyńskiego Prymasa Tysiąclecia w Rabieniu 95-070 Rąbień Rąbień ul. Słowiańska 5;1085;300;300;4;296;27.65;1.33;1124;713;716;10;703;63.43;1.40
52224;102004;15;Szkoła Podstawowa z oddziałami integracyjnymi im. Janusza Korczaka w Rudzie Bugaj 95-070 Ruda Bugaj Ruda Bugaj 54;1496;287;287;6;281;19.18;2.09;1585;881;881;11;870;55.58;1.25
52225;102004;16;Ochotnicza Straż Pożarna w Saniach 95-070 Sanie Sanie 20;1481;260;260;3;257;17.56;1.15;1563;804;804;17;787;51.44;2.11
52226;102004;17;Szkoła Podstawowa im. Ryszarda Wyrzykowskiego w Bełdowie 95-070 Bełdów Bełdów 37;1044;233;233;10;223;22.32;4.29;1073;612;612;11;601;57.04;1.80
90471;102004;18;Dom Pomocy Społecznej w Rąbieniu 95-070 Rąbień AB 59;47;14;14;1;13;29.79;7.14;46;11;11;5;6;23.91;45.45
52227;102005;1;Zespół Szkół Publicznych w Mąkolicach 95-015 Mąkolice 96;896;218;218;6;212;24.33;2.75;894;477;477;22;455;53.36;4.61
52228;102005;2;Zespół Szkół w Popowie Głowieńskim 95-015 Popów Głowieński 25;852;151;151;5;146;17.72;3.31;859;358;358;3;355;41.68;0.84
52229;102005;3;Ośrodek Upowszechniania Kultury w Bronisławowie 95-015 Bronisławów 10;669;63;63;2;61;9.42;3.17;683;244;244;5;239;35.72;2.05
52230;102005;4;Środowiskowy Dom Samopomocy w Woli Zbrożkowej 95-015 Wola Zbrożkowa 36;303;52;52;0;52;17.16;0.00;291;121;121;2;119;41.58;1.65
52231;102005;5;Zespół Szkół w Lubiankowie 95-015 Lubianków 45;742;118;118;3;115;15.90;2.54;739;279;279;4;275;37.75;1.43
52232;102005;6;Zespół Szkół w Lubiankowie 95-015 Lubianków 45;492;104;104;3;101;21.14;2.88;498;235;235;8;227;47.19;3.40
52233;102006;1;Gminny Ośrodek Kultury w Leśmierzu 95-035 Leśmierz 23;1055;177;177;23;154;16.78;12.99;1044;456;456;26;430;43.68;5.70
52234;102006;2;Zespół Szkół w Modlnej 95-035 Modlna 29;822;196;196;15;181;23.84;7.65;824;450;450;18;432;54.61;4.00
52235;102006;3;Budynek komunalny-świetlica środowiskowa 95-039 Sokolniki Las ul. Sokolnickiego 1;729;329;329;2;327;45.13;0.61;842;582;582;8;574;69.12;1.37
52236;102006;4;Biblioteka 95-035 Helenów 8;822;159;159;6;153;19.34;3.77;849;405;405;12;393;47.70;2.96
52237;102006;5;Zespół Szkół w Solcy Wielkiej 95-035 Solca Wielka 58;1077;168;168;5;163;15.60;2.98;1085;528;528;13;515;48.66;2.46
52238;102006;6;Budynek komunalny-świetlica środowiskowa 95-035 Skromnica 22;356;98;98;8;90;27.53;8.16;373;198;198;14;184;53.08;7.07
52239;102006;7;Budynek komunalny-świetlica środowiskowa 95-035 Sierpów 87a;718;154;154;4;150;21.45;2.60;728;358;358;9;349;49.18;2.51
52240;102007;1;Forum Inicjatyw Twórczych w Parzęczewie 95-045 Parzęczew ul. Ozorkowska Nr 3;796;163;163;5;158;20.48;3.07;796;369;369;17;352;46.36;4.61
52241;102007;2;Szkoła Podstawowa w Parzęczewie 95-045 Parzęczew ul. Parkowa Nr 6;570;93;93;0;93;16.32;0.00;584;300;300;5;295;51.37;1.67
52242;102007;3;Wiejski Ośrodek Kultury w Śniatowej 95-045 Śniatowa Nr 19;337;63;63;3;60;18.69;4.76;321;140;140;8;132;43.61;5.71
52243;102007;4;Budynek Ochotniczej Straży Pożarnej w Opolu 95-043 Opole Nr 20;370;64;64;2;62;17.30;3.12;359;151;151;5;146;42.06;3.31
52244;102007;5;Klub Garnizonowy w Leźnicy Wielkiej-Osiedle 95-043 Leźnica Wielka-Osiedle Bl. Nr 1;400;59;59;0;59;14.75;0.00;390;192;192;10;182;49.23;5.21
52245;102007;6;Budynek Ochotniczej Straży Pożarnej w Śliwnikach 95-045 Śliwniki Nr 3;190;64;64;4;60;33.68;6.25;191;90;90;7;83;47.12;7.78
52246;102007;7;Szkoła Podstawowa w Chociszewie 95-045 Chociszew Nr 40;675;102;102;4;98;15.11;3.92;691;316;316;12;304;45.73;3.80
52247;102007;8;Szkoła Podstawowa w Chociszewie 95-045 Chociszew Nr 40;466;115;115;4;111;24.68;3.48;477;241;241;8;233;50.52;3.32
52248;102007;9;Budynek Ochotniczej Straży Pożarnej w Orłej 95-073 Orła Nr 33;280;81;81;4;77;28.93;4.94;279;156;156;11;145;55.91;7.05
52249;102008;1;Ośrodek Kultury i Rekreacji w Strykowie 95-010 Stryków Plac Łukasińskiego 4;1703;338;338;10;328;19.85;2.96;1670;842;842;24;818;50.42;2.85
52250;102008;2;Zespół Szkół Nr 1 w Strykowie 95-010 Stryków ul.Targowa 21;1158;284;284;6;278;24.53;2.11;1181;665;665;13;652;56.31;1.95
52251;102008;3;Świetlica wiejska w Ossem 95-010 Osse 50;642;150;150;1;149;23.36;0.67;642;361;361;7;354;56.23;1.94
52252;102008;4;Zespół Szkół Nr 1 im. Batalionów Chłopskiech w Bratoszewicach 95-011 Bratoszewice Plac Staszica 14;1417;296;296;9;287;20.89;3.04;1427;775;775;19;756;54.31;2.45
52253;102008;5;Szkoła Podstawowa im. gen. dyw. Tadeusza Kutrzeby w Koźlu 95-011 Koźle 65;725;143;143;2;141;19.72;1.40;731;330;330;17;313;45.14;5.15
52254;102008;6;Ochotnicza Straż Pożarna w Swędowie 95-010 Swędów ul. Główna 31;885;221;221;9;212;24.97;4.07;907;487;487;14;473;53.69;2.87
52255;102008;7;Szkoła Podstawowa im. 24 Lutego 1963 r. w Dobrej 95-010 Dobra ul. Witanówek 8;1295;261;261;8;253;20.15;3.07;1329;689;689;15;674;51.84;2.18
52256;102008;8;Centrum Kształcenia i Wychowania OHP w Dobieszkowie 95-010 Dobieszków 68;702;166;166;4;162;23.65;2.41;700;405;405;4;401;57.86;0.99
52257;102008;9;Szkoła Podstawowa im. Henryka Sienkiewicza w Niesułkowie 95-010 Niesułków 68;716;155;155;3;152;21.65;1.94;707;313;313;5;308;44.27;1.60
52258;102008;10;Ochotnicza Straż Pożarna w Warszewicach 95-010 Warszewice 20;762;173;173;4;169;22.70;2.31;756;405;405;8;397;53.57;1.98
52259;102009;1;Zespół Szkolno-Gimnazjalny w Grotnikach 95-073 Grotniki ul. Brzozowa 4;1628;469;469;6;463;28.81;1.28;1711;947;947;9;938;55.35;0.95
52260;102009;2;Zespół Szkolno-Gimnazjalny w Słowiku 95-100 Słowik ul.Gdańska 42;1446;331;331;11;320;22.89;3.32;1512;766;766;24;742;50.66;3.13
52261;102009;3;Rosanów 95-100 Rosanów ul. Źródlana 8;768;260;260;7;253;33.85;2.69;838;525;525;5;520;62.65;0.95
52262;102009;4;Szkoła Podstawowa w Dąbrówce Wielkiej 95-100 Dąbrówka Wielka ul. Główna 49;902;256;256;9;247;28.38;3.52;928;521;521;12;509;56.14;2.30
52263;102009;5;Świetlica gminna, Łagiewniki Nowe 95-002 Smardzew ul. Smardzewska 59;1829;519;519;14;505;28.38;2.70;1880;1166;1166;9;1157;62.02;0.77
52264;102009;6;Zespół Szkolno-Gimnazjalny w Szczawinie Kościelnym 95-002 Smardzew ul. Kościelna 21;723;193;193;10;183;26.69;5.18;719;405;405;10;395;56.33;2.47
52265;102009;7;Szkoła Podstawowa w Białej 95-001 Biała ul. Kościelna 4;1202;279;279;12;267;23.21;4.30;1244;699;699;25;674;56.19;3.58
52266;102009;8;Szkoła Podstawowa w Besiekierzu Rudnym 95-001 Besiekierz Rudny 20;804;161;161;4;157;20.02;2.48;838;381;381;4;377;45.47;1.05
52267;102009;9;Zespół Szkolno-Gimnazjalny w Giecznie 95-001 Gieczno ul. Szkolna 2;1233;267;267;11;256;21.65;4.12;1262;674;674;27;647;53.41;4.01
52268;102101;1;Szkoła Podstawowa Nr 1 w Brzezinach 95-060 Brzeziny ul. Moniuszki 21;1927;413;424;20;393;21.43;4.84;1894;913;913;35;878;48.20;3.83
52269;102101;2;Muzeum Regionalne w Brzezinach 95-060 Brzeziny ul. Marszałka Piłsudskiego 49;1343;277;277;8;269;20.63;2.89;1354;638;638;15;623;47.12;2.35
52270;102101;3;Przedszkole Nr 1 w Brzezinach 95-060 Brzeziny ul. Konstytucji 3-go Maja 1;1301;220;220;4;216;16.91;1.82;1252;557;557;21;536;44.49;3.77
52271;102101;4;Gimnazjum w Brzezinach 95-060 Brzeziny ul. Bohaterów Warszawy 4;1382;333;333;7;326;24.10;2.10;1355;707;707;16;691;52.18;2.26
52272;102101;5;Zespół Szkół Ponadgimnazjalnych w Brzezinach 95-060 Brzeziny ul. Konstytucji 3-go Maja 5;1444;298;298;6;292;20.64;2.01;1493;860;860;22;838;57.60;2.56
52273;102101;6;Szkoła Podstawowa Nr 2 w Brzezinach 95-060 Brzeziny ul. Sienkiewicza 17;1278;345;345;5;340;27.00;1.45;1268;732;732;14;718;57.73;1.91
52274;102101;7;Miejska Biblioteka Publiczna w Brzezinach 95-060 Brzeziny ul. Świętej Anny 36;1354;249;249;9;240;18.39;3.61;1340;585;585;20;565;43.66;3.42
90473;102101;8;Dom Pomocy Społecznej w Brzezinach 95-060 Brzeziny Moniuszki 24;89;29;29;5;24;32.58;17.24;80;37;37;1;36;46.25;2.70
90474;102101;9;Powiatowe Centrum Zdrowia Sp.z.o.o w Brzezinach 95-060 Brzeziny Skłodowskiej-Curie 6;61;8;8;1;7;13.11;12.50;79;41;41;0;41;51.90;0.00
52275;102102;1;Szkoła Podstawowa w Gałkówku-Kolonii 95-060 Gałkówek-Kolonia 38;1027;221;221;12;209;21.52;5.43;1055;549;549;14;535;52.04;2.55
52276;102102;2;Sala OSP Polik 95-060 Polik 45;904;216;216;3;213;23.89;1.39;915;453;453;17;436;49.51;3.75
52277;102102;3;Szkoła Podstawowa w Dąbrówce Dużej 95-060 Dąbrówka Duża 60;978;142;142;1;141;14.52;0.70;974;419;419;13;406;43.02;3.10
52278;102102;4;Gimnazjum w Przecławiu 95-060 Przecław 33;659;131;131;2;129;19.88;1.53;666;337;337;4;333;50.60;1.19
52279;102102;5;Szkoła Podstawowa w Bogdance 95-060 Bogdanka 5;772;206;206;5;201;26.68;2.43;773;434;434;13;421;56.14;3.00
52280;102103;1;Gimnazjum w Dmosinie 95-061 Dmosin 1C;551;116;116;4;112;21.05;3.45;535;264;264;4;260;49.35;1.52
52281;102103;2;Strażnica OSP w Kraszewie 95-061 Kraszew 18;473;75;75;4;71;15.86;5.33;473;178;178;5;173;37.63;2.81
52282;102103;3;Strażnica OSP w Kołacinie 95-061 Kołacin 15D;627;102;102;8;94;16.27;7.84;629;270;270;11;259;42.93;4.07
52283;102103;4;Świetlica w Ząbkach 95-061 Ząbki 16A;550;92;92;3;89;16.73;3.26;551;233;233;3;230;42.29;1.29
52284;102103;5;Szkoła Podstawowa w Woli Cyrusowej 95-061 Wola Cyrusowa 69;414;62;62;3;59;14.98;4.84;424;182;182;4;178;42.92;2.20
52285;102103;6;Świetlica w Szczecinie 95-061 Szczecin 36A;289;57;57;2;55;19.72;3.51;284;122;122;2;120;42.96;1.64
52286;102103;7;Świetlica w Osinach 95-061 Osiny 33A;426;99;99;5;94;23.24;5.05;434;217;217;5;212;50.00;2.30
52287;102103;8;Szkoła Podstawowa w Dmosinie 95-061 Dmosin 1C;449;87;87;2;85;19.38;2.30;449;211;211;4;207;46.99;1.90
52288;102104;1;Szkoła Podstawowa w Jeżowie- sala gimnastyczna 95-047 Jeżów ul. Wojska Polskiego 1;378;92;92;0;92;24.34;0.00;375;184;184;10;174;49.07;5.43
52289;102104;2;Szkoła Podstawowa w Jeżowie- klasa I 95-047 Jeżów ul. Wojska Polskiego 1;344;99;99;1;98;28.78;1.01;348;185;185;6;179;53.16;3.24
52290;102104;3;Gimnazjum w Jeżowie - korytarz 95-047 Jeżów ul. Wojska Polskiego 1;363;90;90;2;88;24.79;2.22;359;174;174;6;168;48.47;3.45
52291;102104;4;Dom Pomocy Społecznej w Dąbrowie 95-047 Dąbrowa 1;323;69;69;2;67;21.36;2.90;317;123;123;5;118;38.80;4.07
52292;102104;5;Sala OSP Przybyszyce 95-047 Przybyszyce 35;201;86;86;3;83;42.79;3.49;202;103;103;3;100;50.99;2.91
52293;102104;6;Gimnazjum w Jeżowie - stołówka szkolna 95-047 Jeżów ul. Wojska Polskiego 1;270;66;66;4;62;24.44;6.06;274;129;129;4;125;47.08;3.10
52294;102104;7;Szkoła Podstawowa w Jeżowie- klasa II 95-047 Jeżów Wojska Polskiego 1;256;54;54;2;52;21.09;3.70;255;117;117;8;109;45.88;6.84
52295;102104;8;„Gościniec” Ireneusz Adamczyk Wola Łokotowa 1 95-047 Wola Łokotowa 1;458;98;98;0;98;21.40;0.00;460;210;210;10;200;45.65;4.76
52296;102104;9;Sala OSP Rewica 95-047 Rewica 24;157;58;58;0;58;36.94;0.00;156;68;68;3;65;43.59;4.41
90475;102104;10;Dom Pomocy Społecznej w Dąbrowie 95-047 Dąbrowa 1;57;31;31;2;29;54.39;6.45;55;43;43;0;43;78.18;0.00
52297;102105;1;była Szkoła Podstawowa w Zacywilkach 95-063 Zacywilki 5;263;31;31;1;30;11.79;3.23;265;123;123;3;120;46.42;2.44
52298;102105;2;Szkoła Podstawowa w Przyłęku Dużym 95-063 Przyłęk Duży 49;531;74;74;2;72;13.94;2.70;523;205;205;11;194;39.20;5.37
52299;102105;3;budynek Urzędu Gminy w Rogowie (sala konferencyjna) 95-063 Rogów ul. Żeromskiego 23;766;142;142;6;136;18.54;4.23;770;362;362;10;352;47.01;2.76
52300;102105;4;Zespół Szkół w Rogowie 95-063 Rogów ul. Szkolna 4;762;158;158;7;151;20.73;4.43;750;360;360;8;352;48.00;2.22
52301;102105;5;Ochotnicza Straż Pożarna w Rogowie 95-063 Rogów ul. Strażacka 4;414;103;103;2;101;24.88;1.94;413;236;236;7;229;57.14;2.97
52302;102105;6;Gminna Biblioteka Publiczna w Rogowie 95-063 Rogów ul. Wojska Polskiego 26;544;155;155;5;150;28.49;3.23;540;268;268;5;263;49.63;1.87
52303;102105;7;Szkoła Podstawowa w Wągrach 95-63 Wągry 87;609;161;161;1;160;26.44;0.62;627;313;313;3;310;49.92;0.96
52304;106101;1;Studio Consulting Sp. z o.o. 91-174 Łódź ul. Romanowska 55F;956;370;370;11;359;38.70;2.97;983;680;681;12;668;69.18;1.76
52305;106101;2;Świetlica Ochotniczej Straży Pożarnej Łódź-Mikołajew 91-156 Łódź ul. Plonowa 18;1912;668;668;6;662;34.94;0.90;1945;1332;1332;12;1320;68.48;0.90
52306;106101;3;Świetlica Ochotniczej Straży Pożarnej Łódź-Mikołajew 91-156 Łódź ul. Plonowa 18;551;126;126;2;124;22.87;1.59;570;302;302;3;299;52.98;0.99
52307;106101;4;XV Liceum Ogólnokształcące im. Jana Kasprowicza 91-204 Łódź ul. Traktorowa 77;1001;152;152;1;151;15.18;0.66;954;347;347;4;343;36.37;1.15
52308;106101;5;Laboratorium Produkcji Ogrodniczej w Zespole Szkół Rzemiosła im. Jana Kilińskiego 91-220 Łódź ul. Liściasta 181;853;258;258;5;253;30.25;1.94;864;510;510;3;507;59.03;0.59
52309;106101;6;Szkoła Podstawowa nr 48 im. Stanisława Moniuszki 91-211 Łódź ul. Rydzowa 15;855;437;437;5;432;51.11;1.14;829;633;633;5;628;76.36;0.79
52310;106101;7;Szkoła Podstawowa nr 71 im. Henryka Sienkiewicza 91-134 Łódź ul. Rojna 58C;1175;567;567;13;554;48.26;2.29;1161;870;871;3;867;74.94;0.34
52311;106101;8;Szkoła Podstawowa nr 48 im. Stanisława Moniuszki 91-211 Łódź ul. Rydzowa 15;1262;454;454;14;440;35.97;3.08;1213;750;750;7;743;61.83;0.93
52312;106101;9;Szkoła Podstawowa nr 48 im. Stanisława Moniuszki 91-211 Łódź ul. Rydzowa 15;1145;393;393;12;381;34.32;3.05;1126;721;721;13;708;64.03;1.80
52313;106101;10;Szkoła Podstawowa nr 48 im. Stanisława Moniuszki 91-211 Łódź ul. Rydzowa 15;1776;601;601;7;594;33.84;1.16;1751;1150;1150;7;1143;65.68;0.61
52314;106101;11;Publiczne Gimnazjum nr 13 im. gen. Józefa Bema 91-213 Łódź ul. Wici 16;1804;538;538;7;531;29.82;1.30;1784;1049;1050;13;1036;58.80;1.24
52315;106101;12;Publiczne Gimnazjum nr 13 im. gen. Józefa Bema 91-213 Łódź ul. Wici 16;1392;443;443;6;437;31.82;1.35;1373;813;815;14;799;59.21;1.72
52316;106101;13;Szkoła Podstawowa nr 71 im. Henryka Sienkiewicza 91-134 Łódź ul. Rojna 58C;1666;486;486;12;474;29.17;2.47;1628;972;972;14;958;59.71;1.44
52317;106101;14;Publiczne Gimnazjum nr 7 im. Mikołaja Kopernika 91-134 Łódź ul. Rojna 33;1559;468;468;4;464;30.02;0.85;1505;889;889;9;880;59.07;1.01
52318;106101;15;Publiczne Gimnazjum nr 7 im. Mikołaja Kopernika 91-134 Łódź ul. Rojna 33;1156;334;334;11;323;28.89;3.29;1127;669;669;10;659;59.36;1.49
52319;106101;16;Publiczne Gimnazjum nr 7 im. Mikołaja Kopernika 91-134 Łódź ul. Rojna 33;1210;411;411;14;397;33.97;3.41;1199;717;717;12;705;59.80;1.67
52320;106101;17;Szkoła Podstawowa nr 3 im. mjr. Henryka Dobrzańskiego „Hubala” 91-144 Łódź al. Harcerzy Zatorowców 6;1392;427;427;9;418;30.68;2.11;1372;858;858;10;848;62.54;1.17
52321;106101;18;Szkoła Podstawowa nr 3 im. mjr. Henryka Dobrzańskiego „Hubala” 91-144 Łódź al. Harcerzy Zatorowców 6;1454;580;580;8;572;39.89;1.38;1423;953;953;12;941;66.97;1.26
52322;106101;19;Przedszkole Miejskie nr 141 91-140 Łódź al. Pasjonistów 15;1980;527;527;4;523;26.62;0.76;1942;1062;1062;12;1050;54.69;1.13
52323;106101;20;Przedszkole Miejskie nr 123 91-134 Łódź ul. Rojna 24;1204;374;374;5;369;31.06;1.34;1173;681;681;14;667;58.06;2.06
52324;106101;21;Dom Dziennego Pobytu dla Osób Niepełnosprawnych 91-128 Łódź ul. Rojna 18a;1420;392;392;7;385;27.61;1.79;1420;765;765;14;751;53.87;1.83
52325;106101;22;Przedszkole Miejskie nr 123 91-134 Łódź ul. Rojna 24;919;231;231;6;225;25.14;2.60;871;473;473;19;454;54.31;4.02
52326;106101;23;Szkoła Podstawowa nr 182 im. Tadeusza Zawadzkiego „Zośki” 91-103 Łódź ul. Łanowa 16;1463;455;455;16;439;31.10;3.52;1402;796;796;10;786;56.78;1.26
52327;106101;24;Szkoła Podstawowa nr 182 im. Tadeusza Zawadzkiego „Zośki” 91-103 Łódź ul. Łanowa 16;1773;546;546;16;530;30.80;2.93;1631;975;975;15;960;59.78;1.54
52328;106101;25;Bałucki Ośrodek Kultury „Lutnia” 91-103 Łódź ul. Łanowa 14;1330;436;436;3;433;32.78;0.69;1302;762;762;7;755;58.53;0.92
52329;106101;26;Publiczne Gimnazjum nr 17 im. Bohaterów Monte Cassino 91-117 Łódź ul. Traktorowa 35;1836;591;591;17;574;32.19;2.88;1757;1105;1105;10;1095;62.89;0.90
52330;106101;27;Zespół Szkół Specjalnych nr 5 91-104 Łódź ul. Plantowa 7;2104;714;714;13;701;33.94;1.82;2068;1274;1274;27;1247;61.61;2.12
52331;106101;28;Szkoła Policealna nr 2 Samorządu Województwa Łódzkiego im. Marii Skłodowskiej-Curie 91-029 Łódź ul. Wielkopolska 70/72;1154;312;312;9;303;27.04;2.88;1120;618;618;4;614;55.18;0.65
52332;106101;29;Szkoła Policealna nr 2 Samorządu Województwa Łódzkiego im. Marii Skłodowskiej-Curie 91-029 Łódź ul. Wielkopolska 70/72;1722;460;460;10;450;26.71;2.17;1664;909;909;9;900;54.63;0.99
52333;106101;30;Szkoła Podstawowa nr 56 im. Bronisława Czecha 91-025 Łódź ul. Turoszowska 10;1502;375;375;8;367;24.97;2.13;1463;821;821;7;814;56.12;0.85
52334;106101;31;Szkoła Podstawowa nr 56 im. Bronisława Czecha 91-025 Łódź ul. Turoszowska 10;857;248;248;7;241;28.94;2.82;851;472;472;6;466;55.46;1.27
52335;106101;32;Publiczne Gimnazjum nr 8 im. Tadeusza Kościuszki 91-032 Łódź ul. Żubardzka 26;1503;518;518;14;504;34.46;2.70;1482;928;928;13;915;62.62;1.40
52336;106101;33;Publiczne Gimnazjum nr 8 im. Tadeusza Kościuszki 91-032 Łódź ul. Żubardzka 26;1689;597;597;7;590;35.35;1.17;1626;1037;1037;11;1026;63.78;1.06
52337;106101;34;Szkoła Podstawowa nr 122 91-363 Łódź ul. Jesionowa 38;1971;676;676;10;666;34.30;1.48;1935;1238;1238;18;1220;63.98;1.45
52338;106101;35;Szkoła Podstawowa nr 122 91-363 Łódź ul. Jesionowa 38;1040;298;298;4;294;28.65;1.34;1021;579;579;8;571;56.71;1.38
52339;106101;36;Szkoła Podstawowa nr 122 91-363 Łódź ul. Jesionowa 38;1127;368;368;9;359;32.65;2.45;1119;639;639;7;632;57.10;1.10
52340;106101;37;Szkoła Podstawowa nr 122 91-363 Łódź ul. Jesionowa 38;1780;737;737;16;721;41.40;2.17;1770;1228;1228;15;1213;69.38;1.22
52341;106101;38;Zespół Szkół Ogólnokształcących nr 4 im. Ireny Sendlerowej 91-358 Łódź ul. Stawowa 28;1802;605;605;20;585;33.57;3.31;1774;1149;1149;18;1131;64.77;1.57
52342;106101;39;Zespół Szkół Ogólnokształcących nr 4 im. Ireny Sendlerowej 91-358 Łódź ul. Stawowa 28;1259;439;439;5;434;34.87;1.14;1208;791;791;6;785;65.48;0.76
52343;106101;40;Zespół Szkół Ogólnokształcących nr 4 im. Ireny Sendlerowej 91-358 Łódź ul. Stawowa 28;898;263;263;6;257;29.29;2.28;872;562;562;7;555;64.45;1.25
52344;106101;41;Przedszkole Miejskie nr 97 91-492 Łódź ul. Bema 6;1987;766;766;15;751;38.55;1.96;1996;1356;1356;11;1345;67.94;0.81
52345;106101;42;Przedszkole Miejskie nr 97 91-492 Łódź ul. Bema 6;2231;691;691;30;661;30.97;4.34;2236;1461;1462;12;1449;65.34;0.82
52346;106101;43;Szkoła Podstawowa nr 206 91-496 Łódź ul. Łozowa 9;1050;329;329;5;324;31.33;1.52;1050;656;656;6;650;62.48;0.91
52347;106101;44;Szkoła Podstawowa nr 206 91-496 Łódź ul. Łozowa 9;1595;526;526;16;510;32.98;3.04;1578;1007;1007;7;1000;63.81;0.70
52348;106101;45;Szkoła Podstawowa nr 184 im. Ludwika Waryńskiego 91-496 Łódź ul. Syrenki 19A;1886;640;640;16;624;33.93;2.50;1859;1217;1231;14;1203;65.47;1.15
52349;106101;46;Szkoła Podstawowa nr 184 im. Ludwika Waryńskiego 91-496 Łódź ul. Syrenki 19A;2107;742;742;11;731;35.22;1.48;2049;1347;1347;9;1338;65.74;0.67
52350;106101;47;Szkoła Podstawowa nr 184 im. Ludwika Waryńskiego 91-496 Łódź ul. Syrenki 19A;1842;639;639;14;625;34.69;2.19;1778;1195;1195;10;1185;67.21;0.84
52351;106101;48;Przedszkole Miejskie nr 204 91-495 Łódź ul. Sitowie 15;1629;506;506;10;496;31.06;1.98;1553;977;977;4;973;62.91;0.41
52352;106101;49;Szkoła Podstawowa nr 206 91-496 Łódź ul. Łozowa 9;1271;460;460;10;450;36.19;2.17;1247;849;849;7;842;68.08;0.82
52353;106101;50;Szkoła Podstawowa nr 206 91-496 Łódź ul. Łozowa 9;1462;436;436;5;431;29.82;1.15;1432;912;912;3;909;63.69;0.33
52354;106101;51;Szkoła Podstawowa nr 166 im. 19 Stycznia 91-037 Łódź ul. Szamotulska 1/7;1154;417;417;2;415;36.14;0.48;1133;739;739;3;736;65.23;0.41
52355;106101;52;Szkoła Podstawowa nr 166 im. 19 Stycznia 91-037 Łódź ul. Szamotulska 1/7;2138;665;665;14;651;31.10;2.11;2065;1204;1204;18;1186;58.31;1.50
52356;106101;53;XXX Liceum Ogólnokształcące im. ks. bp. Ignacego Krasickiego 91-039 Łódź ul. Obornicka 11/13;835;218;218;2;216;26.11;0.92;819;433;433;7;426;52.87;1.62
52357;106101;54;XXX Liceum Ogólnokształcące im. ks. bp. Ignacego Krasickiego 91-039 Łódź ul. Obornicka 11/13;1476;494;494;6;488;33.47;1.21;1445;868;868;10;858;60.07;1.15
52358;106101;55;Publiczne Gimnazjum nr 6 im. ks. Stanisława Konarskiego 91-041 Łódź ul. Limanowskiego 124A;1313;337;337;11;326;25.67;3.26;1277;649;649;8;641;50.82;1.23
52359;106101;56;Zespół Szkół Ekonomiczno- Turystyczno-Hotelarskich im. Władysława Grabskiego 91-008 Łódź ul. Drewnowska 171;912;267;267;10;257;29.28;3.75;863;481;481;6;475;55.74;1.25
52360;106101;57;Zespół Państwowych Szkół Plastycznych im. Tadeusza Makowskiego 91-012 Łódź ul. Gandhiego 14;1205;347;347;5;342;28.80;1.44;1152;655;657;11;644;56.86;1.68
52361;106101;58;Szkoła Podstawowa nr 35 im. Mariana Piechala 91-013 Łódź ul. Tybury 4;1293;443;443;13;430;34.26;2.93;1290;766;766;9;757;59.38;1.17
52362;106101;59;Szkoła Podstawowa nr 35 im. Mariana Piechala 91-013 Łódź ul. Tybury 4;1325;369;369;6;363;27.85;1.63;1282;712;712;12;700;55.54;1.69
52363;106101;60;Grupa Szkół Łódzkiego Stowarzyszenia na Rzecz Porozumienia z Europą 91-045 Łódź ul. Wrześnieńska 64;1731;470;470;14;456;27.15;2.98;1683;932;932;22;910;55.38;2.36
52364;106101;61;Szkoła Podstawowa nr 54 im. Kornela Makuszyńskiego 91-050 Łódź ul. Wróbla 5;994;206;206;7;199;20.72;3.40;955;419;419;4;415;43.87;0.95
52365;106101;62;Szkoła Podstawowa nr 54 im. Kornela Makuszyńskiego 91-050 Łódź ul. Wróbla 5;1495;288;288;9;279;19.26;3.12;1454;693;693;13;680;47.66;1.88
52366;106101;63;Szkoła Podstawowa nr 54 im. Kornela Makuszyńskiego 91-050 Łódź ul. Wróbla 5;1897;277;277;16;261;14.60;5.78;1794;628;628;21;607;35.01;3.34
52367;106101;64;Zespół Szkół Ponadgimnazjalnych nr 5 im. Króla Bolesława Chrobrego 91-008 Łódź ul. Drewnowska 88;477;69;69;2;67;14.47;2.90;483;180;180;6;174;37.27;3.33
52368;106101;65;Zespół Szkół Ponadgimnazjalnych nr 7 91-335 Łódź ul. Prożka 3/5;743;218;218;4;214;29.34;1.83;707;367;367;2;365;51.91;0.54
52369;106101;66;Szkoła Podstawowa nr 24 im. Hanki Sawickiej 91-308 Łódź ul. Ciesielska 14A;1745;406;406;4;402;23.27;0.99;1693;801;801;20;781;47.31;2.50
52370;106101;67;Publiczne Gimnazjum nr 12 im. Noblistów Polskich 91-315 Łódź ul. Księdza Brzóski 23;1440;401;402;12;389;27.85;2.99;1408;786;786;5;781;55.82;0.64
52371;106101;68;Publiczne Gimnazjum nr 12 im. Noblistów Polskich 91-315 Łódź ul. Księdza Brzóski 23;1198;337;337;10;327;28.13;2.97;1148;673;673;7;666;58.62;1.04
52372;106101;69;Szkoła Podstawowa nr 55 im. Eugeniusza Lokajskiego 91-349 Łódź ul. Mackiewicza 9;1939;601;601;11;590;31.00;1.83;1881;1135;1135;11;1124;60.34;0.97
52373;106101;70;Szkoła Podstawowa nr 55 im. Eugeniusza Lokajskiego 91-349 Łódź ul. Mackiewicza 9;936;356;356;4;352;38.03;1.12;915;594;594;8;586;64.92;1.35
52374;106101;71;Szkoła Podstawowa nr 65 im. Juliusza Słowackiego 91-322 Łódź ul. Pojezierska 10;1914;652;652;11;641;34.06;1.69;1879;1149;1149;12;1137;61.15;1.04
52375;106101;72;Szkoła Podstawowa nr 65 im. Juliusza Słowackiego 91-322 Łódź ul. Pojezierska 10;1429;414;414;9;405;28.97;2.17;1404;838;838;10;828;59.69;1.19
52376;106101;73;Szkoła Podstawowa nr 65 im. Juliusza Słowackiego 91-322 Łódź ul. Pojezierska 10;1487;533;533;5;528;35.84;0.94;1448;908;908;12;896;62.71;1.32
52377;106101;74;Przedszkole Miejskie nr 202 91-304 Łódź ul. Sędziowska 8/10;1985;772;772;19;753;38.89;2.46;1943;1314;1314;16;1298;67.63;1.22
52378;106101;75;Przedszkole Miejskie nr 149 91-469 Łódź ul. Murarska 42;1960;735;735;16;719;37.50;2.18;1936;1214;1214;11;1203;62.71;0.91
52379;106101;76;Szkoła Podstawowa nr 101 im. Jana Kochanowskiego 91-464 Łódź ul. Wspólna 5/7;1203;389;389;7;382;32.34;1.80;1152;680;680;9;671;59.03;1.32
52380;106101;77;Szkoła Podstawowa nr 101 im. Jana Kochanowskiego 91-464 Łódź ul. Wspólna 5/7;1393;535;535;7;528;38.41;1.31;1372;860;860;3;857;62.68;0.35
52381;106101;78;Szkoła Podstawowa nr 101 im. Jana Kochanowskiego 91-464 Łódź ul. Wspólna 5/7;1847;655;655;16;639;35.46;2.44;1849;1127;1127;14;1113;60.95;1.24
52382;106101;79;Przedszkole Miejskie nr 176 91-470 Łódź ul. Blacharska 21;1573;568;568;18;550;36.11;3.17;1481;956;956;15;941;64.55;1.57
52383;106101;80;Urząd Stanu Cywilnego 91-463 Łódź ul. Zgierska 71;729;68;68;1;67;9.33;1.47;700;192;192;7;185;27.43;3.65
52384;106101;81;Szkoła Podstawowa nr 45 im. Jana Matejki 91-431 Łódź ul. Bojowników Getta Warszawskiego 3;1678;409;409;3;406;24.37;0.73;1660;868;869;24;844;52.29;2.76
52385;106101;82;XIII Liceum Ogólnokształcące im. Marii Piotrowiczowej 91-430 Łódź ul. Pacanowskiej 4;1953;486;486;12;474;24.88;2.47;1889;922;922;17;905;48.81;1.84
52386;106101;83;Szkoła Podstawowa nr 30 im. rtm. Witolda Pileckiego 91-855 Łódź ul. Rysownicza 1/3;1085;331;331;10;321;30.51;3.02;1081;612;616;6;606;56.61;0.98
52387;106101;84;Szkoła Podstawowa nr 30 im. rtm. Witolda Pileckiego 91-855 Łódź ul. Rysownicza 1/3;1642;443;443;15;428;26.98;3.39;1581;879;885;10;869;55.60;1.14
52388;106101;85;Zespół Szkół Przemysłu Spożywczego im. Powstańców Wielkopolskich 91-845 Łódź ul. Franciszkańska 137;1774;586;586;1;585;33.03;0.17;1742;1079;1079;7;1072;61.94;0.65
52389;106101;86;Zespół Szkół Przemysłu Spożywczego im. Powstańców Wielkopolskich 91-845 Łódź ul. Franciszkańska 137;1887;520;520;9;511;27.56;1.73;1824;1072;1072;10;1062;58.77;0.93
52390;106101;87;XXIV Liceum Ogólnokształcące im. Marii Skłodowskiej-Curie 91-850 Łódź ul. Marysińska 61/67;2096;671;671;8;663;32.01;1.19;2020;1248;1248;11;1237;61.78;0.88
52391;106101;88;XXIV Liceum Ogólnokształcące im. Marii Skłodowskiej-Curie 91-850 Łódź ul. Marysińska 61/67;1141;355;355;7;348;31.11;1.97;1109;625;625;10;615;56.36;1.60
52392;106101;89;Przedszkole Miejskie nr 35 91-058 Łódź ul. Zachodnia 16A;1738;332;332;9;323;19.10;2.71;1650;679;679;3;676;41.15;0.44
52393;106101;90;Szkoła Podstawowa nr 58 im. Melchiora Wańkowicza 91-838 Łódź ul. Młynarska 42/46;1123;303;303;7;296;26.98;2.31;1111;628;628;6;622;56.53;0.96
52394;106101;91;Szkoła Podstawowa nr 58 im. Melchiora Wańkowicza 91-838 Łódź ul. Młynarska 42/46;1062;274;274;2;272;25.80;0.73;1051;541;541;11;530;51.47;2.03
52395;106101;92;Centrum Zajęć Pozaszkolnych nr 1 91-818 Łódź ul. Zawiszy Czarnego 39;1659;306;306;6;300;18.44;1.96;1618;660;660;12;648;40.79;1.82
52396;106101;93;Centrum Zajęć Pozaszkolnych nr 1 91-818 Łódź ul. Zawiszy Czarnego 39;1918;405;405;13;392;21.12;3.21;1824;806;806;7;799;44.19;0.87
52397;106101;94;Publiczne Gimnazjum nr 14 im. Roberta Schumana 91-836 Łódź al. I Dywizji 16/18;1604;406;406;13;393;25.31;3.20;1557;809;809;12;797;51.96;1.48
52398;106101;95;Zespół Szkół Zawodowych Specjalnych nr 2 91-744 Łódź al. I Dywizji 16/18;1110;309;309;15;294;27.84;4.85;1116;598;598;13;585;53.58;2.17
52399;106101;96;Szkoła Podstawowa nr 153 im. Marii Skłodowskiej-Curie 91-762 Łódź ul. Obrońców Westerplatte 28;1619;398;398;11;387;24.58;2.76;1551;829;829;3;826;53.45;0.36
52400;106101;97;Szkoła Podstawowa nr 45 im. Jana Matejki 91-705 Łódź ul. Bojowników Getta Warszawskiego 3;604;100;100;4;96;16.56;4.00;599;230;230;8;222;38.40;3.48
52401;106101;98;Publiczne Gimnazjum nr 18 im. prof. Jana Karskiego 91-705 Łódź ul. Mostowskiego 23/27;1962;686;686;14;672;34.96;2.04;1978;1304;1304;16;1288;65.93;1.23
52402;106101;99;Lokal Rady Osiedla Bałuty-Doły 91-743 Łódź ul. Wojska Polskiego 122;546;141;141;2;139;25.82;1.42;548;262;262;9;253;47.81;3.44
52403;106101;100;Zespół Szkół Specjalnych nr 3 im. Jacka Kuronia 91-744 Łódź ul. Sucharskiego 2;2178;670;670;23;647;30.76;3.43;2070;1243;1243;20;1223;60.05;1.61
52404;106101;101;Szkoła Podstawowa nr 81 im. Bohaterskich Dzieci Łodzi 91-762 Łódź ul. Plater 28/32;1281;450;450;6;444;35.13;1.33;1248;750;750;1;749;60.10;0.13
52405;106101;102;Publiczne Gimnazjum nr 18 im. prof. Jana Karskiego 91-705 Łódź ul. Mostowskiego 23/27;1420;409;409;7;402;28.80;1.71;1396;735;765;3;732;52.65;0.41
52406;106101;103;Publiczne Gimnazjum nr 10 im. Rajmunda Hiacynta Rembielińskiego 91-710 Łódź ul. Harcerska 8/10;1380;447;447;10;437;32.39;2.24;1317;763;763;10;753;57.93;1.31
52407;106101;104;Publiczne Gimnazjum nr 10 im. Rajmunda Hiacynta Rembielińskiego 91-710 Łódź ul. Harcerska 8/10;1522;605;605;14;591;39.75;2.31;1473;939;939;9;930;63.75;0.96
52408;106101;105;Zespół Szkół Ponadgimnazjalnych nr 10 im. Jana Szczepanika 91-725 Łódź ul. Strykowska 10/18;1199;338;338;8;330;28.19;2.37;1181;622;622;7;615;52.67;1.13
52409;106101;106;Szkoła Podstawowa nr 61 im. św. Franciszka z Asyżu 91-520 Łódź ul. Okólna 183;543;204;204;2;202;37.57;0.98;522;316;316;2;314;60.54;0.63
52410;106101;107;Świetlica Ochotniczej Straży Pożarnej Łódź-Łagiewniki 91-511 Łódź ul. Pszczelna 84;772;314;314;1;313;40.67;0.32;767;517;517;6;511;67.41;1.16
52411;106101;108;Szkoła Podstawowa nr 142 im. Zawiszy Czarnego 91-527 Łódź ul. Łupkowa 6;1128;232;232;4;228;20.57;1.72;1111;563;563;6;557;50.68;1.07
52412;106101;109;Publiczne Gimnazjum nr 15 im. Aleksego Rżewskiego 91-485 Łódź ul. Sowińskiego 50/56;1758;768;769;7;761;43.69;0.91;1721;1195;1195;14;1181;69.44;1.17
52413;106101;110;Szkoła Podstawowa nr 172 im. prof. Stefana Banacha 91-480 Łódź ul. Jaskrowa 15;1811;756;756;7;749;41.74;0.93;1740;1198;1198;4;1194;68.85;0.33
52414;106101;111;Specjalny Ośrodek Szkolno-Wychowawczy nr 6 im. mjr. Hieronima Baranowskiego 91-866 Łódź ul. Dziewanny 24;1021;360;360;8;352;35.26;2.22;1077;736;736;2;734;68.34;0.27
52415;106101;112;Przedszkole Miejskie nr 47 91-867 Łódź ul. Deczyńskiego 24;1815;567;567;4;563;31.24;0.71;1769;1115;1115;9;1106;63.03;0.81
52416;106101;113;Zespół Szkół Ponadgimnazjalnych nr 13 im. Sybiraków 91-503 Łódź ul. Skrzydlata 15;1755;634;634;8;626;36.13;1.26;1746;1200;1200;12;1188;68.73;1.00
52417;106101;114;Szkoła Podstawowa nr 142 im. Zawiszy Czarnego 91-527 Łódź ul. Łupkowa 6;1771;718;718;6;712;40.54;0.84;1735;1183;1183;7;1176;68.18;0.59
52418;106101;115;Szkoła Podstawowa nr 10 im. Władysława Broniewskiego 93-188 Łódź ul. Przybyszewskiego 15/21;997;112;112;6;106;11.23;5.36;913;280;280;5;275;30.67;1.79
52419;106101;116;Szkoła Podstawowa nr 10 im. Władysława Broniewskiego 93-188 Łódź ul. Przybyszewskiego 15/21;1733;279;279;12;267;16.10;4.30;1640;633;633;33;600;38.60;5.21
52420;106101;117;Abis Sp. z o.o. 93-008 Łódź ul. Rzgowska 17A;1568;329;329;10;319;20.98;3.04;1507;614;614;8;606;40.74;1.30
52421;106101;118;Zespół Szkół Ponadgimnazjalnych nr 22 93-126 Łódź ul. Przybyszewskiego 73/75;921;134;134;6;128;14.55;4.48;885;317;317;9;308;35.82;2.84
52422;106101;119;Zespół Szkół Ponadgimnazjalnych nr 22 93-126 Łódź ul. Przybyszewskiego 73/75;1244;236;236;3;233;18.97;1.27;1217;479;479;12;467;39.36;2.51
52423;106101;120;Zespół Szkół Ponadgimnazjalnych nr 22 93-126 Łódź ul. Przybyszewskiego 73/75;1745;429;429;6;423;24.58;1.40;1720;884;884;16;868;51.40;1.81
52424;106101;121;Publiczne Gimnazjum nr 40 im. Wandy Rutkiewicz 93-130 Łódź ul. Kaliska 25/27;2045;418;418;19;399;20.44;4.55;2081;876;876;21;855;42.10;2.40
52425;106101;122;Ogólnokształcąca Szkoła Muzyczna I i II stopnia im. Henryka Wieniawskiego 93-102 Łódź ul. Sosnowa 9;2024;360;360;2;358;17.79;0.56;1961;785;785;14;771;40.03;1.78
52426;106101;123;Ośrodek Kultury „Górna” 93-138 Łódź ul. Siedlecka 1;1902;445;445;10;435;23.40;2.25;1855;975;975;3;972;52.56;0.31
52427;106101;124;Zespół Szkół Ponadgimnazjalnych nr 9 im. Komisji Edukacji Narodowej 93-590 Łódź al. Politechniki 38;2112;501;501;10;491;23.72;2.00;2092;1056;1056;14;1042;50.48;1.33
52428;106101;125;Szkoła Podstawowa nr 83 im. Stanisława Jachowicza 93-165 Łódź ul. Podmiejska 21;830;238;238;4;234;28.67;1.68;824;517;517;14;503;62.74;2.71
52429;106101;126;Szkoła Podstawowa nr 83 im. Stanisława Jachowicza 93-165 Łódź ul. Podmiejska 21;1482;515;515;9;506;34.75;1.75;1531;954;954;11;943;62.31;1.15
52430;106101;127;VI Liceum Ogólnokształcące im. Joachima Lelewela 93-165 Łódź ul. Podmiejska 21;1975;621;621;2;619;31.44;0.32;1949;1177;1177;16;1161;60.39;1.36
52431;106101;128;Publiczne Gimnazjum nr 46 im. rtm. Witolda Pileckiego 93-144 Łódź ul. Krochmalna 15;1496;317;317;5;312;21.19;1.58;1446;696;696;10;686;48.13;1.44
52432;106101;129;Publiczne Gimnazjum nr 46 im. rtm. Witolda Pileckiego 93-144 Łódź ul. Krochmalna 15;1465;323;323;9;314;22.05;2.79;1410;690;690;14;676;48.94;2.03
52433;106101;130;Szkoła Podstawowa nr 38 im. dr. Henryka Jordana 93-144 Łódź ul. Krochmalna 21;1079;264;264;12;252;24.47;4.55;1045;578;578;8;570;55.31;1.38
52434;106101;131;Szkoła Podstawowa nr 38 im. dr. Henryka Jordana 93-144 Łódź ul. Krochmalna 21;1565;430;430;12;418;27.48;2.79;1515;877;877;12;865;57.89;1.37
52435;106101;132;Zespół Szkół Przemysłu Mody im. bł. Matki Teresy z Kalkuty 93-161 Łódź ul. Naruszewicza 35;1760;475;475;10;465;26.99;2.11;1731;937;937;9;928;54.13;0.96
52436;106101;133;Szkoła Podstawowa nr 190 im. Jarosława Iwaszkiewicza 93-154 Łódź ul. Malczewskiego 37/47;1545;485;485;6;479;31.39;1.24;1522;907;907;10;897;59.59;1.10
52437;106101;134;Szkoła Podstawowa nr 190 im. Jarosława Iwaszkiewicza 93-154 Łódź ul. Malczewskiego 37/47;1148;347;347;2;345;30.23;0.58;1127;679;679;9;670;60.25;1.33
52438;106101;135;Szkoła Podstawowa nr 174 im. Jana Machulskiego 93-259 Łódź ul. Gałczyńskiego 6;1994;502;502;9;493;25.18;1.79;1978;1073;1073;12;1061;54.25;1.12
52439;106101;136;XXXI Liceum Ogólnokształcące im. Ludwika Zamenhofa 93-236 Łódź ul. Kruczkowskiego 4;2044;447;447;6;441;21.87;1.34;1989;1026;1026;29;997;51.58;2.83
52440;106101;137;XXXI Liceum Ogólnokształcące im. Ludwika Zamenhofa 93-236 Łódź ul. Kruczkowskiego 4;1751;364;364;11;353;20.79;3.02;1693;915;915;16;899;54.05;1.75
52441;106101;138;Publiczne Gimnazjum nr 44 im. Wisławy Szymborskiej 93-267 Łódź ul. Deotymy 1;1585;391;392;15;376;24.67;3.84;1538;798;798;16;782;51.89;2.01
52442;106101;139;Publiczne Gimnazjum nr 44 im. Wisławy Szymborskiej 93-267 Łódź ul. Deotymy 1;2207;661;661;19;642;29.95;2.87;2143;1242;1242;18;1224;57.96;1.45
52443;106101;140;Przedszkole Miejskie nr 119 93-203 Łódź ul. Rydla 17;1969;690;690;16;674;35.04;2.32;1913;1211;1211;11;1200;63.30;0.91
52444;106101;141;Szkoła Podstawowa nr 64 im. Hansa Christiana Andersena 93-262 Łódź ul. Anczyca 6;1092;326;326;8;318;29.85;2.45;1073;545;545;11;534;50.79;2.02
52445;106101;142;Szkoła Podstawowa nr 64 im. Hansa Christiana Andersena 93-262 Łódź ul. Anczyca 6;1638;359;359;7;352;21.92;1.95;1619;812;812;21;791;50.15;2.59
52446;106101;143;Szkoła Podstawowa nr 64 im. Hansa Christiana Andersena 93-262 Łódź ul. Anczyca 6;1799;492;492;11;481;27.35;2.24;1759;935;935;18;917;53.16;1.93
52447;106101;144;Miejska Biblioteka Publiczna Łódź-Górna im. Władysława Stanisława Reymonta Filia Nr 10 93-248 Łódź ul. Kadłubka 40;1467;480;480;9;471;32.72;1.88;1467;852;852;7;845;58.08;0.82
52448;106101;145;Przedszkole Miejskie nr 117 93-248 Łódź ul. Kadłubka 38;2069;527;527;6;521;25.47;1.14;2007;1046;1046;11;1035;52.12;1.05
52449;106101;146;Fundacja Pomocy Dzieciom „Jaś i Małgosia” 93-279 Łódź ul. Tatrzańska 105;1615;493;493;15;478;30.53;3.04;1578;873;873;11;862;55.32;1.26
52450;106101;147;Fundacja Pomocy Dzieciom „Jaś i Małgosia” 93-279 Łódź ul. Tatrzańska 105;1992;593;593;8;585;29.77;1.35;1931;1117;1117;13;1104;57.85;1.16
52451;106101;148;Szkoła Podstawowa nr 189 im. Wandy Zieleńczyk 93-213 Łódź ul. Kossaka 19;1998;589;589;17;572;29.48;2.89;1958;1129;1129;16;1113;57.66;1.42
52452;106101;149;XXV Liceum Ogólnokształcące im. Stefana Żeromskiego 93-224 Łódź ul. Podhalańska 2A;2056;595;595;2;593;28.94;0.34;2039;1168;1168;19;1149;57.28;1.63
52453;106101;150;XXV Liceum Ogólnokształcące im. Stefana Żeromskiego 93-224 Łódź ul. Podhalańska 2A;1613;497;497;12;485;30.81;2.41;1543;898;898;18;880;58.20;2.00
52454;106101;151;Dom Ludowy „Józefów” 93-615 Łódź ul. Józefów 43;954;257;257;5;252;26.94;1.95;942;586;586;5;581;62.21;0.85
52455;106101;152;Klub Osiedlowy Nr 1 Spółdzielni Mieszkaniowej „Chojny” 93-323 Łódź ul. Skupiona 3;1976;670;670;14;656;33.91;2.09;1932;1268;1268;12;1256;65.63;0.95
52456;106101;153;Szkoła Podstawowa nr 162 im. Jana Nowaka Jeziorańskiego 93-321 Łódź ul. Powszechna 15;1688;445;445;7;438;26.36;1.57;1634;935;935;6;929;57.22;0.64
52457;106101;154;Szkoła Podstawowa nr 162 im. Jana Nowaka Jeziorańskiego 93-321 Łódź ul. Powszechna 15;1883;506;506;10;496;26.87;1.98;1866;1058;1058;24;1034;56.70;2.27
52458;106101;155;Szkoła Podstawowa nr 162 im. Jana Nowaka Jeziorańskiego 93-321 Łódź ul. Powszechna 15;2100;661;661;10;651;31.48;1.51;2038;1302;1302;9;1293;63.89;0.69
52459;106101;156;Szkoła Podstawowa nr 110 im. Partyzantów Ziemi Łódzkiej 93-323 Łódź ul. Zamknięta 3;1825;570;570;14;556;31.23;2.46;1769;1084;1084;18;1066;61.28;1.66
52460;106101;157;Szkoła Podstawowa nr 110 im. Partyzantów Ziemi Łódzkiej 93-323 Łódź ul. Zamknięta 3;1609;437;437;2;435;27.16;0.46;1585;932;932;13;919;58.80;1.39
52461;106101;158;Lokal Rady Osiedla Chojny 93-303 Łódź ul. Rzgowska 151;2434;582;582;6;576;23.91;1.03;2427;1324;1324;19;1305;54.55;1.44
52462;106101;159;Szkoła Podstawowa nr 109 im. Ludwiki Wawrzyńskiej 93-379 Łódź ul. Pryncypalna 74;2023;486;486;6;480;24.02;1.23;1983;1026;1026;12;1014;51.74;1.17
52463;106101;160;Szkoła Podstawowa nr 109 im. Ludwiki Wawrzyńskiej 93-379 Łódź ul. Pryncypalna 74;2346;765;765;25;740;32.61;3.27;2303;1481;1481;25;1456;64.31;1.69
52464;106101;161;Szkoła Podstawowa nr 109 im. Ludwiki Wawrzyńskiej 93-379 Łódź ul. Pryncypalna 74;1424;398;398;9;389;27.95;2.26;1368;865;866;6;859;63.23;0.69
52465;106101;162;Zespół Szkół Ogólnokształcących nr 5 im. Juliana Tuwima 93-319 Łódź ul. Królewska 13/15;1726;547;547;4;543;31.69;0.73;1710;1022;1022;11;1011;59.77;1.08
52466;106101;163;Zespół Szkół Ogólnokształcących nr 5 im. Juliana Tuwima 93-319 Łódź ul. Królewska 13/15;1093;392;392;8;384;35.86;2.04;1074;701;701;5;696;65.27;0.71
52467;106101;164;Zespół Szkół Ogólnokształcących nr 5 im. Juliana Tuwima 93-319 Łódź ul. Królewska 13/15;1430;460;460;14;446;32.17;3.04;1405;930;930;8;922;66.19;0.86
52468;106101;165;Klub Osiedlowy Nr 2 Spółdzielni Mieszkaniowej „Chojny” 93-356 Łódź ul. Gościnna 8;1233;415;415;10;405;33.66;2.41;1206;775;775;13;762;64.26;1.68
52469;106101;166;Zakład Hoteli i Budynków Mieszkalnych przy Instytucie Centrum Zdrowia Matki Polki w Łodzi 93-345 Łódź ul. Paradna 46;1368;542;542;3;539;39.62;0.55;1353;921;921;9;912;68.07;0.98
52470;106101;167;Zakład Hoteli i Budynków Mieszkalnych przy Instytucie Centrum Zdrowia Matki Polki w Łodzi 93-345 Łódź ul. Paradna 46;1113;435;438;5;430;39.08;1.15;1157;798;798;5;793;68.97;0.63
52471;106101;168;Krajowe Towarzystwo Autyzmu Oddział w Łodzi 93-460 Łódź ul. Chocianowicka 198;895;223;223;5;218;24.92;2.24;882;469;469;5;464;53.17;1.07
52472;106101;169;Centrum Zajęć Pozaszkolnych nr 2 93-490 Łódź ul. Sopocka 3/5;1223;350;350;4;346;28.62;1.14;1219;690;690;9;681;56.60;1.30
52473;106101;170;Publiczne Gimnazjum nr 38 im. Kardynała Stefana Wyszyńskiego 93-491 Łódź ul. Dubois 7/9;2211;652;652;13;639;29.49;1.99;2154;1292;1292;21;1271;59.98;1.63
52474;106101;171;Szkoła Podstawowa nr 138 im. Leopolda Staffa 93-479 Łódź ul. Świętego Franciszka 53;1507;539;539;6;533;35.77;1.11;1501;978;978;4;974;65.16;0.41
52475;106101;172;Szkoła Podstawowa nr 138 im. Leopolda Staffa 93-479 Łódź ul. Świętego Franciszka 53;1537;503;503;7;496;32.73;1.39;1545;1023;1023;10;1013;66.21;0.98
52476;106101;173;Zespół Szkół Techniczno-Informatycznych im. Jana Nowaka Jeziorańskiego 93-502 Łódź al. Politechniki 37;1468;462;462;6;456;31.47;1.30;1401;831;831;10;821;59.31;1.20
52477;106101;174;Szkoła Podstawowa nr 42 im. Stanisława Staszica 93-552 Łódź ul. Przyszkole 42;1096;305;305;8;297;27.83;2.62;1056;618;618;10;608;58.52;1.62
52478;106101;175;Szkoła Podstawowa nr 42 im. Stanisława Staszica 93-552 Łódź ul. Przyszkole 42;1638;472;472;6;466;28.82;1.27;1585;884;884;17;867;55.77;1.92
52479;106101;176;XX Liceum Ogólnokształcące im. Juliusza Słowackiego 93-562 Łódź ul. Obywatelska 57;2049;681;681;16;665;33.24;2.35;1954;1204;1204;13;1191;61.62;1.08
52480;106101;177;XX Liceum Ogólnokształcące im. Juliusza Słowackiego 93-562 Łódź ul. Obywatelska 57;911;260;260;7;253;28.54;2.69;877;503;503;1;502;57.35;0.20
52481;106101;178;XX Liceum Ogólnokształcące im. Juliusza Słowackiego 93-562 Łódź ul. Obywatelska 57;501;39;39;1;38;7.78;2.56;484;125;125;3;122;25.83;2.40
52482;106101;179;Zespół Szkół Techniczno-Informatycznych im. Jana Nowaka Jeziorańskiego 93-502 Łódź al. Politechniki 37;1028;110;110;3;107;10.70;2.73;1009;339;339;7;332;33.60;2.06
52483;106101;180;Szkoła Podstawowa nr 7 im. Orląt Lwowskich 93-535 Łódź ul. Wiosenna 1;2039;533;533;10;523;26.14;1.88;1978;1121;1130;13;1108;56.67;1.16
52484;106101;181;Szkoła Podstawowa nr 7 im. Orląt Lwowskich 93-535 Łódź ul. Wiosenna 1;1783;413;413;3;410;23.16;0.73;1761;883;883;21;862;50.14;2.38
52485;106101;182;Zespół Szkół Ponadgimnazjalnych nr 2 im. Natalii Gąsiorowskiej 93-533 Łódź ul. Astronautów 19;1235;355;355;5;350;28.74;1.41;1189;706;706;20;686;59.38;2.83
52486;106101;183;Publiczne Gimnazjum nr 37 93-524 Łódź ul. Jarosławska 29;1725;516;516;16;500;29.91;3.10;1686;993;993;16;977;58.90;1.61
52487;106101;184;Publiczne Gimnazjum nr 37 93-524 Łódź ul. Jarosławska 29;831;100;100;4;96;12.03;4.00;777;247;247;2;245;31.79;0.81
52488;106101;185;Szkoła Podstawowa nr 51 im. Stefana Linkego 93-510 Łódź ul. Ciołkowskiego 11A;1713;425;425;10;415;24.81;2.35;1668;842;842;12;830;50.48;1.43
52489;106101;186;IX Liceum Ogólnokształcące im. Jarosława Dąbrowskiego 93-025 Łódź ul. Paderewskiego 24;1408;460;460;5;455;32.67;1.09;1353;830;830;11;819;61.35;1.33
52490;106101;187;Szkoła Podstawowa nr 113 im. Adolfa Dygasińskiego 93-009 Łódź ul. Unicka 6;1985;576;576;12;564;29.02;2.08;1921;1116;1116;5;1111;58.09;0.45
52491;106101;188;Szkoła Podstawowa nr 113 im. Adolfa Dygasińskiego 93-009 Łódź ul. Unicka 6;1783;382;382;11;371;21.42;2.88;1735;798;798;16;782;45.99;2.01
52492;106101;189;Szkoła Podstawowa nr 113 im. Adolfa Dygasińskiego 93-009 Łódź ul. Unicka 6;1415;360;360;8;352;25.44;2.22;1393;710;710;11;699;50.97;1.55
52493;106101;190;Lokal Rady Osiedla Piastów-Kurak 93-510 Łódź ul. Ciołkowskiego 11;1968;623;623;13;610;31.66;2.09;1888;1171;1171;20;1151;62.02;1.71
52494;106101;191;Dom Pomocy Społecznej w Łodzi 93-423 Łódź ul. Rudzka 56;2278;729;729;11;718;32.00;1.51;2250;1350;1350;17;1333;60.00;1.26
52495;106101;192;Szkoła Podstawowa nr 125 im. Janusza Korczaka 93-429 Łódź ul. Dzwonowa 18/20;1849;422;422;10;412;22.82;2.37;1822;951;951;20;931;52.20;2.10
52496;106101;193;Centrum Zajęć Pozaszkolnych nr 2 93-402 Łódź ul. Zjednoczenia 1;1485;366;366;5;361;24.65;1.37;1470;714;714;23;691;48.57;3.22
52497;106101;194;Szkoła Podstawowa nr 143 94-459 Łódź ul. Kuźnicka 12;1923;586;586;5;581;30.47;0.85;1926;1180;1180;11;1169;61.27;0.93
52498;106101;195;Szkoła Podstawowa nr 125 im. Janusza Korczaka 93-429 Łódź ul. Dzwonowa 18/20;1653;400;400;4;396;24.20;1.00;1642;895;895;8;887;54.51;0.89
52499;106101;196;Ochotnicza Straż Pożarna Łódź-Jędrzejów 93-635 Łódź ul. Tomaszowska 85;797;225;225;3;222;28.23;1.33;808;491;491;6;485;60.77;1.22
52500;106101;197;Szkoła Podstawowa nr 130 im. Marszałka Józefa Piłsudskiego 9-645 Łódź ul. Gościniec 1;1836;470;470;6;464;25.60;1.28;1867;1099;1099;28;1071;58.86;2.55
52501;106101;198;Zespół Szkół Ogólnokształcących nr 7 im. Włodzimierza Puchalskiego 94-304 Łódź ul. Minerska 1/3;1669;550;550;9;541;32.95;1.64;1710;1113;1113;17;1096;65.09;1.53
52502;106101;199;XVIII Liceum Ogólnokształcące im. Jędrzeja Śniadeckiego 94-203 Łódź ul. Perla 11;897;227;227;4;223;25.31;1.76;893;488;488;4;484;54.65;0.82
52503;106101;200;XVIII Liceum Ogólnokształcące im. Jędrzeja Śniadeckiego 94-203 Łódź ul. Perla 11;1492;530;530;14;516;35.52;2.64;1465;886;886;18;868;60.48;2.03
52504;106101;201;Szkoła Podstawowa nr 91 im. Leonida Teligi 91-078 Łódź ul. Kasprzaka 45;1604;487;487;4;483;30.36;0.82;1545;872;872;18;854;56.44;2.06
52505;106101;202;Publiczne Gimnazjum nr 19 im. gen. Mariusza Zaruskiego 91-087 Łódź ul. Wapienna 17;1305;423;423;10;413;32.41;2.36;1273;759;759;10;749;59.62;1.32
52506;106101;203;Szkoła Podstawowa nr 91 im. Leonida Teligi 91-078 Łódź ul. Kasprzaka 45;1868;551;551;15;536;29.50;2.72;1808;1032;1032;6;1026;57.08;0.58
52507;106101;204;Publiczne Gimnazjum nr 19 im. gen. Mariusza Zaruskiego 91-087 Łódź ul. Wapienna 17;1348;412;412;21;391;30.56;5.10;1320;775;775;6;769;58.71;0.77
52508;106101;205;Przedszkole Miejskie nr 53 91-078 Łódź ul. Kasprzaka 57;1633;404;404;9;395;24.74;2.23;1579;886;886;15;871;56.11;1.69
52509;106101;206;Zespół Opieki Zdrowotnej Łódź-Polesie Przychodnia Nr 33 91-078 Łódź ul. Kasprzaka 27;1633;417;417;5;412;25.54;1.20;1601;893;893;12;881;55.78;1.34
52510;106101;207;Szkoła Podstawowa nr 36 90-734 Łódź ul. Więckowskiego 35;1545;284;284;2;282;18.38;0.70;1500;645;645;7;638;43.00;1.09
52511;106101;208;Szkoła Podstawowa nr 36 90-734 Łódź ul. Więckowskiego 35;1744;260;260;4;256;14.91;1.54;1664;567;567;10;557;34.07;1.76
52512;106101;209;Publiczne Gimnazjum nr 26 im. Mikołaja Reja 90-755 Łódź al. 1 Maja 89;1420;279;279;7;272;19.65;2.51;1391;646;646;11;635;46.44;1.70
52513;106101;210;Zakład Doskonalenia Zawodowego Ośrodek Kształcenia Zawodowego Nr 3 90-713 Łódź ul. Próchnika 42;1503;309;309;5;304;20.56;1.62;1473;650;650;14;636;44.13;2.15
52514;106101;211;Urząd Skarbowy Łódź-Polesie 90-646 Łódź ul. 6 Sierpnia 84/86;1656;328;328;16;312;19.81;4.88;1681;712;712;13;699;42.36;1.83
52515;106101;212;Publiczne Gimnazjum nr 26 im. Mikołaja Reja 90-755 Łódź al. 1 Maja 89;1471;328;328;11;317;22.30;3.35;1381;696;696;8;688;50.40;1.15
52516;106101;213;Szkoła Podstawowa nr 26 im. Armii „Łódź” 90-745 Łódź ul. Kapitana Pogonowskiego 27/29;2045;383;383;11;372;18.73;2.87;2022;844;844;21;823;41.74;2.49
52517;106101;214;Szkoła Podstawowa nr 36 90-734 Łódź ul. Więckowskiego 35;1716;379;379;9;370;22.09;2.37;1775;786;786;12;774;44.28;1.53
52518;106101;215;I Liceum Ogólnokształcące im. Mikołaja Kopernika 90-734 Łódź ul. Więckowskiego 41;1410;268;268;11;257;19.01;4.10;1390;563;563;15;548;40.50;2.66
52519;106101;216;Szkoła Podstawowa nr 36 90-734 Łódź ul. Więckowskiego 35;1097;216;216;6;210;19.69;2.78;1069;461;461;4;457;43.12;0.87
52520;106101;217;Przedszkole Miejskie nr 208 90-613 Łódź ul. Gdańska 84;1084;219;219;3;216;20.20;1.37;1028;468;468;19;449;45.53;4.06
52521;106101;218;Szkoła Podstawowa nr 160 im. Powstańców Śląskich 90-513 Łódź ul. Struga 24;1454;272;272;7;265;18.71;2.57;1428;621;621;6;615;43.49;0.97
52522;106101;219;Gimnazjum Publiczne nr 24 im. gen. Józefa Wybickiego 90-737 Łódź ul. Żeromskiego 26;1389;260;260;5;255;18.72;1.92;1329;565;565;14;551;42.51;2.48
52523;106101;220;Szkoła Podstawowa nr 26 im. Armii „Łódź” 90-745 Łódź ul. Kapitana Pogonowskiego 27/29;1510;268;268;6;262;17.75;2.24;1447;555;555;19;536;38.36;3.42
52524;106101;221;Szkoła Podstawowa nr 46 im. Józefa Chełmońskiego 90-528 Łódź ul. Żwirki 11/13;1435;304;304;10;294;21.18;3.29;1439;641;641;10;631;44.54;1.56
52525;106101;222;Towarzystwo Oświatowe „Edukacja” 93-569 Łódź ul. Inżynierska 2/4;1341;287;287;12;275;21.40;4.18;1368;617;617;9;608;45.10;1.46
52526;106101;223;Szkoła Podstawowa nr 152 im. Elizy Orzeszkowej 90-559 Łódź ul. 28 Pułku Strzelców Kaniowskich 52/54;1529;295;295;10;285;19.29;3.39;1476;636;636;11;625;43.09;1.73
52527;106101;224;Zespół Szkół Specjalnych nr 2 90-561 Łódź ul. Karolewska 30/34;1218;388;388;10;378;31.86;2.58;1251;767;767;6;761;61.31;0.78
52528;106101;225;Zespół Szkół Specjalnych nr 2 90-561 Łódź ul. Karolewska 30/34;1097;371;371;10;361;33.82;2.70;1125;727;727;5;722;64.62;0.69
52529;106101;226;XXI Liceum Ogólnokształcące im. Bolesława Prusa 90-509 Łódź ul. Kopernika 2;1195;254;254;8;246;21.26;3.15;1156;534;534;12;522;46.19;2.25
52530;106101;227;XXI Liceum Ogólnokształcące im. Bolesława Prusa 90-509 Łódź ul. Kopernika 2;911;211;211;4;207;23.16;1.90;875;405;405;7;398;46.29;1.73
52531;106101;228;Szkoła Podstawowa nr 19 94-108 Łódź ul. Balonowa 1;1448;743;743;6;737;51.31;0.81;1455;1123;1124;3;1120;77.18;0.27
52532;106101;229;Szkoła Podstawowa nr 19 94-108 Łódź ul. Balonowa 1;1170;515;515;2;513;44.02;0.39;1152;870;870;7;863;75.52;0.80
52533;106101;230;Zespół Szkół Integracyjnych nr 1 Integracyjna Szkoła Podstawowa nr 67 94-102 Łódź ul. Maratońska 47b;1617;456;456;9;447;28.20;1.97;1616;996;996;16;980;61.63;1.61
52534;106101;231;Liceum Ogólnokształcące Jolanty i Jana Misiaków 94-047 Łódź al. Kardynała Wyszyńskiego 44;1723;613;613;11;602;35.58;1.79;1675;1066;1066;7;1059;63.64;0.66
52535;106101;232;Szkoła Podstawowa nr 19 94-108 Łódź ul. Balonowa 1;1657;601;601;15;586;36.27;2.50;1630;1079;1079;10;1069;66.20;0.93
52536;106101;233;Szkoła Podstawowa nr 44 im. prof. Jana Molla 94-054 Łódź ul. Kusocińskiego 100;1807;589;589;9;580;32.60;1.53;1753;1095;1095;10;1085;62.46;0.91
52537;106101;234;Szkoła Podstawowa nr 44 im. prof. Jana Molla 94-054 Łódź ul. Kusocińskiego 100;1177;398;398;11;387;33.81;2.76;1162;741;741;5;736;63.77;0.67
52538;106101;235;Szkoła Podstawowa nr 44 im. prof. Jana Molla 94-054 Łódź ul. Kusocińskiego 100;1120;389;389;5;384;34.73;1.29;1067;695;695;7;688;65.14;1.01
52539;106101;236;Szkoła Podstawowa nr 6 94-054 Łódź ul. Kusocińskiego 116;981;356;356;11;345;36.29;3.09;974;637;637;6;631;65.40;0.94
52540;106101;237;Szkoła Podstawowa nr 6 94-054 Łódź ul. Kusocińskiego 116;1008;339;339;4;335;33.63;1.18;977;643;643;4;639;65.81;0.62
52541;106101;238;Szkoła Podstawowa nr 6 94-054 Łódź ul. Kusocińskiego 116;1933;607;607;13;594;31.40;2.14;1890;1160;1160;8;1152;61.38;0.69
52542;106101;239;Przedszkole Miejskie nr 174 94-054 Łódź ul. Kusocińskiego 122a;1709;613;613;15;598;35.87;2.45;1670;1157;1157;7;1150;69.28;0.61
52543;106101;240;Zespół Szkół Integracyjnych nr 1 Integracyjna Szkoła Podstawowa nr 67 94-056 Łódź ul. Maratońska 47b;2000;642;642;5;637;32.10;0.78;1939;1200;1205;13;1187;61.89;1.08
52544;106101;241;Zespół Szkół Integracyjnych nr 1 Publiczne Gimnazjum Integracyjne nr 47 (Budynek Pałacu Młodzieży) 94-050 Łódź al. Kardynała Wyszyńskiego 86;1963;624;624;19;605;31.79;3.04;1934;1230;1230;16;1214;63.60;1.30
52545;106101;242;Przedszkole Miejskie nr 170 94-052 Łódź ul. Księdza Popiełuszki 13a;1965;618;618;16;602;31.45;2.59;1910;1228;1228;20;1208;64.29;1.63
52546;106101;243;XXVI Liceum Ogólnokształcące im. Krzysztofa Kamila Baczyńskiego 94-029 Łódź ul. Wileńska 22a;1392;496;496;10;486;35.63;2.02;1356;848;848;15;833;62.54;1.77
52547;106101;244;Zespół Szkolno-Przedszkolny nr 1 94-017 Łódź ul. Krzemieniecka 24a;1036;339;339;11;328;32.72;3.24;993;620;620;11;609;62.44;1.77
52548;106101;245;Zespół Szkolno-Przedszkolny nr 1 94-017 Łódź ul. Krzemieniecka 24a;1152;408;408;3;405;35.42;0.74;1136;718;718;14;704;63.20;1.95
52549;106101;246;Miejska Pracownia Urbanistyczna w Łodzi 94-016 Łódź ul. Wileńska 53/55;1665;681;681;14;667;40.90;2.06;1665;1127;1127;7;1120;67.69;0.62
52550;106101;247;XXVI Liceum Ogólnokształcące im. Krzysztofa Kamila Baczyńskiego 94-029 Łódź ul. Wileńska 22a;1731;578;578;7;571;33.39;1.21;1655;988;988;12;976;59.70;1.21
52551;106101;248;Szkoła Podstawowa nr 164 im. Andrzeja Frycza Modrzewskiego 94-035 Łódź ul. Wróblewskiego 65;1510;566;566;14;552;37.48;2.47;1457;946;947;11;935;64.93;1.16
52552;106101;249;Szkoła Podstawowa nr 164 im. Andrzeja Frycza Modrzewskiego 94-035 Łódź ul. Wróblewskiego 65;1976;647;647;6;641;32.74;0.93;1933;1173;1173;10;1163;60.68;0.85
52553;106101;250;Publiczne Gimnazjum nr 20 im. Hugona Kołłątaja 94-043 Łódź ul. Olimpijska 9;1632;563;563;19;544;34.50;3.37;1585;1023;1023;15;1008;64.54;1.47
52554;106101;251;Publiczne Gimnazjum nr 20 im. Hugona Kołłątaja 94-043 Łódź ul. Olimpijska 9;1472;510;510;4;506;34.65;0.78;1430;909;909;5;904;63.57;0.55
52555;106101;252;Szkoła Podstawowa nr 41 im. Króla Władysława Jagiełły 94-003 Łódź ul. Rajdowa 18;1749;609;609;5;604;34.82;0.82;1708;1062;1062;17;1045;62.18;1.60
52556;106101;253;Szkoła Podstawowa nr 41 im. Króla Władysława Jagiełły 94-003 Łódź ul. Rajdowa 18;1056;433;433;7;426;41.00;1.62;1021;722;722;14;708;70.71;1.94
52557;106101;254;Szkoła Podstawowa nr 41 im. Króla Władysława Jagiełły 94-003 Łódź ul. Rajdowa 18;1296;414;414;10;404;31.94;2.42;1270;796;797;12;784;62.68;1.51
52558;106101;255;Szkoła Podstawowa nr 11 im. Marii Kownackiej 94-107 Łódź ul. Hufcowa 20A;1605;551;551;11;540;34.33;2.00;1566;988;988;13;975;63.09;1.32
52559;106101;256;Przedszkole Miejskie nr 165 94-107 Łódź ul. Hufcowa 14;1952;541;541;11;530;27.72;2.03;1901;1128;1128;12;1116;59.34;1.06
52560;106101;257;Łódzkie Stowarzyszenie Oświatowe 94-056 Łódź ul. Babickiego 15;1001;294;294;11;283;29.37;3.74;986;611;611;7;604;61.97;1.15
52561;106101;258;Łódzkie Stowarzyszenie Oświatowe 94-056 Łódź ul. Babickiego 15;941;317;317;3;314;33.69;0.95;923;604;604;5;599;65.44;0.83
52562;106101;259;Szkoła Podstawowa nr 11 im. Marii Kownackiej 94-107 Łódź ul. Hufcowa 20A;1939;634;634;15;619;32.70;2.37;1895;1256;1256;9;1247;66.28;0.72
52563;106101;260;Miejski Zespół Żłobków w Łodzi Żłobek Nr 21 94-041 Łódź ul. Marusarzówny 9;1384;473;473;17;456;34.18;3.59;1347;862;862;7;855;63.99;0.81
52564;106101;261;Przedszkole Miejskie nr 214 94-058 Łódź ul. Batalionów Chłopskich 21;1597;561;563;13;548;35.13;2.32;1552;1043;1044;16;1027;67.20;1.53
52565;106101;262;Przedszkole Miejskie nr 214 94-058 Łódź ul. Batalionów Chłopskich 21;2184;726;726;16;710;33.24;2.20;2088;1357;1357;23;1334;64.99;1.69
52566;106101;263;Szkoła Podstawowa nr 137 im. prof. Aleksandra Kamińskiego 94-042 Łódź ul. Florecistów 3b;1669;528;528;6;522;31.64;1.14;1635;1042;1043;10;1032;63.73;0.96
52567;106101;264;Szkoła Podstawowa nr 137 im. prof. Aleksandra Kamińskiego 94-042 Łódź ul. Florecistów 3b;1628;550;550;4;546;33.78;0.73;1617;1007;1008;3;1004;62.28;0.30
52568;106101;265;„KME” Sp. z o.o. 94-104 Łódź ul. Obywatelska 128;1315;405;405;5;400;30.80;1.23;1577;1042;1042;10;1032;66.07;0.96
52569;106101;266;Spółdzielnia Mieszkaniowa „Pienista” 94-119 Łódź ul. Kubusia Puchatka 9;1740;740;740;12;728;42.53;1.62;1716;1221;1221;12;1209;71.15;0.98
52570;106101;267;Grupowa Oczyszczalnia Ścieków w Łodzi Sp. z o.o. 93-469 Łódź ul. Sanitariuszek 70/72;607;163;163;4;159;26.85;2.45;631;346;346;9;337;54.83;2.60
52571;106101;268;Szkoła Podstawowa nr 169 im. Marii Dąbrowskiej 94-231 Łódź ul. Napoleońska 7/17;1461;611;611;1;610;41.82;0.16;1512;1057;1057;4;1053;69.91;0.38
52572;106101;269;Szkoła Podstawowa nr 169 im. Marii Dąbrowskiej 94-231 Łódź ul. Napoleońska 7/17;1045;325;325;6;319;31.10;1.85;1063;700;700;6;694;65.85;0.86
52573;106101;270;Szkoła Podstawowa nr 169 im. Marii Dąbrowskiej 94-231 Łódź ul. Napoleońska 7/17;1553;615;615;11;604;39.60;1.79;1507;1064;1064;9;1055;70.60;0.85
52574;106101;271;Real Property Sp. z o.o. (obiekt „VERA”) 94-250 Łódź ul. Siewna 15;1914;638;638;18;620;33.33;2.82;1985;1259;1259;7;1252;63.43;0.56
52575;106101;272;Zespół Szkół Społecznego Towarzystwa Oświatowego w Łodzi 93-005 Łódź ul. Czerwona 8;1611;447;447;4;443;27.75;0.89;1588;876;876;10;866;55.16;1.14
52576;106101;273;Państwowa Wyższa Szkoła Filmowa, Telewizyjna i Teatralna im. Leona Schillera I Dom Studenta 90-447 Łódź ul. Piotrkowska 189/191;1556;368;368;6;362;23.65;1.63;1510;722;722;13;709;47.81;1.80
52577;106101;274;Miejska Biblioteka Publiczna Łódź-Śródmieście im. Andrzeja Struga Filia Nr 9 dla Dorosłych 90-303 Łódź ul. Brzeźna 10;1907;818;818;21;797;42.89;2.57;1967;1348;1348;6;1342;68.53;0.45
52578;106101;275;Szkoła Podstawowa nr 2 im. ks. Jana Twardowskiego 90-302 Łódź ul. Sienkiewicza 137/139;1347;198;198;7;191;14.70;3.54;1329;470;470;4;466;35.36;0.85
52579;106101;276;Szkoła Podstawowa nr 14 im. Józefa Lompy 90-301 Łódź ul. Wigury 8/10;1521;648;648;7;641;42.60;1.08;1482;988;988;5;983;66.67;0.51
52580;106101;277;Lokal Rady Osiedla Katedralna 90-448 Łódź ul. Żwirki 3;1128;400;400;6;394;35.46;1.50;1113;654;654;5;649;58.76;0.76
52581;106101;278;Publiczne Gimnazjum nr 5 im. Króla Władysława Jagiełły 90-301 Łódź ul. Sienkiewicza 117;870;212;212;4;208;24.37;1.89;847;416;416;3;413;49.11;0.72
52582;106101;279;Przedszkole Miejskie nr 5 90-428 Łódź al. Kościuszki 54;1751;573;573;11;562;32.72;1.92;1714;983;983;8;975;57.35;0.81
52583;106101;280;III Liceum Ogólnokształcące im. Tadeusza Kościuszki 90-009 Łódź ul. Sienkiewicza 46;1321;358;358;15;343;27.10;4.19;1245;592;592;9;583;47.55;1.52
52584;106101;281;III Liceum Ogólnokształcące im. Tadeusza Kościuszki 90-009 Łódź ul. Sienkiewicza 46;1505;448;448;8;440;29.77;1.79;1541;909;909;7;902;58.99;0.77
52585;106101;282;Administracja Zasobów Komunalnych Łódź-Śródmieście Rejon Obsługi Najemców II 90-019 Łódź ul. Dowborczyków 5;1375;237;237;5;232;17.24;2.11;1301;510;510;7;503;39.20;1.37
52586;106101;283;Akademia Muzyczna im. Grażyny i Kiejstuta Bacewiczów w Łodzi 90-119 Łódź ul. Kilińskiego 79;424;90;90;1;89;21.23;1.11;397;174;174;5;169;43.83;2.87
52587;106101;284;Uniwersytet Medyczny w Łodzi 90-419 Łódź al. Kościuszki 4;895;185;185;4;181;20.67;2.16;872;396;396;7;389;45.41;1.77
52588;106101;285;Związek Młodzieży Chrześcijańskiej Polska YMCA Ognisko w Łodzi 90-111 Łódź ul. Moniuszki 4a;1099;226;226;3;223;20.56;1.33;1044;468;468;7;461;44.83;1.50
52589;106101;286;Uniwersytet Łódzki Wydział Filologiczny 90-114 Łódź ul. Sienkiewicza 21;1331;321;321;6;315;24.12;1.87;1290;601;601;9;592;46.59;1.50
52590;106101;287;Publiczne Gimnazjum nr 2 im. Królowej Jadwigi 90-262 Łódź ul. Jaracza 26;1593;272;272;4;268;17.07;1.47;1571;618;618;11;607;39.34;1.78
52591;106101;288;Przedszkole Miejskie nr 100 90-265 Łódź ul. Piotrkowska 44;951;190;190;3;187;19.98;1.58;890;363;363;6;357;40.79;1.65
52592;106101;289;Ośrodek Szkolenia Kierowców Krzysztof Kołodziejczak 90-721 Łódź ul. Więckowskiego 13;1809;312;312;7;305;17.25;2.24;1689;707;707;12;695;41.86;1.70
52593;106101;290;Szkoła Podstawowa nr 23 im. Marii Bohuszewiczówny 90-707 Łódź ul. Gdańska 16;1493;266;266;8;258;17.82;3.01;1562;589;589;11;578;37.71;1.87
52594;106101;291;Szkoła Podstawowa nr 23 im. Marii Bohuszewiczówny 90-707 Łódź ul. Gdańska 16;896;131;131;2;129;14.62;1.53;661;247;247;4;243;37.37;1.62
52595;106101;292;IV Liceum Ogólnokształcące im. Emilii Sczanieckiej 91-416 Łódź ul. Pomorska 16;809;123;123;5;118;15.20;4.07;780;303;303;9;294;38.85;2.97
52596;106101;293;IV Liceum Ogólnokształcące im. Emilii Sczanieckiej 91-416 Łódź ul. Pomorska 16;2132;357;357;13;344;16.74;3.64;2030;808;808;16;792;39.80;1.98
52597;106101;294;Szkoła Podstawowa nr 175 im. Henryka Ryla 90-202 Łódź ul. Pomorska 27;1121;211;211;5;206;18.82;2.37;1085;414;414;9;405;38.16;2.17
52598;106101;295;Szkoła Podstawowa nr 70 im. Stanisława Wyspiańskiego 90-207 Łódź ul. Rewolucji 1905 r. nr 22;1976;331;331;9;322;16.75;2.72;1863;722;722;22;700;38.75;3.05
52599;106101;296;Publiczne Gimnazjum nr 2 im. Królowej Jadwigi 90-262 Łódź ul. Jaracza 26;1520;186;186;4;182;12.24;2.15;1397;423;423;12;411;30.28;2.84
52600;106101;297;Lokal Rady Osiedla Śródmieście-Wschód 90-252 Łódź ul. Jaracza 42;1329;270;270;4;266;20.32;1.48;1283;557;557;11;546;43.41;1.97
52601;106101;298;Szkoła Podstawowa nr 111 90-252 Łódź ul. Jaracza 44/46;1565;412;412;7;405;26.33;1.70;1486;741;741;18;723;49.87;2.43
52602;106101;299;Akademia Humanistyczno- Ekonomiczna w Łodzi 90-204 Łódź ul. Pomorska 51;1802;343;343;11;332;19.03;3.21;1546;705;705;13;692;45.60;1.84
52603;106101;300;Szkoła Podstawowa nr 1 im. Adama Mickiewicza 90-212 Łódź ul. Sterlinga 24;887;279;279;2;277;31.45;0.72;827;501;501;6;495;60.58;1.20
52604;106101;301;Polsko-Amerykański Ośrodek Kształcenia Zawodowego 90-229 Łódź ul. Kamińskiego 17/19;1120;291;291;3;288;25.98;1.03;1155;612;612;11;601;52.99;1.80
52605;106101;302;Publiczne Gimnazjum nr 3 im. Fryderyka Chopina 90-228 Łódź ul. Zacisze 7/9;1360;412;412;15;397;30.29;3.64;1333;760;760;15;745;57.01;1.97
52606;106101;303;VIII Liceum Ogólnokształcące im. Adama Asnyka 91-402 Łódź ul. Pomorska 105;2138;697;697;16;681;32.60;2.30;2082;1244;1246;10;1234;59.75;0.80
52607;106101;304;MPK - Łódź Sp. z o.o. 90-132 Łódź ul. Tramwajowa 8;1811;627;627;13;614;34.62;2.07;1746;1035;1035;12;1023;59.28;1.16
52608;106101;305;XXIX Liceum Ogólnokształcące im. Hm. Janka Bytnara „Rudego” 90-148 Łódź ul. Zelwerowicza 38/44;1724;803;803;9;794;46.58;1.12;1630;1125;1125;5;1120;69.02;0.44
52609;106101;306;Bursa Samorządu Województwa Łódzkiego w Łodzi 92-145 Łódź ul. Narutowicza 122;1080;469;469;7;462;43.43;1.49;1037;695;695;2;693;67.02;0.29
52610;106101;307;Uniwersytet Łódzki Wydział Chemii 92-403 Łódź ul. Tamka 12;1623;598;598;9;589;36.85;1.51;1611;989;989;9;980;61.39;0.91
52611;106101;308;Szkoła Podstawowa nr 79 im. Łódzkich Olimpijczyków 92-404 Łódź ul. Pomorska 138;590;216;216;1;215;36.61;0.46;628;410;410;3;407;65.29;0.73
52612;106101;309;Zespół Szkół Ogólnokształcących nr 8 im. Stanisława Staszica 92-538 Łódź ul. Czernika 1/3;1262;359;359;8;351;28.45;2.23;1267;764;764;15;749;60.30;1.96
52613;106101;310;Zespół Szkół Ogólnokształcących nr 8 im. Stanisława Staszica 92-538 Łódź ul. Czernika 1/3;1390;417;417;11;406;30.00;2.64;1366;860;860;12;848;62.96;1.40
52614;106101;311;Zespół Szkół Ogólnokształcących nr 8 im. Stanisława Staszica 92-538 Łódź ul. Czernika 1/3;1784;535;535;12;523;29.99;2.24;1754;1071;1071;25;1046;61.06;2.33
52615;106101;312;Zespół Szkół Ogólnokształcących nr 8 im. Stanisława Staszica 92-538 Łódź ul. Czernika 1/3;1205;339;339;9;330;28.13;2.65;1150;667;667;13;654;58.00;1.95
52616;106101;313;Zespół Szkół Ogólnokształcących nr 8 im. Stanisława Staszica 92-538 Łódź ul. Czernika 1/3;1264;325;325;3;322;25.71;0.92;1231;708;708;7;701;57.51;0.99
52617;106101;314;Szkoła Podstawowa nr 199 im. Juliana Tuwima 92-504 Łódź ul. Elsnera 8;1498;414;414;6;408;27.64;1.45;1458;833;833;16;817;57.13;1.92
52618;106101;315;Szkoła Podstawowa nr 199 im. Juliana Tuwima 92-504 Łódź ul. Elsnera 8;1622;514;514;10;504;31.69;1.95;1580;994;994;13;981;62.91;1.31
52619;106101;316;Szkoła Podstawowa nr 199 im. Juliana Tuwima 92-504 Łódź ul. Elsnera 8;852;272;272;4;268;31.92;1.47;823;528;528;10;518;64.16;1.89
52620;106101;317;Szkoła Podstawowa nr 199 im. Juliana Tuwima 92-504 Łódź ul. Elsnera 8;733;250;250;2;248;34.11;0.80;709;461;461;4;457;65.02;0.87
52621;106101;318;Szkoła Podstawowa nr 199 im. Juliana Tuwima 92-504 Łódź ul. Elsnera 8;1345;511;511;9;502;37.99;1.76;1309;861;861;7;854;65.78;0.81
52622;106101;319;Szkoła Podstawowa nr 34 im. Leona Kruczkowskiego 92-508 Łódź ul. Ćwiklińskiej 9;1875;688;688;17;671;36.69;2.47;1833;1167;1168;9;1158;63.67;0.77
52623;106101;320;Szkoła Podstawowa nr 34 im. Leona Kruczkowskiego 92-508 Łódź ul. Ćwiklińskiej 9;1553;511;511;7;504;32.90;1.37;1526;1013;1013;13;1000;66.38;1.28
52624;106101;321;Szkoła Podstawowa nr 34 im. Leona Kruczkowskiego 92-508 Łódź ul. Ćwiklińskiej 9;1386;480;480;12;468;34.63;2.50;1345;887;887;10;877;65.95;1.13
52625;106101;322;Zespół Szkół Ogólnokształcących nr 1 92-511 Łódź ul. Czajkowskiego 14;1253;418;418;10;408;33.36;2.39;1238;784;784;6;778;63.33;0.77
52626;106101;323;Zespół Szkół Ogólnokształcących nr 1 92-511 Łódź ul. Czajkowskiego 14;1012;338;338;10;328;33.40;2.96;991;581;581;6;575;58.63;1.03
52627;106101;324;Zespół Szkół Ogólnokształcących nr 1 92-511 Łódź ul. Czajkowskiego 14;900;295;295;3;292;32.78;1.02;871;580;580;8;572;66.59;1.38
52628;106101;325;Szkoła Podstawowa nr 33 im. Stefana Kopcińskiego 92-512 Łódź ul. Lermontowa 7;1700;551;551;18;533;32.41;3.27;1681;1029;1029;4;1025;61.21;0.39
52629;106101;326;Szkoła Podstawowa nr 33 im. Stefana Kopcińskiego 92-512 Łódź ul. Lermontowa 7;1794;616;616;20;596;34.34;3.25;1749;1166;1166;18;1148;66.67;1.54
52630;106101;327;Szkoła Podstawowa nr 33 im. Stefana Kopcińskiego 92-512 Łódź ul. Lermontowa 7;1704;547;547;17;530;32.10;3.11;1652;1020;1020;11;1009;61.74;1.08
52631;106101;328;Szkoła Podstawowa nr 12 im. Mariana Batki 92-306 Łódź ul. Jurczyńskiego 1/3;1056;348;348;7;341;32.95;2.01;1023;651;651;9;642;63.64;1.38
52632;106101;329;Szkoła Podstawowa nr 12 im. Mariana Batki 92-306 Łódź ul. Jurczyńskiego 1/3;1342;427;427;8;419;31.82;1.87;1318;828;828;18;810;62.82;2.17
52633;106101;330;Szkoła Podstawowa nr 12 im. Mariana Batki 92-306 Łódź ul. Jurczyńskiego 1/3;886;257;257;4;253;29.01;1.56;868;502;502;8;494;57.83;1.59
52634;106101;331;Szkoła Podstawowa nr 12 im. Mariana Batki 92-306 Łódź ul. Jurczyńskiego 1/3;986;326;326;6;320;33.06;1.84;958;600;600;8;592;62.63;1.33
52635;106101;332;Szkoła Podstawowa nr 114 im. prof. Jana Dembowskiego 92-334 Łódź ul. Milionowa 64;1695;536;536;12;524;31.62;2.24;1689;1070;1070;13;1057;63.35;1.21
52636;106101;333;Szkoła Podstawowa nr 114 im. prof. Jana Dembowskiego 92-334 Łódź ul. Milionowa 64;1700;543;543;9;534;31.94;1.66;1654;1127;1127;13;1114;68.14;1.15
52637;106101;334;Lokal Rady Osiedla Nr 33 92-402 Łódź ul. Dyspozytorska 3;639;167;167;2;165;26.13;1.20;628;328;328;6;322;52.23;1.83
52638;106101;335;Szkoła Podstawowa nr 141 im. gen. Mariusza Zaruskiego 92-402 Łódź ul. Zakładowa 35;2074;621;621;9;612;29.94;1.45;2015;1244;1244;12;1232;61.74;0.96
52639;106101;336;Szkoła Podstawowa nr 141 im. gen. Mariusza Zaruskiego 92-402 Łódź ul. Zakładowa 35;1626;465;465;10;455;28.60;2.15;1574;991;991;15;976;62.96;1.51
52640;106101;337;Szkoła Podstawowa nr 141 im. gen. Mariusza Zaruskiego 92-402 Łódź ul. Zakładowa 35;1624;421;421;9;412;25.92;2.14;1615;966;966;16;950;59.81;1.66
52641;106101;338;Publiczne Gimnazjum nr 36 im. Krzysztofa Kieślowskiego 92-413 Łódź ul. Dąbrówki 1;1794;532;533;9;523;29.65;1.69;1836;1180;1180;11;1169;64.27;0.93
52642;106101;339;Publiczne Gimnazjum nr 36 im. Krzysztofa Kieślowskiego 92-413 Łódź ul. Dąbrówki 1;1649;547;547;13;534;33.17;2.38;1578;1014;1014;5;1009;64.26;0.49
52643;106101;340;Publiczne Gimnazjum nr 36 im. Krzysztofa Kieślowskiego 92-413 Łódź ul. Dąbrówki 1;1793;583;583;9;574;32.52;1.54;1738;1090;1090;10;1080;62.72;0.92
52644;106101;341;Przedszkole Miejskie nr 4 92-433 Łódź ul. Kmicica 5;1538;605;605;9;596;39.34;1.49;1542;1110;1110;19;1091;71.98;1.71
52645;106101;342;Przedszkole Miejskie nr 4 92-433 Łódź ul. Kmicica 5;1519;632;632;5;627;41.61;0.79;1632;1190;1190;7;1183;72.92;0.59
52646;106101;343;Przedszkole Miejskie nr 4 92-433 Łódź ul. Kmicica 5;1901;586;588;17;569;30.83;2.90;1893;1215;1215;12;1203;64.18;0.99
52647;106101;344;Przedszkole Miejskie nr 4 92-433 Łódź ul. Kmicica 5;1703;530;530;11;519;31.12;2.08;1682;1052;1052;4;1048;62.54;0.38
52648;106101;345;Lokal Rady Osiedla Dolina Łódki 91-610 Łódź ul. Beskidzka 172;1455;380;380;11;369;26.12;2.89;1504;851;851;6;845;56.58;0.71
52649;106101;346;Publiczna Szkoła Podstawowa „Mileszki” 92-735 Łódź ul. Pomorska 437;1402;385;385;4;381;27.46;1.04;1433;853;853;15;838;59.53;1.76
52650;106101;347;Szkoła Podstawowa nr 37 im. Janusza Kusocińskiego 92-207 Łódź ul. Szpitalna 9/11;1158;318;318;10;308;27.46;3.14;1144;601;601;7;594;52.53;1.16
52651;106101;348;Szkoła Podstawowa nr 37 im. Janusza Kusocińskiego 92-207 Łódź ul. Szpitalna 9/11;1376;377;377;15;362;27.40;3.98;1359;744;744;7;737;54.75;0.94
52652;106101;349;Szkoła Podstawowa nr 37 im. Janusza Kusocińskiego 92-207 Łódź ul. Szpitalna 9/11;1326;338;338;5;333;25.49;1.48;1278;647;647;10;637;50.63;1.55
52653;106101;350;Szkoła Podstawowa nr 4 im. Komisji Edukacji Narodowej 92-329 Łódź al. Marszałka Piłsudskiego 101;1201;270;270;6;264;22.48;2.22;1139;542;542;25;517;47.59;4.61
52654;106101;351;Szkoła Podstawowa nr 4 im. Komisji Edukacji Narodowej 92-329 Łódź al. Marszałka Piłsudskiego 101;1410;410;410;13;397;29.08;3.17;1403;763;763;9;754;54.38;1.18
52655;106101;352;Szkoła Podstawowa nr 29 im. Jana Kochanowskiego 90-338 Łódź ul. Przędzalniana 70;1595;239;239;3;236;14.98;1.26;1529;570;570;10;560;37.28;1.75
52656;106101;353;Szkoła Podstawowa nr 170 im. Anieli Krzywoń 90-038 Łódź ul. Miedziana 1/3;1573;251;251;9;242;15.96;3.59;1485;553;553;9;544;37.24;1.63
52657;106101;354;Szkoła Podstawowa nr 170 im. Anieli Krzywoń 90-038 Łódź ul. Miedziana 1/3;1178;166;166;4;162;14.09;2.41;1128;415;415;14;401;36.79;3.37
52658;106101;355;Szkoła Podstawowa nr 170 im. Anieli Krzywoń 90-038 Łódź ul. Miedziana 1/3;2149;435;435;5;430;20.24;1.15;2120;967;967;18;949;45.61;1.86
52659;106101;356;II Liceum Ogólnokształcące im. Gabriela Narutowicza 90-031 Łódź ul. Nowa 11/13;1252;443;443;4;439;35.38;0.90;1186;738;738;7;731;62.23;0.95
52660;106101;357;II Liceum Ogólnokształcące im. Gabriela Narutowicza 90-031 Łódź ul. Nowa 11/13;999;175;175;4;171;17.52;2.29;976;405;405;7;398;41.50;1.73
52661;106101;358;Publiczne Gimnazjum nr 32 im. Karola Wojtyły 90-325 Łódź ul. Fabryczna 4;1665;221;221;10;211;13.27;4.52;1565;529;529;16;513;33.80;3.02
52662;106101;359;Szkoła Podstawowa nr 29 im. Jana Kochanowskiego 90-338 Łódź ul. Przędzalniana 70;1517;394;394;8;386;25.97;2.03;1499;831;831;11;820;55.44;1.32
52663;106101;360;Szkoła Podstawowa nr 29 im. Jana Kochanowskiego 90-338 Łódź ul. Przędzalniana 70;1361;356;356;8;348;26.16;2.25;1340;707;707;10;697;52.76;1.41
52664;106101;361;Zespół Szkolno-Przedszkolny nr 2 92-720 Łódź ul. Jugosłowiańska 2;1681;515;515;18;497;30.64;3.50;1682;1078;1078;10;1068;64.09;0.93
52665;106101;362;Zespół Szkolno-Przedszkolny nr 2 92-720 Łódź ul. Jugosłowiańska 2;1170;327;327;2;325;27.95;0.61;1236;761;761;5;756;61.57;0.66
52666;106101;363;Przedszkole Miejskie nr 230 92-644 Łódź ul. Przylesie 22;1299;268;268;10;258;20.63;3.73;1286;636;636;9;627;49.46;1.42
52667;106101;364;Szkoła Podstawowa nr 204 im. Stefana Kardynała Wyszyńskiego 92-610 Łódź ul. Gajcego 7/11;1595;461;461;7;454;28.90;1.52;1607;959;959;18;941;59.68;1.88
52668;106101;365;Szkoła Podstawowa nr 204 im. Stefana Kardynała Wyszyńskiego 92-610 Łódź ul. Gajcego 7/11;1676;487;490;6;481;29.06;1.23;1659;968;968;12;956;58.35;1.24
52669;106101;366;Przedszkole Miejskie nr 65 93-100 Łódź ul. Przybyszewskiego 92;1728;418;418;13;405;24.19;3.11;1697;806;806;14;792;47.50;1.74
52670;106101;367;XLIV Liceum Ogólnokształcące 93-118 Łódź ul. Wacława 22/24;1133;352;352;8;344;31.07;2.27;1164;716;716;7;709;61.51;0.98
52671;106101;368;Przedszkole Miejskie nr 221-Integracyjne w Łodzi 93-281 Łódź al. Marszałka Śmigłego-Rydza 38;1621;448;448;13;435;27.64;2.90;1587;921;921;5;916;58.03;0.54
52672;106101;369;Szkoła Podstawowa nr 149 im. Obrońców Westerplatte 93-219 Łódź ul. Tatrzańska 69a;1687;474;474;6;468;28.10;1.27;1649;1002;1002;10;992;60.76;1.00
52673;106101;370;Szkoła Podstawowa nr 149 im. Obrońców Westerplatte 93-291 Łódź ul. Tatrzańska 69a;2164;727;727;19;708;33.60;2.61;2086;1248;1248;6;1242;59.83;0.48
52674;106101;371;Szkoła Podstawowa nr 149 im. Obrońców Westerplatte 93-219 Łódź ul. Tatrzańska 69a;1767;595;595;13;582;33.67;2.18;1704;1039;1039;13;1026;60.97;1.25
52675;106101;372;Szkoła Podstawowa nr 193 im. Krzysztofa Kamila Baczyńskiego 93-221 Łódź ul. Standego 1;1841;518;518;14;504;28.14;2.70;1786;1048;1048;24;1024;58.68;2.29
52676;106101;373;Szkoła Podstawowa nr 193 im. Krzysztofa Kamila Baczyńskiego 93-221 Łódź ul. Standego 1;1273;413;413;15;398;32.44;3.63;1265;804;804;11;793;63.56;1.37
52677;106101;374;Szkoła Podstawowa nr 193 im. Krzysztofa Kamila Baczyńskiego 93-221 Łódź ul. Standego 1;1079;393;393;2;391;36.42;0.51;1171;817;817;8;809;69.77;0.98
52678;106101;375;Publiczne Gimnazjum nr 31 im. Szarych Szeregów 93-217 Łódź ul. Generała Grota-Roweckiego 1;1157;331;331;4;327;28.61;1.21;1138;648;649;10;638;56.94;1.54
52679;106101;376;Publiczne Gimnazjum nr 31 im. Szarych Szeregów 93-217 Łódź ul. Generała Grota-Roweckiego 1;1120;371;371;12;359;33.12;3.23;1095;647;647;15;632;59.09;2.32
52680;106101;377;Publiczne Gimnazjum nr 31 im. Szarych Szeregów 93-217 Łódź ul. Generała Grota-Roweckiego 1;927;314;314;4;310;33.87;1.27;901;538;538;9;529;59.71;1.67
52681;106101;378;Publiczne Gimnazjum nr 33 92-108 Łódź ul. Janosika 136;1210;505;505;5;500;41.74;0.99;1209;814;814;3;811;67.33;0.37
52682;106101;379;Publiczne Gimnazjum nr 33 92-108 Łódź ul. Janosika 136;1101;426;426;5;421;38.69;1.17;1092;745;745;11;734;68.22;1.48
52683;106101;380;Szkoła Podstawowa nr 139 im. Wojska Polskiego 92-116 Łódź ul. Giewont 28;1838;532;532;21;511;28.94;3.95;1884;1118;1118;12;1106;59.34;1.07
52684;106101;381;Szkoła Podstawowa nr 139 im. Wojska Polskiego 92-116 Łódź ul. Giewont 28;1655;454;454;17;437;27.43;3.74;1651;840;840;8;832;50.88;0.95
52685;106101;382;Pogotowie Opiekuńcze Nr 1 92-101 Łódź ul. Krokusowa 15/17;1691;552;552;11;541;32.64;1.99;1694;1069;1069;14;1055;63.11;1.31
52686;106101;383;Publiczne Gimnazjum nr 30 im. Adama Mickiewicza 92-221 Łódź ul. Nowogrodzka 6/14;1463;294;294;10;284;20.10;3.40;1472;666;666;13;653;45.24;1.95
90476;106101;384;Specjalistyczny Psychiatryczny Zespół Opieki Zdrowotnej w Łodzi 91-229 Łódź ul. Aleksandrowska 159;510;104;104;5;99;20.39;4.81;309;255;255;3;252;82.52;1.18
90477;106101;385;Wojewódzki Zespół Zakładów Opieki Zdrowotnej Centrum Leczenia Chorób Płuc i Rehabilitacji w Łodzi 91-520 Łódź ul. Okólna 181;200;64;64;5;59;32.00;7.81;117;104;104;2;102;88.89;1.92
90478;106101;386;Wojewódzki Specjalistyczny Szpital im. dr. W. Biegańskiego w Łodzi 91-347 Łódź ul. Kniaziewicza 1/5;170;72;72;2;70;42.35;2.78;489;122;122;7;115;24.95;5.74
90479;106101;387;IV Szpital Miejski im. dr. H. Jordana w Łodzi 91-480 Łódź ul. Przyrodnicza 7/9;64;11;11;0;11;17.19;0.00;169;99;99;2;97;58.58;2.02
90480;106101;388;Samodzielny Publiczny Zakład Opieki Zdrowotnej Ministerstwa Spraw Wewnętrznych w Łodzi 91-425 Łódź ul. Północna 42;80;18;18;0;18;22.50;0.00;150;91;91;2;89;60.67;2.20
90481;106101;389;Wojewódzkie Centrum Ortopedii i Rehabilitacji Narządu Ruchu im. dr. Z. Radlińskiego w Łodzi 91-002 Łódź ul. Drewnowska 75;62;42;42;0;42;67.74;0.00;54;10;10;0;10;18.52;0.00
90482;106101;390;6 Dom Pomocy Społecznej w Łodzi 91-836 Łódź ul. Złotnicza 10;112;30;30;4;26;26.79;13.33;64;32;32;1;31;50.00;3.12
90483;106101;391;Dom Pomocy Społecznej „Pogodna Jesień” w Łodzi 91-503 Łódź ul. Dojazdowa 5/7;79;27;27;2;25;34.18;7.41;106;29;29;1;28;27.36;3.45
90484;106101;392;Dom Pomocy Społecznej „Dom Kombatanta” w Łodzi 91-480 Łódź ul. Przyrodnicza 24/26;44;29;29;1;28;65.91;3.45;78;33;33;1;32;42.31;3.03
90485;106101;393;Dom Pomocy Społecznej w Łodzi 91-142 Łódź ul. Rojna 15;76;22;22;0;22;28.95;0.00;40;30;30;3;27;75.00;10.00
90486;106101;394;Areszt Śledczy w Łodzi 91-729 Łódź ul. Smutna 21;980;401;401;48;353;40.92;11.97;88;33;33;6;27;37.50;18.18
90487;106101;395;Instytut Centrum Zdrowia Matki Polki w Łodzi 93-338 Łódź ul. Rzgowska 281/289;125;23;23;1;22;18.40;4.35;800;435;435;61;374;54.37;14.02
90488;106101;396;Wojewódzki Specjalistyczny Szpital im. M. Kopernika w Łodzi 93-512 Łódź ul. Pabianicka 62;477;82;82;5;77;17.19;6.10;213;93;93;0;93;43.66;0.00
90489;106101;397;BONI FRATRES LODZIENSIS sp. z o.o. Szpital Zakonu Bonifratrów św. Jana Bożego w Łodzi 93-357 Łódź ul. Kosynierów Gdyńskich 61;84;19;19;1;18;22.62;5.26;397;167;167;7;160;42.07;4.19
90490;106101;398;5 Dom Pomocy Społecznej w Łodzi 94-234 Łódź ul. Podgórna 2/14;66;18;18;5;13;27.27;27.78;56;36;36;1;35;64.29;2.78
90491;106101;399;3 Dom Pomocy Społecznej w Łodzi 93-345 Łódź ul. Paradna 36;45;19;19;1;18;42.22;5.26;81;30;30;1;29;37.04;3.33
90492;106101;400;Dom Pomocy Społecznej w Łodzi 93-423 Łódź ul. Rudzka 56;82;41;41;4;37;50.00;9.76;71;21;21;4;17;29.58;19.05
90493;106101;401;Dom Pomocy Społecznej Sióstr Służebniczek NMP NP im. bł. Edmunda Bojanowskiego w Łodzi 93-357 Łódź ul. Kosynierów Gdyńskich 20;70;33;33;2;31;47.14;6.06;43;21;21;1;20;48.84;4.76
90494;106101;402;Zakład Karny Nr 2 w Łodzi 93-161 Łódź ul. Kraszewskiego 1/5;279;88;88;7;81;31.54;7.95;79;37;37;7;30;46.84;18.92
90495;106101;403;Wyższa Szkoła Informatyki i Umiejętności Dom Studencki 93-008 Łódź ul. Rzgowska 17A;18;16;16;0;16;88.89;0.00;71;52;52;4;48;73.24;7.69
90496;106101;404;Samodzielny Publiczny Zakład Opieki Zdrowotnej Uniwersytecki Szpital Kliniczny im. Wojskowej Akademii Medycznej Uniwersytetu Medycznego w Łodzi Centralny Szpital Weteranów 90-549 Łódź Żeromskiego 113;181;34;34;1;33;18.78;2.94;225;120;120;16;104;53.33;13.33
90497;106101;405;Samodzielny Publiczny Zakład Opieki Zdrowotnej Uniwersytecki Szpital Kliniczny im. Wojskowej Akademii Medycznej Uniwersytetu Medycznego w Łodzi Centralny Szpital Weteranów 90-647 Łódź pl. Hallera 1;111;38;38;1;37;34.23;2.63;180;68;68;3;65;37.78;4.41
90498;106101;406;Wojewódzki Specjalistyczny Szpital im. M. Pirogowa w Łodzi 90-531 Łódź ul. Wólczańska 191/195;178;46;46;0;46;25.84;0.00;100;54;54;0;54;54.00;0.00
90499;106101;407;Wojewódzki Specjalistyczny Szpital im. M. Pirogowa w Łodzi Ośrodek Szpitalny im. M. Madurowicza 94-029 Łódź ul. Wileńska 37;192;35;35;1;34;18.23;2.86;178;82;82;3;79;46.07;3.66
90500;106101;408;2 Dom Pomocy Społecznej w Łodzi 90-640 Łódź ul. 28 Pułku Strzelców Kaniowskich 32;96;48;48;9;39;50.00;18.75;190;89;89;3;86;46.84;3.37
90501;106101;409;Dom Pomocy Społecznej „Włókniarz” im. Jana Pawła II w Łodzi 94-017 Łódź ul. Krzemieniecka 7/9;107;64;64;5;59;59.81;7.81;82;28;28;10;18;34.15;35.71
90502;106101;410;Politechnika Łódzka Obiekt C 15 93-590 Łódź al. Politechniki 3a;24;17;17;0;17;70.83;0.00;108;76;76;2;74;70.37;2.63
90503;106101;411;Samodzielny Publiczny Zakład Opieki Zdrowotnej Uniwersytecki Szpital Kliniczny im. Wojskowej Akademii Medycznej Uniwersytetu Medycznego w Łodzi Centralny Szpital Weteranów 91-425 Łódź ul. Sterlinga 1/3;96;34;34;0;34;35.42;0.00;20;18;18;0;18;90.00;0.00
90504;106101;412;Samodzielny Publiczny Zakład Opieki Zdrowotnej Uniwersytecki Szpital Kliniczny nr 1 im. N. Barlickiego Uniwersytetu Medycznego w Łodzi 90-153 Łódź ul. Kopcińskiego 22;173;17;17;0;17;9.83;0.00;207;60;60;1;59;28.99;1.67
90505;106101;413;II Szpital Miejski im. dr. L. Rydygiera w Łodzi 90-217 Łódź ul. Sterlinga 13;34;5;5;0;5;14.71;0.00;48;20;20;0;20;41.67;0.00
90506;106101;414;Dom Pomocy Społecznej w Łodzi 90-145 Łódź ul. Narutowicza 114;82;29;29;4;25;35.37;13.79;78;28;28;4;24;35.90;14.29
90507;106101;415;Uniwersytet Łódzki II Dom Studenta 91-404 Łódź ul. Lumumby 18/20;107;81;81;2;79;75.70;2.47;549;170;170;12;158;30.97;7.06
90508;106101;416;Centrum Rehabilitacyjno-Opiekuńcze -Dom Pomocy Społecznej w Łodzi 92-314 Łódź ul. Przybyszewskiego 255/267;543;148;148;5;143;27.26;3.38;124;58;58;5;53;46.77;8.62
90509;106101;417;Samodzielny Publiczny Zakład Opieki Zdrowotnej Centralny Szpital Kliniczny Instytut Stomatologii Uniwersytetu Medycznego w Łodzi 90-202 Łódź ul. Pomorska 251;139;40;40;2;38;28.78;5.00;107;25;25;0;25;23.36;0.00
90510;106101;418;Samodzielny Publiczny Zakład Opieki Zdrowotnej Uniwersytecki Szpital Kliniczny im. Wojskowej Akademii Medycznej Uniwersytetu Medycznego w Łodzi Centralny Szpital Weteranów 92-003 Łódź ul. Pieniny 30;68;8;8;2;6;11.76;25.00;265;158;158;7;151;59.62;4.43
90511;106101;419;III Szpital Miejski im. dr. K. Jonschera w Łodzi 93-102 Łódź ul. Milionowa 14;185;24;24;0;24;12.97;0.00;197;56;56;0;56;28.43;0.00
90512;106101;420;Zakład Karny Nr 1 w Łodzi 91-611 Łódź ul. Beskidzka 54;532;108;108;6;102;20.30;5.56;497;147;147;16;131;29.58;10.88
52687;106201;1;Przedszkole Samorządowe Nr 11 97-300 Piotrków Trybunalski ul. Adama Mickiewicza 98/102;1152;272;272;5;267;23.61;1.84;1142;636;636;6;630;55.69;0.94
52688;106201;2;Szkoła Podstawowa Nr 5 z Oddziałami Integracyjnymi 97-300 Piotrków Trybunalski ul. Jerozolimska 73;1086;259;259;9;250;23.85;3.47;1099;610;610;10;600;55.51;1.64
52689;106201;3;Pogotowie Opiekuńcze 97-300 Piotrków Trybunalski ul. Wojska Polskiego 75;1716;335;335;14;321;19.52;4.18;1670;814;814;11;803;48.74;1.35
52690;106201;4;Miejska Biblioteka Publiczna 97-300 Piotrków Trybunalski ul. Jerozolimska 29;1616;252;252;3;249;15.59;1.19;1615;679;679;21;658;42.04;3.09
52691;106201;5;Zespół Szkół Ponadgimnazjalnych Nr 4 97-300 Piotrków Trybunalski ul. Henryka Sienkiewicza 10/12;897;158;158;2;156;17.61;1.27;880;370;370;11;359;42.05;2.97
52692;106201;6;Zespół Szkół Ponadgimnazjalnych Nr 5 97-300 Piotrków Trybunalski ul. Leonarda 12/14;1590;395;395;14;381;24.84;3.54;1550;835;835;17;818;53.87;2.04
52693;106201;7;Szkoła Policealna Samorządu Województwa Łódzkiego 97-300 Piotrków Trybunalski ul. Ks. Piotra Skargi 3;1717;335;335;8;327;19.51;2.39;1638;760;760;26;734;46.40;3.42
52694;106201;8;Lokal Wyborczy 97-300 Piotrków Trybunalski ul. Zamurowa 10;1019;136;136;5;131;13.35;3.68;975;313;313;7;306;32.10;2.24
52695;106201;9;I Liceum Ogólnokształcące im. Bolesława Chrobrego 97-300 Piotrków Trybunalski Al. Mikołaja Kopernika 1;878;94;94;7;87;10.71;7.45;854;300;300;10;290;35.13;3.33
52696;106201;10;Przedszkole Samorządowe Nr 5 97-300 Piotrków Trybunalski ul. Kazimierza Wielkiego 5;1277;314;314;12;302;24.59;3.82;1212;645;645;16;629;53.22;2.48
52697;106201;11;Gimnazjum Nr 4 97-300 Piotrków Trybunalski ul. Adama Próchnika 8/12;1764;437;437;11;426;24.77;2.52;1701;848;848;20;828;49.85;2.36
52698;106201;12;Szkoła Podstawowa Nr 16 97-300 Piotrków Trybunalski ul. Krakowskie Przedmieście 11;1984;482;482;5;477;24.29;1.04;1931;1033;1033;17;1016;53.50;1.65
52699;106201;13;Szkoła Podstawowa Nr 11 97-300 Piotrków Trybunalski ul. Kazimierza Szmidta 3;1947;395;395;13;382;20.29;3.29;1922;892;892;16;876;46.41;1.79
52700;106201;14;Przedszkole Samorządowe Nr 12 97-300 Piotrków Trybunalski ul. Włókiennicza 7;1163;306;306;5;301;26.31;1.63;1129;647;647;13;634;57.31;2.01
52701;106201;15;Lokal Wyborczy 97-300 Piotrków Trybunalski ul. Jeziorna 41;1952;565;566;9;556;28.94;1.59;1946;1197;1197;13;1184;61.51;1.09
52702;106201;16;II Liceum Ogólnokształcące im. Marii Curie-Skłodowskiej 97-300 Piotrków Trybunalski ul. Żeromskiego 11;1523;399;399;7;392;26.20;1.75;1482;885;885;19;866;59.72;2.15
52703;106201;17;Zespół Szkół Ponadgimnazjalnych Nr 1 97-300 Piotrków Trybunalski ul. Franklina Roosevelta 1;1631;324;324;5;319;19.87;1.54;1594;755;755;16;739;47.37;2.12
52704;106201;18;Świetlica Środowiskowa TPD „Stokrotka” 97-300 Piotrków Trybunalski ul. Wronia 55/59;773;144;144;7;137;18.63;4.86;788;384;384;11;373;48.73;2.86
52705;106201;19;Zespół Szkół Ponadgimnazjalnych Nr 2 97-300 Piotrków Trybunalski ul. Romana Dmowskiego 38;1713;435;435;11;424;25.39;2.53;1676;999;999;17;982;59.61;1.70
52706;106201;20;Przychodnia Nr 5 97-300 Piotrków Trybunalski ul. Romana Dmowskiego 47;1719;451;451;17;434;26.24;3.77;1703;953;953;21;932;55.96;2.20
52707;106201;21;Przedszkole Samorządowe Nr 7 97-300 Piotrków Trybunalski ul. Poprzeczna 7A;1987;575;575;17;558;28.94;2.96;1940;1099;1099;17;1082;56.65;1.55
52708;106201;22;Szkoła Podstawowa Nr 13 97-300 Piotrków Trybunalski ul. Romana Dmowskiego 11;2038;503;503;8;495;24.68;1.59;1948;1060;1060;16;1044;54.41;1.51
52709;106201;23;Przedszkole Samorządowe Nr 15 97-300 Piotrków Trybunalski ul. Belzacka 78A;1524;424;426;7;417;27.82;1.65;1483;894;894;13;881;60.28;1.45
52710;106201;24;Przedszkole Samorządowe Nr 20 97-300 Piotrków Trybunalski ul. Ignacego Paderewskiego 1A;2231;665;665;17;648;29.81;2.56;2171;1419;1419;22;1397;65.36;1.55
52711;106201;25;Przedszkole Samorządowe Nr 19 97-300 Piotrków Trybunalski ul. Belzacka 97D;1808;450;450;7;443;24.89;1.56;1775;1033;1033;16;1017;58.20;1.55
52712;106201;26;Szkoła Podstawowa Nr 12 97-300 Piotrków Trybunalski ul. Belzacka 104/106;2069;629;629;9;620;30.40;1.43;2011;1212;1212;15;1197;60.27;1.24
52713;106201;27;Uniwersytet Jana Kochanowskiego w Kielcach Filia w Piotrkowie Trybunalskim 97-300 Piotrków Trybunalski ul. Juliusza Słowackiego 114/118;1990;451;451;13;438;22.66;2.88;1959;1046;1046;10;1036;53.39;0.96
52714;106201;28;Szkoła Podstawowa Nr 2 97-300 Piotrków Trybunalski ul. Jarosława Daniłowskiego 3;2238;589;589;18;571;26.32;3.06;2186;1256;1256;20;1236;57.46;1.59
52715;106201;29;III Liceum Ogólnokształcące im. Juliusza Słowackiego 97-300 Piotrków Trybunalski Al. Armii Krajowej 17;1753;395;395;12;383;22.53;3.04;1674;855;855;9;846;51.08;1.05
52716;106201;30;Miejski Żłobek Dzienny 97-300 Piotrków Trybunalski ul. Belzacka 97E;2159;501;501;10;491;23.21;2.00;2081;1207;1207;24;1183;58.00;1.99
52717;106201;31;Gimnazjum Nr 5 97-300 Piotrków Trybunalski ul. Kostromska 50;1459;383;383;11;372;26.25;2.87;1408;824;824;10;814;58.52;1.21
52718;106201;32;Lokal Wyborczy (na terenie dawnej HSG Hortensja) 97-300 Piotrków Trybunalski ul. 1 Maja 21;1569;237;237;6;231;15.11;2.53;1539;685;685;14;671;44.51;2.04
52719;106201;33;Dzienny Dom Pomocy Społecznej „Dom Seniora” 97-300 Piotrków Trybunalski ul. Wojska Polskiego 127;2349;703;703;31;672;29.93;4.41;2351;1430;1430;24;1406;60.83;1.68
52720;106201;34;Przedszkole Samorządowe Nr 26 97-300 Piotrków Trybunalski ul. Wojska Polskiego 133A;1974;502;502;7;495;25.43;1.39;1953;1201;1201;19;1182;61.50;1.58
52721;106201;35;Zespół Szkolno-Gimnazjalny Nr 1 97-300 Piotrków Trybunalski ul. Wysoka 28/38;1533;348;348;12;336;22.70;3.45;1513;798;798;17;781;52.74;2.13
52722;106201;36;Przedszkole Samorządowe Nr 24 z Oddziałami Integracyjnymi 97-300 Piotrków Trybunalski ul. Topolowa 14A;1711;383;383;20;363;22.38;5.22;1664;911;911;16;895;54.75;1.76
52723;106201;37;Ośrodek Doradztwa Rolniczego 97-300 Piotrków Trybunalski ul. Kasztelańska 9;1260;265;265;8;257;21.03;3.02;1281;729;729;17;712;56.91;2.33
90514;106201;38;Samodzielny Szpital Wojewódzki 97-300 Piotrków Trybunalski ul. Rakowska 15;248;48;48;1;47;19.35;2.08;209;77;77;3;74;36.84;3.90
90515;106201;39;Szpital Powiatowego Zespołu Opieki Zdrowotnej w Piotrkowie Trybunalskim 97-300 Piotrków Trybunalski ul. Roosevelta 3;59;19;19;1;18;32.20;5.26;73;29;29;1;28;39.73;3.45
90516;106201;40;Areszt Śledczy 97-300 Piotrków Trybunalski ul. Wronia 76/90;668;156;156;12;144;23.35;7.69;606;271;271;37;234;44.72;13.65
90517;106201;41;Dom Pomocy Społecznej 97-300 Piotrków Trybunalski ul. Żwirki 5/7;80;28;28;4;24;35.00;14.29;83;34;34;4;30;40.96;11.76
52724;106301;1;Gimnazium Nr 1 96-100 Skierniewice ul. Szarych Szeregów 6;1413;358;358;6;352;25.34;1.68;1410;787;787;16;771;55.82;2.03
52725;106301;2;Gimnazium Nr 1 96-100 Skierniewice ul. Szarych Szeregów 6;1393;406;406;5;401;29.15;1.23;1335;805;806;13;792;60.30;1.61
52726;106301;3;Przedszkole Nr 4 96-100 Skierniewice ul. Jarosława Iwaszkiewicza 1;1884;516;516;13;503;27.39;2.52;1815;1045;1045;15;1030;57.58;1.44
52727;106301;4;Klub „OAZA” 96-100 Skierniewice ul. Jarosława Iwaszkiewicza 13;2075;547;547;13;534;26.36;2.38;2028;1213;1213;11;1202;59.81;0.91
52728;106301;5;Zespół Szkół Integracyjnych 96-100 Skierniewice ul. Przerwy-Tetmajera 7;1807;444;444;17;427;24.57;3.83;1722;979;979;11;968;56.85;1.12
52729;106301;6;Zespół Szkół Integracyjnych 96-100 Skierniewice ul. Przerwy-Tetmajera 7;2018;449;449;22;427;22.25;4.90;1973;1125;1125;20;1105;57.02;1.78
52730;106301;7;Zespół Szkół Zawodowych Nr 3 96-100 Skierniewice ul. Działkowa 10;704;227;227;0;227;32.24;0.00;712;454;454;5;449;63.76;1.10
52731;106301;8;Zespół Szkół Zawodowych Nr 2 96-100 Skierniewice ul. Pomologiczna 15;1980;526;526;12;514;26.57;2.28;1934;1069;1069;13;1056;55.27;1.22
52732;106301;9;Szkoła Podstawowa Nr 4 96-100 Skierniewice ul. Jasna 30;1552;492;492;15;477;31.70;3.05;1534;969;969;22;947;63.17;2.27
52733;106301;10;Szkoła Podstawowa Nr 7 96-100 Skierniewice ul. Św. Maksymiliana Kolbe 30;1780;359;359;8;351;20.17;2.23;1784;906;906;25;881;50.78;2.76
52734;106301;11;96-100 Skierniewice ul. Nowobielańska 61;1287;459;459;6;453;35.66;1.31;1274;863;865;10;853;67.74;1.16
52735;106301;12;Przedszkole Nr 10 96-100 Skierniewice ul. Szkolna 1;1366;289;289;10;279;21.16;3.46;1342;653;653;11;642;48.66;1.68
52736;106301;13;Zespół Szkół Integracyjnych 96-100 Skierniewice ul. Przerwy-Tetmajera 7;1102;291;291;10;281;26.41;3.44;1076;624;624;6;618;57.99;0.96
52737;106301;14;Liceum Ogólnokształcące im. Bolesława Prusa 96-100 Skierniewice ul. Henryka Sienkiewicza 10;1914;380;380;11;369;19.85;2.89;1865;862;862;24;838;46.22;2.78
52738;106301;15;Powiatowy Urząd Pracy 96-100 Skierniewice ul. Al. Niepodległości 7;1469;444;444;12;432;30.22;2.70;1461;862;862;8;854;59.00;0.93
52739;106301;16;Zespół Sportowych Szkół Ogólnokształcących 96-100 Skierniewice ul. Marii Konopnickiej 5;1313;285;285;5;280;21.71;1.75;1276;710;710;22;688;55.64;3.10
52740;106301;17;Młodzieżowe Centrum Kultury 96-100 Skierniewice ul. Władysława Stanisława Reymonta 33;1315;318;318;5;313;24.18;1.57;1270;646;646;21;625;50.87;3.25
52741;106301;18;Zespół Szkół Zawodowych Nr 1 96-100 Skierniewice ul. Pomologiczna 6;1329;370;370;15;355;27.84;4.05;1303;716;716;14;702;54.95;1.96
52742;106301;19;Miejska Biblioteka Publiczna 96-100 Skierniewice ul. Mszczonowska 43 a;2105;544;544;25;519;25.84;4.60;2066;1108;1108;22;1086;53.63;1.99
52743;106301;20;Przedszkole Nr 3 96-100 Skierniewice ul. Mikołaja Kopernika 15;1247;351;351;3;348;28.15;0.85;1212;723;723;22;701;59.65;3.04
52744;106301;21;Gimnazium Nr 3 96-100 Skierniewice ul. Jana Kilińskiego 9;2031;437;437;8;429;21.52;1.83;2095;1139;1139;31;1108;54.37;2.72
52745;106301;22;Urząd Stanu Cywilnego 96-100 Skierniewice ul. Piłsudskiego 2;1348;290;290;6;284;21.51;2.07;1332;719;719;16;703;53.98;2.23
52746;106301;23;FERROXCUBE POLSKA Sp. z o.o. 96-100 Skierniewice ul. Zwierzyniecka 2;1156;355;355;4;351;30.71;1.13;1147;680;680;11;669;59.29;1.62
52747;106301;24;96-100 Skierniewice ul. Łódzka 36;1063;213;213;4;209;20.04;1.88;1096;635;635;12;623;57.94;1.89
52748;106301;25;Przedszkole Nr 1 96-100 Skierniewice Stefana Batorego 61/63;2213;504;504;9;495;22.77;1.79;2186;1224;1224;25;1199;55.99;2.04
90518;106301;26;Wojewódzki Szpital Zespolony 96-100 Skierniewice Stanisława Rybickiego 1;149;23;23;1;22;15.44;4.35;122;41;41;1;40;33.61;2.44
52749;120101;1;Archiwum Narodowe w Krakowie Oddział w Bochni 32-700 Bochnia ul. Proszowska 54;787;188;188;7;181;23.89;3.72;791;385;385;10;375;48.67;2.60
52750;120101;2;Świetlica Bocheńskich Zakładów Usług Komunalnych Sp. z o.o. w Bochni 32-700 Bochnia ul. 20 Stycznia 15;2061;446;446;15;431;21.64;3.36;2085;1180;1180;28;1152;56.59;2.37
52751;120101;3;Miejski Ośrodek Sportu i Rekreacji w Bochni sala JUDO 32-700 Bochnia ul. Wojska Polskiego 1;1111;336;336;11;325;30.24;3.27;1070;632;632;21;611;59.07;3.32
52752;120101;4;Miejskie Przedszkole nr 5 w Bochni 32-700 Bochnia ul. Kolejowa 14;1150;311;311;10;301;27.04;3.22;1090;577;577;7;570;52.94;1.21
52753;120101;5;TAURON Dystrybucja S.A. Oddział w Tarnowie Rejon Dystrybucji Bochnia - ŚWIETLICA 32-700 Bochnia ul. Karosek 31;1085;267;267;7;260;24.61;2.62;1086;660;660;18;642;60.77;2.73
52754;120101;6;Wyższa Szkoła Ekonomiczna w Bochni 32-700 Bochnia ul. Trudna 1;2194;539;539;13;526;24.57;2.41;2177;1216;1216;17;1199;55.86;1.40
52755;120101;7;Publiczna Szkoła Podstawowa Nr 4 im. Św. Barbary w Bochni 32-700 Bochnia ul. Konfederatów Barskich 27;1310;420;420;10;410;32.06;2.38;1338;819;819;10;809;61.21;1.22
52756;120101;8;Miejskie Przedszkole nr 6 w Bochni 32-700 Bochnia ul. Murowianka 28;1144;288;288;17;271;25.17;5.90;1113;620;620;16;604;55.71;2.58
52757;120101;9;Urząd Miasta Bochnia 32-700 Bochnia ul. Kazimierza Wielkiego 2;1617;497;497;7;490;30.74;1.41;1567;889;889;15;874;56.73;1.69
52758;120101;10;Publicza Szkoła Podstawowa nr 2 im. Kazimierza Brodzińskiego w Bochni 32-700 Bochnia ul. Oracka 6;2094;682;682;9;673;32.57;1.32;2070;1213;1213;15;1198;58.60;1.24
52759;120101;11;Miejskie Przedszkole nr 3 w Bochni 32-700 Bochnia ul. Kącik 7;1373;446;446;19;427;32.48;4.26;1363;856;856;16;840;62.80;1.87
52760;120101;12;Bursa Szkolnictwa Ponadgimnazjalnego w Bochni 32-700 Bochnia ul. Kazimierza Wielkiego 67;1255;317;317;17;300;25.26;5.36;1299;756;756;8;748;58.20;1.06
52761;120101;13;Publicza Szkoła Podstawowa Nr 5 im. Jana Matejki w Bochni 32-700 Bochnia ul. Kazimierza Wielkiego 71;2150;583;583;20;563;27.12;3.43;2163;1282;1282;21;1261;59.27;1.64
52762;120101;14;Zespół Szkół nr 1 w Bochni 32-700 Bochnia ul. Windakiewicza 23;1288;340;340;8;332;26.40;2.35;1231;691;691;18;673;56.13;2.60
52763;120101;15;Miejskie Przedszkole nr 2 w Bochni 32-700 Bochnia ul. Legionów Polskich 8;1557;388;388;15;373;24.92;3.87;1525;870;870;15;855;57.05;1.72
52764;120101;16;Miejskie Przedszkole nr 1 w Bochni 32-700 Bochnia ul. Jakubowskiego 12;1370;370;370;18;352;27.01;4.86;1293;740;740;16;724;57.23;2.16
90519;120101;17;Szpital Powiatowy w Bochni 32-700 Bochnia ul. Krakowska 31;64;2;2;0;2;3.12;0.00;77;23;23;1;22;29.87;4.35
90520;120101;18;Dom Pomocy Społecznej w Bochni 32-700 Bochnia ul. Karolina 14d;84;18;18;0;18;21.43;0.00;110;39;39;8;31;35.45;20.51
52765;120102;1;Zespół Szkół Gminnych w Proszówkach 32-700 Proszówki 365;1514;333;333;14;319;21.99;4.20;1539;832;832;37;795;54.06;4.45
52766;120102;2;Świetlica Wiejska w Cikowicach 32-700 Cikowice 69;694;183;183;7;176;26.37;3.83;700;417;417;9;408;59.57;2.16
52767;120102;3;Świetlica Wiejska w Łapczycy 32-744 Łapczyca 496;1649;353;353;12;341;21.41;3.40;1661;821;821;33;788;49.43;4.02
52768;120102;4;Zespół Szkół Gminnych w Nieszkowicach Małych 32-744 Nieszkowice Małe 112;976;180;180;3;177;18.44;1.67;995;479;479;22;457;48.14;4.59
52769;120102;5;Galeria Wiejska w Chełmie 32-744 Chełm 75;1074;312;312;10;302;29.05;3.21;1105;626;626;21;605;56.65;3.35
52770;120102;6;Zespół Szkół Gminnych w Nieszkowicach Wielkich 32-700 Nieszkowice Wielkie 67;1068;162;162;7;155;15.17;4.32;1077;572;572;28;544;53.11;4.90
52771;120102;7;Zespół Szkół Gminnych w Bogucicach 32-711 Bogucice 83;1136;215;215;6;209;18.93;2.79;1122;581;581;34;547;51.78;5.85
52772;120102;8;Gminne Przedszkole w Cerekwi 32-711 Cerekiew 7;494;73;73;8;65;14.78;10.96;496;249;249;5;244;50.20;2.01
52773;120102;9;Zespół Szkół Gminnych w Gawłowie 32-711 Gawłów 64;980;168;168;5;163;17.14;2.98;975;506;506;18;488;51.90;3.56
52774;120102;10;Świetlica Wiejska w Gierczycach 32-744 Gierczyce 16;829;179;179;3;176;21.59;1.68;847;406;406;22;384;47.93;5.42
52775;120102;11;Świetlica Wiejska w Brzeźnicy 32-700 Brzeźnica 168;953;155;155;4;151;16.26;2.58;976;474;474;21;453;48.57;4.43
52776;120102;12;Świetlica Wiejska w Gorzkowie 32-700 Gorzków 7;368;108;108;2;106;29.35;1.85;367;225;225;7;218;61.31;3.11
52777;120102;13;Zespół Szkół Gminnych w Damienicach 32-700 Damienice 11;707;163;163;7;156;23.06;4.29;713;389;389;15;374;54.56;3.86
52778;120102;14;Zespół Szkół Gminnych w Baczkowie 32-708 Baczków 23;736;148;148;8;140;20.11;5.41;751;418;418;23;395;55.66;5.50
52779;120102;15;Zespół Szkół Gminnych w Pogwizdowie 32-700 Pogwizdów 26;863;126;126;7;119;14.60;5.56;872;399;399;19;380;45.76;4.76
52780;120102;16;Zespół Szkół Gminnych w Stanisławicach 32-015 Stanisławice 306;1126;233;233;9;224;20.69;3.86;1123;555;555;9;546;49.42;1.62
52781;120103;1;Urząd Gminy w Drwini 32-709 Drwinia 57;1085;157;157;6;151;14.47;3.82;1065;537;537;21;516;50.42;3.91
52782;120103;2;Gminne Centrum Kultury i Promocji w Grobli 32-709 Grobla 155;1166;271;271;18;253;23.24;6.64;1161;674;674;26;648;58.05;3.86
52783;120103;3;Zespół Szkolny-Przedszkolny w Świniarach 32-709 Świniary 74;714;129;129;1;128;18.07;0.78;701;385;385;11;374;54.92;2.86
52784;120103;4;Zespół Szkolno-Przedszkolny w Mikluszowicach 32-708 Mikluszowice 228;1324;337;337;17;320;25.45;5.04;1342;715;715;21;694;53.28;2.94
52785;120103;5;Zespół Szkolno-Przedszkolny w Dziewinie 32-708 Dziewin 231;886;177;177;12;165;19.98;6.78;877;419;419;22;397;47.78;5.25
52786;120104;1;Remiza OSP w Borównej 32-724 Borówna 117;272;44;44;3;41;16.18;6.82;266;118;118;5;113;44.36;4.24
52787;120104;2;Wiejski Dom Ludowy w Lipnicy Dolnej 32-724 Lipnica Dolna 12;878;222;222;11;211;25.28;4.95;887;466;466;28;438;52.54;6.01
52788;120104;3;Wiejski Dom Ludowy w Lipnicy Górnej 32-724 Lipnica Górna 65;844;209;209;10;199;24.76;4.78;855;451;451;19;432;52.75;4.21
52789;120104;4;Gminny Dom Kultury w Lipnicy Murowanej 32-724 Lipnica Murowana 74;603;192;192;6;186;31.84;3.12;591;388;388;13;375;65.65;3.35
52790;120104;5;Zespół Szkół w Rajbrocie 32-725 Rajbrot 362;1779;305;305;18;287;17.14;5.90;1784;850;850;57;793;47.65;6.71
52791;120105;1;Centrum Kultury Gminy Łapanów 32-740 Łapanów 10;1652;377;377;17;360;22.82;4.51;1708;943;943;40;903;55.21;4.24
52792;120105;2;Centrum Kultury Gminy Łapanów 32-740 Łapanów 10;1429;257;257;8;249;17.98;3.11;1478;700;700;28;672;47.36;4.00
52793;120105;3;Dom Kultury w Sobolowie 32-742 Sobolów 97;1122;319;319;30;289;28.43;9.40;1130;607;607;52;555;53.72;8.57
52794;120105;4;Zespół Szkół w Tarnawie 32-741 Tarnawa 119;1010;167;167;7;160;16.53;4.19;1015;489;489;25;464;48.18;5.11
52795;120105;5;Publiczna Szkoła Podstawowa w Grabiu 32-740 Grabie 60;832;165;165;11;154;19.83;6.67;856;414;414;27;387;48.36;6.52
52796;120106;1;Remiza OSP 32-722 Królówka 315;1606;325;325;20;305;20.24;6.15;1614;904;904;51;853;56.01;5.64
52797;120106;2;Zespół Szkół 32-720 Nowy Wiśnicz ul. Kościelna 2;2140;684;684;39;645;31.96;5.70;2133;1337;1337;30;1307;62.68;2.24
52798;120106;3;Świetlica Wiejska 32-720 Połom Duży 85;450;122;122;6;116;27.11;4.92;450;265;265;18;247;58.89;6.79
52799;120106;4;Środowiskowy Dom Samopomocy w Muchówce 32-722 Muchówka 157;784;271;271;18;253;34.57;6.64;789;470;470;11;459;59.57;2.34
52800;120106;5;Zespół Szkół 32-720 Stary Wiśnicz 480;2097;492;492;13;479;23.46;2.64;2150;1245;1245;38;1207;57.91;3.05
52801;120106;6;Zespół Szkół 32-720 Kobyle 81;1017;156;156;10;146;15.34;6.41;1024;520;520;15;505;50.78;2.88
52802;120106;7;Szkoła Podstawowa 32-720 Chronów 173;372;86;86;7;79;23.12;8.14;361;177;177;14;163;49.03;7.91
52803;120106;8;Zespół Szkół 32-720 Nowy Wiśnicz ul. Kościelna 2;1912;435;435;11;424;22.75;2.53;1969;1049;1049;40;1009;53.28;3.81
90521;120106;9;Zakład Karny 32-720 Nowy Wiśnicz;342;68;68;8;60;19.88;11.76;333;171;171;19;152;51.35;11.11
52804;120107;1;Ośrodek Rehabilitacji w Rzezawie 32-765 Rzezawa ul. Kościelna 6;2184;590;590;15;575;27.01;2.54;2176;1278;1278;26;1252;58.73;2.03
52805;120107;2;Budynek OSP w Bratucicach 32-712 Bratucice 12;571;102;102;4;98;17.86;3.92;578;257;257;15;242;44.46;5.84
52806;120107;3;Świetlica Wiejska w Okulicach 32-712 Okulice 35;522;96;96;4;92;18.39;4.17;518;235;235;12;223;45.37;5.11
52807;120107;4;Zespół Szkolno - Przedszkolny w Łazach 32-765 Łazy 50;823;169;169;5;164;20.53;2.96;813;424;424;14;410;52.15;3.30
52808;120107;5;Publiczna Szkoła Podstawowa w Krzeczowie 32-700 Krzeczów 200;1184;287;287;3;284;24.24;1.05;1159;649;649;27;622;56.00;4.16
52809;120107;6;Zespół Szkolno - Przedszkolny w Borku 32-765 Borek 148;1302;270;270;10;260;20.74;3.70;1331;664;664;17;647;49.89;2.56
52810;120107;7;Dom Ludowy w Buczkowie 32-712 Buczków 137;306;55;55;1;54;17.97;1.82;304;155;155;5;150;50.99;3.23
52811;120107;8;Świetlica Wiejska w Dąbrówce 32-712 Dąbrówka 1;666;136;136;4;132;20.42;2.94;663;289;289;9;280;43.59;3.11
52812;120107;9;Publiczna Szkoła Podstawowa w Jodłówce 32-765 Jodłówka 274;1091;264;265;9;255;24.20;3.41;1095;599;599;18;581;54.70;3.01
52813;120108;1;Publiczna Szkoła Podstawowa w Kamionnej 32-732 Kamionna 263;837;207;207;5;202;24.73;2.42;853;476;476;12;464;55.80;2.52
52814;120108;2;Publiczna Szkoła Podstawowa w Kierlikówce 32-732 Kierlikówka 4;673;167;167;1;166;24.81;0.60;670;412;412;14;398;61.49;3.40
52815;120108;3;Zespół Szkół w Leszczynie 32-733 Leszczyna 132;622;149;149;7;142;23.95;4.70;619;329;329;4;325;53.15;1.22
52816;120108;4;Publiczna Szkoła Podstawowa w Łąkcie Dolnej 32-733 Łąkta Dolna 136;780;206;206;3;203;26.41;1.46;795;478;478;21;457;60.13;4.39
52817;120108;5;Dom Strażaka w Trzcianie 32-733 Trzciana 316;1245;295;295;11;284;23.69;3.73;1246;673;673;22;651;54.01;3.27
52818;120109;1;Remiza Ochotniczej Straży Pożarnej 32-731 Łąkta Górna 71;1238;402;402;17;385;32.47;4.23;1256;768;768;16;752;61.15;2.08
52819;120109;2;Zespół Szkół 32-731 Rozdziele 156;679;269;269;3;266;39.62;1.12;677;433;433;6;427;63.96;1.39
52820;120109;3;Urząd Gminy 32-731 Żegocina 316;1607;561;561;10;551;34.91;1.78;1610;1029;1029;13;1016;63.91;1.26
52821;120109;4;Remiza Ochotniczej Straży Pożarnej 32-731 Bytomsko 125;541;212;212;4;208;39.19;1.89;544;349;349;12;337;64.15;3.44
52822;120201;1;Budynek Wielofunkcyjny w Bielczy 32-824 Bielcza 325A;1322;272;272;17;255;20.57;6.25;1317;596;596;21;575;45.25;3.52
52823;120201;2;Dom Ludowy w Borzęcinie Górnym 32-825 Borzęcin 562;2263;577;577;28;549;25.50;4.85;2292;1103;1103;55;1048;48.12;4.99
52824;120201;3;Publiczna Szkoła Podstawowa w Borzęcinie Dolnym 32-825 Borzęcin 321B;757;114;114;6;108;15.06;5.26;763;314;314;12;302;41.15;3.82
52825;120201;4;Remiza OSP w Łękach 32-823 Łęki 80A;500;134;134;7;127;26.80;5.22;500;250;250;15;235;50.00;6.00
52826;120201;5;Zespół Szkół - Sala Gimnastyczna w Przyborowie 32-823 Przyborów 192;1468;376;376;9;367;25.61;2.39;1501;707;707;25;682;47.10;3.54
52827;120201;6;Świetlica Wiejska w Warysiu 32-825 Waryś 327A;389;107;107;3;104;27.51;2.80;386;178;178;13;165;46.11;7.30
52828;120202;1;Publiczne Przedszkole nr 4 32-800 Brzesko ul. Ogrodowa 10;1337;339;339;15;324;25.36;4.42;1338;618;618;12;606;46.19;1.94
52829;120202;2;Budynek dawnego ratusza 32-800 Brzesko ul. Kościuszki 7;1311;369;369;8;361;28.15;2.17;1248;686;686;8;678;54.97;1.17
52830;120202;3;Miejski Zakład Gospodarki Mieszkaniowej 32-800 Brzesko ul. Okocimska 5;1258;434;434;9;425;34.50;2.07;1216;738;738;16;722;60.69;2.17
52831;120202;4;Kręgielnia BOSiR 32-800 Brzesko ul. Browarna 13A;1115;343;343;10;333;30.76;2.92;1077;561;561;13;548;52.09;2.32
52832;120202;5;Rejonowe Przedsiębiorstwo Wodociągów i Kanalizacji Spółka z o. o. 32-800 Brzesko ul. Solskiego 13;1371;421;421;11;410;30.71;2.61;1387;809;809;21;788;58.33;2.60
52833;120202;6;Publiczne Gimnazjum Nr 1 32-800 Brzesko ul. Głowackiego 57;1192;402;402;7;395;33.72;1.74;1171;700;700;13;687;59.78;1.86
52834;120202;7;Publiczna Szkoła Podstawowa Nr 3 32-800 Brzesko ul. Legionów Piłsudskiego 23;1621;503;503;11;492;31.03;2.19;1586;939;939;18;921;59.21;1.92
52835;120202;8;Publiczna Szkoła Podstawowa Nr 3 32-800 Brzesko ul. Legionów Piłsudskiego 23;1342;401;401;8;393;29.88;2.00;1318;768;768;14;754;58.27;1.82
52836;120202;9;Publiczna Szkoła Podstawowa Nr 2 32-800 Brzesko ul. Królowej Jadwigi 18;1133;343;343;16;327;30.27;4.66;1112;643;643;15;628;57.82;2.33
52837;120202;10;Publiczna Szkoła Podstawowa Nr 2 32-800 Brzesko ul. Królowej Jadwigi 18;1095;378;378;9;369;34.52;2.38;1073;633;633;4;629;58.99;0.63
52838;120202;11;Publiczne Gimnazjum Nr 2 32-800 Brzesko ul. Czarnowiejska 44;999;285;285;4;281;28.53;1.40;1028;589;589;14;575;57.30;2.38
52839;120202;12;Publiczna Szkoła Podstawowa 32-800 Jasień ul. Zielna 1;401;77;77;0;77;19.20;0.00;413;215;215;2;213;52.06;0.93
52840;120202;13;Publiczna Szkoła Podstawowa 32-800 Jasień ul. Zielna 1;1954;590;590;26;564;30.19;4.41;2001;1118;1118;31;1087;55.87;2.77
52841;120202;14;Publiczna Szkoła Podstawowa 32-800 Bucze ul. Okulicka 6;1069;237;237;6;231;22.17;2.53;1063;525;525;22;503;49.39;4.19
52842;120202;15;Publiczne Gimnazjum 32-851 Jadowniki ul. Szkolna 7;1367;358;358;12;346;26.19;3.35;1364;696;696;23;673;51.03;3.30
52843;120202;16;Dom Ludowy 32-851 Jadowniki ul.Krakowska 98;1353;342;342;5;337;25.28;1.46;1372;706;706;18;688;51.46;2.55
52844;120202;17;Publiczna Szkoła Podstawowa Nr1 32-825 Jadowniki ul. Św. Prokopa 4;1277;280;280;10;270;21.93;3.57;1265;621;621;22;599;49.09;3.54
52845;120202;18;Dom Ludowy 32-800 Okocim ul. Goetzów Okocimskich 83;1565;313;313;19;294;20.00;6.07;1580;716;716;26;690;45.32;3.63
52846;120202;19;Publiczna Szkoła Podstawowa 32-800 Poręba Spytkowska ul. Kasztelana Spytka 98;1671;340;340;11;329;20.35;3.24;1695;775;775;25;750;45.72;3.23
52847;120202;20;Gminny Ośrodek Sportu i Rekreacji 32-800 Mokrzyska ul. Kościelna 1;1739;344;344;14;330;19.78;4.07;1744;813;813;20;793;46.62;2.46
52848;120202;21;Publiczna Szkoła Podstawowa 32-823 Mokrzyska ul. Wiślana 47;545;150;150;3;147;27.52;2.00;547;296;296;10;286;54.11;3.38
52849;120202;22;Publiczna Szkoła Podstawowa 32-823 Szczepanów ul. Św. Stanisława 5;1025;281;281;18;263;27.41;6.41;1033;531;531;18;513;51.40;3.39
52850;120202;23;Dom Kultury 32-823 Sterkowiec ul. Sosnowa 18;1131;263;263;5;258;23.25;1.90;744;407;407;4;403;54.70;0.98
90522;120202;24;Samodzielny Publiczny Zespół Opieki Zdrowotnej 32-800 Brzesko ul. Kościuszki 68;111;31;31;1;30;27.93;3.23;396;198;198;13;185;50.00;6.57
90523;120202;25;Powiatowy Publiczny Zakład Opiekuńczo-Leczniczy 32-800 Brzesko ul. Kościuszki 33;62;8;8;0;8;12.90;0.00;118;55;55;2;53;46.61;3.64
52851;120203;1;Publiczna Szkoła Podstawowa w Czchowie 32-860 Czchów ul. Szkolna 2;1882;455;455;9;446;24.18;1.98;1862;1007;1007;30;977;54.08;2.98
52852;120203;2;Publiczna Szkoła Podstawowa w Wytrzyszczce 32-860 Wytrzyszczka 15;484;127;127;6;121;26.24;4.72;473;252;252;2;250;53.28;0.79
52853;120203;3;Zespół Szkół w Jurkowie 32-860 Jurków 150;1011;246;246;11;235;24.33;4.47;1032;551;551;31;520;53.39;5.63
52854;120203;4;Zespół Szkół w Złotej 32-859 Złota 50;1098;321;321;8;313;29.23;2.49;1104;633;633;15;618;57.34;2.37
52855;120203;5;Zespół Szkół w Tymowej 32-863 Tymowa 376;1231;200;200;10;190;16.25;5.00;1220;577;577;20;557;47.30;3.47
52856;120203;6;Zespół Szkół w Tworkowej 32-863 Tworkowa 36;844;178;178;6;172;21.09;3.37;849;416;416;25;391;49.00;6.01
52857;120203;7;Zespół Szkół i Przedszkola w Domosławicach 32-860 Domosławice 24;588;186;186;5;181;31.63;2.69;584;307;307;12;295;52.57;3.91
52858;120203;8;Budynek Komunalny 32-860 Piaski-Drużków 1;376;77;77;3;74;20.48;3.90;381;175;175;10;165;45.93;5.71
52859;120204;1;Zespół Szkolno-Przedszkolny w Dębnie 32-852 Dębno 212;1332;347;347;11;336;26.05;3.17;1328;742;742;26;716;55.87;3.50
52860;120204;2;Zespół Szkół w Porąbce Uszewskiej 32-854 Porąbka Uszewska 306;1497;361;361;11;350;24.11;3.05;1500;806;806;30;776;53.73;3.72
52861;120204;3;Publiczna Szkoła Podstawowa w Łoniowej 32-854 Łoniowa 210;751;195;195;13;182;25.97;6.67;748;438;438;21;417;58.56;4.79
52862;120204;4;Zespół Szkolno-Przedszkolny w Łysej Górze 32-853 Łysa Góra 275;1200;376;376;13;363;31.33;3.46;1187;692;692;12;680;58.30;1.73
52863;120204;5;Zespół Szkół w Sufczynie 32-852 Sufczyn 250;1531;377;377;22;355;24.62;5.84;1549;870;870;23;847;56.17;2.64
52864;120204;6;Zespół Szkolno-Przedszkolny w Maszkienicach 32-828 Maszkienice 51;1155;210;210;10;200;18.18;4.76;1161;536;536;18;518;46.17;3.36
52865;120204;7;Publiczna Szkoła Podstawowa w Biadolinach Szlacheckich 32-828 Biadoliny Szlacheckie 44;1086;242;242;16;226;22.28;6.61;1106;586;586;22;564;52.98;3.75
52866;120204;8;Publiczna Szkoła Podstawowa w Jaworsku 32-853 Jaworsko 151;561;97;97;10;87;17.29;10.31;553;285;285;17;268;51.54;5.96
52867;120204;9;Publiczna Szkoła Podstawowa w Niedźwiedzy 32-854 Niedźwiedza 130;486;111;111;4;107;22.84;3.60;479;264;264;9;255;55.11;3.41
52868;120204;10;Urząd Gminy Dębno 32-852 Wola Dębińska 240;1364;346;346;16;330;25.37;4.62;1406;751;751;16;735;53.41;2.13
52869;120204;11;Dębińskie Centrum Kultury 32-852 Jastew 13;409;102;102;5;97;24.94;4.90;409;211;211;9;202;51.59;4.27
90524;120204;12;Dom Pomocy Społecznej w Porąbce Uszewskiej 32-854 Porąbka Uszewska 272;27;23;23;0;23;85.19;0.00;26;25;25;0;25;96.15;0.00
52870;120205;1;Publiczna Szkoła Podstawowa 32-864 Gnojnik 336;1851;493;493;22;471;26.63;4.46;1901;1093;1093;42;1051;57.50;3.84
52871;120205;2;Publiczna Szkoła Podstawowa 32-865 Uszew 205;1253;283;283;27;256;22.59;9.54;1265;631;631;30;601;49.88;4.75
52872;120205;3;Zespół Szkolno-Przedszkolny 32-864 Biesiadki 58;890;215;215;8;207;24.16;3.72;901;460;460;19;441;51.05;4.13
52873;120205;4;Publiczna Szkoła Podstawowa 32-864 Gosprzydowa 155;811;145;145;4;141;17.88;2.76;826;374;374;25;349;45.28;6.68
52874;120205;5;Zespół Szkolno-Przedszkolny 32-864 Lewniowa 275;693;185;185;5;180;26.70;2.70;713;377;377;24;353;52.88;6.37
52875;120205;6;Dom Ludowy 32-865 Zawada Uszewska 176;415;101;101;6;95;24.34;5.94;427;233;233;16;217;54.57;6.87
52876;120206;1;Publiczne Gimnazjum im.Jana Pawła II w Iwkowej 32-861 Iwkowa 525;1229;266;266;8;258;21.64;3.01;1219;646;646;30;616;52.99;4.64
52877;120206;2;Gminny Ośrodek Kultury w Iwkowej 32-861 Iwkowa 468;914;294;294;9;285;32.17;3.06;912;543;543;16;527;59.54;2.95
52878;120206;3;Publiczna Szkoła Podstawowa w Kątach 32-862 Kąty 21;1369;279;279;20;259;20.38;7.17;1363;708;708;44;664;51.94;6.21
52879;120206;4;Zespół Szkół Publiczna Szkoła Podstawowa im.Kazimierza Brodzińskiego w Wojakowej 32-862 Wojakowa 49;1308;294;294;11;283;22.48;3.74;1314;708;708;37;671;53.88;5.23
52880;120207;1;Ochotnicza Straż Pożarna w Górce 32-820 Górka 67A;400;51;51;4;47;12.75;7.84;394;121;121;9;112;30.71;7.44
52881;120207;2;Publiczna Szkoła Podstawowa w Niedzieliskach 32-820 Niedzieliska 111;814;119;119;7;112;14.62;5.88;797;300;300;14;286;37.64;4.67
52882;120207;3;Publiczna Szkoła Podstawowa w Strzelcach Wielkich 32-822 Strzelce Wielkie 60;643;91;91;3;88;14.15;3.30;655;237;237;3;234;36.18;1.27
52883;120207;4;Publiczne Gimnazjum w Szczurowej 32-820 Szczurowa ul. Rynek 14;1642;313;313;16;297;19.06;5.11;1594;692;692;17;675;43.41;2.46
52884;120207;5;Publiczna Szkoła Podstawowa w Woli Przemykowskiej 32-821 Wola Przemykowska 102;689;139;139;9;130;20.17;6.47;677;297;297;18;279;43.87;6.06
52885;120207;6;Publiczne Gimnazjum w Zaborowie 32-821 Zaborów 63;1029;170;170;7;163;16.52;4.12;1022;403;403;24;379;39.43;5.96
52886;120207;7;Publiczna Szkoła Podstawowa w Uściu Solnym 32-813 Uście Solne 80A;800;163;163;7;156;20.38;4.29;798;379;379;12;367;47.49;3.17
52887;120207;8;Dom Ludowy w Dołędze 32-821 Dołęga 39A;371;70;70;2;68;18.87;2.86;357;150;150;3;147;42.02;2.00
52888;120207;9;Szkoła Podstawowa w Szczurowej Filia Rudy-Rysie 32-820 Rudy-Rysie 118;578;132;132;5;127;22.84;3.79;564;274;274;10;264;48.58;3.65
52889;120207;10;Szkoła Podstawowa w Szczurowej Filia Strzelce Małe 32-822 Strzelce Małe 90;525;116;116;2;114;22.10;1.72;521;236;236;8;228;45.30;3.39
52890;120207;11;Publiczna Szkoła Podstawowa w Strzelcach Wielkich Filia Wrzępia 32-822 Wrzępia 129;350;60;60;3;57;17.14;5.00;357;142;142;8;134;39.78;5.63
52891;120301;1;Zespół Szkół Nr 1 32-566 Alwernia Skłodowskiej-Curie 4;1420;415;415;16;399;29.23;3.86;1401;797;797;24;773;56.89;3.01
52892;120301;2;Urząd Miejski 32-566 Alwernia Zbigniewa Gęsikowskiego 7;1312;311;311;12;299;23.70;3.86;1301;738;738;13;725;56.73;1.76
52893;120301;3;Zespół Szkół Nr 2 32-566 Brodła Edukacyjna 1;825;136;136;6;130;16.48;4.41;840;366;366;18;348;43.57;4.92
52894;120301;4;Dom Ludowy 32-566 Grojec Bartosza Głowackiego 11;1026;231;231;15;216;22.51;6.49;1026;562;562;18;544;54.78;3.20
52895;120301;5;Zespół Szkół Nr 3 32-566 Kwaczała Jana Pawła II 2;1536;264;264;13;251;17.19;4.92;1502;800;800;30;770;53.26;3.75
52896;120301;6;Dom Ludowy 32-566 Okleśna Nowowiejska 5;1340;172;172;6;166;12.84;3.49;1324;610;610;27;583;46.07;4.43
52897;120301;7;Szkoła Podstawowa 32-566 Poręba Żegoty Szembeków 24;953;151;151;11;140;15.84;7.28;954;434;434;18;416;45.49;4.15
52898;120301;8;Szkoła Podstawowa 32-566 Regulice al. Jana Pawła II 10;1960;421;421;13;408;21.48;3.09;1963;1049;1049;34;1015;53.44;3.24
52899;120302;1;Przedszkole Samorządowe w Babicach 32-551 Babice ul. Krakowska 49;1233;301;301;11;290;24.41;3.65;1224;757;757;29;728;61.85;3.83
52900;120302;2;Dom Kultury w Jankowicach 32-551 Jankowice ul. Wadowicka 46;608;114;114;8;106;18.75;7.02;606;311;311;12;299;51.32;3.86
52901;120302;3;Zespół Szkół w Mętkowie 32-551 Mętków ul. Karola Wojtyły 21;1205;220;220;6;214;18.26;2.73;1178;631;631;22;609;53.57;3.49
52902;120302;4;Przedszkole Samorządowe w Olszynach 32-551 Olszyny ul. Przedszkolna 4;634;130;130;5;125;20.50;3.85;643;364;364;17;347;56.61;4.67
52903;120302;5;Szkoła Podstawowa w Rozkochowie 32-551 Rozkochów ul. Chemików 4;672;113;113;9;104;16.82;7.96;678;332;332;17;315;48.97;5.12
52904;120302;6;Dom Ludowy w Wygiełzowie 32-551 Wygiełzów ul. Lipowiecka 3;589;122;122;4;118;20.71;3.28;587;347;347;16;331;59.11;4.61
52905;120302;7;Przedszkole Samorządowe w Zagórzu 32-555 Zagórze ul. Żelatowa 8;495;95;95;2;93;19.19;2.11;497;249;249;12;237;50.10;4.82
52906;120302;8;Zespół Szkół w Zagórzu 32-555 Zagórze ul. Marszałka Józefa Piłsudskiego 139;967;200;200;12;188;20.68;6.00;973;480;480;13;467;49.33;2.71
52907;120302;9;Zespół Szkół w Zagórzu 32-555 Zagórze Marszałka Józefa Piłsudskiego 139;963;176;176;15;161;18.28;8.52;980;435;435;17;418;44.39;3.91
52908;120303;1;Miejski Ośrodek Kultury, Sportu i Rekreacji w Chrzanowie 32-500 Chrzanów ul. Broniewskiego 4;1063;247;247;4;243;23.24;1.62;1028;506;506;12;494;49.22;2.37
52909;120303;2;Zespół Szkół Nr 3 w chrzanowie (Szkoła Podstawowa Nr 3) 32-500 Chrzanów Aleja Henryka 45;982;267;267;3;264;27.19;1.12;932;508;508;14;494;54.51;2.76
52910;120303;3;Zespół Szkół Nr 3 w Chrzanowie (Szkoła Podstawowa Nr 3) 32-500 Chrzanów Aleja Henryka 45;1460;320;320;14;306;21.92;4.38;1399;674;674;18;656;48.18;2.67
52911;120303;4;Przedszkole Nr 5 w Chrzanowie 32-500 Chrzanów ul. Kościuszki 27;979;300;300;7;293;30.64;2.33;951;559;559;10;549;58.78;1.79
52912;120303;5;I Liceum Ogólnokształcące w Chrzanowie 32-500 Chrzanów ul. Piłsudskiego 14;1160;300;300;7;293;25.86;2.33;1132;643;643;16;627;56.80;2.49
52913;120303;6;I Liceum Ogólnokształcące w Chrzanowie 32-500 Chrzanów ul. Piłsudskiego 14;1403;505;505;8;497;35.99;1.58;1401;907;907;4;903;64.74;0.44
52914;120303;7;Przedszkole Nr 1 w Chrzanowie 32-500 Chrzanów ul. Śląska 74;1386;336;336;7;329;24.24;2.08;1374;781;781;16;765;56.84;2.05
52915;120303;8;Szkoła Podstawowa Nr 5 w Chrzanowie 32-500 Chrzanów ul. Fabryczna 23a;1145;248;248;6;242;21.66;2.42;1138;498;498;22;476;43.76;4.42
52916;120303;9;Szkoła Podstawowa Nr 5 w Chrzanowie 32-500 Chrzanów ul. Fabryczna 23a;1055;228;228;10;218;21.61;4.39;1042;586;586;6;580;56.24;1.02
52917;120303;10;Miejski Ośrodek Kultury, Sportu i Rekreacji w Chrzanowie 32-500 Chrzanów ul. Broniewskiego 4;1700;503;503;14;489;29.59;2.78;1666;920;920;21;899;55.22;2.28
52918;120303;11;Publiczne Gimnazjum Nr 1 w Chrzanowie 32-500 Chrzanów ul. Zielona 15;1683;436;436;15;421;25.91;3.44;1641;911;911;16;895;55.51;1.76
52919;120303;12;Miejska Biblioteka Publiczna w Chrzanowie 32-500 Chrzanów ul. Broniewskiego 10C;1622;378;378;14;364;23.30;3.70;1602;887;887;14;873;55.37;1.58
52920;120303;13;Szkoła Podstawowa Nr 1 w Chrzanowie 32-500 Chrzanów ul. Borelowskiego 1;1579;455;455;16;439;28.82;3.52;1537;860;860;23;837;55.95;2.67
52921;120303;14;Zespół Szkół Nr 2 (Szkoła Podstawowa Nr 10) w Chrzanowie 32-500 Chrzanów ul. Kardynała Wyszyńskiego 19;824;227;227;5;222;27.55;2.20;821;452;452;11;441;55.05;2.43
52922;120303;15;Zespół Szkół Nr 2 (Szkoła Podstawowa Nr 10) w Chrzanowie 32-500 Chrzanów ul. Kardynała Wyszyńskiego 19;1363;429;429;23;406;31.47;5.36;1307;780;780;14;766;59.68;1.79
52923;120303;16;Przedszkole Nr 10 w Chrzanowie 32-500 Chrzanów ul. Sikorskiego 6;1770;493;493;16;477;27.85;3.25;1729;1021;1021;21;1000;59.05;2.06
52924;120303;17;Zespół Szkół Nr 1 w Chrzanowie (Szkoła Podstawowa Nr 8) 32-500 Chrzanów ul. Pogorska 8c;1374;279;279;10;269;20.31;3.58;1325;683;683;15;668;51.55;2.20
52925;120303;18;Przedszkole Nr 9 w Chrzanowie 32-500 Chrzanów ul. Brzezina 14;1782;427;427;11;416;23.96;2.58;1738;960;960;16;944;55.24;1.67
52926;120303;19;Zespół Szkół Nr 1 (Szkoła Podstawowa Nr 8) w Chrzanowie 32-500 Chrzanów ul. Pogorska 8c;1734;384;384;9;375;22.15;2.34;1693;926;926;20;906;54.70;2.16
52927;120303;20;Przedszkole Nr 9 w Chrzanowie 32-500 Chrzanów ul. Brzezina 14;1703;427;427;21;406;25.07;4.92;1653;940;940;13;927;56.87;1.38
52928;120303;21;Centrum Usług Socjalnych w Chrzanowie 32-500 Chrzanów ul. Kolonia Stella 11;571;78;78;7;71;13.66;8.97;579;244;244;15;229;42.14;6.15
52929;120303;22;Szkoła Podstawowa Nr 6 w Chrzanowie 32-500 Chrzanów ul. Dworska 5;2145;659;659;16;643;30.72;2.43;2190;1347;1347;28;1319;61.51;2.08
52930;120303;23;Szkoła Podstawowa w Balinie 32-500 Balin ul. Jaworznicka 139;1338;198;198;5;193;14.80;2.53;1330;640;640;10;630;48.12;1.56
52931;120303;24;Szkoła Podstawowa w Balinie 32-500 Balin ul. Jaworznicka 139;1140;252;252;2;250;22.11;0.79;1154;601;601;12;589;52.08;2.00
52932;120303;25;Szkoła Podstawowa w Luszowicach 32-500 Luszowice, Okradziejówka ul. Przybyszewskiego 6;1747;282;282;11;271;16.14;3.90;1740;872;872;27;845;50.11;3.10
52933;120303;26;Zespół Szkół w Płazie 32-552 Płaza ul. Wiosny Ludów 2;1258;223;223;14;209;17.73;6.28;1261;684;684;15;669;54.24;2.19
52934;120303;27;Zespół Szkół w Płazie 32-552 Płaza ul. Wiosny Ludów 2;1228;204;204;8;196;16.61;3.92;1208;583;583;24;559;48.26;4.12
52935;120303;28;Szkoła Podstawowa w Pogorzycach 32-500 Płaza, Pogorzyce, Żrebce ul. Szymanowskiego 21;1566;267;267;15;252;17.05;5.62;1573;713;713;17;696;45.33;2.38
90525;120303;29;Szpital Powiatowy w Chrzanowie 32-500 Chrzanów ul. Topolowa 16;303;80;80;3;77;26.40;3.75;170;93;93;7;86;54.71;7.53
90526;120303;30;Powiatowy Dom Pomocy Społecznej im. Adama Starzeńskiego w Płazie 32-552 Płaza ul. Wiosny Ludów 4;86;11;11;0;11;12.79;0.00;78;35;35;2;33;44.87;5.71
90527;120303;31;Zakład Opiekuńczo-Leczniczy w Chrzanowie 32-500 Chrzanów ul. Śląska 62a;83;42;42;0;42;50.60;0.00;84;50;50;0;50;59.52;0.00
52936;120304;1;Szkoła Podstawowa Nr 2 w Libiążu 32-590 Libiąż Plac Zwycięstwa 2;1519;288;288;16;272;18.96;5.56;1519;869;869;30;839;57.21;3.45
52937;120304;2;Gimnazjum Nr 1 w Libiążu 32-590 Libiąż ul. Szkolna 1;1818;457;457;17;440;25.14;3.72;1848;1099;1099;29;1070;59.47;2.64
52938;120304;3;Miejskie Centrum Medyczne w Libiążu 32-590 Libiąż ul. 9 Maja 2;807;213;213;5;208;26.39;2.35;807;484;484;7;477;59.98;1.45
52939;120304;4;Libiąskie Centrum Kultury 32-590 Libiąż ul. Górnicza 1;807;175;175;5;170;21.69;2.86;819;459;459;6;453;56.04;1.31
52940;120304;5;Zespół Szkolno-Gimnazjalny z Oddziałami Integracyjnymi w Libiążu (wejście boczne) 32-590 Libiąż ul. Paderewskiego 2;1804;396;396;17;379;21.95;4.29;1738;954;954;29;925;54.89;3.04
52941;120304;6;Gimnazjum Nr 1 w Libiążu 32-590 Libiąż ul. Szkolna 1;985;214;214;9;205;21.73;4.21;974;570;570;9;561;58.52;1.58
52942;120304;7;Przedszkole Samorządowe Nr 4 w Libiążu 32-590 Libiąż ul. Wańkowicza 1;1510;292;292;8;284;19.34;2.74;1464;736;736;34;702;50.27;4.62
52943;120304;8;Zespół Szkolno-Gimnazjalny z Oddziałami Integracyjnymi w Libiążu (wejście główne) 32-590 Libiąż ul. Paderewskiego 2;833;150;150;3;147;18.01;2.00;783;411;411;8;403;52.49;1.95
52944;120304;9;Szkoła Podstawowa Nr 3 w Libiążu 32-590 Libiąż ul. Świętej Barbary 5;944;184;184;11;173;19.49;5.98;918;493;493;20;473;53.70;4.06
52945;120304;10;Miejska Biblioteka Publiczna w Libiążu 32-590 Libiąż ul. Górnicza 11;1034;203;203;16;187;19.63;7.88;1006;488;488;30;458;48.51;6.15
52946;120304;11;Ochotnicza Straż Pożarna Moczydło w Libiążu 32-590 Libiąż ul. Generała Andersa 9;948;200;200;9;191;21.10;4.50;930;460;460;12;448;49.46;2.61
52947;120304;12;Szkoła Podstawowa Nr 2 w Libiążu 32-590 Libiąż Plac Zwycięstwa 2;1028;268;268;16;252;26.07;5.97;1017;608;608;20;588;59.78;3.29
52948;120304;13;Zespół Szkół w Żarkach 32-593 Żarki ul. Astronautów 3;1539;310;310;16;294;20.14;5.16;1526;831;831;23;808;54.46;2.77
52949;120304;14;Dom Kultury w Żarkach 32-593 Żarki ul. Klubowa 5;1513;232;232;15;217;15.33;6.47;1495;731;731;23;708;48.90;3.15
52950;120304;15;Zespół Szkolno-Przedszkolny w Gromcu 32-590 Gromiec ul. Husarska 2;1285;235;235;6;229;18.29;2.55;1282;705;705;33;672;54.99;4.68
52951;120305;1;Szkoła Podstawowa Nr 8 32-540 Trzebinia Osiedle Związku Walki Młodych 21;1069;238;238;3;235;22.26;1.26;1043;587;587;12;575;56.28;2.04
52952;120305;2;Szkoła Podstawowa Nr 8 32-540 Trzebinia Osiedle Związku Walki Młodych 21;1033;229;229;5;224;22.17;2.18;997;546;546;23;523;54.76;4.21
52953;120305;3;Zespół Szkół Ekonomiczno-Chemicznych 32-540 Trzebinia Krakowska 12;1596;347;347;7;340;21.74;2.02;1550;781;781;27;754;50.39;3.46
52954;120305;4;Usługi Komunalne 32-540 Trzebinia Rynek 18;1005;232;232;2;230;23.08;0.86;962;530;530;19;511;55.09;3.58
52955;120305;5;Dwór Zieleniewskich 32-540 Trzebinia Marszałka Piłsudskiego 47a;1155;308;308;11;297;26.67;3.57;1126;659;659;9;650;58.53;1.37
52956;120305;6;Powiatowy Młodzieżowy Dom Kultury 32-540 Trzebinia Kościuszki 70;1081;216;216;8;208;19.98;3.70;1067;539;539;6;533;50.52;1.11
52957;120305;7;Szkoła Podstawowa Nr 3 32-540 Trzebinia 1 Maja 60;1277;223;223;9;214;17.46;4.04;1245;608;608;17;591;48.84;2.80
52958;120305;8;Dom Gromadzki 32-540 Trzebinia 1 Maja 97;936;212;212;8;204;22.65;3.77;967;530;530;8;522;54.81;1.51
52959;120305;9;Szkoła Podstawowa Nr 4 32-541 Trzebinia 24 Stycznia 47;697;127;127;4;123;18.22;3.15;672;268;268;15;253;39.88;5.60
52960;120305;10;Zespół Szkół Techniczno-Usługowych 32-541 Trzebinia Gwarków 2;1207;218;218;10;208;18.06;4.59;1160;559;559;21;538;48.19;3.76
52961;120305;11;Publiczne Społeczne Liceum Ogólnokształcące 32-541 Trzebinia Grunwaldzka 101;1414;304;304;13;291;21.50;4.28;1366;685;685;15;670;50.15;2.19
52962;120305;12;Publiczne Społeczne Liceum Ogólnokształcące 32-541 Trzebinia Grunwaldzka 101;1290;292;292;11;281;22.64;3.77;1265;705;705;12;693;55.73;1.70
52963;120305;13;Szkoła Podstawowa Nr 6 32-541 Trzebinia Osiedle Gaj 39;1925;392;392;14;378;20.36;3.57;1855;898;898;37;861;48.41;4.12
52964;120305;14;Szkoła Podstawowa Nr 6 32-541 Trzebinia Osiedle Gaj 39;584;128;128;13;115;21.92;10.16;565;297;297;8;289;52.57;2.69
52965;120305;15;Wiejski Dom Kultury 32-541 Czyżówka Szkolna 11;546;142;142;4;138;26.01;2.82;541;292;292;16;276;53.97;5.48
52966;120305;16;Dom Strażaka 32-543 Płoki Główna 3;797;182;182;5;177;22.84;2.75;796;452;452;27;425;56.78;5.97
52967;120305;17;Szkoła Podstawowa 32-543 Lgota Szkolna 1;746;113;113;6;107;15.15;5.31;740;382;382;8;374;51.62;2.09
52968;120305;18;Dom Strażaka 32-543 Myślachowice Trzebińska 11;1740;382;382;14;368;21.95;3.66;1738;1012;1012;27;985;58.23;2.67
52969;120305;19;Wiejski Dom Kultury 32-545 Psary Św. Floriana 2;1137;264;264;9;255;23.22;3.41;1132;670;670;25;645;59.19;3.73
52970;120305;20;Wiejski Dom Kultury 32-545 Karniowice Władysława Łokietka 34;1126;216;216;6;210;19.18;2.78;1129;560;560;21;539;49.60;3.75
52971;120305;21;Dom Strażaka 32-545 Dulowa Brata Alberta 5;1185;334;334;14;320;28.19;4.19;1187;714;714;13;701;60.15;1.82
52972;120305;22;Zespół Szkolno-Przedszkolny 32-546 Młoszowa Kamieniec 1;1395;365;366;10;355;26.16;2.74;1391;781;781;11;770;56.15;1.41
52973;120305;23;Zespół Szkolno - Przedszkolny 32-546 Młoszowa Kamieniec 1;849;218;218;3;215;25.68;1.38;861;470;470;11;459;54.59;2.34
52974;120305;24;Wiejski Dom Kultury 32-540 Piła Kościelecka Zielona 50;558;145;145;8;137;25.99;5.52;564;371;371;7;364;65.78;1.89
52975;120305;25;Szkoła Podstawowa 32-540 Bolęcin Zakopiańska 14;1542;279;279;13;266;18.09;4.66;1540;768;768;30;738;49.87;3.91
90528;120305;26;Zakład Karny 32-540 Trzebinia ul. Słowackiego 70;299;153;153;10;143;51.17;6.54;226;132;132;15;117;58.41;11.36
52976;120401;1;Urząd Gminy w Bolesławiu 33-220 Bolesław 68;1819;314;314;13;301;17.26;4.14;1798;670;670;16;654;37.26;2.39
52977;120401;2;Dom Ludowy w Samocicach 33-220 Samocice 70;544;66;66;0;66;12.13;0.00;538;195;195;8;187;36.25;4.10
52978;120402;1;Dąbrowski Dom Kultury 33-200 Dąbrowa Tarnowska ul. Kościuszki 11;1370;308;308;14;294;22.48;4.55;1377;675;675;25;650;49.02;3.70
52979;120402;2;Dąbrowski Dom Kultury 33-200 Dąbrowa Tarnowska ul. Kościuszki 11;1602;404;404;9;395;25.22;2.23;1596;859;859;18;841;53.82;2.10
52980;120402;3;Publiczne Gimnazjum Nr 1 33-200 Dąbrowa Tarnowska ul. Zaręby 22;1677;394;394;8;386;23.49;2.03;1658;880;880;12;868;53.08;1.36
52981;120402;4;Publiczne Gimnazjum Nr 1 33-200 Dąbrowa Tarnowska ul. Zaręby 22;1734;389;389;8;381;22.43;2.06;1642;799;799;22;777;48.66;2.75
52982;120402;5;Publiczna Szkoła Podstawowa Nr 1 33-200 Dąbrowa Tarnowska ul. Kościelna 25A;1584;364;364;7;357;22.98;1.92;1548;757;757;13;744;48.90;1.72
52983;120402;6;Publiczna Szkoła Podstawowa Nr 1 33-200 Dąbrowa Tarnowska ul. Kościelna 25A;940;240;240;5;235;25.53;2.08;938;511;511;10;501;54.48;1.96
52984;120402;7;Publiczna Szkoła Podstawowa Nr 1 33-200 Dąbrowa Tarnowska ul. Kościelna 25A;931;188;188;6;182;20.19;3.19;924;454;454;13;441;49.13;2.86
52985;120402;8;Dom Ludowy 33-200 Brnik 36a;451;80;80;5;75;17.74;6.25;446;216;216;6;210;48.43;2.78
52986;120402;9;Dom Ludowy 33-206 Lipiny 46A;532;112;112;1;111;21.05;0.89;535;258;258;11;247;48.22;4.26
52987;120402;10;Dom Ludowy 33-205 Nieczajna Dolna 35b;492;57;57;0;57;11.59;0.00;486;199;199;17;182;40.95;8.54
52988;120402;11;Publiczna Szkoła Podstawowa 33-205 Nieczajna Górna 337;1100;134;134;5;129;12.18;3.73;1097;453;453;10;443;41.29;2.21
52989;120402;12;Publiczna Szkoła Podstawowa 33-202 Smęgorzów 330;1022;133;133;6;127;13.01;4.51;1024;416;416;11;405;40.62;2.64
52990;120402;13;Filia Publicznej Szkoły Podstawowej 33-202 Sutków 86;329;43;43;3;40;13.07;6.98;340;144;144;10;134;42.35;6.94
52991;120402;14;Publiczna Szkoła Podstawowa 33-200 Szarwark 2;705;117;117;1;116;16.60;0.85;707;302;302;8;294;42.72;2.65
52992;120402;15;Centrum Kulturalno Oświatowe 33-200 Żelazówka 115A;461;112;112;3;109;24.30;2.68;464;271;271;4;267;58.41;1.48
52993;120402;16;Zespół Szkoły Podstawowej i Gimnazjum 33-200 Gruszów Wielki 210;965;156;156;4;152;16.17;2.56;960;400;400;8;392;41.67;2.00
52994;120402;17;Publiczna Szkoła Podstawowa 33-200 Laskówka Chorąska 51;546;99;99;1;98;18.13;1.01;547;277;277;11;266;50.64;3.97
52995;120402;18;Bydynek byłej Szkoły Podstawowej 33-240 Morzychna 69;294;64;64;1;63;21.77;1.56;292;152;152;5;147;52.05;3.29
90529;120402;19;Dom Pomocy Społecznej 33-200 Dąbrowa Tarnowska ul. Św. Brata Alberta Chmielowskiego 16;33;18;18;0;18;54.55;0.00;34;12;12;2;10;35.29;16.67
90530;120402;20;Zespół Opieki Zdrowotnej Szpital Dąbrowa Tarnowska 33-200 Dąbrowa Tarnowska ul. Szpitalna 1;169;15;15;1;14;8.88;6.67;170;33;33;1;32;19.41;3.03
52996;120403;1;Gminne Centrum Kultury i Czytelnictwa w Gręboszowie 33-260 Gręboszów 143;936;225;225;3;222;24.04;1.33;903;408;408;4;404;45.18;0.98
52997;120403;2;Budynek byłej Szkoły Podstawowej w Borusowej 33-260 Borusowa 106;633;165;165;3;162;26.07;1.82;633;294;294;7;287;46.45;2.38
52998;120403;3;Budynek byłego Gimnazjum w Woli Żelichowskiej 33-260 Wola Żelichowska 6;677;143;143;1;142;21.12;0.70;652;295;295;4;291;45.25;1.36
52999;120403;4;Gabinet Rehabilitacji w Ujściu Jezuickim 33-260 Ujście Jezuickie 95;718;127;127;9;118;17.69;7.09;699;312;312;6;306;44.64;1.92
53000;120404;1;Urząd Gminy w Mędrzechowie 33-221 Mędrzechów 434;1725;299;299;14;285;17.33;4.68;1716;751;751;47;704;43.76;6.26
53001;120404;2;Dom Ludowy w Grądach 33-221 Grądy 29;588;116;116;6;110;19.73;5.17;569;220;220;5;215;38.66;2.27
53002;120404;3;Szkoła Podstawowa w Woli Mędrzechowskiej 33-221 Wola Mędrzechowska 127;504;89;89;4;85;17.66;4.49;503;205;205;9;196;40.76;4.39
90531;120404;4;Dom Radosnej Starości w Kupieninie 33-221 Kupienin 35;65;29;29;0;29;44.62;0.00;64;30;30;1;29;46.88;3.33
53003;120405;1;Świetlica Urzędu Gminy w Oleśnie 33-210 Olesno Długa 21A;2277;426;426;21;405;18.71;4.93;2270;1048;1048;33;1015;46.17;3.15
53004;120405;2;Dom Strażaka w Ćwikowie 33-264 Ćwików 75B;679;133;133;8;125;19.59;6.02;689;317;317;11;306;46.01;3.47
53005;120405;3;Świetlica Wiejska w Podborzu 33-210 Podborze;442;102;102;1;101;23.08;0.98;454;216;216;8;208;47.58;3.70
53006;120405;4;Remiza OSP w Zalipiu 33-263 Zalipie 4A;775;87;87;4;83;11.23;4.60;750;284;284;7;277;37.87;2.46
53007;120405;5;Szkoła Podstawowa w Wielopolu 33-210 Wielopole 1;542;98;98;2;96;18.08;2.04;538;251;251;13;238;46.65;5.18
53008;120405;6;Remiza OSP w Pilczy Żelichowskiej 33-264 Pilcza Żelichowska 72A;457;70;70;6;64;15.32;8.57;446;193;193;8;185;43.27;4.15
53009;120405;7;Remiza OSP w Dąbrówkach Breńskich 33-210 Dąbrówki Breńskie 151B;574;126;126;3;123;21.95;2.38;579;272;272;9;263;46.98;3.31
53010;120405;8;Budynek szkoły w Oleśnicy 33-200 Oleśnica;587;128;128;4;124;21.81;3.12;589;283;283;5;278;48.05;1.77
53011;120406;1;Szkoła Podstawowa w Zarzeczu Dużym 33-207 Radgoszcz ul. Mickiewicza 39;1059;156;156;6;150;14.73;3.85;1060;424;424;22;402;40.00;5.19
53012;120406;2;Zespół Szkół Publicznych w Radgoszczy 33-207 Radgoszcz Pl. Św. Kazimierza 10;1583;420;420;29;391;26.53;6.90;1588;837;837;43;794;52.71;5.14
53013;120406;3;Budynek Integracji Społeczności Wiejskiej w Żdżarach 33-207 Żdżary ul. Tarnowska 104;529;143;143;5;138;27.03;3.50;518;252;252;5;247;48.65;1.98
53014;120406;4;Wiejski Dom Kultury w Radgoszczy - Narożnikach 33-207 Radgoszcz ul. Narożniki 75;252;87;87;5;82;34.52;5.75;246;128;128;2;126;52.03;1.56
53015;120406;5;Zespół Szkół Publicznych w Luszowicach 33-206 Luszowice ul. Tarnowska 31;1432;268;268;10;258;18.72;3.73;1443;714;714;26;688;49.48;3.64
53016;120406;6;Szkoła Filialna w Małcu 33-207 Małec ul. Szczucińska 36;435;72;72;4;68;16.55;5.56;433;144;144;9;135;33.26;6.25
53017;120406;7;Dom Ludowy w Smykowie 33-206 Smyków Jeziorańska 1;478;103;103;5;98;21.55;4.85;488;235;235;11;224;48.16;4.68
53018;120407;1;Zespół Szkół w Borkach 33-230 Borki 164;1633;220;220;9;211;13.47;4.09;1622;621;621;30;591;38.29;4.83
53019;120407;2;Szkoła Podstawowa w Zabrniu 33-230 Zabrnie 82;1285;181;181;6;175;14.09;3.31;1255;442;442;19;423;35.22;4.30
53020;120407;3;Budynek Komunalny w Dąbrowicy 33-230 Dąbrowica 161;661;139;139;3;136;21.03;2.16;665;290;290;8;282;43.61;2.76
53021;120407;4;Zespół Szkolno-Przedszkolny w Skrzynce 33-230 Skrzynka 146;511;72;72;3;69;14.09;4.17;506;200;200;6;194;39.53;3.00
53022;120407;5;Wiejski Ośrodek Doradztwa Rolniczego w Lubaszu 33-230 Lubasz 376;1127;148;148;13;135;13.13;8.78;1101;409;409;22;387;37.15;5.38
53023;120407;6;Gimnazjum w Radwanie 33-202 Radwan 184;521;76;76;2;74;14.59;2.63;520;201;201;6;195;38.65;2.99
53024;120407;7;Zespół Szkolno-Przedszkolny w Słupcu 33-230 Słupiec 27;858;165;165;17;148;19.23;10.30;851;376;376;26;350;44.18;6.91
53025;120407;8;Hala Widowiskowo-Sportowa w Szczucinie 33-230 Szczucin Rudnickiego 12;1695;391;391;14;377;23.07;3.58;1686;788;788;21;767;46.74;2.66
53026;120407;9;Urząd Miasta i Gminy w Szczucinie 33-230 Szczucin Wolności 3;2431;533;533;31;502;21.93;5.82;2397;1123;1123;45;1078;46.85;4.01
53027;120501;1;Siedziba Zarządu Osiedla Nr 10 38-300 Gorlice ul. Kolejowa 4;540;124;124;3;121;22.96;2.42;541;266;266;2;264;49.17;0.75
53028;120501;2;Gorlickie Centrum Kultury 38-300 Gorlice ul. Michalusa 4;776;165;165;15;150;21.26;9.09;770;335;335;17;318;43.51;5.07
53029;120501;3;Miejski Zespół Szkół Nr 3 38-300 Gorlice ul. Wyszyńskiego 16;1645;380;380;11;369;23.10;2.89;858;393;393;13;380;45.80;3.31
53030;120501;4;Miejskie Przedszkole Nr 8 38-300 Gorlice ul. Hallera 17;1106;286;286;15;271;25.86;5.24;784;433;433;7;426;55.23;1.62
53031;120501;5;Świetlica Spółdzielni Mieszkaniowej „Małopolska” 38-300 Gorlice ul. Hallera 81;993;243;243;14;229;24.47;5.76;1098;557;557;8;549;50.73;1.44
53032;120501;6;I Liceum Ogólnokształcące im. M. Kromera 38-300 Gorlice ul. M. Kromera 1;964;266;266;5;261;27.59;1.88;965;477;477;5;472;49.43;1.05
53033;120501;7;Świetlica Osiedlowa Nr 5 (dawne przedszkole szwedzkie) 38-300 Gorlice ul. Tuwima 6;1201;313;313;10;303;26.06;3.19;952;545;545;8;537;57.25;1.47
53034;120501;8;Świetlica Towarzystwa Przyjaciół Dzieci (dawne przedszkole szwedzkie) 38-300 Gorlice ul. Tuwima 6;1100;267;267;15;252;24.27;5.62;1173;601;601;12;589;51.24;2.00
53035;120501;9;Starostwo Powiatowe 38-300 Gorlice ul. Biecka 3;1202;301;301;11;290;25.04;3.65;1035;483;483;10;473;46.67;2.07
53036;120501;10;Miejski Zespół Szkół Nr 4 38-300 Gorlice ul. Krasińskiego 9;1516;427;427;12;415;28.17;2.81;1142;548;548;8;540;47.99;1.46
53037;120501;11;Państwowa Szkoła Muzyczna 38-300 Gorlice ul. Wróblewskiego 12;1279;344;344;6;338;26.90;1.74;1451;800;800;11;789;55.13;1.38
53038;120501;12;Miejskie Przedszkole Nr 1 38-300 Gorlice ul. Jagiełły 9;716;202;202;3;199;28.21;1.49;1225;581;581;13;568;47.43;2.24
53039;120501;13;Miejski Zespół Szkół Nr 5 38-300 Gorlice ul. Krakowska 5;1394;440;440;7;433;31.56;1.59;689;344;344;9;335;49.93;2.62
53040;120501;14;Klub „Jubilat” 38-300 Gorlice ul. Kopernika 10;2110;558;558;15;543;26.45;2.69;1333;746;746;15;731;55.96;2.01
53041;120501;15;Miejskie Przedszkole Nr 4 38-300 Gorlice ul. Broniewskiego 11;1362;358;358;8;350;26.28;2.23;1068;536;536;9;527;50.19;1.68
53042;120501;16;Filia Zespołu Szkół Ekonomicznych 38-300 Gorlice ul. Węgierska 13;1065;320;320;7;313;30.05;2.19;983;516;516;8;508;52.49;1.55
53043;120501;17;Miejski Zespół Szkół Nr 1 38-300 Gorlice ul. Piękna 9;1200;269;269;14;255;22.42;5.20;1321;678;678;16;662;51.32;2.36
53044;120501;18;Zespół Szkół Ekonomicznych 38-300 Gorlice ul. Ariańska 3;1910;526;526;11;515;27.54;2.09;1035;579;579;4;575;55.94;0.69
53045;120501;19;Filia Gorlickiego Centrum Kultury 38-300 Gorlice ul. Dukielska 73;1100;323;323;17;306;29.36;5.26;1175;593;593;15;578;50.47;2.53
90532;120501;20;Dom Pomocy Społecznej 38-300 Gorlice ul. Michalusa 14;97;20;20;6;14;20.62;30.00;999;549;549;13;536;54.95;2.37
90533;120501;21;Dom Pomocy Społecznej 38-300 Gorlice ul. Sienkiewicza 30;64;37;37;8;29;57.81;21.62;885;472;472;13;459;53.33;2.75
90534;120501;22;Szpital Specjalistyczny im. H. Klimontowicza 38-300 Gorlice ul. Węgierska 21;377;20;20;1;19;5.31;5.00;1091;582;582;12;570;53.35;2.06
53046;120502;1;Zespół Szkół Nr 1 38-340 Biecz ul. Grodzka 20;1891;500;500;19;481;26.44;3.80;1853;976;976;21;955;52.67;2.15
53047;120502;2;Remiza OSP 38-340 Biecz ul. Kazimierza Wielkiego 15;2005;432;432;17;415;21.55;3.94;1995;880;880;29;851;44.11;3.30
53048;120502;3;Remiza OSP 38-340 Binarowa 457;1357;296;296;15;281;21.81;5.07;1338;638;638;22;616;47.68;3.45
53049;120502;4;Dom Ludowy 38-340 Grudna Kępska 163;559;99;99;4;95;17.71;4.04;554;241;241;8;233;43.50;3.32
53050;120502;5;Dom Ludowy 38-340 Głęboka 136;402;70;70;2;68;17.41;2.86;390;130;130;4;126;33.33;3.08
53051;120502;6;Zespół Szkolno-Przedszkolny 38-340 Korczyna 213;785;156;156;5;151;19.87;3.21;779;372;372;11;361;47.75;2.96
53052;120502;7;Zespół Szkolno-Przedszkolny 38-306 Libusza 679;1708;381;381;23;358;22.31;6.04;1723;849;849;25;824;49.27;2.94
53053;120502;8;Zespół Szkolno-Przedszkolny 38-306 Libusza 679;923;220;220;7;213;23.84;3.18;910;446;446;22;424;49.01;4.93
53054;120502;9;Remiza OSP 38-323 Racławice 219;650;122;122;7;115;18.77;5.74;659;281;281;6;275;42.64;2.14
53055;120502;10;Remiza OSP 38-323 Rożnowice 356;1109;228;228;4;224;20.56;1.75;1090;496;496;11;485;45.50;2.22
53056;120502;11;Szkoła Podstawowa 38-323 Sitnica;497;105;105;6;99;21.13;5.71;499;224;224;6;218;44.89;2.68
53057;120502;12;Remiza OSP 38-323 Bugaj 1;362;76;76;1;75;20.99;1.32;352;155;155;2;153;44.03;1.29
53058;120502;13;Zespół Szkolno-Przedszkolny 38-340 Strzeszyn 391;1582;231;231;3;228;14.60;1.30;1564;704;704;23;681;45.01;3.27
53059;120503;1;Centrum Kultury i Promocji Gminy 38-350 Bobowa ul. Rynek 2;1935;640;640;41;599;33.07;6.41;1971;1205;1205;40;1165;61.14;3.32
53060;120503;2;Zespół Szkół 38-350 Brzana 10;963;209;209;4;205;21.70;1.91;952;436;436;23;413;45.80;5.28
53061;120503;3;Szkoła Podstawowa 38-350 Jankowa 37;792;204;204;11;193;25.76;5.39;800;464;464;24;440;58.00;5.17
53062;120503;4;Wiejski Dom Kultury 38-324 Siedliska 298;1199;225;225;9;216;18.77;4.00;1209;558;558;19;539;46.15;3.41
53063;120503;5;Szkoła Podstawowa 38-324 Sędziszowa 54;436;91;91;4;87;20.87;4.40;437;210;210;1;209;48.05;0.48
53064;120503;6;Szkoła Podstawowa 38-350 Stróżna 188;703;149;149;10;139;21.19;6.71;699;345;345;16;329;49.36;4.64
53065;120503;7;Dom Kultury 38-350 Wilczyska 30;807;266;266;10;256;32.96;3.76;816;450;450;23;427;55.15;5.11
53066;120503;8;Remiza OSP 38-350 Bobowa ul. Węgierska 17;416;75;75;9;66;18.03;12.00;420;192;192;16;176;45.71;8.33
53067;120504;1;Dom Pracy Twórczej 38-311 Bielanka 25;168;35;35;0;35;20.83;0.00;171;70;70;5;65;40.94;7.14
53068;120504;2;Zespół Szkół 38-300 Bystra 154;1176;231;231;17;214;19.64;7.36;1180;553;553;33;520;46.86;5.97
53069;120504;3;Wiejski Dom Kultury 38-303 Dominikowice 44;1656;426;426;34;392;25.72;7.98;1665;935;935;37;898;56.16;3.96
53070;120504;4;Zespół Szkół 38-333 Klęczany 2;645;163;163;9;154;25.27;5.52;660;349;349;5;344;52.88;1.43
53071;120504;5;Wiejski Dom Kultury 38-303 Kobylanka 207;2038;399;399;15;384;19.58;3.76;2030;1035;1035;40;995;50.99;3.86
53072;120504;6;Zespół Szkół 38-333 Kwiatonowice 21;491;100;100;5;95;20.37;5.00;500;240;240;5;235;48.00;2.08
53073;120504;7;Zespół Szkół 38-300 Ropica Polska 70;1726;409;409;9;400;23.70;2.20;1714;856;856;20;836;49.94;2.34
53074;120504;8;Zespół Szkół 38-300 Stróżówka 159;1356;330;330;6;324;24.34;1.82;1348;691;691;17;674;51.26;2.46
53075;120504;9;Zespół Szkół 38-311 Szymbark 464;1077;256;256;13;243;23.77;5.08;1071;520;520;17;503;48.55;3.27
53076;120504;10;Zespół Szkół 38-311 Szymbark 464;1314;292;292;17;275;22.22;5.82;1328;639;639;30;609;48.12;4.69
53077;120504;11;Dom Ludowy 38-333 Zagórzany 208;1985;376;376;22;354;18.94;5.85;1976;935;935;36;899;47.32;3.85
53078;120505;1;Budynek Wiejski 38-305 Pagorzyna 238;603;134;134;6;128;22.22;4.48;598;303;303;5;298;50.67;1.65
53079;120505;2;Publiczne Gimnazjum 38-305 Lipinki 48A;1707;445;445;25;420;26.07;5.62;1708;891;891;18;873;52.17;2.02
53080;120505;3;Szkoła Podstawowa 38-304 Rozdziele 50A;202;37;37;3;34;18.32;8.11;199;78;78;4;74;39.20;5.13
53081;120505;4;Szkoła Podstawowa 38-304 Kryg 397;1436;358;358;17;341;24.93;4.75;1463;756;756;23;733;51.67;3.04
53082;120505;5;Szkoła Podstawowa 38-305 Wójtowa 52;1286;309;309;22;287;24.03;7.12;1272;562;562;10;552;44.18;1.78
53083;120505;6;Dom Strażaka 38-304 Bednarka 103;129;39;39;1;38;30.23;2.56;124;59;59;1;58;47.58;1.69
53084;120505;7;Budynek Wiejski 38-305 Bednarka 75;135;48;48;0;48;35.56;0.00;136;83;83;4;79;61.03;4.82
53085;120506;1;Szkoła Podstawowa 38-350 Biesna 70;574;109;109;5;104;18.99;4.59;580;248;248;5;243;42.76;2.02
53086;120506;2;Wiejski Dom Kultury 38-322 Łużna 597;851;166;166;9;157;19.51;5.42;850;380;380;11;369;44.71;2.89
53087;120506;3;Wiejski Dom Kultury 38-322 Łużna 597;835;181;181;9;172;21.68;4.97;836;367;367;6;361;43.90;1.63
53088;120506;4;Wiejski Dom Kultury 38-322 Łużna 597;825;139;139;3;136;16.85;2.16;827;350;350;15;335;42.32;4.29
53089;120506;5;Dom Ludowy 38-322 Mszanka 185;742;178;178;12;166;23.99;6.74;728;368;368;17;351;50.55;4.62
53090;120506;6;Zespół Szkół 38-331 Szalowa 16;834;231;231;21;210;27.70;9.09;1089;570;570;34;536;52.34;5.96
53091;120506;7;Zespół Szkół 38-331 Szalowa 16;827;209;209;7;202;25.27;3.35;592;280;280;4;276;47.30;1.43
53092;120506;8;Szkoła Podstawowa 38-331 Bieśnik 102;299;63;63;5;58;21.07;7.94;292;119;119;3;116;40.75;2.52
53093;120506;9;Dom Wiejski 38-322 Wola Łużańska 177;802;168;168;11;157;20.95;6.55;793;404;404;15;389;50.95;3.71
53094;120507;1;Gimanzjum 38-321 Moszczenica 940;1292;303;303;16;287;23.45;5.28;1300;682;682;13;669;52.46;1.91
53095;120507;2;Gimnazjum 38-321 Moszczenica 940;1421;247;247;10;237;17.38;4.05;1379;604;604;24;580;43.80;3.97
53096;120507;3;Zespół Szkół 38-321 Staszkówka 38;1144;178;178;10;168;15.56;5.62;1134;446;446;16;430;39.33;3.59
53097;120508;1;Dom Pomocy Społecznej 38-312 Klimkówka 67;256;54;54;4;50;21.09;7.41;256;97;97;3;94;37.89;3.09
53098;120508;2;Szkoła Podstawowa 38-312 Łosie 120;626;171;171;11;160;27.32;6.43;625;309;309;13;296;49.44;4.21
53099;120508;3;Urząd Gminy Ropa (świetlica) 38-312 Ropa 733;1373;392;392;20;372;28.55;5.10;1364;750;750;32;718;54.99;4.27
53100;120508;4;Szkoła Podstawowa Nr 1 38-312 Ropa 780;727;240;240;17;223;33.01;7.08;707;377;377;7;370;53.32;1.86
53101;120508;5;Urząd Gminy Ropa (sala obrad) 38-312 Ropa 733;1052;329;329;16;313;31.27;4.86;1075;563;563;18;545;52.37;3.20
53102;120509;1;Szkoła Podstawowa 38-307 Męcina Wielka 89;693;166;166;10;156;23.95;6.02;706;330;330;14;316;46.74;4.24
53103;120509;2;Gminny Ośrodek Kultury 38-307 Sękowa 181;1299;337;337;13;324;25.94;3.86;1288;687;687;19;668;53.34;2.77
53104;120509;3;Szkoła Podstawowa 38-307 Siary 29;799;171;171;6;165;21.40;3.51;796;369;369;19;350;46.36;5.15
53105;120509;4;Budynek byłej Szkoły Podstawowej 38-307 Ropica Górna 29;775;150;150;3;147;19.35;2.00;791;306;306;10;296;38.69;3.27
53106;120509;5;Szkoła Podstawowa 38-307 Bodaki 45;283;46;46;0;46;16.25;0.00;280;116;116;4;112;41.43;3.45
53107;120509;6;Szkoła Podstawowa 38-307 Krzywa 15;158;30;30;2;28;18.99;6.67;154;42;42;4;38;27.27;9.52
53108;120510;1;Zespół Szkół 38-315 Uście Gorlickie 276;1189;213;213;8;205;17.91;3.76;1207;480;480;31;449;39.77;6.46
53109;120510;2;Zespół Szkół 38-315 Brunary 50;816;145;145;2;143;17.77;1.38;828;331;331;13;318;39.98;3.93
53110;120510;3;Szkoła Podstawowa 38-315 Śnietnica 28;534;92;92;5;87;17.23;5.43;546;256;256;14;242;46.89;5.47
53111;120510;4;Szkoła Podstawowa 38-316 Wysowa-Zdrój 97;678;205;205;3;202;30.24;1.46;812;454;454;5;449;55.91;1.10
53112;120510;5;Szkoła Podstawowa 38-315 Gładyszów 106;298;47;47;0;47;15.77;0.00;295;117;117;2;115;39.66;1.71
53113;120510;6;Szkoła Podstawowa 38-315 Smerekowiec 41;369;66;66;8;58;17.89;12.12;374;130;130;7;123;34.76;5.38
53114;120510;7;Świetlica Wiejska 38-315 Zdynia 30;214;32;32;0;32;14.95;0.00;216;70;70;5;65;32.41;7.14
53115;120510;8;Szkoła Podstawowa 38-315 Banica 24;362;81;81;5;76;22.38;6.17;360;134;134;12;122;37.22;8.96
53116;120510;9;Szkoła Podstawowa 38-316 Hańczowa 96;439;98;98;7;91;22.32;7.14;459;187;187;14;173;40.74;7.49
53117;120510;10;Świetlica Wiejska 38-315 Kwiatoń 34;309;51;51;4;47;16.50;7.84;310;124;124;11;113;40.00;8.87
53118;120601;1;Urząd Gminy Czernichów 32-070 Czernichów 2;1669;383;383;11;372;22.95;2.87;1671;905;905;31;874;54.16;3.43
53119;120601;2;Szkoła Podstawowa w Kłokoczynie 32-070 Kłokoczyn 17;295;47;47;5;42;15.93;10.64;297;138;138;5;133;46.46;3.62
53120;120601;3;Dworek Matejkówka w Przegini Narodowej 32-070 Przeginia Narodowa 100;518;142;142;2;140;27.41;1.41;539;289;289;5;284;53.62;1.73
53121;120601;4;Remiza OSP w Zagaciu 32-070 Zagacie 142;644;128;128;5;123;19.88;3.91;648;331;331;12;319;51.08;3.63
53122;120601;5;Zespół Placówek Oświatowych w Kamieniu 32-071 Kamień 447;1216;148;148;10;138;12.17;6.76;1229;480;480;17;463;39.06;3.54
53123;120601;6;Szkoła Podstawowa w Rusocicach 32-071 Rusocice 115;947;141;141;9;132;14.89;6.38;936;442;442;20;422;47.22;4.52
53124;120601;7;Remiza OSP w Rybnej 32-061 Rybna 165;2041;387;387;17;370;18.96;4.39;2085;1083;1083;39;1044;51.94;3.60
53125;120601;8;Szkoła Podstawowa w Nowej Wsi Szlacheckiej 32-060 Nowa Wieś Szlachecka 255;636;148;148;5;143;23.27;3.38;626;304;304;8;296;48.56;2.63
53126;120601;9;Szkoła Podstawowa w Przegini Duchownej 32-061 Przeginia Duchowna 70;905;138;138;3;135;15.25;2.17;929;465;465;9;456;50.05;1.94
53127;120601;10;Dom Ludowy w Wołowicach 32-070 Wołowice 401;1168;310;310;15;295;26.54;4.84;1185;631;631;14;617;53.25;2.22
53128;120601;11;Remiza OSP w Dąbrowie Szlacheckiej 32-070 Dąbrowa Szlachecka 100;567;151;151;3;148;26.63;1.99;591;345;345;7;338;58.38;2.03
53129;120601;12;Szkoła Podstawowa w Czułówku 32-061 Czułówek 85;393;119;119;3;116;30.28;2.52;399;252;252;5;247;63.16;1.98
53130;120602;1;Gminne Centrum Edukacji w Igołomi (szkoła) 32-125 Igołomia Nr 252;1292;192;192;5;187;14.86;2.60;1285;515;515;17;498;40.08;3.30
53131;120602;2;Gminne Centrum Edukacji w Igołomi (szkoła) 32-125 Igołomia Nr 252;1062;134;134;7;127;12.62;5.22;1072;424;424;15;409;39.55;3.54
53132;120602;3;Budynek byłej szkoły podstawowej w Pobiedniku Małym (WTZ) 32-125 Pobiednik Mały Nr 67;824;116;116;7;109;14.08;6.03;810;322;322;11;311;39.75;3.42
53133;120602;4;Gminne Centrum Edukacji w Wawrzeńczycach (szkoła) 32-125 Wawrzeńczyce Nr 385;939;150;150;5;145;15.97;3.33;938;455;455;12;443;48.51;2.64
53134;120602;5;Gminne Centrum Edukacji w Wawrzeńczycach (szkoła) 32-125 Wawrzeńczyce Nr 385;1001;154;154;6;148;15.38;3.90;1003;409;409;13;396;40.78;3.18
53135;120602;6;Szkoła Podstawowa w Dobranowicach 32-125 Dobranowice Nr 67;536;59;59;2;57;11.01;3.39;520;219;219;8;211;42.12;3.65
53136;120602;7;Budynek Domu Ludowego w Stręgoborzycach 32-125 Stręgoborzyce;518;49;49;3;46;9.46;6.12;512;184;184;18;166;35.94;9.78
53137;120603;1;Samorządowe Przedszkole w Sieciechowicach 32-095 Sieciechowice 63A;1345;219;219;12;207;16.28;5.48;1369;642;642;26;616;46.90;4.05
53138;120603;2;Szkoła Podstawowa w Celinach 32-095 Celiny 155;643;83;83;2;81;12.91;2.41;649;253;253;16;237;38.98;6.32
53139;120603;3;Szkoła Podstawowa w Iwanowicach 32-095 Iwanowice Włościańskie 98;1186;295;295;21;274;24.87;7.12;1198;659;659;22;637;55.01;3.34
53140;120603;4;Szkoła Podstawowa w Widomej 32-095 Widoma 51;1084;205;205;5;200;18.91;2.44;1107;580;580;15;565;52.39;2.59
53141;120603;5;Szkoła Podstawowa w Naramie 32-095 Narama 7;1334;362;362;3;359;27.14;0.83;1384;826;826;12;814;59.68;1.45
53142;120603;6;Gimnazjum w Iwanowicach 32-095 Iwanowice Włościańskie 98;1325;265;265;18;247;20.00;6.79;1322;683;683;22;661;51.66;3.22
53143;120604;1;Remiza OSP w Gotkowicach 32-048 Gotkowice 34;631;120;120;6;114;19.02;5.00;638;321;321;14;307;50.31;4.36
53144;120604;2;Zespół Szkół w Jerzmanowicach 32-048 Jerzmanowice 366;1989;469;469;18;451;23.58;3.84;2020;1134;1134;26;1108;56.14;2.29
53145;120604;3;Szkoła Podstawowa w Szklarach 32-048 Szklary 121;503;111;111;6;105;22.07;5.41;499;253;253;15;238;50.70;5.93
53146;120604;4;Przedszkole Samorządowe w Jerzmanowicach 32-048 Łazy 39;385;94;94;4;90;24.42;4.26;410;224;224;7;217;54.63;3.12
53147;120604;5;Szkoła Podstawowa w Sąspowie 32-048 Sąspów 32;1128;268;268;6;262;23.76;2.24;1135;580;580;16;564;51.10;2.76
53148;120604;6;Dom Ludowy w Przegini 32-049 Przeginia 116a;1887;348;348;12;336;18.44;3.45;1914;1049;1049;51;998;54.81;4.86
53149;120604;7;Szkoła Podstawowa w Czubrowicach 32-049 Czubrowice 85;887;157;157;14;143;17.70;8.92;895;434;434;23;411;48.49;5.30
53150;120604;8;Budynek Wielofunkcyjny w Racławicach 32-049 Racławice 54a;1213;190;190;15;175;15.66;7.89;1235;567;567;45;522;45.91;7.94
53151;120605;1;Szkoła Podstawowa w Goszycach 32-010 Goszyce 53;1349;202;202;6;196;14.97;2.97;1392;679;679;28;651;48.78;4.12
53152;120605;2;Szkoła Podstawowa w Luborzycy 32-010 Wysiołek Luborzycki 160B;2074;453;453;14;439;21.84;3.09;2127;1119;1119;28;1091;52.61;2.50
53153;120605;3;Szkoła Podstawowa w Goszczy 32-010 Goszcza;889;158;158;4;154;17.77;2.53;896;416;416;10;406;46.43;2.40
53154;120605;4;Szkoła Podstawowa w Łuczycach 32-010 Łuczyce 116;1123;257;257;15;242;22.89;5.84;1157;652;652;12;640;56.35;1.84
53155;120605;5;Świetlica wiejska w Zastowie 32-010 Zastów 6;1251;259;259;11;248;20.70;4.25;1274;687;687;23;664;53.92;3.35
53156;120605;6;Przedszkole Samorządowe w Dojazdowie 32-010 Dojazdów 33;1290;268;268;10;258;20.78;3.73;1343;786;786;11;775;58.53;1.40
53157;120605;7;Szkoła Podstawowa w Karniowie - Szkolny Punkt Filialny w Czulicach 32-010 Czulice 50;809;117;117;11;106;14.46;9.40;820;379;379;30;349;46.22;7.92
53158;120605;8;Szkoła Podstawowa w Pietrzejowicach 32-010 Pietrzejowice 52;588;94;94;5;89;15.99;5.32;602;302;302;16;286;50.17;5.30
53159;120605;9;Filia Gminnej Biblioteki Publicznej w Kocmyrzowie 32-010 Kocmyrzów 68;1096;229;229;9;220;20.89;3.93;1100;593;593;17;576;53.91;2.87
53160;120605;10;Szkoła Podstawowa w Maciejowicach 32-010 Maciejowice 25;775;143;143;4;139;18.45;2.80;783;396;396;4;392;50.57;1.01
53161;120606;1;Liceum Ogólnokształcące w Krzeszowicach 32-065 Krzeszowice ul. Ogrodowa 3;1066;323;323;14;309;30.30;4.33;1053;609;609;7;602;57.83;1.15
53162;120606;2;Liceum Ogólnokształcące w Krzeszowicach 32-065 Krzeszowice ul. Ogrodowa 3;989;325;325;8;317;32.86;2.46;996;642;642;12;630;64.46;1.87
53163;120606;3;Szkoła Podstawowa w Krzeszowicach 32-065 Krzeszowice ul. Szkolna 7;938;296;296;8;288;31.56;2.70;925;543;543;8;535;58.70;1.47
53164;120606;4;Szkoła Podstawowa w Krzeszowicach 32-065 Krzeszowice ul. Szkolna 7;1037;230;230;3;227;22.18;1.30;1015;522;522;8;514;51.43;1.53
53165;120606;5;Szkoła Podstawowa w Krzeszowicach 32-065 Krzeszowice ul. Krakowska 11;995;293;293;3;290;29.45;1.02;977;598;598;18;580;61.21;3.01
53166;120606;6;Szkoła Podstawowa w Krzeszowicach 32-065 Krzeszowice ul. Krakowska 11;1030;300;300;6;294;29.13;2.00;1002;593;593;12;581;59.18;2.02
53167;120606;7;Publiczne Gimnazjum w Krzeszowicach 32-065 Krzeszowice ul.Długa 22;1330;396;396;11;385;29.77;2.78;1330;816;816;19;797;61.35;2.33
53168;120606;8;Szkoła Podstawowa w Krzeszowicach 32-065 Krzeszowice ul. Szkolna 7;854;206;206;3;203;24.12;1.46;863;510;510;8;502;59.10;1.57
53169;120606;9;Remiza OSP w Czernej 32-065 Czerna 325;933;239;239;5;234;25.62;2.09;932;515;515;11;504;55.26;2.14
53170;120606;10;Szkoła Podstawowa w Paczółtowicach 32-065 Paczółtowice 2;725;173;173;6;167;23.86;3.47;723;382;382;17;365;52.84;4.45
53171;120606;11;Budynek Komunalny w Siedlcu 32-065 Siedlec 5;833;211;211;10;201;25.33;4.74;837;470;470;12;458;56.15;2.55
53172;120606;12;Szkoła Podstawowa w Nawojowej Górze 32-065 Nawojowa Góra ul. Szkolna 1;1580;312;312;13;299;19.75;4.17;1570;827;827;15;812;52.68;1.81
53173;120606;13;Szkoła Podstawowa w Filipowicach 32-065 Filipowice 554;1728;353;353;10;343;20.43;2.83;1706;906;906;27;879;53.11;2.98
53174;120606;14;Zespół Placówek Oświatowych w Woli Filipowskiej 32-065 Wola Filipowska ul. Szkolna 2;1146;218;218;13;205;19.02;5.96;1128;568;568;22;546;50.35;3.87
53175;120606;15;Zespół Placówek Oświatowych w Woli Filipowskiej 32-065 Wola Filipowska ul. Szkolna 2;1120;281;281;5;276;25.09;1.78;1115;605;605;25;580;54.26;4.13
53176;120606;16;Szkoła Podstawowa w Rudnie 32-067 Rudno 48;625;92;92;4;88;14.72;4.35;612;296;296;19;277;48.37;6.42
53177;120606;17;Zespół Szkół w Zalasiu 32-067 Zalas 533;1862;328;328;19;309;17.62;5.79;915;457;457;23;434;49.95;5.03
53178;120606;18;Szkoła Podstawowa w Sance 32-067 Sanka 266;1177;250;250;12;238;21.24;4.80;1194;587;587;18;569;49.16;3.07
53179;120606;19;Zespół Szkół w Tenczynku 32-067 Tenczynek ul. Szkolna 6;1129;247;247;12;235;21.88;4.86;1126;599;599;10;589;53.20;1.67
53180;120606;20;Zespół Szkół w Tenczynku 32-067 Tenczynek ul. Szkolna 6;1773;411;411;19;392;23.18;4.62;1823;1010;1010;18;992;55.40;1.78
53181;120606;21;Dom Gromadzki w Nowej Górze 32-065 Nowa Góra 479;1003;209;209;8;201;20.84;3.83;991;550;550;19;531;55.50;3.45
53182;120606;22;Szkoła Podstawowa w Ostrężnicy 32-065 Ostrężnica 47;1174;209;209;9;200;17.80;4.31;1188;592;592;23;569;49.83;3.89
53183;120606;23;Szkoła Podstawowa w Miękini 32-065 Miękinia 180;1028;209;209;6;203;20.33;2.87;1026;490;490;12;478;47.76;2.45
90535;120606;24;Dom Pomocy Społecznej w Czernej obwód odrębny 32-065 Czerna 110;59;26;26;2;24;44.07;7.69;954;408;408;14;394;42.77;3.43
90536;120606;25;Miasto Krzeszowice-Ośrodek Rehabilitacji Narządu Ruchu w Krzeszowicach obwód odrębny 32-065 Krzeszowice ul. Daszyńskiego 1;188;78;78;2;76;41.49;2.56;63;28;28;2;26;44.44;7.14
53184;120607;1;Zespół Szkół w Liszkach (budynek Szkoły Podstawowej w Liszkach) 32-060 Liszki 5;1520;381;381;14;367;25.07;3.67;1533;853;853;23;830;55.64;2.70
53185;120607;2;Szkoła Podstawowa w Rącznej 32-060 Rączna 1;1442;262;262;5;257;18.17;1.91;1485;666;666;12;654;44.85;1.80
53186;120607;3;Szkoła Podstawowa w Jeziorzanach 32-060 Jeziorzany 1;739;129;129;5;124;17.46;3.88;751;324;324;11;313;43.14;3.40
53187;120607;4;Remiza OSP w Ściejowicach 32-060 Ściejowice 186;698;146;146;2;144;20.92;1.37;726;383;383;12;371;52.75;3.13
53188;120607;5;Szkoła Podstawowa w Kaszowie 32-060 Kaszów 185;1646;304;304;9;295;18.47;2.96;1640;804;804;26;778;49.02;3.23
53189;120607;6;Szkoła Podstawowa w Czułowie 32-060 Czułów 188;946;259;259;7;252;27.38;2.70;943;543;543;12;531;57.58;2.21
53190;120607;7;Gimnazjum w Mnikowie 32-084 Mników 13;920;261;261;11;250;28.37;4.21;954;570;570;14;556;59.75;2.46
53191;120607;8;Dom Ludowy w Chrosnej 32-084 Chrosna 150;522;141;141;5;136;27.01;3.55;541;300;300;9;291;55.45;3.00
53192;120607;9;Szkoła Podstawowa w Morawicy 32-084 Morawica 1;866;174;174;4;170;20.09;2.30;876;428;428;10;418;48.86;2.34
53193;120607;10;Szkoła Podstawowa w Kryspinowie 32-060 Kryspinów 356;1207;338;338;10;328;28.00;2.96;1242;731;731;12;719;58.86;1.64
53194;120607;11;Szkoła Podstawowa w Cholerzynie 32-060 Cholerzyn 205;1174;308;308;9;299;26.24;2.92;1199;686;686;31;655;57.21;4.52
53195;120607;12;Szkoła Podstawowa w Piekarach 32-060 Piekary 100;1208;284;284;7;277;23.51;2.46;1225;685;685;14;671;55.92;2.04
53196;120608;1;Urząd Gminy Michałowice 32-091 Michałowice pl. Józefa Piłsudskiego 1;1328;434;434;8;426;32.68;1.84;1402;921;921;12;909;65.69;1.30
53197;120608;2;Zespól Szkół w Michałowicach 32-091 Michałowice ul. Jana Pawła II 1;1329;371;371;16;355;27.92;4.31;1380;773;774;15;758;56.01;1.94
53198;120608;3;Zespół Szkół w Michałowicach 32-091 Michałowice ul. Jana Pawła II 1;1890;422;422;9;413;22.33;2.13;1977;1102;1102;35;1067;55.74;3.18
53199;120608;4;Zespół Szkół w Więcławicach Starych 32-091 Więcławice Stare 19;1596;426;426;15;411;26.69;3.52;1639;894;894;12;882;54.55;1.34
53200;120608;5;Zespół Szkół w Raciborowicach 32-091 Raciborowice 126;1095;213;213;4;209;19.45;1.88;1119;608;608;17;591;54.33;2.80
53201;120609;1;Szkoła Podstawowa w Bukowie 32-031 Buków 1;758;178;178;8;170;23.48;4.49;784;425;425;19;406;54.21;4.47
53202;120609;2;Budynek starej Szkoły Podstawowej w Chorowicach 32-031 Chorowice 30;863;230;230;8;222;26.65;3.48;887;537;537;22;515;60.54;4.10
53203;120609;3;Zespół Szkół w Gaju 32-031 Gaj ul.Szkolna 73;2217;656;657;28;628;29.59;4.27;2256;1341;1341;20;1321;59.44;1.49
53204;120609;4;Szkoła Podstawowa w Konarach 32-031 Konary 65;832;194;194;4;190;23.32;2.06;848;429;429;13;416;50.59;3.03
53205;120609;5;Szkoła Podstawowa w Libertowie 30-444 Libertów ul.Jana Pawła II 43;1809;590;590;15;575;32.61;2.54;1887;1200;1200;8;1192;63.59;0.67
53206;120609;6;Sala narad w UG Mogilany 32-031 Mogilany ul.Rynek 2;2411;744;744;14;730;30.86;1.88;1358;817;817;19;798;60.16;2.33
53207;120609;7;Szkoła Podstawowa we Włosani 32-031 Włosań ul.Królowej Polski 142;1069;304;304;15;289;28.44;4.93;1102;634;634;17;617;57.53;2.68
53208;120610;1;Remiza Ochotniczej Straży Pożarnej w Skale 32-043 Skała Klub Florian ul. Krakowska 34;1488;372;372;12;360;25.00;3.23;1520;852;852;22;830;56.05;2.58
53209;120610;2;Szkoła Podstawowa w Skałe 32-043 Skała ul.Topolowa 25;1915;414;414;13;401;21.62;3.14;1926;1081;1081;30;1051;56.13;2.78
53210;120610;3;Szkoła Podstawowa w Minodze 32-046 Minoga 18;1901;345;345;21;324;18.15;6.09;1937;864;864;32;832;44.61;3.70
53211;120610;4;Remiza Ochotniczej Straży Pożarnej w Smardzowicach 32-077 Smardzowice 6;1002;265;265;8;257;26.45;3.02;1055;615;615;16;599;58.29;2.60
53212;120610;5;Dom Pomocy Społecznej im.Brata Alberta w Ojcowie 32-047 Ojców 64;192;49;49;2;47;25.52;4.08;199;116;116;3;113;58.29;2.59
53213;120610;6;Szkoła Podstawowa w Szczodrkowicach 32-043 Szczodrkowice 3;517;143;143;5;138;27.66;3.50;539;298;298;9;289;55.29;3.02
53214;120610;7;Szkoła Podstawowa w Cianowicach 32-043 Cianowice ul.Szkolna 30;1058;194;194;14;180;18.34;7.22;1082;491;491;12;479;45.38;2.44
53215;120611;1;Gimnazjum Nr 2 w Skawinie 32-050 Skawina ul. Mickiewicza 11 a;2044;456;456;4;452;22.31;0.88;2043;1078;1078;23;1055;52.77;2.13
53216;120611;2;Gimnazjum Nr 2 w Skawinie 32-050 Skawina ul. Mickiewicza 11 a;1559;407;407;11;396;26.11;2.70;1543;879;879;22;857;56.97;2.50
53217;120611;3;Szkoła Podstawowa Nr 1 w Skawinie 32-050 Skawina ul. Korabnicka 19;1114;283;283;2;281;25.40;0.71;1138;661;661;10;651;58.08;1.51
53218;120611;4;Zespół Szkół Ogólnokształcących w Skawinie 32-050 Skawina ul. Żwirki i Wigury 17;1813;416;416;16;400;22.95;3.85;1780;870;870;18;852;48.88;2.07
53219;120611;5;Szkoła Podstawowa Nr 2 w Skawinie 32-050 Skawina ul. Żwirki i Wigury 17;1805;507;507;10;497;28.09;1.97;1783;991;991;14;977;55.58;1.41
53220;120611;6;Zespół Szkół Techniczno-Ekonomicznych w Skawinie 32-050 Skawina ul. Kopernika 13;1165;293;293;5;288;25.15;1.71;1165;692;692;13;679;59.40;1.88
53221;120611;7;Zespół Szkół Techniczno-Ekonomicznych w Skawinie 32-050 Skawina ul. Kopernika 13;2187;595;596;20;575;27.21;3.36;2128;1157;1157;21;1136;54.37;1.82
53222;120611;8;Spółdzielnia Mieszkaniowa Lokatorsko - Własnościowa w Skawinie 32-050 Skawina ul. Ogrody 31;1696;439;439;9;430;25.88;2.05;1671;905;905;13;892;54.16;1.44
53223;120611;9;Centrum Wspierania Rodziny, Urząd Miasta i Gminy w Skawinie 32-050 Skawina ul.Popiełuszki 17;1953;482;482;5;477;24.68;1.04;1917;1054;1054;11;1043;54.98;1.04
53224;120611;10;Gimnazjum Nr 1 w Skawinie 32-050 Skawina ul. Witosa 4;1330;302;302;12;290;22.71;3.97;1300;684;684;12;672;52.62;1.75
53225;120611;11;Gimnazjum Nr 1 w Skawinie 32-050 Skawina ul. Witosa 4;1135;317;317;9;308;27.93;2.84;1110;629;629;9;620;56.67;1.43
53226;120611;12;Szkoła Podstawowa Nr 4 32-050 Skawina ul.Wyspiańskiego 5;1369;377;377;15;362;27.54;3.98;1418;876;876;15;861;61.78;1.71
53227;120611;13;Zespół Szkół Publicznych w Radziszowie 32-052 Radziszów ul. Szkolna 7;1643;451;451;8;443;27.45;1.77;1645;950;950;18;932;57.75;1.89
53228;120611;14;Dom Ludowy w Woli Radziszowskiej 32-053 Wola Radziszowska 590;1916;408;408;17;391;21.29;4.17;1899;916;916;36;880;48.24;3.93
53229;120611;15;Szkoła Podstawowa w Krzęcinie 32-051 Krzęcin 301;1919;332;332;12;320;17.30;3.61;1265;664;664;34;630;52.49;5.12
53230;120611;16;Dom Ludowy w Jaśkowicach 32-051 Jaśkowice 13;834;157;157;8;149;18.82;5.10;845;399;399;22;377;47.22;5.51
53231;120611;17;Zespół Placówek Edukacyjno-Opiekuńczo-Wychowawczych w Wielkich Drogach 32-051 Wielkie Drogi 192;1480;257;257;11;246;17.36;4.28;1475;692;692;14;678;46.92;2.02
53232;120611;18;Szkoła Podstawowa w Zelczynie 32-051 Zelczyna 120;733;169;169;1;168;23.06;0.59;758;447;447;11;436;58.97;2.46
53233;120611;19;Szkoła Podstawowa w Pozowicach 32-051 Pozowice 170;537;104;104;6;98;19.37;5.77;542;247;247;15;232;45.57;6.07
53234;120611;20;Szkoła Podstawowa w Rzozowie 32-052 Rzozów 90;1684;355;355;27;328;21.08;7.61;1709;933;933;38;895;54.59;4.07
53235;120611;21;Zespół Placówek Oświatowych w Borku Szlacheckim 32-050 Borek Szlachecki 106;1061;221;222;5;216;20.83;2.26;1085;573;573;16;557;52.81;2.79
53236;120611;22;Zespół Placówek Oświatowych w Kopance 32-050 Kopanka 62;711;113;113;8;105;15.89;7.08;725;350;350;14;336;48.28;4.00
53237;120611;23;Zespół Szkół Publicznych w Radziszowie 32-052 Radziszów ul.Szkolna 7;1413;374;374;15;359;26.47;4.01;1423;790;790;25;765;55.52;3.16
53238;120611;24;Dom Ludowy w Ochodzy 32-051 Ochodza 96;697;166;166;4;162;23.82;2.41;699;340;340;9;331;48.64;2.65
53239;120612;1;Hala Sportowa w Słomnikach 32-090 Słomniki ul. Karola Świerczewskiego 20;1467;357;357;8;349;24.34;2.24;1464;750;750;18;732;51.23;2.40
53240;120612;2;Zespół Szkoł Ogólnokształcących w Słomnikach 32-090 Słomniki ul. Karola Świerczewskiego 2;1404;313;313;9;304;22.29;2.88;1396;737;737;18;719;52.79;2.44
53241;120612;3;Miejsko-Gminne Centrum Kultury w Słomnikach 32-090 Słomniki ul. Wolności 4;1483;415;415;20;395;27.98;4.82;1472;840;840;32;808;57.07;3.81
53242;120612;4;Zespół Szkół w Niedźwiedziu 32-090 Niedźwiedź 21a;1349;215;215;8;207;15.94;3.72;1351;639;639;11;628;47.30;1.72
53243;120612;5;Świetlica Wiejska w Szczepanowicach 32-090 Szczepanowice 17;364;58;58;2;56;15.93;3.45;369;151;151;10;141;40.92;6.62
53244;120612;6;Szkoła Podstawowa w Kacicach 32-090 Kacice 80;982;178;178;12;166;18.13;6.74;984;403;403;13;390;40.96;3.23
53245;120612;7;Zespół Szkół w Prandocinie 32-090 Prandocin 64a;1322;257;257;24;233;19.44;9.34;1323;601;601;18;583;45.43;3.00
53246;120612;8;Remiza OSP w Wężerowie 32-090 Wężerów 60a;452;103;103;4;99;22.79;3.88;448;195;195;9;186;43.53;4.62
53247;120612;9;Świetlica Wiejska w Muniakowicach 32-090 Muniakowice 29;348;72;72;1;71;20.69;1.39;348;157;157;4;153;45.11;2.55
53248;120612;10;Świetlica Wiejska w Polanowicach 32-090 Polanowice 31;566;103;103;8;95;18.20;7.77;568;246;246;12;234;43.31;4.88
53249;120612;11;Zespół Szkół w Waganowicach 32-090 Waganowice 19;805;107;107;6;101;13.29;5.61;800;319;319;11;308;39.88;3.45
53250;120612;12;Zespół Szkół w Smrokowie 32-090 Smroków 44a;459;57;57;5;52;12.42;8.77;442;195;195;6;189;44.12;3.08
53251;120613;1;Urząd Gminy w Sułoszowej 32-045 Sułoszowa I 80;1066;246;246;19;227;23.08;7.72;1065;595;595;27;568;55.87;4.54
53252;120613;2;Centrum Kultury w Sułoszowej 32-045 Sułoszowa I 386;970;197;197;5;192;20.31;2.54;976;567;567;21;546;58.09;3.70
53253;120613;3;Szkoła Podstawowa Nr 2 w Sułoszowej 32-045 Sułoszowa III 110;827;196;196;5;191;23.70;2.55;839;515;515;12;503;61.38;2.33
53254;120613;4;Zespół Placówek Oświatowych w Woli Kalinowskiej 32-045 Wola Kalinowska ul. Szkolna 12;514;91;91;1;90;17.70;1.10;522;258;258;11;247;49.43;4.26
53255;120613;5;Szkoła Podstawowa w Wielmoży, Wielmoża 32-045 Wielmoża 192;1253;181;181;10;171;14.45;5.52;1259;569;569;13;556;45.19;2.28
53256;120614;1;Zespół Szkół w Świątnikach Górnych 32-040 Świątniki Górne Bruchnalskiego 35;1927;662;662;8;654;34.35;1.21;1950;1256;1256;24;1232;64.41;1.91
53257;120614;2;Szkoła Podstawowa we Wrząsowicach 32-040 Wrząsowice Szkolna 5;1651;359;359;11;348;21.74;3.06;1686;872;873;16;856;51.72;1.83
53258;120614;3;Szkoła Podstawowa w Ochojnie 32-040 Ochojno Podhalańska 27;1268;229;229;4;225;18.06;1.75;1311;627;627;10;617;47.83;1.59
53259;120614;4;Szkoła Podstawowa w Rzeszotarach 32-040 Rzeszotary Pod Dębiną 45;2170;435;435;14;421;20.05;3.22;2204;1088;1088;26;1062;49.36;2.39
53260;120614;5;Szkoła Podstawowa w Olszowicach 32-040 Olszowice Św. Floriana 18;550;137;137;4;133;24.91;2.92;567;304;304;11;293;53.62;3.62
53261;120615;1;Szkoła Podstawowa w Będkowicach, Będkowice 32-089 Będkowice ul. Brzozowa 16;464;115;115;3;112;24.78;2.61;466;260;260;3;257;55.79;1.15
53262;120615;2;Szkoła Podstawowa w Bęble, Bębło 32-089 Bębło ul. Krakowska 76;1470;302;302;9;293;20.54;2.98;1495;828;828;25;803;55.38;3.02
53263;120615;3;Szkoła Podstawowa w Białym Kościele, Biały Kościół 32-089 Biały Kościół ul. Królowej Jadwigi 4;1154;346;346;4;342;29.98;1.16;1151;754;754;17;737;65.51;2.25
53264;120615;4;Szkoła Podstawowa w Białym Kościele, Biały Kościół 32-089 Biały Kościół ul. Królowej Jadwigi 4;1223;340;340;10;330;27.80;2.94;1225;728;728;11;717;59.43;1.51
53265;120615;5;Zespół Szkolno-Przedszkolny w Modlnicy, Modlnica 32-085 Modlnica ul. Sportowa 2;1148;338;338;12;326;29.44;3.55;1217;738;738;18;720;60.64;2.44
53266;120615;6;Zespół Szkolno-Przedszkolny w Modlnicy, Modlnica 32-085 Modlnica ul. Sporotwa 2;962;227;227;7;220;23.60;3.08;1018;564;564;15;549;55.40;2.66
53267;120615;7;Budynek Komunalny w Giebułtowie, Giebułtów 32-085 Giebułtów Orlich Gniazd 30;957;295;295;9;286;30.83;3.05;1006;635;635;16;619;63.12;2.52
53268;120615;8;Świetlica w budynku komunalnym wielofunkcyjnym w Modlniczce, Modlniczka 32-085 Modlniczka ul. Św. Faustyny 5;1014;306;306;9;297;30.18;2.94;1093;695;695;26;669;63.59;3.74
90537;120615;9;Niepubliczny Zakład Opieki Zdrowotnej w Modlniczce, Modlniczka 32-085 Modlniczka os. Krakowskie Przedmieście 28;13;9;9;0;9;69.23;0.00;48;31;31;0;31;64.58;0.00
53269;120616;1;świetlica Aleksandrowice 32-084 Aleksandrowice 133;599;208;208;5;203;34.72;2.40;582;345;345;11;334;59.28;3.19
53270;120616;2;Szkoła Podstawowa Balice 32-083 Burów Szkolna 66;1364;435;435;12;423;31.89;2.76;1374;829;829;17;812;60.33;2.05
53271;120616;3;Szkoła Podstawowa Brzezie 32-080 Brzezie Szkolna 1;1165;380;380;14;366;32.62;3.68;1205;752;752;21;731;62.41;2.79
53272;120616;4;świetlica Wiejska 32-064 Brzezinka Krakowska 26;531;178;178;9;169;33.52;5.06;562;372;372;7;365;66.19;1.88
53273;120616;5;Szkoła Podstawowa Bolechowice 32-082 Bolechowice Szkolna 7;1592;531;531;15;516;33.35;2.82;1645;1078;1078;24;1054;65.53;2.23
53274;120616;6;Szkoła Podstawowa Bolechowice 32-082 Zelków Szkolna 7;676;194;194;7;187;28.70;3.61;691;451;451;12;439;65.27;2.66
53275;120616;7;Remiza OSP Brzoskwinia 32-084 Brzoskwinia 42;758;187;187;10;177;24.67;5.35;763;436;436;9;427;57.14;2.06
53276;120616;8;Dom Pomocy Społecznej Karniowice 32-082 Karniowice Osiedle XXXV Lecia PRL 10;715;197;197;14;183;27.55;7.11;727;402;402;15;387;55.30;3.73
53277;120616;9;świetlica Wiejska Kleszczów 32-084 Kleszczów 110;296;88;88;3;85;29.73;3.41;302;169;169;6;163;55.96;3.55
53278;120616;10;Szkoła Podstawowa Kobylany 32-082 Kobylany Jana Pawła II 61;662;173;173;7;166;26.13;4.05;678;394;394;20;374;58.11;5.08
53279;120616;11;świetlica Wiejska Niegoszowice 32-064 Kochanów 140;691;214;214;11;203;30.97;5.14;692;399;399;8;391;57.66;2.01
53280;120616;12;Szkoła Podstawowa Nielepice 32-064 Nielepice 97;663;224;224;7;217;33.79;3.12;642;392;392;6;386;61.06;1.53
53281;120616;13;świetlica OSP Radwanowice 32-064 Radwanowice 21 Lipca 56;532;181;181;11;170;34.02;6.08;526;327;327;34;293;62.17;10.40
53282;120616;14;Zespół Szkół w Rudawie 32-064 Rudawa Stanisława Polaczka 25;1531;438;438;11;427;28.61;2.51;1525;930;930;40;890;60.98;4.30
53283;120616;15;Zespół Szkół w Rudawie 32-064 Młynka Stanisława Polaczka 25;760;175;175;9;166;23.03;5.14;788;423;423;12;411;53.68;2.84
53284;120616;16;Zespół szkół w Rząsce 30-199 Rząska Krakowska 122;1993;685;685;14;671;34.37;2.04;1962;1290;1290;24;1266;65.75;1.86
53285;120616;17;świetlica Wiejska Szczyglice 32-083 Szczyglice Sportowa 38;557;209;209;4;205;37.52;1.91;570;365;365;10;355;64.04;2.74
53286;120616;18;Dom Pomocy Społecznej Więckowice 32-082 Więckowice Słoneczna 3;490;168;168;5;163;34.29;2.98;501;307;307;15;292;61.28;4.89
53287;120616;19;SCKiP Zabierzów 32-080 Zabierzów Szkolna 2;1826;534;535;21;513;29.24;3.93;1858;1138;1138;16;1122;61.25;1.41
53288;120616;20;Gimnazjum Zabierzów 32-080 Zabierzów Kolejowa 15;914;324;324;7;317;35.45;2.16;924;624;624;2;622;67.53;0.32
53289;120616;21;Gimnazjum Zabierzów 32-080 Zabierzów Kolejowa 15;1645;505;505;14;491;30.70;2.77;1636;1014;1014;24;990;61.98;2.37
53290;120617;1;Dom Kultury w Batowicach 32-086 Batowice 98;835;238;238;10;228;28.50;4.20;847;460;460;9;451;54.31;1.96
53291;120617;2;Przedszkole Samorządowe w Węgrzcach z siedzibą w Bibicach 32-087 Bibice ul. Tadeusza Kościuszki 56;1680;581;581;12;569;34.58;2.07;1722;1162;1162;9;1153;67.48;0.77
53292;120617;3;Przedszkole Samorządowe w Wegrzcach z siedzibą w Bibicach 32-087 Bibice Tadeusza Kościuszki 56;1259;386;386;8;378;30.66;2.07;1261;772;773;9;763;61.22;1.17
53293;120617;4;Zespół Szkół w Bibicach 32-087 Bibice ul. Tadeusza Kościuszki 56 A;982;341;341;3;338;34.73;0.88;1074;738;738;8;730;68.72;1.08
53294;120617;5;Zespół Szkół w Bibicach 32-087 Bibice ul. Tadeusza Kościuszki 56A;1215;384;384;15;369;31.60;3.91;1251;725;725;21;704;57.95;2.90
53295;120617;6;Zespół Szkół w Zielonkach 32-087 Zielonki ul. Księdza Michalika 2;1786;776;776;14;762;43.45;1.80;1855;1299;1299;10;1289;70.03;0.77
53296;120617;7;Zespół Szkół w Zielonkach 32-087 Zielonki Księdza Michalika 2;1243;463;463;8;455;37.25;1.73;1373;940;940;9;931;68.46;0.96
53297;120617;8;Zespół Szkół w Zielonkach 32-087 Zielonki ul. Księdza Michalika 2;1042;331;331;3;328;31.77;0.91;1068;662;662;7;655;61.99;1.06
53298;120617;9;Sala Konferencyjna w Zielonkach 32-087 Zielonki ul. Krakowskie Przedmieście 116;1060;285;285;8;277;26.89;2.81;1103;634;634;13;621;57.48;2.05
53299;120617;10;Zespół Szkół w Korzkwi 32-088 Korzkiew 18;1621;427;427;7;420;26.34;1.64;1717;1013;1013;38;975;59.00;3.75
53300;120617;11;Zespół Szkół w Woli Zachariaszowskiej 32-087 Wola Zachariaszowska 105;950;289;289;11;278;30.42;3.81;984;589;589;18;571;59.86;3.06
53301;120617;12;Szkoła Podstawowa w Owczarach 32-088 Owczary Długa 72;1011;248;248;12;236;24.53;4.84;1041;533;533;15;518;51.20;2.81
90538;120617;13;Dom Pomocy Społecznej w Owczarach 32-088 Owczary Kasztanowa 20;80;21;21;1;20;26.25;4.76;83;27;27;6;21;32.53;22.22
90539;120617;14;Dom Pomocy Społecznej w Batowicach 32-086 Batowice 1;125;36;36;4;32;28.80;11.11;115;66;66;10;56;57.39;15.15
53302;120701;1;Zespół Szkół Samorządowych Nr 1 34-600 Limanowa ul. M. Konopnickiej 4;943;309;309;7;302;32.77;2.27;897;532;532;11;521;59.31;2.07
53303;120701;2;Limanowski Dom Kultury 34-600 Limanowa ul. Br. Czecha 4;799;252;252;9;243;31.54;3.57;781;485;485;15;470;62.10;3.09
53304;120701;3;Zespół Szkół Samorządowych Nr 2 34-600 Limanowa ul. J. Piłsudskiego 91;748;258;258;9;249;34.49;3.49;711;435;435;9;426;61.18;2.07
53305;120701;4;Zespół Szkół Samorządowych Nr 2 34-600 Limanowa ul. J. Piłsudskiego 91;884;245;245;8;237;27.71;3.27;892;510;510;17;493;57.17;3.33
53306;120701;5;Zespół Szkół Samorządowych Nr 4 34-600 Limanowa ul. Wł. Reymonta 3;848;280;280;10;270;33.02;3.57;852;521;521;9;512;61.15;1.73
53307;120701;6;Dom Pomocy Społecznej 34-600 Limanowa ul. W. Witosa 24;760;203;203;11;192;26.71;5.42;698;391;391;12;379;56.02;3.07
53308;120701;7;Zespół Szkół Samorządowych Nr 1 34-600 Limanowa ul. M. Konopnickiej 4;1487;428;428;13;415;28.78;3.04;1493;875;875;22;853;58.61;2.51
53309;120701;8;Miejska Biblioteka Publiczna 34-600 Limanowa ul. M.B.Bolesnej 13;1410;423;423;16;407;30.00;3.78;1388;882;882;28;854;63.54;3.17
53310;120701;9;Państwowa Szkoła Muzyczna 34-600 Limanowa ul. T. Kościuszki 23;1542;523;523;7;516;33.92;1.34;1514;980;980;21;959;64.73;2.14
53311;120701;10;Zespół Szkół Samorządowych nr 3 34-600 Limanowa ul. St. Jordana 3;722;248;248;9;239;34.35;3.63;743;481;481;11;470;64.74;2.29
53312;120701;11;Muzeum Regionalne Ziemi Limanowskiej 34-600 Limanowa ul. J. Marka 13;814;273;273;15;258;33.54;5.49;769;429;429;8;421;55.79;1.86
53313;120701;12;Muzeum Regionalne Ziemi Limanowskiej 34-600 Limanowa ul. J. Marka 13;970;247;247;6;241;25.46;2.43;976;502;502;16;486;51.43;3.19
90540;120701;13;Szpital Powiatowy 34-600 Limanowa ul. Piłsudskiego 61;105;2;2;0;2;1.90;0.00;49;19;19;4;15;38.78;21.05
53314;120702;1;Zespół Szkół Miejskich Nr 1 34-730 Mszana Dolna ul. Sienkiewicza 2;1288;380;380;15;365;29.50;3.95;1274;710;710;12;698;55.73;1.69
53315;120702;2;Zespół Szkół Miejskich Nr 1 34-730 Mszana Dolna ul. Sienkiewicza 2;1499;397;397;18;379;26.48;4.53;1501;800;800;10;790;53.30;1.25
53316;120702;3;Urząd Miasta 34-730 Mszana Dolna ul. Piłsudskiego 2;1652;424;424;12;412;25.67;2.83;1666;928;928;27;901;55.70;2.91
53317;120702;4;Zespół Szkół Miejskich Nr 2 34-730 Mszana Dolna ul. Rynek 21;1674;449;449;17;432;26.82;3.79;1672;972;972;29;943;58.13;2.98
53318;120703;1;Zespół Szkół Ogólnokształcących 34-642 Dobra 1;1166;323;323;21;302;27.70;6.50;1191;614;614;27;587;51.55;4.40
53319;120703;2;Zespół Szkół Ogólnokształcących 34-642 Dobra 1;1003;240;240;12;228;23.93;5.00;1016;476;476;23;453;46.85;4.83
53320;120703;3;Zespół Szkół Ogólnokształcących 34-642 Dobra 1;1100;261;261;10;251;23.73;3.83;1104;543;543;21;522;49.18;3.87
53321;120703;4;Zespół Placówek Oświatowych 34-643 Jurków 115;884;221;221;11;210;25.00;4.98;893;470;470;11;459;52.63;2.34
53322;120703;5;Zespół Placówek Oświatowych 34-625 Skrzydlna 186;869;185;185;8;177;21.29;4.32;847;400;400;18;382;47.23;4.50
53323;120703;6;Szkoła Podstawowa 34-625 Stróża 1;441;102;102;6;96;23.13;5.88;448;218;218;7;211;48.66;3.21
53324;120703;7;Szkoła Podstawowa 34-643 Wilczyce 109;483;116;116;7;109;24.02;6.03;490;228;228;7;221;46.53;3.07
53325;120703;8;Zespół Placówek Oświatowych 34-643 Jurków 115;980;186;186;6;180;18.98;3.23;985;396;396;16;380;40.20;4.04
53326;120703;9;Zespół Placówek Oświatowych 34-625 Skrzydlna 186;662;132;132;7;125;19.94;5.30;665;284;284;9;275;42.71;3.17
53327;120704;1;Urząd Gminy 34-620 Jodłownik 198;1211;244;244;9;235;20.15;3.69;1207;568;568;30;538;47.06;5.28
53328;120704;2;Remiza OSP 34-620 Krasne-Lasocice 150;769;164;164;9;155;21.33;5.49;779;356;356;13;343;45.70;3.65
53329;120704;3;Szkoła Podstawowa 34-623 Szczyrzyc 123;1694;411;411;14;397;24.26;3.41;1699;794;794;30;764;46.73;3.78
53330;120704;4;Szkoła Podstawowa 34-620 Szyk 117;662;175;175;6;169;26.44;3.43;664;371;371;30;341;55.87;8.09
53331;120704;5;Zespół Szkół 34-617 Wilkowisko 222;1015;288;288;27;261;28.37;9.38;1017;560;560;26;534;55.06;4.64
53332;120704;6;Urząd Gminy 34-620 Jodłownik 198;790;167;167;10;157;21.14;5.99;791;379;379;26;353;47.91;6.86
53333;120704;7;Świetlica Wiejska 34-623 Góra Świętego Jana 85;265;90;90;2;88;33.96;2.22;264;164;164;2;162;62.12;1.22
90541;120704;8;Niepubliczny Zakład Opieki Zdrowotnej Szpital pw. Św. Jana Jerozolimskiego 34-623 Szczyrzyc 107;52;12;12;2;10;23.08;16.67;44;23;23;2;21;52.27;8.70
90542;120704;9;Dom Pomocy Społecznej 34-623 Szczyrzyc 182;35;27;27;4;23;77.14;14.81;58;28;28;6;22;48.28;21.43
53334;120705;1;Szkoła Podstawowa Nr 1 34-608 Kamienica 490;1647;291;291;18;273;17.67;6.19;1673;845;845;37;808;50.51;4.38
53335;120705;2;Szkoła Podstawowa Nr 2 34-608 Kamienica 343;857;146;146;9;137;17.04;6.16;858;407;407;21;386;47.44;5.16
53336;120705;3;Zespół Szkoły Podstawowej i Gimnazjum 34-608 Szczawa 167;1577;377;377;16;361;23.91;4.24;1541;797;797;45;752;51.72;5.65
53337;120705;4;Szkoła Podstawowa 34-608 Zalesie 265;758;162;162;8;154;21.37;4.94;758;396;396;12;384;52.24;3.03
53338;120705;5;Zepół Szkoły i Przedszkola 34-608 Zbludza 110;553;82;82;3;79;14.83;3.66;560;277;277;16;261;49.46;5.78
53339;120705;6;Szkoła Podstawowa 34-608 Zasadne 91;450;94;94;4;90;20.89;4.26;451;231;231;9;222;51.22;3.90
53340;120706;1;Gminny Ośrodek Kultury, Sportu i Turystyki (sala nr 1) 34-602 Laskowa 700;1223;404;404;15;389;33.03;3.71;1201;785;785;27;758;65.36;3.44
53341;120706;2;Szkoła Podstawowa 34-602 Kamionka Mała 134;688;164;164;6;158;23.84;3.66;669;385;385;16;369;57.55;4.16
53342;120706;3;Zespół Szkół 34-603 Ujanowice 55;1129;389;389;10;379;34.46;2.57;1123;722;722;12;710;64.29;1.66
53343;120706;4;Szkoła Podstawowa 34-603 Krosna 109;671;221;221;3;218;32.94;1.36;692;444;444;11;433;64.16;2.48
53344;120706;5;Szkoła Podstawowa 34-602 Jaworzna 111;401;193;193;3;190;48.13;1.55;393;276;276;5;271;70.23;1.81
53345;120706;6;Szkoła Podstawowa 34-603 Żmiąca 128;507;179;179;8;171;35.31;4.47;512;311;311;19;292;60.74;6.11
53346;120706;7;Gminny Ośrodek Kultury, Sportu i Turystyki (sala nr 2) 34-602 Laskowa 700;1221;450;450;15;435;36.86;3.33;1250;798;798;21;777;63.84;2.63
53347;120707;1;Zespół Szkół 34-652 Rupniów 206;1173;325;325;14;311;27.71;4.31;1195;650;650;17;633;54.39;2.62
53348;120707;2;Zespół Szkół nr 1 34-600 Stara Wieś 549;1949;571;571;15;556;29.30;2.63;1983;1148;1148;31;1117;57.89;2.70
53349;120707;3;Szkoła Podstawowa 34-600 Kanina 71;435;113;113;6;107;25.98;5.31;440;261;261;5;256;59.32;1.92
53350;120707;4;Świetlica w Siekierczynie I 34-600 Siekierczyna 453;833;211;211;10;201;25.33;4.74;868;495;495;14;481;57.03;2.83
53351;120707;5;Szkoła Podstawowa nr 2 34-600 Siekierczyna 326;470;134;134;12;122;28.51;8.96;463;261;261;22;239;56.37;8.43
53352;120707;6;Zespół Szkół 34-600 Mordarka 204;1973;560;560;35;525;28.38;6.25;1988;1190;1190;31;1159;59.86;2.61
53353;120707;7;Zespół Szkół 34-654 Pisarzowa 346;1571;422;422;22;400;26.86;5.21;1590;912;912;14;898;57.36;1.54
53354;120707;8;Zespół Szkół nr 1 34-654 Męcina 530;1828;504;504;20;484;27.57;3.97;1838;1085;1085;27;1058;59.03;2.49
53355;120707;9;Szkoła Podstawowa 34-654 Kłodne 144;763;192;192;7;185;25.16;3.65;766;432;432;18;414;56.40;4.17
53356;120707;10;Remiza OSP w Łososinie Górnej 34-600 Limanowa ul. Łososińska 23;1112;297;297;10;287;26.71;3.37;1125;662;662;21;641;58.84;3.17
53357;120707;11;Zespół Szkół 34-600 Pasierbiec 108;1013;241;241;5;236;23.79;2.07;1020;578;578;18;560;56.67;3.11
53358;120707;12;Szkoła Podstawowa 34-600 Młynne 149;1040;239;239;2;237;22.98;0.84;1045;632;632;20;612;60.48;3.16
53359;120707;13;Dom Ludowy 34-652 Nowe Rybie 157;528;114;114;10;104;21.59;8.77;535;257;257;21;236;48.04;8.17
53360;120707;14;Świetlica w Lipowem 34-600 Lipowe 264;611;222;222;7;215;36.33;3.15;607;377;377;13;364;62.11;3.45
53361;120707;15;Zespół Szkół w Starej Wsi II 34-600 Stara Wieś 459;1051;296;296;7;289;28.16;2.36;1067;628;628;26;602;58.86;4.14
53362;120707;16;Budynek po zlikwidowanej Szkole Filialnej 34-652 Stare Rybie 9;276;49;49;0;49;17.75;0.00;273;140;140;5;135;51.28;3.57
53363;120707;17;Szkoła Podstawowa nr 2 34-654 Męcina 504;726;151;151;7;144;20.80;4.64;722;397;397;19;378;54.99;4.79
53364;120707;18;Szkoła Podstawowa 34-600 Wysokie 5;501;73;73;3;70;14.57;4.11;506;266;266;12;254;52.57;4.51
53365;120707;19;Świetlica Wiejska 34-600 Sowliny 332;596;188;188;11;177;31.54;5.85;606;379;379;20;359;62.54;5.28
53366;120708;1;Szkoła Podstawowa 34-606 Jastrzębie 131;892;241;241;7;234;27.02;2.90;899;457;457;11;446;50.83;2.41
53367;120708;2;Szkoła Podstawowa 34-606 Łukowica 285;1671;524;524;22;502;31.36;4.20;1680;1051;1051;34;1017;62.56;3.24
53368;120708;3;Szkoła Podstawowa 34-606 Młyńczyska 136;729;140;140;7;133;19.20;5.00;732;342;342;19;323;46.72;5.56
53369;120708;4;Świetlica Wiejska 34-604 Przyszowa 605;1820;516;516;41;475;28.35;7.95;1818;941;941;49;892;51.76;5.21
53370;120708;5;Szkoła Podstawowa 34-606 Świdnik 22;763;202;202;12;190;26.47;5.94;759;436;436;12;424;57.44;2.75
53371;120708;6;Szkoła Podstawowa 34-604 Stronie 2;794;311;311;16;295;39.17;5.14;795;518;518;18;500;65.16;3.47
53372;120708;7;Szkoła Podstawowa 34-606 Roztoka 165;603;115;115;3;112;19.07;2.61;608;283;283;8;275;46.55;2.83
53373;120709;1;Szkoła Podstawowa 34-730 Glisne 70;240;70;70;2;68;29.17;2.86;244;139;139;1;138;56.97;0.72
53374;120709;2;Szkoła Podstawowa (k/kościoła) 34-741 Kasina Wielka 761;1332;259;259;24;235;19.44;9.27;1350;645;645;19;626;47.78;2.95
53375;120709;3;Nowy budynek Szkoły Podstawowej 34-741 Kasina Wielka 762;920;190;190;11;179;20.65;5.79;935;424;424;17;407;45.35;4.01
53376;120709;4;Szkoła Podstawowa Nr 1 34-734 Kasinka Mała 513;1307;365;365;12;353;27.93;3.29;1328;822;822;34;788;61.90;4.14
53377;120709;5;Szkoła Podstawowa Nr 2 34-734 Kasinka Mała 432;1339;349;349;13;336;26.06;3.72;1342;760;760;27;733;56.63;3.55
53378;120709;6;Szkoła Podstawowa Nr 1 34-736 Lubomierz 345;1550;261;261;12;249;16.84;4.60;1549;752;752;49;703;48.55;6.52
53379;120709;7;Remiza OSP 34-733 Łętowe 305;917;247;247;5;242;26.94;2.02;948;483;483;22;461;50.95;4.55
53380;120709;8;Szkoła Podstawowa 34-730 Łostówka 245;1085;155;155;0;155;14.29;0.00;1094;450;450;24;426;41.13;5.33
53381;120709;9;Szkoła Podstawowa Nr 1 34-733 Mszana Górna 589;2021;447;449;29;418;22.12;6.49;2048;1096;1096;36;1060;53.52;3.28
53382;120709;10;Remiza OSP 34-730 Olszówka 415;1258;322;322;15;307;25.60;4.66;1248;593;593;17;576;47.52;2.87
53383;120709;11;Remiza OSP 34-730 Raba Niżna 252;917;248;248;19;229;27.04;7.66;914;489;489;26;463;53.50;5.32
90543;120709;12;Dom Pomocy Społecznej 34-741 Kasina Wielka 448;42;42;42;4;38;100.00;9.52;43;43;43;3;40;100.00;6.98
90544;120709;13;Dom Pomocy Społecznej 34-730 Raba Niżna 1;57;28;28;0;28;49.12;0.00;58;29;29;3;26;50.00;10.34
53384;120710;1;Zespół Placówek Oświatowych 34-735 Konina 211;1526;258;258;5;253;16.91;1.94;1553;609;609;35;574;39.21;5.75
53385;120710;2;Dom Kultury im. Ks. Franciszka Baradzieja 34-735 Niedźwiedź 130;1067;201;201;9;192;18.84;4.48;1062;427;427;14;413;40.21;3.28
53386;120710;3;Zespół Szkoły Podstawowej i Gimnazjum Publicznego 34-735 Poręba Wielka 222;1818;360;360;12;348;19.80;3.33;1827;809;809;31;778;44.28;3.83
53387;120710;4;Zespół Placówek Oświatowych 34-735 Podobin 257;917;162;162;5;157;17.67;3.09;938;367;367;20;347;39.13;5.45
53388;120711;1;Zespół Placówek Oświatowych 34-615 Słopnice 732;1302;335;335;17;318;25.73;5.07;1320;720;720;28;692;54.55;3.89
53389;120711;2;Szkoła Podstawowa Nr 4 34-615 Słopnice 363;509;122;122;9;113;23.97;7.38;519;315;315;11;304;60.69;3.49
53390;120711;3;Zespół Szkoły Podstawowej i Przedszkola 34-615 Słopnice 336;1014;224;224;10;214;22.09;4.46;1025;592;592;12;580;57.76;2.03
53391;120711;4;Filia Zespołu Placówek Oświatowych Słopnice - Granice 34-615 Słopnice 731;471;137;137;4;133;29.09;2.92;468;258;258;12;246;55.13;4.65
53392;120711;5;Zespół Placówek Oświatowych 34-615 Słopnice 732;1220;296;296;12;284;24.26;4.05;1260;693;693;30;663;55.00;4.33
53393;120712;1;Nowy budynek Pana Marka Dziadonia 34-650 Podłopień 68;1130;485;485;25;460;42.92;5.15;1119;681;681;17;664;60.86;2.50
53394;120712;2;Gimnazjum Samorządowe 34-650 Tymbark 29;977;365;365;10;355;37.36;2.74;997;629;629;14;615;63.09;2.23
53395;120712;3;Przedszkole Samorządowe 34-650 Tymbark 495;1295;423;423;22;401;32.66;5.20;1267;755;755;24;731;59.59;3.18
53396;120712;4;Gimnazjum Samorządowe 34-650 Tymbark 29;955;324;324;5;319;33.93;1.54;987;627;627;24;603;63.53;3.83
53397;120712;5;Szkoła Podstawowa 34-650 Piekiełko 40;575;206;206;2;204;35.83;0.97;575;348;348;6;342;60.52;1.72
53398;120801;1;Zespół Szkół im.A.Malatyńskiego w Miechowie- Charsznicy 32-250 Miechów-Charsznica Szkolna 14;1383;256;256;9;247;18.51;3.52;1348;646;646;16;630;47.92;2.48
53399;120801;2;Zespół Szkół im.A.Malatyńskiego w Miechowie-Charsznicy 32-250 Miechów-Charsznica Szkolna 14;1025;163;163;3;160;15.90;1.84;1009;381;381;6;375;37.76;1.57
53400;120801;3;Szkoła Podstawowa w Swojczanach 32-250 Swojczany 200;819;126;126;2;124;15.38;1.59;813;312;312;12;300;38.38;3.85
53401;120801;4;Szkoła Podstawowa w Pogwizdowie 32-250 Pogwizdów 58;722;81;81;9;72;11.22;11.11;708;224;224;10;214;31.64;4.46
53402;120801;5;Remiza OSP w Uniejowie- Kolonii 32-250 Uniejów-Kolonia 32a;703;99;99;4;95;14.08;4.04;696;264;264;5;259;37.93;1.89
53403;120801;6;Remiza OSP w Tczycy 32-250 Tczyca 145;1268;242;242;11;231;19.09;4.55;1276;570;570;16;554;44.67;2.81
53404;120801;7;Budynek gminny w Podlesicach 32-250 Podlesice 37a;325;47;47;3;44;14.46;6.38;319;142;142;8;134;44.51;5.63
90545;120801;8;Dom Pomocy Społecznej CARITAS Diecezji Kieleckiej 32-250 Miechów-Charsznica Młyńska 2;30;6;6;2;4;20.00;33.33;24;8;8;4;4;33.33;50.00
53405;120802;1;Urząd Gminy w Gołczy 32-075 Gołcza 80;1299;315;315;22;293;24.25;6.98;1259;705;705;38;667;56.00;5.39
53406;120802;2;Remiza OSP w Chobędzy 32-075 Chobędza 60;385;88;88;4;84;22.86;4.55;381;185;185;12;173;48.56;6.49
53407;120802;3;Szkoła Podstawowa w Szreniawie 32-075 Szreniawa 9;1219;232;232;12;220;19.03;5.17;1210;555;555;15;540;45.87;2.70
53408;120802;4;Budynek po byłej szkole podstawowej w Mostku 32-075 Mostek 21;492;79;79;0;79;16.06;0.00;478;239;239;9;230;50.00;3.77
53409;120802;5;Budynek po byłej Szkole Podstawoej w Ulinie Wielkiej 32-075 Ulina Wielka 103;457;75;75;2;73;16.41;2.67;443;218;218;5;213;49.21;2.29
53410;120802;6;Szkoła Podstawowa w Wysocicach 32-075 Wysocice 47;593;107;107;3;104;18.04;2.80;582;236;236;2;234;40.55;0.85
53411;120802;7;Remiza OSP w Czaplach Wielkich 32-075 Czaple Wielkie 20;701;94;94;7;87;13.41;7.45;687;287;287;9;278;41.78;3.14
53412;120803;1;Społeczna Szkoła Podstawowa w Przybysławicach 32-241 Przybysławice 60;526;50;50;0;50;9.51;0.00;530;175;175;11;164;33.02;6.29
53413;120803;2;Centrum Kształcenia na Odległość w Kamionce 32-241 Kamionka 90A;349;74;74;8;66;21.20;10.81;339;148;148;9;139;43.66;6.08
53414;120803;3;Szkoła Podstawowa nr 1 w Kozłowie Filia w Kępiu 32-241 Kępie 16;409;57;57;4;53;13.94;7.02;413;133;133;12;121;32.20;9.02
53415;120803;4;Remiza OSP w Marcinowicach 32-241 Marcinowice 65;526;41;41;0;41;7.79;0.00;517;166;166;13;153;32.11;7.83
53416;120803;5;Szkoła Podstawowa Nr 1 w Kozłowie 32-241 Kozłów 303;910;151;151;1;150;16.59;0.66;912;393;393;16;377;43.09;4.07
53417;120803;6;Budynek gminny w Przysiece 32-241 Przysieka 41;477;73;73;2;71;15.30;2.74;468;187;187;8;179;39.96;4.28
53418;120803;7;Budynek gminny w Bryzdzyniu 32-241 Bryzdzyn 58;332;31;31;0;31;9.34;0.00;340;121;121;1;120;35.59;0.83
53419;120803;8;Budynek gminny w Wolicy 32-241 Wolica 14;226;29;29;1;28;12.83;3.45;224;79;79;1;78;35.27;1.27
53420;120803;9;Remiza OSP w Wierzbicy 32-241 Wierzbica 34;219;37;37;1;36;16.89;2.70;214;86;86;4;82;40.19;4.65
53421;120804;1;Szkoła Podstawowa w Książu Małym 32-210 Książ Mały 59;790;132;132;6;126;16.71;4.55;787;332;332;15;317;42.19;4.52
53422;120804;2;Zespół Szkolno-Przedszkolny w Książu Wielkim 32-210 Książ Wielki ul. Reja 4;709;177;177;14;163;24.96;7.91;716;374;374;16;358;52.23;4.28
53423;120804;3;Remiza OSP w Książu Wielkim 32-210 Książ Wielki ul. Śniadeckiego 11;563;85;85;2;83;15.10;2.35;567;242;242;9;233;42.68;3.72
53424;120804;4;Świetlica Wiejska w Głogowianach Wrzosach 32-210 Głogowiany Wrzosy 29;417;63;63;1;62;15.11;1.59;414;154;154;3;151;37.20;1.95
53425;120804;5;Szkoła Podstawowa w Antolce 32-210 Antolka 13;435;77;77;1;76;17.70;1.30;446;223;223;7;216;50.00;3.14
53426;120804;6;Remiza OSP w Moczydle 32-210 Moczydło 114;275;51;51;1;50;18.55;1.96;281;120;120;3;117;42.70;2.50
53427;120804;7;Świetlica Wiejska w Giebułtowie 32-210 Giebułtów 19;266;41;41;0;41;15.41;0.00;261;102;102;2;100;39.08;1.96
53428;120804;8;Świetlica Wiejska w Zaryszynie 32-210 Zaryszyn 24;212;48;48;4;44;22.64;8.33;212;93;93;4;89;43.87;4.30
53429;120804;9;Świetlica Wiejska w Konaszówce 32-210 Konaszówka 79;334;61;61;3;58;18.26;4.92;336;156;156;4;152;46.43;2.56
53430;120804;10;Świetlica Wiejska w Cisiu 32210 Cisie 94A;297;50;50;4;46;16.84;8.00;292;115;115;1;114;39.38;0.87
90546;120804;11;Dom Pomocy Społecznej 32-210 Mianocice 51;57;14;14;0;14;24.56;0.00;57;22;22;0;22;38.60;0.00
53431;120805;1;Bursa Szkolna w Miechowie 32-200 Miechów ul. Henryka Sienkiewicza 27A;1136;259;259;4;255;22.80;1.54;1114;591;591;14;577;53.05;2.37
53432;120805;2;Przedszkole Samorządowe Nr 2 w Miechowie 32-200 Miechów ul. Jagiellońska 34;945;279;279;12;267;29.52;4.30;924;511;511;8;503;55.30;1.57
53433;120805;3;Miechowski Dom Kultury w Miechowie 32-200 Miechów ul. Racławicka 10;825;196;196;8;188;23.76;4.08;833;433;433;10;423;51.98;2.31
53434;120805;4;Przedszkole Samorządowe Nr 1 im. J. Porazińskiej w Miechowie 32-200 Miechów ul. Powstańców 1863 Roku 13;1147;291;291;16;275;25.37;5.50;1163;651;651;8;643;55.98;1.23
53435;120805;5;Państwowa Szkoła Muzyczna I Stopnia im. M.K. Ogińskiego w Miechowie 32-200 Miechów ul. Rynek 5;1024;265;265;3;262;25.88;1.13;1012;555;555;8;547;54.84;1.44
53436;120805;6;Świetlica MDK w Miechowie 32-200 Miechów Os. XXX-lecia PRL 11;1336;312;312;14;298;23.35;4.49;1300;625;625;16;609;48.08;2.56
53437;120805;7;Szkoła Podstawowa Nr 1 im. Henryka Sienkiewicza w Miechowie 32-200 Miechów ul. Marii Konopnickiej 13;1275;303;303;4;299;23.76;1.32;1294;687;687;11;676;53.09;1.60
53438;120805;8;Gimnazjum Nr 1im. Macieja Miechowity w Miechowie 32-200 Miechów Osiedle Generała Sikorskiego 15B;903;231;231;4;227;25.58;1.73;876;475;475;4;471;54.22;0.84
53439;120805;9;Szkoła Podstawowa Nr 2 im. Marii Konopnickiej w Miechowie 32-200 Miechów Osiedle Generała Sikorskiego 15A;856;260;260;3;257;30.37;1.15;834;467;467;6;461;56.00;1.28
53440;120805;10;Remiza Strazacka w Strzeżowie Drugim 32-200 Strzeżów Drugi;441;69;69;2;67;15.65;2.90;449;197;197;5;192;43.88;2.54
53441;120805;11;Świetlica Wiejska w Brzuchani 32-200 Brzuchania 58;233;101;101;4;97;43.35;3.96;234;119;119;9;110;50.85;7.56
53442;120805;12;Szkoła Podstawowa w Bukowskiej Woli im. Samodzielnej Brygady Strzelców Karpackich Obrońców Tobruku 32-200 Bukowska Wola 59;946;120;120;6;114;12.68;5.00;951;401;401;10;391;42.17;2.49
53443;120805;13;Szkoła Podstawowa w Pojałowicach im.Gen.Stanisława Maczka 32-200 Pojałowice 18;519;65;65;3;62;12.52;4.62;521;190;190;3;187;36.47;1.58
53444;120805;14;Centrum Kultury Wsi Miechowskiej w Nasiechowicach 32-200 Nasiechowice;459;92;92;4;88;20.04;4.35;461;183;183;10;173;39.70;5.46
53445;120805;15;Remiza Strażacka w Sławicach Szlacheckich 32-200 Sławice Szlacheckie 40;439;79;79;4;75;18.00;5.06;427;162;162;2;160;37.94;1.23
53446;120805;16;Niepubliczna Szkoła Podstawowa w Parkoszowicach im.106 Dywizji Piechoty Armii Krajowej 32-200 Parkoszowice;595;90;90;3;87;15.13;3.33;589;252;252;10;242;42.78;3.97
53447;120805;17;Szkoła Podstawowa w Jaksicach im.Adama Mickiewicza 32-200 Jaksice 110;1127;165;165;8;157;14.64;4.85;1130;499;499;7;492;44.16;1.40
53448;120805;18;Wiejskie Centrum Kultury, Sportu i Rekreacji w Falniowie 32-200 Falniów;690;71;71;4;67;10.29;5.63;694;247;247;7;240;35.59;2.83
53449;120805;19;Szkoła Podstawowa w Pstroszycach 32-200 Pstroszyce Pierwsze 66;776;127;127;2;125;16.37;1.57;765;341;341;9;332;44.58;2.64
53450;120805;20;Specjalny Ośrodek Szkolno-Wychowawczy w Zagorzycach 32-200 Zagorzyce 9;273;47;47;2;45;17.22;4.26;276;108;108;1;107;39.13;0.93
90547;120805;21;Szpital Św. Anny w Miechowie 32-200 Miechów Szpitalna 3;40;4;4;1;3;10.00;25.00;149;47;47;1;46;31.54;2.13
90548;120805;22;Dom Pomocy Społecznej w Miechowie 32-200 Miechów Warszawska 49a;44;26;26;6;20;59.09;23.08;31;10;10;1;9;32.26;10.00
90549;120805;23;Dom Pomocy Społecznej Dom Spokojnej Starości „Betania” w Miechowie 32-200 Miechów Ks. Skorupki 19;59;18;18;0;18;30.51;0.00;60;22;22;1;21;36.67;4.55
53451;120806;1;Szkoła Podstawowa w Racławicach 32-222 Racławice 147;1095;181;181;6;175;16.53;3.31;1116;403;403;11;392;36.11;2.73
53452;120806;2;Świetlica Wiejska w Klonowie 32-222 Klonów 50;423;52;52;0;52;12.29;0.00;431;135;135;2;133;31.32;1.48
53453;120806;3;Środowiskowy Dom Samopomocy w Kościejowie 32-222 Kościejów 52;539;73;73;1;72;13.54;1.37;535;205;205;10;195;38.32;4.88
53454;120807;1;Urząd Gminy w Słaboszowie, Słaboszów 32-218 Słaboszów 57;1237;187;187;6;181;15.12;3.21;1227;399;399;24;375;32.52;6.02
53455;120807;2;Zespół Szkół w Dziaduszycach, Dziaduszyce 32-218 Dziaduszyce 23;933;129;129;4;125;13.83;3.10;935;333;333;22;311;35.61;6.61
53456;120807;3;Gminna Biblioteka Publiczna w Kalinie Wielkiej 32-218 Kalina Wielka 62;639;153;153;5;148;23.94;3.27;632;292;292;10;282;46.20;3.42
53457;120807;4;Szkoła Podstawowa w Janowicach,Janowice 32-218 Janowice 50;276;37;37;1;36;13.41;2.70;271;109;109;0;109;40.22;0.00
53458;120901;1;Szkoła Podstawowa w Dobczycach 32-410 Dobczyce ul. Jagiellońska 4;1498;326;326;9;317;21.76;2.76;1497;822;822;26;796;54.91;3.16
53459;120901;2;Przedszkole Samorządowe Nr 1 w Dobczycach 32-410 Dobczyce Pl. Zgody 9;1707;470;470;8;462;27.53;1.70;1721;1004;1004;19;985;58.34;1.89
53460;120901;3;Przedszkole Samorządowe Nr 3 w Dobczycach 32-410 Dobczyce ul. Szkolna 27;1970;557;557;16;541;28.27;2.87;1949;1129;1129;17;1112;57.93;1.51
53461;120901;4;Szkoła Podstawowa w Brzączowicach 32-410 Brzączowice 186;1184;252;252;11;241;21.28;4.37;1179;636;636;17;619;53.94;2.67
53462;120901;5;Szkoła Podstawowa w Kornatce 32-410 Kornatka 105;1277;417;417;11;406;32.65;2.64;1291;755;755;10;745;58.48;1.32
53463;120901;6;Szkoła Podstawowa w Stadnikach 32-410 Stadniki 148;1364;266;266;3;263;19.50;1.13;1361;741;741;41;700;54.45;5.53
53464;120901;7;Szkoła Podstawowa w Dziekanowicach 32-410 Dziekanowice 66;1310;250;250;4;246;19.08;1.60;1309;658;658;22;636;50.27;3.34
53465;120901;8;Szkoła Podstawowa w Nowej Wsi 32-410 Nowa Wieś 16;829;128;128;2;126;15.44;1.56;829;386;386;13;373;46.56;3.37
53466;120901;9;Strażnica OSP 32-410 Stojowice 130;474;145;145;5;140;30.59;3.45;485;310;310;13;297;63.92;4.19
53467;120902;1;Szkoła Podstawowa w Lubniu 32-433 Lubień 513;1433;395;395;15;380;27.56;3.80;1444;865;865;27;838;59.90;3.12
53468;120902;2;Budynek Urzędu Gminy w Lubniu 32-433 Lubień 50;1438;283;283;15;268;19.68;5.30;1429;710;710;39;671;49.69;5.49
53469;120902;3;Szkoła Podstawowa w Tenczynie 32-433 Tenczyn 171;1700;442;442;12;430;26.00;2.71;1723;987;987;28;959;57.28;2.84
53470;120902;4;Zespół Szkół w Krzeczowie 32-433 Krzeczów 174;679;194;194;3;191;28.57;1.55;679;385;385;14;371;56.70;3.64
53471;120902;5;Szkoła Podstawowa w Skomielnej Białej 32-434 Skomielna Biała 1;2229;608;608;21;587;27.28;3.45;2241;1255;1255;31;1224;56.00;2.47
53472;120903;1;Gimnazjum Nr 1 w Myślenicach 32-400 Myślenice ul. Jana Sobieskiego 1;1867;684;684;15;669;36.64;2.19;1902;1258;1258;19;1239;66.14;1.51
53473;120903;2;Szkoła Podstawowa Nr 3 32-400 Myślenice ul. Pardyaka 26;1992;601;601;23;578;30.17;3.83;1956;1148;1148;17;1131;58.69;1.48
53474;120903;3;Zespół Szkół im. Andrzeja Średniawskiego w Myślenicach 32-400 Myślenice ul. 3 Maja 97b;1450;417;417;13;404;28.76;3.12;1450;892;892;15;877;61.52;1.68
53475;120903;4;Małopolski System Informacji Turystycznej 32-400 Myślenice Rynek 27;1067;424;424;6;418;39.74;1.42;1085;708;708;12;696;65.25;1.69
53476;120903;5;Szkoła Podstawowa Nr 2 w Myślenicach 32-400 Myślenice ul.Żeromskiego 2;1372;505;505;9;496;36.81;1.78;1341;883;883;8;875;65.85;0.91
53477;120903;6;Myślenicki Ośrodek Kultury i Sportu 32-400 Myślenice ul. Marszałka Piłsudskiego 20;1472;483;483;8;475;32.81;1.66;1430;902;902;23;879;63.08;2.55
53478;120903;7;Zespół Placówek Oświatowych Nr 1 w Myślenicach 32-400 Myślenice ul. Kazimierza Wielkiego 123;2030;676;676;19;657;33.30;2.81;2050;1334;1334;31;1303;65.07;2.32
53479;120903;8;Szkoła Podstawowa Nr 4 w Myślenicach 32-400 Myślenice ul. Zdrojowa 14;1283;313;313;9;304;24.40;2.88;1279;746;746;25;721;58.33;3.35
53480;120903;9;Cech Rzemiosł Różnych w Myślenicach 32-400 Myślenice ul. Ogrodowa 1;1962;630;630;18;612;32.11;2.86;1936;1104;1104;20;1084;57.02;1.81
53481;120903;10;Szkoła Podstawowa w Bęczarce 32-444 Bęczarka 14;822;178;178;8;170;21.65;4.49;824;434;434;10;424;52.67;2.30
53482;120903;11;Szkoła Podstawowa w Bysinie 32-400 Bysina 284;1032;281;281;7;274;27.23;2.49;1036;607;607;14;593;58.59;2.31
53483;120903;12;Szkoła Podstawowa w Jasienicy 32-400 Jasienica 48;1317;170;170;7;163;12.91;4.12;1323;574;574;12;562;43.39;2.09
53484;120903;13;Szkoła Podstawowa w Jaworniku 32-400 Jawornik 293;1216;302;302;11;291;24.84;3.64;1200;650;650;16;634;54.17;2.46
53485;120903;14;Szkoła Podstawowa w Borzęcie 32-400 Borzęta 368;1274;294;294;5;289;23.08;1.70;1302;678;678;22;656;52.07;3.24
53486;120903;15;Zespół Placówek Oświatowych w Głogoczowie 32-444 Głogoczów 297;2238;550;550;15;535;24.58;2.73;2282;1256;1256;31;1225;55.04;2.47
53487;120903;16;Szkoła Podstawowa w Krzyszkowicach 32-445 Krzyszkowice 368;1766;447;447;13;434;25.31;2.91;1813;1053;1053;21;1032;58.08;1.99
53488;120903;17;Szkoła Podstawowa w Polance 32-400 Polanka 71;814;186;186;11;175;22.85;5.91;823;453;453;6;447;55.04;1.32
53489;120903;18;Szkoła Podstawowa w Zawadzie 32-445 Zawada 24;886;321;321;5;316;36.23;1.56;901;589;589;12;577;65.37;2.04
53490;120903;19;Szkoła Podstawowa w Drogini 32-400 Droginia 20;912;174;174;5;169;19.08;2.87;923;533;533;10;523;57.75;1.88
53491;120903;20;Szkoła Podstawowa w Osieczanach 32-400 Osieczany 100;1389;323;323;6;317;23.25;1.86;1400;788;788;14;774;56.29;1.78
53492;120903;21;Szkoła Podstawowa w Porębie 32-425 Poręba 16;944;269;269;10;259;28.50;3.72;941;517;517;13;504;54.94;2.51
53493;120903;22;Szkoła Podstawowa w Trzemeśni 32-425 Trzemeśnia 250;1761;428;428;23;405;24.30;5.37;1777;969;969;18;951;54.53;1.86
53494;120903;23;Szkoła Podstawowa w Zasani 32-425 Zasań 102;631;121;121;2;119;19.18;1.65;623;318;318;12;306;51.04;3.77
53495;120903;24;Świetlica Wiejska w Łękach 32-425 Łęki 259;806;226;226;2;224;28.04;0.88;820;477;477;6;471;58.17;1.26
90042;120903;25;Szkoła Podstawowa w Jaworniku 32-400 Jawornik 293;1120;300;300;7;293;26.79;2.33;1178;718;718;19;699;60.95;2.65
90550;120903;26;Samodzielny Publiczny Zakład Opieki Zdrowotnej w Myslenicach 32-400 Myślenice Szpitalna 2;97;21;21;4;17;21.65;19.05;82;10;10;0;10;12.20;0.00
90551;120903;27;Dom Pomocy Społecznej dla Kombatantów i Innych Osób Uprawnionych „Biały Potok” 32-425 Trzemeśnia 377;48;34;34;3;31;70.83;8.82;46;38;38;1;37;82.61;2.63
90552;120903;28;Centrum Seniora w Drogini 32-400 Droginia 351;32;17;17;0;17;53.12;0.00;54;23;23;3;20;42.59;13.04
90553;120903;29;Dom Seniora „Na Wzgórzu” w Głogoczowie 32-444 Głogoczów 805;46;16;16;0;16;34.78;0.00;50;10;10;0;10;20.00;0.00
53496;120904;1;Szkoła Podstawowa Nr 1 w Pcimiu 32-432 Pcim 599;1556;531;531;19;512;34.13;3.58;1472;883;883;33;850;59.99;3.74
53497;120904;2;Przedszkole Samorządowe Nr 2 w Pcimiu 32-432 Pcim 564;1052;341;341;16;325;32.41;4.69;1165;716;716;31;685;61.46;4.33
53498;120904;3;Szkoła Podstawowa Nr 3 w Pcimiu 32-432 Pcim 598;1096;284;284;11;273;25.91;3.87;1114;591;591;38;553;53.05;6.43
53499;120904;4;Szkoła Podstawowa Nr 3 w Stróży 32-431 Stróża 168;1072;246;246;10;236;22.95;4.07;1062;553;553;29;524;52.07;5.24
53500;120904;5;Szkoła Podstawowa Nr 1 w Stróży 32-431 Stróża 1;1360;432;432;14;418;31.76;3.24;1380;884;884;21;863;64.06;2.38
53501;120904;6;Szkoła Podstawowa w Trzebuni 32-438 Trzebunia 444;1816;504;504;28;476;27.75;5.56;1834;938;938;24;914;51.15;2.56
53502;120904;7;Budynek komunalny 32-432 Pcim 596;349;101;101;6;95;28.94;5.94;353;212;212;8;204;60.06;3.77
90554;120904;8;Dom Pomocy Społecznej w Pcimiu 32-432 Pcim 638;61;31;31;5;26;50.82;16.13;60;42;42;7;35;70.00;16.67
53503;120905;1;Zespół Szkół Nr 1 w Raciechowicach 32-415 Raciechowice 106;2158;405;405;24;381;18.77;5.93;1189;680;680;24;656;57.19;3.53
53504;120905;2;Szkoła Podstawowa w Zegartowicach 32-415 Zegartowice 114;1169;194;194;13;181;16.60;6.70;1171;535;535;22;513;45.69;4.11
53505;120905;3;Zespół Szkół Nr 2 w Gruszowie 32-414 Gruszów 150;981;188;188;6;182;19.16;3.19;970;434;434;18;416;44.74;4.15
53506;120905;4;Zespół Szkół Nr 3 w Czasławiu 32-415 Czasław 105;643;109;109;7;102;16.95;6.42;662;324;324;14;310;48.94;4.32
53507;120906;1;Dom Kultury i Biblioteka w Sieprawiu 32-447 Siepraw 353;2293;518;518;12;506;22.59;2.32;2327;1176;1176;17;1159;50.54;1.45
53508;120906;2;Hala Sportowa przy Gimnazjum w Sieprawiu 32-447 Siepraw 724;1735;444;444;12;432;25.59;2.70;1793;1030;1030;10;1020;57.45;0.97
53509;120906;3;Szkoła Podstawowa w Czechówce 32-406 Czechówka 112;877;178;178;4;174;20.30;2.25;887;472;472;2;470;53.21;0.42
53510;120906;4;Zespół Placówek Oświatowych w Zakliczynie 32-406 Zakliczyn 250;1606;386;386;18;368;24.03;4.66;1629;884;884;29;855;54.27;3.28
53511;120907;1;Gminny Ośrodek Kultury z siedzibą w Sułkowicach 32-440 Sułkowice ul.1 Maja 70;726;178;178;6;172;24.52;3.37;713;334;334;11;323;46.84;3.29
53512;120907;2;Przedszkole Samorządowe Nr 2 w Sułkowicach 32-440 Sułkowice ul.1 Maja 56;1577;349;349;8;341;22.13;2.29;1595;815;815;20;795;51.10;2.45
53513;120907;3;Szkoła Podstawowa w Sułkowicach 32-440 Sułkowice ul.Rynek 6;1287;253;253;10;243;19.66;3.95;1312;654;654;23;631;49.85;3.52
53514;120907;4;Szkoła Podstawowa w Sułkowicach 32-440 Sułkowice ul.Rynek 6;1472;279;279;22;257;18.95;7.89;1489;715;715;36;679;48.02;5.03
53515;120907;5;Zespół Placówek Oświatowych w Harbutowicach 32-440 Harbutowice 179;1388;185;185;11;174;13.33;5.95;1393;517;517;30;487;37.11;5.80
53516;120907;6;Stare Przedszkole w Rudniku 32-440 Rudnik ul.Centralna 137;971;141;141;15;126;14.52;10.64;973;458;458;17;441;47.07;3.71
53517;120907;7;Remiza OSP w Rudniku 32-440 Rudnik ul. Centralna 205;1742;389;389;24;365;22.33;6.17;1775;947;947;45;902;53.35;4.75
53518;120907;8;Zespół Placówek Oświatowych w Biertowicach 32-440 Biertowice 222;757;163;163;5;158;21.53;3.07;756;408;408;20;388;53.97;4.90
53519;120907;9;Zespół Placówek Oświatowych w Krzywaczce 32-442 Krzywaczka 41;1327;280;280;17;263;21.10;6.07;1351;730;730;28;702;54.03;3.84
53520;120908;1;Zespół Placówek Oświatowych w Krzczonowie 32-435 Krzczonów 82;1860;380;380;11;369;20.43;2.89;1887;1030;1030;34;996;54.58;3.30
53521;120908;2;Szkoła Podstawowa w Skomielnej Czarnej 32-437 Skomielna Czarna 267;1358;275;275;10;265;20.25;3.64;1362;699;699;34;665;51.32;4.86
53522;120908;3;Szkoła Podstawowa Nr 1 w Tokarni 32-436 Tokarnia 379;1638;542;542;39;503;33.09;7.20;1626;996;996;47;949;61.25;4.72
53523;120908;4;Szkoła Podstawowa Nr 2 w Tokarni 32-436 Tokarnia 356;809;232;232;9;223;28.68;3.88;821;456;456;12;444;55.54;2.63
53524;120908;5;OSP Więciórka 32-436 Więciórka 119;349;82;82;0;82;23.50;0.00;350;185;185;4;181;52.86;2.16
53525;120908;6;Szkoła Podstawowa w Bogdanówce 32-437 Bogdanówka 100;522;139;139;5;134;26.63;3.60;514;285;285;13;272;55.45;4.56
53526;120909;1;Zespół Placówek Oświatowych w Glichowie 32-412 Glichów 29;340;65;65;3;62;19.12;4.62;339;181;181;11;170;53.39;6.08
53527;120909;2;Zespół Placówek Oświatowych w Kobielniku 32-412 Kobielnik 84;369;78;78;5;73;21.14;6.41;372;218;218;8;210;58.60;3.67
53528;120909;3;Zespół Placówek Oświatowych w Lipniku 32-412 Lipnik 14;1237;257;257;12;245;20.78;4.67;1262;739;739;41;698;58.56;5.55
53529;120909;4;Oddział Przedszkolny w Poznachowicach Dolnych 32-412 Poznachowice Dolne 60;391;66;66;2;64;16.88;3.03;379;218;218;9;209;57.52;4.13
53530;120909;5;Zespół Placówek Oświatowych w Węglówce 32-412 Węglówka 203;956;192;192;4;188;20.08;2.08;952;530;530;13;517;55.67;2.45
53531;120909;6;Oddział Przedszkolny w Wierzbanowej 32-412 Wierzbanowa 100;512;102;102;0;102;19.92;0.00;503;250;250;12;238;49.70;4.80
53532;120909;7;Gminny Ośrodek Kultury i Sportu w Wiśniowej 32-412 Wiśniowa 320;1732;379;379;16;363;21.88;4.22;1727;967;967;38;929;55.99;3.93
53533;121001;1;Liceum Ogólnokształcące 33-330 Grybów ul. Rynek 4;1184;355;355;15;340;29.98;4.23;1183;716;716;24;692;60.52;3.35
53534;121001;2;Urząd Miejski 33-330 Grybów ul. Rynek 12;1394;472;472;12;460;33.86;2.54;1381;816;816;20;796;59.09;2.45
53535;121001;3;Zespół Szkół Zawodowych 33-330 Grybów ul. Armii Krajowej 19;1298;418;418;21;397;32.20;5.02;1221;676;676;19;657;55.36;2.81
53536;121001;4;Caritas Diecezji Tarnowskiej - Zakład Opiekuńczo-Leczniczy 33-330 Grybów ul. Rynek 10;29;15;15;1;14;51.72;6.67;19;15;15;1;14;78.95;6.67
53537;121001;5;Miejski Dom Kultury 33-330 Grybów ul. Kościuszki 7;996;286;286;11;275;28.71;3.85;1003;590;590;5;585;58.82;0.85
53538;121002;1;Zespół Szkół 33-395 Chełmiec ul. Marcinkowicka 9;1222;437;437;7;430;35.76;1.60;1210;748;748;13;735;61.82;1.74
53539;121002;2;Zespół Szkół 33-395 Świniarsko 132;1533;484;484;11;473;31.57;2.27;1576;956;956;27;929;60.66;2.82
53540;121002;3;Zespół Szkół 33-395 Trzetrzewina 193;1748;431;431;26;405;24.66;6.03;1751;938;938;43;895;53.57;4.58
53541;121002;4;Szkoła Podstawowa 33-393 Marcinkowice 132;1653;474;474;18;456;28.68;3.80;1663;982;982;39;943;59.05;3.97
53542;121002;5;Gminny Ośrodek Kultury 33-394 Klęczany 1a;860;181;181;10;171;21.05;5.52;839;400;400;20;380;47.68;5.00
53543;121002;6;Zespół Szkół 33-394 Chomranice 12;961;280;280;16;264;29.14;5.71;961;576;576;13;563;59.94;2.26
53544;121002;7;Zespół Szkół 33-311 Wielogłowy 56;1677;549;549;18;531;32.74;3.28;1702;1049;1049;25;1024;61.63;2.38
53545;121002;8;Zespół Szkół 33-300 Librantowa 86;930;227;227;9;218;24.41;3.96;985;566;566;25;541;57.46;4.42
53546;121002;9;Zespół Szkół 33-326 Paszyn 410;1768;419;419;18;401;23.70;4.30;1807;1026;1026;38;988;56.78;3.70
53547;121002;10;Zespół Szkół 33-300 Piątkowa 1;1014;193;193;3;190;19.03;1.55;1023;547;547;18;529;53.47;3.29
53548;121002;11;Szkoła Podstawowa 33-394 Krasne Potockie 118;713;187;187;8;179;26.23;4.28;708;419;419;14;405;59.18;3.34
53549;121002;12;Zespół Szkół 33-395 Biczyce Dolne 30;677;228;228;9;219;33.68;3.95;687;398;398;12;386;57.93;3.02
53550;121002;13;Świetlica Wiejska 33-311 Wielopole 195;670;133;133;3;130;19.85;2.26;662;383;383;12;371;57.85;3.13
53551;121002;14;Szkoła Podstawowa 33-300 Januszowa 5;591;113;113;1;112;19.12;0.88;609;317;317;7;310;52.05;2.21
53552;121002;15;Szkoła Podstawowa 33-395 Niskowa 62;586;174;174;7;167;29.69;4.02;575;370;370;11;359;64.35;2.97
53553;121002;16;Świetlica Wiejska 33-300 Kunów 120;379;125;125;1;124;32.98;0.80;378;250;250;6;244;66.14;2.40
53554;121002;17;Świetlica Wiejska 33-395 Mała Wieś ul. Starowiejska 60;738;224;224;13;211;30.35;5.80;733;467;467;11;456;63.71;2.36
53555;121002;18;Zespół Szkół 33-311 Wielogłowy 56;983;267;267;4;263;27.16;1.50;999;608;608;12;596;60.86;1.97
53556;121002;19;Szkoła Podstawowa 33-300 Boguszowa 40;126;46;46;1;45;36.51;2.17;134;82;82;2;80;61.19;2.44
53557;121002;20;Szkoła Podstawowa 33-393 Rdziostów 55;396;125;125;0;125;31.57;0.00;396;240;240;2;238;60.61;0.83
53558;121002;21;Zespół Szkół 33-395 Chełmiec ul. Marcinkowicka 9;1344;411;411;20;391;30.58;4.87;1355;820;820;13;807;60.52;1.59
53559;121003;1;Wiejski Dom Kultury 33-316 Rożnów 638;1531;383;383;18;365;25.02;4.70;1551;854;854;24;830;55.06;2.81
53560;121003;2;Szkoła Podstawowa 33-316 Roztoka-Brzeziny 211;932;169;169;12;157;18.13;7.10;925;419;419;36;383;45.30;8.59
53561;121003;3;Wiejski Dom Kultury 33-318 Bartkowa-Posadowa 375;1505;298;298;12;286;19.80;4.03;1527;783;783;29;754;51.28;3.70
53562;121003;4;Zespół Szkół 33-318 Przydonica 24;1022;226;226;10;216;22.11;4.42;1010;494;494;15;479;48.91;3.04
53563;121003;5;Szkoła Podstawowa 33-318 Sienna 27;1274;311;311;18;293;24.41;5.79;1278;690;690;24;666;53.99;3.48
53564;121003;6;Zespół Szkół 33-318 Gródek nad Dunajcem 195;575;140;140;5;135;24.35;3.57;573;322;322;12;310;56.20;3.73
90555;121003;7;Dom Pomocy Społecznej 33-318 Zbyszyce 12;62;36;36;3;33;58.06;8.33;57;39;39;2;37;68.42;5.13
53565;121004;1;Zespół Szkolno-Przedszkolny 33-330 Biała Niżna 495;2051;664;664;27;637;32.37;4.07;2086;1300;1300;37;1263;62.32;2.85
53566;121004;2;Szkoła Podstawowa 33-332 Binczarowa 26;942;185;185;6;179;19.64;3.24;952;499;499;19;480;52.42;3.81
53567;121004;3;Szkoła Podstawowa 33-333 Cieniawa 186;1175;321;321;6;315;27.32;1.87;1193;744;744;16;728;62.36;2.15
53568;121004;4;Zespół Szkół 33-332 Florynka 64;1129;257;257;11;246;22.76;4.28;1146;577;577;26;551;50.35;4.51
53569;121004;5;Szkoła Podstawowa 33-331 Gródek 38;836;251;251;17;234;30.02;6.77;841;475;475;25;450;56.48;5.26
53570;121004;6;Zespół Szkolno-Przedszkolny 33-330 Kąclowa 280;1641;621;621;6;615;37.84;0.97;1679;1072;1072;22;1050;63.85;2.05
53571;121004;7;Szkoła Podstawowa 33-325 Krużlowa Wyżna 205;1995;625;625;35;590;31.33;5.60;2010;1247;1247;38;1209;62.04;3.05
53572;121004;8;Szkoła Podstawowa 33-331 Polna 30;826;265;265;10;255;32.08;3.77;848;554;554;18;536;65.33;3.25
53573;121004;9;Szkoła Podstawowa Nr 1 33-333 Ptaszkowa 406;1532;451;451;10;441;29.44;2.22;1519;983;983;17;966;64.71;1.73
53574;121004;10;Zespół Szkolno-Przedszkolny 33-333 Ptaszkowa 495;960;352;352;12;340;36.67;3.41;969;647;647;12;635;66.77;1.85
53575;121004;11;Warsztat Terapii Zajęciowej 33-330 Siołkowa 31;1538;474;474;17;457;30.82;3.59;1543;985;985;45;940;63.84;4.57
53576;121004;12;Szkoła Podstawowa 33-325 Stara Wieś 162;786;193;193;5;188;24.55;2.59;789;441;441;14;427;55.89;3.17
53577;121004;13;Gimnazjum 33-331 Stróże 396;1980;549;549;13;536;27.73;2.37;2006;1256;1256;39;1217;62.61;3.11
53578;121004;14;Szkoła Podstawowa 33-332 Wawrzka 61;314;90;90;2;88;28.66;2.22;323;197;197;8;189;60.99;4.06
53579;121004;15;Szkoła Podstawowa 33-331 Wyskitna 148;488;101;101;2;99;20.70;1.98;500;283;283;9;274;56.60;3.18
53580;121005;1;Zespół Szkół Podstawowo Gimnazjalnych 33-334 Kamionka Wielka 154;1259;363;363;15;348;28.83;4.13;1265;814;814;23;791;64.35;2.83
53581;121005;2;Wiejski Dom Ludowy 33-334 Mystków 477;1423;418;418;21;397;29.37;5.02;1438;846;846;24;822;58.83;2.84
53582;121005;3;Zespół Szkół Podstawowo Gimnazjalnych 33-334 Królowa Górna 16;663;161;161;8;153;24.28;4.97;678;379;379;20;359;55.90;5.28
53583;121005;4;Szkoła Podstawowa 33-300 Jamnica 182;604;141;141;2;139;23.34;1.42;595;341;341;11;330;57.31;3.23
53584;121005;5;Zespół Szkół w Mszalnicy 33-334 Mszalnica 127;875;315;315;17;298;36.00;5.40;900;546;546;19;527;60.67;3.48
53585;121005;6;Remiza OSP 33-334 Bogusza 13;487;89;89;4;85;18.28;4.49;494;254;254;13;241;51.42;5.12
53586;121005;7;Szkoła Podstawowa 33-334 Królowa Polska 1;613;200;200;10;190;32.63;5.00;614;379;379;17;362;61.73;4.49
53587;121005;8;Zespół Szkół Podstawowo Gimnazjalnych 33-334 Kamionka Wielka 154;1483;380;380;14;366;25.62;3.68;1538;908;908;25;883;59.04;2.75
53588;121006;1;Urząd Gminy (sala posiedzeń) 33-322 Korzenna 325;2160;565;565;17;548;26.16;3.01;2172;1294;1294;38;1256;59.58;2.94
53589;121006;2;Zespół Szkół 33-326 Mogilno 14;1351;382;382;25;357;28.28;6.54;1371;795;795;28;767;57.99;3.52
53590;121006;3;Zespół Szkół 33-322 Siedlce 162;1283;346;346;38;308;26.97;10.98;1290;707;707;31;676;54.81;4.38
53591;121006;4;Remiza OSP 33-322 Jasienna 207;763;180;180;10;170;23.59;5.56;764;414;414;17;397;54.19;4.11
53592;121006;5;Budynek po Szkole Podstawowej 33-323 Bukowiec 9;225;38;38;2;36;16.89;5.26;226;96;96;11;85;42.48;11.46
53593;121006;6;Zespół Szkół 33-323 Lipnica Wielka 25;1475;439;439;16;423;29.76;3.64;1479;848;848;25;823;57.34;2.95
53594;121006;7;Szkoła Podstawowa 33-322 Wojnarowa 278;1142;346;346;18;328;30.30;5.20;1123;688;688;26;662;61.26;3.78
53595;121006;8;Zespół Szkół 33-322 Siedlce 162;1385;308;308;14;294;22.24;4.55;1390;717;717;32;685;51.58;4.46
53596;121006;9;Zespół Szkół 33-326 Koniuszowa 203;910;251;251;10;241;27.58;3.98;926;490;490;15;475;52.92;3.06
53597;121007;1;Szkoła Podstawowa Nr 2 33-380 Krynica-Zdrój ul. Józefa Ignacego Kraszewskiego 158;952;216;216;8;208;22.69;3.70;921;465;465;22;443;50.49;4.73
53598;121007;2;MPGK Spółka z o.o. 33-380 Krynica-Zdrój ul. Józefa Ignacego Kraszewskiego 37;1427;351;351;9;342;24.60;2.56;1432;689;689;23;666;48.11;3.34
53599;121007;3;Gminne Przedszkole Nr 2 33-380 Krynica-Zdrój ul. Władysława Stanisława Reymonta 10;2041;565;565;22;543;27.68;3.89;2018;1098;1098;20;1078;54.41;1.82
53600;121007;4;Środowiskowy Dom Samopomocy 33-380 Krynica-Zdrój ul. Źródlana 59;1304;355;355;16;339;27.22;4.51;1266;653;653;15;638;51.58;2.30
53601;121007;5;Kino „Jaworzyna” 33-380 Krynica-Zdrój ul. Marszałka Józefa Piłsudskiego 8;886;366;366;6;360;41.31;1.64;998;658;658;8;650;65.93;1.22
53602;121007;6;Kawiarnia „Zacisze” 33-380 Krynica-Zdrój ul. Pułaskiego 36;648;251;251;7;244;38.73;2.79;662;404;404;14;390;61.03;3.47
53603;121007;7;Zespół Szkolno-Przedszkolny, Szkoła Podstawowa Nr 1 33-380 Krynica-Zdrój ul. Marszałka Józefa Piłsudskiego 91;1529;358;358;10;348;23.41;2.79;1477;779;779;18;761;52.74;2.31
53604;121007;8;Punkt Informacji Turystycznej 33-380 Krynica-Zdrój ul. Zdrojowa 4 lokal: 2;878;327;327;8;319;37.24;2.45;1002;660;660;5;655;65.87;0.76
53605;121007;9;Zespół Szkolno-Przedszkolny, Szkoła Podstawowa 33-383 Mochnaczka Wyżna 103;528;126;126;2;124;23.86;1.59;533;253;253;8;245;47.47;3.16
53606;121007;10;Samorządowe Centrum Edukacji Szkolnej w Tyliczu, Szkoła Podstawowa w Tyliczu, Oddział Zamiejscowy 33-383 Mochnaczka Niżna 44;538;91;91;5;86;16.91;5.49;551;228;228;16;212;41.38;7.02
53607;121007;11;Wiejski Dom Kultury 33-383 Tylicz ul. Rynek 1;1105;317;317;17;300;28.69;5.36;1084;576;576;25;551;53.14;4.34
53608;121007;12;Samorządowe Centrum Edukacji Szkolnej, Szkoła Podstawowa 33-383 Tylicz ul. Kazimierza Wielkiego 9;429;77;77;4;73;17.95;5.19;422;199;199;5;194;47.16;2.51
53609;121007;13;Zespół Szkolno-Przedszkolny, Szkoła Podstawowa 33-383 Muszynka 16;349;67;67;11;56;19.20;16.42;343;129;129;11;118;37.61;8.53
53610;121007;14;Dom Ludowy 33-380 Berest 23;594;152;152;4;148;25.59;2.63;585;287;287;14;273;49.06;4.88
53611;121007;15;Samorządowe Centrum Edukacji Szkolnej w Bereście, Szkoła Podstawowa w Bereście, Oddział Zamiejscowy 33-380 Polany 1;379;83;83;5;78;21.90;6.02;402;208;208;8;200;51.74;3.85
53612;121007;16;Samorządowe Centrum Edukacji Szkolnej w Bereście, Publiczne Gimanzjum w Bereście, Oddział Zamiejscowy 33-380 Piorunka 20;277;32;32;5;27;11.55;15.62;285;83;83;6;77;29.12;7.23
53613;121007;17;Zespół Szkolno-Przedszkolny, Szkoła Podstawowa 33-380 Czyrna 36;211;37;37;2;35;17.54;5.41;216;100;100;7;93;46.30;7.00
90556;121007;18;Samodzielny Publiczny Zakład Opieki Zdrowotnej Szpital im. dr J. Dietla 33-380 Krynica-Zdrój ul. Kraszewskiego 142;76;13;13;0;13;17.11;0.00;36;36;36;0;36;100.00;0.00
53614;121008;1;Szkoła Podstawowa 33-336 Czaczów 67A;550;95;95;6;89;17.27;6.32;569;293;293;11;282;51.49;3.75
53615;121008;2;Szkoła Podstawowa 33-336 Maciejowa 83;634;161;161;0;161;25.39;0.00;640;335;335;16;319;52.34;4.78
53616;121008;3;Urząd Gminy 33-336 Łabowa 38;1283;277;277;11;266;21.59;3.97;1304;682;682;34;648;52.30;4.99
53617;121008;4;Szkoła Podstawowa 33-336 Nowa Wieś 96;1225;207;207;8;199;16.90;3.86;1230;566;566;20;546;46.02;3.53
53618;121008;5;Szkoła Podstawowa fila w Roztoce Wielkiej 33-336 Roztoka Wielka;478;118;118;2;116;24.69;1.69;484;265;265;14;251;54.75;5.28
53619;121009;1;Zespół Szkolno-Gimnazjalny 33-390 Łącko 284;813;275;275;21;254;33.83;7.64;833;490;490;21;469;58.82;4.29
53620;121009;2;Zespół Szkolno-Przedszkolny 33-390 Czarny Potok 111;498;138;138;7;131;27.71;5.07;495;254;254;14;240;51.31;5.51
53621;121009;3;Zespół Szkolno-Gimnazjalny 33-389 Jazowsko 171;1633;433;433;14;419;26.52;3.23;1631;863;863;24;839;52.91;2.78
53622;121009;4;Szkoła Podstawowa Nr 1 33-389 Obidza 206;1109;244;244;12;232;22.00;4.92;1101;517;517;29;488;46.96;5.61
53623;121009;5;Remiza OSP 33-390 Zabrzeż 394;1315;302;302;8;294;22.97;2.65;1324;719;719;28;691;54.31;3.89
53624;121009;6;Zespół Szkolno-Gimnazjalny 33-390 Zagorzyn 172;1545;338;338;13;325;21.88;3.85;1554;785;785;31;754;50.51;3.95
53625;121009;7;Zespół Szkolno-Gimnazjalny 33-390 Łącko 284;1308;377;377;23;354;28.82;6.10;1329;718;718;44;674;54.03;6.13
53626;121009;8;Świetlica Środowiskowa 33-389 Brzyna 183;515;118;118;1;117;22.91;0.85;496;233;233;12;221;46.98;5.15
53627;121009;9;Szkoła Podstawowa 33-390 Kicznia 121;605;151;151;6;145;24.96;3.97;605;338;338;14;324;55.87;4.14
53628;121009;10;Szkoła Podstawowa 33-390 Szczereż 69;394;121;121;6;115;30.71;4.96;395;221;221;8;213;55.95;3.62
53629;121009;11;Zespół Szkolno-Gimnazjalny 33-390 Łącko 284;1571;534;534;24;510;33.99;4.49;1559;897;897;36;861;57.54;4.01
53630;121009;12;Zespół Szkolno-Gimnazjalny 33-389 Jazowsko 171;777;241;241;7;234;31.02;2.90;773;440;440;19;421;56.92;4.32
53631;121010;1;Zespół Szkół Podstawowo-Gimnazjalnych 33-314 Łososina Dolna 82;2055;563;563;24;539;27.40;4.26;2099;1264;1264;46;1218;60.22;3.64
53632;121010;2;Szkoła Podstawowa 33-312 Tabaszowa 51;868;219;219;7;212;25.23;3.20;870;477;477;14;463;54.83;2.94
53633;121010;3;Gimnazjum 33-312 Tęgoborze 6;1777;618;618;22;596;34.78;3.56;1778;1169;1169;29;1140;65.75;2.48
53634;121010;4;Szkoła Podstawowa 33-314 Żbikowice 55;704;207;207;6;201;29.40;2.90;701;412;412;17;395;58.77;4.13
53635;121010;5;Szkoła Podstawowa 33-314 Witowice Dolne 95;793;177;177;10;167;22.32;5.65;792;407;407;9;398;51.39;2.21
53636;121010;6;Szkoła Podstawowa 33-314 Michalczowa 87;665;218;218;6;212;32.78;2.75;667;411;411;7;404;61.62;1.70
53637;121010;7;Gimnazjum 33-312 Tęgoborze 6;1064;275;275;9;266;25.85;3.27;1055;604;604;13;591;57.25;2.15
53638;121011;1;Szkoła Podstawowa Nr 1 33-370 Muszyna ul. Rynek 13;1322;379;379;17;362;28.67;4.49;1348;724;724;13;711;53.71;1.80
53639;121011;2;Ośrodek Doskonalenia Zawodowego Kadr Celnych i Skarbowych 33-370 Muszyna ul. Nowa 70;331;83;83;1;82;25.08;1.20;341;178;178;2;176;52.20;1.12
53640;121011;3;Przedszkole 33-370 Muszyna ul. Piłsudskiego 89;1656;460;460;18;442;27.78;3.91;1618;846;846;29;817;52.29;3.43
53641;121011;4;Szkoła Podstawowa Nr 2 33-370 Muszyna ul. Kościuszki 54;784;227;227;10;217;28.95;4.41;779;406;406;8;398;52.12;1.97
53642;121011;5;Świetlica Wiejska 33-370 Andrzejówka 46;368;71;71;6;65;19.29;8.45;362;141;141;5;136;38.95;3.55
53643;121011;6;Filialna Szkoła Podstawowa 33-370 Milik 28;541;153;153;17;136;28.28;11.11;544;306;306;10;296;56.25;3.27
53644;121011;7;Szkoła Podstawowa 33-370 Żegiestów 77A;763;152;152;5;147;19.92;3.29;773;360;360;25;335;46.57;6.94
53645;121011;8;Świetlica Wiejska 33-370 Szczawnik 43b;718;232;232;8;224;32.31;3.45;712;380;380;12;368;53.37;3.16
53646;121011;9;Świetlica Wiejska 33-370 Złockie 28b;722;172;172;11;161;23.82;6.40;725;365;365;8;357;50.34;2.19
53647;121011;10;Świetlica Wiejska 33-370 Jastrzębik 22e;366;42;42;2;40;11.48;4.76;364;119;119;5;114;32.69;4.20
53648;121011;11;Szkoła Podstawowa 33-370 Powroźnik 42;1407;332;332;6;326;23.60;1.81;1263;632;632;18;614;50.04;2.85
53649;121011;12;Świetlica 33-370 Leluchów 14;175;31;31;5;26;17.71;16.13;176;67;67;6;61;38.07;8.96
90557;121011;13;Dom Pomocy Społecznej 33-370 Muszyna ul. Zielona 26;56;52;52;5;47;92.86;9.62;156;78;78;4;74;50.00;5.13
53650;121012;1;Publiczne Gimnazjum 33-335 Nawojowa 139;910;207;207;8;199;22.75;3.86;936;535;535;16;519;57.16;2.99
53651;121012;2;Szkoła Podstawowa 33-335 Frycowa 177;956;215;215;10;205;22.49;4.65;967;573;573;19;554;59.26;3.32
53652;121012;3;Szkoła Podstawowa 33-335 Żeleźnikowa Wielka 216;831;225;225;10;215;27.08;4.44;852;453;453;19;434;53.17;4.19
53653;121012;4;Szkoła Podstawowa 33-335 Żeleźnikowa Mała 38;388;95;95;2;93;24.48;2.11;395;192;192;14;178;48.61;7.29
53654;121012;5;Szkoła Podstawowa 33-335 Bącza-Kunina 37;463;126;126;5;121;27.21;3.97;458;256;256;11;245;55.90;4.30
53655;121012;6;Szkoła Podstawowa 33-335 Homrzyska 41;420;109;109;3;106;25.95;2.75;419;228;228;9;219;54.42;3.95
53656;121012;7;Publiczne Gimnazjum 33-335 Nawojowa 139;880;209;209;6;203;23.75;2.87;877;484;484;18;466;55.19;3.72
53657;121012;8;Publiczne Gimnazjum 33-335 Nawojowa 139;1296;327;327;5;322;25.23;1.53;1290;717;717;21;696;55.58;2.93
53658;121013;1;Miejsko - Gminny Ośrodek Kulltury 33-350 Piwniczna-Zdrój ul. Rynek 11;2181;493;493;15;478;22.60;3.04;2159;1104;1104;29;1075;51.13;2.63
53659;121013;2;Szkoła Podstawowa Nr 1 33-350 Piwniczna-Zdrój ul. Krynicka 2;1636;296;296;12;284;18.09;4.05;1670;845;845;22;823;50.60;2.60
53660;121013;3;Szkoła Podstawowa Nr 2 33-350 Piwniczna-Zdrój Kosarzyska 23;982;128;128;5;123;13.03;3.91;986;421;421;29;392;42.70;6.89
53661;121013;4;Remiza OSP 33-350 Głębokie 100;785;147;147;10;137;18.73;6.80;788;400;400;21;379;50.76;5.25
53662;121013;5;Szkoła Podstawowa 33-350 Kokuszka 95;493;69;69;1;68;14.00;1.45;494;183;183;5;178;37.04;2.73
53663;121013;6;Świetlica Środowiskowa 33-351 Łomnica-Zdrój 571;1459;228;228;4;224;15.63;1.75;1453;634;634;9;625;43.63;1.42
53664;121013;7;Szkoła Podstawowa 33-350 Wierchomla Wielka 144;594;176;176;7;169;29.63;3.98;596;299;299;9;290;50.17;3.01
53665;121013;8;Świetlica Środowiskowa 33-350 Zubrzyk 90;288;67;67;4;63;23.26;5.97;283;124;124;2;122;43.82;1.61
53666;121014;1;Gimnazjum 33-386 Brzezna 447;1834;408;408;16;392;22.25;3.92;1848;1090;1090;22;1068;58.98;2.02
53667;121014;2;Dom Parafialny w Brzeznej-Strzygańcu 33-386 Brzezna 244;312;53;53;1;52;16.99;1.89;314;168;168;5;163;53.50;2.98
53668;121014;3;Szkoła Podstawowa 33-386 Długołęka-Świerkla 2;668;154;154;6;148;23.05;3.90;669;352;352;14;338;52.62;3.98
53669;121014;4;Szkoła Podstawowa 33-386 Gostwica 27;1127;283;283;15;268;25.11;5.30;1152;608;608;21;587;52.78;3.45
53670;121014;5;Szkoła Podstawowa 33-386 Mokra Wieś 141;424;98;98;10;88;23.11;10.20;434;225;225;12;213;51.84;5.33
53671;121014;6;Szkoła Podstawowa 33-386 Rogi 53;259;77;77;8;69;29.73;10.39;267;151;151;6;145;56.55;3.97
53672;121014;7;Świetlica Wiejska 33-386 Naszacowice 96;606;153;153;2;151;25.25;1.31;617;330;330;16;314;53.48;4.85
53673;121014;8;Strażnica OSP 33-386 Juraszowa 48;202;50;50;1;49;24.75;2.00;199;114;114;4;110;57.29;3.51
53674;121014;9;Szkoła Podstawowa 33-386 Olszana 127;868;169;169;1;168;19.47;0.59;871;498;498;18;480;57.18;3.61
53675;121014;10;Szkoła Podstawowa 33-386 Olszanka 24;473;109;109;8;101;23.04;7.34;489;344;344;16;328;70.35;4.65
53676;121014;11;Szkoła Podstawowa 33-386 Podegrodzie 6;1469;437;437;28;409;29.75;6.41;1482;856;856;24;832;57.76;2.80
53677;121014;12;Strażnica OSP 33-386 Podrzecze 44;455;122;122;3;119;26.81;2.46;453;261;261;5;256;57.62;1.92
53678;121014;13;Szkoła Podstawowa 33-386 Stadła 30;646;175;175;8;167;27.09;4.57;658;366;366;11;355;55.62;3.01
53679;121015;1;Hala Sportowa przy Gimnazjum Publicznym 33-343 Rytro 99;1606;358;358;15;343;22.29;4.19;1593;872;872;33;839;54.74;3.78
53680;121015;2;Hala Sportowa przy Gimnazjum Publicznym 33-343 Rytro 99;1383;288;288;10;278;20.82;3.47;1382;732;732;26;706;52.97;3.55
53681;121016;1;„Dom Kingi” Klasztor Sióstr Klarysek 33-340 Stary Sącz ul. Plac Świetej Kingi 1;831;302;302;7;295;36.34;2.32;819;497;497;9;488;60.68;1.81
53682;121016;2;Gminne Przedszkole 33-340 Stary Sącz Osiedle Słoneczne -;2119;640;640;23;617;30.20;3.59;2073;1171;1171;24;1147;56.49;2.05
53683;121016;3;Gimnazjum 33-340 Stary Sącz ul. Daszyńskiego 23;1372;398;398;15;383;29.01;3.77;1346;770;770;13;757;57.21;1.69
53684;121016;4;Szkoła Podstawowa Nr 1 33-340 Stary Sącz ul. Mickiewicza 59;2268;638;638;25;613;28.13;3.92;2271;1321;1321;45;1276;58.17;3.41
53685;121016;5;Środowiskowy Dom Samopomocy 33-340 Stary Sącz ul.Cyganowice 95;724;193;193;10;183;26.66;5.18;694;364;364;8;356;52.45;2.20
53686;121016;6;Szkoła Podstawowa 33-388 Gołkowice Górne 65;1664;536;536;25;511;32.21;4.66;1676;1040;1040;30;1010;62.05;2.88
53687;121016;7;Szkoła Podstawowa 33-388 Gaboń 171;826;246;246;8;238;29.78;3.25;827;461;461;20;441;55.74;4.34
53688;121016;8;Zespół Szkół 33-342 Barcice 66;1935;378;378;12;366;19.53;3.17;1933;951;951;35;916;49.20;3.68
53689;121016;9;Zespół Szkół 33-342 Przysietnica 152;1592;358;358;22;336;22.49;6.15;1588;798;798;18;780;50.25;2.26
53690;121016;10;Szkoła Podstawowa 33-340 Moszczenica Niżna 64;1251;331;331;15;316;26.46;4.53;1266;773;773;26;747;61.06;3.36
53691;121016;11;Wiejski Dom Kultury 33-340 Łazy Biegonickie -;987;285;285;8;277;28.88;2.81;983;575;575;19;556;58.49;3.30
53692;121016;12;Szkoła Podstawowa 33-340 Popowice 115;479;131;131;9;122;27.35;6.87;475;233;233;23;210;49.05;9.87
53693;121016;13;Zespół Szkół 33-342 Barcice 66;991;304;304;7;297;30.68;2.30;986;596;596;18;578;60.45;3.02
53694;121016;14;Wiejski Dom Kultury 33-340 Mostki 86;540;163;163;6;157;30.19;3.68;538;324;324;9;315;60.22;2.78
53695;121016;15;Szkoła Podstawowa 33-388 Skrudzina 42;550;172;172;6;166;31.27;3.49;554;341;341;13;328;61.55;3.81
53696;121101;1;Szkoła Podstawowa Nr 4 34-400 Nowy Targ Osiedle Niwa 4c;1195;222;222;9;213;18.58;4.05;1195;551;551;12;539;46.11;2.18
53697;121101;2;Szkoła Podstawowa Nr 4 34-400 Nowy Targ Osiedle Niwa 4c;965;216;216;8;208;22.38;3.70;998;466;466;13;453;46.69;2.79
53698;121101;3;Szkoła Podstawowa Nr 3 34-400 Nowy Targ ul. Kowaniec 125a;1097;180;180;13;167;16.41;7.22;1128;471;471;21;450;41.76;4.46
53699;121101;4;Remiza OSP 34-400 Nowy Targ ul. Kowaniec 92;991;253;253;14;239;25.53;5.53;979;500;500;15;485;51.07;3.00
53700;121101;5;Galeria „Jatki” 34-400 Nowy Targ ul. Tadeusza Kościuszki 4;1280;415;415;9;406;32.42;2.17;1277;708;708;14;694;55.44;1.98
53701;121101;6;Polski Komitet Pomocy Społecznej 34-400 Nowy Targ ul. Tadeusza Kościuszki 8;1487;428;428;6;422;28.78;1.40;1514;827;827;10;817;54.62;1.21
53702;121101;7;Caritas Archidiecezji Krakowskiej, Stacja Opieki im. Bł. Jana Pawła II 34-400 Nowy Targ ul. Ludźmierska 17;1464;475;475;14;461;32.45;2.95;1460;809;809;15;794;55.41;1.85
53703;121101;8;Szkoła Podstawowa Nr 6 34-400 Nowy Targ Osiedle Na Skarpie 11;1174;359;359;20;339;30.58;5.57;1203;660;660;26;634;54.86;3.94
53704;121101;9;Miejski Ośrodek Kultury 34-400 Nowy Targ Aleja Tysiąclecia 37;1492;355;355;16;339;23.79;4.51;1469;696;696;20;676;47.38;2.87
53705;121101;10;Gimnazjum Nr 1 34-400 Nowy Targ Plac Słowackiego 14;1486;556;556;16;540;37.42;2.88;1448;823;823;13;810;56.84;1.58
53706;121101;11;Szkoła Podstawowa Nr 5 34-400 Nowy Targ ul. Władysława Orkana 17;1546;474;474;8;466;30.66;1.69;1514;845;845;7;838;55.81;0.83
53707;121101;12;Miejski Zakład Komunikacji 34-400 Nowy Targ Osiedle Konfederacji Tatrzańskiej 1a;1149;275;275;7;268;23.93;2.55;1141;506;506;13;493;44.35;2.57
53708;121101;13;Szkoła Podstawowa Nr 2 34-400 Nowy Targ Aleja Mikołaja Kopernika 28;1241;279;279;13;266;22.48;4.66;1218;508;508;23;485;41.71;4.53
53709;121101;14;Zespół Szkół Technicznych 34-400 Nowy Targ ul. Wojska Polskiego 9;1251;296;296;11;285;23.66;3.72;1203;552;552;10;542;45.89;1.81
53710;121101;15;Przedszkole Prywatne „Wesoła Ciuchcia” 34-400 Nowy Targ ul. Wojska Polskiego 26;1259;341;341;19;322;27.08;5.57;1219;603;603;16;587;49.47;2.65
53711;121101;16;Nowotarska Spółdzielnia Mieszkaniowa-Klub Osiedlowy 34-400 Nowy Targ Aleja Mikołaja Kopernika 12;1200;311;311;8;303;25.92;2.57;1179;560;560;20;540;47.50;3.57
53712;121101;17;Klub Sportowy „Gorce” 34-400 Nowy Targ Aleja Tysiąclecia 74;1207;354;354;8;346;29.33;2.26;1134;601;601;13;588;53.00;2.16
53713;121101;18;Przedszkole Prywatne 34-400 Nowy Targ ul. Szaflarska 51;879;218;218;5;213;24.80;2.29;840;450;450;8;442;53.57;1.78
53714;121101;19;Szkoła Podstawowa Nr 11 34-400 Nowy Targ Plac Evry 3;1314;343;343;10;333;26.10;2.92;1289;657;657;14;643;50.97;2.13
53715;121101;20;Gimnazjum Nr 2 34-400 Nowy Targ Plac Evry 3;1309;319;319;5;314;24.37;1.57;1271;599;599;9;590;47.13;1.50
53716;121101;21;Świetlica przy Parafii Rzymsko-Katolickiej pw. Bł. Jana Pawła II 34-400 Nowy Targ ul. Szaflarska 160;1484;354;354;8;346;23.85;2.26;1445;737;737;15;722;51.00;2.04
90558;121101;22;Podhalański Szpital Specjalistyczny im. Jana Pawła II 34-400 Nowy Targ ul. Szpitalna 14;371;18;18;1;17;4.85;5.56;379;60;60;3;57;15.83;5.00
53717;121102;1;Remiza OSP 34-460 Jaworki ul. Czarna Woda 2;470;86;86;1;85;18.30;1.16;474;220;220;20;200;46.41;9.09
53718;121102;2;Szkoła Podstawowa 34-460 Szlachtowa ul. Jana Pawła II 25;671;108;108;10;98;16.10;9.26;672;272;272;18;254;40.48;6.62
53719;121102;3;Remiza OSP 34-460 Szczawnica ul. Szalaya 84;1342;250;250;8;242;18.63;3.20;1325;554;554;26;528;41.81;4.69
53720;121102;4;Szkoła Podstawowa 34-460 Szczawnica ul. Główna 12;939;250;250;3;247;26.62;1.20;992;543;543;15;528;54.74;2.76
53721;121102;5;Sanatorium Uzdrowiskowe „Papiernik” 34-460 Szczawnica Aleja 1 Maja 3;1127;316;316;13;303;28.04;4.11;1150;565;565;22;543;49.13;3.89
53722;121102;6;Gimnazjum Publiczne 34-460 Szczawnica ul. Główna 116;1520;334;334;20;314;21.97;5.99;1516;713;713;42;671;47.03;5.89
53723;121103;1;Remiza OSP 34-470 Czarny Dunajec ul. Józefa Piłsudskiego 2A;876;170;170;9;161;19.41;5.29;843;354;354;10;344;41.99;2.82
53724;121103;2;Budynek Liceum 34-470 Czarny Dunajec ul. Ks. Kmietowicza 2;954;141;141;8;133;14.78;5.67;900;295;295;13;282;32.78;4.41
53725;121103;3;Centrum Kultury i Promocji „Dworek” 34-470 Czarny Dunajec ul. Kolejowa 14;1213;206;206;10;196;16.98;4.85;1186;423;423;15;408;35.67;3.55
53726;121103;4;Budynek Szkoły 34-470 Wróblówka 36;492;109;109;6;103;22.15;5.50;467;169;169;10;159;36.19;5.92
53727;121103;5;Szkoła Podstawowa 34-408 Pieniążkowice 142;692;91;91;4;87;13.15;4.40;678;248;248;23;225;36.58;9.27
53728;121103;6;Szkoła Podstawowa 34-408 Dział 9;405;66;66;4;62;16.30;6.06;404;119;119;12;107;29.46;10.08
53729;121103;7;Szkoła Podstawowa 34-408 Odrowąż 41;804;111;111;4;107;13.81;3.60;798;288;288;19;269;36.09;6.60
53730;121103;8;Gimnazjum 34-408 Załuczne 84A;560;126;126;7;119;22.50;5.56;556;275;275;21;254;49.46;7.64
53731;121103;9;Szkoła Podstawowa 34-472 Podszkle 47;660;130;130;6;124;19.70;4.62;663;265;265;8;257;39.97;3.02
53732;121103;10;Ośrodek Zdrowia 34-472 Piekielnik 129c;900;178;178;21;157;19.78;11.80;907;331;331;13;318;36.49;3.93
53733;121103;11;Zespół Szkół Podstawowej i Gimnazjum 34-472 Piekielnik 202;897;149;149;1;148;16.61;0.67;886;358;358;13;345;40.41;3.63
53734;121103;12;Szkoła Podstawowa 34-470 Podczerwone 246;813;113;113;4;109;13.90;3.54;788;273;273;8;265;34.64;2.93
53735;121103;13;Remiza OSP 34-470 Koniówka 215c;319;84;84;4;80;26.33;4.76;303;115;115;3;112;37.95;2.61
53736;121103;14;Szkoła Podstawowa 34-513 Chochołów 184B;979;203;203;6;197;20.74;2.96;972;393;393;9;384;40.43;2.29
53737;121103;15;Szkoła Podstawowa nr 1 34-407 Ciche 152;827;124;124;9;115;14.99;7.26;792;291;291;8;283;36.74;2.75
53738;121103;16;Remiza OSP (Ciche Środkowe) 34-407 Ciche 343B;847;147;147;4;143;17.36;2.72;838;322;322;10;312;38.42;3.11
53739;121103;17;Szkoła Podstawowa nr 3 34-407 Ciche 611A;761;148;148;1;147;19.45;0.68;750;278;278;6;272;37.07;2.16
53740;121103;18;Remiza OSP (Ratułów Dolny) 34-407 Ratułów 110c;837;154;154;4;150;18.40;2.60;820;348;348;16;332;42.44;4.60
53741;121103;19;Remiza OSP (Ratułów Górny) 34-407 Ratułów 252a;849;125;125;0;125;14.72;0.00;856;343;343;10;333;40.07;2.92
53742;121103;20;Szkoła Podstawowa nr 1 34-407 Czerwienne 89;612;147;147;4;143;24.02;2.72;610;267;267;7;260;43.77;2.62
53743;121103;21;Katolickie Gimnazjum i Szkoła Podstawowa Stowarzyszenia Przyjaciół Szkół Katolickich 34-407 Czerwienne 245;672;95;95;3;92;14.14;3.16;655;280;280;9;271;42.75;3.21
53744;121103;22;Szkoła Podstawowa nr 2 Stowarzyszenia Przyjaciół Szkół Katolickich 34-407 Stare Bystre 124;709;94;94;3;91;13.26;3.19;684;261;261;14;247;38.16;5.36
53745;121103;23;Szkoła Podstawowa nr 1 i Gimnazjum Stowarzyszenia Przyjaciół Szkół Katolickich 34-407 Stare Bystre 347;681;78;78;3;75;11.45;3.85;646;213;213;7;206;32.97;3.29
53746;121104;1;Urząd Gminy Czorsztyn z/s w Maniowach 34-436 Maniowy ul. Gorczańska 3;829;127;127;7;120;15.32;5.51;828;302;302;17;285;36.47;5.63
53747;121104;2;Urząd Gminy Czorsztyn z/s w Maniowach 34-436 Maniowy ul. Gorczańska 3;1043;169;169;4;165;16.20;2.37;1024;437;437;19;418;42.68;4.35
53748;121104;3;Remiza OSP 34-440 Mizerna 144;444;100;100;5;95;22.52;5.00;443;172;172;8;164;38.83;4.65
53749;121104;4;Dom Kultury 34-440 Kluszkowce ul. Stażacka 1;1442;279;279;21;258;19.35;7.53;1445;632;632;29;603;43.74;4.59
53750;121104;5;Remiza OSP 34-440 Czorsztyn ul. Jana Pawła II 2a;303;82;82;3;79;27.06;3.66;310;165;165;7;158;53.23;4.24
53751;121104;6;Szkoła Podstawowa 34-443 Sromowce Wyżne ul. Nad Zalew 12;951;247;247;7;240;25.97;2.83;962;486;486;28;458;50.52;5.76
53752;121104;7;Szkoła Podstawowa 34-443 Sromowce Niżne ul. Szkolna 7;825;234;234;10;224;28.36;4.27;842;482;482;30;452;57.24;6.22
53753;121105;1;Remiza OSP 34-481 Chyżne 140;857;135;135;8;127;15.75;5.93;847;336;336;11;325;39.67;3.27
53754;121105;2;Zespół Szkół 34-480 Jabłonka ul. Piusa Jabłońskiego 4;2005;412;412;12;400;20.55;2.91;1967;1022;1022;27;995;51.96;2.64
53755;121105;3;Zespół Szkół 34-480 Jabłonka ul. Piusa Jabłońskiego 4;1138;195;195;5;190;17.14;2.56;1219;540;540;16;524;44.30;2.96
53756;121105;4;Szkoła Podstawowa Nr 2 34-482 Lipnica Mała 346;1726;355;355;13;342;20.57;3.66;1765;849;849;34;815;48.10;4.00
53757;121105;5;Remiza OSP 34-480 Orawka 62;802;284;284;15;269;35.41;5.28;805;465;465;21;444;57.76;4.52
53758;121105;6;Szkoła Podstawowa Nr 1 34-722 Podwilk 287;1922;532;532;17;515;27.68;3.20;1930;976;976;45;931;50.57;4.61
53759;121105;7;Zespół Szkół 34-484 Zubrzyca Dolna 257;1365;201;201;2;199;14.73;1.00;1397;644;644;23;621;46.10;3.57
53760;121105;8;Zespół Szkół 34-484 Zubrzyca Górna 482;1441;258;258;9;249;17.90;3.49;1203;572;572;16;556;47.55;2.80
53761;121105;9;Szkoła Podstawowa w Jabłonce Bory 34-480 Jabłonka ul. Kopernika 14;674;177;177;4;173;26.26;2.26;686;354;354;18;336;51.60;5.08
53762;121105;10;Szkoła Podstawowa Nr 2 34-482 Lipnica Mała 346;919;155;155;5;150;16.87;3.23;917;437;437;25;412;47.66;5.72
53763;121105;11;Zespół Szkół 34-484 Zubrzyca Górna 482;888;157;157;3;154;17.68;1.91;1148;542;542;18;524;47.21;3.32
53764;121106;1;Zespół Szkół 34-450 Krościenko nad Dunajcem ul. Zdrojowa 11;960;249;249;4;245;25.94;1.61;966;510;510;12;498;52.80;2.35
53765;121106;2;Budynek Starej Plebanii 34-450 Krościenko nad Dunajcem ul. Rynek 32;1417;374;374;9;365;26.39;2.41;1433;730;730;18;712;50.94;2.47
53766;121106;3;Gimnazjum Publiczne 34-450 Krościenko nad Dunajcem ul. Biały Potok 1;766;161;161;14;147;21.02;8.70;762;372;372;36;336;48.82;9.68
53767;121106;4;Szkoła Podstawowa 34-450 Grywałd ul. Szkolna 29;1139;221;221;12;209;19.40;5.43;1164;536;536;21;515;46.05;3.92
53768;121106;5;Remiza OSP 34-450 Hałuszowa 32A;224;48;48;2;46;21.43;4.17;215;110;110;8;102;51.16;7.27
53769;121106;6;Szkoła Podstawowa 34-450 Krośnica ul. Ojca Leona 1;820;149;149;12;137;18.17;8.05;820;386;386;25;361;47.07;6.48
53770;121107;1;Szkoła Podstawowa 34-483 Kiczory 60;496;108;108;8;100;21.77;7.41;511;252;252;10;242;49.32;3.97
53771;121107;2;Szkoła Podstawowa Nr 1 34-483 Lipnica Wielka 205;1036;168;168;6;162;16.22;3.57;1054;562;562;12;550;53.32;2.14
53772;121107;3;Dom Ludowy 34-483 Lipnica Wielka 521;1358;349;349;12;337;25.70;3.44;1351;711;711;32;679;52.63;4.50
53773;121107;4;Szkoła Podstawowa Nr 3 34-483 Lipnica Wielka 825;831;134;134;9;125;16.13;6.72;840;378;378;20;358;45.00;5.29
53774;121107;5;Szkoła Podstawowa Nr 4 34-483 Lipnica Wielka 1043;717;125;125;0;125;17.43;0.00;727;297;297;15;282;40.85;5.05
53775;121108;1;Zespół Szkół - Szkoła Podstawowa 34-435 Frydman ul. Szkolna 4;1371;244;244;7;237;17.80;2.87;1360;494;494;23;471;36.32;4.66
53776;121108;2;Remiza Ochotniczej Straży Pożarnej 34-435 Falsztyn 121;251;87;87;7;80;34.66;8.05;244;112;112;4;108;45.90;3.57
53777;121108;3;Remiza Ochotniczej Straży Pożarnej 34-441 Niedzica-Zamek ul. Nad Zalewem 1;410;97;97;3;94;23.66;3.09;201;95;95;5;90;47.26;5.26
53778;121108;4;Zespół Placówek Oświatowych 34-441 Niedzica ul. 3 Maja 97;1232;227;227;7;220;18.43;3.08;1431;579;579;27;552;40.46;4.66
53779;121108;5;Dom Strażaka 34-441 Kacwin ul. Kościelna 1;980;228;228;4;224;23.27;1.75;972;377;377;8;369;38.79;2.12
53780;121108;6;Gminna Biblioteka Publiczna „Centrum Kultury Spiskiej” 34-442 Łapsze Niżne ul. Jana Pawła II 63;1199;252;252;18;234;21.02;7.14;1191;510;510;12;498;42.82;2.35
53781;121108;7;Gminna Biblioteka Publiczna, Filia w Łapszach Wyżnych 34-442 Łapsze Wyżne ul. Świętego Floriana 14;749;145;145;8;137;19.36;5.52;760;300;300;10;290;39.47;3.33
53782;121108;8;Szkoła Podstawowa 34-442 Łapszanka 32;315;76;76;0;76;24.13;0.00;324;146;146;4;142;45.06;2.74
53783;121108;9;Szkoła Podstawowa 34-442 Trybsz ul. Świętej Elżbiety 175;681;131;131;3;128;19.24;2.29;654;231;231;9;222;35.32;3.90
53784;121109;1;Szkoła Podstawowa 34-434 Dębno ul. Szkolna 3;651;251;251;18;233;38.56;7.17;644;301;301;22;279;46.74;7.31
53785;121109;2;Szkoła Podstawowa 34-434 Harklowa 26;447;132;132;6;126;29.53;4.55;438;258;258;9;249;58.90;3.49
53786;121109;3;Zespół Szkoły Podstawowej i Gimnazjum 34-432 Łopuszna ul. Szkolna 1;1291;347;347;16;331;26.88;4.61;1295;650;650;23;627;50.19;3.54
53787;121109;4;Szkoła Podstawowa 34-431 Ostrowsko ul. Pienińska 92;1045;248;248;5;243;23.73;2.02;1023;431;431;18;413;42.13;4.18
53788;121109;5;Zespół Szkoły Podstawowej i Gimnazjum 34-431 Waksmund ul. Na Równi 28;1901;473;473;24;449;24.88;5.07;1887;892;892;48;844;47.27;5.38
53789;121109;6;Zespół Szkoły Podstawowej i Gimnazjum 34-400 Gronków 210;1361;299;299;15;284;21.97;5.02;1331;575;575;19;556;43.20;3.30
53790;121109;7;Szkoła Podstawowa 34-433 Nowa Biała ul. Główna 13;1082;182;182;9;173;16.82;4.95;1081;423;423;30;393;39.13;7.09
53791;121109;8;Szkoła Podstawowa 34-433 Krempachy ul. Długa 17;1037;262;262;8;254;25.27;3.05;1037;554;554;33;521;53.42;5.96
53792;121109;9;Szkoła Podstawowa 34-433 Dursztyn ul. Pienińska 1;405;135;135;3;132;33.33;2.22;400;188;188;6;182;47.00;3.19
53793;121109;10;stara Szkoła Podstawowa 34-404 Klikuszowa 64;1150;246;246;16;230;21.39;6.50;1162;483;483;15;468;41.57;3.11
53794;121109;11;Szkoła Podstawowa 34-404 Lasek 69;873;163;163;3;160;18.67;1.84;854;368;368;17;351;43.09;4.62
53795;121109;12;Szkoła Podstawowa 34-404 Morawczyna 57;537;60;60;1;59;11.17;1.67;532;164;164;7;157;30.83;4.27
53796;121109;13;Szkoła Podstawowa 34-404 Pyzówka ul. Orkana 6;728;151;151;3;148;20.74;1.99;731;358;358;20;338;48.97;5.59
53797;121109;14;Szkoła Podstawowa 34-471 Krauszów 55;567;96;96;6;90;16.93;6.25;559;251;251;8;243;44.90;3.19
53798;121109;15;była Szkoła Podstawowa 34-471 Długopole 85;409;73;73;4;69;17.85;5.48;403;150;150;8;142;37.22;5.33
53799;121109;16;Remiza OSP 34-471 Ludźmierz ul. Jana Pawła II 95;1974;369;369;12;357;18.69;3.25;1972;839;839;24;815;42.55;2.86
53800;121109;17;Szkoła Podstawowa 34-471 Rogoźnik 69;746;133;133;8;125;17.83;6.02;720;294;294;13;281;40.83;4.42
53801;121109;18;Szkoła Podstawowa 34-404 Obidowa 37;596;72;72;4;68;12.08;5.56;606;206;206;8;198;33.99;3.88
53802;121109;19;Szkoła Podstawowa 34-434 Knurów 46;406;84;84;4;80;20.69;4.76;410;178;178;13;165;43.41;7.30
53803;121109;20;Szkoła Podstawowa 34-434 Szlembark ul. Ks.K.K. Wojtyły 44;455;61;61;1;60;13.41;1.64;457;184;184;20;164;40.26;10.87
53804;121109;21;Remiza OSP w Trutem 34-404 Lasek, Trute 71a;464;93;93;2;91;20.04;2.15;468;192;192;4;188;41.03;2.08
53805;121110;1;Szkoła Podstawowa im. Marii Konopnickiej 34-453 Ochotnica Górna 207;1657;294;294;10;284;17.74;3.40;1654;721;721;35;686;43.59;4.85
53806;121110;2;Szkoła Podstawowa im. Jana Pawła II w Ochotnicy Dolnej - Centrum 34-452 Ochotnica Dolna 105;1768;499;499;20;479;28.22;4.01;1794;978;978;36;942;54.52;3.68
53807;121110;3;Niepubliczna Szkoła Podstawowa w Ochotnicy Dolnej - Młynne 34-452 Ochotnica Dolna 85;624;150;150;7;143;24.04;4.67;636;319;319;16;303;50.16;5.02
53808;121110;4;Budynek Wiejskiego Ośrodka Kultury 34-451 Tylmanowa os. Kozielce 297;969;148;148;4;144;15.27;2.70;988;421;421;13;408;42.61;3.09
53809;121110;5;Budynek Wiejskiego Ośrodka Kultury 34-451 Tylmanowa os. Kozielce 297;1302;338;338;10;328;25.96;2.96;1301;653;653;26;627;50.19;3.98
53810;121111;1;Przedszkole Gminne 34-721 Raba Wyżna 29;1311;285;285;20;265;21.74;7.02;1284;640;640;27;613;49.84;4.22
53811;121111;2;Urząd Gminy 34-721 Raba Wyżna 41;2068;515;515;11;504;24.90;2.14;2063;997;997;34;963;48.33;3.41
53812;121111;3;Szkoła Podstawowa 34-723 Bielanka 29;337;86;86;7;79;25.52;8.14;337;186;186;11;175;55.19;5.91
53813;121111;4;Szkoła Podstawowa 34-721 Rokiciny Podhalańskie 13;1249;258;258;14;244;20.66;5.43;1254;559;559;21;538;44.58;3.76
53814;121111;5;Szkoła Podstawowa 34-721 Podsarnie 59;628;217;217;11;206;34.55;5.07;639;324;324;10;314;50.70;3.09
53815;121111;6;Szkoła Podstawowa 34-721 Harkabuz 47;441;84;84;2;82;19.05;2.38;434;188;188;9;179;43.32;4.79
53816;121111;7;Remiza OSP 34-721 Bukowina-Osiedle 28C;187;46;46;6;40;24.60;13.04;191;96;96;8;88;50.26;8.33
53817;121111;8;Zespół Szkół 34-713 Skawa 584a;2134;431;431;9;422;20.20;2.09;2131;1029;1029;33;996;48.29;3.21
53818;121111;9;Szkoła Podstawowa Nr 3 34-713 Skawa 278;1340;268;268;14;254;20.00;5.22;1353;626;626;26;600;46.27;4.15
53819;121111;10;Szkoła Podstawowa 34-723 Sieniawa 92;1493;403;403;27;376;26.99;6.70;1479;668;668;32;636;45.17;4.79
90559;121111;11;Zakład Opiekuńczo-Leczniczy 34-721 Raba Wyżna 435A;41;39;39;0;39;95.12;0.00;41;39;39;0;39;95.12;0.00
53820;121112;1;Szkoła Podstawowa Nr 4 34-700 Rabka-Zdrój ul. Zaryte 78;851;213;213;9;204;25.03;4.23;843;433;433;17;416;51.36;3.93
53821;121112;2;Szkoła Podstawowa Nr 3 34-700 Rabka-Zdrój ul. Poniatowskiego 186;1389;374;374;11;363;26.93;2.94;1389;742;742;15;727;53.42;2.02
53822;121112;3;Szkoła Podstawowa Nr 2 34-700 Rabka-Zdrój ul. Sądecka 2;984;258;258;8;250;26.22;3.10;969;491;491;10;481;50.67;2.04
53823;121112;4;Świetlica Związku Podhalan 34-700 Rabka-Zdrój ul. Podhalańska 6;1271;380;380;11;369;29.90;2.89;1269;715;715;17;698;56.34;2.38
53824;121112;5;Przedszkole Nr 1 34-700 Rabka-Zdrój ul. Orkana 18;1466;442;442;18;424;30.15;4.07;1440;774;774;25;749;53.75;3.23
53825;121112;6;Gimnazjum Nr 1 34-700 Rabka-Zdrój ul. Jana Pawła II 40;1389;521;521;6;515;37.51;1.15;1373;815;815;5;810;59.36;0.61
53826;121112;7;Galeria Miejskiego Ośrodka Kultury „Pod Aniołem” 34-700 Rabka-Zdrój ul. Parkowa 5;1613;546;546;18;528;33.85;3.30;1634;982;982;24;958;60.10;2.44
53827;121112;8;Szkoła Podstawowa Nr 2 34-700 Rabka-Zdrój ul. Sądecka 2;1646;509;509;16;493;30.92;3.14;1626;944;944;23;921;58.06;2.44
53828;121112;9;Zespół Szkół 34-720 Chabówka 232;1266;286;286;14;272;22.59;4.90;1251;625;625;18;607;49.96;2.88
53829;121112;10;Zespół Szkoły Podstawowej i Gimnazjum 34-700 Ponice 105;929;136;136;1;135;14.64;0.74;930;388;388;19;369;41.72;4.90
53830;121112;11;Zespół Szkoły Podstawowej i Gimnazjum 34-700 Rdzawka 60;1179;286;286;11;275;24.26;3.85;1154;601;601;26;575;52.08;4.33
90560;121112;12;Szpital Miejski 34-700 Rabka-Zdrój ul. Słoneczna 3;56;6;6;0;6;10.71;0.00;56;20;20;0;20;35.71;0.00
90561;121112;13;Dom Pomocy Społecznej „SMREK” 34-700 Rabka-Zdrój ul. Parkowa 4;50;23;23;0;23;46.00;0.00;49;19;19;1;18;38.78;5.26
53831;121113;1;Szkoła Podstawowa Nr 3 34-745 Spytkowice 153;667;148;148;6;142;22.19;4.05;691;311;311;12;299;45.01;3.86
53832;121113;2;Zespół Szkół Podstawowo-Gimnazjalnych 34-745 Spytkowice 12;677;166;166;7;159;24.52;4.22;674;289;289;8;281;42.88;2.77
53833;121113;3;Zespół Szkół Podstawowo-Gimnazjalnych 34-745 Spytkowice 12;675;130;130;6;124;19.26;4.62;674;312;312;23;289;46.29;7.37
53834;121113;4;Zespół Szkół Podstawowo-Gimnazjalnych 34-745 Spytkowice 12;658;144;144;11;133;21.88;7.64;669;310;310;9;301;46.34;2.90
53835;121113;5;Szkoła Podstawowa Nr 2 34-754 Spytkowice 566;653;141;141;9;132;21.59;6.38;652;328;328;7;321;50.31;2.13
53836;121114;1;Zespół Szkoły Podstawowej i Gimnazjum 34-424 Bańska Niżna ul. Papieska 141;933;116;116;4;112;12.43;3.45;936;322;322;20;302;34.40;6.21
53837;121114;2;Zespół Szkoły Podstawowej i Gimnazjum 34-424 Bańska Wyżna ul. Szlak Papieski 64;815;145;145;7;138;17.79;4.83;797;287;287;13;274;36.01;4.53
53838;121114;3;Szkoła Podstawowa 34-424 Bór ul. Jana Pawła II 44;383;53;53;1;52;13.84;1.89;395;140;140;7;133;35.44;5.00
53839;121114;4;Zespół Szkoły Podstawowej i Gimnazjum w Maruszynie Górnej 34-424 Maruszyna ul. Jana Pawła II 29;979;167;167;6;161;17.06;3.59;974;360;360;14;346;36.96;3.89
53840;121114;5;Zespół Szkoły Podstawowej i Gimnazjum w Maruszynie Dolnej 34-424 Maruszyna ul. Jana Pawła II 83;554;127;127;5;122;22.92;3.94;551;212;212;10;202;38.48;4.72
53841;121114;6;Zespół Szkoły Podstawowej i Gimnazjum 34-424 Skrzypne ul. Świętej Jadwigi Królowej 128;835;234;234;10;224;28.02;4.27;836;370;370;10;360;44.26;2.70
53842;121114;7;Zespół Szkoły Podstawowej i Gimnazjum 34-424 Szaflary ul. Szkolna 6;1601;288;288;11;277;17.99;3.82;1358;539;539;20;519;39.69;3.71
53843;121114;8;Zespół Szkoły Podstawowej i Gimnazjum 34-424 Szaflary ul. Szkolna 6;1164;166;166;12;154;14.26;7.23;1322;485;485;20;465;36.69;4.12
53844;121114;9;Zespół Szkoły Podstawowej i Gimnazjum 34-424 Zaskale ul. Kardynała Karola Wojtyły 51;1064;223;223;7;216;20.96;3.14;1056;447;447;20;427;42.33;4.47
90562;121114;10;Dom Pomocy Społecznej „SMREK” 34-424 Zaskale ul. Kardynała Karola Wojtyły 136;49;35;35;5;30;71.43;14.29;74;30;30;5;25;40.54;16.67
53845;121201;1;Filia Miejskiego Ośrodka Kultury w Bukownie Podlesiu 32-332 Bukowno, Podlesie Olkuska 8;306;90;90;10;80;29.41;11.11;309;155;155;2;153;50.16;1.29
53846;121201;2;Filia Miejskiego Ośrodka Kultury w Bukownie Borze 32-332 Bukowno, Bór Biskupi Wiejska 19;441;60;60;2;58;13.61;3.33;452;215;215;12;203;47.57;5.58
53847;121201;3;Miejski Ośrodek Sportu i Rekreacji w Bukownie 32-332 Bukowno Spacerowa 1;1122;306;306;11;295;27.27;3.59;1101;594;594;12;582;53.95;2.02
53848;121201;4;Przedszkole Sióstr Prezentek w Bukownie 32-332 Bukowno Kościuszki 57;544;166;166;7;159;30.51;4.22;544;336;336;16;320;61.76;4.76
53849;121201;5;Zespół Szkół Nr 1 w Bukownie 32-332 Bukowno Szkolna 8;830;135;135;7;128;16.27;5.19;827;371;371;8;363;44.86;2.16
53850;121201;6;Miejski Ośrodek Kultury w Bukownie 32-332 Bukowno Kolejowa 3;1801;401;401;16;385;22.27;3.99;1767;820;820;13;807;46.41;1.59
53851;121201;7;Miejskie Przedszkole w Bukownie 32-332 Bukowno Niepodległości 11;1629;374;374;23;351;22.96;6.15;1612;869;869;32;837;53.91;3.68
53852;121201;8;Filia Miejskiego Ośrodka Kultury w Bukownie 32-332 Bukowno Wodąca 51;612;150;150;5;145;24.51;3.33;599;313;313;7;306;52.25;2.24
53853;121201;9;Zespół Szkół Nr 2 w Bukownie 32-332 Bukowno Sławkowska 133;1303;195;195;14;181;14.97;7.18;1302;642;642;18;624;49.31;2.80
53854;121203;1;Centrum Kultury im. Marii Płonowskiej w Bolesławiu 32-329 Bolesław ul. Główna 55;2220;464;464;28;436;20.90;6.03;2205;1103;1103;16;1087;50.02;1.45
53855;121203;2;Zespół Przedszkolo-Szkolno-Gimnazjalny w Podlipiu 32-329 Podlipie 153;1225;160;160;6;154;13.06;3.75;1247;615;615;31;584;49.32;5.04
53856;121203;3;Dom Wiejski w Krzykawie 32-329 Krzykawa 54A;1956;362;362;11;351;18.51;3.04;1909;866;866;19;847;45.36;2.19
53857;121203;4;Remiza Ochotniczej Straży Pożarnej w Laskach 32-329 Laski ul. Główna 3;1091;162;162;4;158;14.85;2.47;1114;492;492;21;471;44.17;4.27
90563;121203;5;Hutki 32-329 Hutki Jurajska 36;61;23;23;1;22;37.70;4.35;106;36;36;4;32;33.96;11.11
53858;121204;1;Dom Kultury „Papiernik” 32-310 Klucze ul.Rudnicka 2a;2379;537;537;19;518;22.57;3.54;2392;1293;1293;38;1255;54.06;2.94
53859;121204;2;Szkoła Podstawowa 32-310 Klucze ul.Zawierciańska 30;1790;365;365;16;349;20.39;4.38;1746;956;956;28;928;54.75;2.93
53860;121204;3;Dom Ludowy 32-310 Chechło ul.Plac Partyzantów 3;1344;292;292;16;276;21.73;5.48;1344;638;638;15;623;47.47;2.35
53861;121204;4;Szkoła Podstawowa 32-310 Rodaki ul.Strażacka 11;760;162;162;1;161;21.32;0.62;756;393;393;13;380;51.98;3.31
53862;121204;5;Szkoła Podstawowa 32-310 Ryczówek ul.Dolna 12;972;169;169;3;166;17.39;1.78;984;470;470;18;452;47.76;3.83
53863;121204;6;Zespół Szkolno-Przedszkolny 32-310 Kwaśniów Dolny ul.Basztowa 2;1326;309;309;17;292;23.30;5.50;1311;675;676;28;647;51.49;4.15
53864;121204;7;Dom Ludowy 32-310 Cieślin ul.Jurajska 67;265;61;61;4;57;23.02;6.56;260;147;147;2;145;56.54;1.36
53865;121204;8;Dom Kultury „Hutnik” 32-310 Jaroszowiec ul.Leśna 1;1337;305;305;8;297;22.81;2.62;1327;730;730;17;713;55.01;2.33
53866;121204;9;Budynek wielofunkcyjny 32-310 Kolbark ul.Źródlana 3;455;124;124;8;116;27.25;6.45;446;274;274;8;266;61.43;2.92
53867;121204;10;Budynek wielofunkcyjny 32-310 Krzywopłoty ul.Partyzantów 26;439;109;109;10;99;24.83;9.17;435;256;256;3;253;58.85;1.17
53868;121204;11;Zespół Szkolno-Przedszkolny 32-310 Bydlin ul.Legionów 32;833;186;186;11;175;22.33;5.91;837;453;453;9;444;54.12;1.99
53869;121204;12;Świetlica Wiejska 32-310 Golczowice ul.Wesoła 17;242;73;73;4;69;30.17;5.48;241;128;128;5;123;53.11;3.91
53870;121204;13;Budynek po byłym przedszkolu 32-310 Bogucin Duży 59;287;104;104;6;98;36.24;5.77;283;166;166;3;163;58.66;1.81
90564;121204;14;Wojewódzki Szpital Chorób Płuc i Rehabilitacji 32310 Jaroszowiec Kolejowa 1a;131;32;32;1;31;24.43;3.12;155;82;84;7;75;52.90;8.54
53871;121205;1;Zespół Szkół Nr 1 32-300 Olkusz ul. Górnicza 12;897;315;315;9;306;35.12;2.86;881;516;516;14;502;58.57;2.71
53872;121205;2;Szkoła Podstawowa Nr 1 32-300 Olkusz ul. Jana Kantego 5;1517;505;505;18;487;33.29;3.56;1509;899;899;16;883;59.58;1.78
53873;121205;3;Zespół Szkół Nr 3 32-300 Olkusz ul. Francesco Nullo 32;2003;458;458;23;435;22.87;5.02;1953;891;891;20;871;45.62;2.24
53874;121205;4;Szkoła Podstawowa Nr 4 32-300 Olkusz ul. Francesco Nullo 36;1043;335;335;25;310;32.12;7.46;1026;578;578;12;566;56.34;2.08
53875;121205;5;Powiatowe Centrum Pomocy Rodzinie 32-300 Olkusz ul. Marszałka Józefa Piłsudskiego 21;1497;514;514;9;505;34.34;1.75;1492;951;951;6;945;63.74;0.63
53876;121205;6;Szkoła Podstawowa Nr 6 32-300 Olkusz ul. Długa 67;1481;388;388;9;379;26.20;2.32;1473;857;857;22;835;58.18;2.57
53877;121205;7;Szkoła Podstawowa Nr 5 32-300 Olkusz ul. Cegielniana 24;2147;653;653;24;629;30.41;3.68;2135;1331;1331;21;1310;62.34;1.58
53878;121205;8;Olkuska Spółdzielnia Mieszkaniowa, Administracja nr 5 32-300 Olkusz ul. Juliana Tuwima 2;1991;457;458;14;443;22.95;3.06;1937;1061;1061;23;1038;54.78;2.17
53879;121205;9;Zespół Szkolno-Przedszkolny Integracyjny Nr 1 w Olkuszu 32-300 Olkusz ul. Jana Kochanowskiego 2;1855;420;420;6;414;22.64;1.43;1790;938;938;20;918;52.40;2.13
53880;121205;10;Przedszkole Nr 10 32-300 Olkusz ul. Stefana Żeromskiego 6;1658;370;370;9;361;22.32;2.43;1581;843;843;12;831;53.32;1.42
53881;121205;11;Szkoła Podstawowa NR 10 32-300 Olkusz ul. Stefana Żeromskiego 1;1869;453;453;16;437;24.24;3.53;1808;974;974;12;962;53.87;1.23
53882;121205;12;Szkoła Podstawowa Nr 3 32-300 Olkusz ul. Kpt. Hardego 11a;1903;567;567;16;551;29.80;2.82;1846;1017;1017;15;1002;55.09;1.47
53883;121205;13;Zespół Szkół Nr 4 32-300 Olkusz ul. Legionów Polskich 1;1882;513;513;19;494;27.26;3.70;1847;986;986;24;962;53.38;2.43
53884;121205;14;Przedszkole NR 8 32-300 Olkusz ul. Legionów Polskich 12;1666;458;458;14;444;27.49;3.06;1615;913;913;24;889;56.53;2.63
53885;121205;15;Gimnazjum Nr 3 32-300 Olkusz ul. Janusza Korczaka 7;1555;464;464;18;446;29.84;3.88;1502;914;914;18;896;60.85;1.97
53886;121205;16;Szkoła Podstawowa Nr 9 32-300 Olkusz ul. Kosynierów 14;2301;588;588;15;573;25.55;2.55;2235;1258;1258;18;1240;56.29;1.43
53887;121205;17;Przedszkole Nr 13 32-300 Olkusz ul. Kosynierów 14;2286;613;613;22;591;26.82;3.59;2185;1254;1254;27;1227;57.39;2.15
53888;121205;18;Świetlica Wiejska MOK w Bogucinie Małym 32-300 Bogucin Mały 66;764;210;210;5;205;27.49;2.38;778;476;476;6;470;61.18;1.26
53889;121205;19;Szkoła Podstawowa w Braciejówce 32-300 Braciejówka 60;656;124;124;14;110;18.90;11.29;657;305;305;14;291;46.42;4.59
53890;121205;20;Świetlica Wiejska w Podlesiu 32-300 Podlesie 63C;391;77;77;7;70;19.69;9.09;399;200;200;6;194;50.13;3.00
53891;121205;21;Wiejski Dom Kultury w Troksie 32-300 Troks 43;448;78;78;5;73;17.41;6.41;453;203;203;4;199;44.81;1.97
53892;121205;22;Publiczna Szkoła Podstawowa w Witeradowie 32-300 Witeradów 394;790;231;231;10;221;29.24;4.33;790;442;442;9;433;55.95;2.04
53893;121205;23;Szkoła Podstawowa w Żuradzie 32-300 Żurada Kolonia III 10a;951;307;307;3;304;32.28;0.98;962;598;598;8;590;62.16;1.34
53894;121205;24;Szkoła Podstawowa w Osieku 32-300 Osiek 79b;1397;345;345;11;334;24.70;3.19;1408;829;829;23;806;58.88;2.77
53895;121205;25;Remiza OSP w Zimnodole 32-300 Zimnodół;572;137;137;5;132;23.95;3.65;583;314;314;14;300;53.86;4.46
53896;121205;26;Szkoła Podstawowa w Kosmolowie 32-300 Kosmolów 152;820;208;208;3;205;25.37;1.44;821;450;450;14;436;54.81;3.11
53897;121205;27;Szkoła Podstawowa w Sienicznie 32-300 Sieniczno ul. Marii Dąbrowskiej 14;910;275;275;11;264;30.22;4.00;904;529;529;7;522;58.52;1.32
53898;121205;28;Klub Rolnika w Gorenicach 32-327 Gorenice ul. Chrzanowska 4;1111;252;252;9;243;22.68;3.57;1110;612;612;14;598;55.14;2.29
53899;121205;29;Wiejski Dom Kultury w Niesułowicach 32-300 Niesułowice ul. Galicyjska 112;463;87;87;3;84;18.79;3.45;455;214;214;3;211;47.03;1.40
53900;121205;30;Szkoła Podstawowa w Zedermanie 32-300 Zederman 99;1145;245;245;14;231;21.40;5.71;1147;629;629;19;610;54.84;3.02
53901;121205;31;Szkoła Podstawowa w Zawadzie 32-327 Zawada 110;507;119;119;3;116;23.47;2.52;514;273;273;6;267;53.11;2.20
90565;121205;32;Dom Pomocy Społecznej w Olkuszu 32-300 Olkusz ul. Jana Kantego 4;93;21;21;1;20;22.58;4.76;92;42;42;6;36;45.65;14.29
90566;121205;33;Niepubliczny Zakład Opieki Zdrowotnej Nowy Szpital w Olkuszu 32-300 Olkusz Al. 1000-lecia 13;124;22;22;1;21;17.74;4.55;126;51;51;3;48;40.48;5.88
90567;121205;34;Niepubliczny Zakład Opiekuńczo Leczniczy „Pomorzany” Olkusz 32-300 Olkusz ul. Gwarków 4A;90;28;28;1;27;31.11;3.57;104;13;13;0;13;12.50;0.00
53902;121206;1;Zespół Szkół - Szkoła Podstawowa i Gimnazjum w Jangrocie, Jangrot 32-353 Jangrot 83;2255;353;353;18;335;15.65;5.10;2266;1058;1058;44;1014;46.69;4.16
53903;121206;2;Zespół Szkół - Szkoła Podstawowa i Gimnazjum w Suchej, Sucha 32-353 Sucha 32;1046;120;120;6;114;11.47;5.00;1064;479;479;12;467;45.02;2.51
53904;121206;3;Biały Domek w Imbramowicach, Imbramowice 32-353 Imbramowice 141;768;132;132;9;123;17.19;6.82;741;348;348;19;329;46.96;5.46
53905;121206;4;Zespół Szkół - Szkoła Podstawowa i Gimnazjum w Zadrożu, Zadroże 32-353 Zadroże 69;1604;234;234;11;223;14.59;4.70;1630;806;806;28;778;49.45;3.47
53906;121207;1;Szkoła Podstawowa w Chełmie 32-340 Chełm 98;723;109;109;4;105;15.08;3.67;716;353;353;3;350;49.30;0.85
53907;121207;2;Szkoła Filialna w Chrząstowicach 32-340 Chrząstowice 15;571;122;122;4;118;21.37;3.28;558;283;283;14;269;50.72;4.95
53908;121207;3;Zespół Szkół w Dłużcu 32-340 Dłużec 7;962;349;349;29;320;36.28;8.31;957;527;527;17;510;55.07;3.23
53909;121207;4;Budynek byłej Szkoły Podstawowej w Załężu 32-310 Załęże 108;801;191;191;14;177;23.85;7.33;810;432;432;11;421;53.33;2.55
53910;121207;5;Zespół Szkół w Gołaczewach 32-340 Gołaczewy 17a;1044;220;220;6;214;21.07;2.73;1049;532;532;22;510;50.71;4.14
53911;121207;6;Szkoła Podstawowa w Jeżówce 32-340 Jeżówka 253;962;137;137;4;133;14.24;2.92;960;386;386;14;372;40.21;3.63
53912;121207;7;Szkoła Podstawowa w Kąpielach Wielkich 32-340 Kąpiele Wielkie 75a;755;167;167;10;157;22.12;5.99;750;414;414;10;404;55.20;2.42
53913;121207;8;Szkoła Podstawowa w Łobzowie 32-340 Łobzów 220;1283;242;242;9;233;18.86;3.72;1287;643;643;19;624;49.96;2.95
53914;121207;9;Niepubliczna Szkoła Podstawowa w Porębie Dzierżnej 32-340 Poręba Dzierżna 148;572;121;121;4;117;21.15;3.31;563;273;273;6;267;48.49;2.20
53915;121207;10;Niepubliczna Szkoła Podstawowa w Porębie Górnej 32-340 Poręba Górna 62;986;169;169;3;166;17.14;1.78;983;444;444;9;435;45.17;2.03
53916;121207;11;Budynek byłej Szkoły Podstawowej 32-340 Strzegowa 92;609;142;142;12;130;23.32;8.45;606;283;283;13;270;46.70;4.59
53917;121207;12;Zespół Szkół w Wierzchowisku 32-340 Wierzchowisko 32b;1282;179;179;4;175;13.96;2.23;1289;544;544;18;526;42.20;3.31
53918;121207;13;Zespół Szkół w Zarzeczu 32-340 Zarzecze Szkolna 2;1145;225;225;8;217;19.65;3.56;1123;532;532;12;520;47.37;2.26
53919;121207;14;Gimnazjum Nr 4 w Wolbromiu 32-340 Wolbrom Osiedle Władysława Łokietka 10;1628;393;393;10;383;24.14;2.54;1591;866;866;21;845;54.43;2.42
53920;121207;15;Gimnazjum Nr 4 w Wolbromiu 32-340 Wolbrom Osiedle Władysława Łokietka 10;1085;233;233;4;229;21.47;1.72;1067;524;524;9;515;49.11;1.72
53921;121207;16;Szkoła Podstawowa Nr 1 w Wolbromiu 32-340 Wolbrom Mariacka 28;938;290;290;8;282;30.92;2.76;945;566;566;12;554;59.89;2.12
53922;121207;17;Urząd Miasta i Gminy w Wolbromiu 32-340 Wolbrom Krakowska 1;939;283;283;10;273;30.14;3.53;945;530;530;12;518;56.08;2.26
53923;121207;18;Środowiskowy Dom Samopomocy Wolbrom 32-340 Wolbrom Skalska 20;808;206;206;5;201;25.50;2.43;779;442;442;12;430;56.74;2.71
53924;121207;19;Zespół Szkół w Wolbromiu 32-340 Wolbrom Skalska 18;926;265;265;5;260;28.62;1.89;914;495;495;10;485;54.16;2.02
53925;121207;20;Zespół Szkół w Wolbromiu 32-340 Wolbrom Pod Lasem 1;959;241;241;7;234;25.13;2.90;960;469;469;13;456;48.85;2.77
53926;121301;1;Szkoła Podstawowa Nr 5 32-600 Oświęcim ul. Eugeniusza Kalicińskiego 5;1428;336;336;5;331;23.53;1.49;1380;667;667;11;656;48.33;1.65
53927;121301;2;Powiatowy Zespół Nr 4 Szkół Ekonomiczno-Gastronomicznych im. Komisji Edukacji Narodowej 32-600 Oświęcim ul. Obozowa 39;1716;444;444;10;434;25.87;2.25;1660;952;952;11;941;57.35;1.16
53928;121301;3;Powiatowy Zespół Nr 5 Szkół Budowlanych im. Edwarda Szymańskiego 32-600 Oświęcim ul. Obozowa 31;1902;455;455;19;436;23.92;4.18;1844;1000;1000;38;962;54.23;3.80
53929;121301;4;Niepubliczne Przedszkole „Promyczek” 32-600 Oświęcim ul. Powstańców Warszawy 1A;846;252;252;16;236;29.79;6.35;823;482;482;21;461;58.57;4.36
53930;121301;5;Miejskie Gimnazjum Nr 4 32-600 Oświęcim ul. Wyzwolenia 3;566;152;152;5;147;26.86;3.29;570;294;294;10;284;51.58;3.40
53931;121301;6;Powiatowy Zespół Nr 1 Szkół Ogólnokształcących im. St. Konarskiego 32-600 Oświęcim ul. Ks. Stanisława Konarskiego 24;1159;264;264;2;262;22.78;0.76;1124;559;559;7;552;49.73;1.25
53932;121301;7;Klub MSM „BUDOWLANKA” 32-600 Oświęcim ul. Wiktora Bałandy 4D;1483;350;350;17;333;23.60;4.86;1423;760;760;27;733;53.41;3.55
53933;121301;8;Miejskie Gimnazjum Nr 3 32-600 Oświęcim ul. Ignacego Krasickiego 16;1815;543;543;9;534;29.92;1.66;1807;1092;1092;15;1077;60.43;1.37
53934;121301;9;Szkoła Podstawowa Nr 1 32-600 Oświęcim ul. Królowej Jadwigi 12;918;252;252;12;240;27.45;4.76;906;443;443;18;425;48.90;4.06
53935;121301;10;Niepubliczne Przedszkole „Jedyneczka” 32-600 Oświęcim ul. Kościelecka 1;786;200;200;5;195;25.45;2.50;779;537;537;12;525;68.93;2.23
53936;121301;11;Szkoła Podstawowa Nr 9 32-600 Oświęcim ul. Budowlanych 68;1574;430;430;17;413;27.32;3.95;1531;835;835;40;795;54.54;4.79
53937;121301;12;Przedszkole Miejskie Nr 15 32-600 Oświęcim ul. Budowlanych 43;611;222;222;3;219;36.33;1.35;590;373;373;6;367;63.22;1.61
53938;121301;13;Przedszkole Miejskie Nr 14 32-600 Oświęcim ul. Władysława Broniewskiego 12;1273;389;389;11;378;30.56;2.83;1236;780;780;7;773;63.11;0.90
53939;121301;14;Szkoła Podstawowa Nr 4 32-600 Oświęcim ul. Jędrzeja Śniadeckiego 26;1763;586;586;9;577;33.24;1.54;1699;1050;1050;15;1035;61.80;1.43
53940;121301;15;Szkoła Podstawowa Oświęcimskiego Towarzystwa Oświatowego 32-600 Oświęcim ul. Zwycięstwa 75;1155;265;265;11;254;22.94;4.15;1140;660;660;25;635;57.89;3.79
53941;121301;16;Miejskie Gimnazjum Nr 2 32-600 Oświęcim ul. Karola Olszewskiego 2;1467;325;325;4;321;22.15;1.23;1406;681;681;21;660;48.44;3.08
53942;121301;17;Miejskie Gimnazjum Nr 2 32-600 Oświęcim ul. Karola Olszewskiego 2;1567;499;499;18;481;31.84;3.61;1546;981;981;16;965;63.45;1.63
53943;121301;18;Oświęcimskie Centrum Kultury 32-600 Oświęcim ul. Jędrzeja Śniadeckiego 24;1366;418;418;10;408;30.60;2.39;1336;769;769;17;752;57.56;2.21
53944;121301;19;Szkoła Podstawowa Nr 11 32-600 Oświęcim Aleja Juliusza Słowackiego 2A;1930;556;556;9;547;28.81;1.62;1883;1136;1136;19;1117;60.33;1.67
53945;121301;20;Zespół Szkół Nr 1 32-600 Oświęcim Aleja Juliusza Słowackiego 41;1699;422;422;15;407;24.84;3.55;1656;894;894;17;877;53.99;1.90
53946;121301;21;Przedszkole Miejskie Nr 7 32-600 Oświęcim Aleja Juliusza Słowackiego 8;714;183;183;9;174;25.63;4.92;695;321;321;11;310;46.19;3.43
53947;121301;22;Powiatowy Zespół Nr 2 Szkół Ogólnokształcących Mistrzostwa Sportowego i Technicznych 32-600 Oświęcim ul. gen. Józefa Bema 8;1246;307;307;5;302;24.64;1.63;1211;646;646;20;626;53.34;3.10
53948;121301;23;Powiatowy Zespół Nr 2 Szkół Ogólnokształcących Mistrzostwa Sportowego i Technicznych 32-600 Oświęcim ul. gen. Józefa Bema 8;1436;392;392;14;378;27.30;3.57;1456;901;901;19;882;61.88;2.11
53949;121301;24;Dom Osiedlowy Stare Stawy 32-600 Oświęcim ul Zagrodowa 1;1823;482;482;19;463;26.44;3.94;1816;1118;1118;18;1100;61.56;1.61
90568;121301;25;Zespół Opieki Zdrowotnej w Oświęcimiu 32-600 Oświęcim Wysokie Brzegi 4;211;62;62;1;61;29.38;1.61;182;72;72;7;65;39.56;9.72
90569;121301;26;Zakład Opiekuńczo-Leczniczy Zgromadzenia Córek Matki Bożej Bolesnej (Siostry Serafitki) Prowincja Oświęcimska w Oświęcimiu 32-600 Oświęcim Plac Tadeusza Kościuszki 8;48;48;48;17;31;100.00;35.42;34;34;34;0;34;100.00;0.00
53950;121302;1;Przedszkole Nr 2 z Oddziałami Integracyjnymi „Słoneczko” w Brzeszczach 32-620 Brzeszcze ul. Narutowicza 6;1945;421;421;18;403;21.65;4.28;1894;999;999;44;955;52.75;4.40
53951;121302;2;Zespół Szkolno-Przedszkolny nr 5 w Brzeszczach, Szkoła Podstawowa nr 2 im. M. Kopernika w Brzeszczach 32-620 Brzeszcze ul. Mickiewicza 3;1528;302;302;17;285;19.76;5.63;1504;803;803;23;780;53.39;2.86
53952;121302;3;Ośrodek Kultury w Brzeszczach 32-620 Brzeszcze ul. Narutowicza 1;1380;408;408;15;393;29.57;3.68;1366;915;915;21;894;66.98;2.30
53953;121302;4;Gimnazjum Nr 2 w Brzeszczach 32-620 Brzeszcze ul. Lipowa 3;1970;480;480;14;466;24.37;2.92;1956;1287;1287;36;1251;65.80;2.80
53954;121302;5;Zespół Szkolno-Przedszkolny nr 4 z Oddziałami Integracyjnymi w Brzeszczach, Szkoła Podstawowa Nr 1 z Oddziałami Integracyjnymi im. S. Staszica w Brzeszczach 32-620 Brzeszcze ul. Szkolna 6;1885;383;383;14;369;20.32;3.66;1890;1122;1122;42;1080;59.37;3.74
53955;121302;6;Dom Ludowy Brzeszcze-Bór 32-620 Brzeszcze ul.Bór 65;770;172;172;6;166;22.34;3.49;758;506;506;23;483;66.75;4.55
53956;121302;7;Świetlica Ośrodka Kultury 32-626 Jawiszowice Osiedle Paderewskiego 26;2075;475;475;23;452;22.89;4.84;2012;1145;1145;58;1087;56.91;5.07
53957;121302;8;Zespół Szkolno-Przedszkolny nr 6 w Jawiszowicach, Przedszkole nr 4 „Pod Tęczą” w Jawiszowicach 32-626 Jawiszowice ul. Gałczyńskiego 1;1622;414;414;14;400;25.52;3.38;1617;997;997;16;981;61.66;1.60
53958;121302;9;Zespół-Szkolno Przedszkolny nr 6 w Jawiszowicach, Szkoła Podstawowa im. K. I. Gałczyńskiego w Jawiszowicach 32-626 Jawiszowice ul. Kusocińskiego 1;1777;501;501;22;479;28.19;4.39;1796;1213;1213;24;1189;67.54;1.98
53959;121302;10;Zespół Szkolno-Przedszkolny nr 1 im. Wandy Chotomskiej w Przecieszynie, Szkoła Podstawowa w Przecieszynie 32-625 Przecieszyn ul. Wyzwolenia 54a;906;208;208;10;198;22.96;4.81;909;609;610;22;587;67.00;3.61
53960;121302;11;Zespół Szkolno-Przedszkolny nr 3 w Skidziniu, Szkoła Podstawowa im. E. Szelburg-Zarębiny w Skidziniu 32-625 Skidziń ul. Oświęcimska 39;1033;236;236;14;222;22.85;5.93;1024;701;701;25;676;68.46;3.57
53961;121302;12;Zespół Szkolno-Przedszkolny nr 2 im. Kostka Jagiełły w Zasolu, Przedszkole Publiczne w Zasolu im. K. Jagiełły w Zasolu 32-626 Zasole ul. Kostka Jagiełły 8;644;91;91;11;80;14.13;12.09;631;348;348;16;332;55.15;4.60
53962;121303;1;Powiatowy Zespół Nr 8 Szkół Zawodowych i Ogólnokształcących w Chełmku 32-660 Chełmek Krakowska 18;673;203;203;12;191;30.16;5.91;663;423;423;9;414;63.80;2.13
53963;121303;2;Samorządowy Zespół Szkolno-Przedszkolny Nr 2 w Chełmku 32-660 Chełmek Brzozowa 7-9;1325;286;286;16;270;21.58;5.59;1296;569;569;25;544;43.90;4.39
53964;121303;3;Samorządowy Zespół Szkolno-Przedszkolny Nr 2 w Chełmku 32-660 Chełmek ul. Marszałka Piłsudskiego 1;1407;359;359;15;344;25.52;4.18;1364;741;741;25;716;54.33;3.37
53965;121303;4;Samorządowy Zespół Szkolno-Przedszkolny Nr 2 w Chełmku 32-660 Chełmek ul. Marszałka Piłsudskiego 1;1316;323;323;21;302;24.54;6.50;1294;663;663;20;643;51.24;3.02
53966;121303;5;Remiza Ochotniczej Straży Pożarnej w Chełmku 32-660 Chełmek ul. Staicha 3;1340;378;378;15;363;28.21;3.97;1333;825;825;16;809;61.89;1.94
53967;121303;6;Samorządowy Zespół Szkół nr 1 w Chełmku 32-661 Chełmek ul. Chrobrego 9;1362;286;286;14;272;21.00;4.90;1373;775;775;21;754;56.45;2.71
53968;121303;7;Samorządowy Zespół Szkół w Gorzowie 32-660 Gorzów ul. Szkolna 3;1505;334;334;23;311;22.19;6.89;1516;881;881;40;841;58.11;4.54
53969;121303;8;Samorządowy Zespół Szkół w Bobrku 32-661 Bobrek Nadwiślańska 9;1503;317;317;17;300;21.09;5.36;1539;903;903;39;864;58.67;4.32
90570;121303;9;Dom Pomocy Społecznej - Nowy Hostel 32-661 Bobrek Księżnej Ogińskiej 2;47;13;13;0;13;27.66;0.00;47;20;20;5;15;42.55;25.00
53970;121304;1;Powiatowy Zespół nr 10 Szkół Mechaniczno-Elektrycznych im. Mikołaja Kopernika w Kętach 32-650 Kęty ul. Żwirki i Wigury 27a;1713;420;423;18;402;24.52;4.29;1681;925;925;28;897;55.03;3.03
53971;121304;2;Zespół Szkolno-Gimnazjalny nr 2 w Kętach 32-650 Kęty ul. Stanisława Wyspiańskiego 1;1815;477;477;11;466;26.28;2.31;1765;1000;1000;20;980;56.66;2.00
53972;121304;3;Dom Kultury w Kętach 32-650 Kęty ul. Żwirki i Wigury 2a;1122;329;329;3;326;29.32;0.91;1127;619;619;19;600;54.92;3.07
53973;121304;4;Zespół Szkolno-Gimnazjalny nr 2 w Kętach 32-650 Kęty ul. Stanisława Wyspiańskiego 1;1344;330;330;9;321;24.55;2.73;1302;700;700;11;689;53.76;1.57
53974;121304;5;Powiatowy Zespół nr 11 Szkół Ogólnokształcących im. Stanisława Wyspiańskiego w Kętach 32-650 Kęty ul. Stanisława Wyspiańskiego 2;1166;257;257;4;253;22.04;1.56;1144;681;681;14;667;59.53;2.06
53975;121304;6;Powiatowy Zespół nr 9 Szkół im. Marii Dąbrowskiej w Kętach 32-650 Kęty ul. Tadeusza Kościuszki 29;1238;340;340;8;332;27.46;2.35;1221;748;748;15;733;61.26;2.01
53976;121304;7;Przedsiębiorstwo Komunalne „Komax” w Kętach 32-650 Kęty ul. Adama Mickiewicza 8;1296;277;277;16;261;21.37;5.78;1281;635;635;23;612;49.57;3.62
53977;121304;8;Zespół Szkolno-Gimnazjalny nr 1 w Kętach 32-650 Kęty ul. Jana III Sobieskiego 6;1281;437;437;7;430;34.11;1.60;1276;806;806;12;794;63.17;1.49
53978;121304;9;Zespół Szkolno-Gimnazjalny nr 1 w Kętach 32-650 Kęty ul. Jana III Sobieskiego 6;1181;382;382;9;373;32.35;2.36;1185;750;750;7;743;63.29;0.93
53979;121304;10;Powiatowy Zespół nr 9 Szkół im. Marii Dąbrowskiej w Kętach 32-650 Kęty ul. Tadeusza Kościuszki 29;1059;355;355;10;345;33.52;2.82;1023;586;586;14;572;57.28;2.39
53980;121304;11;Zespół Szkolno-Gimnazjanlny nr 3 w Kętach 32-650 Kęty ul. Szkolna 3;2140;593;593;18;575;27.71;3.04;2117;1267;1267;26;1241;59.85;2.05
53981;121304;12;Wiejski Dom Kultury w Bielanach 32-651 Bielany Plac Świętego Macieja 1;1533;283;283;15;268;18.46;5.30;1518;843;843;33;810;55.53;3.91
53982;121304;13;Zespół Szkolno-Przedszkolny w Bulowicach 32-652 Bulowice ul. Bielska 59;1311;286;286;11;275;21.82;3.85;1304;741;741;22;719;56.83;2.97
53983;121304;14;Zespół Szkolno-Przedszkolny w Bulowicach 32-652 Bulowice ul. Bielska 59;1216;342;342;12;330;28.12;3.51;1203;737;737;19;718;61.26;2.58
53984;121304;15;Zespół Szkolno-Przedszkolny w Bulowicach 32-652 Bulowice ul. Bielska 59;1289;316;316;17;299;24.52;5.38;1293;716;716;25;691;55.38;3.49
53985;121304;16;Zespół Szkolno-Przedszkolny w Łękach 32-651 Łęki ul. Akacjowa 28;1055;180;180;9;171;17.06;5.00;1054;561;561;21;540;53.23;3.74
53986;121304;17;Wiejski Dom Kultury w Malcu 32-651 Malec ul. K. Jędrzejowskiego 16;1080;234;234;7;227;21.67;2.99;1071;604;604;28;576;56.40;4.64
53987;121304;18;Zespół Szkolno-Gimnazjalny w Nowej Wsi 32-651 Nowa Wieś ul. Stanisława Konarskiego 4;1306;326;326;8;318;24.96;2.45;1303;733;733;13;720;56.25;1.77
53988;121304;19;„Dworek” w Nowej Wsi 32-651 Nowa Wieś ul. Dworska 7;1319;291;291;12;279;22.06;4.12;1316;733;733;16;717;55.70;2.18
53989;121304;20;Zespół Szkolno-Przedszkolny w Witkowicach 32-650 Witkowice ul. Beskidzka 98;1775;316;316;19;297;17.80;6.01;1790;948;948;35;913;52.96;3.69
90571;121304;21;Dom Pomocy Społecznej Braci Albertynów w Bulowicach 32-652 Bulowice ul. Błog. Faustyny 4;38;31;31;1;30;81.58;3.23;39;34;34;0;34;87.18;0.00
53990;121305;1;Sala WDK w Osieku 32-608 Osiek ul. Główna 125;2087;404;404;20;384;19.36;4.95;2079;1106;1106;57;1049;53.20;5.15
53991;121305;2;Budynek SP ZOZ w Osieku 32-608 Osiek ul. Starowiejska 175;1676;307;307;16;291;18.32;5.21;1689;879;879;56;823;52.04;6.37
53992;121305;3;Szkoła Podstawowa Nr 2 w Osieku 32-608 Osiek ul. Główna 450;1621;285;285;9;276;17.58;3.16;1625;922;922;40;882;56.74;4.34
53993;121305;4;Wiejski Dom Kultury w Głębowicach 32-608 Głębowice ul. Oświęcimska 8;1072;183;183;11;172;17.07;6.01;1083;578;578;27;551;53.37;4.67
53994;121306;1;Szkoła Podstawowa w Babicach 32-600 Babice ul. Różana 23;1492;421;421;23;398;28.22;5.46;1509;928;928;19;909;61.50;2.05
53995;121306;2;LKS „Puls” w Broszkowicach 32-600 Broszkowice ul. Łąkowa 6;485;152;152;9;143;31.34;5.92;492;325;325;10;315;66.06;3.08
53996;121306;3;Gminny Ośrodek Pomocy Społecznej 32-615 Grojec ul. Beskidzka 100;765;213;213;5;208;27.84;2.35;764;484;484;8;476;63.35;1.65
53997;121306;4;Szkoła Podstawowa w Brzezince 32-600 Brzezinka ul. Szkolna 19;1938;608;608;15;593;31.37;2.47;1909;1232;1232;27;1205;64.54;2.19
53998;121306;5;Zespół Szkolno-Przedszkolny w Harmężach 32-600 Harmęże ul. Borowskiego 30;547;104;104;5;99;19.01;4.81;556;317;317;11;306;57.01;3.47
53999;121306;6;Szkoła Podstawowa w Porębie Wielkiej 32-600 Poręba Wielka ul. Aleja Parkowa 1;1680;322;322;9;313;19.17;2.80;1716;1023;1023;46;977;59.62;4.50
54000;121306;7;Szkoła Podstawowa w Rajsku 32-600 Rajsko ul. Edukacyjna 11;1240;363;363;18;345;29.27;4.96;1246;797;797;32;765;63.96;4.02
54001;121306;8;Szkoła Podstawowa we Włosienicy 32-642 Włosienica ul. Józefa Suskiego 53;1249;325;325;15;310;26.02;4.62;1258;751;751;18;733;59.70;2.40
54002;121306;9;Remiza OSP w Dworach Drugich 32-642 Dwory Drugie ul. Oświęcimska 28;272;71;71;3;68;26.10;4.23;270;131;131;6;125;48.52;4.58
54003;121306;10;Gimnazjum Gminne Nr 2 w Zaborzu 32-600 Zaborze ul. Jezioro 2;1316;445;445;7;438;33.81;1.57;1308;876;876;26;850;66.97;2.97
54004;121306;11;Szkoła Podstawowa w Grojcu 32-615 Grojec ul. Aleja Ogrodowa 2;960;168;168;8;160;17.50;4.76;988;516;516;19;497;52.23;3.68
54005;121306;12;Dom Ludowy w Pławach 32-600 Pławy ul. Pławianka 3;303;90;90;5;85;29.70;5.56;308;178;178;5;173;57.79;2.81
54006;121306;13;Remiza OSP w Stawach Monowskich 32-642 Stawy Monowskie ul. Dogodna 1;239;79;79;1;78;33.05;1.27;249;163;163;12;151;65.46;7.36
54007;121306;14;Szkoła Podstawowa w Grojcu 32-615 Grojec ul. Aleja Ogrodowa 2;1009;198;198;9;189;19.62;4.55;1013;525;525;41;484;51.83;7.81
54008;121306;15;Przedszkole Samorządowe w Zaborze 32-600 Zaborze ul. Grojecka 54;988;347;347;17;330;35.12;4.90;1010;664;664;24;640;65.74;3.61
54009;121307;1;Strażnica Ochotniczej Straży Pożarnej 32-607 Polanka Wielka ul.Kasztanowa 2;1577;327;327;11;316;20.74;3.36;1590;865;865;30;835;54.40;3.47
54010;121307;2;Gminne Centrum Kultury 32-607 Polanka Wielka ul.Długa 61;881;194;194;7;187;22.02;3.61;885;500;500;42;458;56.50;8.40
54011;121307;3;Publiczne Gimnazjum 32-607 Polanka Wielka ul.Długa 175;945;244;244;9;235;25.82;3.69;939;569;569;23;546;60.60;4.04
54012;121308;1;Zespół Szkół Podstawowo-Gimnazjalnych w Przeciszowie 32-641 Przeciszów ul.Szkolna 93;2352;373;373;18;355;15.86;4.83;2331;1231;1231;37;1194;52.81;3.01
54013;121308;2;Zespół Szkół Podstawowo-Gimnazjalnych w Przeciszowie-Podlesiu 32-641 Przeciszów ul.Podlesie 92;1315;274;274;11;263;20.84;4.01;1297;688;688;22;666;53.05;3.20
54014;121308;3;Zespół Szkół Podstawowo-Gimnazjalnych w Piotrowicach 32-641 Piotrowice ul.Andrychowska 222;1798;312;312;7;305;17.35;2.24;1811;909;909;30;879;50.19;3.30
54015;121309;1;Zespół Szkół Ogólnokształcących w Zatorze 32-640 Zator ul.Kongresowa 11;1377;284;284;15;269;20.62;5.28;1366;756;756;27;729;55.34;3.57
54016;121309;2;Dom Ludowy w Rudzach 32-640 Rudze 120;365;86;86;1;85;23.56;1.16;368;200;200;5;195;54.35;2.50
54017;121309;3;Szkoła Podstawowa w Laskowej 32-640 Laskowa 3;598;138;138;7;131;23.08;5.07;601;304;304;10;294;50.58;3.29
54018;121309;4;Dom Ludowy w Palczowicach 32-640 Palczowice 65;745;175;175;10;165;23.49;5.71;757;431;431;18;413;56.94;4.18
54019;121309;5;Zespół Szkół Ogólnokształcących w Podolszu 32-640 Podolsze ul.Zatorska 37;1166;257;257;9;248;22.04;3.50;1170;654;654;31;623;55.90;4.74
54020;121309;6;Remiza OSP w Graboszycach 32-640 Graboszyce 195;631;124;124;10;114;19.65;8.06;630;327;327;13;314;51.90;3.98
54021;121309;7;Szkoła Podstawowa w Łowiczkach 32-640 Łowiczki 1;406;50;50;4;46;12.32;8.00;407;186;186;13;173;45.70;6.99
54022;121309;8;Szkoła Podstawowa w Grodzisku 32-640 Grodzisko 100;382;83;83;7;76;21.73;8.43;396;222;222;12;210;56.06;5.41
54023;121309;9;Szkoła Podstawowa w Smolicach 32-640 Smolice 2;531;72;72;8;64;13.56;11.11;534;260;260;17;243;48.69;6.54
54024;121309;10;Zespół Szkół Ogólnokształcących w Zatorze 32-640 Zator ul.Kongresowa 11;1214;280;280;5;275;23.06;1.79;1221;735;735;14;721;60.20;1.90
90573;121309;11;Dom Pomocy Społecznej w Zatorze 32-640 Zator ul.Jana Pawła II 3;90;30;30;3;27;33.33;10.00;81;30;30;1;29;37.04;3.33
54025;121401;1;Szkoła Podstawowa w Biórkowie Wielkim, Biórków Wielki 107 32-104 Biórków Wielki 107;773;123;123;3;120;15.91;2.44;774;332;332;19;313;42.89;5.72
54026;121401;2;Szkoła Podstawowa w Glewcu, Glewiec 2 32-104 Glewiec 2;796;73;73;3;70;9.17;4.11;789;248;248;8;240;31.43;3.23
54027;121401;3;Remiza OSP we Wroninie, Wronin 20 32-104 Wronin 20;564;58;58;7;51;10.28;12.07;582;199;199;9;190;34.19;4.52
54028;121401;4;Remiza OSP w Wierzbnie, Wierzbno 36 32-104 Wierzbno 36;1002;77;77;4;73;7.68;5.19;1003;344;344;7;337;34.30;2.03
54029;121401;5;Gminny Ośrodek Kultury w Koniuszy, Koniusza 5 32-104 Koniusza 5;975;167;167;9;158;17.13;5.39;987;470;470;25;445;47.62;5.32
54030;121401;6;Szkoła Podstawowa w Niegardowie, Niegardów 57 32-104 Niegardów 57;938;149;149;6;143;15.88;4.03;944;425;425;20;405;45.02;4.71
54031;121401;7;Dom Pomocy Społecznej w Łyszkowicach 32-104 Łyszkowice 64;70;48;48;10;38;68.57;20.83;396;156;156;7;149;39.39;4.49
54032;121401;8;Szkoła Podstawowa w Rzędowicach, Rzędowice 44 32-104 Rzędowice 44;391;48;48;5;43;12.28;10.42;618;303;303;8;295;49.03;2.64
54033;121401;9;Zespół Szkół w Piotrkowicach Małych, Piotrkowice Małe 32-104 Piotrkowice Małe 89;614;112;112;7;105;18.24;6.25;860;436;436;17;419;50.70;3.90
90574;121401;10;Gimnazjum w Posądzy Posądza 94 32-104 Koniusza 32-104 Posądza 94;843;132;132;3;129;15.66;2.27;71;50;50;5;45;70.42;10.00
54034;121402;1;Centrum Oświatowe w Koszycach -budynek Przedszkola 32-130 Koszyce ul. Curie Skłodowskiej 5;1718;263;263;7;256;15.31;2.66;1710;653;653;25;628;38.19;3.83
54035;121402;2;Szkoła Podstawowa w Książnicach Wielkich 32-130 Książnice Wielkie 37;1803;256;256;10;246;14.20;3.91;1772;662;662;24;638;37.36;3.63
54036;121402;3;Centrum Komunikacji Społecznej w Przemykowie 32-130 Przemyków 78;1168;139;139;8;131;11.90;5.76;1164;407;407;8;399;34.97;1.97
54037;121403;1;Miejsko-Gminne Centrum Kultury i Promocji 32-120 Nowe Brzesko ul. Marszałka Józefa Piłsudskiego 17a;1367;344;344;7;337;25.16;2.03;1374;762;762;20;742;55.46;2.62
54038;121403;2;Centrum Społeczno-Kulturalne 32-120 Hebdów 147;603;96;96;2;94;15.92;2.08;620;280;280;10;270;45.16;3.57
54039;121403;3;Zespół Przedszkolno-Szkolno-Gimnazjalny 32-120 Nowe Brzesko ul.Krakowska 29;1204;177;177;7;170;14.70;3.95;1192;504;504;21;483;42.28;4.17
54040;121403;4;Centrum Komunikacji Społecznej 32-120 Śmiłowice 16;848;110;110;2;108;12.97;1.82;856;332;332;15;317;38.79;4.52
54041;121403;5;Środowiskowy Dom Samopomocy 32-120 Gruszów 28;655;113;113;3;110;17.25;2.65;653;293;293;13;280;44.87;4.44
54042;121404;1;Zespół Szkół w Pałecznicy 32-109 Pałecznica ul.Św.Jakuba 43;1012;221;221;6;215;21.84;2.71;997;510;510;23;487;51.15;4.51
54043;121404;2;Zespół Szkół w Ibramowicach 32-109 Ibramowice 42;689;95;95;3;92;13.79;3.16;675;353;353;13;340;52.30;3.68
54044;121404;3;Szkoła Podstawowa w Czuszowie 32-109 Czuszów 74;489;73;73;0;73;14.93;0.00;491;220;220;7;213;44.81;3.18
54045;121404;4;Szkoła Podstawowa w Nadzowie 32-109 Nadzów 101;336;43;43;0;43;12.80;0.00;341;148;148;4;144;43.40;2.70
54046;121404;5;Szkoła 32-109 Winiary 63;369;53;53;0;53;14.36;0.00;375;137;137;5;132;36.53;3.65
54047;121405;1;Zespół Placówek Caritas w Proszowicach 32-100 Proszowice ul. 3 Maja 2;922;230;230;4;226;24.95;1.74;919;498;498;10;488;54.19;2.01
54048;121405;2;Urząd Gminy Miasta Proszowice 32-100 Proszowice ul. 3 Maja 72;1601;348;348;14;334;21.74;4.02;1566;820;820;14;806;52.36;1.71
54049;121405;3;Centrum Kultury i Wypoczynku w Proszowicach 32-100 Proszowice Rynek 18;1323;227;227;10;217;17.16;4.41;1296;612;612;15;597;47.22;2.45
54050;121405;4;Gimnazjum w Proszowicach 32-100 Proszowice ul. Mikołaja Kopernika 7;1205;292;292;7;285;24.23;2.40;1199;626;626;17;609;52.21;2.72
54051;121405;5;Zespół Szkół w Klimontowie 32-112 Klimontów 180;1129;203;203;6;197;17.98;2.96;1136;481;481;14;467;42.34;2.91
54052;121405;6;Remiza OSP w Kościelcu 32-100 Kościelec 130;928;168;168;5;163;18.10;2.98;938;415;415;5;410;44.24;1.20
54053;121405;7;Szkoła Podstawowa w Ostrowie 32-112 Ostrów 1;1090;148;148;10;138;13.58;6.76;1077;416;416;8;408;38.63;1.92
54054;121405;8;Budynek Wiejski w Bobinie 32-100 Bobin 26;813;148;148;4;144;18.20;2.70;810;371;371;13;358;45.80;3.50
54055;121405;9;Zespół Szkół w Żębocinie 32-100 Żębocin 65;1176;127;127;4;123;10.80;3.15;1161;403;403;9;394;34.71;2.23
54056;121405;10;Szkoła Podstawowa w Stogniowicach 32-100 Stogniowice 25;883;118;118;5;113;13.36;4.24;894;388;388;23;365;43.40;5.93
54057;121405;11;Szkoła Podstawowa w Szczytnikach 32-112 Szczytniki 91a;686;141;141;6;135;20.55;4.26;690;278;278;8;270;40.29;2.88
54058;121405;12;Remiza OSP w Opatkowicach 32-100 Opatkowice 37;715;173;173;3;170;24.20;1.73;727;356;356;8;348;48.97;2.25
54059;121405;13;Szkoła Podstawowa nr 1 w Proszowicach 32-100 Proszowice ul. Tadeusza Kościuszki 15;804;122;122;4;118;15.17;3.28;826;337;337;11;326;40.80;3.26
90575;121405;14;Samodzielny Publiczny Zespół Opieki Zdrowotnej w Proszowicach 32-100 Proszowice ul. Mikołaja Kopernika 13;101;24;24;1;23;23.76;4.17;115;32;32;2;30;27.83;6.25
54060;121406;1;Świetlica Urzędu Gminy w Radziemicach 32-107 Radziemice 74;1121;150;150;10;140;13.38;6.67;1106;465;465;18;447;42.04;3.87
54061;121406;2;Szkoła Podstawowa w Łętkowicach 32-107 Łętkowice 113;789;111;111;6;105;14.07;5.41;796;341;341;12;329;42.84;3.52
54062;121406;3;Szkoła Podstawowa w Zielenicach 32-107 Zielenice 1;490;94;94;6;88;19.18;6.38;486;213;213;15;198;43.83;7.04
54063;121406;4;Środowiskowy Dom Samopomocy we Wrocimowicach 32-107 Wrocimowice 4;378;75;75;9;66;19.84;12.00;381;162;162;10;152;42.52;6.17
54064;121501;1;Szkoła Podstawowa 34-240 Jordanów ul. Kolejowa 7;1500;438;438;25;413;29.20;5.71;1543;869;869;25;844;56.32;2.88
54065;121501;2;Szkoła Podstawowa 34-240 Jordanów ul. Kolejowa 7;1416;322;322;11;311;22.74;3.42;1331;695;695;25;670;52.22;3.60
54066;121501;3;Gimnazjum 34-240 Jordanów ul. Konopnickiej 2;1316;346;346;14;332;26.29;4.05;1303;703;703;21;682;53.95;2.99
54067;121502;1;Szkoła Podstawowa Nr 2 34-200 Sucha Beskidzka ul. Zasypnicka 1;2067;530;530;16;514;25.64;3.02;2050;1151;1151;47;1104;56.15;4.08
54068;121502;2;Zespół Szkół im. W. Witosa 34-200 Sucha Beskidzka ul. Spółdzielców 1;880;267;267;12;255;30.34;4.49;868;498;498;12;486;57.37;2.41
54069;121502;3;Zespół Szkół Ogólnokształcących 34-200 Sucha Beskidzka ul. Płk. Semika 1;1066;261;261;10;251;24.48;3.83;1015;578;578;17;561;56.95;2.94
54070;121502;4;Urząd Miejski 34-200 Sucha Beskidzka ul. Mickiewicza 19;924;226;226;7;219;24.46;3.10;932;492;492;13;479;52.79;2.64
54071;121502;5;Zespół Szkół im. W. Goetla 34-200 Sucha Beskidzka ul. Kościelna 5;1649;410;410;12;398;24.86;2.93;1631;891;891;30;861;54.63;3.37
54072;121502;6;Filia Szkoły Podstawowej Nr 2 34-200 Sucha Beskidzka ul. Błądzonka 73;1060;306;306;13;293;28.87;4.25;1046;609;609;27;582;58.22;4.43
90576;121502;7;Szpital Rejonowy 34-200 Sucha Beskidzka ul. Szpitalna 22;234;21;21;2;19;8.97;9.52;169;70;70;3;67;41.42;4.29
54073;121503;1;Dom Wiejski 34-212 Bieńkówka 523;1656;343;343;11;332;20.71;3.21;1669;747;747;24;723;44.76;3.21
54074;121503;2;Gimnazjum 34-211 Budzów 553;2080;297;297;21;276;14.28;7.07;2094;904;904;43;861;43.17;4.76
54075;121503;3;Gminny Ośrodek Kultury 34-211 Jachówka 232;801;242;242;7;235;30.21;2.89;801;429;429;12;417;53.56;2.80
54076;121503;4;Szkoła Podstawowa 34-211 Baczyn 100;683;115;115;8;107;16.84;6.96;704;352;352;24;328;50.00;6.82
54077;121503;5;Szkoła Podstawowa 34-211 Palcza 195;949;103;103;6;97;10.85;5.83;977;416;416;16;400;42.58;3.85
54078;121503;6;Szkoła Podstawowa 34-211 Zachełmna 112;414;67;67;5;62;16.18;7.46;418;171;171;9;162;40.91;5.26
54079;121504;1;Remiza OSP (sala OSP) 34-235 Bystra 373;1386;254;254;21;233;18.33;8.27;1421;688;688;29;659;48.42;4.22
54080;121504;2;Remiza OSP (sala OSP) 34-235 Bystra 373;1064;166;166;14;152;15.60;8.43;1050;416;416;23;393;39.62;5.53
54081;121504;3;Remiza OSP (sala OSP) 34-236 Sidzina 998;1370;266;266;14;252;19.42;5.26;1377;654;654;31;623;47.49;4.74
54082;121504;4;Remiza OSP (sala Lasów Ekwiwalentowych) 34-236 Sidzina 998;1291;331;331;13;318;25.64;3.93;1320;656;656;28;628;49.70;4.27
54083;121505;1;Zespół Szkół 34-242 Łętownia 286;2082;496;496;20;476;23.82;4.03;2083;1126;1126;35;1091;54.06;3.11
54084;121505;2;Zespół Szkół 34-240 Naprawa 378;1559;332;332;15;317;21.30;4.52;1564;775;775;26;749;49.55;3.35
54085;121505;3;Zespół Szkół 34-234 Osielec 440;1143;229;229;9;220;20.03;3.93;1167;640;640;27;613;54.84;4.22
54086;121505;4;Zespół Szkół 34-234 Osielec 440;1264;293;293;8;285;23.18;2.73;1208;622;622;21;601;51.49;3.38
54087;121505;5;Gminny Ośrodek Kultury 34-240 Toporzysko 250;1647;348;348;9;339;21.13;2.59;1662;714;714;28;686;42.96;3.92
54088;121505;6;Zespół Szkół 34-240 Wysoka 42;649;140;140;7;133;21.57;5.00;654;342;342;9;333;52.29;2.63
90577;121505;7;Dom Pomocy Społecznej 34-242 Łętownia 353;45;30;30;1;29;66.67;3.33;46;35;35;3;32;76.09;8.57
54089;121506;1;Szkoła Podstawowa Przyjaciół Szkół Katolickich 34-220 Maków Podhalański ul. Szkolna 3;1016;222;222;11;211;21.85;4.95;1016;570;570;20;550;56.10;3.51
54090;121506;2;Zespół Szkół 34-220 Maków Podhalański ul. Wolności 53;1937;528;528;17;511;27.26;3.22;1903;1056;1056;13;1043;55.49;1.23
54091;121506;3;Dom Kultury 34-220 Maków Podhalański ul. Kościuszki 3;1842;449;449;26;423;24.38;5.79;1810;942;942;27;915;52.04;2.87
54092;121506;4;Zespół Szkół 34-220 Białka 334;2038;341;341;4;337;16.73;1.17;2041;1055;1055;28;1027;51.69;2.65
54093;121506;5;Zespół Szkół 34-220 Grzechynia 314;1867;365;365;13;352;19.55;3.56;1862;943;943;36;907;50.64;3.82
54094;121506;6;Zespół Szkół 34-231 Juszczyn 268;1954;411;411;12;399;21.03;2.92;1970;1036;1036;37;999;52.59;3.57
54095;121506;7;Szkoła Podstawowa im. Fryderyka Chopina 34-231 Kojszówka 154;544;170;170;8;162;31.25;4.71;538;320;320;13;307;59.48;4.06
54096;121506;8;Szkoła Podstawowa im. Mieczysława Karłowicza 34-231 Wieprzec 100;554;137;137;11;126;24.73;8.03;546;292;292;13;279;53.48;4.45
54097;121506;9;Dom Ludowy 34-220 Żarnówka 366;1013;269;269;15;254;26.55;5.58;1005;591;591;13;578;58.81;2.20
90578;121506;10;Zakład Długoterminowej Opieki Medycznej 34-220 Maków Podhalański ul. Mickiewicza 7;151;22;22;2;20;14.57;9.09;146;45;45;3;42;30.82;6.67
90579;121506;11;Szpital 34-220 Maków Podhalański Al. Kasztanowa 17;97;12;12;1;11;12.37;8.33;94;22;22;4;18;23.40;18.18
90580;121506;12;Dom Pomocy Społecznej 34-220 Maków Podhalański ul. Żeromskiego 17;48;25;25;4;21;52.08;16.00;50;30;30;0;30;60.00;0.00
54098;121507;1;Zespół Szkół Samorządowych 34-206 Krzeszów 216;1337;249;249;15;234;18.62;6.02;1325;665;665;37;628;50.19;5.56
54099;121507;2;Szkoła Podstawowa 34-206 Kuków 52;689;207;207;12;195;30.04;5.80;699;380;380;12;368;54.36;3.16
54100;121507;3;Warsztat Terapii Zajęciowej 34-206 Kuków 157;600;176;176;3;173;29.33;1.70;586;300;300;14;286;51.19;4.67
54101;121507;4;Szkoła Podstawowa Nr 2 34-205 Stryszawa 278B;2059;403;403;14;389;19.57;3.47;2086;1112;1112;30;1082;53.31;2.70
54102;121507;5;Gimnazjum Nr 1 34-205 Stryszawa 400A;2185;575;575;44;531;26.32;7.65;2189;1266;1266;36;1230;57.83;2.84
54103;121507;6;Gimnazjum Nr 2 34-232 Lachowice 232B;1672;354;354;18;336;21.17;5.08;1687;896;896;40;856;53.11;4.46
54104;121507;7;Szkoła Podstawowa 34-233 Kurów 101A;477;82;82;4;78;17.19;4.88;485;232;232;3;229;47.84;1.29
54105;121507;8;Szkoła Podstawowa 34-233 Pewelka 63;502;102;102;4;98;20.32;3.92;499;247;247;7;240;49.50;2.83
54106;121508;1;Zespół Szkół 34-221 Skawica 278;1679;265;265;10;255;15.78;3.77;1674;791;792;17;774;47.25;2.15
54107;121508;2;Remiza Ochotniczej Straży Pożarnej w Skawicy Sucha Góra 34-221 Skawica 671;344;33;33;0;33;9.59;0.00;351;134;134;16;118;38.18;11.94
54108;121508;3;Szkoła Podstawowa Nr 4 w Zawoi Przysłop 34-222 Zawoja 886;247;36;36;3;33;14.57;8.33;262;144;144;10;134;54.96;6.94
54109;121508;4;Remiza Ochotniczej Straży Pożarnej w Zawoi Dolnej 34-222 Zawoja;964;237;237;10;227;24.59;4.22;959;512;512;19;493;53.39;3.71
54110;121508;5;Zespół Szkół w Zawoi Centrum 34-222 Zawoja 1551;1678;352;352;52;300;20.98;14.77;1671;844;844;49;795;50.51;5.81
54111;121508;6;Remiza Ochotniczej Straży Pożarnej 34-222 Zawoja;452;83;83;2;81;18.36;2.41;447;239;239;9;230;53.47;3.77
54112;121508;7;Zespół Szkolno Przedszkolny Zawoja Mosorne 34-222 Zawoja 900;700;130;130;2;128;18.57;1.54;706;337;337;9;328;47.73;2.67
54113;121508;8;Zespół Szkół w Zawoi Wilczna Szkoła Podstawowa Nr 2 34-222 Zawoja 1570;1106;207;207;2;205;18.72;0.97;1129;552;552;13;539;48.89;2.36
54114;121509;1;Szkoła Podstawowa 34-210 Marcówka 120;542;109;109;3;106;20.11;2.75;534;270;270;29;241;50.56;10.74
54115;121509;2;Zespół Szkół 34-210 Zembrzyce 490;1790;451;451;18;433;25.20;3.99;1796;938;938;45;893;52.23;4.80
54116;121509;3;Remiza OSP 34-210 Tarnawa Dolna 190;1190;254;254;31;223;21.34;12.20;1175;599;599;23;576;50.98;3.84
54117;121509;4;Szkoła Podstawowa 34-210 Śleszowice 166a;675;134;134;9;125;19.85;6.72;687;397;397;24;373;57.79;6.05
54118;121509;5;Klub Rolnika 34-210 Tarnawa Górna 50;285;47;47;1;46;16.49;2.13;289;141;141;8;133;48.79;5.67
54119;121601;1;Centrum Kultury i Promocji Gminy Ciężkowice, Ciężkowice 33-190 Ciężkowice Rynek 1;2169;377;377;22;355;17.38;5.84;2164;1018;1018;39;979;47.04;3.83
54120;121601;2;Dom Ludowy w Bruśniku 33-192 Bruśnik 42A;1608;260;260;11;249;16.17;4.23;1619;700;700;40;660;43.24;5.71
54121;121601;3;Urząd Gminy Ciężkowice, Ciężkowice 33-190 Ciężkowice ul.Tysiąclecia 19;1995;531;531;15;516;26.62;2.82;1988;1086;1086;37;1049;54.63;3.41
54122;121601;4;Zespół Szkół Publicznych w Jastrzębi 33-191 Jastrzębia 1;1799;285;285;4;281;15.84;1.40;1818;876;876;41;835;48.18;4.68
54123;121601;5;Zespół Szkół Publicznych w Zborowicach 33-190 Zborowice 5A;1325;193;193;9;184;14.57;4.66;1349;579;579;33;546;42.92;5.70
54124;121602;1;Dom Ludowy 33-182 Brzozowa 71;770;143;143;5;138;18.57;3.50;774;325;325;19;306;41.99;5.85
54125;121602;2;Zespół Szkół 33-180 Chojnik 287;1007;182;182;7;175;18.07;3.85;1016;515;515;10;505;50.69;1.94
54126;121602;3;Szkoła Podstawowa 33-180 Golanka 47;324;92;92;3;89;28.40;3.26;322;183;183;8;175;56.83;4.37
54127;121602;4;Dom Ludowy 33-180 Gromnik ul. Jana Pawła II 11;1243;329;329;16;313;26.47;4.86;1255;704;704;29;675;56.10;4.12
54128;121602;5;Dom Ludowy 33-180 Gromnik ul. Jana Pawła II 11;1409;315;315;14;301;22.36;4.44;1434;738;738;33;705;51.46;4.47
54129;121602;6;Dom Ludowy 33-180 Rzepiennik Marciszewski 144;544;84;84;9;75;15.44;10.71;552;235;235;14;221;42.57;5.96
54130;121602;7;Dom Ludowy 33-181 Siemiechów 282;1474;210;210;6;204;14.25;2.86;1472;665;665;24;641;45.18;3.61
54131;121603;1;Przedszkole 33-140 Lisia Góra ul. Jaracza 1;1655;355;355;11;344;21.45;3.10;1665;876;876;29;847;52.61;3.31
54132;121603;2;Szkoła Podstawowa 33-103 Pawęzów 66;693;175;175;5;170;25.25;2.86;701;395;395;9;386;56.35;2.28
54133;121603;3;Zespół Gimnazjum Szkoły Podstawowej i Gminnego Przedszkola 33-151 Nowa Jastrząbka 156;921;232;232;11;221;25.19;4.74;943;480;480;17;463;50.90;3.54
54134;121603;4;Zespół Gimnazjum i Szkoły Podstawowej 33-140 Zaczarnie 25;1492;278;278;19;259;18.63;6.83;1505;694;694;28;666;46.11;4.03
54135;121603;5;Dom Strażaka 33-151 Nowe Żukowice 48a;749;183;183;4;179;24.43;2.19;747;384;384;15;369;51.41;3.91
54136;121603;6;Zespół Gimnazjum i Szkoły Podstawowej 33-151 Stare Żukowice 132a;1415;265;265;6;259;18.73;2.26;1420;742;742;23;719;52.25;3.10
54137;121603;7;Szkoła Podstawowa 33-140 Łukowa 86a;924;235;235;11;224;25.43;4.68;924;516;516;32;484;55.84;6.20
54138;121603;8;Szkoła Podstawowa 33-140 Breń 25;581;160;160;3;157;27.54;1.88;591;324;324;8;316;54.82;2.47
54139;121603;9;Szkoła Podstawowa 33-140 Brzozówka ul. Tarnowska 36;946;236;236;5;231;24.95;2.12;968;537;537;12;525;55.48;2.23
54140;121603;10;Szkoła Podstawowa 33-140 Kobierzyn 61a;452;78;78;1;77;17.26;1.28;456;224;224;9;215;49.12;4.02
54141;121603;11;Gminny Ośrodek Kultury 33-140 Śmigno 30;669;139;139;2;137;20.78;1.44;675;303;303;6;297;44.89;1.98
54142;121603;12;Przedszkole 33-140 Lisia Góra ul. Jaracza 1;828;193;193;5;188;23.31;2.59;830;476;476;11;465;57.35;2.31
54143;121604;1;Budynek Szkoły Podstawowej w Dąbrówce Szczepanowskiej 33-115 Dąbrówka Szczepanowska 184;423;34;34;0;34;8.04;0.00;426;178;178;13;165;41.78;7.30
54144;121604;2;Filia Centrum Kultury Sportu i Promocji Gminy Pleśna w Janowicach 33-115 Janowice 128A;947;184;184;21;163;19.43;11.41;943;413;413;25;388;43.80;6.05
54145;121604;3;Szkoła Podstawowa w Lichwinie 33-172 Lichwin 182A;907;198;198;17;181;21.83;8.59;923;438;438;20;418;47.45;4.57
54146;121604;4;Szkoła Podstawowa w Lubince 33-115 Lubinka 12A;284;56;56;6;50;19.72;10.71;301;132;132;6;126;43.85;4.55
54147;121604;5;Centrum Kultury, Sportu i Promocji Gminy Pleśna 33-171 Pleśna 240;914;237;237;13;224;25.93;5.49;915;498;498;35;463;54.43;7.03
54148;121604;6;Szkoła Podstawowa w Pleśnej 33-171 Pleśna 228;1291;341;341;16;325;26.41;4.69;1075;584;584;17;567;54.33;2.91
54149;121604;7;Gimnazjum w Pleśnej 33-171 Pleśna 228A;673;130;130;6;124;19.32;4.62;894;478;478;9;469;53.47;1.88
54150;121604;8;Zespół Szkolno Przedszkolny w Rzuchowej 33-114 Rzuchowa 278;1376;337;337;15;322;24.49;4.45;1396;822;822;16;806;58.88;1.95
54151;121604;9;Szkoła Podstawowa w Rychwałdzie 33-171 Rychwałd 120;522;114;114;7;107;21.84;6.14;517;243;243;18;225;47.00;7.41
54152;121604;10;Szkoła Podstawowa w Szczepanowicach 33-114 Szczepanowice 107;1199;217;217;7;210;18.10;3.23;1214;594;594;27;567;48.93;4.55
54153;121604;11;Szkoła Podstawowa w Świebodzinie 33-114 Świebodzin 129;792;189;189;4;185;23.86;2.12;788;385;385;6;379;48.86;1.56
54154;121605;1;Remiza Ochotniczej Straży Pożarnej w Radłowie 33-130 Radłów ul. Plac Kościuszki 5;2259;399;399;21;378;17.66;5.26;2252;1073;1073;55;1018;47.65;5.13
54155;121605;2;Zespół Szkoły Podstawowej i Przedszkola w Niwce Niepubliczna Szkoła Podstawowa w Niwce 33-130 Niwka 25;695;128;128;5;123;18.42;3.91;720;378;378;16;362;52.50;4.23
54156;121605;3;Wiejski Dom Kultury 33-130 Biskupice Radłowskie ul. Bohaterów Września 14a;869;154;154;5;149;17.72;3.25;867;356;356;17;339;41.06;4.78
54157;121605;4;Zespół Szkół w Radłowie 33-130 Radłów ul. Szkolna 1;796;130;130;6;124;16.33;4.62;809;379;379;13;366;46.85;3.43
54158;121605;5;Dom Ludowy 33-273 Marcinkowice 92;986;180;180;4;176;18.26;2.22;976;449;449;22;427;46.00;4.90
54159;121605;6;Zespół Szkół w Zabawie 33-133 Zabawa 6;1282;225;225;10;215;17.55;4.44;1268;634;634;36;598;50.00;5.68
54160;121605;7;Zespół Szkolno-Przedszkolny w Woli Radłowskiej 33-133 Wola Radłowska 67;1015;138;138;4;134;13.60;2.90;1012;432;432;15;417;42.69;3.47
54161;121606;1;Publiczne Gimnazjum nr 1 w Ryglicach 33-160 Ryglice ul. Tarnowska 25;1164;240;240;18;222;20.62;7.50;1186;560;560;23;537;47.22;4.11
54162;121606;2;Dom Kultury w Ryglicach 33-160 Ryglice ul.Ks.Jakuba Wyrwy 2;1091;199;199;13;186;18.24;6.53;1095;487;487;25;462;44.47;5.13
54163;121606;3;Szkoła Podstawowa w Bistuszowej 33-160 Bistuszowa 82;749;108;108;1;107;14.42;0.93;752;311;311;11;300;41.36;3.54
54164;121606;4;Remiza Ochotniczej Straży Pożarnej w Joninach 33-160 Joniny 213;663;83;83;1;82;12.52;1.20;655;279;279;17;262;42.60;6.09
54165;121606;5;Remiza Ochotniczej Straży Pożarnej w Kowalowej 33-161 Kowalowa 196;789;94;94;1;93;11.91;1.06;784;310;310;12;298;39.54;3.87
54166;121606;6;Remiza Ochotniczej Straży Pożarnej w Woli Lubeckiej 33-162 Wola Lubecka 18;665;147;147;4;143;22.11;2.72;674;304;304;14;290;45.10;4.61
54167;121606;7;Zespół Szkolno-Przedszkolny w Zalasowej 33-159 Zalasowa ul.Karpacka 21;1211;288;288;10;278;23.78;3.47;1219;638;638;28;610;52.34;4.39
54168;121606;8;Pałac pod Dębami w Zalasowej 33-159 Zalasowa ul.Kościelna 5;1262;314;314;16;298;24.88;5.10;1294;644;644;28;616;49.77;4.35
54169;121606;9;Zespół Szkół w Lubczy 33-162 Lubcza 51;1513;305;305;19;286;20.16;6.23;1527;669;669;22;647;43.81;3.29
54170;121607;1;Remiza Ochotniczej Straży Pożarnej w Olszynach 33-164 Olszyny 552;1736;555;555;28;527;31.97;5.05;1711;999;999;25;974;58.39;2.50
54171;121607;2;Szkoła Podstawowa w Rzepienniku Biskupim 33-163 Rzepiennik Biskupi 292;962;190;190;6;184;19.75;3.16;961;433;433;7;426;45.06;1.62
54172;121607;3;Remiza Ochotniczej Straży Pożarnej w Rzepienniku Strzyżewskim 33-163 Rzepiennik Strzyżewski 404;1005;166;166;11;155;16.52;6.63;1002;480;480;18;462;47.90;3.75
54173;121607;4;Gminny Ośrodek Kultury w Rzepienniku Suchym 33-163 Rzepiennik Suchy 200;522;102;102;6;96;19.54;5.88;508;273;273;16;257;53.74;5.86
54174;121607;5;Dom Ludowy w Turzy 33-167 Turza 1;937;200;200;6;194;21.34;3.00;945;493;493;13;480;52.17;2.64
54175;121607;6;Remiza Ochotniczej Straży Pożarnej w Kołkówce 33-163 Kołkówka 59;201;48;48;3;45;23.88;6.25;208;94;94;5;89;45.19;5.32
54176;121608;1;Zespół Szkoły Podstawowej Nr 1 i Gimnazjum w Skrzyszowie 33-156 Skrzyszów 629A;1526;327;327;18;309;21.43;5.50;1515;729;729;33;696;48.12;4.53
54177;121608;2;Zespół Szkoły Podstawowej Nr 1 i Gimnazjum w Skrzyszowie 33-156 Skrzyszów 629A;1491;413;413;15;398;27.70;3.63;1463;806;806;22;784;55.09;2.73
54178;121608;3;Szkoła Podstawowa w Ładnej 33-156 Ładna 98B;1294;365;365;11;354;28.21;3.01;1300;755;755;29;726;58.08;3.84
54179;121608;4;Przedszkole Publiczne w Łękawicy 33-157 Łękawica 281A;1003;215;215;12;203;21.44;5.58;1001;530;530;21;509;52.95;3.96
54180;121608;5;Przedszkole Publiczne w Łękawicy 33-157 Łękawica 281A;764;174;174;7;167;22.77;4.02;756;368;368;17;351;48.68;4.62
54181;121608;6;Zespół Szkoły Podstawowej i Gimnazjum w Pogórskiej Woli 33-152 Pogórska Wola 77A;1240;262;262;2;260;21.13;0.76;1250;643;643;20;623;51.44;3.11
54182;121608;7;Zespół Szkoły Podstawowej i Gimnazjum w Pogórskiej Woli 33-152 Pogórska Wola 77A;1142;198;198;9;189;17.34;4.55;1149;537;537;19;518;46.74;3.54
54183;121608;8;Zespół Szkoły Podstawowej Nr 1 i Gimnazjum w Szynwałdzie 33-158 Szynwałd 11;1229;270;270;4;266;21.97;1.48;1239;677;677;13;664;54.64;1.92
54184;121608;9;Zespół Szkoły Podstawowej Nr 1 i Gimnazjum w Szynwałdzie 33-158 Szynwałd 11;1209;259;259;13;246;21.42;5.02;1235;616;616;18;598;49.88;2.92
54185;121609;1;Szkoła Podstawowa w Błoniu 33-113 Błonie 20;611;161;161;7;154;26.35;4.35;627;385;385;11;374;61.40;2.86
54186;121609;2;Remiza OSP w Białej 33-102 Biała 25;402;106;106;9;97;26.37;8.49;398;204;204;14;190;51.26;6.86
54187;121609;3;Niepubliczna Szkoła Podstawowa w Koszycach Małych 33-111 Koszyce Małe Oświatowa 1;1064;273;275;11;262;25.66;4.03;1071;603;603;16;587;56.30;2.65
54188;121609;4;Zespół Szkół Publicznych w Koszycach Wielkich 33-111 Koszyce Wielkie Szkolna 22;1040;274;274;11;263;26.35;4.01;1051;604;604;18;586;57.47;2.98
54189;121609;5;Zespół Szkół Publicznych w Koszycach Wielkich 33-111 Koszyce Wielkie Szkolna 22;1129;284;284;7;277;25.16;2.46;1167;647;647;21;626;55.44;3.25
54190;121609;6;Szkoła Podstawowa w Jodłówce-Wałkach 33-150 Jodłówka-Wałki 54;930;194;194;3;191;20.86;1.55;955;502;502;22;480;52.57;4.38
54191;121609;7;Szkoła Podstawowa w Łękawce 33-112 Łękawka 133A;556;111;111;7;104;19.96;6.31;555;276;276;9;267;49.73;3.26
54192;121609;8;Szkoła Podstawowa w Porębie Radlnej 33-112 Poręba Radlna 119A;603;157;157;4;153;26.04;2.55;605;330;330;15;315;54.55;4.55
54193;121609;9;Dom Wielofunkcyjny w Radlnej 33-112 Radlna 66;543;158;158;6;152;29.10;3.80;556;313;313;4;309;56.29;1.28
54194;121609;10;Przedszkole Niepubliczne w Tarnowcu 33-112 Tarnowiec Tarnowska 79;1060;265;265;6;259;25.00;2.26;1053;627;627;12;615;59.54;1.91
54195;121609;11;Zespół Szkół Publicznych w Tarnowcu 33-112 Tarnowiec Tarnowska 60;766;168;168;5;163;21.93;2.98;768;395;395;5;390;51.43;1.27
54196;121609;12;Szkoła Podstawowa Nr 1 w Woli Rzędzińskiej 33-150 Wola Rzędzińska 435;928;253;253;10;243;27.26;3.95;918;492;492;8;484;53.59;1.63
54197;121609;13;Szkoła Podstawowa Nr 1 w Woli Rzędzińskiej 33-150 Wola Rzędzińska 435;1290;361;361;16;345;27.98;4.43;1262;708;708;26;682;56.10;3.67
54198;121609;14;Szkoła Podstawowa Nr 1 w Woli Rzędzińskiej 33-150 Wola Rzędzińska 435;1042;264;264;10;254;25.34;3.79;1044;542;542;8;534;51.92;1.48
54199;121609;15;Zespół Szkół Publicznych w Woli Rzędzińskiej 33-150 Wola Rzędzińska 253A;491;141;141;6;135;28.72;4.26;490;263;263;4;259;53.67;1.52
54200;121609;16;Zespół Szkół Publicznych w Woli Rzędzińskiej 33-150 Wola Rzędzińska 253A;956;246;246;3;243;25.73;1.22;959;541;541;23;518;56.41;4.25
54201;121609;17;Szkoła Podstawowa w Zawadzie 33-112 Zawada 87A;847;341;341;9;332;40.26;2.64;843;532;532;9;523;63.11;1.69
54202;121609;18;Zespół Szkół Publicznych w Zbylitowskiej Górze 33-113 Zbylitowska Góra Św. Floriana 1;1048;296;296;16;280;28.24;5.41;1063;647;647;14;633;60.87;2.16
54203;121609;19;Zespół Szkół Publicznych w Zbylitowskiej Górze 33-113 Zbylitowska Góra Św. Floriana 1;1061;304;304;8;296;28.65;2.63;1056;629;629;10;619;59.56;1.59
54204;121609;20;Szkoła Podstawowa w Zgłobicach 33-113 Zgłobice Zgłobicka 4;1275;382;384;12;370;29.96;3.14;1277;735;736;13;722;57.56;1.77
54205;121609;21;Szkoła Podstawowa w Zgłobicach 33-113 Zgłobice Zgłobicka 4;968;269;269;6;263;27.79;2.23;978;547;547;15;532;55.93;2.74
54206;121609;22;Niepubliczna Szkoła Podstawowa w Koszycach Małych 33-111 Koszyce Małe ul. Oswiatowa 1;445;125;126;6;119;28.09;4.80;442;256;256;3;253;57.92;1.17
54207;121609;23;Dom Ludowy w Nowodworzu 33-112 Nowodworze 70A;541;140;140;10;130;25.88;7.14;557;348;348;10;338;62.48;2.87
90581;121609;24;Dom Pomocy Społecznej w Nowodworzu 33-112 Nowodworze 64;38;35;35;8;27;92.11;22.86;63;59;59;6;53;93.65;10.17
54208;121610;1;Publiczna Szkoła Podstawowa 33-170 Buchcice 41;537;93;93;11;82;17.32;11.83;530;249;249;17;232;46.98;6.83
54209;121610;2;Zespół Szkół 33-170 Burzyn 1;1021;199;199;12;187;19.49;6.03;1034;530;530;20;510;51.26;3.77
54210;121610;3;Szkoła Podstawowa 33-170 Dąbrówka Tuchowska 145A;646;188;188;8;180;29.10;4.26;650;357;357;4;353;54.92;1.12
54211;121610;4;Zespół Szkół 33-173 Jodłówka Tuchowska 275;1081;262;262;17;245;24.24;6.49;1080;537;537;19;518;49.72;3.54
54212;121610;5;Zespół Szkół 33-170 Karwodrza 139A;673;131;131;7;124;19.47;5.34;669;329;329;16;313;49.18;4.86
54213;121610;6;Remiza OSP 33-172 Lubaszowa 7;631;174;174;10;164;27.58;5.75;710;361;361;13;348;50.85;3.60
54214;121610;7;Szkoła Podstawowa 33-170 Piotrkowice 7;759;128;128;14;114;16.86;10.94;758;329;329;14;315;43.40;4.26
54215;121610;8;Zespół Szkół 33-172 Siedliska 232;1814;517;517;19;498;28.50;3.68;1761;962;962;35;927;54.63;3.64
54216;121610;9;Niepubliczna Szkoła Podstawowa 33-170 Trzemesna 100;336;46;46;3;43;13.69;6.52;343;126;126;7;119;36.73;5.56
54217;121610;10;Szkoła Podstawowa 33-170 Zabłędza 38A;647;134;134;6;128;20.71;4.48;649;300;300;10;290;46.22;3.33
54218;121610;11;Publiczna Szkoła Podstawowa 33-170 Meszna Opacka 110;418;83;83;5;78;19.86;6.02;415;173;173;12;161;41.69;6.94
54219;121610;12;Szkoła Podstawowa 33-170 Łowczów 96;369;63;63;4;59;17.07;6.35;365;168;168;8;160;46.03;4.76
54220;121610;13;Klasztor oo. Redemptorystów, Sala Betania 33-170 Tuchów ul. Wysoka 1;1903;617;617;18;599;32.42;2.92;1892;1080;1080;24;1056;57.08;2.22
54221;121610;14;Dom Kultury w Tuchowie (wejście od strony wschodniej) 33-170 Tuchów ul. Chopina 10;1179;407;407;8;399;34.52;1.97;1204;729;729;13;716;60.55;1.78
54222;121610;15;Dom Kultury w Tuchowie (wejście od strony północnej) 33-170 Tuchów ul. Chopina 10;2154;634;634;24;610;29.43;3.79;2136;1193;1193;24;1169;55.85;2.01
90582;121610;16;Centrum Zdrowia Tuchów Sp. z o.o 33-170 Tuchów ul. Szpitalna 1;42;6;6;0;6;14.29;0.00;25;9;9;1;8;36.00;11.11
54223;121611;1;Dom Ludowy 33-122 Bobrowniki Małe 223;697;188;188;11;177;26.97;5.85;694;387;387;12;375;55.76;3.10
54224;121611;2;Szkoła Podstawowa - Filia im. Św. Jadwigi Królowej Polski 33-121 Bogumiłowice 275;987;276;276;17;259;27.96;6.16;982;584;584;15;569;59.47;2.57
54225;121611;3;Szkoła Podstawowa im. Ks. Jana Twardowskiego 33-122 Ostrów 139;1148;325;325;11;314;28.31;3.38;1147;666;666;31;635;58.06;4.65
54226;121611;4;Szkoła Podstawowa im. Wincentego Witosa 33-122 Rudka 163;1030;237;237;12;225;23.01;5.06;1045;560;560;30;530;53.59;5.36
54227;121611;5;Szkoła Podstawowa im. Tadeusza Kościuszki 33-121 Łętowice 371;1279;321;321;13;308;25.10;4.05;1269;629;629;24;605;49.57;3.82
54228;121611;6;Szkoła Podstawowa im. Mikołaja Kopernika 33-121 Mikołajowice 168;766;211;211;9;202;27.55;4.27;762;455;455;16;439;59.71;3.52
54229;121611;7;Szkoła Podstawowa im. 100 - lecia Ruchu Ludowego 33-122 Wierzchosławice 713;1318;313;313;13;300;23.75;4.15;1317;706;706;26;680;53.61;3.68
54230;121611;8;Szkoła Podstawowa im. 100 - lecia Ruchu Ludowego 33-122 Wierzchosławice 713;1315;278;278;11;267;21.14;3.96;1333;685;685;21;664;51.39;3.07
54231;121612;1;Dom Ludowy w Jadownikach Mokrych 33-270 Jadowniki Mokre 339;778;157;157;7;150;20.18;4.46;781;339;339;15;324;43.41;4.42
54232;121612;2;Szkoła Podstawowa w Demblinie 33-270 Demblin 119;396;91;91;11;80;22.98;12.09;399;179;179;14;165;44.86;7.82
54233;121612;3;Dom Ludowy w Wietrzychowicach 33-270 Wietrzychowice 19;1674;305;305;29;276;18.22;9.51;1641;680;680;42;638;41.44;6.18
54234;121612;4;Dom Ludowy w Woli Rogowskiej 33-270 Wola Rogowska 160;380;105;105;2;103;27.63;1.90;375;185;185;4;181;49.33;2.16
90583;121612;5;Dom Pomocy Społecznej w Wietrzychowicach 33-270 Wietrzychowice 9;61;27;27;8;19;44.26;29.63;72;37;37;7;30;51.39;18.92
54235;121613;1;Zespół Szkół Licealnych i Technicznych 32-830 Wojnicz ul. Jagiellońska 17;1369;353;353;16;337;25.79;4.53;1350;796;796;15;781;58.96;1.88
54236;121613;2;Publiczne Gimnazjum 32-830 Wojnicz ul. Szkolna 10;830;237;237;7;230;28.55;2.95;817;440;440;5;435;53.86;1.14
54237;121613;3;Szkoła Podstawowa 32-830 Wojnicz ul. Rynek 30;885;200;200;9;191;22.60;4.50;897;497;497;21;476;55.41;4.23
54238;121613;4;Szkoła Podstawowa 32-830 Wojnicz ul. Rynek 30;1501;350;350;14;336;23.32;4.00;1518;783;783;21;762;51.58;2.68
54239;121613;5;Remiza OSP 32-830 Więckowice 2;680;173;173;7;166;25.44;4.05;705;377;377;14;363;53.48;3.71
54240;121613;6;Zespół Szkoły Podstawowej i Gimnazjum 32-828 Biadoliny Radłowskie 135;963;215;215;7;208;22.33;3.26;955;446;446;21;425;46.70;4.71
54241;121613;7;Zespół Szkoły Podstawowej i Gimnazjum 32-830 Grabno 285;1003;178;178;10;168;17.75;5.62;1025;469;469;17;452;45.76;3.62
54242;121613;8;Zespół Szkolno - Przedszkolny 32-830 Wielka Wieś 210;1052;198;198;9;189;18.82;4.55;1042;515;515;23;492;49.42;4.47
54243;121613;9;Zespół Szkolno - Przedszkolny 32-831 Olszyny 57;1127;160;160;10;150;14.20;6.25;1126;510;510;21;489;45.29;4.12
54244;121613;10;Szkoła Podstawowa 32-830 Łopoń 105;666;158;158;7;151;23.72;4.43;664;337;337;14;323;50.75;4.15
54245;121613;11;Szkoła Podstawowa 32-830 Milówka 1;460;88;88;0;88;19.13;0.00;460;215;215;5;210;46.74;2.33
54246;121614;1;Ratusz w Zakliczynie 32-840 Zakliczyn Rynek 1;1884;467;467;14;453;24.79;3.00;1851;1011;1011;23;988;54.62;2.27
54247;121614;2;Zespół Szkoły Podstawowej i Gimnazjum w Zakliczynie 32-840 Zakliczyn ul. Jacka Malczewskiego 56;1994;477;477;8;469;23.92;1.68;1998;1054;1054;35;1019;52.75;3.32
54248;121614;3;Zespół Szkolno - Przedszkolny w Paleśnicy 32-842 Paleśnica 115;1309;191;191;10;181;14.59;5.24;1298;542;542;27;515;41.76;4.98
54249;121614;4;Zespół Szkoły Podstawowej i Przedszkola w Filipowicach 32-841 Filipowice 125;745;104;104;4;100;13.96;3.85;736;325;325;14;311;44.16;4.31
54250;121614;5;Szkoła Podstawowa w Stróżach 32-840 Stróże 88;1143;258;258;19;239;22.57;7.36;1134;575;575;39;536;50.71;6.78
54251;121614;6;Szkoła Filialna w Charzewicach 32-840 Charzewice 95;559;134;134;17;117;23.97;12.69;566;288;288;15;273;50.88;5.21
54252;121614;7;Zespół Szkoły Podstawowej i Przedszkola w Gwoźdźcu 32-855 Gwoździec 199;752;113;113;5;108;15.03;4.42;753;344;344;12;332;45.68;3.49
54253;121614;8;Niepubliczna Szkoła Podstawowa we Wróblowicach 32-840 Wróblowice 142;540;97;97;9;88;17.96;9.28;545;247;247;17;230;45.32;6.88
54254;121614;9;Świetlica Wiejska w Wesołowie 32-840 Wesołów 39;703;151;151;9;142;21.48;5.96;697;385;385;26;359;55.24;6.75
90584;121614;10;Dom Pomocy Społecznej w Stróżach 32-840 Stróże 1;55;46;46;3;43;83.64;6.52;57;48;48;5;43;84.21;10.42
54255;121615;1;Urząd Miejski w Żabnie - sala ślubów 33-240 Żabno ul. Władysława Jagiełły 1;1789;436;436;11;425;24.37;2.52;1788;931;931;37;894;52.07;3.97
54256;121615;2;Urząd Miejski w Żabnie - sala USC 33-240 Żabno ul. Władysława Jagiełły 1;1893;449;449;20;429;23.72;4.45;1833;961;961;23;938;52.43;2.39
54257;121615;3;Gimnazjum Publiczne 33-131 Łęg Tarnowski ul. Tarnowska 158;994;218;218;9;209;21.93;4.13;1005;535;535;14;521;53.23;2.62
54258;121615;4;Budynek KOS 33-131 Łęg Tarnowski ul. Witosa 187A;2152;437;437;23;414;20.31;5.26;2163;1077;1077;45;1032;49.79;4.18
54259;121615;5;Szkoła Podstawowa 33-250 Otfinów 58;2139;353;353;8;345;16.50;2.27;2115;863;863;22;841;40.80;2.55
54260;121615;6;Szkoła Podstawowa Ilkowice 33-131 Ilkowice ul. Rudno 195;1078;243;243;7;236;22.54;2.88;1067;600;600;16;584;56.23;2.67
54261;121615;7;Szkoła Podstawowa Odporyszów 33-240 Odporyszów ul. Źwiernik 41;1738;362;362;19;343;20.83;5.25;1704;831;835;28;803;48.77;3.37
54262;121615;8;Dom Ludowy 33-250 Czyżów 28;1303;210;210;6;204;16.12;2.86;1284;538;538;27;511;41.90;5.02
54263;121615;9;Szkoła Podstawowa Niedomice 33-132 Niedomice ul. Szkolna 2;1550;329;329;14;315;21.23;4.26;1519;727;727;29;698;47.86;3.99
54264;121615;10;Szkoła Podstawowa Bobrowniki Wielkie 33-131 Bobrowniki Wielkie ul. Długa 63;628;117;117;2;115;18.63;1.71;615;332;332;8;324;53.98;2.41
90585;121615;11;Dom Pomocy Społecznej 33-240 Sieradza 208;30;29;29;1;28;96.67;3.45;34;33;33;2;31;97.06;6.06
54265;121616;1;Urząd Gminy Szerzyny 38-246 Szerzyny 521;1833;434;434;21;413;23.68;4.84;1817;883;883;48;835;48.60;5.44
54266;121616;2;Wiejski Dom Kultury 38-247 Ołpiny 86;1883;430;430;18;412;22.84;4.19;1882;1016;1016;35;981;53.99;3.44
54267;121616;3;Wiejski Dom Kultury 38-245 Czermna 119;1382;187;187;16;171;13.53;8.56;1372;490;490;27;463;35.71;5.51
54268;121616;4;Remiza Ochotniczej Straży Pożarnej 38-247 Żurowa 247;816;227;227;9;218;27.82;3.96;830;468;468;4;464;56.39;0.85
54269;121616;5;Dom Strażaka 38-246 Swoszowa 150;481;62;62;1;61;12.89;1.61;476;171;171;7;164;35.92;4.09
54270;121701;1;ZCE im. H. Modrzejewskiej 34-500 Zakopane ul. Kasprusie 35;1284;467;467;6;461;36.37;1.28;1290;775;775;12;763;60.08;1.55
54271;121701;2;Zespół Szkół Zawodowych Nr 1 34-500 Zakopane ul. Kasprusie 14b;1130;359;359;6;353;31.77;1.67;1185;702;702;16;686;59.24;2.28
54272;121701;3;Szkoła Podstawowa Nr 2 34-500 Zakopane ul. Skibówki 2d;1067;354;354;5;349;33.18;1.41;1061;544;544;6;538;51.27;1.10
54273;121701;4;D.W. „APENA” 34-500 Zakopane os. Krzeptówki 87;1174;327;327;3;324;27.85;0.92;1179;625;625;8;617;53.01;1.28
54274;121701;5;Prywatne Technikum Hotelarskie 34-500 Zakopane ul. Jana Pawła II 10a;1135;354;354;4;350;31.19;1.13;1152;622;622;17;605;53.99;2.73
54275;121701;6;Zespół Szkół Ogólnokształcących 34-500 Zakopane ul. Słoneczna 1;994;337;337;7;330;33.90;2.08;915;576;576;13;563;62.95;2.26
54276;121701;7;Szkoła Podstawowa Nr 5 34-500 Zakopane ul. Chramcówki 27;1791;493;493;13;480;27.53;2.64;1750;961;961;22;939;54.91;2.29
54277;121701;8;Gimnazjum Nr 1 34-500 Zakopane ul. Nowotarska 42;1382;349;349;6;343;25.25;1.72;1371;691;691;18;673;50.40;2.60
54278;121701;9;Szkoła Podstawowa Nr 3 34-500 Zakopane ul. Karłowicza 6;1293;429;429;9;420;33.18;2.10;1328;831;831;16;815;62.58;1.93
54279;121701;10;Spółdzielnia Mieszkaniowa „Pardałówka” 34-500 Zakopane ul. Pardałówka 1/5a;1035;313;313;12;301;30.24;3.83;1040;558;558;12;546;53.65;2.15
54280;121701;11;Szkoła Podstawowa Nr 7 34-500 Zakopane ul. Cyrhla 38;857;189;189;2;187;22.05;1.06;851;372;372;13;359;43.71;3.49
54281;121701;12;Szkoła Podstawowa Nr 9 34-500 Zakopane ul. Harenda 21;1343;318;318;7;311;23.68;2.20;1360;687;687;20;667;50.51;2.91
54282;121701;13;Szkoła Podstawowa Nr 4 34-500 Zakopane ul. Olcza Janosówka 15b;1474;313;313;10;303;21.23;3.19;1458;721;721;21;700;49.45;2.91
54283;121701;14;Gimnazjum Nr 2 34-500 Zakopane ul. Sienkiewicza 27;1056;347;347;4;343;32.86;1.15;1022;606;606;10;596;59.30;1.65
54284;121701;15;Tatrzański Park Narodowy 34-500 Zakopane ul. Chałubińskiego 42;1138;373;373;12;361;32.78;3.22;1149;668;668;9;659;58.14;1.35
54285;121701;16;Przedszkole Nr 9 34-500 Zakopane ul. Sabały 10;889;321;321;9;312;36.11;2.80;865;507;507;7;500;58.61;1.38
54286;121701;17;Zespół Szkół Hotelarsko-Turystycznych 34-500 Zakopane ul. Partyzantów 1;969;346;348;6;340;35.71;1.73;990;589;589;3;586;59.49;0.51
54287;121701;18;Szkoła Podstawowa Nr 1 34-500 Zakopane ul. Orkana 6;991;324;324;8;316;32.69;2.47;999;576;576;12;564;57.66;2.08
54288;121701;19;Gimnazjum Nr 1 34-500 Zakopane ul. Nowotarska 42;1380;313;313;11;302;22.68;3.51;1375;657;657;9;648;47.78;1.37
90586;121701;20;Szpital Powiatowy im. Tytusa Chałubińskiego 34-500 Zakopane ul. Kamieniec 10;77;21;21;0;21;27.27;0.00;63;30;30;3;27;47.62;10.00
90587;121701;21;Szpital Specjalistyczny Chorób Płuc 34-500 Zakopane ul. Gładkie 1;68;16;16;1;15;23.53;6.25;81;37;37;0;37;45.68;0.00
90588;121701;22;Wojewódzki Szpital Rehabilitacyjny 34-500 Zakopane ul. Ciągłowka 9;189;105;105;4;101;55.56;3.81;163;108;108;8;100;66.26;7.41
90589;121701;23;Uniwersytecki Szpital Ortopedyczno-Rehabilitacyjny 34-500 Zakopane ul. Balzera 15;90;42;42;1;41;46.67;2.38;89;56;56;1;55;62.92;1.79
90590;121701;24;Dom Pomocy Społecznej 34-500 Zakopane ul. Szpitalna 21;68;32;32;2;30;47.06;6.25;68;26;26;4;22;38.24;15.38
54289;121702;1;Zespół Szkoły Podstawowej i Gimnazjum Nr 1 34-425 Biały Dunajec ul. Jana Pawła II 184A;774;152;152;1;151;19.64;0.66;768;298;298;8;290;38.80;2.68
54290;121702;2;Zespół Szkoły Podstawowej i Gimnazjum Nr 1 34-425 Biały Dunajec ul. Jana Pawła II 184A;1122;183;183;8;175;16.31;4.37;1138;467;467;11;456;41.04;2.36
54291;121702;3;Zespół Szkoły Podstawowej i Gimnazjum Nr 2 34-425 Biały Dunajec ul. Miłośników Podhala 23;710;102;102;3;99;14.37;2.94;721;330;330;11;319;45.77;3.33
54292;121702;4;Zespół Szkoły Podstawowej i Gimnazjum Nr 2 34-425 Biały Dunajec ul. Miłośników Podhala 23;1098;271;271;10;261;24.68;3.69;1081;502;502;18;484;46.44;3.59
54293;121702;5;Szkoła Podstawowa 34-425 Gliczarów Dolny 70;420;75;75;3;72;17.86;4.00;420;184;184;6;178;43.81;3.26
54294;121702;6;Zespół Szkoły Podstawowej i Gimnazjum 34-425 Gliczarów Górny 101;627;146;146;4;142;23.29;2.74;637;295;295;6;289;46.31;2.03
54295;121702;7;Remiza OSP 34-425 Leszczyny 39;319;64;64;3;61;20.06;4.69;309;131;131;1;130;42.39;0.76
54296;121702;8;Zespół Szkoły Podstawowej i Gimnazjum 34-425 Sierockie 90B;449;73;73;2;71;16.26;2.74;438;170;170;3;167;38.81;1.76
54297;121703;1;Zespół Szkół 34-530 Bukowina Tatrzańska ul. Kościuszki 11;1440;450;450;8;442;31.25;1.78;1439;852;852;34;818;59.21;3.99
54298;121703;2;Zespół Szkół 34-530 Bukowina Tatrzańska ul. Kościuszki 11;966;303;303;7;296;31.37;2.31;985;571;571;9;562;57.97;1.58
54299;121703;3;Zespół Szkół 34-405 Białka Tatrzańska ul. Środkowa 184;1764;464;464;16;448;26.30;3.45;1772;902;902;19;883;50.90;2.11
54300;121703;4;Szkoła Podstawowa 34-532 Brzegi ul. Halna 58;590;140;140;1;139;23.73;0.71;584;262;262;7;255;44.86;2.67
54301;121703;5;Szkoła Podstawowa 34-532 Czarna Góra ul. Nadwodnia 140;752;123;123;2;121;16.36;1.63;762;311;311;13;298;40.81;4.18
54302;121703;6;Szkoła Podstawowa 34-532 Czarna Góra ul. Zagóra 149;565;91;91;2;89;16.11;2.20;566;204;204;10;194;36.04;4.90
54303;121703;7;Gimnazjum 34-405 Leśnica ul. Polna 44;1470;261;261;3;258;17.76;1.15;1458;573;573;17;556;39.30;2.97
54304;121703;8;„Śpisko Izba” nad sklepem GS 34-532 Jurgów 15;722;194;194;5;189;26.87;2.58;719;437;437;11;426;60.78;2.52
54305;121703;9;Gimnazjum 34-406 Leśnica ul. Polna 44;1318;199;199;1;198;15.10;0.50;1301;529;529;12;517;40.66;2.27
54306;121703;10;Szkoła Podstawowa 34-532 Rzepiska ul. Potok Grocholów 8;574;88;88;1;87;15.33;1.14;578;243;243;14;229;42.04;5.76
54307;121704;1;Zespół Szkół 34-511 Kościelisko ul. Szeligówka 11;1729;441;441;11;430;25.51;2.49;1794;973;973;32;941;54.24;3.29
54308;121704;2;Zespół Szkół 34-511 Kościelisko ul. Szeligówka 11;1755;404;404;10;394;23.02;2.48;1746;846;846;17;829;48.45;2.01
54309;121704;3;Zespół Szkół 34-514 Dzianisz 201;1772;229;229;4;225;12.92;1.75;1752;699;699;29;670;39.90;4.15
54310;121704;4;Zespół Szkół 34-512 Witów 119;1386;255;255;5;250;18.40;1.96;1361;590;590;12;578;43.35;2.03
54311;121705;1;Gminny Ośrodek Kultury 34-520 Poronin ul. Józefa Piłsudskiego 2;1642;367;367;14;353;22.35;3.81;1646;789;789;24;765;47.93;3.04
54312;121705;2;Urząd Gminy 34-520 Poronin ul. Józefa Piłsudskiego 5;1168;219;219;6;213;18.75;2.74;1185;543;543;16;527;45.82;2.95
54313;121705;3;Szkoła Podstawowa 34-531 Małe Ciche 22;378;62;62;1;61;16.40;1.61;393;201;201;5;196;51.15;2.49
54314;121705;4;Zespół Szkół - Szkoła Podstawowa i Gimnazjum 34-531 Murzasichle ul. Sądelska 31;1080;257;257;8;249;23.80;3.11;1103;538;538;14;524;48.78;2.60
54315;121705;5;Szkoła Podstawowa 34-520 Suche 115A;982;177;177;2;175;18.02;1.13;971;409;409;12;397;42.12;2.93
54316;121705;6;Zespół Szkół - Szkoła Podstawowa i Gimnazjum 34-521 Ząb 6;1907;312;312;7;305;16.36;2.24;1913;802;802;35;767;41.92;4.36
54317;121705;7;Zespół Szkół - Szkoła Podstawowa i Gimnazjum 34-521 Nowe Bystre 61;1029;169;169;6;163;16.42;3.55;1017;394;394;10;384;38.74;2.54
54318;121705;8;Szkoła Podstawowa 34-520 Stasikówka 65;522;157;157;9;148;30.08;5.73;465;218;218;8;210;46.88;3.67
54319;121801;1;Urząd Miejski 34-120 Andrychów ul. Rynek 16;1859;572;572;12;560;30.77;2.10;1832;1047;1047;22;1025;57.15;2.10
54320;121801;2;Gimnazjum Nr 1 34-120 Andrychów ul. Daszyńskiego 14;1804;521;521;15;506;28.88;2.88;1766;1005;1005;22;983;56.91;2.19
54321;121801;3;Remiza OSP 34-120 Andrychów ul. Rynek 16a;1808;595;595;21;574;32.91;3.53;1790;1084;1084;19;1065;60.56;1.75
54322;121801;4;Przychodnia NZOZ „Medican” Sp. z o.o. 34-120 Andrychów ul. Krakowska 91;1762;548;548;32;516;31.10;5.84;1743;1064;1064;32;1032;61.04;3.01
54323;121801;5;Miejski Dom Kultury 34-120 Andrychów ul. Szewska 7;1768;549;549;31;518;31.05;5.65;1743;1028;1028;19;1009;58.98;1.85
54324;121801;6;Małopolski Inkubator Przedsiębiorczości 34-120 Andrychów ul. Starowiejska 22b;1816;379;379;14;365;20.87;3.69;1817;859;859;28;831;47.28;3.26
54325;121801;7;Szkoła Podstawowa Nr 4 34-120 Andrychów ul. Włókniarzy 10a;1664;484;484;9;475;29.09;1.86;1653;935;935;16;919;56.56;1.71
54326;121801;8;Klub Osiedlowy ASM 34-120 Andrychów ul. Stanisława Lenartowicza 7;1595;463;463;5;458;29.03;1.08;1527;862;862;22;840;56.45;2.55
54327;121801;9;Gimnazjum Nr 2 34-120 Andrychów ul. Stanisława Lenartowicza 26;1473;373;373;8;365;25.32;2.14;1399;811;811;11;800;57.97;1.36
54328;121801;10;Przedszkole Nr 3 34-120 Andrychów ul. Stanisława Lenartowicza 36;1579;440;440;32;408;27.87;7.27;1504;848;848;26;822;56.38;3.07
54329;121801;11;Zespół Szkół Samorządowych, sala lekcyjna 34-120 Roczyny ul. Szkolna 10;1614;351;351;4;347;21.75;1.14;1622;976;976;31;945;60.17;3.18
54330;121801;12;Zespół Szkół Samorządowych, stołówka 34-120 Roczyny ul. Szkolna 10;1494;395;395;11;384;26.44;2.78;1529;936;936;30;906;61.22;3.21
54331;121801;13;Zespół Szkół Samorządowych 34-120 Sułkowice ul. Centralna 2;1868;488;488;10;478;26.12;2.05;1891;1069;1069;31;1038;56.53;2.90
54332;121801;14;Remiza OSP 34-120 Sułkowice ul. Beskidzka 124a;1667;472;472;8;464;28.31;1.69;1674;1006;1006;31;975;60.10;3.08
54333;121801;15;Zespół Szkół Samorządowych 34-125 Sułkowice ul. Racławicka 188;1727;356;356;12;344;20.61;3.37;1720;909;909;31;878;52.85;3.41
54334;121801;16;Zespół Szkół Samorządowych, mała sala gimnastyczna 34-120 Targanice ul. Beskidzka 46;1363;362;362;22;340;26.56;6.08;1349;751;751;33;718;55.67;4.39
54335;121801;17;Zespół Szkół Samorządowych, świetlica 34-120 Targanice ul. Beskidzka 46;1123;283;283;6;277;25.20;2.12;1116;614;614;17;597;55.02;2.77
54336;121801;18;Świetlica CKiW 34-125 Rzyki os. Młocki Dolne 72;1189;222;222;13;209;18.67;5.86;1209;613;613;36;577;50.70;5.87
54337;121801;19;Zespół Szkół Samorządowych 34-125 Rzyki os. Szczęśniaki 1;1255;197;197;8;189;15.70;4.06;1262;655;655;27;628;51.90;4.12
54338;121801;20;Zespół Szkół Samorządowych 34-120 Zagórnik ul. Szkolna 12;1775;386;386;9;377;21.75;2.33;1791;1002;1002;38;964;55.95;3.79
54339;121801;21;Zespół Szkół Samorządowych, Stary Budynek 34-120 Inwałd ul. Wadowicka 79;1316;331;331;13;318;25.15;3.93;1323;783;783;31;752;59.18;3.96
54340;121801;22;Zespół Szkół Samorządowych, Nowy Budynek 34-120 Inwałd ul. Wadowicka 79;1314;341;341;3;338;25.95;0.88;1311;731;731;20;711;55.76;2.74
90591;121801;23;Wojewódzki Szpital Psychiatryczny 34-120 Andrychów ul. Jarosława Dąbrowskiego 19;192;36;36;1;35;18.75;2.78;216;67;67;9;58;31.02;13.43
54341;121802;1;Zespół Szkolno-Przedszkolny w Brzeźnicy 34114 Brzeźnica Adama Gorczyńskiego 1;1366;244;244;12;232;17.86;4.92;1356;687;687;23;664;50.66;3.35
54342;121802;2;Szkoła Podstawowa w Marcyporębie 34114 Marcyporęba 81;1379;210;210;10;200;15.23;4.76;1391;663;663;21;642;47.66;3.17
54343;121802;3;Zespół Szkolno-Przedszkolny w Tłuczani 34114 Tłuczań 157A;1104;181;181;4;177;16.39;2.21;1104;501;501;15;486;45.38;2.99
54344;121802;4;Szkoła Podstawowa w Paszkówce 34113 Paszkówka 143;1154;143;143;5;138;12.39;3.50;1177;535;535;25;510;45.45;4.67
54345;121802;5;Zespół Szkół w Łączanach 34115 Łączany 396;1289;256;256;9;247;19.86;3.52;1300;638;638;32;606;49.08;5.02
54346;121802;6;Szkoła Podstawowa w Sosnowicach 34113 Sosnowice 107;886;120;120;9;111;13.54;7.50;907;389;389;12;377;42.89;3.08
54347;121802;7;Szkoła Filialna w Chrząstowicach 34114 Chrząstowice 34;744;121;121;5;116;16.26;4.13;764;370;370;20;350;48.43;5.41
54348;121803;1;Budynek Wielofunkcyjny w Kalwarii Zebrzydowskiej 34-130 Kalwaria Zebrzydowska ul. Mickiewicza 4;1856;534;534;15;519;28.77;2.81;1872;1174;1174;27;1147;62.71;2.30
54349;121803;2;Biblioteka Publiczna w Kalwarii Zebrzydowskiej 34-130 Kalwaria Zebrzydowska al. Jana Pawła II 24;1808;414;414;11;403;22.90;2.66;1794;983;983;12;971;54.79;1.22
54350;121803;3;Zespół Szkół w Barwałdzie Górnym 34-130 Barwałd Górny 213;1095;177;177;6;171;16.16;3.39;1111;516;516;24;492;46.44;4.65
54351;121803;4;Zespół Szkół w Barwałdzie Średnim 34-124 Barwałd Średni 70;1106;136;136;3;133;12.30;2.21;1093;454;454;12;442;41.54;2.64
54352;121803;5;Zespół Szkół w Brodach 34-130 Brody 479;1017;183;183;11;172;17.99;6.01;1003;535;535;19;516;53.34;3.55
54353;121803;6;Zespół Szkół w Brodach 34-130 Brody 479;1089;181;181;4;177;16.62;2.21;1093;530;530;17;513;48.49;3.21
54354;121803;7;Remiza Ochotniczej Straży Pożarnej w Bugaju, Bugaj 34-130 Bugaj;383;82;82;1;81;21.41;1.22;380;204;204;6;198;53.68;2.94
54355;121803;8;Zespoł Szkół w Leńczach 34-142 Leńcze 276;1162;245;245;12;233;21.08;4.90;1182;604;604;28;576;51.10;4.64
54356;121803;9;Zespoł Szkół w Przytkowicach 34-141 Przytkowice 542;2074;334;334;16;318;16.10;4.79;2088;951;951;31;920;45.55;3.26
54357;121803;10;Zespół Szkół w Stanisławiu Dolnym 34-130 Stanisław Dolny 256;1271;251;251;7;244;19.75;2.79;1298;673;673;20;653;51.85;2.97
54358;121803;11;Zespół Szkolno-Przedszkolny w Stanisławiu Dolnym - Dolany 34-130 Stanisław Dolny, Dolany 73;808;178;178;7;171;22.03;3.93;820;431;431;14;417;52.56;3.25
54359;121803;12;Zespół Szkół w Zebrzydowicach 34-130 Zebrzydowice 193;1158;209;209;3;206;18.05;1.44;1176;639;639;23;616;54.34;3.60
54360;121803;13;Szkoła Podstawowa w Zarzycach Wielkich 34-142 Zarzyce Wielkie 56;457;111;111;7;104;24.29;6.31;450;238;238;7;231;52.89;2.94
54361;121803;14;Świetlica Wiejska w Zarzycach Małych, Zarzyce Małe 34-142 Zarzyce Małe;95;36;36;0;36;37.89;0.00;93;43;43;2;41;46.24;4.65
54362;121803;15;Zespół Szkół w Leńczach, filia w Podolanach 34-142 Podolany 21;305;57;57;8;49;18.69;14.04;305;126;126;8;118;41.31;6.35
90592;121803;16;Dom Pomocy Społecznej Zakonu Bonifratrów 34-130 Zebrzydowice 1;32;21;21;3;18;65.62;14.29;35;18;18;0;18;51.43;0.00
54363;121804;1;Gminny Osrodek Kultury w Lanckoronie 34-143 Lanckorona 473;1630;303;303;9;294;18.59;2.97;1638;803;803;35;768;49.02;4.36
54364;121804;2;Zespół Szkół w Izdebniku 34-144 Izdebnik 219;1731;272;272;16;256;15.71;5.88;1761;794;794;40;754;45.09;5.04
54365;121804;3;Zespół Szkół w Skawinkach 34-143 Skawinki 220;821;125;125;4;121;15.23;3.20;823;364;364;19;345;44.23;5.22
54366;121804;4;Dom Kultury w Jastrzębi 34-143 Jastrzębia 53;518;109;109;2;107;21.04;1.83;526;243;243;15;228;46.20;6.17
54367;121805;1;Szkoła Podstawowa w Mucharzu 34-106 Mucharz 238;836;222;222;12;210;26.56;5.41;855;490;490;9;481;57.31;1.84
54368;121805;2;Dom Kultury w Świnnej Porębie 34-106 Świnna Poręba 111;718;149;149;1;148;20.75;0.67;714;402;402;13;389;56.30;3.23
54369;121805;3;Świetlica w budynku komunalnym w Skawcach 34-106 Skawce 191;335;94;94;7;87;28.06;7.45;327;201;201;2;199;61.47;1.00
54370;121805;4;Wiejski Dom Kultury w Kozińcu 34-106 Koziniec 218;544;81;81;10;71;14.89;12.35;537;263;263;9;254;48.98;3.42
54371;121805;5;Dom Strażaka w Jaszczurowej 34-106 Jaszczurowa 351;725;162;162;7;155;22.34;4.32;730;366;366;10;356;50.14;2.73
54372;121806;1;Zespół Szkolno-Przedszkolny w Bachowicach 34-116 Bachowice ul. Księdza Gołby 1;1754;317;317;10;307;18.07;3.15;1755;907;907;33;874;51.68;3.64
54373;121806;2;Zespół Szkolno-Przedszkolny w Ryczowie 34-115 Ryczów ul. Szkolna 18;2104;396;396;28;368;18.82;7.07;2114;1045;1045;44;1001;49.43;4.21
54374;121806;3;Dom Wiejski w Miejscu 34-116 Miejsce ul. Floriana 62;531;117;117;17;100;22.03;14.53;533;297;297;20;277;55.72;6.73
54375;121806;4;Szkoła Podstawowa Nr 2 w Spytkowicach 34-116 Spytkowice, Przewóz ul. Wiślana 53;976;165;165;9;156;16.91;5.45;976;442;442;20;422;45.29;4.52
54376;121806;5;Zespół Szkolno-Przedszkolny w Spytkowicach 34-116 Spytkowice, Spytkowice Dolne ul. Szkolna 14;2257;384;384;23;361;17.01;5.99;2276;1120;1120;51;1069;49.21;4.55
54377;121806;6;Dom Strażaka Półwieś 34-115 Półwieś ul. Świętego Floriana 28;425;92;92;5;87;21.65;5.43;429;170;170;12;158;39.63;7.06
54378;121807;1;Szkoła Podstawowa 34-124 Łękawica 19;1111;185;185;4;181;16.65;2.16;1120;629;629;29;600;56.16;4.61
54379;121807;2;Szkoła Podstawowa 34-146 Dąbrówka 43;504;91;91;4;87;18.06;4.40;522;270;270;10;260;51.72;3.70
54380;121807;3;Szkoła Podstawowa 34-146 Stryszów 90;1651;262;262;17;245;15.87;6.49;1629;742;742;34;708;45.55;4.58
54381;121807;4;Gimnazjum 34-145 Zakrzów 131;939;176;176;11;165;18.74;6.25;925;476;476;23;453;51.46;4.83
54382;121807;5;Szkoła Podstawowa 34-145 Stronie 67;1191;219;219;19;200;18.39;8.68;1206;573;573;44;529;47.51;7.68
54383;121808;1;Szkoła Podstawowa 34-103 Witanowice Jana Pawła II 107;1304;217;217;9;208;16.64;4.15;1328;715;715;26;689;53.84;3.64
54384;121808;2;Szkoła Podstawowa 34-100 Radocza Dębowa 49;1360;230;230;12;218;16.91;5.22;1393;704;704;24;680;50.54;3.41
54385;121808;3;Zespół Szkolno-Przedszkolny 34-100 Tomice Floriańska 16;1982;428;428;22;406;21.59;5.14;2012;1084;1084;40;1044;53.88;3.69
54386;121808;4;Szkoła Podstawowa 34-103 Woźniki Wadowicka 133;1316;207;207;5;202;15.73;2.42;1318;563;563;16;547;42.72;2.84
54387;121809;1;Przedszkole Nr 1 34-100 Wadowice ul. Gimnazjalna 10;1512;359;359;13;346;23.74;3.62;1544;857;857;23;834;55.51;2.68
54388;121809;2;Wadowickie Centrum Kultury 34-100 Wadowice ul. Teatralna 1;1879;463;463;7;456;24.64;1.51;1875;1015;1015;13;1002;54.13;1.28
54389;121809;3;Zespół Szkół Publicznych Nr 1 34-100 Wadowice ul. Słowackiego 2;1211;327;327;10;317;27.00;3.06;1229;730;730;17;713;59.40;2.33
54390;121809;4;Zespół Szkół Publicznych Nr 3 34-100 Wadowice ul. Sienkiewicza 9;1651;392;392;20;372;23.74;5.10;1600;824;824;28;796;51.50;3.40
54391;121809;5;Powiatowy Zarząd Dróg w Wadowicach 34-100 Wadowice ul. Kochanowskiego 1;904;210;210;6;204;23.23;2.86;919;476;476;13;463;51.80;2.73
54392;121809;6;Zespół Szkół Publicznych Nr 2 34-100 Wadowice Osiedle Kopernika 11;1734;460;460;17;443;26.53;3.70;1717;994;994;16;978;57.89;1.61
54393;121809;7;Zespół Szkół Publicznych Nr 2 34-100 Wadowice Osiedle Kopernika 11;1729;476;476;12;464;27.53;2.52;1686;987;987;18;969;58.54;1.82
54394;121809;8;Szkoła Podstawowa Nr 1 34-100 Wadowice Osiedle Pod Skarpą 10;1158;281;281;8;273;24.27;2.85;1150;661;661;12;649;57.48;1.82
54395;121809;9;Szkoła Podstawowa Nr 1 34-100 Wadowice Osiedle Pod Skarpą 10;1676;414;414;13;401;24.70;3.14;1626;930;930;19;911;57.20;2.04
54396;121809;10;Szkoła Podstawowa Nr 1 34-100 Wadowice Osiedle Pod Skarpą 10;1797;488;488;10;478;27.16;2.05;1757;1047;1047;26;1021;59.59;2.48
54397;121809;11;Zespół Szkół Nr 1 w Choczni 34-100 Chocznia ul. Główna 1;1813;421;421;17;404;23.22;4.04;1815;985;985;23;962;54.27;2.34
54398;121809;12;Zespół Szkół Nr 1 w Choczni 34-123 Chocznia ul. Główna 1;1518;306;306;7;299;20.16;2.29;1513;761;761;26;735;50.30;3.42
54399;121809;13;Zespół Szkół Nr 2 w Choczni 34-123 Chocznia ul. Główna 65;1460;297;297;7;290;20.34;2.36;1462;736;736;8;728;50.34;1.09
54400;121809;14;Zespół Szkół w Ponikwi 34-100 Ponikiew 116;801;126;126;4;122;15.73;3.17;800;379;379;8;371;47.38;2.11
54401;121809;15;Zespół Szkół w Jaroszowicach 34-100 Jaroszowice 88;961;199;199;6;193;20.71;3.02;952;507;507;11;496;53.26;2.17
54402;121809;16;Szkoła Podstawowa w Zawadce 34-100 Zawadka 90;671;126;126;1;125;18.78;0.79;681;359;359;18;341;52.72;5.01
54403;121809;17;Zespół Szkół Publicznych w Kleczy Dolnej 34-124 Klecza Dolna 181;1859;327;327;4;323;17.59;1.22;1881;1009;1009;26;983;53.64;2.58
54404;121809;18;Zespół Szkół Publicznych w Kleczy Dolnej 34-124 Klecza Dolna 181;612;119;119;1;118;19.44;0.84;633;325;325;6;319;51.34;1.85
54405;121809;19;Szkoła Podstawowa w Barwałdzie Dolnym 34-124 Barwałd Dolny 64;563;76;76;2;74;13.50;2.63;564;284;284;7;277;50.35;2.46
54406;121809;20;Dom Ludowy w Babicy 34-103 Babica 82A;939;178;178;10;168;18.96;5.62;958;505;505;19;486;52.71;3.76
54407;121809;21;Zespół Szkół Publicznych w Wysokiej 34-105 Wysoka 195;1490;255;255;7;248;17.11;2.75;1487;726;726;24;702;48.82;3.31
54408;121809;22;Szkoła Podstawowa w Stanisławiu Górnym 34-105 Stanisław Górny 132;864;148;148;4;144;17.13;2.70;865;406;406;7;399;46.94;1.72
54409;121809;23;Centrum Kultury Jaroszowice-Zbywaczówka 34-100 Jaroszowice 206;1256;260;260;12;248;20.70;4.62;1256;645;645;20;625;51.35;3.10
90593;121809;24;Dom Pomocy Społecznej im. św. Rafała Kalinowskiego w Wadowicach 34-100 Wadowice ul. Pułaskiego 5;69;25;25;1;24;36.23;4.00;74;27;27;1;26;36.49;3.70
90594;121809;25;Szpital Powiatowy w Wadowicach 34-100 Wadowice ul. Karmelicka 12;144;35;35;2;33;24.31;5.71;173;48;48;1;47;27.75;2.08
90595;121809;26;Zakład Karny w Wadowicach 34-100 Wadowice ul. Trybunalska 8;307;117;117;14;103;38.11;11.97;298;180;180;22;158;60.40;12.22
90596;121809;27;Dom Pomocy Społecznej Nr 1 w Wadowicach 34-100 Wadowice ul. Parkowa 1;54;22;22;1;21;40.74;4.55;62;37;37;0;37;59.68;0.00
54410;121810;1;Gminny Ośrodek Kultury w Wieprzu 34-122 Wieprz 217;1276;348;348;9;339;27.27;2.59;1257;774;774;19;755;61.58;2.45
54411;121810;2;Zespół Szkolno-Przedszkolny nr 1 im. Jana Pawła II w Wieprzu 34-122 Wieprz 218a;1399;382;382;11;371;27.31;2.88;1417;843;843;22;821;59.49;2.61
54412;121810;3;Zespół Szkolno-Przedszkolny nr 2 im. Kard. Stefana Wyszyńskiego w Wieprzu 34-122 Wieprz 416;1280;281;281;16;265;21.95;5.69;1291;716;716;23;693;55.46;3.21
54413;121810;4;Zespół Szkolno-Przedszkolny im. Jana Brzechwy we Frydrychowicach 34-108 Frydrychowice 58b;1073;176;176;11;165;16.40;6.25;1078;515;515;21;494;47.77;4.08
54414;121810;5;Wiejski Dom Kultury we Frydrychowicach 34-108 Frydrychowice 91;1082;157;157;2;155;14.51;1.27;1085;515;515;14;501;47.47;2.72
54415;121810;6;Zespół Szkolno-Przedszkolny im. Michała Szczygła w Gierałtowicach 34-122 Gierałtowice 69;1340;329;329;11;318;24.55;3.34;1344;727;727;39;688;54.09;5.36
54416;121810;7;Wiejski Dom Kultury w Nidku 34-122 Nidek 52;1084;228;228;5;223;21.03;2.19;1096;597;597;16;581;54.47;2.68
54417;121810;8;Remiza Ochotniczej Straży Pożarnej w Przybradzu 34-108 Przybradz 103;802;152;152;7;145;18.95;4.61;806;408;408;17;391;50.62;4.17
54418;121901;1;Szkoła Podstawowa w Biskupicach 32-020 Biskupice 322;1196;270;270;7;263;22.58;2.59;1247;661;661;15;646;53.01;2.27
54419;121901;2;Szkoła Podstawowa w Przebieczanach 32-020 Tomaszkowice 3;892;217;217;9;208;24.33;4.15;902;477;477;20;457;52.88;4.19
54420;121901;3;Szkoła Podstawowa w Bodzanowie 32-020 Bodzanów 464;1076;271;271;13;258;25.19;4.80;1079;571;571;18;553;52.92;3.15
54421;121901;4;Publiczna Szkoła Podstawowa w Trąbkach 32-020 Trąbki 312;1088;273;273;8;265;25.09;2.93;1118;577;577;21;556;51.61;3.64
54422;121901;5;Świetlica Wiejska w Łazanach 32-020 Łazany 63;731;164;164;6;158;22.44;3.66;729;382;382;11;371;52.40;2.88
54423;121901;6;Placówka Wsparcia Dziennego w Zabłociu 32-020 Zabłocie 171;736;215;215;8;207;29.21;3.72;755;396;396;13;383;52.45;3.28
54424;121901;7;Gimnazjum w Sławkowicach 32-020 Sławkowice 162;701;181;181;6;175;25.82;3.31;701;399;399;16;383;56.92;4.01
54425;121901;8;Świetlica Środowiskowa w Jawczycach 32-020 Jawczyce 135;394;98;98;5;93;24.87;5.10;400;192;192;3;189;48.00;1.56
54426;121901;9;Urząd Gminy Biskupice 32-020 Tomaszkowice 455;488;120;120;4;116;24.59;3.33;499;278;278;10;268;55.71;3.60
90597;121901;10;Dom Pomocy Społecznej w Biskupicach 32-020 Biskupice 5;66;50;50;3;47;75.76;6.00;65;32;32;3;29;49.23;9.38
54427;121902;1;Centrum Kultury w Gdowie 32-420 Gdów 398;1428;331;331;9;322;23.18;2.72;1455;758;758;18;740;52.10;2.37
54428;121902;2;Gimnazjum w Gdowie 32-420 Gdów 1206;2234;494;494;20;474;22.11;4.05;2236;1205;1205;45;1160;53.89;3.73
54429;121902;3;Szkoła Podstawowa w Zręczycach 32-420 Zręczyce 222;1031;202;202;7;195;19.59;3.47;1066;516;516;13;503;48.41;2.52
54430;121902;4;Budynek Szkolny w Zagórzanach 32-420 Zagórzany 109;498;71;71;6;65;14.26;8.45;510;227;227;7;220;44.51;3.08
54431;121902;5;Szkoła Podstawowa w Winiarach 32-420 Winiary 169;1072;177;177;4;173;16.51;2.26;1108;561;561;16;545;50.63;2.85
54432;121902;6;Szkoła Podstawowa w Bilczycach 32-420 Bilczyce 92;777;177;177;9;168;22.78;5.08;787;419;419;20;399;53.24;4.77
54433;121902;7;Gimnazjum w Niegowici 32-420 Niegowić 62;1487;319;319;8;311;21.45;2.51;1526;752;752;34;718;49.28;4.52
54434;121902;8;Gimnazjum w Niegowici 32-420 Niegowić 62;1341;272;272;10;262;20.28;3.68;1364;651;651;17;634;47.73;2.61
54435;121902;9;Szkoła Podstawowa w Marszowicach 32-420 Marszowice 149;1136;284;284;6;278;25.00;2.11;1149;624;624;27;597;54.31;4.33
54436;121902;10;Szkoła Podstawowa w Książnicach 32-420 Książnice 191;608;151;151;5;146;24.84;3.31;618;340;340;7;333;55.02;2.06
54437;121902;11;Szkoła Podstawowa w Jaroszówce 32-420 Jaroszówka 59;701;126;126;3;123;17.97;2.38;705;343;343;10;333;48.65;2.92
54438;121902;12;Szkoła Podstawowa w Szczytnikach 32-420 Szczytniki 10;1103;275;275;11;264;24.93;4.00;1119;610;610;19;591;54.51;3.11
54439;121903;1;Wiejski Dom Kultury w Brzeziu 32-014 Brzezie 79;760;147;147;9;138;19.34;6.12;762;379;379;15;364;49.74;3.96
54440;121903;2;Wiejski Dom Kultury w Dąbrowie 32-014 Dąbrowa 151;846;235;235;6;229;27.78;2.55;632;387;387;9;378;61.23;2.33
54441;121903;3;Szkoła Podstawowa w Grodkowicach 32-015 Grodkowice 80;322;78;78;3;75;24.22;3.85;325;167;167;6;161;51.38;3.59
54442;121903;4;Wiejski Dom Kultury w Łężkowicach 32-015 Łężkowice 96;299;69;70;3;66;23.08;4.35;300;162;162;2;160;54.00;1.23
54443;121903;5;Wiejski Dom Kultury w Gruszkach 32-014 Brzezie, Gruszki 338;361;78;78;0;78;21.61;0.00;588;311;311;8;303;52.89;2.57
54444;121903;6;Sala Urzędu Gminy 32-015 Kłaj 655;1143;284;284;14;270;24.85;4.93;1248;652;652;35;617;52.24;5.37
54445;121903;7;Remiza Ochotniczej Straży Pożarnej w Kłaju 32-015 Kłaj, 702;1557;319;319;4;315;20.49;1.25;1484;779;779;14;765;52.49;1.80
54446;121903;8;Wiejski Dom Kultury w Łysokaniach 32-014 Łysokanie 90;469;129;129;5;124;27.51;3.88;519;301;301;4;297;58.00;1.33
54447;121903;9;Wiejski Dom Kultury w Szarowie 32-014 Szarów 346;1098;277;277;7;270;25.23;2.53;1110;630;630;17;613;56.76;2.70
54448;121903;10;Wiejski Dom Kultury w Targowisku 32-015 Targowisko 423;1419;288;288;9;279;20.30;3.12;1430;714;714;17;697;49.93;2.38
54449;121904;1;Małopolskie Centrum Dźwięku i Słowa w Niepołomicach 32-005 Niepołomice Zamkowa 4;1515;391;391;12;379;25.81;3.07;1562;908;908;10;898;58.13;1.10
54450;121904;2;Małopolskie Centrum Dźwięku i Słowa w Niepołomicach 32-005 Niepołomice Zamkowa 4;1685;560;560;17;543;33.23;3.04;1795;1134;1134;17;1117;63.18;1.50
54451;121904;3;Małopolskie Centrum Dźwięku i Słowa w Niepołomicach 32-005 Niepołomice Zamkowa 4;1609;438;438;10;428;27.22;2.28;1626;983;983;23;960;60.46;2.34
54452;121904;4;Małopolskie Centrum Dźwięku i Słowa w Niepołomicach 32-005 Niepołomice Zamkowa 4;1180;307;307;11;296;26.02;3.58;1266;719;719;16;703;56.79;2.23
54453;121904;5;Remiza Ochotniczej Straży Pożarnej w Niepołomicach 32-005 Niepołomice Sportowa 1;594;164;164;6;158;27.61;3.66;596;346;346;11;335;58.05;3.18
54454;121904;6;Dom dla Ociemniałych, Świetlica w Niepołomicach 32-005 Niepołomice Zabierzowska 24B;1626;386;386;6;380;23.74;1.55;1769;1044;1044;20;1024;59.02;1.92
54455;121904;7;Niepubliczne Gimnazjum w Podłężu 32-003 Podłęże 220;1664;484;484;13;471;29.09;2.69;1699;1007;1007;12;995;59.27;1.19
54456;121904;8;Dom Kultury w Staniątkach 32-005 Staniątki 315;2084;581;581;25;556;27.88;4.30;2087;1181;1181;32;1149;56.59;2.71
54457;121904;9;Dom Kultury w Zagórzu 32-005 Zagórze 145;1603;397;397;11;386;24.77;2.77;1631;892;892;21;871;54.69;2.35
54458;121904;10;Szkoła Podstawowa w Zakrzowie 32-003 Zakrzów 323;1345;279;279;11;268;20.74;3.94;1374;715;715;20;695;52.04;2.80
54459;121904;11;Dom Kultury w Woli Batorskiej 32-007 Wola Batorska 25;2303;555;555;20;535;24.10;3.60;2336;1244;1244;26;1218;53.25;2.09
54460;121904;12;Zespół Szkół z Oddziałami Integracyjnymi w Zabierzowie Bocheńskim 32-007 Zabierzów Bocheński 465;1311;257;257;7;250;19.60;2.72;1337;669;669;17;652;50.04;2.54
54461;121904;13;Szkoła Podstawowa w Woli Zabierzowskiej 32-007 Wola Zabierzowska 1;1256;211;211;13;198;16.80;6.16;1275;574;574;21;553;45.02;3.66
54462;121905;1;Szkoła Podstawowa nr 2 w Wieliczce 32-020 Wieliczka ul. Moniuszki 1;1614;547;547;8;539;33.89;1.46;1627;937;937;15;922;57.59;1.60
54463;121905;2;Centrum Edukacyjno-Rekreacyjne „Solne Miasto” w Wieliczce 32-020 Wieliczka ul. Kościuszki 15;1080;297;297;3;294;27.50;1.01;1071;572;572;10;562;53.41;1.75
54464;121905;3;Samorządowe Przedszkole nr 2 w Wieliczce 32-020 Wieliczka ul. Asnyka 40;1408;460;460;13;447;32.67;2.83;1407;807;807;20;787;57.36;2.48
54465;121905;4;Samorządowe Przedszkole nr 5 w Wieliczce 32-020 Wieliczka ul. Wincentego Pola 23;1707;560;560;22;538;32.81;3.93;1697;936;936;12;924;55.16;1.28
54466;121905;5;Szkoła Podstawowa nr 3 w Wieliczce 32-020 Wieliczka os. Sienkiewicza 14;1803;554;554;19;535;30.73;3.43;1763;974;974;20;954;55.25;2.05
54467;121905;6;Gimnazjum w Wieliczce 32-020 Wieliczka ul. Piłsudskiego 20;2088;723;724;14;709;34.63;1.94;2106;1320;1320;20;1300;62.68;1.52
54468;121905;7;Liceum Ogólnokształcące w Wieliczce 32-020 Wieliczka ul. Piłsudskiego 18;1075;425;425;8;417;39.53;1.88;1096;730;730;17;713;66.61;2.33
54469;121905;8;Świetlica Środowiskowa w Wieliczce 32-020 Wieliczka ul. Reformacka 76;965;308;308;12;296;31.92;3.90;1047;611;611;11;600;58.36;1.80
54470;121905;9;Centrum Edukacyjno-Rekreacyjne „Solne Miasto” w Wieliczce 32-020 Wieliczka ul. Kosciuszki 15;1944;534;534;13;521;27.47;2.43;1936;1107;1107;12;1095;57.18;1.08
54471;121905;10;Szkoła Podstawowa Nr 4 w Wieliczce 32-020 Wieliczka ul. Krzyszkowicka 18;1498;428;428;10;418;28.57;2.34;1650;1035;1035;20;1015;62.73;1.93
54472;121905;11;Dom Osiedlowy w Wieliczce 32-020 Wieliczka ul. Krzyszkowicka 5c;1346;413;413;8;405;30.68;1.94;1473;956;956;18;938;64.90;1.88
54473;121905;12;Szkoła Podstawowa w Sierczy 32-020 Siercza 428;1154;306;306;10;296;26.52;3.27;1183;622;622;10;612;52.58;1.61
54474;121905;13;Szkoła Podstawowa w Sygneczowie 32-020 Sygneczów 1;1441;379;379;15;364;26.30;3.96;1476;802;802;14;788;54.34;1.75
54475;121905;14;Szkoła Podstawowa w Golkowicach 30-698 Golkowice 454;1442;282;282;15;267;19.56;5.32;1478;701;701;15;686;47.43;2.14
54476;121905;15;Świetlica Środowiskowa w Janowicach 32-020 Janowice 402;970;207;207;10;197;21.34;4.83;1000;492;492;10;482;49.20;2.03
54477;121905;16;Szkoła Podstawowa w Podstolicach 32-020 Podstolice 204;799;194;194;13;181;24.28;6.70;822;445;445;11;434;54.14;2.47
54478;121905;17;Szkoła Podstawowa w Koźmicach Wielkich 32-020 Koźmice Wielkie 1;1320;240;240;2;238;18.18;0.83;1296;607;607;20;587;46.84;3.29
54479;121905;18;Szkoła Podstawowa w Koźmicach Wielkich 32-020 Koźmice Wielkie 1;1145;296;296;5;291;25.85;1.69;1189;682;682;23;659;57.36;3.37
54480;121905;19;Szkoła Podstawowa w Byszycach 32-020 Byszyce 1;562;192;192;8;184;34.16;4.17;581;331;331;5;326;56.97;1.51
54481;121905;20;Szkoła Podstawowa w Gorzkowie 32-020 Gorzków 168;1084;223;223;8;215;20.57;3.59;1095;520;520;11;509;47.49;2.12
54482;121905;21;Szkoła Podstawowa w Raciborsku 32-020 Raciborsko 71;935;313;313;5;308;33.48;1.60;960;510;510;8;502;53.12;1.57
54483;121905;22;Dom Strażaka w Grajowie 32-020 Grajów 340;689;158;158;12;146;22.93;7.59;690;339;339;8;331;49.13;2.36
54484;121905;23;Szkoła Podstawowa w Mietniowie 32-020 Mietniów 60;807;205;205;3;202;25.40;1.46;835;467;467;6;461;55.93;1.28
54485;121905;24;Wiejski Dom Kultury w Pawlikowicach 32-020 Pawlikowice 71;1444;352;352;10;342;24.38;2.84;1463;792;792;14;778;54.14;1.77
54486;121905;25;Gimnazjum w Dobranowicach 32-020 Dobranowice 121;502;124;124;0;124;24.70;0.00;506;276;276;7;269;54.55;2.54
54487;121905;26;Dom Strażaka w Chorągwicy 32-020 Chorągwica 140;730;160;160;5;155;21.92;3.12;738;386;386;11;375;52.30;2.85
54488;121905;27;Świetlica Środowiskowa w Lednicy Górnej 32-020 Lednica Górna 451;1074;273;273;14;259;25.42;5.13;1100;594;594;15;579;54.00;2.53
54489;121905;28;Szkoła Podstawowa Nr 2 w Wieliczce Szkoła Filialna w Sułkowie 32-020 Sułków 235;942;246;246;7;239;26.11;2.85;989;581;581;20;561;58.75;3.44
54490;121905;29;Wiejski Dom Kultury w Małej Wsi 32-002 Mała Wieś 303;738;178;178;3;175;24.12;1.69;765;440;440;14;426;57.52;3.18
54491;121905;30;Wiejski Dom Kultury w Strumianach 32-002 Strumiany 254;466;138;138;2;136;29.61;1.45;471;300;300;6;294;63.69;2.00
54492;121905;31;Szkoła Podstawowa w Węgrzcach Wielkich 32-002 Wegrzce Wielkie 190;1648;556;556;24;532;33.74;4.32;1683;1076;1076;15;1061;63.93;1.39
54493;121905;32;Szkoła Podstawowa w Grabiu 32-002 Grabie 2;602;248;248;7;241;41.20;2.82;601;344;344;9;335;57.24;2.62
54494;121905;33;Dom Ludowy w Brzegach 32-002 Brzegi 234;461;154;154;4;150;33.41;2.60;483;288;288;5;283;59.63;1.74
54495;121905;34;Dom Strażaka w Kokotowie 32-002 Kokotów 553;1700;399;399;10;389;23.47;2.51;1706;928;928;15;913;54.40;1.62
54496;121905;35;Dom Strażaka w Zabawie 32-020 Zabawa 340;769;232;232;8;224;30.17;3.45;792;438;438;12;426;55.30;2.74
54497;121905;36;Przedszkole Samorządowe w Śledziejowicach 32-020 Śledziejowice 203A;1314;369;369;13;356;28.08;3.52;1333;766;766;20;746;57.46;2.61
54498;121905;37;Dom Ludowy w Czarnochowicach 32-020 Czarnochowice 150;1084;271;271;6;265;25.00;2.21;1117;620;620;19;601;55.51;3.06
54499;126101;1;VI Liceum Ogólnokształcące 31-057 Kraków ul. Wąska 7;1055;438;438;13;425;41.52;2.97;1021;623;623;11;612;61.02;1.77
54500;126101;2;VI Liceum Ogólnokształcące 31-057 Kraków ul.Wąska 7;954;367;367;22;345;38.47;5.99;936;536;536;7;529;57.26;1.31
54501;126101;3;Staromiejskie Centrum Kultury Młodzieży 31-054 Kraków ul. J. Dietla 53;1126;399;399;17;382;35.44;4.26;1116;615;615;5;610;55.11;0.81
54502;126101;4;Zespół Szkolno-Przedszkolny Nr 3 31-052 Kraków ul. Miodowa 36;911;333;333;13;320;36.55;3.90;979;575;575;7;568;58.73;1.22
54503;126101;5;Zespół Szkolno-Przedszkolny Nr 3 31-052 Kraków ul. Miodowa 36;1057;385;385;12;373;36.42;3.12;993;562;562;18;544;56.60;3.20
54504;126101;6;Zespół Szkół Mechanicznych Nr 4 31-054 Kraków ul. Podbrzezie 10;556;213;213;8;205;38.31;3.76;528;334;334;4;330;63.26;1.20
54505;126101;7;Szkoła Podstawowa z Oddziałami Integracyjnymi Nr 22 31-067 Kraków ul. Chmielowskiego 1;1405;569;569;14;555;40.50;2.46;1413;861;861;9;852;60.93;1.05
54506;126101;8;Samorządowe Przedszkole Nr 45 31-067 Kraków ul. Piekarska 14;1312;520;520;19;501;39.63;3.65;1261;711;711;5;706;56.38;0.70
54507;126101;9;Gimnazjum Nr 1 31-069 Kraków ul. Bernardyńska 7;751;300;300;8;292;39.95;2.67;781;441;441;5;436;56.47;1.13
54508;126101;10;Gimnazjum Nr 1 31-069 Kraków ul. Bernardyńska 7;755;363;363;9;354;48.08;2.48;799;539;539;1;538;67.46;0.19
54509;126101;11;Zespół Szkolno-Przedszkolny Nr 6 31-039 Kraków ul. Dietla 70;865;346;346;10;336;40.00;2.89;867;566;566;6;560;65.28;1.06
54510;126101;12;Zespół Szkolno-Przedszkolny Nr 6 31-039 Kraków ul. Dietla 70;762;345;345;5;340;45.28;1.45;719;441;441;7;434;61.34;1.59
54511;126101;13;Urząd Miasta Krakowa 31-072 Kraków ul. Wielopole 17 A;1326;572;572;15;557;43.14;2.62;1280;855;855;8;847;66.80;0.94
54512;126101;14;Szkoła Podstawowa Nr 1 31-024 Kraków ul. św. Marka 34;673;316;316;6;310;46.95;1.90;606;481;481;6;475;79.37;1.25
54513;126101;15;Szkoła Podstawowa Nr 1 31-024 Kraków ul. Świętego Marka 34;1032;528;528;11;517;51.16;2.08;1078;780;780;3;777;72.36;0.38
54514;126101;16;Szkoła Podstawowa Nr 1 31-024 Kraków ul. Świętego Marka 34;1182;622;623;13;609;52.62;2.09;1205;829;829;4;825;68.80;0.48
54515;126101;17;I Liceum Ogólnokształcące 31-101 Kraków ul. Plac Na Groblach 9;809;358;358;13;345;44.25;3.63;819;508;508;7;501;62.03;1.38
54516;126101;18;Szkoła Podstawowa Nr 4 31-108 Kraków ul. Smoleńsk 5/7;968;495;495;5;490;51.14;1.01;989;704;704;4;700;71.18;0.57
54517;126101;19;Szkoła Podstawowa Nr 4 31-108 Kraków ul. Smoleńsk 5/7;872;446;446;9;437;51.15;2.02;861;598;598;5;593;69.45;0.84
54518;126101;20;Zespół Szkół Mechanicznych Nr 1 31-120 Kraków al. Mickiewicza 5 wejście od ul. Humberta 1;633;317;317;5;312;50.08;1.58;629;455;455;5;450;72.34;1.10
54519;126101;21;Zespół Szkół Energetycznych 31-114 Kraków ul. Loretańska 16;1018;451;451;8;443;44.30;1.77;1021;669;669;1;668;65.52;0.15
54520;126101;22;Specjalny Ośrodek Szkolno-Wychowawczy Nr 1 31-123 Kraków ul. Szujskiego 2;776;350;350;7;343;45.10;2.00;768;500;500;2;498;65.10;0.40
54521;126101;23;Specjalny Ośrodek Szkolno-Wychowawczy Nr 1 31-123 Kraków ul. Szujskiego 2;590;329;329;11;318;55.76;3.34;579;406;406;1;405;70.12;0.25
54522;126101;24;II Liceum Ogólnokształcące 31-136 Kraków ul. Sobieskiego 9;1340;664;664;10;654;49.55;1.51;1351;882;882;2;880;65.28;0.23
54523;126101;25;II Liceum Ogólnokształcące 31-136 Kraków ul. Sobieskiego 9;1155;511;511;17;494;44.24;3.33;1117;694;694;5;689;62.13;0.72
54524;126101;26;Małopolskie Centrum Doskonalenia Nauczycieli Ośrodek Doskonalenia Nauczycieli w Krakowie 31-131 Kraków ul. Garbarska 1;1024;495;495;11;484;48.34;2.22;1055;691;691;6;685;65.50;0.87
54525;126101;27;Centrum Medyczne 4M 31-141 Kraków ul. Krowoderska 17;1334;625;625;16;609;46.85;2.56;1406;956;956;6;950;67.99;0.63
54526;126101;28;Przedszkole Samorządowe Nr 44 31-145 Kraków ul. Żuławskiego 9;797;385;385;15;370;48.31;3.90;811;532;532;6;526;65.60;1.13
54527;126101;29;X Liceum Ogólnokształcące 31-148 Kraków ul. Wróblewskiego 8;619;282;282;6;276;45.56;2.13;643;422;422;3;419;65.63;0.71
54528;126101;30;X Liceum Ogólnokształcące 31-148 Kraków ul. Wróblewskiego 8;1064;503;503;10;493;47.27;1.99;1025;668;668;1;667;65.17;0.15
54529;126101;31;Gimnazjum Nr 4 31-150 Kraków ul. Rynek Kleparski 18;1393;572;572;10;562;41.06;1.75;1403;897;897;12;885;63.93;1.34
54530;126101;32;Szkoła Podstawowa Nr 95 31-413 Kraków ul. Wileńska 9;859;323;323;4;319;37.60;1.24;928;559;559;0;559;60.24;0.00
54531;126101;33;Zespół Szkół Ogólnokształcących Nr 11 31-517 Kraków ul. Wyrwińskiego 1;1293;674;674;10;664;52.13;1.48;1310;876;876;5;871;66.87;0.57
54532;126101;34;Młodzieżowy Dom Kultury 31-526 Kraków ul. Grunwaldzka 5;1300;610;610;31;579;46.92;5.08;1261;851;851;7;844;67.49;0.82
54533;126101;35;Urząd Miasta Krakowa 31-523 Kraków ul. Kasprowicza 29;1256;607;607;12;595;48.33;1.98;1230;821;821;3;818;66.75;0.37
54534;126101;36;Zespół Szkół i Placówek Specjalnych Nr 10 31-509 Kraków ul. Lubomirskiego 21;808;341;341;10;331;42.20;2.93;824;522;522;2;520;63.35;0.38
54535;126101;37;Szkoła Podstawowa z Oddziałami Integracyjnymi Nr 3 31-506 Kraków ul. Topolowa 22;1199;466;466;15;451;38.87;3.22;1081;675;675;5;670;62.44;0.74
54536;126101;38;Zespół Szkół Ogólnokształcących Mistrzostwa Sportowego 31-521 Kraków ul. Grochowska 20;1057;489;489;12;477;46.26;2.45;1044;702;702;7;695;67.24;1.00
54537;126101;39;Zespół Szkół Ogólnokształcących Mistrzostwa Sportowego 31-521 Kraków ul. Grochowska 20;1607;782;786;11;771;48.66;1.41;1558;1074;1074;17;1057;68.93;1.58
54538;126101;40;Gimnazjum Nr 7 31-564 Kraków ul. Jachowicza 5;1548;702;702;14;688;45.35;1.99;1760;1115;1115;12;1103;63.35;1.08
54539;126101;41;Gimnazjum Nr 7 31-564 Kraków ul. Jachowicza 5;1420;564;564;24;540;39.72;4.26;1374;803;803;10;793;58.44;1.25
54540;126101;42;Szkoła Podstawowa Nr 18 31-559 Kraków ul. Półkole 11;1274;507;507;25;482;39.80;4.93;1369;851;851;4;847;62.16;0.47
54541;126101;43;Szkoła Podstawowa Nr 18 31-559 Kraków ul. Półkole 11;1191;540;540;15;525;45.34;2.78;1194;761;761;5;756;63.74;0.66
54542;126101;44;Szkoła Podstawowa Nr 38 31-543 Kraków ul. Pułkownika Nullo 23;1509;716;716;23;693;47.45;3.21;1508;1024;1024;3;1021;67.90;0.29
54543;126101;45;Szkoła Podstawowa Nr 38 31-543 Kraków ul. Pułkownika Nullo 23;1450;664;664;14;650;45.79;2.11;1461;924;924;4;920;63.24;0.43
54544;126101;46;Szkoła Podstawowa Nr 38 31-543 Kraków ul. Pułkownika Nullo 23;1155;491;491;16;475;42.51;3.26;1108;712;712;3;709;64.26;0.42
54545;126101;47;XIII Liceum Ogólnokształcące 31-542 Kraków ul. Sądowa 4;1131;505;505;16;489;44.65;3.17;1314;844;844;10;834;64.23;1.18
54546;126101;48;XIII Liceum Ogólnokształcące 31-542 Kraków ul. Sądowa 4;1135;558;558;7;551;49.16;1.25;1120;771;771;4;767;68.84;0.52
54547;126101;49;VIII Liceum Ogólnokształcące 31-531 Kraków ul. Grzegórzecka 24;1133;427;427;8;419;37.69;1.87;1132;654;654;1;653;57.77;0.15
54548;126101;50;VIII Liceum Ogólnokształcące 31-531 Kraków ul. Grzegórzecka 24;1109;465;465;18;447;41.93;3.87;1079;657;657;13;644;60.89;1.98
54549;126101;51;Zespół Szkół Zawodowych Nr 1 31-540 Kraków ul. Rzeźnicza 4;1246;543;543;9;534;43.58;1.66;1268;788;788;2;786;62.15;0.25
54550;126101;52;Zespół Szkół Ogólnokształcących Nr 1 31-535 Kraków ul. Księdza Blachnickiego 1;1406;627;627;19;608;44.59;3.03;1387;868;868;14;854;62.58;1.61
54551;126101;53;Filia Przedszkola Samorządowego Nr 162 31-426 Kraków ul. Duchacka 3;706;342;342;7;335;48.44;2.05;688;493;493;3;490;71.66;0.61
54552;126101;54;Szkoła Podstawowa Nr 95 31-413 Kraków ul. Wileńska 9;1543;680;680;33;647;44.07;4.85;1542;1025;1025;5;1020;66.47;0.49
54553;126101;55;Szkoła Podstawowa Nr 95 31-413 Kraków ul. Wileńska 9;1522;508;508;17;491;33.38;3.35;1461;822;822;12;810;56.26;1.46
54554;126101;56;Szkoła Podstawowa Nr 95 31-413 Kraków ul. Wileńska 9;1396;597;597;17;580;42.77;2.85;1329;827;827;19;808;62.23;2.30
54555;126101;57;Młodzieżowy Dom Kultury 31-406 Kraków al. 29 Listopada 102;1091;454;454;13;441;41.61;2.86;1079;723;723;3;720;67.01;0.41
54556;126101;58;Śródmiejski Ośrodek Kultury Klub Muzyki Współczesnej „Malwa” 31-416 Kraków ul. Dobrego Pasterza 6;1139;567;567;11;556;49.78;1.94;1192;842;842;3;839;70.64;0.36
54557;126101;59;Przedszkole Samorządowe Nr 178 31-423 Kraków ul. Sudolska 3;1414;684;684;19;665;48.37;2.78;1470;990;990;6;984;67.35;0.61
54558;126101;60;Przedszkole Samorządowe Nr 178 31-423 Kraków ul. Sudolska 3;1106;530;531;15;515;47.92;2.83;1076;747;747;5;742;69.42;0.67
54559;126101;61;Zespół Szkół Ogólnokształcących Nr 13 31-481 Kraków ul. Kazimierza Odnowiciela 2;770;401;401;21;380;52.08;5.24;734;518;518;3;515;70.57;0.58
54560;126101;62;Zespół Szkół Ogólnokształcących Nr 13 31-481 Kraków ul. Kazimierza Odnowiciela 2;1347;587;587;11;576;43.58;1.87;1312;823;823;13;810;62.73;1.58
54561;126101;63;Szkoła Podstawowa Nr 2 31-422 Kraków ul. Strzelców 5a;1520;544;545;16;528;35.79;2.94;1414;835;835;4;831;59.05;0.48
54562;126101;64;Szkoła Podstawowa nr 2 31-422 Kraków ul. Strzelców 5a;1143;489;489;14;475;42.78;2.86;1134;740;740;9;731;65.26;1.22
54563;126101;65;Szkoła Podstawowa nr 2 31-422 Kraków ul. Strzelców 5a;1042;453;453;18;435;43.47;3.97;1040;672;672;6;666;64.62;0.89
54564;126101;66;Szkoła Podstawowa nr 2 31-422 Kraków ul. Strzelców 5a;1130;432;432;9;423;38.23;2.08;1105;631;632;14;617;57.10;2.22
54565;126101;67;Szkoła Podstawowa Nr 2 31-422 Kraków ul. Strzelców 5a;1994;936;936;22;914;46.94;2.35;2066;1399;1399;9;1390;67.72;0.64
54566;126101;68;Szkoła Podstawowa Nr 2 31-422 Kraków ul. Strzelców 5a;1786;769;770;35;734;43.06;4.55;1910;1274;1274;17;1257;66.70;1.33
54567;126101;69;Szkoła Podstawowa Nr 64 31-465 Kraków ul. Sadzawki 1;973;399;399;18;381;41.01;4.51;1113;663;666;12;651;59.57;1.81
54568;126101;70;Szkoła Podstawowa Nr 64 31-465 Kraków ul. Sadzawki 1;1950;1021;1022;33;988;52.36;3.23;944;596;596;9;587;63.14;1.51
54569;126101;71;Przedszkole Samorządowe Nr 14 31-470 Kraków ul. Młyńska Boczna 4;1142;478;478;15;463;41.86;3.14;1983;1433;1433;10;1423;72.26;0.70
54570;126101;72;Zespół Szkół Społecznych Nr 7 31-436 Kraków ul. Stanisława ze Skalbmierza 7;1007;493;493;13;480;48.96;2.64;1098;666;666;12;654;60.66;1.80
54571;126101;73;Zespół Szkół Społecznych Nr 7 31-436 Kraków ul. Stanisława ze Skalbmierza 7;1153;422;422;5;417;36.60;1.18;1015;696;696;9;687;68.57;1.29
54572;126101;74;Zespół Szkół Społecznych Nr 7 31-436 Kraków ul. Stanisława ze Skalbmierza 7;1453;502;502;16;486;34.55;3.19;1125;610;610;17;593;54.22;2.79
54573;126101;75;Zespół Szkół Społecznych Nr 7 31-436 Kraków ul. Stanisława ze Skalbmierza 7;1076;426;426;17;409;39.59;3.99;1463;878;878;7;871;60.01;0.80
54574;126101;76;Szkoła Muzyczna I Stopnia Nr 1 31-462 Kraków ul. Pilotów 51;1956;994;994;31;963;50.82;3.12;1042;606;606;4;602;58.16;0.66
54575;126101;77;Zespół Szkół Ogólnokształcących Nr 9 31-455 Kraków ul. Seniorów Lotnictwa 5;1690;828;828;18;810;48.99;2.17;1990;1419;1419;9;1410;71.31;0.63
54576;126101;78;Zespół Szkół Ogólnokształcących Nr 9 31-455 Kraków ul. Seniorów Lotnictwa 5;853;340;340;8;332;39.86;2.35;1685;1138;1138;16;1122;67.54;1.41
54577;126101;79;Zespół Szkół Nr 1 31-450 Kraków ul. Ułanów 3;1164;477;477;22;455;40.98;4.61;831;537;537;7;530;64.62;1.30
54578;126101;80;Zespół Szkół Nr 1 31-450 Kraków ul. Ułanów 3;1250;543;543;14;529;43.44;2.58;1164;699;699;10;689;60.05;1.43
54579;126101;81;Szkoła Podstawowa Nr 114 31-443 Kraków ul. Łąkowa 31;1815;796;796;36;760;43.86;4.52;1198;723;723;13;710;60.35;1.80
54580;126101;82;Szkoła Podstawowa Nr 114 31-443 Kraków ul. Łąkowa 31;916;426;426;8;418;46.51;1.88;1961;1288;1288;10;1278;65.68;0.78
54581;126101;83;Zespół Szkół Ogólnokształcących Nr 53 31-346 Kraków ul. Stawowa 179;1728;753;753;20;733;43.58;2.66;1031;697;697;1;696;67.60;0.14
54582;126101;84;Zespół Szkół Ogólnokształcących Nr 53 31-346 Kraków ul. Stawowa 179;1725;787;787;41;746;45.62;5.21;1818;1230;1230;16;1214;67.66;1.30
54583;126101;85;Zespół Szkół Ogólnokształcących Nr 5 31-322 Kraków ul. Chełmońskiego 24;1121;471;471;22;449;42.02;4.67;2084;1489;1489;11;1478;71.45;0.74
54584;126101;86;Zespół Szkół Ogólnokształcących Nr 5 31-322 Kraków ul. Chełmońskiego 24;1188;472;472;15;457;39.73;3.18;1107;693;693;19;674;62.60;2.74
54585;126101;87;Zespół Szkół Ogólnokształcących Nr 5 31-322 Kraków ul. Chełmońdskiego 24;1577;537;537;18;519;34.05;3.35;1174;695;695;8;687;59.20;1.15
54586;126101;88;Klub Kultury „Vademecum” 31-315 Kraków ul. Radzikowskiego 29;1691;530;531;12;518;31.34;2.26;1551;892;892;12;880;57.51;1.35
54587;126101;89;Szkoła Podstawowa Nr 119 31-319 Kraków ul. Czerwieńskiego 1;1140;631;631;14;617;55.35;2.22;1624;863;863;5;858;53.14;0.58
54588;126101;90;Szkoła Podstawowa Nr 119 31-319 Kraków ul. Czerwieńskiego 1;1144;452;452;12;440;39.51;2.65;1189;906;906;6;900;76.20;0.66
54589;126101;91;Szkoła Podstawowa Nr 119 31-319 Kraków ul. Czerwieńskiego 1;1097;383;383;15;368;34.91;3.92;1199;796;796;6;790;66.39;0.75
54590;126101;92;Szkoła Podstawowa Nr 119 31-319 Kraków ul. Czerwieńskiego 1;975;287;287;12;275;29.44;4.18;1095;614;614;8;606;56.07;1.30
54591;126101;93;Szkoła Podstawowa Nr 119 31-319 Kraków ul. Czerwieńskiego 1;949;314;314;10;304;33.09;3.18;956;492;492;2;490;51.46;0.41
54592;126101;94;Szkoła Podstawowa Nr 113 31-328 Kraków ul. Stachiewicza 33;2153;698;698;31;667;32.42;4.44;953;537;537;8;529;56.35;1.49
54593;126101;95;Szkoła Podstawowa Nr 113 31-328 Kraków ul. Stachiewicza 33;808;279;279;7;272;34.53;2.51;2063;1125;1125;10;1115;54.53;0.89
54594;126101;96;Szkoła Podstawowa Nr 113 31-328 Kraków ul. Stachiewicza 33;1083;323;323;13;310;29.82;4.02;788;434;435;9;425;55.08;2.07
54595;126101;97;Szkoła Rodzenia 31-201 Kraków ul. Siemaszki 17 E;1083;373;373;17;356;34.44;4.56;1061;534;534;9;525;50.33;1.69
54596;126101;98;Szkoła Podstawowa Nr 107 31-216 Kraków ul. Zdrowa 6;1641;575;575;26;549;35.04;4.52;1080;621;621;6;615;57.50;0.97
54597;126101;99;Szkoła Podstawowa Nr 107 31-216 Kraków ul. Zdrowa 6;1601;734;734;17;717;45.85;2.32;1594;922;922;15;907;57.84;1.63
54598;126101;100;Szkoła Podstawowa Nr 107 31-216 Kraków ul. Zdrowa 6;1156;621;621;9;612;53.72;1.45;0;0;0;0;0;NA;-99
54599;126101;101;Szkoła Podstawowa Nr 107 31-216 Kraków ul. Zdrowa 6;1189;539;539;20;519;45.33;3.71;1151;853;853;4;849;74.11;0.47
54600;126101;102;Szkoła Podstawowa Nr 109 31-214 Kraków ul. Mackiewicza 15;1296;561;561;12;549;43.29;2.14;1261;867;867;4;863;68.75;0.46
54601;126101;103;Szkoła Podstawowa Nr 109 31-214 Kraków ul. Mackiewicza 15;925;437;437;10;427;47.24;2.29;1261;846;846;14;832;67.09;1.65
54602;126101;104;Szkoła Podstawowa Nr 109 31-214 Kraków ul. Mackiewicza 15;776;378;378;11;367;48.71;2.91;1036;755;755;9;746;72.88;1.19
54603;126101;105;Gimnazjum Nr 13 31-214 Kraków ul. Mackiewicza 15;1981;879;879;17;862;44.37;1.93;760;504;504;1;503;66.32;0.20
54604;126101;106;Gimnazjum Nr 13 31-214 Kraków ul. Mackiewicza 15;1105;497;497;13;484;44.98;2.62;1877;1256;1256;7;1249;66.92;0.56
54605;126101;107;Gimnazjum Nr 13 31-214 Kraków ul. Mackiewicza 15;1093;532;532;17;515;48.67;3.20;1058;694;694;4;690;65.60;0.58
54606;126101;108;Szkoła Podstawowa Nr 58 31-230 Kraków ul. Pigonia 2;1586;738;738;21;717;46.53;2.85;1134;793;793;10;783;69.93;1.26
54607;126101;109;Szkoła Podstawowa Nr 58 31-230 Kraków ul. Pigonia 2;1121;532;532;16;516;47.46;3.01;1538;1094;1094;8;1086;71.13;0.73
54608;126101;110;Przedszkole Samorządowe Nr 165 31-229 Kraków ul. Danka 1;1930;835;835;21;814;43.26;2.51;1105;750;751;4;746;67.87;0.53
54609;126101;111;Szkoła Podstawowa Nr 21 31-273 Kraków ul. Batalionu „Skała” AK 12;1966;850;850;26;824;43.23;3.06;1971;1290;1291;9;1281;65.45;0.70
54610;126101;112;Szkoła Podstawowa Nr 21 31-273 Kraków ul. Batalionu „Skała” AK 12;1864;868;868;25;843;46.57;2.88;1986;1265;1265;13;1252;63.70;1.03
54611;126101;113;Szkoła Podstawowa Nr 21 31-273 Kraków ul. Batalionu „Skała” AK 12;1661;736;736;21;715;44.31;2.85;1894;1313;1313;7;1306;69.32;0.53
54612;126101;114;Gimnazjum Nr 12 31-271 Kraków ul. Kluczborska 3;2057;882;882;28;854;42.88;3.17;1628;1083;1083;10;1073;66.52;0.92
54613;126101;115;Gimnazjum Nr 12 31-271 Kraków ul. Kluczborska 3;1160;414;414;25;389;35.69;6.04;2051;1351;1351;20;1331;65.87;1.48
54614;126101;116;Gimnazjum Nr 12 31-271 Kraków ul. Kluczborska 3;1603;696;697;31;665;43.42;4.45;1115;632;632;7;625;56.68;1.11
54615;126101;117;Gimnazjum Nr 12 31-271 Kraków ul. Kluczborska 3;1648;777;777;20;757;47.15;2.57;1559;1006;1006;4;1002;64.53;0.40
54616;126101;118;Szkoła Podstawowa Nr 67 31-264 Kraków ul. Kaczorówka 4;1591;603;604;16;587;37.90;2.65;1696;1179;1179;5;1174;69.52;0.42
54617;126101;119;Zespół Szkolno-Przedszkolny Nr 2 31-234 Kraków ul. Porzeczkowa 3;1379;570;571;18;552;41.33;3.16;1599;1046;1046;8;1038;65.42;0.76
54618;126101;120;Zespół Szkolno-Przedszkolny Nr 2 31-234 Kraków ul. Porzeczkowa 3;1030;425;425;10;415;41.26;2.35;1400;920;920;9;911;65.71;0.98
54619;126101;121;Młodzieżowy Dom Kultury 31-406 Kraków al. 29 Listopada 102;2139;735;735;24;711;34.36;3.27;1148;779;779;5;774;67.86;0.64
54620;126101;122;Samorządowe Przedszkole Nr 66 30-071 Kraków ul.Arcybiskupa Felińskiego 35;1499;629;629;19;610;41.96;3.02;1105;737;737;4;733;66.70;0.54
54621;126101;123;VII Liceum Ogólnokształcące 30-071 Kraków ul. Skarbińskiego 5;1761;873;874;30;843;49.57;3.44;1120;491;491;8;483;43.84;1.63
54622;126101;124;VII Liceum Ogólnokształcące 30-071 Kraków ul. Skarbińskiego 5;1007;617;617;13;604;61.27;2.11;1682;1165;1165;14;1151;69.26;1.20
54623;126101;125;VII Liceum Ogólnokształcące 30-071 Kraków ul. Skarbińskiego 5;1241;633;634;15;618;51.01;2.37;1780;1260;1261;11;1249;70.79;0.87
54624;126101;126;VII Liceum Ogólnokształcące 30-059 Kraków ul. Skarbińskiego 5;911;344;344;13;331;37.76;3.78;1259;995;995;7;988;79.03;0.70
54625;126101;127;Towarzystwo Sportowe „Wisła” 30-079 Kraków ul. Reymonta 22;664;439;439;8;431;66.11;1.82;1214;845;845;6;839;69.60;0.71
54626;126101;128;Zespół Szkół Ogólnokształcących Integracyjnych Nr 1 30-079 Kraków al. Kijowska 3;1540;745;745;23;722;48.38;3.09;919;507;507;6;501;55.17;1.18
54627;126101;129;Zespół Szkół Ogólnokształcących Nr 51 30-076 Kraków al. Kijowska 8;1445;677;677;15;662;46.85;2.22;735;590;590;4;586;80.27;0.68
54628;126101;130;Zespół Szkół Specjalnych Nr 4 30-076 Kraków ul. Zakątek 2;1832;912;912;30;882;49.78;3.29;1539;1031;1031;8;1023;66.99;0.78
54629;126101;131;Zespół Szkół Specjalnych Nr 4 30-076 Kraków ul. Zakątek 2;762;458;458;13;445;60.10;2.84;1486;957;957;6;951;64.40;0.63
54630;126101;132;Zespół Szkół Specjalnych Nr 4 30-074 Kraków ul. Zakątek 2;1021;430;430;5;425;42.12;1.16;1780;1199;1199;11;1188;67.36;0.92
54631;126101;133;Zespół Szkolno-Przedszkolny Nr 4 30-074 Kraków ul. Urzędnicza 65;1319;683;685;17;666;51.78;2.49;768;578;578;3;575;75.26;0.52
54632;126101;134;Zespół Szkolno-Przedszkolny Nr 4 30-033 Kraków ul. Urzędnicza 65;869;435;438;19;416;50.06;4.37;1006;613;613;6;607;60.93;0.98
54633;126101;135;Uniwersytet Ekonomiczny Instytut Towaroznawstwa 30-048 Kraków ul. Sienkiewicza 4;742;371;371;15;356;50.00;4.04;1354;927;927;4;923;68.46;0.43
54634;126101;136;IX Liceum Ogólnokształcące 30-048 Kraków ul. Czapińskiego 5;783;345;345;6;339;44.06;1.74;921;639;639;9;630;69.38;1.41
54635;126101;137;IX Liceum Ogólnokształcące 30-049 Kraków ul. Czapińskiego 5;978;486;486;19;467;49.69;3.91;750;506;506;3;503;67.47;0.59
54636;126101;138;Gimnazjum Nr 16 30-003 Kraków ul. Konarskiego 2;1146;617;617;9;608;53.84;1.46;748;483;483;3;480;64.57;0.62
54637;126101;139;Urząd Miasta Krakowa 30-019 Kraków ul. Lubelska 27;1372;624;624;15;609;45.48;2.40;944;622;623;8;614;65.89;1.29
54638;126101;140;Szkoła Podstawowa Nr 36 30-019 Kraków ul. Mazowiecka 70;1348;584;584;13;571;43.32;2.23;1176;829;829;8;821;70.49;0.97
54639;126101;141;Szkoła Podstawowa Nr 36 30-019 Kraków ul. Mazowiecka 70;1114;586;586;15;571;52.60;2.56;1351;946;946;3;943;70.02;0.32
54640;126101;142;Szkoła Podstawowa Nr 36 30-019 Kraków ul. Mazowiecka 70;1064;478;478;9;469;44.92;1.88;1383;958;958;10;948;69.27;1.04
54641;126101;143;Szkoła Podstawowa Nr 36 30-019 Kraków ul. Mazowiecka 70;1548;795;795;20;775;51.36;2.52;1094;726;727;8;718;66.36;1.10
54642;126101;144;Gimnazjum Nr 17 30-014 Kraków ul. Litewska 34;1324;570;577;11;559;43.05;1.93;1060;664;664;4;660;62.64;0.60
54643;126101;145;Gimnazjum Nr 17 30-014 Kraków ul. Litewska 34;1347;684;684;22;662;50.78;3.22;1513;1010;1010;8;1002;66.75;0.79
54644;126101;146;Gimnazjum Nr 17 31-351 Kraków ul. Litewska 34;1268;630;630;15;615;49.68;2.38;1343;871;871;10;861;64.85;1.15
54645;126101;147;Szkoła Podstawowa Nr 50 30-147 Kraków ul. Katowicka 28;1224;641;641;19;622;52.37;2.96;1316;882;882;4;878;67.02;0.45
54646;126101;148;Szkoła Podstawowa Nr 153 30-147 Kraków ul. Na Błonie 15d;1769;914;914;33;881;51.67;3.61;1284;888;888;3;885;69.16;0.34
54647;126101;149;Szkoła Podstawowa nr 153 30-147 Kraków ul. Na Błonie 15d;1049;521;521;3;518;49.67;0.58;1268;937;937;5;932;73.90;0.53
54648;126101;150;Zespół Szkół Ogólnokształcących Nr 8 30-147 Kraków ul. Na Błonie 15b;1003;548;548;8;540;54.64;1.46;1769;1258;1258;6;1252;71.11;0.48
54649;126101;151;Zespół Szkół Ogólnokształcących nr 8 30-147 Kraków ul. Na Błonie 15b;1602;803;803;17;786;50.12;2.12;1031;692;692;1;691;67.12;0.14
54650;126101;152;Zespół Szkół Ogólnokształcących Nr 8 30-198 Kraków ul. Na Błonie 15B;1467;827;827;20;807;56.37;2.42;1010;750;750;5;745;74.26;0.67
54651;126101;153;Szkoła Podstawowa Nr 138 30-132 Kraków ul. Wierzyńskiego 3;2024;881;881;23;858;43.53;2.61;1605;1112;1112;12;1100;69.28;1.08
54652;126101;154;Szkoła Podstawowa Nr 93 30-132 Kraków ul. Szlachtowskiego 31;1968;954;954;47;907;48.48;4.93;1501;1095;1095;5;1090;72.95;0.46
54653;126101;155;Szkoła Podstawowa Nr 93 30-095 Kraków ul. Szlachtowskiego 31;1135;517;517;20;497;45.55;3.87;2198;1487;1487;17;1470;67.65;1.14
54654;126101;156;Zespół Szkół Ogólnokształcących Nr 7 30-095 Kraków ul. Złoty Róg 30;1147;528;528;18;510;46.03;3.41;1977;1331;1331;3;1328;67.32;0.23
54655;126101;157;Zespół Szkół Ogólnokształcących Nr 7 30-095 Kraków ul. Złoty Róg 30;1064;581;581;14;567;54.61;2.41;1196;799;799;8;791;66.81;1.00
54656;126101;158;Zespół Szkół Ogólnokształcących Nr 7 30-127 Kraków ul. Złoty Róg 30;1016;453;453;13;440;44.59;2.87;1129;751;751;10;741;66.52;1.33
54657;126101;159;Zespół Szkół Budowlanych Nr 1 30-127 Kraków ul. Szablowskiego 1;879;481;481;11;470;54.72;2.29;1085;794;794;6;788;73.18;0.76
54658;126101;160;Zespół Szkół Budowlanych Nr 1 30-127 Kraków ul. Szablowskiego 1;739;372;372;6;366;50.34;1.61;1032;651;651;9;642;63.08;1.38
54659;126101;161;Centrum Kształcenia Praktycznego 30-243 Kraków ul. Wesele 41;1403;674;674;25;649;48.04;3.71;890;667;667;7;660;74.94;1.05
54660;126101;162;Szkoła Podstawowa Nr 48 30-238 Kraków ul. Księcia Józefa 337;1864;828;828;20;808;44.42;2.42;733;506;506;4;502;69.03;0.79
54661;126101;163;Klub Kultury „Chełm” 30-298 Kraków ul. Chełmska 16;1746;891;891;23;868;51.03;2.58;1651;1062;1062;13;1049;64.32;1.22
54662;126101;164;Publiczna Szkoła Podstawowa Sióstr Pijarek im. Św. Józefa Kalasancjusza 30-252 Kraków ul. Korzeniaka 18;1227;371;371;6;365;30.24;1.62;1539;1226;1226;11;1215;79.66;0.90
54663;126101;165;Klub Kultury „Przegorzały” 30-106 Kraków ul. Kamedulska 70;950;486;486;13;473;51.16;2.67;1751;1233;1233;9;1224;70.42;0.73
54664;126101;166;Zespół Szkół Ogólnokształcących Nr 18 30-106 Kraków ul. Senatorska 35;761;394;394;13;381;51.77;3.30;1218;692;692;16;676;56.81;2.31
54665;126101;167;Zespół Szkół Ogólnokształcących Nr 18 30-117 Kraków ul. Senatorska 35;960;473;473;11;462;49.27;2.33;947;666;666;8;658;70.33;1.20
54666;126101;168;Zespół Szkół Ogólnokształcących Nr 18 30-106 Kraków ul. Senatorska 35;867;368;368;10;358;42.45;2.72;740;508;508;0;508;68.65;0.00
54667;126101;169;Zespół Szkół Ogólnokształcących Nr 18 30-106 Kraków ul. Senatorska 35;778;373;373;16;357;47.94;4.29;939;628;628;5;623;66.88;0.80
54668;126101;170;Szkoła Podstawowa Nr 31 30-117 Kraków ul. Prusa 18;567;265;265;8;257;46.74;3.02;851;543;543;9;534;63.81;1.66
54669;126101;171;Szkoła Podstawowa Nr 31 30-117 Kraków ul. Prusa 18;687;337;337;15;322;49.05;4.45;761;506;506;5;501;66.49;0.99
54670;126101;172;Szkoła Podstawowa Nr 31 30-117 Kraków ul. Prusa 18;1052;540;540;20;520;51.33;3.70;566;369;369;5;364;65.19;1.36
54671;126101;173;Szkoła Podstawowa Nr 32 30-209 Kraków ul. Królowej Jadwigi 78;1760;959;960;18;941;54.49;1.88;661;431;431;4;427;65.20;0.93
54672;126101;174;Szkoła Podstawowa Nr 32 30-224 Kraków ul. Królowej Jadwigi 78;590;311;311;8;303;52.71;2.57;1008;686;687;10;676;68.06;1.46
54673;126101;175;Szkoła Podstawowa Nr 72 30-224 Kraków al. Modrzewiowa 23;1471;775;775;20;755;52.69;2.58;1810;1314;1316;10;1304;72.60;0.76
54674;126101;176;Szkoła Podstawowa Nr 72 30-383 Kraków al. Modrzewiowa 23;1659;976;976;19;957;58.83;1.95;577;400;400;3;397;69.32;0.75
54675;126101;177;Szkoła Podstawowa Nr 53 30-383 Kraków ul. Skośna 8;1622;750;751;29;721;46.24;3.87;1513;1082;1082;11;1071;71.51;1.02
54676;126101;178;Szkoła Podstawowa Nr 53 30-383 Kraków ul. Skośna 8;1183;514;514;13;501;43.45;2.53;1650;1248;1248;9;1239;75.64;0.72
54677;126101;179;Szkoła Podstawowa Nr 53 30-383 Kraków- ul. Skośna 8;1560;843;843;17;826;54.04;2.02;1534;1070;1070;11;1059;69.75;1.03
54678;126101;180;Szkoła Podstawowa Nr 53 30-383 Kraków ul. Skośna 8;1293;605;605;13;592;46.79;2.15;1091;762;762;2;760;69.84;0.26
54679;126101;181;Szkoła Podstawowa Nr 53 30-383 Kraków ul. Skośna 8;1275;561;561;27;534;44.00;4.81;1530;1157;1157;5;1152;75.62;0.43
54680;126101;182;Szkoła Podstawowa Nr 53 30-383 Kraków ul. Skośna 8;1650;632;632;20;612;38.30;3.16;1394;988;988;4;984;70.88;0.40
54681;126101;183;Szkoła Podstawowa Nr 40 30-385 Kraków ul. Pszczelna 13;1861;850;850;32;818;45.67;3.76;1370;979;979;7;972;71.46;0.72
54682;126101;184;Szkoła Podstawowa Nr 40 30-385 Kraków ul. Pszczelna 13;1217;536;536;20;516;44.04;3.73;1331;811;811;6;805;60.93;0.74
54683;126101;185;Szkoła Podstawowa Nr 40 30-385 Kraków ul. Pszczelna 13;1644;668;668;13;655;40.63;1.95;1996;1342;1342;10;1332;67.23;0.75
54684;126101;186;Szkoła Podstawowa Nr 40 30-385 Kraków ul. Pszczelna 13;1524;594;594;24;570;38.98;4.04;1295;881;881;10;871;68.03;1.14
54685;126101;187;Szkoła Podstawowa Nr 40 30-385 Kraków ul. Pszczelna 13;1199;479;479;31;448;39.95;6.47;1699;1082;1082;9;1073;63.68;0.83
54686;126101;188;Szkoła Podstawowa Nr 40 30-385 Kraków ul. Pszczelna 13;1071;351;351;17;334;32.77;4.84;1487;927;927;15;912;62.34;1.62
54687;126101;189;Zespół Szkolno-Przedszkolny Nr 7 30-335 Kraków ul. Skotrnicka 86;1949;667;667;24;643;34.22;3.60;1161;708;708;8;700;60.98;1.13
54688;126101;190;Zespół Szkolno-Przedszkolny Nr 7 30-335 Kraków ul. Skotnicka 86;1334;427;427;25;402;32.01;5.85;1096;588;588;7;581;53.65;1.19
54689;126101;191;Zespół Szkolno-Przedszkolny Nr 8 30-399 Kraków ul. Wrony 115;1999;678;678;17;661;33.92;2.51;2004;1212;1213;23;1189;60.48;1.90
54690;126101;192;Dom Kultury „PODGÓRZE” Klub Osiedlowy „Tyniec” 30-398 Kraków ul. Dziewiarzy 7;1200;395;395;4;391;32.92;1.01;1374;778;778;13;765;56.62;1.67
54691;126101;193;Dom Kultury „PODGÓRZE” Klub Osiedlowy „Tyniec” 30-398 Kraków ul. Dziewiarzy 7;1001;334;334;13;321;33.37;3.89;2088;1257;1257;9;1248;60.20;0.72
54692;126101;194;Szkoła Podstawowa Nr 54 30-376 Kraków ul. Tyniecka 122;1494;532;532;21;511;35.61;3.95;1262;738;749;34;704;58.48;4.61
54693;126101;195;Szkoła Podstawowa Nr 62 30-377 Kraków ul. Ćwikłowa 1;992;446;446;14;432;44.96;3.14;1043;554;554;10;544;53.12;1.81
54694;126101;196;Szkoła Podstawowa Nr 62 30-377 Kraków ul. Ćwikłowa 1;912;496;496;18;478;54.39;3.63;1519;944;944;14;930;62.15;1.48
54695;126101;197;Specjalny Ośrodek Szkolno-Wychowawczy Nr 3 30-322 Kraków ul. Praska 64;1199;465;465;21;444;38.78;4.52;1040;672;672;9;663;64.62;1.34
54696;126101;198;Zespół Szkół Łączności 30-337 Kraków ul. Monte Cassino 31;1641;873;873;11;862;53.20;1.26;940;705;705;4;701;75.00;0.57
54697;126101;199;Zespół Szkół Łączności 30-337 Kraków ul. Monte Cassino 31;1736;748;748;21;727;43.09;2.81;1058;637;637;7;630;60.21;1.10
54698;126101;200;Gimnazjum Nr 22 30-317 Kraków ul. Skwerowa 3;1733;840;840;32;808;48.47;3.81;1745;1288;1288;5;1283;73.81;0.39
54699;126101;201;Gimnazjum Nr 22 30-317 Kraków ul. Skwerowa 3;1022;416;416;9;407;40.70;2.16;1823;1254;1254;7;1247;68.79;0.56
54700;126101;202;Zespół Szkół Ogólnokształcących Integracyjnych Nr 2 30-349 Kraków ul. Lipińskiego 2;1257;390;390;19;371;31.03;4.87;1779;1174;1174;8;1166;65.99;0.68
54701;126101;203;Zespół Szkół Ogólnokształcących Integracyjnych Nr 2 30-349 Kraków ul. Lipińskiego 2;1922;851;851;33;818;44.28;3.88;1024;642;642;5;637;62.70;0.78
54702;126101;204;Zespół Szkół Ogólnokształcących Integracyjnych Nr 2 30-349 Kraków ul. Lipińskiego 2;1160;521;521;15;506;44.91;2.88;1283;715;715;14;701;55.73;1.96
54703;126101;205;Zespół Szkół Ogólnokształcących Integracyjnych Nr 2 30-349 Kraków ul. Lipińskiego 2;1136;422;422;12;410;37.15;2.84;2238;1472;1472;16;1456;65.77;1.09
54704;126101;206;Gimnazjum Nr 21 30-334 Kraków ul. Komandosów 29;1370;549;549;9;540;40.07;1.64;1157;793;793;5;788;68.54;0.63
54705;126101;207;Gimnazjum Nr 21 30-334 Kraków ul. Komandosów 29;1566;744;744;20;724;47.51;2.69;1309;791;791;4;787;60.43;0.51
54706;126101;208;Szkoła Podstawowa Nr 25 30-334 Kraków ul. Komandosów 29;1447;685;685;18;667;47.34;2.63;1349;864;864;14;850;64.05;1.62
54707;126101;209;Szkoła Podstawowa Nr 25 30-426 Kraków ul. Komandosów 29;986;473;473;16;457;47.97;3.38;1549;985;991;10;975;63.59;1.02
54708;126101;210;Szkoła Podstawowa Nr 25 30-426 Kraków ul. Komandosów 29;1209;635;635;10;625;52.52;1.57;1475;1011;1011;27;984;68.54;2.67
54709;126101;211;Gimnazjum Nr 24 30-426 Kraków ul. Montwiłła-Mireckiego 29;1484;641;641;30;611;43.19;4.68;982;649;649;1;648;66.09;0.15
54710;126101;212;Gimnazjum Nr 24 30-426 Kraków ul. Montwiłła-Mireckiego 29;1264;530;530;10;520;41.93;1.89;1193;846;846;6;840;70.91;0.71
54711;126101;213;Rada i Zarząd Dzielnicy IX Łagiewniki - Borek Fałęcki 30-427 Kraków ul. Żywiecka 13;1438;648;648;19;629;45.06;2.93;1594;1086;1086;7;1079;68.13;0.64
54712;126101;214;Centrum Aktywnego Wypoczynku Klub Sportowy „BOREK” 30-427 Kraków ul. Żywiecka 13;1368;469;469;18;451;34.28;3.84;1473;940;940;14;926;63.82;1.49
54713;126101;215;Centrum Sztuki Współczesnej „Solvay” 30-418 Kraków ul. Zakopiańska 62;722;238;238;8;230;32.96;3.36;540;394;394;2;392;72.96;0.51
54714;126101;216;Zespół Szkół Ogólnokształcących Nr 17 30-605 Kraków ul. Fredry 65;1274;518;518;12;506;40.66;2.32;1326;706;706;13;693;53.24;1.84
54715;126101;217;Zespół Szkół Ogólnokształcących Nr 17 30-605 Kraków ul. Fredry 65;1271;584;584;21;563;45.95;3.60;716;422;422;10;412;58.94;2.37
54716;126101;218;Miejskie Przedsiębiorstwo Komunikacyjne 30-347 Kraków ul. Brożka 3;1326;580;580;10;570;43.74;1.72;1430;928;928;11;917;64.90;1.19
54717;126101;219;Instytut Przemysłu Skórzanego 30-418 Kraków ul. Zakopiańska 9;1282;572;572;22;550;44.62;3.85;1255;860;860;11;849;68.53;1.28
54718;126101;220;Zespół Szkół Ogólnokształcących Integracyjnych Nr 3 30-410 Kraków ul. Strąkowa 3a;1740;761;761;15;746;43.74;1.97;1345;874;874;4;870;64.98;0.46
54719;126101;221;Stowarzyszenie RAJSKA SZKOŁA Rajski Publiczny Punkt Przedszkolny 30-694 Kraków ul. Sztaudyngera 5;674;237;237;5;232;35.16;2.11;1296;924;924;7;917;71.30;0.76
54720;126101;222;Klub Osiedlowy „SOBONIOWICE” 30-699 Kraków ul. Kuryłowicza 115;710;213;213;15;198;30.00;7.04;1569;991;991;7;984;63.16;0.71
54721;126101;223;Stowarzyszenie Rajska-Szkoła 30-698 Kraków ul. Tuchowska 113;805;290;290;10;280;36.02;3.45;687;409;409;8;401;59.53;1.96
54722;126101;224;Ochotnicza Straż Pożarna Zbydniowice 30-698 Kraków ul. Matematyków Krakowskich 102;622;150;150;4;146;24.12;2.67;717;388;388;5;383;54.11;1.29
54723;126101;225;Zespół Szkół Ogólnokształcących Nr 35 30-698 Kraków ul. Mitrowa 2;1311;459;459;17;442;35.01;3.70;821;476;476;6;470;57.98;1.26
54724;126101;226;Osiedlowy Klub Kultury „WRÓBLOWICE” 30-698 Kraków ul. Niewodniczańskiego 74;1126;353;353;10;343;31.35;2.83;626;282;282;12;270;45.05;4.26
54725;126101;227;Szkoła Podstawowa Nr 43 30-698 Kraków ul. Myślenicka 112;1665;663;663;19;644;39.82;2.87;1330;801;801;14;787;60.23;1.75
54726;126101;228;Szkoła Podstawowa Nr 43 30-698 Kraków ul. Myślenicka 112;2040;885;885;39;846;43.38;4.41;1149;578;578;19;559;50.30;3.29
54727;126101;229;Filia Szkoły Podstawowej Nr 97 30-433 Kraków ul. Armii Kraków 76;1722;876;876;26;850;50.87;2.97;1680;1055;1055;12;1043;62.80;1.14
54728;126101;230;Szkoła Podstawowa Nr 97 30-436 Kraków ul. Dr Judyma 10;1549;567;567;28;539;36.60;4.94;1961;1295;1295;15;1280;66.04;1.16
54729;126101;231;Szkoła Podstawowa Nr 97 30-436 Kraków ul. Dr Judyma 10;1262;627;627;9;618;49.68;1.44;1729;1245;1245;12;1233;72.01;0.96
54730;126101;232;Szkoła Podstawowa Nr 97 30-436 Kraków ul. Dr Judyma 10;967;408;408;15;393;42.19;3.68;1644;986;986;6;980;59.98;0.61
54731;126101;233;Szkoła Podstawowa Nr 97 30-436 Kraków ul. Dr Judyma 10;1205;589;589;17;572;48.88;2.89;1305;917;917;7;910;70.27;0.76
54732;126101;234;Szkoła Podstawowa Nr 134 30-499 Kraków ul. Kłuszyńska 46;1170;477;477;15;462;40.77;3.14;1178;817;817;6;811;69.35;0.73
54733;126101;235;Szkoła Podstawowa Nr 134 30-499 Kraków ul. Kłuszyńska 46;1089;305;305;14;291;28.01;4.59;1116;790;790;6;784;70.79;0.76
54734;126101;236;Szkoła Podstawowa Nr 27 30-686 Kraków ul. Podedworze 16;1962;803;803;25;778;40.93;3.11;1728;1179;1179;6;1173;68.23;0.51
54735;126101;237;Szkoła Podstawowa Nr 27 30-686 Kraków ul. Podedworze 16;906;343;343;9;334;37.86;2.62;1374;900;900;9;891;65.50;1.00
54736;126101;238;Szkoła Podstawowa Nr 27 30-686 Kraków ul. Podedworze 16;1588;692;692;25;667;43.58;3.61;1098;540;540;14;526;49.18;2.59
54737;126101;239;Zespół Szkół Odzieżowych Nr 1 30-614 Kraków ul. Cechowa 57;1626;730;730;14;716;44.90;1.92;1944;1240;1240;11;1229;63.79;0.89
54738;126101;240;Zespół Szkół Odzieżowych nr 1 30-685 Kraków ul. Cechowa 57;1258;559;559;13;546;44.44;2.33;1275;858;858;6;852;67.29;0.70
54739;126101;241;Zespół Szkół Odzieżowych Nr 1 30-614 Kraków ul. Cechowa 57;1226;433;433;11;422;35.32;2.54;1570;1040;1040;15;1025;66.24;1.44
54740;126101;242;Samorządowe Przedszkole Nr 33 30-687 Kraków ul. Rżącka 1;1412;625;625;26;599;44.26;4.16;1693;1141;1141;2;1139;67.40;0.18
54741;126101;243;Zespół Szkół Elektrycznych Nr 1 30-524 Kraków ul. Kamieńskiego 49;1505;624;624;23;601;41.46;3.69;1222;852;852;10;842;69.72;1.17
54742;126101;244;Gimnazjum Nr 27 30-624 Kraków ul. Malborska 98;969;395;395;25;370;40.76;6.33;1319;804;804;12;792;60.96;1.49
54743;126101;245;Gimnazjum Nr 27 30-624 Kraków ul. Malborska 98;1715;549;549;25;524;32.01;4.55;1429;948;949;18;930;66.34;1.90
54744;126101;246;Gimnazjum Nr 27 30-624 Kraków ul. Malborska 98;1536;565;565;27;538;36.78;4.78;882;578;578;12;566;65.53;2.08
54745;126101;247;Zarząd Infrastruktury Sportowej 30-633 Kraków ul. Sławka 10;1015;362;362;11;351;35.67;3.04;1018;656;656;8;648;64.44;1.22
54746;126101;248;Zespół Szkół Ogólnokształcących Integracyjnych Nr 7 30-638 Kraków ul. Czarnogórska 14;1937;696;696;22;674;35.93;3.16;1701;1008;1008;8;1000;59.26;0.79
54747;126101;249;Zespół Szkół Ogólnokształcących Integracyjnych Nr 7 30-638 Kraków ul. Czarnogórska 14;1044;305;305;5;300;29.21;1.64;1585;1030;1042;0;1030;64.98;0.00
54748;126101;250;Zespół Szkół Ogólnokształcących Integracyjnych Nr 7 30-638 Kraków ul. Czarnogórska 14;2019;774;774;22;752;38.34;2.84;992;596;596;19;577;60.08;3.19
54749;126101;251;Zespół Szkół Ogólnokształcących Integracyjnych Nr 7 30-638 Kraków ul. Czarnogórska 14;1577;613;613;18;595;38.87;2.94;1935;1113;1113;7;1106;57.52;0.63
54750;126101;252;Gimnazjum Nr 28 30-611 Kraków ul. Bujaka 15;1062;428;428;25;403;40.30;5.84;1067;597;597;3;594;55.95;0.50
54751;126101;253;Gimnazjum Nr 28 30-611 Kraków ul. Bujaka 15;1176;529;529;17;512;44.98;3.21;1988;1218;1218;14;1204;61.27;1.15
54752;126101;254;Gimnazjum Nr 28 30-611 Kraków ul. Bujaka 15;1987;792;792;15;777;39.86;1.89;1582;980;980;10;970;61.95;1.02
54753;126101;255;Gimnazjum Nr 28 30-611 Kraków ul. Bujaka 15;1526;541;541;14;527;35.45;2.59;1138;704;704;19;685;61.86;2.70
54754;126101;256;Gimnazjum Nr 28 30-611 Kraków ul. Bujaka 15;1098;525;525;7;518;47.81;1.33;1226;805;805;4;801;65.66;0.50
54755;126101;257;Gimnazjum Nr 28 30-611 Kraków ul. Bujaka 15;1090;440;440;11;429;40.37;2.50;2002;1223;1223;16;1207;61.09;1.31
54756;126101;258;Szkoła Podstawowa Nr 162 30-611 Kraków ul. Stojałowskiego 31;1033;407;407;6;401;39.40;1.47;1462;856;856;15;841;58.55;1.75
54757;126101;259;Szkoła Podstawowa Nr 162 30-611 Kraków ul. Stojałowskiego 31;2034;824;824;25;799;40.51;3.03;1106;781;781;5;776;70.61;0.64
54758;126101;260;Szkoła Podstawowa Nr 162 30-611 Kraków ul. Stojałowskiego 31;2051;716;716;28;688;34.91;3.91;1089;696;696;9;687;63.91;1.29
54759;126101;261;Szkoła Podstawowa Nr 162 30-611 Kraków ul. Stojałowskiego 31;1780;718;718;23;695;40.34;3.20;1040;681;681;9;672;65.48;1.32
54760;126101;262;Szkoła Podstwowa nr 55 30-620 Kraków ul. Dobczycka 20;1393;542;542;13;529;38.91;2.40;1976;1210;1210;15;1195;61.23;1.24
54761;126101;263;Szkoła Podstawowa Nr 55 30-620 Kraków ul. Dobczycka 20;1699;669;669;24;645;39.38;3.59;2007;1189;1189;20;1169;59.24;1.68
54762;126101;264;Szkoła Podstawowa Nr 55 30-620 Kraków ul. Dobczycka 20;1172;417;417;10;407;35.58;2.40;1749;1139;1139;12;1127;65.12;1.05
54763;126101;265;Szkoła Podstawowa Nr 55 30-620 Kraków ul. Dobczycka 20;1083;489;489;16;473;45.15;3.27;1365;864;864;12;852;63.30;1.39
54764;126101;266;Filia Szkoły Podstawowej Nr 124 30-898 Kraków ul. Sucharskiego 36;1080;296;298;13;283;27.41;4.39;1692;1057;1057;13;1044;62.47;1.23
54765;126101;267;Filia Szkoły Podstawowej Nr 124 30-898 Kraków ul. Sucharskiego 36;1346;378;384;18;360;28.08;4.76;1155;689;689;12;677;59.65;1.74
54766;126101;268;Szkoła Podstawowa Nr 124 30-898 Kraków ul. Weigla 2;1819;670;670;29;641;36.83;4.33;1117;703;703;8;695;62.94;1.14
54767;126101;269;Szkoła Podstawowa Nr 124 30-898 Kraków ul. Weigla 2;1441;642;642;14;628;44.55;2.18;1088;536;536;13;523;49.26;2.43
54768;126101;270;Szkoła Podstawowa Nr 124 30-898 Kraków ul. Weigla 2;1486;586;586;50;536;39.43;8.53;1593;945;945;10;935;59.32;1.06
54769;126101;271;Szkoła Podstawowa Nr 111 30-858 Kraków ul. Bieżanowska 204;1373;573;573;24;549;41.73;4.19;1844;1141;1141;15;1126;61.88;1.31
54770;126101;272;Zespół Szkół Ogólnokształcących Nr 12 30-838 Kraków ul. Telimeny 9;1435;487;487;9;478;33.94;1.85;1423;920;920;8;912;64.65;0.87
54771;126101;273;Zespół Szkół Ogólnokształcących Nr 12 30-838 Kraków ul. Telimeny 9;1452;553;553;18;535;38.09;3.25;1483;910;910;17;893;61.36;1.87
54772;126101;274;Zespół Szkół Ogólnokształcących Nr 12 30-838 Kraków ul. Telimeny 9;1118;397;397;19;378;35.51;4.79;1416;899;899;18;881;63.49;2.00
54773;126101;275;Szkoła Podstawowa Nr 24 30-837 Kraków ul. Aleksandry 17;2068;837;837;45;792;40.47;5.38;1413;843;843;5;838;59.66;0.59
54774;126101;276;Szkoła Podstawowa Nr 24 30-837 Kraków ul. Aleksandry 17;1078;448;448;11;437;41.56;2.46;1429;873;873;9;864;61.09;1.03
54775;126101;277;Szkoła Podstawowa Nr 24 30-837 Kraków ul. Aleksandry 17;1015;376;376;11;365;37.04;2.93;1062;605;605;9;596;56.97;1.49
54776;126101;278;Szkoła Podstawowa Nr 24 30-837 Kraków ul. Aleksandry 17;940;357;357;12;345;37.98;3.36;2032;1257;1257;16;1241;61.86;1.27
54777;126101;279;Szkoła Podstawowa Nr 24 30-837 Kraków ul. Aleksandry 17;1915;698;698;34;664;36.45;4.87;1054;643;643;10;633;61.01;1.56
54778;126101;280;Szkoła Podstawowa nr 41 30-836 Kraków ul. Jerzmanowskiego 6;968;414;414;6;408;42.77;1.45;1001;619;619;6;613;61.84;0.97
54779;126101;281;Szkoła Podstawowa Nr 41 30-836 Kraków ul. Jerzmnaowskiego 6;1150;489;489;18;471;42.52;3.68;902;585;585;8;577;64.86;1.37
54780;126101;282;Szkoła Podstawowa Nr 41 30-836 Kraków ul. Jerzmanowskiego 6;956;314;314;14;300;32.85;4.46;1901;1150;1150;5;1145;60.49;0.43
54781;126101;283;Szkoła Podstawowa Nr 41 30-836 Kraków ul. Jerzmanowskiego 6;2016;766;766;23;743;38.00;3.00;957;600;600;8;592;62.70;1.33
54782;126101;284;Szkoła Podstawowa Nr 117 30-868 Kraków ul. Kurczaba 15;1761;593;593;25;568;33.67;4.22;1145;688;688;10;678;60.09;1.45
54783;126101;285;Szkoła Podstawowa Nr 117 30-868 Kraków ul. Kurczaba 15;1140;454;454;11;443;39.82;2.42;942;530;530;13;517;56.26;2.45
54784;126101;286;Szkoła Podstawowa Nr 117 30-868 Kraków ul. Kurczaba 15;1771;509;509;24;485;28.74;4.72;2047;1235;1236;11;1224;60.33;0.89
54785;126101;287;Szkoła Podstawowa Nr 117 30-868 Kraków ul. Kurczaba 15;1058;399;399;13;386;37.71;3.26;1765;999;999;11;988;56.60;1.10
54786;126101;288;Zespół Szkół Ogólnokształcących Integracyjnych Nr 4 30-809 Kraków ul. Żabia 20;1284;501;501;12;489;39.02;2.40;1113;699;699;5;694;62.80;0.72
54787;126101;289;Zespół Szkół Ogólnokształcących Integracyjnych Nr 4 30-809 Kraków ul. Żabia 20;1258;458;462;10;448;36.41;2.18;1721;856;856;16;840;49.74;1.87
54788;126101;290;Zespół Szkół Ogólnokształcących Nr 15 30-695 Kraków ul. Rydygiera 20;896;375;375;6;369;41.85;1.60;1013;625;625;10;615;61.70;1.60
54789;126101;291;Zespół Szkół Ogólnokształcących Nr 15 30-695 Kraków ul. Rydygiera 20;1947;626;626;20;606;32.15;3.19;1250;815;815;11;804;65.20;1.35
54790;126101;292;Młodzieżowy Dom Kultury - Filia 30-816 Kraków ul. Na Wrzosach 57;1787;689;689;23;666;38.56;3.34;1251;769;769;11;758;61.47;1.43
54791;126101;293;Szkoła Podstawowa Nr 61 30-818 Kraków ul. Popławskiego 17;1454;588;588;11;577;40.44;1.87;880;528;528;6;522;60.00;1.14
54792;126101;294;Szkoła Podstawowa Nr 61 30-818 Kraków ul. Popławskiego 17;610;268;268;6;262;43.93;2.24;1864;1086;1086;15;1071;58.26;1.38
54793;126101;295;Szkoła Podstawowa Nr 61 30-818 Kraków ul. Popławskiego 17;265;104;104;1;103;39.25;0.96;1912;1188;1189;13;1175;62.13;1.09
54794;126101;296;Zespół Szkół Ogólnokształcących Nr 10 - XV Liceum Ogólnokształcące 30-820 Kraków al. Dygasińskiego 15;1906;903;903;22;881;47.38;2.44;1192;779;779;8;771;65.35;1.03
54795;126101;297;Zespół Szkół Ogólnokształcących Nr 10 - XV Liceum Ogólnokształcące 30-820 Kraków al. Dygasińskiego 15;1477;526;526;15;511;35.61;2.85;750;474;474;7;467;63.20;1.48
54796;126101;298;Szkoła Podstawowa Nr 123 30-684 Kraków ul. Okólna 16;1699;556;556;22;534;32.73;3.96;566;357;357;3;354;63.07;0.84
54797;126101;299;Szkoła Podstawowa Nr 123 30-684 Kraków ul. Okólna 16;1317;400;400;17;383;30.37;4.25;1753;1191;1191;12;1179;67.94;1.01
54798;126101;300;Szkoła Podstawowa Nr 123 30-684 Kraków ul. Okólna 16;1348;351;351;16;335;26.04;4.56;1427;821;821;11;810;57.53;1.34
54799;126101;301;Publiczne Gimnazjum Jezuitów im. Św. Stanisława Kostki 30-682 Kraków ul. Spółdzielców 5;1379;477;477;8;469;34.59;1.68;1678;880;880;25;855;52.44;2.84
54800;126101;302;Publiczne Gimnazjum Jezuitów im. Św. Stanisława Kostki 30-682 Kraków ul. Spółdzielców 5;1876;753;753;47;706;40.14;6.24;1298;678;678;7;671;52.23;1.03
54801;126101;303;Publiczne Gimnazjum Jezuitów im. Św. Stanisława Kostki 30-682 Kraków ul. Spółdzielców 5;1226;470;470;25;445;38.34;5.32;1292;575;575;9;566;44.50;1.57
54802;126101;304;Zespół Szkolno-Przedszkolny nr 1 30-718 Kraków ul. Myśliwska 64;999;371;371;10;361;37.14;2.70;1344;727;727;15;712;54.09;2.06
54803;126101;305;Zespół Szkolno-Przedszkolny nr 1 30-718 Kraków ul. Myśliwska 64;1303;510;510;7;503;39.14;1.37;1803;1075;1075;19;1056;59.62;1.77
54804;126101;306;Zespół Szkolno-Przedszkolny Nr 1 30-718 Kraków ul. Myśliwska 64;1573;616;616;22;594;39.16;3.57;1230;710;710;12;698;57.72;1.69
54805;126101;307;Zespół Szkolno-Przedszkolny Nr 1 30-718 Kraków ul. Myśliwska 64;2261;983;983;32;951;43.48;3.26;1157;732;732;4;728;63.27;0.55
54806;126101;308;Zespół Szkolno-Przedszkolny Nr 1 30-718 Kraków ul. Myśliwska 64;1936;798;798;33;765;41.22;4.14;1349;855;855;16;839;63.38;1.87
54807;126101;309;Zespół Szkół Nr 2 30-724 Kraków ul. Goszczyńskiego 44;937;398;399;12;386;42.48;3.02;1702;1061;1061;7;1054;62.34;0.66
54808;126101;310;Zespół Szkół Nr 2 30-724 Kraków ul. Goszczyńskiego 44;1219;437;437;21;416;35.85;4.81;1309;887;887;8;879;67.76;0.90
54809;126101;311;Szkoła Podstawowa Nr 65 30-723 Kraków ul. Golikówka 52;1135;338;338;14;324;29.78;4.14;1377;981;981;11;970;71.24;1.12
54810;126101;312;Szkoła Podstawowa Nr 137 30-798 Kraków ul. Wrobela 79;1101;266;266;7;259;24.16;2.63;1988;1278;1282;15;1263;64.29;1.17
54811;126101;313;Szkoła Podstawowa Nr 26 30-503 Kraków ul. Krasickiego 34;897;396;396;18;378;44.15;4.55;953;584;584;4;580;61.28;0.68
54812;126101;314;Szkoła Podstawowa Nr 26 30-503 Kraków ul. Krasickiego 34;1136;456;456;13;443;40.14;2.85;1245;710;710;8;702;57.03;1.13
54813;126101;315;Dom Kultury „PODGÓRZE” 30-510 Kraków ul. Sokolska 13;605;205;205;5;200;33.88;2.44;1141;621;621;15;606;54.43;2.42
54814;126101;316;Ośrodek Szkolno-Wychowawczy Nr 2 im. J. Korczaka 30-523 Kraków ul. Zamoyskiego 100;857;357;357;9;348;41.66;2.52;1116;557;557;13;544;49.91;2.33
54815;126101;317;Urząd Miasta Krakowa 30-533 Kraków ul. Rynek Podgórski 1;945;363;363;11;352;38.41;3.03;966;595;595;5;590;61.59;0.84
54816;126101;318;Szkoła Podstawowa Nr 29 30-540 Kraków al. Dembowskiego 12;508;227;227;4;223;44.69;1.76;1141;705;705;3;702;61.79;0.43
54817;126101;319;Gimnazjum Nr 35 30-551 Kraków ul. Limanowskiego 60/62;597;242;242;5;237;40.54;2.07;563;341;341;2;339;60.57;0.59
54818;126101;320;Gimnazjum Nr 35 30-551 Kraków ul. Limanowskiego 60/62;1199;456;456;20;436;38.03;4.39;886;531;531;4;527;59.93;0.75
54819;126101;321;Gimnazjum Nr 35 30-551 Kraków ul. Limanowskiego 60/62;743;287;287;14;273;38.63;4.88;938;540;542;5;535;57.57;0.93
54820;126101;322;Gimnazjum Nr 34 30-537 Kraków ul. Potebni 7;1047;431;431;12;419;41.17;2.78;541;330;330;3;327;61.00;0.91
54821;126101;323;Gimnazjum Nr 34 30-529 Kraków ul. Potebni 7;1280;427;427;17;410;33.36;3.98;688;433;434;6;427;62.94;1.39
54822;126101;324;Samorządowe Przedszkole Nr 91 30-703 Kraków ul. Dekerta 18;704;250;250;11;239;35.51;4.40;1227;729;729;7;722;59.41;0.96
54823;126101;325;Niepubliczny Zakład Opieki Zdrowotnej Krakowskie Centrum Terapii Uzależnień 30-552 Kraków ul. Wielicka 73;1435;633;633;19;614;44.11;3.00;759;433;433;3;430;57.05;0.69
54824;126101;326;Urząd Miasta Krakówa 30-552 Kraków ul. Wielicka 28a;1415;478;478;31;447;33.78;6.49;785;451;451;8;443;57.45;1.77
54825;126101;327;Zespół Szkół Mechanicznych Nr 2 30-363 Kraków al. Skrzyneckiego 12;705;331;331;13;318;46.95;3.93;1037;584;584;6;578;56.32;1.03
54826;126101;328;Szkoła Podstawowa Nr 156 31-586 Kraków ul. Centralna 39;1194;458;458;21;437;38.36;4.59;1360;764;764;18;746;56.18;2.36
54827;126101;329;Szkoła Podstawowa Nr 156 31-586 Kraków ul. Centralna 39;1670;610;610;29;581;36.53;4.75;2039;1355;1355;4;1351;66.45;0.30
54828;126101;330;Szkoła Podstawowa Nr 156 31-586 Kraków Centralna 39;1089;407;407;7;400;37.37;1.72;1428;824;824;15;809;57.70;1.82
54829;126101;331;Gimnazjum Nr 48 31-941 Kraków os. Kolorowe 29;1256;372;372;19;353;29.62;5.11;788;551;551;3;548;69.92;0.54
54830;126101;332;Gimnazjum Nr 48 31-941 Kraków os. Kolorowe 29;883;263;263;7;256;29.78;2.66;1205;742;742;6;736;61.58;0.81
54831;126101;333;Szkoła Podstawowa Nr 155 31-869 Kraków os. 2 Pułku Lotniczego 21;2022;892;892;32;860;44.11;3.59;1897;1174;1174;13;1161;61.89;1.11
54832;126101;334;Szkoła Podstawowa Nr 155 31-869 Kraków os. 2 Pułku Lotniczego 21;1165;528;528;14;514;45.32;2.65;1070;700;700;6;694;65.42;0.86
54833;126101;335;Szkoła Podstawowa Nr 155 31-869 Kraków os. 2 Pułku Lotniczego 21;1283;427;427;17;410;33.28;3.98;1251;701;701;15;686;56.04;2.14
54834;126101;336;Szkoła Podstawowa Nr 155 31-869 Kraków osiedle 2 Pułku Lotniczego 21;2180;934;934;27;907;42.84;2.89;1580;886;886;12;874;56.08;1.35
54835;126101;337;Zespół Szkół Ogólnokształcących Nr 14 31-875 Kraków os. Dywizjonu 303 66;1097;454;454;16;438;41.39;3.52;746;529;529;5;524;70.91;0.95
54836;126101;338;Zespół Szkół Ogólnokształcących Nr 14 31-875 Kraków os. Dywizjonu 303 66;1255;499;499;10;489;39.76;2.00;2069;1430;1430;2;1428;69.12;0.14
54837;126101;339;Zespół Szkół Ogólnokształcących Nr 14 31-875 Kraków os. Dywizjonu 303 66;1195;536;536;11;525;44.85;2.05;1625;930;930;10;920;57.23;1.08
54838;126101;340;Zespół Szkół Ogólnokształcących Nr 14 31-875 Kraków os. Dywizjonu 303 66;1087;407;408;11;396;37.44;2.70;2168;1450;1450;16;1434;66.88;1.10
54839;126101;341;Zespół Szkół Ogólnokształcących Nr 14 31-875 Kraków os. Dywizjonu 303 66;1055;428;428;15;413;40.57;3.50;1087;769;769;3;766;70.75;0.39
54840;126101;342;Zespół Szkół Ogólnokształcących Nr 14 31-875 Kraków os. Dywizjonu 303 66;1179;477;477;41;436;40.46;8.60;1216;777;777;5;772;63.90;0.64
54841;126101;343;Urząd Miasta Krakowa Archiwum 31-587 Kraków ul. Na Załęczu 3;619;208;208;10;198;33.60;4.81;1144;763;763;5;758;66.70;0.66
54842;126101;344;Szkoła Podstawowa Nr 64 31-465 Kraków ul. Sadzawki 1;1152;372;372;11;361;32.29;2.96;1121;711;711;14;697;63.43;1.97
54843;126101;345;Międzynarodowe Centrum Kształcenia 31-866 Kraków ul. Skarżyńskiego 1;810;482;482;18;464;59.51;3.73;1030;649;649;7;642;63.01;1.08
54844;126101;346;Przedszkole Nr 177 31-630 Kraków os. Kombatantów 13;1997;724;724;36;688;36.25;4.97;1163;792;792;13;779;68.10;1.64
54845;126101;347;Młodzieżowy Dom Kultury im. A. Bursy 31-606 Kraków os. Tysiąclecia 15;1545;569;569;19;550;36.83;3.34;623;363;363;10;353;58.27;2.75
54846;126101;348;Młodzieżowy Dom Kultury im. A . Bursy 31-606 Kraków os. Tysiąclecia 15;1351;506;506;12;494;37.45;2.37;942;738;738;7;731;78.34;0.95
54847;126101;349;Młodzieżowy Dom Kultury im. A. Bursy 31-606 Kraków os. Tysiąclecia 15;1540;722;722;23;699;46.88;3.19;1976;1179;1179;21;1158;59.67;1.78
54848;126101;350;Szkoła Podstawowa Nr 126 31-610 Kraków os. Tysiąclecia 57;1553;630;630;23;607;40.57;3.65;1477;909;909;8;901;61.54;0.88
54849;126101;351;Szkoła Podstawowa Nr 126 31-610 Kraków os. Tysiąclecia 57;1377;553;553;11;542;40.16;1.99;1326;804;804;10;794;60.63;1.24
54850;126101;352;Zespół Szkolno-Przedszkolny Nr 5 31-636 Kraków os. Oświecenia 30;1607;746;746;29;717;46.42;3.89;1520;1012;1012;5;1007;66.58;0.49
54851;126101;353;Zespół Szkolno-Przedszkolny Nr 5 31-636 Kraków os. Oświecenia 30;1209;443;443;13;430;36.64;2.93;1505;985;985;14;971;65.45;1.42
54852;126101;354;Zespoł Szkolno-Przedszkolny Nr 5 31-636 Kraków os. Oświecenia 30;1353;456;456;22;434;33.70;4.82;1344;864;864;4;860;64.29;0.46
54853;126101;355;Zespół Szkolno-Przedszkolny Nr 5 31-636 Kraków os. Oświecenia 30;1170;426;426;13;413;36.41;3.05;1751;1214;1214;7;1207;69.33;0.58
54854;126101;356;Zespół Szkolno-Przedszkolny Nr 5 31-636 Kraków os. Oświecenia 30;1453;590;590;21;569;40.61;3.56;1216;771;771;18;753;63.40;2.33
54855;126101;357;Ośrodek Kultury im. C. K. Norwida Klub „Kuźnia” 31-616 Kraków os. Złotego Wieku 14;1546;533;533;16;517;34.48;3.00;1349;835;835;16;819;61.90;1.92
54856;126101;358;Ośrodek Kultury im. C. K. Norwida Klub „Kuźnia” 31-616 Kraków os. Złotego Wieku 14;1922;720;720;18;702;37.46;2.50;1144;764;764;10;754;66.78;1.31
54857;126101;359;Gimnazjum Nr 37 31-618 Kraków os. Złotego Wieku 36;1255;456;456;11;445;36.33;2.41;1496;986;986;8;978;65.91;0.81
54858;126101;360;Gimnazjum Nr 37 31-618 Kraków os. Złotego Wieku 36;1753;613;613;16;597;34.97;2.61;1521;924;924;9;915;60.75;0.97
54859;126101;361;Szkoła Podstawowa Nr 85 31-615 Kraków os. Złotego Wieku 4;1829;922;922;36;886;50.41;3.90;1900;1174;1174;13;1161;61.79;1.11
54860;126101;362;Szkoła Podstawowa Nr 85 31-615 Kraków os. Złotego Wieku 4;1574;639;641;13;626;40.60;2.03;1215;727;727;15;712;59.84;2.06
54861;126101;363;Szkoła Podstawowa z Oddziałami Integracyjnymi Nr 144 31-620 Kraków os. Bohaterów Września 13;1291;532;532;21;511;41.21;3.95;1740;1016;1016;10;1006;58.39;0.98
73905;126101;364;Szkoła Podstawowa z Oddziałami Integracyjnymi Nr 144 31-620 Kraków os. Bohaterów Września 13;1094;285;285;6;279;26.05;2.11;1862;1287;1287;8;1279;69.12;0.62
73906;126101;365;Szkoła Podstawowa z Oddziałami Integracyjnymi Nr 144 31-620 Kraków os. Bohaterów Września 13;1447;579;579;32;547;40.01;5.53;1541;984;984;19;965;63.85;1.93
73907;126101;366;Szkoła Podstawowa z Oddziałami Integracyjnymi Nr 144 31-620 Kraków os. Bohaterów Września 13;1074;370;370;16;354;34.45;4.32;1275;862;862;9;853;67.61;1.04
73908;126101;367;Szkoła Podstawowa z Oddziałami Integracyjnymi Nr 144 31-620 Kraków os. Bohaterów Września 13;1242;399;399;11;388;32.13;2.76;1098;517;517;14;503;47.09;2.71
73909;126101;368;Szkoła Podstawowa Nr 89 31-624 Kraków os. Piastów 34A;1852;680;680;25;655;36.72;3.68;1417;899;899;13;886;63.44;1.45
73910;126101;369;Szkoła Podstawowa Nr 89 31-624 Kraków os. Piastów 34A;2065;579;579;20;559;28.04;3.45;1052;638;638;12;626;60.65;1.88
73911;126101;370;Szkoła Podstawowa Nr 89 31-624 Kraków os. Piastów 34A;1741;490;491;19;471;28.14;3.88;1221;708;708;10;698;57.99;1.41
73912;126101;371;Szkoła Podstawowa Nr 89 31-624 Kraków os. Piastów 34A;1984;666;666;30;636;33.57;4.50;1825;1110;1110;17;1093;60.82;1.53
73913;126101;372;Zespół Szkół Salezjańskich 31-624 Kraków os. Piastów 34;1945;685;685;16;669;35.22;2.34;1980;964;964;20;944;48.69;2.07
73914;126101;373;Zespół Szkół Salezjańskich 31-624 Kraków os. Piastów 34;1166;424;424;18;406;36.36;4.25;1701;845;845;14;831;49.68;1.66
73915;126101;374;Zespół Szkół Salezjańskich 31-624 Kraków os. Piastów 34;1054;379;379;8;371;35.96;2.11;1945;1103;1103;30;1073;56.71;2.72
73916;126101;375;Publiczna Szkoła Podstawowa Sióstr Salezjanek im. Błogosławionej Laury Vicuna 31-858 Kraków os. Kościuszkowskie 7;1057;429;429;20;409;40.59;4.66;1939;1208;1208;15;1193;62.30;1.24
73917;126101;376;Publiczna Szkoła Podstawowa Sióstr Salezjanek im. Błogosławionej Laury Vicuna 31-858 Kraków os. Kościuszkowskie 7;1182;458;458;8;450;38.75;1.75;1171;727;727;9;718;62.08;1.24
73918;126101;377;Zespół Szkół Ogólnokształcących Nr 3 31-818 Kraków os. Wysokie 6;1006;319;320;19;300;31.71;5.96;1027;627;627;10;617;61.05;1.59
73919;126101;378;Zespół Szkół Ogólnokształcących Nr 3 31-818 Kraków os. Wysokie 6;1230;355;355;18;337;28.86;5.07;1033;652;652;10;642;63.12;1.53
73920;126101;379;Szkoła Podstawowa Nr 104 31-819 Kraków os. Wysokie 7;1395;439;439;20;419;31.47;4.56;1144;707;707;11;696;61.80;1.56
73921;126101;380;Szkoła Podstawowa Nr 104 31-819 Kraków os. Wysokie 7;1815;647;647;20;627;35.65;3.09;977;522;522;7;515;53.43;1.34
73922;126101;381;Gimnazjum Nr 42 31-810 Kraków os. Strusia 19;1380;488;488;21;467;35.36;4.30;1209;636;636;14;622;52.61;2.20
73923;126101;382;Gimnazjum Nr 42 31-810 Kraków os. Strusia 19;1441;501;501;18;483;34.77;3.59;1360;686;686;12;674;50.44;1.75
73924;126101;383;Szkoła Podstawowa Nr 82 31-814 Kraków os. Kalinowe 17;1140;311;311;16;295;27.28;5.14;1756;1060;1060;19;1041;60.36;1.79
73925;126101;384;Szkoła Podstawowa Nr 92 31-814 Kraków os. Kalinowe 18;1041;259;259;11;248;24.88;4.25;1360;772;772;18;754;56.76;2.33
73926;126101;385;Szkoła Podstawowa Nr 92 31-814 Kraków os. Kalinowe 18;1737;510;511;26;484;29.36;5.10;1439;831;831;10;821;57.75;1.20
73927;126101;386;Gimnazjum im. Bogdana Jańskiego 31-862 Kraków os. Niepodległości 19;1108;454;454;11;443;40.97;2.42;1126;595;595;12;583;52.84;2.02
73928;126101;387;Gimnazjum im. Bogdana Jańskiego 31-862 Kraków os. Niepodległości 19;1093;408;408;19;389;37.33;4.66;1011;471;471;10;461;46.59;2.12
73929;126101;388;Szkoła Podstawowa Nr 100 31-855 Kraków os. Albertyńskie 36;1344;467;467;19;448;34.75;4.07;1680;876;876;20;856;52.14;2.28
73930;126101;389;Szkoła Podstawowa Nr 100 31-855 Kraków os. Albertyńskie 36;1569;525;525;24;501;33.46;4.57;1088;670;670;7;663;61.58;1.04
73931;126101;390;Szkoła Podstawowa Nr 100 31-855 Kraków os. Albertyńskie 36;975;373;373;15;358;38.26;4.02;1057;658;658;9;649;62.25;1.37
73932;126101;391;Szkoła Podstawowa Nr 86 31-834 Kraków os. Jagiellońskie 18;1274;470;470;15;455;36.89;3.19;1294;720;720;8;712;55.64;1.11
73933;126101;392;Szkoła Podstawowa Nr 86 31-834 Kraków os. Jagiellońskie 18;1043;369;369;11;358;35.38;2.98;1539;829;829;25;804;53.87;3.02
73934;126101;393;Szkoła Podstawowa Nr 86 31-834 Kraków os. Jagiellońskie 18;1315;385;386;12;373;29.28;3.12;1146;715;715;12;703;62.39;1.68
73935;126101;394;Zespół Szkół Gastronomicznych Nr 1 31-828 Kraków os. Złotej Jesieni 16;511;162;162;5;157;31.70;3.09;1230;787;787;11;776;63.98;1.40
73936;126101;395;Zespół Szkół Gastronomicznych Nr 1 31-828 Kraków os. Złotej Jesieni 16;1171;482;482;19;463;41.16;3.94;1011;586;586;10;576;57.96;1.71
73937;126101;396;Zespół Szkół Gastronomicznych Nr 1 31-828 Kraków os. Złotej Jesieni 16;1078;369;369;9;360;34.23;2.44;1282;689;689;10;679;53.74;1.45
73938;126101;397;Zespół Szkół Zawodowych Huty im.T.Sendzimira SA 31-826 Kraków os. Złotej Jesieni 2;2303;793;794;23;770;34.43;2.90;492;265;265;3;262;53.86;1.13
73939;126101;398;Szkoła Podstawowa Nr 101 31-832 Kraków os. Jagiellońskie 9;2149;696;696;25;671;32.39;3.59;1173;735;736;10;725;62.66;1.36
73940;126101;399;Szkoła Podstawowa Nr 101 31-832 Kraków os. Jagiellońskie 9;1565;421;421;21;400;26.90;4.99;1091;636;637;9;627;58.30;1.42
73941;126101;400;Szkoła Podstawowa Nr 101 31-832 Kraków os. Jagiellońskie 9;1807;469;469;17;452;25.95;3.62;1115;674;674;9;665;60.45;1.34
73942;126101;401;Szkoła Podstawowa Nr 101 31-832 Kraków os. Jagiellońskie 9;1410;404;404;15;389;28.65;3.71;1307;751;751;16;735;57.46;2.13
73943;126101;402;Ośrodek Kultury Kraków Nowa Huta Klub „KRZESŁAWICE” 31-752 Kraków ul. Wańkowicza 17;657;252;252;6;246;38.36;2.38;2090;1145;1145;20;1125;54.78;1.75
73944;126101;403;Szkoła Podstawowa Nr 129 31-722 Kraków os. Na Wzgórzach 13A;1673;448;448;18;430;26.78;4.02;1519;735;735;17;718;48.39;2.31
73945;126101;404;Szkoła Podstawowa Nr 129 31-722 Kraków os. Na Wzgórzach 13A;891;256;256;12;244;28.73;4.69;1738;848;848;14;834;48.79;1.65
73946;126101;405;Szkoła Podstawowa Nr 129 31-722 Kraków os. Na Wzgórzach 13A;1407;349;349;15;334;24.80;4.30;1390;725;725;13;712;52.16;1.79
73947;126101;406;Zespół Szkół Ogólnokształcących Integracyjnych Nr 6 31-708 Kraków os. Na Stoku 52;1766;582;582;18;564;32.96;3.09;668;436;436;7;429;65.27;1.61
73948;126101;407;Gimnazjum Nr 44 31-706 Kraków os. Na Stoku 34;1779;573;575;28;545;32.21;4.89;1634;775;776;9;766;47.43;1.16
73949;126101;408;Gimnazjum Nr 44 31-706 Kraków os. Na Stoku 34;2115;923;923;18;905;43.64;1.95;875;416;416;8;408;47.54;1.92
73950;126101;409;Gimnazjum Nr 44 31-706 Kraków os. Na Stoku 34;1042;365;365;14;351;35.03;3.84;1354;661;662;14;647;48.82;2.12
73951;126101;410;Ośrodek Kultury Kraków Nowa Huta Klub Osiedlowy „Dukat” 31-764 Kraków ul. Styczna 1;1504;529;529;16;513;35.17;3.02;1722;946;946;15;931;54.94;1.59
73952;126101;411;Gimnazjum Nr 43 31-766 Kraków ul. Łuczanowicka 2A;755;213;213;3;210;28.21;1.41;1727;963;963;18;945;55.76;1.87
73953;126101;412;Szkoła Podstawowa Nr 78 31-990 Kraków ul. Jaskrowa 5;2008;562;562;30;532;27.99;5.34;2126;1408;1408;9;1399;66.23;0.64
73954;126101;413;WIENERBERGER Ceramika Budowlana Sp. z o.o 31-762 Kraków ul.Gustawa Morcinka 5;1211;336;336;17;319;27.75;5.06;1028;585;585;9;576;56.91;1.54
73955;126101;414;Zespół Szkół Ogólnokształcących Nr 52 31-999 Kraków ul. Sawy-Calińskiego 12;1424;299;300;15;284;21.00;5.02;1574;937;937;15;922;59.53;1.60
73956;126101;415;Ośrodek Kultury Kraków Nowa Huta Klub „Jędruś” 31-923 Kraków os. Centrum A 6A;1933;640;644;33;607;33.11;5.16;744;371;371;6;365;49.87;1.62
73957;126101;416;Zespół Szkół Ogólnokształcących Nr 19 31-901 Kraków os. Willowe 1;1631;515;515;23;492;31.58;4.47;2081;1163;1163;20;1143;55.89;1.72
73958;126101;417;Zespół Szkół Ogólnokształcących Nr 19 31-901 Kraków os. Willowe 1;1233;379;379;13;366;30.74;3.43;1225;647;647;13;634;52.82;2.01
73959;126101;418;Ośrodek Kultury Kraków Nowa Huta Klub „Wersalik” 31-916 Kraków os. Ogrodowe 15;1299;486;486;18;468;37.41;3.70;1431;643;643;28;615;44.93;4.35
73960;126101;419;Przedszkole Samorządowe Nr 46 31-911 Kraków os. Na Skarpie 46;1677;545;545;16;529;32.50;2.94;1876;1014;1014;21;993;54.05;2.07
73961;126101;420;Szkoła Podstawowa Nr 80 31-909 Kraków os. Na Skarpie 8;1736;681;682;20;661;39.23;2.94;1542;846;846;18;828;54.86;2.13
73962;126101;421;Szkoła Podstawowa Nr 80 31-909 Kraków os. Na Skarpie 8;1631;602;602;16;586;36.91;2.66;1206;628;628;11;617;52.07;1.75
73963;126101;422;Szkoła Podstawowa Nr 37 31-922 Kraków os. Stalowe 18;1081;320;320;14;306;29.60;4.38;1297;750;750;4;746;57.83;0.53
73964;126101;423;Szkoła Podstawowa Nr 37 31-922 Kraków os. Stalowe 18;1523;437;437;19;418;28.69;4.35;1659;836;836;13;823;50.39;1.56
73965;126101;424;Rada i Zarząd Dzielnicy XVIII 31-927 Kraków os. Centrum B 6;1906;673;674;17;656;35.31;2.53;1041;671;671;6;665;64.46;0.89
73966;126101;425;Szkoła Podstawowa Nr 88 31-972 Kraków os. Szklane Domy 2;711;256;256;6;250;36.01;2.34;1656;935;935;14;921;56.46;1.50
73967;126101;426;Zespół Szkół Ogólnokształcących Integracyjnych Nr 5 31-957 Kraków os. Słoneczne 12;1496;525;525;29;496;35.09;5.52;1054;534;534;9;525;50.66;1.69
73968;126101;427;Filia Młodzieżowego Domu Kultury im. J. Korczaka 31-956 Kraków os. Szkolne 5;1598;506;506;24;482;31.66;4.74;1470;791;791;12;779;53.81;1.52
73969;126101;428;Zespół Szkół Elektrycznych Nr 2 31-958 Kraków os. Szkolne 26;983;316;316;14;302;32.15;4.43;1869;1054;1054;19;1035;56.39;1.80
73970;126101;429;Zespół Szkół Zawodowych Nr 2 31-958 Kraków- os. Szkolne 18;1758;571;571;22;549;32.48;3.85;697;401;401;6;395;57.53;1.50
73971;126101;430;Zespół Szkół Zawodowych Nr 2 31-977 Kraków os. Szkolne 18;1004;284;284;13;271;28.29;4.58;1469;788;788;17;771;53.64;2.16
73972;126101;431;Miejski Ośrodek Wspierania Inicjatyw Społecznych 31-931 Kraków os. Centrum C 10;1508;478;478;20;458;31.70;4.18;1571;832;832;18;814;52.96;2.16
73973;126101;432;Ośrodek Kultury Kraków Nowa Huta 31-217 Kraków os. Zgody 1;1510;575;575;42;533;38.08;7.30;971;505;505;6;499;52.01;1.19
73974;126101;433;Zespół Szkół Ogólnokształcących Sportowych nr 2 31-948 Kraków os.Teatralne 35;1637;540;540;26;514;32.99;4.81;1733;900;903;7;893;51.93;0.78
73975;126101;434;Zespół Szkół Ogólnokształcących Sportowych nr 2 31-948 Kraków os. Teatralne 35;966;313;313;16;297;32.40;5.11;964;493;499;11;482;51.14;2.23
73976;126101;435;Ośrodek Kultury im. C. K. Norwida 31-959 Kraków os. Górali 5;1238;458;458;17;441;37.00;3.71;1487;811;811;14;797;54.54;1.73
73977;126101;436;Szkoła Podstawowa im.Św.Wincentego Pallotiego 31-964 Kraków os. Krakowiaków 47;1083;349;349;14;335;32.23;4.01;1422;811;811;14;797;57.03;1.73
73978;126101;437;Szkoła Podstawowa im.Św.Wincentego Pallotiego 31-964 Kraków os. Krakowiaków 47;1143;412;412;15;397;36.05;3.64;1565;852;852;15;837;54.44;1.76
73979;126101;438;Zespół Szkół Ogólnokształcących Nr 2 31-948 Kraków os. Teatralne 33;1495;460;462;14;446;30.77;3.04;926;510;510;17;493;55.08;3.33
73980;126101;439;Zespół Szkół Ogólnokształcących Sportowych Nr 1 31-935 Kraków os. Handlowe 4;1269;466;466;21;445;36.72;4.51;1182;662;662;13;649;56.01;1.96
73981;126101;440;Zespół Szkół Ogólnokształcących Sportowych Nr 1 31-935 Kraków os. Handlowe 4;1093;431;431;19;412;39.43;4.41;1061;600;600;18;582;56.55;3.00
73982;126101;441;Gimnazjum Nr 48 31-941 Kraków os. Kolorowe 29;1587;629;629;21;608;39.63;3.34;1144;667;669;16;651;58.30;2.40
73983;126101;442;Gimnazjum Nr 48 31-941 Kraków os. Kolorowe 29;1636;616;616;14;602;37.65;2.27;1476;797;797;17;780;54.00;2.13
73984;126101;443;Zespół Szkół Ekonomicznych Nr 2 31-943 Kraków os. Spółdzielcze 6;1161;401;401;7;394;34.54;1.75;1215;701;701;8;693;57.70;1.14
73985;126101;444;Zespół Szkół Specjalnych Nr 6 31-979 Kraków ul. Ptaszyckiego 9;1601;554;554;32;522;34.60;5.78;1061;609;609;10;599;57.40;1.64
73986;126101;445;Szkoła Podstawowa Nr 74 31-985 Kraków ul. Branicka 26;721;154;154;7;147;21.36;4.55;1557;899;899;13;886;57.74;1.45
73987;126101;446;Zespół Szkolno-Przedszkolny Nr 9 31-998 Kraków ul. Prawocheńskiego 7;1272;315;315;7;308;24.76;2.22;1554;930;930;17;913;59.85;1.83
73988;126101;447;Szkoła Podstawowa nr 142 31-998 Kraków ul. Drożyska 13;1001;244;244;8;236;24.38;3.28;1146;677;677;10;667;59.08;1.48
73989;126101;448;Towarzystwo Przyjaciół Ziemi Pleszewskiej Świetlica Osiedlowa 31-983 Kraków ul. Nadbrzezie 18;328;100;100;6;94;30.49;6.00;1621;988;989;11;977;60.95;1.11
90598;126101;449;SZPITAL UNIWERSYTECKI W KRAKOWIE ODZDZIAŁ KLINICZNY ALERGII 31-066 Kraków ul. Skawińska 8;83;36;36;1;35;43.37;2.78;739;380;380;14;366;51.42;3.68
90599;126101;450;SZPITAL ZAKONU BONIFRATÓW ŚW. JANA GRANDEGO 31-061 Kraków ul. Trynitarska 11;50;16;16;0;16;32.00;0.00;1287;678;678;26;652;52.68;3.83
90600;126101;451;CENTRUM ONKOLOGII INSTYTUT IM. M. SKŁODOWSKIEJ-CURIE 31-115 Kraków ul. Garncarska 11;140;42;42;2;40;30.00;4.76;1010;486;486;13;473;48.12;2.67
90601;126101;452;SZPITAL SPECJALISTYCZNY IM. J. DIETLA 31-121 Kraków ul. Skarbowa 1;225;78;78;0;78;34.67;0.00;323;137;137;4;133;42.41;2.92
90602;126101;453;NZOZ SZPITAL NA SIEMIRADZKIEGO IM. R. CZERWIAKOWSKIEGO 31-137 Kraków ul. Siemiradzkiego 1;12;12;12;1;11;100.00;8.33;99;75;75;3;72;75.76;4.00
90603;126101;454;DOM POMOCY SPOŁECZNEJ UL. KRAKOWSKA 43, 45, 47, 53, 55 31-066 Kraków ul. Krakowska 55;168;143;143;5;138;85.12;3.50;55;26;26;0;26;47.27;0.00
90604;126101;455;DOM POMOCY SPOŁECZNEJ 31-026 Kraków ul. Radziwiłłowska 8;59;18;18;0;18;30.51;0.00;154;72;72;4;68;46.75;5.56
90605;126101;456;DOM POMOCY SPOŁECZNEJ IM. LUDWIKA I ANNY HELCLÓW 31-148 Kraków ul. Helclów 2;330;95;95;5;90;28.79;5.26;168;150;150;0;150;89.29;0.00
90606;126101;457;ARESZT ŚLEDCZY KRAKÓW 31-155 Kraków ul. Montelupich 7;611;260;260;57;203;42.55;21.92;208;94;94;2;92;45.19;2.13
90607;126101;458;SZPITAL UNIWERSYTECKI (KLINIKI PO PARZYSTEJ I NIEPARZYSTEJ STRONIE 31-501 Kraków ul. Kopernika 36;706;123;123;3;120;17.42;2.44;317;116;116;13;103;36.59;11.21
90608;126101;459;ZAKŁAD OPIEKUŃCZO-LECZNICZY PROWADZONY PRZEZ ZGROMADZENIE SIÓSTR FELICJANEK 31-502 Kraków ul. Kołłątaja 7;70;21;21;0;21;30.00;0.00;568;321;321;44;277;56.51;13.71
90609;126101;460;DOM POMOCY SPOŁECZNEJ 31-419 Kraków ul. Rozrywka 1;39;21;21;4;17;53.85;19.05;60;36;36;2;34;60.00;5.56
90610;126101;461;KRAKOWSKI SZPITAL SPECJALISTYCZNY IM. JANA PAWŁA II 31-202 Kraków ul. Prądnicka 80;229;26;26;0;26;11.35;0.00;232;93;93;4;89;40.09;4.30
90611;126101;462;SZPITAL MIEJSKI SPECJALISTYCZNY IM. G. NARUTOWICZA 31-202 Kraków ul. Prądnicka 35-37;331;33;33;1;32;9.97;3.03;241;119;119;2;117;49.38;1.68
90612;126101;463;DOM POMOCY SPOŁECZNEJ „SENIORA NAFTOWCA” 31-222 Kraków ul. Kluzeka 6;87;50;50;3;47;57.47;6.00;265;128;128;7;121;48.30;5.47
90613;126101;464;NZOZ BONA-MED SP. Z O.O. 31-201 Kraków ul. Księdza Siemaszki 17C;103;14;14;2;12;13.59;14.29;74;32;32;0;32;43.24;0.00
90614;126101;465;SP ZOZ MINISTERSTWA SPRAW WEWNĘTRZNYCH 30-053 Kraków ul. Galla 25;54;21;21;1;20;38.89;4.76;40;22;22;1;21;55.00;4.55
90615;126101;466;5 WOJSKOWY SZPITAL KLINICZNY Z POLIKLINIKĄ - SP ZOZ W KRAKOWIE 30-006 Kraków ul. Wrocławska 1-3;160;66;66;2;64;41.25;3.03;339;167;167;9;158;49.26;5.39
90616;126101;467;MAŁOPOLSKIE CENTRUM REUMATOLOGII, IMMUNOLOGII I REHABILITACJI 30-119 Kraków al. Focha 33;79;25;25;1;24;31.65;4.00;342;93;93;6;87;27.19;6.45
90617;126101;468;KRAKOWSKIE CENTRUM REHABILITACJI I ORTOPEDII 30-224 Kraków al. Modrzewiowa 22;79;45;45;3;42;56.96;6.67;89;45;45;3;42;50.56;6.67
90618;126101;469;„SZPITAL SPECJALISTYCZNY IM. DR. J. BABIŃSKIEGO DOM POMOCY SPOŁECZNEJ UL. BABIŃSKIEGO 25” 30-393 Kraków ul. Babińskiego 29;735;174;174;6;168;23.67;3.45;103;19;19;0;19;18.45;0.00
90619;126101;470;DOM POMOCY SPOŁECZNEJ 30-329 Kraków ul. Praska 25;84;27;27;1;26;32.14;3.70;511;451;451;2;449;88.26;0.44
90620;126101;471;DOM POMOCY SPOŁECZNEJ IM. ŚW. BRATA ALBERTA 30-336 Kraków ul. Nowaczyńskiego 1;153;59;59;4;55;38.56;6.78;77;38;38;1;37;49.35;2.63
90621;126101;472;DOM POMOCY SPOŁECZNEJ SIÓSTR SŁUŻEBNICZEK STAROWIEJSKICH 30-398 Kraków ul. Podgórki Tynieckie 96;62;46;46;0;46;74.19;0.00;179;79;79;4;75;44.13;5.06
90622;126101;473;UZDROWISKO KRAKÓW SWOSZOWICE SP. Z O.O. 30-698 Kraków ul. Kąpielowa 70;78;39;39;1;38;50.00;2.56;68;45;45;3;42;66.18;6.67
90623;126101;474;SCANMED S.A. SZPITAL ŚW. RAFAŁA 30-693 Kraków ul. Bochenka 12;51;18;18;0;18;35.29;0.00;107;59;59;3;56;55.14;5.08
90624;126101;475;ZAKŁAD OPIEKUŃCZO-LECZNICZY W KRAKOWIE 30-663 Kraków ul. Wielicka 267;434;73;73;6;67;16.82;8.22;80;32;32;4;28;40.00;12.50
90625;126101;476;ARESZT ŚLEDCZY KRAKÓW PODGÓRZE 30-536 Kraków ul. Czarnieckiego 3;185;98;98;17;81;52.97;17.35;137;60;60;3;57;43.80;5.00
90626;126101;477;DOM POMOCY SPOŁECZNEJ UL. ŁANOWA 39, 43 30-725 Kraków ul. Łanowa 39;137;24;24;3;21;17.52;12.50;49;40;40;0;40;81.63;0.00
90627;126101;478;DOM POMOCY SPOŁECZNEJ (budynki: ul. Łanowa 41, 41a, 41b, 43d, 43e) 30-725 Kraków ul. Łanowa 41;178;46;46;4;42;25.84;8.70;41;24;24;1;23;58.54;4.17
90628;126101;479;DOM POMOCY SPOŁECZNEJ „ POD DĘBAMI” 31-589 Kraków SOŁTYSOWSKA 13D;67;34;34;3;31;50.75;8.82;781;246;246;16;230;31.50;6.50
90629;126101;480;SZPITAL SPECJALISTYCZNY IM. L. RYDYGIERA W KRAKOWIE SP. Z O.O 31-827 Kraków OSIEDLE ZŁOTEJ JESIENI 1;368;87;87;9;78;23.64;10.34;67;49;49;4;45;73.13;8.16
90630;126101;481;ZAKŁAD KARNY KRAKÓW-NOWA HUTA 31-987 Kraków SPŁAWY 2;204;135;135;9;126;66.18;6.67;50;32;32;0;32;64.00;0.00
90631;126101;482;SZPITAL SPECJALISTYCZNY IM. S. ŻEROMSKIEGO 31-913 Kraków OSIEDLE NA SKARPIE 66;189;60;60;2;58;31.75;3.33;447;91;91;4;87;20.36;4.40
90632;126101;483;DOM POMOCY SPOŁECZNEJ 31-965 Kraków OSIEDLE SPORTOWE 9;41;17;17;2;15;41.46;11.76;178;113;113;9;104;63.48;7.96
90633;126101;484;DOM POMOCY SPOŁECZNEJ 31-977 Kraków OSIEDLE SZKOLNE 28;30;26;26;5;21;86.67;19.23;35;23;23;2;21;65.71;8.70
90634;126101;485;CENTRUM MEDYCZNE „UJASTEK” SP. Z O.O 31-752 Kraków UJASTEK 3;113;22;22;2;20;19.47;9.09;143;30;30;4;26;20.98;13.33
73990;126201;1;Świetlica Osiedlowa 33-300 Nowy Sącz ul. Starowiejska 2;1469;425;425;13;412;28.93;3.06;1433;862;862;11;851;60.15;1.28
73991;126201;2;Miejskie Przedszkole Nr 7 33-300 Nowy Sącz ul. Krakowska 50;1981;539;539;12;527;27.21;2.23;2014;1165;1165;21;1144;57.85;1.80
73992;126201;3;Zespół Szkół Nr 4 33-300 Nowy Sącz ul. Św. Ducha 6;1029;257;257;12;245;24.98;4.67;1000;510;510;8;502;51.00;1.57
73993;126201;4;Gimnazjm Nr 11 33-300 Nowy Sącz ul. Długosza 2;906;243;243;7;236;26.82;2.88;869;460;460;10;450;52.93;2.17
73994;126201;5;Zespół Szkół Ogólnokształcących Nr 2 im. M. Konopnickiej 33-300 Nowy Sącz ul. Żeromskiego 16;1438;390;390;9;381;27.12;2.31;1404;789;789;12;777;56.20;1.52
73995;126201;6;Okręgowa Spółdzielnia Mleczarska 33-300 Nowy Sącz ul. Flisaków 1;1398;502;502;26;476;35.91;5.18;1398;899;899;8;891;64.31;0.89
73996;126201;7;Szkoła Podstawowa Nr 3 33-300 Nowy Sącz ul. Szkolna 9;1957;654;654;22;632;33.42;3.36;1881;1114;1114;16;1098;59.22;1.44
73997;126201;8;Osiedlowy Dom Kultury 33-300 Nowy Sącz ul. Kołłątaja 13;1936;558;558;14;544;28.82;2.51;1860;1011;1011;16;995;54.35;1.58
73998;126201;9;Niepubliczne Przedszkole „Promyczek” 33-300 Nowy Sącz ul. Żywiecka 72;1443;500;500;8;492;34.65;1.60;1423;910;910;15;895;63.95;1.65
73999;126201;10;Specjalny Ośrodek Szkolno-Wychowawczy 33-300 Nowy Sącz ul. Broniewskiego 1;2046;537;537;8;529;26.25;1.49;1982;1115;1115;28;1087;56.26;2.51
74000;126201;11;Szkoła Podstawowa Nr 6 33-300 Nowy Sącz ul. Tarnowska 109;919;207;207;1;206;22.52;0.48;937;532;532;8;524;56.78;1.50
74001;126201;12;Szkoła Podstawowa Nr 18 33-300 Nowy Sącz ul. Broniewskiego 5;1152;314;314;3;311;27.26;0.96;1098;602;602;12;590;54.83;1.99
74002;126201;13;Szkoła Podstawowa Nr 18 33-300 Nowy Sącz ul. Broniewskiego 5;957;226;226;6;220;23.62;2.65;928;510;510;7;503;54.96;1.37
74003;126201;14;Specjalny Ośrodek Szkolno-Wychowawczy 33-300 Nowy Sącz ul. Broniewskiego 1;1400;458;458;6;452;32.71;1.31;1361;801;801;17;784;58.85;2.12
74004;126201;15;Niepubliczne Przedszkole „Jaś i Małgosia” 33-300 Nowy Sącz ul. Broniewskiego 22;1487;375;375;12;363;25.22;3.20;1466;765;765;22;743;52.18;2.88
74005;126201;16;Osiedlowy Klub Kultury „Bajka” 33-300 Nowy Sącz ul. Westerplatte 23;1385;331;331;8;323;23.90;2.42;1328;736;736;11;725;55.42;1.49
74006;126201;17;Przedszkole Nr 18 33-300 Nowy Sącz ul. Sucharskiego 56;1501;424;424;14;410;28.25;3.30;1454;872;872;11;861;59.97;1.26
74007;126201;18;Państwowa Wyższa Szkoła Zawodowa 33-300 Nowy Sącz ul. Chruślicka 6;1258;410;410;9;401;32.59;2.20;1249;829;829;13;816;66.37;1.57
74008;126201;19;Państwowa Wyższa Szkoła Zawodowa 33-300 Nowy Sącz ul. Chruślicka 6;1405;456;456;9;447;32.46;1.97;1395;841;841;8;833;60.29;0.95
74009;126201;20;Szkoła Podstawowa Nr 20 33-300 Nowy Sącz ul. Nadbrzeżna 77;1787;644;644;19;625;36.04;2.95;1745;1107;1107;20;1087;63.44;1.81
74010;126201;21;Przedszkole Katolickie 33-300 Nowy Sącz ul. Nadbrzeżna 12;891;296;296;5;291;33.22;1.69;871;544;544;5;539;62.46;0.92
74011;126201;22;Szkoła Podstawowa Nr 11 33-300 Nowy Sącz ul. Gen. W. Długoszowskiego 126;1006;306;306;11;295;30.42;3.59;1028;636;636;10;626;61.87;1.57
74012;126201;23;Zespół Szkół Samochodowych 33-300 Nowy Sącz ul. Rejtana 18;1888;649;649;17;632;34.38;2.62;1825;1135;1135;29;1106;62.19;2.56
74013;126201;24;Gimnazjum Nr 3 33-300 Nowy Sącz ul. Kr. Jadwigi 29;1066;324;324;10;314;30.39;3.09;1047;587;587;8;579;56.06;1.36
74014;126201;25;Gimnazjum Nr 3 33-300 Nowy Sącz ul. Królowej Jadwigi 29;1121;340;340;5;335;30.33;1.47;1089;659;659;9;650;60.51;1.37
74015;126201;26;Osiedlowy Klub Kultury „Piast” 33-300 Nowy Sącz ul. Nawojowska 3;1617;551;551;12;539;34.08;2.18;1555;924;924;16;908;59.42;1.73
74016;126201;27;Szkoła Podstawowa Nr 21 33-300 Nowy Sącz ul. Rokitniańczyków 26;2153;618;618;15;603;28.70;2.43;2123;1281;1281;18;1263;60.34;1.41
74017;126201;28;Szkoła Podstawowa Nr 21 33-300 Nowy Sącz ul. Rokitniańczyków 26;1818;458;458;18;440;25.19;3.93;1753;990;990;13;977;56.47;1.31
74018;126201;29;Stowarzyszenie „Nadzieja” 33-300 Nowy Sącz ul. Freislera 10;1769;500;500;10;490;28.26;2.00;1729;1034;1034;15;1019;59.80;1.45
74019;126201;30;Zespół Szkół Podstawowo-Gimnazjalnych Nr 1 33-300 Nowy Sącz ul. 29 Listopada 22;827;237;237;1;236;28.66;0.42;815;484;484;8;476;59.39;1.65
74020;126201;31;Zespół Szkół Podstawowo-Gimnazjalnych Nr 1 33-300 Nowy Sącz ul. 29 Listopada 22;1235;332;332;9;323;26.88;2.71;1242;726;726;12;714;58.45;1.65
74021;126201;32;Zespół Szkół Podstawowo-Gimnazjalnych Nr 1 33-300 Nowy Sącz ul. 29 Listopada 22;900;216;216;5;211;24.00;2.31;1000;550;550;8;542;55.00;1.45
74022;126201;33;Zespół Szkół Podstawowo-Gimnazjalnych Nr 2 33-300 Nowy Sącz ul. Gen. Bora Komorowskiego 7;1640;509;509;7;502;31.04;1.38;1655;1034;1034;17;1017;62.48;1.64
74023;126201;34;Państwowa Szkoła Muzyczna 33-300 Nowy Sącz ul. Nawojowska 213;1925;564;564;11;553;29.30;1.95;1954;1208;1208;12;1196;61.82;0.99
74024;126201;35;Siedziba Zarządów Osiedli „Gorzków” i „Wojska Polskiego” 33-300 Nowy Sącz ul. Freislera 4a;1127;347;347;6;341;30.79;1.73;1109;685;685;13;672;61.77;1.90
74025;126201;36;Zespół Szkół Elektro-Mechanicznych 33-300 Nowy Sącz ul. Limanowskiego 4;1209;341;341;14;327;28.21;4.11;1196;682;682;22;660;57.02;3.23
74026;126201;37;Szkoła Podstawowa Nr 7 33-300 Nowy Sącz ul. Gen. Grota-Roweckiego 15;1750;584;584;12;572;33.37;2.05;1680;985;985;21;964;58.63;2.13
74027;126201;38;Szkoła Podstawowa Nr 8 33-300 Nowy Sącz Al. Stefana Batorego 76;1548;472;472;12;460;30.49;2.54;1521;828;828;18;810;54.44;2.17
74028;126201;39;Miejskie Przedszkole Integracyjne 33-300 Nowy Sącz ul. Podhalańska 7;1112;343;343;10;333;30.85;2.92;1074;624;624;10;614;58.10;1.60
74029;126201;40;Świetlica „Sądeckich Wodociągów” 33-300 Nowy Sącz ul. W. Pola 22;1244;465;465;6;459;37.38;1.29;1233;775;775;5;770;62.85;0.65
74030;126201;41;Siedziba Zarządu Osiedla Kaduk 33-300 Nowy Sącz ul. Grunwaldzka 41;1615;473;473;11;462;29.29;2.33;1621;913;913;11;902;56.32;1.20
74031;126201;42;Szkoła Podstawowa Nr 9 33-300 Nowy Sącz ul. Piramowicza 16;1000;274;274;8;266;27.40;2.92;1002;586;586;13;573;58.48;2.22
74032;126201;43;Szkoła Podstawowa Nr 9 33-300 Nowy Sącz ul. Piramowicza 16;1412;425;425;8;417;30.10;1.88;1431;868;868;18;850;60.66;2.07
74033;126201;44;Szkoła Podstawowa Nr 14 33-300 Nowy Sącz ul. Towarowa 6;1149;419;419;26;393;36.47;6.21;1151;767;767;11;756;66.64;1.43
74034;126201;45;Szkoła Podstawowa Nr 17 33-300 Nowy Sącz ul. Mała Poręba 57;1739;438;438;10;428;25.19;2.28;1791;1089;1089;17;1072;60.80;1.56
74035;126201;46;Zakład Ubezpieczeń Społecznych 33-300 Nowy Sącz ul. Sienkiewicza 77;1156;363;363;4;359;31.40;1.10;1100;632;632;14;618;57.45;2.22
74036;126201;47;Spółdzielnia Mieszkaniowa „BESKID” 33-300 Nowy Sącz ul. B. A. Konstanty 12A;1315;473;473;6;467;35.97;1.27;1289;819;819;12;807;63.54;1.47
90635;126201;48;Dom Pomocy Społecznej 33-300 Nowy Sącz ul. E. Plater 20;97;47;47;1;46;48.45;2.13;99;46;46;12;34;46.46;26.09
90636;126201;49;Dom Pomocy Społecznej 33-300 Nowy Sącz ul. Nawojowska 155;61;26;26;3;23;42.62;11.54;57;27;27;1;26;47.37;3.70
90637;126201;50;Dom Pomocy Społecznej 33-300 Nowy Sącz ul. Nawojowska 159;66;33;33;4;29;50.00;12.12;84;32;32;9;23;38.10;28.12
90638;126201;51;Szpital Specjalistyczny 33-300 Nowy Sącz ul. Młyńska 5;187;62;62;1;61;33.16;1.61;180;129;129;13;116;71.67;10.08
90639;126201;52;Zakład Karny 33-300 Nowy Sącz ul. Pijarska 1;300;88;88;8;80;29.33;9.09;25;20;20;0;20;80.00;0.00
74037;126301;1;Tarnowskie Centrum Kultury 33-100 Tarnów Rynek Nr 5;897;187;187;9;178;20.85;4.81;866;333;333;16;317;38.45;4.80
74038;126301;2;III Liceum Ogólnokształcące im. A. Mickiewicza 33-100 Tarnów ul. Brodzińskiego Nr 6;1580;329;329;5;324;20.82;1.52;1531;657;657;21;636;42.91;3.20
74039;126301;3;I Liceum Ogólnokształcące im. K. Brodzińskiego 33-100 Tarnów ul. Piłsudskiego Nr 4;768;193;193;8;185;25.13;4.15;751;337;341;2;335;44.87;0.59
74040;126301;4;XVI Liceum Ogólnokształcące im. Armii Krajowej 33-100 Tarnów Aleja Solidarności Nr 18;555;150;150;3;147;27.03;2.00;540;275;275;3;272;50.93;1.09
74041;126301;5;Szkoła Podstawowa Nr 3 im. M. Konopnickiej 33-100 Tarnów ul. Kopernika Nr 10;1185;339;339;3;336;28.61;0.88;1144;546;546;5;541;47.73;0.92
74042;126301;6;Zespół Szkół Ekonomiczno-Gastronomicznych im. J. Piłsudskiego 33-100 Tarnów ul. Bema Nr 9/11;851;209;209;6;203;24.56;2.87;833;388;388;5;383;46.58;1.29
74043;126301;7;Zespół Szkół Ogólnokształcących Nr 6 z Oddziałami Integracyjnymi 33-100 Tarnów ul. Bandrowskiego Nr 4;1279;356;356;6;350;27.83;1.69;1231;668;668;10;658;54.26;1.50
74044;126301;8;Przedszkole Publiczne Nr 17 33-100 Tarnów ul. Kościuszki Nr 9;1659;548;548;10;538;33.03;1.82;1574;906;906;20;886;57.56;2.21
74045;126301;9;Zespół Szkół Ogólnokształcących Nr 5 33-100 Tarnów ul. Reymonta Nr 30;2005;541;541;15;526;26.98;2.77;1969;1011;1011;14;997;51.35;1.38
74046;126301;10;Zespół Szkół Ogólnokształcących Nr 5 33-100 Tarnów ul. Reymonta Nr 30;1225;368;368;12;356;30.04;3.26;1181;681;681;9;672;57.66;1.32
74047;126301;11;Przedszkole Publiczne Nr 34 33-100 Tarnów ul. Wiejska Nr 29;1276;336;336;5;331;26.33;1.49;1216;643;643;13;630;52.88;2.02
74048;126301;12;VII Liceum Ogólnokształcące 33-100 Tarnów ul. Staszica Nr 8;881;236;236;1;235;26.79;0.42;836;418;418;5;413;50.00;1.20
74049;126301;13;Zespół Szkół Mechaniczno - Elektrycznych 33-100 Tarnów ul. Szujskiego Nr 13;1076;313;313;8;305;29.09;2.56;1034;635;635;8;627;61.41;1.26
74050;126301;14;Szkoła Podstawowa Nr 18 im. J. Kochanowskiego 33-100 Tarnów ul. 3 Maja Nr 10;1040;288;288;11;277;27.69;3.82;1020;560;560;8;552;54.90;1.43
74051;126301;15;Szkoła Podstawowa Nr 18 im. J. Kochanowskiego 33-100 Tarnów ul. 3 Maja Nr 10;1029;268;268;4;264;26.04;1.49;1037;552;552;7;545;53.23;1.27
74052;126301;16;Gimnazjum Nr 11 im. Romana Brandstaettera 33-100 Tarnów ul. Szujskiego Nr 15;1940;525;525;11;514;27.06;2.10;1885;1037;1037;14;1023;55.01;1.35
74053;126301;17;Przedszkole Publiczne Nr 14 33-100 Tarnów ul. Pułaskiego Nr 93A;1517;341;341;4;337;22.48;1.17;1491;673;673;20;653;45.14;2.97
74054;126301;18;Dom Studenta Państwowej Wyższej Szkoły Zawodowej 33-100 Tarnów ul. Słowackiego Nr 7;2068;745;745;16;729;36.03;2.15;2045;1175;1175;7;1168;57.46;0.60
74055;126301;19;Przedszkole Publiczne Nr 19 33-100 Tarnów ul. Paderewskiego Nr 24;1441;413;413;6;407;28.66;1.45;1376;775;775;11;764;56.32;1.42
74056;126301;20;V Liceum Ogólnokształcące im. Janusza Korczaka 33-100 Tarnów ul. Rejtana Nr 20;1285;363;363;6;357;28.25;1.65;1265;697;697;9;688;55.10;1.29
74057;126301;21;Specjalny Ośrodek Szkolno-Wychowawczy im. E. Gierat 33-100 Tarnów ul. Romanowicza Nr 9;1213;384;384;10;374;31.66;2.60;1186;709;709;2;707;59.78;0.28
74058;126301;22;Specjalny Ośrodek Szkolno-Wychowawczy im. E. Gierat 33-100 Tarnów ul. Romanowicza Nr 9;1548;524;524;3;521;33.85;0.57;1541;1016;1016;6;1010;65.93;0.59
74059;126301;23;Zespół Szkół Niepublicznych Stowarzyszenie „Siódemka” 33-100 Tarnów ul. Poniatowskiego Nr 5;988;296;296;2;294;29.96;0.68;961;530;530;9;521;55.15;1.70
74060;126301;24;Zespół Szkół Niepublicznych Stowarzyszenie „Siódemka” 33-100 Tarnów ul. Poniatowskiego Nr 5;1060;250;250;5;245;23.58;2.00;1029;468;468;7;461;45.48;1.50
74061;126301;25;Dom Pomocy Społecznej im. Świętego Brata Alberta 33-100 Tarnów ul. Szpitalna Nr 53;141;61;61;13;48;43.26;21.31;142;73;73;9;64;51.41;12.33
74062;126301;26;Przedszkole Publiczne Nr 26 33-100 Tarnów ul. Bitwy o Wał Pomorski Nr 11;1044;294;294;10;284;28.16;3.40;1006;558;558;9;549;55.47;1.61
74063;126301;27;Dom Pomocy Społecznej im. Świętego Brata Alberta 33-100 Tarnów ul. Szpitalna Nr 53;1377;326;326;8;318;23.67;2.45;1354;745;745;16;729;55.02;2.15
74064;126301;28;Zespół Szkół Ogólnokształcących Nr 4 33-100 Tarnów ul. Osiedle Legionów Dąbrowskiego Nr 16;1030;270;270;2;268;26.21;0.74;969;590;590;6;584;60.89;1.02
74065;126301;29;Zespół Szkół Ogólnokształcących Nr 4 33-100 Tarnów ul. Osiedle Legionów Dąbrowskiego Nr 16;1040;266;266;7;259;25.58;2.63;1006;517;517;5;512;51.39;0.97
74066;126301;30;Przedszkole Publiczne Nr 24 33-100 Tarnów ul. Westerplatte Nr 11;1343;365;365;4;361;27.18;1.10;1390;804;804;11;793;57.84;1.37
74067;126301;31;Przedszkole Publiczne Nr 24 33-100 Tarnów ul. Westerplatte Nr 11;1297;310;310;6;304;23.90;1.94;1266;721;721;7;714;56.95;0.97
74068;126301;32;Przedszkole Publiczne Nr 18 z Oddziałami Integracyjnymi 33-100 Tarnów ul. Westerplatte Nr 10;1285;315;315;6;309;24.51;1.90;1231;671;671;11;660;54.51;1.64
74069;126301;33;Przedszkole Publiczne Nr 18 z Oddziałami Integracyjnymi 33-100 Tarnów ul. Westerplatte Nr 10;946;265;265;12;253;28.01;4.53;918;521;521;5;516;56.75;0.96
74070;126301;34;Żłobek Nr 10 33-100 Tarnów ul. Do Prochowni Nr 20;1237;367;367;4;363;29.67;1.09;1206;707;707;11;696;58.62;1.56
74071;126301;35;Przedszkole Publiczne Nr 31 33-100 Tarnów ul. Promienna Nr 13;1113;334;334;3;331;30.01;0.90;1067;628;628;3;625;58.86;0.48
74072;126301;36;Przedszkole Publiczne Nr 32 33-100 Tarnów ul. Długa Nr 23A;1767;522;522;8;514;29.54;1.53;1686;1005;1005;14;991;59.61;1.39
74073;126301;37;Gimnazjum Nr 4 im. Jerzego Brauna 33-100 Tarnów ul. Bitwy pod Studziankami Nr 5;1013;265;265;7;258;26.16;2.64;981;536;536;6;530;54.64;1.12
74074;126301;38;Szkoła Podstawowa Nr 8 im. K.K. Baczyńskiego 33-100 Tarnów ul. Bitwy pod Studziankami Nr 5;921;233;233;2;231;25.30;0.86;885;505;505;4;501;57.06;0.79
74075;126301;39;Szkoła Podstawowa Nr 5 im. T. Kościuszki 33-100 Tarnów ul. Skowronków Nr 8;1869;502;502;19;483;26.86;3.78;1776;970;970;20;950;54.62;2.06
74076;126301;40;Przedszkole Publiczne Nr 12 33-100 Tarnów ul. Jasna Nr 6;1618;436;436;8;428;26.95;1.83;1567;834;834;5;829;53.22;0.60
74077;126301;41;Miejska Przychodnia Lekarska Nr IV NPZO Z sp. z o.o. 33-100 Tarnów ul. Osiedle 25-lecia PRL Nr 3A;1509;425;425;7;418;28.16;1.65;1464;736;736;5;731;50.27;0.68
74078;126301;42;Szkoła Podstawowa Nr 15 im. Gen. J. Bema 33-100 Tarnów ul. Krupnicza Nr 8;1341;331;331;14;317;24.68;4.23;1291;652;652;16;636;50.50;2.45
74079;126301;43;Zespół Szkół Ogólnokształcących Nr 2 33-100 Tarnów ul. Mickiewicza Nr 16;1096;249;249;13;236;22.72;5.22;1059;509;509;7;502;48.06;1.38
74080;126301;44;Przedszkole Publiczne Nr 6 33-100 Tarnów ul. Waryńskiego Nr 19;1405;327;327;8;319;23.27;2.45;1385;702;702;19;683;50.69;2.71
74081;126301;45;Zespół Szkół Katolickich 33-100 Tarnów ul. Warzywna Nr 3;1487;353;353;8;345;23.74;2.27;1448;724;724;10;714;50.00;1.38
74082;126301;46;Przedszkole Publiczne Nr 21 33-100 Tarnów ul. Burtnicza Nr 11;2006;547;547;17;530;27.27;3.11;1918;1050;1050;17;1033;54.74;1.62
74083;126301;47;Hala Sportowo Widowiskowa Pałacu Młodzieży 33-100 Tarnów ul. Gumniska Nr 28;1522;457;457;8;449;30.03;1.75;1477;826;826;8;818;55.92;0.97
74084;126301;48;Zespół Szkół Ekonomiczno-Ogrodniczych im. T. Kościuszki 33-100 Tarnów ul. Sanguszków Nr 28;1161;364;364;6;358;31.35;1.65;1148;651;651;8;643;56.71;1.23
74085;126301;49;Szkoła Podstawowa Nr 2 im. St. Konarskiego 33-100 Tarnów ul. Szewska Nr 7;917;196;196;5;191;21.37;2.55;887;398;398;4;394;44.87;1.01
74086;126301;50;Szkoła Podstawowa Nr 2 im. St. Konarskiego 33-100 Tarnów ul. Szewska Nr 7;1520;437;437;5;432;28.75;1.14;1532;909;909;12;897;59.33;1.32
74087;126301;51;Niepubliczna Szkoła Podstawowa im. Polskiej Marynarki Handlowej 33-100 Tarnów ul. Skorupki Nr 9;1165;277;277;11;266;23.78;3.97;1155;589;589;3;586;51.00;0.51
74088;126301;52;Niepubliczna Szkoła Podstawowa im. Polskiej Marynarki Handlowej 33-100 Tarnów ul. Skorupki Nr 9;1234;291;291;13;278;23.58;4.47;1198;611;611;17;594;51.00;2.78
74089;126301;53;Budynek Rady Osiedla Nr 15 „Koszyce” 33-100 Tarnów ul. Waszkiewicza Nr 2;1972;650;650;22;628;32.96;3.38;1958;1126;1126;9;1117;57.51;0.80
74090;126301;54;Hala Sportowa Zespołu Szkół Ogólnokształcących Nr 1 33-101 Tarnów ul. Pszenna Nr 10;2066;610;610;25;585;29.53;4.10;2066;1284;1284;12;1272;62.15;0.93
74091;126301;55;Zespół Szkół Ogólnokształcących Nr 1 33-100 Tarnów ul. Norwida Nr 22;2252;741;741;16;725;32.90;2.16;2209;1332;1332;9;1323;60.30;0.68
74092;126301;56;Zespół Szkół Ogólnokształcących Nr 1 33-100 Tarnów ul. Norwida Nr 22;1315;480;480;6;474;36.50;1.25;1310;835;835;5;830;63.74;0.60
74093;126301;57;Zespół Szkół Sportowych im. Polskich Olimpijczyków 33-101 Tarnów ul. Zbylitowska Nr 7;1333;364;364;7;357;27.31;1.92;1311;760;760;9;751;57.97;1.18
74094;126301;58;Zespół Szkół Technicznych im. I. Mościckiego 33-101 Tarnów ul. Kwiatkowskiego Nr 17;1426;363;363;7;356;25.46;1.93;1381;710;710;17;693;51.41;2.39
74095;126301;59;Szkoła Podstawowa Nr 11 Integracyjna im. M. Dąbrowskiej 33-100 Tarnów ul. Mościckiego Nr 177A;1534;436;436;5;431;28.42;1.15;1510;869;869;21;848;57.55;2.42
74096;126301;60;Przedszkole Publiczne Nr 5 33-100 Tarnów ul. Zagumnie Nr 27;2026;484;484;24;460;23.89;4.96;2063;1044;1044;20;1024;50.61;1.92
74097;126301;61;Szkoła Podstawowa Nr 14 im. S. Jaracza 33-100 Tarnów ul. Krzyska Nr 118;1587;352;352;6;346;22.18;1.70;1611;846;846;14;832;52.51;1.65
74098;126301;62;Gimnazjum Nr 6 im. Jana Pawła II 33-100 Tarnów ul. Krzyska Nr 118;1571;486;486;18;468;30.94;3.70;1566;932;932;12;920;59.51;1.29
74099;126301;63;Szkoła Podstawowa Nr 14 im. S. Jaracza 33-100 Tarnów ul. Krzyska Nr 118;1428;349;349;7;342;24.44;2.01;1420;810;810;7;803;57.04;0.86
74100;126301;64;Szkoła Podstawowa Nr 9 im. Orląt Lwowskich 33-100 Tarnów ul. Dąbrowskiej Nr 6;1349;320;320;6;314;23.72;1.88;1381;832;832;5;827;60.25;0.60
74101;126301;65;Przedszkole Publiczne Nr 8 33-100 Tarnów ul. Dąbrowskiej Nr 1;1650;443;443;15;428;26.85;3.39;1580;943;943;17;926;59.68;1.80
74102;126301;66;Szkoła Podstawowa Nr 9 im. Orląt Lwowskich 33-100 Tarnów ul. Dąbrowskiej Nr 6;1379;356;356;12;344;25.82;3.37;1359;770;771;4;766;56.66;0.52
74103;126301;67;Przedszkole Publiczne Nr 8 33-100 Tarnów ul. Dąbrowskiej Nr 1;2022;532;532;8;524;26.31;1.50;2014;1095;1095;14;1081;54.37;1.28
90640;126301;68;Specjalistyczny Szpital im. E. Szczeklika w Tarnowie 33-100 Tarnów ul. Szpitalna Nr 13;430;56;56;6;50;13.02;10.71;265;148;148;4;144;55.85;2.70
90641;126301;69;Szpital Wojewódzki im. Św. Łukasza, Samodzielny Publiczny Zakład Opieki Zdrowotnej w Tarnowie 33-100 Tarnów ul. Lwowska Nr 178A;308;53;53;8;45;17.21;15.09;338;128;128;6;122;37.87;4.69
90642;126301;70;Dom Pomocy Społecznej w Tarnowie 33-100 Tarnów ul. Czarna Droga Nr 48;82;49;49;4;45;59.76;8.16;79;53;53;4;49;67.09;7.55
90643;126301;71;Zakład Opiekuńczo-Leczniczy przy Mościckim Centrum Medycznym Sp. z o.o. w Tarnowie 33-100 Tarnów ul. Eugeniusza Kwiatkowskiego Nr 15;43;4;4;0;4;9.30;0.00;42;8;8;0;8;19.05;0.00
90644;126301;72;Zakład Karny w Tarnowie 33-100 Tarnów ul. Jędrzeja Śniadeckiego Nr 9;344;79;79;11;68;22.97;13.92;328;146;146;18;128;44.51;12.33
90645;126301;73;Zakład Karny w Tarnowie 33-100 Tarnów ul. Stanisława Konarskiego Nr 2;678;199;199;28;171;29.35;14.07;604;283;283;47;236;46.85;16.61
90646;126301;74;Zakład Karny w Tarnowie - Oddział Penitencjarny Nr 3 33-100 Tarnów ul. Wspólna Nr 15;305;157;157;24;133;51.48;15.29;232;97;97;7;90;41.81;7.22
74104;140101;1;Publiczna Szkoła Podstawowa Nr 1 im.Komisji Edukacji Narodowej w Białobrzegach 26-800 Białobrzegi ul. Rzemieślnicza 21/31;1774;430;430;13;417;24.24;3.02;1722;956;956;25;931;55.52;2.62
74105;140101;2;Publiczne Przedszkole Nr 2 im. Kubusia Puchatka w Białobrzegach 26-800 Białobrzegi ul. Marii Konopnickiej 1;1390;293;293;14;279;21.08;4.78;1404;786;786;25;761;55.98;3.18
74106;140101;3;Publiczna Szkoła Podstawowa Nr 1 im. Komisji Edukacji Narodowej w Białobrzegach 26-800 Białobrzegi ul. Rzemieślnicza 21/31;1865;283;283;9;274;15.17;3.18;1858;843;843;33;810;45.37;3.91
74107;140101;4;Biblioteka Publiczna Miasta i Gminy w Białobrzegach 26-800 Białobrzegi ul. Kościelna 31;2021;464;464;12;452;22.96;2.59;1984;1090;1090;51;1039;54.94;4.68
74108;140101;5;Publiczna Szkoła Podstawowa w Suchej 26-800 Sucha ul. Szlachecka 88A;1282;156;156;7;149;12.17;4.49;1270;581;581;15;566;45.75;2.58
90647;140101;6;Oddział Zewnętrzny w Stawiszynie Stawiszyn 26-800 Stawiszyn 31;179;24;24;7;17;13.41;29.17;176;66;66;2;64;37.50;3.03
74109;140102;1;Urząd Gminy w Promnie 26-803 Promna-Kolonia 5;2091;390;390;20;370;18.65;5.13;2068;944;944;42;902;45.65;4.45
74110;140102;2;Remiza OSP w Olszamach 05-610 Olszamy 23;887;181;181;8;173;20.41;4.42;874;417;417;9;408;47.71;2.16
74111;140102;3;Świetlica wiejska 05-610 Lisów 4A;743;130;130;9;121;17.50;6.92;730;328;328;13;315;44.93;3.96
74112;140102;4;Szkoła Podstawowa w Przybyszewie 26-803 Przybyszew ul. Władysława Rosłońca 5;867;146;146;4;142;16.84;2.74;857;365;365;18;347;42.59;4.93
74113;140103;1;Świetlica Wiejska w Radznowie 26-807 Radzanów 25;1673;286;286;14;272;17.10;4.90;1649;767;767;20;747;46.51;2.61
74114;140103;2;Świetlica Wiejska w Bukównie 26-807 Bukówno 31;1373;304;304;22;282;22.14;7.24;1361;701;701;29;672;51.51;4.14
74115;140104;1;Zespół Szkół Gminnych w Starej Błotnicy 26-806 Stara Błotnica 49;1824;250;250;7;243;13.71;2.80;1815;822;822;34;788;45.29;4.14
74116;140104;2;Zespół Szkół Gminnych w Starym Goździe 26-806 Stary Gózd 90;1812;249;249;10;239;13.74;4.02;1828;820;820;31;789;44.86;3.78
74117;140104;3;Publiczna Szkoła Podstawowa w Kaszowie 26-806 Kaszów 37;469;67;67;12;55;14.29;17.91;470;217;217;10;207;46.17;4.61
74118;140105;1;Publiczna Szkoła Podstawowa w Bobrku 26-804 Bobrek-Kolonia 24;479;70;70;3;67;14.61;4.29;465;206;206;13;193;44.30;6.31
74119;140105;2;Publiczna Szkoła Podstawowa w Bożem 26-804 Boże 1;703;57;57;2;55;8.11;3.51;705;261;261;18;243;37.02;6.90
74120;140105;3;Publiczna Szkoła Podstawowa w Dobieszynie 26-804 Kolonia Sielce 46;950;115;115;8;107;12.11;6.96;931;348;348;22;326;37.38;6.32
74121;140105;4;Publiczna Szkoła Podstawowa w Podlesiu Dużym 26-804 Podlesie Duże 71;595;46;46;3;43;7.73;6.52;608;228;228;11;217;37.50;4.82
74122;140105;5;Urząd Gminy w Stromcu 26-804 Stromiec ul.Piaski 4;942;102;102;8;94;10.83;7.84;935;350;350;28;322;37.43;8.00
74123;140105;6;Publiczna Szkoła Podstawowa w Stromcu 26-804 Stromiec ul.Radomska 27;833;150;150;3;147;18.01;2.00;837;439;439;16;423;52.45;3.64
74124;140106;1;URZĄD MIEJSKI W WYŚMIERZYCACH 26-811 WYŚMIERZYCE ul. ADAMA MICKIEWICZA 75;1475;241;241;9;232;16.34;3.73;1463;702;702;22;680;47.98;3.13
74125;140106;2;REMIZA OSP W WITASZYNIE 26-811 WITASZYN 18 B;375;70;70;3;67;18.67;4.29;357;169;169;3;166;47.34;1.78
74126;140106;3;SZKOŁA PODSTAWOWA W KOSTRZYNIE 26-811 KOSTRZYN 66A;572;81;81;4;77;14.16;4.94;565;254;254;8;246;44.96;3.15
74127;140201;1;Miejski Zespół Szkół Nr 1 06-400 Ciechanów ul. Powstańców Wielkopolskich 1;1774;402;402;7;395;22.66;1.74;1839;973;973;17;956;52.91;1.75
74128;140201;2;Przedszkole Nr 5 06-400 Ciechanów ul. Gwardii Ludowej 12;1796;439;439;18;421;24.44;4.10;1774;925;928;20;905;52.14;2.16
74129;140201;3;Przedszkole Nr 10 06-400 Ciechanów ul. Batalionów Chłopskich 4;1838;400;400;12;388;21.76;3.00;1788;908;908;13;895;50.78;1.43
74130;140201;4;Państwowa Wyższa Szkoła Zawodowa 06-400 Ciechanów ul. Wojska Polskiego 51;1786;389;389;13;376;21.78;3.34;1747;823;823;12;811;47.11;1.46
74131;140201;5;Dom Pomocy Społecznej KOMBATANT 06-400 Ciechanów ul. Batalionów Chłopskich 12;1848;493;493;18;475;26.68;3.65;1793;939;939;17;922;52.37;1.81
74132;140201;6;Przedszkole Nr 1 06-400 Ciechanów ul. Nadfosna 12;1905;418;418;10;408;21.94;2.39;1895;917;917;22;895;48.39;2.40
74133;140201;7;Powiatowe Centrum Kultury i Sztuki im. M. Konopnickiej 06-400 Ciechanów ul. Strażacka 5;1756;414;414;10;404;23.58;2.42;1702;893;893;17;876;52.47;1.90
74134;140201;8;Gimnazjum Nr 1 06-400 Ciechanów ul. Orylska 3;1822;382;382;8;374;20.97;2.09;1803;856;856;9;847;47.48;1.05
74135;140201;9;Polski Czerwony Krzyż Zarząd Rejonowy 06-400 Ciechanów ul. Rzeczkowska 11;1849;394;394;7;387;21.31;1.78;1916;1002;1002;18;984;52.30;1.80
74136;140201;10;Szkoła Podstawowa Nr 4 06-400 Ciechanów ul. Płońska 143;1813;400;400;10;390;22.06;2.50;1757;920;920;18;902;52.36;1.96
74137;140201;11;BUDMAT AUTO 2 Sp. z o.o. 06-400 Ciechanów ul. Sońska 2;1562;286;286;7;279;18.31;2.45;1566;729;729;27;702;46.55;3.70
74138;140201;12;Przedszkole Nr 8 06-400 Ciechanów ul. Graniczna 41;1713;346;346;9;337;20.20;2.60;1681;825;825;24;801;49.08;2.91
74139;140201;13;Miejski Zespół Szkół Nr 2 06-400 Ciechanów ul. Czarnieckiego 40;1777;312;312;6;306;17.56;1.92;1741;767;767;14;753;44.06;1.83
74140;140201;14;Miejski Zespół Szkół Nr 2 06-400 Ciechanów ul. Czarnieckiego 40;1695;409;409;6;403;24.13;1.47;1663;930;930;13;917;55.92;1.40
74141;140201;15;Zespół Placówek Oświatowych 06-400 Ciechanów ul. 17 Stycznia 49;1589;379;379;5;374;23.85;1.32;1572;816;816;13;803;51.91;1.59
74142;140201;16;Miejski Ośrodek Pomocy Społecznej 06-400 Ciechanów ul. Sienkiewicza 32d;1640;317;317;11;306;19.33;3.47;1616;678;678;21;657;41.96;3.10
74143;140201;17;Zespół Szkół Nr 3 06-400 Ciechanów ul. Okrzei 6;1622;281;281;6;275;17.32;2.14;1590;612;612;17;595;38.49;2.78
74144;140201;18;Gimnazjum Nr 3 06-400 Ciechanów ul. 17 Stycznia 17;1626;329;329;9;320;20.23;2.74;1589;687;687;20;667;43.23;2.91
74145;140201;19;Szkoła Podstawowa Nr 5 06-400 Ciechanów ul. Broniewskiego 1;1548;412;412;6;406;26.61;1.46;1513;795;795;17;778;52.54;2.14
74146;140201;20;Hala Sportowo-Widowiskowa 06-400 Ciechanów ul. Kraszewskiego 8;1627;396;396;8;388;24.34;2.02;1620;881;881;13;868;54.38;1.48
74147;140201;21;Gimnazjum nr 3 06-400 Ciechanów ul. 17-go Stycznia 17;1623;396;396;12;384;24.40;3.03;1607;841;841;19;822;52.33;2.26
90648;140201;22;Specjalistyczny Szpital Wojewódzki 06-400 Ciechanów ul. Powstańców Wielkopolskich 2;256;28;28;4;24;10.94;14.29;248;51;51;5;46;20.56;9.80
90649;140201;23;Dom Pomocy Społecznej 06-400 Ciechanów ul. Krucza 32;167;92;92;14;78;55.09;15.22;162;87;87;26;61;53.70;29.89
74148;140202;1;Urząd Gminy Ciechanów 06-400 Ciechanów ul. Fabryczna 8;2029;339;339;10;329;16.71;2.95;2103;993;993;27;966;47.22;2.72
74149;140202;2;Szkoła Podstawowa 06-400 Chotum 25;890;88;88;7;81;9.89;7.95;912;303;303;14;289;33.22;4.62
74150;140202;3;Urząd Gminy Ciechanów 06-400 Ciechanów ul. Fabryczna 8;1561;187;187;8;179;11.98;4.28;1577;668;668;22;646;42.36;3.29
74151;140202;4;Gimnazjum w Gumowie 06-452 Gumowo 8;917;92;92;2;90;10.03;2.17;922;330;330;33;297;35.79;10.00
74152;140203;1;Szkoła Podstawowa im. Marii Konopnickiej w Glinojecku 06-450 Glinojeck ul. Płocka 7;1562;126;126;5;121;8.07;3.97;1562;561;561;31;530;35.92;5.53
74153;140203;2;Hala Sportowa w Glinojecku 06-450 Glinojeck ul. Ciechanowska 8 C;1432;185;185;10;175;12.92;5.41;1431;609;609;34;575;42.56;5.58
74154;140203;3;Miejsko-Gminny Ośrodek Kultury w Glinojecku 06-450 Glinojeck ul. Polna 2C;1579;207;207;11;196;13.11;5.31;1520;644;644;37;607;42.37;5.75
74155;140203;4;Remiza OSP 06-452 Ościsłowo 37;585;92;92;11;81;15.73;11.96;570;206;206;7;199;36.14;3.40
74156;140203;5;Szkoła Podstawowa w Woli Młockiej 06-450 Wola Młocka 32;1270;100;100;4;96;7.87;4.00;1261;440;440;12;428;34.89;2.73
74157;140204;1;Publiczne Gimnazjum w Gołyminie - Ośrodku 06-420 Gołymin-Ośrodek ul. Ks. Michalaka 10C;1060;180;180;5;175;16.98;2.78;1043;449;449;23;426;43.05;5.12
74158;140204;2;Gminna Biblioteka Publiczna w Gołyminie-Ośrodku 06-420 Gołymin-Ośrodek ul. Ks. Michalaka 10B;862;131;131;1;130;15.20;0.76;878;345;345;16;329;39.29;4.64
74159;140204;3;Szkoła Podstawowa im. P.J. Gołaszewskiego Szkoła Filialna w Gostkowie 06-420 Gostkowo 2;1283;177;177;9;168;13.80;5.08;1267;441;441;28;413;34.81;6.35
74160;140205;1;Zespół Placówek Oświatowych Gimnazjum Publiczne 06-460 Grudusk ul. Szkolna 2;1052;165;165;8;157;15.68;4.85;1029;427;427;21;406;41.50;4.92
74161;140205;2;Gminny Ośrodek Kultury 06-460 Grudusk Plac Grunwaldu 4;964;202;202;5;197;20.95;2.48;945;441;441;21;420;46.67;4.76
74162;140205;3;Dom Strażaka 06-460 Łysakowo 59;1071;196;196;7;189;18.30;3.57;1043;442;442;13;429;42.38;2.94
74163;140206;1;Szkoła Podstawowa w Ojrzeniu 06-456 Ojrzeń ul. Przedszkolna 7;814;142;142;8;134;17.44;5.63;801;387;387;20;367;48.31;5.17
74164;140206;2;Urząd Gminy w Ojrzeniu 06-456 Ojrzeń ul. Ciechanowska 27;711;62;62;4;58;8.72;6.45;704;232;232;15;217;32.95;6.47
74165;140206;3;Zespół Szkół w Młocku 06-456 Młock 73;984;113;113;4;109;11.48;3.54;1003;373;373;20;353;37.19;5.36
74166;140206;4;Zespół Szkół w Kraszewie 06-456 Kraszewo 57A;987;124;124;8;116;12.56;6.45;977;374;374;21;353;38.28;5.61
74167;140207;1;Urząd Gminy w Opinogórze Górnej 06-406 Opinogóra Górna ul. Z. Krasińskiego 4;1037;156;156;6;150;15.04;3.85;1033;439;439;10;429;42.50;2.28
74168;140207;2;Świetlica Wiejska 06-406 Dzbonie 22;795;117;117;2;115;14.72;1.71;794;333;333;8;325;41.94;2.40
74169;140207;3;Szkoła Podstawowa w Woli Wierzbowskiej 06-406 Wola Wierzbowska 27;611;98;98;4;94;16.04;4.08;596;251;251;7;244;42.11;2.79
74170;140207;4;Szkoła Podstawowa w Kołaczkowie 06-406 Kołaczków 10;949;60;60;2;58;6.32;3.33;952;314;314;22;292;32.98;7.01
74171;140207;5;Świetlica Wiejska 06-406 Władysławowo ul. E. Krasińskiego 39;799;161;161;6;155;20.15;3.73;811;386;386;11;375;47.60;2.85
74172;140207;6;Budynek OSP 06-406 Długołęka 13;587;100;100;6;94;17.04;6.00;575;242;242;9;233;42.09;3.72
74173;140208;1;Urząd Gminy w Regiminie 06-461 Regimin 22;2184;627;627;29;598;28.71;4.63;2167;908;908;46;862;41.90;5.07
74174;140208;2;Szkoła Podstawowa w Zeńboku 06-461 Zeńbok 50;509;83;83;3;80;16.31;3.61;494;173;173;11;162;35.02;6.36
74175;140208;3;Budynek Świetlicy Wiejskiej w Pniewie-Czeruchach 06-461 Pniewo-Czeruchy 23;510;115;115;2;113;22.55;1.74;504;212;212;5;207;42.06;2.36
74176;140208;4;Szkoła Podstawowa w Szulmierzu 06-461 Szulmierz 78;866;157;157;5;152;18.13;3.18;874;324;324;12;312;37.07;3.70
74177;140209;1;Szkoła Podstawowa 06-430 Sońsk ul. Szkolna 4;2239;376;376;11;365;16.79;2.93;2230;1022;1022;24;998;45.83;2.35
74178;140209;2;Świetlica Wiejska 06-430 Ciemniewo 47;669;112;112;8;104;16.74;7.14;674;275;275;12;263;40.80;4.36
74179;140209;3;Szkoła Podstawowa 06-440 Bądkowo 1;943;119;119;8;111;12.62;6.72;945;384;384;22;362;40.63;5.73
74180;140209;4;Gimnazjum 06-440 Gąsocin ul. Błotna 12;2101;206;206;12;194;9.80;5.83;2114;800;800;16;784;37.84;2.00
74181;140209;5;Świetlica Wiejska 06-440 Wola Ostaszewska 17;386;40;40;3;37;10.36;7.50;366;118;118;5;113;32.24;4.24
90650;140209;6;Niepubliczny Zespół Zakładów Opieki Zdrowotnej „Palium” w Sońsku 06-430 Sońsk ul. Zacisze 1;70;44;44;1;43;62.86;2.27;72;37;37;0;37;51.39;0.00
74182;140301;1;Publiczna Szkoła Podstawowa Nr 1 08-400 Garwolin Aleja Żwirki i Wigury 16;892;253;253;8;245;28.36;3.16;898;562;562;12;550;62.58;2.14
74183;140301;2;Publiczna Szkoła Podstawowa Nr 1 08-400 Garwolin Aleja Żwirki i Wigury 16;832;200;200;11;189;24.04;5.50;816;430;430;18;412;52.70;4.19
74184;140301;3;Centrum Sportu i Kultury 08-400 Garwolin Nadwodna 1;633;216;216;9;207;34.12;4.17;607;391;391;6;385;64.42;1.53
74185;140301;4;Centrum Sportu i Kultury 08-400 Garwolin Nadwodna 1;778;214;214;15;199;27.51;7.01;784;482;482;11;471;61.48;2.28
74186;140301;5;Zespół Szkół Nr 2 08-400 Garwolin Aleja Legionów 21;807;183;183;7;176;22.68;3.83;830;547;547;7;540;65.90;1.28
74187;140301;6;Zespół Szkół Nr 2 08-400 Garwolin Aleja Legionów 21;683;167;167;2;165;24.45;1.20;713;431;431;11;420;60.45;2.55
74188;140301;7;Zespół Szkół Nr 2 08-400 Garwolin Aleja Legionów 21;1306;291;291;6;285;22.28;2.06;1321;760;760;12;748;57.53;1.58
74189;140301;8;Zespół Szkół 08-400 Garwolin Długa 35;1198;286;286;7;279;23.87;2.45;1207;729;729;6;723;60.40;0.82
74190;140301;9;Zespół Szkół 08-400 Garwolin Długa 35;936;257;257;5;252;27.46;1.95;905;549;549;12;537;60.66;2.19
74191;140301;10;Powiatowy Urząd Pracy 08-400 Garwolin Kościuszki 27;1014;341;341;8;333;33.63;2.35;989;623;623;8;615;62.99;1.28
74192;140301;11;Zespół Szkół Ponadgimnazjalnych Nr 2 08-400 Garwolin II Armii Wojska Polskiego 20;858;277;277;8;269;32.28;2.89;842;549;549;9;540;65.20;1.64
74193;140301;12;Zespół Szkół Ponadgimnazjalnych Nr 2 08-400 Garwolin II Armii Wojska Polskiego 20;786;165;165;2;163;20.99;1.21;759;410;410;8;402;54.02;1.95
74194;140301;13;Zespół Szkół Nr 5 08-400 Garwolin Janusza Korczaka 10;847;230;230;5;225;27.15;2.17;809;486;486;5;481;60.07;1.03
74195;140301;14;Zespół Szkół Nr 5 08-400 Garwolin Janusza Korczaka 10;1020;230;230;7;223;22.55;3.04;1003;597;597;7;590;59.52;1.17
74196;140301;15;Zespół Szkół Nr 5 08-400 Garwolin Janusza Korczaka 10;789;223;223;10;213;28.26;4.48;802;500;500;13;487;62.34;2.60
90651;140301;16;Szpital Powiatowy w Garwolinie 08-400 Garwolin Lubelska 50;12;2;2;0;2;16.67;0.00;49;28;28;2;26;57.14;7.14
74197;140302;1;Zespół Szkół Nr 1 w Łaskarzewie 08-450 Łaskarzew ul. Alejowa 23;796;184;184;4;180;23.12;2.17;784;402;402;18;384;51.28;4.48
74198;140302;2;Zespół Szkół Nr 2 w Łaskarzewie 08-450 Łaskarzew ul. Kolejowa 13;1148;241;241;11;230;20.99;4.56;1128;618;618;16;602;54.79;2.59
74199;140302;3;Zespół Szkół Nr 1 w Łaskarzewie 08-450 Łaskarzew ul. Alejowa 23;1030;213;213;3;210;20.68;1.41;1053;537;537;11;526;51.00;2.05
74200;140302;4;Dom Pracy Twórczej „Bajka” 08-450 Łaskarzew Alejowa 13;970;173;173;5;168;17.84;2.89;1076;531;531;23;508;49.35;4.33
74201;140303;1;Gminny Ośrodek Kultury w Borowiu 08-412 Borowie ul. Garwolińska 19;1081;182;182;6;176;16.84;3.30;1070;508;508;20;488;47.48;3.94
74202;140303;2;Publiczna Szkoła Podstawowa w Brzuskowoli 08-412 Brzuskowola 22;440;94;94;1;93;21.36;1.06;433;213;213;5;208;49.19;2.35
74203;140303;3;Zespół Szkół w Głoskowie 08-412 Głosków 29;1040;177;177;5;172;17.02;2.82;1065;525;525;17;508;49.30;3.24
74204;140303;4;Publiczna Szkoła Podstawowa w Iwowem 08-412 Iwowe 140;695;132;132;2;130;18.99;1.52;675;348;348;12;336;51.56;3.45
74205;140303;5;Zespół Oświatowy w Borowiu 08-412 Borowie ul. Al. Sasimowskiego 3;860;238;238;12;226;27.67;5.04;905;543;543;15;528;60.00;2.76
74206;140304;1;Zespół Szkół im.Ks.Bronisława Markiewicza w Rudzie Talubskiej 08-400 Ruda Talubska ul. Akacjowa 10;682;120;120;3;117;17.60;2.50;699;371;371;11;360;53.08;2.96
74207;140304;2;Świetlica OSP w Izdebniku 08-410 Izdebnik 16;631;89;89;6;83;14.10;6.74;635;302;302;6;296;47.56;1.99
74208;140304;3;Szkoła Podstawowa im. Marii Wójcik w Wilkowyi 08-410 Wilkowyja 48;583;143;143;3;140;24.53;2.10;586;340;340;9;331;58.02;2.65
74209;140304;4;Urząd Gminy w Garwolinie 08-400 Garwolin Mazowiecka 16;1197;200;200;4;196;16.71;2.00;1230;686;686;18;668;55.77;2.62
74210;140304;5;Świetlica wiejska w Jagodnem 08-400 Jagodne 57A;866;169;169;2;167;19.52;1.18;870;455;455;16;439;52.30;3.52
74211;140304;6;Szkoła Podstawowa w Woli Władysławowskiej 08-410 Wola Władysławowska 27;548;91;91;1;90;16.61;1.10;545;218;218;5;213;40.00;2.29
74212;140304;7;Szkoła Podstawowa w Woli Rębkowskiej 08-410 Wola Rębkowska ul. Długa 90;1176;261;261;5;256;22.19;1.92;1165;659;659;13;646;56.57;1.97
74213;140304;8;Szkoła Podstawowa w Krystynie 08-410 Krystyna 78A;521;70;70;5;65;13.44;7.14;522;197;197;8;189;37.74;4.06
74214;140304;9;Świetlica OSP w Sulbinach 08-400 Sulbiny ul. Wspólna 46;1339;344;344;10;334;25.69;2.91;1363;787;787;7;780;57.74;0.89
74215;140304;10;Szkoła Podstawowa im. Armii Krajowej w Rębkowie 08-410 Rębków Starowiejska 8;865;162;162;3;159;18.73;1.85;902;436;436;12;424;48.34;2.75
74216;140304;11;Świetlica OSP w Miętnem 08-400 Miętne Główna 118;1430;366;366;13;353;25.59;3.55;1413;817;817;24;793;57.82;2.94
74217;140305;1;Publiczna Szkoła Podstawowa w Uninie 08-400 Unin 86b;972;144;144;5;139;14.81;3.47;968;450;450;15;435;46.49;3.33
74218;140305;2;Publiczna Szkoła Podstawowa w Łąkach 08-404 Łąki 78;693;113;113;2;111;16.31;1.77;690;357;357;6;351;51.74;1.68
74219;140305;3;Publiczna Szkoła Podstawowa w Górznie Filia w Wólce Ostrożeńskiej 08-404 Wólka Ostrożeńska 23a;573;163;163;3;160;28.45;1.84;575;347;347;8;339;60.35;2.31
74220;140305;4;Publiczna Szkoła Podstawowa w Samorządkach 08-404 Samorządki 44a;463;59;59;4;55;12.74;6.78;457;233;233;12;221;50.98;5.15
74221;140305;5;Publiczna Szkoła Podstawowa w Górznie 08-404 Górzno-Kolonia 109;722;156;156;1;155;21.61;0.64;723;459;459;9;450;63.49;1.96
74222;140305;6;Publiczna Szkoła Podstawowa w Górznie 08-404 Górzno-kolonia 109;1012;137;137;1;136;13.54;0.73;1037;552;552;14;538;53.23;2.54
74223;140305;7;Publiczne Przedszkole w Górznie z siedzibą w Reducinie 08-404 Reducin 20a;507;71;71;3;68;14.00;4.23;528;291;291;4;287;55.11;1.37
90652;140305;8;Budynek Ośrodka w Wólce Ostrożeńskiej 08-404 Wólka Ostrożeńska 15a;60;18;18;2;16;30.00;11.11;63;23;23;2;21;36.51;8.70
74224;140306;1;Publiczna Szkoła Podstawowa w Dąbrowie z siedzibą w Woli Łaskarzewskiej 08-450 Wola Łaskarzewska 88;1051;210;210;7;203;19.98;3.33;1048;584;584;19;565;55.73;3.25
74225;140306;2;Zespół Szkół w Izdebnie 08-450 Izdebno 1;521;69;69;0;69;13.24;0.00;521;215;215;18;197;41.27;8.37
74226;140306;3;Zespół Szkół w Starym Pilczynie 08-450 Stary Pilczyn 34;1554;330;330;16;314;21.24;4.85;1572;851;851;24;827;54.13;2.82
74227;140306;4;Dom Kultury w Starym Helenowie 08-450 Stary Helenów 30;579;65;65;5;60;11.23;7.69;583;222;222;16;206;38.08;7.21
74228;140306;5;Publiczna Szkoła Podstawowa w Krzywdzie 08-450 Krzywda 27A;588;93;93;4;89;15.82;4.30;583;272;272;18;254;46.66;6.62
74229;140307;1;Publiczna Szkoła Podstawowa w Maciejowicach (świetlica) 08-480 Maciejowice ul. Tadeusza Kościuszki 19;1208;293;294;13;280;24.25;4.44;1202;617;617;20;597;51.33;3.24
74230;140307;2;Publiczna Szkoła Podstawowa w Maciejowicach (sala gimnastyczna) 08-480 Maciejowice ul. Tadeusza Kościuszki 19;1496;196;196;4;192;13.10;2.04;1492;653;653;17;636;43.77;2.60
74231;140307;3;Budynek po dawnej Publicznej Szkole Podstawowej w Strychu 08-480 Strych 12;376;62;62;3;59;16.49;4.84;367;155;155;11;144;42.23;7.10
74232;140307;4;Publiczna Szkoła Podstawowa w Antoniówce Świerżowskiej 08-480 Antoniówka Świerżowska 24a;396;71;71;6;65;17.93;8.45;398;162;162;14;148;40.70;8.64
74233;140307;5;Świetlica wiejska w Domaszewie 08-480 Domaszew 77;402;76;76;7;69;18.91;9.21;400;149;149;8;141;37.25;5.37
74234;140307;6;Zespół Szkół w Samogoszczy 08-480 Samogoszcz 2;1172;228;228;7;221;19.45;3.07;1159;621;621;20;601;53.58;3.22
74235;140307;7;Budynek po dawnej Publicznej Szkole Podstawowej we Wróblach-Wargocinie 08-480 Wróble-Wargocin 6;491;57;57;0;57;11.61;0.00;477;172;172;3;169;36.06;1.74
74236;140307;8;Publiczna Szkoła Podstawowa w Oronnem 08-480 Oronne 8;375;61;61;4;57;16.27;6.56;359;163;163;10;153;45.40;6.13
74237;140308;1;Publiczna Szkoła Podstawowa w Miastkowie Kościelnym 08-420 Miastków Kościelny Szkolna 8;1008;184;184;9;175;18.25;4.89;988;499;499;21;478;50.51;4.21
74238;140308;2;Budynek należący do Gminy Miastków Kościelny 08-420 Brzegi 124;521;90;90;3;87;17.27;3.33;526;251;251;11;240;47.72;4.38
74239;140308;3;Budynek należący do Gminy Miastków Kościelny 08-420 Oziemkówka 1;537;89;89;4;85;16.57;4.49;520;274;274;11;263;52.69;4.01
74240;140308;4;Dom Strażaka w Zabruzdach 08-420 Zabruzdy 37;604;112;112;1;111;18.54;0.89;584;281;281;11;270;48.12;3.91
74241;140308;5;Publiczna Szkoła Podstawowa w Zwoli 08-420 Zwola 45;623;112;112;3;109;17.98;2.68;618;294;294;10;284;47.57;3.40
74242;140308;6;Publiczna Szkoła Podstawowa w Zgórzu 08-420 Zgórze 30;696;115;115;4;111;16.52;3.48;695;337;337;18;319;48.49;5.34
74243;140309;1;Publiczne Gimnazjum w Parysowie 08-441 Parysów ul. Książęca 11;876;267;267;7;260;30.48;2.62;880;527;527;24;503;59.89;4.55
74244;140309;2;Gminna Biblioteka Publiczna w Parysowie 08-441 Parysów ul.Borowska 1;1247;214;214;10;204;17.16;4.67;1280;595;595;45;550;46.48;7.56
74245;140309;3;Publiczna Szkoła Podstawowa w Woli Starogrodzkiej 08-441 Wola Starogrodzka 102;483;74;74;3;71;15.32;4.05;481;192;192;10;182;39.92;5.21
74246;140309;4;Dom Strażaka w Choinach 08-441 Choiny 44;628;118;118;1;117;18.79;0.85;635;308;308;18;290;48.50;5.84
74247;140310;1;Publiczna Szkoła Podstawowa w Gocławiu 08-440 Gocław ul. Szkolna 2;1259;240;240;3;237;19.06;1.25;1266;594;594;15;579;46.92;2.53
74248;140310;2;Publiczna Szkoła Podstawowa w Puznówce 08-440 Puznówka 136;625;129;129;2;127;20.64;1.55;628;338;338;12;326;53.82;3.55
74249;140310;3;Publiczna Szkoła Podstawowa w Trąbkach 08-440 Trąbki ul. Osadnicza 4;1124;145;145;5;140;12.90;3.45;1089;484;484;18;466;44.44;3.72
74250;140310;4;Publiczne Gimnazjum w Trąbkach 08-440 Trąbki Osadnicza 4;508;123;123;3;120;24.21;2.44;532;306;306;7;299;57.52;2.29
74251;140310;5;Dom Strażaka Wygoda 08-440 Wygoda 79;378;98;98;2;96;25.93;2.04;387;202;202;7;195;52.20;3.47
74252;140310;6;Dom Strażaka Lipówki 08-440 Lipówki 71;637;132;132;6;126;20.72;4.55;630;319;319;4;315;50.63;1.25
74253;140310;7;Publiczne Gimnazjum w Pilawie 08-440 Pilawa Leśna 6;1261;237;237;12;225;18.79;5.06;1279;708;708;21;687;55.36;2.97
74254;140310;8;Publiczna Szkoła Podstawowa w Pilawie 08-440 Pilawa Leśna 6;1006;208;208;6;202;20.68;2.88;1014;554;554;19;535;54.64;3.43
74255;140310;9;Samorządowe Przedszkole w Pilawie 08-440 Pilawa Wojska Polskiego 4;1143;272;272;7;265;23.80;2.57;1165;713;713;8;705;61.20;1.12
74256;140310;10;Świetlica Wiejska Jaźwiny 08-440 Jaźwiny 27 a;541;81;81;1;80;14.97;1.23;543;296;296;7;289;54.51;2.36
74257;140311;1;Zespół Szkół 08-460 Gończyce 106;1734;414;414;11;403;23.88;2.66;1705;1015;1015;38;977;59.53;3.74
74258;140311;2;Szkoła Podstawowa 08-460 Sokół 48;808;176;176;4;172;21.78;2.27;780;423;423;14;409;54.23;3.31
74259;140311;3;Zespół Szkół im. Henryka Sienkiewicza 08-460 Sobolew ul. Kościuszki 17;1619;277;277;3;274;17.11;1.08;1631;795;795;33;762;48.74;4.15
74260;140311;4;Liceum Ogólnokształcące 08-460 Sobolew ul. Kościuszki 19;1325;253;253;1;252;19.09;0.40;1306;653;653;19;634;50.00;2.91
74261;140311;5;Szkoła Podstawowa 08-460 Kaleń Drugi 65;496;91;91;7;84;18.35;7.69;485;233;233;6;227;48.04;2.58
74262;140311;6;Budynek byłej Szkoły Podstawowej 08-460 Godzisz 4;544;99;99;6;93;18.20;6.06;527;208;208;12;196;39.47;5.77
74263;140312;1;Zespół Szkół w Podebłociu 08-455 Podebłocie 109;848;172;172;5;167;20.28;2.91;841;430;430;14;416;51.13;3.26
74264;140312;2;Szkoła Podstawowa w Więckowie 08-455 Więcków 43;675;108;108;3;105;16.00;2.78;675;332;332;10;322;49.19;3.01
74265;140312;3;Zespół Szkół w Trojanowie 08-455 Trojanów 161;1233;177;177;7;170;14.36;3.95;1202;626;626;19;607;52.08;3.04
74266;140312;4;Szkoła Podstawowa w Dudkach 08-455 Dudki 43;402;100;100;1;99;24.88;1.00;397;210;210;5;205;52.90;2.38
74267;140312;5;Szkoła Podstawowa w Budziskach 08-455 Budziska 47;494;100;100;3;97;20.24;3.00;479;268;268;7;261;55.95;2.61
74268;140312;6;Zespół Szkół w Korytnicy 08-455 Korytnica 106;1227;191;191;2;189;15.57;1.05;1199;627;627;11;616;52.29;1.75
74269;140312;7;Zespół Szkół w Życzynie 08-455 Życzyn 55A;1170;180;180;7;173;15.38;3.89;1103;506;506;10;496;45.87;1.98
74270;140313;1;Gminny Ośrodek Kultury 08-470 Wilga ul. Warszawska 34;1091;289;289;12;277;26.49;4.15;1095;597;597;18;579;54.52;3.02
74271;140313;2;Publiczna Szkoła Podstawowa w Mariańskim Porzeczu 08-470 Mariańskie Porzecze 36;924;164;164;5;159;17.75;3.05;945;445;445;15;430;47.09;3.37
74272;140313;3;Publiczna Szkoła Podstawowa w Kępie Celejowskiej 08-470 Zakrzew 37;786;122;122;2;120;15.52;1.64;790;313;313;8;305;39.62;2.56
74273;140313;4;Publiczna Szkoła Podstawowa w Żabieńcu 08-470 Nowy Żabieniec 2;452;79;79;1;78;17.48;1.27;453;229;229;10;219;50.55;4.37
74274;140313;5;Urząd Gminy w Wildze 08-470 Wilga ul. Warszawska 38;1030;187;187;6;181;18.16;3.21;1030;492;492;13;479;47.77;2.64
74275;140314;1;Zespół Szkół w Żelechowie 08-430 Żelechów ul. Ogrodowa 3;1513;361;361;7;354;23.86;1.94;1481;825;825;22;803;55.71;2.67
74276;140314;2;Miejsko-Gminny Ośrodek Kultury w Żelechowie 08-430 Żelechów ul.Traugutta 5;1809;390;391;13;377;21.56;3.33;1769;924;924;23;901;52.23;2.49
74277;140314;3;Klub Strażaka w Żelechowie 08-430 Żelechów ul. Kościuszki 27;1151;200;200;10;190;17.38;5.00;1163;608;608;17;591;52.28;2.80
74278;140314;4;Szkoła Podstawowa w Starym Goniwilku 08-430 Stary Goniwilk 41;753;123;123;9;114;16.33;7.32;736;369;369;17;352;50.14;4.61
74279;140314;5;Zespół Szkół w Stefanowie 08-430 Stefanów 108;1039;184;184;9;175;17.71;4.89;1049;490;490;21;469;46.71;4.29
74280;140314;6;Szkoła Podstawowa w Starym Kębłowie 08-430 Stary Kębłów 23;477;97;97;5;92;20.34;5.15;476;253;253;12;241;53.15;4.74
74281;140401;1;Szkoła Podstawowa Nr 3 09-500 Gostynin ul. Gen. Józefa Bema 23;1011;162;162;10;152;16.02;6.17;993;492;492;16;476;49.55;3.25
74282;140401;2;Szkoła Podstawowa Nr 3 09-500 Gostynin ul. Gen. Józefa Bema 23;1312;285;285;13;272;21.72;4.56;1268;654;654;14;640;51.58;2.14
74283;140401;3;Dom Nauczyciela 09-500 Gostynin ul. Wojska Polskiego 10;905;214;214;5;209;23.65;2.34;895;472;472;12;460;52.74;2.54
74284;140401;4;Miejskie Przedszkole Nr 4 09-500 Gostynin ul. Armii Krajowej 7;1132;248;248;11;237;21.91;4.44;1115;576;576;5;571;51.66;0.87
74285;140401;5;Gimnazjum Nr 2 09-500 Gostynin ul. Wojska Polskiego 23;1178;256;256;13;243;21.73;5.08;1130;551;551;8;543;48.76;1.45
74286;140401;6;Szkoła Podstawowa Nr 1 09-500 Gostynin ul. Józefa Ozdowskiego 2;1146;245;245;3;242;21.38;1.22;1155;622;622;12;610;53.85;1.93
74287;140401;7;Zespół Szkół 09-500 Gostynin ul. Kowalska 5;916;116;116;5;111;12.66;4.31;938;354;354;15;339;37.74;4.24
74288;140401;8;Urząd Miasta Gostynina 09-500 Gostynin ul. Parkowa 22;923;169;169;5;164;18.31;2.96;917;444;444;12;432;48.42;2.70
74289;140401;9;Liceum Ogólnokształcące 09-500 Gostynin ul. 3 Maja 15;972;198;198;3;195;20.37;1.52;976;442;442;14;428;45.29;3.17
74290;140401;10;Miejskie Przedszkole Nr 2 09-500 Gostynin ul. Wojska Polskiego 54;1273;330;330;19;311;25.92;5.76;1249;684;684;24;660;54.76;3.51
74291;140401;11;Hala Sportowa MOSiR 09-500 Gostynin ul. Kutnowska 7a;1009;175;175;8;167;17.34;4.57;1000;529;529;14;515;52.90;2.65
74292;140401;12;Gimnazjum Nr 1 09-500 Gostynin ul. Polna 36;1782;377;377;11;366;21.16;2.92;1787;933;933;29;904;52.21;3.11
74293;140401;13;Miejskie Centrum Kultury 09-500 Gostynin ul. 18 Stycznia 2;1753;301;301;7;294;17.17;2.33;1760;843;843;22;821;47.90;2.61
90653;140401;14;Regionalny Ośrodek Psychiatrii Sądowej 09-500 Gostynin ul. Zalesie 1a;11;8;8;0;8;72.73;0.00;279;68;68;5;63;24.37;7.35
90654;140401;15;Dom Pomocy Społecznej 09-500 Gostynin ul. 3 Maja 47;52;37;37;6;31;71.15;16.22;58;38;38;2;36;65.52;5.26
90655;140401;16;Wojewódzki Samodzielny Zespół Publicznych Zakładów Opieki Zdrowotnej im. prof. Eugeniusza Wilczkowskiego 09-500 Gostynin ul. Zalesie 1;294;34;34;6;28;11.56;17.65;47;26;26;2;24;55.32;7.69
74294;140402;1;Zespół Szkoły Podstawowej i Gimnazjum w Sierakówku 09-500 Sierakówek 1;838;144;144;6;138;17.18;4.17;838;390;390;12;378;46.54;3.08
74295;140402;2;Szkoła Podstawowa w Zwoleniu 09-500 Zwoleń 35/36;615;78;78;10;68;12.68;12.82;626;251;251;13;238;40.10;5.18
74296;140402;3;Zespół Szkoły Podstawowej i Gimnazjum w Lucieniu 09-500 Lucień 50;1308;182;182;6;176;13.91;3.30;1324;538;538;32;506;40.63;5.95
74297;140402;4;Remiza OSP w Skrzanach 09-500 Skrzany 27;686;64;64;2;62;9.33;3.12;678;231;231;17;214;34.07;7.36
74298;140402;5;Zespół Szkoły Podstawowej i Gimnazjum w Emilianowie 09-500 Stefanów 38;1471;246;246;16;230;16.72;6.50;1468;724;724;26;698;49.32;3.59
74299;140402;6;Zespół Szkoły Podstawowej i Gimnazjum w Białotarsku 09-500 Białotarsk 34;1179;101;101;3;98;8.57;2.97;1175;441;441;34;407;37.53;7.71
74300;140402;7;Szkoła Podstawowa w Teodorowie 09-500 Krzywie 47;647;64;64;5;59;9.89;7.81;657;262;262;13;249;39.88;4.96
74301;140402;8;Zespół Szkoły Podstawowej i Gimnazjum w Solcu 09-500 Solec 6;563;109;109;9;100;19.36;8.26;557;287;287;18;269;51.53;6.27
74302;140402;9;Remiza OSP w Kozicach 09-500 Kozice 5b;557;84;84;3;81;15.08;3.57;588;272;272;10;262;46.26;3.68
74303;140402;10;Szkoła Podstawowa w Sokołowie 09-500 Sokołów 10;1073;109;109;5;104;10.16;4.59;1057;349;349;21;328;33.02;6.02
74304;140402;11;Remiza OSP w Gorzewie 09-500 Gorzewo 44a;830;130;130;7;123;15.66;5.38;840;394;394;15;379;46.90;3.81
90656;140402;12;Szpital ARION Med sp. z o.o. Zespół Opieki Zdrowotnej z siedzibą w Gorzewie 09-500 Gorzewo ul. Kruk 5;100;16;16;3;13;16.00;18.75;104;48;48;5;43;46.15;10.42
74305;140403;1;Urząd Gminy w Pacynie 09-541 Pacyna ul.Wyzwolenia 7;763;135;135;11;124;17.69;8.15;757;371;371;18;353;49.01;4.85
74306;140403;2;Zespół Szkół Ogólnokształących w Pacynie 09-541 Pacyna Kopycińskiego 5;911;122;122;8;114;13.39;6.56;895;361;361;24;337;40.34;6.65
74307;140403;3;Przedszkole Samorządowe w Luszynie 09-541 Luszyn 6;785;90;90;2;88;11.46;2.22;765;305;305;17;288;39.87;5.57
74308;140403;4;Przedszkole Samorządowe w Skrzeszewach 09-541 Skrzeszewy 21;641;81;81;3;78;12.64;3.70;637;277;277;17;260;43.49;6.14
90657;140403;5;Zakład Opiekuńczo-Leczniczy dla Dorosłych w Skrzeszewach 09-541 Skrzeszewy 26;60;53;53;0;53;88.33;0.00;53;38;38;0;38;71.70;0.00
74309;140404;1;Była Szkoła Podstawowa w Brzezi 09-540 Brzezia 39A;381;57;57;1;56;14.96;1.75;374;153;153;6;147;40.91;3.92
74310;140404;2;Remiza OSP Sielce 09-540 Sielce 27A;344;36;36;2;34;10.47;5.56;338;131;131;6;125;38.76;4.58
74311;140404;3;Szkoła Podstawowa w Osmolinie 09-540 Osmolin Sannicka 4;606;81;81;3;78;13.37;3.70;604;224;224;11;213;37.09;4.91
74312;140404;4;Remiza OSP Sanniki 09-540 Sanniki Warszawska 119;735;146;146;2;144;19.86;1.37;738;387;387;8;379;52.44;2.07
74313;140404;5;Siedziba Instytucji Gminnych 09-540 Sanniki Wólczyńska 75;730;132;132;3;129;18.08;2.27;716;344;344;11;333;48.04;3.20
74314;140404;6;Siedziba Instytucji Gminnych 09-540 Sanniki Wólczyńska 75;685;142;142;7;135;20.73;4.93;688;310;310;13;297;45.06;4.19
74315;140404;7;Remiza OSP w Wólce 09-540 Wólka Wysoka 5A;254;38;38;1;37;14.96;2.63;248;114;114;6;108;45.97;5.26
74316;140404;8;Szkoła Podstawowa w Sannikach 09-540 Sanniki Warszawska 183;676;105;105;6;99;15.53;5.71;664;312;312;9;303;46.99;2.88
74317;140404;9;Remiza OSP w Lwówku 09-540 Lwówek 48;326;40;40;1;39;12.27;2.50;306;111;111;4;107;36.27;3.60
74318;140404;10;Była Szkoła Podstawowa w Barciku 09-540 Nowy Barcik 47;429;53;53;2;51;12.35;3.77;428;158;158;4;154;36.92;2.53
90658;140404;11;Dom Pomocy Społecznej w Sannikach 09-540 Sanniki Wólczyńska 10;30;24;24;0;24;80.00;0.00;25;25;25;1;24;100.00;4.00
74319;140405;1;Szkoła Podstawowa w Szczawinie Kościelnym 09-550 Szczawin Kościelny Jana Pawła II 1;1168;210;210;4;206;17.98;1.90;1166;547;547;20;527;46.91;3.66
74320;140405;2;Gminne Centrum Kultury i Rekreacji w Szczawinie Kościelnym 09-550 Szczawin Kościelny Spółdzielcza 4;896;98;98;4;94;10.94;4.08;879;301;301;10;291;34.24;3.32
74321;140405;3;Remiza Ochotniczej Straży Pożarnej w Suserzu 09-550 Suserz 48;1136;248;248;10;238;21.83;4.03;1121;475;475;24;451;42.37;5.05
74322;140405;4;Szkoła Podstawowa w Trębkach 09-550 Trębki 1;974;162;162;4;158;16.63;2.47;949;357;357;20;337;37.62;5.60
74323;140501;1;Szkoła Podstawowanr 2 05-822 Milanówek ul. Literacka 20;1522;554;554;16;538;36.40;2.89;1514;987;987;13;974;65.19;1.32
74324;140501;2;Zespół Szkół nr 2 im. gen. J. Bema 05-822 Milanówek ul. Wójtowska 3;1772;579;579;9;570;32.67;1.55;1835;1170;1170;14;1156;63.76;1.20
74325;140501;3;Zespół Szkół Gminnych nr 3 05-822 Milanówek ul. Żabie Oczko 1;2294;874;874;17;857;38.10;1.95;2319;1587;1587;14;1573;68.43;0.88
74326;140501;4;Ochotnicza Straż Pożarna 05-822 Milanówek ul. Warszawska 18;1663;653;653;11;642;39.27;1.68;1660;1077;1077;11;1066;64.88;1.02
74327;140501;5;Klub G.S.M. 05-822 Milanówek ul. Piotra Skargi 7;2062;639;639;19;620;30.99;2.97;2033;1203;1203;13;1190;59.17;1.08
74328;140501;6;Zespół Szkół Gminnych nr 1 05-822 Milanówek ul. Królewska 69;1877;650;650;9;641;34.63;1.38;1914;1284;1284;19;1265;67.08;1.48
74329;140501;7;Archiwum Państwowe Dokumentacji Osobowej i Płacowej w Milanówku 05-822 Milanówek Okrzei 1;1723;487;487;12;475;28.26;2.46;1746;1071;1071;15;1056;61.34;1.40
74330;140502;1;Centrum Kultury i Inicjatyw Obywatelskich 05-807 Podkowa Leśna ul. Świerkowa 1;927;465;465;7;458;50.16;1.51;900;650;650;4;646;72.22;0.62
74331;140502;2;Centrum Kultury i Inicjatyw Obywatelskich 05-807 Podkowa Leśna ul. Świerkowa 1;704;376;376;7;369;53.41;1.86;730;568;568;3;565;77.81;0.53
74332;140502;3;Zespół Szkół 05-807 Podkowa Leśna ul. Jana Pawła II 20;831;448;448;12;436;53.91;2.68;813;610;610;6;604;75.03;0.98
74333;140502;4;Zespół Szkół 05-807 Podkowa Leśna ul. Jana Pawła ii 20;729;372;372;2;370;51.03;0.54;736;538;538;5;533;73.10;0.93
74334;140503;1;Zespół Szkół w Baranowie 96-314 Baranów Armii Krajowej 49;627;94;94;5;89;14.99;5.32;627;239;239;6;233;38.12;2.51
74335;140503;2;Zespół Szkół w Baranowie 96-314 Baranów Armii Krajowej 49;676;182;182;8;174;26.92;4.40;688;343;343;19;324;49.85;5.54
74336;140503;3;Gminne Przedszkole w Cegłowie 96-314 Cegłów 22B;751;152;152;10;142;20.24;6.58;746;373;373;11;362;50.00;2.95
74337;140503;4;Zespół Szkół w Bożej Woli 96-314 Boża Wola 1 Maja 13;550;137;137;5;132;24.91;3.65;578;335;335;11;324;57.96;3.28
74338;140503;5;Gminna Biblioteka filia w Kaskach 96-314 Kaski Królewska 44;717;121;121;3;118;16.88;2.48;717;317;317;14;303;44.21;4.42
74339;140503;6;Gminna Biblioteka filia w Kaskach 96-314 Kaski Królewska 44;687;118;118;3;115;17.18;2.54;685;309;309;6;303;45.11;1.94
74340;140504;1;Szkoła Podstawowa Nr 4 05-825 Grodzisk Mazowiecki ul. Zielony Rynek 2;1253;337;337;4;333;26.90;1.19;1257;708;708;17;691;56.32;2.40
74341;140504;2;Gimnazjum nr 1 05-825 Grodzisk Mazowiecki, Łąki ul. Zielony Rynek 2;1182;292;292;16;276;24.70;5.48;1201;663;663;12;651;55.20;1.81
74342;140504;3;Centrum Kultury, wejścia A 05-825 Grodzisk Mazowiecki ul. Spółdzielcza 9;1735;479;479;30;449;27.61;6.26;1783;1031;1031;19;1012;57.82;1.84
74343;140504;4;Gimnazjum nr 3 05-825 Grodzisk Mazowiecki ul. L. Zondka 6;1654;421;421;14;407;25.45;3.33;1591;804;804;21;783;50.53;2.61
74344;140504;5;Zespół Szkół nr 2 05-825 Grodzisk Mazowiecki ul. Kilińskiego 8c;1351;417;417;8;409;30.87;1.92;1349;776;776;6;770;57.52;0.77
74345;140504;6;ZGM 05-825 Grodzisk Mazowiecki ul. Sportowa 29;1681;439;439;10;429;26.12;2.28;1656;915;915;21;894;55.25;2.30
74346;140504;7;Szkoła Podstawowa nr 1 05-825 Grodzisk Mazowiecki ul. Bartniaka 13a;1459;430;430;3;427;29.47;0.70;1412;808;809;11;797;57.22;1.36
74347;140504;8;Szkoła Podstawowa nr 6 05-825 Grodzisk Mazowiecki ul. Sportowa 31;1994;622;622;19;603;31.19;3.05;2002;1275;1275;27;1248;63.69;2.12
74348;140504;9;Przedszkole nr 7 05-825 Grodzisk Mazowiecki ul. Kopernika 15;1746;571;571;13;558;32.70;2.28;1733;1069;1069;21;1048;61.68;1.96
74349;140504;10;Szkoła Podstawowa Nr 2 05-827 Grodzisk Mazowiecki ul. Westfala 3;1501;587;587;15;572;39.11;2.56;1513;1011;1011;14;997;66.82;1.38
74350;140504;11;Gimnazjum nr 2 05-827 Grodzisk Mazowiecki ul. Westfala 3;1550;527;527;10;517;34.00;1.90;1538;997;998;17;980;64.82;1.71
74351;140504;12;Szkoła Podstawowa Nr 2 (oddziały przedszkolne) 05-827 Grodzisk Mazowiecki ul. Westfala 3;1555;539;539;12;527;34.66;2.23;1607;1084;1084;12;1072;67.45;1.11
74352;140504;13;Przedszkole nr 4 05-825 Grodzisk Mazowiecki ul. Górna 12;2002;673;673;17;656;33.62;2.53;2054;1431;1431;19;1412;69.67;1.33
74353;140504;14;Przedszkole Nr 4 05-825 Grodzisk Mazowiecki ul. Górna 12;2057;698;698;17;681;33.93;2.44;2158;1361;1361;16;1345;63.07;1.18
74354;140504;15;Świetlica Sołectwa w Natolinie 05-825 Natolin 31;1511;336;336;10;326;22.24;2.98;1557;806;806;10;796;51.77;1.24
74355;140504;16;Ludowy Klub Sportowy Chlebnia 05-825 Chlebnia 54;1859;454;454;15;439;24.42;3.30;1865;945;945;32;913;50.67;3.39
74356;140504;17;TORPAL 05-825 Kozerki ul. Merkurego 48;1277;294;294;9;285;23.02;3.06;1398;772;772;24;748;55.22;3.11
74357;140504;18;Szkoła Podstawowa w Adamowiźnie (świetlica) 05-825 Adamowizna ul. Osowiecka 33;630;171;171;6;165;27.14;3.51;856;488;488;10;478;57.01;2.05
74358;140504;19;Szkoła Postawowa w Adamowiźnie (sala gimnastyczna) 05-825 Adamowizna ul. Osowiecka 33;1245;376;376;6;370;30.20;1.60;1289;779;779;11;768;60.43;1.41
74359;140504;20;Świetlica Sołectwa w Kadach 05-825 Kady ul. Środkowa 72;1361;472;472;4;468;34.68;0.85;1465;970;970;13;957;66.21;1.34
74360;140504;21;Szkoła Podstawowa w Książenicach 05-825 Książenice aleja E. Marylskiego 3;1226;417;417;9;408;34.01;2.16;1414;877;878;7;870;62.02;0.80
74361;140504;22;RAVAK 05-825 Kałęczyn ul. Radziejowicka 124;1286;304;304;13;291;23.64;4.28;1128;680;680;11;669;60.28;1.62
90659;140504;23;Oddział Zewnetrzny Aresztu Śledczego Warszawa Służewiec 05-825 Grodzisk Mazowiecki 1. Maja 27;72;72;72;10;62;100.00;13.89;62;57;57;4;53;91.94;7.02
90660;140504;24;Szpital Zachodni 05-825 Grodzisk Mazowiecki Daleka 11;237;8;8;0;8;3.38;0.00;131;20;20;0;20;15.27;0.00
90661;140504;25;Dom Pomocy Społecznej 05-825 Izdebno Kościelne Ks. M. Oziębłowskiego 20;15;15;15;0;15;100.00;0.00;16;14;14;1;13;87.50;7.14
90662;140504;26;Dom Pomocy Społecznej Filia w Grodzisku Mazowieckim 05-825 Grodzisk Mazowiecki 3. Maja 63;17;13;13;0;13;76.47;0.00;13;13;13;1;12;100.00;7.69
74362;140505;1;Ochotnicza Straż Pożarna 96-313 Jaktorów ul. Warszawska 2;1510;352;352;10;342;23.31;2.84;1555;863;863;25;838;55.50;2.90
74363;140505;2;Gimnazjum 96-316 Międzyborów ul. Staszica 5;1644;434;434;7;427;26.40;1.61;1663;1018;1018;22;996;61.21;2.16
74364;140505;3;Budy Zosine Nr 109 (była szkoła) 96-313 Budy Zosine 109;569;91;91;2;89;15.99;2.20;579;264;264;7;257;45.60;2.65
74365;140505;4;Budy Michałowskie Nr 77 (była szkoła) 96-316 Budy Michałowskie 77;408;46;46;2;44;11.27;4.35;437;167;167;4;163;38.22;2.40
74366;140505;5;Szkoła Podstawowa 96-313 Jaktorów ul. Warszawska 88;1727;472;472;7;465;27.33;1.48;1755;1019;1019;22;997;58.06;2.16
74367;140505;6;Sala Gimnastyczna przy Szkole Podstawowej 96-316 Międzyborów ul. Staszica 5;1730;329;329;14;315;19.02;4.26;1780;909;909;24;885;51.07;2.64
74368;140505;7;Gimnazjum 96-313 Jaktorów ul. Chełmońskiego 4;1274;322;322;5;317;25.27;1.55;1306;731;731;18;713;55.97;2.46
74369;140506;1;Szkoła Podstawowa im. Stefanii Dziewulskiej 96-321 Ojrzanów ul. Szkolna 1;1551;371;371;8;363;23.92;2.16;1657;916;916;19;897;55.28;2.07
74370;140506;2;Szkoła Podstawowa im.Marii Kownackiej 96-321 Skuły ul. Mszczonowska 3;1366;241;241;0;241;17.64;0.00;1413;649;649;26;623;45.93;4.01
74371;140506;3;Dawny budynek Szkoły Podstawowej 96-321 Słubica Dobra ul. Słoneczna 36;589;133;133;0;133;22.58;0.00;620;335;335;6;329;54.03;1.79
74372;140506;4;Gimnazjum im.Józefa Chełmońskiego 96-321 Józefina ul. Mazowiecka 1;1491;431;431;1;430;28.91;0.23;1640;1033;1033;12;1021;62.99;1.16
74373;140506;5;Dom Kultury 96-321 Żabia Wola ul. Warszawska 27;1016;280;280;10;270;27.56;3.57;1062;612;612;14;598;57.63;2.29
74374;140601;1;Budynek Urzędu Gminy w Belsku Dużym 05-622 Belsk Duży ul. Jana Kozietulskiego 4;1190;265;265;8;257;22.27;3.02;1186;560;560;13;547;47.22;2.32
74375;140601;2;Publiczna Szkoła Podstawowa w Lewiczynie 05-622 Lewiczyn 94;626;128;128;5;123;20.45;3.91;629;306;306;3;303;48.65;0.98
74376;140601;3;Publiczna Szkoła Podstawowa w Łęczeszycach 05-622 Łęczeszyce 47;826;281;281;10;271;34.02;3.56;816;434;434;10;424;53.19;2.30
74377;140601;4;Remiza OSP w Wilczogórze 05-622 Wilczogóra 12a;340;103;103;0;103;30.29;0.00;345;173;173;0;173;50.14;0.00
74378;140601;5;Budynek Szkoły Podstawowej w Rożcach 05-622 Rożce 9;502;108;108;2;106;21.51;1.85;494;168;168;9;159;34.01;5.36
74379;140601;6;Publiczna Szkoła Podstawowa w Zaborowie 05-622 Zaborów 40;592;121;121;3;118;20.44;2.48;601;303;303;8;295;50.42;2.64
74380;140601;7;Budynek Urzędu Gminy w Belsku Dużym 05-622 Belsk Duży ul. Jana Kozietulskiego 4;1017;168;168;2;166;16.52;1.19;1018;447;447;24;423;43.91;5.37
74381;140601;8;Budynek Świetlicy Wiejskiej w Bodzewie 05-622 Bodzew 13;270;101;101;0;101;37.41;0.00;264;153;153;0;153;57.95;0.00
74382;140602;1;Publiczna Szkoła Podstawowa w Błędowie 05-620 Błędów ul. Stary Rynek 9;1252;337;337;9;328;26.92;2.67;1232;667;667;15;652;54.14;2.25
74383;140602;2;Publiczna Szkoła Podstawowa w Gołoszach 05-620 Gołosze 28;792;157;157;0;157;19.82;0.00;784;348;348;6;342;44.39;1.72
74384;140602;3;Publiczna Szkoła Podstawowa w Wilkowie 05-620 Wilków Drugi 82a;1821;331;331;8;323;18.18;2.42;1817;668;668;11;657;36.76;1.65
74385;140602;4;Publiczna Szkoła Podstawowa w Lipiu 05-620 Lipie 32;1238;274;274;10;264;22.13;3.65;1215;486;486;13;473;40.00;2.67
74386;140602;5;Publiczne Gimnazium w Błędowie 05-620 Błędów ul. Stary Rynek 9;1217;237;237;4;233;19.47;1.69;1214;511;511;3;508;42.09;0.59
74387;140603;1;Publiczne Gimnazjum w Chynowie 05-650 Chynów 42;1861;362;362;9;353;19.45;2.49;1897;998;998;16;982;52.61;1.60
74388;140603;2;Publiczna Szkoła Podstawowa w Machcinie 05-650 Machcin 30;699;94;94;0;94;13.45;0.00;702;263;263;8;255;37.46;3.04
74389;140603;3;Publiczna Szkoła Podstawowa w Zalesiu 05-650 Zalesie 12;615;69;69;0;69;11.22;0.00;607;229;229;3;226;37.73;1.31
74390;140603;4;Publiczna Szkoła Podstawowa w Watraszewie 05-650 Watraszew 4B;507;100;100;6;94;19.72;6.00;513;254;254;8;246;49.51;3.15
74391;140603;5;Publiczna Szkoła Podstawowa w Budziszynku 05-650 Budziszynek 5;701;106;106;1;105;15.12;0.94;707;288;288;8;280;40.74;2.78
74392;140603;6;Zespół Szkół w Drwalewie 05-651 Drwalew ul. Szkolna 4;1481;248;248;11;237;16.75;4.44;1466;689;689;25;664;47.00;3.63
74393;140603;7;Publiczna Szkoła Podstawowa w Pieczyskach 05-651 Pieczyska 13;453;89;89;6;83;19.65;6.74;464;251;251;5;246;54.09;1.99
74394;140603;8;Publiczna Szkoła Podstawowa w Sułkowicach 05-650 Sułkowice ul. Ogrodowa 38A;1514;315;315;19;296;20.81;6.03;1554;828;828;27;801;53.28;3.26
74395;140604;1;Hala Sportowa w Goszczynie 05-610 Goszczyn ul. Armii Krajowej 2;1058;177;177;4;173;16.73;2.26;1084;484;484;12;472;44.65;2.48
74396;140604;2;Ochotnicza Straż Pożarna w Długowoli 05-610 Długowola 145;769;158;158;2;156;20.55;1.27;770;359;359;15;344;46.62;4.18
74397;140604;3;Publiczna Szkoła Podstawowa w Bądkowie 05-610 Bądków 68;493;189;189;4;185;38.34;2.12;503;330;330;7;323;65.61;2.12
74398;140605;1;Publiczna Szkoła Podstawowa Nr 1 w Grójcu 05-600 Grójec ul. Józefa Piłsudskiego 68;1923;413;413;13;400;21.48;3.15;1943;1082;1082;19;1063;55.69;1.76
74399;140605;2;Starostwo Powiatowe w Grójcu 05-600 Grójec ul. Józefa Piłsudskiego 59;2099;465;465;12;453;22.15;2.58;2146;1256;1256;31;1225;58.53;2.47
74400;140605;3;Powiatowy Cech Rzemieślników i Przedsiębiorców w Grójcu 05-600 Grójec ul. Polskiej Organizacji Wojskowej 4;1881;453;453;15;438;24.08;3.31;1892;1059;1059;24;1035;55.97;2.27
74401;140605;4;Publiczne Gimnazjum w Grójcu 05-600 Grójec ul. Polna 17;1818;387;387;12;375;21.29;3.10;1793;1005;1005;16;989;56.05;1.59
74402;140605;5;Publiczna Szkoła Podstawowa Nr 2 w Grójcu 05-600 Grójec ul. Polna 17A;1681;421;421;17;404;25.04;4.04;1710;957;957;33;924;55.96;3.45
74403;140605;6;Ratusz Miejski w Grójcu 05-600 Grójec Plac Wolności 2;1703;311;311;8;303;18.26;2.57;1660;801;801;22;779;48.25;2.75
74404;140605;7;Publiczna Szkoła Podstawowa Nr 3 w Grójcu 05-600 Grójec ul. Armii Krajowej 34;2009;379;379;21;358;18.87;5.54;2060;1024;1024;32;992;49.71;3.12
74405;140605;8;Siedziba byłej Publicznej Szkoły Podstawowej w Słomczynie 05-600 Słomczyn 42;554;65;65;1;64;11.73;1.54;547;257;257;9;248;46.98;3.50
74406;140605;9;Regionalna Dyrekcja Lasów Państwowych w Radomiu Nadleśnictwo Grójec 05-600 Podole 91;1190;227;227;12;215;19.08;5.29;1199;602;602;12;590;50.21;1.99
74407;140605;10;Publiczna Szkoła Podstawowa w Lesznowoli 05-600 Lesznowola ul. Szkolna 1;1461;277;277;6;271;18.96;2.17;1485;762;762;11;751;51.31;1.44
74408;140605;11;Publiczna Szkoła Podstawowa w Częstoniewie 05-600 Częstoniew 60;667;66;66;1;65;9.90;1.52;640;236;236;16;220;36.88;6.78
74409;140605;12;Publiczna Szkoła Podstawowa w Bikówku 05-600 Bikówek 21;1101;214;214;10;204;19.44;4.67;1114;573;573;15;558;51.44;2.62
74410;140605;13;Ochotnicza Straż Pożarna 05-600 Pabierowice 39B;761;143;143;4;139;18.79;2.80;759;366;366;7;359;48.22;1.91
74411;140605;14;SGGW w Warszawie RZD Wilanów Obory w Kociszewie 05-600 Kociszew 1E;622;98;98;7;91;15.76;7.14;615;278;278;9;269;45.20;3.24
90663;140605;15;Areszt Śledczy w Grójcu 05-600 Grójec Armii Krajowej 21;192;53;53;1;52;27.60;1.89;188;105;105;13;92;55.85;12.38
90664;140605;16;Powiatowe Centrum Medyczne 05-600 Grójec Księdza Piotra Skargi 10;147;14;14;0;14;9.52;0.00;74;36;36;0;36;48.65;0.00
90665;140605;17;Dom Pomocy Społecznej” Pod Topolamii” w Lesznowoli 05-600 Lesznowola Grójecka 1;80;19;19;2;17;23.75;10.53;80;15;15;5;10;18.75;33.33
74412;140606;1;Gminna Biblioteka Publiczna w Jasieńcu 05-604 Jasieniec ul. Warecka 42;2026;315;315;11;304;15.55;3.49;2014;939;939;44;895;46.62;4.69
74413;140606;2;Publiczna Szkoła Podstawowa w Zbroszy Dużej 05-604 Zbrosza Duża 30;793;156;156;2;154;19.67;1.28;798;363;363;12;351;45.49;3.31
74414;140606;3;Świetlica wiejska w Nowym Miedzechowie 05-604 Nowy Miedzechów 26a;647;118;118;4;114;18.24;3.39;657;258;258;9;249;39.27;3.49
74415;140606;4;Ochotnicza Straż Pożarna w Boglewicach 05-604 Boglewice 46;822;149;149;16;133;18.13;10.74;820;327;327;20;307;39.88;6.12
74416;140607;1;Zespół Szkół Ogólnokształcących w Mogielnicy 05-640 Mogielnica ul. Nowomiejska 1;1270;232;232;8;224;18.27;3.45;1249;555;555;24;531;44.44;4.32
74417;140607;2;Budynek Biura Rady Miejskiej 05-640 Mogielnica ul. Rynek 15;1011;253;253;6;247;25.02;2.37;1003;544;544;28;516;54.24;5.15
74418;140607;3;Publiczna Szkoła Podstawowa w Mogielnicy 05-640 Mogielnica Przylesie 10;1442;268;268;8;260;18.59;2.99;1439;572;572;26;546;39.75;4.55
74419;140607;4;Publiczna Szkoła Podstawowa w Borowem 05-640 Borowe 29;709;114;114;11;103;16.08;9.65;716;272;272;13;259;37.99;4.78
74420;140607;5;Publiczna Szkoła Podstawowa w Michałowicach 05-640 Michałowice 4;581;102;102;5;97;17.56;4.90;575;272;272;21;251;47.30;7.72
74421;140607;6;Publiczna Szkoła Podstawowa w Brzostowcu 05-640 Brzostowiec 55;598;77;77;4;73;12.88;5.19;595;251;251;9;242;42.18;3.59
74422;140607;7;Budynek OSP w Miechowicach 05-640 Miechowice 32;761;86;86;3;83;11.30;3.49;758;305;305;9;296;40.24;2.95
74423;140607;8;Niepubliczna Szkoła Podstawowa w Kozietułach 05-640 Kozietuły 83;582;107;107;0;107;18.38;0.00;592;247;247;3;244;41.72;1.21
74424;140607;9;Dom Pomocy Społecznej w Tomczycach 05-640 Tomczyce 40;460;73;73;6;67;15.87;8.22;476;189;189;11;178;39.71;5.82
74425;140608;1;Publiczne Gimnazjum w Nowym Mieście nad Pilicą 26-420 Nowe Miasto nad Pilicą ul. Ogrodowa 16;1802;565;565;14;551;31.35;2.48;1751;959;959;20;939;54.77;2.09
74426;140608;2;Przychodnia Rejonowa w Nowym Mieście nad Pilicą 26-420 Nowe Miasto nad Pilicą ul. Spacerowa 1;1513;516;516;10;506;34.10;1.94;1506;907;907;22;885;60.23;2.43
74427;140608;3;Publiczna Szkoła Podstawowa w Żdżarach 26-420 Żdżary 75B;1282;262;262;12;250;20.44;4.58;1258;558;558;33;525;44.36;5.91
74428;140608;4;Remiza OSP w Łęgonicach 26-420 Łęgonice 119;978;202;202;8;194;20.65;3.96;974;390;390;25;365;40.04;6.41
74429;140608;5;Publiczna Szkoła Podstawowa w Nowym Mieście nad Pilicą 26-420 Nowe Miasto nad Pilicą ul. Szkolna 4;1355;276;276;6;270;20.37;2.17;1320;648;648;25;623;49.09;3.86
90666;140608;6;SP ZOZ 26-420 Nowe Miasto nad Pilicą Tomaszowska 43;31;7;7;1;6;22.58;14.29;63;46;46;1;45;73.02;2.17
74430;140609;1;Publiczna Szkoła Podstawowa w Karolewie 05-652 Karolew 3;1003;166;166;3;163;16.55;1.81;1019;454;454;25;429;44.55;5.51
74431;140609;2;Publiczna Szkoła Podstawowa w Ciechlinie 05-652 Ciechlin 39A;651;133;133;9;124;20.43;6.77;658;284;284;8;276;43.16;2.82
74432;140609;3;Publiczna Szkoła Podstawowa w Jeziorze 05-652 Jeziora 45A;772;173;173;2;171;22.41;1.16;777;374;374;10;364;48.13;2.67
74433;140609;4;Publiczne Gimnazjum w Kruszewie 05-652 Kruszew 57B;1320;193;193;2;191;14.62;1.04;1359;673;673;27;646;49.52;4.01
74434;140611;1;Publiczne Gimnazjum Nr1 w Warce 05-660 Warka ul.Warszawska 24;1838;452;452;13;439;24.59;2.88;1854;1056;1056;9;1047;56.96;0.85
74435;140611;2;Publiczna Szkoła Podstawowa Nr 2 w Warce 05-660 Warka ul.Polna 17;1712;362;362;18;344;21.14;4.97;1670;886;886;22;864;53.05;2.48
74436;140611;3;Publiczna Szkoła Podstawowa Nr 1 w Warce 05-660 Warka ul.Polna 19;1287;245;245;4;241;19.04;1.63;1256;577;577;18;559;45.94;3.12
74437;140611;4;Zespół Szkół Ponadgimnazjalnych w Warce 05-660 Warka ul.Obwodowa 2;1120;189;189;8;181;16.88;4.23;1105;543;543;13;530;49.14;2.39
74438;140611;5;Świetlica Spółdzielni Mieszkaniowej w Warce 05-660 Warka os.35-Lecia PRL 9;1706;338;338;17;321;19.81;5.03;1687;924;924;45;879;54.77;4.87
74439;140611;6;Muzeum im. Kazimierza Pułaskiego w Warce 05-660 Warka Kazimierza Pułaskiego 24;1702;366;366;11;355;21.50;3.01;1793;998;998;32;966;55.66;3.21
74440;140611;7;Publiczna Szkoła Podstawowa w Michałowie 05-660 Michałów-Parcela 23;679;62;62;1;61;9.13;1.61;676;225;225;16;209;33.28;7.11
74441;140611;8;Publiczna Szkoła Podstawowa we Wrociszewie 05-660 Wrociszew 20;1205;186;186;5;181;15.44;2.69;1204;461;461;12;449;38.29;2.60
74442;140611;9;Zespół Szkolno-Przedszkolny w Nowej Wsi 05-660 Nowa Wieś 69;574;120;120;2;118;20.91;1.67;554;226;226;7;219;40.79;3.10
74443;140611;10;Filia Publicznej Szkoły Podstawowej Nr 2 z siedzibą w Laskach 05-660 Laski 2;671;124;124;6;118;18.48;4.84;678;307;307;10;297;45.28;3.26
74444;140611;11;Świetlica wiejska w Gośniewicach 05-660 Gośniewice 49;620;87;87;1;86;14.03;1.15;608;261;261;4;257;42.93;1.53
74445;140611;12;Publiczne Gimnazjum w Dębnowoli 05-660 Dębnowola 67;870;141;141;4;137;16.21;2.84;863;366;366;8;358;42.41;2.19
74446;140611;13;Publiczna Szkoła Podstawowa w Ostrołęce 05-660 Ostrołęka 3;534;99;99;6;93;18.54;6.06;538;225;225;9;216;41.82;4.00
74447;140611;14;Publiczna Szkoła Podstawowa w Konarach 05-660 Konary 20;861;181;181;1;180;21.02;0.55;849;440;440;7;433;51.83;1.59
74448;140701;1;Przedszkole Samorządowe „Pod Sosnową Szyszką” 26-930 Garbatka-Letnisko ul. Ignacego Krasickiego 4;595;132;132;5;127;22.18;3.79;595;322;322;3;319;54.12;0.93
74449;140701;2;Publiczne Gimnazjum 26-930 Garbatka-Letnisko ul. Hanki lewandowicz 2;1248;226;226;4;222;18.11;1.77;1251;638;638;13;625;51.00;2.04
74450;140701;3;Gminne Centrum Kultury, Sportu i Promocji 26-930 Garbatka-Letnisko ul. Jana Kochanowskiego 135;1575;365;365;10;355;23.17;2.74;1546;778;778;27;751;50.32;3.47
74451;140701;4;Publiczna Szkoła Podstawowa w Bogucinie 26-930 Bogucin bz;477;64;64;2;62;13.42;3.12;491;170;170;7;163;34.62;4.12
74452;140701;5;Budynek po Publicznej Szkole Podstawowej w Bąkowcu 26-930 Bąkowiec 50;481;90;90;5;85;18.71;5.56;473;206;206;8;198;43.55;3.88
90667;140701;6;Zakład Karny w Żytkowicach 26-930 Żytkowice bz;429;123;123;12;111;28.67;9.76;394;161;161;22;139;40.86;13.66
74453;140702;1;Zespół Szkół Ogólnokształcących w Brzózie 26-903 Brzóza ul. Aleja Lipowa 4;1624;308;308;4;304;18.97;1.30;1640;838;838;13;825;51.10;1.55
74454;140702;2;Ochotnicza Straż Pożarna w Mariampolu 26-903 Mariampol 8;609;96;96;6;90;15.76;6.25;596;211;211;8;203;35.40;3.79
74455;140702;3;Publiczne Gimnazjum w Głowaczowie 26-903 Głowaczów ul. Warecka 10;1433;304;304;8;296;21.21;2.63;1418;766;766;20;746;54.02;2.61
74456;140702;4;Ochotnicza Straż Pożarna w Miejskiej Dąbrowie 26-903 Miejska Dąbrowa 24;628;69;69;8;61;10.99;11.59;618;241;241;12;229;39.00;4.98
74457;140702;5;Zespół Szkół w Ursynowie 26-903 Ursynów 48;1235;202;202;9;193;16.36;4.46;1227;558;558;20;538;45.48;3.58
74458;140702;6;Ochotnicza Straż Pożarna w Bobrownikach 26-903 Bobrowniki 42A;622;88;88;5;83;14.15;5.68;616;248;248;13;235;40.26;5.24
74459;140703;1;Zespół Szkolno-Przedszkolny w Gniewoszowie 26-920 Gniewoszów ul.Konopnickiej 19;549;104;104;3;101;18.94;2.88;554;268;268;3;265;48.38;1.12
74460;140703;2;Publiczna Szkoła Podstawowa w Wysokim Kole 26-920 Wysokie Koło 22;1108;143;143;10;133;12.91;6.99;1106;506;506;19;487;45.75;3.75
74461;140703;3;Budynek po byłej Szkole Podstawowej w Oleksowie 26-920 Oleksów 63;1035;153;153;7;146;14.78;4.58;1034;471;471;14;457;45.55;2.97
74462;140703;4;Remiza Ochotniczej Straży Pożarnej w Sarnowie 26-920 Sarnów 24;631;101;101;8;93;16.01;7.92;615;208;208;7;201;33.82;3.37
74463;140704;1;Zespół Szkół w Grabowie nad Pilicą 26-902 Grabów nad Pilicą Ul. Parkowa 4;1241;246;246;8;238;19.82;3.25;1268;635;635;24;611;50.08;3.78
74464;140704;2;Budynek Ochotniczej Straży Pożarnej Grabów nad Pilicą 26-902 Grabów nad Pilicą Przemysłowa 6;936;132;132;3;129;14.10;2.27;935;423;423;26;397;45.24;6.15
74465;140704;3;Budynek Ochotniczej Straży Pożarnej w Łękawicy 26-902 Łękawica 10B;574;85;85;6;79;14.81;7.06;567;192;192;10;182;33.86;5.21
74466;140704;4;Publiczna Szkoła Podstawowa w Augustowie 26-902 Augustów ul. Wspólna 19;411;74;74;4;70;18.00;5.41;426;210;210;16;194;49.30;7.62
74467;140705;1;Publiczna Szkoła Podstawowa w Ryczywole 26-900 Ryczywół ul. Warszawska 17;1031;135;135;5;130;13.09;3.70;1030;453;453;13;440;43.98;2.87
74468;140705;2;Publiczne Gimnazjum w Świerżach Górnych 26-900 Świerże Górne 25a;1221;197;197;6;191;16.13;3.05;1169;506;506;27;479;43.28;5.34
74469;140705;3;Publiczna Szkoła Podstawowa w Stanisławicach 26-900 Stanisławice 94;851;142;142;3;139;16.69;2.11;850;445;445;12;433;52.35;2.70
74470;140705;4;Publiczna Szkoła Podstawowa w Brzeźnicy 26-900 Brzeźnica 9;1093;107;107;3;104;9.79;2.80;1067;523;523;21;502;49.02;4.02
74471;140705;5;Zarząd Dróg Powiatowych w Kozienicach, siedziba w Aleksandrówce 26-900 Aleksandrówka ul. Serdeczna 3;1434;293;293;6;287;20.43;2.05;1458;794;794;30;764;54.46;3.78
74472;140705;6;Publiczne Przedszkole Nr 3 w Kozienicach 26-900 Kozienice ul. Głowaczowska 45;945;159;159;8;151;16.83;5.03;973;517;517;22;495;53.13;4.26
74473;140705;7;Publiczna Szkoła Podstawowa w Janikowie 26-900 Janików 1;1210;172;172;5;167;14.21;2.91;1229;547;547;13;534;44.51;2.38
74474;140705;8;Publiczna Szkoła Podstwowa w Nowej Wsi 26-900 Nowa Wieś 81;1015;186;186;9;177;18.33;4.84;1001;445;445;7;438;44.46;1.57
74475;140705;9;Świetlica OSP Przewóz 26-900 Przewóz 2a;652;89;89;2;87;13.65;2.25;672;281;281;13;268;41.82;4.63
74476;140705;10;Publiczna Szkoła Podstawowa w Wólce Tyrzyńskiej 26-900 Wólka Tyrzyńska 21a;519;79;79;8;71;15.22;10.13;522;212;212;6;206;40.61;2.83
74477;140705;11;Publiczne Przedszkole Nr 3 w Kozienicach 26-900 Kozienice ul. Głowaczowska 45;1174;340;340;9;331;28.96;2.65;1151;689;689;9;680;59.86;1.31
74478;140705;12;Publiczne Przedszkole Nr 2 w Kozienicach 26-900 Kozienice ul. Stefana Żeromskiego 3;1322;299;299;6;293;22.62;2.01;1261;642;642;18;624;50.91;2.80
74479;140705;13;Publiczne Przedszkole Nr 1 w Kozienicach 26-900 Kozienice ul. Mikołaja Kopernika 11;1270;263;263;9;254;20.71;3.42;1221;636;636;15;621;52.09;2.36
74480;140705;14;Publiczna Szkoła Podstawowa Nr 3 w Kozienicach 26-900 Kozienice ul. Stanisława Konarskiego 4;1246;288;288;10;278;23.11;3.47;1207;686;686;11;675;56.84;1.60
74481;140705;15;Zespół Szkół Nr 1 w Kozienicach 26-900 Kozienice ul. Warszawska 72;1105;274;274;3;271;24.80;1.09;1103;648;648;14;634;58.75;2.16
74482;140705;16;Gimnazjum Nr 2 w Kozienicach 26-900 Kozienice ul. Głowaczowska 33;1272;348;348;11;337;27.36;3.16;1218;716;716;10;706;58.78;1.40
74483;140705;17;Publiczna Szkoła Podstawowa Nr 1 w Kozienicach 26-900 Kozienice ul. Tadeusza Kościuszki 1;1132;231;231;8;223;20.41;3.46;1092;578;578;9;569;52.93;1.56
74484;140705;18;Gimnazjum Nr 1 w Kozienicach 26-900 Kozienice ul. Nowy Świat 24;1263;247;247;10;237;19.56;4.05;1207;648;648;10;638;53.69;1.54
74485;140705;19;Publiczna Szkoła Podstawowa Nr 1 w Kozienicach 26-900 Kozienice ul. Tadeusza Kościuszki 1;1375;283;283;7;276;20.58;2.47;1321;672;672;15;657;50.87;2.23
74486;140705;20;Kozienicki Dom Kultury im. Bogusława Klimczuka w Kozienicach 26-900 Kozienice Al. 1 Maja 8;1380;292;292;8;284;21.16;2.74;1312;648;648;11;637;49.39;1.70
74487;140705;21;Dom Pomocy Społecznej dla Dorosłych w Kozienicach 26-900 Kozienice ul. Lubelska 50;75;29;29;8;21;38.67;27.59;88;48;48;4;44;54.55;8.33
74488;140705;22;Świetlica OSP w Kozienicach 26-900 Kozienice ul. Lubelska 89;1061;238;238;3;235;22.43;1.26;1049;600;600;5;595;57.20;0.83
74489;140705;23;Liceum Ogólnokształcące w Kozienicach 26-900 Kozienice ul. Warszawska 25;1454;339;339;13;326;23.31;3.83;1397;729;729;23;706;52.18;3.16
90668;140705;24;Samodzielny Publiczny Zespół Zakładów Opieki Zdrowotnej w Kozienicach 26-900 Kozienice AL. Władysława Sikorskiego 10;260;15;15;1;14;5.77;6.67;189;49;49;0;49;25.93;0.00
74490;140706;1;Publiczna Szkoła Podstawowa w Magnuszewie 26-910 Magnuszew ul. Bohaterów Września 10;944;177;177;8;169;18.75;4.52;944;451;451;10;441;47.78;2.22
74491;140706;2;Publiczne Gimnazjum w Magnuszewie 26-910 Magnuszew ul. Bohaterów Września 10;870;97;97;3;94;11.15;3.09;910;397;397;11;386;43.63;2.77
74492;140706;3;Publiczna Szkoła Podstawowa w Przydworzycach 26-910 Przydworzyce 37;709;116;116;2;114;16.36;1.72;721;353;353;7;346;48.96;1.98
74493;140706;4;Świetlica w Trzebieniu 26-910 Trzebień 36;334;41;41;0;41;12.28;0.00;334;136;136;9;127;40.72;6.62
74494;140706;5;Ochotnicza Straż Pożarna w Wilczkowicach Dolnych 26-910 Wilczkowice Dolne 4A;420;73;73;2;71;17.38;2.74;432;212;212;3;209;49.07;1.42
74495;140706;6;Publiczna Szkoła Podstawowa w Chmielewie 26-910 Chmielew 20a;590;82;82;1;81;13.90;1.22;605;252;252;5;247;41.65;1.98
74496;140706;7;Publiczne Gimnazjum w Mniszewie 26-910 Mniszew 43A;579;99;99;1;98;17.10;1.01;581;282;282;3;279;48.54;1.06
74497;140706;8;Publiczna Szkoła Podstawowa w Rozniszewie 26-910 Rozniszew 20A;816;162;162;12;150;19.85;7.41;831;426;426;24;402;51.26;5.63
74498;140706;9;Budynek Byłej Szkoły Podstawowej w Osiemborowie 26-910 Osiemborów 27B;314;25;25;1;24;7.96;4.00;315;126;126;7;119;40.00;5.56
74499;140707;1;Zespół Szkolno - Przedszkolny w Starych Słowikach 26-922 Stare Słowiki 9;775;97;97;8;89;12.52;8.25;761;303;303;14;289;39.82;4.62
74500;140707;2;Zespół Placówek Oświatowych w Sieciechowie 26-922 Sieciechów ul. Szkolna 1;1262;192;192;4;188;15.21;2.08;1252;540;540;14;526;43.13;2.59
74501;140707;3;Świetlica Wiejska w Zajezierzu 26-922 Zajezierze ul. 28 Pułku Artylerii Lekkiej 7;1300;247;247;12;235;19.00;4.86;1290;576;576;14;562;44.65;2.43
74502;140801;1;Powiatowy Zespół Szkół Ponadgimnazjalnych 05-120 Legionowo ul. Targowa 73A;1562;517;517;5;512;33.10;0.97;1583;982;983;12;970;62.03;1.22
74503;140801;2;Przedszkole Miejskie Nr 1 05-120 Legionowo ul. Olszankowa E;1849;383;383;11;372;20.71;2.87;1893;1010;1010;23;987;53.35;2.28
74504;140801;3;Zespół Szkolno-Przedszkolny 05-119 Legionowo ul. Jana Pawła I 2;1898;466;466;9;457;24.55;1.93;1902;1200;1200;19;1181;63.09;1.58
74505;140801;4;Zespół Szkół 05-119 Legionowo ul. Zegrzyńska 3;1724;510;510;22;488;29.58;4.31;1767;1217;1217;12;1205;68.87;0.99
74506;140801;5;Zespół Szkół 05-119 Legionowo ul. Zegrzyńska 3;2249;545;545;9;536;24.23;1.65;2264;1239;1239;15;1224;54.73;1.21
74507;140801;6;Przedszkole Miejskie Nr 11 05-119 Legionowo ul. Zegrzyńska 9;2108;672;672;10;662;31.88;1.49;2146;1494;1494;16;1478;69.62;1.07
74508;140801;7;Przedszkole Miejskie Nr 3 05-119 Legionowo ul. Zegrzyńska 71;2356;622;622;12;610;26.40;1.93;2353;1464;1464;12;1452;62.22;0.82
74509;140801;8;Zespół Szkół Nr 1 05-120 Legionowo ul. Zakopiańska 4;1992;588;588;11;577;29.52;1.87;1967;1277;1277;26;1251;64.92;2.04
74510;140801;9;Dawna siedziba Urzędu Miasta Legionowo 05-120 Legionowo ul. marsz. Józefa Piłsudskiego 3;2122;632;632;9;623;29.78;1.42;2075;1314;1314;12;1302;63.33;0.91
74511;140801;10;Urząd Miasta Legionowo 05-120 Legionowo ul. marsz.Józefa Piłsudskiego 41;2292;701;702;16;685;30.58;2.28;2265;1474;1474;13;1461;65.08;0.88
74512;140801;11;Zespół Szkolno-Przedszkolny Nr 2 05-120 Legionowo ul. Jagiellońska 67;1015;341;341;4;337;33.60;1.17;984;638;638;4;634;64.84;0.63
74513;140801;12;Zespół Szkolno-Przedszkolny Nr 2 05-120 Legionowo ul. Jagiellońska 67;1596;455;455;8;447;28.51;1.76;1631;1052;1052;11;1041;64.50;1.05
74514;140801;13;Arena Legionowo 05-120 Legionowo ul. Bolesława Chrobrego 50B;1231;401;401;3;398;32.58;0.75;1265;885;885;3;882;69.96;0.34
74515;140801;14;Administracja Osiedla Sobieskiego 05-120 Legionowo ul. Jana III Sobieskiego 47A;1693;431;431;8;423;25.46;1.86;1669;1077;1077;19;1058;64.53;1.76
74516;140801;15;Przedszkole Miejskie z Oddziałami Integracyjnymi Nr 7 05-120 Legionowo ul. Husarska 18A;1640;458;458;7;451;27.93;1.53;1631;1059;1059;14;1045;64.93;1.32
74517;140801;16;Szkoła Podstawowa nr 7 05-120 Legionowo ul. Królowej Jadwigi 7;1540;414;414;13;401;26.88;3.14;1519;927;927;15;912;61.03;1.62
74518;140801;17;Miejski Ośrodek Kultury 05-120 Legionowo ul. Cypriana Kamila Norwida 10;1881;544;544;16;528;28.92;2.94;1869;1164;1164;20;1144;62.28;1.72
74519;140801;18;Warsztat Terapii Zajęciowej 05-120 Legionowo ul. Zwycięstwa 4;1929;614;614;20;594;31.83;3.26;1873;1221;1221;20;1201;65.19;1.64
74520;140801;19;Zespół Szkół Nr 3 05-120 Legionowo ul. Władysława Broniewskiego 7;1578;465;465;12;453;29.47;2.58;1558;990;990;11;979;63.54;1.11
74521;140801;20;Przedszkole Miejskie Nr 6 05-120 Legionowo ul. Władysława Broniewskiego 3;1570;486;486;4;482;30.96;0.82;1522;923;923;14;909;60.64;1.52
74522;140801;21;Żłobek Miejski 05-120 Legionowo ul. ppłk. Edwarda Dietricha 1;1789;492;492;9;483;27.50;1.83;1765;1031;1031;27;1004;58.41;2.62
74523;140801;22;Liceum Ogólnokształcące 05-120 Legionowo ul. marsz. Józefa Piłsudskiego 26;2056;620;620;7;613;30.16;1.13;2016;1239;1239;22;1217;61.46;1.78
74524;140801;23;Powiatowy Zespół Szkół i Placówek 05-120 Legionowo Jagiellońska 69;1260;400;400;15;385;31.75;3.75;1267;840;840;13;827;66.30;1.55
90669;140801;24;Dom Pomocy Społecznej „Kombatant” 05-120 Legionowo Jagiellońska 71;81;54;54;6;48;66.67;11.11;77;51;51;3;48;66.23;5.88
74525;140802;1;Publiczne Gimnazjum im. Orła Białego 05-110 Jabłonna Szkolna 2;1763;499;499;7;492;28.30;1.40;1756;1096;1096;20;1076;62.41;1.82
74526;140802;2;Publiczne Gimnazjum im. Orła Białego 05-110 Jabłonna Szkolna 2;1813;523;523;12;511;28.85;2.29;1908;1281;1281;14;1267;67.14;1.09
74527;140802;3;Publiczne Gimnazjum im. Orła Białego 05-110 Jabłonna Szkolna 2;1156;308;308;3;305;26.64;0.97;1243;815;815;4;811;65.57;0.49
74528;140802;4;Publiczne Gimnazjum im. Orła Białego 05-110 Jabłonna Szkolna 2;1401;392;392;7;385;27.98;1.79;1415;858;858;17;841;60.64;1.98
74529;140802;5;Szkoła Podstawowa im. Stefana Krasińskiego 05-123 Chotomów Partyzantów 23;1085;371;371;8;363;34.19;2.16;1156;764;764;15;749;66.09;1.96
74530;140802;6;Szkoła Podstawowa im. Stefana Krasińskiego 05-123 Chotomów Partyzantów 23;1676;482;482;6;476;28.76;1.24;1684;1076;1076;8;1068;63.90;0.74
74531;140802;7;Szkoła Podstawowa im. Stefana Krasińskiego 05-123 Chotomów Partyzantów 23;1911;625;625;11;614;32.71;1.76;1989;1331;1331;12;1319;66.92;0.90
74532;140802;8;GCKiS Filia w Skierdach 05-101 Skierdy Nadwiślańska 1;1016;320;320;7;313;31.50;2.19;1038;654;654;0;654;63.01;0.00
74533;140802;9;Klub Rolnika 05-101 Boża Wola 42;877;205;205;2;203;23.38;0.98;906;532;532;10;522;58.72;1.88
74534;140803;1;Gimnazjum im. Bohaterów Bitwy Warszawskiej 1920 r. w Stanisławowie Pierwszym 05-126 Nieporęt ul. Jana Kazimierza 291;766;370;370;6;364;48.30;1.62;745;581;581;10;571;77.99;1.72
74535;140803;2;Gminne Przedszkole w Nieporęcie 05-126 Nieporęt ul.Jana Kazimierza 104;904;371;371;10;361;41.04;2.70;942;643;643;12;631;68.26;1.87
74536;140803;3;Szkoła Podstawowa Nr 1 im. Bronisława Tokaja w Nieporęcie 05-126 Nieporęt ul. Dworcowa 9;678;216;216;6;210;31.86;2.78;676;429;429;5;424;63.46;1.17
74537;140803;4;Szkoła Podstawowa Nr 1 im. Bronisława Tokaja w Nieporęcie 05-126 Nieporęt ul. Dworcowa 9;846;233;233;9;224;27.54;3.86;921;596;596;12;584;64.71;2.01
74538;140803;5;Szkoła Podstawowa im.Wojska Polskiego w Białobrzegach 05-127 Białobrzegi ul. Wojska Polskiego 21;1189;308;308;12;296;25.90;3.90;1199;657;657;14;643;54.80;2.13
74539;140803;6;Gimnazjum im. Bohaterów Bitwy Warszawskiej 1920 r. w Stanisławowie Pierwszym 05-126 Stanisławów Pierwszy ul. Jana Kazimierza 291;797;249;249;3;246;31.24;1.20;835;588;588;2;586;70.42;0.34
74540;140803;7;Szkoła Podstawowa im. Batalionu Saperów Kościuszkowskich w Izabelinie 05-126 Izabelin ul. Szkolna 1;663;180;180;7;173;27.15;3.89;680;446;446;6;440;65.59;1.35
74541;140803;8;Szkoła Podstawowa im.Wandy Chotomskiej w Józefowie 05-119 Józefów ul. Szkolna 61;775;198;198;6;192;25.55;3.03;820;515;515;17;498;62.80;3.30
74542;140803;9;Ośrodek Kultury w Kątach Węgierskich 05-126 Kąty Węgierskie ul. Kościelna 22;993;276;276;8;268;27.79;2.90;1054;661;661;10;651;62.71;1.51
74543;140803;10;Szkoła Podstawowa im. Wandy Chotomskiej w Józefowie 05-119 Michałów-Grabina ul. Szkolna 61;586;282;282;5;277;48.12;1.77;597;481;481;6;475;80.57;1.25
74544;140803;11;Ośrodek Kultury w Stanisławowie Drugim 05-119 Stanisławów Drugi ul. Wolska 71A;745;232;232;3;229;31.14;1.29;775;508;509;1;507;65.55;0.20
74545;140803;12;Zespół Szkolno-Przedszkolny im. 28 Pułku Strzelców Kaniowskich w Wólce Radzymińskiej 05-126 Wólka Radzymińska ul. Szkolna 79;762;162;162;3;159;21.26;1.85;802;431;431;13;418;53.74;3.02
74546;140803;13;Ośrodek Kultury w Zegrzu Południowym 05-130 Zegrze Południowe ul. Osiedle Wojskowe 13;736;218;218;11;207;29.62;5.05;714;385;385;6;379;53.92;1.56
74547;140804;1;Szkoła Podstawowa 05-140 Serock ul. Pułtuska 68;1962;497;497;10;487;25.33;2.01;2038;1137;1137;16;1121;55.79;1.41
74548;140804;2;Samorządowe Przedszkole 05-140 Serock ul. Wolskiego 15;1359;375;375;9;366;27.59;2.40;1360;760;760;15;745;55.88;1.97
74549;140804;3;Świetlica Terapeutyczna 05-140 Wierzbica 28 B;1237;214;214;5;209;17.30;2.34;1407;688;688;17;671;48.90;2.47
74550;140804;4;Zespół Szkolno-Przedszkolny 05-140 Wola Kiełpińska;1993;346;346;4;342;17.36;1.16;2077;1035;1035;8;1027;49.83;0.77
74551;140804;5;Zespół Szkolno-Przedszkolny 05-140 Wola Kiełpińska;1835;333;333;11;322;18.15;3.30;1889;937;937;23;914;49.60;2.45
74552;140804;6;Szkoła Podstawowa 05-140 Jadwisin ul. Szkolna 46;1525;353;353;5;348;23.15;1.42;1608;889;889;14;875;55.29;1.57
74553;140804;7;Dom Parafialny 05-131 Zegrze ul. Groszkowskiego 1;868;262;262;11;251;30.18;4.20;850;525;525;7;518;61.76;1.33
74554;140805;1;Szkoła Podstawowa im. Józefa Wybickiego 05-124 Janówek Pierwszy ul. Dworcowa 5;1304;289;289;12;277;22.16;4.15;1320;749;749;19;730;56.74;2.54
74555;140805;2;Szkoła Podstawowa im. Bronisława Sokoła 05-123 Olszewnica Stara ul. Warszawska 40;623;203;203;6;197;32.58;2.96;670;415;415;11;404;61.94;2.65
74556;140805;3;Szkoła Podstawowa im.Kornela Makuszyńskiego 05-124 Skrzeszew ul. Szkolna 10;1916;434;436;6;428;22.65;1.38;2076;1265;1265;16;1249;60.93;1.26
74557;140805;4;Szkoła Podstawowa im. Tadeusza Kościuszki 05-135 Wieliszew ul. Modlińska 60;1362;320;320;13;307;23.49;4.06;1385;773;773;25;748;55.81;3.23
74558;140805;5;Szkoła Podstawowa im. Tadeusza Kościuszki 05-135 Wieliszew ul. Modlińska 60;1646;397;397;11;386;24.12;2.77;1794;1061;1061;31;1030;59.14;2.92
74559;140805;6;Zespól Szkół w Łajskach 05-119 Łajski ul. Kościelna 63;1375;343;343;8;335;24.95;2.33;1456;904;904;29;875;62.09;3.21
74560;140805;7;Dom Ogrodnika Michałów-Reginów 05-119 Michałów-Reginów ul. Nowodworska 31;1246;328;328;6;322;26.32;1.83;1264;792;792;19;773;62.66;2.40
90670;140805;8;Mazowiecki Szpital Onkologiczny w Wieliszewie 05-135 Wieliszew Kościelna 61;62;18;18;0;18;29.03;0.00;74;49;49;1;48;66.22;2.04
74561;140901;1;Remiza OSP w Białobrzegach 27-312 Białobrzegi 18 a;492;44;44;1;43;8.94;2.27;479;149;149;6;143;31.11;4.03
74562;140901;2;Urząd Gminy w Chotczy 27-312 Chotcza-Józefów 60;853;122;122;3;119;14.30;2.46;836;288;288;11;277;34.45;3.82
74563;140901;3;Zespół Szkół Samorządowych w Chotczy Filia w Tymienicy 27-312 Tymienica Stara 1;709;99;99;3;96;13.96;3.03;703;245;245;13;232;34.85;5.31
74564;140902;1;Remiza Strażacka w Antoniowie 27-310 Antoniów 36;357;49;49;5;44;13.73;10.20;354;140;140;15;125;39.55;10.71
74565;140902;2;Publiczna Szkoła Podstawowa w Bąkowej 27-310 Bąkowa 107;510;66;66;1;65;12.94;1.52;494;156;156;7;149;31.58;4.49
74566;140902;3;Publiczna Szkoła Podstawowa w Ciepielowie 27-310 Ciepielów Lekarska 1;723;179;179;10;169;24.76;5.59;727;324;324;14;310;44.57;4.32
74567;140902;4;Publiczne Gimnazjum w Ciepielowie 27-310 Ciepielów Plac Zwycięstwa 37;1747;217;217;9;208;12.42;4.15;1729;591;591;31;560;34.18;5.25
74568;140902;5;Publiczna Szkoła Podstawowa w Wielgiem 27-310 Wielgie 58;703;106;106;10;96;15.08;9.43;697;298;298;12;286;42.75;4.03
74569;140902;6;Dzienny Ośrodek Fizjoterapii w Pcinie 27-310 Pcin 39;324;31;31;2;29;9.57;6.45;319;103;103;3;100;32.29;2.91
74570;140902;7;Środowiskowy Dom Samopomocy w Łaziskach 27-310 Łaziska 101;367;49;49;7;42;13.35;14.29;343;122;122;5;117;35.57;4.10
74571;140903;1;Publiczna Szkoła Podstawowa w Lipsku 27-300 Lipsko ul.Zwoleńska 16;1698;321;321;10;311;18.90;3.12;1675;761;761;17;744;45.43;2.23
74572;140903;2;Zespół Szkół Ponadgimnazjalnych w Lipsku 27-300 Lipsko ul.Zwoleńska 12;1380;215;215;3;212;15.58;1.40;1347;608;608;9;599;45.14;1.48
74573;140903;3;Lipskie Centrum Kultury w Lipsku 27-300 Lipsko ul.Rynek 2;1764;371;371;6;365;21.03;1.62;1723;808;808;17;791;46.89;2.10
74574;140903;4;Budynek byłego Przedszkola w Śląsku 27-300 Śląsko 41;540;45;45;0;45;8.33;0.00;545;185;185;7;178;33.94;3.78
74575;140903;5;Zespół Placówek Oświatowych w Długowoli 27-300 Walentynów 103;1013;142;142;10;132;14.02;7.04;1005;352;352;6;346;35.02;1.70
74576;140903;6;Zespół Placówek Oświatowych w Krępie Kościelnej 27-300 Krępa Kościelna 48;885;113;113;3;110;12.77;2.65;875;357;357;14;343;40.80;3.92
74577;140903;7;Ośrodek Szkolno-Wychowawczy w Hucie 27-300 Huta 3;247;22;22;0;22;8.91;0.00;234;65;65;6;59;27.78;9.23
74578;140903;8;Budynek byłej Szkoły Podstawowej w Lipie-Miklas 27-300 Lipa-Miklas 109;811;101;101;4;97;12.45;3.96;787;321;321;11;310;40.79;3.43
74579;140903;9;Swietlica wiejska w Katarzynowie 27-300 Katarzynów 3a;553;54;54;1;53;9.76;1.85;547;171;171;1;170;31.26;0.58
74580;140903;10;Publiczna Szkoła Podstawowa w Woli Soleckiej Pierwszej 27-300 Wola Solecka Pierwsza 173;673;92;92;1;91;13.67;1.09;669;247;247;8;239;36.92;3.24
74581;140903;11;Dom Pomocy Społecznej w Lipsku 27-300 Lipsko ul.1 Maja 79;93;23;23;1;22;24.73;4.35;89;21;21;3;18;23.60;14.29
90671;140903;12;Samodzielny Publiczny Zespół Zakładów Opieki Zdrowotnej w Lipsku 27-300 Lipsko ul.Śniadeckiego 2;79;31;31;1;30;39.24;3.23;99;53;53;1;52;53.54;1.89
74582;140904;1;Zespół Szkół w Rzeczniowie 27-353 Rzeczniów 1b;1358;231;231;13;218;17.01;5.63;1336;614;614;30;584;45.96;4.89
74583;140904;2;Publiczne Przedszkole w Pawliczce 27-353 Pawliczka 31;375;64;64;1;63;17.07;1.56;387;154;154;3;151;39.79;1.95
74584;140904;3;Publiczna Szkoła Podstawowa w Grabowcu 27-353 Grabowiec ul. Wąchocka 20A;1062;167;167;10;157;15.73;5.99;1059;435;435;23;412;41.08;5.29
74585;140904;4;Niepubliczna Szkoła Podstawowa w Pasztowej Woli 27-353 Pasztowa Wola-Kolonia 27;497;66;66;9;57;13.28;13.64;469;173;173;11;162;36.89;6.36
74586;140904;5;Środowiskowy Dom Samopomocy w Podkońcach 27-353 Podkońce 99;506;44;44;0;44;8.70;0.00;491;128;128;5;123;26.07;3.91
74587;140905;1;Urząd Gminy Sienno 27-350 Sienno Rynek 36/40;1984;322;322;10;312;16.23;3.11;1973;791;791;24;767;40.09;3.03
74588;140905;2;Niepubliczna Szkoła Podstawowa 27-350 Kochanówka 83;490;78;78;4;74;15.92;5.13;485;181;181;11;170;37.32;6.08
74589;140905;3;Świetlica Wiejska 27-350 Olechów Stary 2;658;59;59;3;56;8.97;5.08;642;150;150;5;145;23.36;3.33
74590;140905;4;Niepubliczna Szkoła Podstawowa 27-350 Gozdawa 6;464;93;93;7;86;20.04;7.53;460;191;191;4;187;41.52;2.09
74591;140905;5;Zespół Szkół 27-350 Jawor Solecki 68;945;143;143;1;142;15.13;0.70;923;400;400;9;391;43.34;2.25
74592;140905;6;Świetlica Wiejska 27-350 Osówka 62B;552;72;72;1;71;13.04;1.39;531;204;204;9;195;38.42;4.41
74593;140906;1;Gminny Ośrodek Kultury w Solcu nad Wisłą, ul.Plac Bolesława Śmiałego 6 27-320 Solec nad Wisłą Plac Bolesława Śmiałego 6;1206;217;217;4;213;17.99;1.84;1177;435;435;19;416;36.96;4.37
74594;140906;2;Budynek Szkoły Podstawowej w Boiskach 27-320 Boiska 126;292;35;35;0;35;11.99;0.00;289;73;73;3;70;25.26;4.11
74595;140906;3;Strażnica Ochotniczej Straży Pożarnej w Sadkowicach 27-320 Sadkowice 76;534;63;63;3;60;11.80;4.76;522;169;169;12;157;32.38;7.10
74596;140906;4;Zespół Szkół Samorządowych w Pawłowicach 27-320 Pawłowice 88;666;99;99;9;90;14.86;9.09;643;256;256;18;238;39.81;7.03
74597;140906;5;Świetlica Wiejska w Zemborzynie Pierwszym 27-320 Zemborzyn Pierwszy 100;431;56;56;0;56;12.99;0.00;434;136;136;5;131;31.34;3.68
74598;140906;6;Wiejski Dom Kultury w Dziurkowie 27-320 Dziurków 116;748;107;107;2;105;14.30;1.87;734;253;253;9;244;34.47;3.56
74599;140906;7;Strażnica Ochotniczej Straży Pożarnej w Słuszczynie 27-320 Słuszczyn 49;234;43;43;2;41;18.38;4.65;223;108;108;5;103;48.43;4.63
74600;140906;8;Budynek Szkoły Podstawowej w Glinie 27-320 Glina 30;379;38;38;1;37;10.03;2.63;368;129;129;3;126;35.05;2.33
74601;141001;1;Urząd Gminy w Huszlewie 08-206 Huszlew 77;751;144;144;3;141;19.17;2.08;722;375;375;3;372;51.94;0.80
74602;141001;2;Zespól Szkolno-Wychowawczy w Huszlewie 08-206 Huszlew 113;570;62;62;1;61;10.88;1.61;553;220;220;4;216;39.78;1.82
74603;141001;3;Niepubliczna Szkoła Podstawowa w Mostowie 08-206 Mostów 10;448;111;111;1;110;24.78;0.90;440;246;246;6;240;55.91;2.44
74604;141001;4;Budynek byłej Szkoły Podstawowej w Żurawlówce 08-206 Żurawlówka 25;614;107;107;2;105;17.43;1.87;604;265;265;5;260;43.87;1.89
74605;141002;1;Zespół Szkół Nr 1 w Łosicach 08-200 Łosice ul. Szkolna 5;2112;466;466;12;454;22.06;2.58;2144;1162;1162;21;1141;54.20;1.81
74606;141002;2;Zespół Szkół Nr 2 w Łosicach 08-200 Łosice ul. Piłsudskiego 9;1434;290;290;4;286;20.22;1.38;1411;720;720;17;703;51.03;2.36
74607;141002;3;Szkoła Podstawowa Nr 2 w Łosicach 08-200 Łosice ul. Bialska 13;1185;270;270;3;267;22.78;1.11;1141;572;572;5;567;50.13;0.87
74608;141002;4;Łosicki Dom Kultury 08-200 Łosice ul. Piłsudskiego 4;1524;316;316;8;308;20.73;2.53;1485;707;707;9;698;47.61;1.27
74609;141002;5;Szkoła Podstawowa w Czuchlebach 08-200 Czuchleby 60;636;125;125;9;116;19.65;7.20;631;287;287;9;278;45.48;3.14
74610;141002;6;Strażnica OSP w Niemojkach 08-200 Niemojki 42;1148;139;139;6;133;12.11;4.32;1137;486;486;23;463;42.74;4.73
74611;141002;7;Szkoła Podstawowa w Chotyczach 08-200 Chotycze 71;585;85;85;5;80;14.53;5.88;584;231;231;9;222;39.55;3.90
74612;141002;8;Świetlica w Zakrzu 08-200 Zakrze 38;496;103;103;0;103;20.77;0.00;493;234;234;17;217;47.46;7.26
90672;141002;9;Szpital Powiatowy w Łosicach 08-200 Łosice ul. Słoneczna 1;95;13;13;0;13;13.68;0.00;101;36;36;2;34;35.64;5.56
74613;141003;1;Urząd Gminy w Olszance 08-207 Olszanka 37A;502;75;75;3;72;14.94;4.00;504;249;249;4;245;49.40;1.61
74614;141003;2;Ośrodek Kultury Wiejskiej w Szydłówce 08-207 Szydłówka 40;545;109;109;2;107;20.00;1.83;524;243;243;5;238;46.37;2.06
74615;141003;3;Szkoła Podstawowa w Hadynowie 08-207 Hadynów 1;891;172;172;5;167;19.30;2.91;872;456;456;13;443;52.29;2.85
74616;141003;4;Niepubliczna Szkoła Podstawowa w Próchenkach 08-207 Próchenki 90;581;188;188;4;184;32.36;2.13;576;380;380;5;375;65.97;1.32
74617;141004;1;Szkoła Podstawowa w Lipnie 08-210 Lipno 25;662;128;128;1;127;19.34;0.78;639;312;312;11;301;48.83;3.53
74618;141004;2;Gminny Ośrodek Kultury w Platerowie 08-210 Platerów ul. Dworcowa 21;754;157;157;6;151;20.82;3.82;753;370;370;10;360;49.14;2.70
74619;141004;3;Zespół Szkół w Górkach 08-210 Górki 4;960;140;140;8;132;14.58;5.71;946;357;357;15;342;37.74;4.20
74620;141004;4;Przedszkole Samorządowe w Ruskowie 08-210 Rusków 104;445;65;65;2;63;14.61;3.08;433;170;170;8;162;39.26;4.71
74621;141004;5;Młodzieżowy Ośrodek Wychowawczy w Czuchowie-Pieńkach 08-210 Czuchów-Pieńki 1;433;48;48;4;44;11.09;8.33;429;152;152;3;149;35.43;1.97
74622;141004;6;Świetlica wiejska w Mężeninie 08-210 Mężenin 25A;353;66;66;0;66;18.70;0.00;351;148;148;8;140;42.17;5.41
74623;141004;7;Świetlica wiejska w Ostromęczynie 08-210 Ostromęczyn 75;531;92;92;5;87;17.33;5.43;517;213;213;6;207;41.20;2.82
74624;141005;1;Zespół Szkół w Sarnakach 08-220 Sarnaki ul. 3 Maja 27;1263;211;211;6;205;16.71;2.84;1252;557;557;14;543;44.49;2.51
74625;141005;2;Budynek gminny 08-221 Nowe Hołowczyce 79;969;153;153;2;151;15.79;1.31;958;391;391;17;374;40.81;4.35
74626;141005;3;Zespół Szkolno-Przedszkolny w Serpelicach 08-221 Serpelice 83;1039;199;199;8;191;19.15;4.02;1031;491;491;15;476;47.62;3.05
74627;141005;4;Urząd Gminy Sarnaki 08-220 Sarnaki ul. Berka Joselewicza 3;950;229;229;7;222;24.11;3.06;910;500;500;14;486;54.95;2.80
74628;141006;1;Urząd Gminy w Starej Kornicy 08-205 Stara Kornica 191;1131;194;194;6;188;17.15;3.09;1116;525;525;19;506;47.04;3.62
74629;141006;2;Zespół Publicznych Placówek Oświatowych im. Odzyskania Niepodległości w Starej Kornicy 08-205 Stara Kornica 172;906;130;130;4;126;14.35;3.08;900;396;396;5;391;44.00;1.26
74630;141006;3;Szkoła Podstawowa w Starych Szpakach 08-205 Stare Szpaki 36;651;139;139;4;135;21.35;2.88;641;333;333;11;322;51.95;3.30
74631;141006;4;Szkoła Podstawowa im. Marii Konopnickiej w Kobylanach 08-205 Kobylany 114;572;92;92;0;92;16.08;0.00;564;218;218;10;208;38.65;4.59
74632;141006;5;Szkoła Podstawowa w Koszelówce 08-205 Koszelówka 55;773;145;145;6;139;18.76;4.14;768;319;319;13;306;41.54;4.08
74633;141101;1;Zespół Szkół Nr 1 06-200 Maków Mazowiecki ul. Sportowa 9;1234;250;250;7;243;20.26;2.80;1232;629;629;8;621;51.06;1.27
74634;141101;2;Zespół Szkół Nr 2 06-200 Maków Mazowiecki ul. Gen.Pułaskiego 15;1536;275;275;5;270;17.90;1.82;1511;631;631;23;608;41.76;3.65
74635;141101;3;Liceum Ogólnokształcące Nr 1 06-200 Maków Mazowiecki ul. Kopernika 2;1822;395;395;8;387;21.68;2.03;1767;872;872;21;851;49.35;2.41
74636;141101;4;Zespół Szkół 06-200 Maków Mazowiecki ul. Duńskiego Czerwonego Krzyża 3;1683;310;311;7;303;18.42;2.26;1661;896;896;11;885;53.94;1.23
74637;141101;5;Miejski Dom Kultury 06-200 Maków Mazowiecki ul. Moniuszki 2;1702;323;323;7;316;18.98;2.17;1676;764;764;12;752;45.58;1.57
90673;141101;6;Samodzielny Publiczny Zakład Opieki Zdrowotnej Zespół Zakładów Lecznictwa Otwartego i Zamkniętego im. Duńskiego Czerwonego Krzyża w Makowie Mazowieckim 06-200 Maków Mazowiecki ul.Wincentego Witosa 2;111;11;11;0;11;9.91;0.00;119;33;33;2;31;27.73;6.06
90674;141101;7;Dom Pomocy Społecznej w Makowie Mazowieckim 06-200 Maków Mazowiecki ul. Mazowiecka 2;15;9;9;4;5;60.00;44.44;32;20;20;0;20;62.50;0.00
74638;141102;1;Publiczne Gimnazjum 06-232 Czerwonka Włościańska 37A;1049;225;225;11;214;21.45;4.89;1042;522;522;21;501;50.10;4.02
74639;141102;2;Budynek po byłej Publicznej Szkole Podstawowej w Budzynie Walędziętach 06-200 Budzyno 31;773;104;104;5;99;13.45;4.81;766;336;336;19;317;43.86;5.65
74640;141102;3;Swietlica Wiejska w Krzyżewo Markach 06-232 Krzyżewo-Marki 2A;169;43;43;2;41;25.44;4.65;165;73;73;5;68;44.24;6.85
74641;141102;4;Budynek po byłej Szkole Podstawowej w Gutach Dużych 06-232 Guty Duże 42;194;41;41;2;39;21.13;4.88;191;108;108;6;102;56.54;5.56
74642;141103;1;Publiczne Gimnazjum w Karniewie ul. Szkolna 9 B 06-425 Karniewo ul. Szkolna 9B;1966;327;327;17;310;16.63;5.20;1946;897;897;42;855;46.09;4.68
74643;141103;2;Remiza Ochotniczej Straży Pożarnej w Łukowie Nr 71 06-425 Łukowo 71;665;95;95;4;91;14.29;4.21;654;282;282;10;272;43.12;3.55
74644;141103;3;Szkoła Podstawowa w Romanowie 06-425 Romanowo 12;774;119;119;2;117;15.37;1.68;770;345;345;8;337;44.81;2.32
74645;141103;4;Szkoła Podstawowa w Szwelicach 06-100 Szwelice 66;825;128;128;3;125;15.52;2.34;832;452;452;18;434;54.33;3.98
74646;141104;1;Zespół Szkół 06-212 Krasnosielc ul. Ogrodowa 2A;1425;233;233;7;226;16.35;3.00;1406;566;566;14;552;40.26;2.47
74647;141104;2;Gminny Ośrodek Kultury 06-212 Krasnosielc ul.Rynek 40A;1078;170;170;5;165;15.77;2.94;1074;484;484;18;466;45.07;3.72
74648;141104;3;Szkoła Podstawowa 06-212 Amelin 33;595;85;85;5;80;14.29;5.88;584;223;223;13;210;38.18;5.83
74649;141104;4;Budynek byłej Szkoły Podstawowej 06-212 Pienice 19;426;66;66;2;64;15.49;3.03;416;161;161;14;147;38.70;8.70
74650;141104;5;Szkoła Podstawowa 06-214 Drążdżewo 62;1292;225;225;10;215;17.41;4.44;1268;524;524;33;491;41.32;6.30
74651;141104;6;Szkoła Podstawowa 06-214 Raki 55A;464;88;88;6;82;18.97;6.82;460;184;184;10;174;40.00;5.43
74652;141105;1;Publiczna Szkoła Podstawowa z Publicznym Przedszkolem 06-231 Młynarze ul. Ostrołęcka 24;748;196;196;12;184;26.20;6.12;740;416;416;14;402;56.22;3.37
74653;141105;2;Świetlica wiejska 06-231 Kołaki;327;62;62;3;59;18.96;4.84;329;140;140;5;135;42.55;3.57
74654;141105;3;Budynek po byłej Szkole Podstawowej 06-231 Głażewo-Cholewy;332;60;60;4;56;18.07;6.67;334;145;145;6;139;43.41;4.14
74655;141106;1;Remiza OSP 06-210 Jaciążek 25;580;115;115;7;108;19.83;6.09;573;246;246;13;233;42.93;5.28
74656;141106;2;Remiza OSP 06-210 Stary Podoś 45;245;78;78;4;74;31.84;5.13;245;117;117;5;112;47.76;4.27
74657;141106;3;Zespół Szkół 06-210 Płoniawy-Bramura 80a;844;156;156;5;151;18.48;3.21;821;395;395;21;374;48.11;5.32
74658;141106;4;Szkoła Podstawowa 06-210 Chodkowo Wielkie 29;549;153;153;3;150;27.87;1.96;536;250;250;4;246;46.64;1.60
74659;141106;5;Zespół Szkół 06-211 Szczuki, Krasiniec 18;1090;124;124;5;119;11.38;4.03;1067;340;340;14;326;31.87;4.12
74660;141106;6;Szkoła Podstawowa 06-211 Węgrzynowo 150;738;70;70;3;67;9.49;4.29;752;288;288;29;259;38.30;10.07
74661;141106;7;Świetlica wiejska 06-211 Kobylinek;312;58;58;6;52;18.59;10.34;314;135;135;10;125;42.99;7.41
74662;141106;8;Remiza OSP 06-210 Zawady Dworskie;287;34;34;1;33;11.85;2.94;289;93;93;5;88;32.18;5.38
74663;141107;1;Gminny Ośrodek Upowszechniania Kultury 06-230 Różan ul. Mickiewicza 5;1066;230;230;7;223;21.58;3.04;1057;554;554;22;532;52.41;3.97
74664;141107;2;Urząd Gminy 06-230 Różan Plac Obrońców Różana 4;1216;269;269;9;260;22.12;3.35;1184;572;572;23;549;48.31;4.02
74665;141107;3;Dom Dziennego Pobytu 06-230 Różan ul. Gdańska 4 lokal: /3;1414;231;231;14;217;16.34;6.06;1411;634;634;34;600;44.93;5.36
74666;141108;1;Szkoła Podstawowa 06-225 Rzewnie 3;1272;251;251;7;244;19.73;2.79;1257;613;613;27;586;48.77;4.40
74667;141108;2;budynek po Publicznej Szkołe Podstawowej 06-225 Orłowo 10;321;56;56;1;55;17.45;1.79;316;124;124;7;117;39.24;5.65
74668;141108;3;budynek po Publicznej Szkołe Podstawowej 06-225 Nowy Sielc 42;366;74;74;2;72;20.22;2.70;352;157;157;5;152;44.60;3.18
74669;141108;4;budynek po Publicznej Szkołe Podstawowej 06-225 Drozdowo 43;260;43;43;0;43;16.54;0.00;261;109;109;2;107;41.76;1.83
74670;141109;1;Gminny Ośrodek Kultury, Sypniewo 06-216 Sypniewo Ostrołęcka 39;1177;241;241;9;232;20.48;3.73;1141;564;564;19;545;49.43;3.37
74671;141109;2;Szkoła Podstawowa 06-216 Mamino 43;211;46;46;1;45;21.80;2.17;211;90;90;3;87;42.65;3.33
74672;141109;3;Świetlica Wiejska 06-213 Rawy 32;244;47;47;2;45;19.26;4.26;238;103;103;3;100;43.28;2.91
74673;141109;4;Szkoła Podstawowa 06-213 Gąsewo Poduchowne ul. Władysława Stanisława Reymonta 12;1197;213;213;4;209;17.79;1.88;1165;552;552;9;543;47.38;1.63
74674;141110;1;Gminne Centrum Kultury, Czytelnictwa i Sportu 06-220 Stary Szelków 35A;1057;212;212;17;195;20.06;8.02;1046;468;468;29;439;44.74;6.20
74675;141110;2;Świetlica wiejska 06-200 Makowica 41;571;78;78;3;75;13.66;3.85;560;237;237;11;226;42.32;4.64
74676;141110;3;Świetlica OSP 06-200 Pomaski Wielkie 5;221;59;59;0;59;26.70;0.00;226;123;123;4;119;54.42;3.25
74677;141110;4;Świetlica Wiejska 06-220 Przeradowo 23;361;88;88;1;87;24.38;1.14;353;188;188;3;185;53.26;1.60
74678;141110;5;Świetlica wiejska 06-220 Ciepielewo 66;374;70;70;1;69;18.72;1.43;365;175;175;6;169;47.95;3.43
74679;141110;6;Publiczna Szkoła Podstawowa 06-220 Nowy Strachocin 22;196;40;40;1;39;20.41;2.50;195;91;91;0;91;46.67;0.00
74680;141110;7;Świetlica wiejska 06-200 Dzierżanowo 53;218;38;38;1;37;17.43;2.63;212;74;74;2;72;34.91;2.70
74681;141201;1;Szkoła Podstawowa Nr 5 05-300 Mińsk Mazowiecki ul.Małopolska 11;1515;468;468;9;459;30.89;1.92;1517;1016;1016;18;998;66.97;1.77
74682;141201;2;Gimnazjum Miejskie Nr 2 05-300 Mińsk Mazowiecki ul. Budowlana 2;1491;428;428;6;422;28.71;1.40;1484;931;933;14;917;62.74;1.50
74683;141201;3;Szkoła Podstawowa Nr 5 05-300 Mińsk Mazowiecki ul. Małopolska 11;1454;460;460;14;446;31.64;3.04;1461;992;992;8;984;67.90;0.81
74684;141201;4;Przedszkole Miejskie Nr 4 05-300 Mińsk Mazowiecki ul. Juliana Tuwima 2;1570;415;415;13;402;26.43;3.13;1631;1016;1016;22;994;62.29;2.17
74685;141201;5;Miejski Dom Kultury 05-300 Mińsk Mazowiecki ul. Warszawska 173;1894;558;558;19;539;29.46;3.41;1865;1191;1191;19;1172;63.86;1.60
74686;141201;6;Gimnazjum Miejskie Nr 2 05-300 Mińsk Mazowiecki ul. Budowlana 2;1509;412;412;10;402;27.30;2.43;1475;852;852;11;841;57.76;1.29
74687;141201;7;Zespół Szkół Miejskich Nr 1 05-300 Mińsk Mazowiecki ul. Mikołaja Kopernika 9;1897;583;583;20;563;30.73;3.43;1832;1148;1148;11;1137;62.66;0.96
74688;141201;8;Gimnazjum i Liceum Ogólnokształcące im. Polskiej Macierzy Szkolnej 05-300 Mińsk Mazowiecki ul. Piękna 7A;1642;525;525;8;517;31.97;1.52;1661;1108;1108;27;1081;66.71;2.44
74689;141201;9;Zespół Szkół Miejskich Nr 1 05-300 Mińsk Mazowiecki ul. Mikołaja Kopernika 9;1942;571;571;15;556;29.40;2.63;1868;1099;1099;34;1065;58.83;3.09
74690;141201;10;Zespół Szkół Ekonomicznych 05-300 Mińsk Mazowiecki ul. Zygmunta Kazikowskiego 18;1423;449;449;15;434;31.55;3.34;1434;860;860;8;852;59.97;0.93
74691;141201;11;Miejska Biblioteka Publiczna 05-300 Mińsk Mazowiecki ul. Józefa Piłsudskiego 1a;1615;424;424;16;408;26.25;3.77;1612;979;979;13;966;60.73;1.33
74692;141201;12;Szkoła Podstawowa Nr 2 05-300 Mińsk Mazowiecki ul. Dąbrówki 10;1334;321;321;11;310;24.06;3.43;1332;763;763;14;749;57.28;1.83
74693;141201;13;Przedszkole Miejskie Nr 6 05-300 Mińsk Mazowiecki ul. Warszawska 250/81;1325;375;375;18;357;28.30;4.80;1345;776;776;19;757;57.70;2.45
74694;141201;14;Przedszkole Miejskie Nr 6 05-300 Mińsk Mazowiecki ul. Warszawska 250/81;1327;293;293;19;274;22.08;6.48;1309;727;727;27;700;55.54;3.71
74695;141201;15;Zespół Szkół im. Marii Skłodowskiej - Curie 05-300 Mińsk Mazowiecki 1 PLM Warszawa 1;1343;279;279;10;269;20.77;3.58;1327;656;656;13;643;49.43;1.98
74696;141201;16;Zespół Szkół im. Marii Skłodowskiej - Curie 05-300 Mińsk Mazowiecki ul. 1 PLM Warszawa 1;831;225;225;3;222;27.08;1.33;825;527;527;3;524;63.88;0.57
74697;141201;17;Gimnazjum Miejskie Nr 3 05-300 Mińsk Mazowiecki ul. Siennicka 17;1414;372;372;10;362;26.31;2.69;1414;855;855;11;844;60.47;1.29
74698;141201;18;Szkoła Podstawowa Nr 2 05-300 Mińsk Mazowiecki ul. Dąbrówki 10;1049;300;300;3;297;28.60;1.00;1073;683;683;5;678;63.65;0.73
74699;141201;19;Zespół Szkół Zawodowych Nr 2 05-300 Mińsk Mazowiecki ul. gen. Kazimierza Sosnkowskiego 43;1487;379;379;9;370;25.49;2.37;1562;911;911;10;901;58.32;1.10
74700;141201;20;Szkoła Podstawowa Nr 6 05-300 Mińsk Mazowiecki ul. gen. Kazimierza Sosnkowskiego 1;1185;298;298;6;292;25.15;2.01;1160;683;683;10;673;58.88;1.46
74701;141201;21;Gimnazjum Miejskie Nr 3 05-300 Mińsk Mazowiecki ul. Siennicka 17;1241;311;311;5;306;25.06;1.61;1380;829;829;10;819;60.07;1.21
90675;141201;22;SP ZOZ Mińsk Mazowiecki 05-300 Mińsk Mazowiecki Szpitalna 37;81;12;12;1;11;14.81;8.33;191;37;37;0;37;19.37;0.00
74702;141204;1;Sala konferencyjna Urzędu Gminy w Cegłowie 05-319 Cegłów ul. Tadeusza Kościuszki 4;1806;624;624;21;603;34.55;3.37;1817;1074;1074;31;1043;59.11;2.89
74703;141204;2;Strażnica Ochotniczej Straży Pożarnej w Cegłowie 05-319 Cegłów Pl. Anny Jagiellonki 11;449;116;116;3;113;25.84;2.59;453;210;210;7;203;46.36;3.33
74704;141204;3;Dom Ludowy w Kiczkach 05-319 Kiczki Pierwsze 72;448;124;124;4;120;27.68;3.23;441;225;225;9;216;51.02;4.00
74705;141204;4;Strażnica Ochotniczej Straży Pożarnej w Podcierniu 05-319 Podciernie 85;599;168;168;10;158;28.05;5.95;602;264;264;12;252;43.85;4.55
74706;141204;5;Świetlica wiejska w Posiadałach 05-319 Posiadały 52;697;163;163;11;152;23.39;6.75;693;300;300;10;290;43.29;3.33
74707;141204;6;Strażnica Ochotniczej Straży Pożarnej w Mieni 05-319 Mienia 64;830;206;206;16;190;24.82;7.77;808;372;372;8;364;46.04;2.15
90676;141204;7;Dom Pomocy Społecznej 05-319 Mienia 94;120;36;36;8;28;30.00;22.22;117;32;32;6;26;27.35;18.75
74708;141205;1;Zespół Szkół w Dębem Wielkim 05-311 Dębe Wielkie ul. Warszawska 78A;1270;240;240;8;232;18.90;3.33;1275;671;671;22;649;52.63;3.28
74709;141205;2;Zespół Szkół w Dębem Wielkim 05-311 Olesin ul. Warszawska 78A;808;143;143;7;136;17.70;4.90;1218;649;649;24;625;53.28;3.70
74710;141205;3;Szkoła Podstawowa w Cygance 05-311 Cyganka ul. Szkolna 21;1080;125;125;7;118;11.57;5.60;1103;471;471;20;451;42.70;4.25
74711;141205;4;Szkoła Podstawowa w Rudzie 05-311 Ruda ul.Szkolna 7;1729;271;271;11;260;15.67;4.06;1776;908;908;28;880;51.13;3.08
74712;141205;5;Zespół Szkół w Dębem Wielkim 05-311 Dębe Wielkie ul.Warszawska 78A;1185;280;280;5;275;23.63;1.79;1345;781;781;18;763;58.07;2.30
74713;141205;6;Zespół Szkół w Dębem Wielkim 05-311 Dębe Wielkie ul. Warszawska 78A;1272;280;280;3;277;22.01;1.07;830;514;514;13;501;61.93;2.53
74714;141206;1;Gimnazjum im. Henryka Sienkiewicza w Dobrem 05-307 Dobre ul. Szkolna 3;1145;244;244;10;234;21.31;4.10;1157;612;612;19;593;52.90;3.10
74715;141206;2;Gminazjum im. Henryka Sienkiewicza w Dobrem 05-307 Dobre ul. Szkolna 3;874;123;123;9;114;14.07;7.32;865;406;406;16;390;46.94;3.94
74716;141206;3;Gimnazjum im. Henryka Sienkiewicza w Dobrem 05-307 Dobre Szkolna 3;1088;165;165;6;159;15.17;3.64;1096;455;455;11;444;41.51;2.42
74717;141206;4;Szkoła Podstawowa w Dropiu 05-307 Drop 31;773;84;84;2;82;10.87;2.38;753;313;313;11;302;41.57;3.51
74718;141206;5;Remiza Ochotniczej Straży Pożarnej w Rudzienku 05-307 Rudzienko 40A;951;121;121;3;118;12.72;2.48;962;447;447;20;427;46.47;4.47
74719;141207;1;Urząd Miejski w Halinowie 05-074 Halinów ul. Spółdzielcza 1;995;258;258;7;251;25.93;2.71;1014;581;581;13;568;57.30;2.24
74720;141207;2;Urząd Miejski w Halinowie 05-074 Halinów ul. Spółdzielcza 1;1758;546;546;14;532;31.06;2.56;1783;1155;1155;23;1132;64.78;1.99
74721;141207;3;Urząd Miejski w Halinowie Gminne Centrum Kultury 05-074 Halinów ul. Spółdzielcza 1;1656;422;422;17;405;25.48;4.03;1749;1058;1058;15;1043;60.49;1.42
74722;141207;4;Gminne Centrum Kultury Okuniew 05-079 Okuniew ul. Rynek 46/2;1711;434;434;22;412;25.37;5.07;1731;973;973;27;946;56.21;2.77
74723;141207;5;Oddział GCK Michałów 05-079 Michałów 74;466;123;123;11;112;26.39;8.94;469;253;253;7;246;53.94;2.77
74724;141207;6;Zespół Szkolno-Przedszkolny w Cisiu 05-074 Cisie ul. Mostowa 61;777;162;162;5;157;20.85;3.09;813;433;433;14;419;53.26;3.23
74725;141207;7;Szkoła Podstawowa w Brzezinach 05-074 Brzeziny 3;891;279;279;5;274;31.31;1.79;914;598;598;12;586;65.43;2.01
74726;141207;8;Zespół Szkół w Halinowie 05-074 Halinów Okuniewska 115;863;237;237;1;236;27.46;0.42;905;573;574;5;568;63.31;0.87
74727;141207;9;Długa Szlachecka (budynek starej szkoły) 05-071 Długa Szlachecka ul. Popiełuszki 53;784;210;210;1;209;26.79;0.48;791;445;445;11;434;56.26;2.47
74728;141207;10;Zespół Szkół w Halinowie 05-074 Halinów Okuniewska 115;1354;305;305;10;295;22.53;3.28;1408;790;790;15;775;56.11;1.90
74729;141208;1;Urząd Gminy Jakubów 05-306 Jakubów Mińska 15;1825;360;360;9;351;19.73;2.50;1830;919;919;38;881;50.22;4.13
74730;141208;2;Szkoła Podstawowa w Jędrzejowie Nowym 05-306 Jędrzejów Nowy 30;469;103;103;2;101;21.96;1.94;463;265;265;5;260;57.24;1.89
74731;141208;3;Szkoła Podstawowa w Mistowie 05-306 Mistów 36A;996;161;161;8;153;16.16;4.97;1002;482;482;33;449;48.10;6.85
74732;141208;4;Szkoła Podstawowa w Wiśniewie 05-306 Wiśniew 45A;706;110;110;4;106;15.58;3.64;710;320;320;11;309;45.07;3.44
74733;141209;1;Dom Kultury w Kałuszynie 05-310 Kałuszyn Warszawska 45;1267;263;263;6;257;20.76;2.28;1262;595;595;28;567;47.15;4.71
74734;141209;2;Dom Kultury w Kałuszynie 05-310 Kałuszyn Warszawska 45;1028;323;323;15;308;31.42;4.64;1009;576;576;7;569;57.09;1.22
74735;141209;3;Szkoła Podstawowa w Kałuszynie 05-310 Kałuszyn Pocztowa 4;1276;238;238;2;236;18.65;0.84;1280;593;593;26;567;46.33;4.38
74736;141209;4;Szkoła Filialna w Chrościcach 05-310 Chrościce Chrościce 2A;484;84;84;0;84;17.36;0.00;487;216;216;11;205;44.35;5.09
74737;141209;5;Szkoła Podstawowa w Nowych Groszkach 05-310 Nowe Groszki Nowe Groszki 1;675;78;78;3;75;11.56;3.85;670;268;268;11;257;40.00;4.10
74738;141210;1;Zespół Szkół w Latowiczu 05-334 Latowicz ul.Rynek 24;1163;159;159;7;152;13.67;4.40;1161;482;482;15;467;41.52;3.11
74739;141210;2;Szkoła Podstawowa im.Marii Konopnickiej w Dębem Małym 05-334 Dębe Małe Dębe Małe 68;627;65;65;3;62;10.37;4.62;618;200;200;8;192;32.36;4.00
74740;141210;3;Zespół Szkół im. Rodziny Wyleżyńskich w Wielgolesie 05-334 Wielgolas Szkolna 11;1466;187;187;2;185;12.76;1.07;1461;652;652;22;630;44.63;3.37
74741;141210;4;Zespół Szkół w Latowiczu 05-334 Latowicz Rynek 24;1023;127;127;2;125;12.41;1.57;990;425;425;7;418;42.93;1.65
74742;141211;1;Szkoła Podstawowa w Brzózem 05-300 Brzóze ul. Szkolna 20;735;104;104;3;101;14.15;2.88;742;359;359;15;344;48.38;4.18
74743;141211;2;Zespół Szkół w Stojadłach 05-300 Stojadła ul. Południowa 20;964;235;235;7;228;24.38;2.98;962;533;533;5;528;55.41;0.94
74744;141211;3;Zespół Szkół w Zamieniu 05-300 Zamienie ul. Kołbielska 34;1451;269;269;11;258;18.54;4.09;1457;764;764;25;739;52.44;3.27
74745;141211;4;Zespół Szkół w Hucie Mińskiej z siedzibą w Cielechowiźnie 05-300 Cielechowizna 1A;1310;256;256;10;246;19.54;3.91;1335;639;639;18;621;47.87;2.82
74746;141211;5;Zespół Szkół w Janowie 05-300 Janów ul. Strażacka 18;824;167;167;10;157;20.27;5.99;827;373;373;15;358;45.10;4.02
74747;141211;6;Zespół Szkół w Starej Niedziałce 05-300 Stara Niedziałka ul. Mazowiecka 154;1809;370;370;14;356;20.45;3.78;1836;1011;1011;36;975;55.07;3.56
74748;141211;7;Szkoła Podstawowa w Mariance 05-300 Marianka 42;707;150;150;3;147;21.22;2.00;707;324;324;10;314;45.83;3.09
74749;141211;8;Świetlica w Barczącej 05-300 Barcząca ul. Prosta 1;927;195;195;11;184;21.04;5.64;940;490;490;4;486;52.13;0.82
74750;141211;9;Publiczne Przedszkole w Nowych Osinach 05-300 Nowe Osiny ul. Piękna 21;695;193;193;0;193;27.77;0.00;719;452;452;5;447;62.87;1.11
74751;141211;10;Świetlica w Targówce 05-300 Targówka ul. Mazowiecka 39;725;216;216;4;212;29.79;1.85;776;453;453;6;447;58.38;1.32
74752;141211;11;Remiza OSP w Królewcu 05-300 Królewiec ul. Wspólna 116;619;182;182;1;181;29.40;0.55;619;369;369;13;356;59.61;3.52
74753;141211;12;Remiza OSP w Dłużce 05-300 Dłużka 100;403;114;114;3;111;28.29;2.63;418;242;242;7;235;57.89;2.89
74754;141212;1;Niepubliczna Szkoła Podstawowa w Lipinach 05-317 Lipiny 71;521;73;73;5;68;14.01;6.85;521;179;179;11;168;34.36;6.15
74755;141212;2;Zespół Szkół w Jeruzalu 05-317 Jeruzal ul. Szkolna 8;625;75;75;0;75;12.00;0.00;618;247;247;8;239;39.97;3.24
74756;141212;3;Remiza OSP w Małej Wsi 05-320 Mała Wieś 79;533;102;102;4;98;19.14;3.92;531;237;237;10;227;44.63;4.22
74757;141212;4;Świetlica Wiejska w Dąbrowie 05-320 Dąbrowa 87;475;73;73;6;67;15.37;8.22;483;183;183;10;173;37.89;5.46
74758;141212;5;Remiza OSP w Guzewie 05-320 Guzew 105;395;73;73;4;69;18.48;5.48;390;146;146;2;144;37.44;1.37
74759;141212;6;Zespół Szkół w Mrozach 05-320 Mrozy Licealna 3;1434;319;319;21;298;22.25;6.58;1436;786;786;8;778;54.74;1.02
74760;141212;7;Szkoła Podstawowa w Grodzisku 05-320 Grodzisk Mazowiecka 86;899;114;114;6;108;12.68;5.26;895;320;320;14;306;35.75;4.38
74761;141212;8;Szkoła Podstawowa w Mrozach 05-320 Mrozy Szkolna 2;972;237;237;14;223;24.38;5.91;973;566;566;14;552;58.17;2.47
74762;141212;9;Szkoła Podstawowa w Mrozach 05-320 Mrozy Szkolna 2;1061;230;230;5;225;21.68;2.17;1071;605;605;16;589;56.49;2.64
90677;141212;10;Samodzielny Specjalistyczny Zespół Zakładów Opieki Zdrowotnej w Rudce 05-320 Rudka-Sanatorium Aleja Teodora Dunina 1;163;56;56;4;52;34.36;7.14;154;55;55;3;52;35.71;5.45
74763;141213;1;Zespół Szkół w Siennicy 05-332 Siennica ul. Mińska 38;1693;325;325;4;321;19.20;1.23;1693;908;908;36;872;53.63;3.96
74764;141213;2;Zespół Szkół w Żakowie 05-332 Żaków 48A;720;108;108;9;99;15.00;8.33;729;383;383;15;368;52.54;3.92
74765;141213;3;Niepubliczna Szkoła Podstawowa w Dłużewie 05-332 Dłużew 28A;698;95;95;4;91;13.61;4.21;691;308;308;19;289;44.57;6.17
74766;141213;4;Publiczna Szkoła Podstawowa w Siennicy 05-332 Siennica ul. Latowicka 16;732;70;70;4;66;9.56;5.71;743;299;299;15;284;40.24;5.02
74767;141213;5;Publiczna Szkoła Podstawowa w Nowej Pogorzeli 05-332 Nowa Pogorzel ul. Pałacowa 17;1116;204;204;13;191;18.28;6.37;1144;564;564;25;539;49.30;4.43
74768;141213;6;Budynek po szkole podstawowej w Nowym Zglechowie 05-332 Nowy Zglechów 27;757;121;121;5;116;15.98;4.13;739;300;300;12;288;40.60;4.00
74769;141214;1;Gimnazjum w Stanisławowie 05-304 Stanisławów ul. Szkolna 4a;1324;357;357;11;346;26.96;3.08;1338;794;794;18;776;59.34;2.27
74770;141214;2;Szkoła Podstawowa w Pustelniku 05-304 Pustelnik ul. Szkolna 16;1260;204;204;13;191;16.19;6.37;1287;624;624;33;591;48.48;5.29
74771;141214;3;Szkoła Podstawowa w Ładzyniu 05-304 Ładzyń 21;587;88;88;3;85;14.99;3.41;606;297;297;7;290;49.01;2.36
74772;141214;4;Gimnazjum w Stanisławowie 05-304 Stanisławów ul. Szkolna 4a;1214;220;220;8;212;18.12;3.64;1231;596;596;23;573;48.42;3.86
74773;141214;5;Szkoła Podstawowa w Stanisławowie 05-304 Stanisławów Szkolna 4;847;165;165;1;164;19.48;0.61;836;398;398;9;389;47.61;2.26
74774;141215;1;Zespół Szkół Nr 1 05-070 Sulejówek ul. Idzikowskiego 2a;2281;794;794;12;782;34.81;1.51;2317;1575;1575;17;1558;67.98;1.08
74775;141215;2;Zespół Szkół Nr 1 05-070 Sulejówek ul. Idzikowskiego 2a;1306;510;510;16;494;39.05;3.14;1311;914;914;3;911;69.72;0.33
74776;141215;3;Zespół Szkół Nr 2 05-070 Sulejówek ul. Okuniewska 2;2227;799;799;17;782;35.88;2.13;2199;1496;1496;17;1479;68.03;1.14
74777;141215;4;Szkoła Podstawowa Nr 3 05-071 Sulejówek ul. Głowackiego 47;2070;591;591;23;568;28.55;3.89;2145;1202;1202;23;1179;56.04;1.91
74778;141215;5;Szkoła Podstawowa Nr 3 05-071 Sulejówek ul. Głowackiego 47;1176;358;358;5;353;30.44;1.40;1195;701;701;13;688;58.66;1.85
74779;141215;6;Gimnazjum Nr 2 05-071 Sulejówek ul. Narutowicza 10;1981;540;540;17;523;27.26;3.15;2010;1205;1205;18;1187;59.95;1.49
74780;141215;7;Gimnazjum Nr 2 05-071 Sulejówek ul. Narutowicza 10;988;304;304;3;301;30.77;0.99;974;622;622;8;614;63.86;1.29
74781;141215;8;Zespół Szkół Ponadgimnazjalnych 05-070 Sulejówek ul. Paderewskiego 29;1374;348;348;15;333;25.33;4.31;1474;831;831;12;819;56.38;1.44
74782;141215;9;Zespół Szkół Ponadgimnazjalnych 05-070 Sulejówek ul. Paderewskiego 29;1874;571;571;12;559;30.47;2.10;1852;1211;1211;14;1197;65.39;1.16
74783;141301;1;Zespół Placówek Oświatowych Nr 2 Szkoła Podstawowa Nr 4 im. Haliny Rudnickiej w Mławie 06-500 Mława ul. Graniczna 39;1134;154;154;9;145;13.58;5.84;1143;461;461;27;434;40.33;5.86
74784;141301;2;Zespół Placówek Oświatowych Nr 2 Szkoła Podstawowa Nr 4 im. Haliny Rudnickiej w Mławie 06-500 Mława ul. Graniczna 39;1165;195;195;9;186;16.74;4.62;1188;476;476;9;467;40.07;1.89
74785;141301;3;Zespół Placówek Oświatowych Nr 2 Miejskie Przedszkole Samorządowe Nr 2 06-500 Mława ul. Przyrynek 5;1140;170;170;11;159;14.91;6.47;1114;522;522;12;510;46.86;2.30
74786;141301;4;Zespół Szkół Nr 2 w Mławie 06-500 Mława ul. Zuzanny Morawskiej 29B;930;192;192;3;189;20.65;1.56;960;494;494;9;485;51.46;1.82
74787;141301;5;Zespół Placówek Oświatowych Nr 3 w Mławie Szkoła Podstawowa Nr 7 im. Zuzanny Morawskiej 06-500 Mława ul. Ordona 14;1389;284;284;8;276;20.45;2.82;1387;702;702;10;692;50.61;1.42
74788;141301;6;Zespół Placówek Oświatowych Nr 3 w Mławie Szkoła Podstawowa Nr 7 im. Zuzanny Morawskiej 06-500 Mława ul. Ordona 14;1301;282;282;9;273;21.68;3.19;1264;640;640;16;624;50.63;2.50
74789;141301;7;Zespół Szkół Nr 1 w Mławie 06-500 Mława ul. Zuzanny Morawskiej 29;1213;182;182;7;175;15.00;3.85;1189;470;470;13;457;39.53;2.77
74790;141301;8;Miejski Ośrodek Sportu i Rekreacji w Mławie 06-500 Mława ul. Mikołaja Kopernika 38;1229;222;222;8;214;18.06;3.60;1169;557;557;5;552;47.65;0.90
74791;141301;9;Miejski Ośrodek Sportu i Rekreacji w Mławie 06-500 Mława ul. Mikołaja Kopernika 38;1197;254;254;11;243;21.22;4.33;1166;637;637;11;626;54.63;1.73
74792;141301;10;Gimnazjum Nr 2 im. Józefa Ostaszewskiego w Mławie 06-500 Mława ul. Henryka Pogorzelskiego 4;1194;133;133;5;128;11.14;3.76;1288;521;521;11;510;40.45;2.11
74793;141301;11;Gimnazjum Nr 2 im. Józefa Ostaszewskiego w Mławie 06-500 Mława ul. Henryka Pogorzelskiego 4;1203;222;222;14;208;18.45;6.31;1191;553;553;12;541;46.43;2.17
74794;141301;12;Zespół Placówek Oświatowych Nr 3 w Mławie Miejskie Przedszkole Samorządowe Nr 3 im. Jana Brzechwy 06-500 Mława ul. Hoża 6;1282;277;277;10;267;21.61;3.61;1275;646;646;17;629;50.67;2.63
74795;141301;13;Gimnazjum Nr 1 im. Mikołaja Kopernika w Mławie 06-500 Mława ul. Sportowa 1;1123;246;246;11;235;21.91;4.47;1112;530;530;16;514;47.66;3.02
74796;141301;14;Gimnazjum Nr 1 im. Mikołaja Kopernika w Mławie 06-500 Mława ul. Sportowa 1;1206;294;294;12;282;24.38;4.08;1200;551;551;12;539;45.92;2.18
74797;141301;15;I Liceum Ogólnokształcące w Mławie 06-500 Mława ul. Wyspiańskiego 1;1216;246;246;8;238;20.23;3.25;1185;527;527;10;517;44.47;1.90
74798;141301;16;Szkoła Podstawowa Nr 6 im. Kornela Makuszyńskiego w Mławie 06-500 Mława ul. Żołnierzy 80 PP 4;1092;204;204;5;199;18.68;2.45;1094;554;554;20;534;50.64;3.61
74799;141301;17;Szkoła Podstawowa Nr 6 im. Kornela Makuszyńskiego w Mławie 06-500 Mława ul. Żołnierzy 80 PP 4;967;211;211;7;204;21.82;3.32;953;485;485;14;471;50.89;2.89
74800;141301;18;Miejski Ośrodek Pomocy Społecznej w Mławie 06-500 Mława ul. Narutowicza 6;1095;218;218;11;207;19.91;5.05;1083;551;553;15;536;50.88;2.72
74801;141301;19;Zespół Placówek Oświatowych Nr 1 Miejskie Przedszkole Samorządowe Nr 1 im. Marii Konopnickiej w Mławie 06-500 Mława ul. Warszawska 52;967;151;151;12;139;15.62;7.95;965;439;439;15;424;45.49;3.42
74802;141301;20;Zespół Placówek Oświatowych Nr 1 Szkoła Podstawowa Nr 1 im. Hugona Kołłątaja w Mławie 06-500 Mława ul. Warszawska 52;1124;207;208;6;201;18.42;2.90;1185;548;548;3;545;46.24;0.55
74803;141301;21;Urząd Miasta Mława 06-500 Mława ul. Stary Rynek 19;1194;261;261;9;252;21.86;3.45;1164;576;576;16;560;49.48;2.78
90678;141301;22;Samodzielny Publiczny Zakład Opieki Zdrowotnej w Mławie 06-500 Mława ul. Dobrskiej 1;105;19;19;1;18;18.10;5.26;81;17;17;1;16;20.99;5.88
74804;141302;1;Budynek po byłej Szkole Podstawowej 06-520 Nowe Brzozowo 25;551;54;54;3;51;9.80;5.56;545;207;207;11;196;37.98;5.31
74805;141302;2;Remiza OSP 06-520 Dobrogosty 4;323;37;37;1;36;11.46;2.70;318;123;123;6;117;38.68;4.88
74806;141302;3;Publiczne Gimnazjum 06-520 Dzierzgowo ul. Jagiellońska 21a;676;85;85;3;82;12.57;3.53;671;302;302;4;298;45.01;1.32
74807;141302;4;Szkoła Podstawowa 06-520 Dzierzgowo ul. Jagiellońska 21;617;50;50;2;48;8.10;4.00;597;186;186;7;179;31.16;3.76
74808;141302;5;Szkoła Podstawowa 06-520 Rzęgnowo 94;477;56;56;1;55;11.74;1.79;474;157;157;6;151;33.12;3.82
74809;141303;1;Gimnazjum w Lipowcu Kościelnym 06-545 Lipowiec Kościelny 212;1192;132;132;7;125;11.07;5.30;1187;449;449;14;435;37.83;3.12
74810;141303;2;Szkoła Podstawowa w Turzy Małej 06-545 Turza Mała 15;1065;95;95;2;93;8.92;2.11;1070;371;371;27;344;34.67;7.28
74811;141303;3;Szkoła Podstawowa w Zawadach 06-545 Zawady 60;857;120;120;2;118;14.00;1.67;856;308;308;11;297;35.98;3.57
74812;141303;4;Szkoła Podstawowa w Łomi 06-500 Łomia 109;780;100;100;7;93;12.82;7.00;801;282;282;8;274;35.21;2.84
74813;141304;1;Remiza Ochotniczej Straży Pożarnej w Gradzanowie Włościańskim 06-540 Gradzanowo Włościańskie 13;409;48;48;1;47;11.74;2.08;402;146;146;3;143;36.32;2.05
74814;141304;2;Remiza Ochotniczej Straży Pożarnej w Józefowie 06-540 Józefowo 25;178;46;46;2;44;25.84;4.35;179;84;84;2;82;46.93;2.38
74815;141304;3;Gminny Ośrodek Kultury w Radzanowie 06-540 Radzanów ul.Mławska 4;1551;229;229;10;219;14.76;4.37;1572;645;645;45;600;41.03;6.98
74816;141304;4;Szkoła Podstawowa we Wróblewie 06-540 Wróblewo 27;662;62;62;5;57;9.37;8.06;653;258;258;25;233;39.51;9.69
74817;141305;1;Centrum Kulturowo-Historyczne „Kantor Młyński” 06-445 Strzegowo ul. Ciechanowska 18A;993;166;166;5;161;16.72;3.01;978;369;369;15;354;37.73;4.07
74818;141305;2;Zespół Szkół Strzegowo 06-445 Strzegowo ul. Wyzwolenia 13;1345;181;181;7;174;13.46;3.87;1347;493;493;17;476;36.60;3.45
74819;141305;3;Gospodarstwo Rolne Witolda Rogowskiego 06-445 Giełczyn 5;473;43;43;0;43;9.09;0.00;463;179;179;12;167;38.66;6.70
74820;141305;4;Strażnica OSP 06-445 Unierzyż 27;650;74;74;3;71;11.38;4.05;642;233;233;9;224;36.29;3.86
74821;141305;5;Zespół Szkół 06-445 Niedzbórz 19;1630;139;139;8;131;8.53;5.76;1624;511;511;47;464;31.47;9.20
74822;141305;6;Szkoła Podstawowa 06-445 Dąbrowa 85;1290;168;168;8;160;13.02;4.76;1284;532;532;28;504;41.43;5.26
74823;141306;1;Budynek Gminy Stupsk 06-561 Stupsk ul. Henryka Sienkiewicza 10a;1678;195;195;6;189;11.62;3.08;1655;616;616;49;567;37.22;7.95
74824;141306;2;Budynek Gminy 06-560 Konopki ul. Kredytowa 4;1502;227;227;19;208;15.11;8.37;1481;649;649;47;602;43.82;7.24
74825;141306;3;Dom Strażaka 06-561 Dąbek 124;825;88;88;5;83;10.67;5.68;814;329;329;32;297;40.42;9.73
90679;141306;4;Krajowy Ośrodek Mieszkalno-Rehabilitacyjny dla Osób Chorych na SM 06-561 Dąbek 128;71;62;62;5;57;87.32;8.06;56;46;46;0;46;82.14;0.00
74826;141307;1;Zespół Placówek Oświatowych 06-550 Szreńsk ul. Budzyn 8;2147;296;296;13;283;13.79;4.39;2127;908;908;37;871;42.69;4.07
74827;141307;2;Szkoła Podstawowa 06-550 Miączyn Mały 24;661;72;72;3;69;10.89;4.17;660;216;216;6;210;32.73;2.78
74828;141307;3;Szkoła Podstawowa 06-550 Proszkowo 3;688;90;90;4;86;13.08;4.44;687;283;283;18;265;41.19;6.36
74829;141308;1;Szkoła Podstawowa im. 49 Pułku Piechoty w Szydłowie 06-516 Szydłowo ul. Szkolna 2;1492;210;210;11;199;14.08;5.24;1495;644;644;34;610;43.08;5.28
74830;141308;2;Szkoła Podstawowa w Nosarzewie Borowym im. Wojciecha Piechowskiego 06-516 Nosarzewo Borowe 34;1367;163;163;2;161;11.92;1.23;1355;614;614;43;571;45.31;7.00
74831;141308;3;Szkoła Podstawowa w Dębsku 06-516 Dębsk 104;859;105;105;10;95;12.22;9.52;862;365;365;22;343;42.34;6.03
74832;141309;1;Zespół Szkół w Wieczfni Kościelnej 06-513 Wieczfnia Kościelna 56C;1107;199;199;5;194;17.98;2.51;1085;506;506;18;488;46.64;3.56
74833;141309;2;Zespół Szkół w Wieczfni Kościelnej Szkoła Filialna w Grzebsku 06-513 Grzebsk 21;582;93;93;5;88;15.98;5.38;562;199;199;13;186;35.41;6.53
74834;141309;3;Szkoła Podstawowa w Uniszkach Zawadzkich 06-513 Uniszki Zawadzkie 24;1024;97;97;12;85;9.47;12.37;1020;348;348;17;331;34.12;4.89
74835;141309;4;Szkoła Podstawowa w Windykach 06-513 Windyki 20;534;74;74;1;73;13.86;1.35;536;222;222;6;216;41.42;2.70
74836;141310;1;Zespół Szkół w Wiśniewie 06-521 Wiśniewo 78;1051;145;145;3;142;13.80;2.07;1064;442;442;36;406;41.54;8.14
74837;141310;2;Szkoła Podstawowa w Starych Kosinach 06-521 Stare Kosiny 1;1102;118;118;6;112;10.71;5.08;1122;404;404;18;386;36.01;4.46
74838;141310;3;Szkoła Podstawowa w Bogurzynie 06-521 Bogurzyn 84;1240;136;136;7;129;10.97;5.15;1228;518;518;27;491;42.18;5.21
74839;141310;4;Świetlica Wiejska w Wojnówce 06-521 Wojnówka 3;794;85;85;6;79;10.71;7.06;781;268;268;7;261;34.31;2.61
74840;141401;1;Zespół Szkół Nr 1 Szkoła Podstawowa Nr 7 05-101 Nowy Dwór Mazowiecki ul. Młodzieżowa 1;1134;268;268;10;258;23.63;3.73;1090;616;616;12;604;56.51;1.95
74841;141401;2;Zespół Szkół Nr 1 Publiczne Gimnazjum Nr 2 05-101 Nowy Dwór Mazowiecki ul. Młodzieżowa 3;2361;619;619;19;600;26.22;3.07;2351;1436;1436;27;1409;61.08;1.88
74842;141401;3;Zespół Szkół Nr 1 Szkoła Podstawowa Nr 7 (sołówka) 05-101 Nowy Dwór Mazowiecki ul.Młodzieżowa 1;2113;569;569;26;543;26.93;4.57;2237;1322;1322;22;1300;59.10;1.66
74843;141401;4;Szkoła Podstawowa Nr 5 05-100 Nowy Dwór Mazowiecki ul. Chemików 1A;1877;394;394;9;385;20.99;2.28;1866;931;931;20;911;49.89;2.15
74844;141401;5;Liceum Ogólnokształcące 05-100 Nowy Dwór Mazowiecki ul.Chemików 1;1829;489;489;10;479;26.74;2.04;1777;1029;1029;16;1013;57.91;1.55
74845;141401;6;Zespół Szkół Nr 2 05-100 Nowy Dwór Mazowiecki ul. Długa 10;1237;241;241;8;233;19.48;3.32;1221;608;608;9;599;49.80;1.48
74846;141401;7;Urząd Miejski 05-100 Nowy Dwór Mazowiecki ul. Zakroczymska 30;1113;284;284;7;277;25.52;2.46;1124;605;605;8;597;53.83;1.32
74847;141401;8;Publiczne Gimnazjum Nr 1 05-100 Nowy Dwór Mazowiecki ul. Słowackiego 2;2188;476;476;9;467;21.76;1.89;2173;1161;1161;31;1130;53.43;2.67
74848;141401;9;Publiczne Przedszkole Nr 3 05-100 Nowy Dwór Mazowiecki ul. Bohaterów Modlina 26;1673;386;386;7;379;23.07;1.81;1664;787;787;18;769;47.30;2.29
74849;141401;10;Zespół Szkół 05-160 Nowy Dwór Mazowiecki ul. Bema 312;2213;482;482;18;464;21.78;3.73;2171;1129;1129;27;1102;52.00;2.39
74850;141401;11;Zespół Szkół (wejście od ul.29 Listopada) 05-160 Nowy Dwór Mazowiecki ul. Bema 227;2070;391;391;6;385;18.89;1.53;2014;993;993;16;977;49.30;1.61
74851;141401;12;Zespół Szkół Nr 3 05-102 Nowy Dwór Mazowiecki ul. Szkolna 3;2214;403;403;23;380;18.20;5.71;2232;1093;1093;24;1069;48.97;2.20
90680;141401;13;Szpital Powiatowy w Nowym Dworze Mazowieckim ( Nowodworskie Centrum Medyczne) 05-100 Nowy Dwór Mazowiecki ul. Miodowa 2;36;14;14;3;11;38.89;21.43;56;17;17;2;15;30.36;11.76
74852;141402;1;Zespół Szkół Publicznych w Cząstkowie Mazowieckim 05-152 Cząstków Mazowiecki 55;1185;379;379;10;369;31.98;2.64;1211;750;750;13;737;61.93;1.73
74853;141402;2;Zespół Szkół Publicznych w Małocicach 05-152 Małocice ul. Wojska Polskiego 76;1662;494;494;27;467;29.72;5.47;1725;980;980;28;952;56.81;2.86
74854;141402;3;Zespół Szkół Publicznych w Kazuniu Polskim 05-152 Kazuń Polski ul. Szkolna 2;1449;392;392;5;387;27.05;1.28;1471;873;873;16;857;59.35;1.83
74855;141402;4;Zespół Szkół Publicznych w Sowiej Woli 05-152 Sowia Wola ul. Szkolna 108;1201;286;286;10;276;23.81;3.50;1206;514;514;17;497;42.62;3.31
74856;141402;5;Zespół Szkół Publicznych w Łomnie 05-152 Łomna ul. Jana Kochanowskiego 89;1712;452;452;10;442;26.40;2.21;1790;1059;1059;19;1040;59.16;1.79
74857;141402;6;Szkoła Podstawowa w Kazuniu Nowym 05-152 Kazuń Nowy ul. Główna 6;731;207;207;9;198;28.32;4.35;748;400;400;15;385;53.48;3.75
74858;141403;1;Zespół Szkół w Górkach 05-155 Górki 67;457;87;87;7;80;19.04;8.05;450;211;211;11;200;46.89;5.21
74859;141403;2;Zespół Szkół w Leoncinie 05-155 Leoncin Isaaca Bashevisa Singera 3;1482;303;303;7;296;20.45;2.31;1481;782;782;25;757;52.80;3.20
74860;141403;3;Zespół Szkół w Głusku z siedzibą w Nowych Grochalach 05-155 Nowe Grochale 40;1358;257;257;5;252;18.92;1.95;1379;706;706;28;678;51.20;3.97
74861;141403;4;Strażnica Ochotniczej Straży Pożarnej w Wilkowie Polskim 05-155 Wilków Polski 54A;1248;216;216;11;205;17.31;5.09;1229;576;576;12;564;46.87;2.08
74862;141404;1;Liceum Ogólnokształcące 05-190 Nasielsk ul.Starzyńskiego 10;875;145;145;8;137;16.57;5.52;864;404;404;16;388;46.76;3.96
74863;141404;2;Liceum Ogólnokształcące 05-190 Nasielsk ul.Starzyńskiego 10;798;155;155;6;149;19.42;3.87;782;416;416;10;406;53.20;2.40
74864;141404;3;Hala Sportowa 05-190 Nasielsk ul. Staszica 1;1057;202;202;8;194;19.11;3.96;1067;517;517;13;504;48.45;2.51
74865;141404;4;Publiczne Gimnazjum Nr 1 05-190 Nasielsk ul. Staszica 1;1093;172;172;4;168;15.74;2.33;1069;511;511;19;492;47.80;3.72
74866;141404;5;Zespół Szkół Zawodowych 05-190 Nasielsk ul.Lipowa 10;1164;160;160;1;159;13.75;0.62;1145;466;466;17;449;40.70;3.65
74867;141404;6;Szkoła Podstawowa 05-190 Nasielsk ul. Tadeusza Kościuszki 21;1050;171;171;5;166;16.29;2.92;1047;494;494;18;476;47.18;3.64
74868;141404;7;Zespół Szkół Nr 2 05-191 Stare Pieścirogi ul. Kolejowa 65;1151;175;175;4;171;15.20;2.29;1166;570;570;18;552;48.89;3.16
74869;141404;8;Zespół Szkół Nr 2 05-191 Stare Pieścirogi ul.Kolejowa 65;1273;173;173;13;160;13.59;7.51;1279;513;513;18;495;40.11;3.51
74870;141404;9;Zespół Szkół Zawodowych 05-190 Nasielsk ul. Lipowa 10;1159;101;101;8;93;8.71;7.92;1142;371;371;14;357;32.49;3.77
74871;141404;10;Szkoła Podstawowa 05-190 Popowo Borowe;980;92;92;0;92;9.39;0.00;973;381;381;13;368;39.16;3.41
74872;141404;11;Szkoła Podstawowa 05-190 Budy Siennickie;1140;166;166;4;162;14.56;2.41;1144;503;503;12;491;43.97;2.39
74873;141404;12;Remiza Ochotniczej Straży Pożarnej 05-190 Nuna;689;91;91;6;85;13.21;6.59;713;281;281;13;268;39.41;4.63
74874;141404;13;Ośrodek Zdrowia 05-191 Stare Pieścirogi ul. Sikorskiego 1;961;116;116;3;113;12.07;2.59;940;403;403;19;384;42.87;4.71
74875;141404;14;Szkoła Podstawowa 05-191 Dębinki;1042;106;106;4;102;10.17;3.77;1052;424;424;18;406;40.30;4.25
74876;141404;15;Zespół Szkół Nr 3 05-192 Cieksyn ul. Marszałka Józefa Piłsudskiego 43;1286;152;152;11;141;11.82;7.24;1273;487;487;29;458;38.26;5.95
90681;141404;16;Dom Pomocy Społecznej w Nasielsku 05-190 Nasielsk ul. Tadeusza Kościuszki 25;72;36;36;3;33;50.00;8.33;72;38;38;6;32;52.78;15.79
74877;141405;1;Hala Sportowa w Pomiechówku 05-180 Pomiechówek Szkolna 3 lokal: Wejście A;934;224;224;1;223;23.98;0.45;954;563;563;19;544;59.01;3.37
74878;141405;2;Hala Sportowa w Pomiechówku 05-180 Pomiechówek Szkolna 3 lokal: Wejście B;990;259;259;4;255;26.16;1.54;1005;626;626;9;617;62.29;1.44
74879;141405;3;Gminny Ośrodek Kultury w Pomiechówku 05-180 Pomiechówek Jana Kilińskiego 1;1603;345;345;13;332;21.52;3.77;1594;837;837;28;809;52.51;3.35
74880;141405;4;Klub wiejski w Kosewie 05-180 Kosewo;1154;144;144;4;140;12.48;2.78;1152;482;482;10;472;41.84;2.07
74881;141405;5;Klub wiejski w Czarnowie 05-180 Czarnowo;475;85;85;3;82;17.89;3.53;478;258;258;11;247;53.97;4.26
74882;141405;6;Szkoła Podstawowa w Starym Orzechowie 05-180 Stare Orzechowo;505;82;82;2;80;16.24;2.44;496;242;242;8;234;48.79;3.31
74883;141405;7;Szkoła Podstawowa w Goławicach Pierwszych 05-180 Goławice Pierwsze;1085;166;166;5;161;15.30;3.01;1151;553;553;18;535;48.05;3.25
74884;141405;8;Klub wiejski w Szczypiornie 05-180 Szczypiorno;461;82;82;3;79;17.79;3.66;468;252;252;4;248;53.85;1.59
74885;141406;1;Szkoła Podstawowa 05-170 Zakroczym ul. o.Honorata Koźmińskiego 63;1380;257;257;11;246;18.62;4.28;1390;655;655;21;634;47.12;3.21
74886;141406;2;Szkoła Podstawowa 05-170 Zakroczym ul. o.Honorata Koźmińskiego 63;1216;203;203;8;195;16.69;3.94;1257;552;552;22;530;43.91;3.99
74887;141406;3;Szkoła Podstawowa 05-180 Wojszczyce;658;117;117;3;114;17.78;2.56;673;244;244;5;239;36.26;2.05
74888;141406;4;Remiza Strażacka 05-170 Trębki Nowe;1014;126;126;4;122;12.43;3.17;1018;367;367;14;353;36.05;3.81
74889;141406;5;Szkoła Podstawowa 05-170 Emolinek;779;87;87;3;84;11.17;3.45;778;233;233;13;220;29.95;5.58
74890;141501;1;Zespół Szkół Gminnych 06-320 Baranowo Niepodległości 27A;1410;266;266;11;255;18.87;4.14;1396;651;651;18;633;46.63;2.76
74891;141501;2;Szkoła Podstawowa 06-320 Jastrząbka 33;587;111;111;2;109;18.91;1.80;586;218;218;7;211;37.20;3.21
74892;141501;3;Budynek Szkoły 06-320 Cierpięta 22;635;69;69;5;64;10.87;7.25;618;226;226;12;214;36.57;5.31
74893;141501;4;Remiza Strażacka 06-320 Brodowe Łąki 30;1156;179;179;6;173;15.48;3.35;1134;390;390;20;370;34.39;5.13
74894;141501;5;Szkoła Podstawowa Bakuła - Ziomek 06-320 Ziomek 1;452;69;69;4;65;15.27;5.80;453;168;168;11;157;37.09;6.55
74895;141501;6;Zespół Szkół Powiatowych 06-320 Baranowo Niepodległości 27;1165;98;98;3;95;8.41;3.06;1156;364;364;13;351;31.49;3.57
74896;141502;1;Szkoła Podstawowa 07-431 Czarnia 42;706;118;118;7;111;16.71;5.93;705;240;240;7;233;34.04;2.92
74897;141502;2;Remizo-Świetlica 07-431 Bandysie 33a;287;55;55;3;52;19.16;5.45;283;83;83;2;81;29.33;2.41
74898;141502;3;Szkoła Podstawowa 07-431 Długie 13;226;56;56;5;51;24.78;8.93;221;92;92;7;85;41.63;7.61
74899;141502;4;Szkoła Podstawowa 07-431 Surowe 194;818;108;108;1;107;13.20;0.93;803;303;303;13;290;37.73;4.29
74900;141503;1;Szkoła Podstawowa 07-407 Czerwin ul. Szkolna 5;1686;391;391;13;378;23.19;3.32;1700;805;805;20;785;47.35;2.48
74901;141503;2;Szkoła Podstawowa 07-407 Jarnuty 46;263;26;26;2;24;9.89;7.69;253;76;76;3;73;30.04;3.95
74902;141503;3;Remiza OSP 07-407 Suchcice ul. Zadworska 2;216;32;32;0;32;14.81;0.00;208;89;89;1;88;42.79;1.12
74903;141503;4;Szkoła Podstawowa 07-407 Laski Szlacheckie 35A;529;66;66;2;64;12.48;3.03;523;227;227;10;217;43.40;4.41
74904;141503;5;Szkoła Podstawowa 07-407 Piski ul. Juliusza Słowackiego 22;912;141;141;4;137;15.46;2.84;922;387;387;20;367;41.97;5.17
74905;141503;6;Szkoła Podstawowa 07-407 Malinowo Nowe 14;249;27;27;0;27;10.84;0.00;242;116;116;5;111;47.93;4.31
74906;141503;7;Szkoła Podstawowa 07-407 Gocły 39;330;50;50;1;49;15.15;2.00;334;126;126;2;124;37.72;1.59
74907;141504;1;Zespół Szkół Nr 1 Goworowo 07-440 Goworówek 43a;1741;232;232;12;220;13.33;5.17;1720;698;698;27;671;40.58;3.87
74908;141504;2;Gminny Ośrodek Kultury,Sportu i Rekreacji 07-440 Goworowo ul. Szkolna 16a;1327;154;154;4;150;11.61;2.60;1318;450;450;24;426;34.14;5.33
74909;141504;3;Szkoła Podstawowa 07-440 Pasieki ul. Szkolna 2;930;116;116;6;110;12.47;5.17;922;305;305;21;284;33.08;6.89
74910;141504;4;Szkoła Podstawowa 07-440 Kunin 22a;910;94;94;3;91;10.33;3.19;912;370;370;21;349;40.57;5.68
74911;141504;5;Budynek byłej Szkoły Podstawowej Kruszewo 07-440 Jawory-Wielkopole 35a;503;85;85;7;78;16.90;8.24;496;192;192;11;181;38.71;5.73
74912;141504;6;Filia Gminnej Biblioteki Publicznej 07-440 Żabin 100;780;112;112;2;110;14.36;1.79;792;292;292;12;280;36.87;4.11
74913;141504;7;Świetlica Wiejska 07-440 Brzeźno 37a;430;50;50;2;48;11.63;4.00;421;158;158;9;149;37.53;5.70
74914;141504;8;Ośrodek Edukacji Regionalnej 07-440 Lipianka 37a;355;51;51;4;47;14.37;7.84;357;146;146;4;142;40.90;2.74
74915;141505;1;Zespół Placówek Oświatowych (świetlica szkolna) 07-420 Kadzidło ul. Kościuszki 13;506;126;126;6;120;24.90;4.76;511;264;264;6;258;51.66;2.27
74916;141505;2;Publiczne Gimnazjum (sala gimnastyczna) 07-420 Kadzidło ul. Kościuszki 13;563;121;121;5;116;21.49;4.13;554;250;250;2;248;45.13;0.80
74917;141505;3;Zespół Placówek Oświatowych (sala lekcyjna) 07-420 Kadzidło ul. Kościuszki 13;602;120;120;3;117;19.93;2.50;609;295;295;6;289;48.44;2.03
74918;141505;4;Zespół Placówek Oświatowych (sala lekcyjna) 07-420 Kadzidło ul. Kościuszki 13;507;83;83;7;76;16.37;8.43;504;237;237;10;227;47.02;4.22
74919;141505;5;Zespół Placówek Oświatowych (sala lekcyjna) 07-420 Kadzidło ul. Kościuszki 13;733;158;158;5;153;21.56;3.16;731;407;407;5;402;55.68;1.23
74920;141505;6;Publiczne Gimnazjum (sala lekcyjna) 07-420 Kadzidło Kościuszki 13;484;98;98;3;95;20.25;3.06;494;238;238;7;231;48.18;2.94
74921;141505;7;Publiczne Gimnazjum (sala lekcyjna) 07-420 Kadzidło Kościuszki 13;770;87;87;3;84;11.30;3.45;766;317;317;21;296;41.38;6.62
74922;141505;8;Zespół Placówek Oświatowych (świetlica szkolna) 07-420 Dylewo Szkolna 1;784;90;90;2;88;11.48;2.22;744;286;286;10;276;38.44;3.50
74923;141505;9;Zespół Placówek Oświatowych (sala lekcyjna) 07-420 Dylewo Szkolna 1;501;93;93;0;93;18.56;0.00;528;245;245;6;239;46.40;2.45
74924;141505;10;Zespół Szkół 07-420 Chudek 36;498;80;80;2;78;16.06;2.50;513;223;223;12;211;43.47;5.38
74925;141505;11;Szkoła Podstawowa 07-420 Gleba 37B;497;62;62;0;62;12.47;0.00;497;170;170;3;167;34.21;1.76
74926;141505;12;Świetlica Wiejska 07-420 Strzałki 15;484;50;50;0;50;10.33;0.00;490;188;188;5;183;38.37;2.66
74927;141505;13;Zespół Szkół (sala lekcyjna) 07-420 Wach 96;826;58;58;5;53;7.02;8.62;827;250;250;9;241;30.23;3.60
74928;141505;14;Szkoła Podstawowa 07-420 Jazgarka 54;587;62;62;10;52;10.56;16.13;575;184;184;18;166;32.00;9.78
74929;141505;15;Szkoła Podstawowa 07-420 Czarnia 67;505;108;108;3;105;21.39;2.78;504;224;224;16;208;44.44;7.14
74930;141506;1;Gminny Ośrodek Kulturalno-Oświatowy 07-402 Lelis ul. Szkolna 48;1660;284;284;7;277;17.11;2.46;1693;788;788;43;745;46.54;5.46
74931;141506;2;Szkoła Podstawowa 07-402 Nasiadki 37;585;115;115;4;111;19.66;3.48;599;287;287;16;271;47.91;5.57
74932;141506;3;Szkoła Podstawowa 07-402 Olszewka 24a;622;108;108;9;99;17.36;8.33;637;297;297;12;285;46.62;4.04
74933;141506;4;Szkoła Podstawowa 07-402 Łęg Przedmiejski 80;1221;206;206;0;206;16.87;0.00;1247;573;573;25;548;45.95;4.36
74934;141506;5;Szkoła Podstawowa 07-402 Dąbrówka 55;776;131;131;7;124;16.88;5.34;774;336;336;21;315;43.41;6.25
74935;141506;6;Szkoła Podstawowa 07-402 Łęg Starościński 23;566;77;77;2;75;13.60;2.60;578;247;247;6;241;42.73;2.43
74936;141506;7;Szkoła Podstawowa 07-402 Obierwia 120;699;154;154;6;148;22.03;3.90;703;351;351;10;341;49.93;2.85
74937;141506;8;Szkoła Podstawowa 07-402 Białobiel ul. Szkolna 1;888;182;182;1;181;20.50;0.55;952;544;544;7;537;57.14;1.29
74938;141507;1;Szkoła Podstawowa 07-438 Łączki 103;397;35;35;0;35;8.82;0.00;398;120;120;5;115;30.15;4.17
74939;141507;2;Szkoła Podstawowa 07-438 Warmiak 16;415;45;45;7;38;10.84;15.56;412;146;146;9;137;35.44;6.16
74940;141507;3;Zespół Szkół 07-438 Zalas 1;827;104;104;5;99;12.58;4.81;821;325;325;8;317;39.59;2.46
74941;141507;4;Gminny Ośrodek Kultury Sportu i Rekreacji 07-437 Łyse ul. Kościelna 19;1275;153;153;5;148;12.00;3.27;1261;422;422;15;407;33.47;3.55
74942;141507;5;Zespół Szkół 07-437 Łyse ul.Szkolna 1;1850;230;230;5;225;12.43;2.17;1835;663;663;24;639;36.13;3.62
74943;141507;6;Zespół Szkół 07-436 Lipniki ul.Ks.kan.E.Sierbińskiego 30;886;130;130;1;129;14.67;0.77;868;319;319;5;314;36.75;1.57
74944;141507;7;Szkoła Podstawowa 07-436 Szafranki 33;526;71;71;3;68;13.50;4.23;514;179;179;12;167;34.82;6.70
74945;141507;8;Świetlica wiejska 07-436 Baba 56A;411;55;55;4;51;13.38;7.27;391;132;132;3;129;33.76;2.27
74946;141508;1;Zespół Szkół Powiatowych 07-430 Myszyniec ul. Dzieci Polskich 5;1309;242;242;8;234;18.49;3.31;1294;548;548;26;522;42.35;4.74
74947;141508;2;Przedszkole Samorządowe 07-430 Myszyniec ul. Dzieci Polskich 1;1311;275;275;8;267;20.98;2.91;1337;642;642;19;623;48.02;2.96
74948;141508;3;Budynek po Szkole Podstawowej 07-430 Myszyniec Stary 105;675;114;114;10;104;16.89;8.77;680;286;286;14;272;42.06;4.90
74949;141508;4;Szkoła Podstawowa 07-430 Pełty 37;498;83;83;2;81;16.67;2.41;503;196;196;15;181;38.97;7.65
74950;141508;5;Publiczna Szkoła Podstawowa 07-430 Białusny Lasek 19;396;48;48;1;47;12.12;2.08;394;154;154;11;143;39.09;7.14
74951;141508;6;Publiczna Szkoła Podstawowa 07-430 Wydmusy 117A;762;125;125;5;120;16.40;4.00;762;307;307;25;282;40.29;8.14
74952;141508;7;Zespół Szkół 07-430 Wykrot 21A;681;112;112;5;107;16.45;4.46;669;279;279;11;268;41.70;3.94
74953;141508;8;Zespół Szkół 07-430 Wolkowe 1;830;64;64;2;62;7.71;3.12;824;248;248;25;223;30.10;10.08
74954;141508;9;Publiczna Szkoła Podstawowa 07-430 Olszyny 34;384;34;34;0;34;8.85;0.00;387;130;130;13;117;33.59;10.00
74955;141508;10;Budynek po Szkole Podstawowej 07-430 Cięćk 45;193;29;29;0;29;15.03;0.00;183;77;77;2;75;42.08;2.60
74956;141508;11;Świetlica Wiejska 07-430 Niedźwiedź 2;169;40;40;2;38;23.67;5.00;168;62;62;1;61;36.90;1.61
74957;141508;12;Publiczna Szkoła Podstawowa 07-430 Krysiaki 29;299;20;20;1;19;6.69;5.00;294;89;89;8;81;30.27;8.99
74958;141508;13;Szkoła Podstawowa 07-430 Zdunek 31;380;47;47;2;45;12.37;4.26;362;140;140;8;132;38.67;5.71
74959;141508;14;Publiczna Szkoła Podstawowa 07-430 Zalesie 36A;412;73;73;4;69;17.72;5.48;410;173;173;11;162;42.20;6.36
74960;141509;1;Szkoła Podstawowa im.Wł.Broniewskiego w Olszewie-Borkach 07-415 Olszewo-Borki ul. Broniewskiego 17;1627;405;405;8;397;24.89;1.98;1614;925;925;21;904;57.31;2.27
74961;141509;2;Gimnazjum im.Papieża Jana Pawła II w Olszewie-Borkach 07-415 Olszewo-Borki ul. Dojazdowa 14A;1652;285;285;6;279;17.25;2.11;1670;805;805;7;798;48.20;0.87
74962;141509;3;Szkoła Podstawowa w Nowej Wsi 07-416 Nowa Wieś ul. Szkolna 1;1672;243;243;4;239;14.53;1.65;1671;647;647;29;618;38.72;4.48
74963;141509;4;Szkoła Podstawowa w Przystani 07-416 Przystań 33;475;57;57;2;55;12.00;3.51;465;182;182;1;181;39.14;0.55
74964;141509;5;Szkoła Podstawowa w Grabówku 07-416 Grabówek 20;416;40;40;3;37;9.62;7.50;403;110;110;7;103;27.30;6.36
74965;141509;6;Szkoła Podstawowa im.J.Korczaka w Antoniach 07-410 Antonie ul. Szkolna 6;1635;290;290;10;280;17.74;3.45;1681;841;841;14;827;50.03;1.66
74966;141509;7;Remiza Ochotniczej Straży Pożarnej 07-415 Dobrołęka 29;525;143;143;7;136;27.24;4.90;529;303;303;15;288;57.28;4.95
74967;141510;1;Remiza OSP w Rzekuniu 07-411 Rzekuń ul. Kościuszki 44;2143;502;502;22;480;23.43;4.38;2172;1201;1201;26;1175;55.29;2.16
74968;141510;2;Gimnazjum im. Marszałka J. Piłsudskiego w Rzekuniu 07-411 Rzekuń ul. Szkolna 1;1605;359;359;9;350;22.37;2.51;1669;862;862;24;838;51.65;2.78
74969;141510;3;Szkoła Podstawowa im. Orła Białego w Borawem 07-411 Borawe 107;1075;167;167;14;153;15.53;8.38;1080;452;452;22;430;41.85;4.87
74970;141510;4;Szkoła Podstawowa im. Mieczysława Czychowskiego w Dzbeninie 07-410 Dzbenin 6a;636;147;147;3;144;23.11;2.04;674;385;385;7;378;57.12;1.82
74971;141510;5;Zespół Szkół w Ołdakach 07-411 Ołdaki 8a;1356;241;241;8;233;17.77;3.32;1371;606;606;14;592;44.20;2.31
74972;141510;6;Szkoła Podstawowa im. ks. Antoniego Pęksy w Laskowcu 07-401 Laskowiec ul. Długa 90;1104;210;210;8;202;19.02;3.81;1114;513;513;9;504;46.05;1.75
90682;141510;7;Zakład Karny w Przytułach Starych 07-411 Przytuły Stare 13a;688;114;114;7;107;16.57;6.14;641;195;195;32;163;30.42;16.41
74973;141511;1;Gimnazjum 07-405 Troszyn ul. Gajowa 1;1119;206;206;3;203;18.41;1.46;1075;469;469;14;455;43.63;2.99
74974;141511;2;Szkoła Podstawowa 07-405 Łątczyn 69A;293;54;54;0;54;18.43;0.00;287;117;117;6;111;40.77;5.13
74975;141511;3;Świetlica Wiejska 07-405 Milewo Wielkie 15;480;69;69;3;66;14.37;4.35;475;231;231;1;230;48.63;0.43
74976;141511;4;Szkoła Podstawowa 07-405 Kleczkowo ul. Bielawska 2;806;102;102;3;99;12.66;2.94;784;346;346;14;332;44.13;4.05
74977;141511;5;Świetlica Wiejska 07-405 Opęchowo ul. Adama Mickiewicza 5;540;87;87;4;83;16.11;4.60;524;229;229;10;219;43.70;4.37
74978;141511;6;Centrum Kultury 07-405 Troszyn ul. Szkolna 6;762;213;213;8;205;27.95;3.76;754;409;409;14;395;54.24;3.42
74979;141601;1;Liga Obrony Kraju 07-300 Ostrów Mazowiecka ul. Różańska 5;1741;380;380;6;374;21.83;1.58;1749;951;951;24;927;54.37;2.52
74980;141601;2;Szkoła Podstawowa Nr 1 07-300 Ostrów Mazowiecka ul. Partyzantów 39;1859;326;326;6;320;17.54;1.84;1832;881;881;18;863;48.09;2.04
74981;141601;3;Szkoła Podstawowa nr 1 07-300 Ostrów Mazowiecka ul. Partyzantów 39;969;139;139;3;136;14.34;2.16;974;422;422;6;416;43.33;1.42
74982;141601;4;Miejskie Przedszkole Nr 2 07-300 Ostrów Mazowiecka ul. Zwycięstwa 2;1715;411;411;10;401;23.97;2.43;1725;952;952;5;947;55.19;0.53
74983;141601;5;Centrum Integracji Społecznej 07-300 Ostrów Mazowiecka ul. Chopina 2b;1716;270;270;3;267;15.73;1.11;1712;734;734;13;721;42.87;1.77
74984;141601;6;Zespół Szkół Nr 2 07-300 Ostrów Mazowiecka ul. Tadeusza Kościuszki 8;898;239;239;8;231;26.61;3.35;878;453;453;2;451;51.59;0.44
74985;141601;7;Zespół Szkół Publicznych Nr 1 07-300 Ostrów Mazowiecka ul. Grota Roweckiego 6;779;140;140;3;137;17.97;2.14;798;376;376;6;370;47.12;1.60
74986;141601;8;Zespół Szkół Publicznych Nr 1 07-300 Ostrów Mazowiecka ul. Grota Roweckiego 6;1798;338;338;14;324;18.80;4.14;1771;793;793;19;774;44.78;2.40
74987;141601;9;Zespół Szkół Publicznych Nr 2 07-300 Ostrów Mazowiecka ul. Szkoły Podchorążych Piechoty 1;1698;216;216;3;213;12.72;1.39;1733;720;720;20;700;41.55;2.78
74988;141601;10;Szkoła Podstawowa Nr 3 07-300 Ostrów Mazowiecka Widnichowska 4;1711;422;422;10;412;24.66;2.37;1653;853;853;9;844;51.60;1.06
74989;141601;11;Szkoła Podstawowa Nr 3 07-300 Ostrów Mazowiecka Widnichowska 4;1682;366;366;5;361;21.76;1.37;1679;902;902;16;886;53.72;1.77
74990;141601;12;Liceum Ogólnokształcące 07-300 Ostrów Mazowiecka ul. Kościuszki 36;1769;403;403;11;392;22.78;2.73;1715;852;852;16;836;49.68;1.88
90683;141601;13;Samodzielny Publiczny Zespół Zakładów Opieki Zdrowotnej 07-300 Ostrów Mazowiecka Dubois 68;125;20;20;0;20;16.00;0.00;119;64;64;1;63;53.78;1.56
74991;141602;1;Gminne Gimnazjum 07-305 Andrzejewo ul. Srebińska 12a;1011;234;234;8;226;23.15;3.42;988;544;544;9;535;55.06;1.65
74992;141602;2;Szkoła Podstawowa 07-305 Andrzejewo ul. Warszawska 4;949;182;182;0;182;19.18;0.00;926;469;469;5;464;50.65;1.07
74993;141602;3;Szkoła Podstawowa 07-305 Stara Ruskołęka 40a;1152;232;232;2;230;20.14;0.86;1119;485;485;11;474;43.34;2.27
74994;141602;4;Świetlica Wiejska 07-305 Zaręby-Warchoły 27B;471;70;70;0;70;14.86;0.00;473;247;247;8;239;52.22;3.24
74995;141603;1;Gminny Ośrodek Kultury i Sportu 07-325 Boguty-Pianki ul. Pawła Olszewskiego 2;982;242;242;0;242;24.64;0.00;962;524;524;10;514;54.47;1.91
74996;141603;2;Szkoła Podstawowa 07-325 Białe-Szczepanowice 10;401;68;68;0;68;16.96;0.00;388;190;190;2;188;48.97;1.05
74997;141603;3;Szkoła Podstawowa 07-325 Kutyłowo-Perysie 46;269;55;55;1;54;20.45;1.82;261;117;117;2;115;44.83;1.71
74998;141603;4;Szkoła Podstawowa 07-325 Tymianki-Bucie 18;339;86;86;2;84;25.37;2.33;330;186;186;2;184;56.36;1.08
74999;141603;5;Szkoła Podstawowa 07-325 Zawisty, Zawisty-Dworaki 58;270;48;48;1;47;17.78;2.08;266;142;142;2;140;53.38;1.41
75000;141604;1;Zespół Publicznych Placówek Oświatowych 07-306 Brok ul. Jana Pawła II nr 50;922;180;180;5;175;19.52;2.78;916;444;444;18;426;48.47;4.05
75001;141604;2;Szkoła Podstawowa 07-306 Kaczkowo Stare 86;412;96;96;1;95;23.30;1.04;411;195;195;11;184;47.45;5.64
75002;141604;3;Zespół Publicznych Placówek Oświatowych 07-306 Brok ul. Jana Pawła II nr 50;1040;189;189;1;188;18.17;0.53;1016;507;507;9;498;49.90;1.78
75003;141605;1;Zespół Szkół Gminnych 07-320 Małkinia Górna ul. Ostrowska 58;1135;202;202;4;198;17.80;1.98;1130;536;536;17;519;47.43;3.17
75004;141605;2;Zespół Szkół 07-320 Małkinia Górna ul. Nurska 150;907;184;184;5;179;20.29;2.72;885;408;408;14;394;46.10;3.43
75005;141605;3;Przedszkole Samorządowe 07-320 Małkinia Górna ul. Przedszkolna 2;927;180;180;3;177;19.42;1.67;909;403;403;6;397;44.33;1.49
75006;141605;4;Gminny Ośrodek Kultury i Sportu 07-320 Małkinia Górna ul. Przedszkolna 3;1051;171;171;2;169;16.27;1.17;1005;465;465;7;458;46.27;1.51
75007;141605;5;Szkoła Podstawowa Nr 2 07-320 Małkinia Górna ul. Leśna 15;623;162;162;1;161;26.00;0.62;616;364;364;4;360;59.09;1.10
75008;141605;6;Szkoła Podstawowa 07-319 Kiełczew ul. Prymasa Tysiąclecia 49;581;103;103;2;101;17.73;1.94;575;253;253;8;245;44.00;3.16
75009;141605;7;Zespół Szkół Gminnych 07-319 Prostyń 60;643;106;106;5;101;16.49;4.72;629;288;288;13;275;45.79;4.51
75010;141605;8;Świetlica 07-319 Grądy 24A;557;98;98;3;95;17.59;3.06;555;259;259;10;249;46.67;3.86
75011;141605;9;Szkoła Podstawowa 07-320 Kańkowo 58;675;106;106;1;105;15.70;0.94;674;288;288;11;277;42.73;3.82
75012;141605;10;Remiza Ochotniczej Straży Pożarnej 07-320 Rostki Wielkie 27A;644;153;153;5;148;23.76;3.27;637;330;330;8;322;51.81;2.42
75013;141605;11;Remiza Ochotniczej Straży Pożarnej 07-320 Daniłówka Pierwsza 129;664;95;95;4;91;14.31;4.21;650;264;264;9;255;40.62;3.41
75014;141605;12;Szkoła Podstawowa 07-320 Orło 11;658;118;118;2;116;17.93;1.69;677;304;304;18;286;44.90;5.92
75015;141605;13;Szkoła Podstawowa 07-320 Glina 83;742;102;102;3;99;13.75;2.94;738;356;356;24;332;48.24;6.74
75016;141606;1;Gminny Ośrodek Kultury 07-322 Nur ul. Drohiczyńska 2;1368;301;301;16;285;22.00;5.32;1349;643;643;15;628;47.66;2.33
75017;141606;2;Świetlica Wiejska 07-322 Godlewo-Warsze;334;59;59;2;57;17.66;3.39;330;144;144;2;142;43.64;1.39
75018;141606;3;Świetlica Wiejska 07-322 Murawskie Nadbużne;525;109;109;2;107;20.76;1.83;496;263;263;8;255;53.02;3.04
75019;141606;4;Świetlica Wiejska 07-322 Zuzela;324;78;78;4;74;24.07;5.13;313;155;155;5;150;49.52;3.23
75020;141607;1;Publiczna Szkoła Podstawowa 07-308 Dybki 18;610;95;95;3;92;15.57;3.16;616;253;253;11;242;41.07;4.35
75021;141607;2;Publiczna Szkoła Podstawowa 07-308 Nowa Osuchowa ul. Szkolna 50;464;115;115;9;106;24.78;7.83;459;226;226;8;218;49.24;3.54
75022;141607;3;Publiczna Szkoła Podstawowa 07-300 Nagoszewka Druga 89;727;141;141;8;133;19.39;5.67;738;343;343;9;334;46.48;2.62
75023;141607;4;Publiczna Szkoła Podstawowa 07-300 Koziki 2;617;94;94;1;93;15.24;1.06;629;261;261;6;255;41.49;2.30
75024;141607;5;Zespół Szkół Publicznych 07-310 Komorowo ul. Mazowiecka 81;776;171;171;5;166;22.04;2.92;781;369;369;3;366;47.25;0.81
75025;141607;6;Zespół Szkół Publicznych 07-310 Komorowo ul. Mazowiecka 81;768;123;123;3;120;16.02;2.44;762;311;311;12;299;40.81;3.86
75026;141607;7;Zespół Szkół Publicznych 07-302 Jelonki 16;762;74;74;1;73;9.71;1.35;766;302;302;9;293;39.43;2.98
75027;141607;8;Publiczna Szkoła Podstawowa 07-300 Stare Lubiejewo ul. Szkolna 15;767;117;117;0;117;15.25;0.00;754;323;323;6;317;42.84;1.86
75028;141607;9;Świetlica Wiejska 07-304 Prosienica 63;539;92;92;3;89;17.07;3.26;537;226;226;5;221;42.09;2.21
75029;141607;10;Publiczna Szkoła Podstawowa 07-304 Kalinowo 90;713;106;106;3;103;14.87;2.83;720;288;288;2;286;40.00;0.69
75030;141607;11;Publiczna Szkoła Podstawowa 07-304 Jasienica ul. Pawła Jasienicy 23;521;68;68;4;64;13.05;5.88;518;217;217;5;212;41.89;2.30
75031;141607;12;Świetlica Wiejska 07-304 Nieskórz 27;622;83;83;1;82;13.34;1.20;633;244;244;7;237;38.55;2.87
75032;141607;13;Publiczna Szkoła Podstawowa 07-300 Ugniewo ul. Szkolna 28;737;124;124;3;121;16.82;2.42;740;324;324;9;315;43.78;2.78
75033;141607;14;Publiczna Szkoła Podstawowa 07-300 Dudy 19;791;109;109;1;108;13.78;0.92;792;305;305;7;298;38.51;2.30
75034;141607;15;Przedszkole Samorządowe 07-310 Komorowo ul. Płk Dypl. Ludwika Bociańskiego 2;667;150;150;12;138;22.49;8.00;661;320;320;5;315;48.41;1.56
75035;141608;1;Szkoła Podstawowa 07-303 Stary Lubotyń 7;1319;223;223;6;217;16.91;2.69;1299;560;560;23;537;43.11;4.11
75036;141608;2;Szkoła Podstawowa 07-303 Gniazdowo 23;336;43;43;1;42;12.80;2.33;342;168;168;3;165;49.12;1.79
75037;141608;3;Szkoła Podstawowa 07-303 Sulęcin Szlachecki 73;495;63;63;3;60;12.73;4.76;491;207;207;6;201;42.16;2.90
75038;141608;4;Szkoła Podstawowa 07-303 Podbiele 43b;517;100;100;1;99;19.34;1.00;504;271;271;16;255;53.77;5.90
75039;141608;5;Remiza OSP 07-303 Rząśnik 47a;196;34;34;0;34;17.35;0.00;186;88;88;6;82;47.31;6.82
75040;141608;6;Remiza OSP 07-303 Koskowo 23;201;29;29;2;27;14.43;6.90;203;65;65;1;64;32.02;1.54
75041;141609;1;Budynek Zespołu Szkół (budynek szkoły podstawowej) 07 - 324 Szulborze Wielkie ul. Szarych Szeregów 1;790;290;290;10;280;36.71;3.45;780;389;389;14;375;49.87;3.60
75042;141609;2;Budynek Zespołu Szkół (budynek publicznego gimnazjum) 07 - 324 Szulborze Wielkie ul. Szarych Szeregów 1;722;199;199;12;187;27.56;6.03;700;325;325;9;316;46.43;2.77
75043;141610;1;Gminne Centrum Sportu i Rekreacji - hala sportowa w Wąsewie 07-311 Wąsewo ul. Armii Krajowej 6;1508;397;397;13;384;26.33;3.27;1468;834;834;24;810;56.81;2.88
75044;141610;2;Publiczna Szkoła Podstawowa w Brudkach Starych 07-311 Brudki Stare;523;113;113;11;102;21.61;9.73;512;234;234;11;223;45.70;4.70
75045;141610;3;Publiczna Szkoła Podstawowa w Rząśniku Włościańskim 07-311 Rząśnik Włościański;925;180;180;8;172;19.46;4.44;898;424;424;11;413;47.22;2.59
75046;141610;4;Budynek Szkoły Podstawowej w Trynosach-Osiedle 07-311 Trynosy-Osiedle;690;136;136;11;125;19.71;8.09;683;345;345;13;332;50.51;3.77
75047;141611;1;Publiczna Szkoła Podstawowa 07-323 Zaręby Kościelne ul. Farna 20;1057;222;222;4;218;21.00;1.80;1068;488;488;11;477;45.69;2.25
75048;141611;2;Budynek Komunalny po Publicznej Szkole Podstawowej 07-323 Zakrzewo-Kopijki;776;115;115;7;108;14.82;6.09;773;327;327;12;315;42.30;3.67
75049;141611;3;Budynek Ośrodka Zdrowia 07-323 Zaręby Kościelne ul. Kowalska 16A;1206;300;300;8;292;24.88;2.67;1192;604;604;11;593;50.67;1.82
75050;141701;1;Szkoła Podstawowa Nr 2 05-410 Józefów ul.Graniczna ( sala Nr 19) 26;2188;832;832;14;818;38.03;1.68;2185;1501;1501;21;1480;68.70;1.40
75051;141701;2;Gimnazjum Nr 1 05-420 Józefów ul. Leśna 39;1081;367;367;11;356;33.95;3.00;1132;786;786;10;776;69.43;1.27
75052;141701;3;Miejski Ośrodek Kultury 05-420 Józefów ul.Kardynała Wyszyńskiego 1;1802;714;714;14;700;39.62;1.96;1807;1269;1269;22;1247;70.23;1.73
75053;141701;4;Szkoła Podstawowa Nr 1 05-420 Józefów ul. Mickiewicza (sala nr 9) 11;1786;682;682;16;666;38.19;2.35;1790;1164;1164;29;1135;65.03;2.49
75054;141701;5;Szkoła Podstawowa Nr 1 05-420 Józefów ul. Mickiewicza (sala nr 4) 11;935;384;384;3;381;41.07;0.78;925;680;680;8;672;73.51;1.18
75055;141701;6;Ochotnicza Straż Pożarna „Świdry Małe” 05-420 Józefów ul. Nadwiślańska 132;2203;774;774;7;767;35.13;0.90;2229;1553;1553;21;1532;69.67;1.35
75056;141701;7;Przedszkole Miejskie Nr 1 05-410 Józefów ul. Sobieskiego 21;880;385;385;9;376;43.75;2.34;906;646;646;6;640;71.30;0.93
75057;141701;8;Młodzieżowy Ośrodek Socjoterapii „Jędruś” 05-410 Józefów ul. Główna 10;1617;611;611;17;594;37.79;2.78;1671;1045;1045;17;1028;62.54;1.63
75058;141701;9;Szkoła Podstawowa nr 2 05-410 Józefów ul.Graniczna 26;2258;878;878;9;869;38.88;1.03;2294;1539;1539;16;1523;67.09;1.04
75059;141702;1;Gimnazjum nr 2 05-400 Otwock ul. Poniatowskiego 47/49;1514;597;597;14;583;39.43;2.35;1495;937;937;8;929;62.68;0.85
75060;141702;2;Szkoła Podstawowa nr 12 05-400 Otwock ul. Andriollego 76;814;302;302;8;294;37.10;2.65;775;509;509;6;503;65.68;1.18
75061;141702;3;Osiedlowy Klub Perła 05-400 Otwock ul. Sportowa 3;1597;536;536;9;527;33.56;1.68;1564;976;976;8;968;62.40;0.82
75062;141702;4;Biuro Otwockiej Spółdzielni Mieszkaniowej 05-400 Otwock ul.Andriollego 54;1530;529;529;18;511;34.58;3.40;1516;1004;1004;13;991;66.23;1.29
75063;141702;5;Osiedlowy Klub Proton 05-400 Otwock ul. Poniatowskiego 1;1102;386;386;13;373;35.03;3.37;1068;678;678;7;671;63.48;1.03
75064;141702;6;Ośrodek Pomocy Społecznej 05-400 Otwock ul. Sosnowa 4;784;241;241;7;234;30.74;2.90;785;494;494;18;476;62.93;3.64
75065;141702;7;Gimnazjum Nr 4 05-400 Otwock ul. Szkolna 31;1760;499;499;5;494;28.35;1.00;1750;1053;1053;20;1033;60.17;1.90
75066;141702;8;Szkoła Podstawowa nr 1 05-400 Otwock ul. Karczewska 14/16;1248;528;528;2;526;42.31;0.38;1245;847;847;6;841;68.03;0.71
75067;141702;9;Osiedlowy Klub Batory 05-400 Otwock ul. Batorego 36;1787;560;560;8;552;31.34;1.43;1859;1138;1138;15;1123;61.22;1.32
75068;141702;10;Przedszkole nr 3 05-400 Otwock ul. Jodłowa 14;1112;351;351;10;341;31.56;2.85;1115;663;663;12;651;59.46;1.81
75069;141702;11;Stacja Pomp OPWiK 05-400 Otwock ul. Batorego 2;2194;641;641;9;632;29.22;1.40;2200;1420;1420;22;1398;64.55;1.55
75070;141702;12;Szkoła Podstawowa nr 6 05-400 Otwock ul. Ambasadorska 1;2208;695;695;15;680;31.48;2.16;2236;1461;1461;25;1436;65.34;1.71
75071;141702;13;Powiatowa Poradnia Psychologiczno-Pedagogiczna 05-402 Otwock, Świder ul. Majowa 17/19;1543;401;401;8;393;25.99;2.00;1512;780;780;18;762;51.59;2.31
75072;141702;14;Przedszkole nr 18 05-402 Otwock, Świder ul. Komunardów 4;1170;407;407;6;401;34.79;1.47;1107;691;691;26;665;62.42;3.76
75073;141702;15;Szkoła Podstawowa nr 5 05-402 Otwock, Świder ul. Słowackiego 66;1494;499;499;18;481;33.40;3.61;1512;936;936;7;929;61.90;0.75
75074;141702;16;Centrum Edukacji Zawodowej Resortu Finansów 05-402 Otwock, Świder ul. Kolorowa 13;1579;471;471;6;465;29.83;1.27;1559;926;926;13;913;59.40;1.40
75075;141702;17;Osiedlowy Klub Smok 05-400 Otwock ul. Warszawska 11/13;1579;500;500;16;484;31.67;3.20;1557;933;933;12;921;59.92;1.29
75076;141702;18;Gimnazjum nr 3 05-400 Otwock ul. Kościuszki 28;1552;509;509;6;503;32.80;1.18;1446;990;990;17;973;68.46;1.72
75077;141702;19;Liceum Ogólnokształcące im.Juliusza Słowackiego 05-400 Otwock ul. Słowackiego 4/10;1187;255;255;8;247;21.48;3.14;1294;683;683;24;659;52.78;3.51
75078;141702;20;Zespół Szkół Ekonomiczno-Gastronomicznych 05-400 Otwock ul. Konopnickiej 3;821;233;233;4;229;28.38;1.72;674;368;368;7;361;54.60;1.90
75079;141702;21;Przedszkole nr 10 05-400 Otwock ul. Kochanowskiego 10;869;231;231;3;228;26.58;1.30;968;585;586;13;572;60.43;2.22
75080;141702;22;Przedszkole nr 6 05-400 Otwock, Śródborów ul. Kubusia Puchatka 28;1018;257;257;6;251;25.25;2.33;991;538;538;3;535;54.29;0.56
75081;141702;23;Gimnazjum nr 1 05-400 Otwock, Mlądz ul. Majowa 267;1108;251;251;5;246;22.65;1.99;1123;623;623;10;613;55.48;1.61
75082;141702;24;Szkoła Podstawowa nr 8 05-400 Otwock, Wólka Mlądzka ul. Stefana Żeromskiego 235;1269;393;393;10;383;30.97;2.54;1311;866;866;10;856;66.06;1.15
75083;141702;25;Szkoła Podstawowa nr 9 05-400 Otwock, Jabłonna ul. Gabriela Narutowicza 275;1128;312;312;10;302;27.66;3.21;1163;713;713;15;698;61.31;2.10
75084;141702;26;Klub Otwockiej Spółdzielni Mieszkaniowej „Grota” 05-480 Otwock ul. Grota Roweckiego 2;1072;309;309;2;307;28.82;0.65;1096;693;694;12;681;63.23;1.73
90684;141702;27;Powiatowe Centrum Zdrowia Sp. z o.o. 05-400 Otwock ul.Batorego 44;60;17;17;0;17;28.33;0.00;44;34;34;2;32;77.27;5.88
90685;141702;28;Samodzielny Publiczny Szpital Kliniczny im. prof. A.Grucy 05-400 Otwock ul.Konarskiego 13;157;89;89;2;87;56.69;2.25;157;127;127;2;125;80.89;1.57
90686;141702;29;Samodzielny Publiczny Zakład Opieki Zdrowotnej Szpital Specjalistyczny Ministerstwa Spraw Wewnętrznych 05-400 Otwock ul.B.Prusa 1/3;140;49;49;2;47;35.00;4.08;139;92;92;2;90;66.19;2.17
90687;141702;30;Mazowieckie Centrum Leczenia Chorób Płuc i Gruźlicy 05-400 Otwock ul.Narutowicza 80;426;47;47;1;46;11.03;2.13;369;91;91;4;87;24.66;4.40
75085;141703;1;Klub Wiejski w Pogorzeli 05-430 Pogorzel ul. Leśna 2;560;180;180;6;174;32.14;3.33;571;341;341;10;331;59.72;2.93
75086;141703;2;Szkoła Podstawowa w Starej Wsi 05-430 Stara Wieś ul. Fabryczna 6;1236;442;442;12;430;35.76;2.71;1255;795;795;25;770;63.35;3.14
75087;141703;3;Szkoła Podstawowa w Ostrowie 05-430 Ostrów 15;994;173;173;5;168;17.40;2.89;1012;497;497;22;475;49.11;4.43
75088;141703;4;Szkoła Podstawowa w Celestynowie 05-430 Celestynów ul. Wrzosowa 42;2000;650;650;20;630;32.50;3.08;1991;1278;1278;33;1245;64.19;2.58
75089;141703;5;Zespół Szkół w Celestynowie 05-430 Celestynów ul. Świętego Kazimierza 55;1971;668;668;22;646;33.89;3.29;2000;1310;1310;32;1278;65.50;2.44
75090;141703;6;Szkoła Podstawowa w Regucie 05-430 Regut ul. Wiatraczna 13;481;144;144;4;140;29.94;2.78;480;255;255;13;242;53.12;5.10
75091;141703;7;„Mała Szkoła” - Szkoła Podstawowa w Podbieli 05-430 Podbiel 87;528;124;124;8;116;23.48;6.45;525;310;310;11;299;59.05;3.55
75092;141703;8;Remiza OSP w Zabieżkach 05-430 Zabieżki ul. Prymasa Stefana Wyszyńskiego 3;631;176;176;10;166;27.89;5.68;618;405;405;11;394;65.53;2.72
75093;141703;9;Remiza OSP w Dąbrówce 05-430 Dąbrówka ul. Strażacka 5;774;249;249;8;241;32.17;3.21;795;482;482;13;469;60.63;2.70
75094;141704;1;Centrum Kultury 05-480 Karczew ul. Widok 2;2106;656;656;14;642;31.15;2.13;2306;1406;1406;21;1385;60.97;1.49
75095;141704;2;Szkoła Podstawowa Nr 2 05-480 Karczew ul. Otwocka 13;1815;552;552;19;533;30.41;3.44;1595;1009;1009;22;987;63.26;2.18
75096;141704;3;Gminne Przedszkole Nr 2 05-480 Karczew ul. Mariana Buczka 13;1420;424;426;14;410;29.86;3.30;1406;898;898;16;882;63.87;1.78
75097;141704;4;Gminne Przedszkole Nr 3 05-480 Karczew ul. Ks. Bp. Władysława Miziołka 52;1738;585;585;8;577;33.66;1.37;1667;1032;1032;6;1026;61.91;0.58
75098;141704;5;Gminne Przedszkole Nr 3 05-480 Karczew ul. Ks. Bp. Władysława Miziołka 52;1126;344;344;10;334;30.55;2.91;1077;707;707;17;690;65.65;2.40
75099;141704;6;Szkoła Podstawowa 05-480 Glinki 50;851;170;170;4;166;19.98;2.35;856;421;421;13;408;49.18;3.09
75100;141704;7;Zespół Szkolno-Przedszkolny 05-480 Sobiekursk 36;2030;381;381;5;376;18.77;1.31;2047;1029;1029;30;999;50.27;2.92
75101;141704;8;Zespół Szkolno-Przedszkolny 05-480 Otwock Wielki ul. Zamkowa 4;1723;318;318;15;303;18.46;4.72;1764;894;894;33;861;50.68;3.69
75102;141705;1;Urząd Gminy w Kołbieli 05-340 Kołbiel ul. Szkolna 1;1557;374;374;16;358;24.02;4.28;1537;860;860;21;839;55.95;2.44
75103;141705;2;Szkoła Podstawowa w Rudzienku 05-340 Rudzienko ul. Szkolna 11;1078;186;186;9;177;17.25;4.84;1070;503;503;22;481;47.01;4.37
75104;141705;3;Świetlica w Sępochowie 05-340 Sępochów 51;537;89;89;5;84;16.57;5.62;536;243;243;8;235;45.34;3.29
75105;141705;4;Szkoła Podstwowa w Człekówce 05-340 Człekówka 62;981;216;216;13;203;22.02;6.02;973;564;564;14;550;57.97;2.48
75106;141705;5;Szkoła Podstawowa w Kątach 05-340 Kąty ul. Królewska 58;833;206;206;9;197;24.73;4.37;823;434;434;8;426;52.73;1.84
75107;141705;6;Świetlica w Sufczynie 05-340 Sufczyn 23;886;184;184;6;178;20.77;3.26;906;467;467;17;450;51.55;3.64
75108;141705;7;Szkoła Podstawowa w Kołbieli 05-340 Kołbiel Szkolna 5;669;139;140;3;136;20.78;2.16;672;346;346;9;337;51.49;2.60
75109;141706;1;Szkoła Podstawowa w Osiecku 08-445 Osieck ul.Warszawska 61;719;160;160;4;156;22.25;2.50;712;379;379;6;373;53.23;1.58
75110;141706;2;Filia Gminnej Biblioteki Publicznej w Natolinie 08-445 Natolin 40;383;82;82;2;80;21.41;2.44;395;197;197;11;186;49.87;5.58
75111;141706;3;Szkoła Podstawowa w Augustówce 08-445 Augustówka ul. Kolejowa 2;740;172;172;7;165;23.24;4.07;755;435;435;13;422;57.62;2.99
75112;141706;4;Gimnazjum w Osiecku 08-445 Osieck Warszawska 61;1005;200;200;4;196;19.90;2.00;1012;532;534;9;523;52.57;1.69
75113;141707;1;Publiczna Szkoła Postawowa w Sobieniach-Jeziorach 08-443 Sobienie-Jeziory Garwolińska 14;1176;275;275;14;261;23.38;5.09;1176;636;638;27;609;54.08;4.25
75114;141707;2;Świetlica Wiejska w Sobieniach-Jeziorach 08-443 Sobienie-Jeziory Duży Rynek 25;1052;205;205;7;198;19.49;3.41;1069;555;555;9;546;51.92;1.62
75115;141707;3;Publiczna Szkoła Podstawowa w Siedzowie 08-443 Siedzów 30A;633;103;103;5;98;16.27;4.85;635;252;252;2;250;39.69;0.79
75116;141707;4;Szkoła Podstawowa w Starym Zambrzykowie 08-443 Stary Zambrzyków 59;722;141;141;9;132;19.53;6.38;705;327;327;4;323;46.38;1.22
75117;141707;5;Publiczna Szkoła Podstawowa w Warszawicach 08-443 Warszawice 13;1577;368;368;9;359;23.34;2.45;1562;864;864;9;855;55.31;1.04
75118;141708;1;Zespół Szkolno-Gimnazjalny w Zakręcie 05-077 Zakręt ul. Szkolna 11;1159;399;399;14;385;34.43;3.51;1195;771;771;17;754;64.52;2.20
75119;141708;2;Świetlica w Duchnowie 05-462 Duchnów ul. Wspólna 157;664;174;174;5;169;26.20;2.87;699;396;396;4;392;56.65;1.01
75120;141708;3;Zespół Szkolno-Gimnazjalny w Wiązownie 05-462 Wiązowna ul. Kościelna 20;1392;448;451;6;442;32.18;1.34;1466;956;956;20;936;65.21;2.09
75121;141708;4;Gminny Ośrodek Kultury w Wiązownie 05-462 Wiązowna ul. Kościelna 41;909;343;343;8;335;37.73;2.33;931;683;683;18;665;73.36;2.64
75122;141708;5;Przedszkole w Pęclinie 05-462 Pęclin Radosna 74;545;100;100;2;98;18.35;2.00;563;260;260;12;248;46.18;4.62
75123;141708;6;Szkoła Podstawowa w Gliniance 05-408 Glinianka ul. Napoleońska 1;823;201;201;10;191;24.42;4.98;851;513;513;16;497;60.28;3.12
75124;141708;7;Gimnazjum w Gliniance 05-408 Glinianka ul. Napoleońska 53A;1215;243;243;4;239;20.00;1.65;1252;730;730;21;709;58.31;2.88
75125;141708;8;Zespół Szkolno-Gimnazjalny w Wiązownie 05-462 Wiązowna Kościelna 20;1634;418;418;12;406;25.58;2.87;1655;1026;1026;25;1001;61.99;2.44
75126;141708;9;Budynek Ochotniczej Straży Pożarnej w Malcanowie 05-462 Malcanów Mazowiecka 22;614;225;225;5;220;36.64;2.22;659;444;444;14;430;67.37;3.15
75127;141801;1;Szkoła Podstawowa w Czersku 05-530 Czersk Warszawska 17;790;190;190;7;183;24.05;3.68;803;460;460;5;455;57.29;1.09
75128;141801;2;Zespół Szkół w Coniewie 05-530 Coniew 30;1112;176;176;4;172;15.83;2.27;1107;445;445;10;435;40.20;2.25
75129;141801;3;Szkoła Podstawowa w Czaplinku 05-530 Czaplinek Szkolna 5;1089;141;141;5;136;12.95;3.55;1058;483;483;19;464;45.65;3.93
75130;141801;4;Szkoła Podstawowa w Czachówku 05-530 Czachówek Główna 56;921;206;206;1;205;22.37;0.49;969;531;531;17;514;54.80;3.20
75131;141801;5;Gimnazjum w Cendrowicach 05-530 Cendrowice Szkolna 4;980;166;166;11;155;16.94;6.63;1018;518;518;17;501;50.88;3.28
75132;141801;6;Szkoła Podstawowa w Dobieszu 05-530 Dobiesz Wolska 36;747;203;203;2;201;27.18;0.99;770;425;425;13;412;55.19;3.06
75133;141801;7;Zespół Szkół w Baniosze 05-532 Baniocha Szkolna 1;1038;276;276;5;271;26.59;1.81;1054;589;589;17;572;55.88;2.89
75134;141801;8;Szkoła Podstawowa w Baniosze 05-532 Baniocha Szkolna 1;1770;356;356;5;351;20.11;1.40;1805;952;952;27;925;52.74;2.84
75135;141801;9;Szkoła Podstawowa w Kątach 05-532 Kąty Puławska 4;1434;302;302;7;295;21.06;2.32;1444;839;839;28;811;58.10;3.34
75136;141801;10;Zespół Szkół w Brześcach 05-520 Brześce Wilanowska 55;1242;179;179;4;175;14.41;2.23;1309;645;645;22;623;49.27;3.41
75137;141801;11;Samorządowe Przedszkole nr 1 w Górze Kalwarii 05-530 Góra Kalwaria Księdza Zygmunta Sajny 18;1610;389;389;11;378;24.16;2.83;1625;928;928;25;903;57.11;2.69
75138;141801;12;Świetlica Spółdzielni Mieszkaniowej w Górze Kalwarii 05-530 Góra Kalwaria Kard.Stefana Wyszyńskiego 3bl.1;1338;301;301;9;292;22.50;2.99;1321;727;727;25;702;55.03;3.44
75139;141801;13;Zespół Szkół Ogólnokształcących w Górze Kalwarii 05-530 Góra Kalwaria Księdza Zygmunta Sajny 16;1145;254;254;16;238;22.18;6.30;1136;608;608;17;591;53.52;2.80
75140;141801;14;Przedszkole Integracyjne w Górze Kalwarii 05-530 Góra Kalwaria Dominikańska 6a;1929;481;481;18;463;24.94;3.74;1939;1076;1076;16;1060;55.49;1.49
75141;141801;15;Szkoła Podstawowa nr 2 w Górze Kalwarii 05-530 Góra Kalwaria Kalwaryjska 3;932;239;239;10;229;25.64;4.18;942;560;560;12;548;59.45;2.14
75142;141801;16;Zespół Szkół Zawodowych w Górze Kalwarii 05-530 Góra Kalwaria Budowlanych 14;1787;448;448;11;437;25.07;2.46;1785;1042;1042;18;1024;58.38;1.73
90690;141801;17;Dom Pomocy Społecznej w Górze Kalwarii 05-530 Góra Kalwaria Szpitalna 1;451;52;52;5;47;11.53;9.62;439;81;81;13;68;18.45;16.05
75143;141802;1;Budynek Ochotniczej Straży Pożarnej 05-510 Konstancin-Jeziorna ul.K.Pułaskiego 72;1478;564;564;4;560;38.16;0.71;1520;1003;1003;9;994;65.99;0.90
75144;141802;2;Zespół Szkół Integracyjnych Nr 5 05-520 Konstancin-Jeziorna ul.Szkolna 7;1663;525;525;9;516;31.57;1.71;1658;1018;1018;11;1007;61.40;1.08
75145;141802;3;Zespół Szkół Nr 3 05-520 Konstancin-Jeziorna ul. Bielawska 57;2265;653;653;15;638;28.83;2.30;2295;1394;1394;20;1374;60.74;1.43
75146;141802;4;Konstanciński Dom Kultury 05-520 Konstancin-Jeziorna ul.M.Jaworskiego 18;1771;475;475;17;458;26.82;3.58;1739;1028;1028;20;1008;59.11;1.95
75147;141802;5;Bank Spółdzielczy w Konstancinie-Jeziornie 05-520 Konstancin-Jeziorna ul. Wilanowska 1;1332;469;469;14;455;35.21;2.99;1352;877;877;7;870;64.87;0.80
75148;141802;6;Konstanciński Dom Kultury 05-510 Konstancin-Jeziorna ul.J.Sobieskiego 6;1460;521;521;13;508;35.68;2.50;1441;907;907;13;894;62.94;1.43
75149;141802;7;Zespół Szkół Nr 2 05-510 Konstancin-Jeziorna ul.S.Żeromskiego 15;1360;589;589;15;574;43.31;2.55;1328;916;916;18;898;68.98;1.97
75150;141802;8;Zespół Szkół Nr 1 05-510 Konstancin-Jeziorna ul. Wojewódzka 12;1545;512;512;7;505;33.14;1.37;1596;957;957;12;945;59.96;1.25
75151;141802;9;Mazowieckie Centrum Rehabilitacji „STOCER' Sp. zo.o. 05-510 Konstancin-Jeziorna ul. Długa 40/42;796;386;386;5;381;48.49;1.30;789;564;564;4;560;71.48;0.71
75152;141802;10;Świetlica Ochotniczej Straży Pożarnej w Bielawie 05-520 Bielawa ul. Wspólna 1/3;1175;444;444;5;439;37.79;1.13;1263;834;834;7;827;66.03;0.84
75153;141802;11;Szkoła Podstawowa Nr 6 w Opaczy 05-520 Opacz 6;1622;315;315;12;303;19.42;3.81;1622;887;887;29;858;54.69;3.27
75154;141802;12;Gminne Przedszkole w Oborach 05-520 OBORY 1;706;207;207;7;200;29.32;3.38;0;0;0;0;0;NA;-99
75155;141802;13;Zespół Szkół Nr 4 w Słomczynie 05-520 Słomczyn ul. Wilanowska 218;1586;400;400;11;389;25.22;2.75;1585;869;869;16;853;54.83;1.84
75156;141802;14;Ośrodek Pomocy Społecznej 05-510 Konstancin-Jeziorna ul. Rycerska 13;559;220;220;5;215;39.36;2.27;578;418;418;4;414;72.32;0.96
90691;141802;15;LUX MED „TABITA” Sp.z o.o. 05-510 Konstancin-Jeziorna Długa 43;119;71;71;5;66;59.66;7.04;163;86;86;4;82;52.76;4.65
90692;141802;16;Dom Pomocy Społecznej 05-510 Konstancin-Jeziorna Potulickich 1;32;21;21;6;15;65.62;28.57;30;17;17;3;14;56.67;17.65
90693;141802;17;Dom Rencisty Polskie Akademii Nauk 05-510 Konstancin-Jeziorna J.K. Chodkiewicza 3/5;43;37;37;1;36;86.05;2.70;46;31;31;2;29;67.39;6.45
90694;141802;18;Konstancin-Jeziorna 05-510 Konstancin-Jeziorna W.Gąsiorowskiego 12/14;210;151;151;9;142;71.90;5.96;180;164;164;7;157;91.11;4.27
90695;141802;19;Dom Artystów Weteranów Scen Polskich 05-510 Konstancin-Jeziorna K.Pułaskiego 6;58;41;41;3;38;70.69;7.32;62;40;40;1;39;64.52;2.50
90696;141802;20;Mazowieckie Centrum Rehabilitacji ''STOCER'' Sp.z o.o. 05-510 Konstancin-Jeziorna, Jeziorna I.Wierzejewskiego 12;203;84;84;4;80;41.38;4.76;166;55;55;0;55;33.13;0.00
90697;141802;21;Dom Seniora „Willa Kalina” 05-520 Konstancin-Jeziorna Fabryczna 3;32;19;19;0;19;59.38;0.00;30;30;30;13;17;100.00;43.33
75157;141803;1;Zespół Szkół Publicznych holl 05-552 Mroków ul.M.Świątkiewicz 2a;1295;382;382;7;375;29.50;1.83;1349;794;794;19;775;58.86;2.39
75158;141803;2;ZESPÓŁ SZKÓŁ PUBLICZNYCH Sala gimnastyczna 05-552 Mroków ul. M. ŚWIĄTKIEWICZ 2A;1225;300;300;5;295;24.49;1.67;1270;716;716;12;704;56.38;1.68
75159;141803;3;Zespół Szkół 05-552 Łazy ul. Ks. Słojewskiego 1;1504;511;511;14;497;33.98;2.74;1541;1019;1019;9;1010;66.13;0.88
75160;141803;4;Zespół Szkół 05-552 Łazy ul. Ks.Słojewskiego 1;528;132;132;3;129;25.00;2.27;555;286;286;10;276;51.53;3.50
75161;141803;5;Centrum Integracji Społecznej 05-506 Magdalenka ul. Lipowa 28;948;449;449;7;442;47.36;1.56;1015;790;790;6;784;77.83;0.76
75162;141803;6;Świetlica 05-506 Władysławów ul.Wojska Polskiego 64;1269;466;466;11;455;36.72;2.36;1388;965;965;6;959;69.52;0.62
75163;141803;7;Urząd Gminy 05-506 Lesznowola ul. GRN 60;1083;340;340;4;336;31.39;1.18;1174;770;770;14;756;65.59;1.82
75164;141803;8;budynek komunalny przy OSP 05-500 Nowa Wola ul. Krasickiego 215;1043;367;367;10;357;35.19;2.72;1134;779;779;8;771;68.69;1.03
75165;141803;9;Świetlica GOK 05-500 Stara Iwiczna ul. Nowa 6;857;289;289;7;282;33.72;2.42;904;586;586;8;578;64.82;1.37
75166;141803;10;Zespół Szkół Publicznych Holl 05-515 Nowa Iwiczna ul.Krasickiego 56;1324;589;589;8;581;44.49;1.36;1424;1084;1084;12;1072;76.12;1.11
75167;141803;11;Zespół Szkół Publicznych Sala Gimnastyczna 05-515 Nowa Iwiczna ul.I.Krasickiego 56;1311;590;590;10;580;45.00;1.69;1378;1052;1052;7;1045;76.34;0.67
75168;141803;12;Świetlica 05-515 Zgorzała ul.Postepu 99A;869;327;327;8;319;37.63;2.45;946;687;687;11;676;72.62;1.60
75169;141803;13;Szkoła Podstawowa w Mysiadle 05-500 Mysiadło ul.Kwiatowa 28;1485;658;658;1;657;44.31;0.15;1546;1148;1150;5;1143;74.26;0.44
75170;141803;14;Filia Gminnego Ośrodka Ośrodka Kultury Mysiadło 05-500 Mysiadło ul.Topolowa 2 lokal: 106 (budynek MYSZKA);1179;297;297;10;287;25.19;3.37;1198;731;731;12;719;61.02;1.64
75171;141804;1;Gimnazjum nr 1 05-500 Piaseczno ul.Sikorskiego 20;1050;318;318;7;311;30.29;2.20;1042;646;646;10;636;62.00;1.55
75172;141804;2;Gimnazjum nr 1 05-500 Piaseczno ul.Sikorskiego 20;812;188;188;1;187;23.15;0.53;899;531;531;9;522;59.07;1.69
75173;141804;3;Gimnazjum Nr 1 05-500 Piaseczno ul. Sikorskiego 20;1257;315;315;5;310;25.06;1.59;1349;851;851;10;841;63.08;1.18
75174;141804;4;Gimnazjum Nr 1 05-500 Piaseczno ul. Sikorskiego 20;1530;433;433;5;428;28.30;1.15;1573;983;983;6;977;62.49;0.61
75175;141804;5;Gimnazjum nr 1 05-500 Piaseczno ul.Sikorskiego 20;1600;568;568;23;545;35.50;4.05;1576;1037;1037;24;1013;65.80;2.31
75176;141804;6;Szkoła Podstawowa nr 5 05-500 Piaseczno ul.Szkolna 14;2184;645;645;29;616;29.53;4.50;2138;1242;1242;24;1218;58.09;1.93
75177;141804;7;Szkoła Podstawowa nr 5 05-500 Piaseczno ul.Szkolna 14;1211;358;358;7;351;29.56;1.96;1208;727;727;11;716;60.18;1.51
75178;141804;8;Przedszkole nr 4 05-500 Piaseczno ul.Fabryczna 13;1322;458;458;11;447;34.64;2.40;1351;873;873;9;864;64.62;1.03
75179;141804;9;Przedszkole nr 4 05-500 Piaseczno ul. Fabryczna 13;1579;466;466;5;461;29.51;1.07;1829;1235;1235;12;1223;67.52;0.97
75180;141804;10;Przedszkole nr 4 05-500 Piaseczno ul.Fabryczna 13;1515;560;560;9;551;36.96;1.61;1718;1192;1192;1;1191;69.38;0.08
75181;141804;11;Przedszkole nr 11 05-500 Piaseczno ul. Nefrytowa 14;1296;274;274;4;270;21.14;1.46;1390;735;735;10;725;52.88;1.36
75182;141804;12;Przedszkole nr 11 05-500 Piaseczno ul. Nefrytowa 14;1705;819;819;14;805;48.04;1.71;1750;1371;1371;4;1367;78.34;0.29
75183;141804;13;Liceum Ogólnokształcące 05-500 Piaseczno ul.Chyliczkowska 17;958;367;367;6;361;38.31;1.63;972;678;678;5;673;69.75;0.74
75184;141804;14;Liceum Ogólnokształcące 05-500 Piaseczno ul.Chyliczkowska 17;1206;337;338;8;329;27.94;2.37;1278;832;832;6;826;65.10;0.72
75185;141804;15;Liceum Ogólnokształcące 05-500 Piaseczno ul.Chyliczkowska 17;1130;399;399;2;397;35.31;0.50;1164;858;858;7;851;73.71;0.82
75186;141804;16;Liceum Ogólnokształcące 05-500 Piaseczno ul.Chyliczkowska 17;1114;392;392;12;380;35.19;3.06;1146;735;736;11;724;64.14;1.50
75187;141804;17;Centrum Kultury 05-500 Piaseczno ul.Kościuszki 49;1835;642;642;6;636;34.99;0.93;1867;1233;1233;9;1224;66.04;0.73
75188;141804;18;Szkoła Podstawowa nr 1 05-500 Piaseczno ul.Świętojańska 18;1789;613;613;10;603;34.26;1.63;1773;1146;1146;21;1125;64.64;1.83
75189;141804;19;Gospodarstwo Ogrodniczo-Warzywnicze 05-500 Piaseczno ul.Orężna 8;1090;443;443;13;430;40.64;2.93;1091;746;746;18;728;68.38;2.41
75190;141804;20;Szkoła Podstawowa nr 2 05-501 Piaseczno Aleja Kasztanów 12;1199;427;427;6;421;35.61;1.41;1210;771;771;11;760;63.72;1.43
75191;141804;21;Szkoła Podstawowa nr 2 05-501 Piaseczno Aleja Kasztanów 12;1242;488;488;1;487;39.29;0.20;1260;872;872;11;861;69.21;1.26
75192;141804;22;Szkoła Podstawowa nr 2 05-501 Piaseczno Aleja Kasztanów 12;1255;459;459;4;455;36.57;0.87;1249;817;817;5;812;65.41;0.61
75193;141804;23;Zespół Szkół Publicznych 05-502 Piaseczno Główna 50;1158;417;417;7;410;36.01;1.68;1161;763;763;11;752;65.72;1.44
75194;141804;24;Zespół Szkół Publicznych 05-502 Piaseczno ul.Główna 50;992;333;333;7;326;33.57;2.10;1004;658;658;6;652;65.54;0.91
75195;141804;25;Zespół Szkół Publicznych 05-500 Józefosław ul.Kameralna 11;1546;589;589;11;578;38.10;1.87;1654;1182;1182;10;1172;71.46;0.85
75196;141804;26;Zespół Szkół Publicznych 05-500 Józefosław ul. Kameralna 11;1177;590;590;5;585;50.13;0.85;1349;1059;1059;4;1055;78.50;0.38
75197;141804;27;Zespół Szkół Publicznych 05-500 Józefosław ul.Kameralna 11;786;380;380;2;378;48.35;0.53;837;674;674;5;669;80.53;0.74
75198;141804;28;Zespół Szkół Publicznych 05-500 Józefosław ul.Kameralna 11;1642;593;593;5;588;36.11;0.84;1834;1333;1334;6;1327;72.68;0.45
75199;141804;29;Zespół Szkół Publicznych 05-500 Józefosław ul.Kameralna 11;934;371;371;6;365;39.72;1.62;978;622;622;5;617;63.60;0.80
75200;141804;30;Zespół Szkół Publicznych 05-510 Chylice ul.Dworska 2;1435;540;540;5;535;37.63;0.93;1475;1049;1049;8;1041;71.12;0.76
75201;141804;31;Instytut Rybactwa Śródlądowego 05-500 Żabieniec ul.Główna 48;1678;501;501;15;486;29.86;2.99;1700;1019;1019;19;1000;59.94;1.86
75202;141804;32;Świetlica OSP Chojnów 05-532 Orzeszyn ul.Klonowa 16;617;213;213;1;212;34.52;0.47;625;408;408;8;400;65.28;1.96
75203;141804;33;Gimnazjum 05-540 Zalesie Górne ul.Białej Brzozy 3;1214;547;547;14;533;45.06;2.56;1238;880;880;15;865;71.08;1.70
75204;141804;34;Gimnazjum 05-540 Zalesie Górne ul.Białej Brzozy 3;1400;618;618;10;608;44.14;1.62;1421;1002;1005;17;985;70.51;1.70
75205;141804;35;Zespół Szkół Publicznych 05-502 Jazgarzew ul.Szkolna 10;1301;417;417;6;411;32.05;1.44;1356;892;892;11;881;65.78;1.23
75206;141804;36;Zespół Szkół Publicznych 05-502 Jazgarzew ul.Szkolna 10;798;205;205;5;200;25.69;2.44;806;464;464;7;457;57.57;1.51
75207;141804;37;Zespół Szkół Publicznych 05-502 Piaseczno ul.Główna 50;801;327;327;7;320;40.82;2.14;836;633;633;13;620;75.72;2.05
75208;141804;38;Zespół Szkół Publicznych 05-502 Piaseczno ul.Główna 50;1365;465;465;6;459;34.07;1.29;1394;911;911;12;899;65.35;1.32
75209;141804;39;Szkoła Podstawowa 05-503 Głosków ul.Millenium 76;1919;691;691;22;669;36.01;3.18;1911;1256;1256;14;1242;65.72;1.11
75210;141804;40;Świetlica 05-503 Wola Gołkowska ul.Gościniec 35;819;204;204;3;201;24.91;1.47;847;538;538;15;523;63.52;2.79
75211;141804;41;Zespół Szkół Publicznych 05-504 Złotokłos ul.Traugutta 10;384;47;47;2;45;12.24;4.26;388;160;160;11;149;41.24;6.88
75212;141804;42;Szkoła Podstawowa 05-503 Głosków ul.Millenium 76;436;134;134;2;132;30.73;1.49;495;298;298;8;290;60.20;2.68
75213;141804;43;Zespół Szkół Publicznych 05-504 Złotokłos ul.Traugutta 10;1510;524;524;8;516;34.70;1.53;1564;975;975;10;965;62.34;1.03
75214;141804;44;Świetlica OSP 05-502 Bogatki ul.Królewska 91;665;226;226;7;219;33.98;3.10;680;381;381;11;370;56.03;2.89
90698;141804;45;Szpital Świętej Anny w Piasecznie 05-500 Piaseczno Mickiewicza 39;50;1;1;0;1;2.00;0.00;64;19;19;2;17;29.69;10.53
75215;141805;1;Szkoła Podstawowa 05-540 Uwieliny Szkolna 2;1475;281;281;7;274;19.05;2.49;1531;812;812;30;782;53.04;3.69
75216;141805;2;Urząd Gminy 05-505 Prażmów Piotra Czołchańskiego 1;1404;254;254;11;243;18.09;4.33;1451;771;771;17;754;53.14;2.20
75217;141805;3;Ochotnicza Straż Pożarna 05-505 Wągrodno Słoneczna 2;1298;247;247;11;236;19.03;4.45;1377;715;715;26;689;51.92;3.64
75218;141805;4;Ochotnicza Straż Pożarna 05-540 Jeziórko Kościelna 3;1739;462;462;10;452;26.57;2.16;1809;1064;1064;18;1046;58.82;1.69
75219;141805;5;Publiczne Gimnazjum 05-505 Prażmów Franciszka Ryxa 72;1191;296;296;16;280;24.85;5.41;1225;764;764;19;745;62.37;2.49
75220;141805;6;Publiczne Gimnazjum 05-540 Uwieliny ul. Szkolna 2A;625;121;121;5;116;19.36;4.13;648;319;319;13;306;49.23;4.08
75221;141806;1;Szkoła Podstawowa w Suchostrudze 05-555 Suchostruga ul. Szkolna 20;466;83;83;2;81;17.81;2.41;482;238;238;7;231;49.38;2.94
75222;141806;2;Świetlica OSP w Suchodole 05-555 Suchodół ul. Piękna 20;515;75;75;2;73;14.56;2.67;519;255;255;10;245;49.13;3.92
75223;141806;3;Świetlica Wiejska w Woli Przypkowskiej 05-555 Wola Przypkowska ul. Piękna 33;679;148;148;8;140;21.80;5.41;715;425;425;9;416;59.44;2.12
75224;141806;4;Świetlica OSP w Kotorydzu 05-555 Kotorydz ul. Warszawska 9;674;135;135;6;129;20.03;4.44;698;378;378;14;364;54.15;3.70
75225;141806;5;Przedszkole w Tarczynie 05-555 Tarczyn ul. K. Dobrowolskiego 3;943;186;186;6;180;19.72;3.23;914;489;489;16;473;53.50;3.27
75226;141806;6;Zespół Szkół Ponadgminazjalnych w Tarczynie 05-555 Tarczyn ul. Księdza Czesława Oszkiela 1;1801;411;411;15;396;22.82;3.65;1790;985;985;28;957;55.03;2.84
75227;141806;7;Szkoła Podstawowa w Tarczynie 05-555 Tarczyn ul. J. Stępkowskiego 15;1260;336;336;6;330;26.67;1.79;1264;748;748;25;723;59.18;3.34
75228;141806;8;Szkoła Podstawowa w Pamiątce 05-555 Kopana, Pamiątka ul. Anieli i Wojciecha Górskich 3;1567;250;250;3;247;15.95;1.20;1596;747;747;16;731;46.80;2.14
75229;141806;9;Szkoła Podstawowa w Pracach Małych 05-555 Prace Małe ul. Dorzeczna 3;831;234;234;4;230;28.16;1.71;868;549;549;6;543;63.25;1.09
75230;141901;1;Zespół Szkół Nr 2 09-230 Ciachcin Nowy 54;1355;132;132;3;129;9.74;2.27;1356;559;559;30;529;41.22;5.37
75231;141901;2;Szkoła Podstawowa 09-230 Bielsk ul. Drobińska 19;2086;501;501;18;483;24.02;3.59;2112;1204;1204;48;1156;57.01;3.99
75232;141901;3;Szkoła Podstawowa 09-230 Bielsk ul. Drobińska 19;991;140;140;8;132;14.13;5.71;992;397;397;24;373;40.02;6.05
75233;141901;4;Szkoła Podstawowa 09-230 Śmiłowo 23;381;78;78;0;78;20.47;0.00;389;153;153;7;146;39.33;4.58
75234;141901;5;Zespół Szkół Nr 3 09-230 Zagroba 40;852;116;116;9;107;13.62;7.76;824;330;330;20;310;40.05;6.06
75235;141901;6;Zespół Szkół Nr 4 09-230 Zągoty 11;1412;169;169;7;162;11.97;4.14;1416;595;595;38;557;42.02;6.39
90699;141901;7;Dom Pomocy Społecznej 09-230 Goślice 66;93;31;31;2;29;33.33;6.45;83;25;25;0;25;30.12;0.00
75236;141902;1;Zespół Placówek Oświatowych 09-470 Bodzanów Wyszogrodzka 1;1021;184;184;4;180;18.02;2.17;1008;467;467;23;444;46.33;4.93
75237;141902;2;Urząd Gminy 09-470 Bodzanów Bankowa 7;655;73;73;1;72;11.15;1.37;659;214;214;8;206;32.47;3.74
75238;141902;3;Publiczne Gimnazjum 09-470 Bodzanów Wyszogrodzka 3;1009;133;133;7;126;13.18;5.26;993;427;427;18;409;43.00;4.22
75239;141902;4;Publiczna Szkoła Podstawowa 09-470 Cieśle 18;405;69;69;4;65;17.04;5.80;400;174;174;4;170;43.50;2.30
75240;141902;5;Publiczne Gimnazjum 09-470 Nowe Miszewo Szkolna 2a;1290;165;165;11;154;12.79;6.67;1299;581;581;21;560;44.73;3.61
75241;141902;6;Zespół Placówek Oświatowych 09-470 Nowe Miszewo Szkolna 2;989;145;145;3;142;14.66;2.07;1000;490;490;24;466;49.00;4.90
75242;141902;7;Niepubliczna Szkoła Podstawowa 09-470 Nowe Kanigowo 17;665;81;81;1;80;12.18;1.23;665;250;250;10;240;37.59;4.00
75243;141902;8;Budynek po byłej Szkole Podstawowej 09-470 Łętowo 12;587;76;76;2;74;12.95;2.63;572;230;230;14;216;40.21;6.09
90700;141902;9;Dom Pomocy Społecznej 09-470 Nowe Miszewo Pałacowa 2;125;71;71;10;61;56.80;14.08;136;103;103;7;96;75.74;6.80
75244;141903;1;Remiza Ochotniczej Straży Pożarnej w Turzy Małej 09-414 Turza Mała 16;443;60;60;3;57;13.54;5.00;438;168;168;4;164;38.36;2.38
75245;141903;2;Gimnazjum w Brudzeniu Dużym 09-414 Brudzeń Duży ul. Szkolna 15;779;100;100;3;97;12.84;3.00;801;320;320;9;311;39.95;2.81
75246;141903;3;Gimnazjum w Brudzeniu Dużym 09-414 Brudzeń Duży ul. Szkolna 15;855;157;157;12;145;18.36;7.64;862;445;445;15;430;51.62;3.37
75247;141903;4;Szkoła Podstawowa w Sikorzu 09-411 Sikórz 85;835;133;133;7;126;15.93;5.26;836;344;344;9;335;41.15;2.62
75248;141903;5;Szkoła Podstawowa w Sikorzu 09-411 Sikórz 85;764;92;92;4;88;12.04;4.35;777;347;347;17;330;44.66;4.90
75249;141903;6;Szkoła Podstawowa w Siecieniu 09-411 Siecień 84;617;96;96;10;86;15.56;10.42;621;242;242;16;226;38.97;6.61
75250;141903;7;Szkoła Podstawowa w Siecieniu 09-411 Siecień 84;860;203;203;5;198;23.60;2.46;869;452;452;21;431;52.01;4.65
75251;141903;8;Remiza Ochotniczej Straży Pożarnej w Sobowie 09-414 Sobowo 36;843;86;86;8;78;10.20;9.30;853;314;314;11;303;36.81;3.50
75252;141903;9;Budynek po byłej Szkole Podstawowej w Myśliborzycach 09-414 Myśliborzyce 26;431;59;59;5;54;13.69;8.47;426;127;127;6;121;29.81;4.72
75253;141904;1;Urząd Gminy 09-454 Bulkowo-Kolonia ul. Szkolna 1;785;144;144;8;136;18.34;5.56;779;366;366;18;348;46.98;4.92
75254;141904;2;Zespół Szkół Ogólnokształcących w Bulkowie 09-454 Bulkowo-Kolonia Szkolna 2;806;76;76;4;72;9.43;5.26;804;262;262;18;244;32.59;6.87
75255;141904;3;Budynek byłej Szkoły Podstawowej, 09-454 Nadułki 44A;700;96;96;3;93;13.71;3.12;692;258;258;10;248;37.28;3.88
75256;141904;4;Szkoła Podstawowa 09-454 Nowe Łubki 7;681;105;105;2;103;15.42;1.90;692;300;300;21;279;43.35;7.00
75257;141904;5;Zespół Szkół Ogólnokształcących 09-454 Blichowo 61A;1059;156;156;4;152;14.73;2.56;1047;456;456;23;433;43.55;5.04
75258;141904;6;Budynek byłej Szkoły Podstawowej 09-454 Worowice 57A;626;77;77;9;68;12.30;11.69;618;206;206;12;194;33.33;5.83
75259;141905;1;Zespół Szkół w Drobinie 09-210 Drobin ul. Szkolna 3;1085;185;185;19;166;17.05;10.27;1063;466;466;25;441;43.84;5.36
75260;141905;2;Miejsko-Gminne Przedszkole w Drobinie 09-210 Drobin ul. Przyszłość 14;1354;165;165;5;160;12.19;3.03;1329;497;498;40;457;37.40;8.05
75261;141905;3;Szkoła Podstawowa im. Miry Zimińskiej-Sygietyńskiej w Cieszewie 09-210 Cieszewo 14;353;54;54;1;53;15.30;1.85;352;136;136;9;127;38.64;6.62
75262;141905;4;Szkoła Podstawowa w Rogotwórsku 09-210 Rogotwórsk 4;735;100;100;8;92;13.61;8.00;721;236;236;13;223;32.73;5.51
75263;141905;5;Zespół Szkół w Drobinie 09-210 Drobin ul. Szkolna 3;1204;193;193;8;185;16.03;4.15;1197;511;511;26;485;42.69;5.09
75264;141905;6;Zespół Szkół w Łęgu Probostwie 09-210 Łęg Probostwo 31/1;1767;264;264;8;256;14.94;3.03;1767;641;641;37;604;36.28;5.77
75265;141906;1;Szkoła Podstawowa 09-530 Gąbin Aleja Jana Pawła II 16;1365;255;255;13;242;18.68;5.10;1388;674;674;25;649;48.56;3.71
75266;141906;2;Świetlica OSP 09-530 Gąbin ul. Stary Rynek 15;1096;238;238;10;228;21.72;4.20;1075;548;548;23;525;50.98;4.20
75267;141906;3;Świetlica Ochotniczej Straży Pożarnej w Gąbinie 09-530 Gąbin ul.Aleja Jana Pawła II 2;980;232;232;11;221;23.67;4.74;969;510;510;12;498;52.63;2.35
75268;141906;4;Szkoła Podstawowa 09-530 Dobrzyków Obrońców Dobrzykowa 65;1626;285;285;18;267;17.53;6.32;1679;868;868;33;835;51.70;3.80
75269;141906;5;Szkoła Podstawowa 09-530 Borki 22B;537;158;158;5;153;29.42;3.16;528;277;277;16;261;52.46;5.78
75270;141906;6;Szkoła Podstawowa 09-530 Nowe Grabie 11a;757;125;125;2;123;16.51;1.60;796;377;377;9;368;47.36;2.39
75271;141906;7;Szkoła Podstawowa 09-530 Czermno 52;1106;182;182;4;178;16.46;2.20;1101;462;462;20;442;41.96;4.33
75272;141906;8;Dom Ludowy 09-530 Topólno 49;402;53;53;5;48;13.18;9.43;394;146;146;12;134;37.06;8.22
75273;141906;9;Szkoła Podstawowa 09-530 Nowy Kamień 6;578;91;91;0;91;15.74;0.00;578;247;247;12;235;42.73;4.86
75274;141906;10;Dom Pomocy Społecznej 09-530 Koszelew 2;522;63;63;6;57;12.07;9.52;529;193;193;13;180;36.48;6.74
75275;141907;1;Hala Sportowa 09-520 Łąck Gostynińska 2;1181;213;213;4;209;18.04;1.88;1196;575;575;42;533;48.08;7.30
75276;141907;2;Gminny Ośrodek Kultury 09-520 Łąck Warszawska 39;903;198;198;7;191;21.93;3.54;918;469;469;9;460;51.09;1.92
75277;141907;3;Centrum Kultury Rekreacji i Sportu 09-520 Podlasie 19;734;128;128;8;120;17.44;6.25;717;317;317;14;303;44.21;4.42
75278;141907;4;Przedszkole Niepubliczne Promyczek 09-520 Zaździerz 33;697;116;116;5;111;16.64;4.31;712;362;362;9;353;50.84;2.49
75279;141907;5;Zielona Szkoła 09-520 Sendeń Mały 2/2;396;71;71;1;70;17.93;1.41;390;166;166;11;155;42.56;6.63
75280;141907;6;Gminny Ośrodek Kultury 09-520 Grabina 43;366;102;102;3;99;27.87;2.94;375;199;199;6;193;53.07;3.02
75281;141908;1;Szkoła Podstawowa w Podgórzu 09-460 Podgórze 6;1120;134;134;5;129;11.96;3.73;1123;445;445;11;434;39.63;2.47
75282;141908;2;Gimnazjum w Małej Wsi 09-460 Mała Wieś ul. Jana Kochanowskiego 17;1029;97;97;4;93;9.43;4.12;1024;350;350;18;332;34.18;5.14
75283;141908;3;Gimnazjum w Małej Wsi 09-460 Mała Wieś ul. Jana Kochanowskiego 17;1119;169;169;16;153;15.10;9.47;1115;498;498;16;482;44.66;3.21
75284;141908;4;Niepubliczna Szkoła Podstawowa w Orszymowie 09-460 Orszymowo 53;987;136;136;10;126;13.78;7.35;1001;382;382;20;362;38.16;5.24
75285;141908;5;Szkoła Podstawowa w Dzierżanowie 09-460 Dzierżanowo 53;722;58;58;6;52;8.03;10.34;726;240;240;14;226;33.06;5.83
90701;141908;6;Dom Pomocy Społecznej w Zakrzewie Kościelnym 09-460 Zakrzewo Kościelne 14;67;45;45;7;38;67.16;15.56;67;37;37;6;31;55.22;16.22
75286;141909;1;Szkoła Podstawowa 09-505 Nowy Duninów ul. Gostynińska 1;897;152;152;10;142;16.95;6.58;899;419;419;29;390;46.61;6.92
75287;141909;2;Szkoła Podstawowa 09-505 Nowy Duninów ul. Gostynińska 1;768;103;103;3;100;13.41;2.91;774;306;306;18;288;39.53;5.88
75288;141909;3;Szkoła Podstawowa 09-505 Lipianki 28A;282;34;34;1;33;12.06;2.94;287;114;114;6;108;39.72;5.26
75289;141909;4;Szkoła Podstawowa 09-506 Soczewka ks. Pawła Kwiatkowskiego 1;533;102;102;4;98;19.14;3.92;528;241;241;12;229;45.64;4.98
75290;141909;5;Szkoła Podstawowa 09-506 Soczewka ks. Pawła Kwiatkowksiego 1;746;133;133;7;126;17.83;5.26;758;342;342;18;324;45.12;5.26
75291;141910;1;Zespół Szkół w Radzanowie 09-451 Radzanowo ul. Szkolna 16;979;214;214;10;204;21.86;4.67;970;540;540;18;522;55.67;3.33
75292;141910;2;Centrum Kultury i Sportu w Radzanowie 09-451 Radzanowo ul. Szkolna 3;1128;168;168;3;165;14.89;1.79;1131;497;497;16;481;43.94;3.22
75293;141910;3;Remiza Ochotniczej Straży Pożarnej w Woźnikach 09-451 Woźniki 33;481;62;62;3;59;12.89;4.84;487;190;190;10;180;39.01;5.26
75294;141910;4;Szkoła Podstawowa w Ciółkówku 09-451 Ciółkówko 30B;1086;95;95;3;92;8.75;3.16;1086;444;444;22;422;40.88;4.95
75295;141910;5;Przedszkole Niepubliczne w „Małolatek” w Stróżewku 09-410 Stróżewko 47/2;1387;255;255;2;253;18.39;0.78;1437;738;738;14;724;51.36;1.90
75296;141910;6;Szkoła Podstawowa im. Cz. Hińca w Rogozinie 09-410 Rogozino ul. Mazowiecka 25;1307;202;202;3;199;15.46;1.49;1355;668;668;19;649;49.30;2.84
75297;141911;1;Szkoła Podstawowa w Świniarach 09-533 Wiączemin Polski 4;518;73;73;6;67;14.09;8.22;511;191;191;15;176;37.38;7.85
75298;141911;2;Szkoła Podstawowa w Piotrkówku 09-533 Piotrkówek 75;637;103;103;4;99;16.17;3.88;644;264;264;8;256;40.99;3.03
75299;141911;3;Remiza OSP w Juliszewie 09-533 Juliszew 17;570;98;98;5;93;17.19;5.10;570;255;255;13;242;44.74;5.10
75300;141911;4;Remiza OSP w Łaziskach 09-533 Bończa 28;441;87;87;8;79;19.73;9.20;447;177;177;14;163;39.60;7.91
75301;141911;5;Gminna Biblioteka Publiczna w Słubicach 09-533 Słubice Krakowska 2;803;167;167;17;150;20.80;10.18;798;402;402;18;384;50.38;4.48
75302;141911;6;Szkoła Podstawowa w Słubicach 09-533 Słubice Płocka 28;736;139;139;13;126;18.89;9.35;721;347;347;30;317;48.13;8.65
75303;141912;1;Świetlica Wiejska w Bielinie 09-410 Bielino 23;786;197;197;7;190;25.06;3.55;808;427;427;8;419;52.85;1.87
75304;141912;2;Szkoła Podstawowa w Liszynie 09-410 Liszyno ul. Wawrzyńca Sikory 19;570;85;85;6;79;14.91;7.06;589;262;262;14;248;44.48;5.34
75305;141912;3;Remiza OSP w Mijakowie 09-472 Mijakowo 3;861;150;150;16;134;17.42;10.67;862;358;358;10;348;41.53;2.79
75306;141912;4;Świetlica Wiejska w Mirosławiu 09-472 Mirosław 23;371;58;58;8;50;15.63;13.79;368;147;147;9;138;39.95;6.12
75307;141912;5;PTHT Izobud Nowe Gulczewo 09-410 Nowe Gulczewo ul.Ketlinga 19;451;133;133;2;131;29.49;1.50;471;338;338;0;338;71.76;0.00
75308;141912;6;Autoserwis Mazowsze Nowe Gulczewo 09-410 Nowe Gulczewo ul.Skrzetuskiego 11;398;125;125;1;124;31.41;0.80;417;283;283;4;279;67.87;1.41
75309;141912;7;Gminny Ośrodek Kultury Słupno z/s w Cekanowie 09-472 Cekanowo ul.Królewska 28a;598;175;175;2;173;29.26;1.14;647;453;453;3;450;70.02;0.66
75310;141912;8;Gminny Ośrodek Pomocy Społecznej w Słupnie 09-472 Słupno ul.Warszawska 26a;701;170;170;4;166;24.25;2.35;738;430;430;6;424;58.27;1.40
75311;141912;9;Urząd Gminy w Słupnie 09-472 Słupno ul.Miszewska 8a;706;216;216;4;212;30.59;1.85;717;483;483;10;473;67.36;2.07
75312;141913;1;Zespół Szkół 09-400 Maszewo Duże ul.Szkolna 14;1841;335;335;14;321;18.20;4.18;1908;1006;1006;23;983;52.73;2.29
75313;141913;2;Zespół Szkół 09-412 Stare Proboszczewice ul. Floriańska 4;2054;268;268;20;248;13.05;7.46;2062;932;932;29;903;45.20;3.11
75314;141913;3;Szkoła Podstawowa 09-411 Stara Biała 53;1164;285;285;7;278;24.48;2.46;1175;640;640;17;623;54.47;2.66
75315;141913;4;Świetlica Wiejska 09-411 Bronowo-Zalesie 66A;866;126;126;6;120;14.55;4.76;857;361;361;19;342;42.12;5.26
75316;141913;5;Zespół Szkolno-Przedszkolny 09-411 Wyszyna 2;1029;209;209;9;200;20.31;4.31;1052;516;516;23;493;49.05;4.46
75317;141913;6;Remiza OSP 09-400 Maszewo 20a;942;317;317;13;304;33.65;4.10;983;637;637;13;624;64.80;2.04
75318;141913;7;Szkoła Podstawowa 09-411 Stara Biała 53;703;124;124;7;117;17.64;5.65;713;343;343;16;327;48.11;4.66
90702;141913;8;Dom Pomocy Społecznej 09-400 Brwilno 68;78;44;44;4;40;56.41;9.09;76;53;53;1;52;69.74;1.89
75319;141914;1;Szkoła Podstawowa w Staroźrebach 09-440 Staroźreby ul. Szkolna 7;1228;228;228;12;216;18.57;5.26;1256;605;605;24;581;48.17;3.97
75320;141914;2;Szkoła Podstawowa w Staroźrebach 09-440 Staroźreby ul. Szkolna 7;882;150;150;13;137;17.01;8.67;887;395;395;11;384;44.53;2.78
75321;141914;3;Szkoła Podstawowa w Nowej Górze 09-440 Nowa Góra Szkolna 6;717;66;66;1;65;9.21;1.52;708;252;252;10;242;35.59;3.97
75322;141914;4;Szkoła Podstawowa w Nowej Górze 09-440 Nowa Góra Szkolna 6;919;135;135;11;124;14.69;8.15;916;369;369;20;349;40.28;5.42
75323;141914;5;Szkoła Podstawowa 09-440 Smardzewo 4;360;60;60;5;55;16.67;8.33;362;160;160;15;145;44.20;9.38
75324;141914;6;Remiza OSP 09-440 Sędek 18A;338;38;38;2;36;11.24;5.26;337;129;129;11;118;38.28;8.53
75325;141914;7;Szkoła Podstawowa 09-440 Przeciszewo 26;319;28;28;2;26;8.78;7.14;317;89;89;0;89;28.08;0.00
75326;141914;8;Remiza OSP 09-440 Zdziar Wielki 3A;723;83;83;4;79;11.48;4.82;700;222;222;11;211;31.71;4.95
75327;141914;9;Świetlica Wiejska 09-440 Nowa Wieś 7B;419;91;91;10;81;21.72;10.99;417;162;162;13;149;38.85;8.02
75328;141915;1;Sala Posiedzeń przy Hali Sportowej 09-450 Wyszogród ul. Niepodległości 11;721;146;146;5;141;20.25;3.42;719;373;373;17;356;51.88;4.56
75329;141915;2;Gimnazjum w Wyszogrodzie 09-450 Wyszogród ul. Niepodległości 11b;682;104;104;7;97;15.25;6.73;692;261;262;6;255;37.72;2.30
75330;141915;3;Hala Sportowa 09-450 Wyszogród ul. Niepodległości 11;790;148;148;7;141;18.73;4.73;764;322;322;11;311;42.15;3.42
75331;141915;4;Remiza OSP 09-450 Drwały 20;827;122;122;6;116;14.75;4.92;794;281;281;8;273;35.39;2.85
75332;141915;5;Szkoła Podstawowa 09-450 Rębowo 41;732;92;92;1;91;12.57;1.09;717;263;263;12;251;36.68;4.56
75333;141915;6;Szkoła Podstawowa 09-450 Kobylniki 51;994;85;85;5;80;8.55;5.88;979;305;305;10;295;31.15;3.28
90703;141915;7;Dom Pomocy Społecznej 09-450 Wyszogród ul. Niepodległości 5A;25;25;25;7;18;100.00;28.00;23;15;15;2;13;65.22;13.33
75334;142001;1;Przedsiębiorstwo Energetyki Cieplnej w Płońsku Sp. z o.o. 09-100 Płońsk ul. Przemysłowa 2;781;127;127;1;126;16.26;0.79;795;417;417;12;405;52.45;2.88
75335;142001;2;Przedszkole Nr 1 09-100 Płońsk ul. Kolejowa 5;764;163;163;6;157;21.34;3.68;762;422;422;10;412;55.38;2.37
75336;142001;3;Zespół Szkól Nr 2 im. L. Rutkowskiego 09-100 Płońsk ul. Związku Walki Młodych 10;775;126;126;2;124;16.26;1.59;775;382;382;14;368;49.29;3.66
75337;142001;4;Przedsiębiorstwo Gospodarki Komunalnej Sp. z o.o. w Płońsku 09-100 Płońsk ul. Mickiewicza 4;801;195;195;5;190;24.34;2.56;779;427;427;9;418;54.81;2.11
75338;142001;5;Zakład Gospodarki Mieszkaniowej (Biblioteka Pedagogiczna) 09-100 Płońsk ul. Warszawska 7;711;105;105;6;99;14.77;5.71;675;249;249;2;247;36.89;0.80
75339;142001;6;Gimnazjum Publiczne Nr 2 im. Bolesława Chrobrego 09-100 Płońsk ul. Wolności 4;1649;294;294;12;282;17.83;4.08;1605;707;707;21;686;44.05;2.97
75340;142001;7;Zespół Szkół Ogólnokształcących 09-100 Płońsk ul. Płocka 56;1698;325;325;11;314;19.14;3.38;1674;891;891;13;878;53.23;1.46
75341;142001;8;Szkoła Podstawowa Nr 2 09-100 Płońsk ul. Bronisławy Bronisława i Władysława Wieczorków 30;1593;328;328;17;311;20.59;5.18;1605;899;899;24;875;56.01;2.67
75342;142001;9;Punkt Profilaktyki Uzależnień i Pomocy Rodzinie 09-100 Płońsk ul. Św. Maksymiliana Kolbe 9;1932;336;336;16;320;17.39;4.76;1951;962;962;14;948;49.31;1.46
75343;142001;10;Przedszkole nr 2 im. Przyjaciół Kubusia Puchatka 09-100 Płońsk ul. Zacisze 6;914;168;168;7;161;18.38;4.17;876;410;410;10;400;46.80;2.44
75344;142001;11;Zespół Szkół nr 3 09-100 Płońsk ul. Młodzieżowa 11A;799;147;147;6;141;18.40;4.08;779;297;297;11;286;38.13;3.70
75345;142001;12;Szkoła Podstawowa nr 2 09-100 Płońsk ul. Grunwaldzka 67B;862;153;153;2;151;17.75;1.31;850;358;358;17;341;42.12;4.75
75346;142001;13;Gimnazjum Nr 1 im. Papieża Jana Pawła II 09-100 Płońsk ul. Ks. Romualda Jaworskiego 25;938;222;222;7;215;23.67;3.15;904;494;494;12;482;54.65;2.43
75347;142001;14;Przedszkole nr 4 „Pod zielonym listkiem” 09-100 Płońsk ul. Padlewskiego 3;814;134;134;5;129;16.46;3.73;809;286;286;9;277;35.35;3.15
75348;142001;15;Zespół Szkół nr 1 09-100 Płońsk ul. Henryka Sienkiewicza 8;941;161;161;4;157;17.11;2.48;912;456;456;19;437;50.00;4.17
75349;142001;16;Towarzystwo Budownictwa Społecznego w Płońsku Sp. z o.o. 09-100 Płońsk ul. Łąkowa 2;940;159;159;3;156;16.91;1.89;906;474;474;8;466;52.32;1.69
75350;142001;17;Miejska Biblioteka Publiczna im. Henryka Sienkiewicza 09-100 Płońsk ul. Północna 15B;961;215;215;11;204;22.37;5.12;932;492;492;6;486;52.79;1.22
90704;142001;18;Areszt Śledczy w Płońsku 09-100 Płońsk ul. Warszawska 49;109;44;44;8;36;40.37;18.18;110;54;54;8;46;49.09;14.81
90705;142001;19;Samodzielny Publiczny Zespół Zakładów Opieki Zdrowotnej w Płońsku 09-100 Płońsk ul. Sienkiewicza 7;63;2;2;0;2;3.17;0.00;37;7;7;0;7;18.92;0.00
90706;142001;20;Zakład Opiekuńczo Leczniczy w Płońsku 09-100 Płońsk ul. Ks. Romualda Jaworskiego 3;52;14;14;0;14;26.92;0.00;53;21;21;0;21;39.62;0.00
75351;142002;1;Miejskie Centrum Kultury Sportu i Rekreacji w Raciążu 09-140 Raciąż ul.Parkowa 14;1278;240;240;16;224;18.78;6.67;1275;578;578;23;555;45.33;3.98
75352;142002;2;Miejski Zespół Szkół w Raciążu 09-140 Raciąż ul. Kilińskiego 62B;1278;147;147;5;142;11.50;3.40;1243;515;515;22;493;41.43;4.27
75353;142002;3;Gminna Spółdzielnia „SCh” w Raciążu 09-140 Raciąż ul. Płocka 33;1160;205;205;8;197;17.67;3.90;1179;537;537;23;514;45.55;4.28
75354;142003;1;Hala Sportowa w Baboszewie 09-130 Baboszewo ul. Jana i Antoniego Brodeckich 6A;1452;197;197;5;192;13.57;2.54;1445;553;553;14;539;38.27;2.53
75355;142003;2;Urząd Gminy w Baboszewie 09-130 Baboszewo ul. Warszawska 9A;1604;317;317;7;310;19.76;2.21;1627;770;770;17;753;47.33;2.21
75356;142003;3;Świetlica Wiejska w Rzewinie 09-130 Rzewin 34;693;76;76;0;76;10.97;0.00;714;225;225;10;215;31.51;4.44
75357;142003;4;Szkoła Podstawowa w Polesiu 09-130 Polesie 9;869;137;137;3;134;15.77;2.19;858;344;344;19;325;40.09;5.52
75358;142003;5;Szkoła Podstawowa w Sarbiewie 09-130 Sarbiewo 17;935;137;137;5;132;14.65;3.65;984;407;407;19;388;41.36;4.67
75359;142003;6;Szkoła Podstawowa w Mystkowie 09-130 Mystkowo 52;767;102;102;4;98;13.30;3.92;770;258;258;14;244;33.51;5.43
75360;142004;1;Gminny Zespół Szkół w Czerwińsku nad Wisłą 09-150 Czerwińsk nad Wisłą ul. Warszawska 1;1990;227;227;9;218;11.41;3.96;2001;778;778;24;754;38.88;3.08
75361;142004;2;Szkoła Podstawowa w Nowym Radzikowie 09-151 Nowe Radzikowo 36;844;56;56;4;52;6.64;7.14;836;261;261;8;253;31.22;3.07
75362;142004;3;Szkoła Podstawowa w Goławinie 09-151 Goławin 49C;1379;62;62;1;61;4.50;1.61;1357;365;365;9;356;26.90;2.47
75363;142004;4;Szkoła Podstawowa w Chociszewie 09-150 Chociszewo 47;1267;86;86;7;79;6.79;8.14;1293;375;375;28;347;29.00;7.47
75364;142004;5;Budynek po Szkole w Gawarcu Górnym 09-150 Gawarzec Górny 21;802;60;60;3;57;7.48;5.00;805;302;302;13;289;37.52;4.30
75365;142005;1;Zespół Szkół w Dzierzążni 09-164 Dzierzążnia 57;1148;176;176;11;165;15.33;6.25;1150;495;495;19;476;43.04;3.84
75366;142005;2;Zespół Szkół w Dzierzążni 09-164 Dzierzążnia 57;789;106;106;2;104;13.43;1.89;792;296;296;9;287;37.37;3.04
75367;142005;3;Szkoła Podstawowa w Nowych Kucicach 09-164 Nowe Kucice 46;1181;169;169;13;156;14.31;7.69;1163;441;441;18;423;37.92;4.08
75368;142006;1;Zespół Szkół w Jońcu 09-131 Joniec 69;949;158;158;8;150;16.65;5.06;945;420;420;26;394;44.44;6.19
75369;142006;2;Szkoła Podstawowa w Królewie 09-131 Królewo 58;456;83;83;2;81;18.20;2.41;467;235;235;10;225;50.32;4.26
75370;142006;3;Budynek Remizy Ochotniczej Straży Pożarnej w Starej Wronie 09-131 Stara Wrona 14;752;77;77;2;75;10.24;2.60;751;288;288;12;276;38.35;4.17
90707;142006;4;Palium Sp. z o.o. w Nowym Mieście Zakład Opiekuńczo-Leczniczy w Jońcu 09-131 Joniec 51;39;25;25;5;20;64.10;20.00;37;23;23;1;22;62.16;4.35
75371;142007;1;Zespół Szkół w Naruszewie 09-152 Naruszewo 17;1045;127;127;7;120;12.15;5.51;1056;355;355;19;336;33.62;5.35
75372;142007;2;Szkoła Podstawowa w Radzyminku 09-152 Radzyminek 17;1063;82;82;2;80;7.71;2.44;1077;316;316;23;293;29.34;7.28
75373;142007;3;Szkoła Podstawowa w Zaborowie 09-162 Zaborowo 77;561;46;46;2;44;8.20;4.35;553;170;170;14;156;30.74;8.24
75374;142007;4;Zespół Szkół w Nacpolsku 09-162 Nacpolsk 18;1574;164;164;9;155;10.42;5.49;1551;549;549;27;522;35.40;4.92
75375;142007;5;Remiza Ochotniczej Straży Pożarnej w Strzembowie 09-152 Strzembowo 20C;968;67;67;2;65;6.92;2.99;979;282;282;5;277;28.80;1.77
75376;142008;1;Szkoła Podstawowa w Gościminie Wielkim 09-120 Gościmin Wielki 47;763;99;99;10;89;12.98;10.10;766;289;289;20;269;37.73;6.92
75377;142008;2;Remiza Ochotniczej Straży Pożarnej w Latonicach 09-120 Latonice 3;1031;98;98;3;95;9.51;3.06;1033;387;387;20;367;37.46;5.17
75378;142008;3;Zespół Szkół im. Integracji Europejskiej w Nowym Mieście 09-120 Nowe Miasto ul. Ciechanowska 15;734;91;91;3;88;12.40;3.30;741;256;256;8;248;34.55;3.12
75379;142008;4;Hala Sportowa 09-120 Nowe Miasto ul. Ciechanowska 15;1327;251;251;11;240;18.91;4.38;1320;652;652;42;610;49.39;6.44
75380;142009;1;Sala konferencyjna Urzędu Gminy w Płońsku 09-100 Płońsk ul. 19 Stycznia 39;991;129;129;6;123;13.02;4.65;992;446;446;11;435;44.96;2.47
75381;142009;2;Świetlica w Słoszewie 09-100 Słoszewo Kolonia 14 a;428;50;50;3;47;11.68;6.00;438;175;175;6;169;39.95;3.43
75382;142009;3;Świetlica w Strachowie 09-100 Strachowo 6a;532;74;74;6;68;13.91;8.11;556;249;249;11;238;44.78;4.42
75383;142009;4;Zespół Szkół w Lisewie 09-100 Lisewo 48;535;67;67;5;62;12.52;7.46;540;195;195;9;186;36.11;4.62
75384;142009;5;Filia Publicznej Szkoły Podstawowej w Siedlinie 09-100 Arcelin ul. Bitwy Arcelińskiej 4;357;50;50;0;50;14.01;0.00;366;142;142;8;134;38.80;5.63
75385;142009;6;Zespół Szkół im. Księdza Prymasa Kardynała Stefana Wyszyńskiego w Siedlinie 09-100 Siedlin ul. Jana Pawła II 12;1385;150;150;14;136;10.83;9.33;1393;547;547;17;530;39.27;3.11
75386;142009;7;Świetlica w Skarżynie 09-100 Skarżyn ul. Aleja Lipowa 16;811;118;118;4;114;14.55;3.39;811;332;332;7;325;40.94;2.11
75387;142009;8;Świetlica w Szerominku 09-100 Szerominek ul. Płońska 53;1011;129;129;11;118;12.76;8.53;511;196;196;13;183;38.36;6.63
75388;142010;1;Zespół Szkół w Starym Gralewie 09-166 Stare Gralewo 13;1849;230;230;16;214;12.44;6.96;1820;639;639;44;595;35.11;6.89
75389;142010;2;Zespół Szkół w Uniecku 09-140 Unieck 80;1367;188;188;19;169;13.75;10.11;1349;534;534;27;507;39.58;5.06
75390;142010;3;Zespół Szkół w Koziebrodach 09-140 Koziebrody 2;910;134;134;6;128;14.73;4.48;900;337;337;31;306;37.44;9.20
75391;142010;4;Zespół Szkół w Raciążu 09-140 Raciąż ul. Kilińskiego 64;1868;185;185;6;179;9.90;3.24;1838;629;629;44;585;34.22;7.00
75392;142010;5;Zespół Szkół w Krajkowie 09-140 Krajkowo 8;881;150;150;4;146;17.03;2.67;865;352;352;20;332;40.69;5.68
90708;142010;6;Poradnia Rodzinna „Zdrowie” z siedzibą w Płońsku, Zakład Opiekuńczo-Leczniczy Kraszewo-Czubaki 09-140 Kraszewo-Czubaki Kraszewo-Czubaki 23a;250;35;35;5;30;14.00;14.29;350;83;83;8;75;23.71;9.64
75393;142011;1;Publiczny Zespół Szkół i Przedszkoli Samorządowych 09-110 Sochocin ul. Szkolna 17;1637;284;284;7;277;17.35;2.46;1615;757;757;26;731;46.87;3.43
75394;142011;2;Gminny Ośrodek Kultury 09-110 Sochocin ul. Guzikarzy 8A;1311;170;170;3;167;12.97;1.76;1304;501;501;11;490;38.42;2.20
75395;142011;3;Szkoła Podstawowa 09-110 Smardzewo 85;804;98;98;1;97;12.19;1.02;811;276;276;7;269;34.03;2.54
75396;142011;4;Szkoła Podstawowa 09-110 Kołoząb 31;1085;143;143;3;140;13.18;2.10;1071;431;431;18;413;40.24;4.18
75397;142012;1;Urząd Gminy w Załuskach 09-142 Załuski 67;967;99;99;2;97;10.24;2.02;965;288;288;19;269;29.84;6.60
75398;142012;2;Szkoła Podstawowa im. Władysława St. Reymonta w Stróżewie 09-142 Stróżewo 50;564;97;97;4;93;17.20;4.12;553;224;224;14;210;40.51;6.25
75399;142012;3;Zespół Szkół Ogólnokształcących w Szczytnie 09-142 Szczytno 8;1032;176;176;14;162;17.05;7.95;1055;417;417;17;400;39.53;4.08
75400;142012;4;Zespół Szkół Ogólnokształcących w Kroczewie 09-142 Kroczewo 136;907;178;178;5;173;19.63;2.81;922;396;396;17;379;42.95;4.29
75401;142012;5;Szkoła Podstawowa im. Ks. Jana Twardowskiego w Kamienicy 09-142 Kamienica 44A;1037;69;69;4;65;6.65;5.80;1029;318;318;23;295;30.90;7.23
75402;142101;1;Szkoła Podstawowa Nr 1 05-820 Piastów ul. J. Brandta 22;2178;882;882;15;867;40.50;1.70;2259;1574;1575;15;1559;69.68;0.95
75403;142101;2;Przedszkole nr. 3 05-820 Piastów ul. C.Godebskiego 21;1968;666;666;7;659;33.84;1.05;1983;1225;1225;12;1213;61.78;0.98
75404;142101;3;Gimnazjum Nr 2 05-820 Piastów Al.Tysiąclecia 5;1954;660;660;16;644;33.78;2.42;1908;1172;1172;15;1157;61.43;1.28
75405;142101;4;Przedszkole Nr 4 05-820 Piastów ul. Żbikowska 5;1675;498;498;5;493;29.73;1.00;1637;1035;1035;17;1018;63.23;1.64
75406;142101;5;Klub Novus 05-820 Piastów ul. I.Skorupki 2;1862;650;650;16;634;34.91;2.46;1849;1213;1213;18;1195;65.60;1.48
75407;142101;6;Miejski Ośrodek Kultury 05-820 Piastów ul. Warszawska 24;1544;481;481;11;470;31.15;2.29;1553;1009;1009;18;991;64.97;1.78
75408;142101;7;Szkoła Podstawowa Nr 2 05-820 Piastów Al. Krakowska 20;1161;426;426;6;420;36.69;1.41;1177;759;759;10;749;64.49;1.32
75409;142101;8;Szkoła Podstawowa Nr 4 05-820 Piastów ul. Żbikowska 25;2088;665;665;20;645;31.85;3.01;2065;1345;1345;20;1325;65.13;1.49
75410;142101;9;Gimnazjum Nr 1 05-820 Piastów ul. K. Pułaskiego 6/8;2072;663;663;13;650;32.00;1.96;2044;1313;1313;24;1289;64.24;1.83
75411;142101;10;Zespół Szkół 05-820 Piastów ul. K. Namysłowskiego 11;1612;529;529;10;519;32.82;1.89;1718;1110;1110;17;1093;64.61;1.53
75412;142102;1;Społeczne Liceum Ogólnokształcące Nr 23 05-800 Pruszków, Żbików ul. Polskiej Organizacji Wojskowej 10;1863;449;449;10;439;24.10;2.23;1876;1046;1046;25;1021;55.76;2.39
75413;142102;2;Szpital Kolejowy im. Włodzimierza Roeflera 05-800 Pruszków, Żbików ul. Warsztatowa 1;2220;558;558;14;544;25.14;2.51;1518;942;942;16;926;62.06;1.70
75414;142102;3;Przedszkole Miejskie Nr 8 05-800 Pruszków, Żbików ul. 3-go Maja 67;1936;413;413;8;405;21.33;1.94;1891;966;966;17;949;51.08;1.76
75415;142102;4;Szkoła Podstawowa nr 9 05-800 Pruszków, Żbików ul. Mostowa 6;1878;540;540;14;526;28.75;2.59;1893;1239;1239;16;1223;65.45;1.29
75416;142102;5;Zespół Szkół nr 1 05-800 Pruszków, Gąsin ul. Promyka 24/26;1220;324;324;9;315;26.56;2.78;1209;712;712;12;700;58.89;1.69
75417;142102;6;Miejskie Przedszkole Nr 14 05-800 Pruszków ul. Jasna 2;1316;388;388;6;382;29.48;1.55;1283;763;763;15;748;59.47;1.97
75418;142102;7;Szkoła Podstawowa Nr 2 05-800 Pruszków ul. Jasna 2;2158;641;641;16;625;29.70;2.50;2129;1302;1302;23;1279;61.16;1.77
75419;142102;8;Zespół Szkół Technicznych i Ogólnokształcących 05-800 Pruszków ul. Gomulińskiego 2;2091;600;600;10;590;28.69;1.67;2049;1257;1257;15;1242;61.35;1.19
75420;142102;9;Miejski Ośrodek Pomocy Społecznej 05-800 Pruszków ul. Helenowska 3a;2295;720;720;18;702;31.37;2.50;2227;1414;1414;25;1389;63.49;1.77
75421;142102;10;Miejskie Przedszkole Nr 12 05-800 Pruszków, Wyględówek ul. Andrzeja 12;1825;693;693;17;676;37.97;2.45;1808;1177;1177;14;1163;65.10;1.19
75422;142102;11;Szkoła Podstawowa Nr 1 05-800 Pruszków, Tworki ul. Topolowa 10;1975;466;466;16;450;23.59;3.43;1963;1128;1128;17;1111;57.46;1.51
75423;142102;12;Przedszkole Niepubliczne „Jedynka” 05-800 Pruszków, Malichy ul. Sadowa 62;1475;590;590;3;587;40.00;0.51;1467;1054;1054;9;1045;71.85;0.85
75424;142102;13;Dzienny Dom Pomocy Społecznej 05-800 Pruszków, Ostoja ul. Księcia Józefa 1;2136;956;956;12;944;44.76;1.26;2104;1513;1513;14;1499;71.91;0.93
75425;142102;14;Liceum Ogólnokształcące im. Tadeusza Kościuszki 05-800 Pruszków, ul. Kościuszki 34;2056;677;677;16;661;32.93;2.36;2032;1242;1242;11;1231;61.12;0.89
75426;142102;15;Liceum Ogólnokształcące im. Tomasza Zana 05-800 Pruszków ul. I. Daszyńskiego 6;1515;436;436;18;418;28.78;4.13;1540;829;829;7;822;53.83;0.84
75427;142102;16;Szkoła Podstawowa Nr 8 05-800 Pruszków ul. Obrońców Pokoju 44;1568;363;363;6;357;23.15;1.65;1667;898;898;13;885;53.87;1.45
75428;142102;17;Gimazjum Nr 3 05-800 Pruszków Al. Wojska Polskiego 34;1721;555;555;19;536;32.25;3.42;1684;1024;1024;9;1015;60.81;0.88
75429;142102;18;Przedszkole Miejskie Nr 10 05-800 Pruszków ul. Chopina 13;2052;678;678;12;666;33.04;1.77;2010;1235;1235;16;1219;61.44;1.30
75430;142102;19;Spółdzielczy Dom Kultury 05-800 Pruszków ul. Hubala 5;1847;691;691;15;676;37.41;2.17;1804;1168;1168;5;1163;64.75;0.43
75431;142102;20;Gimnazjum Nr 3 05-800 Pruszków Al. Wojska Polskiego 34;2122;665;666;12;653;31.34;1.80;2230;1369;1369;18;1351;61.39;1.31
75432;142102;21;Szkoła Podstawowa Nr 6 05-800 Pruszków ul. Lipowa 31;1869;704;704;18;686;37.67;2.56;1939;1414;1414;16;1398;72.92;1.13
75433;142102;22;Gimnazjum Nr 4 im. Jana Pawła II 05-800 Pruszków ul. Hubala 4;1905;545;545;14;531;28.61;2.57;1894;1065;1065;13;1052;56.23;1.22
75434;142102;23;Budynek Administracji PSM 05-800 Pruszków Lalki 6/8;1254;425;425;13;412;33.89;3.06;1251;846;846;11;835;67.63;1.30
75435;142102;24;Przedszkole Miejskie Nr 13 05-800 Pruszków ul. Antka 7;1027;451;451;9;442;43.91;2.00;1044;772;772;8;764;73.95;1.04
75436;142102;25;Szkoła Podstawowa nr 10 05-800 Pruszków, Gąsin Pływacka 16;1335;395;395;3;392;29.59;0.76;1378;885;885;10;875;64.22;1.13
75437;142102;26;Miejskie Przedszkole nr 15 05-800 Pruszków Dębowa 8;1150;322;322;11;311;28.00;3.42;1120;671;671;15;656;59.91;2.24
90709;142102;27;Mazowieckie Specjalistyczne Centrum Zdrowia im. prof.d Jana Mazurkiewicza 05-800 Pruszków, Tworki Partyzantów 2/4;596;67;67;8;59;11.24;11.94;872;537;537;3;534;61.58;0.56
90710;142102;28;Szpital Kolejowy im. dr med. Włodzimierza Roeflera 05-800 Pruszków, Żbików Warsztatowa 1;197;39;39;4;35;19.80;10.26;636;118;118;10;108;18.55;8.47
90711;142102;29;Szpital Powiatowy 05-800 Pruszków Al. Armii Krajowej 2/4;16;15;15;0;15;93.75;0.00;147;46;46;0;46;31.29;0.00
75438;142103;1;Zespół Szkół nr 1 w Brwinowie 05-840 Brwinów ul. Piłsudskiego 11;1698;519;519;3;516;30.57;0.58;1679;1006;1006;13;993;59.92;1.29
75439;142103;2;Zespół Szkół nr 1 w Brwinowie 05-840 Brwinów ul. Piłsudskiego 11;985;275;275;3;272;27.92;1.09;1004;600;600;6;594;59.76;1.00
75440;142103;3;Sala Konferencyjna na Stadionie Miejskim w Brwinowie 05-840 Brwinów ul. Turystyczna 4;848;252;252;6;246;29.72;2.38;834;487;487;5;482;58.39;1.03
75441;142103;4;Niepubliczne Przedszkole Integracyjne Sióstr Rodziny Maryi 05-840 Brwinów ul. Szkolna 18;1456;473;473;5;468;32.49;1.06;1468;956;956;13;943;65.12;1.36
75442;142103;5;OSP w Brwinowie 05-840 Brwinów ul. Pszczelińska 3;1731;620;620;7;613;35.82;1.13;1723;1130;1130;12;1118;65.58;1.06
75443;142103;6;Gminny Ośrodek Kultury w Brwinowie 05-840 Brwinów ul. Wilsona 2;906;307;307;5;302;33.89;1.63;960;671;671;11;660;69.90;1.64
75444;142103;7;Samorządowe Przedszkole nr 1 w Brwinowie 05-840 Brwinów ul. Lilpopa 4;1881;716;716;7;709;38.06;0.98;1868;1293;1293;13;1280;69.22;1.01
75445;142103;8;Zespół Szkół Ogólnokształcących w Brwinowie 05-840 Brwinów ul. Żwirowa 16;926;357;357;4;353;38.55;1.12;950;631;631;2;629;66.42;0.32
75446;142103;9;OSP w Biskupicach 05-840 Biskupice 51;755;116;116;3;113;15.36;2.59;761;283;283;10;273;37.19;3.53
75447;142103;10;OSP w Mosznie 05-840 Moszna-Wieś 100;833;162;162;4;158;19.45;2.47;823;426;426;18;408;51.76;4.23
75448;142103;11;Dom Gościnny Zalewskich 05-804 Parzniew ul. 36 pp Legii Akademickiej 1;1136;286;286;7;279;25.18;2.45;1323;824;824;11;813;62.28;1.33
75449;142103;12;Ośrodek Rekolekcyjny 05-805 Kanie Nadarzyńska 21;1796;773;773;13;760;43.04;1.68;1859;1363;1363;10;1353;73.32;0.73
75450;142103;13;Świetlica GOK w Otrębusach 05-805 Kanie ul. Krótka 10;1046;465;465;9;456;44.46;1.94;1022;748;748;12;736;73.19;1.60
75451;142103;14;Zespół Szkół w Otrębusach 05-805 Otrębusy ul. Piaseckiego 2;975;380;380;6;374;38.97;1.58;1006;678;678;5;673;67.40;0.74
75452;142103;15;Świetlica GOK w Owczarni 05-807 Owczarnia ul. Cyprysowa 4;1083;431;431;10;421;39.80;2.32;1067;668;668;9;659;62.61;1.35
90043;142103;16;OSP Żółwin 05-807 Żółwin Nadarzyńska 25;1156;340;340;10;330;29.41;2.94;1219;751;751;13;738;61.61;1.73
75453;142104;1;Zespół Szkół w Michałowicach 05-816 Michałowice ul. Szkolna 15;1226;482;482;8;474;39.31;1.66;1224;889;889;10;879;72.63;1.12
75454;142104;2;Zespół Szkół w Michałowicach 05-816 Michałowice ul. Szkolna 15;1251;484;488;6;478;38.69;1.24;1270;875;875;15;860;68.90;1.71
75455;142104;3;Zespół Szkół w Michałowicach 05-816 Michałowice ul. Szkolna 15;1581;734;734;8;726;46.43;1.09;1575;1181;1181;12;1169;74.98;1.02
75456;142104;4;Urząd Gminy 05-816 Reguły ul. Aleja Powstańców Warszawy 1;1252;407;407;5;402;32.51;1.23;1329;926;926;14;912;69.68;1.51
75457;142104;5;Świetlica wiejska Pęcice 05-806 Pęcice ul. Zaułek 7;946;321;321;6;315;33.93;1.87;937;637;637;10;627;67.98;1.57
75458;142104;6;Świetlica wiejska Komorów 05-806 Komorów ul. Kaliszany 18;601;266;266;8;258;44.26;3.01;637;431;431;5;426;67.66;1.16
75459;142104;7;Zespół Szkół Ogólnokształcących, Komorów 05-806 Komorów ul. Aleja Marii Dąbrowskiej 12/20;1093;543;543;8;535;49.68;1.47;1065;840;840;5;835;78.87;0.60
75460;142104;8;Zespół Szkół Ogólnokształcących, Komorów 05-806 Komorów ul. Aleja Marii Dąbrowskiej 12/20;972;432;432;4;428;44.44;0.93;952;691;691;5;686;72.58;0.72
75461;142104;9;Zespół Szkół Ogólnokształcących, Komorów 05-806 Komorów ul. Aleja Marii Dąbrowskiej 12/20;915;458;460;5;453;50.05;1.09;907;671;671;6;665;73.98;0.89
75462;142104;10;Zespół Szkolno-Przedszkolny w Nowej Wsi 05-806 Nowa Wieś ul. Główna 96;1573;659;659;7;652;41.89;1.06;1592;1111;1111;12;1099;69.79;1.08
75463;142104;11;Świetlica Wiejska Nowa Wieś 05-806 Nowa Wieś ul. Główna 52A;1675;606;606;17;589;36.18;2.81;1703;1222;1222;19;1203;71.76;1.55
75464;142105;1;Szkoła Podstawowa w Nadarzynie 05-830 Nadarzyn ul. Sitarskich 4;1950;622;622;14;608;31.90;2.25;1993;1292;1292;25;1267;64.83;1.93
75465;142105;2;Nadarzyński Ośrodek Kultury w Nadarzynie 05-830 Nadarzyn Plac Poniatowskiego 42;1858;720;720;12;708;38.75;1.67;1967;1372;1372;18;1354;69.75;1.31
75466;142105;3;Remiza Ochotniczej Straży Pożarnej w Nadarzynie 05-830 Nadarzyn ul. Warszawska 15;1905;545;545;13;532;28.61;2.39;2048;1312;1312;24;1288;64.06;1.83
75467;142105;4;Szkoła Podstawowa w Ruścu 05-830 Nadarzyn ul. Szkolna 20;1650;435;435;5;430;26.36;1.15;1825;1100;1100;30;1070;60.27;2.73
75468;142105;5;Przedszkole Publiczne w Młochowie 05-831 Młochów ul. Źódlana 1;1987;427;427;7;420;21.49;1.64;2101;1272;1272;35;1237;60.54;2.75
75469;142106;1;Szkoła Podstawowa w Sękocinie 05-090 Słomin ul. Wierzbowa 5;931;301;301;7;294;32.33;2.33;939;594;594;7;587;63.26;1.18
75470;142106;2;Ochotnicza Straż Pożarna w Falentach 05-090 Falenty Aleja Hrabska 2;1809;517;518;14;503;28.58;2.71;1787;1107;1107;20;1087;61.95;1.81
75471;142106;3;Szkoła Podstawowa w Ładach 05-090 Dawidy Bankowe ul. Długa 49;1188;405;405;11;394;34.09;2.72;1227;831;831;14;817;67.73;1.68
75472;142106;4;Szkoła Podstawowa w Ładach 05-090 Dawidy Bankowe Długa 49;975;332;332;13;319;34.05;3.92;1033;713;713;9;704;69.02;1.26
75473;142106;5;Przedszkole Nr 1 w Raszynie 05-090 Raszyn ul. Pruszkowska 21C;1507;408;408;13;395;27.07;3.19;1531;964;966;17;947;62.97;1.76
75474;142106;6;Przedszkole Nr 1 w Raszynie 05-090 Raszyn ul. Pruszkowska 21C;1792;529;529;13;516;29.52;2.46;1815;1166;1166;19;1147;64.24;1.63
75475;142106;7;Przedszkole nr 1 w Raszynie 05-090 Raszyn ul. Pruszkowska 21 C;1117;237;237;10;227;21.22;4.22;1112;655;655;15;640;58.90;2.29
75476;142106;8;Gimnazjum Nr 1w Raszynie 05-090 Raszyn ul. Unii Europejskiej 1;1044;358;358;9;349;34.29;2.51;1056;686;686;14;672;64.96;2.04
75477;142106;9;Szkoła Podstawowa w Raszynie 05-090 Raszyn Szkolna 2;1424;499;499;11;488;35.04;2.20;1433;989;989;17;972;69.02;1.72
75478;142106;10;Świetlica Środowiskowa w Rybiu 05-090 Rybie ul. Spokojna 23;1320;371;371;11;360;28.11;2.96;1349;826;826;21;805;61.23;2.54
75479;142106;11;Świetlica Środowiskowa w Rybiu 05-090 Rybie ul. Spokojna 23;1162;327;327;4;323;28.14;1.22;1171;740;740;13;727;63.19;1.76
75480;142106;12;Świetlica Środowiskowa w Rybiu 05-090 Rybie ul. Spokojna 23;1446;429;429;10;419;29.67;2.33;1473;956;956;7;949;64.90;0.73
75481;142106;13;Dom Rolnika w Jaworowej 05-090 Jaworowa ul. Warszawska 95;613;148;148;6;142;24.14;4.05;621;376;376;13;363;60.55;3.46
75482;142201;1;Zespół Szkół Ponadgimnazjalnych 06-300 Przasnysz ul. Mazowiecka 25;1069;324;324;7;317;30.31;2.16;1067;597;597;7;590;55.95;1.17
75483;142201;2;Zespół Szkół Ponadgimnazjalnych 06-300 Przasnysz ul. Mazowiecka 25;850;175;175;7;168;20.59;4.00;869;408;408;11;397;46.95;2.70
75484;142201;3;Szkoła Podstawowa nr 2 06-300 Przasnysz ul. J. Kilińskiego 1;805;204;204;5;199;25.34;2.45;787;394;394;8;386;50.06;2.03
75485;142201;4;Ośrodek Sportu i Rekreacji 06-300 Przasnysz ul. Makowska 23;1216;235;235;11;224;19.33;4.68;1196;595;595;10;585;49.75;1.68
75486;142201;5;Miejskie Przedszkole nr 2 06-300 Przasnysz ul. Świerczewo 8;1376;255;255;10;245;18.53;3.92;1385;637;637;20;617;45.99;3.14
75487;142201;6;Szkoła Podstawowa nr 1 06-300 Przasnysz ul. Żwirki i Wigury 4;1228;259;259;3;256;21.09;1.16;1188;602;602;17;585;50.67;2.82
75488;142201;7;Szkoła Podstawowa nr 1 06-300 Przasnysz ul. Żwirki i Wigury 4;1047;292;292;10;282;27.89;3.42;1036;560;560;11;549;54.05;1.96
75489;142201;8;Szkoła Podstawowa nr 1 06-300 Przasnysz ul. Żwirki i Wigury 4;1038;277;277;3;274;26.69;1.08;1108;647;647;9;638;58.39;1.39
75490;142201;9;Szkoła Podstawowa nr 1 06-300 Przasnysz ul. Szkolna 2;928;223;223;8;215;24.03;3.59;884;466;466;15;451;52.71;3.22
75491;142201;10;Publiczne Gimnazjum 06-300 Przasnysz ul. Orlika 48;821;161;161;7;154;19.61;4.35;805;347;347;7;340;43.11;2.02
75492;142201;11;Miejskie Przedszkole nr 1 06-300 Przasnysz ul. Lipowa 8;1515;297;297;15;282;19.60;5.05;1465;698;698;25;673;47.65;3.58
75493;142201;12;Publiczne Gimnazjum 06-300 Przasnysz ul. Orlika 48;1589;385;385;9;376;24.23;2.34;1564;816;816;16;800;52.17;1.96
90712;142201;13;Dom Pomocy Społecznej 06-300 Przasnysz ul. Ruda 1;123;61;61;3;58;49.59;4.92;145;53;53;7;46;36.55;13.21
90713;142201;14;Samodzielny Publiczny Zespół Zakładów Opieki Zdrowotnej 06-300 Przasnysz ul. Sadowa 9;188;17;17;4;13;9.04;23.53;195;66;66;4;62;33.85;6.06
90714;142201;15;Dom Pomocy Społecznej Zgromadzenia Sióstr Miłosierdzia św. Wincentego a Paulo 06-300 Przasnysz ul. Świerczewo 9;58;19;19;2;17;32.76;10.53;94;59;59;5;54;62.77;8.47
75494;142202;1;Publiczne Gimnazjum 06-330 Chorzele Szkolna 4b;1086;207;207;18;189;19.06;8.70;1074;512;512;13;499;47.67;2.54
75495;142202;2;Publiczne Gimnazjum 06-330 Chorzele Szkolna 4b;1218;221;221;4;217;18.14;1.81;1235;545;545;9;536;44.13;1.65
75496;142202;3;Świetlica Wiejska 06-330 Nowa Wieś 14;494;62;62;6;56;12.55;9.68;482;150;150;13;137;31.12;8.67
75497;142202;4;Zespół Szkół 06-330 Duczymin 15;480;69;69;3;66;14.37;4.35;472;148;148;9;139;31.36;6.08
75498;142202;5;Zespół Szkół 06-330 Krzynowłoga Wielka 18;488;65;65;4;61;13.32;6.15;486;172;172;12;160;35.39;6.98
75499;142202;6;Świetlica Wiejska 06-330 Bagienice 37;401;60;60;5;55;14.96;8.33;402;161;161;6;155;40.05;3.73
75500;142202;7;Świetlica Ochotniczej Straży Pożarnej 06-330 Rycice 50;465;52;52;2;50;11.18;3.85;460;143;143;13;130;31.09;9.09
75501;142202;8;Publiczna Szkoła Podstawowa 06-330 Chorzele 4;450;51;51;3;48;11.33;5.88;449;196;196;16;180;43.65;8.16
75502;142202;9;Punkt Przedszkolny 06-333 Łaz 77;712;99;99;5;94;13.90;5.05;701;224;224;10;214;31.95;4.46
75503;142202;10;Zespół Szkół 06-333 Zaręby 41;721;116;116;2;114;16.09;1.72;692;259;259;11;248;37.43;4.25
75504;142202;11;Publiczna Szkoła Podstawowa Chorzele Poścień-Wieś 47;590;68;68;5;63;11.53;7.35;594;191;191;8;183;32.15;4.19
75505;142202;12;Publiczna Szkoła Podstawowa 06-333 Krukowo 87;458;58;58;3;55;12.66;5.17;448;168;168;12;156;37.50;7.14
75506;142202;13;Świetlica Wiejska Zaręby Rzodkiewnica 6a;501;47;47;2;45;9.38;4.26;492;135;135;9;126;27.44;6.67
75507;142203;1;OSP 06-415 Czernice Borowe ul. Stanisława Chełchowskiego 12;1103;165;165;4;161;14.96;2.42;1078;458;458;15;443;42.49;3.28
75508;142203;2;OSP 06-415 Pawłowo Kościelne 21;521;71;71;2;69;13.63;2.82;510;208;208;12;196;40.78;5.77
75509;142203;3;OSP 06-415 Rostkowo 38;838;159;159;6;153;18.97;3.77;840;388;388;17;371;46.19;4.38
75510;142203;4;OSP 06-415 Węgra 23;694;117;117;5;112;16.86;4.27;693;307;307;8;299;44.30;2.61
75511;142204;1;Zespół Placówek Oświatowych w Jednorożcu, Przedszkole Samorządowe 06-323 Jednorożec ul. Wintentego Witosa 4;1611;162;162;5;157;10.06;3.09;1607;543;543;11;532;33.79;2.03
75512;142204;2;Publiczne Gimnazjum 06-323 Jednorożec ul. Odrodzenia 13;1079;100;100;8;92;9.27;8.00;1096;284;284;17;267;25.91;5.99
75513;142204;3;Świtlica Wiejska 06-323 Małowidz 72a;317;33;33;1;32;10.41;3.03;299;100;100;8;92;33.44;8.00
75514;142204;4;Mieszkanie prywatne Pani Lucyny Popiołek 06-323 Kobylaki-Konopki 10;204;30;30;0;30;14.71;0.00;203;73;73;4;69;35.96;5.48
75515;142204;5;Szkoła Podstawowa 06-323 Lipa 64;506;56;56;3;53;11.07;5.36;494;196;196;16;180;39.68;8.16
75516;142204;6;Szkoła Podstawowa 06-323 Parciaki 22;628;115;115;4;111;18.31;3.48;628;284;284;15;269;45.22;5.28
75517;142204;7;Szkoła Podstawowa 06-323 Żelazna Rządowa 27A;452;65;65;1;64;14.38;1.54;443;157;157;15;142;35.44;9.55
75518;142204;8;Szkoła Podstawowa 06-323 Olszewka 80;461;82;82;4;78;17.79;4.88;449;158;158;9;149;35.19;5.70
75519;142204;9;Budynek po byłej szkole podstawowej w Połoni 06-323 Połoń 5;263;70;70;3;67;26.62;4.29;262;123;123;5;118;46.95;4.07
75520;142204;10;Remiza Strażacka 06-323 Budy Rządowe 29;161;45;45;3;42;27.95;6.67;164;72;72;6;66;43.90;8.33
75521;142205;1;Szkoła Podstawowa 06-408 Krasne ul.Spółdzielcza 1;1683;241;241;15;226;14.32;6.22;1681;679;679;32;647;40.39;4.71
75522;142205;2;Szkoła Podstawowa 06-408 Milewo-Szwejki 19;550;48;48;4;44;8.73;8.33;541;172;172;16;156;31.79;9.30
75523;142205;3;Szkoła Podstawowa 06-408 Zielona 37;842;137;137;6;131;16.27;4.38;834;333;333;19;314;39.93;5.71
75524;142206;1;Urząd Gminy Krzynowłoga Mała 06-316 Krzynowłoga Mała ul. Kościelna 3;1326;324;324;6;318;24.43;1.85;1305;658;658;23;635;50.42;3.50
75525;142206;2;Budynek byłej Szkoły Podstawowej w Świniarach 06-316 Świniary;182;36;36;0;36;19.78;0.00;182;85;85;1;84;46.70;1.18
75526;142206;3;Szkoła Podstawowa w Ulatowie-Adamach 06-316 Ulatowo-Adamy;381;30;30;0;30;7.87;0.00;383;133;133;1;132;34.73;0.75
75527;142206;4;Budynek byłej Szkoły Podstawowej w Grabowie-Rżańcach 06-316 Grabowo-Rżańce;190;21;21;0;21;11.05;0.00;188;51;51;2;49;27.13;3.92
75528;142206;5;Budynek byłej Szkoły Podstawowej w Rudnie Jeziorowym 06-316 Rudno Jeziorowe;213;52;52;1;51;24.41;1.92;209;95;95;3;92;45.45;3.16
75529;142206;6;Szkoła Podstawowa w Romanach-Seborach 06-300 Romany-Sebory;384;72;72;2;70;18.75;2.78;369;154;154;6;148;41.73;3.90
75530;142206;7;Świetlica wiejska w budynku OSP w Kakach-Mroczkach 06-316 Kaki-Mroczki;218;46;46;1;45;21.10;2.17;223;123;123;7;116;55.16;5.69
75531;142207;1;Szkoła Podstawowa 06-300 Obrąb 44;444;72;72;3;69;16.22;4.17;435;186;186;13;173;42.76;6.99
75532;142207;2;Zespół Szkół 06-300 Leszno 189;813;139;139;4;135;17.10;2.88;806;355;355;10;345;44.04;2.82
75533;142207;3;Gminna Biblioteka Publiczna w Bogatem 06-300 Bogate 57a;1208;171;171;8;163;14.16;4.68;1199;484;484;16;468;40.37;3.31
75534;142207;4;Oddział Przedszkolny 06-300 Dobrzankowo lokal: 98;454;58;58;0;58;12.78;0.00;439;172;172;7;165;39.18;4.07
75535;142207;5;Świetlica OSP 06-300 Karwacz 8;678;113;113;2;111;16.67;1.77;672;267;267;15;252;39.73;5.62
75536;142207;6;Budynek po byłej Szkole Podstawowej 06-300 Bartniki 65a;413;69;69;2;67;16.71;2.90;408;188;188;5;183;46.08;2.66
75537;142207;7;Zespół Szkół 06-300 Nowa Krępa 34a;658;129;129;5;124;19.60;3.88;655;287;287;6;281;43.82;2.09
75538;142207;8;Świetlica OSP 06-300 Szla 37a;381;69;69;3;66;18.11;4.35;385;172;172;10;162;44.68;5.81
75539;142207;9;Szkoła Podstawowa 06-300 Mchowo 41a;777;102;102;4;98;13.13;3.92;780;318;318;8;310;40.77;2.52
75540;142301;1;Zespół Szkół Ogólnokształcących Borkowice 26-422 Borkowice ul. Ks. Jana Wiśniewskiego 8;919;145;145;9;136;15.78;6.21;901;422;422;20;402;46.84;4.74
75541;142301;2;Przedszkole Samorządowe Ninków 26-422 Ninków 23;483;59;59;11;48;12.22;18.64;469;153;153;10;143;32.62;6.54
75542;142301;3;Zespół Szkół Ogólnokształcących Rzuców 26-422 Rzuców ul. Szkolna 33;1016;139;139;3;136;13.68;2.16;1006;391;391;16;375;38.87;4.09
75543;142301;4;Młodzieżowy Ośrodek Wychowawczy Rusinów 26-422 Rusinów 32;241;35;35;0;35;14.52;0.00;237;75;75;2;73;31.65;2.67
75544;142301;5;Gminny Ośrodek Kultury Borkowice 26-422 Borkowice ul. Ks. Jana Wiśniewskiego 7;1095;277;277;8;269;25.30;2.89;1068;554;554;15;539;51.87;2.71
75545;142302;1;Urząd Gminy Gielniów 26-434 Gielniów pl. Wolności 75;1368;220;220;16;204;16.08;7.27;1353;579;579;33;546;42.79;5.70
75546;142302;2;Publiczna Szkoła Podstawowa w Bielinach 26-434 Bieliny 99;728;128;128;5;123;17.58;3.91;725;388;388;19;369;53.52;4.90
75547;142302;3;Świetlica wiejska w Goździkowie 26-434 Goździków ul. Główna 45;683;117;117;5;112;17.13;4.27;677;321;321;7;314;47.42;2.18
75548;142302;4;Świetlica wiejska w Rozwadach 26-434 Rozwady 89;1107;142;142;7;135;12.83;4.93;1106;500;500;31;469;45.21;6.20
75549;142303;1;Zespół Szkół Samorządowych w Klwowie 26-415 Klwów ul. Przysuska 4;1074;409;409;15;394;38.08;3.67;1023;641;641;27;614;62.66;4.21
75550;142303;2;Remiza OSP w Sulgostowie 26-415 Sulgostów 59;438;151;151;3;148;34.47;1.99;425;258;258;9;249;60.71;3.49
75551;142303;3;Wiejskie Centrum Kultury w Przystałowicach Dużych 26-415 Przystałowice Duże 18;432;152;152;11;141;35.19;7.24;439;275;275;12;263;62.64;4.36
75552;142303;4;Publiczna Szkoła Podstawowa w Kłudnie 26-415 Kłudno 83;927;322;322;12;310;34.74;3.73;945;619;619;34;585;65.50;5.49
75553;142304;1;Publiczna Szkoła Podstawowa w Odrzywole 26-425 Odrzywół ul. Warszawska 51;922;333;333;3;330;36.12;0.90;932;558;558;13;545;59.87;2.33
75554;142304;2;Młodzieżowy Ośrodek Wychowawczy w Kolonii Ossie 26-425 Kolonia Ossa 40;643;165;165;3;162;25.66;1.82;629;289;289;7;282;45.95;2.42
75555;142304;3;Publiczna Szkoła Podstawowa w Myślakowicach 26-425 Myślakowice 1;425;73;73;2;71;17.18;2.74;414;205;205;12;193;49.52;5.85
75556;142304;4;Publiczna Szkoła Podstawowa w Odrzywole - Hala Sportowa w Odrzywole 26-425 Odrzywół ul. Warszawska 51;1336;386;386;13;373;28.89;3.37;1339;760;760;32;728;56.76;4.21
75557;142305;1;Urząd Gminy w Potworowie 26-414 Potworów ul. Radomska 2A;1192;210;210;8;202;17.62;3.81;1204;595;595;33;562;49.42;5.55
75558;142305;2;Dom Strażaka 26-414 Potworów ul. Radomska 2;1353;207;207;11;196;15.30;5.31;1356;577;577;19;558;42.55;3.29
75559;142305;3;Świetlica Wiejska w Rdzuchowie 26-414 Rdzuchów 50;313;47;47;4;43;15.02;8.51;314;136;136;8;128;43.31;5.88
75560;142305;4;Publiczna Szkoła Podstawowa 26-414 Wir 55;539;78;78;2;76;14.47;2.56;556;216;216;11;205;38.85;5.09
75561;142306;1;Dom Kultury w Przysusze 26-400 Przysucha ul. Radomska 9;1904;497;497;23;474;26.10;4.63;1842;1001;1001;26;975;54.34;2.60
75562;142306;2;Szkoła Podstawowa Nr 2 w Przysusze Osiedle Południe 26-400 Przysucha ul. Skowyry 41;2252;516;516;27;489;22.91;5.23;2212;1197;1197;34;1163;54.11;2.84
75563;142306;3;Szkoła Podstawowa Nr 1 w Przysusze 26-400 Przysucha ul. Krakowska 76;2284;538;538;12;526;23.56;2.23;2231;1176;1176;17;1159;52.71;1.45
75564;142306;4;Szkoła Podstawowa w Ruskim Brodzie 26-400 Ruski Bród ul. Główna 51;401;43;43;5;38;10.72;11.63;395;141;141;10;131;35.70;7.09
75565;142306;5;Szkoła Podstawowa w Skrzyńsku 26-400 Skrzyńsko ul. Wjazdowa 9;1666;283;283;6;277;16.99;2.12;1666;729;729;19;710;43.76;2.61
75566;142306;6;Świetlica w Smogorzowie 26-400 Smogorzów ul. Strażacka 1a;746;201;201;12;189;26.94;5.97;753;407;407;16;391;54.05;3.93
75567;142306;7;Świetlica w Janikowie 26-400 Janików ul. Górna 2;832;200;200;11;189;24.04;5.50;811;379;379;8;371;46.73;2.11
75568;142306;8;Świetlica w Dębinach 26-400 Dębiny Stare Dębiny 53;339;50;50;2;48;14.75;4.00;324;129;129;15;114;39.81;11.63
75569;142307;1;Świetlica Wiejska w Rusinowie 26-411 Rusinów ul. Strażacka 7;959;237;237;7;230;24.71;2.95;960;479;479;17;462;49.90;3.55
75570;142307;2;Publiczna Szkoła Podstawowa w Nieznamierowicach 26-411 Nieznamierowice 3;916;190;190;5;185;20.74;2.63;916;494;494;14;480;53.93;2.83
75571;142307;3;Zespół Oświatowy w Rusinowie 26-411 Rusinów Szkolna 47;1206;157;157;0;157;13.02;0.00;1176;502;502;16;486;42.69;3.19
75572;142307;4;Świetlica Wiejska w Bąkowie 26-411 Bąków 23A;544;164;164;2;162;30.15;1.22;540;327;327;13;314;60.56;3.98
75573;142308;1;Remiza OSP w Wieniawie 26-432 Wieniawa ul. Kochanowskiego 78A;1874;418;418;21;397;22.31;5.02;1844;924;924;36;888;50.11;3.90
75574;142308;2;Budynek po byłej Publicznej Szkole Podstawowej w Skrzynnie 26-432 Skrzynno ul. Kolejowa 1A;1614;298;298;16;282;18.46;5.37;1610;772;772;33;739;47.95;4.27
75575;142308;3;Budynek po byłej Publicznej Szkole Podstawowej w Brudnowie 26-432 Brudnów 37;567;79;79;7;72;13.93;8.86;558;221;221;8;213;39.61;3.62
75576;142308;4;Świetlica wiejska w Koryciskach 26-432 Koryciska 38;404;60;60;5;55;14.85;8.33;398;148;148;14;134;37.19;9.46
75577;142401;1;Świetlica Wiejska 06-126 Gzy 8;714;138;138;11;127;19.33;7.97;702;305;305;9;296;43.45;2.95
75578;142401;2;Publiczna Szkoła Podstawowa 06-126 Przewodowo Poduchowne 21;1104;175;175;3;172;15.85;1.71;1108;558;558;15;543;50.36;2.69
75579;142401;3;Lokal Gminy Gzy 06-126 Stare Grochy 8;282;63;63;1;62;22.34;1.59;284;162;162;4;158;57.04;2.47
75580;142401;4;Lokal Gminy Gzy 06-126 Szyszki Włościańskie 18;952;145;145;4;141;15.23;2.76;947;431;431;23;408;45.51;5.34
90715;142401;5;Dom Pomocy Społecznej 06-126 Ołdaki-Stefanowo 7;96;46;46;2;44;47.92;4.35;91;59;59;0;59;64.84;0.00
90716;142401;6;Zakład Opiekuńczo-Leczniczy 06-120 Tąsewy 8;75;28;28;4;24;37.33;14.29;77;25;25;5;20;32.47;20.00
75581;142402;1;Publiczna Szkoła Podstawowa w Obrytem 07-215 Obryte 114;1247;293;293;16;277;23.50;5.46;1247;678;678;24;654;54.37;3.54
75582;142402;2;Publiczna Szkoła Podstawowa w Obrytem Filia Psary 07-215 Psary 43;450;86;86;7;79;19.11;8.14;463;250;250;9;241;54.00;3.60
75583;142402;3;Szkoła Filialna w Gródku Rządowym 07-215 Gródek Rządowy 34;566;120;120;10;110;21.20;8.33;575;307;307;19;288;53.39;6.19
75584;142402;4;Szkoła Filialna im. Jana Pawła II w Sokołowie Włościańskim 07-215 Sokołowo Włościańskie 63;673;157;157;7;150;23.33;4.46;685;344;344;13;331;50.22;3.78
75585;142402;5;Szkoła Filialna im. Janusza Korczaka w Zambskach Kościelnych 07-215 Zambski Kościelne 33;453;84;84;7;77;18.54;8.33;456;263;263;24;239;57.68;9.13
75586;142402;6;Dom Pomocy Społecznej w Obrytem 07-215 Obryte 188;255;151;151;31;120;59.22;20.53;256;193;193;23;170;75.39;11.92
75587;142402;7;Gminny Dom Kultury we wsi Sadykierz 07-215 Sadykierz 54;284;58;58;4;54;20.42;6.90;284;138;138;9;129;48.59;6.52
75588;142403;1;Publiczne Gimnazjum z Oddziałami Integracyjnymi w Dzierżeninie 06-114 Dzierżenin 105;869;163;163;2;161;18.76;1.23;914;455;455;13;442;49.78;2.86
75589;142403;2;Publiczna Szkoła Podstawowa w Pobyłkowie Dużym 06-114 Pobyłkowo Duże 15;548;94;94;1;93;17.15;1.06;556;252;252;5;247;45.32;1.98
75590;142403;3;Publiczna Szkoła Podstawowa w Pokrzywnicy 06-121 Pokrzywnica al. Jana Pawła II 10;986;166;166;3;163;16.84;1.81;1044;490;490;41;449;46.93;8.37
75591;142403;4;Publiczna Szkoła Podstawowa w Nowym Niestępowie 06-121 Nowe Niestępowo 7;970;135;135;6;129;13.92;4.44;970;413;413;21;392;42.58;5.08
75592;142403;5;Publiczna Szkoła Podstawowa w Gzowie 06-114 Gzowo 5;478;73;73;2;71;15.27;2.74;496;234;234;8;226;47.18;3.42
75593;142404;1;Publiczna Szkoła Podstawowa w Bobach 06-100 Boby 15a;462;59;59;1;58;12.77;1.69;464;245;245;7;238;52.80;2.86
75594;142404;2;Zespół Szkolno - Przedszkolny w Przemiarowie 06-100 Przemiarowo 33;498;60;60;3;57;12.05;5.00;513;263;263;8;255;51.27;3.04
75595;142404;3;Świetlica Wiejska w Trzcińcu 06-100 Trzciniec 17;731;120;120;2;118;16.42;1.67;748;428;428;6;422;57.22;1.40
75596;142404;4;Galeria Sztuki „4 Strony Świata” w Pułtusku 06-100 Pułtusk ul. Plac Teatralny 4;658;95;95;5;90;14.44;5.26;675;349;349;8;341;51.70;2.29
75597;142404;5;Publiczna Szkoła Podstawowa im. Błogosławionego Jana Pawła II w Płocochowie 06-100 Płocochowo 72;876;146;146;1;145;16.67;0.68;866;425;425;9;416;49.08;2.12
75598;142404;6;Zespół Szkół Nr 2 z Oddziałami Integracyjnymi w Pułtusku 06-100 Pułtusk ul. Polna 7;638;125;125;0;125;19.59;0.00;642;331;331;7;324;51.56;2.11
75599;142404;7;Zespół Szkół Nr 2 z Oddziałami Integracyjnymi w Pułtusku 06-100 Pułtusk ul. Polna 7;1190;187;187;5;182;15.71;2.67;1193;584;584;17;567;48.95;2.91
75600;142404;8;Zespół Szkół Nr 2 z Oddziałami Integracyjnymi w Pułtusku 06-100 Pułtusk ul. Polna 7;1126;223;223;4;219;19.80;1.79;1121;602;602;16;586;53.70;2.66
75601;142404;9;Publiczne Gimnazjum Nr 1 im. Klaudyny Potockiej w Pułtusku 06-100 Pułtusk ul. Marii Konopnickiej 5;1078;186;186;4;182;17.25;2.15;1072;558;558;17;541;52.05;3.05
75602;142404;10;Miejskie Centrum Kultury i Sztuki w Pułtusku 06-100 Pułtusk ul. Plac Teatralny 4;960;200;200;6;194;20.83;3.00;957;506;506;9;497;52.87;1.78
75603;142404;11;Miejskie Centrum Kultury i Sztuki w Pułtusku 06-100 Pułtusk ul. Plac Teatralny 4;969;150;150;2;148;15.48;1.33;954;447;447;7;440;46.86;1.57
75604;142404;12;Publiczna Szkoła Podstawowa Nr 3 z Oddziałami Integracyjnymi im. Tadeusza Kościuszki w Pułtusku 06-100 Pułtusk ul. Aleja Tysiąclecia 14;677;162;162;0;162;23.93;0.00;750;430;430;6;424;57.33;1.40
75605;142404;13;Świetlica Osiedlowa 06-100 Pułtusk ul. Na Skarpie 10;763;135;135;2;133;17.69;1.48;736;404;404;18;386;54.89;4.46
75606;142404;14;Publiczna Szkoła Podstawowa Nr 3 z Oddziałami Integracyjnymi im. Tadeusza Kościuszki w Pułtusku 06-100 Pułtusk ul. Aleja Tysiąclecia 14;1046;222;222;3;219;21.22;1.35;1001;574;574;14;560;57.34;2.44
75607;142404;15;Zespół Szkół Nr 4 w Pułtusku z Klasami Sportowymi 06-100 Pułtusk ul. New Britain 1;814;181;181;2;179;22.24;1.10;811;390;390;15;375;48.09;3.85
75608;142404;16;Zespół Szkół Zawodowych im. Jana Ruszkowskiego w Pułtusku 06-100 Pułtusk ul. Aleja Tysiąclecia 12;810;103;103;2;101;12.72;1.94;821;290;290;12;278;35.32;4.14
75609;142404;17;Przedszkole Miejskie Nr 5 w Pułtusku 06-100 Pułtusk ul. 17 Stycznia 6;920;149;149;2;147;16.20;1.34;909;404;404;16;388;44.44;3.96
75610;142404;18;Żłobek Miejski w Pułtusku 06-100 Pułtusk ul. 13 Pułku Piechoty 1;1008;246;246;4;242;24.40;1.63;979;565;565;9;556;57.71;1.59
75611;142404;19;Specjalny Ośrodek Szkolno - Wychowawczy im. Anny Karłowicz w Pułtusku 06-100 Pułtusk ul. Aleja Tysiąclecia 12;1123;273;273;8;265;24.31;2.93;1146;673;673;15;658;58.73;2.23
75612;142404;20;Zespół Szkół Nr 4 w Pułtusku z Klasami Sportowymi 06-100 Pułtusk ul. New Britain 1;810;91;91;1;90;11.23;1.10;805;359;359;20;339;44.60;5.57
75613;142404;21;Przedszkole Miejskie Nr 4 z Oddziałami Integracyjnymi w Pułtusku 06-100 Pułtusk ul. Rafała Krajewskiego 3;1132;293;293;9;284;25.88;3.07;1131;630;630;8;622;55.70;1.27
75614;142404;22;Publiczne Gimnazjum Nr 1 im. Klaudyny Potockiej w Pułtusku 06-100 Pułtusk ul. Marii Konopnickiej 5;800;172;172;3;169;21.50;1.74;813;420;420;6;414;51.66;1.43
90717;142404;23;Szpital Powiatowy w Pułtusku Sp. z o.o. 06-100 Pułtusk ul. Teofila Kwiatkowskiego 19;31;11;11;0;11;35.48;0.00;58;26;26;1;25;44.83;3.85
75615;142405;1;Publiczne Gimnazjum w Świerczach 06-150 Świercze ul. Pułtuska 26C;911;165;165;5;160;18.11;3.03;926;447;447;20;427;48.27;4.47
75616;142405;2;Publiczna Szkoła Podstawowa w Świerczach 06-150 Świercze ul. Pułtuska 26A;842;101;101;3;98;12.00;2.97;851;278;278;8;270;32.67;2.88
75617;142405;3;Publiczna Szkoła Podstawowa w Strzegocinie 06-150 Strzegocin 4;884;99;99;5;94;11.20;5.05;870;323;323;21;302;37.13;6.50
75618;142405;4;Świetlica Wiejska 06-150 Kowalewice Włościańskie 42;639;93;93;5;88;14.55;5.38;649;229;229;13;216;35.29;5.68
75619;142405;5;Publiczna Szkoła Podstawowa w Świeszewie 06-150 Świeszewo 8;503;51;51;3;48;10.14;5.88;519;195;195;10;185;37.57;5.13
75620;142406;1;Zespół Szkół CKR w Golądkowie 06-120 Golądkowo 41F;690;147;147;5;142;21.30;3.40;674;371;371;9;362;55.04;2.43
75621;142406;2;Publiczna Szkoła Podstawowa w Błędostowie 06-120 Błędostowo 23;603;121;121;3;118;20.07;2.48;592;340;340;10;330;57.43;2.94
75622;142406;3;Urząd Gminy w Winnicy 06-120 Winnica ul. Pułtuska 25;909;176;176;3;173;19.36;1.70;904;475;475;11;464;52.54;2.32
75623;142406;4;Publiczna Szkoła Podstawowa w Winnicy 06-120 Winnica ul. Pułtuska 19;1070;288;288;1;287;26.92;0.35;1075;671;671;16;655;62.42;2.38
75624;142407;1;Zespół Placówek Oświatowych 07-217 Zatory ul. Jana Pawła II 69;785;179;179;11;168;22.80;6.15;810;403;403;27;376;49.75;6.70
75625;142407;2;Zespół Placówek Oświatowych 07-217 Zatory ul. Jana Pawła II 69;684;128;128;10;118;18.71;7.81;713;337;337;24;313;47.27;7.12
75626;142407;3;Budynek po byłej Szkole Podstawowej 07-217 Borsuki-Kolonia 18;252;47;47;4;43;18.65;8.51;244;123;123;3;120;50.41;2.44
75627;142407;4;Szkoła Podstawowa 07-217 Ciski 23;494;110;110;2;108;22.27;1.82;495;228;228;9;219;46.06;3.95
75628;142407;5;Zespół Szkół 07-214 Pniewo ul. 18 Maja 6;1013;199;199;5;194;19.64;2.51;1028;540;540;15;525;52.53;2.78
75629;142407;6;Samorządowy Punkt Przedszkolny 07-214 Gładczyn Rządowy 17;629;104;104;1;103;16.53;0.96;610;268;268;14;254;43.93;5.22
75630;142501;1;Zespół Szkół Ponadgimnazjalnych Nr 2 26-670 Pionki ul. Parkowa 6;990;193;193;4;189;19.49;2.07;962;479;479;6;473;49.79;1.25
75631;142501;2;Publiczne Gimnazjum Nr 2 26-670 Pionki ul. Słowackiego 4;1133;210;210;6;204;18.53;2.86;1097;518;519;14;504;47.22;2.70
75632;142501;3;Miejskie Przedszkole Nr 1 26-670 Pionki ul. Stefana Żeromskiego 8;1034;196;196;3;193;18.96;1.53;998;451;451;14;437;45.19;3.10
75633;142501;4;Publiczna Szkoła Podstawowa Nr 1 26-670 Pionki ul. 15 Stycznia 3;1099;274;275;8;266;24.93;2.92;1059;580;580;6;574;54.77;1.03
75634;142501;5;Publiczne Gimnazjum Nr 1 26-670 Pionki ul. Leśna 1;1077;235;235;7;228;21.82;2.98;1047;489;489;13;476;46.70;2.66
75635;142501;6;Miejski Ośrodek Pomocy Społecznej 26-670 Pionki ul. Leśna 5;1007;220;220;2;218;21.85;0.91;957;419;419;6;413;43.78;1.43
75636;142501;7;Publiczne Gimnazjum Nr 1 26-670 Pionki ul. Leśna 1;1049;219;219;9;210;20.88;4.11;1009;473;473;17;456;46.88;3.59
75637;142501;8;Warsztaty Terapii Zajęciowej 26-670 Pionki ul. Leśna 3;1082;207;207;7;200;19.13;3.38;1044;479;479;5;474;45.88;1.04
75638;142501;9;Liceum Ogólnokształcące 26-670 Pionki ul. Aleje Lipowe 25;1123;218;218;10;208;19.41;4.59;1090;493;493;18;475;45.23;3.65
75639;142501;10;Miejskie Przedszkole Nr 2 26-670 Pionki ul. Aleje Lipowe 24A;1023;162;162;9;153;15.84;5.56;977;335;336;13;322;34.29;3.88
75640;142501;11;Liceum Ogólnokształcące 26-670 Pionki ul. Aleje Lipowe 25;1129;242;242;3;239;21.43;1.24;1116;548;548;16;532;49.10;2.92
75641;142501;12;Publiczna Szkoła Podstawowa Nr 5 26-670 Pionki ul. Targowa 9;1087;210;210;13;197;19.32;6.19;1039;513;513;20;493;49.37;3.90
75642;142501;13;Publiczna Szkoła Podstawowa Nr 5 26-670 Pionki ul. Targowa 9;1056;237;237;7;230;22.44;2.95;1022;565;565;8;557;55.28;1.42
75643;142501;14;Publiczna Szkoła Podstawowa Nr 2 26-670 Pionki ul. Jana Kochanowskiego 12;1093;204;204;6;198;18.66;2.94;1105;554;554;24;530;50.14;4.33
75644;142501;15;Centrum Kształcenia Zawodowego i Ustawicznego 26-670 Pionki Aleja Jana Pawła II 7;1028;215;215;7;208;20.91;3.26;1031;513;513;16;497;49.76;3.12
75645;142502;1;Zespół Szkół w Goździe 26-634 Gózd ul. Starowiejska 130;1532;279;279;7;272;18.21;2.51;1562;765;765;34;731;48.98;4.44
75646;142502;2;Publiczna Szkoła Podstawowa w Kłonówku-Kolonii 26-634 Kłonówek-Kolonia 13;681;128;128;7;121;18.80;5.47;677;333;333;21;312;49.19;6.31
75647;142502;3;Zespół Szkół w Kuczkach-Kolonii 26-634 Kuczki-Kolonia 75;1124;230;230;7;223;20.46;3.04;1139;582;582;22;560;51.10;3.78
75648;142502;4;Publiczna Szkoła Podstawowa w Klwatce Królewskiej 26-634 Klwatka Królewska 31;1099;239;239;11;228;21.75;4.60;1131;599;599;13;586;52.96;2.17
75649;142502;5;Publiczna Szkoła Podstawowa w Podgórze 26-634 Podgóra 10;725;105;105;6;99;14.48;5.71;740;260;260;11;249;35.14;4.23
75650;142502;6;Zespół Szkół Ogólnokształcących w Małęczynie 26-634 Małęczyn ul. Szkolna 64;1461;326;326;6;320;22.31;1.84;1500;870;870;24;846;58.00;2.76
75651;142503;1;Liceum Ogólnokształcące w Iłży 27 - 100 Iłża ul. Jakuba Starszego 6;1176;272;272;8;264;23.13;2.94;1116;510;510;11;499;45.70;2.16
75652;142503;2;Publiczna Szkoła Podstawowa w Iłży 27 - 100 Iłża ul. Wójtowska 5;1265;236;236;9;227;18.66;3.81;1256;618;618;13;605;49.20;2.10
75653;142503;3;Zespół Szkół Ponadgimnazjalnych w Iłży 27 - 100 Iłża ul. Błazińska 5;847;122;122;0;122;14.40;0.00;827;337;337;7;330;40.75;2.08
75654;142503;4;Publiczna Szkoła Podstawowa w Błazinach 27 - 100 Błaziny Dolne 163;950;160;160;5;155;16.84;3.12;940;419;419;10;409;44.57;2.39
75655;142503;5;Szkoła Podstawowa w Maziarzach Starych 27 - 100 Maziarze Stare 40;612;73;73;3;70;11.93;4.11;614;243;243;8;235;39.58;3.29
75656;142503;6;Wiejski Ośrodek Kultury w Prędocinie 27 - 100 Prędocin 1;524;80;80;11;69;15.27;13.75;525;230;230;8;222;43.81;3.48
75657;142503;7;Publiczna Szkoła Podstawowa w Seredzicach 27 - 100 Seredzice 109;1492;144;144;10;134;9.65;6.94;1458;488;488;20;468;33.47;4.10
75658;142503;8;Publiczna Szkoła Podstawowa w Jasieńcu 27 - 100 Jasieniec Iłżecki Górny 75;1482;184;184;5;179;12.42;2.72;1465;515;515;18;497;35.15;3.50
75659;142503;9;Szkoła Podstawowa w Krzyżanowicach 27 - 100 Krzyżanowice 145;842;115;115;5;110;13.66;4.35;822;313;313;16;297;38.08;5.11
75660;142503;10;Szkoła Podstawowa w Alojzowie 27 - 100 Alojzów 6A;451;65;65;0;65;14.41;0.00;444;178;178;9;169;40.09;5.06
75661;142503;11;Publiczna Szkoła Podstawowa w Pakosławiu 27 - 100 Pakosław 54;773;115;115;2;113;14.88;1.74;779;327;327;8;319;41.98;2.45
75662;142503;12;Remiza OSP w Chwałowicach 27 - 100 Chwałowice 78;422;69;69;3;66;16.35;4.35;430;138;138;8;130;32.09;5.80
75663;142503;13;Remiza OSP w Małomierzycach 27 - 100 Małomierzyce 110;320;72;72;3;69;22.50;4.17;320;119;119;3;116;37.19;2.52
75664;142503;14;Warsztaty Terapii Zajęciowej w Jedlance Starej 27 - 100 Jedlanka Stara 96;366;60;60;0;60;16.39;0.00;357;148;148;3;145;41.46;2.03
75665;142503;15;Publiczne Gimnazjum Gminne w Iłży 27 - 100 Iłża ul. Bodzentyńska 45;1004;202;202;10;192;20.12;4.95;968;455;455;10;445;47.00;2.20
75666;142503;16;Dom Pomocy Społecznej w Krzyżanowicach 27 - 100 Krzyżanowice 219;112;46;46;0;46;41.07;0.00;115;49;49;2;47;42.61;4.08
90718;142503;17;SP ZZOZ Szpital w Iłży 27 - 100 Iłża dr Anki 4;123;12;12;1;11;9.76;8.33;79;21;21;3;18;26.58;14.29
75667;142504;1;Publiczna Szkoła Podstawowa w Bartodziejach 26-631 Bartodzieje 17A;457;71;71;3;68;15.54;4.23;501;209;209;3;206;41.72;1.44
75668;142504;2;Publiczna Szkoła Podstawowa w Jastrzębi 26-631 Jastrzębia 109;1543;285;285;14;271;18.47;4.91;1570;794;794;17;777;50.57;2.14
75669;142504;3;Publiczna Szkoła Podstawowa w Mąkosach Starych 26-631 Mąkosy Stare 80;598;120;120;1;119;20.07;0.83;599;300;300;10;290;50.08;3.33
75670;142504;4;Publiczna Szkoła Podstawowa w Woli Goryńskiej 26-631 Wola Goryńska 45;580;96;96;2;94;16.55;2.08;585;244;244;10;234;41.71;4.10
75671;142504;5;Publiczna Szkoła Podstawowa w Kozłowie 26-631 Kozłów 84;664;136;136;3;133;20.48;2.21;672;365;365;15;350;54.32;4.11
75672;142504;6;Publiczna Szkoła Podstawowa w Lesiowie 26-631 Lesiów 47;831;126;126;3;123;15.16;2.38;858;392;392;20;372;45.69;5.10
75673;142504;7;Niepubliczna Szkoła Podstawowa w Owadowie 26-631 Owadów 130;656;120;120;3;117;18.29;2.50;671;268;268;15;253;39.94;5.60
75674;142505;1;Publiczna Szkoła Podstawowa w Jedlińsku 26-660 Jedlińsk ul. Konopnickiej 2;1656;362;362;13;349;21.86;3.59;1656;900;900;28;872;54.35;3.11
75675;142505;2;Publiczna Szkoła Podstawowa 26-660 Ludwików 8;904;150;150;2;148;16.59;1.33;922;406;406;8;398;44.03;1.97
75676;142505;3;Publiczna Szkoła Podstawowa 26-660 Jedlanka 52;949;118;118;5;113;12.43;4.24;949;393;393;26;367;41.41;6.62
75677;142505;4;Publiczna Szkoła Podstawowa 26-660 Bierwce 48;1292;225;225;5;220;17.41;2.22;1280;621;621;17;604;48.52;2.74
75678;142505;5;Zespół Szkół Publicznych 26-660 Wsola ul. Szkolna 1;1766;282;282;15;267;15.97;5.32;1790;791;791;31;760;44.19;3.92
75679;142505;6;Publiczna Szkoła Podstawowa 26-660 Stare Zawady 30A;722;105;105;3;102;14.54;2.86;746;305;305;7;298;40.88;2.30
75680;142505;7;Zespół Szkół Publicznych 26-660 Wierzchowiny 30;739;93;93;6;87;12.58;6.45;739;273;273;20;253;36.94;7.33
75681;142505;8;Dom Strażaka 26-660 Wielogóra ul. Kwiatowa 2;1877;287;287;8;279;15.29;2.79;1908;910;910;44;866;47.69;4.84
75682;142505;9;Świetlica Wiejska 26-660 Lisów 38A;837;153;153;8;145;18.28;5.23;846;407;407;16;391;48.11;3.93
75683;142506;1;Zespół Szkół Ogólnokształcących w Jedlni-Letnisko 26-630 Jedlnia-Letnisko ul. Słoneczna 5;1895;369;369;9;360;19.47;2.44;1887;959;959;29;930;50.82;3.02
75684;142506;2;Publiczna Szkoła Podstawowa w Słupicy 26-630 Słupica 84;802;120;120;4;116;14.96;3.33;794;321;321;14;307;40.43;4.36
75685;142506;3;Zespół Szkół Ogólnokształcących w Natolinie 26-613 Natolin 59;1647;410;410;10;400;24.89;2.44;1652;948;948;18;930;57.38;1.90
75686;142506;4;Zespół Szkół Ogólnokształcących w Myśliszewicach 26-613 Myśliszewice 15;1171;221;221;8;213;18.87;3.62;1210;648;648;12;636;53.55;1.85
75687;142506;5;Publiczna Szkoła Podstawowa w Myśliszewicach 26-630 Myśliszewice 15;1866;443;443;16;427;23.74;3.61;1901;965;965;20;945;50.76;2.07
75688;142506;6;Publiczna Szkoła Podstawowa w Gzowicach 26-630 Gzowice 1;440;76;76;1;75;17.27;1.32;432;187;187;13;174;43.29;6.95
75689;142506;7;Strażnica Ochotniczej Straży Pożarnej w Jedlni-Letnisko 26-630 Jedlnia-Letnisko ul. Radomska 43;2063;546;546;23;523;26.47;4.21;2054;1177;1177;23;1154;57.30;1.95
75690;142507;1;Publiczna Szkoła Podstawowa w Kowali 26-624 Kowala-Stępocina 103;1529;305;305;9;296;19.95;2.95;1529;842;842;26;816;55.07;3.09
75691;142507;2;Publiczna Szkoła Podstawowa w Młodocinie Mniejszym 26-624 Młodocin Mniejszy 47;1233;313;313;12;301;25.39;3.83;1266;724;724;22;702;57.19;3.04
75692;142507;3;Publiczna Szkoła Podstawowa w Mazowszanach 26-624 Mazowszany 6;1379;309;309;13;296;22.41;4.21;1394;782;782;22;760;56.10;2.81
75693;142507;4;Publiczne Gimnazjum w Parznicach 26-624 Parznice 53;1270;210;210;4;206;16.54;1.90;1267;628;628;32;596;49.57;5.10
75694;142507;5;Publiczna Szkoła Podstawowa w Bardzicach 26-624 Bardzice 2C;568;122;122;6;116;21.48;4.92;570;288;288;14;274;50.53;4.86
75695;142507;6;Publiczna Szkoła Podstawowa w Kowali 26-624 Kowala-Stępocina 103;1695;318;318;11;307;18.76;3.46;1714;886;886;31;855;51.69;3.50
75696;142507;7;Publiczna Szkoła Podstawowa w Mazowszanach 26-624 Mazowszany 6;1318;261;261;5;256;19.80;1.92;1346;723;723;33;690;53.71;4.56
75697;142508;1;Publiczna Szkoła Podstawowa w Czarnej 26-670 Czarna Wieś 5;1449;164;164;6;158;11.32;3.66;1457;529;529;24;505;36.31;4.54
75698;142508;2;Publiczna Szkoła Podstawowa w Augustowie 26-670 Augustów 102;444;90;90;4;86;20.27;4.44;443;223;223;6;217;50.34;2.69
75699;142508;3;Gminne Centrum Kultury w Janusznie 26-670 Januszno 72;435;73;73;5;68;16.78;6.85;420;173;173;9;164;41.19;5.20
75700;142508;4;Publiczna Szkoła Podstawowa w Laskach 26-670 Laski 68;926;127;127;5;122;13.71;3.94;915;332;332;18;314;36.28;5.42
75701;142508;5;Publiczny Zespół Szkół w Jedlni 26-670 Jedlnia 93;2134;390;390;13;377;18.28;3.33;2130;1068;1068;22;1046;50.14;2.06
75702;142508;6;Publiczna Szkoła Podstawowa w Jaroszkach 26-670 Jaroszki 21;534;62;62;2;60;11.61;3.23;535;221;221;10;211;41.31;4.52
75703;142508;7;Publiczny Zespół Szkół w Suskowoli 26-670 Suskowola 74;1435;193;193;11;182;13.45;5.70;1437;664;664;11;653;46.21;1.66
75704;142508;8;Publiczna Szkoła Podstawowa w Suchej 26-670 Sucha 38A;715;101;101;2;99;14.13;1.98;712;284;284;10;274;39.89;3.52
90719;142508;9;Oddział Zewnętrzny w Pionach Zakładu Karnego w Żytkowicach 26-930 Żytkowice bz.;131;70;70;13;57;53.44;18.57;132;80;80;8;72;60.61;10.00
75705;142509;1;Publiczna Szkoła Podstawowa Przytyk 26-650 Przytyk ul.Szkolna 3;1487;351;351;13;338;23.60;3.70;1490;728;728;24;704;48.86;3.30
75706;142509;2;Publiczna Szkoła Podstawowa Przytyk 26-650 Przytyk ul.Szkolna 3;1282;278;278;20;258;21.68;7.19;1292;581;581;16;565;44.97;2.75
75707;142509;3;Remiza OSP Suków 26-650 Suków 26;654;129;129;7;122;19.72;5.43;649;310;310;15;295;47.77;4.84
75708;142509;4;Publiczna Szkoła Podstawowa Wrzos 26-650 Wrzos 6;1414;276;276;11;265;19.52;3.99;1429;691;691;31;660;48.36;4.49
75709;142509;5;Publiczna Szkoła Podstawowa Wrzeszczów 26-650 Wrzeszczów 47;817;183;183;8;175;22.40;4.37;827;402;402;23;379;48.61;5.72
75710;142510;1;Publiczna Szkoła Podstawowa w Skaryszewie 26-640 Skaryszew ul.Wojska Polskiego 5;1989;402;402;11;391;20.21;2.74;2007;1033;1033;24;1009;51.47;2.32
75711;142510;2;Samorządowe Przedszkole 26-640 Skaryszew ul. Kochanowskiego 16G;1977;453;453;7;446;22.91;1.55;1977;1060;1060;45;1015;53.62;4.25
75712;142510;3;Zespół Edukacji Gimnazjalnej i Podstawowej w Makowcu 26-640 Makowiec ul. Kościelna 2;1630;381;381;7;374;23.37;1.84;1651;876;876;12;864;53.06;1.37
75713;142510;4;Publiczna Szkoła Podstawowa w Makowie 26-640 Maków ul.Szkolna 6;864;215;215;5;210;24.88;2.33;888;466;466;8;458;52.48;1.72
75714;142510;5;Publiczna Szkoła Podstawowa w Odechowie 26-640 Odechów 77;1458;172;172;9;163;11.80;5.23;1460;606;606;19;587;41.51;3.14
75715;142510;6;Publiczna Szkoła Podstawowa w Modrzejowicach 26-640 Modrzejowice 68;751;115;115;3;112;15.31;2.61;753;268;268;11;257;35.59;4.10
75716;142510;7;Publiczna Szkoła Podstawowa w Dzierzkówku Starym 26-640 Dzierzkówek Stary 90;770;125;125;7;118;16.23;5.60;773;304;304;7;297;39.33;2.30
75717;142510;8;Publiczna Szkoła Podstawowa w Chomentówie-Puszcz 26-640 Chomentów-Puszcz ul. Ogrodowa 1;642;108;108;2;106;16.82;1.85;649;326;326;25;301;50.23;7.67
75718;142510;9;Remiza Ochotniczej Staży Pożarnej w Gębarzowie 26-640 Gębarzów 98;852;193;193;8;185;22.65;4.15;879;483;483;11;472;54.95;2.28
75719;142511;1;Remiza OSP w Wierzbicy 26-680 Wierzbica Plac Jana Pawła II 11;1865;360;360;6;354;19.30;1.67;1843;909;909;26;883;49.32;2.86
75720;142511;2;Gminny Ośrodek Kultury w Wierzbicy 26-680 Wierzbica, Osiedle Janka Krasickiego 27;1822;302;302;18;284;16.58;5.96;1724;771;771;28;743;44.72;3.63
75721;142511;3;Publiczna Szkoła Podstawowa w Rudzie Wielkiej 26-680 Ruda Wielka 191B;1189;124;124;3;121;10.43;2.42;1196;401;401;22;379;33.53;5.49
75722;142511;4;Publiczna Szkoła Podstawowa w Łączanach 26-680 Łączany 41A;855;118;118;10;108;13.80;8.47;846;313;313;20;293;37.00;6.39
75723;142511;5;Publiczna Szkoła Podstawowa w Dąbrówce Warszawskiej 26-680 Dąbrówka Warszawska 117A;641;132;132;3;129;20.59;2.27;647;274;274;8;266;42.35;2.92
75724;142511;6;Publiczna Szkoła Podstawowa w Polanach 26-680 Polany 141;885;156;156;2;154;17.63;1.28;880;436;436;19;417;49.55;4.36
75725;142511;7;Publiczna Szkoła Podstawowa w Zalesicach 26-680 Zalesice 31B;725;164;164;4;160;22.62;2.44;737;390;390;21;369;52.92;5.38
75726;142512;1;Urząd Gminy Wolanów 26-625 Wolanów ul. Radomska 20;1651;361;361;16;345;21.87;4.43;1693;887;887;30;857;52.39;3.38
75727;142512;2;Publiczna Szkoła Podstawowa w Mniszku 26-625 Mniszek 101;1185;245;245;14;231;20.68;5.71;1209;579;580;29;550;47.89;5.01
75728;142512;3;Publiczna Szkoła Podstawowa w Sławnie 26-625 Sławno 49;1527;324;324;14;310;21.22;4.32;1532;773;773;30;743;50.46;3.88
75729;142512;4;Publiczna Szkoła Podstawowa w Bieniędzicach 26-625 Bieniędzice 21;459;88;88;2;86;19.17;2.27;466;206;206;11;195;44.21;5.34
75730;142512;5;Warsztaty Terapii Zajęciowej w Młodocinie Większym 26-625 Młodocin Większy 25;531;106;106;6;100;19.96;5.66;531;228;228;12;216;42.94;5.26
75731;142512;6;Zespół Szkół Ogólnokształcących w Wolanowie 26-625 Wolanów ul. Kolejowa 17;1265;225;225;14;211;17.79;6.22;1305;616;616;16;600;47.20;2.60
75732;142513;1;Publiczna Szkoła Podstawowa w Zakrzewie 26-652 Zakrzew 58D;1122;254;254;7;247;22.64;2.76;1131;635;635;19;616;56.15;2.99
75733;142513;2;Publiczna Szkoła Podstawowa w Zakrzewie 26-652 Zakrzew 58D;1042;190;190;1;189;18.23;0.53;1048;548;548;33;515;52.29;6.02
75734;142513;3;Publiczna Szkoła Podstawowa w Woli Taczowskiej 26-652 Wola Taczowska 11B;958;205;205;16;189;21.40;7.80;987;529;529;24;505;53.60;4.54
75735;142513;4;Publiczna Szkoła Podstawowa w Cerekwi 26-652 Cerekiew 80;1782;428;428;12;416;24.02;2.80;1825;967;967;45;922;52.99;4.65
75736;142513;5;Publiczna Szkoła Podstawowa w Dąbrówce Podłężnej 26-652 Dąbrówka Podłężna 29B;811;145;145;3;142;17.88;2.07;830;396;396;19;377;47.71;4.80
75737;142513;6;Publiczna Szkoła Podstawowa w Wacynie 26-600 Wacyn 23;1769;472;472;8;464;26.68;1.69;1797;1034;1034;27;1007;57.54;2.61
75738;142513;7;Publiczna Szkoła Podstawowa w Wacynie 26-600 Wacyn 23;805;146;146;2;144;18.14;1.37;816;415;415;6;409;50.86;1.45
75739;142513;8;Publiczna Szkoła Podstawowa w Janiszewie 26-652 Janiszew 41B;1186;328;328;6;322;27.66;1.83;1224;703;703;25;678;57.43;3.56
75740;142601;1;Wiejski Dom Kultury w Domanicach 08-113 Domanice 52;639;109;109;7;102;17.06;6.42;638;303;303;13;290;47.49;4.29
75741;142601;2;Szkoła Podstawowa w Domanicach-Kolonii, Domanice-Kolonia, 08-113 Domanice 08-113 Domanice-Kolonia 18;714;136;136;2;134;19.05;1.47;711;372;372;6;366;52.32;1.61
75742;142601;3;Szkoła Podstawowa w Olszycu Szlacheckim, Olszyc Szlachecki 25, 08-113 Domanice 08-113 Olszyc Szlachecki 25;756;151;151;6;145;19.97;3.97;756;360;360;12;348;47.62;3.33
75743;142602;1;Szkoła Podstawowa w Nowym Bartkowie 08-108 Nowy Bartków 19;602;74;74;4;70;12.29;5.41;594;227;227;9;218;38.22;3.96
75744;142602;2;Świetlica w Czaplach Górnych 08-108 Czaple Górne 26b;405;64;64;5;59;15.80;7.81;387;174;174;7;167;44.96;4.02
75745;142602;3;Zespół Placówek Oświatowych 08-108 Korczew ul.Szkolna 4;853;178;178;7;171;20.87;3.93;828;368;368;15;353;44.44;4.08
75746;142602;4;Szkoła Podstawowa w Drażniewie 08-108 Drażniew 53;541;72;72;3;69;13.31;4.17;531;217;217;7;210;40.87;3.23
75747;142603;1;Urząd Gminy w Kotuniu 08-130 Kotuń ul. Siedlecka 56C;1893;413;413;13;400;21.82;3.15;1920;961;961;30;931;50.05;3.12
75748;142603;2;Świetlica Wiejska Żeliszew Podkościelny 08-130 Żeliszew Podkościelny 11;1228;213;213;6;207;17.35;2.82;1213;490;490;23;467;40.40;4.69
75749;142603;3;Zespół Szkół Bojmie 08-130 Bojmie 33;780;103;103;3;100;13.21;2.91;776;328;328;7;321;42.27;2.13
75750;142603;4;Szkoła Podstawowa Koszewnica 08-130 Koszewnica 36;1074;144;144;8;136;13.41;5.56;1073;472;472;18;454;43.99;3.81
75751;142603;5;Świetlica Wiejska Polaki 08-130 Polaki 63B;588;83;83;1;82;14.12;1.20;584;254;254;12;242;43.49;4.72
75752;142603;6;Świetlica Wiejska Gręzów 08-130 Gręzów 48;846;189;189;3;186;22.34;1.59;849;418;418;14;404;49.23;3.35
75753;142603;7;Szkoła Podstawowa Cisie-Zagrudzie 08-130 Cisie-Zagrudzie 42;429;37;37;1;36;8.62;2.70;421;168;168;5;163;39.90;2.98
75754;142604;1;Urząd Gminy 08-124 Mokobody Plac Chreptowicza 25;1294;273;273;9;264;21.10;3.30;1294;662;662;28;634;51.16;4.23
75755;142604;2;Zespół Szkolno-Przedszkolny Publiczna Szkoła Podstawowa 08-124 Niwiski ul. Rynek 21;1379;275;275;4;271;19.94;1.45;1376;643;643;22;621;46.73;3.42
75756;142604;3;Gminny Ośrodek Kultury w Mokobodach z siedzibą w Skupiach 08-124 Skupie 11;490;98;98;0;98;20.00;0.00;487;253;253;9;244;51.95;3.56
75757;142604;4;Publiczna Szkoła Podstawowa w Mokobodach 08-124 Mokobody ul. Szkolna 14;929;168;168;4;164;18.08;2.38;945;472;472;17;455;49.95;3.60
75758;142605;1;Szkoła Podstawowa w Mordach 08-140 Mordy ul. Kilińskiego 11;1522;272;272;9;263;17.87;3.31;1493;706;706;19;687;47.29;2.69
75759;142605;2;Świetlica Wiejska w Czepielinie 08-140 Czepielin 10A;670;165;165;10;155;24.63;6.06;661;317;317;5;312;47.96;1.58
75760;142605;3;Miejsko-Gminny Ośrodek Kultury w Mordach 08-140 Mordy ul. Parkowa 9;671;99;99;3;96;14.75;3.03;679;296;296;7;289;43.59;2.36
75761;142605;4;Szkoła Podstawowa w Krzymoszach 08-140 Krzymosze 43A;765;130;130;3;127;16.99;2.31;778;308;308;12;296;39.59;3.90
75762;142605;5;Szkoła Podstawowa w Radzikowie Wielkim 08-140 Radzików Wielki ul. Szkolna 5;581;170;170;4;166;29.26;2.35;573;303;303;4;299;52.88;1.32
75763;142605;6;Świetlica Wiejska w Wojnowie 08-140 Wojnów 7;776;149;149;9;140;19.20;6.04;769;314;314;10;304;40.83;3.18
75764;142606;1;Zespól Szkół w Paprotni 08-107 Paprotnia ul. Jana Pawła II 5;582;143;143;2;141;24.57;1.40;580;316;316;11;305;54.48;3.48
75765;142606;2;Zespół Szkół w Paprotni 08-107 Paprotnia Jana Pawła II 5;626;189;189;5;184;30.19;2.65;622;380;380;13;367;61.09;3.42
75766;142606;3;Zespół Szkolno - Przedszkolny w Hołubli 08-107 Hołubla Unitów Podlaskich 35;467;140;140;3;137;29.98;2.14;462;264;264;14;250;57.14;5.30
75767;142606;4;Zespół Szkolno - Przedszkolny w Hołubli 08-107 Hołubla Unitów Podlaskich 35;508;129;129;4;125;25.39;3.10;507;303;303;6;297;59.76;1.98
75768;142607;1;Budynek Wiejski Dąbrowa 08-109 Dąbrowa 103;459;66;66;1;65;14.38;1.52;449;161;161;5;156;35.86;3.11
75769;142607;2;Świetlica Wiejska Kamianki Lackie 08-109 Kamianki Lackie 67;406;95;95;5;90;23.40;5.26;394;154;154;5;149;39.09;3.25
75770;142607;3;Zespół Szkół Łysów 08-109 Łysów 89;557;83;83;2;81;14.90;2.41;554;222;222;12;210;40.07;5.41
75771;142607;4;Gminny Ośrodek Kultury Przesmyki 08-109 Przesmyki ul. 1 Maja 1;1030;271;271;7;264;26.31;2.58;1014;523;523;24;499;51.58;4.59
75772;142607;5;Świetlica Wiejska Kukawki 08-109 Kukawki 24;417;125;125;6;119;29.98;4.80;408;227;227;5;222;55.64;2.20
75773;142608;1;Zespół Oświatowy w Pruszynie 08-110 Pruszyn Dolina Liwca 46;1090;197;197;3;194;18.07;1.52;1105;584;584;20;564;52.85;3.42
75774;142608;2;Zespół Oświatowy w Stoku Lackim 08-110 Stok Lacki Siedlecka 135;2075;415;415;18;397;20.00;4.34;2120;1097;1097;18;1079;51.75;1.64
75775;142608;3;Zespół Oświatowo-Wychowawczy w Białkach 08-110 Białki 95;1978;384;384;7;377;19.41;1.82;1984;1028;1028;14;1014;51.81;1.36
75776;142608;4;Zespół Oświatowy w Żelkowie-Kolonii 08-110 Żelków-Kolonia Siedlecka 202;2077;347;347;7;340;16.71;2.02;2094;1057;1057;34;1023;50.48;3.22
75777;142608;5;Zespół Oświatowy w Nowych Iganiach 08-103 Nowe Iganie Siedlecka 113;2016;432;432;4;428;21.43;0.93;2052;1055;1055;19;1036;51.41;1.80
75778;142608;6;Filia Biblioteczna w Nowym Opolu 08-103 Nowe Opole Spacerowa 1;768;165;165;1;164;21.48;0.61;787;442;442;12;430;56.16;2.71
75779;142608;7;Zespół Oświatowo-Wychowawczy w Strzale 08-119 Chodów Sokołowska 1;2050;420;420;15;405;20.49;3.57;2074;1144;1144;20;1124;55.16;1.75
75780;142608;8;Świetlica w Żaboklikach 08-110 Żabokliki Korczewska 46;1419;291;291;6;285;20.51;2.06;1449;773;773;13;760;53.35;1.68
75781;142609;1;Gimnazjum w Skórcu 08-114 Skórzec ul.Siedlecka 9;1159;262;262;12;250;22.61;4.58;1147;553;553;15;538;48.21;2.71
75782;142609;2;Szkoła Podstawowa w Grali-Dąbrowiźnie 08-114 Grala-Dąbrowizna 65;1177;174;174;4;170;14.78;2.30;1170;506;506;18;488;43.25;3.56
75783;142609;3;Zespół Oświatowy w Żelkowie Kolonii 08-110 Żelków ul.Siedlecka 202;993;154;154;2;152;15.51;1.30;1027;482;482;7;475;46.93;1.45
75784;142609;4;Szkoła Podstawowa w Dąbrówce-Stanach 08-114 Dąbrówka-Stany 152;1354;275;275;8;267;20.31;2.91;1339;614;614;10;604;45.86;1.63
75785;142609;5;Szkoła Podstawowa w Skórcu 08-114 Skórzec Siedlecka 2;824;181;181;10;171;21.97;5.52;836;397;397;13;384;47.49;3.27
75786;142609;6;Szkoła Podstawowa w Gołąbku 08-114 Gołąbek ul.Szkolna 26;457;100;100;3;97;21.88;3.00;465;240;240;3;237;51.61;1.25
75787;142610;1;Urząd Gminy w Suchożebrach 08-125 Suchożebry ul. Aleksandry Ogińskiej 11;1817;350;350;17;333;19.26;4.86;1790;902;902;36;866;50.39;3.99
75788;142610;2;Szkoła Podstawowa w Krynicy 08-125 Krynica 33;604;86;86;2;84;14.24;2.33;597;293;293;8;285;49.08;2.73
75789;142610;3;Szkoła Podstawowa w Krześlinie 08-125 Krześlin 67;594;107;107;8;99;18.01;7.48;593;269;269;15;254;45.36;5.58
75790;142610;4;Zespół Szkół Publicznych w Suchożebrach 08-125 Suchożebry ul. Siedlecka 8;779;120;120;9;111;15.40;7.50;777;340;340;17;323;43.76;5.00
75791;142611;1;Gminny Ośrodek Pielęgnacji Tradycji Kulinarnych w Wólce Wiśniewskiej 08-112 Wólka Wiśniewska 60;884;141;141;0;141;15.95;0.00;890;429;429;6;423;48.20;1.40
75792;142611;2;Wiejski Dom Integracji w Borkach-Paduchach 08-112 Borki-Paduchy 92;645;196;196;2;194;30.39;1.02;657;417;417;14;403;63.47;3.36
75793;142611;3;Gminny Ośrodek Kultury w Wiśniewie 08-112 Wiśniew Bat. Chłopskich 2;1440;356;356;5;351;24.72;1.40;1441;827;827;25;802;57.39;3.02
75794;142611;4;Zespół Oświatowy w Radomyśli 08-112 Radomyśl 46;853;161;161;4;157;18.87;2.48;856;432;432;14;418;50.47;3.24
75795;142611;5;Zespół Oświatowy w Śmiarach 08-112 Śmiary 68;728;210;210;3;207;28.85;1.43;726;466;466;7;459;64.19;1.50
75796;142612;1;Zespół Szkół w Wodyniach 08-117 Wodynie ul. Siedlecka 7;711;149;149;4;145;20.96;2.68;707;308;308;7;301;43.56;2.27
75797;142612;2;Zespół Szkół w Wodyniach 08-117 Wodynie ul. Siedlecka 7;570;88;88;4;84;15.44;4.55;562;184;184;13;171;32.74;7.07
75798;142612;3;Zespół Szkół w Seroczynie 08-116 Seroczyn Siedlecka 11;838;178;178;8;170;21.24;4.49;854;434;434;10;424;50.82;2.30
75799;142612;4;Zespół Szkół w Seroczynie 08-116 Seroczyn Siedlecka 11;676;87;87;3;84;12.87;3.45;662;296;296;9;287;44.71;3.04
75800;142612;5;Szkoła Podstawowa w Rudzie Wolińskiej 08-117 Ruda Wolińska 44;517;106;106;2;104;20.50;1.89;509;260;260;9;251;51.08;3.46
75801;142612;6;Pawilon turystyczny w Woli Wodyńskiej 08-117 Wola Wodyńska 109A;407;98;98;2;96;24.08;2.04;401;199;199;3;196;49.63;1.51
75802;142613;1;Zespół Szkół w Zbuczynie 08-106 Zbuczyn ul. Jana Pawła II 3;1763;399;399;6;393;22.63;1.50;1786;1042;1042;29;1013;58.34;2.78
75803;142613;2;Zespół Szkół w Zbuczynie 08-106 Zbuczyn ul. Jana Pawła II 3;963;182;182;5;177;18.90;2.75;954;497;497;10;487;52.10;2.01
75804;142613;3;Szkoła Podstawowa w Czuryłach 08-106 Cielemęc 44;918;236;236;10;226;25.71;4.24;909;510;510;11;499;56.11;2.16
75805;142613;4;Szkoła Podstawowa w Dziewulach 08-106 Dziewule ul. Kościelna 10;967;222;222;4;218;22.96;1.80;965;502;502;23;479;52.02;4.58
75806;142613;5;Szkoła Podstawowa w Izdebkach-Kosnach 08-111 Izdebki-Kosny 38;567;97;97;1;96;17.11;1.03;561;304;304;10;294;54.19;3.29
75807;142613;6;Zespół Szkół w Krzesku-Królowa Niwa 08-111 Krzesk-Królowa Niwa 23;1028;169;169;7;162;16.44;4.14;1040;511;511;20;491;49.13;3.91
75808;142613;7;Zespół Szkół w Krzesku-Królowa Niwa 08-111 Krzesk-Królowa Niwa 23;587;108;108;2;106;18.40;1.85;571;330;330;12;318;57.79;3.64
75809;142613;8;Szkoła Podstawowa w Ługach Wielkich 08-106 Ługi Wielkie 39;590;116;116;5;111;19.66;4.31;602;318;318;7;311;52.82;2.20
75810;142613;9;Zespół Szkół 08-106 Borki-Kosy 24;536;162;162;6;156;30.22;3.70;545;349;349;6;343;64.04;1.72
75811;142701;1;Zakład Energetyczny 09-200 Sierpc Reymonta 57;1011;136;136;5;131;13.45;3.68;997;439;439;16;423;44.03;3.64
75812;142701;2;Ratusz 09-200 Sierpc Pl.Kardynała Wyszyńskiego 1;923;152;152;6;146;16.47;3.95;894;404;404;7;397;45.19;1.73
75813;142701;3;Spółdzielnia Usług Rolniczych 09-200 Sierpc Kościuszki 8;995;205;205;6;199;20.60;2.93;1013;480;480;12;468;47.38;2.50
75814;142701;4;Miejskie Przedszkole Nr 2 09-200 Sierpc Narutowicza 9;1068;225;225;10;215;21.07;4.44;1041;544;544;19;525;52.26;3.49
75815;142701;5;Szkoła Podstawowa Nr 3 09-200 Sierpc Konstytucji 3 Maja 8;967;207;207;9;198;21.41;4.35;954;490;490;10;480;51.36;2.04
75816;142701;6;Gimnazjum Miejskie 09-200 Sierpc ul.Braci Tułodzieckich 2;1104;243;243;18;225;22.01;7.41;1101;536;536;8;528;48.68;1.49
75817;142701;7;Szkoła Podstawowa Nr 2 09-200 Sierpc Płocka 38;1086;191;191;6;185;17.59;3.14;1081;486;486;13;473;44.96;2.67
75818;142701;8;Miejskie Przedszkole Nr 4 09-200 Sierpc Kwiatowa 4;785;126;126;4;122;16.05;3.17;769;352;352;9;343;45.77;2.56
75819;142701;9;Spółdzielnia Mieszkaniowa Lokatorsko-Własnościowa 09-200 Sierpc Piastowska 28;945;194;194;7;187;20.53;3.61;941;445;445;13;432;47.29;2.92
75820;142701;10;MOPS 09-200 Sierpc Świętokrzyska 12;1050;264;264;16;248;25.14;6.06;1021;507;507;11;496;49.66;2.17
75821;142701;11;Zespół Szkół Nr 1 09-200 Sierpc Armii Krajowej 10;951;189;189;6;183;19.87;3.17;932;401;401;3;398;43.03;0.75
75822;142701;12;Dom Kultury 09-200 Sierpc Piastowska 39;1023;178;178;7;171;17.40;3.93;984;424;424;16;408;43.09;3.77
75823;142701;13;Świetlica Osiedlowa, 09-200 Sierpc Targowa 2;981;192;192;5;187;19.57;2.60;988;495;495;16;479;50.10;3.23
75824;142701;14;L. O. w Sierpcu, 09-200 Sierpc Sucharskiego 2;1056;181;181;8;173;17.14;4.42;1008;481;481;19;462;47.72;3.95
75825;142701;15;L. O. w Sierpcu 09-200 Sierpc Sucharskiego 2;1111;220;220;5;215;19.80;2.27;1066;555;555;9;546;52.06;1.62
90720;142701;16;Szpital Powiatowy 09-200 Sierpc Słowackiego 32;59;21;21;1;20;35.59;4.76;52;29;29;5;24;55.77;17.24
75826;142702;1;Szkoła Podstawowa 09-213 Ostrowy 2;483;80;80;7;73;16.56;8.75;572;226;226;18;208;39.51;7.96
75827;142702;2;Publiczne Gimnazjum 09-213 Gozdowo Krystyna Gozdawy 21;992;147;147;8;139;14.82;5.44;904;326;326;11;315;36.06;3.37
75828;142702;3;Urząd Gminy 09-213 Gozdowo ul.Krystyna Gozdawy 19;857;141;141;7;134;16.45;4.96;884;394;394;19;375;44.57;4.82
75829;142702;4;Szkoła Podstawowa 09-213 Lelice ul.Szkolna 1;773;146;146;5;141;18.89;3.42;781;339;339;10;329;43.41;2.95
75830;142702;5;Oddział Gimnazjalny 09-213 Lelice Szkolna 1;980;109;109;14;95;11.12;12.84;962;305;305;7;298;31.70;2.30
75831;142702;6;Remiza Ochotniczej Strazy Pożarnej 09-213 Rempin Szlachecka 18;712;95;95;4;91;13.34;4.21;719;271;271;18;253;37.69;6.64
75832;142703;1;Szkoła Podstawowa im. Adama Mickiewicza w Bożewie 09-215 Bożewo Nowe 15;701;134;134;9;125;19.12;6.72;721;349;349;28;321;48.40;8.02
75833;142703;2;Szkoła Podstawowa im. Adama Mickiewicza w Bożewie 09-215 Bożewo Nowe 15;699;93;93;7;86;13.30;7.53;697;259;259;14;245;37.16;5.41
75834;142703;3;Szkoła Podstawowa im. Jana Pawła II w Mochowie 09-214 Mochowo-Parcele 31;816;154;154;17;137;18.87;11.04;825;423;423;28;395;51.27;6.62
75835;142703;4;Szkoła Podstawowa im. Jana Pawła II w Mochowie 09-214 Mochowo-Parcele 31;745;100;100;6;94;13.42;6.00;741;256;256;19;237;34.55;7.42
75836;142703;5;Szkoła Podstawowa w Ligowie 09-228 Ligowo 35;943;119;119;6;113;12.62;5.04;954;359;359;21;338;37.63;5.85
75837;142703;6;Szkoła Podstawowa w Ligowie 09-228 Ligowo 35;974;99;99;2;97;10.16;2.02;976;310;310;24;286;31.76;7.74
75838;142704;1;Zespół Szkół Samorządowych w Rościszewie 09-204 Rościszewo ul. Władysława Reymonta 4;667;154;154;12;142;23.09;7.79;684;305;305;14;291;44.59;4.59
75839;142704;2;Zespół Szkół Samorządowych w Rościszewie 09-204 Rościszewo ul. Władysława Reymonta 4;765;75;75;5;70;9.80;6.67;750;243;243;14;229;32.40;5.76
75840;142704;3;Zespół Szkół Samorządowych w Rościszewie 09204 Rościszewo ul. Władysława Reymonta 4;756;128;128;3;125;16.93;2.34;758;334;334;23;311;44.06;6.89
75841;142704;4;Szkoła Podstawowa im. Tadeusza Kościuszki w Łukomiu 09204 Łukomie 53a;619;83;83;6;77;13.41;7.23;636;261;261;9;252;41.04;3.45
75842;142704;5;Szkoła Podstawowa im. Tadeusza Kościuszki w Łukomiu 09204 Łukomie 53a;616;97;97;5;92;15.75;5.15;610;226;226;6;220;37.05;2.65
75843;142705;1;Szkoła Podstawowa 09-200 Bledzewo 11;1156;137;137;7;130;11.85;5.11;1158;451;452;13;438;38.95;2.88
75844;142705;2;Szkoła Podstawowa 09-200 Borkowo Kościelne ul. Szkolna 2;1313;216;216;11;205;16.45;5.09;1323;526;526;13;513;39.76;2.47
75845;142705;3;Szkoła Podstawowa 09-200 Białyszewo ul. Niepodległości 2;1128;136;136;5;131;12.06;3.68;1103;414;414;28;386;37.53;6.76
75846;142705;4;Gimnazjum 09-200 Susk 35;624;64;64;4;60;10.26;6.25;629;234;234;18;216;37.20;7.69
75847;142705;5;Publiczne Przedszkole w Studzieńcu 09-200 Studzieniec 27;746;85;85;3;82;11.39;3.53;751;275;275;12;263;36.62;4.36
75848;142705;6;Szkoła Podstawowa 09-200 Sudragi ul. Szkolna 10;557;100;100;6;94;17.95;6.00;566;232;232;18;214;40.99;7.76
75849;142706;1;Zespół Szkół Ogólnokształcących 09-227 Gójsk ul.Lipnowska 3B;773;64;64;4;60;8.28;6.25;773;272;272;14;258;35.19;5.15
75850;142706;2;Zespół Szkół Ogólnokształcących 09-227 Gójsk ul.Lipnowska 3B;987;130;130;5;125;13.17;3.85;979;349;349;25;324;35.65;7.16
75851;142706;3;Gimnazjum 09-227 Szczutowo ul.Lipowa 2;565;100;100;7;93;17.70;7.00;577;284;284;7;277;49.22;2.46
75852;142706;4;Gimnazjum 09-227 Szczutowo ul.Lipowa 2;660;67;67;2;65;10.15;2.99;681;225;225;7;218;33.04;3.11
75853;142706;5;Szkoła Podstawowa (była) 09-227 Stara Wola 13;486;58;58;1;57;11.93;1.72;484;171;171;10;161;35.33;5.85
90721;142706;6;Dom Pomocy Społecznej w Szczutowie 09-227 Szczutowo ul.3 Maja 116;63;45;45;6;39;71.43;13.33;56;27;27;1;26;48.21;3.70
75854;142707;1;Zespół Szkół Samorządowych 09-226 Zawidz Kościelny ul.Mazowiecka 47;1087;321;321;15;306;29.53;4.67;1072;530;530;17;513;49.44;3.21
75855;142707;2;Zespół Szkół Samorządowych 09-226 Zawidz Kościelny Mazowiecka 47;1114;167;167;3;164;14.99;1.80;1121;451;451;17;434;40.23;3.77
75856;142707;3;Szkoła Podstawowa 09-226 Jeżewo 59;1459;291;291;11;280;19.95;3.78;1430;576;576;25;551;40.28;4.34
75857;142707;4;Szkoła Podstawowa 09-226 Osiek 5;716;128;128;10;118;17.88;7.81;725;323;323;29;294;44.55;8.98
75858;142707;5;Szkoła Podstawowa 09-226 Słupia 43;1165;187;187;9;178;16.05;4.81;1154;457;457;28;429;39.60;6.13
75859;142801;1;Energop Sp. z o. o. 96-500 Sochaczew ul. Inżynierska 32;1483;269;269;5;264;18.14;1.86;1489;734;734;12;722;49.29;1.63
75860;142801;2;Filia Miejskiego Ośrodka Kultury 96-500 Sochaczew ul. 15 Sierpnia 83;1510;271;271;13;258;17.95;4.80;1508;705;705;8;697;46.75;1.13
75861;142801;3;Szkoła Podstawowa Nr 2 96-500 Sochaczew ul. 15 Sierpnia 44;1214;256;256;9;247;21.09;3.52;1191;575;575;13;562;48.28;2.26
75862;142801;4;Przedszkole Nr 7 96-500 Sochaczew ul. Franciszka Żwirki i Stanisława Wigury 15;1309;253;253;11;242;19.33;4.35;1271;641;641;8;633;50.43;1.25
75863;142801;5;Zespół Szkół Ogólnokształcących 96-500 Sochaczew ul. 15 Sierpnia 4;1405;397;397;5;392;28.26;1.26;1399;795;795;12;783;56.83;1.51
75864;142801;6;Zakład Wodociągów i Kanalizacji Sp. z o.o., 96-500 Sochaczew ul. Rozlazłowska 7;1525;297;297;1;296;19.48;0.34;1559;832;832;14;818;53.37;1.68
75865;142801;7;Środowiskowy Dom Samopomocy 96-500 Sochaczew ul. Zamkowa 4 a;1477;303;303;7;296;20.51;2.31;1495;782;782;12;770;52.31;1.53
75866;142801;8;Spółdzielnia Mieszkaniowa Lokatorsko-Własnościowa 96-500 Sochaczew ul. Marszałka Józefa Piłsudskiego 26;1459;350;350;4;346;23.99;1.14;1432;792;792;11;781;55.31;1.39
75867;142801;9;Szkoła Podstawowa Nr 3 96-500 Sochaczew ul. Hanki Sawickiej 5;1409;306;306;11;295;21.72;3.59;1384;697;697;14;683;50.36;2.01
75868;142801;10;Hala Sportowa Miejskiego Ośrodka Sportu i Rekreacji 96-500 Sochaczew ul. Janusza Kusocińskiego 2;1435;336;336;7;329;23.41;2.08;1433;782;782;14;768;54.57;1.79
75869;142801;11;Miejski Ośrodek Kultury 96-500 Sochaczew ul. Stefana Żeromskiego 8;1512;341;341;11;330;22.55;3.23;1486;758;758;14;744;51.01;1.85
75870;142801;12;Przedszkole nr 3 96-500 Sochaczew ul. Poprzeczna 9;1408;311;311;4;307;22.09;1.29;1361;670;670;16;654;49.23;2.39
75871;142801;13;Szkoła Podstawowa nr 4 96-500 Sochaczew ul. Stanisława Staszica 25;1521;431;431;23;408;28.34;5.34;1489;889;889;19;870;59.70;2.14
75872;142801;14;Szkoła Podstawowa nr 4 96-500 Sochaczew ul. Stanisława Staszica 25;1384;332;332;11;321;23.99;3.31;1427;863;863;12;851;60.48;1.39
75873;142801;15;Dzienny Dom Pomocy Społecznej 96-500 Sochaczew ul. Aleja 600-Lecia 90;1390;266;266;13;253;19.14;4.89;1408;763;763;8;755;54.19;1.05
75874;142801;16;Gimnazjum nr 2 96-500 Sochaczew ul. Stanisława Staszica 106;1475;361;361;11;350;24.47;3.05;1450;800;800;10;790;55.17;1.25
75875;142801;17;Dzienny Dom Pomocy Społecznej 96-500 Sochaczew ul. Aleja 600-Lecia 90;1376;276;276;11;265;20.06;3.99;1379;677;677;5;672;49.09;0.74
75876;142801;18;Miejski Ośrodek Kultury 96-500 Sochaczew ul. Fryderyka Chopina 101;1335;258;258;17;241;19.33;6.59;1345;645;645;13;632;47.96;2.02
75877;142801;19;Filia Miejskiej Biblioteki Publicznej 96-500 Sochaczew ul. Fryderyka Chopina 160;1333;229;229;9;220;17.18;3.93;1323;604;604;16;588;45.65;2.65
75878;142801;20;Zespół Szkół 96-500 Sochaczew ul. Fryderyka Chopina 99;1416;239;239;6;233;16.88;2.51;1427;651;651;9;642;45.62;1.38
75879;142801;21;Zespół Szkół im. Jarosława Iwaszkiewicza 96-500 Sochaczew ul. Chodakowska 16;1317;149;149;9;140;11.31;6.04;1324;486;486;9;477;36.71;1.85
90722;142801;22;Szpital Powiatowy 96-500 Sochaczew ul. Batalionów Chłopskich 3/7;17;7;7;3;4;41.18;42.86;109;48;48;1;47;44.04;2.08
90723;142801;23;Pawilon Psychiatryczny Szpitala Powiatowego 96-500 Sochaczew ul. Batalionów Chłopskich 3/7;17;13;13;3;10;76.47;23.08;62;28;28;3;25;45.16;10.71
90724;142801;24;Dom Kapłana Seniora 96-500 Sochaczew ul. Stanisława Staszica 39;22;21;21;0;21;95.45;0.00;31;28;28;0;28;90.32;0.00
75880;142802;1;Szkoła Podstawowa 05-088 Brochów 27;637;102;102;0;102;16.01;0.00;631;291;291;10;281;46.12;3.44
75881;142802;2;Urząd Gminy 05-088 Brochów 125;870;111;111;4;107;12.76;3.60;878;336;336;27;309;38.27;8.04
75882;142802;3;Publiczne Gimnazjum 05-088 Lasocin 3;995;138;138;5;133;13.87;3.62;1024;472;472;11;461;46.09;2.33
75883;142802;4;Szkoła Podstawowa 05-088 Śladów 101;987;133;133;2;131;13.48;1.50;987;389;389;11;378;39.41;2.83
75884;142803;1;Gminny Ośrodek Kultury 96-520 Iłów Płocka 8;985;151;151;5;146;15.33;3.31;959;405;405;19;386;42.23;4.69
75885;142803;2;Gminny Ośrodek Kultury 96-520 Iłów Płocka 8;1236;307;307;9;298;24.84;2.93;1227;654;654;11;643;53.30;1.68
75886;142803;3;Szkoła Podstawowa im. Bolesława Chrobrego 96-521 Kaptury 5;678;96;96;2;94;14.16;2.08;674;290;290;8;282;43.03;2.76
75887;142803;4;Szkoła Podstawowa im. Cichociemnych 96-521 Brzozów Stary 67;835;151;151;6;145;18.08;3.97;825;419;419;12;407;50.79;2.86
75888;142803;5;Szkoła Podstawowa im. Cichociemnych 96-521 Brzozów Stary 67;569;63;63;1;62;11.07;1.59;579;259;259;11;248;44.73;4.25
75889;142803;6;Szkoła Podstawowa w Giżycach 96-521 Giżyce 10A;676;103;103;4;99;15.24;3.88;681;316;316;12;304;46.40;3.80
75890;142804;1;Centrum Kultury w Młodzieszynie 96-512 Młodzieszyn ul. Wyszogrodzka 23A;909;156;156;4;152;17.16;2.56;911;411;411;10;401;45.12;2.43
75891;142804;2;Gminny Ośrodek Kultury w Młodzieszynie 96-512 Młodzieszyn Wyszogrodzka 25;1242;210;210;9;201;16.91;4.29;1254;564;564;18;546;44.98;3.19
75892;142804;3;Szkoła Podstawowa w Kamionie 96-512 Kamion Poduchowny 9;1085;156;156;3;153;14.38;1.92;1065;454;454;9;445;42.63;1.98
75893;142804;4;Szkoła Podstawowa w Janowie 96-512 Janów 71A;605;60;60;1;59;9.92;1.67;602;230;230;7;223;38.21;3.04
75894;142804;5;Budynek po byłej szkole podstawowej w Mistrzewicach 96-512 Mistrzewice 36;563;57;57;0;57;10.12;0.00;574;219;219;5;214;38.15;2.28
90725;142804;6;Dom Pomocy Społecznej w Młodzieszynie 96-512 Młodzieszyn Wyszogrodzka 101;78;51;51;12;39;65.38;23.53;77;33;33;4;29;42.86;12.12
75895;142805;1;Zespół Szkół w Kozłowie Szlacheckim 96-513 Kozłów Szlachecki 54;957;120;120;2;118;12.54;1.67;963;399;399;10;389;41.43;2.51
75896;142805;2;Zespół Szkół 96-513 Kozłów Biskupi ul. Olimpijska 1;1145;228;228;13;215;19.91;5.70;1178;672;672;5;667;57.05;0.74
75897;142805;3;Zespół Szkół 96-513 Kozłów Biskupi ul. Olimpijska 1;1020;153;153;7;146;15.00;4.58;1010;441;441;14;427;43.66;3.17
75898;142805;4;Zespół Szkół 96-513 Nowa Sucha 16;1152;215;215;6;209;18.66;2.79;1166;549;549;15;534;47.08;2.73
75899;142805;5;Szkoła Podstawowa im.ks. Jana Twardowskiego 96-513 Kurdwanów 35;880;153;153;3;150;17.39;1.96;865;377;378;13;364;43.58;3.45
75900;142806;1;Zespół Szkół w Erminowie 96-514 Erminów 1;766;148;148;5;143;19.32;3.38;763;348;348;13;335;45.61;3.74
75901;142806;2;Zespół Szkół w Rybnie 96-514 Rybno Długa 11;704;125;125;2;123;17.76;1.60;703;316;316;6;310;44.95;1.90
75902;142806;3;Zespół Szkół w Rybnie 96-514 Rybno Długa 11;769;170;170;6;164;22.11;3.53;761;390;390;17;373;51.25;4.36
75903;142806;4;Ochotnicza Straż Pożarna 96-514 Wężyki 29;528;76;76;8;68;14.39;10.53;531;225;225;4;221;42.37;1.78
75904;142807;1;Gimnazjum 96-500 Wymysłów 17;442;120;120;8;112;27.15;6.67;447;245;245;15;230;54.81;6.12
75905;142807;2;Szkoła Podstawowa 96-500 Feliksów 20;1196;226;226;11;215;18.90;4.87;1208;570;570;19;551;47.19;3.33
75906;142807;3;Zespół Szkół 96-500 Wyczółki 21A;965;157;157;7;150;16.27;4.46;963;435;435;8;427;45.17;1.84
75907;142807;4;Świetlica Wiejska 96-500 Czyste 11A;1044;186;186;6;180;17.82;3.23;1044;491;491;13;478;47.03;2.65
75908;142807;5;Zespół Szkół 96-500 Kąty 74B;1092;224;224;8;216;20.51;3.57;1130;611;611;13;598;54.07;2.13
75909;142807;6;Szkoła Podstawowa 96-500 Żuków 104A;1084;162;162;12;150;14.94;7.41;1109;529;529;17;512;47.70;3.21
75910;142807;7;Szkoła Podstawowa 96-500 Mokas 26;557;70;70;2;68;12.57;2.86;570;222;222;13;209;38.95;5.86
75911;142807;8;Zespół Szkół 96-500 Kąty 74B;1537;300;300;14;286;19.52;4.67;1555;801;801;15;786;51.51;1.87
75912;142808;1;Gimnazjum w Teresinie 96-515 Teresin Aleja XX lecia 2;1146;329;329;11;318;28.71;3.34;1144;675;675;15;660;59.00;2.22
75913;142808;2;Gimnazjum w Teresinie 96-515 Teresin Aleja XX lecia 2;1189;259;259;5;254;21.78;1.93;1204;672;672;12;660;55.81;1.79
75914;142808;3;Gimnazjum w Teresinie 96-515 Teresin Aleja XX lecia 2;1110;225;225;6;219;20.27;2.67;1139;667;667;16;651;58.56;2.40
75915;142808;4;Szkoła Podstawowa 96-516 Budki Piaseckie 17;830;104;104;7;97;12.53;6.73;853;316;316;26;290;37.05;8.23
75916;142808;5;Szkoła Podstawowa 96-516 Szymanów Szkolna 35;1155;265;265;10;255;22.94;3.77;1132;555;555;32;523;49.03;5.77
75917;142808;6;Szkoła Podstawowa 96-515 Paprotnia Sochaczewska 112;1321;368;368;7;361;27.86;1.90;1341;798;798;14;784;59.51;1.75
75918;142808;7;Szkoła Podstawowa 96-515 Paprotnia Sochaczewska 112;1016;186;186;13;173;18.31;6.99;1025;502;502;16;486;48.98;3.19
75919;142808;8;Szkoła Podstawowa 96-515 Paprotnia Sochaczewska 112;1146;171;171;12;159;14.92;7.02;1180;549;549;16;533;46.53;2.91
75920;142901;1;Publiczne Gimnazjum Nr 2 08-300 Sokołów Podlaski ul. Repkowska 3;2024;419;419;5;414;20.70;1.19;1996;1047;1047;11;1036;52.45;1.05
75921;142901;2;Szkoła Podstawowa Nr 4 08-300 Sokołów Podlaski ul. Kupientyńska 15;2108;562;562;10;552;26.66;1.78;2124;1303;1303;20;1283;61.35;1.53
75922;142901;3;Spółdzielnia Inwalidów „Chegos” 08-300 Sokołów Podlaski ul. Lipowa 52;2255;610;610;15;595;27.05;2.46;2207;1306;1306;22;1284;59.18;1.68
75923;142901;4;Publiczne Gimnazjum Nr 1 08-300 Sokołów Podlaski ul. Skłodowskiej-Curie 16;1777;437;437;19;418;24.59;4.35;1740;947;947;31;916;54.43;3.27
75924;142901;5;Sokołowski Ośrodek Kultury 08-300 Sokołów Podlaski ul. Wolności 27;2181;608;608;15;593;27.88;2.47;2181;1320;1320;57;1263;60.52;4.32
75925;142901;6;Liceum Ogólnokształcące 08-300 Sokołów Podlaski ul. Sadowa 11;1905;495;495;20;475;25.98;4.04;1889;1109;1109;23;1086;58.71;2.07
75926;142901;7;Spółdzielnia Mieszkaniowa 08-300 Sokołów Podlaski ul. Księdza Bosco 10;1118;271;271;2;269;24.24;0.74;1107;645;645;10;635;58.27;1.55
75927;142901;8;Szkoła Podstawowa Nr 2 08-300 Sokołów Podlaski ul. Węgrowska 22;1858;449;449;17;432;24.17;3.79;1841;1027;1027;16;1011;55.78;1.56
90726;142901;9;Szpital Powiatowy im. Zbigniewa Koprowskiego w Sokołowie Podlaskim 08-300 Sokołów Podlaski Księdza Bosco 5;153;19;19;2;17;12.42;10.53;151;40;40;2;38;26.49;5.00
75928;142902;1;Sala konferencyjna Urzędu Gminy Bielany 08-311 Bielany-Żyłaki ul. Słoneczna 5B;1096;237;237;6;231;21.62;2.53;1118;621;621;6;615;55.55;0.97
75929;142902;2;Budynek po byłej Szkole Podstawowej w Kożuchowie 08-311 Kożuchów 56A;480;128;128;0;128;26.67;0.00;487;314;314;4;310;64.48;1.27
75930;142902;3;Świetlica w Patrykozach 08-311 Patrykozy ul. Długa 45A;398;109;109;1;108;27.39;0.92;391;197;197;7;190;50.38;3.55
75931;142902;4;Zespół Oświatowy im. Sybiraków w Rozbitym Kamieniu 08-311 Rozbity Kamień ul. Wiktora Szajkowskiego 7;1060;279;279;7;272;26.32;2.51;1035;521;521;18;503;50.34;3.45
75932;142903;1;Zespół Szkół w Ceranowie 08-322 Ceranów 206;897;145;145;10;135;16.16;6.90;896;412;412;15;397;45.98;3.64
75933;142903;2;Remiza OSP w Rytelach - Olechnych 08-322 Rytele-Olechny 32;567;114;114;4;110;20.11;3.51;550;246;246;5;241;44.73;2.03
75934;142903;3;Remiza OSP w Długich Grzymkach 08-322 Długie Grzymki 36;522;142;142;3;139;27.20;2.11;514;244;244;6;238;47.47;2.46
75935;142904;1;Szkoła Podstawowa w Bujałach-Mikoszach 08-304 Bujały-Mikosze 9;460;132;132;1;131;28.70;0.76;450;285;285;6;279;63.33;2.11
75936;142904;2;Niepubliczna Szkoła Podstawowa w Czekanowie 08-304 Czekanów 20;503;71;71;6;65;14.12;8.45;484;228;228;16;212;47.11;7.02
75937;142904;3;Zespół Szkół w Dzierzbach Włościańskich 08-304 Dzierzby Włościańskie 39;758;145;145;4;141;19.13;2.76;740;354;354;4;350;47.84;1.13
75938;142904;4;Remiza OSP Mołożew-Wieś 08-304 Mołożew-Wieś 19;775;136;136;9;127;17.55;6.62;776;353;353;15;338;45.49;4.25
75939;142904;5;Samorządowe Przedszkole w Jabłonnie Lackiej 08-304 Jabłonna Lacka ul. Kubusia Puchatka 1;1504;356;356;8;348;23.67;2.25;1509;784;784;12;772;51.95;1.53
75940;142905;1;Miejsko-Gminny Ośrodek Kultury Kosów Lacki 08-330 Kosów Lacki ul. Słoneczna 4;1302;247;247;7;240;18.97;2.83;1271;637;637;14;623;50.12;2.20
75941;142905;2;Publiczna Szkoła Podstawowa Kosów Lacki 08-330 Kosów Lacki ul. Polna 1;1062;229;229;4;225;21.56;1.75;1057;580;580;10;570;54.87;1.72
75942;142905;3;Publiczne Gimnazjum Kosów Lacki 08-330 Kosów Lacki Armii Krajowej 6;873;124;124;1;123;14.20;0.81;848;345;345;13;332;40.68;3.77
75943;142905;4;Publiczna Skoła Podstawowa w Kosowie Lackim Filia Telaki 08-330 Telaki 84;490;81;81;5;76;16.53;6.17;477;200;200;9;191;41.93;4.50
75944;142905;5;Remiza OSP Dybów 08-330 Dybów 36;700;178;178;4;174;25.43;2.25;682;350;350;11;339;51.32;3.14
75945;142905;6;Swietlica Wiejska Trzciniec Duży 08-330 Trzciniec Duży 31 B;616;71;71;7;64;11.53;9.86;597;245;245;7;238;41.04;2.86
75946;142905;7;Publiczna Szkoła Podstawowa Rytele Święckie 08-330 Rytele Święckie 111;292;58;58;3;55;19.86;5.17;295;158;158;12;146;53.56;7.59
75947;142906;1;Urząd Gminy Repki w Repkach 08-307 Repki ul. Parkowa 7;1441;337;337;8;329;23.39;2.37;1417;740;742;18;722;52.22;2.43
75948;142906;2;Remiza OSP Rogów 08-307 Rogów 21;533;118;118;5;113;22.14;4.24;529;253;253;9;244;47.83;3.56
75949;142906;3;Zespół Szkół w Skrzeszewie 08-307 Skrzeszew 98;1248;221;221;9;212;17.71;4.07;1234;568;568;18;550;46.03;3.17
75950;142906;4;Remiza OSP Wyrozęby-Podawce 08-307 Wyrozęby-Podawce 15;768;225;225;8;217;29.30;3.56;763;471;471;9;462;61.73;1.91
75951;142906;5;Remiza OSP Sawice-Wieś 08-307 Sawice-Wieś 6;580;186;186;5;181;32.07;2.69;572;374;374;11;363;65.38;2.94
90727;142906;6;SAWIMED Sp. z o. o. Sawice-Wieś 19 08-307 Sawice-Wieś 19;45;14;14;0;14;31.11;0.00;50;39;39;3;36;78.00;7.69
75952;142907;1;Wiejski Dom Kultury w Kupientynie 08-331 Kupientyn 98;437;94;94;6;88;21.51;6.38;434;234;234;7;227;53.92;2.99
75953;142907;2;Szkoła Podstawowa w Sabniach 08-331 Sabnie ul.Słoneczna 1;1166;211;211;14;197;18.10;6.64;1155;563;563;15;548;48.74;2.66
75954;142907;3;Szkoła Podstawowa w Zembrowie 08-331 Zembrów 23;1176;189;189;7;182;16.07;3.70;1164;522;522;14;508;44.85;2.68
75955;142907;4;Niepubliczna Szkoła Podstawowa w Niecieczy Włościańskiej 08-331 Nieciecz Włościańska 30;465;146;146;2;144;31.40;1.37;461;262;262;10;252;56.83;3.82
75956;142908;1;Budynek Urzędu Gminy w Sokołowie Podlaskim 08-300 Sokołów Podlaski ul. Wolności 44;1005;175;175;4;171;17.41;2.29;1011;483;483;7;476;47.77;1.45
75957;142908;2;Świetlica wiejska w Ząbkowie-Kolonii 08-300 Ząbków-Kolonia 6;413;79;79;2;77;19.13;2.53;408;191;191;7;184;46.81;3.66
75958;142908;3;Zespół Oświatowy w Nowej Wsi 08-300 Nowa Wieś ul. Szkolna 2;748;104;104;3;101;13.90;2.88;734;333;333;12;321;45.37;3.60
75959;142908;4;Zespół Oświatowy w Skibniewie 08-300 Skibniew-Podawce ul. Szkolna 8;769;171;171;7;164;22.24;4.09;754;384;384;24;360;50.93;6.25
75960;142908;5;Zespół Oświatowy w Grochowie 08-300 Grochów Włościański ul. Władysława Rawicza 1;798;184;184;1;183;23.06;0.54;803;429;429;13;416;53.42;3.03
75961;142908;6;Niepubliczna Szkoła Podstawowa w Przywózkach 08-300 Przywózki ul. Szkolna 3;678;152;152;7;145;22.42;4.61;668;331;331;9;322;49.55;2.72
75962;142908;7;Niepubliczna Szkoła Podstawowa w Czerwonce 08-300 Czerwonka 39;574;147;147;3;144;25.61;2.04;581;317;317;10;307;54.56;3.15
75963;142909;1;Zespół Szkół w Sterdyni 08-320 Sterdyń ul.Wojska Polskiego 17;942;177;177;12;165;18.79;6.78;900;428;428;9;419;47.56;2.10
75964;142909;2;Zespół Szkół w Sterdyni 08-320 Sterdyń ul.Wojska Polskiego 17;900;120;120;2;118;13.33;1.67;868;380;380;12;368;43.78;3.16
75965;142909;3;Szkoła Podstawowa w Łazowie 08-320 Łazów 7;810;158;158;5;153;19.51;3.16;788;393;393;9;384;49.87;2.29
75966;142909;4;Remiza OSP w Kiełpińcu 08-320 Kiełpiniec 47;601;125;125;5;120;20.80;4.00;576;269;269;18;251;46.70;6.69
75967;142909;5;Remiza OSP w Starym Ratyńcu 08-320 Stary Ratyniec 4;418;97;97;6;91;23.21;6.19;399;212;212;5;207;53.13;2.36
75968;143001;1;Publiczna Szkoła Podstawowa w Chlewiskach 26-510 Chlewiska ul. Szklona 6;1395;227;227;15;212;16.27;6.61;1419;566;566;39;527;39.89;6.89
75969;143001;2;Świetlica Wiejska w Hucie 26-510 Huta 45B;510;53;53;2;51;10.39;3.77;504;210;210;18;192;41.67;8.57
75970;143001;3;Świetlica Wiejska w Stefankowie 26-510 Stefanków 24;688;82;82;8;74;11.92;9.76;677;261;261;16;245;38.55;6.13
75971;143001;4;Świetlica Wiejska w Ostałowie 26-510 Ostałów 65;707;87;87;10;77;12.31;11.49;715;255;255;15;240;35.66;5.88
75972;143001;5;Świetlica Wiejska w Pawłowie 26-510 Pawłów 232;668;80;80;6;74;11.98;7.50;663;268;268;18;250;40.42;6.72
75973;143001;6;Publiczna Szkoła Podstawowa w Budkach 26-500 Budki II 1;544;65;65;4;61;11.95;6.15;548;190;190;13;177;34.67;6.84
75974;143001;7;Publiczna Szkoła Podstawowa w Cukrówce 26-510 Cukrówka 57A;691;143;143;4;139;20.69;2.80;683;307;307;21;286;44.95;6.84
75975;143002;1;Zespół Szkół Publicznych w Jastrzębiu 26-502 Jastrząb ul. Kościuszki 51 b;2269;433;433;24;409;19.08;5.54;2302;1110;1110;44;1066;48.22;3.96
75976;143002;2;Publiczna Szkoła Podstawowa w Gąsawach Rządowych 26-502 Gąsawy Rządowe 144 A;977;160;160;13;147;16.38;8.12;983;466;466;18;448;47.41;3.86
75977;143002;3;Publiczna Szkoła Podstawowa w Woli Lipienieckiej 26-502 Wola Lipieniecka Duża 41;905;88;88;4;84;9.72;4.55;932;348;348;8;340;37.34;2.30
75978;143003;1;Urząd Gminy Mirów 26-503 Mirów Stary 27;1237;185;185;12;173;14.96;6.49;1240;539;539;42;497;43.47;7.79
75979;143003;2;Publiczna Szkoła Podstawowa w Zbijowie Małym 26-503 Zbijów Mały 1;566;121;121;10;111;21.38;8.26;572;291;291;19;272;50.87;6.53
75980;143003;3;Publiczna Szkoła Podstawowa w Bieszkowie Dolnym 26-503 Bieszków Dolny 87;1208;196;196;5;191;16.23;2.55;1202;516;516;44;472;42.93;8.53
75981;143004;1;Publiczne Gimnazjum w Orońsku 26-505 Orońsko ul.Szkolna 3;2176;309;309;12;297;14.20;3.88;2206;1055;1055;34;1021;47.82;3.22
75982;143004;2;Dom Pomocy Społecznej w Łaziskach 26-505 Łaziska 15a;622;90;90;8;82;14.47;8.89;633;236;236;14;222;37.28;5.93
75983;143004;3;Publiczna Szkoła Podstawowa w Wałsnowie 26-505 Wałsnów 22a;578;107;107;4;103;18.51;3.74;586;264;264;16;248;45.05;6.06
75984;143004;4;Świetlica w Tomaszowie 26-505 Tomaszów 44b;378;122;122;4;118;32.28;3.28;371;199;199;5;194;53.64;2.51
75985;143004;5;Publiczna Szkoła Podstawowa w Guzowie 26-505 Guzów 20a;889;115;115;2;113;12.94;1.74;879;400;400;29;371;45.51;7.25
75986;143005;1;Liceum Ogólnokształcące im. Henryka Sienkiewicza w Szydłowcu 26-500 Szydłowiec ul. Zamkowa 1;1890;507;507;22;485;26.83;4.34;1840;983;983;27;956;53.42;2.75
75987;143005;2;Warsztaty Terapii Zajęciowej w Szydłowcu 26-500 Szydłowiec ul. Zamkowa 9;1809;330;330;8;322;18.24;2.42;1812;821;821;31;790;45.31;3.78
75988;143005;3;Publiczne Gimnazjum Nr 2 im. Mikołaja Kopernika w Szydłowcu 26-500 Szydłowiec ul. Folwarczna 4;1775;377;377;15;362;21.24;3.98;1743;887;887;23;864;50.89;2.59
75989;143005;4;Publiczna Szkoła Podstawowa Nr 1 z Oddziałami Integracyjnymi im. Jana III Sobieskiego w Szydłowcu 26-500 Szydłowiec ul. Wschodnia 19;1815;450;450;10;440;24.79;2.22;1752;918;918;17;901;52.40;1.85
75990;143005;5;Zespół Szkół im. Jana Pawła II w Szydłowcu 26-500 Szydłowiec ul. Wschodnia 57;1668;302;302;16;286;18.11;5.30;1601;789;789;21;768;49.28;2.66
75991;143005;6;Przedszkole Samorządowe Nr 2 w Szydłowcu 26-500 Szydłowiec ul. Stanisława Staszica 3a;1848;401;401;19;382;21.70;4.74;1774;844;844;28;816;47.58;3.32
75992;143005;7;Zespół Szkół im. KOP w Szydłowcu 26-500 Szydłowiec ul. Tadeusza Kościuszki 39;757;157;157;13;144;20.74;8.28;748;321;321;13;308;42.91;4.05
75993;143005;8;Zespół Szkół im. Jana Pawła II w Szydłowcu Filia w Zdziechowie 26-500 Zdziechów 4;768;162;162;7;155;21.09;4.32;777;370;370;11;359;47.62;2.97
75994;143005;9;Publiczna Szkoła Podstawowa im. Janusza Kusocińskiego w Sadku 26-500 Sadek 170;757;156;156;9;147;20.61;5.77;748;331;331;23;308;44.25;6.95
75995;143005;10;Publiczna Szkoła Podstawowa im. Gen. Stefana Roweckiego w Wysokiej 26-500 Wysoka 37;1015;132;132;5;127;13.00;3.79;1008;397;397;15;382;39.38;3.78
75996;143005;11;Publiczna Szkoła Podstawowa im. Biskupa Jana Chrapka w Majdowie 26-500 Majdów 30;1451;179;179;8;171;12.34;4.47;1432;589;589;33;556;41.13;5.60
75997;143201;1;LKS „Olymp” 05-870 Błonie ul. Lesznowska 15A;1285;363;363;4;359;28.25;1.10;1323;813;813;13;800;61.45;1.60
75998;143201;2;Szkoła Podstawowa Nr 2 w Błoniu 05-870 Błonie ul. Narutowicza 21;1816;473;473;13;460;26.05;2.75;1784;977;977;23;954;54.76;2.35
75999;143201;3;Gimnazjum Nr 2 w Błoniu 05-870 Błonie ul. Narutowicza 4;1886;438;438;10;428;23.22;2.28;1865;1008;1009;15;993;54.05;1.49
76000;143201;4;Centrum Kultury w Błoniu 05-870 Błonie ul. Jana Pawła II 1B;1424;365;365;10;355;25.63;2.74;1393;769;769;12;757;55.20;1.56
76001;143201;5;Przedszkole Publiczne Nr 2 w Błoniu 05-870 Błonie ul. Piłsudskiego 25A;1475;411;411;16;395;27.86;3.89;1465;799;799;20;779;54.54;2.50
76002;143201;6;Szkoła Podstawowa Nr 1 w Błoniu 05-870 Błonie ul. Poniatowskiego 19;1503;447;447;10;437;29.74;2.24;1480;900;900;14;886;60.81;1.56
76003;143201;7;Zespół Szkół Nr 1 w Błoniu 05-870 Błonie, Łąki ul. Łąki 2;623;228;228;1;227;36.60;0.44;634;419;421;8;411;66.09;1.91
76004;143201;8;Zespół Szkół Nr 1 w Błoniu 05-870 Błonie, Łąki ul. Łąki 2;677;159;159;6;153;23.49;3.77;728;397;397;3;394;54.53;0.76
76005;143201;9;Dom Kultury w Radzikowie 05-870 Radzików Nr 52;1405;412;412;19;393;29.32;4.61;1410;794;794;23;771;56.31;2.90
76006;143201;10;Dom Pomocy Społecznej w Bramkach 05-870 Bramki ul. Północna 18;854;173;173;4;169;20.26;2.31;854;436;436;11;425;51.05;2.52
76007;143201;11;OSP Górna Wieś 05-870 Górna Wieś Nr 27;786;126;126;2;124;16.03;1.59;792;361;361;9;352;45.58;2.49
76008;143201;12;Zespół Szkół w Bieniewicach 05-870 Bieniewice ul. Błońska 62;1131;267;267;9;258;23.61;3.37;1189;665;665;8;657;55.93;1.20
76009;143201;13;Zespół Szkół w Bieniewicach 05-870 Bieniewice ul. Błońska 62;1729;320;320;10;310;18.51;3.12;1800;888;889;14;874;49.33;1.58
76010;143202;1;Gminne Przedszkole w Laskach 05-080 Laski ul. 3 Maja 43;1978;690;690;14;676;34.88;2.03;2030;1302;1304;11;1291;64.14;0.84
76011;143202;2;Szkoła Podstawowa 05-080 Hornówek ul. Wojska Polskiego 5;836;368;368;11;357;44.02;2.99;842;610;610;6;604;72.45;0.98
76012;143202;3;Szkoła Podstawowa 05-080 Hornówek ul. Wojska Polskiego 5;1376;535;535;15;520;38.88;2.80;1425;996;996;9;987;69.89;0.90
76013;143202;4;Centrum Kultury Izabelin 05-080 Izabelin C ul. Matejki 21;2124;973;973;10;963;45.81;1.03;2165;1587;1587;15;1572;73.30;0.95
76014;143202;5;Szkoła Podstawowa 05-080 Izabelin C ul. 3 Maja 49;1668;421;421;19;402;25.24;4.51;1696;990;990;13;977;58.37;1.31
76015;143203;1;Gminazjum z Oddziałami Integracyjnymi w Kampinosie 05-085 Kampinos Szkolna 5;2002;418;418;17;401;20.88;4.07;2056;1106;1106;26;1080;53.79;2.35
76016;143203;2;Remiza OSP 05-085 Zawady 22;1439;259;259;15;244;18.00;5.79;1458;694;694;24;670;47.60;3.46
76017;143204;1;Zespół Szkół Publicznych 05-084 Leszno ul. Leśna 13;1476;330;330;8;322;22.36;2.42;1504;758;758;20;738;50.40;2.64
76018;143204;2;Urząd Gminy 05-084 Leszno Aleja Wojska Polskiego 21;1482;324;324;14;310;21.86;4.32;1511;819;819;21;798;54.20;2.56
76019;143204;3;Świetlica 05-084 Łubiec 29a;431;89;89;5;84;20.65;5.62;438;225;225;3;222;51.37;1.33
76020;143204;4;Publiczne Przedszkole 05-084 Czarnów 8;1623;276;276;2;274;17.01;0.72;1704;860;860;16;844;50.47;1.86
76021;143204;5;Publiczne Przedszkole 05-083 Zaborów ul. Szkolna 6;922;288;288;7;281;31.24;2.43;956;568;568;9;559;59.41;1.58
76022;143204;6;Ochotnicza Straż Pożarna 05-083 Zaborów ul. Stołeczna 180;1581;375;375;11;364;23.72;2.93;1627;940;940;21;919;57.78;2.23
76023;143205;1;Budynek komunalny 05-092 Łomianki ul. Kościuszki 10;1172;399;399;9;390;34.04;2.26;1197;741;741;13;728;61.90;1.75
76024;143205;2;Budynek komunalny 05-092 Łomianki ul. Akacjowa 20;1992;851;851;13;838;42.72;1.53;2013;1451;1455;9;1442;72.08;0.62
76025;143205;3;Przedszkole Samorządowe 05-092 Łomianki ul. Kolejowa 51;1676;654;654;10;644;39.02;1.53;1696;1180;1180;16;1164;69.58;1.36
76026;143205;4;Szkoła Podstawowa nr 1 05-092 Łomianki ul.Warszawska 73;2075;806;806;24;782;38.84;2.98;2101;1467;1467;20;1447;69.82;1.36
76027;143205;5;Integracyjne Centrum Dydaktyczno-Sportowe 05-092 Łomianki ul. Staszica 2;1334;537;537;7;530;40.25;1.30;1390;1025;1025;13;1012;73.74;1.27
76028;143205;6;Szkoła Podstawowa nr 1 05-092 Łomianki ul. Warszawska 73;1777;664;664;10;654;37.37;1.51;1864;1343;1344;11;1332;72.05;0.82
76029;143205;7;Dom Kultury 05-092 Łomianki ul.Wiejska 12a;1253;398;398;6;392;31.76;1.51;1254;802;802;8;794;63.96;1.00
76030;143205;8;Dom Kultury 05-092 Łomianki ul.Wiejska 12a;1629;569;569;9;560;34.93;1.58;1649;1113;1113;8;1105;67.50;0.72
76031;143205;9;Biblioteka Publiczna 05-092 Łomianki ul.Wiejska 12a;837;364;364;8;356;43.49;2.20;971;758;758;4;754;78.06;0.53
76032;143205;10;Inegracyjne Centrum Dydaktyczno-Sportowe 05-092 Łomianki ul.Staszica 2;1199;413;413;3;410;34.45;0.73;1299;909;909;15;894;69.98;1.65
76033;143205;11;Szkoła Podstawowa 05-092 Dziekanów Polski ul.Rolnicza 435;1608;548;548;6;542;34.08;1.09;1704;1142;1142;19;1123;67.02;1.66
76034;143205;12;Szkoła Podstawowa 05-092 Dziekanów Leśny ul. Akinsa 6;1200;368;368;9;359;30.67;2.45;1243;770;770;15;755;61.95;1.95
76035;143205;13;Szkoła Podstawowa 05-092 Sadowa ul. Strzelecka 35;564;165;165;4;161;29.26;2.42;657;360;361;23;337;54.79;6.39
76036;143206;1;Przedszkole Nr 1 w Ożarowie Mazowieckim 05-850 Ożarów Mazowiecki ul. Ożarowska 34;887;310;310;1;309;34.95;0.32;913;633;633;11;622;69.33;1.74
76037;143206;2;Gimnazjum w Ożarowie Mazowieckim 05-850 Ożarów Mazowiecki Szkolna 2;739;226;226;7;219;30.58;3.10;721;415;415;6;409;57.56;1.45
76038;143206;3;Przedszkole Nr 1 w Ożarowie Mazowieckim 05-850 Ożarów Mazowiecki ul. Ożarowska 34;865;252;252;11;241;29.13;4.37;840;475;475;8;467;56.55;1.68
76039;143206;4;Szkoła Podstawowa nr 1 w Ożarowie Mazowieckim 05-850 Ożarów Mazowiecki ul. Szkolna 2;627;238;238;3;235;37.96;1.26;660;470;470;7;463;71.21;1.49
76040;143206;5;Przedszkole /modułowe/ w Ożarowie Mazowieckim 05-850 Ożarów Mazowiecki ul. Szkolna 3;798;324;324;4;320;40.60;1.23;867;625;625;11;614;72.09;1.76
76041;143206;6;Dom Kultury ''UŚMIECH'' w Ożarowie Mazowieckim 05-850 Ożarów Mazowiecki ul. Poznańska 165;713;188;188;2;186;26.37;1.06;746;406;406;11;395;54.42;2.71
76042;143206;7;Dom Kultury „UŚMIECH” w Ożarowie Mazowieckim 05-850 Ożarów Mazowiecki ul. Poznańska 165;503;182;182;4;178;36.18;2.20;531;362;362;9;353;68.17;2.49
76043;143206;8;PNOS w Ożarowie Mazowieckim 05-850 Ożarów Mazowiecki ul. Żeromskiego 3;957;338;338;8;330;35.32;2.37;954;589;589;5;584;61.74;0.85
76044;143206;9;Szkoła Podstawowa Nr 2 w Ożarowie Mazowieckim 05-850 Ożarów Mazowiecki ul. Lipowa 11;935;299;299;5;294;31.98;1.67;953;608;608;8;600;63.80;1.32
76045;143206;10;Starostwo Powiatu Warszawskiego Zachodniego 05-850 Ożarów Mazowiecki Poznańska 129/133;1104;228;228;2;226;20.65;0.88;1077;561;561;13;548;52.09;2.32
76046;143206;11;Duchnice /Kuźnia/ 05-850 Ożarów Mazowiecki Ożarowska 28/30;780;266;266;9;257;34.10;3.38;864;555;555;11;544;64.24;1.98
76047;143206;12;Szkoła Podstawowa Nr 2 w Ożarowie Mazowieckim 05-850 Ożarów Mazowiecki ul. Lipowa 11;633;172;172;8;164;27.17;4.65;631;392;392;11;381;62.12;2.81
76048;143206;13;Przedszkole Niepubliczne 05-850 Macierzysz Sochaczewska 89;1017;258;258;5;253;25.37;1.94;1026;604;604;10;594;58.87;1.66
76049;143206;14;Filia D.K. Uśmiech 05-850 Bronisze ul. Przyparkowa 15;991;249;249;7;242;25.13;2.81;969;570;571;8;562;58.82;1.40
76050;143206;15;Szkoła Podstawowa 05-850 Umiastów ul. Umiastowska 74;1116;227;227;5;222;20.34;2.20;1240;600;600;10;590;48.39;1.67
76051;143206;16;Szkoła Podstawowa 05-860 Święcice ul. Poznańska 541;918;265;265;11;254;28.87;4.15;936;531;531;17;514;56.73;3.20
76052;143206;17;Szkoła Podstawowa w Święcicach 05-860 Święcice ul. Poznańska 541;806;130;130;1;129;16.13;0.77;687;328;328;12;316;47.74;3.66
76053;143206;18;Dom Kultury ''UŚMIECH'' Filia 05-860 Józefów ul. Fabryczna lokal: 15;598;115;115;3;112;19.23;2.61;574;291;291;11;280;50.70;3.78
76054;143206;19;Dom Kultury „Uśmiech'' Filia 05-860 Józefów ul. Fabryczna 15;509;104;104;2;102;20.43;1.92;508;214;214;7;207;42.13;3.27
76055;143206;20;Szkoła Podstawowa 05-860 Płochocin, Płochocin-Osiedle ul. Lipowa 3;927;293;293;11;282;31.61;3.75;909;573;573;13;560;63.04;2.27
76056;143206;21;Szkoła Podstawowa w Płochocinie 05-860 Płochocin, Płochocin-Osiedle ul. Lipowa 3;873;267;267;8;259;30.58;3.00;1027;583;583;13;570;56.77;2.23
90729;143206;22;Dom Opiekuńczo-Leczniczy w Pilaszkowie 05860 Pilaszków Nowowiejska 137;64;52;52;3;49;81.25;5.77;64;54;54;2;52;84.38;3.70
76057;143207;1;Przedszkole Gminne 05-082 Blizne Jasińskiego ul. Kościuszki 1;1627;629;629;8;621;38.66;1.27;1653;1153;1153;21;1132;69.75;1.82
76058;143207;2;Urząd Gminy Stare Babice 05-082 Stare Babice ul.Rynek 21;1733;636;636;16;620;36.70;2.52;1815;1262;1262;24;1238;69.53;1.90
76059;143207;3;Szkoła Podstawowa 05-082 Stare Babice ul. Polna 40;2174;829;829;10;819;38.13;1.21;2284;1629;1629;17;1612;71.32;1.04
76060;143207;4;Szkoła Podstawowa 05-082 Stare Babice ul.Polna 40;1703;528;528;10;518;31.00;1.89;1760;1149;1149;19;1130;65.28;1.65
76061;143207;5;Szkoła Podstawowa Stare Babice 05-082 Stare Babice ul.Polna 40;1246;346;346;7;339;27.77;2.02;1251;808;808;9;799;64.59;1.11
76062;143207;6;Gimnazjum 05-080 Koczargi Stare ul.Akacjowa 12;1584;487;487;13;474;30.74;2.67;1655;1042;1042;18;1024;62.96;1.73
76063;143207;7;Zespół Szkolno-Przedszkolny 05-083 Borzęcin Duży ul. Warszawska 697;1470;303;303;6;297;20.61;1.98;1505;833;833;16;817;55.35;1.92
76064;143207;8;Zespół Szkolno-Przedszkolny 05-083 Borzęcin Duży ul. Warszawska 697;1532;358;358;20;338;23.37;5.59;1579;809;809;15;794;51.23;1.85
76065;143301;1;Przedszkole Nr 1 07-100 Węgrów ul. Klonowa 4;2014;477;477;10;467;23.68;2.10;1998;1025;1025;19;1006;51.30;1.85
76066;143301;2;Urząd Stanu Cywilnego 07-100 Węgrów ul. Gdańska 2;1668;462;462;17;445;27.70;3.68;1603;914;914;27;887;57.02;2.95
76067;143301;3;Gimnazjum 07-100 Węgrów ul. Szamoty 35;2271;475;475;12;463;20.92;2.53;2354;1244;1244;38;1206;52.85;3.05
76068;143301;4;Szkoła Podstawowa 07-100 Węgrów ul. Kościuszki 16;2165;591;591;15;576;27.30;2.54;2126;1228;1228;38;1190;57.76;3.09
76069;143301;5;Węgrowski Ośrodek Kultury 07-100 Węgrów ul. Mickiewicza 4a;2305;511;511;11;500;22.17;2.15;2264;1236;1236;21;1215;54.59;1.70
90730;143301;6;Szpital Powiatowy 07-100 Węgrów ul. Kościuszki 201;45;9;9;0;9;20.00;0.00;41;25;25;0;25;60.98;0.00
76070;143302;1;Sala Konferencyjna Urzędu Gminy Grębków 07-110 Grębków ul. Wspólna 5;1347;215;215;6;209;15.96;2.79;1352;580;580;24;556;42.90;4.14
76071;143302;2;Szkoła Podstawowa im. Henryka Sienkiewicza w Grębkowie 07-110 Grębków ul. Szkolna 1;925;128;128;9;119;13.84;7.03;907;421;421;23;398;46.42;5.46
76072;143302;3;Filia Gminnej Biblioteki Publicznej w Kopciach 07-110 Kopcie 19;994;127;127;8;119;12.78;6.30;992;345;345;8;337;34.78;2.32
76073;143302;4;Remiza OSP Pobratymy 07-110 Pobratymy 32;389;106;106;2;104;27.25;1.89;390;207;207;7;200;53.08;3.38
76074;143303;1;Szkoła Podstawowa w Korytnicy 07-120 Korytnica ul.Sienkiewicza Henryka 14;1730;366;366;11;355;21.16;3.01;1719;863;863;31;832;50.20;3.59
76075;143303;2;Szkoła Podstawowa w Maksymilianowie 07-120 Maksymilianów 30;701;116;116;7;109;16.55;6.03;693;287;287;17;270;41.41;5.92
76076;143303;3;Szkoła Podstawowa w Sewerynowie 07-120 Sewerynów 81;688;79;79;2;77;11.48;2.53;691;262;262;8;254;37.92;3.05
76077;143303;4;Szkoła Podstawowa w Pniewniku 07-120 Pniewnik 35;1337;243;243;7;236;18.18;2.88;1338;680;680;16;664;50.82;2.35
76078;143303;5;Szkoła Podstawowa w Górkach-Grubakach 07-120 Górki-Grubaki 65;755;102;102;7;95;13.51;6.86;747;304;304;17;287;40.70;5.59
76079;143304;1;Remiza Ochotniczej Straży Pożarnej w Liwie 07-100 Liw ul. Kozia 4;1526;286;286;1;285;18.74;0.35;1515;788;788;27;761;52.01;3.43
76080;143304;2;Samorządowa Szkoła Podstawowa w Jartyporach 07-100 Jartypory 145;605;96;96;4;92;15.87;4.17;603;261;261;8;253;43.28;3.07
76081;143304;3;Samorządowa Szkoła Podstawowa w Ruchnie 07-100 Ruchna 73;1325;232;232;12;220;17.51;5.17;1317;602;602;39;563;45.71;6.48
76082;143304;4;Samorządowa Szkoła Podstawowa w Starejwsi 07-100 Starawieś ul. Szkolna 1;1309;230;230;5;225;17.57;2.17;1310;636;636;16;620;48.55;2.52
76083;143304;5;Samorządowa Szkoła Podstawowa w Wyszkowie 07-100 Wyszków 29A;900;180;180;7;173;20.00;3.89;905;391;391;12;379;43.20;3.07
76084;143304;6;Publiczna Szkoła Podstawowa w Jarnicach 07-100 Jarnice 124;497;119;119;7;112;23.94;5.88;484;242;242;10;232;50.00;4.13
76085;143305;1;Zespół Szkół w Gwizdałach 07-130 Gwizdały 81;1245;263;263;7;256;21.12;2.66;1240;556;556;9;547;44.84;1.62
76086;143305;2;Budynek byłej Szkoły Podstawowej w Łosiewicach 07-130 Łosiewice 76;817;158;158;6;152;19.34;3.80;803;385;385;15;370;47.95;3.90
76087;143305;3;Zespół Szkół w Ostrówku 07-132 Ostrówek ul. Szkolna 2;1368;288;288;10;278;21.05;3.47;1318;710;710;22;688;53.87;3.10
76088;143305;4;Zespół Szkół w Kamionnie 07-130 Kamionna ul.Szkolna 18;2287;449;449;16;433;19.63;3.56;2256;1131;1131;16;1115;50.13;1.41
76089;143305;5;Szkoła Podstawowa Nr 1 w Łochowie 07-130 Łochów Żeromskiego 3;846;136;136;8;128;16.08;5.88;844;375;375;9;366;44.43;2.40
76090;143305;6;Szkoła Podstawowa Nr 3 w Łochowie 07-130 Łochów 1 maja 47;1358;247;247;2;245;18.19;0.81;1375;749;749;11;738;54.47;1.47
76091;143305;7;Były sklep w Łochowie Fabrycznym 07-130 Łochów Fabryczna 10a;738;160;160;13;147;21.68;8.12;724;358;358;18;340;49.45;5.03
76092;143305;8;Szkoła Podstawowa Nr 3 w Łochowie 07-130 Łochów 1 maja 47;1266;248;248;3;245;19.59;1.21;1283;696;696;11;685;54.25;1.58
76093;143305;9;Gimnazjum Publiczne w Łochowie 07-130 Łochów ul.Wyspiańskiego 20;1012;101;101;0;101;9.98;0.00;1002;428;428;11;417;42.71;2.57
76094;143305;10;Była Szkoła Podstawowa w Ogrodnikach 07-132 Ogrodniki 1A;741;93;93;7;86;12.55;7.53;733;328;328;23;305;44.75;7.01
76095;143305;11;Szkoła Podstawowa Nr 3 w Łochowie 07-130 Łochów 1-go Maja 47;1249;300;300;9;291;24.02;3.00;1242;763;763;12;751;61.43;1.57
76096;143305;12;Liceum Ogólnokształcące w Łochowie 07-130 Łochów Wyspiańskiego 18;764;145;145;2;143;18.98;1.38;770;422;422;8;414;54.81;1.90
76097;143305;13;Zespół Szkół w Ostrówku 07-132 Ostrówek Szkolna 2;581;59;59;4;55;10.15;6.78;589;241;241;9;232;40.92;3.73
76098;143306;1;Sala klubowa w GBP w Miedznie 07-106 Miedzna Plac Wolności 8;1081;283;283;12;271;26.18;4.24;1057;552;552;21;531;52.22;3.80
76099;143306;2;Sala kinowa w GBP w Miedznie 07-106 Miedzna Plac Wolności 8;474;109;109;3;106;23.00;2.75;465;260;260;4;256;55.91;1.54
76100;143306;3;Dom Ludowy we Wrotnowie 07-106 Wrotnów 71A;628;75;75;8;67;11.94;10.67;615;235;235;9;226;38.21;3.83
76101;143306;4;Remiza OSP w Żeleźnikach 07-106 Żeleźniki 31;616;132;132;3;129;21.43;2.27;614;303;303;5;298;49.35;1.65
76102;143306;5;Remiza OSP w Międzylesiu 07-106 Międzyleś 80A;614;152;152;3;149;24.76;1.97;615;274;274;13;261;44.55;4.74
76103;143307;1;GOK w Sadownem 07-140 Sadowne ul. Kościuszki 35;1068;246;246;11;235;23.03;4.47;1062;575;575;18;557;54.14;3.13
76104;143307;2;Publiczne Gimnazjum w Sadownem 07-140 Sadowne ul. Kościuszki 72;1112;189;189;2;187;17.00;1.06;1090;504;504;26;478;46.24;5.16
76105;143307;3;Szkoła Podstawowa w Grabinach 07-140 Grabiny 11;789;142;142;6;136;18.00;4.23;783;338;338;13;325;43.17;3.85
76106;143307;4;Szkoła Podstawowa w Kołodziążu 07-140 Kołodziąż 82;786;104;104;6;98;13.23;5.77;756;312;312;6;306;41.27;1.92
76107;143307;5;Była Szkoła Podstawowa w Morzyczynie 07-140 Morzyczyn Włościański 65;707;115;115;7;108;16.27;6.09;701;341;341;21;320;48.64;6.16
76108;143307;6;Szkoła Podstawowa w Orzełku 07-140 Orzełek 13;492;62;62;3;59;12.60;4.84;497;185;185;18;167;37.22;9.73
76109;143308;1;Szkoła Podstawowa w Grygrowie 07-104 Grygrów 1b;800;103;103;7;96;12.88;6.80;780;365;365;15;350;46.79;4.11
76110;143308;2;Strażnica OSP w Mrozowej Woli 07-104 Mrozowa Wola 27b;682;107;107;1;106;15.69;0.93;675;271;271;11;260;40.15;4.06
76111;143308;3;Gimnazjum w Stoczku 07-104 Stoczek ul. Armii Krajowej 1;1140;166;166;1;165;14.56;0.60;1119;448;448;14;434;40.04;3.12
76112;143308;4;Gimnazjum w Stoczku 07-104 Stoczek ul. Armii Krajowej 1;1143;294;294;8;286;25.72;2.72;1119;561;561;13;548;50.13;2.32
76113;143308;5;Szkoła Podstawowa w Toporze 07-104 Topór 54;423;99;99;1;98;23.40;1.01;421;221;221;12;209;52.49;5.43
90731;143308;6;Samorządowy Dom Pomocy Społecznej w Starych Lipkach 07-104 Stare Lipki 65;20;20;20;0;20;100.00;0.00;22;16;16;2;14;72.73;12.50
76114;143309;1;Zespół Szkół w Wierzbnie 07-111 Wierzbno 48;612;116;116;9;107;18.95;7.76;603;290;290;15;275;48.09;5.17
76115;143309;2;Zespół Szkół w Krypach 07-111 Krypy 59;587;105;105;3;102;17.89;2.86;589;313;313;15;298;53.14;4.79
76116;143309;3;Sala konferencyjna Urzędu Gminy w Wierzbnie 07-111 Wierzbno 90;640;67;67;2;65;10.47;2.99;626;231;231;12;219;36.90;5.19
76117;143309;4;Świetlica wiejska w Czerwonce-Folwark 07-111 Czerwonka-Folwark 25;618;94;94;5;89;15.21;5.32;606;240;240;15;225;39.60;6.25
76118;143401;1;Zespół Szkół Publicznych Nr 1 05-230 Kobyłka ul. Jezuicka 1;955;223;223;9;214;23.35;4.04;1052;598;599;11;587;56.84;1.84
76119;143401;2;Zespół Szkół Publicznych Nr 1 05-230 Kobyłka ul. Jezuicka 1;1370;362;362;12;350;26.42;3.31;1469;857;857;13;844;58.34;1.52
76120;143401;3;Zespół Szkół Publicznych Nr 3 05-230 Kobyłka ul. Ks. Marcina Załuskiego 57;1242;401;401;2;399;32.29;0.50;1379;904;904;10;894;65.55;1.11
76121;143401;4;Zespół Szkół Publicznych Nr 3 05-230 Kobyłka ul. Ks. Marcina Załuskiego 57;571;156;156;6;150;27.32;3.85;607;391;391;8;383;64.42;2.05
76122;143401;5;Zespół Szkół Publicznych Nr 3 05-230 Kobyłka ul. Ks. Marcina Załuskiego 57;1196;434;434;5;429;36.29;1.15;1261;839;839;9;830;66.53;1.07
76123;143401;6;Publiczne Przedszkole Nr 1 05-230 Kobyłka ul. Gen. Tadeusza Kościuszki 6;718;248;248;3;245;34.54;1.21;726;460;460;6;454;63.36;1.30
76124;143401;7;Zespół Szkół Publicznych Nr 1 05-230 Kobyłka ul. Jezuicka 1;859;255;256;6;249;29.69;2.35;873;524;524;7;517;60.02;1.34
76125;143401;8;Stadion Sportowy 05-230 Kobyłka ul. Napoleona 2a;808;333;333;9;324;41.21;2.70;819;524;524;9;515;63.98;1.72
76126;143401;9;Miejski Ośrodek Kultury 05-230 Kobyłka Al. Jana Pawła II 22;1630;543;543;9;534;33.31;1.66;1651;1093;1093;15;1078;66.20;1.37
76127;143401;10;Urząd Miasta 05-230 Kobyłka ul. Wołomińska 1;1387;526;526;12;514;37.92;2.28;1381;928;928;14;914;67.20;1.51
76128;143401;11;Stadion Sportowy 05-230 Kobyłka ul. Napoleona 2a;1500;456;456;8;448;30.40;1.75;1583;958;958;14;944;60.52;1.46
76129;143401;12;Miejski Ośrodek Kultury 05-230 Kobyłka Al. Jana Pawła II 22;1098;379;379;13;366;34.52;3.43;1103;712;712;7;705;64.55;0.98
76130;143401;13;Zespół Szkół Publicznych Nr 2 05-230 Kobyłka ul. Elizy Orzeszkowej 3/5;863;299;299;8;291;34.65;2.68;865;565;565;12;553;65.32;2.12
76131;143401;14;Zespół Szkół Publicznych Nr 2 05-230 Kobyłka ul. Elizy Orzeszkowej 3/5;840;252;252;15;237;30.00;5.95;838;549;549;5;544;65.51;0.91
76132;143401;15;Zespół Szkół Publicznych Nr 2 05-230 Kobyłka ul. Elizy Orzeszkowej 3/5;825;268;268;5;263;32.48;1.87;869;572;572;3;569;65.82;0.52
76133;143402;1;Szkoła Podstawowa Nr 2 05-270 Marki ul. Szkolna 9;1505;337;338;14;323;22.39;4.15;1642;941;941;3;938;57.31;0.32
76134;143402;2;Szkoła Podstawowa Nr 2 05-270 Marki ul. Szkolna 9;1773;465;465;11;454;26.23;2.37;1861;1124;1124;20;1104;60.40;1.78
76135;143402;3;Zespół Szkół nr 1 05-270 Marki Al. Piłsudskiego 96;1157;282;282;5;277;24.37;1.77;1163;603;603;9;594;51.85;1.49
76136;143402;4;Zespól Szkół Nr 1 05-270 Marki Al. Piłsudskiego 96;1270;368;368;3;365;28.98;0.82;1366;857;857;19;838;62.74;2.22
76137;143402;5;Szkoła Podstawowa Nr 4 05-270 Marki ul.Duża 3;1788;380;380;10;370;21.25;2.63;1807;1009;1009;20;989;55.84;1.98
76138;143402;6;Szkoła Podstawowa Nr 4 05-270 Marki ul.Duża 3;1593;321;321;2;319;20.15;0.62;1588;795;796;10;785;50.06;1.26
76139;143402;7;Zespół Szkół Nr 2 05-270 Marki ul.Wczasowa 5;1880;594;594;11;583;31.60;1.85;1937;1250;1250;16;1234;64.53;1.28
76140;143402;8;Zespół Szkól Nr 2 05-260 Marki ul.Wczasowa 5;1321;362;362;5;357;27.40;1.38;1394;864;864;7;857;61.98;0.81
76141;143402;9;Szkoła Podstawowa Nr 3 05-260 Marki ul.Pomnikowa 21;1384;408;408;7;401;29.48;1.72;1441;878;878;10;868;60.93;1.14
76142;143402;10;Szkoła Podstawowa nr 3 05-260 Marki ul. Pomnikowa 21;2045;473;473;6;467;23.13;1.27;2090;1150;1150;13;1137;55.02;1.13
76143;143402;11;Szkoła Podstawowa Nr 1 05-270 Marki ul.Okólna 14;1056;224;224;5;219;21.21;2.23;1098;603;603;12;591;54.92;1.99
76144;143402;12;Szkoła Podstawowa Nr 1 05-270 Marki ul.Okólna 14;1426;325;325;4;321;22.79;1.23;1521;910;912;10;900;59.83;1.10
76145;143402;13;Szkoła Podstawowa Nr 1 05-270 Marki ul.Okólna 14;1301;351;351;4;347;26.98;1.14;1374;865;865;4;861;62.95;0.46
76146;143402;14;Szkoła Podstawowa Nr 1 05-270 Marki ul.Okólna 14;1524;358;359;5;353;23.49;1.40;1599;959;959;13;946;59.97;1.36
76147;143403;1;Gimnazjum Publiczne Nr 2 05-091 Ząbki Batorego 37;1907;619;619;10;609;32.46;1.62;1900;1220;1220;15;1205;64.21;1.23
76148;143403;2;Publiczna Szkoła Katolicka 05-091 Ząbki 11 Listopada 4;2277;823;823;14;809;36.14;1.70;2297;1496;1496;22;1474;65.13;1.47
76149;143403;3;Urząd Stanu Cywilnego 05-091 Ząbki Wojska Polskiego 10;1664;615;615;16;599;36.96;2.60;1653;1076;1076;23;1053;65.09;2.14
76150;143403;4;Szkoła Podstawowa nr 2 05-091 Ząbki Batorego 11;2298;663;663;24;639;28.85;3.62;2308;1460;1460;27;1433;63.26;1.85
76151;143403;5;Szkoła Podstawowa nr 1 05-091 Ząbki Piłsudskiego 35;2094;563;563;15;548;26.89;2.66;2112;1210;1210;18;1192;57.29;1.49
76152;143403;6;Publiczne Przedszkole nr 3 05-091 Ząbki Westerplatte 1/11;1294;321;321;7;314;24.81;2.18;1367;840;840;20;820;61.45;2.38
76153;143403;7;Miejski Ośrodek Sportu i Rekreacji 05-091 Ząbki Słowackiego 21;2266;688;689;4;684;30.36;0.58;2278;1436;1437;19;1417;63.04;1.32
76154;143403;8;Gimnazjum Publiczne nr 1 05-091 Ząbki Harcerska 9;1979;575;575;9;566;29.06;1.57;2035;1284;1286;14;1270;63.10;1.09
76155;143403;9;Szkoła Podstawowa Nr 3 05-091 Ząbki Kościelna 2;1138;245;245;3;242;21.53;1.22;1228;715;715;14;701;58.22;1.96
76156;143403;10;Szkoła Podstawowa Nr 3 05-091 Ząbki Kościelna 2;1032;276;276;3;273;26.74;1.09;1116;707;707;11;696;63.35;1.56
76157;143403;11;Filia Szkoły Podstawowej Nr 3 05-091 Ząbki Powstańców 60;1134;335;335;10;325;29.54;2.99;1529;1037;1037;7;1030;67.82;0.68
76158;143403;12;Szkoła Podstawowa nr 3 05-091 Ząbki Kościelna 2;1121;213;213;10;203;19.00;4.69;1249;745;745;12;733;59.65;1.61
76159;143403;13;Szkoła Podstawowa nr 3 05-091 Ząbki Kościelna 2;1159;336;336;5;331;28.99;1.49;1214;767;767;10;757;63.18;1.30
76160;143403;14;Filia Szkoły Podstawowej nr 3 05-091 Ząbki Powstańców 60;1109;313;313;4;309;28.22;1.28;1146;751;751;11;740;65.53;1.46
90732;143403;15;Mazowieckie Centrum Psychiatrii „Drewnica” Sp. z o.o. 05-091 Ząbki Rychlińskiego 1;126;44;44;10;34;34.92;22.73;139;104;104;16;88;74.82;15.38
76161;143404;1;Miejskie Przedszkole Nr 5 05-220 Zielonka ul. Wyszyńskiego 7;1151;460;460;7;453;39.97;1.52;1099;740;741;8;732;67.33;1.08
76162;143404;2;Szkoła Podstawowa Nr 3 05-220 Zielonka ul. Wilsona 34/36;899;341;341;12;329;37.93;3.52;903;612;612;4;608;67.77;0.65
76163;143404;3;Szkoła Podstawowa Nr 3 05-220 Zielonka ul. Wilsona 34/36;1813;707;708;16;691;39.00;2.26;1826;1301;1301;19;1282;71.25;1.46
76164;143404;4;Szkoła Podstawowa Nr 1 05-220 Zielonka ul. Staszica 56;1641;613;613;8;605;37.36;1.31;1624;1069;1069;14;1055;65.83;1.31
76165;143404;5;Miejski Ośrodek Zdrowia 05-220 Zielonka ul. Mickiewicza 18;855;345;345;1;344;40.35;0.29;833;587;587;9;578;70.47;1.53
76166;143404;6;Miejskie Gimnazjum 05-220 Zielonka ul. Łukasińskiego 1/3;926;361;361;9;352;38.98;2.49;1047;730;730;16;714;69.72;2.19
76167;143404;7;Urząd Miasta 05-220 Zielonka ul. Lipowa 5;1953;674;674;18;656;34.51;2.67;1904;1213;1213;18;1195;63.71;1.48
76168;143404;8;Szkoła Podstawowa Nr 2 05-220 Zielonka ul. Powstańców 3;1618;488;488;9;479;30.16;1.84;1610;943;943;19;924;58.57;2.01
76169;143404;9;Szkoła Podstawowa Nr 2 05-220 Zielonka ul. Powstańców 3;634;218;218;5;213;34.38;2.29;623;398;398;3;395;63.88;0.75
76170;143404;10;Zespół Szkół 05-220 Zielonka Inżynierska 1;1957;609;609;4;605;31.12;0.66;1971;1228;1228;14;1214;62.30;1.14
90733;143404;11;Dom Pomocy Społecznej 05-220 Zielonka Poniatowskiego 29;61;25;25;4;21;40.98;16.00;59;36;36;5;31;61.02;13.89
76171;143405;1;Publiczna Szkoła Podstawowa 05-252 Dąbrówka T. Kościuszki 20;1197;346;346;9;337;28.91;2.60;1210;685;685;15;670;56.61;2.19
76172;143405;2;Publiczna Szkoła Podstawowa 05-252 Guzowatka 81;834;181;181;5;176;21.70;2.76;855;411;411;21;390;48.07;5.11
76173;143405;3;Zespół Szkół 05-254 Józefów Kościelna 2;1133;252;252;7;245;22.24;2.78;1203;665;665;21;644;55.28;3.16
76174;143405;4;Wiejski Ośrodek Zdrowia 05-254 Kuligów Warszawska 5;415;93;93;2;91;22.41;2.15;417;204;204;7;197;48.92;3.43
76175;143405;5;Publiczna Szkoła Podstawowa 05-252 Wszebory 39;806;193;193;9;184;23.95;4.66;835;425;425;14;411;50.90;3.29
76176;143405;6;Remiza OSP 05-252 Zaścienie 24;302;80;80;0;80;26.49;0.00;314;167;167;4;163;53.18;2.40
76177;143405;7;Publiczne Gimnazjum 05-252 Dąbrówka T. Kościuszki 20A;1228;318;318;9;309;25.90;2.83;1241;671;671;12;659;54.07;1.79
76178;143406;1;Publiczna Szkoła Podstawowa 05-280 Jadów ul. 11 Listopada 15;795;147;147;2;145;18.49;1.36;796;348;348;10;338;43.72;2.87
76179;143406;2;Gimnazjum im. Andrzeja Zamoyskiego w Jadowie 05-280 Jadów 11-go Listopada 15;743;127;127;0;127;17.09;0.00;758;339;340;8;331;44.72;2.36
76180;143406;3;Publiczna Szkoła Podstawowa w Myszałach 05-280 Myszadła 65;735;115;115;0;115;15.65;0.00;742;283;283;7;276;38.14;2.47
76181;143406;4;Świetlica Wiejska 05-280 Zawiszyn ul. Szkolna 16;422;130;130;4;126;30.81;3.08;427;220;220;6;214;51.52;2.73
76182;143406;5;Zespół Szkolno - Przedszkolny w Urlach 05-281 Urle ul. Żwirki i Wigury 4;916;223;223;3;220;24.34;1.35;913;439;439;15;424;48.08;3.42
76183;143406;6;Gminna Biblioteka Publiczna w Jadowie flia w Urlach 05-281 Urle Poniatowskiego 11;722;150;150;6;144;20.78;4.00;702;333;333;11;322;47.44;3.30
76184;143406;7;Publiczna Szkoła Podstawowa w Nowinkach 05-280 Nowinki 31;465;70;70;3;67;15.05;4.29;469;166;166;10;156;35.39;6.02
76185;143406;8;Publiczna Szkoła Podstawowa w Szewnicy 05-281 Szewnica Kościelna 28;542;97;97;3;94;17.90;3.09;533;236;236;9;227;44.28;3.81
76186;143406;9;Gminna Biblioteka Publiczna w Jadowie filia w Sitnem 05-281 Sitne Długa 1;464;85;85;2;83;18.32;2.35;458;199;199;5;194;43.45;2.51
76187;143406;10;Świetlica Gminna w Sulejowie 05-280 Sulejów Kościelna 7;438;84;84;7;77;19.18;8.33;400;182;182;9;173;45.50;4.95
76188;143407;1;Zespół Szkół w Klembowie 05-205 Klembów ul.Gen.Franciszka Żymirskiego 68;1182;232;232;6;226;19.63;2.59;1217;593;593;22;571;48.73;3.71
76189;143407;2;Zespół Szkół w Ostrówku 05-205 Ostrówek ul. Warszawska 1;1489;448;448;11;437;30.09;2.46;1510;914;914;28;886;60.53;3.06
76190;143407;3;Zespół Szkół w Ostrówku 05-205 Ostrówek ul. Warszawska 1;1061;244;244;12;232;23.00;4.92;1081;503;503;11;492;46.53;2.19
76191;143407;4;Szkoła Podstawowa w Dobczynie 05-205 Dobczyn ul. Mazowiecka 67;1488;281;281;8;273;18.88;2.85;1535;741;741;21;720;48.27;2.83
76192;143407;5;Szkoła Podstawowa w Satrym Kraszewie 05-205 Stary Kraszew ul. Szkolna 5;478;108;108;11;97;22.59;10.19;490;254;254;9;245;51.84;3.54
76193;143407;6;Szkoła Podstawowa w Woli Rasztowskiej 05-205 Wola Rasztowska ul.Szkolna 8;1080;213;213;5;208;19.72;2.35;1098;611;611;12;599;55.65;1.96
76194;143407;7;Szkoła Podstawowa w Kruszu 05-240 Krusze 34;446;61;61;6;55;13.68;9.84;460;217;217;11;206;47.17;5.07
90735;143407;8;Zakład Opiekuńczo-Leczniczy Psychiatryczny 05-205 Rasztów 46;59;47;47;2;45;79.66;4.26;48;46;46;6;40;95.83;13.04
76195;143408;1;Szkoła Podstawowa w Międzylesiu 05-326 Międzyleś 12A;588;81;81;7;74;13.78;8.64;587;241;241;28;213;41.06;11.62
76196;143408;2;Szkoła Podstawowa w Poświętnem 05-326 Poświętne;1298;188;188;9;179;14.48;4.79;1303;537;537;12;525;41.21;2.23
76197;143408;3;Szkoła Podstawowa w Nowych Ręczajach 05-326 Nowe Ręczaje 20A;648;149;149;2;147;22.99;1.34;651;368;368;7;361;56.53;1.90
76198;143408;4;Ochotnicza Straż Pożarna w Woli Ręczajskiej 05-326 Wola Ręczajska 40A;395;76;76;5;71;19.24;6.58;394;186;186;11;175;47.21;5.91
76199;143408;5;Szkoła Podstawowa w Zabrańcu 05-079 Zabraniec ks. Wł. Skonieckiego 8;743;158;158;10;148;21.27;6.33;766;416;416;17;399;54.31;4.09
76200;143408;6;Publiczne Gimnazjum w Poświętnem 05-326 Poświętne;1121;250;250;5;245;22.30;2.00;1125;606;606;20;586;53.87;3.30
76201;143409;1;Biblioteka Publiczna Miasta i Gminy Radzymin 05-250 Radzymin ul. Konstytucji 3 Maja 15;1641;441;441;15;426;26.87;3.40;1608;879;879;18;861;54.66;2.05
76202;143409;2;Urząd Stanu Cywilnego w Radzyminie 05-250 Radzymin ul. Konstytucj 3 Maja 19;1628;314;314;10;304;19.29;3.18;1689;890;890;17;873;52.69;1.91
76203;143409;3;Zespół Szkół im. Księżnej Eleonory Czartoryskiej 05-250 Radzymin Konopnickiej 24;1606;490;490;6;484;30.51;1.22;1754;1077;1077;13;1064;61.40;1.21
76204;143409;4;Zespół Szkół Terenów Zieleni w Radzyminie 05-250 Radzymin ul. Aleja Jana Pawła II 18;1872;498;498;10;488;26.60;2.01;2010;1164;1164;14;1150;57.91;1.20
76205;143409;5;Liceum Zawodowe im. kpt. Stefana Pogonowskiego i Zasadnicza Szkoła Zawodowa w Radzyminie 05-250 Radzymin ul. Komunalna 6;1662;411;411;5;406;24.73;1.22;1658;904;904;13;891;54.52;1.44
76206;143409;6;Ochotnicza Straż Pożarna w Radzyminie 05-250 Radzymin ul. Konstytucji 3 Maja 8A;1711;339;339;5;334;19.81;1.47;1755;944;944;21;923;53.79;2.22
76207;143409;7;Zespół Szkolno-Przedszkolny im. Janiny Januszewskiej w Ciemnem 05-250 Ciemne Wołomińska 208;1717;287;287;5;282;16.72;1.74;1736;830;830;21;809;47.81;2.53
76208;143409;8;Zespół Szkół w Starych Załubicach Szkoła Podstawowa im. Armii Krajowej 05-255 Stare Załubice Mazowiecka 40;1750;481;481;9;472;27.49;1.87;1878;1159;1159;33;1126;61.71;2.85
76209;143409;9;Szkoła Podstawowa Nr 2 w Słupnie 05-250 Słupno ul. Szkolna 3;1672;357;357;13;344;21.35;3.64;1774;1027;1027;22;1005;57.89;2.14
76210;143409;10;Zespół Szkół w Słupnie Szkoła Podstawowa Nr 1 im. Marii Konopnickiej 05-250 Słupno Al. Jana Pawła II 14;1502;377;377;12;365;25.10;3.18;1493;854;854;16;838;57.20;1.87
76211;143409;11;Szkoła Podstawowa im. Prymasa Tysiąclecia w Nadmie 05-270 Nadma Szkolna 7;1314;419;419;5;414;31.89;1.19;1379;875;875;20;855;63.45;2.29
90736;143409;12;Dom Pomocy Społecznej 05250 Radzymin Konstytucji 3 Maja 7;93;28;28;2;26;30.11;7.14;97;36;36;2;34;37.11;5.56
76212;143410;1;Budynek po byłej szkole 05-282 Krawcowizna 85;181;22;22;1;21;12.15;4.55;180;58;58;0;58;32.22;0.00
76213;143410;2;Budynek OSP 05-282 Borucza 16A;395;70;70;3;67;17.72;4.29;379;136;136;5;131;35.88;3.68
76214;143410;3;Budynek prywatny 05-282 Osęka 23;334;66;66;0;66;19.76;0.00;346;139;139;8;131;40.17;5.76
76215;143410;4;Budynek OSP 05-282 Strachówka ul. Jana Pawła II 24;528;108;108;10;98;20.45;9.26;529;239;239;11;228;45.18;4.60
76216;143410;5;Szkoła Podstawowa 05-282 Rozalin 29;450;43;43;1;42;9.56;2.33;458;147;147;3;144;32.10;2.04
76217;143410;6;Świetlica Wiejska 05-282 Równe 30;391;70;70;6;64;17.90;8.57;394;168;168;10;158;42.64;5.95
76218;143410;7;Budynek prywatny 05-282 Kąty Czernickie 43;107;24;24;0;24;22.43;0.00;106;39;39;3;36;36.79;7.69
76219;143411;1;Przedszkole Samorządowe 05-240 Tłuszcz ul. Adama Mickiewicza 7;1495;404;404;7;397;27.02;1.73;1444;779;779;22;757;53.95;2.82
76220;143411;2;Przedszkole Samorządowe 05-240 Tłuszcz ul. Adama Mickiewicza 7;650;84;84;7;77;12.92;8.33;641;253;253;6;247;39.47;2.37
76221;143411;3;Szkoła Podstawowa 05-240 Tłuszcz ul. Kościelna 1;1168;319;319;7;312;27.31;2.19;1164;714;714;12;702;61.34;1.68
76222;143411;4;Szkoła Podstawowa 05-240 Tłuszcz ul. Kościelna 1;1256;324;324;18;306;25.80;5.56;1262;709;709;22;687;56.18;3.10
76223;143411;5;Gimnazjum 05-240 Tłuszcz ul. Radzymińska 2;917;194;194;9;185;21.16;4.64;919;483;483;18;465;52.56;3.73
76224;143411;6;Gimnazjum 05-240 Tłuszcz ul. Radzymińska 2;754;123;123;5;118;16.31;4.07;788;406;406;16;390;51.52;3.94
76225;143411;7;Zespół Szkół 05-240 Jasienica ul. Szkolna 8;1223;201;201;6;195;16.43;2.99;1232;625;625;15;610;50.73;2.40
76226;143411;8;Zespół Szkół 05-240 Jasienica ul. Szkolna 8;1308;214;214;9;205;16.36;4.21;1339;634;634;22;612;47.35;3.47
76227;143411;9;Zespół Szkół 05-240 Miąse ul. Kardynała Wyszyńskiego 44;967;158;158;12;146;16.34;7.59;993;409;409;27;382;41.19;6.60
76228;143411;10;Zespół Szkół 05-240 Stryjki 2;798;123;123;4;119;15.41;3.25;809;350;350;17;333;43.26;4.86
76229;143411;11;Ochotnicza Straż Pożarna 05-240 Dzięcioły ul. Irysowa 38;724;140;140;8;132;19.34;5.71;726;336;336;12;324;46.28;3.57
76230;143411;12;Ochotnicza Straż Pożarna 05-240 Chrzęsne ul. Wincentyny Karskiej 109;895;162;162;12;150;18.10;7.41;897;421;423;15;406;46.93;3.56
76231;143411;13;Zespół Szkół 05-240 Mokra Wieś ul. Marii Konopnickiej 12;838;115;115;0;115;13.72;0.00;851;362;362;19;343;42.54;5.25
76232;143411;14;Zespół Szkół 05-240 Postoliska Plac 3-go Maja 18;857;108;108;1;107;12.60;0.93;886;396;396;23;373;44.70;5.81
76233;143411;15;Zespół Szkolno-Przedszkolny 05-240 Kozły 27;1379;248;248;9;239;17.98;3.63;1398;616;616;16;600;44.06;2.60
76234;143412;1;Szkoła Podstawowa 05-200 Majdan ul. Racławicka 2;1052;283;283;17;266;26.90;6.01;1105;612;612;7;605;55.38;1.14
76235;143412;2;Zespół Szkół 05-230 Ossów ul. Matarewicza 148;987;212;212;11;201;21.48;5.19;959;494;494;18;476;51.51;3.64
76236;143412;3;Zesół Szkół 05-200 Czarna ul. Witosa 52;979;212;212;5;207;21.65;2.36;976;525;525;9;516;53.79;1.71
76237;143412;4;Zespół Szkół 05-200 Duczki ul. Szosa Jadowska 37;1703;486;486;17;469;28.54;3.50;1750;1091;1091;20;1071;62.34;1.83
76238;143412;5;Zespół Szkół 05-200 Duczki ul. Szosa Jadowska 37;775;210;210;2;208;27.10;0.95;787;509;509;13;496;64.68;2.55
76239;143412;6;Szkoła Podstawowa 05-200 Stare Grabie ul. Cichorackiej 8;562;99;99;8;91;17.62;8.08;558;288;288;8;280;51.61;2.78
76240;143412;7;Przedszkole im. Pszczółki Mai 05-200 Duczki ul. Szosa Jadowska 37;218;40;40;0;40;18.35;0.00;242;139;139;1;138;57.44;0.72
76241;143412;8;Szkoła Podstawowa 05-200 Zagościniec ul. Szkolna 1;999;225;225;5;220;22.52;2.22;1010;574;574;6;568;56.83;1.05
76242;143412;9;ZEC Sp. z o.o. 05-200 Wołomin ul. Szosa Jadowska 49;1114;305;305;8;297;27.38;2.62;1123;678;678;14;664;60.37;2.06
76243;143412;10;Szkoła Podstawowa Nr 7 05-200 Wołomin ul. Poprzeczna 6;492;100;100;4;96;20.33;4.00;497;268;268;10;258;53.92;3.73
76244;143412;11;Szkoła Podstawowa 05-200 Zagościniec Szkolna 1;1004;215;215;8;207;21.41;3.72;1033;518;518;12;506;50.15;2.32
76245;143412;12;Szkoła Podstawowa 05-200 Zagościniec ul. Szkolna 1;824;178;178;5;173;21.60;2.81;843;499;499;13;486;59.19;2.61
76246;143412;13;Zespół Szkół Ekonomicznych 05-200 Wołomin Aleja Armii Krajowej 38;1801;572;572;10;562;31.76;1.75;1770;1065;1065;18;1047;60.17;1.69
76247;143412;14;Zespół Szkół Nr 1 05-200 Wołomin ul. Sasina 33;1516;427;427;14;413;28.17;3.28;1511;901;901;10;891;59.63;1.11
76248;143412;15;Zespół Szkół Nr 2 05-200 Wołomin Aleja Armii krajowej 81;1712;547;547;21;526;31.95;3.84;1714;1117;1117;11;1106;65.17;0.98
76249;143412;16;P.E. i R. I. ELTOR Warszawa Sp. z o.o. 05-200 Wołomin Aleja Armii Krajowej 110/112;2247;607;607;11;596;27.01;1.81;2249;1361;1361;23;1338;60.52;1.69
76250;143412;17;Przedszole Nr 10 im. Misia Uszatka 05-200 Wołomin Aleja Armii Krajowej 56;1063;300;300;7;293;28.22;2.33;1034;599;599;4;595;57.93;0.67
76251;143412;18;OSIR HURAGAN 05-200 Wołomin ul. Korsaka 4;968;218;218;3;215;22.52;1.38;946;493;493;4;489;52.11;0.81
76252;143412;19;Miejska Biblioteka Publiczna 05-200 Wołomin ul. Wileńska 32;1073;181;181;3;178;16.87;1.66;1032;441;441;7;434;42.73;1.59
76253;143412;20;Zespół Szkół Nr 5 05-200 Wołomin ul. Lipińska 16;1143;302;302;8;294;26.42;2.65;1168;684;684;11;673;58.56;1.61
76254;143412;21;Zespół Szkół Nr 5 05-200 Wołomin ul. Lipińska 16;1807;525;525;10;515;29.05;1.90;1769;1031;1031;17;1014;58.28;1.65
76255;143412;22;Zespół Szkół Nr 4 05-200 Wołomin ul. 1 Maja 19;510;145;145;2;143;28.43;1.38;480;279;279;1;278;58.13;0.36
76256;143412;23;Przedszkole Nr 2 im. Pyzy Wędrowniczki 05-200 Wołomin ul. Polna 32;1882;444;444;13;431;23.59;2.93;1895;1080;1080;21;1059;56.99;1.94
76257;143412;24;Zespół Szkół nr 3 05-200 Wołomin ul. Kazimierza Wielkiego 1;1818;496;496;10;486;27.28;2.02;1787;985;985;16;969;55.12;1.62
76258;143412;25;Zespół Szkół Nr 3 05-200 Wołomin ul. Kazimierza Wielkiego 1;1996;570;570;12;558;28.56;2.11;1960;1237;1237;15;1222;63.11;1.21
76259;143412;26;Szkoła Podstawowa Nr 7 05-200 Wołomin ul. Poprzeczna 6;2197;705;705;13;692;32.09;1.84;2141;1405;1405;22;1383;65.62;1.57
76260;143412;27;Przedszkole Nr 6 im. Bajka 05-200 Wołomin ul. Kazimierza Wielkiego 1;1548;432;432;14;418;27.91;3.24;1514;913;913;14;899;60.30;1.53
76261;143412;28;Miejski Dom Kultury 05-200 Wołomin ul. Mariańska 7;1784;457;457;7;450;25.62;1.53;1776;939;939;25;914;52.87;2.66
76262;143412;29;Zespół Szkół Nr 4 05-200 Wołomin ul. 1 Maja 19;1054;294;294;6;288;27.89;2.04;1073;643;643;9;634;59.93;1.40
76263;143412;30;Zespół Szkół 05-200 Wołomin ul. Legionów 85;1233;404;404;7;397;32.77;1.73;1218;814;814;3;811;66.83;0.37
76264;143412;31;Zespół Szkół 05-200 Wołomin ul. Legionów 85;1914;601;601;15;586;31.40;2.50;1934;1209;1209;21;1188;62.51;1.74
90737;143412;32;Szpital Powiatowy w Wołominie - S.Z.P.Z.O.Z. 05-200 Wołomin Gdyńska 1/3;78;19;19;1;18;24.36;5.26;50;41;41;1;40;82.00;2.44
76265;143501;1;Urząd Gminy 07-221 Brańszczyk ul. Jana Pawła II 45;1468;387;387;9;378;26.36;2.33;1476;791;791;22;769;53.59;2.78
76266;143501;2;Publiczna Szkoła Podstawowa 07-221 Nowe Budy 32;600;90;90;3;87;15.00;3.33;593;233;233;12;221;39.29;5.15
76267;143501;3;Publiczna Szkoła Podstawowa 07-221 Trzcianka 147;933;154;154;7;147;16.51;4.55;932;414;414;21;393;44.42;5.07
76268;143501;4;Publiczna Szkoła Podstawowa 07-221 Turzyn 95;603;102;102;4;98;16.92;3.92;606;300;300;10;290;49.50;3.33
76269;143501;5;Publiczna Szkoła Podstawowa 07-210 Nowa Wieś 75;1233;135;135;0;135;10.95;0.00;1226;458;458;10;448;37.36;2.18
76270;143501;6;Publiczna Szkoła Podstawowa 07-308 Poręba Średnia 18;1353;250;250;8;242;18.48;3.20;1356;678;678;21;657;50.00;3.10
76271;143501;7;Świetlica DPS 07-221 Brańszczyk Jana Pawła II 65;160;45;45;10;35;28.12;22.22;163;39;39;10;29;23.93;25.64
76272;143501;8;Publiczna Szkoła Podstawowa 07-221 Knurowiec 1;347;43;43;3;40;12.39;6.98;349;119;119;5;114;34.10;4.20
76273;143501;9;Dom Emeryta - pokój nr 1 07-221 Brańszczyk Jana Pawła II 1;47;27;27;0;27;57.45;0.00;37;29;29;3;26;78.38;10.34
76274;143502;1;Urząd Gminy w Długosiodle 07-210 Długosiodło ul. Kościuszki 2;2052;354;354;3;351;17.25;0.85;2059;957;957;32;925;46.48;3.34
76275;143502;2;Publiczna Szkoła Podstawowa w Blochach 07-210 Blochy 60;904;132;132;5;127;14.60;3.79;915;396;396;17;379;43.28;4.29
76276;143502;3;Zespół Szkół w Starym Bosewie 07-210 Stare Bosewo ul. Rozwojowa 19;961;206;206;6;200;21.44;2.91;980;493;493;18;475;50.31;3.65
76277;143502;4;Publiczna Szkoła Podstawowa w Sieczychach 07-211 Sieczychy 43;460;49;49;4;45;10.65;8.16;467;148;148;6;142;31.69;4.05
76278;143502;5;Publiczna Szkoła Podstawowa w Dalekiem 07-211 Dalekie 69;817;79;79;7;72;9.67;8.86;796;300;300;17;283;37.69;5.67
76279;143502;6;Gminne Centrum Informacji Kultury Sportu i Rekreacji Punkt Biblioteczny w Chrzczance Włościańskiej 07-210 Chrzczanka Włościańska 26;951;140;140;12;128;14.72;8.57;936;391;391;12;379;41.77;3.07
76280;143503;1;Urząd Gminy w Rząśniku 07-205 Rząśnik Jesionowa 3;1365;310;310;24;286;22.71;7.74;1354;717;717;32;685;52.95;4.46
76281;143503;2;Publiczna Szkoła Podstawowa w Komorowie 07-205 Komorowo 34;633;155;155;5;150;24.49;3.23;633;339;339;12;327;53.55;3.54
76282;143503;3;Budynek po Szkole Podstawowej w Nowych Wielątkach 07-205 Nowe Wielątki 31;503;92;92;4;88;18.29;4.35;501;252;252;11;241;50.30;4.37
76283;143503;4;Publiczna Szkoła Podstawowa w Porządziu 07-205 Porządzie 93;569;151;151;3;148;26.54;1.99;579;330;330;12;318;56.99;3.64
76284;143503;5;Budynek Filii Gminnej Biblioteki Publicznej w Nowym Lubielu 07-207 Nowy Lubiel 28;614;122;122;4;118;19.87;3.28;604;292;292;11;281;48.34;3.77
76285;143503;6;Publiczna Szkoła Podstawowa w Bielinie 07-207 Bielino 32A;640;131;131;7;124;20.47;5.34;654;326;326;27;299;49.85;8.28
76286;143503;7;Budynek Świetlicy Wiejskiej w Ochudnie 07-200 Ochudno 45;409;97;97;8;89;23.72;8.25;416;202;202;8;194;48.56;3.96
76287;143503;8;Budynek Domu Kultury w Dąbrowie 07-205 Dąbrowa 39;390;75;75;2;73;19.23;2.67;397;183;183;5;178;46.10;2.73
76288;143503;9;Publiczna Szkoła Podstawowa w Starym Lubielu 07-207 Stary Lubiel 22A;318;46;46;4;42;14.47;8.70;326;118;118;8;110;36.20;6.78
76289;143504;1;Gminny Ośrodek Kultury w Somiance 07-203 Somianka 21;1143;265;265;11;254;23.18;4.15;1153;530;530;28;502;45.97;5.28
76290;143504;2;Publiczna Szkoła Podstawowa w Kręgach 07-200 Kręgi 9;277;74;74;3;71;26.71;4.05;275;144;144;1;143;52.36;0.69
76291;143504;3;Publiczna Szkoła Podstawowa w Popowie Kościelnym 07-203 Popowo Kościelne 60;919;290;290;5;285;31.56;1.72;949;475;475;17;458;50.05;3.58
76292;143504;4;Publiczna Szkoła Podstawowa w Ulasku 07-203 Ulasek 28a;648;171;171;6;165;26.39;3.51;646;319;319;10;309;49.38;3.13
76293;143504;5;Nowe Wypychy 14a 07-206 Nowe Wypychy 14a;501;73;73;1;72;14.57;1.37;497;183;183;6;177;36.82;3.28
76294;143504;6;Publiczna Szkoła Podstawowa w Woli Mystkowskiej 07-206 Wola Mystkowska 17;947;166;166;2;164;17.53;1.20;945;382;382;22;360;40.42;5.76
90738;143504;7;Oddział Zewnętrzny w Popowie 07-203 Popowo-Parcele ul. Nadbużańska 39;151;148;148;19;129;98.01;12.84;136;136;136;23;113;100.00;16.91
76295;143505;1;Zakład Doskonalenia Zawodowego 07 - 200 Wyszków ul. Komisji Edukacji Narodowej 2;1497;356;356;8;348;23.78;2.25;1476;826;826;19;807;55.96;2.30
76296;143505;2;Zespół Szkół /wejście A/ 07 - 200 Wyszków ul. Geodetów 45;1493;369;369;6;363;24.72;1.63;1528;872;872;14;858;57.07;1.61
76297;143505;3;Zespół Szkół /wejście B/ 07 - 200 Wyszków ul. Geodetów 45;1484;342;342;8;334;23.05;2.34;1511;862;862;14;848;57.05;1.62
76298;143505;4;WOSiR /hala sportowa/ 07 - 200 Wyszków ul. Geodetów 45;1524;398;398;14;384;26.12;3.52;1465;812;812;19;793;55.43;2.34
76299;143505;5;Przedszkole Nr 9 07-200 Wyszków ul. Pułtuska 143;1434;261;261;5;256;18.20;1.92;1420;650;650;12;638;45.77;1.85
76300;143505;6;Przedszkole Nr 1 07 - 202 Wyszków ul. Prosta 7a;1501;371;371;8;363;24.72;2.16;1487;826;826;23;803;55.55;2.78
76301;143505;7;Szkoła Podstawowa Nr 2 07 - 200 Wyszków ul. Jana Matejki 5;1448;332;332;8;324;22.93;2.41;1434;785;785;19;766;54.74;2.42
76302;143505;8;Powiatowy Urząd Pracy 07-200 Wyszków ul. Tadeusza Kościuszki 15;1220;247;247;2;245;20.25;0.81;1237;600;600;15;585;48.50;2.50
76303;143505;9;Zespół Szkół Nr 1 07 - 202 Wyszków ul. I Armii Wojska Polskiego 89;1401;300;300;5;295;21.41;1.67;1371;718;718;9;709;52.37;1.25
76304;143505;10;Wyszkowski Ośrodek Kultury /Hutnik/ 07 - 202 Wyszków ul. Prosta 7;1473;325;325;4;321;22.06;1.23;1424;718;718;14;704;50.42;1.95
76305;143505;11;Gimnazjum Nr 2 07-200 Wyszków ul. Generała Józefa Sowińskiego 55;1442;260;260;11;249;18.03;4.23;1387;562;562;16;546;40.52;2.85
76306;143505;12;Przedszkole Nr 3 07 - 202 Wyszków ul. 11 Listopada 23;1494;414;414;5;409;27.71;1.21;1450;842;842;12;830;58.07;1.43
76307;143505;13;Miejsko-Gminna Biblioteka Publiczna 07 - 200 Wyszków ul. Generała Józefa Sowińskiego 80;1425;289;289;2;287;20.28;0.69;1409;708;708;10;698;50.25;1.41
76308;143505;14;Szkoła Podstawowa Nr 1 07 - 200 Wyszków ul. 11 Listopada 62;1417;296;296;4;292;20.89;1.35;1389;762;762;12;750;54.86;1.57
76309;143505;15;Zespół Szkół „Rybienko Leśne” (wejście A) 07-201 Wyszków ul. Stefana Batorego 6;1252;345;345;6;339;27.56;1.74;1235;700;700;8;692;56.68;1.14
76310;143505;16;Remiza OSP 07 - 202 Kamieńczyk ul. Warszawska 6;710;186;186;9;177;26.20;4.84;699;383;383;8;375;54.79;2.09
76311;143505;17;Szkoła Podstawowa 07 - 201 Skuszew ul. Przejazdowa 81;601;128;128;3;125;21.30;2.34;612;295;295;6;289;48.20;2.03
76312;143505;18;Szkoła Podstawowa (wejście A) 07 - 201 Lucynów ul. Szkolna 12;308;29;29;0;29;9.42;0.00;309;93;93;10;83;30.10;10.75
76313;143505;19;Szkoła Podstawowa /wejście B/ 07-201 Lucynów Szkolna 12;1478;202;202;4;198;13.67;1.98;1467;631;631;30;601;43.01;4.75
76314;143505;20;Zespół Szkół „Rybienko Leśne” /wejście B/ 07 - 201 Wyszków ul. Stefana Batorego 6;552;108;108;5;103;19.57;4.63;543;242;242;9;233;44.57;3.72
76315;143505;21;Środowiskowy Dom Samopomocy „SOTERIA” /budynek ZDZ/ 07 - 200 Wyszków ul. 3 Maja 2;920;196;196;6;190;21.30;3.06;945;485;485;11;474;51.32;2.27
76316;143505;22;Budynek po byłej Szkole Podstawowej 07-200 Gulczewo 16;419;145;145;5;140;34.61;3.45;423;227;227;2;225;53.66;0.88
76317;143505;23;Zesół Szkół 07 - 200 Rybno ul. Wyszkowska 87;1081;176;176;2;174;16.28;1.14;1081;479;479;18;461;44.31;3.76
76318;143505;24;Szkoła Podstawowa /wejście A/ 07 - 202 Leszczydół Stary 38;760;110;110;1;109;14.47;0.91;769;322;322;6;316;41.87;1.86
76319;143505;25;Szkoła Podstawowa 07 - 200 Olszanka 39;463;82;82;0;82;17.71;0.00;456;211;211;4;207;46.27;1.90
76320;143505;26;Szkoła Podstawowa 07-200 Łosinno ul. Szkolna 12;412;64;64;0;64;15.53;0.00;415;175;175;10;165;42.17;5.71
76321;143505;27;Zespół Szkół 07 - 202 Leszczydół-Nowiny ul. Szkolna 26;1217;233;233;7;226;19.15;3.00;1251;561;561;10;551;44.84;1.78
76322;143505;28;Szkoła Podstawowa /wejście B/ 07-202 Leszczydół Stary 38;285;48;48;1;47;16.84;2.08;290;135;135;4;131;46.55;2.96
90739;143505;29;SPZZOZ w Wyszkowie /Szpital/ 07-200 Wyszków ul. Komisji Edukacji Narodowej 1;54;3;3;0;3;5.56;0.00;83;22;22;0;22;26.51;0.00
76323;143506;1;Gminny Ośrodek Kultury 07-230 Zabrodzie ul. Wł.St.Reymonta 2;1094;211;211;9;202;19.29;4.27;1115;598;598;15;583;53.63;2.51
76324;143506;2;DPS 07-230 Niegów ul. Wierzbowa 4;1099;224;224;4;220;20.38;1.79;1112;551;551;17;534;49.55;3.09
76325;143506;3;Publiczna Szkoła Podstawowa 07-230 Dębinki ul.C.K.Norwida 26;830;140;140;4;136;16.87;2.86;856;395;395;19;376;46.14;4.81
76326;143506;4;Publiczna Szkoła Podstawowa 07-230 Adelin 46;482;106;106;2;104;21.99;1.89;483;262;262;6;256;54.24;2.29
76327;143506;5;Budynek po Szkole Podstawowej 07-230 Kiciny 52;1003;151;151;12;139;15.05;7.95;986;394;394;20;374;39.96;5.08
90740;143506;6;Dom Pomocy Społecznej Dla Dzieci „Fiszor” 07-230 Gaj ul. Matki Wincenty Jaroszewskiej 5;70;10;10;0;10;14.29;0.00;75;38;38;0;38;50.67;0.00
76328;143601;1;Publiczna Szkoła Podstawowa w Kazanowie 26-713 Kazanów ul. Kościelna 52;1283;344;344;17;327;26.81;4.94;1221;633;633;21;612;51.84;3.32
76329;143601;2;Publiczna Szkoła Podstawowa w Kowalkowie 26-713 Kowalków-Kolonia 17;798;136;136;9;127;17.04;6.62;801;316;316;14;302;39.45;4.43
76330;143601;3;Publiczna Szkoła Podstawowa w Zakrzówku 26-713 Zakrzówek-Wieś 7;576;65;65;2;63;11.28;3.08;575;234;234;20;214;40.70;8.55
76331;143601;4;Budynek po Publicznej Szkołe Podstawowej w Ostrownicy 26-713 Ostrownica Wieś 47;351;50;50;4;46;14.25;8.00;345;113;113;3;110;32.75;2.65
76332;143601;5;Publiczna Szkoła Podstawowa w Niedarczowie 26-713 Niedarczów Dolny-Kolonia 1;447;46;46;2;44;10.29;4.35;444;159;159;10;149;35.81;6.29
76333;143601;6;Budynek po Publicznej Szkołe Podstawowej w Kroczowie Mniejszym 26-713 Kroczów Mniejszy 21;271;25;25;3;22;9.23;12.00;268;124;124;5;119;46.27;4.03
76334;143602;1;Urząd Gminy 26-720 Policzna ul. Bolesława Prusa 11;1907;241;241;13;228;12.64;5.39;1917;750;750;34;716;39.12;4.53
76335;143602;2;Zespół Szkolno-Przedszkolny 26-720 Czarnolas 87;1209;164;164;11;153;13.56;6.71;1192;486;486;14;472;40.77;2.88
76336;143602;3;Dom Pomocy Społecznej 26-720 Gródek 26A;625;64;64;3;61;10.24;4.69;605;237;237;16;221;39.17;6.75
76337;143602;4;Świetlica Wiejska 26-720 Chechły 29C;494;48;48;2;46;9.72;4.17;503;241;241;9;232;47.91;3.73
76338;143602;5;Budynek po Publicznej Szkole Podstawowej 26-720 Wilczowola 12;628;72;72;2;70;11.46;2.78;637;262;262;13;249;41.13;4.96
76339;143603;1;Dom Kultury w Rudkach 26-704 Rudki 53A;579;41;41;2;39;7.08;4.88;562;190;190;12;178;33.81;6.32
76340;143603;2;Samodzielny Publiczny Zakład Opieki Zdrowotnej w Przyłęku 26-704 Przyłęk 30A;917;83;83;7;76;9.05;8.43;896;325;325;24;301;36.27;7.38
76341;143603;3;Publiczna Szkoła Podstawowa w Grabowie nad Wisłą 26-704 Grabów nad Wisłą 57A;754;96;96;3;93;12.73;3.12;734;300;300;14;286;40.87;4.67
76342;143603;4;Remiza Ochotniczej Straży Pożarnej w Łagowie 26-704 Łagów 31A;810;96;96;4;92;11.85;4.17;806;323;323;12;311;40.07;3.72
76343;143603;5;Publiczna Szkoła Podstawowa w Łaguszowie 26-704 Łaguszów 29;731;70;70;1;69;9.58;1.43;719;292;292;7;285;40.61;2.40
76344;143603;6;Publiczna Szkoła Podstawowa w Babinie 26-704 Babin 38;942;119;119;4;115;12.63;3.36;945;351;351;16;335;37.14;4.56
76345;143603;7;Lokal po byłej PSP w Lucimi 26-704 Lucimia 38A;372;38;38;2;36;10.22;5.26;372;128;128;8;120;34.41;6.25
76346;143604;1;Zespół Szkół w Tczowie 26-706 Tczów 113;1555;312;312;12;300;20.06;3.85;1553;714;714;46;668;45.98;6.44
76347;143604;2;Publiczna Szkoła Podstawowa w Brzezinkach Starych 26-706 Brzezinki Stare 41;743;96;96;6;90;12.92;6.25;737;315;315;18;297;42.74;5.71
76348;143604;3;Dom Ludowy w Bartodziejach 26-706 Bartodzieje 64;448;76;76;3;73;16.96;3.95;447;188;188;10;178;42.06;5.32
76349;143604;4;Publiczna Szkoła Podstawowa w Rawicy 26-706 Rawica-Kolonia 12;568;89;89;8;81;15.67;8.99;572;238;238;28;210;41.61;11.76
76350;143604;5;Publiczna Szkoła Podstawowa w Janowie 26-706 Janów 28B;500;84;84;3;81;16.80;3.57;503;203;203;9;194;40.36;4.43
76351;143605;1;Zespół Szkół Rolniczo-Technicznych w Zwoleniu 26-700 Zwoleń ul. Wojska Polskiego 78;1832;375;375;9;366;20.47;2.40;1814;913;913;17;896;50.33;1.86
76352;143605;2;Publiczna Szkoła Podstawowa w Zwoleniu 26-700 Zwoleń ul. Ludowa 35;2494;473;473;18;455;18.97;3.81;2500;1303;1303;29;1274;52.12;2.23
76353;143605;3;Urząd Miejski w Zwoleniu 26-700 Zwoleń pl. Kochanowskiego 1;1582;357;357;9;348;22.57;2.52;1563;791;791;19;772;50.61;2.40
76354;143605;4;Publiczne Gimnazjum w Zwoleniu wejście od ul. Księdza Packa 8 26-700 Zwoleń ul. Kościelna 7;1830;452;452;16;436;24.70;3.54;1826;992;992;22;970;54.33;2.22
76355;143605;5;Remiza OSP 26-700 Mieczysławów 1;458;78;78;3;75;17.03;3.85;462;218;218;6;212;47.19;2.75
76356;143605;6;Obiekt po sali gimnastycznej 26-700 Linów 54;627;78;78;5;73;12.44;6.41;637;299;299;12;287;46.94;4.01
76357;143605;7;Publiczna Szkoła Podstawowa 26-700 Paciorkowa Wola Nowa 64;297;49;49;1;48;16.50;2.04;298;129;129;3;126;43.29;2.33
76358;143605;8;Publiczna Szkoła Podstawowa 26-700 Sycyna-Kolonia 125;587;86;86;6;80;14.65;6.98;588;254;254;9;245;43.20;3.54
76359;143605;9;Obiekt po byłej szkole podstawowej 26-700 Jasieniec-Kolonia 172;820;112;112;3;109;13.66;2.68;825;336;336;21;315;40.73;6.25
76360;143605;10;Świetlica Profilaktyczno-Wychowawcza 26-700 Strykowice Górne 144;580;91;91;3;88;15.69;3.30;588;269;269;11;258;45.75;4.09
76361;143605;11;Remiza OSP 26-700 Zielonka Nowa 96;404;65;65;5;60;16.09;7.69;405;207;207;4;203;51.11;1.93
76362;143605;12;Publiczne Gimnazjum 26-700 Sydół 64;544;86;86;3;83;15.81;3.49;533;220;220;10;210;41.28;4.55
76363;143605;13;Świetlica Profilaktyczno-Wychowawcza 26-700 Strykowice Błotne 42;359;46;46;1;45;12.81;2.17;362;142;142;6;136;39.23;4.23
90741;143605;14;Szpital Rejonowy w Zwoleniu 26-700 Zwoleń Władysława Jagiełły 12;63;1;1;0;1;1.59;0.00;62;14;14;0;14;22.58;0.00
76364;143701;1;Liceum Ogólnokształcące 09-320 Bieżuń ul. Warszawska 4;1553;264;264;6;258;17.00;2.27;1545;647;647;21;626;41.88;3.25
76365;143701;2;Zespół Placówek Oświatowych 09-320 Bieżuń ul. Gołębiowskiego 1;1640;209;209;6;203;12.74;2.87;1641;654;654;17;637;39.85;2.60
76366;143701;3;Samorządowa Szkoła Podstawowa 09-320 Sławęcin 63;1041;112;112;2;110;10.76;1.79;1013;404;404;23;381;39.88;5.69
76367;143702;1;Zespół Placówek Oświatowych w Kuczborku-Osadzie 09-310 Kuczbork-Osada ul. Adama Mickiewicza 6;1049;153;153;14;139;14.59;9.15;1032;430;430;16;414;41.67;3.72
76368;143702;2;Zespół Placówek Oświatowych w Zielonej 09-310 Zielona ul. Szkolna 2;1396;223;223;18;205;15.97;8.07;1401;531;531;17;514;37.90;3.20
76369;143702;3;Szkoła Podstawowa w Sarnowie z siedzibą w Nowej Wsi 09-310 Nowa Wieś 55;963;113;113;5;108;11.73;4.42;963;297;297;28;269;30.84;9.43
76370;143702;4;Szkoła Podstawowa w Gościszce 09-310 Gościszka 82;574;110;110;3;107;19.16;2.73;567;204;204;12;192;35.98;5.88
76371;143703;1;Zespół Szkół w Lubowidzu 09-304 Lubowidz ul. Jana Pawła II 46A;1562;331;331;21;310;21.19;6.34;1538;693;693;35;658;45.06;5.05
76372;143703;2;Zespół Szkół w Lubowidzu 09-304 Lubowidz ul. Jana Pawła II 46A;837;84;84;4;80;10.04;4.76;825;274;274;20;254;33.21;7.30
76373;143703;3;Zespół Szkół w Zieluniu 09-304 Zieluń-Osada ul. Szkolna 7;1427;217;217;11;206;15.21;5.07;1415;508;508;31;477;35.90;6.10
76374;143703;4;Zespół Szkół w Syberii 09-303 Syberia 49;1924;231;231;19;212;12.01;8.23;1902;674;674;33;641;35.44;4.90
90742;143703;5;Dom Pomocy Społecznej w Bądzynie 09-304 Bądzyn 75;56;30;30;11;19;53.57;36.67;56;27;27;8;19;48.21;29.63
76375;143704;1;Samorządowa Szkoła Podstawowa w Lutocinie 09-317 Lutocin ul. Szkolna 14;1327;184;184;13;171;13.87;7.07;1298;560;560;21;539;43.14;3.75
76376;143704;2;Samorządowa Szkoła Podstawowa w Przeradzu Małym z/s Przeradz Nowy 09-317 Przeradz Nowy 9;789;65;65;3;62;8.24;4.62;786;256;256;10;246;32.57;3.91
76377;143704;3;Samorządowa Szkoła Podstawowa w Lutocinie Filia Chrapoń 09-317 Chrapoń 11;868;122;122;4;118;14.06;3.28;862;305;305;15;290;35.38;4.92
76378;143704;4;Samorządowa Szkoła Podstawowa w Swojęcinie Filia Jonne 09-317 Jonne 57A;673;70;70;1;69;10.40;1.43;664;249;249;12;237;37.50;4.82
76379;143705;1;Szkoła Podstawowa 09-135 Łaszewo 36;1038;98;98;4;94;9.44;4.08;1036;309;309;33;276;29.83;10.68
76380;143705;2;Zespół Szkół w Siemiątkowie 09-135 Siemiątkowo ul. Warszawska 3B;1133;223;223;10;213;19.68;4.48;1111;439;440;22;417;39.51;5.01
76381;143705;3;Świetlica Wiejska 09-135 Nowa Wieś 16;745;90;90;3;87;12.08;3.33;741;263;263;10;253;35.49;3.80
76382;143706;1;Liceum Ogólnokształcące w Żurominie 09-300 Żuromin ul. Wyzwolenia 61;2410;473;473;23;450;19.63;4.86;2459;1254;1254;31;1223;51.00;2.47
76383;143706;2;Zespół Szkół Ponadgimnazjalnych w Żurominie 09-300 Żuromin ul. Lidzbarska 27;1653;250;250;15;235;15.12;6.00;1608;626;626;18;608;38.93;2.88
76384;143706;3;Zespół Szkół Nr 1 w Żurominie 09-300 Żuromin ul. Wyzwolenia 12;1589;241;241;11;230;15.17;4.56;1572;688;688;18;670;43.77;2.62
76385;143706;4;Zespół Szkół Nr 2 w Żurominie 09-300 Żuromin ul. Wiatraczna 16;1674;326;326;13;313;19.47;3.99;1676;919;919;20;899;54.83;2.18
76386;143706;5;Dom Ludowy w Olszewie 09-300 Olszewo ul. Żuromińska 58;1153;113;113;4;109;9.80;3.54;1133;389;389;10;379;34.33;2.57
76387;143706;6;Samorządowa Szkoła Podstawowa w Poniatowie 09-300 Poniatowo ul. Szkolna 4;866;135;135;3;132;15.59;2.22;861;374;374;9;365;43.44;2.41
76388;143706;7;Samorządowa Szkoła Podstawowa w Raczynach 09-300 Raczyny ul. Kopernika 54;1016;108;108;5;103;10.63;4.63;1011;368;368;15;353;36.40;4.08
76389;143706;8;Samorządowa Szkoła Podstawowa w Chamsku 09-300 Chamsk ul. Szkolna 19;820;116;116;3;113;14.15;2.59;818;403;403;26;377;49.27;6.45
76390;143706;9;Zespół Szkół Nr 1 w Żurominie 09-300 Żuromin ul. Wyzwolenia 12;682;73;73;3;70;10.70;4.11;672;263;263;12;251;39.14;4.56
90743;143706;10;Samodzielny Publiczny Zespół Zakładów Opieki Zdrowotnej w Żurominie 09-300 Żuromin ul. Spitalna 56;106;7;7;0;7;6.60;0.00;99;31;31;0;31;31.31;0.00
76391;143801;1;Osiedlowy Dom Kultury 96-300 Żyrardów ul. Ks. Ottona Wittenberga 5;1653;456;456;15;441;27.59;3.29;1656;1003;1003;21;982;60.57;2.09
76392;143801;2;Miejskie Przedszkole nr 6 im. Krasnala Hałabały 96-300 Żyrardów ul. Szarych Szeregów 5;1610;425;425;20;405;26.40;4.71;1586;830;830;25;805;52.33;3.01
76393;143801;3;Hala Sportowa 96-300 Żyrardów ul. Fryderyka Chopina 1;1319;312;312;21;291;23.65;6.73;1267;641;641;13;628;50.59;2.03
76394;143801;4;Zespół Szkół Publicznych nr 7 96-300 Żyrardów ul. Franklina Roosevelta 2;1149;355;355;10;345;30.90;2.82;1113;633;633;13;620;56.87;2.05
76395;143801;5;Zespół Szkół Nr 2 96-300 Żyrardów ul. Legionów Polskich 54/56;1316;315;315;8;307;23.94;2.54;1309;784;784;21;763;59.89;2.68
76396;143801;6;Zespół Szkół Publicznych nr 4 96-300 Żyrardów ul. Radziwiłłowska 16;1171;244;244;11;233;20.84;4.51;1148;574;574;18;556;50.00;3.14
76397;143801;7;Miejski Ogród Jordanowski 96-300 Żyrardów ul. Władysława Reymonta 13;1909;483;483;12;471;25.30;2.48;1887;1117;1117;10;1107;59.19;0.90
76398;143801;8;Miejskie Przedszkole nr 9 96-300 Żyrardów Plac Jana Pawła II nr 6;1807;371;371;14;357;20.53;3.77;1772;838;838;18;820;47.29;2.15
76399;143801;9;Zespół Szkół Publicznych Nr 2 96-300 Żyrardów ul. Gabriela Narutowicza 35;1743;279;279;15;264;16.01;5.38;1708;677;677;23;654;39.64;3.40
76400;143801;10;Zespół Szkół Społecznych STO 96-300 Żyrardów ul. Armii Krajowej 3;1569;220;221;5;215;14.02;2.27;1540;543;543;22;521;35.26;4.05
76401;143801;11;Miejskie Przedszkole Nr 5 96-300 Żyrardów ul. Leszno 19;2053;459;459;12;447;22.36;2.61;2008;1060;1060;11;1049;52.79;1.04
76402;143801;12;Miejskie Przedszkole Nr 2 96-300 Żyrardów ul. Parkingowa 32;1663;447;447;8;439;26.88;1.79;1618;936;936;20;916;57.85;2.14
76403;143801;13;Miejskie Przedszkole Nr 8 96-300 Żyrardów ul. Marii Nietrzebki 6;1481;362;362;12;350;24.44;3.31;1393;788;788;12;776;56.57;1.52
76404;143801;14;Klub Osiedlowy Koliber 96-300 Żyrardów ul. Filipa de Girarda 12;1713;520;520;22;498;30.36;4.23;1679;1011;1011;16;995;60.21;1.58
76405;143801;15;Liceum Ogólnokształcące im. Stefana Żeromskiego 96-300 Żyrardów ul. Janiny Jadwigi Kacperskiej 6A;1521;465;465;16;449;30.57;3.44;1510;928;928;26;902;61.46;2.80
76406;143801;16;„Aqua Żyrardów” 96-300 Żyrardów ul. Stefana Jodłowskiego 25/27;1248;299;299;9;290;23.96;3.01;1204;706;706;9;697;58.64;1.27
76407;143801;17;Zespół Szkół Publicznych Nr 6 96-300 Żyrardów ul. Józefa Mireckiego 56;1335;212;212;4;208;15.88;1.89;1328;523;523;25;498;39.38;4.78
76408;143801;18;Specjalny Ośrodek Szkolno Wychowawczy 96-300 Żyrardów ul. Środkowa 36;1669;449;449;16;433;26.90;3.56;1632;917;917;24;893;56.19;2.62
76409;143801;19;Młodzieżowy Dom Kultury 96-300 Żyrardów ul. Stanisława Moniuszki 15;1492;407;407;16;391;27.28;3.93;1431;744;744;24;720;51.99;3.23
76410;143801;20;Zespół Szkół Nr 1 96-300 Żyrardów ul. Bohaterów Warszawy 4;1189;368;368;9;359;30.95;2.45;1209;771;771;7;764;63.77;0.91
76411;143801;21;Ruukki Polska 96-300 Żyrardów ul. Jaktorowska 13;1228;268;268;8;260;21.82;2.99;1207;680;680;6;674;56.34;0.88
90744;143801;22;Centrum Zdrowia Mazowsza Zachodniego 96-300 Żyrardów ul. Bolesława Limanowskiego 30;49;3;3;0;3;6.12;0.00;180;39;39;1;38;21.67;2.56
90745;143801;23;Dom Pomocy Społecznej 96-300 Żyrardów ul. Gen. Stanisława Sosabowskiego 23;36;6;6;2;4;16.67;33.33;77;36;36;1;35;46.75;2.78
76412;143802;1;Urząd Miejski 96-320 Mszczonów ul. Plac Piłsudskiego 1;582;159;159;8;151;27.32;5.03;577;333;333;19;314;57.71;5.71
76413;143802;2;Niepubliczny Zakład Opieki Zdrowotnej 96-320 Mszczonów ul. Maklakiewicza 3;534;144;144;8;136;26.97;5.56;548;319;319;2;317;58.21;0.63
76414;143802;3;Gminne Centrum Informacji 96-320 Mszczonów ul. Żyrardowska 4;765;182;182;7;175;23.79;3.85;768;409;409;13;396;53.26;3.18
76415;143802;4;Spółdzielnia Mieszkaniowa 96-320 Mszczonów ul. Dworcowa 1;1012;237;237;11;226;23.42;4.64;976;487;487;25;462;49.90;5.13
76416;143802;5;Mszczonowski Ośrodek Kultury 96-320 Mszczonów ul. Warszawska 33;1187;249;249;5;244;20.98;2.01;1160;655;655;9;646;56.47;1.37
76417;143802;6;Miejskie Przedszkole 96-320 Mszczonów ul. Tarczyńska 28;440;111;111;4;107;25.23;3.60;448;241;241;7;234;53.79;2.90
76418;143802;7;Szkoła Podstawowa 96-320 Mszczonów ul. Warszawska 27;626;144;144;3;141;23.00;2.08;612;342;342;9;333;55.88;2.63
76419;143802;8;Izba Pamięci Rodziny Maklakiewiczów 96-320 Mszczonów ul. Kościuszki 1;729;96;96;2;94;13.17;2.08;726;291;291;10;281;40.08;3.44
76420;143802;9;Szkoła Podstawowa 96-323 Piekary ul. Piekarska 47;697;93;93;8;85;13.34;8.60;694;295;295;14;281;42.51;4.75
76421;143802;10;Zespół Szkół Publicznych 96-323 Osuchów ul. Szkolna 1;584;80;80;1;79;13.70;1.25;583;221;221;4;217;37.91;1.81
76422;143802;11;Szkoła Podstawowa 96-323 Bobrowce ul. Mszczonowska 5;602;117;117;5;112;19.44;4.27;610;258;258;6;252;42.30;2.33
76423;143802;12;Zespół Szkół 96-320 Mszczonów ul. Ługowa 13;671;127;127;1;126;18.93;0.79;678;316;316;19;297;46.61;6.01
76424;143802;13;Szkoła Podstawowa 96-323 Lutkówka ul. Szkolna 1;703;131;131;7;124;18.63;5.34;712;278;278;14;264;39.04;5.04
76425;143803;1;Budynek Gminny,tzw. „dom kultury” 96-330 Puszcza Mariańska ul. Króla Jana Sobieskiego 1;1573;368;368;10;358;23.39;2.72;1567;783;783;17;766;49.97;2.17
76426;143803;2;Szkoła Podstawowa 96-330 Michałów 39;841;108;108;3;105;12.84;2.78;845;317;317;10;307;37.51;3.15
76427;143803;3;Filia Szkoły Podstawowej w Puszczy Mariańskiej 96-330 Stary Łajszczew 49A;397;49;49;1;48;12.34;2.04;382;137;137;6;131;35.86;4.38
76428;143803;4;Budynek gminny 96-330 Kamion 85;327;47;47;2;45;14.37;4.26;328;134;134;6;128;40.85;4.48
76429;143803;5;Filia Szkoły Podstawowej w Puszczy Mariańskiej 96-330 Korabiewice 50A;470;65;65;3;62;13.83;4.62;473;205;205;9;196;43.34;4.39
76430;143803;6;Szkoła Podstawowa 96-330 Waleriany 24;885;187;187;4;183;21.13;2.14;939;463;463;16;447;49.31;3.46
76431;143803;7;Zespół Szkolno-Gimnazjalny 96-332 Bartniki ul. Miodowa 47;1444;264;264;7;257;18.28;2.65;1457;758;758;39;719;52.02;5.15
76432;143803;8;Ochotnicza Straż Pożarna 96-332 Grabina Radziwiłłowska ul.Duża 78;772;144;144;1;143;18.65;0.69;776;415;415;14;401;53.48;3.37
90746;143803;9;Niepubliczny Zakład Opieki Zdrowotnej,Zakład Pielęgnacyjno-Opiekuńczy Fundacji Spółdzielczy Fundusz Socjalny Wsi w Warszawie Oddział w Wycześniaku 96-330 Wycześniak 22;112;27;27;4;23;24.11;14.81;113;16;16;3;13;14.16;18.75
76433;143804;1;Gimnazjum 96-325 Radziejowice ul. Kubickiego 3A;1125;252;252;12;240;22.40;4.76;1203;653;653;11;642;54.28;1.68
76434;143804;2;Gimnazjum 96-325 Radziejowice ul. Kubickiego 3A;835;247;247;10;237;29.58;4.05;864;513;513;10;503;59.38;1.95
76435;143804;3;Szkoła Podstawowa 96-300 Korytów A ul. Szkolna 3;896;170;170;14;156;18.97;8.24;903;479;479;17;462;53.05;3.55
76436;143804;4;Hala Sportowa 96-300 Korytów A Szkolna 3;632;114;114;2;112;18.04;1.75;638;310;310;8;302;48.59;2.58
76437;143804;5;Szkoła Podstawowa 96-325 Kuklówka Radziejowicka Szkolna 30;697;186;186;5;181;26.69;2.69;699;394;394;9;385;56.37;2.28
90747;143804;6;Dom Pomocy Społecznej 96-325 Tartak Brzózki Mszczonowska 1;58;23;23;7;16;39.66;30.43;56;19;19;3;16;33.93;15.79
76438;143805;1;Świetlica Wiejska w Starych Kozłowicach 96-315 Stare Kozłowice 145;428;104;104;10;94;24.30;9.62;429;250;250;10;240;58.28;4.00
76439;143805;2;Ochotnicza Straż Pożarna 96-315 Nowe Kozłowice 17;475;118;118;8;110;24.84;6.78;483;259;259;7;252;53.62;2.70
76440;143805;3;Ochotnicza Straż Pożarna 96-315 Jesionka Aleja Partyzantów 22;971;185;185;5;180;19.05;2.70;1005;459;459;18;441;45.67;3.92
76441;143805;4;Szkoła Podstawowa 96-315 Franciszków ul. Dębowa 49;888;138;138;5;133;15.54;3.62;910;352;353;26;326;38.68;7.39
76442;143805;5;Szkoła Podstawowa 96-317 Guzów-Osada Rodu Łubieńskich 2;1430;313;313;12;301;21.89;3.83;1409;648;648;16;632;45.99;2.47
76443;143805;6;Szkoła Podstawowa 96-315 Miedniewice 86;1191;195;195;14;181;16.37;7.18;1175;501;501;14;487;42.64;2.79
76444;143805;7;WITA-MED Sp. z. o. o. 96-317 Oryszew-Osada 15;391;50;50;1;49;12.79;2.00;476;176;176;11;165;36.97;6.25
76445;143805;8;Szkoła Podstawowa 96-315 Wiskitki Plac Wolności 34;825;188;188;7;181;22.79;3.72;836;401;401;8;393;47.97;2.00
76446;143805;9;Urząd Gminy 96-315 Wiskitki Kościuszki 1;1113;208;208;14;194;18.69;6.73;1136;550;550;21;529;48.42;3.82
76447;146101;1;I Liceum Ogólnokształcące 07-410 Ostrołęka ul. Romualda Traugutta 1;2173;512;512;15;497;23.56;2.93;2185;1082;1082;18;1064;49.52;1.66
76448;146101;2;Urząd Miasta Ostrołęki 07-410 Ostrołęka Plac Gen. J. Bema 1;1098;294;294;8;286;26.78;2.72;1072;589;589;6;583;54.94;1.02
76449;146101;3;Przedszkole Miejskie Nr 10 07-410 Ostrołęka ul. Mazowiecka 7;1954;493;493;19;474;25.23;3.85;1904;1048;1048;12;1036;55.04;1.15
76450;146101;4;Szkoła Podstawowa Nr 6 07-410 Ostrołęka ul. Henryka Sienkiewicza 15;2010;516;516;8;508;25.67;1.55;1939;1025;1025;18;1007;52.86;1.76
76451;146101;5;Gimnazjum Nr 2 07-410 Ostrołęka ul. Stefana Jaracza 5;1839;394;394;20;374;21.42;5.08;1781;854;854;17;837;47.95;1.99
76452;146101;6;Szkoła Podstawowa Nr 5 07-410 Ostrołęka ul. Romualda Traugutta 2;1953;387;387;14;373;19.82;3.62;1898;781;781;16;765;41.15;2.05
76453;146101;7;Szkoła Podstawowa Nr 2 07-410 Ostrołęka ul. Papiernicza 1;1825;406;406;27;379;22.25;6.65;1794;838;838;17;821;46.71;2.03
76454;146101;8;Ostrołęcka Spółdzielnia Mieszkaniowa 07-410 Ostrołęka ul. Gen.Józefa Hallera 13;1826;392;392;10;382;21.47;2.55;1774;851;851;21;830;47.97;2.47
76455;146101;9;Przedszkole Miejskie Nr 13 07-410 Ostrołęka ul. Dzieci Polskich 5;1239;393;393;7;386;31.72;1.78;1195;680;680;17;663;56.90;2.50
76456;146101;10;Przedszkole Miejskie Nr 5 07-410 Ostrołęka, Wojciechowice ul. Piękna 12;1635;257;257;7;250;15.72;2.72;1649;689;689;34;655;41.78;4.93
76457;146101;11;Przedszkole Miejskie Nr 7 07-410 Ostrołęka ul. dr. Józefa Psarskiego 24;1549;315;315;10;305;20.34;3.17;1480;703;703;17;686;47.50;2.42
76458;146101;12;Gimnazjum Nr 1 07-410 Ostrołęka ul. Gen. Józefa Hallera 12;781;168;168;1;167;21.51;0.60;753;315;315;13;302;41.83;4.13
76459;146101;13;Zespół Szkół Zawodowych Nr 1 07-410 Ostrołęka ul. 11 Listopada 20;1726;426;426;17;409;24.68;3.99;1662;904;904;9;895;54.39;1.00
76460;146101;14;Szkoła Podstawowa Nr 1 07-410 Ostrołęka ul. Gen. Armii Aleksandra Gorbatowa 4/6;1950;449;449;15;434;23.03;3.34;1881;1000;1000;17;983;53.16;1.70
76461;146101;15;Przedszkole Miejskie Nr 16 07-410 Ostrołęka ul. Powstańców 4;2030;501;501;12;489;24.68;2.40;1957;1052;1052;18;1034;53.76;1.71
76462;146101;16;Placówka Pieczy Zastępczej „Korczakówka” 07-410 Ostrołęka ul. Poznańska 34/36;2040;610;610;10;600;29.90;1.64;2002;1221;1221;18;1203;60.99;1.47
76463;146101;17;Przedszkole Miejskie Nr 1 07-410 Ostrołęka ul. Rtm. Witolda Pileckiego 11A;2061;521;521;14;507;25.28;2.69;1979;1067;1067;18;1049;53.92;1.69
76464;146101;18;Zespół Szkół Nr 5 07-410 Ostrołęka ul. Gen. Zygmunta Berlinga 5;1988;514;514;13;501;25.86;2.53;1899;1088;1088;14;1074;57.29;1.29
76465;146101;19;Szkoła Podstawowa Nr 10 07-410 Ostrołęka ul. Gen. Zygmunta Berlinga 16;2215;533;533;15;518;24.06;2.81;2174;1274;1274;16;1258;58.60;1.26
76466;146101;20;Spółdzielnia Mieszkaniowa „Centrum” 07-410 Ostrołęka ul. Gen. Władysława Sikorskiego 45;2126;450;450;11;439;21.17;2.44;2041;1023;1023;14;1009;50.12;1.37
76467;146101;21;Placówka Wsparcia Dziennego 07-410 Ostrołęka, Ostrołęka-Stacja Plac Dworcowy 4;1948;486;486;18;468;24.95;3.70;1901;1010;1010;21;989;53.13;2.08
76468;146101;22;Zespół Szkół Nr 3 07-410 Ostrołęka, Ostrołęka-Stacja ul. Ignacego Jerzego Skowrońskiego 8;1351;350;350;5;345;25.91;1.43;1357;733;733;4;729;54.02;0.55
76469;146101;23;Budynek Administracyjno-biurowy 07-410 Ostrołęka ul. Gen. Armii Aleksandra Gorbatowa 15;1241;321;321;19;302;25.87;5.92;1243;740;740;8;732;59.53;1.08
76470;146101;24;Budynek socjalno - gospodarczy 07-410 Ostrołęka, Grabowo ul. Sosnowa 5;659;203;203;7;196;30.80;3.45;646;375;375;13;362;58.05;3.47
76471;146101;25;Budynek Hotelu dla Pielęgniarek 07-410 Ostrołęka Al. Jana Pawła II 120;995;207;207;5;202;20.80;2.42;1098;592;592;6;586;53.92;1.01
90748;146101;26;Dom Pomocy Społecznej 07-410 Ostrołęka ul. Rolna 27;177;99;99;9;90;55.93;9.09;185;116;116;14;102;62.70;12.07
90749;146101;27;Dom Pomocy Społecznej PCK 07-410 Ostrołęka, Wojciechowice ul. I Armii Wojska Polskiego 32;17;15;15;2;13;88.24;13.33;19;18;18;3;15;94.74;16.67
90750;146101;28;Mazowiecki Szpital Specjalistyczny im. dr Józefa Psarskiego 07-410 Ostrołęka Aleja Jana Pawła II 120A;221;30;30;1;29;13.57;3.33;225;87;87;7;80;38.67;8.05
90751;146101;29;Mazowiecki Szpital Specjalistyczny w Ostrołęce im. dr Józefa Psarskiego 07-410 Ostrołęka ul. Henryka Sienkiewicza 56;39;6;6;0;6;15.38;0.00;34;4;4;0;4;11.76;0.00
76472;146201;1;Izba Wytrzeźwień 09-400 Płock ul. Medyczna 1;1258;307;307;9;298;24.40;2.93;1247;752;752;17;735;60.30;2.26
76473;146201;2;Miejskie Przedszkole Nr 19 09-400 Płock ul. Słowackiego 27;881;145;145;3;142;16.46;2.07;863;385;385;11;374;44.61;2.86
76474;146201;3;Szkoła Podstawowa Nr 18 im. J. Z. Jakubowskiego 09-400 Płock ul. Jasna 8;1383;255;255;3;252;18.44;1.18;1317;651;651;10;641;49.43;1.54
76475;146201;4;Ośrodek Opiekuńczo - Wychowawczy 09-400 Płock ul. Prezydenta Ignacego Mościckiego 27;2231;368;368;8;360;16.49;2.17;2168;1051;1051;19;1032;48.48;1.81
76476;146201;5;Szkoła Podstawowa Nr 18 im. J. Z. Jakubowskiego 09-400 Płock ul. Jasna 8;1185;314;314;5;309;26.50;1.59;1201;637;637;6;631;53.04;0.94
76477;146201;6;Szkoła Podstawowa Nr 17 im. Tadeusza Kościuszki 09-400 Płock ul. Miodowa 13a;1365;251;251;10;241;18.39;3.98;1348;636;636;18;618;47.18;2.83
76478;146201;7;Zespół Szkół Budowlanych Nr 1 09-400 Płock ul. Prezydenta Ignacego Mościckiego 4;1499;247;247;6;241;16.48;2.43;1469;603;603;13;590;41.05;2.16
76479;146201;8;Gimnazjum Nr 4 im. Obrońców Płocka 1920 r. 09-400 Płock ul. Miodowa 18;1800;340;340;18;322;18.89;5.29;1766;807;807;26;781;45.70;3.22
76480;146201;9;Szkoła Podstawowa Nr 17 im. Tadeusza Kościuszki 09-400 Płock ul. Miodowa 13a;1113;179;179;5;174;16.08;2.79;1096;446;446;8;438;40.69;1.79
76481;146201;10;Gimnazjum Nr 4 im. Obrońców Płocka 1920 r. 09-400 Płock ul. Miodowa 18;745;170;171;8;162;22.82;4.71;691;341;341;3;338;49.35;0.88
76482;146201;11;Miejskie Przedszkole Nr 14 09-400 Płock ul. Miodowa 8/1;1280;212;212;12;200;16.56;5.66;1232;538;538;11;527;43.67;2.04
76483;146201;12;Zespół Szkół Ekonomiczno - Kupieckich im. L. Krzywickiego 09-400 Płock ul. Abp. Nowowiejskiego 4;955;239;239;5;234;25.03;2.09;988;524;524;9;515;53.04;1.72
76484;146201;13;Zespół Szkół Nr 3 09-400 Płock ul. Łukasiewicza 11;1638;400;400;8;392;24.42;2.00;1593;935;935;16;919;58.69;1.71
76485;146201;14;Klub Osiedla Łukasiewicza Płockiej Spółdzielni Mieszkaniowej 09-400 Płock ul. Łukasiewicza 28;1773;443;443;10;433;24.99;2.26;1715;949;949;17;932;55.34;1.79
76486;146201;15;Gimnazjum Nr 5 im. Zygmunta Padlewskiego (wejście od ul. Wolskiego) 09-400 Płock ul. Królowej Jadwigi 4;1582;397;397;15;382;25.09;3.78;1546;877;877;14;863;56.73;1.60
76487;146201;16;Miejskie Przedszkole Nr 17 im. Małego Księcia 09-400 Płock ul. Kossobudzkiego 10;1538;423;423;11;412;27.50;2.60;1477;896;896;19;877;60.66;2.12
76488;146201;17;Szkoła Podstawowa Nr 3 im. Kornela Makuszyńskiego 09-400 Płock ul. Kossobudzkiego 7;1686;472;472;7;465;28.00;1.48;1609;906;906;10;896;56.31;1.10
76489;146201;18;Spółdzielczy Dom Kultury 09-400 Płock ul. Bolesława Krzywoustego 3;1315;338;338;11;327;25.70;3.25;1291;704;704;12;692;54.53;1.70
76490;146201;19;Zespół Szkół Centrum Edukacji im. Ignacego Łukasiewicza 09-400 Płock Al. Kobylińskiego 25;575;135;135;6;129;23.48;4.44;543;287;287;4;283;52.85;1.39
76491;146201;20;Szkoła Podstawowa Nr 16 im. Mikołaja Kopernika 09-400 Płock ul. Piasta Kołodzieja 7;1206;345;345;8;337;28.61;2.32;1174;680;680;18;662;57.92;2.65
76492;146201;21;Miejskie Przedszkole Nr 15 09-400 Płock ul. Piasta Kołodzieja 4;1226;351;351;2;349;28.63;0.57;1208;667;667;9;658;55.22;1.35
76493;146201;22;Zespół Szkół Zawodowych im. Marii Skłodowskiej - Curie 09-400 Płock ul. Gwardii Ludowej 7;1694;378;378;17;361;22.31;4.50;1640;935;935;18;917;57.01;1.93
76494;146201;23;Szkoła Podstawowa Nr 13 im. Jana Brzechwy 09-402 Płock ul. Sierpecka 15;250;58;58;2;56;23.20;3.45;246;135;135;6;129;54.88;4.44
76495;146201;24;Szkoła Podstawowa Nr 1 im. Braci Jeziorowskich 09-400 Płock Pasaż Vuka Karadzica 1;1132;193;193;7;186;17.05;3.63;1065;434;434;9;425;40.75;2.07
76496;146201;25;Liceum Ogólnokształcące im. Marsz. St. Małachowskiego 09-400 Płock ul. Marsz. St. Małachowskiego 1;1178;216;216;5;211;18.34;2.31;1121;423;423;2;421;37.73;0.47
76497;146201;26;Płocki Ośrodek Kultury i Sztuki (wejście od ul. Sienkiewicza). 09-402 Płock ul. Tumska 9;674;93;93;2;91;13.80;2.15;663;196;196;6;190;29.56;3.06
76498;146201;27;Zespół Szkół Nr 6 09-402 Płock ul. 3-go Maja 4;1240;330;330;14;316;26.61;4.24;1163;672;672;7;665;57.78;1.04
76499;146201;28;Gimnazjum Nr 2 im. Orląt Lwowskich 09-402 Płock ul. Jakubowskiego 10;1469;375;375;17;358;25.53;4.53;1449;737;737;22;715;50.86;2.99
76500;146201;29;Państwowa Szkoła Muzyczna I i II st. im. Karola Szymanowskiego 09-402 Płock ul. Kolegialna 23;1384;335;335;6;329;24.21;1.79;1342;634;634;14;620;47.24;2.21
76501;146201;30;Zespół Szkół Usług i Przedsiębiorczości im. Abpa. A. J. Nowowiejskiego 09-402 Płock ul. Padlewskiego 2;2010;465;465;12;453;23.13;2.58;1957;1053;1053;19;1034;53.81;1.80
76502;146201;31;Miejskie Przedszkole Nr 11 09-400 Płock ul. Bielska 26/1;848;200;200;2;198;23.58;1.00;825;432;432;16;416;52.36;3.70
76503;146201;32;Klub Osiedla Kochanowskiego 09-400 Płock ul. Obrońców Westerplatte 6a;1326;311;311;4;307;23.45;1.29;1288;684;684;18;666;53.11;2.63
76504;146201;33;Szkoła Podstawowa z Oddziałami Integracyjnymi Nr 11 im. Bolesława Chrobrego 09-402 Płock ul. Kochanowskiego 11;2020;523;523;16;507;25.89;3.06;1957;1119;1119;15;1104;57.18;1.34
76505;146201;34;Szkoła Podstawowa z Oddziałami Integracyjnymi Nr 11 im. Bolesława Chrobrego (dotychczas Sala Konferencyjna Kutnowskich Zakładów Drobiarskich „EXDROB” S.A. Zakład Produkcyjny w Płocku ul. Bielska 57) 09-400 Płock ul. Kochanowskiego 11;1365;306;306;4;302;22.42;1.31;1336;745;745;11;734;55.76;1.48
76506;146201;35;Gimnazjum Nr 6 im. prof. Władysława Szafera 09-402 Płock Al. Jachowicza 20;1895;487;487;13;474;25.70;2.67;1859;1036;1036;26;1010;55.73;2.51
76507;146201;36;Miejskie Przedszkole Nr 27 09-402 Płock ul. Mikołaja Reja 28;1158;239;239;9;230;20.64;3.77;1123;643;643;11;632;57.26;1.71
76508;146201;37;Miejskie Przedszkole Nr 21 09-402 Płock ul. Mikołaja Reja 4;1171;269;269;11;258;22.97;4.09;1143;648;648;14;634;56.69;2.16
76509;146201;38;Zespół Szkół Nr 2 09-402 Płock ul. Chopina 62;1699;396;396;15;381;23.31;3.79;1659;989;989;19;970;59.61;1.92
76510;146201;39;Specjalny Ośrodek Szkolno - Wychowawczy Nr 2 09-402 Płock ul. Lasockiego 14;1515;325;325;12;313;21.45;3.69;1461;825;825;6;819;56.47;0.73
76511;146201;40;Zespół Szkół Technicznych 09-402 Płock Al. Kilińskiego 4;2174;532;532;13;519;24.47;2.44;2118;1218;1218;17;1201;57.51;1.40
76512;146201;41;Szkoła Podstawowa Nr 12 im. Miry Zimińskiej - Sygietyńskiej 09-402 Płock ul. Brzozowa 3;1492;383;383;8;375;25.67;2.09;1462;823;823;13;810;56.29;1.58
76513;146201;42;Urząd Miasta Płocka (dotychczas Centrum Kształcenia Ustawicznego) 09-407 Płock Al. Marsz. J. Piłsudskiego 6;1803;429;429;10;419;23.79;2.33;1761;1043;1043;14;1029;59.23;1.34
76514;146201;43;Stacja Uzdatniania Wody 09-402 Płock ul. Górna 56;1999;564;564;14;550;28.21;2.48;2031;1258;1258;18;1240;61.94;1.43
76515;146201;44;Zespół Szkół Nr 1 09-407 Płock ul. Piaska 5;1801;543;543;19;524;30.15;3.50;1783;1129;1129;15;1114;63.32;1.33
76516;146201;45;Miejskie Przedszkole Nr 35 09-407 Płock ul. Piaska 3;1358;346;346;17;329;25.48;4.91;1295;778;778;13;765;60.08;1.67
76517;146201;46;Miejskie Przedszkole Nr 20 09-407 Płock ul. Dobrowolskiego 4;1316;316;316;6;310;24.01;1.90;1269;780;780;10;770;61.47;1.28
76518;146201;47;ENERGA Informatyka i Technologie Sp. z o. o. (dotychczas ZEP - INFO Sp. z o. o.) 09-407 Płock Al. Marsz. J. Piłsudskiego 41;1053;246;246;8;238;23.36;3.25;1047;587;587;6;581;56.06;1.02
76519;146201;48;Biurowiec WEKTRA HOLDING Sp. z o. o. 09-407 Płock ul. Otolińska 21;1178;223;223;3;220;18.93;1.35;1164;576;576;12;564;49.48;2.08
76520;146201;49;Miejskie Przedszkole z Oddziałami Integracyjnymi Nr 31 09-410 Płock ul. Szarych Szeregów 32;1483;290;290;16;274;19.55;5.52;1471;782;782;16;766;53.16;2.05
76521;146201;50;Szkoła Podstawowa z Odziałami Integracyjnymi Nr 23 im. Armii Krajowej 09-410 Płock ul. Walecznych 20;1787;389;389;10;379;21.77;2.57;1792;989;989;8;981;55.19;0.81
76522;146201;51;Miejskie Przedszkole Nr 37 09-410 Płock ul. Hubalczyków 5;2210;577;577;18;559;26.11;3.12;2143;1352;1352;26;1326;63.09;1.92
76523;146201;52;Zespół Szkół Nr 5 (wejście boczne - stołówka) 09-410 Płock ul. Gen. T. Kutrzeby 2a;2023;603;603;7;596;29.81;1.16;2034;1297;1297;10;1287;63.77;0.77
76524;146201;53;Zespół Szkół Nr 5 (wejście główne) 09-410 Płock ul. Gen. T. Kutrzeby 2a;1912;571;571;9;562;29.86;1.58;1841;1198;1198;10;1188;65.07;0.83
76525;146201;54;Szkoła Podstawowa z Oddziałami Integracyjnymi Nr 22 im. Janusza Korczaka 09-410 Płock ul. Czwartaków 6;1851;426;426;10;416;23.01;2.35;1876;1044;1044;11;1033;55.65;1.05
76526;146201;55;Miejskie Przedszkole Nr 4 im. Jasia i Małgosi 09-410 Płock ul. Czwartaków 18b;2374;614;615;8;606;25.86;1.30;2363;1484;1484;14;1470;62.80;0.94
76527;146201;56;Pływalnia Miejska „Podolanka” 09-410 Płock ul. Czwartaków 6;2017;357;357;8;349;17.70;2.24;2060;983;984;28;955;47.72;2.85
76528;146201;57;Związek Spółek Wodnych „MELKOREX” 09-410 Płock ul. Harcerska 39;2176;548;548;23;525;25.18;4.20;2170;1335;1335;16;1319;61.52;1.20
76529;146201;58;Siedziba Rady Mieszkańców Osiedla „Borowiczki” 09-408 Płock ul. Borowicka 3;1728;335;335;12;323;19.39;3.58;1728;887;887;17;870;51.33;1.92
76530;146201;59;Szkoła Podstawowa Nr 20 im. Wł. Broniewskiego 09-408 Płock ul. Korczaka 10;1364;272;272;13;259;19.94;4.78;1354;796;796;15;781;58.79;1.88
76531;146201;60;CENTROMOST Stocznia Rzeczna w Płocku Sp. z o. o. 09-402 Płock ul. Popłacińska 42;1735;361;361;12;349;20.81;3.32;1731;912;912;6;906;52.69;0.66
76532;146201;61;Miejskie Przdszkole Nr 13 09-402 Płock ul. Krakówka 8;1607;308;308;13;295;19.17;4.22;1569;825;825;13;812;52.58;1.58
76533;146201;62;Szkoła Podstawowa Nr 15 09-402 Płock ul. Przyszkolna 22;1281;292;292;9;283;22.79;3.08;1264;695;695;19;676;54.98;2.73
76534;146201;63;Miejskie Przedszkole Nr 2 09-402 Płock ul. Ciechomicka 68;950;126;126;2;124;13.26;1.59;982;528;528;14;514;53.77;2.65
76535;146201;64;Miejskie Przedszkole z Oddziałami Integracyjnymi Nr 31 09-410 Płock ul. Szarych Szeregów 32;1139;282;282;5;277;24.76;1.77;1097;584;584;8;576;53.24;1.37
76536;146201;65;Szkoła Podstawowa z Oddziałami Integracyjnymi Nr 23 im. Armii Krajowej 09-410 Płock ul. Walecznych 20;1701;393;393;11;382;23.10;2.80;1768;1077;1077;11;1066;60.92;1.02
76537;146201;66;Szkoła Podstwawowa z Oddziałami Integracynymi Nr 22 im. Janusza Korczaka 09-410 Płock ul. Czwartaków 6;1361;351;351;10;341;25.79;2.85;1356;847;847;10;837;62.46;1.18
76538;146201;67;Miejskie Przedszkole Nr 19 09-400 Płock ul. Słowackiego 27;1520;246;246;11;235;16.18;4.47;1444;634;634;29;605;43.91;4.57
90752;146201;68;Szpital Miejski im. Świętej Trójcy w Płocku 09-402 Płock ul. Kościuszki 28;138;44;44;1;43;31.88;2.27;103;63;63;5;58;61.17;7.94
90753;146201;69;Wojewódzki Szpital Zespolony im. M. Kacprzaka w Płocku 09-400 Płock ul. Medyczna 19;340;86;86;5;81;25.29;5.81;347;195;195;9;186;56.20;4.62
90754;146201;70;Zakład Karny w Płocku 09-402 Płock ul. Sienkiewicza 22;615;137;137;20;117;22.28;14.60;553;271;271;38;233;49.01;14.02
76539;146301;1;V Liceum Ogólnokształcące im. Romualda Traugutta 26-600 Radom, Śródmieście ul. Traugutta 52a;1069;237;237;5;232;22.17;2.11;975;387;387;4;383;39.69;1.03
76540;146301;2;III Liceum Ogólnokształcące im. płk.Dionizego Czachowskiego 26-600 Radom, Śródmieście ul. Traugutta 44;1031;254;254;8;246;24.64;3.15;997;496;496;10;486;49.75;2.02
76541;146301;3;Publiczna Szkoła Podstawowa Nr 13 im.Ks.Józefa Poniatowskiego 26-600 Radom, Śródmieście ul. Sienkiewicza 30;1296;403;403;5;398;31.10;1.24;1241;637;637;7;630;51.33;1.10
76542;146301;4;Publiczna Szkoła Podstawowa Nr 7 im. Kazimierza Pułaskiego 26-600 Radom, Śródmieście ul. Tybla 7/11;1034;246;246;8;238;23.79;3.25;1001;485;485;8;477;48.45;1.65
76543;146301;5;Publiczna Szkoła Podstawowa Nr 13 im. Ks. Józefa Poniatowskiego 26-600 Radom, Śródmieście ul.Henryka Sienkiewicza 30;1195;329;329;9;320;27.53;2.74;1166;577;577;4;573;49.49;0.69
76544;146301;6;RTBS „Administrator” 26-600 Radom, Śródmieście ul. Waryńskiego 16A;1159;292;292;4;288;25.19;1.37;1111;581;581;8;573;52.30;1.38
76545;146301;7;Publiczna Szkoła Podstawowa Nr 7 im. Kazimierza Pułaskiego 26-600 Radom, Stare Miasto ul. Tybla 7/11;867;189;189;3;186;21.80;1.59;821;401;401;5;396;48.84;1.25
76546;146301;8;I LO im. Mikołaja Kopernika 26-600 Radom, Śródmieście ul. Żeromskiego 10;806;158;158;2;156;19.60;1.27;772;340;340;10;330;44.04;2.94
76547;146301;9;Zespół Szkół Ogólnokształcących nr 7 26-600 Radom, Stare Miasto ul. Staromiejska 11;709;184;184;4;180;25.95;2.17;666;318;318;3;315;47.75;0.94
76548;146301;10;Publiczna Szkoła Podstawowa Nr 28 im. Adama Mickiewicza 26-600 Radom, Planty ul. Jaracza 8;2022;487;487;18;469;24.09;3.70;1938;939;939;18;921;48.45;1.92
76549;146301;11;Zespół Szkół Budowlanych im. Kazimierza Wielkiego 26-600 Radom, Planty ul. Kościuszki 7;807;221;221;5;216;27.39;2.26;777;388;388;3;385;49.94;0.77
76550;146301;12;Wydział Sztuki Uniwersytetu Technologiczno - Humanistycznego im. Kazimierza Pułaskiego 26-600 Radom, Śródmieście ul. Malczewskiego 22;509;85;85;3;82;16.70;3.53;515;199;199;4;195;38.64;2.01
76551;146301;13;Publiczna Szkoła Podstawowa Nr 5 im. Marii Dąbrowskiej 26-600 Radom, Śródmieście ul. Sowińskiego 1;1731;481;482;16;465;27.79;3.33;1660;907;907;13;894;54.64;1.43
76552;146301;14;Publiczna Szkoła Podstawowa Nr 5 im. Marii Dąbrowskiej 26-600 Radom, Śródmieście ul Sowińskiego 1;2005;568;568;14;554;28.33;2.46;1958;1110;1110;21;1089;56.69;1.89
76553;146301;15;Przedszkole Publiczne Nr 2 26-600 Radom, Śródmieście ul. Jasińskiego 4;1226;396;396;11;385;32.30;2.78;1189;665;665;14;651;55.93;2.11
76554;146301;16;Publiczna Szkoła Podstawowa Nr 34 Radom 26-600 Radom, Śródmieście ul. Miła 18;1928;566;566;9;557;29.36;1.59;1845;1057;1057;12;1045;57.29;1.14
76555;146301;17;II Liceum Ogólnokształcące im. Marii Konopnickiej 26-600 Radom, Śródmieście ul. Kusocińskiego 8;1164;331;331;8;323;28.44;2.42;1103;618;618;22;596;56.03;3.56
76556;146301;18;XI LO z Oddziałami Integracyjnymi im. Stanisława Staszica 26-600 Radom, Śródmieście ul. 11-go Listopada 27;1937;472;472;8;464;24.37;1.69;1924;931;931;10;921;48.39;1.07
76557;146301;19;Przedszkole Publiczne Nr 15 26-600 Radom, Śródmieście ul. Kusocińskiego 10;1545;414;414;16;398;26.80;3.86;1493;770;770;24;746;51.57;3.12
76558;146301;20;Zespół Szkół Ogólnokształcących Nr 6 im. Jana Kochanowskiego 26-600 Radom, Śródmieście ul. Kilińskiego 25;1036;212;212;7;205;20.46;3.30;999;383;383;11;372;38.34;2.87
76559;146301;21;Zespół Szkół Ogólnokształcących Nr 6 im. Jana Kochanowskiego 26-600 Radom, Śródmieście ul.Kilińskiego 25;1109;292;292;2;290;26.33;0.68;1074;534;534;11;523;49.72;2.06
76560;146301;22;Przedszkole Publiczne Nr. 4 im. Juliana Tuwima 26-600 Radom, Śródmieście ul. Kilińskiego 23;929;245;245;5;240;26.37;2.04;872;433;433;6;427;49.66;1.39
76561;146301;23;Publiczne Gimnazjum Nr 13 z Oddziałami Dwujęzycznymi im. Polskich Noblistów 26-600 Radom, Śródmieście ul. 25 Czerwca 79;1776;537;537;9;528;30.24;1.68;1722;985;985;12;973;57.20;1.22
76562;146301;24;Placówka Opiekuńczo - Wychowawcza „Słoneczny Dom” 26-600 Radom, Śródmieście ul. Kolberga 19;1718;617;617;10;607;35.91;1.62;1657;1018;1018;5;1013;61.44;0.49
76563;146301;25;Publiczna Szkoła Podstawowa Nr 33 im.Kawalerów Orderu Uśmiechu 26-600 Radom, Śródmieście ul.Kolberga 5 - wejście od ulicy Siennej 7;1849;579;583;20;559;31.31;3.45;1773;992;992;19;973;55.95;1.92
76564;146301;26;Młodzieżowy Dom Kultury im. Heleny Stadnickiej 26-600 Radom, Śródmieście ul.Słowackiego 17;1850;489;489;16;473;26.43;3.27;1809;965;965;21;944;53.34;2.18
76565;146301;27;Młodzieżowy Dom Kultury im. Heleny Stadnickiej 26-600 Radom, Śródmieście ul.Słowackiego 17;1626;369;370;11;358;22.69;2.98;1506;710;710;10;700;47.14;1.41
76566;146301;28;Publiczna Szkoła Podstawowa Nr 6 im. Orła Białego 26-600 Radom, Gołębiów ul. Rapackiego 24;2114;581;581;16;565;27.48;2.75;2064;1209;1209;20;1189;58.58;1.65
76567;146301;29;Publiczna Szkoła Podstawowa Nr 24 im.Kornela Makuszyńskiego 26-600 Radom, Gołębiów ul. Powstańców Śląskich 4;1758;549;549;7;542;31.23;1.28;1705;1064;1064;8;1056;62.40;0.75
76568;146301;30;Przedszkole Publiczne Nr 1 im. Marii Konopnickiej 26-600 Radom, Śródmieście ul. Zientarskiego 3;1848;555;555;10;545;30.03;1.80;1858;1132;1132;20;1112;60.93;1.77
76569;146301;31;Przedszkole Publiczne Nr 24 im. Janusza Korczaka 26-600 Radom, Gołębiów ul.Powstańców Śląskich 9;1926;533;533;11;522;27.67;2.06;1862;1082;1082;17;1065;58.11;1.57
76570;146301;32;Zespół Szkół Elektronicznych im. Bohaterów Westerplatte 26-600 Radom, Gołębiów ul. Sadkowska 19;1452;467;467;4;463;32.16;0.86;1395;855;855;8;847;61.29;0.94
76571;146301;33;Przedszkole Publiczne Nr 3 im. Janiny Porazińskiej 26-600 Radom, Gołębiów ul. Olsztyńska 12;2174;674;674;20;654;31.00;2.97;2107;1251;1251;13;1238;59.37;1.04
76572;146301;34;Publiczne Gimnazjum Nr 6 26-600 Radom, Gołębiów ul. Sadkowska 16;1502;406;406;9;397;27.03;2.22;1458;802;802;12;790;55.01;1.50
76573;146301;35;Wodociągi Miejskie Sp.z o.o. 26-600 Radom, Śródmieście ul. Filtrowa 4;1470;342;342;14;328;23.27;4.09;1395;628;628;10;618;45.02;1.59
76574;146301;36;Radomski Klub Sportowy „Radomiak” 26-600 Radom, Śródmieście ul. Struga 63;2128;565;565;9;556;26.55;1.59;2068;1079;1079;23;1056;52.18;2.13
76575;146301;37;Dom Pomocy Społecznej „Nad Potokiem” 26-600 Radom, Śródmieście ul. Struga 88;142;63;63;6;57;44.37;9.52;135;68;68;11;57;50.37;16.18
76576;146301;38;Tarnobrzeska Specjalna Strefa Ekonomiczna 26-600 Radom, Gołębiów ul. Kozienicka 97;1999;495;495;4;491;24.76;0.81;2030;1135;1135;9;1126;55.91;0.79
76577;146301;39;Publiczna Szkoła Podstawowa Nr 19 im. Edmunda Bakalarza 26-600 Radom, Stara Wola Gołębiowska ul. Energetyków 10;1335;239;239;5;234;17.90;2.09;1345;654;654;21;633;48.62;3.21
76578;146301;40;Publiczna Szkoła Podstawowa Nr 1 im. Ignacego Daszyńskiego 26-600 Radom, Glinice ul. Odrodzenia 37;1703;580;580;14;566;34.06;2.41;1695;1030;1030;16;1014;60.77;1.55
76579;146301;41;Publiczna Szkoła Podstawowa Nr 1 im. Ignacego Daszyńskiego 26-600 Radom, Glinice ul. Odrodzenia 37;1540;413;413;8;405;26.82;1.94;1493;832;832;11;821;55.73;1.32
76580;146301;42;Przedszkole Publiczne Nr 9 im. Ewy Szelburg-Zarembiny 26-600 Radom, Glinice ul. Kalińska 4;1657;369;369;8;361;22.27;2.17;1585;790;790;11;779;49.84;1.39
76581;146301;43;Publiczne Gimnazjumnr Nr 10 26-600 Radom, Glinice ul. Długojowska 6;1957;568;568;19;549;29.02;3.35;1931;1095;1095;29;1066;56.71;2.65
76582;146301;44;Zespół Szkół Plastycznych im. Józefa Brandta 26-600 Radom, Ustronie ul. Grzecznarowskiego 13;1194;256;256;7;249;21.44;2.73;1306;585;585;9;576;44.79;1.54
76583;146301;45;Publiczna Szkoła Podstawowa Nr 31 im. Kardynała Stefana Wyszyńskiego 26-600 Radom, Idalin ul. Biała 6;1023;274;274;12;262;26.78;4.38;1000;512;512;9;503;51.20;1.76
76584;146301;46;Publiczna Szkoła Podstawowa Nr 31 im. Kardynała Stefana Wyszyńskiego 26-600 Radom, Idalin ul. Biała 6;1959;492;492;8;484;25.11;1.63;1932;1063;1066;20;1043;55.02;1.88
76585;146301;47;Publiczna Szkoła Podstawowa Nr 20 im. Obrońców Pokoju 26-600 Radom, Malenice ul. Malenicka 29;1948;450;450;12;438;23.10;2.67;1950;1007;1007;20;987;51.64;1.99
76586;146301;48;Publiczna Szkoła Podstawowa Nr 4 im. Św.Kazimierza Jagiellończyka 26-600 Radom, Ustronie ul. Wyścigowa 49;2115;516;516;6;510;24.40;1.16;2188;1241;1241;17;1224;56.72;1.37
76587;146301;49;Dom Kultury „Idalin” 26-600 Radom, Idalin ul. Bluszczowa 4/8;2208;588;588;25;563;26.63;4.25;2148;1204;1204;24;1180;56.05;1.99
76588;146301;50;Publiczna Szkoła Podstawowa Nr 4 im. Św. Kazimierza Jagiellończyka 26-600 Radom, Ustronie ul. Wyścigowa 49;2033;457;457;4;453;22.48;0.88;2044;1123;1123;7;1116;54.94;0.62
76589;146301;51;Ośrodek Szkolno-Wychowawczy im. Janusza Korczaka 26-600 Radom, Ustronie Al. Grzecznarowskiego 15;1561;502;502;8;494;32.16;1.59;1500;886;886;22;864;59.07;2.48
76590;146301;52;Przedszkole Publiczne Nr 16 26-600 Radom, Ustronie ul. Grenadierów 3;1029;302;302;4;298;29.35;1.32;974;527;527;7;520;54.11;1.33
76591;146301;53;Publiczne Gimnazjum Nr 2 im. Adama Jerzego Czartoryskiego 26-600 Radom, Ustronie ul. Gagarina 19;1733;589;589;10;579;33.99;1.70;1695;1023;1023;17;1006;60.35;1.66
76592;146301;54;Publiczna Szkoła Podstawowa Nr 9 im. Henryka Sienkiewicza 26-600 Radom, Ustronie ul. Sandomierska 19;1349;419;419;11;408;31.06;2.63;1295;802;802;17;785;61.93;2.12
76593;146301;55;Publiczna Szkoła Podstawowa Nr 9 im. Henryka Sienkiewicza 26-600 Radom, Ustronie ul. Sandomierska 19;1706;509;509;9;500;29.84;1.77;1665;929;929;20;909;55.80;2.15
76594;146301;56;Przedszkole Publiczne Nr 10 im. Jana Brzechwy 26-600 Radom, Ustronie ul. Osiedlowa 26;1628;434;434;7;427;26.66;1.61;1588;905;906;13;892;56.99;1.44
76595;146301;57;Zespół Szkół Ogólnokształcących Nr 4 z oddziałami sportowymi im. Polskich Olimpijczyków 26-600 Radom, Ustronie ul. Osiedlowa 36;1368;392;392;5;387;28.65;1.28;1319;763;763;6;757;57.85;0.79
76596;146301;58;Zespół Szkół Ogólnokształcących Nr 4 z oddziałami sportowymi im. Polskich Olimpijczyków 26-600 Radom, Ustronie ul. Osiedlowa 36;1868;432;432;15;417;23.13;3.47;1807;923;923;16;907;51.08;1.73
76597;146301;59;Przedszkole Publiczne Nr 14 26-600 Radom, Ustronie ul. Jana Pawła II 3;1164;307;307;5;302;26.37;1.63;1114;613;613;3;610;55.03;0.49
76598;146301;60;Dom Pomocy Społecznej Weterana Walki i Pracy 26-600 Radom, Prędocinek ul. Wyścigowa 16;1894;543;543;23;520;28.67;4.24;1839;1042;1042;26;1016;56.66;2.50
76599;146301;61;Zespół Szkół Spożywczych i Hotelarskich 26-600 Radom, Prędocinek ul. Armii Ludowej 1;2019;451;451;12;439;22.34;2.66;2013;1116;1116;19;1097;55.44;1.70
76600;146301;62;Zespół Szkół Nr 2 26-600 Radom, Prędocinek ul. Lipska 2;1955;519;519;19;500;26.55;3.66;1907;1103;1103;14;1089;57.84;1.27
76601;146301;63;Publiczna Szkoła Podstawowa Nr 23 im. Stefana Żeromskiego 26-600 Radom, Prędocinek ul. Gajowa 60;2264;575;575;15;560;25.40;2.61;2226;1166;1166;17;1149;52.38;1.46
76602;146301;64;Publiczna Szkoła Podstawowa Nr 23 im. Stefana Żeromskiego 26-600 Radom, Prędocinek ul. Gajowa 60;2139;569;569;11;558;26.60;1.93;2144;1232;1232;15;1217;57.46;1.22
76603;146301;65;Publiczna Szkoła Podstawowa Nr 17 im. Przyjaciół Dzieci 26-600 Radom, Żakowice ul. Wierzbicka 89/93;1592;402;402;13;389;25.25;3.23;1572;874;875;18;856;55.60;2.06
76604;146301;66;Przedszkole Publiczne Nr 5 im. Tadeusza Kościuszki 26-600 Radom, Żakowice ul. Czarnoleska 15;1852;550;550;8;542;29.70;1.45;1792;1047;1047;13;1034;58.43;1.24
76605;146301;67;Publiczne Gimnazjum Nr 3 im. Jana Kochanowskiego 26-600 Radom, Żakowice ul. Czarnoleska 10;2177;568;568;17;551;26.09;2.99;2120;1139;1139;18;1121;53.73;1.58
76606;146301;68;Budynek po byłej PSP Nr 21 26-600 Radom, Młodzianów ul. Sobótki 5;1971;448;448;12;436;22.73;2.68;1913;1030;1030;15;1015;53.84;1.46
76607;146301;69;Budynek po byłej PSP Nr 21 26-600 Radom, Młodzianów ul. Sobótki 5;2011;503;503;17;486;25.01;3.38;1983;1117;1117;13;1104;56.33;1.16
76608;146301;70;Publiczna Szkoła Podstawowa Nr 21 im.Ks. Jana Twardowskiego 26-600 Radom, Żakowice ul. Trojańska 5;2010;507;507;18;489;25.22;3.55;1919;1049;1049;27;1022;54.66;2.57
76609;146301;71;Publiczna Szkoła Podstawowa Nr 21 im. Ks. Jana Twardowskiego 26-600 Radom, Żakowice ul. Trojańska 5;1760;451;451;24;427;25.62;5.32;1709;901;901;13;888;52.72;1.44
76610;146301;72;Publiczna Szkoła Podstawowa Nr 25 26-600 Radom, Jeżowa Wola ul. Starokrakowska 124/128;1080;239;239;3;236;22.13;1.26;1091;600;600;13;587;55.00;2.17
76611;146301;73;Publiczna Szkoła Podstawowa Nr 32 im. Marszałka Józefa Piłsudskiego 26-600 Radom, Planty ul. Jarzyńskiego 3;1616;571;571;23;548;35.33;4.03;1573;950;950;7;943;60.39;0.74
76612;146301;74;Zespół Szkół Technicznych im. Tadeusza Kościuszki 26-600 Radom, Śródmieście ul. Limanowskiego 26/30;1356;342;342;9;333;25.22;2.63;1270;696;696;16;680;54.80;2.30
76613;146301;75;IV Liceum Ogólnokształcące im. Tytusa Chałubińskiego 26-600 Radom, Śródmieście ul. Mariacka 25;1359;333;333;3;330;24.50;0.90;1317;674;674;17;657;51.18;2.52
76614;146301;76;Powiatowy Urząd Pracy 26-600 Radom, Śródmieście ul.Księdza Łukasika 3;1286;241;241;3;238;18.74;1.24;1261;570;570;12;558;45.20;2.11
76615;146301;77;Publiczne Gimnazjum Nr 11 im. Bolesława Prusa 26-600 Radom, Śródmieście ul. Kujawska 19;1540;348;348;2;346;22.60;0.57;1473;712;712;16;696;48.34;2.25
76616;146301;78;Wydział Mechaniczny Uniwersytetu Technologiczno - Humanistycznego im. Kazimierza Pułaskiego 26-600 Radom, Borki ul. Krasickiego 54;1789;383;383;15;368;21.41;3.92;1749;880;880;38;842;50.31;4.32
76617;146301;79;Publiczna Szkoła Podstawowa Nr 2 im. Hansa Hrystiana Andersena 26-600 Radom, Borki ul. Batalionów Chłopskich 16;1924;580;580;12;568;30.15;2.07;1863;1017;1019;24;993;54.59;2.36
76618;146301;80;Przedszkole Publiczne Nr 19 26-600 Radom, Borki ul. Batalionów Chłopskich 18;1647;465;465;10;455;28.23;2.15;1581;905;909;12;893;57.24;1.33
76619;146301;81;Publiczna Szkoła Podstawowa Nr 26 26-600 Radom, Wośniki ul. Wośnicka 125;1261;387;387;6;381;30.69;1.55;1237;731;731;5;726;59.09;0.68
76620;146301;82;Publiczna Szkoła Podstawowa Nr 26 26-600 Radom, Wośniki ul. Wośnicka 125;770;163;163;3;160;21.17;1.84;787;432;432;3;429;54.89;0.69
76621;146301;83;Świetlica „Kocur” 26-600 Radom, Wośniki ul. Wośnicka 32a;2225;606;606;13;593;27.24;2.15;2196;1258;1258;24;1234;57.29;1.91
76622;146301;84;Poradnia Psychologiczno-Pedagogiczna Nr 3 26-600 Radom, Zamłynie ul. Główna 3;2171;584;584;14;570;26.90;2.40;2100;1173;1173;17;1156;55.86;1.45
76623;146301;85;Zespół Szkół Agrotechnicznych i Gospodarki Żywnościowej 26-600 Radom, Wacyn ul. Uniwersytecka 6;1827;387;387;2;385;21.18;0.52;1782;987;987;12;975;55.39;1.22
76624;146301;86;Publiczna Szkoła Podstawowa Nr 15 im. Władysława Syrokomli 26-600 Radom, Zamłynie ul. Kielecka 2/6;1009;188;188;3;185;18.63;1.60;984;464;464;4;460;47.15;0.86
76625;146301;87;Filia Publicznej Szkoły Podstawowej Nr 15 26-600 Radom, Kierzków ul. Kierzkowska 118;1205;269;269;5;264;22.32;1.86;1214;662;662;13;649;54.53;1.96
76626;146301;88;Publiczne Gimnazjum Nr 12 im. Mikołaja Reja 26-600 Radom, Zamłynie ul. Krucza 2/10;1418;365;365;9;356;25.74;2.47;1384;732;732;14;718;52.89;1.91
76627;146301;89;Publiczna Szkoła Podstawowa nr 2 im. Hansa Hrystiana Andersena 26-600 Radom, Borki ul. Batalionów Chłopskich 16;1378;368;368;4;364;26.71;1.09;1306;776;776;8;768;59.42;1.03
76628;146301;90;Publiczna Szkoła Podstawowa Nr 15 im. Władysława Syrokomli 26-600 Radom, Zamłynie ul. Kielecka 2/6;1992;678;678;11;667;34.04;1.62;1940;1196;1196;7;1189;61.65;0.59
76629;146301;91;Publiczna Szkoła Podstawowa Nr 29 im. Władysława Broniewskiego 26-600 Radom, Wacyn ul. Ceglana 14;2147;630;630;14;616;29.34;2.22;2081;1149;1149;18;1131;55.21;1.57
76630;146301;92;Zespół Szkół Ekonomicznych 26-600 Radom, Śródmieście ul. Wernera 22;1346;360;360;6;354;26.75;1.67;1331;706;706;12;694;53.04;1.70
76631;146301;93;Miejski Ośrodek Kultury „Amfiteatr” Scena Obozisko 26-600 Radom, Obozisko ul. Śniadeckich 2;1359;356;356;9;347;26.20;2.53;1314;670;670;13;657;50.99;1.94
76632;146301;94;Miejski Ośrodek Kultury „Amfiteatr” 26-600 Radom, Obozisko ul. Parkowa 1;1322;378;378;6;372;28.59;1.59;1282;728;728;8;720;56.79;1.10
76633;146301;95;Dom Studenta Nr 2 „Walet” 26-600 Radom, Gołębiów ul. Akademicka 3;2095;590;590;19;571;28.16;3.22;2017;1239;1239;15;1224;61.43;1.21
76634;146301;96;Filia Publicznej Szkoły Podstawowej Nr 6 26-600 Radom, Gołębiów ul. Paderewskiego 36;1620;529;529;15;514;32.65;2.84;1562;995;995;7;988;63.70;0.70
76635;146301;97;Przedszkole Publiczne Nr 6 26-600 Radom, Gołębiów ul. Rapackiego 4;1650;424;424;13;411;25.70;3.07;1601;950;950;8;942;59.34;0.84
76636;146301;98;Publiczna Szkoła Podstawowa Nr 3 im. Jana Długosza 26-600 Radom, Michałów ul. Sobieskiego (wejście od strony ul. Sobieskiego) 12;2056;588;588;17;571;28.60;2.89;2010;1190;1190;14;1176;59.20;1.18
76637;146301;99;Publiczna Szkoła Podstawowa Nr 3 im. Jana Długosza 26-600 Radom, Michałów ul. Sobieskiego (wejście od strony ul. Jagiellońskiej) 12;2223;660;660;22;638;29.69;3.33;2130;1301;1301;21;1280;61.08;1.61
76638;146301;100;VIII Liceum Ogólnokształcące im. Jana III Sobieskiego 26-600 Radom, Michałów ul. Sobieskiego 12;1877;503;503;10;493;26.80;1.99;1821;1070;1070;17;1053;58.76;1.59
76639;146301;101;Publiczne Gimnazjum nr 8 im. Królowej Jadwigi 26-600 Radom, Michałów ul. Piastowska 17;2078;600;600;12;588;28.87;2.00;2021;1181;1181;13;1168;58.44;1.10
76640;146301;102;Publiczne Gimnazjum Nr 8 im. Królowej Jadwigi 26-600 Radom, Michałów ul. Piastowska 17;2294;658;658;13;645;28.68;1.98;2249;1333;1333;15;1318;59.27;1.13
76641;146301;103;Zespół Szkolno - Przedszkolny Nr 1 26-600 Radom, Wólka Klwatecka ul. Ofiar Firleja 14;2039;418;418;4;414;20.50;0.96;2032;1020;1020;13;1007;50.20;1.27
76642;146301;104;Publiczna Szkoła Podstawowa Nr 25 26-600 Radom, Jeżowa Wola ul. Starokrakowska 124/128;1401;336;336;8;328;23.98;2.38;1358;640;640;22;618;47.13;3.44
76643;146301;105;Zespół Szkolno - Przedszkolny Nr 1 26-600 Radom, Wólka Klwatecka ul. Ofiar Firleja 14a;1217;279;279;11;268;22.93;3.94;1212;653;653;9;644;53.88;1.38
76644;146301;106;Publiczne Gimnazjum Nr 22 im. Karola Wojtyłły 26-600 Radom, Gołębiów ul.Rapackiego 24;2144;622;622;19;603;29.01;3.05;2186;1328;1328;15;1313;60.75;1.13
76645;146301;107;Przedszkole Publiczne Nr 13 26-600 Radom, Zamłynie ul.Garbarska 59/67;935;234;234;4;230;25.03;1.71;914;475;475;14;461;51.97;2.95
76646;146301;108;Dom Kultury „Idalin” 26-600 Radom, Idalin ul. Bluszczowa 4/8;807;169;169;4;165;20.94;2.37;792;386;386;7;379;48.74;1.81
76647;146301;109;Zespół Szkół Ekonomicznych 26-600 Radom, Kaptur ul. Wernera 22;1498;409;409;11;398;27.30;2.69;1480;790;790;20;770;53.38;2.53
90756;146301;110;Radomski Szpital Specjalistyczny im. Dr Tytusa Chałubińskiego 26-600 Radom, Śródmieście Tochtermana 1;107;42;42;3;39;39.25;7.14;95;56;56;2;54;58.95;3.57
90757;146301;111;Samodzielny Wojewódzki Publiczny Zespół Zakładów Psychiatrycznej Opieki Zdrowotnej im. Dr Barbary Borzym 26-600 Radom, Krychnowice Krychnowicka 1;32;22;22;3;19;68.75;13.64;48;41;41;1;40;85.42;2.44
90758;146301;112;Areszt Śledczy 26-600 Radom, Kozia Góra Wolanowska 120;887;206;206;14;192;23.22;6.80;792;311;311;35;276;39.27;11.25
90759;146301;113;Mazowiecki Szpital Specjalistyczny Sp. z o.o. 26-600 Radom, Józefów Aleksandrowicza 5;137;96;96;5;91;70.07;5.21;242;193;193;3;190;79.75;1.55
90760;146301;114;Oddział Zewnętrzny Aresztu Śledczego 26-600 Radom, Wincentów Witosa 62;62;62;62;19;43;100.00;30.65;59;59;59;16;43;100.00;27.12
76648;146401;1;Miejskie Przedszkole Nr 3 08-110 Siedlce ul. Batorego 4;1467;417;417;8;409;28.43;1.92;1410;792;792;9;783;56.17;1.14
76649;146401;2;Miejskie Przedszkole nr 20 08-110 Siedlce ul. Osiedlowa 3;1472;468;468;11;457;31.79;2.35;1460;844;844;5;839;57.81;0.59
76650;146401;3;Osiedlowy Klub Kultury „Lech” 08-110 Siedlce ul. Chrobrego 4;1392;385;385;15;370;27.66;3.90;1374;784;784;14;770;57.06;1.79
76651;146401;4;Zespół Szkół Ponadgimnazjalnych Nr 3 08-110 Siedlce ul. Popiełuszki 8;1628;400;400;5;395;24.57;1.25;1797;1056;1056;11;1045;58.76;1.04
76652;146401;5;Miejskie Przedszkole Nr 14 08-110 Siedlce ul. Mieszka I 12;1540;434;434;16;418;28.18;3.69;1542;890;890;15;875;57.72;1.69
76653;146401;6;Uniwersytet Przyrodniczo-Humanistyczny 08-110 Siedlce ul. Żytnia 39;1445;367;367;4;363;25.40;1.09;1394;770;770;8;762;55.24;1.04
76654;146401;7;Zespół Szkół Nr 1 08-110 Siedlce ul. Graniczna 1;1679;423;423;15;408;25.19;3.55;1666;938;938;10;928;56.30;1.07
76655;146401;8;Społeczna Szkoła Podstawowa 08-110 Siedlce ul. Mireckiego 28;1756;558;558;12;546;31.78;2.15;1727;1090;1090;17;1073;63.12;1.56
76656;146401;9;Klub Uniwersytetu Humanistyczno - Przyrodniczego 08-110 Siedlce ul. Prusa 12;1642;483;483;12;471;29.42;2.48;1607;968;968;5;963;60.24;0.52
76657;146401;10;Szkoła Podstawowa Nr 7 08-110 Siedlce ul. Starowiejska 23;1506;384;384;9;375;25.50;2.34;1504;851;851;8;843;56.58;0.94
76658;146401;11;Miejskie Przedszkole Nr 1 08-110 Siedlce ul. Wiązowa 7;1341;376;376;7;369;28.04;1.86;1366;817;817;9;808;59.81;1.10
76659;146401;12;I Katolickie Liceum Ogólnokształcące 08-110 Siedlce ul. Bpa Świrskiego 54;1554;411;411;16;395;26.45;3.89;1465;856;856;9;847;58.43;1.05
76660;146401;13;Zespół Szkół Ponadgimnazjalnych Nr 6 08-110 Siedlce ul. Chopina 10;1531;520;520;9;511;33.96;1.73;1495;958;958;10;948;64.08;1.04
76661;146401;14;Filia Wojewódzkiego Urzędu Pracy 08-110 Siedlce ul. Pułaskiego 19/21;1140;244;244;15;229;21.40;6.15;1060;489;489;10;479;46.13;2.04
76662;146401;15;Siedlecka Spółdzielnia Mieszkaniowa 08-110 Siedlce ul. 3-go Maja 28;1835;492;492;11;481;26.81;2.24;1790;995;995;16;979;55.59;1.61
76663;146401;16;Szkoła Podstawowa Nr 6 08-110 Siedlce ul. Sienkiewicza 49;1725;476;476;20;456;27.59;4.20;1626;874;874;12;862;53.75;1.37
76664;146401;17;Publiczne Gimnazjum Nr 2 08-110 Siedlce ul. Szkolna 2;1439;251;251;9;242;17.44;3.59;1648;745;745;22;723;45.21;2.95
76665;146401;18;I Liceum Ogólnokształcące im. B.Prusa 08-110 Siedlce ul. Floriańska 10;1533;345;345;10;335;22.50;2.90;1488;857;857;5;852;57.59;0.58
76666;146401;19;Publiczne Gimnazjum Nr 3 08-110 Siedlce ul. Sekulska 10;1746;437;437;17;420;25.03;3.89;1679;898;898;13;885;53.48;1.45
76667;146401;20;Miejskie Przedszkole Nr 17 08-110 Siedlce ul. Wyszyńskiego 6;1569;370;370;11;359;23.58;2.97;1521;833;833;13;820;54.77;1.56
76668;146401;21;Miejskie Przedszkole Nr 17 08-110 Siedlce ul. Wyszyńskiego 6;1566;343;343;5;338;21.90;1.46;1534;886;886;8;878;57.76;0.90
76669;146401;22;Zespół Medycznych Szkół Policealnych 08-110 Siedlce ul. Młynarska 17;1499;375;375;9;366;25.02;2.40;1457;817;817;9;808;56.07;1.10
76670;146401;23;Miejskie Przedszkole Nr 1 08-110 Siedlce ul. Wiązowa 7;1060;355;355;11;344;33.49;3.10;1099;710;710;9;701;64.60;1.27
76671;146401;24;Urząd Stanu Cywilnego 08-110 Siedlce ul. Bpa Świrskiego 6;1532;463;463;11;452;30.22;2.38;1458;871;871;11;860;59.74;1.26
76672;146401;25;Miejskie Przedszkole Nr 21 08-110 Siedlce ul. Żwirowa 20;1423;338;338;48;290;23.75;14.20;1412;843;843;14;829;59.70;1.66
76673;146401;26;Zesół Szkół Nr 2 08-110 Siedlce ul. Orlicz-Dreszera 3;2156;589;589;10;579;27.32;1.70;2267;1421;1421;22;1399;62.68;1.55
76674;146401;27;Przedsiębiorstwo Wodociągów i Kanalizacji Sp z o.o. 08-110 Siedlce ul. Leśna 8;1857;464;464;15;449;24.99;3.23;1852;1086;1086;7;1079;58.64;0.64
76675;146401;28;Szkoła Podstawowa Nr 12 08-110 Siedlce ul. Unitów Podlaskich 16;1835;519;519;12;507;28.28;2.31;1786;1101;1101;11;1090;61.65;1.00
76676;146401;29;Szkoła Podstawowa Nr 12 08-110 Siedlce ul. Unitów Podlaskich 16;1755;438;438;12;426;24.96;2.74;1718;1000;1000;7;993;58.21;0.70
76677;146401;30;Miejskie Przedszkole Nr 27 08-110 Siedlce ul. Karpacka 2;1460;338;338;9;329;23.15;2.66;1457;851;851;7;844;58.41;0.82
76678;146401;31;Publiczne Gimnazjum Nr 4 08-110 Siedlce ul. Pescantina 2;1542;416;416;5;411;26.98;1.20;1515;915;915;13;902;60.40;1.42
76679;146401;32;Policealne Studium Menedżerskie „NOVUM” 08-110 Siedlce ul. Dylewicza 10;1652;414;414;7;407;25.06;1.69;1628;986;986;9;977;60.57;0.91
76680;146401;33;Szkoła Podstawowa Nr 10 08-110 Siedlce ul. Mazurska 10;1729;515;515;13;502;29.79;2.52;1689;1101;1101;9;1092;65.19;0.82
76681;146401;34;Hotel „Hetman” 08-110 Siedlce ul. Warszawska 133;1598;446;446;8;438;27.91;1.79;1586;957;957;21;936;60.34;2.19
76682;146401;35;Miejskie Przedszkole Nr 22 08-110 Siedlce ul. Podlaska 8;1657;470;470;14;456;28.36;2.98;1563;898;898;8;890;57.45;0.89
76683;146401;36;Miejskie Przedszkole Nr 26 08-110 Siedlce ul. Mazurska 9;1471;395;395;14;381;26.85;3.54;1395;843;843;8;835;60.43;0.95
76684;146401;37;Policealne Studium Menedżerskie „NOVUM” 08-110 Siedlce ul. Dylewicza 10;1711;335;335;14;321;19.58;4.18;1733;939;939;22;917;54.18;2.34
76685;146401;38;Jednostka Ratowniczo-Gaśnicza Nr 2 08-110 Siedlce ul. Składowa 7;1315;325;325;6;319;24.71;1.85;1308;781;781;16;765;59.71;2.05
90761;146401;39;Mazowiecki Szpital Wojewódzki 08-110 Siedlce Poniatowskiego 26;507;29;29;1;28;5.72;3.45;562;125;125;4;121;22.24;3.20
90762;146401;40;Szpital Samodzielnego Publicznego Zakładu Opieki Zdrowotnej 08-110 Siedlce Starowiejska 15;231;35;35;1;34;15.15;2.86;311;60;60;4;56;19.29;6.67
90763;146401;41;Szpital Samodzielnego Publicznego Zakładu Opieki Zdrowotnej 08-110 Siedlce Bema 22;80;3;3;0;3;3.75;0.00;83;7;7;0;7;8.43;0.00
90764;146401;42;Dom Pomocy Społecznej „Dom nad Stawami” 08-110 Siedlce Poniatowskiego 32;69;24;24;1;23;34.78;4.17;80;29;29;3;26;36.25;10.34
90765;146401;43;Zakład Karny 08-110 Siedlce Piłsudskiego 47;687;142;142;22;120;20.67;15.49;643;239;239;25;214;37.17;10.46
76686;146502;711;Sala Gimnastyczna przy Zespole Szkół Nr 46 01-491 Bemowo ul. Gen. Wiktora Thomme'ego 1;1498;485;485;6;479;32.38;1.24;1464;974;974;11;963;66.53;1.13
76687;146502;712;Zespół Szkół Nr 46 01-491 Bemowo ul. Gen. Wiktora Thomme'ego 1;1492;621;621;17;604;41.62;2.74;1494;1176;1176;5;1171;78.71;0.43
76688;146502;713;Zespół Szkół Nr 46 01-491 Bemowo ul. Gen. Wiktora Thomme'ego 1;1415;520;520;8;512;36.75;1.54;1395;1050;1050;12;1038;75.27;1.14
76689;146502;714;Zespół Szkół Nr 46 01-491 Bemowo ul. Gen. Wiktora Thomme'ego 1;2143;724;724;13;711;33.78;1.80;2159;1618;1618;10;1608;74.94;0.62
76690;146502;715;Przedszkole Nr 216 01-494 Bemowo ul. Michała Elwira Andriollego 1;1852;685;685;14;671;36.99;2.04;1838;1377;1377;6;1371;74.92;0.44
76691;146502;716;Dom Emeryta Wojskowego 01-493 Bemowo ul. Pirenejska 5;1790;709;709;16;693;39.61;2.26;1765;1304;1304;10;1294;73.88;0.77
76692;146502;717;Szkoła Podstawowa Nr 341 01-494 Bemowo ul. Oławska 3;1552;558;558;16;542;35.95;2.87;1520;1048;1048;7;1041;68.95;0.67
76693;146502;718;Zespoł Szkól Nr 46 01-491 Bemowo ul. Gen. Wiktora Thomme'ego 1;961;428;428;16;412;44.54;3.74;957;685;685;2;683;71.58;0.29
76694;146502;719;Hala Sportowa OSiR 01-494 Bemowo ul. Obrońców Tobruku 40;1705;712;712;2;710;41.76;0.28;1797;1335;1335;10;1325;74.29;0.75
76695;146502;720;Bemowski Ośrodek Piłki Nożnej 01-494 Bemowo ul. Obrońców Tobruku 11;1039;472;472;2;470;45.43;0.42;1093;869;871;5;864;79.51;0.58
76696;146502;721;Bemowski Ośrodek Piłki Nożnej 01-494 Bemowo ul. Obrońców Tobruku 11;1650;747;747;3;744;45.27;0.40;1701;1364;1364;5;1359;80.19;0.37
76697;146502;722;Szkoła Podstawowa Nr 341 01- 494 Bemowo ul. Oławska 3;891;381;381;4;377;42.76;1.05;880;659;659;8;651;74.89;1.21
76698;146502;723;Szkoła Podstawowa Nr 321 01-493 Bemowo ul. Ppłk. Wacława Szadkowskiego 3;1701;684;684;13;671;40.21;1.90;1672;1195;1195;8;1187;71.47;0.67
76699;146502;724;Szkoła Podstawowa Nr 321 01-493 Bemowo ul. Ppłk. Wacława Szadkowskiego 3;2098;794;794;9;785;37.85;1.13;2042;1428;1428;16;1412;69.93;1.12
76700;146502;725;Szkoła Podstawowa Nr 321 01-493 Bemowo ul. Ppłk. Wacława Szadkowskiego 3;1714;657;657;6;651;38.33;0.91;1684;1195;1195;9;1186;70.96;0.75
76701;146502;726;Przedszkole Nr 390 01-485 Bemowo ul. Secemińska 1;1928;635;635;19;616;32.94;2.99;1880;1254;1254;20;1234;66.70;1.59
76702;146502;727;Gimnazjum Nr 83 01-494 Bemowo ul. Michała Elwira Andriollego 1;1477;557;557;9;548;37.71;1.62;1504;1092;1100;11;1081;72.61;1.01
76703;146502;728;Szkoła Podstawowa Nr 341 01-494 Bemowo ul. Oławska 3;1708;572;572;10;562;33.49;1.75;1646;1086;1086;8;1078;65.98;0.74
76704;146502;729;Gimnazjum Nr 83 01-494 Bemowo ul. Michała Elwira Andriollego 1;2167;814;814;15;799;37.56;1.84;2121;1494;1494;6;1488;70.44;0.40
76705;146502;730;Gimnazjum Nr 83 01-494 Bemowo ul. Michała Elwira Andriollego 1;1973;759;759;13;746;38.47;1.71;1918;1352;1357;6;1346;70.49;0.44
76706;146502;731;Przedszkole Nr 389 w Zespole Szkolno-Przedszkolnym nr 7 01-493 Bemowo ul. Ppłk. Wacława Szadkowskiego 3;1454;639;639;7;632;43.95;1.10;1475;1108;1108;6;1102;75.12;0.54
76707;146502;732;Bemowskie Centrum Kultury 01-459 Bemowo ul. Górczewska 201;882;359;359;3;356;40.70;0.84;909;661;661;2;659;72.72;0.30
76708;146502;733;Szkoła Podstawowa Nr 316 01-318 Bemowo ul. Stanisława Szobera 1;1460;571;571;9;562;39.11;1.58;1408;967;967;6;961;68.68;0.62
76709;146502;734;Szkoła Podstawowa Nr 316 01- 318 Bemowo ul. Stanisława Szobera 1;2090;781;781;14;767;37.37;1.79;2060;1392;1392;7;1385;67.57;0.50
76710;146502;735;Gimnazjum Nr 82 01- 355 Bemowo ul. Gen. Waleriana Czumy 8;1721;662;662;21;641;38.47;3.17;1712;1143;1155;9;1134;66.76;0.79
76711;146502;736;Szkoła Podstawowa Nr 316 01- 318 Bemowo ul. Stanisława Szobera 1;2054;786;786;7;779;38.27;0.89;2016;1387;1387;18;1369;68.80;1.30
76712;146502;737;Gimnazjum Nr 82 01- 355 Bemowo ul. Gen. Waleriana Czumy 8;1735;599;599;15;584;34.52;2.50;1727;1141;1149;7;1134;66.07;0.61
76713;146502;738;Urząd m.st. Warszawy Urząd Dzielnicy Bemowo 01- 381 Bemowo ul. Powstańców Śląskich 70;1742;791;791;15;776;45.41;1.90;1839;1361;1361;9;1352;74.01;0.66
76714;146502;739;Przedszkole Nr 214 01-355 Bemowo ul. Gen. Waleriana Czumy 6;2021;792;793;13;779;39.19;1.64;1979;1377;1377;17;1360;69.58;1.23
76715;146502;740;Zespół Szkól Nr 48 im. Armii Krajowej 01- 317 Bemowo ul. Karola Irzykowskiego 1A;1937;722;722;18;704;37.27;2.49;1934;1362;1362;12;1350;70.42;0.88
76716;146502;741;Zespół Szkól Nr 48 im. Armii Krajowej 01-317 Bemowo ul. Karola Irzykowskiego 1A;2052;707;707;19;688;34.45;2.69;2039;1347;1347;9;1338;66.06;0.67
76717;146502;742;Zespół Szkól Nr 48 im. Armii Krajowej 01-317 Bemowo ul. Karola Irzykowskiego 1A;2035;682;682;10;672;33.51;1.47;1998;1329;1329;19;1310;66.52;1.43
76718;146502;743;Szkoła Podstawowa Nr 306 01-346 Bemowo ul. Tkaczy 27;1343;553;553;5;548;41.18;0.90;1337;957;957;3;954;71.58;0.31
76719;146502;744;Zespół Szkolno-Przedszkolny Nr 2 01-384 Bemowo ul. Brygadzistów 18;1911;640;640;14;626;33.49;2.19;1924;1249;1249;9;1240;64.92;0.72
76720;146502;745;Zespół Szkolno-Przedszkolny Nr 2 01-384 Bemowo ul. Brygadzistów 18;1651;594;594;7;587;35.98;1.18;1614;1067;1067;10;1057;66.11;0.94
76721;146502;746;Zespoł Szkolno-Przedszkolny Nr 2 01-384 Bemowo ul. Brygadzistów 18;1758;583;583;18;565;33.16;3.09;1768;1080;1080;4;1076;61.09;0.37
76722;146502;747;LXXVIII Liceum Ogólnokształcące 01-391 Bemowo ul. Anieli Krzywoń 3;1719;707;707;8;699;41.13;1.13;1680;1192;1192;8;1184;70.95;0.67
76723;146502;748;LXXVIII Liceum Ogólnokształcące 01-391 Bemowo ul. Anieli Krzywoń 3;1916;665;665;11;654;34.71;1.65;1889;1233;1233;7;1226;65.27;0.57
76724;146502;749;Gimnazjum Nr 81 01-310 Bemowo ul. Rozłogi 10;1952;714;714;9;705;36.58;1.26;1915;1264;1264;15;1249;66.01;1.19
76725;146502;750;Szkoła Podstawowa Nr 306 01-346 Bemowo ul. Tkaczy 27;1853;703;704;12;691;37.94;1.71;1814;1236;1236;14;1222;68.14;1.13
76726;146502;751;Gimnazjum Nr 81 01- 310 Bemowo ul. Rozłogi 10;2038;798;798;8;790;39.16;1.00;1975;1393;1393;20;1373;70.53;1.44
76727;146502;752;Gimnazjum Nr 81 01-310 Bemowo ul. Rozłogi lokal: 10;1247;455;455;9;446;36.49;1.98;1533;1089;1089;11;1078;71.04;1.01
76728;146502;753;Hala Sportowa WAT 01- 480 Bemowo ul. Kartezjusza 1;1635;815;815;6;809;49.85;0.74;1641;1251;1251;7;1244;76.23;0.56
76729;146502;754;Klub Oficerski 01- 476 Bemowo ul. Gen. Sylwestra Kaliskiego 25;2061;974;974;13;961;47.26;1.33;2097;1559;1559;7;1552;74.34;0.45
76730;146502;755;Instytut Fizyki Plazmy i Laserowej Mikrosyntezy 01- 497 Bemowo ul. Hery 23;1040;577;577;11;566;55.48;1.91;1130;896;896;4;892;79.29;0.45
76731;146502;756;Przedszkole Nr 381 01-318 Bemowo ul. Stanisława Szobera 1;1487;470;470;5;465;31.61;1.06;2053;1512;1512;15;1497;73.65;0.99
76732;146502;757;TBS Bemowo 01- 471 Bemowo ul. Gen. Tadeusza Pełczyńskiego 30;1406;603;603;9;594;42.89;1.49;1865;1436;1436;6;1430;77.00;0.42
76733;146502;758;TBS Bemowo 01- 471 Bemowo ul. Gen. Tadeusza Pełczyńskiego 30;1992;783;783;11;772;39.31;1.40;2086;1551;1551;13;1538;74.35;0.84
76734;146502;759;Urząd m.st. Warszawy Urząd Dzielnicy Bemowo 01-381 Bemowo ul. Powstańców Śląskich 70;2057;807;807;9;798;39.23;1.12;2114;1599;1599;6;1593;75.64;0.38
76735;146502;760;Urząd m.st. Warszawy Urząd Dzielnicy Bemowo 01-381 Bemowo ul. Powstańców Śląskich 70;2125;821;823;11;810;38.64;1.34;2127;1480;1480;4;1476;69.58;0.27
76736;146502;761;Szkoła Podstawowa Nr 82 01- 459 Bemowo ul. Górczewska 201;1985;795;795;21;774;40.05;2.64;1968;1456;1456;16;1440;73.98;1.10
76737;146502;762;Bemowskie Centrum Kultury 01 - 459 Bemowo ul. Górczewska 201;1143;523;523;8;515;45.76;1.53;1241;929;929;6;923;74.86;0.65
76738;146502;763;Szkoła Podstawowa Nr 82 01 - 459 Bemowo ul. Górczewska 201;1554;674;674;6;668;43.37;0.89;1708;1282;1282;5;1277;75.06;0.39
90766;146502;764;Biblioteka Publiczna Dzielnicy Bemowo m.s.t Warszawy 01-471 Bemowo ul. Gen. Tadeusza Pełczyńskiego 28c;833;330;330;7;323;39.62;2.12;1167;807;807;3;804;69.15;0.37
90767;146502;1143;Oddział Zewnętrzny Bemowo - służba więzienna 01473 Bemowo ul. Antoniego Kocjana 3;223;213;213;90;123;95.52;42.25;221;219;219;33;186;99.10;15.07
90768;146502;1144;Dom Pomocy Społecznej „Kombatant” 01-350 Bemowo ul. Sternicza 125;180;74;74;12;62;41.11;16.22;169;79;79;0;79;46.75;0.00
76739;146503;851;Szkoła Podstawowa Nr 118 03-197 Białołęka Leszczynowa 5;2005;754;754;18;736;37.61;2.39;2116;1506;1509;14;1492;71.17;0.93
76740;146503;852;Gimnazjum Nr 122 03-188 Białołęka ul. Van Gogha 1;966;314;314;3;311;32.51;0.96;961;648;648;6;642;67.43;0.93
76741;146503;853;Szkoła Podstawowa Nr 314 03-188 Białołęka Porajów 3;1398;391;391;6;385;27.97;1.53;1443;900;900;11;889;62.37;1.22
76742;146503;854;Gimnazjum Nr 122 03-188 Białołęka ul. Van Gogha 1;1995;743;743;11;732;37.24;1.48;2034;1486;1486;2;1484;73.06;0.13
76743;146503;855;Gimnazjum Nr 122 03-188 Białołęka ul. Van Gogha 1;1031;371;371;4;367;35.98;1.08;1023;733;733;5;728;71.65;0.68
76744;146503;856;Szkoła Podstawowa Nr 314 03-188 Białołęka ul. Porajów 3;963;306;306;3;303;31.78;0.98;951;654;654;3;651;68.77;0.46
76745;146503;857;Szkoła Podstawowa Nr 314 03-188 Białołęka ul. Porajów 3;1069;276;276;4;272;25.82;1.45;1030;633;633;2;631;61.46;0.32
76746;146503;858;Szkoła Podstawowa Nr 314 03-188 Białołęka Porajów 3;1121;329;330;6;323;29.35;1.82;1075;747;747;7;740;69.49;0.94
76747;146503;859;Szkoła Podstawowa nr 31 03-044 Białołęka ul. Kobiałka 49;1442;454;454;8;446;31.48;1.76;1863;1245;1245;4;1241;66.83;0.32
76748;146503;860;Szkoła Podstawowa nr 231 03-257 Białołęka ul. Juranda ze Spychowa 10;1918;761;761;15;746;39.68;1.97;2120;1607;1608;16;1591;75.80;1.00
76749;146503;861;Szkoła Podstawowa nr 112 03-289 Białołęka ul. Zaułek 34;1233;355;355;3;352;28.79;0.85;1357;941;941;11;930;69.34;1.17
76750;146503;862;Szkoła Podstawowa Nr 118 03-197 Białołęka ul. Leszczynowa 5;1920;440;440;4;436;22.92;0.91;2072;1231;1231;17;1214;59.41;1.38
76751;146503;863;Szkoła Podstawowa Nr 112 03-289 Białołęka ul. Zaułek 34;1902;543;543;6;537;28.55;1.10;1226;852;852;9;843;69.49;1.06
76752;146503;864;Szkoła Podstawowa Nr 314 03-188 Białołęka ul. Porajów 3;1428;429;429;11;418;30.04;2.56;1351;907;907;10;897;67.14;1.10
76753;146503;865;Szkoła Podstawowa Nr 344 03-185 Białołęka Erazma z Zakroczymia 15;1242;389;389;8;381;31.32;2.06;1311;890;890;1;889;67.89;0.11
76754;146503;866;Przedszkole nr 65 03-187 Białołęka Pancera 3;993;395;395;4;391;39.78;1.01;942;669;669;5;664;71.02;0.75
76755;146503;867;Przedszkole nr 65 03-187 Białołęka ul. Pancera 3;1204;434;434;6;428;36.05;1.38;1200;856;856;1;855;71.33;0.12
76756;146503;868;Szkoła Podstawowa Nr 344 03-185 Białołęka Erazma z Zakroczymia 15;1614;524;524;12;512;32.47;2.29;1608;1127;1127;14;1113;70.09;1.24
76757;146503;869;Szkoła Podstawowa Nr 344 03-185 Białołęka Erazma z Zakroczymia 15;1942;584;584;5;579;30.07;0.86;1507;1022;1022;9;1013;67.82;0.88
76758;146503;870;Szkoła Podstawowa Nr 344 03-185 Białołęka Erazma z Zakroczymia 15;1234;443;443;3;440;35.90;0.68;1966;1512;1512;7;1505;76.91;0.46
76759;146503;871;Szkoła Podstawowa nr 257 03-111 Białołęka ul. Podróżnicza 11;2040;838;838;20;818;41.08;2.39;2285;1667;1667;8;1659;72.95;0.48
76760;146503;872;Gimnazjum nr 124 03-083 Białołęka ul. Przytulna 3;1421;797;797;12;785;56.09;1.51;1452;1168;1168;5;1163;80.44;0.43
76761;146503;873;Szkoła Podstawowa nr 110 03-007 Białołęka ul. Bohaterów 41;1234;403;403;3;400;32.66;0.74;1266;830;830;6;824;65.56;0.72
76762;146503;874;Szkoła Podstawowa nr 110 03-007 Białołęka ul. Bohaterów 41;1250;517;517;8;509;41.36;1.55;1321;1011;1011;7;1004;76.53;0.69
76763;146503;875;Przychodnia 03-042 Białołęka ul. Marywilska 44;1246;378;378;8;370;30.34;2.12;595;408;408;3;405;68.57;0.74
76764;146503;876;Szkoła Podstawowa nr 342 03-138 Białołęka Strumykowa 21A;1520;551;551;8;543;36.25;1.45;1516;1060;1060;11;1049;69.92;1.04
76765;146503;877;Szkoła Podstawowa nr 342 03-138 Białołęka ul. Strumykowa 21A;1995;675;675;6;669;33.83;0.89;1934;1351;1351;9;1342;69.86;0.67
76766;146503;878;Szkoła Podstawowa nr 342 03-138 Białołęka ul. Strumykowa 21A;1951;654;654;11;643;33.52;1.68;1929;1349;1349;15;1334;69.93;1.11
76767;146503;879;Gimnazjum nr 123 03-138 Białołęka ul. Strumykowa 21;1613;563;563;6;557;34.90;1.07;1741;1240;1240;9;1231;71.22;0.73
76768;146503;880;Gimnazjum nr 123 03-138 Białołęka Strumykowa 21;1658;673;673;12;661;40.59;1.78;1888;1436;1436;8;1428;76.06;0.56
76769;146503;881;Szkoła Podstawowa nr 154 03-142 Białołęka Leśnej Polanki 63/65;1769;517;517;5;512;29.23;0.97;1879;1241;1248;11;1230;66.05;0.89
76770;146503;882;Zakład Opiekuńczo-Leczniczy 03-131 Białołęka ul. Mehoffera 72/74;1273;547;548;2;545;42.97;0.37;1304;972;972;1;971;74.54;0.10
76771;146503;883;Szkoła Podstawowa nr 154 03-142 Białołęka Leśnej Polanki 63/65;1643;470;470;3;467;28.61;0.64;1691;1117;1117;8;1109;66.06;0.72
76772;146503;884;Gimnazjum nr 123 03-138 Białołęka ul. Strumykowa 21;1218;412;412;3;409;33.83;0.73;1355;951;951;5;946;70.18;0.53
76773;146503;885;Szkoła Podstawowa nr 154 03-142 Białołęka ul. Leśnej Polanki 63/65;1697;465;465;10;455;27.40;2.15;1795;1160;1161;13;1147;64.62;1.12
76774;146503;886;Szkoła Podstawowa Nr 257 03-111 Białołęka ul. Podróżnicza 11;933;319;319;6;313;34.19;1.88;952;640;640;3;637;67.23;0.47
76775;146503;887;Szkoła Podstawowa nr 231 03-257 Białołęka ul. Juranda ze Spychowa 10;2012;760;760;13;747;37.77;1.71;2064;1493;1496;1;1492;72.34;0.07
76776;146503;888;Szkoła Podstawowa nr 112 03-289 Białołęka Zaułek 34;1575;452;452;6;446;28.70;1.33;1763;1272;1272;10;1262;72.15;0.79
76777;146503;889;Gimnazjum nr 164 03-287 Białołęka Ostródzka 175;1973;640;640;11;629;32.44;1.72;1603;1148;1148;9;1139;71.62;0.78
76778;146503;890;Gimnazjum Nr 123 03-138 Białołęka ul.Strumykowa 21;1290;468;468;1;467;36.28;0.21;1375;974;974;4;970;70.84;0.41
76779;146503;891;Szkoła Podstawowa nr 154 03-142 Białołęka ul.Leśnej Polanki 63/65;1359;413;413;6;407;30.39;1.45;1416;951;951;8;943;67.16;0.84
76780;146503;892;Szkoła Podstawowa Nr 344 03-185 Białołęka ul. Erazma z Zakroczymia 15;1679;656;656;17;639;39.07;2.59;1700;1261;1261;10;1251;74.18;0.79
76781;146503;893;Szkoła Podstawowa Nr 154 03-142 Białołęka ul. Leśnej Polanki 63/65;1361;540;540;6;534;39.68;1.11;1703;1242;1242;8;1234;72.93;0.64
76782;146503;894;Gimnazjum nr 164 03-287 Białołęka Ostródzka 175;1532;461;461;10;451;30.09;2.17;1671;1111;1111;8;1103;66.49;0.72
76783;146503;895;Szkoła Podstawowa Nr 31 03-044 Białołęka Kobiałka 49;1518;524;524;7;517;34.52;1.34;1762;1270;1270;20;1250;72.08;1.57
76784;146503;896;Gimnazjum nr 164 03-287 Białołęka Ostródzka 175;1076;357;357;1;356;33.18;0.28;1105;805;805;3;802;72.85;0.37
90769;146503;897;Gimnazjum nr 123 03-140 Białołęka Strumykowa 21;1251;457;457;6;451;36.53;1.31;1319;940;940;6;934;71.27;0.64
90770;146503;898;Zakład Opiekuńczo-Leczniczy 03-131 Białołęka J. Mehoffera 72/74;1069;408;408;4;404;38.17;0.98;1109;804;806;3;801;72.50;0.37
90771;146503;899;Szkoła Podstawowa nr 112 03-289 Białołęka Zaułek 34;1569;442;442;10;432;28.17;2.26;1766;1129;1129;10;1119;63.93;0.89
90773;146503;1148;Areszt Śledczy Warszawa Białołęka 03-016 Białołęka Ciupagi 1;1204;392;392;31;361;32.56;7.91;407;186;186;40;146;45.70;21.51
90774;146503;1149;Zakład Opiekuńczo-Leczniczy im. Sue Ryder 03-131 Białołęka J. Mehoffera 72/74;55;19;19;0;19;34.55;0.00;1049;575;575;53;522;54.81;9.22
90775;146503;1150;Dom Pomocy Społecznej „ Pod Brzozami „ 03-007 Białołęka Bohaterów 46/48;62;43;43;8;35;69.35;18.60;427;86;86;3;83;20.14;3.49
76785;146504;771;Zespół Szkół nr 55 01-651 Warszawa ul. Gwiaździsta 35;1759;872;872;21;851;49.57;2.41;1751;1357;1357;10;1347;77.50;0.74
76786;146504;772;Przedszkole nr 346 01-684 Warszawa ul.Klaudyny 8;1725;880;880;9;871;51.01;1.02;1705;1296;1296;7;1289;76.01;0.54
76787;146504;773;Zespół Szkół nr 118 01-682 Warszawa ul. Kiwerska 3;1874;991;991;8;983;52.88;0.81;1857;1432;1432;10;1422;77.11;0.70
76788;146504;774;Szkoła Podstawowa nr 53 01-689 Warszawa ul.Rudzka 6;1523;706;706;6;700;46.36;0.85;1523;1134;1134;8;1126;74.46;0.71
76789;146504;775;Zespół Szkół Sióstr Imienia Jezus 01-692 Warszawa ul. Smoleńskiego 31;1147;572;572;14;558;49.87;2.45;1143;843;843;8;835;73.75;0.95
76790;146504;776;Przedszkole nr 240 01-813 Warszawa ul. Marymoncka 34;1008;490;490;6;484;48.61;1.22;1027;757;757;2;755;73.71;0.26
76791;146504;777;Przedszkole Specjalne nr 245 01-870 Warszawa ul. K. Pruszyńskiego 1;952;314;314;10;304;32.98;3.18;939;609;609;4;605;64.86;0.66
76792;146504;778;Przedszkole nr 181 01-870 Warszawa ul. K. Pruszyńskiego 5;1271;461;461;5;456;36.27;1.08;1142;743;743;11;732;65.06;1.48
76793;146504;779;Zespół Szkół nr 119 01-806 Warszawa ul. B. Zuga 16;1750;704;704;23;681;40.23;3.27;1716;1154;1154;14;1140;67.25;1.21
76794;146504;780;Przedszkole nr 97 01-810 Warszawa ul.Twardowska 23;1435;510;510;7;503;35.54;1.37;1444;977;977;27;950;67.66;2.76
76795;146504;781;Szkoła Podstawowa nr 133 01-835 Warszawa ul. A. Fontany 3;1494;659;659;13;646;44.11;1.97;1476;1066;1068;14;1052;72.22;1.31
76796;146504;782;Szkoła Podstawowa nr 133 01-835 Warszawa ul. A. Fontany 3;1423;518;518;8;510;36.40;1.54;1396;929;929;10;919;66.55;1.08
76797;146504;783;Ośrodek Pomocy Społecznej 01-824 Warszawa ul. S. Przybyszewskiego 80/82;1570;591;591;11;580;37.64;1.86;1573;1017;1017;18;999;64.65;1.77
76798;146504;784;Zespół Szkół nr 110 01-963 Warszawa ul. Wrzeciono 24;1832;525;525;11;514;28.66;2.10;1773;1004;1004;21;983;56.63;2.09
76799;146504;785;Zespół Szkół Nr 51 01-891 Warszawa ul. L. Staffa 3/5;1319;624;624;6;618;47.31;0.96;1334;970;970;13;957;72.71;1.34
76800;146504;786;Zespół Szkół Nr 51 01-891 Warszawa ul. L. Staffa 3/5;1513;706;706;4;702;46.66;0.57;1520;1100;1100;11;1089;72.37;1.00
76801;146504;787;Przedszkole nr 301 01-891 Warszawa ul. L. Staffa 7B;1314;499;499;11;488;37.98;2.20;1345;892;892;5;887;66.32;0.56
76802;146504;788;Szkoła Podstawowa nr 187 01-891 Warszawa ul. L. Staffa 21;1084;423;423;5;418;39.02;1.18;1077;716;716;7;709;66.48;0.98
76803;146504;789;Zespół Szkół nr 10 01-883 Warszawa ul. W. Perzyńskiego 10;1329;462;462;2;460;34.76;0.43;1296;824;824;9;815;63.58;1.09
76804;146504;790;Zespół Szkół nr 10 01-883 Warszawa ul. W. Perzyńskiego 10;1221;383;383;11;372;31.37;2.87;1172;723;723;9;714;61.69;1.24
76805;146504;791;XXII Liceum Ogólnokształcące 01-884 Warszawa ul. L. Staffa 111;1666;638;638;8;630;38.30;1.25;1669;1092;1092;13;1079;65.43;1.19
76806;146504;792;Zespół Szkół Nr 56 01-835 Warszawa ul. Fontany 1;1542;488;490;11;477;31.65;2.25;1520;912;912;15;897;60.00;1.64
76807;146504;793;Przedszkole nr 307 01-833 Warszawa ul. Księgarzy 9;1731;732;732;11;721;42.29;1.50;1700;1194;1194;17;1177;70.24;1.42
76808;146504;794;Gimnazjum nr 72 01-849 Warszawa ul. S. Przybyszewskiego 45;1423;615;615;4;611;43.22;0.65;1439;1052;1052;6;1046;73.11;0.57
76809;146504;795;Przedszkole nr 318 01-864 Warszawa ul. J. Kochanowskiego 9A;1233;473;473;3;470;38.36;0.63;1235;833;833;12;821;67.45;1.44
76810;146504;796;Szkoła Podstawowa nr 293 01-864 Warszawa ul. J. Kochanowskiego 8;2177;830;830;17;813;38.13;2.05;2155;1515;1515;24;1491;70.30;1.58
76811;146504;797;Przedszkole nr 105 01-864 Warszawa ul. J. Kochanowskiego 10;1870;686;686;15;671;36.68;2.19;1881;1301;1301;15;1286;69.17;1.15
76812;146504;798;Szkoła Podstawowa nr 293 01-864 Warszawa ul. J. Kochanowskiego 8;2243;933;933;16;917;41.60;1.71;2216;1577;1577;10;1567;71.16;0.63
76813;146504;799;Przedszkole nr 271 01-876 Warszawa ul. W. Broniewskiego 93;1335;473;473;14;459;35.43;2.96;1321;858;858;14;844;64.95;1.63
76814;146504;800;Szkoła Podstawowa nr 289 01-876 Warszawa ul. W. Broniewskiego 99A;1596;610;610;17;593;38.22;2.79;1577;1009;1009;14;995;63.98;1.39
76815;146504;801;Przedszkole nr 308 01-842 Warszawa al. W. Reymonta 8A;1279;536;536;7;529;41.91;1.31;1292;925;925;4;921;71.59;0.43
76816;146504;802;I ŻSM 01-864 Warszawa J. Kochanowskiego 33A;1734;812;812;17;795;46.83;2.09;1843;1451;1451;15;1436;78.73;1.03
76817;146504;803;S.B.M. „WARDOM” 01-864 Warszawa ul. J. Kochanowskiego 49;1461;659;659;13;646;45.11;1.97;1480;1160;1160;14;1146;78.38;1.21
76818;146504;804;Szkoła Podstawowa Nr 80 01-904 Warszawa ul.Aspekt 48;1882;732;732;10;722;38.89;1.37;1830;1305;1305;7;1298;71.31;0.54
76819;146504;805;Szkoła Podstawowa nr 80 01-904 Warszawa ul. Aspekt 48;2101;849;849;14;835;40.41;1.65;2054;1499;1499;8;1491;72.98;0.53
76820;146504;806;Zespół Szkoł nr 124 01-922 Warszawa ul. J. Conrada 6;1236;441;441;9;432;35.68;2.04;1174;778;778;13;765;66.27;1.67
76821;146504;807;Klub WSBM „Chomiczówka” 01-926 Warszawa ul. P. Nerudy 1;2343;857;857;12;845;36.58;1.40;2367;1663;1663;10;1653;70.26;0.60
76822;146504;808;Przedszkole nr 327 01-922 Warszawa ul. J. Conrada 10A;1320;569;569;11;558;43.11;1.93;1294;922;922;10;912;71.25;1.08
76823;146504;809;Zespół Szkół nr 124 01-922 Warszawa ul. J. Conrada 6;1514;567;567;10;557;37.45;1.76;1535;1056;1056;11;1045;68.79;1.04
76824;146504;810;Przedszkole Niepubliczne 01-929 Warszawa ul.Brązownicza 17;1317;522;522;4;518;39.64;0.77;1300;940;940;6;934;72.31;0.64
76825;146504;811;Przedszkole Niepubliczne 01-929 Warszawa ul.Brązownicza 17;1207;535;535;14;521;44.32;2.62;1258;948;948;18;930;75.36;1.90
76826;146504;812;Zespół Szkół Nr 52 01-957 Warszawa ul.Szegedyńska 11;1975;566;566;18;548;28.66;3.18;1924;1120;1120;10;1110;58.21;0.89
76827;146504;813;Zespół Szkół Nr 52 01-957 Warszawa ul. Szegedyńska 11;1902;596;596;4;592;31.34;0.67;1873;1165;1165;27;1138;62.20;2.32
76828;146504;814;Zespół Szkół Sportowych nr 50 01-952 Warszawa ul. S.B. Lindego 20;1696;612;612;14;598;36.08;2.29;1700;1149;1149;12;1137;67.59;1.04
76829;146504;815;Zespół Szkół Sportowych nr 50 01-952 Warszawa ul. S.B. Lindego 20;1505;522;522;5;517;34.68;0.96;1473;928;928;19;909;63.00;2.05
76830;146504;816;Przedszkole nr 268 01-962 Warszawa ul. Przytyk 5A;1982;516;516;13;503;26.03;2.52;1981;1081;1082;23;1058;54.57;2.13
76831;146504;817;Szkoła Podstawowa nr 247 01-951 Warszawa ul. Wrzeciono 9;1852;467;467;18;449;25.22;3.85;1835;1057;1057;20;1037;57.60;1.89
76832;146504;818;Przedszkole nr 272 01-944 Warszawa ul. T. Gajcego 9;1723;473;473;6;467;27.45;1.27;1650;972;972;26;946;58.91;2.67
76833;146504;819;Zespół Szkół nr 110 01-963 Warszawa ul. Wrzeciono 24;1673;483;483;3;480;28.87;0.62;1713;1005;1005;10;995;58.67;1.00
76834;146504;820;Zespół Szkół nr 110 01-963 Warszawa ul. Wrzeciono 24;1680;386;386;19;367;22.98;4.92;1669;877;877;27;850;52.55;3.08
76835;146504;821;Szkoła Podstawowa Nr 273 01-944 Warszawa ul.J. Balcerzaka 1;1558;441;441;10;431;28.31;2.27;1537;905;905;6;899;58.88;0.66
76836;146504;822;Szkoła Podstawowa Nr 77 01-980 Warszawa ul.Samogłoska 9;1221;515;515;16;499;42.18;3.11;1301;908;908;11;897;69.79;1.21
76837;146504;823;Szkoła Podstawowa nr 77 01-980 Warszawa ul. Samogłoska 9;1610;677;677;13;664;42.05;1.92;1717;1340;1340;5;1335;78.04;0.37
76838;146504;824;Przedszkole nr 49 01-848 Warszawa ul. Skalbmierska 12;1591;542;542;13;529;34.07;2.40;1558;1013;1014;12;1001;65.02;1.18
76839;146504;825;Szkoła Podstawowa nr 209 01-840 Warszawa al. W. Reymonta 25;1661;662;662;8;654;39.86;1.21;1760;1232;1232;5;1227;70.00;0.41
76840;146504;826;MDK 01-911 Warszawa ul. H. Ch.Andersena 4;2248;986;986;15;971;43.86;1.52;2243;1705;1705;14;1691;76.01;0.82
76841;146504;827;Przedszkole nr 341 01-915 Warszawa ul. Wergiliusza 15;1831;754;754;14;740;41.18;1.86;1850;1332;1332;20;1312;72.00;1.50
76842;146504;828;Szkoła Podstawowa nr 209 01-840 Warszawa al. W. Reymonta 25;1453;589;589;6;583;40.54;1.02;1419;1022;1022;5;1017;72.02;0.49
76843;146504;829;Przedszkole nr 409 01-910 Warszawa ul. L. Tołstoja 2;2171;826;826;18;808;38.05;2.18;2420;1691;1691;11;1680;69.88;0.65
76844;146504;830;Zespół Szkół nr 49 01-910 Warszawa ul.Tołstoja 2;2345;890;890;15;875;37.95;1.69;2418;1762;1762;11;1751;72.87;0.62
76845;146504;831;Przedszkole nr 340 01-923 Warszawa ul. Bogusławskiego 8A;1996;752;752;10;742;37.68;1.33;1944;1341;1341;18;1323;68.98;1.34
76846;146504;832;Przedszkole nr 340 01-923 Warszawa ul.Bogusławskiego 8A;2086;882;882;10;872;42.28;1.13;2170;1599;1603;9;1590;73.69;0.56
76847;146504;833;Klub WSBM „Chomiczówka” 01-923 Warszawa ul. W. Bogusławskiego 6A;2250;824;824;18;806;36.62;2.18;2229;1535;1535;11;1524;68.86;0.72
76848;146504;834;Szkoła Podstawowa nr 273 - Szkoła Filialna 01-934 Warszawa ul. Arkuszowa 202;2274;743;743;5;738;32.67;0.67;2285;1546;1546;21;1525;67.66;1.36
90777;146504;1146;Stołeczne Centrum Opiekuńczo-Lecznicze Sp. z o.o. 01-958 Warszawa Szubińska 4;82;15;15;2;13;18.29;13.33;445;148;148;3;145;33.26;2.03
76849;146505;81;Szkoła Podstawowa 70 z Oddziałami Integracyjnymi 02-594 Mokotów ul. J. Bruna 11;1996;1055;1055;12;1043;52.86;1.14;2128;1652;1652;10;1642;77.63;0.61
76850;146505;82;Szkoła Podstawowa 70 z Oddziałami Integracyjnymi 02-594 Mokotów ul. J. Bruna 11;1957;1020;1020;3;1017;52.12;0.29;2100;1644;1651;4;1640;78.29;0.24
76851;146505;83;Instytut Hematologii i Transfuzjologii 00-791 Mokotów ul. Chocimska 5;1983;803;806;16;787;40.49;1.99;1952;1299;1300;12;1287;66.55;0.92
76852;146505;84;Szkoła Podstawowa 98 z Oddziałami Integracyjnymi 00-785 Mokotów ul. A. Grottgera 22;1845;790;790;14;776;42.82;1.77;1827;1210;1210;6;1204;66.23;0.50
76853;146505;85;Szkoła Podstawowa Nr 157 02-589 Mokotów ul. Kazimierzowska 16;1282;527;527;11;516;41.11;2.09;1263;879;879;5;874;69.60;0.57
76854;146505;86;Szkoła Podstawowa Nr 157 02-589 Mokotów ul. Kazimierzowska 16;1433;512;512;11;501;35.73;2.15;1411;906;906;6;900;64.21;0.66
76855;146505;87;Zespół Szkół Odzieżowych, Fryzjerskich i Kosmetycznych Nr 22 02-543 Mokotów ul. Kazimierzowska 60;1315;501;501;6;495;38.10;1.20;1319;878;878;8;870;66.57;0.91
76856;146505;88;Centrum „Łowicka” Dom Kultury w Dzielnicy Mokotów 02-502 Mokotów ul. Łowicka 21;1077;501;501;4;497;46.52;0.80;1095;772;773;7;765;70.50;0.91
76857;146505;89;Centrum „Łowicka” Dom Kultury w Dzielnicy Mokotów 02-502 Mokotów ul. Łowicka 21;1436;680;680;14;666;47.35;2.06;1489;1097;1097;9;1088;73.67;0.82
76858;146505;90;XLII Liceum Ogólnokształcące 02-513 Mokotów ul. A. J. Madalińskiego 22;1942;784;784;19;765;40.37;2.42;1949;1331;1331;11;1320;68.29;0.83
76859;146505;91;XLII Liceum Ogólnokształcące 02-513 Mokotów ul. A. J. Madalińskiego 22;1807;818;818;9;809;45.27;1.10;1751;1256;1256;7;1249;71.73;0.56
76860;146505;92;Szkoła Podstawowa Nr 85 02-541 Mokotów ul. L. Narbutta 14;1518;613;613;0;613;40.38;0.00;1522;1018;1018;6;1012;66.89;0.59
76861;146505;93;Szkoła Podstawowa Nr 85 02-541 Mokotów ul. L. Narbutta 14;1417;525;525;11;514;37.05;2.10;1393;875;875;0;875;62.81;0.00
76862;146505;94;Gimnazjum Nr 2 02-524 Mokotów ul. L. Narbutta 65/71;2029;828;830;13;815;40.81;1.57;1629;1082;1082;11;1071;66.42;1.02
76863;146505;95;Gimnazjum Nr 2 02-524 Mokotów ul. L. Narbutta 65/71;1180;502;502;8;494;42.54;1.59;1613;1123;1124;7;1116;69.62;0.62
76864;146505;96;Przedszkole Specjalne Nr 393 02-595 Mokotów ul. Puławska 97;760;281;281;8;273;36.97;2.85;780;543;543;5;538;69.62;0.92
76865;146505;97;Państwowy Instytut Geologiczny-Państwowy Instytut Badawczy 02-519 Mokotów ul. Rakowiecka 4;1182;521;521;5;516;44.08;0.96;1196;820;820;3;817;68.56;0.37
76866;146505;98;Zespół Szkół Specjalnych nr 99 02-569 Mokotów ul. Różana 22/24;1624;586;586;9;577;36.08;1.54;1611;1056;1056;11;1045;65.55;1.04
76867;146505;99;Zespół Szkół Specjalnych nr 99 02-569 Mokotów ul. Różana 22/24;1114;372;372;5;367;33.39;1.34;1115;680;680;4;676;60.99;0.59
76868;146505;100;Zespół Szkół nr 61 02-587 Mokotów ul. Wiktorska 30/32;1835;707;707;17;690;38.53;2.40;1775;1156;1156;6;1150;65.13;0.52
76869;146505;101;Szkoła Podstawowa Nr 69 02-575 Mokotów ul. Wiktorska 73;1274;571;571;16;555;44.82;2.80;1278;909;912;16;893;71.13;1.76
76870;146505;102;XXVIII Liceum Ogólnokształcące 02-582 Mokotów ul. Wiktorska 99;1896;723;723;11;712;38.13;1.52;1828;1196;1196;7;1189;65.43;0.59
76871;146505;103;Szkoła Główna Handlowa 02-520 Mokotów ul. Wiśniowa 41;1252;496;496;2;494;39.62;0.40;1211;822;822;7;815;67.88;0.85
76872;146505;104;Przedszkole Nr 330 02-653 Mokotów Al. Niepodległości 17;1334;599;599;6;593;44.90;1.00;1324;977;977;2;975;73.79;0.20
76873;146505;105;Przedszkole Nr 330 02-653 Mokotów Al. Niepodległości 17;1490;682;688;18;664;45.77;2.64;1446;1119;1119;13;1106;77.39;1.16
76874;146505;106;Gimnazjum Nr 5 02-653 Mokotów Al. Niepodległości 27;1980;768;768;16;752;38.79;2.08;2020;1328;1328;8;1320;65.74;0.60
76875;146505;107;Gimnazjum Nr 5 02-653 Mokotów Al. Niepodległości 27;2010;835;835;23;812;41.54;2.75;2088;1480;1480;8;1472;70.88;0.54
76876;146505;108;Zespół Szkół Nr 39 02-638 Mokotów ul. Bełska 1/3;1485;781;781;9;772;52.59;1.15;1518;1143;1143;8;1135;75.30;0.70
76877;146505;109;Przedszkole Nr 199 02-650 Mokotów ul. Bukietowa 10;1849;675;675;17;658;36.51;2.52;1807;1170;1171;17;1153;64.75;1.45
76878;146505;110;Szkoła Podstawowa Nr 202 02-645 Mokotów ul. J. Bytnara „Rudego” 19;1916;682;682;9;673;35.59;1.32;1914;1225;1225;15;1210;64.00;1.22
76879;146505;111;Szkoła Podstawowa Nr 146 02-672 Mokotów ul. Domaniewska 33;1595;636;636;8;628;39.87;1.26;1589;1120;1120;5;1115;70.48;0.45
76880;146505;112;Szkoła Podstawowa Nr 146 02-672 Mokotów ul. Domaniewska 33;1892;756;756;14;742;39.96;1.85;1888;1375;1375;13;1362;72.83;0.95
76881;146505;113;XLIII Liceum Ogólnokształcące 02-645 Mokotów ul. M. Gandhiego 13;1790;631;631;9;622;35.25;1.43;1770;1148;1148;11;1137;64.86;0.96
76882;146505;114;Przedszkole Nr 145 02-610 Mokotów ul. S. Goszczyńskiego 17A;1135;469;469;2;467;41.32;0.43;1078;725;725;8;717;67.25;1.10
76883;146505;115;Zespół Szkół Nr 3 02-646 Mokotów ul. F. Joliot-Curie 13;1885;668;668;13;655;35.44;1.95;1910;1283;1284;18;1265;67.17;1.40
76884;146505;116;XLIX Liceum Ogólnokształcące 02-646 Mokotów ul. F. Joliot-Curie 14;1813;691;691;7;684;38.11;1.01;1788;1160;1160;8;1152;64.88;0.69
76885;146505;117;Przedszkole Nr 189 02-614 Mokotów ul. T. Lenartowicza 27;1383;595;595;13;582;43.02;2.18;1374;899;900;14;885;65.43;1.56
76886;146505;118;Szkoła Podstawowa Nr 119 02-649 Mokotów ul. Pułku AK „Baszta” 3;1883;711;711;14;697;37.76;1.97;1864;1173;1173;17;1156;62.93;1.45
76887;146505;119;Szkoła Podstawowa Nr 205 02-637 Mokotów ul. Spartańska 4;2035;998;998;8;990;49.04;0.80;2133;1558;1560;8;1550;73.04;0.51
76888;146505;120;Szkoła Podstawowa Nr 205 02-637 Mokotów ul. Spartańska 4;1941;872;872;5;867;44.93;0.57;1997;1429;1429;3;1426;71.56;0.21
76889;146505;121;Gimnazjum Nr 1 z Oddziałami Dwujęzycznymi 02-615 Mokotów ul. Tyniecka 25;1393;569;569;2;567;40.85;0.35;1362;907;907;9;898;66.59;0.99
76890;146505;122;Szkoła Podstawowa Nr 191 02-682 Mokotów ul. Bokserska 30;1504;583;583;10;573;38.76;1.72;1514;1066;1067;7;1059;70.41;0.66
76891;146505;123;Szkoła Podstawowa Nr 191 02-682 Mokotów ul. Bokserska 30;2024;711;711;19;692;35.13;2.67;2076;1427;1427;13;1414;68.74;0.91
76892;146505;124;Przedszkole Nr 305 02-685 Mokotów ul. S. Bryły 8;2114;638;638;17;621;30.18;2.66;2054;1258;1258;13;1245;61.25;1.03
76893;146505;125;Gimnazjum Nr 6 02-693 Mokotów ul. P. Gruszczyńskiego 12;1171;482;482;1;481;41.16;0.21;1412;1105;1105;8;1097;78.26;0.72
76894;146505;126;ZGN Mokotów 02-660 Mokotów ul. Irysowa 19;1615;637;637;15;622;39.44;2.35;1563;1076;1076;13;1063;68.84;1.21
76895;146505;127;Szkoła Podstawowa Nr 271 02-698 Mokotów ul. Niegocińska 2;1800;654;654;8;646;36.33;1.22;1801;1166;1166;21;1145;64.74;1.80
76896;146505;128;Szkoła Podstawowa Nr 271 02-698 Mokotów ul. Niegocińska 2;1832;570;570;9;561;31.11;1.58;1838;1183;1183;19;1164;64.36;1.61
76897;146505;129;Przedszkole Nr 244 02-698 Mokotów ul. Niegocińska 9;1879;587;587;20;567;31.24;3.41;1799;1147;1147;13;1134;63.76;1.13
76898;146505;130;Gimnazjum Nr 11 02-732 Mokotów ul. Podbipięty 2;1450;664;666;12;652;45.79;1.81;1434;1099;1099;9;1090;76.64;0.82
76899;146505;131;Gimnazjum Nr 11 02-732 Mokotów ul. Podbipięty 2;1598;705;705;3;702;44.12;0.43;1509;1137;1138;3;1134;75.35;0.26
76900;146505;132;Służewski Dom Kultury 02-740 Mokotów ul. Puławska 255;1935;908;910;14;894;46.93;1.54;1959;1436;1436;8;1428;73.30;0.56
76901;146505;133;Zespół Szkół nr 27 02-697 Mokotów ul. W. Rzymowskiego 38;2030;605;605;15;590;29.80;2.48;2193;1379;1379;27;1352;62.88;1.96
76902;146505;134;Zespół Szkół nr 27 02-697 Mokotów ul. W. Rzymowskiego 38;2009;613;613;16;597;30.51;2.61;1970;1168;1171;26;1142;59.29;2.23
76903;146505;135;DOM „Służewiec” 02-679 Mokotów ul. M. Smoluchowskiego 2;1999;622;622;21;601;31.12;3.38;1991;1208;1209;16;1192;60.67;1.32
76904;146505;136;Przedszkole Nr 67 02-744 Mokotów ul. Sonaty 6A;1336;570;570;7;563;42.66;1.23;1305;927;927;10;917;71.03;1.08
76905;146505;137;Przedszkole Nr 67 02-744 Mokotów ul. Sonaty 6A;1349;636;636;9;627;47.15;1.42;1328;972;972;12;960;73.19;1.23
76906;146505;138;Szkoła Podstawowa Nr 46 02-739 Mokotów ul. Wałbrzyska 5;1618;732;732;20;712;45.24;2.73;1575;1168;1172;11;1157;74.16;0.94
76907;146505;139;Szkoła Podstawowa Nr 46 02-739 Mokotów ul. Wałbrzyska 5;1069;488;488;4;484;45.65;0.82;1095;805;806;5;800;73.52;0.62
76908;146505;140;Szkoła Podstawowa Nr 107 02-787 Mokotów ul. Nowoursynowska 210/212;1433;642;642;6;636;44.80;0.93;1468;1056;1056;6;1050;71.93;0.57
76909;146505;141;Szkoła Podstawowa Nr 107 02-787 Mokotów ul. Nowoursynowska 210/212;1465;596;596;6;590;40.68;1.01;1473;1081;1081;6;1075;73.39;0.56
76910;146505;142;Przedszkole Nr 326 02-904 Mokotów ul. Bernardyńska 14;1829;671;671;13;658;36.69;1.94;1786;1203;1203;13;1190;67.36;1.08
76911;146505;143;Przedszkole Nr 326 02-904 Mokotów ul. Bernardyńska 14;1942;742;742;13;729;38.21;1.75;2068;1442;1444;13;1429;69.73;0.90
76912;146505;144;Gimnazjum Nr 3 00-724 Mokotów ul. Chełmska 23;2095;836;836;15;821;39.90;1.79;2085;1423;1423;20;1403;68.25;1.41
76913;146505;145;Szkoła Podstawowa Nr 33 02-716 Mokotów ul. Cieszyńska 8;1809;838;838;12;826;46.32;1.43;1927;1455;1455;7;1448;75.51;0.48
76914;146505;146;Szkoła Podstawowa Nr 33 02-716 Mokotów ul. Cieszyńska 8;1839;767;767;12;755;41.71;1.56;1789;1252;1252;17;1235;69.98;1.36
76915;146505;147;Przedszkole Nr 391 00-714 Mokotów ul. Czerniakowska 20A;2237;937;937;21;916;41.89;2.24;2223;1559;1559;12;1547;70.13;0.77
76916;146505;148;XLIV Liceum Ogólnokształcące 00-774 Mokotów ul. Dolna 6;2161;887;887;13;874;41.05;1.47;2139;1426;1428;20;1406;66.67;1.40
76917;146505;149;Zespół Szkolno-Przedszkolny Nr 1 00-704 Mokotów ul. Gościniec 53;1187;496;496;24;472;41.79;4.84;1212;891;891;9;882;73.51;1.01
76918;146505;150;Zespół Szkolno-Przedszkolny Nr 1 00-704 Mokotów ul. Gościniec 53;1478;694;694;6;688;46.96;0.86;1927;1508;1509;6;1502;78.26;0.40
76919;146505;151;Szkoła Podstawowa Nr 103 02-911 Mokotów ul. Jeziorna 5/9;1369;700;700;8;692;51.13;1.14;1391;1057;1057;6;1051;75.99;0.57
76920;146505;152;Zespół Szkół Hotelarsko-Turystyczno-Gastronomicznych nr 1 00-734 Mokotów ul. Krasnołęcka 3;2195;762;762;21;741;34.72;2.76;2148;1355;1355;30;1325;63.08;2.21
76921;146505;153;Gimnazjum Nr 10 02-943 Mokotów ul. B. Limanowskiego 9;1174;470;470;5;465;40.03;1.06;1117;764;766;3;761;68.40;0.39
76922;146505;154;Gimnazjum Nr 10 02-943 Mokotów ul. B. Limanowskiego 9;993;356;356;9;347;35.85;2.53;984;657;657;10;647;66.77;1.52
76923;146505;155;Przedszkole Nr 196 00-743 Mokotów ul. L. Nabielaka 18A;1805;681;681;18;663;37.73;2.64;1784;1196;1196;2;1194;67.04;0.17
76924;146505;156;Zespół Szkół Sportowych Nr 58 00-765 Mokotów ul. Piaseczyńska 114/116;1354;456;456;12;444;33.68;2.63;1329;821;821;10;811;61.78;1.22
76925;146505;157;Zespół Szkół Sportowych Nr 58 00-765 Mokotów ul. Piaseczyńska 114/116;1183;545;545;8;537;46.07;1.47;1159;820;820;0;820;70.75;0.00
76926;146505;158;Przedszkole Nr 275 00-770 Mokotów ul. J. F. Piwarskiego 5;1125;437;437;11;426;38.84;2.52;1091;735;735;5;730;67.37;0.68
76927;146505;159;Przedszkole Nr 275 00-770 Mokotów ul. J. F. Piwarskiego 5;1085;341;341;8;333;31.43;2.35;1062;645;645;12;633;60.73;1.86
76928;146505;160;Gimnazjum Nr 7 z Oddziałami Integracyjnymi „ Przy Łazienkach Królewskich” 00-722 Mokotów ul. Podchorążych 49/61;1288;466;466;18;448;36.18;3.86;1246;770;770;8;762;61.80;1.04
76929;146505;161;Gimnazjum Nr 7 z Oddziałami Integracyjnymi „ Przy Łazienkach Królewskich” 00-722 Mokotów ul. Podchorążych 49/61;1366;529;533;4;525;38.73;0.76;1341;863;866;8;855;64.35;0.93
76930;146505;162;Gimnazjum Nr 7 z Oddziałami Integracyjnymi „ Przy Łazienkach Królewskich” 00-722 Mokotów ul. Podchorążych 49/61;1497;501;501;10;491;33.47;2.00;1450;887;898;11;876;61.17;1.24
76931;146505;163;Szkoła Podstawowa Nr 260 00-737 Mokotów ul. Zakrzewska 24;1868;706;706;14;692;37.79;1.98;1955;1271;1285;8;1263;65.01;0.63
76932;146505;164;MSM Energetyka 00-719 Mokotów ul. Zwierzyniecka 8B;1872;733;733;11;722;39.16;1.50;1846;1214;1214;4;1210;65.76;0.33
76933;146505;165;Szkoła Podstawowa Nr 190 00-719 Mokotów ul. Zwierzyniecka 10;1344;468;468;10;458;34.82;2.14;1307;917;919;8;909;70.16;0.87
76934;146505;166;Szkoła Podstawowa Nr 190 00-719 Mokotów ul. Zwierzyniecka 10;1235;479;480;4;475;38.79;0.84;1211;866;866;37;829;71.51;4.27
76935;146505;167;X Liceum Ogólnokształcące 02-625 Mokotów ul. J. P. Woronicza 8;2019;783;783;12;771;38.78;1.53;2089;1400;1400;8;1392;67.02;0.57
76936;146505;168;SM „ARBUZOWA” Klub Osiedlowy 02-747 Mokotów ul. Arbuzowa 16;1911;855;855;15;840;44.74;1.75;1739;1323;1323;11;1312;76.08;0.83
76937;146505;169;Szkoła Podstawowa Nr 307 02-762 Mokotów ul. Barcelońska 8;2046;873;873;9;864;42.67;1.03;1761;1286;1286;13;1273;73.03;1.01
76938;146505;170;Szkoła Podstawowa Nr 307 02-762 Mokotów ul. Barcelońska 8;1723;795;795;16;779;46.14;2.01;1515;1129;1131;7;1122;74.52;0.62
76939;146505;171;Szkoła Podstawowa Nr 307 02-762 Mokotów ul. Barcelońska 8;1340;582;582;7;575;43.43;1.20;1296;925;925;12;913;71.37;1.30
76940;146505;172;Zespół Szkół Integracyjnych Nr 62 02-914 Mokotów ul. Św. Bonifacego 10;1140;486;486;8;478;42.63;1.65;1150;860;860;10;850;74.78;1.16
76941;146505;173;Zespół Szkół Integracyjnych Nr 62 02-914 Mokotów ul. Św. Bonifacego 10;1397;520;520;4;516;37.22;0.77;1393;996;996;6;990;71.50;0.60
76942;146505;174;Szkoła Podstawowa Nr 212 02-758 Mokotów ul. Czarnomorska 3;1960;1001;1001;18;983;51.07;1.80;1986;1560;1560;5;1555;78.55;0.32
76943;146505;175;Szkoła Podstawowa Nr 212 02-758 Mokotów ul. Czarnomorska 3;1758;683;683;11;672;38.85;1.61;1733;1231;1231;15;1216;71.03;1.22
76944;146505;176;Przedszkole Nr 284 02-760 Mokotów ul. Jałtańska 8;1847;823;823;13;810;44.56;1.58;1875;1352;1352;13;1339;72.11;0.96
76945;146505;177;Przedszkole Nr 325 02-760 Mokotów ul. Kaspijska 5;1665;706;706;10;696;42.40;1.42;1654;1122;1122;8;1114;67.84;0.71
76946;146505;178;Szkoła Podstawowa Nr 115 02-933 Mokotów ul. Okrężna 80;2179;1131;1131;13;1118;51.90;1.15;2068;1594;1594;7;1587;77.08;0.44
76947;146505;179;Przedszkole Nr 300 02-764 Mokotów ul. Portofino 4;1906;860;860;10;850;45.12;1.16;1911;1372;1372;0;1372;71.79;0.00
76948;146505;180;Instytut Żywności i Żywienia 02-903 Mokotów ul. Powsińska 61/63;2052;819;819;7;812;39.91;0.85;2053;1428;1428;6;1422;69.56;0.42
76949;146505;181;Przedszkole Nr 299 02-943 Mokotów ul. Przy Bernardyńskiej Wodzie 13;1721;738;738;8;730;42.88;1.08;1698;1294;1310;6;1288;76.21;0.46
76950;146505;182;Przedszkole Nr 299 02-943 Mokotów ul. Przy Bernardyńskiej Wodzie 13;1611;782;782;10;772;48.54;1.28;1561;1223;1231;12;1211;78.35;0.98
76951;146505;183;Zespół Szkół Nr 59 02-930 Mokotów ul. Jana III Sobieskiego 68;1895;852;852;13;839;44.96;1.53;1866;1292;1292;11;1281;69.24;0.85
76952;146505;184;Zespół Szkół Nr 59 02-930 Mokotów ul. Jana III Sobieskiego 68;1952;739;739;19;720;37.86;2.57;1911;1254;1254;7;1247;65.62;0.56
76953;146505;185;Przedszkole Nr 311 02-930 Mokotów ul. Jana III Sobieskiego 72B;1805;800;800;12;788;44.32;1.50;1779;1310;1310;5;1305;73.64;0.38
90778;146505;186;Gimnazjum Nr 6 02-693 Mokotów ul. P. Gruszczyńskiego 12;1351;492;492;14;478;36.42;2.85;1359;895;895;6;889;65.86;0.67
90779;146505;1110;Centrum Alzheimera 02-730 Mokotów Al. Wilanowska 257;101;26;26;2;24;25.74;7.69;103;81;81;2;79;78.64;2.47
90780;146505;1111;Dom Lekarza Seniora 02-675 Mokotów ul. Wołoska 139;91;67;67;1;66;73.63;1.49;76;62;62;2;60;81.58;3.23
90781;146505;1112;Szpital Czerniakowski SPZOZ 00-739 Mokotów ul. Stępińska 19/25;72;41;41;2;39;56.94;4.88;388;139;139;13;126;35.82;9.35
90782;146505;1113;Instytut Psychiatrii i Neurologii 02-957 Mokotów ul. Jana III Sobieskiego 9;662;84;84;3;81;12.69;3.57;564;268;268;5;263;47.52;1.87
90783;146505;1114;Centralny Szpital Kliniczny MSW w Warszawie 02-507 Mokotów ul. Wołoska 137;688;92;92;3;89;13.37;3.26;120;50;50;0;50;41.67;0.00
90784;146505;1115;Szpital Specjalistyczny im. Świętej Rodziny SPZOZ 02-544 Mokotów ul. A. J. Madalińskiego 25 ;110;28;28;1;27;25.45;3.57;190;123;123;3;120;64.74;2.44
90785;146505;1116;Instytut Reumatologii im. prof. dr hab. med. Eleonory Reicher 02-637 Mokotów ul. Spartańska 1;85;51;51;2;49;60.00;3.92;657;359;359;18;341;54.64;5.01
76954;146506;201;Gimnazjum nr 14 02-315 Ochota ul. Barska 32;1397;512;512;7;505;36.65;1.37;1436;899;900;11;888;62.60;1.22
76955;146506;202;Gimnazjum nr 14 02-315 Ochota ul. Barska 32;1250;434;434;17;417;34.72;3.92;1210;802;802;8;794;66.28;1.00
76956;146506;203;Urząd Dzielnicy Ochota m.st. Warszawy 02-021 Ochota ul. Grójecka 17A;1399;502;502;7;495;35.88;1.39;1455;964;964;17;947;66.25;1.76
76957;146506;204;Szkoła Podstawowa nr 97 02-302 Ochota ul. Spiska 1;1917;771;771;15;756;40.22;1.95;1880;1327;1327;15;1312;70.59;1.13
76958;146506;205;Szkoła Podstawowa nr 97 02-302 Ochota ul. Spiska 1;1576;585;585;11;574;37.12;1.88;1519;998;998;17;981;65.70;1.70
76959;146506;206;Urząd Dzielnicy Ochota m. st. Warszawy 02-023 Ochota ul. Tarczyńska 19/21;952;354;354;12;342;37.18;3.39;967;627;627;10;617;64.84;1.59
76960;146506;207;Lokal użytkowy 02-030 Ochota ul. Grójecka 29;1546;626;627;16;610;40.49;2.56;1553;1063;1063;17;1046;68.45;1.60
76961;146506;208;Szkoła Podstawowa nr 23 02-034 Ochota ul. Wawelska 48;2097;1116;1116;16;1100;53.22;1.43;2248;1746;1746;5;1741;77.67;0.29
76962;146506;209;Instytut Chemii UW 02-093 Ochota ul. L. Pasteura 1;954;361;361;3;358;37.84;0.83;1000;666;666;8;658;66.60;1.20
76963;146506;210;Ośrodek Kultury Ochota 02-094 Ochota ul. Grójecka 75;1397;514;515;12;502;36.79;2.33;1411;910;910;12;898;64.49;1.32
76964;146506;211;Biuro Gospodarki Nieruchomościami Urzędu m. st. Warszawy 02-015 Ochota Pl.Starynkiewicza 7/9;1556;647;647;14;633;41.58;2.16;1607;1109;1109;13;1096;69.01;1.17
76965;146506;212;Zespół Szkół nr 82 02-010 Ochota ul. Nowowiejska 37A;1232;592;592;7;585;48.05;1.18;1218;879;879;3;876;72.17;0.34
76966;146506;213;VII Liceum Ogólnokształcące im. Juliusza Słowackiego 02-067 Ochota ul. Wawelska 46;1437;748;748;5;743;52.05;0.67;1425;1066;1066;7;1059;74.81;0.66
76967;146506;214;Prywatna Szkoła Podstawowa nr 51 im. Jana Brzechwy 02-384 Ochota ul. Włodarzewska 45C;919;442;442;7;435;48.10;1.58;1113;816;816;6;810;73.32;0.74
76968;146506;215;Prywatna Szkoła Podstawowa nr 51 im. Jana Brzechwy 02-384 Ochota ul. Włodarzewska 45C;1743;750;750;11;739;43.03;1.47;1913;1445;1445;4;1441;75.54;0.28
76969;146506;216;XLVIII LO im Edwarda Dembowskiego 02-353 Ochota ul. Szczęśliwicka 50/54;1226;659;659;7;652;53.75;1.06;1350;1051;1051;7;1044;77.85;0.67
76970;146506;217;XLVIII LO im Edwarda Dembowskiego 02-353 Ochota ul. Szczęśliwicka 50/54;1490;563;563;6;557;37.79;1.07;1682;1216;1216;4;1212;72.29;0.33
76971;146506;218;Zespół Szkół nr 4 02-353 Ochota ul. Szczęśliwicka 46;1739;659;659;13;646;37.90;1.97;1722;1151;1151;9;1142;66.84;0.78
76972;146506;219;SZPZLO 02-353 Ochota ul. Szczęśliwicka 36;1329;505;505;8;497;38.00;1.58;1399;905;905;7;898;64.69;0.77
76973;146506;220;Szkoła Podstawowa z Oddziałami Integracyjnymi nr 61 02-340 Ochota ul. Białobrzeska 27;1988;586;586;21;565;29.48;3.58;1966;1187;1187;10;1177;60.38;0.84
76974;146506;221;Szkoła Podstawowa z Oddziałami Integracyjnymi nr 61 02-340 Ochota ul. Białobrzeska 27;2361;841;841;20;821;35.62;2.38;2321;1524;1524;15;1509;65.66;0.98
76975;146506;222;Zakład Nieruchomości Wspólnych nr 2 02-361 Ochota ul. Przemyska 18;1719;608;608;10;598;35.37;1.64;1694;1047;1047;9;1038;61.81;0.86
76976;146506;223;Młodzieżowy Dom Kultury 02-348 Ochota ul. Rokosowska 10;1366;432;432;5;427;31.63;1.16;1331;808;808;18;790;60.71;2.23
76977;146506;224;Szkoła Podstawowa nr 175 02-381 Ochota ul. Trzech Budrysów 32;2063;784;784;16;768;38.00;2.04;2068;1396;1396;15;1381;67.50;1.07
76978;146506;225;Gimnazjum nr 16 02-377 Ochota ul. S. Skarżyńskiego 8;1109;415;415;12;403;37.42;2.89;1106;717;717;2;715;64.83;0.28
76979;146506;226;Gimnazjum nr 16 02-377 Ochota ul. S. Skarżyńskiego 8;933;388;388;8;380;41.59;2.06;917;614;614;6;608;66.96;0.98
76980;146506;227;Dom Pomocy Społecznej dla Kombatantów 02-382 Ochota ul. Dickensa 25;1399;588;588;13;575;42.03;2.21;1419;1006;1006;11;995;70.89;1.09
76981;146506;228;Zespół Szkół nr 26 02-397 Ochota ul. Urbanistów 3;1850;718;718;11;707;38.81;1.53;1828;1174;1174;9;1165;64.22;0.77
76982;146506;229;Szkoła Podstawowa z Oddziałami Integracyjnymi nr 280 02-130 Ochota ul. Gorlicka 3;1493;624;624;7;617;41.80;1.12;1490;1046;1046;6;1040;70.20;0.57
76983;146506;230;Szkoła Podstawowa z Oddziałami Integracyjnymi nr 280 02-130 Ochota ul. Gorlicka 3;1869;787;787;15;772;42.11;1.91;1838;1305;1305;13;1292;71.00;1.00
76984;146506;231;Przedszkole nr 315 02-122 Ochota ul. Sz. Grzeszczyka 2;1418;503;503;11;492;35.47;2.19;1427;949;949;10;939;66.50;1.05
76985;146506;232;Zespół Szkół nr 26 02-397 Ochota ul. Urbanistów 3;1954;914;914;7;907;46.78;0.77;2164;1623;1623;8;1615;75.00;0.49
76986;146506;233;Szkoła Podstawowa nr 264 02-104 Ochota ul. W. Skorochód Majewskiego 17;1900;578;578;17;561;30.42;2.94;1815;1112;1112;18;1094;61.27;1.62
76987;146506;234;Zespół Szkół nr 83 02-398 Ochota ul. Powstańców Wielkopolskich 4;1366;428;428;12;416;31.33;2.80;1365;829;829;11;818;60.73;1.33
76988;146506;235;Szkoła Podstawowa nr 264 02-104 Ochota ul. W. Skorochód Majewskiego 17;1728;574;574;15;559;33.22;2.61;1720;1082;1082;19;1063;62.91;1.76
76989;146506;236;Szkoła Podstawowa nr 10 02-128 Ochota ul. Jasielska 49/53;2171;872;872;13;859;40.17;1.49;2178;1485;1485;25;1460;68.18;1.68
76990;146506;237;Gimnazjum nr 15 02-106 Ochota ul. J. Siemieńskiego 6;1758;587;587;8;579;33.39;1.36;1752;1087;1087;13;1074;62.04;1.20
76991;146506;238;Przedszkole nr 241 02-109 Ochota ul. Księcia Trojdena 5b;1612;754;754;18;736;46.77;2.39;1582;1157;1160;14;1143;73.14;1.21
76992;146506;239;Dom Kultury Rakowiec 02-114 Ochota ul. Wiślicka 8;1129;528;528;4;524;46.77;0.76;1135;801;801;8;793;70.57;1.00
76993;146506;240;Szkoła Podstawowa nr 10 02-128 Ochota ul. Jasielska 49/53;1560;684;684;15;669;43.85;2.19;1585;1106;1106;14;1092;69.78;1.27
76994;146506;241;Przedszkole nr 255 02-121 Ochota ul. W. Korotyńskiego 3;1622;749;749;6;743;46.18;0.80;1655;1221;1221;6;1215;73.78;0.49
76995;146506;242;Szkoła Podstawowa z Oddziałami Integracyjnymi nr 280 02-130 Ochota ul. Gorlicka 3;1647;678;678;14;664;41.17;2.06;1613;1098;1098;17;1081;68.07;1.55
90787;146506;1118;Klinika Onkologiczna-Centrum Onkologii im. M. Skłodowskiej-Curie 02-034 Ochota Wawelska 15;89;26;26;0;26;29.21;0.00;109;109;109;2;107;100.00;1.83
90788;146506;1119;Szpital Kliniczny Dzieciątka Jezus SPZOZ 02-005 Ochota W. H. Lindleya 4;246;62;62;2;60;25.20;3.23;571;235;236;8;227;41.16;3.40
90789;146506;1120;Samodzielny Publiczny Centralny Szpital Kliniczny 02-097 Ochota S. Banacha 1A;782;138;138;4;134;17.65;2.90;109;66;66;0;66;60.55;0.00
90790;146506;1121;Wojewódzki Szpital Chirurgii Urazowej Św. Anny 02-315 Ochota Barska 16/20;100;34;34;3;31;34.00;8.82;37;30;30;1;29;81.08;3.33
90791;146506;1122;Dom Pomocy Społecznej „Chemik” 02-121 Ochota W. Korotyńskiego 10;99;54;54;9;45;54.55;16.67;91;53;53;3;50;58.24;5.66
76996;146507;401;LXXII Liceum Ogólnokształcące im. Jakuba Jasińskiego 03-838 Praga-Południe ul. Grochowska 346/348;1667;649;649;11;638;38.93;1.69;1692;1124;1124;8;1116;66.43;0.71
76997;146507;402;LXXII Liceum Ogólnokształcące im. Jakuba Jasińskiego 03-838 Praga-Południe ul. Grochowska 346/348;769;250;250;6;244;32.51;2.40;810;507;507;5;502;62.59;0.99
76998;146507;403;Poradnia Psychologiczno-Pedagogiczna nr 4 03-806 Praga-Południe ul. Mińska 1/5;1904;678;678;3;675;35.61;0.44;1896;1229;1229;13;1216;64.82;1.06
76999;146507;404;Szkoła Podstawowa nr 255 03-805 Praga-Południe ul. Kamionkowska 36/44;1441;415;415;3;412;28.80;0.72;1608;1028;1028;6;1022;63.93;0.58
77000;146507;405;Zespół Szkół Specjalnych nr 91 03-836 Praga-Południe ul. Weterynaryjna 3;1357;492;492;6;486;36.26;1.22;1428;954;954;8;946;66.81;0.84
77001;146507;406;XIX Liceum Ogólnokształcące im. Powstańców Warszawy 04-414 Praga-Południe ul. Zbaraska 1;1537;706;706;4;702;45.93;0.57;1481;1083;1083;9;1074;73.13;0.83
77002;146507;407;Poradnia Psychologiczno-Pedagogiczna Nr 16 04-393 Praga-Południe ul. Siennicka 40;1482;419;419;12;407;28.27;2.86;1445;885;885;16;869;61.25;1.81
77003;146507;408;Zespół Szkół nr 12 04-495 Praga-Południe ul. Siennicka 15;1428;432;432;8;424;30.25;1.85;1349;764;764;6;758;56.63;0.79
77004;146507;409;Zespół Szkół nr 12 04-395 Praga-Południe ul. Siennicka 15;1127;372;372;14;358;33.01;3.76;1082;662;662;17;645;61.18;2.57
77005;146507;410;Przedszkole nr 51 04-381 Praga-Południe ul. Chrzanowskiego 7;1447;445;445;10;435;30.75;2.25;1408;809;809;9;800;57.46;1.11
77006;146507;411;Szkoła Podstawowa nr 72 04-386 Praga-Południe ul. L.M. Paca 44;925;276;276;9;267;29.84;3.26;905;532;532;11;521;58.78;2.07
77007;146507;412;Szkoła Podstawowa nr 72 04-386 Praga-Południe ul. L.M. Paca 44;1631;501;501;17;484;30.72;3.39;1628;976;976;13;963;59.95;1.33
77008;146507;413;Ośrodek Pomocy Społecznej 04-386 Praga-Południe ul. L.M. Paca 42;1647;556;556;7;549;33.76;1.26;1696;1044;1044;12;1032;61.56;1.15
77009;146507;414;Przedszkole nr 230 (wejście od ul. Romea i Julii) 04-349 Praga-Południe ul. Szaserów 118A;1945;683;683;16;667;35.12;2.34;1859;1126;1128;11;1115;60.57;0.98
77010;146507;415;Straż Miejska m.st. Warszawy VII Oddział Terenowy 04-359 Praga-Południe ul. Kobielska 5;1680;684;684;11;673;40.71;1.61;1691;1144;1144;13;1131;67.65;1.14
77011;146507;416;Straż Miejska m.st. Warszawy VII Oddział Terenowy 04-359 Praga-Południe ul. Kobielska 5;1696;680;680;14;666;40.09;2.06;1683;1227;1227;11;1216;72.91;0.90
77012;146507;417;Przedszkole nr 48 04-249 Praga-Południe ul. Szaserów 119;1786;642;642;12;630;35.95;1.87;1829;1188;1188;14;1174;64.95;1.18
77013;146507;418;Młodzieżowy Ośrodek Socjoterapii nr 7 04-351 Praga-Południe ul. Osowska 81;1784;592;592;10;582;33.18;1.69;1746;1130;1130;12;1118;64.72;1.06
77014;146507;419;Szkoła Podstawowa nr 141 04-349 Praga-Południe ul. Szaserów 117;1569;567;567;8;559;36.14;1.41;1626;1106;1106;9;1097;68.02;0.81
77015;146507;420;Szkoła Podstawowa nr 141 04-349 Praga-Południe ul. Szaserów 117;1520;560;560;11;549;36.84;1.96;1504;1057;1057;10;1047;70.28;0.95
77016;146507;421;Zespól Szkół nr 90 04-330 Praga-Południe ul. A. Kordeckiego 54;2001;784;784;12;772;39.18;1.53;2108;1410;1410;35;1375;66.89;2.48
77017;146507;422;Gimnazjum nr 22 04-309 Praga-Południe ul. Boremlowska 6/12;1738;693;693;20;673;39.87;2.89;1831;1245;1245;15;1230;68.00;1.20
77018;146507;423;AN nr 7 04-305 Praga-Południe ul. Hetmańska 25;1708;559;559;5;554;32.73;0.89;1646;1020;1020;15;1005;61.97;1.47
77019;146507;424;Szkoła Podstawowa nr 215 04-294 Praga-Południe ul. Kwatery Głównej 13;1258;610;610;7;603;48.49;1.15;1327;1006;1006;2;1004;75.81;0.20
77020;146507;425;Szkoła Podstawowa nr 215 04-294 Praga-Południe ul. Kwatery Głównej 13;1245;487;487;6;481;39.12;1.23;1344;949;949;6;943;70.61;0.63
77021;146507;426;XXIII Liceum Ogólnokształcące im. Marii Skłodowskiej-Curie 04-205 Praga-Południe ul. Naddnieprzańska 2/4;2007;857;858;17;840;42.70;1.98;2071;1516;1516;20;1496;73.20;1.32
77022;146507;427;Przedszkole nr 179 04-171 Praga-Południe ul. Jarocińska 12/14;1893;692;692;10;682;36.56;1.45;1877;1288;1288;21;1267;68.62;1.63
77023;146507;428;Gimnazjum nr 23 04-174 Praga-Południe ul. Tarnowiecka 4;2045;768;768;4;764;37.56;0.52;2035;1437;1437;10;1427;70.61;0.70
77024;146507;429;Przedszkole nr 177 04-174 Praga-Południe ul. Tarnowiecka 4;1451;523;523;5;518;36.04;0.96;1402;950;950;14;936;67.76;1.47
77025;146507;430;Szkoła Podstawowa nr 163 04-173 Praga-Południe ul. Osiecka 28/32;1611;427;427;12;415;26.51;2.81;1618;866;866;21;845;53.52;2.42
77026;146507;431;Przedszkole nr 397 04-161 Praga-Południe ul. Komorska 6;1447;566;566;13;553;39.12;2.30;1409;960;960;10;950;68.13;1.04
77027;146507;432;Zespół Szkół Spożywczo-Gastronomicznych 04-161 Praga-Południe ul. Komorska 17/23;1431;489;491;11;478;34.17;2.25;1410;943;943;9;934;66.88;0.95
77028;146507;433;Szkoła Podstawowa nr 163 04-173 Praga-Południe ul. Osiecka 28/32;1848;653;653;11;642;35.34;1.68;1821;1238;1238;15;1223;67.98;1.21
77029;146507;434;Zespół Szkół Spożywczo-Gastronomicznych 04-161 Praga-Południe ul. Komorska 17/23;1508;592;595;15;577;39.26;2.53;1543;1068;1068;8;1060;69.22;0.75
77030;146507;435;Gimnazjum nr 23 04-174 Praga-Południe ul. Tarnowiecka 4;910;294;294;6;288;32.31;2.04;1115;773;773;3;770;69.33;0.39
77031;146507;436;Zespół Szkół Gastronomiczno-Hotelarskich 04-110 Praga-Południe ul. Majdańska 30/36;1610;469;469;9;460;29.13;1.92;1610;967;968;16;951;60.06;1.65
77032;146507;437;Zespół Szkół Gastronomiczno - Hotelarskich 04-110 Praga-Południe ul. Majdańska 30/36;1898;815;815;15;800;42.94;1.84;1880;1384;1387;7;1377;73.62;0.51
77033;146507;438;Zespół Szkół nr 5 04-089 Praga-Południe ul. Szczawnicka 1;1733;651;651;24;627;37.56;3.69;1797;1218;1218;12;1206;67.78;0.99
77034;146507;439;Zespół Szkół nr 5 04-089 Praga-Południe ul. Szczawnicka 1;1483;630;630;8;622;42.48;1.27;1432;1078;1078;8;1070;75.28;0.74
77035;146507;440;Szkoła Podstawowa nr 246 04-063 Praga-Południe ul. Białowieska 22;1874;698;698;7;691;37.25;1.00;1858;1222;1222;13;1209;65.77;1.06
77036;146507;441;Przedszkole nr 235 04-068 Praga-Południe ul. Chroszczewska 3/5;2110;676;677;10;666;32.04;1.48;2083;1261;1261;21;1240;60.54;1.67
77037;146507;442;Szkoła Podstawowa nr 60 04-014 Praga-Południe ul. Zbaraska 3;1992;723;723;8;715;36.30;1.11;1920;1238;1238;8;1230;64.48;0.65
77038;146507;443;Medyczna Szkoła Policealna nr 4 04-062 Praga-Południe ul. Grenadierów 30A;1747;582;582;16;566;33.31;2.75;1707;1089;1089;7;1082;63.80;0.64
77039;146507;444;XCIX Liceum Ogólnokształcące z Oddziałami Dwujęzycznymi im. Zbigniewa Herberta 04-036 Praga-Południe ul. Fundamentowa 38/42;1533;636;636;7;629;41.49;1.10;1466;1091;1091;9;1082;74.42;0.82
77040;146507;445;XCIX Liceum Ogólnokształcące z Oddziałami Dwujęzycznymi im. Zbigniewa Herberta 04-036 Praga-Południe ul. Fundamentowa 38/42;1359;566;566;10;556;41.65;1.77;1320;922;922;8;914;69.85;0.87
77041;146507;446;Przedszkole nr 220 04-022 Praga-Południe ul. Walewska 7;1512;530;530;15;515;35.05;2.83;1522;940;940;11;929;61.76;1.17
77042;146507;447;Szkoła Podstawowa nr 120 04-010 Praga-Południe ul. Międzyborska 64/70;1160;404;406;10;394;34.83;2.48;1146;725;727;4;721;63.26;0.55
77043;146507;448;XLVII Liceum Ogólnokształcące im. Stanisława Wyspiańskiego 04-010 Praga-Południe ul. Międzyborska 64/70;1361;408;408;12;396;29.98;2.94;1327;769;769;6;763;57.95;0.78
77044;146507;449;Szkoła Podstawowa nr 279 04-044 Praga-Południe ul. Cyrklowa 1;1773;745;747;3;742;42.02;0.40;1873;1424;1424;11;1413;76.03;0.77
77045;146507;450;Szkoła Podstawowa 279 04-044 Praga-Południe ul. Cyrklowa 1;1775;604;613;7;597;34.03;1.16;1793;1177;1177;11;1166;65.64;0.93
77046;146507;451;Przedszkole nr 54 04-044 Praga-Południe ul. Bracławska 8A;1881;764;764;22;742;40.62;2.88;1897;1272;1272;10;1262;67.05;0.79
77047;146507;452;ZHR 03-902 Praga-Południe ul. Jakubowska 18;972;436;436;11;425;44.86;2.52;943;703;703;8;695;74.55;1.14
77048;146507;453;Gimnazjum nr 18 03-913 Praga-Południe ul. Angorska 2;1555;603;603;7;596;38.78;1.16;1556;1024;1024;7;1017;65.81;0.68
77049;146507;454;Zespół Szkół nr 21 03-914 Praga-Południe ul. Saska 78;1866;740;740;3;737;39.66;0.41;1807;1152;1157;17;1135;63.75;1.48
77050;146507;455;Zespół Szkół nr 21 03-914 Praga-Południe ul. Saska 78;1698;791;791;11;780;46.58;1.39;1687;1219;1236;2;1217;72.26;0.16
77051;146507;456;Zespół Szkół nr 77 03-936 Praga-Południe ul. Zwycięzców 7/9;830;367;367;11;356;44.22;3.00;811;575;575;3;572;70.90;0.52
77052;146507;457;Zespół Szkół nr 77 03-936 Praga-Południe ul. Zwycięzców 7/9;1498;684;684;11;673;45.66;1.61;1476;1045;1045;8;1037;70.80;0.77
77053;146507;458;Zespół Szkół nr 84 03-938 Praga-Południe ul. Zwycięzców 44;1508;630;630;13;617;41.78;2.06;1515;1065;1065;11;1054;70.30;1.03
77054;146507;459;Zespół Szkół nr 84 03-938 Praga-Południe ul. Zwycięzców 44;1820;763;764;14;749;41.92;1.83;1803;1236;1236;14;1222;68.55;1.13
77055;146507;460;Przedszkole nr 162 (wejście od ul. Francuskiej 34) 03-909 Praga-Południe ul. Dąbrówki 3;1194;494;494;4;490;41.37;0.81;1164;791;791;8;783;67.96;1.01
77056;146507;461;IV Liceum Ogólnokształcące im. Adama Mickiewicza 03-914 Praga-Południe ul. Saska 59;1870;764;764;17;747;40.86;2.23;1866;1388;1388;15;1373;74.38;1.08
77057;146507;462;IV Liceum Ogólnokształcące im. Adama Mickiewicza 03-914 Praga-Południe Saska 59;1600;615;615;7;608;38.44;1.14;1564;1047;1047;12;1035;66.94;1.15
77058;146507;463;Szkoła Podstawowa nr 143 03-947 Praga-Południe Al. Stanów Zjednoczonych 27;1228;416;416;9;407;33.88;2.16;1208;775;775;15;760;64.16;1.94
77059;146507;464;Gimnazjum nr 20 03-966 Praga-Południe ul. Afrykańska 11;1270;586;586;7;579;46.14;1.19;1237;873;873;3;870;70.57;0.34
77060;146507;465;Gimnazjum nr 20 03-966 Praga-Południe ul. Afrykańska 11;1707;785;786;14;771;45.99;1.78;1718;1269;1269;17;1252;73.86;1.34
77061;146507;466;Zespół Szkół nr 37 03-964 Praga-Południe Al. Stanów Zjednoczonych 24;1044;415;415;7;408;39.75;1.69;1052;715;715;8;707;67.97;1.12
77062;146507;467;Przedszkole nr 392 03-966 Praga-Południe ul. Afrykańska 14;1751;748;748;24;724;42.72;3.21;1726;1183;1183;14;1169;68.54;1.18
77063;146507;468;Przedszkole 295 03-966 Praga-Południe ul. Afrykańska 9;1713;659;659;11;648;38.47;1.67;1712;1183;1183;7;1176;69.10;0.59
77064;146507;469;Dom Pomocy Społecznej im. Matysiaków 03-977 Praga-Południe ul. Arabska 3;1606;829;829;11;818;51.62;1.33;1509;1178;1178;3;1175;78.06;0.25
77065;146507;470;Szkoła Podstawowa nr 185 03-982 Praga-Południe ul. gen. T. Bora-Komorowskiego 31;2212;819;819;12;807;37.03;1.47;2207;1529;1529;12;1517;69.28;0.78
77066;146507;471;Szkoła Podstawowa nr 185 03-982 Praga-Południe ul. gen. T. Bora-Komorowskiego 31;2161;840;840;14;826;38.87;1.67;2129;1589;1589;11;1578;74.64;0.69
77067;146507;472;Przedszkole nr 384 03-982 Praga-Południe ul. Meissnera 8b;1901;785;785;5;780;41.29;0.64;1868;1302;1302;10;1292;69.70;0.77
77068;146507;473;Zespół Szkół Integracyjnych nr 75 03-982 Praga-Południe ul. Bartosika 5;2058;822;822;18;804;39.94;2.19;2472;1809;1809;13;1796;73.18;0.72
77069;146507;474;Przedszkole nr 198 03-982 Praga-Południe ul. Bartosika 5;1436;556;556;7;549;38.72;1.26;1382;966;966;14;952;69.90;1.45
77070;146507;475;Klub Kultury Gocław, filia Centrum Promocji Kultury 03-982 Praga-Południe ul. gen. R. Abrahama 10;1343;555;555;6;549;41.33;1.08;1305;948;948;4;944;72.64;0.42
77071;146507;476;oddział zamiejscowy Przedszkola nr 198 03-982 Praga-Południe ul. gen. R. Abrahama 10;1878;674;674;11;663;35.89;1.63;1814;1267;1267;14;1253;69.85;1.10
77072;146507;477;Gimnazjum nr 27 03-982 Praga-Południe ul. gen. R. Abrahama 10;1544;542;542;8;534;35.10;1.48;1521;1042;1043;13;1029;68.51;1.25
77073;146507;478;Szkoła Podstawowa nr 312 03-984 Praga-Południe ul. Umińskiego 12;2040;811;815;14;797;39.75;1.73;2028;1412;1412;9;1403;69.63;0.64
77074;146507;479;Szkoła Podstawowa nr 312 03-984 Praga-Południe Umińskiego 12;1734;647;647;8;639;37.31;1.24;1812;1222;1222;9;1213;67.44;0.74
77075;146507;480;Szkoła Podstawowa nr 312 03-984 Praga-Południe ul. Umińskiego 12;2005;772;772;19;753;38.50;2.46;1970;1421;1422;8;1413;72.13;0.56
77076;146507;481;Przedszkole nr 218 03-984 Praga-Południe ul. Rechniewskiego 5B;1741;721;721;19;702;41.41;2.64;1865;1360;1360;8;1352;72.92;0.59
77077;146507;482;Przedszkole nr 218 03-980 Praga-Południe ul. Rechniewskiego 5B;1599;595;595;12;583;37.21;2.02;1611;1103;1104;7;1096;68.47;0.63
77078;146507;483;Gimnazjum nr 28 03-984 Praga-Południe ul. Umińskiego 11;1629;620;620;7;613;38.06;1.13;1648;1178;1179;15;1163;71.48;1.27
77079;146507;484;Gimnazjum nr 28 03-984 Praga-Południe ul. Umińskiego 11;1723;685;686;14;671;39.76;2.04;1688;1190;1190;22;1168;70.50;1.85
77080;146507;485;Żłobek nr 33 03-984 Praga-Południe ul. Umińskiego 9;2218;860;860;8;852;38.77;0.93;2189;1630;1630;5;1625;74.46;0.31
77081;146507;486;Przedszkole TUBIŚ 03-984 Praga-Południe ul. Brygady Pścigowej 6;2033;721;721;26;695;35.46;3.61;2020;1364;1364;9;1355;67.52;0.66
77082;146507;487;Przedszkole TUBIŚ 03-984 Praga-Południe ul. Brygady Pościgowej 6;2192;741;741;14;727;33.80;1.89;2368;1605;1606;13;1592;67.78;0.81
90792;146507;1132;Areszt Śledczy Warszawa Grochów 04-275 Praga-Południe Chłopickiego 71A;648;176;176;14;162;27.16;7.95;546;268;268;14;254;49.08;5.22
90793;146507;1133;Wojskowy Instytut Medyczny 04-349 Praga-Południe Szaserów 128;871;121;121;3;118;13.89;2.48;305;212;212;6;206;69.51;2.83
90794;146507;1134;Szpital Grochowski im. dr med. Rafała Masztaka sp. z o.o. 04-073 Praga-Południe Grenadierów 51/59;243;36;36;0;36;14.81;0.00;203;63;63;0;63;31.03;0.00
90795;146507;1135;Dom Pomocy Społecznej dla Dorosłych Zgromadzenia Sióstr Matki Bożej Miłosierdzia im. św. Józefa 04-305 Praga-Południe Hetmańska 44;85;53;53;1;52;62.35;1.89;125;113;113;1;112;90.40;0.88
77083;146508;361;Zespól Szkół Nr 40 03-301 Praga-Północ ul. Jagiellońska 61;1055;270;270;1;269;25.59;0.37;1342;788;788;29;759;58.72;3.68
77084;146508;362;Liceum Ogólnokształcące nr. 1 mi. R.Barbosa 03-480 Praga-Północ ul. Burdzińskiego 4;1206;381;381;1;380;31.59;0.26;1187;712;712;7;705;59.98;0.98
77085;146508;363;Liceum Ogólnokształcące nr 1 im. R. Barbosa 03-480 Praga-Północ ul. Burdzińskiego 4;1350;452;452;8;444;33.48;1.77;1316;837;837;16;821;63.60;1.91
77086;146508;364;Gimnazjum nr 30 03-481 Praga-Północ ul. Szanajcy 17;1367;417;417;10;407;30.50;2.40;1341;821;821;5;816;61.22;0.61
77087;146508;365;Zespół Szkół Geodezyjnych 03-481 Praga-Północ ul. Szanajcy 5;1134;381;381;8;373;33.60;2.10;1095;673;679;10;663;61.46;1.49
77088;146508;366;Zespół Szkół Geodezyjnych 03-481 Praga-Północ ul. Szanajcy 5;1016;367;367;4;363;36.12;1.09;1015;650;650;4;646;64.04;0.62
77089;146508;367;Gimnazjum nr 30 03-481 Praga-Północ ul. Szanajcy 17;1065;320;320;5;315;30.05;1.56;1053;631;631;7;624;59.92;1.11
77090;146508;368;Szkoła Muzyczna nr 2 03-454 Praga-Północ ul. Namysłowska 4;1357;510;510;8;502;37.58;1.57;1352;900;900;2;898;66.57;0.22
77091;146508;369;Filia Szkoły Podstawowej Nr 258 03-454 Praga-Północ ul. Namysłowska 1;1229;414;414;7;407;33.69;1.69;1209;760;761;5;755;62.86;0.66
77092;146508;370;Szkoła Podstawowa nr 127 03-438 Praga-Północ ul.Kowieńska 12/20;1480;426;426;7;419;28.78;1.64;1521;946;946;8;938;62.20;0.85
77093;146508;371;Szkoła Podstawowa nr 127 03-438 Praga-Północ Kowieńska 12/20;1875;398;398;13;385;21.23;3.27;1823;930;930;35;895;51.01;3.76
77094;146508;372;LXXVI Liceum Ogólnokształcące 03-432 Praga-Północ ul. Kowelska 1;1530;370;370;16;354;24.18;4.32;1522;829;829;13;816;54.47;1.57
77095;146508;373;Filia Szkoły Podstawoej nr 258 03-454 Praga-Północ ul. Namysłowska 1;1001;223;223;3;220;22.28;1.35;961;473;474;5;468;49.22;1.06
77096;146508;374;LXXVI Liceum Ogólnokształcące 03-432 Praga-Północ ul. Kowelska 1;926;152;152;4;148;16.41;2.63;849;365;365;10;355;42.99;2.74
77097;146508;375;Szkoła Podstawowa Nr 258 03-472 Praga-Północ ul. B. Brechta 8;1371;439;439;7;432;32.02;1.59;1345;857;859;14;843;63.72;1.63
77098;146508;376;Świetlica ITR 03-450 Praga-Północ ul. Ratuszowa 11;1549;519;519;10;509;33.51;1.93;1549;928;933;15;913;59.91;1.62
77099;146508;377;Zespół Szkół nr 11 03-450 Praga-Północ ul. Ratuszowa 13;1657;379;379;10;369;22.87;2.64;1318;670;677;4;666;50.83;0.60
77100;146508;378;Sala Konferencyjna PKP PLK S.A. 03-734 Praga-Północ ul. Targowa 74;1536;390;390;9;381;25.39;2.31;1520;785;786;9;776;51.64;1.15
77101;146508;379;Szkoła Podstawowa nr 127 03-438 Praga-Północ ul. Kowieńska 12/20;1744;329;329;7;322;18.86;2.13;1743;820;823;18;802;47.05;2.20
77102;146508;380;Przedszkole nr 171 03-418 Praga-Północ ul. Równa 2;1566;447;447;21;426;28.54;4.70;1596;895;895;27;868;56.08;3.02
77103;146508;381;A.O.M. Nr 3 Z.G.N. 03-746 Praga-Północ ul. Tarchomińska 14;2138;753;753;12;741;35.22;1.59;2049;1387;1387;6;1381;67.69;0.43
77104;146508;382;Gimnazjum Nr 31 03-709 Praga-Północ ul. Sierakowskiego 9;1930;677;677;11;666;35.08;1.62;1866;1164;1164;13;1151;62.38;1.12
77105;146508;383;Zakład Gospodarowania Nieruchomościami 03-719 Praga-Północ ul.Jagiellońska 23;1240;397;397;13;384;32.02;3.27;1267;730;730;13;717;57.62;1.78
77106;146508;384;Szkoła Podstawowa nr 50 03-721 Praga-Północ ul. Jagiellońska 7;1650;459;459;7;452;27.82;1.53;1599;945;945;13;932;59.10;1.38
77107;146508;385;Szkoła Podstawowa nr 50 03-721 Praga-Północ ul. Jagiellońska 7;1838;651;651;10;641;35.42;1.54;1837;1181;1181;11;1170;64.29;0.93
77108;146508;386;Zespół Szkół Specjalnych Nr 97 03-746 Praga-Północ Tarchomińska 4;1190;363;363;11;352;30.50;3.03;1171;705;706;9;696;60.20;1.28
77109;146508;387;Szkoła Podstawowa nr 30 03-772 Praga-Północ ul.Kawęczyńska 2;1559;537;537;12;525;34.45;2.23;1523;998;998;9;989;65.53;0.90
77110;146508;388;Szkoła Podstawowa nr 30 03-772 Praga-Północ ul. Kawęczyńska 2;1707;585;585;7;578;34.27;1.20;1687;1094;1094;6;1088;64.85;0.55
77111;146508;389;Szkoła Podstawowa Nr 30 03-772 Praga-Północ ul. Kawęczyńska 2;1630;344;344;11;333;21.10;3.20;1624;752;752;14;738;46.31;1.86
77112;146508;390;Zespół Szkół Specjalnych Nr 97 03-746 Praga-Północ ul. Tarchomińska 4;1308;352;352;11;341;26.91;3.12;1273;704;705;10;694;55.30;1.42
77113;146508;391;Gimnazjum Nr 32 03-750 Praga-Północ ul. Otwocka 3;1654;393;393;9;384;23.76;2.29;1585;797;797;11;786;50.28;1.38
77114;146508;392;Gimnazjum nr 32 03-750 Praga-Północ ul. Otwocka 3;1720;406;406;18;388;23.60;4.43;1714;844;844;17;827;49.24;2.01
77115;146508;393;Szkoła Muzyczna 03-775 Praga-Północ ul. Kawęczyńska 23/25;1634;471;471;19;452;28.82;4.03;1596;915;915;26;889;57.33;2.84
77116;146508;394;Szkoła Podstawowa nr 73 03-741 Praga-Północ ul. Białostocka 10/18;1144;304;304;9;295;26.57;2.96;1404;804;804;23;781;57.26;2.86
77117;146508;395;Szkoła Podstawowa nr 73 03-741 Praga-Północ Białostocka 10/18;2004;527;527;11;516;26.30;2.09;1968;1095;1095;21;1074;55.64;1.92
77118;146508;396;Dom Dziennego Pobytu OPS 03-737 Praga-Północ ul. Brzeska 4;1204;273;273;9;264;22.67;3.30;1130;524;524;11;513;46.37;2.10
90797;146508;1131;Szpital Praski pod wezwaniem Przemienienia Pańskiego sp. z o. o. 03-401 Praga-Północ al. Solidarności 67;228;62;62;2;60;27.19;3.23;242;85;85;4;81;35.12;4.71
77119;146509;971;Zespół Szkół Nr 74 04-243 Rembertów ul. Niepołomicka 26;1427;512;513;8;504;35.88;1.56;1412;975;975;6;969;69.05;0.62
77120;146509;972;Państwowy Młodzieżowy Ośrodek Wychowawczy 04-408 Rembertów ul. Strażacka 57/59;720;180;180;3;177;25.00;1.67;734;467;467;15;452;63.62;3.21
77121;146509;973;Szkoła Podstawowa Nr 217 04-450 Rembertów Ignacego Paderewskiego 45;990;352;352;6;346;35.56;1.70;1019;657;657;13;644;64.47;1.98
77122;146509;974;LI Liceum Ogólnokształcące 04-421 Rembertów ul. Kadrowa 5/15;1376;406;406;9;397;29.51;2.22;1377;881;881;5;876;63.98;0.57
77123;146509;975;Szkoła Podstawowa Nr 217 04-450 Rembertów Ignacego Paderewskiego 45;1500;492;492;11;481;32.80;2.24;1556;1040;1040;9;1031;66.84;0.87
77124;146509;976;LI Liceum Ogólnokształcące 04-421 Rembertów Kadrowa 5/15;1923;671;671;7;664;34.89;1.04;2064;1436;1436;8;1428;69.57;0.56
77125;146509;977;Przedszkole Nr 376 00-910 Rembertów Admiralska 17;1626;693;693;6;687;42.62;0.87;1606;1193;1193;13;1180;74.28;1.09
77126;146509;978;Gimnazjum Nr 126 04-408 Rembertów Ziemskieo „Wachnowskiego” 22;1708;510;510;12;498;29.86;2.35;1771;1107;1107;14;1093;62.51;1.26
77127;146509;979;Gimnazjum Nr 126 04-408 Rembertów Ziemskiego „Wachnowskiego” Gen. 22;2235;861;861;8;853;38.52;0.93;835;591;591;4;587;70.78;0.68
77128;146509;980;Dom Kultury Rembertów 04-485 Rembertów Komandosów 8;1625;489;489;8;481;30.09;1.64;1451;938;938;6;932;64.65;0.64
77129;146509;981;Zespół Szkół Nr 76 04-491 Rembertów Dwóch Mieczy 5;1662;575;575;14;561;34.60;2.43;1658;1068;1070;8;1060;64.41;0.75
77130;146509;982;Przedszkole Nr 158 04-491 Rembertów Dwóch Mieczy 30/36;1067;337;337;9;328;31.58;2.67;1051;688;689;13;675;65.46;1.89
77131;146510;1;Zespół Szkół Licealnych i Ekonomicznych nr 1 00-178 Śródmieście ul.Stawki 10;1912;999;999;6;993;52.25;0.60;2037;1645;1645;4;1641;80.76;0.24
77132;146510;2;Zespół Szkół Licealnych i Ekonomicznych nr 1 00-178 Śródmieście ul.Stawki 10;1526;783;783;5;778;51.31;0.64;1590;1255;1255;7;1248;78.93;0.56
77133;146510;3;Gimnazjum nr 37 00-179 Śródmieście ul. Niska 5;1908;825;825;19;806;43.24;2.30;1974;1292;1292;13;1279;65.45;1.01
77134;146510;4;Szkoła Podstawowa nr 32 00-190 Śródmieście ul.J.Lewartowskiego 2;1754;702;702;11;691;40.02;1.57;1748;1159;1159;8;1151;66.30;0.69
77135;146510;5;Przedszkole nr 11 00-184 Śródmieście ul.S.Dubois 3;1320;520;520;9;511;39.39;1.73;1375;900;900;4;896;65.45;0.44
77136;146510;6;Szkoła Podstawowa nr 32 00-190 Śródmieście ul.J.Lewartowskiego 2;1282;458;458;7;451;35.73;1.53;1296;815;815;8;807;62.89;0.98
77137;146510;7;Szkoła Podstawowa nr 158 00-232 Śródmieście ul.Ciasna 13;1964;734;734;8;726;37.37;1.09;1891;1225;1225;14;1211;64.78;1.14
77138;146510;8;Centrum Pomocy Społecznej 00-236 Śródmieście ul.Świętojerska 12A;1642;737;737;11;726;44.88;1.49;1629;1123;1123;8;1115;68.94;0.71
77139;146510;9;Zespół Szkół Architektoniczno - Budowlanych i Licealnych 00-219 Śródmieście ul.Przyrynek 9;1725;646;646;23;623;37.45;3.56;1736;1111;1111;11;1100;64.00;0.99
77140;146510;10;Szkoła Podstawowa nr 210 00-163 Śródmieście ul.Karmelicka 13;1522;571;571;14;557;37.52;2.45;1472;960;960;8;952;65.22;0.83
77141;146510;11;Szkoła Podstawowa nr 210 00-163 Śródmieście ul.Karmelicka 13;1447;522;522;11;511;36.07;2.11;1447;904;904;14;890;62.47;1.55
77142;146510;12;V Liceum Ogólnokształcące 00-150 Śródmieście ul.Nowolipie 8;1077;390;394;13;377;36.21;3.33;1079;673;673;5;668;62.37;0.74
77143;146510;13;V Liceum Ogólnokształcące 00-150 Śródmieście ul.Nowolipie 8;1466;432;437;7;425;29.47;1.62;1499;848;848;8;840;56.57;0.94
77144;146510;14;Zasadnicza Szkoła Zawodowa nr 54 00-238 Śródmieście ul. Długa 9;1868;747;747;9;738;39.99;1.20;1866;1248;1248;4;1244;66.88;0.32
77145;146510;15;Pałac Ślubów 00-266 Śródmieście Plac Zamkowy 6;1994;769;769;7;762;38.57;0.91;2075;1366;1366;13;1353;65.83;0.95
77146;146510;16;Zespół Szkół Specjalnych nr 85 00-139 Śródmieście ul. Elektoralna 12/14;1300;469;470;11;458;36.08;2.35;1322;851;851;17;834;64.37;2.00
77147;146510;17;XVII Liceum Ogólnokształcące 00-137 Śródmieście ul. Elektoralna 5/7;1541;663;663;10;653;43.02;1.51;1570;1096;1096;8;1088;69.81;0.73
77148;146510;18;Szkoła Podstawowa Nr 220 00-133 Śródmieście al.Jana Pawła II 26A;1490;678;678;9;669;45.50;1.33;1538;1111;1111;6;1105;72.24;0.54
77149;146510;19;Szkoła Podstawowa Nr 220 00-133 Śródmieście al. Jana Pawła II 26A;1410;588;588;15;573;41.70;2.55;1453;961;961;2;959;66.14;0.21
77150;146510;20;Szkoła Podstawowwa nr 75 00-098 Śródmieście ul. Niecała 14;1649;738;738;13;725;44.75;1.76;1664;1142;1142;12;1130;68.63;1.05
77151;146510;21;Ogólnokształcąca Szkoła Baletowa 00-076 Śródmieście ul. Moliera 2/4;836;375;375;4;371;44.86;1.07;857;561;561;0;561;65.46;0.00
77152;146510;22;Przedszkole nr 7 00-318 Śródmieście ul.Sowia 4;901;351;351;3;348;38.96;0.85;902;607;607;4;603;67.29;0.66
77153;146510;23;Gimnazjum nr 42 00-105 Śródmieście ul.Twarda 8/12;1596;735;742;10;725;46.05;1.36;1563;1204;1204;4;1200;77.03;0.33
77154;146510;24;Gimnazjum nr 42 00-105 Śródmieście ul.Twarda 8/12;1940;697;700;18;679;35.93;2.58;1933;1217;1217;18;1199;62.96;1.48
77155;146510;25;Gimnazjum nr 38 00-052 Śródmieście ul.Świętokrzyska 18A;1784;683;683;6;677;38.28;0.88;1797;1144;1146;13;1131;63.66;1.14
77156;146510;26;Zespół Szkół nr 22 00-335 Śródmieście ul.E.Konopczyńskiego 4;1864;758;758;7;751;40.67;0.92;1817;1187;1187;12;1175;65.33;1.01
77157;146510;27;Zespół Szkół nr 69 00-345 Śródmieście ul.Drewniana 8;1973;938;938;8;930;47.54;0.85;1969;1460;1460;19;1441;74.15;1.30
77158;146510;28;PKiN (wejście od ul. Marszałkowskiej, sala Recepcyjna) 00-110 Śródmieście Plac Defilad 1;1712;643;643;6;637;37.56;0.93;1993;1340;1340;12;1328;67.24;0.90
77159;146510;29;Przedszkole nr 16 00-033 Śródmieście ul.W.Górskiego 5A;1500;560;560;7;553;37.33;1.25;1484;968;968;11;957;65.23;1.14
77160;146510;30;Szkoła Podstawowa nr 211 00-029 Śródmieście ul.Nowy Świat 21A;1131;376;376;7;369;33.24;1.86;1036;636;636;4;632;61.39;0.63
77161;146510;31;Szkoła Podstawowa nr 211 00-029 Śródmieście ul.Nowy Świat 21A;1878;687;687;19;668;36.58;2.77;1863;1210;1210;13;1197;64.95;1.07
77162;146510;32;Gimnazjum nr 44 00-375 Śródmieście ul.Smolna 30;749;312;313;4;308;41.66;1.28;724;475;475;4;471;65.61;0.84
77163;146510;33;XXXVII Liceum Ogólnokształcące 00-360 Śródmieście ul.Świętokrzyska 1;1445;639;640;7;632;44.22;1.10;1426;949;961;9;940;66.55;0.95
77164;146510;34;Szkoła Podstawowa nr 34 00-380 Śródmieście ul.L.Kruczkowskiego 12B;1443;665;665;14;651;46.08;2.11;1406;980;980;11;969;69.70;1.12
77165;146510;35;Szkoła Podstawowa nr 34 00-380 Śródmieście ul.L.Kruczkowskiego 12B;1073;503;503;6;497;46.88;1.19;1097;817;817;4;813;74.48;0.49
77166;146510;36;Zespół Szkół nr 125, wejście od ul. Wspólnej 00-682 Śródmieście ul.Hoża 88;890;283;283;8;275;31.80;2.83;862;503;503;2;501;58.35;0.40
77167;146510;37;Zespół Szkół nr 125,wejście od ul. Wspólnej 00-682 Śródmieście ul.Hoża 88;1374;493;493;2;491;35.88;0.41;1369;862;862;6;856;62.97;0.70
77168;146510;38;Szkoła Podstawowa nr 1 00-679 Śródmieście ul.Wilcza 53;1791;753;753;12;741;42.04;1.59;1801;1230;1231;7;1223;68.30;0.57
77169;146510;39;Zespół Szkół Gastronomicznych 00-679 Śródmieście ul.Poznańska 6/8;1753;621;621;8;613;35.42;1.29;1700;1082;1082;14;1068;63.65;1.29
77170;146510;40;Ministerstwo Rolnictwa i Rozwoju Wsi 00-519 Śródmieście ul.Wspólna 30;1231;448;448;12;436;36.39;2.68;1279;767;767;4;763;59.97;0.52
77171;146510;41;Ministerstwo Infrastruktury i Rozwoju 00-505 Śródmieście ul.Wspólna 2/4;826;254;254;3;251;30.75;1.18;803;504;504;7;497;62.76;1.39
77172;146510;42;Szkoła Podstawowa nr 203 00-546 Śródmieście ul.ks.I.Skorupki 8;1754;679;685;13;666;38.71;1.91;1738;1137;1138;14;1123;65.42;1.23
77173;146510;43;Szkoła Podstawowa nr 203 00-546 Śródmieście ul.ks.I.Skorupki 8;1056;346;352;4;342;32.77;1.16;1005;598;621;13;585;59.50;2.17
77174;146510;44;Zespół Szkół Nr 68 00-528 Śródmieście ul.Hoża 11/15;1063;398;398;5;393;37.44;1.26;1072;690;690;2;688;64.37;0.29
77175;146510;45;Zespół Szkół nr 68 00-528 Śródmieście ul. Hoża 11/15;1021;432;432;6;426;42.31;1.39;988;663;663;10;653;67.11;1.51
77176;146510;46;Politechnika Warszawska Wydział Elektroniki i Technik Informacyjnych 00-665 Śródmieście ul.Nowowiejska 15/19;1545;612;612;15;597;39.61;2.45;1521;973;974;11;962;63.97;1.13
77177;146510;47;Zespół Szkół Gastronomicznych 00-654 Śródmieście ul. Poznańska 6/8;1772;664;664;6;658;37.47;0.90;1752;1087;1087;10;1077;62.04;0.92
77178;146510;48;Przedszkole nr 21 00-639 Śródmieście ul.Marszałkowska 27/35a;1126;453;453;7;446;40.23;1.55;1104;739;739;9;730;66.94;1.22
77179;146510;49;Czytelnia Biblioteki Publicznej m. st. Warszawy 00-553 Śródmieście ul.Koszykowa 26/28;1597;655;655;12;643;41.01;1.83;1562;1056;1056;12;1044;67.61;1.14
77180;146510;50;Przedszkole nr 82 00-568 Śródmieście ul.Natolińska 2;1424;591;591;10;581;41.50;1.69;1425;949;949;13;936;66.60;1.37
77181;146510;51;Zespół Szkół nr 60 00-574 Śródmieście ul.S.Sempołowskiej 4;1278;588;588;11;577;46.01;1.87;1272;881;881;6;875;69.26;0.68
77182;146510;52;Szkoła Podstawowa nr 12 00-548 Śródmieście ul.Górnośląska 45;884;353;353;2;351;39.93;0.57;848;579;579;6;573;68.28;1.04
77183;146510;53;Szkoła Podstawowa nr 12 00-548 Śródmieście ul.Górnośląska 45;909;424;424;3;421;46.64;0.71;869;611;611;3;608;70.31;0.49
77184;146510;54;Warszawski Ośrodek Sportu i Rekreacji SOLEC 00-402 Śródmieście ul.Solec 71;2101;943;943;12;931;44.88;1.27;2149;1508;1508;15;1493;70.17;0.99
77185;146510;55;Przedszkole nr 5 00-407 Śródmieście ul.Okrąg 6b;1510;648;648;11;637;42.91;1.70;1524;1040;1040;8;1032;68.24;0.77
77186;146510;56;Przedszkole nr 44 00-406 Śródmieście ul.Ludna 8;1358;579;579;6;573;42.64;1.04;1367;975;975;7;968;71.32;0.72
77187;146510;57;Zespół Szkół nr 66 00-459 Śródmieście ul.Myśliwiecka 6;1971;836;836;18;818;42.42;2.15;1891;1296;1296;14;1282;68.54;1.08
77188;146510;58;Szkoła Podstawowa nr 29 00-446 Śródmieście ul.Fabryczna 19;1769;711;711;9;702;40.19;1.27;1703;1200;1200;6;1194;70.46;0.50
77189;146510;59;Szkoła Podstawowa nr 29 00-446 Śródmieście ul.Fabryczna 19;1560;781;781;9;772;50.06;1.15;1548;1159;1159;9;1150;74.87;0.78
77190;146510;60;Gimnazjum nr 36 00-625 Śródmieście ul.Polna 7;1964;873;873;14;859;44.45;1.60;2075;1515;1515;5;1510;73.01;0.33
77191;146510;61;Zespół Szkół nr 67 00-591 Śródmieście ul.Klonowa 16;1997;829;829;14;815;41.51;1.69;1951;1319;1319;11;1308;67.61;0.83
77192;146510;62;Zakład Gospodarowania Nieruchomościami Dzielnicy Śródmieście 00-464 Śródmieście ul. Szwoleżerów 5;1663;593;593;14;579;35.66;2.36;1632;1031;1031;5;1026;63.17;0.48
77193;146510;63;Młodzieżowy Dom Kultury 00-449 Śródmieście ul. Łazienkowska 7;1625;578;578;12;566;35.57;2.08;1592;956;956;14;942;60.05;1.46
90798;146510;1100;Państwowy Dom Pomocy Społecznej 00-224 Śródmieście Wójtowska 13;105;46;46;12;34;43.81;26.09;107;62;62;11;51;57.94;17.74
90799;146510;1101;Zespół Niepublicznych Zakładów Opieki Zdrowotnej „Caritas” Archidiecezji Warszawskiej 00-322 Śródmieście Krakowskie Przedmieście 62;132;13;13;2;11;9.85;15.38;136;37;37;0;37;27.21;0.00
90800;146510;1102;Dom Pomocy Społecznej 00-394 Śródmieście Solec 36A;84;27;27;1;26;32.14;3.70;85;43;43;2;41;50.59;4.65
90801;146510;1103;Szpital Kliniczny im. Księżnej Anny Mazowieckiej 00-315 Śródmieście Karowa 2;16;8;8;0;8;50.00;0.00;43;23;23;1;22;53.49;4.35
90802;146510;1104;Szpital Ginekologiczno-Położniczy „Inflancka” im. Krysi Niżyńskiej „ Zakurzonej” - SPZOZ 00-189 Śródmieście Inflancka 6;44;16;16;0;16;36.36;0.00;58;46;46;0;46;79.31;0.00
90803;146510;1105;Samodzielny Wojewódzki Zespół Publicznych Zakładów Psychiatrycznej Opieki Zdrowotnej 00-665 Śródmieście Nowowiejska 27;199;72;72;12;60;36.18;16.67;240;112;112;15;97;46.67;13.39
90804;146510;1106;Szpital „Solec” Sp.z.o.o 00-382 Śródmieście Solec 93;116;33;33;2;31;28.45;6.06;81;46;46;0;46;56.79;0.00
90805;146510;1107;Samodzielny Publiczny Szpital Kliniczny im. prof. Witolda Orłowskiego CMKP 00-416 Śródmieście Czerniakowska 231;249;79;79;1;78;31.73;1.27;225;128;128;3;125;56.89;2.34
77194;146511;901;Szkoła Podstawowa nr 52 03-592 Targówek ul. Samarytanka 11/13;1529;560;560;10;550;36.63;1.79;1552;1067;1086;5;1062;68.75;0.47
77195;146511;902;Szkoła Podstawowa Nr 52 03-592 Targówek ul. Samarytanka 11/13;1932;761;761;3;758;39.39;0.39;1902;1386;1386;8;1378;72.87;0.58
77196;146511;903;Dom Kultury „Zacisze” 03-641 Targówek ul.Blokowa 1;1564;756;756;9;747;48.34;1.19;1573;1166;1166;6;1160;74.13;0.51
77197;146511;904;Szkoła Podstawowa Nr 84 03-674 Targówek ul. Radzymińska 227;1957;606;606;6;600;30.97;0.99;2010;1341;1341;16;1325;66.72;1.19
77198;146511;905;Szkoła Podstawowa Nr 84 03-674 Targówek ul. Radzymińska 227;1627;590;590;9;581;36.26;1.53;1644;1139;1139;7;1132;69.28;0.61
77199;146511;906;Szkoła Podstawowa Nr 84 03-674 Targówek ul. Radzymińska 227;1755;634;634;7;627;36.13;1.10;1767;1251;1251;12;1239;70.80;0.96
77200;146511;907;Szkoła Podstawowa Nr 58 03-886 Targówek ul. Mieszka I 7;1459;312;312;6;306;21.38;1.92;1662;915;915;12;903;55.05;1.31
77201;146511;908;Szkoła Podstawowa Nr 84 03-674 Targówek ul. Radzymińska 227;1961;794;794;7;787;40.49;0.88;1951;1422;1431;14;1408;72.89;0.98
77202;146511;909;Szkoła Podstawowa Nr 52 03-592 Targówek ul. Samarytanka 11/13;1770;488;488;11;477;27.57;2.25;1728;1093;1093;33;1060;63.25;3.02
77203;146511;910;Szkoła Podstawowa Nr 52 03-592 Targówek ul. Samarytanka 11/13;990;333;333;7;326;33.64;2.10;981;658;658;5;653;67.07;0.76
77204;146511;911;Klub Osiedlowy „Nasz Klub” 03-580 Targówek ul. Zamiejska 1;1921;662;662;5;657;34.46;0.76;1869;1255;1255;13;1242;67.15;1.04
77205;146511;912;Gimnazjum Nr 145 03-379 Targówek ul.Krasiczyńska 4/6;1899;677;679;7;670;35.65;1.03;1953;1357;1358;5;1352;69.48;0.37
77206;146511;913;Gimnazjum Nr 145 03-379 Targówek ul. Krasiczyńska 4/6;2080;758;758;23;735;36.44;3.03;2122;1504;1504;26;1478;70.88;1.73
77207;146511;914;Gimnazjum Nr 141 03-563 Targówek ul. Trocka 4;1367;448;448;4;444;32.77;0.89;1330;824;824;6;818;61.95;0.73
77208;146511;915;Szkoła Podstawowa Nr 28 03-535 Targówek ul. Gościeradowska 18/20;1360;381;381;11;370;28.01;2.89;1421;877;877;10;867;61.72;1.14
77209;146511;916;Klub „Kołatka 03-536 Targówek ul.Kołowa 2;1279;432;432;8;424;33.78;1.85;1227;816;816;9;807;66.50;1.10
77210;146511;917;Szkoła Podstawowa Nr 114 03-550 Targówek ul. Remiszewska 40;2144;699;699;20;679;32.60;2.86;2141;1363;1363;12;1351;63.66;0.88
77211;146511;918;Gimnazjum nr 141 03-563 Targówek ul. Trocka 4;1658;423;423;7;416;25.51;1.65;1637;938;938;9;929;57.30;0.96
77212;146511;919;Gimnazjum Nr 142 03-536 Targówek ul. Olgierda 35/41;1821;499;499;13;486;27.40;2.61;1807;1094;1094;15;1079;60.54;1.37
77213;146511;920;Szkoła Podstawowa Nr 114 03-550 Targówek ul.Remiszewska 40;2056;566;566;12;554;27.53;2.12;2008;1161;1161;9;1152;57.82;0.78
77214;146511;921;Szkoła Podstawowa Nr 114 03-550 Targówek ul. Remiszewska 40;1813;554;554;13;541;30.56;2.35;1786;1133;1133;23;1110;63.44;2.03
77215;146511;922;Liceum Ogólnokształcące Nr 13 03-503 Targówek ul. Oszmiańska 23/25;1898;485;485;12;473;25.55;2.47;1924;1143;1144;20;1123;59.41;1.75
77216;146511;923;Liceum Ogólnokształcące Nr 13 03-503 Targówek ul. Oszmiańska 23/25;1872;468;468;12;456;25.00;2.56;1808;1032;1033;18;1014;57.08;1.74
77217;146511;924;Gimnazjum Nr 142 03-536 Targówek ul. Olgierda 35/41;1162;395;395;9;386;33.99;2.28;1146;779;779;6;773;67.98;0.77
77218;146511;925;Klub „Pinokio” 03-550 Targówek ul. Goławicka 1;1808;562;562;11;551;31.08;1.96;1756;1115;1115;12;1103;63.50;1.08
77219;146511;926;Szkołą Podstawowa nr 206 03-358 Targówek ul.Bartnicza 2;1673;537;537;14;523;32.10;2.61;1640;1012;1012;11;1001;61.71;1.09
77220;146511;927;Gimnazjum Nr 143 03-358 Targówek ul. Bartnicza 8;802;258;258;7;251;32.17;2.71;837;520;520;15;505;62.13;2.88
77221;146511;928;Gimnazjum Nr 143 03-358 Targówek ul.Bartnicza 8;1837;512;512;7;505;27.87;1.37;1786;1056;1056;7;1049;59.13;0.66
77222;146511;929;Szkoła Podstawowa Nr 298 03-390 Targówek ul.Krakusa 2;1633;432;438;16;416;26.45;3.70;1594;899;899;16;883;56.40;1.78
77223;146511;930;Dom Kultury „Świt” 03-371 Targówek ul.Wysockiego 11;1867;596;596;5;591;31.92;0.84;1820;1192;1192;14;1178;65.49;1.17
77224;146511;931;Zespół Szkół nr 41 03-358 Targówek ul. Bartnicza 2;1884;640;640;12;628;33.97;1.88;1863;1214;1214;13;1201;65.16;1.07
77225;146511;932;Szkoła Podstawowa nr 275, 03-243 Targówek ul.Św.Hieronima 2;1660;452;452;17;435;27.23;3.76;1632;966;966;12;954;59.19;1.24
77226;146511;933;Szkoła Podstawowa Nr 275 03-243 Targówek ul.Św.Hieronima 2;2026;639;639;17;622;31.54;2.66;2005;1258;1258;22;1236;62.74;1.75
77227;146511;934;Szkoła PodstawowaNr 275 03-243 Targówek ul. Św.Hieronima 2;1545;466;466;8;458;30.16;1.72;1547;939;939;8;931;60.70;0.85
77228;146511;935;Szkoła Podstawowa Nr 298 03-390 Targówek ul. Krakusa 2;875;219;223;7;212;25.03;3.20;853;479;479;6;473;56.15;1.25
77229;146511;936;Gimnazjum Nr 143 03-358 Targówek ul.Bartnicza 8;1606;560;560;9;551;34.87;1.61;1597;1036;1036;5;1031;64.87;0.48
77230;146511;937;Zespół Szkół Nr 41 03-358 Targówek ul.Bartnicza 2;1180;350;350;7;343;29.66;2.00;1196;774;774;7;767;64.72;0.90
77231;146511;938;Szkoła Podstawowa Nr 298 03-390 Targówek ul.Krakusa 2;839;291;291;3;288;34.68;1.03;837;532;532;4;528;63.56;0.75
77232;146511;939;Gimnazjum Nr 143 03-358 Targówek ul. Bartnicza 8;2282;765;765;15;750;33.52;1.96;2265;1512;1512;32;1480;66.75;2.12
77233;146511;940;Szkoła Podstawowa Nr 42 03-329 Targówek ul.Balkonowa 4;1020;343;343;9;334;33.63;2.62;1711;1070;1070;85;985;62.54;7.94
77234;146511;941;Punkt Informacyjno-Konsultacyjny 03-332 Targówek ul.Św.Wincentego 87;2023;423;423;7;416;20.91;1.65;642;323;323;14;309;50.31;4.33
77235;146511;942;Ośrodek Pomocy Społecznej 03-332 Targówek ul.Św. Wincentego 87;1993;536;536;5;531;26.89;0.93;1938;1271;1271;10;1261;65.58;0.79
77236;146511;943;Szkoła Podstawowa Nr 42 03-329 Targówek ul.Balkonowa 4;1430;428;428;8;420;29.93;1.87;2038;1225;1225;19;1206;60.11;1.55
77237;146511;944;Liceum Ogólnokształcące 03-341 Targówek ul. Żuromińska 4;1758;551;551;10;541;31.34;1.81;1741;1074;1074;16;1058;61.69;1.49
77238;146511;945;Gimnazjum Nr 145 03-379 Targówek ul.Krasiczyńska 4/6;1525;432;432;10;422;28.33;2.31;1493;931;931;30;901;62.36;3.22
77239;146511;946;Gimnazjum Nr 145 03-379 Targówek ul.Krasiczyńska 4/6;1692;537;537;9;528;31.74;1.68;1755;1092;1092;14;1078;62.22;1.28
77240;146511;947;Liceum Ogólnokształcące 03-341 Targówek ul. Żuromińska 4;1746;482;482;14;468;27.61;2.90;1711;1006;1006;12;994;58.80;1.19
77241;146511;948;Liceum Ogólokształcące 03-341 Targówek ul. Żuromińska 4;1582;630;630;7;623;39.82;1.11;1654;1241;1241;6;1235;75.03;0.48
77242;146511;949;Ośrodek Sportu i Rekreacji 03-397 Targówek ul.Łabiszyńska 20;1859;446;446;9;437;23.99;2.02;1835;1005;1005;15;990;54.77;1.49
77243;146511;950;Szkoła Podstawowa Nr 277 03-252 Targówek ul.Suwalska 29;1934;645;645;18;627;33.35;2.79;1959;1212;1212;8;1204;61.87;0.66
77244;146511;951;Szkoła Podstawowa nr 285 03-254 Targówek ul.Turmoncka 20;2142;622;622;10;612;29.04;1.61;2101;1347;1347;24;1323;64.11;1.78
77245;146511;952;Szkoła Podstawowa Nr 285 03-254 Targówek ul.Turmoncka 20;1712;491;491;5;486;28.68;1.02;1690;1126;1126;23;1103;66.63;2.04
77246;146511;953;Szkoła Podstawowa Nr 285 03-254 Targówek ul.Turmoncka 20;1728;565;565;3;562;32.70;0.53;1708;1134;1134;7;1127;66.39;0.62
77247;146511;954;Gimnazjum Nr 144 03-254 Targówek ul.Turmoncka 2;1296;354;354;3;351;27.31;0.85;1276;729;729;10;719;57.13;1.37
77248;146511;955;Szkoła Podstawowa nr 277 03-252 Targówek ul.Suwalska 29;1609;507;507;13;494;31.51;2.56;1567;994;994;8;986;63.43;0.80
77249;146511;956;Gimnazjum Nr 144 03-254 Targówek ul.Turmoncka 2;1402;375;375;8;367;26.75;2.13;1364;788;788;11;777;57.77;1.40
77250;146511;957;Przedszkole Nr 90 03-254 Targówek ul.Turmoncka 7;967;294;294;5;289;30.40;1.70;945;588;588;9;579;62.22;1.53
77251;146511;958;Ośrodek Sportu i Rekreacji 03-397 Targówek ul.Łabiszyńska 20;2105;677;677;17;660;32.16;2.51;2093;1360;1360;22;1338;64.98;1.62
77252;146511;959;Szkoła Podstawowa Nr 277 03-252 Targówek ul.Suwalska 29;1801;485;485;8;477;26.93;1.65;1766;1103;1103;12;1091;62.46;1.09
77253;146512;681;Gimnazjum nr 133 02-495 Ursus Warszawska 63;1572;541;541;16;525;34.41;2.96;1549;1007;1007;2;1005;65.01;0.20
77254;146512;682;Gimnazjum nr 133 02-495 Ursus Warszawska 63;1953;637;637;9;628;32.62;1.41;2050;1437;1437;5;1432;70.10;0.35
77255;146512;683;Przedszkole 02-495 Ursus Zagłoby 27;1656;574;574;8;566;34.66;1.39;1655;1133;1133;19;1114;68.46;1.68
77256;146512;684;Dom Kultury „Miś” 02-495 Ursus Zagłoby 17;1752;545;545;11;534;31.11;2.02;1693;1100;1100;8;1092;64.97;0.73
77257;146512;685;Przedszkole 02-495 Ursus Zagłoby 11;1016;261;261;8;253;25.69;3.07;992;638;638;3;635;64.31;0.47
77258;146512;686;Szkoła Podstawowa Nr 11 02-495 Ursus Keniga 20;1818;556;556;9;547;30.58;1.62;1808;1181;1181;13;1168;65.32;1.10
77259;146512;687;Szkoła Podstawowa Nr 11 02-495 Ursus Keniga 20;1936;570;570;15;555;29.44;2.63;1948;1265;1265;17;1248;64.94;1.34
77260;146512;688;Zespół Szkół Nr 80 02-496 Ursus Orłów Piastowskich 47;1781;692;692;7;685;38.85;1.01;1956;1439;1439;7;1432;73.57;0.49
77261;146512;689;Przychodnia Rejonowa 02-495 Ursus Wojciechowskiego 58;970;320;320;5;315;32.99;1.56;1029;660;660;6;654;64.14;0.91
77262;146512;690;OSP 02-495 Ursus Rynkowa 8;2068;781;781;15;766;37.77;1.92;2052;1382;1382;10;1372;67.35;0.72
77263;146512;691;Zespół Szkół nr 42 02-495 Ursus Konińska 2;1940;736;736;8;728;37.94;1.09;1995;1285;1285;13;1272;64.41;1.01
77264;146512;692;Szkoła Podstawowa Nr 4 02-495 Ursus Walerego Sławka 9;1298;343;343;6;337;26.43;1.75;1265;742;742;19;723;58.66;2.56
77265;146512;693;Liceum Ogólnokształcące i Gimnazjum nr 132 02-495 Ursus Dzieci Warszawy 42;2025;680;680;15;665;33.58;2.21;2235;1560;1560;7;1553;69.80;0.45
77266;146512;694;Wydział Drogowy Ochota - Zarząd Dróg Miejskich 02-495 Ursus ul. Kompanii Kordian 44;2149;811;811;12;799;37.74;1.48;2127;1453;1454;11;1442;68.31;0.76
77267;146512;695;Gimnazjum nr 131 02-495 Ursus ul. Drzymały 1;1946;726;726;6;720;37.31;0.83;1939;1355;1355;14;1341;69.88;1.03
77268;146512;696;Dom Kultury „ Kolorowa” 02-495 Ursus Sosnkowskiego 16;2075;727;727;14;713;35.04;1.93;2032;1299;1299;12;1287;63.93;0.92
77269;146512;697;ZGN 02-495 Ursus Szancera 5;1667;626;626;6;620;37.55;0.96;1716;1279;1279;7;1272;74.53;0.55
77270;146512;698;Liceum Ogólnokształcące i Gimnazjum nr 132 02-495 Ursus Dzieci Warszawy 42;1661;634;634;3;631;38.17;0.47;1816;1371;1371;5;1366;75.50;0.36
77271;146512;699;Przedszkole 02-495 Ursus Górna Droga 10;969;337;337;5;332;34.78;1.48;1091;790;790;10;780;72.41;1.27
77272;146512;700;Przedszkole 02-495 Ursus Zagłoby 11;1644;528;528;13;515;32.12;2.46;1608;1033;1033;17;1016;64.24;1.65
77273;146512;701;Szkoła Podstawowa Nr 14 02-495 Ursus ul. Sosnkowskiego 10;1819;645;645;7;638;35.46;1.09;2061;1493;1493;7;1486;72.44;0.47
77274;146512;702;Zespół Szkół 02-496 Ursus Orłów Piastowskich 47;1195;534;534;8;526;44.69;1.50;1312;984;984;3;981;75.00;0.30
77275;146512;703;Liceum Ogólnokształcące i Gimnazjum nr 132 02-495 Ursus Dzieci Warszawy 42;1909;695;695;3;692;36.41;0.43;1988;1469;1471;16;1453;73.89;1.09
77276;146512;704;” Acherówka” 02-495 Ursus Walerego Sławka 2;1903;568;568;12;556;29.85;2.11;1982;1312;1313;6;1306;66.20;0.46
77277;146513;571;Gimnazjum nr 92 02-787 Ursynów ul. Koncertowa 4;2225;924;924;12;912;41.53;1.30;2241;1600;1600;8;1592;71.40;0.50
77278;146513;572;Szkoła Podstawowa nr 303 02-787 Ursynów ul. Koncertowa 8;1848;864;864;13;851;46.75;1.50;1854;1413;1413;19;1394;76.21;1.34
77279;146513;573;Przedszkole nr 126 02-787 Ursynów ul. Wokalna 1;1738;797;797;10;787;45.86;1.25;1874;1431;1431;3;1428;76.36;0.21
77280;146513;574;Przedszkole nr 283 02-785 Ursynów ul. Puszczyka 6;1542;582;582;13;569;37.74;2.23;1540;1114;1114;11;1103;72.34;0.99
77281;146513;575;Szkoła Podstawowa nr 81 02-785 Ursynów ul. Puszczyka 6;1959;883;883;6;877;45.07;0.68;1958;1445;1445;6;1439;73.80;0.42
77282;146513;576;Szkoła Podstawowa nr 81 02-785 Ursynów ul. Puszczyka 6;1747;737;737;8;729;42.19;1.09;1744;1238;1238;10;1228;70.99;0.81
77283;146513;577;Szkoła Podstawowa nr 313 02-784 Ursynów ul. Cybisa 1;1309;560;560;4;556;42.78;0.71;1302;929;929;4;925;71.35;0.43
77284;146513;578;Gimnazjum nr 96 02-787 Ursynów ul. Wokalna 1;1860;882;882;9;873;47.42;1.02;1916;1431;1431;11;1420;74.69;0.77
77285;146513;579;Gimnazjum nr 96 02-787 Ursynów ul. Wokalna 1;1319;576;576;12;564;43.67;2.08;1297;973;973;6;967;75.02;0.62
77286;146513;580;Szkoła Podstawowa nr 319 02-786 Ursynów ul. ZWM 10;1816;833;833;10;823;45.87;1.20;1797;1320;1320;12;1308;73.46;0.91
77287;146513;581;Szkoła Podstawowa nr 313 02-784 Ursynów ul. Cybisa 1;1946;803;803;13;790;41.26;1.62;1857;1369;1369;13;1356;73.72;0.95
77288;146513;582;Przedszkole nr 55 02-784 Ursynów ul. Cybisa 1;1711;755;755;10;745;44.13;1.32;1661;1184;1184;11;1173;71.28;0.93
77289;146513;583;Liceum Ogólnokształcące nr LXX 02-784 Ursynów ul. Dembowskiego 1;2145;924;924;9;915;43.08;0.97;2078;1572;1572;9;1563;75.65;0.57
77290;146513;584;Liceum Ogólnokształcące nr LXX 02-784 Ursynów ul. Dembowskiego 1;1504;722;722;11;711;48.01;1.52;1501;1149;1149;9;1140;76.55;0.78
77291;146513;585;Szkoła Podstawowa nr 322 02-784 Ursynów ul. Dembowskiego 9;1529;677;677;14;663;44.28;2.07;1502;1127;1127;3;1124;75.03;0.27
77292;146513;586;Przedszkole nr 385 02-786 Ursynów ul. ZWM 10;1418;553;553;11;542;39.00;1.99;1382;973;973;2;971;70.41;0.21
77293;146513;587;Szkoła Podstawowa nr 319 02-786 Ursynów ul. ZWM 10;952;402;402;5;397;42.23;1.24;921;690;690;7;683;74.92;1.01
77294;146513;588;Szkoła Podstawowa nr 322 02-784 Ursynów ul. Dembowskiego 9;1697;859;859;11;848;50.62;1.28;1693;1355;1355;8;1347;80.04;0.59
77295;146513;589;Liceum Ogólnokształcące Nr LXIII 02-776 Ursynów ul. Hirszfelda 11;1711;664;664;11;653;38.81;1.66;1820;1322;1322;10;1312;72.64;0.76
77296;146513;590;Szkoła Podstawowa nr 310 02-776 Ursynów ul. Hawajska 7;1832;811;811;15;796;44.27;1.85;1845;1389;1389;6;1383;75.28;0.43
77297;146513;591;Szkoła Podstawowa nr 310 02-776 Ursynów ul. Hawajska 7;2091;858;858;27;831;41.03;3.15;2094;1475;1475;13;1462;70.44;0.88
77298;146513;592;Przedszkole nr 366 02-776 Ursynów ul. Hawajska 7;1860;742;742;10;732;39.89;1.35;1840;1341;1341;14;1327;72.88;1.04
77299;146513;593;Przedszkole nr 352 02-777 Ursynów ul. L. Teligi 3;1429;533;533;1;532;37.30;0.19;1396;990;990;8;982;70.92;0.81
77300;146513;594;Szkoła Podstawowa nr 318 02-777 Ursynów ul. L. Teligi 3;2004;799;799;11;788;39.87;1.38;1990;1442;1442;15;1427;72.46;1.04
77301;146513;595;Szkoła Podstawowa nr 343 02-777 Ursynów ul. S. Kopcińskiego 7;2395;1110;1110;13;1097;46.35;1.17;2048;1787;1787;8;1779;87.26;0.45
77302;146513;596;Szkoła Podstawowa nr 343 02-777 Ursynów ul. S. Kopcińskiego 7;2007;1082;1082;13;1069;53.91;1.20;2021;1678;1680;5;1673;83.03;0.30
77303;146513;597;Liceum Ogólnokształcące nr LXIII 02-776 Ursynów ul. L. Hirszfelda 11;2122;842;842;14;828;39.68;1.66;2082;1539;1539;9;1530;73.92;0.58
77304;146513;598;CIX Liceum Ogólnokształcące 02-776 Ursynów ul. E. Warchałowskiego 4;1824;745;746;8;737;40.84;1.07;1869;1385;1385;12;1373;74.10;0.87
77305;146513;599;CIX Liceum Ogólnokształcące 02-776 Ursynów ul. E. Warchałowskiego 4;2014;757;757;13;744;37.59;1.72;2052;1460;1460;2;1458;71.15;0.14
77306;146513;600;Gimnazjum nr 93 02-777 Ursynów ul. S. Szolc-Rogozińskiego 2;1258;508;508;5;503;40.38;0.98;1263;937;937;6;931;74.19;0.64
77307;146513;601;Gimnazjum nr 93 02-777 Ursynów ul. S. Szolc-Rogozińskiego 2;1909;737;737;7;730;38.61;0.95;1844;1322;1322;9;1313;71.69;0.68
77308;146513;602;Gimnazjum nr 93 02-777 Ursynów ul. S. Szolc-Rogozińskiego 2;1617;603;604;12;591;37.29;1.99;1666;1180;1180;11;1169;70.83;0.93
77309;146513;603;Gimnazjum nr 93 02-777 Ursynów ul. S. Szolc-Rogozińskiego 2;1328;540;540;4;536;40.66;0.74;1376;1027;1034;8;1019;74.64;0.78
77310;146513;604;Przedszkole nr 282 02-791 Ursynów ul. Na Uboczu 7;2059;806;806;8;798;39.15;0.99;2082;1577;1577;13;1564;75.74;0.82
77311;146513;605;Gimnazjum nr 94 02-791 Ursynów ul. Na Uboczu 9;1498;676;676;2;674;45.13;0.30;1459;1101;1101;8;1093;75.46;0.73
77312;146513;606;Przedszkole nr 395 02-791 Ursynów ul. Na Uboczu 9;1983;828;828;14;814;41.75;1.69;1992;1449;1449;15;1434;72.74;1.04
77313;146513;607;Przedszkole nr 395 02-791 Ursynów ul. Na Uboczu 9;2085;902;902;11;891;43.26;1.22;2118;1584;1584;7;1577;74.79;0.44
77314;146513;608;Przedszkole nr 395 02-791 Ursynów ul. Na Uboczu 9;1557;665;665;10;655;42.71;1.50;1910;1209;1209;10;1199;63.30;0.83
77315;146513;609;Przedszkole nr 286 02-796 Ursynów ul. Mandarynki 1;1914;914;914;10;904;47.75;1.09;2023;1587;1587;8;1579;78.45;0.50
77316;146513;610;Szkoła Podstawowa nr 330 02-796 Ursynów ul. Mandarynki 1;2118;830;846;8;822;39.19;0.96;2023;1438;1438;7;1431;71.08;0.49
77317;146513;611;Szkoła Podstawowa nr 330 02-796 Ursynów ul. Mandarynki 1;1342;607;609;7;600;45.23;1.15;1342;1026;1026;8;1018;76.45;0.78
77318;146513;612;Szkoła Podstawowa nr 330 02-796 Ursynów ul. Mandarynki 1;1711;878;878;16;862;51.32;1.82;1729;1397;1397;6;1391;80.80;0.43
77319;146513;613;Przedszkole nr 267 02-793 Ursynów ul. W. Małcużyńskiego 4;1606;876;876;9;867;54.55;1.03;1680;1391;1391;4;1387;82.80;0.29
77320;146513;614;Szkoła Podstawowa nr 336 02-793 Ursynów ul. W. Małcużyńskiego 4;2210;1047;1047;16;1031;47.38;1.53;2100;1664;1664;6;1658;79.24;0.36
77321;146513;615;Szkoła Podstawowa nr 336 02-793 Ursynów ul. Małcużyńskiego 4;1778;896;896;8;888;50.39;0.89;1805;1398;1398;8;1390;77.45;0.57
77322;146513;616;Gimnazjum nr 95 02-793 Ursynów ul. E. Lokajskiego 3;2248;982;982;10;972;43.68;1.02;2197;1670;1670;8;1662;76.01;0.48
77323;146513;617;Szkoła Podstawowa nr 340 02-793 Ursynów ul. E. Lokajskiego 3;2152;1054;1054;11;1043;48.98;1.04;2176;1717;1717;15;1702;78.91;0.87
77324;146513;618;Przedszkole nr 267 02-793 Ursynów ul. W. Małcużyńskiego 4;1794;991;991;7;984;55.24;0.71;1879;1515;1515;10;1505;80.63;0.66
77325;146513;619;Szkoła Podstawowa nr 340 02-793 Ursynów ul. E. Lokajskiego 3;2069;999;1000;4;995;48.28;0.40;2329;1878;1880;6;1872;80.64;0.32
77326;146513;620;Przedszkole nr 400 02-793 Ursynów ul. E. Lokajskiego 2;2247;933;933;15;918;41.52;1.61;2270;1687;1687;14;1673;74.32;0.83
77327;146513;621;Szkoła Podstawowa nr 16 budynek A 02-798 Ursynów ul. Wilczy Dół 4;1716;977;977;21;956;56.93;2.15;1818;1534;1534;6;1528;84.38;0.39
77328;146513;622;Szkoła Podstawowa nr 16 budynek A 02-798 Ursynów ul. Wilczy Dół 4;2000;1126;1126;58;1068;56.30;5.15;2090;1699;1699;7;1692;81.29;0.41
77329;146513;623;Szkoła Podstawowa Nr 16 budynek A 02-798 Ursynów ul. Wilczy Dół 4;1790;926;926;13;913;51.73;1.40;1894;1537;1566;17;1520;81.15;1.11
77330;146513;624;Prywatna Szkoła Podstawowa Nr 6 02-796 Ursynów ul. J. Zaruby 2;1935;895;900;16;879;46.25;1.79;1995;1557;1557;13;1544;78.05;0.83
77331;146513;625;Prywatna Szkoła Podstawowa nr 6 02-796 Ursynów ul. J. Zaruby 2;1976;1065;1068;20;1045;53.90;1.88;2025;1695;1702;6;1689;83.70;0.35
77332;146513;626;Szkoła Podstawowa nr 96 02-868 Ursynów ul. Sarabandy 16/22;1889;818;818;6;812;43.30;0.73;1937;1447;1447;9;1438;74.70;0.62
77333;146513;627;Gimnazjum nr 91 02-838 Ursynów ul. Kajakowa 10;1845;786;786;12;774;42.60;1.53;1844;1384;1386;11;1373;75.05;0.79
77334;146513;628;Szkoła Podstawowa nr 100 02-829 Ursynów ul. Taneczna 54/58;1640;724;724;11;713;44.15;1.52;1592;1240;1240;9;1231;77.89;0.73
77335;146513;629;Szkoła Podstawowa nr 100 02-829 Ursynów ul. Taneczna 54/58;2069;747;747;4;743;36.10;0.54;2440;1546;1546;32;1514;63.36;2.07
77336;146513;630;Przedszkole nr 412 02-793 Ursynów ul. Pala Telekiego 8;1741;879;879;12;867;50.49;1.37;1755;1515;1515;5;1510;86.32;0.33
90808;146513;631;Gimnazjum nr 91 02-838 Ursynów Kajakowa 10;1675;768;768;10;758;45.85;1.30;1685;1283;1283;8;1275;76.14;0.62
90809;146513;632;Szkoła Podstawowa nr 323 02-776 Ursynów L. Hirszfelda 11;932;426;426;6;420;45.71;1.41;1059;854;854;2;852;80.64;0.23
90810;146513;1140;Instytut Hematologii i Transfuzjologii 02-776 Ursynów I. Gandhi 14;335;39;39;2;37;11.64;5.13;173;89;89;1;88;51.45;1.12
90811;146513;1141;Centrum Onkologii - Instytut im. Marii Skłodowskiej-Curie w Warszawie 02-781 Ursynów W. K. Roentgena 5;686;39;39;0;39;5.69;0.00;604;141;141;0;141;23.34;0.00
90812;146513;1142;Areszt Śledczy Warszawa-Służewiec 02-699 Ursynów Kłobucka 5;980;364;364;30;334;37.14;8.24;827;465;465;25;440;56.23;5.38
77337;146514;501;Obiekt Sportowo-Rekreacyjny „Syrenka” 04-551 Wawer, Marysin Wawerski ul. Starego Doktora 1;2016;633;633;13;620;31.40;2.05;2080;1334;1334;13;1321;64.13;0.97
77338;146514;502;Obiekt Sportowo-Rekreacyjny „Syrenka” 04-551 Wawer, Marysin Wawerski ul. Starego Doktora 1;1598;558;558;16;542;34.92;2.87;1591;1022;1022;9;1013;64.24;0.88
77339;146514;503;Zespół Szkół Nr 115 04-526 Wawer, Marysin Wawerski ul. Króla Maciusia 5;1894;576;576;8;568;30.41;1.39;1827;1138;1138;13;1125;62.29;1.14
77340;146514;504;C.S.Szkolenie i Doradztwo Sp.z.o.o. 04-506 Wawer, Marysin Wawerski ul. Minerska 16;1650;746;746;18;728;45.21;2.41;1746;1245;1245;9;1236;71.31;0.72
77341;146514;505;Samodzielny Zespół Publicznych Zakładów Lecznictwa Otwartego Warszawa Wawer 04-564 Wawer, Marysin Wawerski ul. Strusia 4/8;1775;668;668;10;658;37.63;1.50;1763;1231;1231;5;1226;69.82;0.41
77342;146514;506;Szkoła Podstawowa Sióstr Felicjanek 04-539 Wawer, Marysin Wawerski ul. Azaliowa 10;1512;664;664;10;654;43.92;1.51;1490;1088;1088;7;1081;73.02;0.64
77343;146514;507;Szkoła Podstawowa nr 128 03-987 Wawer, Las ul. Kadetów 15;1184;442;442;9;433;37.33;2.04;1210;842;842;6;836;69.59;0.71
77344;146514;508;Siedziba Rady Osiedla „Sadul” 04-687 Wawer, Sadul ul. Lucerny 110;1830;851;851;16;835;46.50;1.88;1868;1437;1437;10;1427;76.93;0.70
77345;146514;509;Biblioteka Publiczna w Dzielnicy Wawer 04-648 Wawer, Wawer ul.Błękitna 32;1037;418;418;4;414;40.31;0.96;1020;711;711;6;705;69.71;0.84
77346;146514;510;Zespół Szkół Nr 116 04-686 Wawer, Wawer ul. Koryncka 33;1774;700;700;7;693;39.46;1.00;1816;1255;1255;11;1244;69.11;0.88
77347;146514;511;Klub Kultury „Zastów” 04-687 Wawer, Borków ul. Lucerny 13;1240;481;481;6;475;38.79;1.25;1341;958;958;8;950;71.44;0.84
77348;146514;512;Szkoła Podstawowa nr 109 03-991 Wawer, Borków ul. Przygodna 2;2005;840;840;8;832;41.90;0.95;2138;1632;1632;18;1614;76.33;1.10
77349;146514;513;Szkoła Podstawowa nr 109 03-991 Wawer, Kuligów ul. Przygodna 2;1998;967;967;12;955;48.40;1.24;2068;1625;1625;14;1611;78.58;0.86
77350;146514;514;Młodzieżowy Ośodek Socjoterapii „Dom Na Trakcie” 04-870 Wawer, Kuligów ul. Trakt Lubelski 40;1291;434;434;7;427;33.62;1.61;1319;919;919;8;911;69.67;0.87
77351;146514;515;Zespół Szkół Prywatnych 04-987 Wawer, Julianów ul. Wał Miedzeszyński 141;1485;514;514;4;510;34.61;0.78;1623;1193;1193;5;1188;73.51;0.42
77352;146514;516;Szkoła Podstawowa nr 218 04-621 Wawer, Anin ul. Kajki 80/82;2314;1061;1061;4;1057;45.85;0.38;2296;1656;1656;11;1645;72.13;0.66
77353;146514;517;Zespół Szkół Nr 114 04-628 Wawer, Anin ul. Alpejska 16;2125;959;959;9;950;45.13;0.94;2122;1535;1535;7;1528;72.34;0.46
77354;146514;518;Prywatna Szkoła Podstawowa Nr 92 04-760 Wawer, Międzylesie ul. Patriotów 347;1801;751;751;13;738;41.70;1.73;1759;1251;1251;6;1245;71.12;0.48
77355;146514;519;Szkoła Podstawowa nr 138 04-703 Wawer, Międzylesie ul. Pożaryskiego 2;2225;974;974;11;963;43.78;1.13;2270;1676;1676;8;1668;73.83;0.48
77356;146514;520;Szkoła Podstawowa nr 138 04-703 Wawer, Międzylesie ul. Pożaryskiego 2;2074;873;873;12;861;42.09;1.37;2101;1494;1494;11;1483;71.11;0.74
77357;146514;521;Zespół Szkół nr 70 04-855 Wawer, Radość ul. Bajkowa 17/21;1125;428;428;5;423;38.04;1.17;1128;791;791;14;777;70.12;1.77
77358;146514;522;Zespół Szkół nr 70 04-855 Wawer, Radość ul. Bajkowa 17/21;1562;656;656;5;651;42.00;0.76;1603;1157;1157;6;1151;72.18;0.52
77359;146514;523;Dom Pomocy Społecznej „Na Bachusa” 04-837 Wawer, Radość ul. Bachusa 7;623;227;227;12;215;36.44;5.29;660;453;453;3;450;68.64;0.66
77360;146514;524;Szkoła Podstawowa nr 140 04-831 Wawer, Radość ul. Wilgi 19;1803;870;870;14;856;48.25;1.61;1878;1390;1390;15;1375;74.01;1.08
77361;146514;525;Prywatna Szkoła Podstawowa Towarzystwa Edukacyjnego Vizja 04-840 Wawer, Radość ul. Patriotów 148;1888;773;773;8;765;40.94;1.03;1878;1280;1280;11;1269;68.16;0.86
77362;146514;526;XXV Liceum Ogólnokształcące 04-961 Wawer, Miedzeszyn ul. Halna 20;1792;663;663;11;652;37.00;1.66;1767;1201;1201;22;1179;67.97;1.83
77363;146514;527;Szkoła Podstawowa nr 216 04-908 Wawer, Miedzeszyn ul. Wolna 36/38;1398;497;497;6;491;35.55;1.21;1392;938;938;13;925;67.39;1.39
77364;146514;528;Szkoła Podstawowa nr 216 04-908 Wawer, Falenica ul. Wolna 36/38;1818;840;840;6;834;46.20;0.71;1788;1277;1277;4;1273;71.42;0.31
77365;146514;529;Klub Kultury „Aleksandrów” 04-965 Wawer, Aleksandrów Pierwszy ul. Samorządowa 10;1742;610;610;8;602;35.02;1.31;1815;1266;1266;14;1252;69.75;1.11
77366;146514;530;Zespół Szkół nr 111 04-984 Wawer, Falenica ul. Poezji 5;1245;384;384;6;378;30.84;1.56;1266;803;803;11;792;63.43;1.37
77367;146514;531;Hala Sportowa OSiR 04-984 Wawer, Falenica ul. Poezji 5;1530;550;550;9;541;35.95;1.64;1630;1137;1137;23;1114;69.75;2.02
77368;146514;532;Szkoła Podstawowa nr 124 04-923 Wawer, Falenica ul. Bartoszycka 45/47;2094;930;930;16;914;44.41;1.72;2096;1475;1475;8;1467;70.37;0.54
90813;146514;533;Szkoła Podstawowa nr 128 03-987 Wawer Las Kadetów 15;1044;441;441;4;437;42.24;0.91;1168;912;912;10;902;78.08;1.10
90815;146514;1137;Instytut Kardiologii im. Prymasa Tysiąclecia Stefana Kardynała Wyszyńskiego 04-628 Wawer Alpejska 42;281;40;40;0;40;14.23;0.00;237;132;132;1;131;55.70;0.76
90816;146514;1138;Międzyleski Szpital Specjalistyczny w Warszawie 04-749 Wawer Bursztynowa 2;336;73;73;3;70;21.73;4.11;277;106;106;3;103;38.27;2.83
90817;146514;1139;Zakład Opiekuńczo-Leczniczy 04-837 Wawer Olchy 8;38;14;14;2;12;36.84;14.29;59;30;30;3;27;50.85;10.00
77369;146515;1001;Szkoła Podstawowa nr 174 05-075 Wesoła Plac Wojska Polskiego 28;1496;471;472;8;463;31.48;1.70;1455;933;933;14;919;64.12;1.50
77370;146515;1002;Zespół Szkół nr 94 - budynek B 05-075 Wesoła Krótka 1;1940;704;704;9;695;36.29;1.28;1946;1315;1315;15;1300;67.57;1.14
77371;146515;1003;Szkoła Podstawowa nr 171 05-075 Wesoła Armii Krajowej 39;1740;681;681;11;670;39.14;1.62;1776;1239;1239;17;1222;69.76;1.37
77372;146515;1004;Ośrodek Kultury w Dzielnicy Wesoła m.st. Warszawy 05-075 Wesoła Starzyńskiego 21;1196;527;527;5;522;44.06;0.95;1228;921;921;9;912;75.00;0.98
77373;146515;1005;Zespół Szkół nr 94 - budynek A 05-075 Wesoła Krótka 1;2083;755;755;12;743;36.25;1.59;2098;1457;1457;16;1441;69.45;1.10
77374;146515;1006;Budynek Urzędu Dzielnicy Wesoła m.st. Warszawy 05-075 Wesoła 1. Praskiego Pułku 33;1085;452;452;10;442;41.66;2.21;1127;807;807;6;801;71.61;0.74
77375;146515;1007;Szkoła Podstawowa nr 173 05-077 Wesoła Trakt Brzeski 18;1686;815;815;8;807;48.34;0.98;2080;1623;1623;14;1609;78.03;0.86
77376;146515;1008;Szkoła Podstawowa nr 173 05-077 Wesoła Trakt Brzeski 18;2107;888;889;15;873;42.15;1.69;2007;1474;1474;11;1463;73.44;0.75
77377;146515;1009;Gimnazjum nr 119 05-077 Wesoła Klimatyczna 1;2100;845;845;15;830;40.24;1.78;2029;1556;1556;4;1552;76.69;0.26
77378;146515;1010;Gimnazjum nr 119 05-077 Wesoła Klimatyczna 1;1711;844;844;13;831;49.33;1.54;2043;1641;1642;7;1634;80.32;0.43
77379;146516;552;Zespół Szkół nr 2 im. Wandy Rutkiewicz 02-956 Wilanów Gubinowska 28/30;1030;472;472;5;467;45.83;1.06;1021;774;774;6;768;75.81;0.78
77380;146516;553;Przedszkole Nr 56 „Wesołe Kubusie” 02-956 Wilanów Gubinowska 28/30;1315;572;572;8;564;43.50;1.40;1268;943;943;15;928;74.37;1.59
77381;146516;554;Zespół Szkół Nr 2 im. Wandy Rutkiewicz 02-956 Wilanów Gubinowska 28/30;1622;763;763;5;758;47.04;0.66;1613;1191;1191;9;1182;73.84;0.76
77382;146516;555;Zespół Szkół Nr 79 im. Stanisława Kostki Potockiego 02-952 Wilanów Wiertnicza 26;1686;717;717;6;711;42.53;0.84;1800;1302;1306;7;1295;72.33;0.54
77383;146516;556;Przedszkole nr 416 02-987 Wilanów Syta 123;1713;906;906;7;899;52.89;0.77;1859;1520;1520;9;1511;81.76;0.59
77384;146516;557;Zespół Szkolno-Przedszkolny Nr 3 02-968 Wilanów Przyczółkowa 27;945;419;419;2;417;44.34;0.48;972;702;702;6;696;72.22;0.85
77385;146516;558;Zespół Szkół Nr 79 im. Stanisława Kostki Potockiego 02-952 Wilanów Wiertnicza 26;1312;608;608;3;605;46.34;0.49;1352;1079;1079;6;1073;79.81;0.56
77386;146516;559;Szkoła Podstawowa Nr 123 02-967 Wilanów Uprawna 9/17;722;257;257;4;253;35.60;1.56;730;499;499;5;494;68.36;1.00
77387;146516;560;Instytut Jana Pawła II 02-972 Wilanów Prymasa Augusta Hlonda 1;1021;498;498;2;496;48.78;0.40;1309;1029;1029;5;1024;78.61;0.49
77388;146516;561;Szpital Medicover 02-972 Warszawa Aleja Rzeczypospolitej 5;800;352;352;3;349;44.00;0.85;1032;814;814;3;811;78.88;0.37
77389;146516;562;Instytut Papieża Jana Pawał II 02-972 Warszawa ul. Prymasa Augusta Hlonda 1;1229;591;591;6;585;48.09;1.02;1659;1321;1321;11;1310;79.63;0.83
77390;146516;563;Przedszkole 416 02-987 Warszawa Syta 123;764;307;307;3;304;40.18;0.98;831;609;609;4;605;73.29;0.66
77391;146516;564;Zespół Szkół nr 2 im. Wandy Rutkiewicz 02-956 Warszawa Gubinowska 28/30;1716;785;785;11;774;45.75;1.40;1694;1260;1260;5;1255;74.38;0.40
77392;146516;565;Zespół Szkolno-Przedszkolny nr 3 02-968 Warszawa Przyczółkowa 27;1081;541;541;6;535;50.05;1.11;1110;869;869;4;865;78.29;0.46
90818;146516;566;Instytut Papieża Jana Pawła II 02-972 Warszawa Prymasa Augusta Hlonda 1;1482;660;661;2;658;44.53;0.30;2004;1612;1613;4;1608;80.44;0.25
90819;146516;567;Instytut Papieża Jana Pawła II 02-972 Warszawa Prymasa Augusta Hlonda 1;760;343;344;4;339;45.13;1.17;988;836;837;1;835;84.62;0.12
90820;146516;568;Instytut Papieża Jana Pawła II 02-972 Warszawa Prymasa Augusta Hlonda 1;799;346;350;0;346;43.30;0.00;1134;889;889;5;884;78.40;0.56
77393;146517;651;Szkoła Muzyczna 02-436 Włochy ul.Globusowa 24;1507;625;625;9;616;41.47;1.44;1501;1028;1028;16;1012;68.49;1.56
77394;146517;652;Biblioteka Publiczna 02-421 Włochy ul. Chrościckiego 2;1033;396;396;2;394;38.33;0.51;1013;661;661;6;655;65.25;0.91
77395;146517;653;Zespół Szkół Ogólnokształcących nr 17 02-428 Włochy ul. Promienista 12a;994;333;333;12;321;33.50;3.60;989;636;636;5;631;64.31;0.79
77396;146517;654;Szkoła Podstawowa nr 66 02-407 Włochy ul. Przepiórki 16/18;854;302;302;11;291;35.36;3.64;839;570;570;4;566;67.94;0.70
77397;146517;655;Artystyczny Dom Animacji ADA 02-421 Włochy ul.Chrościckiego 14;1390;491;491;7;484;35.32;1.43;1769;1306;1306;8;1298;73.83;0.61
77398;146517;656;Gimnazjum Nr 112 02-482 Włochy ul.Solipska 17/19;1259;555;555;7;548;44.08;1.26;1284;969;969;2;967;75.47;0.21
77399;146517;657;Gimnazjum Nr 112 02-479 Włochy ul. Solipska 17/19;1316;602;602;2;600;45.74;0.33;1396;1093;1093;7;1086;78.30;0.64
77400;146517;658;Dom Kultury „ Włochy” 02-479 Włochy ul.Chrobrego 27;1324;532;532;10;522;40.18;1.88;1378;975;975;0;975;70.75;0.00
77401;146517;659;Przedszkole Nr 71 02-462 Włochy ul. Śląska 50/52;1452;506;506;7;499;34.85;1.38;1489;1004;1004;6;998;67.43;0.60
77402;146517;660;Ośrodek Pomocy Społecznej 02-456 Włochy ul. Czereśniowa 118;1336;501;501;6;495;37.50;1.20;1478;1028;1028;15;1013;69.55;1.46
77403;146517;661;Szkoła Podstawowa Nr 94 02-492 Włochy ul. Cietrzewia 22A;1609;638;638;14;624;39.65;2.19;1834;1285;1285;9;1276;70.07;0.70
77404;146517;662;Ośrodek Pomocy Społecznej 02-456 Włochy ul. Czereśniowa 35;532;271;271;0;271;50.94;0.00;553;437;437;5;432;79.02;1.14
77405;146517;663;Ratusz 02-133 Włochy Al.Krakowska 257;920;281;281;3;278;30.54;1.07;1164;787;787;6;781;67.61;0.76
77406;146517;664;Ośrodek Pomocy Społecznej - Filia 02-261 Włochy ul. Robotnicza 15;764;267;267;4;263;34.95;1.50;775;496;496;7;489;64.00;1.41
77407;146517;665;Szkoła Podstawowa Nr 87 02-272 Włochy ul. Malownicza 31;1463;414;414;8;406;28.30;1.93;1442;812;813;17;795;56.31;2.09
77408;146517;666;Szkoła Podstawowa nr 87 02-272 Włochy ul. Malownicza 31;836;214;214;4;210;25.60;1.87;839;559;559;8;551;66.63;1.43
77409;146517;667;Zespoł Szkół im.Bohaterów Narwiku 02-172 Włochy ul. Gładka 16;854;285;285;8;277;33.37;2.81;840;472;472;6;466;56.19;1.27
77410;146517;668;Szkoła Podstawowa 227 02-154 Włochy ul. Astronautów 17;1144;450;450;3;447;39.34;0.67;1131;772;772;13;759;68.26;1.68
77411;146517;669;Przedszkole nr 175 02-154 Włochy ul.Astronautów 5;1425;563;563;11;552;39.51;1.95;1422;967;967;11;956;68.00;1.14
77412;146517;670;Ratusz 02-133 Włochy Al.Krakowska 257;1550;578;578;8;570;37.29;1.38;1547;1040;1040;6;1034;67.23;0.58
77413;146517;671;Przedszkole Nr 78 02-137 Włochy ul. Radarowa 4A;914;370;370;3;367;40.48;0.81;922;613;613;8;605;66.49;1.31
77414;146517;672;Szkoła Podstawowa Nr 88 02-137 Włochy ul. Radarowa 4B;1134;504;504;18;486;44.44;3.57;1157;870;870;3;867;75.19;0.34
77415;146517;673;Szkoła Podstawowa nr 88 02-137 Włochy ul. Radarowa 4B;1052;397;397;11;386;37.74;2.77;1035;698;698;6;692;67.44;0.86
77416;146517;674;Przedszkole Nr 313 02-139 Włochy ul. Sulmierzycka 1;1477;599;599;14;585;40.56;2.34;1499;1087;1087;15;1072;72.52;1.38
77417;146517;675;Przedszkole Integracyjne Nr 314 02-134 Włochy ul. 1 Sierpnia 36A;1573;545;545;8;537;34.65;1.47;1567;965;965;13;952;61.58;1.35
77418;146518;261;Zespół Szkół Zawodowych nr 32 01-408 Wola ul. Ożarowska 71;1853;586;586;8;578;31.62;1.37;1784;1041;1041;13;1028;58.35;1.25
77419;146518;262;Zespół Szkół Zawodowych nr 32 01-408 Wola ul. Ożarowska 71;1901;630;630;5;625;33.14;0.79;1871;1136;1136;12;1124;60.72;1.06
77420;146518;263;Szkoła Podstawowa nr 225 01-451 Wola ul. Brożka 15;2293;931;931;13;918;40.60;1.40;2264;1527;1527;13;1514;67.45;0.85
77421;146518;264;Gimnazjum Nr 48 01-407 Wola ul. Deotymy 25/33;1923;718;718;16;702;37.34;2.23;1898;1294;1294;20;1274;68.18;1.55
77422;146518;265;Zespół Szkół Integracyjnych Nr 71 01-409 Wola ul. Deotymy 39;1860;555;555;14;541;29.84;2.52;1886;1163;1163;15;1148;61.66;1.29
77423;146518;266;Szkoła Podstawowa nr 225 01-451 Wola ul. Brożka 15;2093;571;571;14;557;27.28;2.45;1997;1125;1125;16;1109;56.33;1.42
77424;146518;267;Zespół Szkół Integracyjnych Nr 71 01-409 Wola ul. Deotymy 37;1408;492;492;12;480;34.94;2.44;1462;867;867;10;857;59.30;1.15
77425;146518;268;Szkoła Podstawowa nr 148 01-408 Wola ul. Ożarowska 69;1207;412;413;11;401;34.13;2.67;1185;696;696;10;686;58.73;1.44
77426;146518;269;Gimnazjum nr 51 01-111 Wola ul. Olbrachta 48/56;1782;651;651;10;641;36.53;1.54;1760;1191;1191;11;1180;67.67;0.92
77427;146518;270;Gimnazjum Nr 51 01-111 Wola ul. Olbrachta 48/56;2265;856;856;15;841;37.79;1.75;2343;1567;1567;13;1554;66.88;0.83
77428;146518;271;Przedszkole Nr 403 01-112 Wola ul. Góralska 1;1549;619;619;24;595;39.96;3.88;1497;1044;1044;10;1034;69.74;0.96
77429;146518;272;Przedszkole Nr 273 01-111 Wola ul. Góralska 28;1536;500;500;15;485;32.55;3.00;1486;922;922;17;905;62.05;1.84
77430;146518;273;LXXXVI Liceum Ogólnokształcące 01-122 Wola ul. Garbińskiego 1;1273;393;393;8;385;30.87;2.04;1272;775;775;5;770;60.93;0.65
77431;146518;274;„Klub Parasol” 01-120 Wola ul. Batalionu AK Parasol 3a;1780;546;546;18;528;30.67;3.30;1723;1004;1004;29;975;58.27;2.89
77432;146518;275;Szkoła Podstawowa nr 238 01-106 Wola ul. Redutowa 37;1692;542;542;9;533;32.03;1.66;1730;1090;1090;10;1080;63.01;0.92
77433;146518;276;Szkoła Podstawowa nr 238 01-106 Wola ul. Redutowa 37 lokal: Warszawa;1673;428;428;13;415;25.58;3.04;1764;1026;1039;14;1012;58.16;1.36
77434;146518;277;LXXXVI Liceum Ogólnokształcące 01-122 Wola ul. Garbińskiego 1;1453;414;414;10;404;28.49;2.42;1448;847;847;8;839;58.49;0.94
77435;146518;278;Szkoła Podstawowa nr 132 01-236 Wola ul. Grabowska 1;1454;588;588;15;573;40.44;2.55;1454;979;979;9;970;67.33;0.92
77436;146518;279;Państwowe Przedszkole nr 253 01-107 Wola ul. Antka Rozpylacza 2;2123;787;787;23;764;37.07;2.92;2173;1544;1544;19;1525;71.05;1.23
77437;146518;280;LXXXVI Liceum Ogólnokształcące 01-122 Wola ul. Garbińskiego 1;1649;542;542;2;540;32.87;0.37;1632;1025;1030;16;1009;62.81;1.56
77438;146518;281;Szkoła Podstawowa nr 132 01-236 Wola ul. Grabowska 1;2361;895;895;12;883;37.91;1.34;2431;1819;1819;13;1806;74.83;0.71
77439;146518;282;Szkoła Podstawowa nr 132 01-236 Wola Grabowska 1;1394;468;468;10;458;33.57;2.14;2343;1513;1513;14;1499;64.58;0.93
77440;146518;283;XXXIII Liceum Ogólnokształcące nr 33 01-225 Wola ul. Bema 76;1779;581;581;12;569;32.66;2.07;1758;1122;1122;24;1098;63.82;2.14
77441;146518;284;XXXIII Liceum Ogólnokształcące nr 33 01-225 Wola ul. Bema 76;1638;649;649;13;636;39.62;2.00;1596;1075;1075;2;1073;67.36;0.19
77442;146518;285;Zespół Szkół Nr 36 01-211 Wola ul. Kasprzaka 19/21;1913;719;719;20;699;37.58;2.78;2030;1314;1314;9;1305;64.73;0.68
77443;146518;286;Zespół Szkół nr 6 01-167 Wola ul. Zawiszy 13;2041;908;908;13;895;44.49;1.43;2283;1744;1744;8;1736;76.39;0.46
77444;146518;287;Zespół Szkół nr 6 01-167 Wola ul. Zawiszy 13;1531;480;480;10;470;31.35;2.08;1843;1242;1242;16;1226;67.39;1.29
77445;146518;288;Gimnazjum nr 47 01-154 Wola ul. Grenady 16;2004;644;644;18;626;32.14;2.80;1966;1266;1266;9;1257;64.39;0.71
77446;146518;289;Gimnazjum nr 47 01-154 Wola ul. Grenady 16;2007;602;602;18;584;30.00;2.99;1981;1141;1141;9;1132;57.60;0.79
77447;146518;290;Zespół Państwowych Szkół Muzycznych nr 3 01-172 Wola ul. Tyszkiewicza 42;1686;490;490;5;485;29.06;1.02;1665;1025;1025;12;1013;61.56;1.17
77448;146518;291;Przedszkole Nr 237 01-172 Wola ul. Tyszkiewicza 33;1649;493;493;14;479;29.90;2.84;1614;917;917;15;902;56.82;1.64
77449;146518;292;Szkoła Podstawowa nr 63 01-148 Wola ul. Płocka 30;1767;542;542;18;524;30.67;3.32;1724;1046;1046;5;1041;60.67;0.48
77450;146518;293;Szkoła Podstawowa nr 139 01-132 Wola ul. Syreny 5/7;2247;732;732;15;717;32.58;2.05;2325;1490;1490;21;1469;64.09;1.41
77451;146518;294;Szkoła Podstawowa nr 139 01-132 Wola ul. Syreny 5/7;1732;487;487;7;480;28.12;1.44;1677;977;977;12;965;58.26;1.23
77452;146518;295;Dom Kultury „Działdowska” 01-184 Wola ul. Działdowska 6;2100;631;631;13;618;30.05;2.06;2031;1222;1222;14;1208;60.17;1.15
77453;146518;296;Teatr na Woli 01-211 Wola ul. Kasprzaka 22;1628;668;668;3;665;41.03;0.45;1602;1158;1158;8;1150;72.28;0.69
77454;146518;297;III Liceum Ogólnokształcące nr 3 01-206 Wola ul. Rogalińska 2;1932;761;761;12;749;39.39;1.58;2180;1499;1499;9;1490;68.76;0.60
77455;146518;298;Zespół Szkół Mechanicznych im. M. Konarskiego 01-043 Wola ul. Okopowa 55a;2277;573;573;10;563;25.16;1.75;2067;1104;1104;20;1084;53.41;1.81
77456;146518;299;Szkoła Podstawowa nr 166 00-832 Wola ul. Żytnia 40;2139;589;589;11;578;27.54;1.87;2343;1299;1302;28;1271;55.44;2.16
77457;146518;300;Szkoła Podstawowa nr 166 00-832 Wola ul. Żytnia 40;1896;627;627;14;613;33.07;2.23;1870;1185;1185;13;1172;63.37;1.10
77458;146518;301;Zespół Szkół Specjalnych nr 11 01-193 Wola ul. Karolkowa 56;1458;532;532;4;528;36.49;0.75;1444;947;947;6;941;65.58;0.63
77459;146518;302;Zespół Szkół Samochodowych i Licealnych nr 2 01-038 Wola Al. Jana Pawła II 69;1944;724;724;10;714;37.24;1.38;1974;1320;1320;16;1304;66.87;1.21
77460;146518;303;Szkoła Podstawowa nr 222 01-049 Wola ul. Esperanto 7a;2036;815;815;19;796;40.03;2.33;1994;1367;1367;5;1362;68.56;0.37
77461;146518;304;Szkoła Podstawowa nr 222 01-049 Wola ul. Esperanto 7a;1391;502;502;8;494;36.09;1.59;1374;891;892;8;883;64.85;0.90
77462;146518;305;Gimnazjum nr 49 01-051 Wola ul. Smocza 19;1511;645;645;14;631;42.69;2.17;1482;1018;1018;10;1008;68.69;0.98
77463;146518;306;Szkoła Podstawowa nr 234 01-049 Wola ul. Esperanto 5;1845;670;671;8;662;36.31;1.19;1842;1188;1188;10;1178;64.50;0.84
77464;146518;307;Zespół Państwowych Szkół Sztuk Plastycznych 01-009 Wola ul. Smocza 6;1190;399;399;4;395;33.53;1.00;1116;692;692;15;677;62.01;2.17
77465;146518;308;Zespół Państwowych Szkół Sztuk Plastycznych 01-009 Wola ul. Smocza 6;1128;364;364;5;359;32.27;1.37;1110;700;700;8;692;63.06;1.14
77466;146518;309;XXX Liceum Ogólnokształcące nr 30 01-018 Wola ul. Wolność 1/3;2251;910;910;14;896;40.43;1.54;2132;1445;1445;20;1425;67.78;1.38
77467;146518;310;XXX Liceum Ogólnokształcące nr 30 01-018 Wola ul. Wolność 1/3;2198;789;789;10;779;35.90;1.27;2195;1483;1483;10;1473;67.56;0.67
77468;146518;311;Gimnazjum nr 45 00-871 Wola ul. Żelazna 71;1630;624;624;11;613;38.28;1.76;1651;1117;1117;16;1101;67.66;1.43
77469;146518;312;Szkoła Podstawowa nr 221 00-876 Wola ul. Ogrodowa 42/44;1942;675;675;8;667;34.76;1.19;1986;1274;1274;5;1269;64.15;0.39
77470;146518;313;Szkoła Podstawowa nr 221 00-876 Wola ul. Ogrodowa 42/44;1842;583;583;9;574;31.65;1.54;1798;1141;1141;13;1128;63.46;1.14
77471;146518;314;Jednostka Ratowniczo-Gaśnicza nr 4 00-891 Wola ul. Chłodna 3;1785;690;690;9;681;38.66;1.30;1806;1155;1155;7;1148;63.95;0.61
77472;146518;315;Szkoła Podstawowa nr 25 00-855 Wola ul. Grzybowska 35;1790;688;688;13;675;38.44;1.89;1847;1163;1163;12;1151;62.97;1.03
77473;146518;316;Szkoła Podstawowa nr 25 00-855 Wola ul. Grzybowska 35;1477;618;618;5;613;41.84;0.81;1409;971;971;8;963;68.91;0.82
77474;146518;317;Szkoła Podstawowa nr 25 00-855 Wola ul. Grzybowska 35;1752;765;770;13;752;43.66;1.70;1824;1268;1268;5;1263;69.52;0.39
77475;146518;318;XL Liceum Okólnikształcące 00-808 Wola ul. Platynowa 1;1277;445;445;16;429;34.85;3.60;1272;792;792;9;783;62.26;1.14
77476;146518;319;Szkoła Podstawowa nr 26 00-814 Wola ul Miedziana 8;1324;460;460;2;458;34.74;0.43;1313;851;851;5;846;64.81;0.59
77477;146518;320;Szkoła Podstawowa nr 26 00-814 Wola ul. Miedziana 8;1530;521;521;2;519;34.05;0.38;1491;890;890;3;887;59.69;0.34
77478;146518;321;Szkoła Podstawowa nr 26 00-814 Wola ul. Miedziana 8;1378;527;527;4;523;38.24;0.76;1348;892;892;10;882;66.17;1.12
77479;146518;322;XL Liceum Okólnikształcące 00-808 Wola ul. Platynowa 1;1650;598;598;12;586;36.24;2.01;1603;1084;1084;17;1067;67.62;1.57
90821;146518;1123;Dom Pomocy Społecznej „Budowlani” 01-128 Wola Elekcyjna 6;101;44;44;3;41;43.56;6.82;101;60;60;1;59;59.41;1.67
90822;146518;1124;Dom Pracownika Służby Zdrowia 01-119 Warszawa Elekcyjna 37;38;27;27;0;27;71.05;0.00;22;18;19;2;16;81.82;11.11
90823;146518;1125;Dom Pomocy Społecznej „Syrena” 01-150 Warszawa Syreny 26;128;48;48;3;45;37.50;6.25;130;58;58;3;55;44.62;5.17
90824;146518;1126;Instytut Gruźlicy i Chorób Płuc 01-138 Warszawa Płocka 26;259;57;57;0;57;22.01;0.00;242;111;111;2;109;45.87;1.80
90825;146518;1127;Wojewódzki Szpital Zakaźny w Warszawie SPZOZ 01 - 201 Warszawa Wolska 37;77;25;25;2;23;32.47;8.00;110;83;83;2;81;75.45;2.41
90826;146518;1128;Szpital Wolski im. dr Anny Gostyńskiej SPZOZ 01-211 Warszawa Kasprzaka 17;211;57;57;1;56;27.01;1.75;429;105;105;3;102;24.48;2.86
90827;146518;1129;Centrum Medyczne „Żelazna” Sp. Z o.o. 01-004 Warszawa Żelazna 90;63;21;21;0;21;33.33;0.00;71;61;61;0;61;85.92;0.00
90828;146518;1130;Centrum Leczniczo-Rehabilitacyjne i Medycyny Pracy „Attis” Sp. z o.o. 01-401 Warszawa Górczewska 89;58;20;20;3;17;34.48;15.00;75;36;36;0;36;48.00;0.00
77480;146519;331;Specjalny Ośrodek Szkolno-Wychowawczy nr 9 01-640 Żoliborz ul. J.Ch.Paska 10;1765;759;759;13;746;43.00;1.71;1738;1180;1180;9;1171;67.89;0.76
77481;146519;332;Szkoła Podstawowa nr 65 01-647 Żoliborz ul. Mścisławska 1;2114;1110;1110;17;1093;52.51;1.53;2086;1656;1656;12;1644;79.39;0.72
77482;146519;333;Szkoła Główna Służby Pożarniczej 01-630 Żoliborz ul. H. Siemiradzkiego 2;1875;939;939;10;929;50.08;1.06;2086;1579;1579;11;1568;75.70;0.70
77483;146519;334;Szkoła Podstawowa nr 65 01-647 Żoliborz ul. Mścisławska 1;2154;1064;1064;5;1059;49.40;0.47;2236;1724;1724;13;1711;77.10;0.75
77484;146519;335;Przedszkole nr 212 01-611 Żoliborz ul. Cz.L. Rybińskiego 2;2214;936;936;19;917;42.28;2.03;2202;1546;1546;12;1534;70.21;0.78
77485;146519;336;Zespół Szkół Samochodowych i Licealnych nr 3 01-710 Żoliborz ul. Włościańska 35;1595;729;729;7;722;45.71;0.96;1593;1150;1150;23;1127;72.19;2.00
77486;146519;337;Szkoła Podstawowa nr 267 01-773 Żoliborz ul. Braci Załuskich 1;1656;791;791;7;784;47.77;0.88;1656;1208;1208;12;1196;72.95;0.99
77487;146519;338;Zespół Szkół Samochodowych i Licealnych nr 3 01-710 Żoliborz ul. Włościańska 35;1418;625;625;7;618;44.08;1.12;1417;987;987;15;972;69.65;1.52
77488;146519;339;Przedszkole Nr 131 01-589 Żoliborz ul. Sierpecka 9A;1328;630;630;12;618;47.44;1.90;1382;988;991;10;978;71.49;1.01
77489;146519;340;Szkoła Podstawowa Nr 267 01-773 Żoliborz ul. Braci Załuskich 1;1186;583;583;12;571;49.16;2.06;1220;891;891;2;889;73.03;0.22
77490;146519;341;Gimnazjum Nr 56 01-582 Żoliborz ul. Filarecka 2;1261;565;565;8;557;44.81;1.42;1297;962;964;14;948;74.17;1.46
77491;146519;342;Zespół Szkół nr 53 01-786 Żoliborz ul. ks. J. Popiełuszki 5;1615;689;689;6;683;42.66;0.87;2290;1741;1741;18;1723;76.03;1.03
77492;146519;343;Zespół Szkół nr 53 01-786 Żoliborz ul. ks. J. Popiełuszki 5;1020;457;457;10;447;44.80;2.19;1052;745;747;6;739;70.82;0.81
77493;146519;344;Szkoła Podstawowa Nr 92 01-756 Żoliborz ul. Przasnyska 18A;1561;608;608;12;596;38.95;1.97;1560;1028;1034;2;1026;65.90;0.19
77494;146519;345;Zespół Szkół nr 54 01-737 Żoliborz ul. Elbląska 51;2169;864;864;26;838;39.83;3.01;2285;1576;1576;10;1566;68.97;0.63
77495;146519;346;Szkoła Podstawowa nr 92 01-756 Żoliborz ul. Przasnyska 18A;1872;766;766;22;744;40.92;2.87;2477;1769;1770;15;1754;71.42;0.85
77496;146519;347;Przedszkole nr 87 01-780 Żoliborz ul. W. Broniewskiego 9D;1829;909;909;14;895;49.70;1.54;1834;1307;1311;10;1297;71.26;0.77
77497;146519;348;Żoliborskie Centrum Integracji i Aktywizacji Seniorów 01-577 Żoliborz ul. S. Wyspiańskiego 6/8;966;383;383;2;381;39.65;0.52;972;641;641;5;636;65.95;0.78
77498;146519;349;I Liceum Ogólnokształcące z Oddziałami Integracyjnymi 01-513 Żoliborz ul. A. Felińskiego 15;1448;648;648;14;634;44.75;2.16;1451;1018;1018;8;1010;70.16;0.79
77499;146519;350;I Liceum Ogólnokształcące z Oddziałami Integracyjnymi 01-513 Żoliborz ul. A. Felińskiego 15;941;436;436;7;429;46.33;1.61;944;647;647;8;639;68.54;1.24
77500;146519;351;Zespół Państwowych Szkół Muzycznych nr 4 01-530 Żoliborz ul. Z. Krasińskiego 1;1164;606;610;7;599;52.06;1.16;1129;823;823;5;818;72.90;0.61
77501;146519;352;Szkoła Podstawowa z Oddziałami Integracyjnymi Nr 68 01-507 Żoliborz ul. Or-Ota 5;1685;818;819;11;807;48.55;1.34;1701;1219;1219;5;1214;71.66;0.41
77502;146519;353;Zespół Szkół Elektronicznych i Licealnych 01-518 Żoliborz ul. gen. J. Zajączka 7;1222;565;565;9;556;46.24;1.59;1233;891;891;4;887;72.26;0.45
77503;146519;354;Gimnazjum Nr 55 z Oddziałami Integracyjnymi 01-524 Żoliborz Al. Wojska Polskiego 1A;1007;460;460;13;447;45.68;2.83;996;706;706;13;693;70.88;1.84
77504;146519;355;Gimnazjum Nr 55 z Oddziałami Integracyjnymi 01-524 Żoliborz Al. Wojska Polskiego 1A;1447;515;515;15;500;35.59;2.91;1428;839;839;5;834;58.75;0.60
91858;149901;1;Kabul, Ambasada RP Kabul Kārte Seh, Maghzan St. 10;40;30;30;2;28;75.00;6.67;NA;NA;839;NA;NA;NA;-99
91859;149901;2;Bagram - Polish Military Camp, Baza Lotnicza, Prowincja Parwan Bagram;73;67;67;0;67;91.78;0.00;29;27;27;0;27;93.10;0.00
91860;149901;3;Tirana, Ambasada RP Tiranë Durresit 123;21;20;20;0;20;95.24;0.00;44;36;36;0;36;81.82;0.00
91861;149901;4;Algier, Ambasada RP, Wydział Promocji, Handlu i Inwestycji 16606 El-Biar al-Jazā’er 4 ter, rue Rabah Bourbia - BP 148 ;49;44;44;4;40;89.80;9.09;56;52;52;1;51;92.86;1.92
91862;149901;5;Luanda, Ambasada RP CP 1340 Anvalade Rua Damião de Góis 64;31;27;27;0;27;87.10;0.00;73;60;60;0;60;82.19;0.00
91863;149901;6;Rijad, Ambasada RP 11693 Rijad Al-Warood Area 20, Abdullah Bin Jafar Street;37;32;32;0;32;86.49;0.00;113;96;96;2;94;84.96;2.08
91864;149901;7;Buenos Aires, Ambasada RP C 1425 CEB Buenos Aires Alejandro Maria de Aguado 2870;80;78;78;2;76;97.50;2.56;38;37;37;2;35;97.37;5.41
91865;149901;8;Erywań, Ambasada RP 0010 Yerevan Hanrapetutyan 44a;22;19;19;2;17;86.36;10.53;179;156;157;2;154;87.15;1.28
91866;149901;9;Canberra, Ambasada RP ACT 2600 Canberra Turrana Street 7;23;17;17;0;17;73.91;0.00;925;808;817;2;806;87.35;0.25
91867;149901;10;Sydney, Konsulat Generalny RP NSW 2025 Sydney Trelawney Street 10;192;161;161;0;161;83.85;0.00;372;346;346;0;346;93.01;0.00
91868;149901;11;Wiedeń, Ambasada RP 1130 Wiedeń Hietzinger Haupstrasse 42c;1083;938;938;15;923;86.61;1.60;1642;1451;1451;10;1441;88.37;0.69
91869;149901;12;Baku, Ambasada RP AZ 1000 Baku Kichik Gala 2;31;26;26;0;26;83.87;0.00;1615;1426;1426;7;1419;88.30;0.49
91870;149901;13;Bruksela, Wydział Konsularny Ambasady RP 1040 Bruxelles Etterbeek rue des Francs 28;1171;1027;1045;5;1022;87.70;0.49;155;128;128;1;127;82.58;0.78
91871;149901;14;Bruksela, Ambasada RP (dawna siedziba) 1040 Bruxelles Etterbeek Avenue des Gaulois 29;1309;1213;1213;13;1200;92.67;1.07;29;29;29;0;29;100.00;0.00
91872;149901;15;Antwerpia, Szkolny Punkt Konsultacyjny im. Gen. Maczka 2000 Antwerpen Sint Jan Bergchmanscollege, Jodenstraat 15;184;166;166;5;161;90.22;3.01;1329;1234;1242;14;1220;92.85;1.13
91873;149901;16;Mińsk, Ambasada RP 220034 Mińsk Biaduli 11;71;62;62;2;60;87.32;3.23;1241;1165;1165;7;1158;93.88;0.60
91874;149901;17;Brześć, Konsulat Generalny RP 224016 Brześć Kujbyszewa 34;36;34;34;1;33;94.44;2.94;1126;1000;1008;8;992;88.81;0.80
91875;149901;18;Grodno, Konsulat Generalny RP 230023 Grodno Budionnego 48A;55;51;51;0;51;92.73;0.00;1200;1071;1073;7;1064;89.25;0.65
91876;149901;19;Sarajewo, Ambasada RP 71 000 Sarajewo Višnjik 20;52;46;46;1;45;88.46;2.17;1515;1421;1421;6;1415;93.80;0.42
91877;149901;20;Brasillia, Ambasada RP CEP:70.423.900, Setor Embaixadas Sul - ASA Sul SES, Av.das Nações Lote 33 lokal: Quadra 809;28;23;23;0;23;82.14;0.00;1626;1545;1545;17;1528;95.02;1.10
91878;149901;21;Kurytyba, Konsulat Generalny RP CEP 80030-110 Alto Da Gloria Av. Agostinho Leaõ Junior 234;35;29;29;0;29;82.86;0.00;114;100;100;1;99;87.72;1.00
91879;149901;22;Sofia, Ambasada RP 1000 Sofia Chan Krum 46;95;86;86;4;82;90.53;4.65;48;46;46;0;46;95.83;0.00
91880;149901;23;Santiago, Ambasada RP, Providencia - Santiago, Santiago de Chile Calle Mar del Plata 2055;34;31;31;1;30;91.18;3.23;98;91;91;1;90;92.86;1.10
91881;149901;24;Pekin, Ambasada RP 100600 Beijing 1Ritan Lu, Jianguomenwai ;118;91;91;0;91;77.12;0.00;72;71;71;4;67;98.61;5.63
91882;149901;25;Kanton, Konsulat Generalny RP 510130 Guangzhou 63 Shamian Dajie;24;20;20;0;20;83.33;0.00;42;39;39;0;39;92.86;0.00
91883;149901;26;Szanghaj, Konsulat Generalny RP 200031 Shanghai Jianguo XI Rd. No 618, Dystrykt Xuhui;111;89;89;0;89;80.18;0.00;87;72;74;4;68;82.76;5.56
91884;149901;27;Hongkong, Konsulat Generalny RP, Hopewell Centre, room 2506 Wanchai, Hongkong 183 Queen's Road East ;56;52;52;0;52;92.86;0.00;193;174;174;0;174;90.16;0.00
91885;149901;28;Tajpej, Warszawskie Biuro Handlowe, TWTC/ITB Suite 1601-1602 110 Taipei No. 333, Keelung Rd. Sec 1 ;53;51;51;0;51;96.23;0.00;45;42;42;0;42;93.33;0.00
91886;149901;29;Zagrzeb, Ambasada RP 10000 Zagrzeb Krležin Gvozd 3;90;75;75;3;72;83.33;4.00;86;76;76;1;75;88.37;1.32
91887;149901;30;Nikozja, Ambasada RP 1087 Nicosia Kennedy Avenue 12-14 lokal: Office 601;66;57;57;0;57;86.36;0.00;323;286;286;3;283;88.54;1.05
91888;149901;31;Podgorica, Ambasada RP, Stari Areodrom 81 000 Podgorica Kozaračka 79;56;45;45;2;43;80.36;4.44;167;142;142;1;141;85.03;0.70
91889;149901;32;Praga, Ambasada RP 118 01 Praha Valdštejnská 8;403;370;370;4;366;91.81;1.08;256;218;218;2;216;85.16;0.92
91890;149901;33;Ostrawa, Konsulat Generalny RP 701 00 Ostrava Blahoslavova 4;96;80;80;1;79;83.33;1.25;175;152;152;1;151;86.86;0.66
91891;149901;34;Kopenhaga, Ambasada RP 2900 Hellerup Richelieus Allé 12;481;395;395;8;387;82.12;2.03;101;91;92;2;89;90.10;2.20
91892;149901;35;Kair, Ambasada RP, Zamalek Cairo 5 Aziz Osman Street, Zamalek ;57;47;47;2;45;82.46;4.26;163;153;153;0;153;93.87;0.00
91893;149901;36;Tallinn, Ambasada RP 10140 Tallinn Suur-Karja 1/Vana Turg 2/4 ;51;42;42;3;39;82.35;7.14;167;158;158;0;158;94.61;0.00
91894;149901;37;Addis Abeba, Ambasada RP, Dej. Balay Zeleke Road 27207/1000 Addis Ababa Gulele Sub City, Kebele 08, House no. 583 lokal: ;16;16;16;0;16;100.00;0.00;30;29;29;0;29;96.67;0.00
91895;149901;38;Helsinki, Ambasada RP 00570 Helsinki Armas Lindgrenin tie 21;158;134;134;3;131;84.81;2.24;1006;934;934;4;930;92.84;0.43
91896;149901;39;Eurajoki, Ratusz miasta 27100 Eurajoki Kalliotie 5;25;21;21;0;21;84.00;0.00;223;205;205;3;202;91.93;1.46
91897;149901;40;Paryż I, Wydział Promocji Handlu i Inwestycji Ambasady RP 75116 Paris 86, rue de la Faisanderie ;784;674;674;14;660;85.97;2.08;2458;2176;2190;14;2162;88.53;0.64
91898;149901;41;Paryż II, Wydział Promocji Handlu i Inwestycji Ambasady RP 75116 Paris 86, rue de la Faisanderie ;920;764;764;14;750;83.04;1.83;571;488;489;5;483;85.46;1.02
91899;149901;42;Lens, lokal Stowarzyszenia „Millenium 2000” 62300 Lens 21, route de Béthune ;58;44;44;1;43;75.86;2.27;107;88;89;0;88;82.24;0.00
91900;149901;43;Lyon, Konsulat Generalny RP 69458 Lyon rue Crillon 79;356;284;284;11;273;79.78;3.87;108;102;102;3;99;94.44;2.94
91901;149901;44;Ateny, Ambasada RP 154 52 Paleo Psychico, Attikis Kontoleontos 1;201;156;156;3;153;77.61;1.92;39;35;35;1;34;89.74;2.86
91902;149901;45;Heraklion, Konsulat RP 712 01 Heraklion, Kríti 1821 Str. 39;38;30;30;1;29;78.95;3.33;508;444;444;1;443;87.40;0.23
91903;149901;46;Saloniki, Konsulat RP 546 22 Tesaloniki Tsimiski 78;29;23;23;0;23;79.31;0.00;3428;2758;2762;20;2738;80.46;0.73
91904;149901;47;Tbilisi, Ambasada RP, Mtatsminda 0108 Tbilisi Braci Zubalaszwili 19;89;81;81;1;80;91.01;1.23;1026;890;890;3;887;86.74;0.34
91905;149901;48;Madryt, Ambasada RP 28035 Madrid Avenida Miraflores 50;88;72;72;0;72;81.82;0.00;1006;865;866;3;862;85.98;0.35
91906;149901;49;Madryt, Instytut Polski 28014 Madrid C/Felipe IV, 12 bajo A;121;113;113;2;111;93.39;1.77;439;402;402;11;391;91.57;2.74
91907;149901;50;Madryt, Wydział Konsularny Ambasady RP 28001 Madrid C/Goya 15 4°;211;155;155;4;151;73.46;2.58;186;171;171;1;170;91.94;0.58
91908;149901;51;Pampeluna, Konsulat Honorowy RP 31002 Pamplona Avenida Pío XII, 1 lokal: 4ª- 5ª Planta;20;18;18;0;18;90.00;0.00;421;386;386;3;383;91.69;0.78
91909;149901;52;Walencja, Konsulat Honorowy RP 46015 Valencia Avenida de las Cortes Valencianas 35, lokal: 1º Pta.2;68;56;56;2;54;82.35;3.57;1041;898;909;6;892;86.26;0.67
91910;149901;53;Malaga. Konsulat Honorowy RP 29015 Málaga C/Cortina del Muelle, 5, lokal: 4º Derecha;52;41;41;2;39;78.85;4.88;157;143;143;2;141;91.08;1.40
91911;149901;54;Barcelona, Konsulat Generalny RP 08014 Barcelona Av. Diagonal 593-595;265;217;217;2;215;81.89;0.92;255;227;227;2;225;89.02;0.88
91912;149901;55;New Delhi, Ambasada RP 110021 New Delhi 50M Shantipath, Chanakyapuri ;47;32;32;0;32;68.09;0.00;493;462;462;6;456;93.71;1.30
91913;149901;56;Mumbaj, Konsulat Generalny RP Nariman Point, Muṁbaī 400021 Nirmal Building 11 A, 11th Floor 241/242 Backbay Reclamation lokal: ;12;12;12;0;12;100.00;0.00;28;23;23;1;22;82.14;4.35
91914;149901;57;Dżakarta, Ambasada RP 12950 Jakarta Jalan H.R Rasuna Said Kav. X Blok IV/3;31;30;30;4;26;96.77;13.33;63;52;52;2;50;82.54;3.85
91915;149901;58;Baghdad, Ambasada RP, International Zone Baghdad Karadat Mariam 38/75;12;12;12;2;10;100.00;16.67;143;143;143;0;143;100.00;0.00
91916;149901;59;Irbil, Agencja Konsularna RP American Village, Khanzad, Erbil at the junction of Texas and Hawaii street 250;18;16;16;0;16;88.89;0.00;537;447;447;6;441;83.24;1.34
91917;149901;60;Teheran, Ambasada RP, Africa Expressway 11155-3489, 19-174 Teheran Pirouz Street 1-3;47;45;45;2;43;95.74;4.44;693;620;620;6;614;89.47;0.97
91918;149901;61;Dublin I, St.Brigid's Primary School Ballsbridge Haddington Road;385;302;302;10;292;78.44;3.31;368;329;329;0;329;89.40;0.00
91919;149901;62;Dublin II, St.Brigid's Primary School Ballsbridge Haddington Road;280;215;215;5;210;76.79;2.33;213;186;187;1;185;87.32;0.54
91920;149901;63;Dublin III, St.Brigid's Primary School Ballsbridge Haddington Road;217;185;185;2;183;85.25;1.08;313;289;289;2;287;92.33;0.69
91921;149901;64;Dublin IV, St.Brigid's Primary School Ballsbridge Haddington Road;257;202;202;2;200;78.60;0.99;188;188;188;0;188;100.00;0.00
91922;149901;65;Reykjavík, Ambasada RP 105 Reykjavík Þórunnartún 2;138;123;123;4;119;89.13;3.25;1275;1122;1123;4;1118;88.00;0.36
91923;149901;66;Tel Awiw, Ambasada RP 64-684 Tel Aviv-Yafo Soutine 16;146;125;125;0;125;85.62;0.00;72;60;60;1;59;83.33;1.67
91924;149901;67;Tokio, Ambasada RP, Meguro-ku 153-0062 Meguro-ku 2-13-5 Mita ;128;105;105;0;105;82.03;0.00;28;23;23;0;23;82.14;0.00
91925;149901;68;Amman, Ambasada RP 11194 Amman 3 Mahmoud Seif Al-Din Al-Irani Street ;32;26;26;1;25;81.25;3.85;74;58;58;0;58;78.38;0.00
91926;149901;69;Ottawa, Ambasada RP K1N6H3 Ottawa 443 Daly Avenue ;97;85;85;6;79;87.63;7.06;38;35;35;1;34;92.11;2.86
91927;149901;70;Montreal, Konsulat Generalny RP Québec H3G 1B4 Montreal 1500 Avenue des Pins Ouest ;120;103;103;0;103;85.83;0.00;1922;1625;1625;8;1617;84.55;0.49
91928;149901;71;Toronto, Konsulat Generalny RP M8V 1G5 Toronto, ON 2603 Lakeshore Blvd. West ;569;474;474;6;468;83.30;1.27;1911;1604;1604;3;1601;83.94;0.19
91929;149901;72;Saskatoon, Konsulat RP S7K 0H6 Saskatoon, SK 103, 39-23rd Street East ;22;18;18;0;18;81.82;0.00;1910;1619;1619;13;1606;84.76;0.80
91930;149901;73;Winnipeg, Konsulat RP R2H 0T5 Winnipeg, MB 219 Marion Street ;33;32;32;2;30;96.97;6.25;1928;1646;1649;5;1641;85.37;0.30
91931;149901;74;Vancouver, Konsulat Generalny RP V6E 2K3 Vancouver BC 1600-1177 West Hastings Street ;167;140;142;1;139;83.83;0.71;806;713;713;8;705;88.46;1.12
91932;149901;75;Edmonton, Konsulat Honorowy RP T6B 2V4 Edmonton, AB 107-4990 92 nd Avenue lokal: ;56;45;45;1;44;80.36;2.22;808;718;718;4;714;88.86;0.56
91933;149901;76;Calgary, Konsulat Honorowy RP T2C 1W3 Calgary 6224 29th Street SE ;48;40;40;1;39;83.33;2.50;1184;1075;1075;12;1063;90.79;1.12
91934;149901;77;Doha, Ambasada RP, Doha Al. Quataifiya 66, Str. No. 519 lokal: Saha 49;54;39;39;1;38;72.22;2.56;923;834;834;12;822;90.36;1.44
91935;149901;78;Astana, Ambasada RP, Business Center „Isker” 010000 Astana Saryarka 15;20;20;20;1;19;100.00;5.00;391;349;350;7;342;89.26;2.01
91936;149901;79;Ałmaty, Konsulat Generalny RP 050059 Almaty Dżarkentskaya-Iskanderova 9-11;35;31;31;0;31;88.57;0.00;294;267;267;2;265;90.82;0.75
91937;149901;80;Nairobi, Ambasada RP 30086, 00100 Nairobi 58 Red Hill Road (off Limuru Road);30;28;28;0;28;93.33;0.00;60;53;53;1;52;88.33;1.89
91938;149901;81;Bogota, Ambasada RP Bogotá Carrera 21 Bis 104 lokal: A-15;27;22;22;0;22;81.48;0.00;336;298;298;5;293;88.69;1.68
91939;149901;82;Seul, Ambasada RP 110-190 Seoul Samcheong-ro 20-1, Jongno-gu;62;55;55;0;55;88.71;0.00;473;424;431;5;419;89.64;1.18
91940;149901;83;Pjongjang, Ambasada RP Pyongyang Taedonggang - Munsudong District;13;13;13;3;10;100.00;23.08;1574;1338;1338;7;1331;85.01;0.52
91941;149901;84;Urosevac, PKW KFOR Urosevac Camp Bondsteel;140;100;100;6;94;71.43;6.00;1593;1444;1444;16;1428;90.65;1.11
91942;149901;85;Hawana, Ambasada RP 10400 Vedado Avenida de los Presidentes 452 lokal: ;36;29;29;2;27;80.56;6.90;95;86;86;1;85;90.53;1.16
91943;149901;86;Kuwejt, Ambasada RP 13051 Kuwait Al-Jabriya, Area 7, Street 3 lokal: Villa 20;68;61;61;2;59;89.71;3.28;543;452;452;5;447;83.24;1.11
91944;149901;87;Bejrut, Ambasada RP Baabda, Lebanon Av. President Suleiman Frangieh 52;59;50;50;1;49;84.75;2.00;276;249;249;1;248;90.22;0.40
91945;149901;88;Trypolis, Ambasada RP Tripoli Sharia Ben Ashour 61;25;17;17;2;15;68.00;11.76;361;296;296;5;291;81.99;1.69
91946;149901;89;Wilno, Amasada RP 10323 Vilnius Smelio 20a;147;132;132;7;125;89.80;5.30;174;155;155;1;154;89.08;0.65
91947;149901;90;Luksemburg, Ambasada RP L-2356 Luksemburg 2, rue Pulvermühle ;485;438;438;10;428;90.31;2.28;61;59;59;0;59;96.72;0.00
91948;149901;91;Ryga, Ambasada RP 1010 Rīga Mednieku iela 6b;57;47;47;0;47;82.46;0.00;59;55;55;0;55;93.22;0.00
91949;149901;92;Skopje, Ambasada RP 1000 Skopje Dimitar Pandilov 2a;47;47;47;1;46;100.00;2.13;105;74;74;2;72;70.48;2.70
91950;149901;93;Kuala Lumpur, Ambasada RP 55000 Kuala Lumpur No 10, Lorong Damai 9, Off Jalan Damai lokal: ;37;30;30;0;30;81.08;0.00;47;43;43;0;43;91.49;0.00
91951;149901;95;Rabat, Ambasada RP 10 000 Rabat - Agdal 23, av. Oqbah, lokal: BP. 425;40;35;35;3;32;87.50;8.57;17;17;17;0;17;100.00;0.00
91952;149901;96;Hotel KENZI EUROPA B.P. 808 Agadir Boulevard du 20 Aout;20;20;20;0;20;100.00;0.00;215;201;201;1;200;93.49;0.50
91953;149901;97;Meksyk, Ambasada RP 01000 Ciudad de México c. Cracovia 40, Colonia San Angel Delegación Álvaro Obregón;72;61;61;3;58;84.72;4.92;52;40;40;1;39;76.92;2.50
91954;149901;98;Kiszyniów, Ambasada RP MD-2012 Chişinău V. Alecsandri 101;45;42;42;1;41;93.33;2.38;134;122;123;2;120;91.04;1.64
91955;149901;99;Haga, Ambasada RP 2514 JM Den Haag Alexanderstraat 25;873;709;709;4;705;81.21;0.56;124;120;120;4;116;96.77;3.33
91956;149901;100;Berlin, Ambasada RP 14193 Berlin Lassenstrasse 19-21;538;478;482;4;474;88.85;0.84;224;206;206;0;206;91.96;0.00
91957;149901;101;Berlin, Instytut Polski 10178 Berlin Burgstrasse 47;508;447;447;4;443;87.99;0.89;1171;1071;1072;8;1063;91.46;0.75
91958;149901;102;Hamburg I, Konsulat Generalny RP 22309 Hamburg Gründgensstrasse 20;312;245;245;9;236;78.53;3.67;117;108;108;5;103;92.31;4.63
91959;149901;103;Hamburg II, Konsulat Generalny RP 22309 Hamburg Gründgensstrasse 20;296;260;260;1;259;87.84;0.38;52;43;43;0;43;82.69;0.00
91960;149901;104;Kolonia I, Konsulat Generalny RP 50670 Köln Im MediaPark 5 c;503;379;384;1;378;75.35;0.26;110;103;103;0;103;93.64;0.00
91961;149901;105;Kolonia II, Konsulat Generalny RP 50670 Köln Im MediaPark 5 c;476;409;409;6;403;85.92;1.47;61;47;47;3;44;77.05;6.38
91962;149901;106;Kolonia III, Konsulat Generalny RP 50670 Köln Im MediaPark 5 c;107;83;83;1;82;77.57;1.20;34;26;26;0;26;76.47;0.00
91963;149901;107;Monachium,Konsulat Generalny RP 81679 München Rӧntgenstrasse 5;860;750;750;20;730;87.21;2.67;106;79;80;1;78;74.53;1.27
91964;149901;108;Abudża, Ambasada RP, Maitama Extension Abuja 10, River Niger St., off Danube St. Maitama Extension ;16;14;14;0;14;87.50;0.00;55;50;50;2;48;90.91;4.00
91965;149901;109;Oslo, Ambasada RP 0244 Oslo Olav Kyrres plass 1;1081;884;884;12;872;81.78;1.36;1786;1536;1536;17;1519;86.00;1.11
91966;149901;110;Bergen, Szkoła Katolicka Św. Pawła 5015 Bergen Christies gate 16;266;238;238;1;237;89.47;0.42;1807;1531;1531;7;1524;84.73;0.46
91967;149901;111;Stavanger, Parafia Katolicka Św. Svithuna 4005 Stavanger St. Olavs gate 25;328;279;279;3;276;85.06;1.08;1870;1630;1630;10;1620;87.17;0.61
91968;149901;112;Trondheim, Konsulat Generalny RP 7014 Trondheim Dyre Halses gate 1 A;97;75;75;0;75;77.32;0.00;1312;1138;1140;16;1122;86.74;1.41
91969;149901;113;Wellington, Ambasada RP, Level 9, City Chambers Wellington 142-144 Featherston Street ;31;28;28;0;28;90.32;0.00;1647;1465;1465;0;1465;88.95;0.00
91970;149901;114;Islamabad, Ambasada RP 44000 Islamabad Diplomatic Enclave, Str. 24 lokal: G-5/4;20;17;17;0;17;85.00;0.00;1080;900;900;1;899;83.33;0.11
91971;149901;115;Lima, Ambasada RP Jesús María Avenida Salaverry 1978;56;49;49;2;47;87.50;4.08;2056;1838;1838;7;1831;89.40;0.38
91972;149901;116;Lisbona, Ambasada RP 1400-092 Lisboa Avenida das Descobertas 2;290;240;240;4;236;82.76;1.67;357;308;308;0;308;86.27;0.00
91973;149901;117;Pretoria, Ambasada RP Colbyn 14 Amos Street ;80;67;67;0;67;83.75;0.00;262;238;238;1;237;90.84;0.42
91974;149901;118;Durban, Konsulat Honorowy RP Durban Westville 3 Chase Place ;27;27;27;0;27;100.00;0.00;1401;1223;1223;6;1217;87.29;0.49
91975;149901;119;Kapsztad, Visegrad House Claremont, Kaapstad 2 Fleetwood Avenue ;50;47;47;0;47;94.00;0.00;1113;974;974;5;969;87.51;0.51
91976;149901;120;Moskwa, Wydział Konsularny Centralny Okręg Administracyjny, Rejon Priesnienskij 123557 Moskwa Bolszoj Tiszynskij Pereułok 1;308;267;267;1;266;86.69;0.37;1086;950;950;2;948;87.48;0.21
91977;149901;121;Irkuck, Konsulat Generalny RP 664003 Irkutsk Suche-Batora 18;16;12;12;0;12;75.00;0.00;1480;1256;1256;3;1253;84.86;0.24
91978;149901;122;Kaliningrad, Konsulat Generalny RP Kaliningrad Aleja Kasztanowa 51;49;47;47;0;47;95.92;0.00;1476;1238;1238;2;1236;83.88;0.16
91979;149901;123;Sankt Petersburg, Konsulat Generalny RP 191036 Sankt Petersburg 5 Sowietskaja 12 lokal: ;57;50;50;2;48;87.72;4.00;1453;1221;1221;5;1216;84.03;0.41
91980;149901;124;Smoleńsk, Agencja Konsularna 214014 Smolensk Mira 1;13;13;13;2;11;100.00;15.38;867;785;785;13;772;90.54;1.66
91981;149901;125;Bukareszt, Ambasada RP 011821, sector 1 Bucuresti sektor 1 Aleea Alexandru 23;91;76;76;0;76;83.52;0.00;1190;1040;1041;5;1035;87.39;0.48
91982;149901;126;Belgrad, Ambasada RP 11000 Belgrad Kneza Miloša 38;62;59;59;4;55;95.16;6.78;1450;1292;1292;12;1280;89.10;0.93
91983;149901;127;Singapur, Ambasada RP Singapore 238877 435 Orchard Road # lokal: 17-02/03;139;124;124;3;121;89.21;2.42;2108;2083;2083;22;2061;98.81;1.06
91984;149901;128;Bratysława, Ambasada RP 81491 Bratislava Hummelova 4;127;111;111;0;111;87.40;0.00;2140;1855;1858;1;1854;86.68;0.05
91985;149901;129;Lublana, Ambasada RP Ljubljana Bežigrad 10;47;43;43;0;43;91.49;0.00;1401;1209;1227;0;1209;86.30;0.00
91986;149901;130;Waszyngton, Ambasada RP 20009 Washington DC 2640 16th Street NW ;214;157;158;2;155;73.36;1.27;24;23;23;1;22;95.83;4.35
91987;149901;131;Nowy Jork, Konsulat Generalny RP NY 10016 New York 233 Madison Avenue, Jan Karski Corner ;536;373;373;5;368;69.59;1.34;2552;2159;2159;11;2148;84.60;0.51
91988;149901;132;Nowy Jork, Centrum Polsko-Słowiańskie NY 11222 Brooklyn 177 Kent Street ;650;539;539;23;516;82.92;4.27;2542;2084;2087;10;2074;81.98;0.48
91989;149901;133;Passaic, Polsko-Amerykańskie Centrum Kulturalne NJ 07055 Passaic 1-3 Monroe Street ;321;266;266;0;266;82.87;0.00;1359;1226;1226;1;1225;90.21;0.08
91990;149901;134;New Britain, Haller Post CT 06053 New Britain 112 Grove St. ;124;94;94;1;93;75.81;1.06;1582;1398;1398;11;1387;88.37;0.79
91991;149901;135;Los Angeles, Konsulat Generalny RP CA 90025 Los Angeles 12400 Wilshire Blvd lokal: Suite 555;274;212;217;1;211;77.37;0.47;520;482;482;3;479;92.69;0.62
91992;149901;136;Chicago, Konsulat Generalny RP IL 60610 Chicago 1530 North Lake Shore Drive ;240;172;172;2;170;71.67;1.16;131;123;123;0;123;93.89;0.00
91993;149901;137;Chicago, Związek Podhalan IL 60632 Chicago 4808 South Archer Avenue ;489;439;439;4;435;89.78;0.91;106;77;77;0;77;72.64;0.00
91994;149901;138;Chicago, Parafia Św. Konstancji IL 60630 Chicago 5843 West Strong Street ;893;806;806;6;800;90.26;0.74;24;20;20;0;20;83.33;0.00
91995;149901;139;Chicago, Parafia Św. Ferdynanda IL 60634 Chicago 5900 West Barry Avenue ;1034;942;942;9;933;91.10;0.96;77;61;61;0;61;79.22;0.00
91996;149901;140;Hamtramck, Instytut Piast MI 48212 Hamtramck 11633 Joseph Campau Ave ;62;49;49;2;47;79.03;4.08;852;718;718;3;715;84.27;0.42
91997;149901;141;Berno, Ambasada RP 3006 Bern Elfenstrasse 20a;800;677;677;18;659;84.62;2.66;213;209;209;5;204;98.12;2.39
91998;149901;142;Sztokholm, Wydział Konsularny Ambasady RP 172 32 Sundbyberg Prästgårdsgatan 5;611;506;506;15;491;82.82;2.96;57;52;52;1;51;91.23;1.92
91999;149901;143;Malmö Studiefrämjandet 214 44 Malmö Ystadsgatan 53;110;101;101;1;100;91.82;0.99;71;64;64;0;64;90.14;0.00
92000;149901;144;Göteborg, Polonia Center/Związek Polskich Katolików 415 05 Göteborg Säveåns Strandgata 4;84;74;74;0;74;88.10;0.00;353;312;313;0;312;88.39;0.00
92001;149901;146;Tunis, Ambasada RP 2045 Les Berges du Lac II le Grand Boulevard de la Corniche ;60;48;48;1;47;80.00;2.08;45;39;39;0;39;86.67;0.00
92002;149901;147;Sousse, Hotel Golf Résidence 4089 Port El Kantaoui Touristique Zone;12;9;9;0;9;75.00;0.00;99;89;89;0;89;89.90;0.00
92003;149901;148;Ankara, Ambasada RP 06-650 Ankara Kavaklidere, Atatürk Bulvari 241;77;61;61;0;61;79.22;0.00;26;24;24;2;22;92.31;8.33
92004;149901;149;Stambuł, Konsulat Generalny RP, Giz 2000 Plaza 34398 Maslak - İstanbul Ayazağa Köyü Yolu No: 7 lokal: K. 5;88;71;71;2;69;80.68;2.82;221;203;203;2;201;91.86;0.99
92005;149901;150;Kijów, Wydział Konsularny Ambasady RP 01030 Kyiv Bohdana Chmielnickiego 60;304;230;230;2;228;75.66;0.87;92;80;80;4;76;86.96;5.00
92006;149901;151;Taszkient, Ambasada RP, Yunusabadskiy Rayon 100084 Toshkent Fridavsiy 66;30;29;29;0;29;96.67;0.00;292;261;261;1;260;89.38;0.38
92007;149901;152;Caracas, Ambasada RP Caracas 1060 Avenida Nicolás Copérnico Quinta Ámbar Sector Valle Arriba Urbanización Las Mercedes ;40;31;31;3;28;77.50;9.68;240;210;212;2;208;87.50;0.95
92008;149901;153;Budapeszt, Ambasada RP 1068 Budapeszt Városligeti fasor 16;263;236;236;2;234;89.73;0.85;172;158;158;1;157;91.86;0.63
92009;149901;154;Londyn I, Ambasada RP London W1B 1JH 47 Portland Place ;1366;1027;1027;6;1021;75.18;0.58;774;616;618;4;612;79.59;0.65
92010;149901;155;Londyn II, Wydział Konsularny London W1W 6LS 73 New Cavendish Street ;678;511;511;9;502;75.37;1.76;262;225;225;4;221;85.88;1.78
92011;149901;156;Londyn, Polski Ośrodek Społeczno-Kulturalny London W6 0RF 238-246 Kings Street ;405;333;333;3;330;82.22;0.90;107;89;89;2;87;83.18;2.25
92012;149901;157;Londyn, Klub Orła Białego, Hamilton House London SW17 7BQ 211 Balham High Road ;367;285;285;4;281;77.66;1.40;169;148;148;3;145;87.57;2.03
92013;149901;158;Londyn, Windsor Hall London W5 5PD Ealing ;465;378;378;3;375;81.29;0.79;1869;1497;1497;16;1481;80.10;1.07
92014;149901;159;Southampton, Polski Klub Southampton, SO17 2TH 507 Portswood Road;181;143;143;3;140;79.01;2.10;2801;2549;2550;20;2529;91.00;0.78
92015;149901;160;Birmingham, Klub Polski Millenium House Birmingham, B5 5PH Bordesley Street;300;240;240;1;239;80.00;0.42;348;302;302;3;299;86.78;0.99
92016;149901;161;Bristol, Dom Kombatanta SPK Clifton, Bristol, BS8 1LP 50 St. Paul's Road ;137;108;108;0;108;78.83;0.00;925;828;828;11;817;89.51;1.33
92017;149901;162;Somerset, St George`s Catholic School Somerset, TA1 3NR The Mount, Taunton ;36;22;22;0;22;61.11;0.00;1645;1495;1495;8;1487;90.88;0.54
92018;149901;163;Manchester, Konsulat Generalny RP Manchester M1 3LD 51 Portland Street ;685;487;487;11;476;71.09;2.26;599;543;543;7;536;90.65;1.29
92019;149901;164;Nottingham, Polski Ośrodek Nottingham NG7 6JN 2 Sherwood Rise;176;148;148;1;147;84.09;0.68;693;624;624;8;616;90.04;1.28
92020;149901;165;Cardiff, Dom Polski Cardiff CF24 1DL 174 Newport Road ;57;40;40;0;40;70.18;0.00;449;388;388;2;386;86.41;0.52
92021;149901;166;Leeds, Polskie Centrum Leeds LS7 4JE Newton Hill Road;212;164;164;3;161;77.36;1.83;341;279;279;1;278;81.82;0.36
92022;149901;167;Spalding, EU Integration Centre Spalding PE11 1AY 182 Abbey Path;38;28;28;0;28;73.68;0.00;912;777;777;1;776;85.20;0.13
92023;149901;168;Newcastle, Deckham Village Hall Gateshead NE8 3UB Split Crow Rd ;48;44;44;0;44;91.67;0.00;395;306;306;3;303;77.47;0.98
92024;149901;169;Edynburg, Konsulat Generalny RP Edinburgh EH3 5PE 2 Kinnear Road ;472;349;349;1;348;73.94;0.29;173;146;146;2;144;84.39;1.37
92025;149901;170;Belfast, Chinese Welfare Association Belfast BT7 1GB 1 Stranmillis Embankment ;77;60;60;0;60;77.92;0.00;141;118;118;1;117;83.69;0.85
92026;149901;171;Aberdeen Aberdeen AB11 5BN 35A Union Street ;103;68;68;0;68;66.02;0.00;229;201;201;1;200;87.77;0.50
92027;149901;172;Glasgow, Dom Sikorskiego Glasgow G3 7SD 5 Parkgrove Terrace ;176;146;146;0;146;82.95;0.00;139;125;125;1;124;89.93;0.80
92028;149901;173;Hanoi, Ambasada RP Ba Dinh, Hà Nôi 5 Ba Huyen Thanh Quan ;32;22;22;0;22;68.75;0.00;714;604;615;2;602;84.59;0.33
92029;149901;174;Rzym, Ambasada RP 00197 Roma Via Pietro Paolo Rubens 20;622;510;510;9;501;81.99;1.76;1974;1860;1860;13;1847;94.22;0.70
92030;149901;175;Mediolan, Konsulat Generalny RP 20145 Milano Corso Vercelli 56;298;235;235;0;235;78.86;0.00;853;793;793;0;793;92.97;0.00
92031;149901;176;Abu Zabi, Ambasada RP Abu Dhabi corner of 13 Delma Street and 24 Karama Street ;110;77;77;0;77;70.00;0.00;1486;1400;1400;8;1392;94.21;0.57
77505;160101;1;Miejski Ośrodek Sportu i Rekreacji - Hala Sportowa 49-300 Brzeg ul. Oławska 2;1222;207;207;6;201;16.94;2.90;1204;499;499;23;476;41.45;4.61
77506;160101;2;Ratusz 49-300 Brzeg Rynek;1332;262;262;6;256;19.67;2.29;1319;532;532;6;526;40.33;1.13
77507;160101;3;Przedszkole Publiczne nr 6 49-300 Brzeg ul. Wysoka 1;1547;257;257;9;248;16.61;3.50;1506;570;570;24;546;37.85;4.21
77508;160101;4;Brzeskie Centrum Kultury 49-300 Brzeg ul. Mleczna 2;1190;275;275;14;261;23.11;5.09;1153;551;551;15;536;47.79;2.72
77509;160101;5;Publiczne Szkoła Podstawowa nr 3 49-300 Brzeg ul. Kamienna 2;1523;247;247;9;238;16.22;3.64;1494;585;585;20;565;39.16;3.42
77510;160101;6;Zespół Szkół Budowlanych 49-300 Brzeg ul. Kamienna 3;1494;384;384;13;371;25.70;3.39;1455;668;668;11;657;45.91;1.65
77511;160101;7;Publiczna Szkoła Podstawowa nr 3 49-300 Brzeg ul. Kamienna 2;852;158;158;3;155;18.54;1.90;840;360;360;1;359;42.86;0.28
77512;160101;8;Przedszkole Publiczne nr 5 49-300 Brzeg ul. Boh. Monte Cassion 1;1057;228;228;9;219;21.57;3.95;1049;549;549;18;531;52.34;3.28
77513;160101;9;Publiczne Gimnazjum nr 3 49-300 Brzeg ul. Boh. Monte Cassino 14;2157;486;486;14;472;22.53;2.88;2118;1087;1087;24;1063;51.32;2.21
77514;160101;10;Przedszkole Publiczne nr 10 49-300 Brzeg ul. Ks. Makarskiego 5;1635;403;403;9;394;24.65;2.23;1592;889;889;14;875;55.84;1.57
77515;160101;11;Zespół Szkół nr 1 z Oddziałami Sportowymi 49-300 Brzeg ul. Poprzeczna 1;1484;360;360;10;350;24.26;2.78;1435;752;752;12;740;52.40;1.60
77516;160101;12;Klub Spółdzielni Mieszkaniowej „ZGODA” 49-300 Brzeg ul. Brzechwy 3;908;194;194;2;192;21.37;1.03;906;467;467;14;453;51.55;3.00
77517;160101;13;Klub Spółdzielni Mieszkaniowej „SAWA” 49-300 Brzeg ul. Chocimska 7;2068;570;570;15;555;27.56;2.63;2006;1057;1057;12;1045;52.69;1.14
77518;160101;14;Miejski Ośrodek Sportu i Rekreacji - Stadion Miejski 49-300 Brzeg ul. Sportowa 1;1251;356;356;7;349;28.46;1.97;1260;753;753;7;746;59.76;0.93
77519;160101;15;Zespół Szkół nr 2 z Oddziałami Integracyjnymi 49-300 Brzeg ul. Lompy 1;1547;385;385;11;374;24.89;2.86;1628;891;891;15;876;54.73;1.68
77520;160101;16;Zespół Szkół Zawodowych nr 1 49-300 Brzeg ul. Słowiańska 18;1468;386;386;5;381;26.29;1.30;1419;746;746;13;733;52.57;1.74
77521;160101;17;Dzienny Dom Pomocy Społecznej 49-300 Brzeg ul. Piastowska 29;973;233;233;4;229;23.95;1.72;963;426;426;5;421;44.24;1.17
77522;160101;18;II Liceum Ogólnokształcące 49-300 Brzeg ul. 1 Maja 7;1434;383;383;8;375;26.71;2.09;1434;776;776;8;768;54.11;1.03
77523;160101;19;Publiczna Szkoła Podstawowa nr 5 49-300 Brzeg ul. Robotnicza 22;1357;331;331;12;319;24.39;3.63;1349;651;651;9;642;48.26;1.38
77524;160101;20;Zespół Szkół nr 1 z Oddziałami Sportowymi 49-300 Brzeg ul. Poprzeczna 1;1410;292;292;8;284;20.71;2.74;1383;728;728;7;721;52.64;0.96
77525;160101;21;I Liceum Ogólnokształcące 49-300 Brzeg ul. Armii Krajowej 7;1584;329;329;5;324;20.77;1.52;1527;707;707;7;700;46.30;0.99
91005;160101;22;Zakład Karny w Brzegu 49-300 Brzeg ul. Chrobrego 29;353;119;119;13;106;33.71;10.92;358;184;184;13;171;51.40;7.07
91006;160101;23;Brzeskie Centrum Medyczne 49-300 Brzeg ul. Mossora 1;82;9;9;0;9;10.98;0.00;98;35;35;3;32;35.71;8.57
91007;160101;24;Brzeskie Centrum Medyczne 49-300 Brzeg ul. Nysańska 4-6;26;7;7;0;7;26.92;0.00;35;10;10;2;8;28.57;20.00
77526;160102;1;Dom Ludowy 49-300 Zwanowice 44;463;48;48;2;46;10.37;4.17;454;205;205;3;202;45.15;1.46
77527;160102;2;Dom Ludowy 49-300 Kruszyna 84;397;76;76;2;74;19.14;2.63;403;190;190;5;185;47.15;2.63
77528;160102;3;Świetlica wiejska 49-300 Pawłów ul. Wesoła 11;369;57;57;2;55;15.45;3.51;383;193;193;6;187;50.39;3.11
77529;160102;4;Budynek byłego Zespołu Szkół Rolniczych w Żłobiźnie 49-305 Żłobizna ul. Jaśminowa 1 lokal: (hala sportowa);470;119;119;0;119;25.32;0.00;484;280;280;11;269;57.85;3.93
77530;160102;5;Dom Ludowy 49-318 Zielęcice ul. Klonowa 7;274;60;60;3;57;21.90;5.00;288;156;156;5;151;54.17;3.21
77531;160102;6;Gminne Gimnazjum w Skarbimierzu-Osiedle 49-318 Skarbimierz-Osiedle ul.Akacjowa 27;1661;357;357;17;340;21.49;4.76;1664;828;828;15;813;49.76;1.81
77532;160102;7;Przedszkole 49-318 Małujowice 65;346;55;55;4;51;15.90;7.27;348;144;144;3;141;41.38;2.08
77533;160102;8;Dom Ludowy 49-318 Łukowice Brzeskie 88a;586;116;116;8;108;19.80;6.90;586;238;238;14;224;40.61;5.88
77534;160102;9;Dom Ludowy 49-317 Pępice 63;304;81;81;1;80;26.64;1.23;316;158;158;4;154;50.00;2.53
77535;160102;10;Przedszkole 49-300 Brzezina 64;453;67;67;1;66;14.79;1.49;446;211;211;3;208;47.31;1.42
77536;160102;11;Dom Ludowy 49-300 Lipki 32;529;70;70;1;69;13.23;1.43;532;228;228;6;222;42.86;2.63
77537;160103;1;Gimnazjum Publiczne Nr 1 49-200 Grodków ul. Powstańców Śl. 24;1195;231;231;7;224;19.33;3.03;1183;502;502;13;489;42.43;2.59
77538;160103;2;Miejska i Gminna Biblioteka Publiczna 49-200 Grodków ul. Rynek 1;1055;192;192;8;184;18.20;4.17;1023;422;422;16;406;41.25;3.79
77539;160103;3;Centrum Kształcenia Praktycznego Zespołu Szkół Rolniczych 49-200 Grodków ul. Krakowska 20;1116;220;220;2;218;19.71;0.91;1111;537;537;8;529;48.33;1.49
77540;160103;4;Gimnazjum Publiczne Nr 2 49-200 Grodków, ul. Mickiewicza 13;1121;165;165;8;157;14.72;4.85;1115;425;425;15;410;38.12;3.53
77541;160103;5;Hala Sportowa przy Liceum Ogólnokształcącym 49-200 Grodków ul. Sienkiewicza 29A;1033;189;189;7;182;18.30;3.70;1001;453;453;8;445;45.25;1.77
77542;160103;6;Publiczna Szkoła Podstawowa Nr 3 49-200 Grodków ul. Morcinka 2;864;191;191;4;187;22.11;2.09;835;457;457;6;451;54.73;1.31
77543;160103;7;Publiczna Szkoła Podstawowa Nr 3 49-200 Grodków ul. Morcinka 2;981;196;196;5;191;19.98;2.55;931;468;468;9;459;50.27;1.92
77544;160103;8;Publiczna Szkoła Podstawowa 49-200 Kopice 32B;1027;123;123;14;109;11.98;11.38;1010;377;377;22;355;37.33;5.84
77545;160103;9;Świetlica Wiejska 49-200 Żelazna 15;676;126;126;5;121;18.64;3.97;681;245;245;11;234;35.98;4.49
77546;160103;10;Świetlica Wiejska Tarnów Grodkowski 49-200 Tarnów Grodkowski 90B;646;94;94;5;89;14.55;5.32;650;231;231;3;228;35.54;1.30
77547;160103;11;Świetlica Wiejska 49-200 Lipowa 79;620;94;94;8;86;15.16;8.51;620;250;250;8;242;40.32;3.20
77548;160103;12;Świetlica Wiejska 49-200 Wierzbnik 35;459;57;57;8;49;12.42;14.04;459;171;171;10;161;37.25;5.85
77549;160103;13;Publiczna Szkoła Podstawowa 49-200 Kolnica 105;1412;157;157;3;154;11.12;1.91;1413;537;537;9;528;38.00;1.68
77550;160103;14;Publiczna Szkoła Podstawowa 49-200 Gnojna 119;853;96;96;1;95;11.25;1.04;830;278;278;16;262;33.49;5.76
77551;160103;15;Szkoła Podstawowa 49-200 Gałązczyce 78;811;69;69;2;67;8.51;2.90;814;242;242;16;226;29.73;6.61
77552;160103;16;Publiczny Zespół Szkół 49-200 Jędrzejów 63;745;70;70;3;67;9.40;4.29;750;234;234;13;221;31.20;5.56
77553;160103;17;Świetlica Wiejska 49-200 Kobiela 21;954;81;81;2;79;8.49;2.47;949;258;258;11;247;27.19;4.26
91008;160103;18;Dom Pomocy Społecznej w Grodkowie 49-200 Grodków ul. Mickiewicza 15;49;25;25;2;23;51.02;8.00;49;24;24;2;22;48.98;8.33
91009;160103;19;Zakład Opiekuńczo - Leczniczy w Grodkowie 49-200 Grodków ul. Szpitalna 13;38;3;3;1;2;7.89;33.33;43;5;5;0;5;11.63;0.00
91010;160103;20;Zakład Karny w Brzegu, Oddział Zewnętrzny w Grodkowie 49-200 Grodków ul. Sienkiewicza 23;95;50;50;3;47;52.63;6.00;92;40;40;4;36;43.48;10.00
77554;160104;1;Świetlica Terapeutyczna 49-340 Lewin Brzeski ul. Moniuszki 41 A;2201;434;434;16;418;19.72;3.69;2164;1027;1027;45;982;47.46;4.38
77555;160104;2;Sala Ślubów USC 49-340 Lewin Brzeski ul. Rynek 26;1377;304;304;14;290;22.08;4.61;1368;705;705;22;683;51.54;3.12
77556;160104;3;Sala gimnastyczna Publicznej Szkoły Podstawowej 49-340 Lewin Brzeski ul. Mickiewicza 6;1389;260;260;6;254;18.72;2.31;1356;606;606;21;585;44.69;3.47
77557;160104;4;Świetlica Ochotniczej Straży Pożarnej 49-330 Łosiów ul. Główna 30;2078;303;303;12;291;14.58;3.96;2045;928;928;32;896;45.38;3.45
77558;160104;5;Gimnazjum 49-345 Skorogoszcz ul. Ks. Jerzego Popiełuszki 8;2097;234;234;10;224;11.16;4.27;2111;826;826;34;792;39.13;4.12
77559;160104;6;Świetlica Wiejska 49-345 Przecza 50;724;95;95;1;94;13.12;1.05;715;287;287;13;274;40.14;4.53
77560;160104;7;Gimnazjum 49-340 Lewin Brzeski ul. Zamkowa 3;728;80;80;1;79;10.99;1.25;717;276;276;8;268;38.49;2.90
77561;160105;1;Publiczna Szkoła Podstawowa 49-313 Lubsza ul. Szkolna 2;1177;169;169;4;165;14.36;2.37;1190;501;501;25;476;42.10;4.99
77562;160105;2;Publiczna Szkoła Podstawowa 49-314 Czepielowice 31;994;132;132;4;128;13.28;3.03;968;416;416;10;406;42.98;2.40
77563;160105;3;Publiczne Gimnazjum 49-314 Kościerzyce 31;850;126;126;3;123;14.82;2.38;847;352;352;9;343;41.56;2.56
77564;160105;4;Dom Ludowy 49-314 Pisarzowice ul. Brzeska 21;538;110;110;4;106;20.45;3.64;662;311;311;6;305;46.98;1.93
77565;160105;5;Dom Ludowy 49-314 Michałowice 1a;739;133;133;8;125;18.00;6.02;606;322;322;4;318;53.14;1.24
77566;160105;6;Publiczna Szkoła Podstawowa 49-315 Mąkoszyce ul. Pocztowa 4;763;135;135;7;128;17.69;5.19;758;320;320;9;311;42.22;2.81
77567;160105;7;Świetlica Wiejska 49-312 Szydłowice 92;498;87;87;3;84;17.47;3.45;492;243;243;11;232;49.39;4.53
77568;160105;8;Świetlica Wiejska 49-312 Błota 85;312;43;43;2;41;13.78;4.65;321;129;129;9;120;40.19;6.98
77569;160105;9;Publiczna Szkoła Podstawowa 49-312 Dobrzyń 35;465;59;59;0;59;12.69;0.00;458;219;219;9;210;47.82;4.11
77570;160105;10;Świetlica Wiejska 49-315 Rogalice 48a;484;49;49;0;49;10.12;0.00;481;194;194;6;188;40.33;3.09
77571;160105;11;Świetlica Wiejska 49-315 Tarnowiec 37;457;92;92;3;89;20.13;3.26;448;173;173;4;169;38.62;2.31
77572;160106;1;Świetlica Wiejska w Pogorzeli 49-332 Pogorzela 35a;695;165;165;4;161;23.74;2.42;692;368;368;11;357;53.18;2.99
77573;160106;2;Świetlica Wiejska w Michałowie 49-332 Michałów 112;712;125;125;6;119;17.56;4.80;729;326;326;14;312;44.72;4.29
77574;160106;3;Świetlica Wiejska w Przylesiu 49-351 Przylesie 122;862;111;111;10;101;12.88;9.01;844;407;407;16;391;48.22;3.93
77575;160106;4;Budynek byłej Szkoły Podstawowej 49-332 Krzyżowice 73;468;63;63;2;61;13.46;3.17;470;216;216;11;205;45.96;5.09
77576;160106;5;Remiza OSP Olszanka 49-332 Olszanka 36a;645;130;130;4;126;20.16;3.08;643;342;342;10;332;53.19;2.92
77577;160106;6;Szkoła Podstawowa w Jankowicach Wielkich 49-332 Jankowice Wielkie 15;607;100;100;8;92;16.47;8.00;611;262;262;12;250;42.88;4.58
77578;160201;1;Gminny Ośrodek Kultury w Baborowie 48-120 Baborów ul. Rynek 17;1055;157;157;13;144;14.88;8.28;1068;474;474;18;456;44.38;3.80
77579;160201;2;Urząd Miejski 48-120 Baborów ul. Dąbrowszczaków 2a;1121;140;140;8;132;12.49;5.71;1104;397;397;13;384;35.96;3.27
77580;160201;3;Zespół Szkolno-Przedszkolny 48-120 Baborów ul. Wiejska 5a;1091;90;90;2;88;8.25;2.22;1085;378;378;11;367;34.84;2.91
77581;160201;4;Strażacki Dom Ludowy 48-133 Sucha Psina 28;960;116;116;5;111;12.08;4.31;952;303;303;12;291;31.83;3.96
77582;160201;5;Centrum Kształcenia 48-120 Raków 75;921;64;64;4;60;6.95;6.25;918;265;265;11;254;28.87;4.15
77583;160202;1;Zespół Gimnazjalno-Szkolny, Szkoła Podstawowa 48-140 Branice ul. Szkolna 8;1187;163;163;8;155;13.73;4.91;1176;420;420;17;403;35.71;4.05
77584;160202;2;Świetlica Wiejska w Wysokiej 48-140 Wysoka 18;636;85;85;5;80;13.36;5.88;644;225;225;19;206;34.94;8.44
77585;160202;3;Szkoła Podstawowa we Włodzieninie 48-140 Włodzienin 50;846;69;69;3;66;8.16;4.35;811;251;251;16;235;30.95;6.37
77586;160202;4;Szkoła Podstawowa w Uciechowicach 48-140 Uciechowice 46;728;111;111;7;104;15.25;6.31;712;271;271;13;258;38.06;4.80
77587;160202;5;Świetlica Wiejska w Bliszczycach 48-140 Bliszczyce 112;404;90;90;5;85;22.28;5.56;393;162;162;11;151;41.22;6.79
77588;160202;6;Świetlica Wiejska w Lewicach 48-140 Lewice 25B;497;57;57;5;52;11.47;8.77;487;189;189;7;182;38.81;3.70
77589;160202;7;Zespół Gimnazjalno-Szkolny, Hala Sportowa 48-140 Branice ul. Słoneczna 8;1073;145;145;6;139;13.51;4.14;1058;417;417;9;408;39.41;2.16
91011;160202;8;Dom Pomocy Społecznej 48-140 Dzbańce-Osiedle 1;133;44;44;12;32;33.08;27.27;126;50;50;10;40;39.68;20.00
91012;160202;9;Dom Pomocy Społecznej 48-140 Boboluszki 71;41;22;22;3;19;53.66;13.64;43;25;25;10;15;58.14;40.00
91013;160202;10;Regionalny Ośrodek Psychiatrii Sądowej 48-140 Branice ul. Szpitalna 19;52;26;26;5;21;50.00;19.23;356;101;101;8;93;28.37;7.92
91014;160202;11;Dom Pomocy Społecznej 48-140 Bliszczyce 76;54;23;23;1;22;42.59;4.35;52;20;20;7;13;38.46;35.00
91015;160202;12;Samodzielny Wojewódzki Szpital w Branicach 48-140 Branice ul. Szpitalna 18;202;58;58;9;49;28.71;15.52;38;17;17;2;15;44.74;11.76
77590;160203;1;Gimnazjum Nr 1 48-100 Głubczyce ul. Kochanowskiego 31;1887;403;403;18;385;21.36;4.47;1849;953;953;15;938;51.54;1.57
77591;160203;2;Świetlica Zarządu Oświaty, Kultury i Sportu 48-100 Głubczyce ul. Olimpijska 1;1660;377;377;17;360;22.71;4.51;1602;820;820;10;810;51.19;1.22
77592;160203;3;Zespól Szkól Centrum Kształcenia Rolniczego 48-100 Głubczyce ul.Niepodległości 2;878;157;157;5;152;17.88;3.18;869;361;361;11;350;41.54;3.05
77593;160203;4;Szkoła Podstawowa Nr 1 48-100 Głubczyce ul.Dworcowa 2;939;153;153;4;149;16.29;2.61;925;423;423;8;415;45.73;1.89
77594;160203;5;Miejski Ośrodek Kultury 48-100 Głubczyce ul.Kościuszki 24;889;176;176;3;173;19.80;1.70;874;422;422;9;413;48.28;2.13
77595;160203;6;Szkoła Podstawowa Nr 2 48-100 Głubczyce ul.Kochanowskiego 2;852;133;133;4;129;15.61;3.01;836;316;316;11;305;37.80;3.48
77596;160203;7;Internat Specjalnego Osrodka Szkolno-Wychowawczego 48-100 Głubczyce ul.Raciborska 19;859;190;190;6;184;22.12;3.16;840;390;390;7;383;46.43;1.79
77597;160203;8;Ratusz 48-100 Głubczyce ul. Rynek 1;1779;347;347;8;339;19.51;2.31;1752;848;848;24;824;48.40;2.83
77598;160203;9;Szkoła Podstawowa Nr 1 48-100 Głubczyce ul.Dworcowa 2;614;124;124;8;116;20.20;6.45;585;292;292;4;288;49.91;1.37
77599;160203;10;Szkoła Podstawowa 48-100 Gołuszowice 34;495;127;127;0;127;25.66;0.00;501;270;270;8;262;53.89;2.96
77600;160203;11;Szkoła Podstawowa 48-100 Grobniki ul.św.Jana 13;924;132;132;4;128;14.29;3.03;921;370;370;8;362;40.17;2.16
77601;160203;12;Szkoła Podstawowa 48-100 Bogdanowice ul.Konopnickiej 15;903;159;159;6;153;17.61;3.77;883;433;433;4;429;49.04;0.92
77602;160203;13;Środowiskowy Dom Samopomocy 48-100 Nowe Gołuszowice 18;873;102;102;3;99;11.68;2.94;851;290;290;11;279;34.08;3.79
77603;160203;14;Zespół Szkół 48-100 Pietrowice 9;453;56;56;1;55;12.36;1.79;441;178;178;10;168;40.36;5.62
77604;160203;15;Świetlica Wiejska 48-100 Zubrzyce ul.Długa 32;451;82;82;1;81;18.18;1.22;451;213;213;8;205;47.23;3.76
77605;160203;16;Świetlica Wiejska 48-100 Równe 120;933;93;93;4;89;9.97;4.30;913;299;299;9;290;32.75;3.01
77606;160203;17;Świetlica Wiejska 48-100 Pomorzowice 1;760;95;95;3;92;12.50;3.16;742;235;235;6;229;31.67;2.55
77607;160203;18;Szkoła Podstawowa 48-100 Klisino 68;703;60;60;5;55;8.53;8.33;677;230;230;10;220;33.97;4.35
77608;160203;19;Świetlica Wiejska 48-100 Głubczyce-Sady 1;775;66;66;3;63;8.52;4.55;757;244;244;13;231;32.23;5.33
77609;160203;20;Zespół Szkół 48-100 Lisięcice ul.Szkolna 5;814;109;109;5;104;13.39;4.59;785;269;269;9;260;34.27;3.35
91016;160203;21;Świetlica Domu Pomocy Społecznej 48-100 Klisino 100;74;53;53;8;45;71.62;15.09;72;43;43;15;28;59.72;34.88
91017;160203;22;Świetlica Domu Pomocy Społecznej 48-100 Radynia 40;32;17;17;0;17;53.12;0.00;32;13;13;1;12;40.62;7.69
91018;160203;23;Szpital Powiatowy 48-100 Głubczyce ul. Skłodowskiej 28;114;5;5;0;5;4.39;0.00;124;17;17;1;16;13.71;5.88
91019;160203;24;Świetlica Zakładu Karnego 48-100 Głubczyce ul. Kochanowskiego 3;238;68;68;9;59;28.57;13.24;259;122;122;8;114;47.10;6.56
77610;160204;1;Miejski Dom Kultury w Kietrzu 48-130 Kietrz ul. Wojska Polskiego 20;2078;385;385;24;361;18.53;6.23;2039;900;900;30;870;44.14;3.33
77611;160204;2;Urząd Stanu Cywilnego w Kietrzu 48-130 Kietrz ul. Głubczycka 22;1934;358;358;16;342;18.51;4.47;1856;775;775;31;744;41.76;4.00
77612;160204;3;Publiczne Przedszkole w Kietrzu 48-130 Kietrz ul. Długa 16;1142;205;205;1;204;17.95;0.49;1139;507;507;12;495;44.51;2.37
77613;160204;4;Szkoła Podstawowa w Nowej Cerekwii 48-130 Nowa Cerekwia ul. Rogożańska 4;678;130;130;7;123;19.17;5.38;664;297;297;7;290;44.73;2.36
77614;160204;5;Wiejski Dom Kultury w Nasiedlu 48-130 Nasiedle ul. Świerczewskiego 7A;645;119;119;7;112;18.45;5.88;627;279;279;14;265;44.50;5.02
77615;160204;6;Szkoła Podstawowa w Dzierżysławiu 48-130 Dzierżysław ul. Szkolna 4;468;102;102;7;95;21.79;6.86;464;211;211;11;200;45.47;5.21
77616;160204;7;Świetlica Wiejska w Lubotyniu 48-130 Lubotyń 30;435;57;57;6;51;13.10;10.53;422;131;131;1;130;31.04;0.76
77617;160204;8;Szkoła Podstawowa w Pilszczu 48-130 Pilszcz ul. Owsiana 3;593;81;81;4;77;13.66;4.94;580;209;209;7;202;36.03;3.35
77618;160204;9;Świetlica Wiejska w Wojnowicach 48-130 Wojnowice ul. Okrężna 27;558;74;74;5;69;13.26;6.76;565;210;210;9;201;37.17;4.29
77619;160204;10;Szkoła Podstawowa w Ściborzycach Wielkich 48-130 Ściborzyce Wielkie 105;619;68;68;4;64;10.99;5.88;609;184;184;13;171;30.21;7.07
77620;160301;1;Publiczna Szkoła Podstawowa Nr 12 47-200 Kędzierzyn-Koźle ul. Piastowska 30;2234;462;462;13;449;20.68;2.81;2158;1094;1094;12;1082;50.70;1.10
77621;160301;2;Publiczna Szkoła Podstawowa Nr 12 47-200 Kędzierzyn-Koźle ul. Piastowska 30;2519;594;594;15;579;23.58;2.53;2445;1328;1328;14;1314;54.31;1.05
77622;160301;3;Publiczne Gimnazjum Nr 1 47-200 Kędzierzyn-Koźle ul. Grzegorza Piramowicza 30;1462;242;242;3;239;16.55;1.24;1423;605;605;19;586;42.52;3.14
77623;160301;4;Zespół Szkół Nr 1 im. Powstańców Śląskich 47-200 Kędzierzyn-Koźle ul. Skarbowa 2;1465;269;269;20;249;18.36;7.43;1447;615;615;17;598;42.50;2.76
77624;160301;5;Zespół Szkół Miejskich Nr 2 (Publiczna Szkoła Podstawowa Nr 15) 47-206 Kędzierzyn-Koźle ul. Karola Szymanowskiego 19;1786;264;264;11;253;14.78;4.17;1697;641;641;26;615;37.77;4.06
77625;160301;6;Zespół Szkół Specjalnych 47-206 Kędzierzyn-Koźle ul. Ignacego Krasickiego 10;1643;313;313;13;300;19.05;4.15;1666;828;828;14;814;49.70;1.69
77626;160301;7;Publiczna Szkoła Podstawowa Nr 5 47-224 Kędzierzyn-Koźle ul. Tadeusza Kościuszki 41;1967;331;331;10;321;16.83;3.02;1924;850;850;30;820;44.18;3.53
77627;160301;8;Publiczne Gimnazjum Nr 3 47-224 Kędzierzyn-Koźle ul. Piotra Skargi 11;2128;392;392;6;386;18.42;1.53;2060;941;941;29;912;45.68;3.08
77628;160301;9;Publiczna Szkoła Podstawowa Nr 11 47-224 Kędzierzyn-Koźle Aleja Partyzantów 30;1928;422;422;16;406;21.89;3.79;1854;945;945;17;928;50.97;1.80
77629;160301;10;Publiczna Szkoła Podstawowa Nr 5 47-224 Kędzierzyn-Koźle ul. Tadeusza Kościuszki 41;2018;336;336;11;325;16.65;3.27;1975;858;858;28;830;43.44;3.26
77630;160301;11;Publiczne Przedszkole Nr 23 47-224 Kędzierzyn-Koźle Wierzbowa 4;1622;438;438;5;433;27.00;1.14;1572;901;901;19;882;57.32;2.11
77631;160301;12;II Liceum Ogólnokształcace 47-220 Kędzierzyn-Koźle ul. Jana Matejki 19;1760;265;265;16;249;15.06;6.04;1695;683;683;32;651;40.29;4.69
77632;160301;13;Publiczne Gimnazjum Nr 4 47-220 Kędzierzyn-Koźle ul. 1 Maja 3;2360;490;490;9;481;20.76;1.84;2284;1108;1108;28;1080;48.51;2.53
77633;160301;14;Dom Kultury „Chemik” 47-220 Kędzierzyn-Koźle Aleja Jana Pawła II 27;2122;562;562;15;547;26.48;2.67;2083;1095;1095;14;1081;52.57;1.28
77634;160301;15;Publiczna Szkoła Podstawowa Nr 6 47-220 Kędzierzyn-Koźle ul. Pawła Stalmacha 20;2063;395;395;15;380;19.15;3.80;2010;929;929;35;894;46.22;3.77
77635;160301;16;Publiczna Szkoła Podstawowa Nr 9 47-220 Kędzierzyn-Koźle ul. Jurija Gagarina 3;2400;521;521;12;509;21.71;2.30;2343;1192;1192;28;1164;50.87;2.35
77636;160301;17;Publiczne Przedszkole Nr 24 47-232 Kędzierzyn-Koźle ul. Leszka Białego 7;2195;449;449;9;440;20.46;2.00;2103;1142;1142;15;1127;54.30;1.31
77637;160301;18;budynek Wojewódzkiego Zakładu Doskonalenia Zawodowego 47-232 Kędzierzyn-Koźle ul. Kazimierza Wielkiego 17;408;91;91;0;91;22.30;0.00;406;226;226;3;223;55.67;1.33
77638;160301;19;Zespół Szkół Miejskich Nr 1 (Publiczna Szkoła Podstawowa Nr 19) 47-232 Kędzierzyn-Koźle ul. Mieszka I 4;1760;388;388;9;379;22.05;2.32;1749;915;915;18;897;52.32;1.97
77639;160301;20;Zespół Szkół Miejskich Nr 1 (Publiczne Gimnazjum nr 5) 47-232 Kędzierzyn-Koźle ul. Mieszka I 4;805;188;188;9;179;23.35;4.79;784;383;383;7;376;48.85;1.83
77640;160301;21;Budynek Administracji Osiedla Nr 5 - klub „Kajtek” 47-232 Kędzierzyn-Koźle ul. Królowej Jadwigi 10;2199;567;567;14;553;25.78;2.47;2106;1213;1213;24;1189;57.60;1.98
77641;160301;22;Dom Kultury „Lech” 47-225 Kędzierzyn-Koźle ul. Wyzwolenia 7b;2173;335;335;19;316;15.42;5.67;2137;849;849;30;819;39.73;3.53
77642;160301;23;Zespół Szkół Miejskich Nr 3 (Publiczna Szkoła Podstawowa Nr 10) 47-225 Kędzierzyn-Koźle ul. Szkolna 3;441;53;53;2;51;12.02;3.77;419;147;147;7;140;35.08;4.76
77643;160301;24;Zespół Szkół Miejskich Nr 1 (Środowiskowy Hufiec Pracy) 47-225 Kędzierzyn-Koźle ul. Nowowiejska 8;327;53;53;0;53;16.21;0.00;335;145;145;8;137;43.28;5.52
77644;160301;25;Zespół Szkół Miejskich Nr 4 (Publiczna Szkoła Podstawowa Nr 16) 47-223 Kędzierzyn-Koźle ul. Sławięcicka 96;2197;294;294;20;274;13.38;6.80;2141;832;832;30;802;38.86;3.61
77645;160301;26;Strażnica Ochotniczej Straży Pożarnej Miejsce Kłodnickie 47-230 Kędzierzyn-Koźle ul. Szpaków 11;294;32;32;6;26;10.88;18.75;297;101;101;6;95;34.01;5.94
77646;160301;27;Osiedlowy Dom Kultury „Kubiczek” 47-200 Kędzierzyn-Koźle ul. Główna 54;1020;115;115;4;111;11.27;3.48;1000;357;357;4;353;35.70;1.12
77647;160301;28;Dom Kultury „Koźle” 47-200 Kędzierzyn-Koźle ul. Skarbowa 10;601;99;99;3;96;16.47;3.03;604;273;273;8;265;45.20;2.93
77648;160301;29;Zespół Szkół Miejskich Nr 5 (Publiczna Szkoła Podstawowa Nr 3) 47-223 Kędzierzyn-Koźle ul. Przodowników Pracy 14;1529;251;251;11;240;16.42;4.38;1498;658;658;20;638;43.93;3.04
77649;160301;30;Zespół Szkolno - Przedszkolny Nr 1 (Publiczna Szkoła Podstawowa Nr 18) 47-230 Kędzierzyn-Koźle ul. Jana Brzechwy 80;1475;157;157;13;144;10.64;8.28;1497;464;464;11;453;31.00;2.37
77650;160301;31;Siedziba Rady Osiedla „Kuźniczka” 47-220 Kędzierzyn-Koźle ul. Grunwaldzka 83;939;312;312;7;305;33.23;2.24;915;521;521;7;514;56.94;1.34
91020;160301;32;Szpital Zespolony 47-220 Kędzierzyn-Koźle ul. Doktora Judyma 4;53;4;4;0;4;7.55;0.00;33;12;12;2;10;36.36;16.67
91021;160301;33;Szpital Zespolony 47-200 Kędzierzyn-Koźle ul. Franklina Delano Roosevelta 2;91;8;8;0;8;8.79;0.00;111;28;28;0;28;25.23;0.00
91022;160301;34;Dom Pomocy Społecznej 47-230 Kędzierzyn-Koźle ul. Dąbrowszczaków 1;50;50;50;2;48;100.00;4.00;48;44;44;0;44;91.67;0.00
91023;160301;35;Areszt Śledczy 47-200 Kędzierzyn-Koźle ul. Racławicka 10;112;18;18;3;15;16.07;16.67;104;62;62;8;54;59.62;12.90
77651;160302;1;Szkoła Podstawowa 47-223 Stare Koźle ul. Szkolna 5;1170;164;164;9;155;14.02;5.49;1171;454;454;16;438;38.77;3.52
77652;160302;2;Publiczne Gimnazjum 47-240 Bierawa ul. Kościelna 1;1287;234;234;6;228;18.18;2.56;1290;537;537;24;513;41.63;4.47
77653;160302;3;Świetlica wiejska 47-244 Lubieszów ul. Bierawska 37;441;69;69;5;64;15.65;7.25;438;158;158;14;144;36.07;8.86
77654;160302;4;Szkoła Podstawowa 47-244 Dziergowice ul. Kozielska 8;1381;152;152;6;146;11.01;3.95;1367;484;484;37;447;35.41;7.64
77655;160302;5;Dwujęzyczna Szkoła Podstawowa 47-244 Solarnia ul. Raciborska 42;419;63;63;4;59;15.04;6.35;415;133;133;10;123;32.05;7.52
77656;160302;6;Wiejski Dom Kultury 47-246 Stara Kuźnia ul. Brzozowa 33;931;115;115;10;105;12.35;8.70;933;331;331;3;328;35.48;0.91
77657;160302;7;Świetlica wiejska 47-246 Kotlarnia ul. Gliwicka 34;640;113;113;8;105;17.66;7.08;631;309;309;17;292;48.97;5.50
77658;160303;1;Gminny Ośrodek Kultury 47-253 Cisek ul. Planetorza 30;1863;250;250;13;237;13.42;5.20;1843;672;672;37;635;36.46;5.51
77659;160303;2;Wiejski Dom Kultury 47-260 Nieznaszyn ul. Wiejska 25;826;93;93;3;90;11.26;3.23;802;273;273;6;267;34.04;2.20
77660;160303;3;Szkoła Podstawowa 47-253 Łany ul. Główna 98a;1594;151;151;4;147;9.47;2.65;1594;533;533;28;505;33.44;5.25
77661;160303;4;Dom Strażaka 47-253 Roszowicki Las ul. Kochanowskiego 63;423;54;54;4;50;12.77;7.41;414;141;141;6;135;34.06;4.26
77662;160304;1;Remiza OSP 47-280 Pawłowiczki ul. Wyzwolenia 67;1450;213;213;10;203;14.69;4.69;1426;518;518;30;488;36.33;5.79
77663;160304;2;Świetlica Wiejska 47-280 Ostrożnica ul. Kościelna 3;943;97;97;10;87;10.29;10.31;920;259;259;5;254;28.15;1.93
77664;160304;3;Remiza 0SP 47-280 Maciowakrze ul. Spółdzielcza 6;471;61;61;6;55;12.95;9.84;468;154;154;7;147;32.91;4.55
77665;160304;4;Zespół Szkolno-Przedszkolny 47-280 Jakubowice 2c;1168;92;92;6;86;7.88;6.52;1135;314;314;30;284;27.67;9.55
77666;160304;5;Wiejski Dom Kultury 47-270 Gościęcin ul. Kozielska 1;1622;178;178;13;165;10.97;7.30;1613;562;562;17;545;34.84;3.02
77667;160304;6;Publiczna Szkoła Podstawowa 47-270 Naczęsławice ul. Główna 19;755;69;69;5;64;9.14;7.25;755;227;227;15;212;30.07;6.61
77668;160305;1;Urząd Gminy 47-260 Polska Cerekiew ul. Raciborska 4;1082;184;184;13;171;17.01;7.07;1075;554;554;60;494;51.53;10.83
77669;160305;2;Świetlica Wiejska 47-260 Grzędzin ul. Kościelna 32;543;76;76;3;73;14.00;3.95;527;248;248;25;223;47.06;10.08
77670;160305;3;Caritas 47-260 Zakrzów ul. Chopina 54;816;93;93;9;84;11.40;9.68;796;368;368;34;334;46.23;9.24
77671;160305;4;Urząd Gminy 47-260 Polska Cerekiew ul. Raciborska 4;646;105;105;3;102;16.25;2.86;640;287;287;24;263;44.84;8.36
77672;160305;5;Szkoła Podstawowa 47-260 Wronin ul. Kościelna 1;505;50;50;5;45;9.90;10.00;495;211;211;21;190;42.63;9.95
77673;160306;1;Szkoła Podstawowa 47-214 Mechnica ul. Kwiatowa 4;1217;112;112;10;102;9.20;8.93;1198;336;336;14;322;28.05;4.17
77674;160306;2;Świetlica Wiejska 47-208 Większyce ul. Kozielska 5;1360;214;214;15;199;15.74;7.01;1369;512;512;15;497;37.40;2.93
77675;160306;3;Urząd Gminy 47-208 Reńska Wieś ul. Pawłowicka 1;1312;201;201;9;192;15.32;4.48;1292;532;532;16;516;41.18;3.01
77676;160306;4;Szkoła Podstawowa 47-208 Długomiłowice ul. Parkowa 8;1636;148;148;12;136;9.05;8.11;1622;446;446;17;429;27.50;3.81
77677;160306;5;Świetlica OSP 47-208 Pokrzywnica ul. 1Maja 12a;669;78;78;3;75;11.66;3.85;667;236;236;4;232;35.38;1.69
77678;160306;6;Szkoła Podstawowa 47-208 Łężce ul. Kościelna 7;564;53;53;6;47;9.40;11.32;570;171;171;9;162;30.00;5.26
77679;160401;1;Ośrodek Kultury 46-220 Byczyna Borkowska 1;1252;228;228;10;218;18.21;4.39;1215;511;511;15;496;42.06;2.94
77680;160401;2;Ratusz 46-220 Byczyna ul. Rynek 1;674;136;136;5;131;20.18;3.68;664;278;278;19;259;41.87;6.83
77681;160401;3;Publiczna Szkoła Podstawowa 46-220 Byczyna ul. Poznańska 6;1605;296;296;11;285;18.44;3.72;1568;721;721;13;708;45.98;1.80
77682;160401;4;Świetlica Wiejska 46-220 Dobiercice ul. Sienkiewicza 3A;491;73;73;1;72;14.87;1.37;480;193;193;9;184;40.21;4.66
77683;160401;5;Przedszkole Publiczne w Byczynie - Oddział w Nasalach 46-220 Nasale 47;531;57;57;5;52;10.73;8.77;522;135;135;3;132;25.86;2.22
77684;160401;6;Publiczna Szkoła Podstawowa 46-220 Roszkowice 88;565;64;64;5;59;11.33;7.81;550;168;168;4;164;30.55;2.38
77685;160401;7;Publiczna Szkoła Podstawowa 46-220 Kostów 10;721;123;123;11;112;17.06;8.94;717;274;274;17;257;38.21;6.20
77686;160401;8;Świetlica Wiejska 46-250 Proślice 32;922;167;167;12;155;18.11;7.19;935;366;366;7;359;39.14;1.91
77687;160401;9;Publiczna Szkoła Podstawowa 46-220 Biskupice 22;875;112;112;3;109;12.80;2.68;865;301;301;9;292;34.80;2.99
77688;160402;1;Zespół Szkół Ogólnokształcących 46-200 Kluczbork ul. Mickiewicza 10;970;182;182;5;177;18.76;2.75;930;366;366;14;352;39.35;3.83
77689;160402;2;Ratusz 46-200 Kluczbork Rynek 1;1489;219;219;8;211;14.71;3.65;1464;525;525;13;512;35.86;2.48
77690;160402;3;Zespół Szkół Licealno-Technicznych 46-200 Kluczbork ul. Sienkiewicza 20;1912;371;371;5;366;19.40;1.35;1851;949;949;22;927;51.27;2.32
77691;160402;4;Kluczborski Dom Kultury 46-200 Kluczbork ul. Mickiewicza 5;1031;199;199;9;190;19.30;4.52;1013;425;425;11;414;41.95;2.59
77692;160402;5;Zespół Szkół Ponadgimnazjalnych Nr 2 CKU 46-200 Kluczbork ul. Byczyńska 7;1750;366;366;19;347;20.91;5.19;1681;821;821;17;804;48.84;2.07
77693;160402;6;Publiczne Przedszkole Nr 8 46-203 Kluczbork ul. Ossowskiego 3;1467;276;276;6;270;18.81;2.17;1400;723;723;13;710;51.64;1.80
77694;160402;7;Budynek Szkolny 46-203 Kluczbork ul. Ligonia 12;1848;478;478;15;463;25.87;3.14;1788;949;949;11;938;53.08;1.16
77695;160402;8;Publiczna Szkoła Podstawowa Nr 2 46-203 Kluczbork ul. Wolności 17;1853;370;370;9;361;19.97;2.43;1786;912;912;21;891;51.06;2.30
77696;160402;9;Publiczna Szkoła Podstawowa Nr 2 46-203 Kluczbork ul. Wolności 19;2338;533;533;14;519;22.80;2.63;2279;1217;1217;24;1193;53.40;1.97
77697;160402;10;Publiczne Gimnazjum Nr 3 46-200 Kluczbork ul. Wolności 18;1790;404;404;16;388;22.57;3.96;1732;827;827;19;808;47.75;2.30
77698;160402;11;Zespół Szkół Ponadgimnazjalnych Nr 1 46-200 Kluczbork ul. Skłodowskiej-Curie 13;2192;433;433;12;421;19.75;2.77;2147;984;984;18;966;45.83;1.83
77699;160402;12;Publiczne Przedszkole Nr 5 46-200 Kluczbork ul. Dąbrowskiego 10;1386;312;312;10;302;22.51;3.21;1355;677;677;11;666;49.96;1.62
77700;160402;13;Świetlica Wiejska 46-233 Bąków ul. Braci Bassy 16;784;94;94;8;86;11.99;8.51;769;276;276;7;269;35.89;2.54
77701;160402;14;Publiczna Szkoła Podstawowa z Oddziałem Przedszkolnym 46-233 Biadacz 103;544;82;82;2;80;15.07;2.44;516;184;184;6;178;35.66;3.26
77702;160402;15;Świetlica Wiejska 46-200 Ligota Górna ul. Gorzowska 4a;722;185;185;6;179;25.62;3.24;747;362;362;9;353;48.46;2.49
77703;160402;16;Publiczna Szkoła Podstawowa z Oddziałem Przedszkolnym 46-211 Łowkowice Księdza Rigola 33;910;85;85;0;85;9.34;0.00;906;301;301;11;290;33.22;3.65
77704;160402;17;Publiczne Gimnazjum Nr 4 46-211 Kujakowice Górne ul. XXX-lecia 37;960;84;84;0;84;8.75;0.00;915;334;334;4;330;36.50;1.20
77705;160402;18;Publiczna Szkoła Podstawowa z Oddziałami Przedszkolnymi 46-200 Kuniów 74;839;94;94;6;88;11.20;6.38;836;299;299;13;286;35.77;4.35
77706;160402;19;Publiczna Szkoła Podstawowa 46-243 Bogacica ul. Szkolna 10;1699;178;178;7;171;10.48;3.93;1689;540;540;24;516;31.97;4.44
77707;160402;20;Świetlica Wiejska 46-243 Borkowice ul. Wiejska 48;709;70;70;3;67;9.87;4.29;710;215;215;14;201;30.28;6.51
77708;160402;21;Publiczna Szkoła Podstawowa z Oddziałem Przedszkolnym 46-243 Bażany Wiejska 19;579;46;46;0;46;7.94;0.00;583;169;169;3;166;28.99;1.78
77709;160402;22;Publiczne Przedszkole Nr 5 z Odziałami Zamiejscowymi 46-200 Krasków 59;497;66;66;3;63;13.28;4.55;484;191;191;9;182;39.46;4.71
77710;160402;23;Świetlica Wiejska 46-200 Ligota Dolna Wołczyńska 73;531;92;92;3;89;17.33;3.26;524;247;247;7;240;47.14;2.83
77711;160402;24;Publiczne Przedszkole Nr 8 46-200 Smardy Górne ul. Kościelna 10;842;139;139;2;137;16.51;1.44;839;328;328;12;316;39.09;3.66
77712;160402;25;Świetlica Wiejska 46-211 Gotartów 19c;412;51;51;3;48;12.38;5.88;406;145;145;4;141;35.71;2.76
91024;160402;26;Dom Pomocy Społecznej 46-200 Kluczbork ul. Wołczyńska 25;115;31;31;0;31;26.96;0.00;129;40;40;2;38;31.01;5.00
91025;160402;27;Powiatowe Centrum Zdrowia S.A. NZOZ Szpital Powiatowy 46-200 Kluczbork ul. Skłodowskiej-Curie 23;71;6;6;0;6;8.45;0.00;58;27;27;2;25;46.55;7.41
91026;160402;28;Zakład Karny 46-200 Kluczbork ul. Katowicka 4;390;95;95;7;88;24.36;7.37;396;167;167;21;146;42.17;12.57
77713;160403;1;Zespół Gimnazjalno-Szkolno-Przedszkolny 46-280 Chocianowice 78;946;73;73;0;73;7.72;0.00;929;292;292;14;278;31.43;4.79
77714;160403;2;Sala OSP 46-280 Ciarka 28C;354;50;50;1;49;14.12;2.00;355;123;123;5;118;34.65;4.07
77715;160403;3;Zespół Szkolno-Przedszkolny 46-280 Gronowice 58;395;27;27;0;27;6.84;0.00;390;120;120;4;116;30.77;3.33
77716;160403;4;Sala OSP 46-280 Lasowice Małe ul. Odrodzenia 34;439;82;82;2;80;18.68;2.44;436;158;158;12;146;36.24;7.59
77717;160403;5;Zespół Szkolno-Przedszkolny 46-280 Jasienie Zwycięstwa 15;709;62;62;1;61;8.74;1.61;709;205;205;7;198;28.91;3.41
77718;160403;6;Sala Wiejska 46-282 Tuły 39a;269;41;41;0;41;15.24;0.00;261;72;72;2;70;27.59;2.78
77719;160403;7;Przedszkole Samorządowe 46-282 Laskowice ul. Szkolna 20;787;25;25;2;23;3.18;8.00;777;138;138;6;132;17.76;4.35
77720;160403;8;Przedszkole Samorządowe 46-282 Lasowice Wielkie 42;808;103;103;2;101;12.75;1.94;795;307;307;3;304;38.62;0.98
77721;160403;9;Zespół Szkolno-Przedszkolny 46-275 Chudoba 142;785;90;90;3;87;11.46;3.33;792;255;255;5;250;32.20;1.96
77722;160403;10;Sala Wiejska 46-275 Wędrynia 66;369;46;46;0;46;12.47;0.00;370;125;125;6;119;33.78;4.80
77723;160404;1;Wołczyński Ośrodek Kultury 46-250 Wołczyn ul. Opolska 2;1455;328;328;16;312;22.54;4.88;1410;639;639;21;618;45.32;3.29
77724;160404;2;Wołczyński Ośrodek Kultury 46-250 Wołczyn ul. Opolska 2;821;151;151;11;140;18.39;7.28;810;396;396;11;385;48.89;2.78
77725;160404;3;Świetlica przy Szkole Podstawowej Nr 1 46-250 Wołczyn ul. Rzeczna 7;1553;290;290;14;276;18.67;4.83;1531;614;614;25;589;40.10;4.07
77726;160404;4;Przedsiębiorstwo Gospodarki Komunalnej i Mieszkaniowej Sp. zo.o. 46-250 Wołczyn ul. Rzeczna 3;1293;271;271;10;261;20.96;3.69;1276;590;590;4;586;46.24;0.68
77727;160404;5;Szkoła Podstawowa 46-255 Wierzbica Górna 39 a;1052;156;156;10;146;14.83;6.41;1022;358;358;16;342;35.03;4.47
77728;160404;6;Szkoła Podstawowa 46-264 Komorzno ul. Główna 31;717;81;81;5;76;11.30;6.17;698;235;235;10;225;33.67;4.26
77729;160404;7;Świetlica Wiejska 46-264 Krzywiczyny ul. Wołczyńska 41;501;84;84;3;81;16.77;3.57;487;196;196;4;192;40.25;2.04
77730;160404;8;Szkoła Podstawowa 46-250 Szymonków ul. Wołczyńska 3;473;89;89;3;86;18.82;3.37;460;202;202;5;197;43.91;2.48
77731;160404;9;Świetlica Wiejska 46-255 Wierzbica Dolna 26;525;88;88;3;85;16.76;3.41;519;189;189;7;182;36.42;3.70
77732;160404;10;Remiza Ochotniczej Straży Pożarnej 46-250 Gierałcice ul. Opolska 36;653;108;108;6;102;16.54;5.56;655;277;277;19;258;42.29;6.86
77733;160404;11;Oddział Przedszkolny Szkoły Podstawowej w Wąsicach 46-250 Wąsice ul. Główna 14 a;411;52;52;1;51;12.65;1.92;404;142;142;6;136;35.15;4.23
77734;160404;12;Świetlica Wiejska 46-250 Wierzchy 76;650;48;48;4;44;7.38;8.33;640;145;145;9;136;22.66;6.21
77735;160404;13;Świetlica Wiejska 46-250 Brzezinki 25;306;49;49;5;44;16.01;10.20;300;99;99;5;94;33.00;5.05
77736;160404;14;Szkoła Podstawowa 46-262 Skałągi ul. Wołczyńska 23;414;72;72;2;70;17.39;2.78;407;174;174;5;169;42.75;2.87
77737;160404;15;Budynek byłej Szkoły Podstawowej 46-262 Rożnów 1;374;72;72;2;70;19.25;2.78;349;138;138;12;126;39.54;8.70
77738;160501;1;Publiczne Gimnazjum 47-320 Gogolin ul. Szkolna 27;1828;239;239;4;235;13.07;1.67;1819;689;689;19;670;37.88;2.76
77739;160501;2;Publiczna Szkoła Podstawowa Nr 2 47-320 Gogolin ul. Strzelecka 39;1791;157;157;9;148;8.77;5.73;1769;544;544;24;520;30.75;4.41
77740;160501;3;Publiczna Szkoła Podstawowa Nr 3 47-320 Gogolin ul. Krapkowicka 141;1233;195;195;4;191;15.82;2.05;1246;533;533;7;526;42.78;1.31
77741;160501;4;Przedszkole 47-316 Górażdże ul. Dworcowa 3;717;100;100;7;93;13.95;7.00;698;239;239;17;222;34.24;7.11
77742;160501;5;Publiczna Szkoła Podstawowa - świetlica 47-316 Malnia ul. Podgórna 3;577;63;63;8;55;10.92;12.70;570;187;187;2;185;32.81;1.07
77743;160501;6;Filia Publicznej Szkoły Podstawowej Nr 3 w Gogolinie 47-330 Zakrzów ul. Mickiewicza 3;515;42;42;1;41;8.16;2.38;511;130;130;8;122;25.44;6.15
77744;160501;7;Publiczna Szkoła Podstawowa 47-325 Kamień Śląski ul. Klasztorna 2;1153;140;140;12;128;12.14;8.57;1153;387;387;22;365;33.56;5.68
77745;160501;8;DSS Święta Barbara 47-325 Kamionek ul. Polna 24;550;78;78;14;64;14.18;17.95;567;173;173;14;159;30.51;8.09
77746;160501;9;Remiza Strażacka 47-320 Obrowiec ul. Łąkowa 1;430;45;45;0;45;10.47;0.00;428;125;125;2;123;29.21;1.60
77747;160501;10;Centrum Aktywacji Wiejskiej 47-316 Odrowąż ul. Wiejska 58A;458;58;58;1;57;12.66;1.72;484;163;163;4;159;33.68;2.45
77748;160501;11;Świetlica 47-320 Gogolin ul. Plebiscytowa 1;406;36;36;0;36;8.87;0.00;405;98;98;7;91;24.20;7.14
77749;160501;12;Centrum Aktywacji Wiejskiej 47-316 Chorula ul. Opolska 66;490;46;46;3;43;9.39;6.52;484;147;147;14;133;30.37;9.52
77750;160502;1;Zespół Szkół Zawodowych 47-300 Krapkowice ul. Zamkowa 5;828;132;132;1;131;15.94;0.76;802;300;300;5;295;37.41;1.67
77751;160502;2;Publiczna Szkoła Podstawowa Nr 1 47-300 Krapkowice ul. Szkolna 3;955;171;171;7;164;17.91;4.09;948;459;459;12;447;48.42;2.61
77752;160502;3;Publiczne Gimnazjum Nr 2 47-300 Krapkowice ul. Kwiatowa 7;910;163;163;7;156;17.91;4.29;904;409;409;12;397;45.24;2.93
77753;160502;4;Zespół Szkół Zawodowych 47-300 Krapkowice ul. Zamkowa 5;974;102;102;2;100;10.47;1.96;970;248;248;7;241;25.57;2.82
77754;160502;5;Zespół Szkół im. Jana Kilińskiego 47-303 Krapkowice ul. Księdza Duszy 7;887;161;161;3;158;18.15;1.86;868;396;396;8;388;45.62;2.02
77755;160502;6;Przedszkole Publiczne Nr 6 47-303 Krapkowice ul. Buczka 11;955;149;149;7;142;15.60;4.70;930;365;365;10;355;39.25;2.74
77756;160502;7;Środowiskowy Dom Samopomocy 47-303 Krapkowice Osiedle XXX lecia 23;612;120;120;3;117;19.61;2.50;603;293;293;5;288;48.59;1.71
77757;160502;8;Zespół Szkół Sportowych Nr 1 47-303 Krapkowice Osiedle XXX lecia 24;1046;208;208;8;200;19.89;3.85;1025;488;488;8;480;47.61;1.64
77758;160502;9;Budynek 47-303 Krapkowice ul. Krasickiego 4;905;134;134;4;130;14.81;2.99;906;379;379;8;371;41.83;2.11
77759;160502;10;Zespół Szkolno-Przedszkolny Nr 4 w Krapkowicach 47-303 Krapkowice ul. Żeromskiego 34;910;191;191;4;187;20.99;2.09;925;446;446;9;437;48.22;2.02
77760;160502;11;Zespół Szkolno-Przedszkolny Nr 4 w Krapkowicach 47-303 Krapkowice ul. Żeromskiego 34;877;159;159;6;153;18.13;3.77;882;434;434;8;426;49.21;1.84
77761;160502;12;Zespół Szkół Sportowych Nr 1 47-303 Krapkowice ul. Osiedle XXX lecia 24;1110;190;190;6;184;17.12;3.16;1077;506;506;11;495;46.98;2.17
77762;160502;13;Urząd Miasta i Gminy w Krapkowicach 47-303 Krapkowice ul. 3 Maja 17;980;135;135;2;133;13.78;1.48;952;402;402;10;392;42.23;2.49
77763;160502;14;Publiczna Szkoła Podstawowa Nr 1 47-300 Krapkowice ul. Szkolna 3;892;159;159;3;156;17.83;1.89;863;359;359;7;352;41.60;1.95
77764;160502;15;Publiczne Gimnazjum Nr 2 47-300 Krapkowice ul. Kwiatowa 7;932;192;192;4;188;20.60;2.08;923;417;417;15;402;45.18;3.60
77765;160502;16;Publiczna Szkoła Podstawowa 47-300 Dąbrówka Górna ul. Opolska 64;721;77;77;3;74;10.68;3.90;734;278;278;6;272;37.87;2.16
77766;160502;17;Publiczna Szkoła Podstawowa 47-300 Rogów Opolski ul. Chrobrego 15;897;99;99;3;96;11.04;3.03;884;299;299;19;280;33.82;6.35
77767;160502;18;Publiczna Szkoła Podstawowa 47-300 Żywocice ul. Średnia 48;984;110;110;3;107;11.18;2.73;986;400;400;10;390;40.57;2.50
77768;160502;19;Świetlica OSP 47-300 Pietna ul. Łąkowa 1;383;51;51;2;49;13.32;3.92;392;147;147;3;144;37.50;2.04
77769;160502;20;Szkoła Postawowa Stowarzyszenia na Rzecz Rozwoju Wsi Żużela 47-341 Żużela ul. Szkolna 3;459;55;55;2;53;11.98;3.64;467;192;192;4;188;41.11;2.08
77770;160502;21;Zespół Szkolno-Przedszkolny w Kórnicy 47-300 Kórnica ul. Główna 2;650;64;64;5;59;9.85;7.81;648;197;197;8;189;30.40;4.06
77771;160502;22;Świetlica OSP 47-300 Ściborowice ul. Szkolna 27;314;20;20;2;18;6.37;10.00;318;60;60;4;56;18.87;6.67
77772;160502;23;Stowarzyszeniowa Publiczna Szkoła Podstawowa w Steblowie 47-300 Steblów ul. Szkolna 2;815;121;121;7;114;14.85;5.79;818;278;278;6;272;33.99;2.16
91027;160502;24;Krapkowickie Centrum Zdrowia Spółka z o.o. 47-303 Krapkowice Osiedle XXX-lecia 21;57;0;0;0;0;0.00;NA;25;6;6;0;6;24.00;0.00
77773;160503;1;Gminny Ośrodek Kultury 47-364 Strzeleczki Rynek 4;1304;120;120;7;113;9.20;5.83;1309;464;464;24;440;35.45;5.17
77774;160503;2;Szkoła Podstawowa 47-370 Racławiczki ul. Szkolna 6;1550;124;124;11;113;8.00;8.87;1525;507;507;13;494;33.25;2.56
77775;160503;3;Szkoła Podstawowa 47-370 Zielina ul. Prudnicka 8;1393;143;143;4;139;10.27;2.80;1372;420;420;16;404;30.61;3.81
77776;160503;4;Szkoła Podstawowa 47-364 Komorniki ul. Szkolna 4;1260;73;73;4;69;5.79;5.48;1246;316;316;15;301;25.36;4.75
77777;160503;5;Szkoła Podstawowa 47-364 Dobra ul. Szkolna 37;641;66;66;8;58;10.30;12.12;646;238;238;9;229;36.84;3.78
77778;160504;1;Publiczna Szkoła Podstawowa 47-344 Walce ul. Lipowa 2;1109;140;140;8;132;12.62;5.71;1097;323;323;7;316;29.44;2.17
77779;160504;2;Publiczna Szkoła Podstawowa 47-341 Brożec ul. Reymonta 65;1065;120;120;2;118;11.27;1.67;1053;372;372;8;364;35.33;2.15
77780;160504;3;Budynek Wielofunkcyjny 47-344 Rozkochów ul. Wiejska 19 a;458;34;34;0;34;7.42;0.00;458;111;111;8;103;24.24;7.21
77781;160504;4;Remiza OSP 47-341 Stradunia ul. Opolska 31;723;76;76;8;68;10.51;10.53;717;236;236;9;227;32.91;3.81
77782;160504;5;Budynek Gminny - świetlica wiejska 47-344 Dobieszowice ul. Główna 22;409;30;30;3;27;7.33;10.00;399;95;95;3;92;23.81;3.16
77783;160504;6;Gminny Ośrodek Kultury 47-344 Walce Opolska 23a;949;133;133;8;125;14.01;6.02;931;296;296;5;291;31.79;1.69
77784;160505;1;Publiczna Szkoła Podstawowa Nr 1 - sala gimnastyczna 47-330 Zdzieszowice ul. Bolesława Chrobrego 36;1290;166;166;13;153;12.87;7.83;1266;472;472;26;446;37.28;5.51
77785;160505;2;Publiczna Szkoła Podstawowa Nr 2 47-330 Zdzieszowice ul. Plac 1 Maja 1;1755;290;290;7;283;16.52;2.41;1684;705;705;21;684;41.86;2.98
77786;160505;3;Publiczne Gimnazjum 47-330 Zdzieszowice ul. Nowa 3;1930;234;234;17;217;12.12;7.26;1869;644;644;39;605;34.46;6.06
77787;160505;4;Zespół Szkół im. Jana Pawła II 47-330 Zdzieszowice ul. Góry św. Anny 21a;1690;293;293;8;285;17.34;2.73;1614;753;753;41;712;46.65;5.44
77788;160505;5;Ośrodek Profilaktyki i Wspierania Rodziny 47-330 Zdzieszowice ul. Bolesława Chrobrego 18;1263;189;189;8;181;14.96;4.23;1221;499;499;34;465;40.87;6.81
77789;160505;6;Żłobek Samorządowy 47-330 Zdzieszowice ul. Piastów 20;1527;219;219;14;205;14.34;6.39;1461;541;541;23;518;37.03;4.25
77790;160505;7;Publiczna Szkoła Podstawowa 47-330 Januszkowice ul. Lesiańska 6;860;98;98;3;95;11.40;3.06;861;315;315;12;303;36.59;3.81
77791;160505;8;Publiczna Szkoła Podstawowa 47-330 Rozwadza ul. Szkolna 5;805;71;71;10;61;8.82;14.08;791;274;274;18;256;34.64;6.57
77792;160505;9;Publiczna Szkoła Podstawowa 47-330 Żyrowa ul. Wojska Polskiego 4;1114;127;127;5;122;11.40;3.94;1114;390;390;32;358;35.01;8.21
77793;160505;10;Publiczna Szkoła Podstawowa 47-330 Krępna ul. Zdzieszowicka 35;597;31;31;1;30;5.19;3.23;604;153;153;12;141;25.33;7.84
77794;160601;1;Zespół Gimnazjalno-Szkolny w Domaszowicach 46-146 Domaszowice ul. Kolejowa 3/ lokal: 3;839;267;267;22;245;31.82;8.24;833;410;410;21;389;49.22;5.12
77795;160601;2;Świetlica Parafialna we Włochach 46-146 Włochy 62;321;108;108;10;98;33.64;9.26;312;148;148;9;139;47.44;6.08
77796;160601;3;Świetlica Wiejska w Strzelcach 46-146 Strzelce 52/ lokal: 4;601;108;108;6;102;17.97;5.56;604;267;267;16;251;44.21;5.99
77797;160601;4;Szkoła Podstawowa w Polkowskiem 46-146 Polkowskie 52;417;68;68;10;58;16.31;14.71;410;190;190;19;171;46.34;10.00
77798;160601;5;Świetlica Wiejska w Gręboszowie 46-146 Gręboszów 29/ lokal: 5;267;62;62;4;58;23.22;6.45;266;136;136;7;129;51.13;5.15
77799;160601;6;Świetlica Wiejska w Siemysłowie 46-146 Siemysłów 11a;312;86;86;3;83;27.56;3.49;319;161;161;15;146;50.47;9.32
77800;160601;7;Strażnica OSP 46-146 Wielołęka 23a;226;60;60;3;57;26.55;5.00;216;93;93;3;90;43.06;3.23
77801;160602;1;Biblioteka Publiczna 46-100 Namysłów ul. Bohaterów Warszawy 5;840;165;165;9;156;19.64;5.45;831;348;348;2;346;41.88;0.57
77802;160602;2;Namysłowski Ośrodek Kultury 46-100 Namysłów Plac Powstańców Śląskich 2;960;211;211;9;202;21.98;4.27;932;453;453;11;442;48.61;2.43
77803;160602;3;Świetlica Osiedlowa (dworzec) 46-100 Namysłów ul. Dworcowa 7;1052;188;188;14;174;17.87;7.45;1004;369;369;7;362;36.75;1.90
77804;160602;4;Zespół Szkół Rolniczych 46-100 Namysłów ul. K. Pułaskiego 3;1414;397;397;10;387;28.08;2.52;1420;778;778;8;770;54.79;1.03
77805;160602;5;Przedszkole Nr 1 46-100 Namysłów ul. Partyzantów 2;809;190;190;7;183;23.49;3.68;792;429;429;4;425;54.17;0.93
77806;160602;6;Szkoła Podstawowa Nr 3 46-100 Namysłów ul. Łączańska 1;870;198;198;2;196;22.76;1.01;900;476;476;8;468;52.89;1.68
77807;160602;7;Liceum Ogólnokształcące 46-100 Namysłów ul. A. Mickiewicza 12;1060;260;260;14;246;24.53;5.38;1037;517;517;11;506;49.86;2.13
77808;160602;8;Przedszkole Nr 3 46-100 Namysłów ul. Partyzantów 3;812;143;143;5;138;17.61;3.50;804;331;331;8;323;41.17;2.42
77809;160602;9;Przedszkole Nr 5 46-100 Namysłów ul. Słoneczna 1;678;210;210;7;203;30.97;3.33;687;427;427;5;422;62.15;1.17
77810;160602;10;Szkoła Podstawowa Nr 4 46-100 Namysłów ul. W. S. Reymonta 56;1063;251;251;6;245;23.61;2.39;1024;543;543;12;531;53.03;2.21
77811;160602;11;Przedszkole Nr 4 46-100 Namysłów ul. W. S. Reymonta 5b;1155;300;300;12;288;25.97;4.00;1129;612;612;15;597;54.21;2.45
77812;160602;12;Gimnazjum Nr 2 46-100 Namysłów ul. W. S. Reymonta 5;1139;291;291;16;275;25.55;5.50;1104;557;557;5;552;50.45;0.90
77813;160602;13;Hala Sportowa „ORZEŁ” 46-100 Namysłów ul. Kolejowa 1;1283;313;313;10;303;24.40;3.19;1340;736;736;13;723;54.93;1.77
77814;160602;14;Szkoła Podstawowa 46-100 Kamienna 26;442;90;90;2;88;20.36;2.22;451;239;239;3;236;52.99;1.26
77815;160602;15;Świetlica Wiejska 46-100 Kowalowice ul. Szkolna 3;578;122;122;5;117;21.11;4.10;566;239;239;8;231;42.23;3.35
77816;160602;16;Zespół Szkolno-Przedszkolny 46-100 Głuszyna ul. Główna 115;756;147;147;8;139;19.44;5.44;748;289;289;11;278;38.64;3.81
77817;160602;17;Przedszkole 46-100 Bukowa Śląska 7b;1027;149;149;8;141;14.51;5.37;1021;355;355;10;345;34.77;2.82
77818;160602;18;Zespół Szkolno-Przedszkolny 46-100 Jastrzębie ul. Opolska 68;515;53;53;0;53;10.29;0.00;547;228;228;5;223;41.68;2.19
77819;160602;19;Zespół Szkolno-Przedszkolny 46-100 Smarchowice Wielkie ul. Brzegowa 58;687;114;114;9;105;16.59;7.89;684;280;280;8;272;40.94;2.86
77820;160602;20;Zespół Szkolno-Przedszkolny 46-100 Ligota Książęca 87b;926;137;137;5;132;14.79;3.65;913;358;358;9;349;39.21;2.51
77821;160602;21;Świetlica Wiejska 46-100 Smarchowice Śląskie ul. M. R. Żymierskiego 24;899;146;146;9;137;16.24;6.16;912;363;363;12;351;39.80;3.31
77822;160602;22;Hala Sportowa 46-100 Namysłów Plac Powstańców Śląskich 1;343;52;52;1;51;15.16;1.92;365;139;139;3;136;38.08;2.16
77823;160602;23;Zespół Placówek Oświatowych 46-100 Smogorzów ul. Główna 69;478;60;60;0;60;12.55;0.00;473;172;172;7;165;36.36;4.07
77824;160602;24;Świetlica Wiejska 46-100 Minkowskie 60b;495;66;66;3;63;13.33;4.55;482;150;150;7;143;31.12;4.67
77825;160602;25;Świetlica Wiejska 46-100 Ziemiełowice 11b;446;75;75;2;73;16.82;2.67;443;174;174;7;167;39.28;4.02
91028;160602;26;Namysłowskie Centrum Zdrowia S.A., Niepubliczny Zakład Opieki Zdrowotnej 46-100 Namysłów ul. Oleśnicka 4;42;1;1;0;1;2.38;0.00;42;5;5;0;5;11.90;0.00
91029;160602;27;Ośrodek Leczenia Odwykowego 46-100 Woskowice Małe 15;67;40;40;8;32;59.70;20.00;70;30;30;0;30;42.86;0.00
91030;160602;28;Dom Pomocy Społecznej „Promyk” 46-100 Kamienna 22;46;22;22;3;19;47.83;13.64;41;29;29;1;28;70.73;3.45
77826;160603;1;budynek byłej Szkoły Podstawowej 46-034 Ładza ul. Reymonta 3;419;53;53;9;44;12.65;16.98;415;138;138;8;130;33.25;5.80
77827;160603;2;Ochotnicza Straż Pożarna 46-034 Pokój ul. Wojska Polskiego 26;555;103;103;4;99;18.56;3.88;618;287;287;6;281;46.44;2.09
77828;160603;3;sala narad Urząd Gminy 46-034 Pokój Sienkiewicza 8;647;151;151;6;145;23.34;3.97;608;271;271;4;267;44.57;1.48
77829;160603;4;Szkoła Podstawowa 46-034 Domaradz 3;533;44;44;0;44;8.26;0.00;531;144;144;15;129;27.12;10.42
77830;160603;5;Środowiskowy Hufiec Pracy 46-034 Dąbrówka Dolna ul. Szkolna 5;585;72;72;5;67;12.31;6.94;568;148;148;9;139;26.06;6.08
77831;160603;6;Świetlica Wiejska 46-034 Zawiść ul. Odrodzenia Polski 2;407;53;53;1;52;13.02;1.89;403;126;126;5;121;31.27;3.97
77832;160603;7;Świetlica Wiejska 46-034 Zieleniec 26A;764;95;95;7;88;12.43;7.37;764;280;280;9;271;36.65;3.21
77833;160603;8;Świetlica Wiejska 46-034 Fałkowice 61;435;60;60;2;58;13.79;3.33;433;120;120;9;111;27.71;7.50
77834;160604;1;Szkoła Podstawowa 46-112 Bąkowice ul. Szkolna 6;700;111;111;6;105;15.86;5.41;686;297;297;8;289;43.29;2.69
77835;160604;2;Publiczne Gimnazjum 46-112 Świerczów ul. Brzeska 28;632;130;130;5;125;20.57;3.85;637;310;310;10;300;48.67;3.23
77836;160604;3;Szkoła Podstawowa 46-112 Dąbrowa ul. Parkowa 4;543;91;91;6;85;16.76;6.59;535;220;220;7;213;41.12;3.18
77837;160604;4;Sołecki Dom Spotkań 46-112 Starościn ul. Opolska 6a;425;83;83;4;79;19.53;4.82;416;162;162;5;157;38.94;3.09
77838;160604;5;Wiejskie Centrum Kultury i Rekreacji 46-112 Biestrzykowice ul. Główna 7;612;124;124;8;116;20.26;6.45;586;249;249;14;235;42.49;5.62
77839;160605;1;Szkoła Podstawowa 46-115 Bukowie ul. Lipowa 54;535;84;84;6;78;15.70;7.14;530;179;179;1;178;33.77;0.56
77840;160605;2;Kaplica 46-113 Lubska 25a;432;52;52;4;48;12.04;7.69;430;139;139;10;129;32.33;7.19
77841;160605;3;Szkoła Podstawowa 46-113 Idzikowice 24a;807;132;132;5;127;16.36;3.79;783;319;319;12;307;40.74;3.76
77842;160605;4;Świetlica 46-113 Krzyków 28;212;13;13;0;13;6.13;0.00;201;61;61;6;55;30.35;9.84
77843;160605;5;Świetlica 46-113 Pągów ul.Główna 19;530;67;67;7;60;12.64;10.45;517;173;173;8;165;33.46;4.62
77844;160605;6;Dom Kultury 46-113 Wilków ul. Wrocławska 16;878;188;188;9;179;21.41;4.79;891;402;402;12;390;45.12;2.99
77845;160605;7;Świetlica 46-113 Wojciechów 31a;246;36;36;2;34;14.63;5.56;245;83;83;8;75;33.88;9.64
77846;160701;1;Fabryka Armatur „Głuchołazy” S.A. 48-340 Głuchołazy ul. Wrocławska 1a;933;177;177;2;175;18.97;1.13;917;432;432;9;423;47.11;2.08
77847;160701;2;Polski Komitet Pomocy Społecznej 48-340 Głuchołazy Rynek 31;1120;173;173;9;164;15.45;5.20;1083;392;392;23;369;36.20;5.87
77848;160701;3;Gminny Ośrodek Sportu i Rekreacji 48-340 Głuchołazy ul. Curie-Skłodowskiej 32;1007;89;89;0;89;8.84;0.00;999;336;336;9;327;33.63;2.68
77849;160701;4;Centrum Kultury 48-340 Głuchołazy ul. Bohaterów Warszawy 7;1033;149;149;1;148;14.42;0.67;1003;338;338;12;326;33.70;3.55
77850;160701;5;Gminna Świetlica Socjoterapeutyczna przy PKPS 48-340 Głuchołazy ul.Aleja Jana Pawła II 24;1145;185;185;4;181;16.16;2.16;1138;478;478;17;461;42.00;3.56
77851;160701;6;Międzyzakładowa Spółdzielnia Mieszkaniowa 48-340 Głuchołazy ul. Wieniawskiego 5;1122;351;351;10;341;31.28;2.85;1101;608;608;4;604;55.22;0.66
77852;160701;7;Publiczne Gimnazjum Nr 2 48-340 Głuchołazy ul. Słowackiego 1;927;155;155;5;150;16.72;3.23;911;380;380;2;378;41.71;0.53
77853;160701;8;„Wodociągi'' Sp. z o.o. 48-340 Głuchołazy ul. Reymonta 12;775;149;149;4;145;19.23;2.68;794;398;398;13;385;50.13;3.27
77854;160701;9;Centrum Informacji Turystycznej 48-340 Głuchołazy Plac Basztowy 4A;970;129;129;2;127;13.30;1.55;946;367;367;9;358;38.79;2.45
77855;160701;10;Zakład Usługowo Produkcyjny „Komunalnik” Spółka z o.o. 48-340 Głuchołazy ul. Gen. Andersa 4;995;148;148;5;143;14.87;3.38;964;371;371;14;357;38.49;3.77
77856;160701;11;Publiczne Gimnazjum Nr 1 48-340 Głuchołazy ul. Kraszewskiego 30;956;206;206;5;201;21.55;2.43;900;419;419;6;413;46.56;1.43
77857;160701;12;Publiczne Gimnazjum Nr 1 48-340 Głuchołazy ul. Kraszewskiego 30;797;161;161;4;157;20.20;2.48;752;327;327;8;319;43.48;2.45
77858;160701;13;Świetlica Wiejska 48-340 Konradów 51;1017;117;117;9;108;11.50;7.69;999;405;405;7;398;40.54;1.73
77859;160701;14;Publiczna Szkoła Podstawowa Stowarzyszenia Edukacyjnego „Przyjazna szkoła” 48-340 Gierałcice 154;710;77;77;0;77;10.85;0.00;701;308;308;4;304;43.94;1.30
77860;160701;15;Publiczna Szkoła Podstawowa Stowarzyszenia Rozwoju Wsi Burgrabice 48-355 Burgrabice 140;561;84;84;3;81;14.97;3.57;562;208;208;16;192;37.01;7.69
77861;160701;16;Świetlica Wiejska 48-355 Sławniowice 49;427;67;67;7;60;15.69;10.45;420;143;143;7;136;34.05;4.90
77862;160701;17;Świetlica Wiejska 48-340 Biskupów 71;850;113;113;7;106;13.29;6.19;822;274;274;13;261;33.33;4.74
77863;160701;18;Publiczna Szkoła Podstawowa Stowarzyszenia Rozwoju Wsi, Markowice, Polski Świętów, Sucha Kamienica 48-330 Polski Świętów 74a;512;51;51;2;49;9.96;3.92;518;200;200;5;195;38.61;2.50
77864;160701;19;Publiczna Szkoła Podstawowa 48-330 Nowy Świętów 65;970;154;154;4;150;15.88;2.60;958;415;415;10;405;43.32;2.41
77865;160701;20;Publiczna Szkoła Podstawowa Stowarzyszenia Rozwoju Wsi Stary Las 48-340 Stary Las 56a;547;84;84;0;84;15.36;0.00;521;191;191;6;185;36.66;3.14
77866;160701;21;Publiczna Szkoła Podstawowa w Charbielinie Stowarzyszenia Edukacyjnego „Uśmiech Dziecka” 48-340 Charbielin 26;1062;143;143;10;133;13.47;6.99;1030;371;371;6;365;36.02;1.62
77867;160701;22;Publiczna Szkoła Podstawowa 48-340 Bodzanów 83;1216;145;145;3;142;11.92;2.07;1193;480;480;18;462;40.23;3.75
77868;160701;23;Publiczna Szkoła Podstawowa Stowarzyszenia Rozwoju Wsi Jarnołtówek 48-267 Jarnołtówek 109;844;159;159;2;157;18.84;1.26;858;339;339;3;336;39.51;0.88
91031;160701;24;Szpital Nr 1 Samodzielny Publiczny Zakład Opieki Zdrowotnej 48-340 Głuchołazy ul. Curie Skłodowskiej 16;49;0;0;0;0;0.00;NA;61;11;11;1;10;18.03;9.09
91032;160701;25;Szpital Nr 2 Samodzielny Publiczny Zakład Opieki Zdrowotnej 48-340 Głuchołazy ul. Lompy 2;183;32;32;4;28;17.49;12.50;125;70;70;5;65;56.00;7.14
91033;160701;26;Zakład Opiekuńczo - Leczniczy Samodzielnego Publicznego Zakładu Opieki Zdrowotnej 48-340 Głuchołazy ul. Parkowa 9;68;18;18;0;18;26.47;0.00;68;8;8;1;7;11.76;12.50
91034;160701;27;Samodzielny Publiczny Zakład Opieki Zdrowotnej Szpital Specjalistyczny Ministerstwa Spraw Wewnętrznych 48-340 Głuchołazy ul. Karłowicza 40;220;102;102;3;99;46.36;2.94;155;122;122;8;114;78.71;6.56
77869;160702;1;Zespół Szkół Ogólnokształcących 48-388 Kamiennik ul. 1 Maja 28;782;129;129;3;126;16.50;2.33;755;292;292;20;272;38.68;6.85
77870;160702;2;Zespół Szkolno-Przedszkolny 48-388 Lipniki 109;518;73;73;0;73;14.09;0.00;510;197;197;5;192;38.63;2.54
77871;160702;3;Zespół Szkolno-Przedszkolny 48-388 Karłowice Wielkie 52;437;59;59;1;58;13.50;1.69;428;167;167;9;158;39.02;5.39
77872;160702;4;Świetlica Wiejska 48-388 Szklary 132a;445;103;103;4;99;23.15;3.88;438;193;193;13;180;44.06;6.74
77873;160702;5;Świetlica Wiejska 48-388 Goworowice 55;352;42;42;2;40;11.93;4.76;342;125;125;9;116;36.55;7.20
77874;160702;6;Zespół Szkolno-Przedszkolny 48-388 Karłowice Wielkie 52;420;42;42;0;42;10.00;0.00;419;128;128;4;124;30.55;3.12
77875;160703;1;Miejsko-Gminny Ośrodek Kultury Sportu i Rekreacji 48-317 Korfantów Rynek 10;1541;310;310;9;301;20.12;2.90;1524;675;675;23;652;44.29;3.41
77876;160703;2;Gimnazjum w Korfantowie 48-317 Korfantów ul. Adama Mickiewicza 1;1688;137;137;7;130;8.12;5.11;1682;535;535;30;505;31.81;5.61
77877;160703;3;Świetlica Wiejska 48-317 Kuźnica Ligocka 29;521;55;55;2;53;10.56;3.64;505;130;130;8;122;25.74;6.15
77878;160703;4;Zespół Szkolno-Przedszkolny 48-317 Przechód 239;622;47;47;0;47;7.56;0.00;625;140;140;6;134;22.40;4.29
77879;160703;5;Świetlica Wiejska 48-317 Rzymkowice 152 a;470;32;32;3;29;6.81;9.38;461;111;111;2;109;24.08;1.80
77880;160703;6;Świetlica Wiejska 48-325 Przydroże Małe 55;456;70;70;1;69;15.35;1.43;454;128;128;3;125;28.19;2.34
77881;160703;7;Ścinawski Ośrodek Integracji Społecznej 48-325 Ścinawa Mała ul. Rynek 45c;628;91;91;4;87;14.49;4.40;616;227;227;10;217;36.85;4.41
77882;160703;8;Wiejski Dom Kultury 48-325 Ścinawa Nyska ul. Nyska 21;1139;93;93;7;86;8.17;7.53;1138;312;312;20;292;27.42;6.41
77883;160703;9;Szkoła Podstawowa 48-317 Włodary ul. Szkolna 1;576;98;98;6;92;17.01;6.12;580;212;212;7;205;36.55;3.30
91035;160703;10;Dom Pomocy Społecznej „Maria” 48-317 Korfantów ul. 3-Maja 2;50;15;15;1;14;30.00;6.67;54;15;15;3;12;27.78;20.00
91036;160703;11;Opolskie Centrum Rehabilitacji 48-317 Korfantów ul. Wyzwolenia 11;184;39;39;1;38;21.20;2.56;163;92;92;4;88;56.44;4.35
77884;160704;1;Sala Konferencyjna w Urzędzie Gminy 48-316 Łambinowice ul. Gen. Zawadzkiego 29;832;150;150;4;146;18.03;2.67;823;342;342;12;330;41.56;3.51
77885;160704;2;Zespół Szkół 48-316 Łambinowice Szkolna 2;1227;292;292;17;275;23.80;5.82;1216;626;626;20;606;51.48;3.19
77886;160704;3;Zespół Szkolno-Przedszkolny w Jasienicy Dolnej 48-315 Jasienica Dolna 156;833;100;100;3;97;12.00;3.00;801;292;292;9;283;36.45;3.08
77887;160704;4;Publiczna Szkoła Podstawowa w Mańkowicach 48-315 Mańkowice 113;505;57;57;3;54;11.29;5.26;514;183;183;7;176;35.60;3.83
77888;160704;5;Publiczna Szkoła Podstawowa w Bielicach 48-316 Bielice 102;1019;124;124;4;120;12.17;3.23;1019;329;329;18;311;32.29;5.47
77889;160704;6;Świetlica wiejska w Wierzbiu 48-316 Wierzbie 108;739;90;90;5;85;12.18;5.56;743;270;270;7;263;36.34;2.59
77890;160704;7;Publiczna Szkoła Podstawowa w Lasocicach 48-315 Lasocice 82;652;80;80;6;74;12.27;7.50;650;235;235;16;219;36.15;6.81
77891;160704;8;Świetlica Wiejska w Sowinie 48-316 Sowin 87;409;41;41;1;40;10.02;2.44;409;103;103;7;96;25.18;6.80
77892;160705;1;PWSZ Nysa 48-300 Nysa ul. Armii Krajowej 7;2347;542;542;10;532;23.09;1.85;2273;1122;1122;20;1102;49.36;1.78
77893;160705;2;Miejska i Gminna Biblioteka Publiczna 48-300 Nysa ul. Sukiennicza 2;2312;579;579;10;569;25.04;1.73;2233;1117;1117;25;1092;50.02;2.24
77894;160705;3;Szkoła Podstawowa Nr 1 48-300 Nysa ul.Bohaterów Warszawy 7;2237;499;499;12;487;22.31;2.40;2172;1022;1022;20;1002;47.05;1.96
77895;160705;4;Szkoła Podstawowa Nr 5 48-300 Nysa ul.Gierczak 8;2127;393;393;16;377;18.48;4.07;2066;850;850;22;828;41.14;2.59
77896;160705;5;Klub Nyskiego Domu Kultury 48-300 Nysa ul.Moniuszki 5;1836;322;322;10;312;17.54;3.11;1774;773;773;24;749;43.57;3.10
77897;160705;6;Gimnazjum Nr 2 48-303 Nysa ul.Bolesława Prusa 14;1449;343;343;12;331;23.67;3.50;1409;718;718;10;708;50.96;1.39
77898;160705;7;Zespół Szkół i Placówek Oświatowych im. Emila Godlewskiego 48-304 Nysa ul.Rodziewiczówny 1;1705;447;447;10;437;26.22;2.24;1654;900;900;11;889;54.41;1.22
77899;160705;8;Zespół Szkół i Placówek Oświatowych im. Emila Godlewskiego 48-304 Nysa ul.Rodziewiczówny 1;1539;411;411;7;404;26.71;1.70;1539;859;859;16;843;55.82;1.86
77900;160705;9;Zespół Szkół i Placówek Oświatowych im. Emila Godlewskiego 48-304 Nysa ul.Rodziewiczówny 1;2203;450;450;21;429;20.43;4.67;2138;1081;1081;21;1060;50.56;1.94
77901;160705;10;Szkoła Podstawowa Nr 10 48-303 Nysa ul. 11 Listopada 6;2282;644;644;6;638;28.22;0.93;2229;1258;1258;18;1240;56.44;1.43
77902;160705;11;Ośrodek Pomocy Społecznej 48-303 Nysa ul.Komisji Edukacji Narodowej 1a;2470;575;575;16;559;23.28;2.78;2356;1116;1116;21;1095;47.37;1.88
77903;160705;12;Dom Misyjny Dobrego Pasterza 48-304 Nysa ul.Rodziewiczówny 15;1801;393;393;7;386;21.82;1.78;1832;905;905;17;888;49.40;1.88
77904;160705;13;Szkoła Podstawowa Nr 3 48-303 Nysa ul.Krawiecka 8;2203;318;318;16;302;14.43;5.03;2173;836;836;24;812;38.47;2.87
77905;160705;14;Hala Sportowa 48-303 Nysa ul.Głuchołaska 12;907;178;178;4;174;19.63;2.25;889;441;441;5;436;49.61;1.13
77906;160705;15;Świetlica Pracowniczych Ogródków Działkowych 48-300 Nysa ul. Władysława Jagiełły 23a;985;174;174;3;171;17.66;1.72;966;485;485;5;480;50.21;1.03
77907;160705;16;Caritas Diecezji Opolskiej Rejon Nysa 48-300 Nysa Grodkowska 26;2166;473;473;5;468;21.84;1.06;2189;1029;1029;26;1003;47.01;2.53
77908;160705;17;Zespół Szkół Sportowych 48-300 Nysa ul.Bramy Grodkowskiej 4;1923;418;418;5;413;21.74;1.20;1868;897;897;11;886;48.02;1.23
77909;160705;18;Powiatowy Urząd Pracy 48-300 Nysa ul.Słowiańska 19;2303;459;459;6;453;19.93;1.31;2220;928;928;21;907;41.80;2.26
77910;160705;19;Zespół Szkół Ekonomicznych 48-300 Nysa Plac Sikorskiego 1;2226;527;527;5;522;23.67;0.95;2167;1136;1136;13;1123;52.42;1.14
77911;160705;20;Zespół Szkolno-Przedszkolny 48-303 Biała Nyska ul.Nyska 11;1736;219;219;10;209;12.62;4.57;1747;739;739;25;714;42.30;3.38
77912;160705;21;Zespół Szkolno-Przedszkolny 48-303 Koperniki 16a;787;121;121;8;113;15.37;6.61;791;302;302;21;281;38.18;6.95
77913;160705;22;Świetlica Wiejska 48-303 Hajduki Nyskie 36;570;104;104;6;98;18.25;5.77;579;261;261;14;247;45.08;5.36
77914;160705;23;Świetlica Wiejska 48-303 Kępnica 79b;531;92;92;4;88;17.33;4.35;537;218;218;8;210;40.60;3.67
77915;160705;24;Świetlica Wiejska 48-303 Wyszków Śląski 45;1047;151;151;2;149;14.42;1.32;1031;426;426;9;417;41.32;2.11
77916;160705;25;Świetlica Wiejska 48-303 Domaszkowice 120a;503;115;115;7;108;22.86;6.09;508;209;209;6;203;41.14;2.87
77917;160705;26;Zespół Szkolno-Przedszkolny 48-303 Niwnica 127;634;111;111;1;110;17.51;0.90;620;320;320;7;313;51.61;2.19
77918;160705;27;Świetlica Wiejska 48-303 Wierzbięcice 110;747;71;71;2;69;9.50;2.82;744;293;293;5;288;39.38;1.71
77919;160705;28;Zespół Szkolno-Przedszkolny 48-300 Goświnowice ul.Kolejowa 5;1050;146;146;6;140;13.90;4.11;1067;445;445;18;427;41.71;4.04
77920;160705;29;Świetlica Wiejska 48-300 Jędrzychów Wiśniowa 1;858;230;230;6;224;26.81;2.61;861;465;465;9;456;54.01;1.94
77921;160705;30;Świetlica Wiejska 48-300 Radzikowice 70;435;98;98;10;88;22.53;10.20;428;191;191;6;185;44.63;3.14
77922;160705;31;Świetlica Wiejska 48-300 Skorochów;381;83;83;0;83;21.78;0.00;401;203;203;2;201;50.62;0.99
77923;160705;32;Świetlica Wiejska 48-300 Złotogłowice 169;1356;169;169;2;167;12.46;1.18;1325;462;462;12;450;34.87;2.60
91037;160705;33;Szpital Miejski w Nysie 48-300 Nysa ul. Bohaterów Warszawy 23;44;18;18;1;17;40.91;5.56;103;53;53;2;51;51.46;3.77
91038;160705;34;Zakład Karny w Nysie 48-300 Nysa ul. Kościuszki 4a;682;163;163;30;133;23.90;18.40;650;297;308;39;258;45.69;13.13
77924;160706;1;Publiczne Przedszkole 48-385 Otmuchów ul. Władysława Łokietka 10;1115;310;310;9;301;27.80;2.90;1122;573;573;11;562;51.07;1.92
77925;160706;2;Urząd Miejski 48-385 Otmuchów ul. Zamkowa 6;837;257;257;21;236;30.70;8.17;828;459;459;22;437;55.43;4.79
77926;160706;3;Kino 48-385 Otmuchów ul.Rynek 7;1093;251;251;24;227;22.96;9.56;1075;490;490;30;460;45.58;6.12
77927;160706;4;Publiczne Przedszkole-Żłobek 48-385 Otmuchów Władysława Jagiełły 3;1185;351;351;22;329;29.62;6.27;1130;548;548;16;532;48.50;2.92
77928;160706;5;Świetlica wiejska 48-385 Maciejowice 15;962;158;158;16;142;16.42;10.13;951;339;339;13;326;35.65;3.83
77929;160706;6;Szkoła Podstawowa 48-385 Ligota Wielka 10;848;132;132;5;127;15.57;3.79;852;315;315;14;301;36.97;4.44
77930;160706;7;Szkoła Podstawowa 48-385 Grądy 32;857;156;156;11;145;18.20;7.05;843;338;338;7;331;40.09;2.07
77931;160706;8;Remiza OSP świetlica 48-385 Wójcice 145a;667;155;155;6;149;23.24;3.87;662;316;316;11;305;47.73;3.48
77932;160706;9;Szkoła Podstawowa 48-385 Meszno 69;699;143;143;5;138;20.46;3.50;684;304;304;16;288;44.44;5.26
77933;160706;10;Szkoła Podstawowa 48-364 Kałków 61a;680;175;175;8;167;25.74;4.57;687;345;345;17;328;50.22;4.93
77934;160706;11;Publiczne Przedszkole 48-385 Jasienica Górna 36;551;90;90;6;84;16.33;6.67;549;198;198;11;187;36.07;5.56
77935;160706;12;Świetlica wiejska 48-385 Łąka 65a;475;86;86;4;82;18.11;4.65;471;189;189;12;177;40.13;6.35
77936;160706;13;Budynek byłej szkoły świetlica wiejska 48-385 Buków 92;761;165;165;7;158;21.68;4.24;749;332;332;23;309;44.33;6.93
77937;160706;14;Świetlica wiejska 48-385 Jarnołtów 92;744;130;130;2;128;17.47;1.54;735;303;303;20;283;41.22;6.60
77938;160707;1;Przedszkole Publiczne Nr 3 48-370 Paczków ul. Młyńska 23;1394;257;257;8;249;18.44;3.11;1354;578;578;14;564;42.69;2.42
77939;160707;2;Zespół Szkół 48-370 Paczków ul. Kołłątaja 9;1420;188;188;9;179;13.24;4.79;1408;513;513;26;487;36.43;5.07
77940;160707;3;Dom Plastyka 48-370 Paczków ul. Rynek 20;1411;231;231;7;224;16.37;3.03;1369;521;521;19;502;38.06;3.65
77941;160707;4;Przedszkole Publiczne Nr 2 48-370 Paczków ul. Wojska Polskiego 43;2158;455;455;10;445;21.08;2.20;2120;1043;1043;25;1018;49.20;2.40
77942;160707;5;Przedszkole Publiczne 48-370 Dziewiętlice 78;434;100;100;2;98;23.04;2.00;433;200;200;6;194;46.19;3.00
77943;160707;6;Przedszkole Publiczne 48-370 Gościce 37;369;76;76;4;72;20.60;5.26;377;163;163;9;154;43.24;5.52
77944;160707;7;Publiczna Szkoła Podstawowa z Oddziałem Przedszkolnym 48-370 Kamienica 94;652;98;98;4;94;15.03;4.08;640;267;267;16;251;41.72;5.99
77945;160707;8;Przedszkole Publiczne 48-370 Stary Paczków 108a;665;121;121;7;114;18.20;5.79;659;262;262;7;255;39.76;2.67
77946;160707;9;Wiejski Dom Kultury 48-370 Trzeboszowice 11;865;165;165;11;154;19.08;6.67;848;383;383;4;379;45.17;1.04
77947;160707;10;Świetlica Wiejska 48-370 Ujeździec 52a;332;47;47;5;42;14.16;10.64;329;137;137;6;131;41.64;4.38
77948;160707;11;Przedszkole Publiczne 48-370 Unikowice 21;358;61;61;3;58;17.04;4.92;345;124;124;4;120;35.94;3.23
77949;160707;12;Wiejski Dom Ludowy 48-370 Kozielno 38;251;26;26;2;24;10.36;7.69;252;70;70;6;64;27.78;8.57
77950;160707;13;Wiejski Dom Kultury 48-370 Kamienica 92;369;76;76;1;75;20.60;1.32;363;182;182;3;179;50.14;1.65
91039;160707;14;Zespół Opieki Zdrowotnej Nysa - Szpital Paczków 48-370 Paczków ul. Staszica 3;71;42;42;6;36;59.15;14.29;70;28;28;0;28;40.00;0.00
77951;160708;1;Gminna Biblioteka Publiczna 48-314 Pakosławice 38;441;140;140;4;136;31.75;2.86;442;246;246;1;245;55.66;0.41
77952;160708;2;Świetlica w Biechowie 48-314 Biechów Biechów 8a;513;85;85;3;82;16.57;3.53;490;176;176;7;169;35.92;3.98
77953;160708;3;Świetlica 48-314 Goszowice 1B;752;96;96;7;89;12.77;7.29;729;267;267;13;254;36.63;4.87
77954;160708;4;Szkoła Podstawowa 48-314 Prusinowice ul.Szkolna 9;598;109;109;8;101;18.23;7.34;601;247;247;7;240;41.10;2.83
77955;160708;5;Szkoła Podstawowa 48-314 Nowaki 45;311;53;53;0;53;17.04;0.00;305;110;110;2;108;36.07;1.82
77956;160708;6;Gminna Biblioteka Publiczna w Pakosławicach 48-314 Pakosławice 38;460;85;85;2;83;18.48;2.35;447;202;202;4;198;45.19;1.98
77957;160709;1;Szkoła Podstawowa w Skoroszycach 48-320 Skoroszyce ul. Braterstwa Broni 9;770;50;50;1;49;6.49;2.00;763;288;288;14;274;37.75;4.86
77958;160709;2;Szkoła Podstawowa w Chróścinie 48-319 Chróścina ul. Szkolna 1;907;100;100;6;94;11.03;6.00;885;260;260;16;244;29.38;6.15
77959;160709;3;Szkoła Podstawowa w Sidzinie 48-320 Sidzina ul. Radziechowska 3;994;101;101;6;95;10.16;5.94;999;411;411;16;395;41.14;3.89
77960;160709;4;Szkoła Podstawowa 48-320 Makowice 61;480;54;54;5;49;11.25;9.26;472;142;142;12;130;30.08;8.45
77961;160709;5;Szkoła Podstawowa w Chróścinie 48-319 Chróścina Szkolna 1;825;115;115;3;112;13.94;2.61;782;297;297;3;294;37.98;1.01
77962;160709;6;Szkoła Podstawowa w Skoroszycach 48-320 Skoroszyce Braterstwa Broni 9;1175;174;174;11;163;14.81;6.32;1162;504;504;28;476;43.37;5.56
77963;160801;1;Zespół Szkół Ponadgimnazjalnych 46-380 Dobrodzień ul. Oleska 7;1419;208;208;4;204;14.66;1.92;1414;549;549;29;520;38.83;5.28
77964;160801;2;Publiczne Gimnazjum 46-380 Dobrodzień ul. Piastowska 17;1053;129;129;5;124;12.25;3.88;1035;339;339;21;318;32.75;6.19
77965;160801;3;Publiczna Szkoła Podstawowa 46-380 Dobrodzień ul. Piastowska 49;1574;188;188;7;181;11.94;3.72;1555;492;492;33;459;31.64;6.71
77966;160801;4;Publiczna Szkoła Podstawowa 46-375 Pludry ul. Aleja Wyzwolenia 4b;1729;276;276;6;270;15.96;2.17;1735;639;639;58;581;36.83;9.08
77967;160801;5;Publiczna Szkoła Podstawowa 46-380 Szemrowice ul. Wiejska 2;648;64;64;1;63;9.88;1.56;646;183;183;7;176;28.33;3.83
77968;160801;6;Budynek byłej Szkoły Podstawowej 46-380 Rzędowice ul. Dobrodzieńska 8;767;65;65;3;62;8.47;4.62;774;231;231;5;226;29.84;2.16
77969;160801;7;Publiczna Szkoła Podstawowa 46-380 Turza ul. Kolejowa 27;985;95;95;7;88;9.64;7.37;988;226;226;12;214;22.87;5.31
77970;160802;1;Budynek w Gorzowie Śląskim 46-310 Gorzów Śląski ul. Kluczborska 5;426;29;29;1;28;6.81;3.45;435;140;140;7;133;32.18;5.00
77971;160802;2;Miejsko-Gminny Ośrodek Kultury w Gorzowie Śląskim 46-310 Gorzów Śląski ul. Rynek 4 lokal: sala widowiskowa;1314;235;235;15;220;17.88;6.38;1297;564;564;21;543;43.48;3.72
77972;160802;3;Miejsko- Gminny Ośrodek Kultury w Gorzowie Śląskim 46-310 Gorzów Śląski ul. Rynek 4 lokal: świetlica;780;135;135;7;128;17.31;5.19;775;349;349;11;338;45.03;3.15
77973;160802;4;Budynek Publicznego Przedszkola 46-310 Jastrzygowice 23;500;46;46;1;45;9.20;2.17;506;172;172;9;163;33.99;5.23
77974;160802;5;Publiczna Szkoła Podstawowa 46-310 Kozłowice ul. Nowa 2;1180;131;131;5;126;11.10;3.82;1217;508;508;34;474;41.74;6.69
77975;160802;6;Publiczna Szkoła Podstawowa 46-310 Uszyce 35;727;87;87;5;82;11.97;5.75;725;229;229;17;212;31.59;7.42
77976;160802;7;Publiczne Przedszkole 46-310 Zdziechowice 98;1098;100;100;6;94;9.11;6.00;1097;339;339;14;325;30.90;4.13
77977;160803;1;Publiczne Gimnazjum Nr 1 46-300 Olesno ul. Pieloka 12;1930;362;362;15;347;18.76;4.14;1909;777;777;16;761;40.70;2.06
77978;160803;2;Szkoła Podstawowa Nr 3 46-300 Olesno ul. Krasickiego 25;1219;296;296;10;286;24.28;3.38;1192;610;610;20;590;51.17;3.28
77979;160803;3;Szkoła Podstawowa Nr 3 46-300 Olesno ul. Krasickiego 25;1811;411;411;12;399;22.69;2.92;1789;839;839;21;818;46.90;2.50
77980;160803;4;Miejski Dom Kultury - Mała Sala 46-300 Olesno ul. Wielkie Przedmieście 31;1236;228;228;8;220;18.45;3.51;1210;565;565;13;552;46.69;2.30
77981;160803;5;Miejski Dom Kultury - Sala Kominkowa 46-300 Olesno ul. Wielkie Przedmieście 31;1724;325;325;22;303;18.85;6.77;1683;737;737;13;724;43.79;1.76
77982;160803;6;Publiczna Szkoła Podstawowa 46-312 Bodzanowice ul. Szkolna 1;976;88;88;3;85;9.02;3.41;976;283;283;11;272;29.00;3.89
77983;160803;7;Szkoła Podstawowa 46-300 Borki Wielkie ul. Młyńska 8;908;103;103;3;100;11.34;2.91;927;373;373;15;358;40.24;4.02
77984;160803;8;Publiczne Przedszkole 46-300 Borki Małe ul. Szkolna 1;382;40;40;5;35;10.47;12.50;371;130;130;5;125;35.04;3.85
77985;160803;9;DFK 46-300 Świercze ul. Zapłocie 1;705;91;91;1;90;12.91;1.10;698;272;272;11;261;38.97;4.04
77986;160803;10;Remiza OSP 46-300 Łomnica ul. Strażacka 3;619;58;58;5;53;9.37;8.62;621;149;149;8;141;23.99;5.37
77987;160803;11;Szkoła Podstawowa 46-300 Sowczyce ul. Długa 8;578;78;78;5;73;13.49;6.41;567;162;162;6;156;28.57;3.70
77988;160803;12;Szkoła Podstawowa 46-300 Wachów Polna 17;631;77;77;3;74;12.20;3.90;645;209;209;5;204;32.40;2.39
77989;160803;13;Remiza OSP 46-300 Wysoka 39 a;348;23;23;1;22;6.61;4.35;349;76;76;4;72;21.78;5.26
77990;160803;14;Szkoła Podstawowa 46-300 Wojciechów ul. Kluczborska 37;711;89;89;2;87;12.52;2.25;702;254;254;9;245;36.18;3.54
77991;160803;15;Publiczne Przedszkole 46-300 Łowoszów ul. Opolska 64;417;33;33;3;30;7.91;9.09;420;146;146;4;142;34.76;2.74
77992;160803;16;Wiejskie Centrum Kultury 46-300 Stare Olesno Kluczborska 3;413;80;80;4;76;19.37;5.00;397;101;101;5;96;25.44;4.95
77993;160803;17;Remiza OSP 46-300 Boroszów 44;221;65;65;2;63;29.41;3.08;220;100;100;4;96;45.45;4.00
91040;160803;18;Szpital Powiatowy w Oleśnie 46-300 Olesno ul. Klonowa 1;77;3;3;0;3;3.90;0.00;98;23;23;1;22;23.47;4.35
77994;160804;1;Klub Abstynenta 46-320 Praszka Plac Grunwaldzki 9;1301;251;251;14;237;19.29;5.58;1300;694;694;20;674;53.38;2.88
77995;160804;2;Publiczne Gimnazjum im.Ojca Świetego Jana Pawła II 46-320 Praszka ul.Listopadowa 18;2197;465;465;21;444;21.17;4.52;2135;1114;1114;51;1063;52.18;4.58
77996;160804;3;Publiczne Przedszkole Nr 1 46-320 Praszka ul.Mickiewicza 28;1397;346;346;16;330;24.77;4.62;1381;806;806;44;762;58.36;5.46
77997;160804;4;I Liceum Ogólnokształcące im.Powstańców Śląskich 46-320 Praszka ul.Kaliska 38;862;202;202;4;198;23.43;1.98;821;457;457;20;437;55.66;4.38
77998;160804;5;Remiza Ochotniczej Straży Pożarnej 46-320 Brzeziny 6;842;97;97;2;95;11.52;2.06;845;375;375;6;369;44.38;1.60
77999;160804;6;Środowiskowy Dom Samopomocy 46-320 Gana 28;992;135;135;6;129;13.61;4.44;1005;467;467;27;440;46.47;5.78
78000;160804;7;Zespół Szkolno-Przedszkolny 46-320 Strojec ul.Szkolna 8;880;137;137;4;133;15.57;2.92;866;414;414;14;400;47.81;3.38
78001;160804;8;Publiczna Szkoła Podstawowa 46-320 Przedmość ul.Główna 22;630;112;112;6;106;17.78;5.36;642;311;311;17;294;48.44;5.47
78002;160804;9;Publiczna Szkoła Podstawowa im.Wincentego Witosa 46-320 Kowale ul.Szkolna 1;780;113;113;5;108;14.49;4.42;781;400;400;15;385;51.22;3.75
78003;160804;10;Publiczna Szkoła Podstawowa Stowarzyszenie Przyjacół Szkół Katolickich 46-320 Wierzbie 44;618;77;77;2;75;12.46;2.60;601;253;253;10;243;42.10;3.95
78004;160804;11;Publiczne Przedszkole Nr 1 46-320 Praszka ul.Mickiewicza 28;969;205;205;8;197;21.16;3.90;929;520;520;13;507;55.97;2.50
78005;160805;1;Publiczne Gimnazjum w Radłowie 46-331 Radłów ul.Oleska 1;719;83;83;3;80;11.54;3.61;700;231;231;19;212;33.00;8.23
78006;160805;2;Publiczne Gimnazjum w Radłowie 46-331 Radłów Oleska 1;695;36;36;2;34;5.18;5.56;694;215;215;9;206;30.98;4.19
78007;160805;3;Publiczna Szkoła Podstawowa w Sternalicach 46-333 Sternalice 8;374;34;34;1;33;9.09;2.94;366;128;128;5;123;34.97;3.91
78008;160805;4;Publiczna Szkoła Podstawowa w Sternalicach 46-333 Sternalice 8;632;65;65;3;62;10.28;4.62;625;182;182;13;169;29.12;7.14
78009;160805;5;Budynek Gminny 46-331 Biskupice 13;584;95;95;3;92;16.27;3.16;589;202;202;7;195;34.30;3.47
78010;160805;6;Publiczna Szkoła Podstawowa Pomnik 1000-Lecia w Kościeliskach 46-324 Kościeliska 28;569;64;64;2;62;11.25;3.12;571;181;181;1;180;31.70;0.55
78011;160806;1;Szkoła Podstawowa im. Tadeusza Kościuszki 46-325 Cieciułów 19;1191;132;132;5;127;11.08;3.79;1198;420;420;15;405;35.06;3.57
78012;160806;2;Szkoła Podstawowa im. Marszałka Józefa Piłsudskiego 46-325 Żytniów 29;1111;98;98;7;91;8.82;7.14;1114;399;399;14;385;35.82;3.51
78013;160806;3;Gimnazjum Publiczne im. Andrzeja Wajdy 46-325 Rudniki ul. Wieluńska 6;1405;262;262;12;250;18.65;4.58;1399;707;707;28;679;50.54;3.96
78014;160806;4;Szkoła Podstawowa im. Jana Pawła II 46-325 Dalachów 217;1618;263;263;12;251;16.25;4.56;1628;827;827;31;796;50.80;3.75
78015;160806;5;Szkoła Podstawowa im. Mikołaja Kopernika 46-325 Mirowszczyzna 43;1507;217;217;19;198;14.40;8.76;1508;628;628;14;614;41.64;2.23
78016;160807;1;Dom Spotkań 46-048 Zębowice ul. Izydora Murka 1;870;113;113;15;98;12.99;13.27;870;275;275;12;263;31.61;4.36
78017;160807;2;Ochotnicza Straż Pożarna 46-048 Kadłub Wolny ul. Szkolna 5;618;82;82;7;75;13.27;8.54;623;177;177;16;161;28.41;9.04
78018;160807;3;Szkoła Podstawowa 46-048 Radawie ul. Szkolna 22;873;106;106;8;98;12.14;7.55;873;223;223;12;211;25.54;5.38
78019;160807;4;Dom Spotkań 46-048 Zębowice ul. Izydora Murka 1;706;122;122;12;110;17.28;9.84;693;249;249;7;242;35.93;2.81
78020;160901;1;Publiczna Szkoła Podstawowa 46-053 Chrząstowice ul. Szkolna 1;1093;175;175;6;169;16.01;3.43;1119;466;466;10;456;41.64;2.15
78021;160901;2;Publiczna Szkoła Podstawowa 46-053 Dębska Kuźnia ul. Wiejska 53;1245;200;200;10;190;16.06;5.00;1256;520;520;14;506;41.40;2.69
78022;160901;3;Publiczna Szkoła Podstawowa 46-053 Dębie ul. Wiejska 18;902;79;79;6;73;8.76;7.59;893;299;299;9;290;33.48;3.01
78023;160901;4;Klub Wiejski 46-053 Daniec ul. Dąbrowicka 4;1042;78;78;4;74;7.49;5.13;1029;299;299;20;279;29.06;6.69
78024;160901;5;Świetlica Wiejska 46-053 Suchy Bór ul. Szkolna 2;1243;267;267;6;261;21.48;2.25;1255;626;626;9;617;49.88;1.44
78025;160902;1;Remiza OSP 49-120 Dąbrowa ul. Ks. prof. J. Sztonyka 19;1054;241;241;7;234;22.87;2.90;1063;551;551;15;536;51.83;2.72
78026;160902;2;Zespół Szkół 46-073 Chróścina ul. Niemodlińska 8d;1311;185;185;5;180;14.11;2.70;1303;509;509;19;490;39.06;3.73
78027;160902;3;Publiczna Szkoła Podstawowa 49-120 Narok ul. Szkolna 19;963;119;119;13;106;12.36;10.92;956;325;325;16;309;34.00;4.92
78028;160902;4;Publiczna Szkoła Podstawowa 49-120 Sławice ul. Opolska 34;729;150;150;7;143;20.58;4.67;713;332;332;15;317;46.56;4.52
78029;160902;5;Świetlica wiejska 49-120 Ciepielowice ul. Długa 18a;942;221;221;6;215;23.46;2.71;940;427;427;16;411;45.43;3.75
78030;160902;6;Budynek socjalno-administracyjny 49-120 Prądy ul. Sportowa 18;360;65;65;3;62;18.06;4.62;354;166;166;3;163;46.89;1.81
78031;160902;7;Pawilon Sportowy 46-073 Mechnice ul. Strażacka 6a;898;132;132;4;128;14.70;3.03;914;369;369;17;352;40.37;4.61
78032;160902;8;Świetlica wiejska 49-120 Karczów ul. Szkolna 2;540;147;147;4;143;27.22;2.72;540;268;268;9;259;49.63;3.36
78033;160902;9;Budynek wielofunkcyjny 46-073 Wrzoski Wrocławska 8;446;97;97;5;92;21.75;5.15;449;178;178;10;168;39.64;5.62
78034;160902;10;Świetlica wiejska 49-120 Żelazna Opolska 58;522;125;125;6;119;23.95;4.80;514;238;238;3;235;46.30;1.26
78035;160903;1;Zespół Szkół 46-020 Czarnowąsy ul. Kani 1;767;160;160;13;147;20.86;8.12;757;339;339;7;332;44.78;2.06
78036;160903;2;Sala przy OSP 46-080 Chróścice ul. Powstańców Śląskich 11;835;91;91;2;89;10.90;2.20;822;286;286;13;273;34.79;4.55
78037;160903;3;Szkoła Zawodowa 46-081 Dobrzeń Mały ul. Opolska 85;813;107;107;2;105;13.16;1.87;793;316;316;13;303;39.85;4.11
78038;160903;4;Gminny Ośrodek Kultury 46-081 Dobrzeń Wielki ul. Namysłowska 20;1338;221;221;5;216;16.52;2.26;1346;528;528;15;513;39.23;2.84
78039;160903;5;Zespół Szkolno-Przedszkolny 46-082 Kup ul. 1 Maja 6a;997;146;146;8;138;14.64;5.48;996;391;391;14;377;39.26;3.58
78040;160903;6;Sala Wiejska 46-020 Świerkle ul. Mickiewicza 2;477;72;72;5;67;15.09;6.94;482;188;188;7;181;39.00;3.72
78041;160903;7;Sala przy OSP 46-080 Chróścice ul. Powstańców Śląskich 11;1569;177;177;6;171;11.28;3.39;1556;488;488;14;474;31.36;2.87
78042;160903;8;Zespół Szkół 46-081 Dobrzeń Wielki ul. Namysłowska 94;1498;243;243;12;231;16.22;4.94;1506;611;611;20;591;40.57;3.27
78043;160903;9;Zespół Szkół - stara szkoła 46-020 Czarnowąsy ul. Kani 1;874;182;182;1;181;20.82;0.55;869;432;432;10;422;49.71;2.31
78044;160903;10;Sala Wiejska 46-020 Borki ul. Szkolna 12;463;76;76;2;74;16.41;2.63;455;187;187;8;179;41.10;4.28
78045;160903;11;Publiczne Przedszkole 46-020 Czarnowąsy ul. Kani 1;384;84;84;4;80;21.88;4.76;384;208;208;5;203;54.17;2.40
78046;160903;12;Szkoła Podstawowa 46-081 Dobrzeń Wielki Kościelna 3;709;179;179;10;169;25.25;5.59;711;440;440;14;426;61.88;3.18
78047;160903;13;Zespół Szkół - stołówka 46-020 Czarnowąsy Kani 1;1006;205;205;2;203;20.38;0.98;1024;471;471;12;459;46.00;2.55
91041;160903;14;Dom Pomocy Społecznej w Dobrzeniu Wielkim 46-081 Dobrzeń Wielki ul. Kościelna 11;75;36;36;0;36;48.00;0.00;59;40;40;0;40;67.80;0.00
91042;160903;15;Samodzielny Publiczny Zespół Szpitali Pulmonologiczno - Reumatologicznych w Kup 46-082 Kup ul. Miarki 14;73;20;20;3;17;27.40;15.00;69;44;44;3;41;63.77;6.82
78048;160904;1;Urząd Gminy 46-070 Komprachcice ul. Kolejowa 3;1130;177;177;4;173;15.66;2.26;1118;441;441;10;431;39.45;2.27
78049;160904;2;Publiczna Szkoła Podstawowa 46-070 Chmielowice ul. Nyska 1;1644;467;467;12;455;28.41;2.57;1670;980;980;17;963;58.68;1.73
78050;160904;3;Publiczna Stowarzyszeniowa Szkoła Podstawowa 46-070 Ochodze ul. Opolska 34;973;91;91;11;80;9.35;12.09;975;369;369;17;352;37.85;4.61
78051;160904;4;Publiczna Szkoła Podstawowa 46-070 Domecko ul. Opolska 52;1049;137;137;5;132;13.06;3.65;1043;369;369;8;361;35.38;2.17
78052;160904;5;Publiczna Szkoła Podstawowa 46-070 Polska Nowa Wieś ul. Lipowa 56;1495;201;201;6;195;13.44;2.99;1459;577;577;29;548;39.55;5.03
78053;160904;6;Publiczna Szkoła Podstawowa 46-070 Wawelno ul. Nowowiejska 14;925;108;108;2;106;11.68;1.85;921;328;328;11;317;35.61;3.35
78054;160904;7;Świetlica 46-070 Osiny ul.Opolska 20;659;127;127;4;123;19.27;3.15;671;304;304;6;298;45.31;1.97
78055;160904;8;Samorządowy Ośrodek Kultury 46-070 Komprachcice ul.Niemodlińska 2;1171;175;175;7;168;14.94;4.00;1148;474;474;21;453;41.29;4.43
78056;160905;1;Szkoła Podstawowa 46-024 Brynica ul.Powstańców Śląskich 47;1066;124;124;7;117;11.63;5.65;1056;330;330;16;314;31.25;4.85
78057;160905;2;Szkoła Podstawowa 46-024 Jełowa ul.Wolności 15;1858;192;192;9;183;10.33;4.69;1857;533;533;26;507;28.70;4.88
78058;160905;3;Gimnazjum Publiczne 46-022 Biadacz ul.Szeroka 10;587;98;98;11;87;16.70;11.22;575;218;218;9;209;37.91;4.13
78059;160905;4;Szkoła Podstawowa 46-022 Luboszyce ul.Szkolna 4;1888;367;367;16;351;19.44;4.36;1895;930;930;23;907;49.08;2.47
78060;160905;5;Świetlica Wiejska 46-024 Kolanowice ul.Sportowa 1;442;92;92;2;90;20.81;2.17;436;177;177;4;173;40.60;2.26
78061;160905;6;Szkoła Podstawowa 46-024 Łubniany ul.Opolska 51;2009;280;280;8;272;13.94;2.86;1990;703;703;26;677;35.33;3.70
78062;160906;1;Świetlica Wiejska 46-030 Dębiniec ul. Wiejska 36;514;48;48;1;47;9.34;2.08;510;131;131;10;121;25.69;7.63
78063;160906;2;Publiczna Szkoła Podstawowa - świetlica szkolna 46-030 Murów ul. Wolności 22;582;66;66;4;62;11.34;6.06;585;157;157;7;150;26.84;4.46
78064;160906;3;Publiczna Szkoła Podstawowa - stołówka szkolna 46-030 Murów ul. Wolności 22;844;170;170;11;159;20.14;6.47;818;328;328;14;314;40.10;4.27
78065;160906;4;Świetlica Wiejska 46-030 Zagwiździe ul. Lipowa 1;677;90;90;4;86;13.29;4.44;676;241;241;15;226;35.65;6.22
78066;160906;5;Świetlica Wiejska 46-030 Radomierowice ul. Wolności 24;379;46;46;1;45;12.14;2.17;378;103;103;16;87;27.25;15.53
78067;160906;6;Publiczna Szkoła Podstawowa - świetlica szkolna 46-030 Stare Budkowice ul. Wołczyńska 14;1077;111;111;4;107;10.31;3.60;1087;284;284;20;264;26.13;7.04
78068;160906;7;Publiczna Szkoła Podstawowa - sala gimnastyczna 46-030 Stare Budkowice ul. Wołczyńska 14;570;42;42;2;40;7.37;4.76;559;147;147;18;129;26.30;12.24
78069;160907;1;Sala Obrad Rady Miejskiej 49-100 Niemodlin ul. Bohaterów Powstań Śląskich 34a;673;112;112;5;107;16.64;4.46;676;280;280;18;262;41.42;6.43
78070;160907;2;Szkoła Podstawowa Nr 2 49-100 Niemodlin ul. Szkolna 5;614;77;77;3;74;12.54;3.90;598;240;240;7;233;40.13;2.92
78071;160907;3;Publiczne Przedszkole Nr 1 „Bajka” 49-100 Niemodlin ul. Kilińskiego 31;765;129;129;5;124;16.86;3.88;752;252;252;5;247;33.51;1.98
78072;160907;4;Ośrodek Kultury 49-100 Niemodlin ul. Mikołaja Reja 1;707;144;144;3;141;20.37;2.08;664;332;332;11;321;50.00;3.31
78073;160907;5;Szkoła Podstawowa Nr 1 49-100 Niemodlin ul. Reymonta 9;624;161;161;3;158;25.80;1.86;629;318;318;5;313;50.56;1.57
78074;160907;6;Ośrodek Sportu i Rekreacji 49-100 Niemodlin ul. Reymonta 11;583;166;166;2;164;28.47;1.20;569;336;336;4;332;59.05;1.19
78075;160907;7;Szkoła Podstawowa Nr 1 49-100 Niemodlin ul. Reymonta 9;661;138;138;10;128;20.88;7.25;642;309;309;6;303;48.13;1.94
78076;160907;8;Zespół Szkół 49-100 Niemodlin ul. Opolska 34;767;163;163;2;161;21.25;1.23;756;365;365;17;348;48.28;4.66
78077;160907;9;Remiza OSP 49-100 Grabin ul. Nyska 80;752;67;67;3;64;8.91;4.48;749;315;315;23;292;42.06;7.30
78078;160907;10;Szkoła Podstawowa 49-156 Rogi 10a;872;100;100;4;96;11.47;4.00;852;266;266;13;253;31.22;4.89
78079;160907;11;Publiczne Gimnazjum 49-156 Gracze ul. Niemodlińska 21;702;82;82;2;80;11.68;2.44;706;296;296;12;284;41.93;4.05
78080;160907;12;Szkoła Podstawowa 49-156 Gracze ul. Niemodlińska 21;940;122;122;14;108;12.98;11.48;925;384;384;23;361;41.51;5.99
78081;160907;13;Świetlica wiejska 49-100 Rzędziwojowice 29a;884;99;99;2;97;11.20;2.02;891;349;349;11;338;39.17;3.15
78082;160907;14;Świetlica wiejska 49-100 Grodziec 13a;499;114;114;5;109;22.85;4.39;496;221;221;8;213;44.56;3.62
78083;160907;15;Świetlica RSP 49-100 Wydrowice 7;637;124;124;6;118;19.47;4.84;648;256;256;13;243;39.51;5.08
78084;160908;1;Towarzystwo Społeczno-Kulturalne Niemców na Śląsku Opolskim Koło Ozimek 46-040 Ozimek ul. Ostapa Dłuskiego 15;1308;154;154;6;148;11.77;3.90;1275;433;433;33;400;33.96;7.62
78085;160908;2;Przedszkole Publiczne Nr 4 46-040 Ozimek ul. XX - lecia 1;1350;192;192;8;184;14.22;4.17;1306;447;447;10;437;34.23;2.24
78086;160908;3;Zespół Szkół w Ozimku 46-040 Ozimek ul. Częstochowska 24;1085;217;217;17;200;20.00;7.83;1092;481;481;18;463;44.05;3.74
78087;160908;4;Gimnazjum Nr 1 46-040 Ozimek ul. Janusza Korczaka 12;2024;419;419;26;393;20.70;6.21;1953;989;989;17;972;50.64;1.72
78088;160908;5;Szkoła Podstawowa Nr 2 46-040 Ozimek ul. Daniecka 12a;775;75;75;2;73;9.68;2.67;761;207;207;11;196;27.20;5.31
78089;160908;6;Szkoła Podstawowa 46-040 Antoniów ul. Powstańców Śląskich 17;1105;105;105;1;104;9.50;0.95;1083;333;333;5;328;30.75;1.50
78090;160908;7;Świetlica Wiejska 46-043 Biestrzynnik ul. Ozimska 18;572;43;43;4;39;7.52;9.30;552;114;114;6;108;20.65;5.26
78091;160908;8;Szkoła Podstawowa 46-043 Dylaki ul. Szkolna 5;1035;53;53;0;53;5.12;0.00;1026;235;235;8;227;22.90;3.40
78092;160908;9;Szkoła Podstawowa 46-040 Grodziec ul. Tartaczna 1;1476;232;232;5;227;15.72;2.16;1462;678;678;35;643;46.37;5.16
78093;160908;10;Szkoła Podstawowa 46-040 Krasiejów ul. Szkolna 5;1748;180;180;8;172;10.30;4.44;1735;519;519;11;508;29.91;2.12
78094;160908;11;Budynek Ochotniczej Straży Pożarnej 46-040 Schodnia ul. Ks. Piotra Gołąba 19;724;76;76;7;69;10.50;9.21;708;225;225;13;212;31.78;5.78
78095;160908;12;Świetlica Wiejska 46-042 Szczedrzyk Plac 1 Maja 9;1239;165;165;3;162;13.32;1.82;1239;409;409;14;395;33.01;3.42
78096;160908;13;Budynek Byłej Szkoły Podstawowej 46-040 Pustków ul. Ozimska 11a;414;56;56;2;54;13.53;3.57;409;136;136;10;126;33.25;7.35
78097;160908;14;Przedszkole Publiczne Nr 1 46-040 Ozimek ul. Ostapa Dłuskiego 13;1161;206;206;7;199;17.74;3.40;1116;512;512;16;496;45.88;3.12
78098;160908;15;Świetlica Wiejska 46-040 Krzyżowa Dolina ul. Powstańców Śląskich 29;613;40;40;3;37;6.53;7.50;609;147;147;9;138;24.14;6.12
91043;160908;16;Szpital Św. Rocha w Ozimku 46-040 Ozimek ul. Częstochowska 31;77;12;12;0;12;15.58;0.00;73;18;18;1;17;24.66;5.56
78099;160909;1;Świetlica Wiejska 46-090 Lubienia ul. Wiejska 38;586;61;61;2;59;10.41;3.28;576;160;160;4;156;27.78;2.50
78100;160909;2;Samorządowe Centrum Kultury, Turystyki i Rekreacji 46-090 Popielów ul. Powstańców 34;905;98;98;9;89;10.83;9.18;896;318;318;19;299;35.49;5.97
78101;160909;3;Samorządowe Centrum Kultury, Turystyki i Rekreacji 46-090 Popielów ul. Powstańców 34;953;105;105;7;98;11.02;6.67;915;341;341;11;330;37.27;3.23
78102;160909;4;Publiczna Szkoła Podstawowa 46-083 Stare Siołkowice ul. Michała 2;793;90;90;4;86;11.35;4.44;793;265;265;14;251;33.42;5.28
78103;160909;5;Publiczna Szkoła Podstawowa 46-083 Stare Siołkowice ul. Michała 2;1153;126;126;5;121;10.93;3.97;1142;376;376;14;362;32.92;3.72
78104;160909;6;Publiczna Szkoła Podstawowa 46-037 Karłowice ul. Kolejowa 9;1025;197;197;9;188;19.22;4.57;1005;457;457;21;436;45.47;4.60
78105;160909;7;Publiczna Szkoła Podstawowa 46-037 Karłowice ul. Kolejowa 9;511;68;68;3;65;13.31;4.41;502;199;199;9;190;39.64;4.52
78106;160909;8;Świetlica wiejska 46-090 Stobrawa ul. Jakuba Kani 11;791;137;137;9;128;17.32;6.57;775;364;364;18;346;46.97;4.95
78107;160910;1;Salka parafialna 46-060 Chrząszczyce ul.Opolska 32;1164;237;237;12;225;20.36;5.06;1167;453;453;16;437;38.82;3.53
78108;160910;2;Ośrodek Kultury i Sportu 46-060 Prószków ul. Daszyńskiego 6;1133;223;223;7;216;19.68;3.14;1150;501;501;9;492;43.57;1.80
78109;160910;3;Publiczna Szkoła Podstawowa 46-060 Ligota Prószkowska ul. Szkolna 25;686;73;73;1;72;10.64;1.37;683;229;229;7;222;33.53;3.06
78110;160910;4;Zespół Szkolno-Przedszkolny 46-061 Boguszyce ul. Opolska 17;1092;155;155;6;149;14.19;3.87;1077;443;443;15;428;41.13;3.39
78111;160910;5;Świetlica Wiejska 46-061 Zimnice Wielkie ul. Opolska 47;975;106;106;9;97;10.87;8.49;974;351;351;15;336;36.04;4.27
78112;160910;6;Świetlica Wiejska 46-060 Winów ul. Szkolna 14;582;126;126;4;122;21.65;3.17;580;284;284;7;277;48.97;2.46
78113;160910;7;Sala Wiejska 46-060 Przysiecz ul.Opolska 20;483;65;65;2;63;13.46;3.08;489;175;175;4;171;35.79;2.29
78114;160910;8;Świetlica Wiejska 46-060 Złotniki ul.Opolska 40;674;80;80;1;79;11.87;1.25;670;232;232;9;223;34.63;3.88
78115;160910;9;Sala Gminnego Zarzadu TSKN Prószków 46-060 Prószków Zamkowa 2;984;153;153;7;146;15.55;4.58;1005;360;360;15;345;35.82;4.17
91044;160910;10;Dom Pomocy Społecznej 46-060 Prószków ul. Zamkowa 8;116;48;48;9;39;41.38;18.75;111;52;52;19;33;46.85;36.54
78116;160911;1;Szkoła Podstawowa 46-050 Kąty Opolskie ul. Szkolna 8;755;87;87;3;84;11.52;3.45;744;257;257;12;245;34.54;4.67
78117;160911;2;Gminny Ośrodek Kultury - Filia Przywory 46-050 Przywory ul. Wiejska 83;924;147;147;3;144;15.91;2.04;921;390;390;10;380;42.35;2.56
78118;160911;3;Gminny Ośrodek Kultury - Filia Miedziana 46-050 Miedziana ul. Wiejska 68;507;67;67;7;60;13.21;10.45;507;200;200;7;193;39.45;3.50
78119;160911;4;Remiza OSP 46-050 Kosorowice ul. Opolska 9a;795;76;76;2;74;9.56;2.63;773;274;274;6;268;35.45;2.19
78120;160911;5;Remiza OSP 46-050 Tarnów Opolski ul. Księdza Klimasa 9;1028;158;158;10;148;15.37;6.33;1022;413;413;13;400;40.41;3.15
78121;160911;6;Publiczna Szkoła Podstawowa 46-050 Tarnów Opolski ul. Kopernika 10;994;153;153;4;149;15.39;2.61;988;415;415;11;404;42.00;2.65
78122;160911;7;Gminny Ośrodek Kultury 46-050 Tarnów Opolski ul. Osiedle Zakładowe 7;999;153;153;6;147;15.32;3.92;968;416;416;7;409;42.98;1.68
78123;160911;8;Szkoła Podstawowa 46-050 Nakło ul. Strzelecka 51;1202;98;98;1;97;8.15;1.02;1199;342;342;8;334;28.52;2.34
78124;160911;9;Remiza OSP 46-050 Raszowa ul. Ozimska 39;641;48;48;3;45;7.49;6.25;627;200;200;8;192;31.90;4.00
78125;160912;1;Świetlica Wiejska w Szydłowie 49-130 Szydłów ul. Kościelna 2;368;81;81;8;73;22.01;9.88;357;148;148;10;138;41.46;6.76
78126;160912;2;Świetlica Wiejska w Skarbiszowicach 49-130 Skarbiszowice 17;175;51;51;6;45;29.14;11.76;177;81;81;8;73;45.76;9.88
78127;160912;3;Budynek po sklepie w Goszczowicach 49-130 Goszczowice 43;230;36;36;4;32;15.65;11.11;221;96;96;11;85;43.44;11.46
78128;160912;4;Zespół Szkół w Tułowicach 49-130 Tułowice ul.Zamkowa 15;1032;211;211;9;202;20.45;4.27;1049;540;540;14;526;51.48;2.59
78129;160912;5;Tułowicki Ośrodek Kultury w Tułowicach 49-130 Tułowice ul. Generała Świerczewskiego 8;1092;179;179;7;172;16.39;3.91;1095;444;444;29;415;40.55;6.53
78130;160912;6;Gminny Zespół Szkół w Tułowicach 49-130 Tułowice ul.Generała Świerczewskiego 21;1408;289;289;16;273;20.53;5.54;1343;634;634;27;607;47.21;4.26
78131;160913;1;Szkoła Podstawowa 46-046 Bierdzany ul. Szkolna 1;785;47;47;2;45;5.99;4.26;776;177;177;3;174;22.81;1.69
78132;160913;2;Szkoła Podstawowa 46-046 Kadłub Turawski ul. Główna 12;742;47;47;3;44;6.33;6.38;743;186;186;5;181;25.03;2.69
78133;160913;3;Budynek byłej Szkoły Podstawowej 46-045 Kotórz Mały ul. 1 Maja 6;1102;198;198;5;193;17.97;2.53;1094;480;480;19;461;43.88;3.96
78134;160913;4;Szkoła Podstawowa 46-046 Ligota Turawska ul. Główna 32;607;35;35;1;34;5.77;2.86;609;139;139;8;131;22.82;5.76
78135;160913;5;Szkoła Podstawowa 46-023 Osowiec ul. Fabryczna 1;1174;148;148;4;144;12.61;2.70;1148;442;442;9;433;38.50;2.04
78136;160913;6;Urząd Gminy 46-045 Turawa ul. Opolska 39c;957;199;199;8;191;20.79;4.02;957;462;462;11;451;48.28;2.38
78137;160913;7;Budynek byłej Szkoły Podstawowej 46-046 Zakrzów Turawski ul. Główna 20;543;26;26;1;25;4.79;3.85;533;93;93;8;85;17.45;8.60
78138;160913;8;Szkoła Podstawowa 46-022 Zawada ul. Kolanowska 4;1227;238;238;3;235;19.40;1.26;1239;557;557;8;549;44.96;1.44
78139;160913;9;Remiza Ochotniczej Straży Pożarnej 46-023 Węgry ul. Opolska 11a;799;125;125;5;120;15.64;4.00;813;370;370;14;356;45.51;3.78
91045;160913;10;Oddział Zewnętrzny Aresztu Śledczego w Opolu z siedzibą w Turawie 46-045 Turawa ul. Spacerowa 14;86;38;38;2;36;44.19;5.26;86;24;24;0;24;27.91;0.00
78140;161001;1;Publiczne Gimnazjum 48-210 Biała ul. Tysiąclecia 16;745;111;111;4;107;14.90;3.60;754;313;313;3;310;41.51;0.96
78141;161001;2;Urząd Miejski 48-210 Biała ul. Rynek 10;643;122;122;7;115;18.97;5.74;625;242;242;12;230;38.72;4.96
78142;161001;3;Miejsko-Gminny Ośrodek Kultury 48-210 Biała ul. Prudnicka 35;667;133;133;11;122;19.94;8.27;658;285;285;7;278;43.31;2.46
78143;161001;4;Wiejskie Centrum Kultury i Rekreacji 48-220 Chrzelice 177;513;87;87;4;83;16.96;4.60;516;164;164;8;156;31.78;4.88
78144;161001;5;Publiczne Gimnazjum 48-220 Łącznik ul. Świerczewskiego 79 d;1209;167;167;2;165;13.81;1.20;1179;460;460;15;445;39.02;3.26
78145;161001;6;Remiza OSP 48-220 Pogórze 160a;959;40;40;1;39;4.17;2.50;957;230;230;7;223;24.03;3.04
78146;161001;7;Remiza OSP 48-210 Grabina 62;477;49;49;6;43;10.27;12.24;477;148;148;7;141;31.03;4.73
78147;161001;8;Sala Samorządu Mieszkańców 48-210 Ligota Bialska 60;759;54;54;6;48;7.11;11.11;754;174;174;8;166;23.08;4.60
78148;161001;9;Szkoła Podstawowa 48-210 Śmicz 106;485;46;46;1;45;9.48;2.17;492;191;191;5;186;38.82;2.62
78149;161001;10;Sala Samorządu Mieszkańców 48-210 Olbrachcice 69 a;383;23;23;1;22;6.01;4.35;373;128;128;2;126;34.32;1.56
78150;161001;11;Szkoła Podstawowa 48-210 Gostomia 46 a;349;33;33;1;32;9.46;3.03;349;116;116;6;110;33.24;5.17
78151;161001;12;Rolnicza Spółdzielnia Produkcyjna 48-210 Rostkowice 38;334;17;17;2;15;5.09;11.76;330;111;111;7;104;33.64;6.31
78152;161001;13;Remiza OSP 48-210 Nowa Wieś Prudnicka 51 b;542;38;38;1;37;7.01;2.63;535;133;133;2;131;24.86;1.50
78153;161001;14;Sala Samorządu Mieszkańców 48-210 Solec 36;264;29;29;0;29;10.98;0.00;269;110;110;0;110;40.89;0.00
78154;161001;15;Sala Samorządu Mieszkańców 48-210 Prężyna 70 a;241;28;28;1;27;11.62;3.57;238;63;63;3;60;26.47;4.76
78155;161001;16;Sala Samorządu Mieszkańców 48-210 Kolnowice 76;284;53;53;2;51;18.66;3.77;276;107;107;5;102;38.77;4.67
91046;161001;17;Dom Pomocy Społecznej 48-210 Grabina 72;47;16;16;1;15;34.04;6.25;48;12;12;2;10;25.00;16.67
91047;161001;18;Szpital w Białej 48-210 Biała ul. Moniuszki 8;43;11;11;0;11;25.58;0.00;51;35;35;7;28;68.63;20.00
78156;161002;1;Szkoła Podstawowa Nr 2 48-250 Głogówek ul. Sobieskiego 6;955;112;112;7;105;11.73;6.25;941;310;310;10;300;32.94;3.23
78157;161002;2;Dom Kultury 48-250 Głogówek ul. Batorego 10;1469;269;269;17;252;18.31;6.32;1470;607;607;27;580;41.29;4.45
78158;161002;3;Zespół Szkół 48-250 Głogówek ul. Powstańców 34;795;127;127;1;126;15.97;0.79;783;328;328;8;320;41.89;2.44
78159;161002;4;Straż Pożarna 48-250 Głogówek ul. Dworcowa 9;1433;200;200;7;193;13.96;3.50;1403;480;480;15;465;34.21;3.12
78160;161002;5;Szkoła Podstawowa 48-250 Racławice Śląskie ul. Zwycięstwa 21;1163;220;220;19;201;18.92;8.64;1143;507;507;15;492;44.36;2.96
78161;161002;6;Straż Pożarna 48-250 Dzierżysławice 21;303;24;24;5;19;7.92;20.83;295;84;84;3;81;28.47;3.57
78162;161002;7;Świetlica Parafialna 48-250 Mochów 84;526;51;51;2;49;9.70;3.92;526;189;189;9;180;35.93;4.76
78163;161002;8;Świetlica Wiejska 48-250 Wierzch 2;515;34;34;1;33;6.60;2.94;500;183;183;12;171;36.60;6.56
78164;161002;9;Przedszkole 48-250 Zawada 15;346;28;28;1;27;8.09;3.57;340;77;77;0;77;22.65;0.00
78165;161002;10;Świetlica Wiejska 48-250 Rzepcze 19;508;23;23;0;23;4.53;0.00;493;119;119;6;113;24.14;5.04
78166;161002;11;Przedszkole 48-250 Szonów 33;521;71;71;2;69;13.63;2.82;504;197;197;13;184;39.09;6.60
78167;161002;12;Świetlica Środowiskowa 48-250 Kazimierz 99;385;48;48;4;44;12.47;8.33;389;136;136;9;127;34.96;6.62
78168;161002;13;Szkoła Podstawowa 48-250 Biedrzychowice 110;603;49;49;2;47;8.13;4.08;601;173;173;7;166;28.79;4.05
78169;161002;14;Przedszkole 48-250 Stare Kotkowice ul. Sudecka 27;336;25;25;1;24;7.44;4.00;321;110;110;0;110;34.27;0.00
78170;161002;15;Świetlica Wiejska 48-250 Wróblin 47a;330;35;35;2;33;10.61;5.71;335;92;92;10;82;27.46;10.87
78171;161002;16;RSP Twardawa 48-250 Twardawa ul. Spółdzielcza 16;872;100;100;6;94;11.47;6.00;864;270;270;9;261;31.25;3.33
78172;161003;1;Szkoła Podstawowa 48-231 Dytmarów 1;419;75;75;3;72;17.90;4.00;409;195;195;4;191;47.68;2.05
78173;161003;2;Rolnicza Spółdzielnia Produkcyjna w Jasionie 48-200 Jasiona 16;203;34;34;3;31;16.75;8.82;207;99;99;4;95;47.83;4.04
78174;161003;3;Klub w Krzyżkowicach 48-231 Krzyżkowice 49/ lokal: 6;170;31;31;1;30;18.24;3.23;166;67;67;3;64;40.36;4.48
78175;161003;4;Świetlica Wiejska w Laskowicach 48-231 Laskowice 23;154;32;32;4;28;20.78;12.50;150;65;65;1;64;43.33;1.54
78176;161003;5;Urząd Gminy w Lubrzy- świetlica na parterze 48-231 Lubrza ul. Wolności 73;791;153;153;9;144;19.34;5.88;788;386;386;15;371;48.98;3.89
78177;161003;6;Remiza Ochotniczej Straży Pożarnej 48-231 Nowy Browiniec 10;362;36;36;2;34;9.94;5.56;359;124;124;4;120;34.54;3.23
78178;161003;7;Wiejski Dom Kultury 48-231 Olszynka 36b;218;35;35;3;32;16.06;8.57;216;73;73;4;69;33.80;5.48
78179;161003;8;Wiejski Dom Kultury 48-231 Prężynka 2;275;73;73;0;73;26.55;0.00;278;131;131;3;128;47.12;2.29
78180;161003;9;Wiejski Dom Kultury 48-231 Skrzypiec 34;331;72;72;7;65;21.75;9.72;320;144;144;3;141;45.00;2.08
78181;161003;10;Remiza Ochotniczej Straży Pożarnej 48-200 Trzebina 125;648;124;124;6;118;19.14;4.84;628;282;282;15;267;44.90;5.32
78182;161004;1;Centrum Tradycji Tkackich 48-200 Prudnik ul. Królowej Jadwigi 23;1005;210;210;3;207;20.90;1.43;971;399;399;4;395;41.09;1.00
78183;161004;2;Publiczne Gimnazjum Nr 1 48-200 Prudnik ul. Armii Krajowej 1;923;142;142;7;135;15.38;4.93;904;326;326;16;310;36.06;4.91
78184;161004;3;Zespół Szkół Medycznych 48-200 Prudnik ul. Piastowska 26;1117;232;232;9;223;20.77;3.88;1090;526;526;14;512;48.26;2.66
78185;161004;4;Szkoła Podstawowa Nr 4 48-200 Prudnik ul. Dąbrowskiego 2;1058;272;272;10;262;25.71;3.68;1017;523;523;10;513;51.43;1.91
78186;161004;5;Publiczne Przedszkole Nr 7 48-200 Prudnik ul. Ogrodowa 1;881;120;120;7;113;13.62;5.83;856;290;290;7;283;33.88;2.41
78187;161004;6;Powiatowe Centrum Pomocy Rodzinie 48-200 Prudnik ul. Kościuszki 55A;1205;333;333;13;320;27.63;3.90;1177;671;671;5;666;57.01;0.75
78188;161004;7;Szkolne Schronisko Młodzieżowe 48-200 Prudnik ul. Dąbrowskiego 26;1044;265;265;6;259;25.38;2.26;1037;568;568;6;562;54.77;1.06
78189;161004;8;Świetlica Spółdzielni Mieszkaniowej 48-200 Prudnik ul. Wyszyńskiego 1a;1147;327;327;8;319;28.51;2.45;1119;582;582;11;571;52.01;1.89
78190;161004;9;Zespół Szkół Ogólnokształcących Nr 1 48-200 Prudnik ul. Gimnazjalna 2;855;182;182;6;176;21.29;3.30;829;327;327;5;322;39.45;1.53
78191;161004;10;Specjalny Ośrodek Szkolno-Wychowawczy 48-200 Prudnik ul. Młyńska 1;1024;137;137;6;131;13.38;4.38;995;358;358;20;338;35.98;5.59
78192;161004;11;Muzeum Ziemi Prudnickiej 48-200 Prudnik ul. Chrobrego 5;1155;174;174;9;165;15.06;5.17;1128;414;414;10;404;36.70;2.42
78193;161004;12;Powiatowe Centrum Kształcenia Praktycznego 48-200 Prudnik ul. Prężyńska 3-5-7;1157;227;227;9;218;19.62;3.96;1142;514;514;11;503;45.01;2.14
78194;161004;13;Zespół Szkół Zawodowych Nr 1 48-200 Prudnik ul. Podgórna 5;1098;292;292;11;281;26.59;3.77;1068;566;566;6;560;53.00;1.06
78195;161004;14;Żłobek 48-200 Prudnik ul. Podgórna 9a;1231;302;302;14;288;24.53;4.64;1210;636;636;11;625;52.56;1.73
78196;161004;15;Publiczne Przedszkole Nr 6 48-200 Prudnik ul. Podgórna 9a;1256;277;277;6;271;22.05;2.17;1219;622;622;16;606;51.03;2.57
78197;161004;16;Szkoła Podstawowa Nr 1 48-200 Prudnik ul. Podgórna 9;1292;262;262;3;259;20.28;1.15;1232;647;647;13;634;52.52;2.01
78198;161004;17;Szkoła Podstawowa 48-200 Łąka Prudnicka ul. Głuchołaska 13;1144;210;210;20;190;18.36;9.52;1149;562;562;14;548;48.91;2.49
78199;161004;18;Szkoła Podstawowa 48-200 Moszczanka 166;880;192;192;1;191;21.82;0.52;867;428;428;10;418;49.37;2.34
78200;161004;19;Wiejski Dom Kultury 48-200 Czyżowice 57;236;42;42;4;38;17.80;9.52;238;126;126;1;125;52.94;0.79
78201;161004;20;Publiczne Przedszkole 48-200 Niemysłowice 37;543;111;111;5;106;20.44;4.50;535;267;267;8;259;49.91;3.00
78202;161004;21;Wiejski Dom Kultury 48-200 Mieszkowice 145;371;68;68;2;66;18.33;2.94;362;152;152;2;150;41.99;1.32
78203;161004;22;Wiejski Dom Kultury 48-200 Piorunkowice 53;171;52;52;10;42;30.41;19.23;169;78;78;5;73;46.15;6.41
78204;161004;23;Szkoła Podstawowa 48-200 Rudziczka 266;676;94;94;3;91;13.91;3.19;685;312;312;9;303;45.55;2.88
78205;161004;24;Szkoła Podstawowa 48-200 Szybowice 72;806;150;150;3;147;18.61;2.00;809;372;372;4;368;45.98;1.08
78206;161004;25;Wiejski Dom Kultury 48-200 Wierzbiec 5;158;44;44;4;40;27.85;9.09;166;58;58;2;56;34.94;3.45
91048;161004;26;Prudnickie Centrum Medyczne 48-200 Prudnik ul. Piastowska 64;25;7;7;0;7;28.00;0.00;49;25;25;0;25;51.02;0.00
91049;161004;27;Dom Pomocy Społecznej 48-200 Prudnik ul. Młyńska 11;76;53;53;2;51;69.74;3.77;74;50;50;4;46;67.57;8.00
91050;161004;28;Areszt Śledczy 48-200 Prudnik ul. Kościuszki 7;104;25;25;1;24;24.04;4.00;131;84;84;9;75;64.12;10.71
78207;161101;1;Zespół Szkół Gminy Izbicko Szkoła Podstawowa w Izbicku 47-180 Izbicko ul. 15-go Grudnia 32;735;145;145;10;135;19.73;6.90;722;333;333;16;317;46.12;4.80
78208;161101;2;Zespół Szkół Gminy Izbicko Szkoła Podstawowa w Krośnicy 47-180 Krośnica ul. Szkolna 18;1033;148;148;13;135;14.33;8.78;1039;417;417;23;394;40.13;5.52
78209;161101;3;Klub przy OSP w Siedlcu 47-180 Siedlec ul. Wiejska 30;685;59;59;0;59;8.61;0.00;687;211;211;13;198;30.71;6.16
78210;161101;4;Zespół Szkół Gminy Izbicko Szkoła Podstawowa w Otmicach 47-180 Otmice Zawadzkiego 28;947;133;133;5;128;14.04;3.76;951;348;348;7;341;36.59;2.01
78211;161101;5;Klub Wiejski w Suchodańcu 47-180 Suchodaniec ul. Buczka 2;412;52;52;2;50;12.62;3.85;401;148;148;2;146;36.91;1.35
78212;161101;6;Zespół Szkół Gminy Izbicko Szkoła Podstawowa w Izbicku 47-180 Izbicko 15-go Grudnia 32;636;94;94;3;91;14.78;3.19;630;257;257;11;246;40.79;4.28
78213;161102;1;Publiczna Szkoła Podstawowa 47-133 Jemielnica ul. Szkolna 2;1229;121;121;4;117;9.85;3.31;1229;401;401;10;391;32.63;2.49
78214;161102;2;Publiczne Gimnazjum 47-133 Jemielnica ul. Szkolna 2a;1700;170;170;5;165;10.00;2.94;1693;549;549;21;528;32.43;3.83
78215;161102;3;Publiczna Szkoła Podstawowa 47-133 Piotrówka ul. Kościuszki 101;1096;131;131;11;120;11.95;8.40;1086;387;387;21;366;35.64;5.43
78216;161102;4;Świetlica Wiejska 47-134 Centawa ul. Powstańców Śląskich 13;429;70;70;4;66;16.32;5.71;431;145;145;10;135;33.64;6.90
78217;161102;5;Świetlica Wiejska 47-133 Barut ul. Wiejska 65;447;30;30;2;28;6.71;6.67;447;109;109;7;102;24.38;6.42
78218;161102;6;Świetlica Wiejska 47-133 Gąsiorowice ul. Szkolna 17;566;58;58;2;56;10.25;3.45;562;179;179;6;173;31.85;3.35
78219;161102;7;Świetlica Wiejska 47-133 Łaziska ul. Strzelecka 37;511;32;32;1;31;6.26;3.12;512;160;160;3;157;31.25;1.88
78220;161103;1;Szkoła Podstawowa 47-110 Kolonowskie ul. 1Maja 5;968;129;129;2;127;13.33;1.55;966;379;379;14;365;39.23;3.69
78221;161103;2;Świetlica OSP 47-110 Kolonowskie ul. Leśna 6b;986;105;105;7;98;10.65;6.67;980;348;348;13;335;35.51;3.74
78222;161103;3;Szkoła Podstawowa 47-113 Kolonowskie ul. Jana Pawła II 4;810;108;108;12;96;13.33;11.11;781;261;261;8;253;33.42;3.07
78223;161103;4;Dom Aktywności Wiejskiej 47-175 Spórok ul. Guznera 3;495;39;39;1;38;7.88;2.56;485;128;128;4;124;26.39;3.12
78224;161103;5;Szkoła Podstawowa 47-113 Staniszcze Małe ul. Szkolna 1;908;124;124;3;121;13.66;2.42;905;323;323;17;306;35.69;5.26
78225;161103;6;Publiczne Przedszkole 47-113 Staniszcze Wielkie ul. Kościelna 15;857;91;91;2;89;10.62;2.20;843;269;269;11;258;31.91;4.09
78226;161104;1;Urząd Miejski 47-150 Leśnica ul. 1 Maja 9;1312;239;239;16;223;18.22;6.69;1293;555;555;31;524;42.92;5.59
78227;161104;2;Szkoła Podstawowa 47-150 Leśnica ul. Zdzieszowicka 23;997;174;174;8;166;17.45;4.60;976;452;452;22;430;46.31;4.87
78228;161104;3;Remiza OSP 47-150 Wysoka ul. Strzelecka 67;675;131;131;3;128;19.41;2.29;662;324;324;10;314;48.94;3.09
78229;161104;4;Publiczne Przedszkole w Leśnicy - Oddział Zamiejscowy w Dolnej 47-100 Dolna ul.Wiejska 30;397;47;47;1;46;11.84;2.13;391;126;126;7;119;32.23;5.56
78230;161104;5;Klub Wiejski 47-150 Kadłubiec ul. Wiejska 93;334;31;31;0;31;9.28;0.00;328;106;106;6;100;32.32;5.66
78231;161104;6;Zespół Szkolno-Przedszkolny 47-150 Zalesie Śląskie ul. Dworcowa 4;1391;114;114;4;110;8.20;3.51;1374;463;463;21;442;33.70;4.54
78232;161104;7;Zespół Szkolno-Przedszkolny 47-150 Raszowa ul. Góry Świętej Anny 91;1378;154;154;6;148;11.18;3.90;1360;468;468;22;446;34.41;4.70
91051;161104;8;Dom Pomocy Społecznej w Strzelcach Opolskich - Filia w Leśnicy 47-150 Leśnica ul. Szpitalna 20;59;25;25;5;20;42.37;20.00;57;33;33;2;31;57.89;6.06
78233;161105;1;Centrum Kształcenia Zawodowego i Ustawicznego 47-100 Strzelce Opolskie ul. Powstańców Śląskich 3;1220;203;203;4;199;16.64;1.97;1200;538;538;14;524;44.83;2.60
78234;161105;2;Strzelecki Ośrodek Kultury 47-100 Strzelce Opolskie Plac Stefana Żeromskiego 7;1143;221;221;6;215;19.34;2.71;1120;483;483;12;471;43.12;2.48
78235;161105;3;Stołówka OPS 47-100 Strzelce Opolskie ul. Jarosława Dąbrowskiego 10;475;82;82;1;81;17.26;1.22;463;178;178;7;171;38.44;3.93
78236;161105;4;Publiczne Gimnazjum Nr 2 47-100 Strzelce Opolskie ul.Kozielska 34;668;121;121;4;117;18.11;3.31;644;272;272;7;265;42.24;2.57
78237;161105;5;Zespół Szkół Ogólnokształcących 47-100 Strzelce Opolskie ul. Krakowska 38;1176;315;315;17;298;26.79;5.40;1153;562;562;10;552;48.74;1.78
78238;161105;6;Państwowa Szkoła Muzyczna I-go stopnia 47-100 Strzelce Opolskie ul. Jana Matejki 1;433;32;32;0;32;7.39;0.00;425;111;111;3;108;26.12;2.70
78239;161105;7;Świetlica Wiejska 47-100 Szczepanek ul. Strzelecka 101;591;103;103;7;96;17.43;6.80;599;250;250;3;247;41.74;1.20
78240;161105;8;Publiczna Szkoła Podstawowa Nr 2 47-100 Strzelce Opolskie ul. Wawrzyńca Świerzego 3;1053;180;180;5;175;17.09;2.78;1058;427;427;8;419;40.36;1.87
78241;161105;9;Publiczna Szkoła Podstawowa Nr 1 47-100 Strzelce Opolskie ul. Marka Prawego 19;1194;274;274;16;258;22.95;5.84;1148;540;540;7;533;47.04;1.30
78242;161105;10;Publiczne Gimnazjum Nr 1 47-100 Strzelce Opolskie ul. Sosnowa 3;1232;249;249;11;238;20.21;4.42;1215;557;557;8;549;45.84;1.44
78243;161105;11;Publiczne Gimnazjum Nr 1 47-100 Strzelce Opolskie ul.Sosnowa 3;1156;176;176;10;166;15.22;5.68;1120;436;436;7;429;38.93;1.61
78244;161105;12;Publiczna Szkoła Podstawowa Nr 7 47-100 Strzelce Opolskie ul. Kardynała Stefana Wyszyńskiego 2;1265;274;274;9;265;21.66;3.28;1259;704;704;11;693;55.92;1.56
78245;161105;13;Publiczne Przedszkole Nr 8 47-100 Strzelce Opolskie ul. Kardynała Stefana Wyszyńskiego 6;1278;194;194;6;188;15.18;3.09;1270;473;473;10;463;37.24;2.11
78246;161105;14;Żłobek 47-100 Strzelce Opolskie ul. Kardynała Stefana Wyszyńskiego 14;1234;263;263;9;254;21.31;3.42;1205;621;621;18;603;51.54;2.90
78247;161105;15;Publiczne Przedszkole Nr 9 47-100 Strzelce Opolskie ul. Kardynała Stefana Wyszyńskiego 12;1190;235;235;10;225;19.75;4.26;1193;586;586;14;572;49.12;2.39
78248;161105;16;Publiczna Szkoła Podstawowa 47-100 Dziewkowice ul. Strzelecka 3;1209;138;138;8;130;11.41;5.80;1199;435;435;13;422;36.28;2.99
78249;161105;17;Przedszkole Publiczne w Dziewkowicach Oddział Zamiejscowy 47-100 Warmątowice ul. Błotnicka 6;477;44;44;0;44;9.22;0.00;481;170;170;1;169;35.34;0.59
78250;161105;18;Publiczna Szkoła Podstawowa 47-100 Błotnica Strzelecka ul. Toszecka 19;953;98;98;8;90;10.28;8.16;951;316;316;11;305;33.23;3.48
78251;161105;19;Niepubliczna Szkoła Podstawowa 47-100 Grodzisko ul. Główna 35;569;42;42;5;37;7.38;11.90;563;190;190;10;180;33.75;5.26
78252;161105;20;Zespół Placówek Oświatowych w Kadłubie Przedszkole Publiczne 47-100 Osiek ul. Strzelecka 1;343;38;38;0;38;11.08;0.00;342;107;107;6;101;31.29;5.61
78253;161105;21;Zespół Placówek Oświatowych Publiczna Szkoła Podstawowa 47-100 Kalinowice ul. Szkolna 1;809;95;95;5;90;11.74;5.26;800;247;247;9;238;30.88;3.64
78254;161105;22;Publiczna Szkoła Podstawowa 47-100 Szymiszów ul. Wolności 1;631;90;90;3;87;14.26;3.33;632;218;218;4;214;34.49;1.83
78255;161105;23;Świetlica Wiejska 47-100 Rożniątów ul. Wolności 28;723;79;79;4;75;10.93;5.06;718;234;234;10;224;32.59;4.27
78256;161105;24;Publiczna Szkoła Podstawowa 47-100 Sucha ul. Kościelna 40;566;80;80;4;76;14.13;5.00;563;225;225;9;216;39.96;4.00
78257;161105;25;Publiczne Gimnazjum 47-100 Szymiszów-Osiedle ul. Szkolna 2;829;91;91;6;85;10.98;6.59;816;270;270;14;256;33.09;5.19
78258;161105;26;Publiczna Szkoła Podstawowa 47-100 Rozmierka ul. Szkolna 3;929;83;83;2;81;8.93;2.41;917;260;260;6;254;28.35;2.31
78259;161105;27;Świetlica Wiejska 47-100 Rozmierz ul. Wyzwolenia 10;370;65;65;2;63;17.57;3.08;372;142;142;7;135;38.17;4.93
78260;161105;28;Zespół Placówek Oświatowych Publiczna Szkoła Podstawowa 47-100 Kadłub ul. Powstańców Śląskich 26;1186;100;100;10;90;8.43;10.00;1208;341;341;5;336;28.23;1.47
91052;161105;29;Dom Pomocy Społecznej 47-100 Strzelce Opolskie ul. Strażacka 8;51;19;19;3;16;37.25;15.79;50;21;21;2;19;42.00;9.52
91053;161105;30;Dom Pomocy Społecznej 47-100 Szymiszów ul. Strzelecka 2;110;42;42;7;35;38.18;16.67;106;43;43;7;36;40.57;16.28
91054;161105;31;Szpital Powiatowy 47-100 Strzelce Opolskie ul. Opolska 36a;58;7;7;0;7;12.07;0.00;104;22;22;3;19;21.15;13.64
91055;161105;32;Zakład Karny Nr 1 47-100 Strzelce Opolskie ul. Karola Miarki 1;966;156;156;26;130;16.15;16.67;952;342;342;48;294;35.92;14.04
91056;161105;33;Zakład Karny Nr 2 47-100 Strzelce Opolskie ul. Gen. Karola Świerczewskiego 3;538;88;88;8;80;16.36;9.09;563;188;188;20;168;33.39;10.64
78261;161106;1;Sala Posiedzeń Urzędu Miejskiego 47-143 Ujazd ul. Sławięcicka 19;1414;204;204;14;190;14.43;6.86;1388;636;636;29;607;45.82;4.56
78262;161106;2;Szkoła Podstawowa 47-143 Olszowa ul. Szkolna 7;410;25;25;1;24;6.10;4.00;395;118;118;4;114;29.87;3.39
78263;161106;3;Szkoła Podstawowa 47-143 Jaryszów ul. Stawowa 1;858;132;132;9;123;15.38;6.82;861;342;342;16;326;39.72;4.68
78264;161106;4;Filialna Szkoła Podstawowa 47-143 Zimna Wódka ul. Strzelecka 2;742;71;71;5;66;9.57;7.04;748;222;222;12;210;29.68;5.41
78265;161106;5;Filialna Szkoła Podstawowa 47-143 Sieroniowice ul. Strzelecka 26;736;76;76;3;73;10.33;3.95;736;248;248;8;240;33.70;3.23
78266;161106;6;Filialna Szkoła Podstawowa 47-143 Stary Ujazd ul. Szkolna 3;490;51;51;2;49;10.41;3.92;492;195;195;18;177;39.63;9.23
78267;161106;7;Budynek Kulturalno - Oświatowy 47-143 Niezdrowice ul. Wiejska 34;493;95;95;3;92;19.27;3.16;483;196;196;7;189;40.58;3.57
78268;161107;1;Kinoteatr 47-120 Zawadzkie ul. Dworcowa 3a;1900;193;193;13;180;10.16;6.74;1840;578;578;17;561;31.41;2.94
78269;161107;2;Ośrodek Pomocy Społecznej 47-120 Zawadzkie ul. Dębowa 11;1943;267;267;10;257;13.74;3.75;1891;734;734;23;711;38.82;3.13
78270;161107;3;Przedszkole Publiczne Nr 2 z Oddziałem Integracyjnym 47-120 Zawadzkie ul. Paderewskiego 1;1340;270;270;9;261;20.15;3.33;1312;614;614;7;607;46.80;1.14
78271;161107;4;Publiczne Gimnazjum Nr 1 47-120 Zawadzkie ul. Opolska 47;1174;139;139;8;131;11.84;5.76;1142;376;376;29;347;32.92;7.71
78272;161107;5;Zespół Szkolno-Gimnazjalny 47-120 Żędowice ul. Strzelecka 35;2003;181;181;7;174;9.04;3.87;1974;672;672;38;634;34.04;5.65
78273;161107;6;Zabytkowa Chata 47-126 Kielcza ul. Dobrego Pasterza 35;1595;198;198;7;191;12.41;3.54;1580;568;568;30;538;35.95;5.28
78274;166101;1;Remiza OSP 45-834 Opole ul.Wrocławska 190;422;116;116;2;114;27.49;1.72;443;264;264;5;259;59.59;1.89
78275;166101;2;Publiczna Szkoła Podstawowa Nr 9 45-834 Opole ul. Cmentarna 7;1117;232;232;3;229;20.77;1.29;1127;637;637;14;623;56.52;2.20
78276;166101;3;Publiczna Szkoła Podstawowa Nr 9 45-834 Opole Cmentarna 7;1451;488;488;14;474;33.63;2.87;1478;970;970;3;967;65.63;0.31
78277;166101;4;Publiczna Szkoła Podstawowa Nr 14 45-720 Opole ul.Szymona Koszyka 21;772;226;226;6;220;29.27;2.65;764;476;476;3;473;62.30;0.63
78278;166101;5;Publiczna Szkoła Podstawowa Nr 14 45-720 Opole ul. Szymona Koszyka 21;1318;487;487;9;478;36.95;1.85;1306;846;846;2;844;64.78;0.24
78279;166101;6;Zespół Szkół Budowlanych 45-710 Opole ul. Niemodlińska 40;1029;342;342;5;337;33.24;1.46;1091;694;694;7;687;63.61;1.01
78280;166101;7;Publiczna Szkoła Podstawowa Nr 8 45-705 Opole ul. Księdza Norberta Bonczyka 13;1904;579;579;22;557;30.41;3.80;1880;986;995;17;969;52.45;1.72
78281;166101;8;Publiczna Szkoła Podstawowa Nr 8 45-705 Opole ul. Księdza Norberta Bonczyka 13;1626;441;441;9;432;27.12;2.04;1607;856;887;11;845;53.27;1.29
78282;166101;9;Publiczne Liceum Ogólnokształcące nr 1 45-706 Opole ul. Licealna 3;1510;403;403;13;390;26.69;3.23;1470;796;796;15;781;54.15;1.88
78283;166101;10;Zespół Szkół Specjalnych 45-005 Opole ul. Książąt Opolskich 21;1549;425;425;15;410;27.44;3.53;1531;809;809;13;796;52.84;1.61
78284;166101;11;Oddział Przedszkola Publicznego Nr 8 45-128 Opole ul. Gminna 1;717;133;133;8;125;18.55;6.02;722;325;325;8;317;45.01;2.46
78285;166101;12;Publiczna Szkoła Podstawowa Nr 7 45-123 Opole ul. Budowlanych 40;1169;208;208;11;197;17.79;5.29;1122;509;509;13;496;45.37;2.55
78286;166101;13;Publiczne Gimnazjum Nr 7 45-222 Opole ul. Oleska 68;1835;526;526;20;506;28.66;3.80;1853;1136;1136;12;1124;61.31;1.06
78287;166101;14;Zespół Szkół Ogólnokształcących Nr II 45-048 Opole ul. Generała Kazimierza Pułaskiego 3;1302;367;367;8;359;28.19;2.18;1290;661;661;14;647;51.24;2.12
78288;166101;15;Przedszkole Publiczne Integracyjne Nr 51 45-265 Opole ul. Jana Bytnara „Rudego” 1;1516;501;501;11;490;33.05;2.20;1460;949;949;21;928;65.00;2.21
78289;166101;16;Przedszkole Publiczne Nr 26 45-222 Opole ul. Chabrów 56;1379;520;520;14;506;37.71;2.69;1336;821;821;13;808;61.45;1.58
78290;166101;17;Publiczna Szkoła Podstawowa Nr 11 45-221 Opole ul. Chabrów 65;1942;600;600;21;579;30.90;3.50;1911;1129;1129;18;1111;59.08;1.59
78291;166101;18;Publiczna Szkoła Podstawowa Nr 25 45-240 Opole ul. Wiejska 77;1415;354;354;8;346;25.02;2.26;1426;743;743;13;730;52.10;1.75
78292;166101;19;Przedszkole Publiczne Nr 56 45-304 Opole ul. Sieradzka 7;1919;540;540;13;527;28.14;2.41;1911;1115;1115;20;1095;58.35;1.79
78293;166101;20;Przedszkole Publiczne Nr 56 45-304 Opole ul. Sieradzka 7;1636;454;454;8;446;27.75;1.76;1668;1014;1014;15;999;60.79;1.48
78294;166101;21;Przedszkole Publiczne Nr 4 45-401 Opole ul. Bielska 23;2255;686;686;15;671;30.42;2.19;1798;1172;1172;3;1169;65.18;0.26
78295;166101;22;Przedszkole Publiczne Nr 4 45-401 Opole ul. Bielska 23;1444;431;431;10;421;29.85;2.32;2045;1315;1315;18;1297;64.30;1.37
78296;166101;23;Przedszkole Publiczne Nr 37 „Elemelek” 45-409 Opole ul. Jesionowa 8;1658;536;536;13;523;32.33;2.43;1603;964;964;14;950;60.14;1.45
78297;166101;24;Publiczna Szkoła Podstawowa Nr 20 45-432 Opole ul. Grudzicka 48;2004;618;618;13;605;30.84;2.10;1972;1180;1180;12;1168;59.84;1.02
78298;166101;25;Publiczna Szkoła Podstawowa Nr 20 45-432 Opole ul. Grudzicka 48;1534;469;469;10;459;30.57;2.13;1522;868;868;14;854;57.03;1.61
78299;166101;26;Publiczna Szkoła Podstawowa Nr 15 45-301 Opole ul.Małopolska 20;1156;403;403;8;395;34.86;1.99;1167;766;766;2;764;65.64;0.26
78300;166101;27;Miejski Ośrodek Pomocy Rodzinie w Opolu 45-071 Opole ul. Armii Krajowej 36;1781;415;415;11;404;23.30;2.65;1763;941;941;11;930;53.37;1.17
78301;166101;28;Publiczna Szkoła Podstawowa Nr 26 45-517 Opole ul. Groszowicka 12;2454;634;634;17;617;25.84;2.68;2433;1414;1414;26;1388;58.12;1.84
78302;166101;29;Filia Przedszkola Publicznego Nr 33 w Opolu 45-681 Opole ul. Olimpijska 2;1013;137;137;2;135;13.52;1.46;1017;398;398;15;383;39.13;3.77
78303;166101;30;Narodowe Centrum Polskiej Piosenki - Klub Osiedlowy „METALCHEM” 45-641 Opole ul. Oświęcimska 90;1433;310;310;9;301;21.63;2.90;1381;680;680;13;667;49.24;1.91
78304;166101;31;Przedszkole Publiczne Nr 44 45-641 Opole ul. Oświęcimska 94;1239;272;272;9;263;21.95;3.31;1186;602;602;8;594;50.76;1.33
78305;166101;32;Publiczna Szkoła Podstawowa Nr 24 45-627 Opole ul. Wiktora Gorzołki 4;1261;164;164;3;161;13.01;1.83;1259;466;466;9;457;37.01;1.93
78306;166101;33;Publiczna Szkoła Podstawowa Nr 24 45-627 Opole ul. Wiktora Gorzołki 4;1117;169;169;10;159;15.13;5.92;1108;463;463;10;453;41.79;2.16
78307;166101;34;Publiczna Szkoła Podstawowa Nr 16 45-558 Opole ul. Zofii Nałkowskiej 16;2349;543;543;12;531;23.12;2.21;2309;1107;1107;11;1096;47.94;0.99
78308;166101;35;Filia Młodzieżowego Domu Kultury Nr 3 45-573 Opole Al. Przyjaźni 12;1194;253;253;6;247;21.19;2.37;1182;577;577;14;563;48.82;2.43
78309;166101;36;Publiczna Szkoła Podstawowa Nr 1 45-072 Opole ul. Władysława Reymonta 43;1841;486;486;15;471;26.40;3.09;1785;911;911;16;895;51.04;1.76
78310;166101;37;Zespół Szkół Elektrycznych 45-062 Opole ul. Tadeusz Kościuszki 39;2032;579;579;16;563;28.49;2.76;2005;1083;1083;7;1076;54.01;0.65
78311;166101;38;Publiczne Gimnazjum Nr 5 45-368 Opole ul. Ozimska 48;2034;608;608;14;594;29.89;2.30;2005;1084;1084;10;1074;54.06;0.92
78312;166101;39;Publiczne Gimnazjum Nr 4 45-356 Opole ul. 1 Maja 145;2052;488;488;23;465;23.78;4.71;1995;957;957;17;940;47.97;1.78
78313;166101;40;Zespół Szkolno-Przedszkolny Nr 1 Publiczna Szkoła Podstawowa Nr 28 45-776 Opole ul. Bogumiła Wyszomirskiego 6;1019;166;166;7;159;16.29;4.22;1020;467;467;15;452;45.78;3.21
78314;166101;41;Publiczna Szkoła Podstawowa Nr 10 45-760 Opole ul.Walerego Wróblewskiego 7;1269;332;332;16;316;26.16;4.82;1334;742;742;11;731;55.62;1.48
78315;166101;42;Publiczna Szkoła Podstawowa Nr 10 45-760 Opole ul. Walerego Wróblewskiego 7;1281;410;410;16;394;32.01;3.90;1253;832;832;9;823;66.40;1.08
78316;166101;43;Publiczne Gimnazjum Nr 8 45-856 Opole ul. Joachima Lelewela 9;1857;635;635;20;615;34.19;3.15;1817;1096;1096;16;1080;60.32;1.46
78317;166101;44;Publiczne Gimnazjum Nr 8 45-856 Opole ul. Joachima Lelewela 9;1618;442;442;10;432;27.32;2.26;1594;870;870;16;854;54.58;1.84
78318;166101;45;Zespół Szkół Technicznych i Ogólnokształcących 45-867 Opole ul. Józefa Hallera 6;1591;516;516;14;502;32.43;2.71;1561;967;967;8;959;61.95;0.83
78319;166101;46;Przedszkole Publiczne Nr 43 45-710 Opole ul. Prószkowska 5A;1209;450;450;9;441;37.22;2.00;1190;772;772;11;761;64.87;1.42
78320;166101;47;Publiczne Gimnazjum Nr 6 45-086 Opole ul. Powstańców Śląskich 19;1348;493;493;13;480;36.57;2.64;1300;824;824;12;812;63.38;1.46
78321;166101;48;Publiczna Szkoła Podstawowa Nr 1 45-072 Opole ul. Władysława Reymonta 43;1176;317;317;6;311;26.96;1.89;1146;590;590;9;581;51.48;1.53
78322;166101;49;Zespół Szkół Mechanicznych 45-027 Opole ul. Edmunda Osmańczyka 22;1587;477;477;12;465;30.06;2.52;1529;804;804;11;793;52.58;1.37
78323;166101;50;Urząd Miasta Opola - Wydział Oświaty 45-037 Opole ul. Henryka Sienkiewicza 6;1741;517;517;16;501;29.70;3.09;1717;954;954;11;943;55.56;1.15
78324;166101;51;Zespół Szkół Elektrycznych 45-062 Opole ul. Tadeusza Kościuszki 39;2070;628;628;12;616;30.34;1.91;2051;1171;1171;8;1163;57.09;0.68
78325;166101;52;Zespół Szkół Ogólnokszałcących Nr II 45-048 Opole ul. Generała Kazimierza Pułaskiego 3;1495;543;543;11;532;36.32;2.03;1422;868;868;8;860;61.04;0.92
78326;166101;53;Publiczne Gimnazjum Nr 5 45-368 Opole ul. Ozimska 48;1530;390;390;6;384;25.49;1.54;1504;827;827;9;818;54.99;1.09
78327;166101;54;Przedszkole Publiczne Nr 21 45-342 Opole ul. Wojciecha Drzymały 28;1388;378;378;11;367;27.23;2.91;1372;745;745;13;732;54.30;1.74
78328;166101;55;Zespół Szkół z Oddziałami Integracyjnymi Publiczna Szkoła Podstawowa Nr 5 45-267 Opole ul. Majora „Hubala” 2;1586;513;513;9;504;32.35;1.75;1535;980;980;11;969;63.84;1.12
78329;166101;56;Publiczne Przedszkole Nr 54 w Opolu 45-266 Opole ul. Majora ''Hubala'' 19;1014;247;247;7;240;24.36;2.83;980;552;552;6;546;56.33;1.09
78330;166101;57;Publiczne Przedszkole Nr 54 45-266 Opole ul. Majora „Hubala'' 19;1857;563;563;9;554;30.32;1.60;1878;1061;1061;10;1051;56.50;0.94
78331;166101;58;MOPR - Dom Dziennego Pobytu 45-267 Opole ul. Majora „Hubala” 4;1587;557;557;10;547;35.10;1.80;1566;1024;1024;8;1016;65.39;0.78
78332;166101;59;Zespół Szkół z Oddziałami Integracujnymi Publiczne Gimnazjum Nr 1 45-267 Opole ul. Majora „Hubala” 2;991;329;329;2;327;33.20;0.61;976;600;600;3;597;61.48;0.50
78333;166101;60;Filia Młodzieżowego Domu Kultury Nr 1 45-287 Opole ul. Skautów Opolskich 10;1427;434;434;7;427;30.41;1.61;1386;883;883;14;869;63.71;1.59
78334;166101;61;Publiczna Szkoła Podstawowa Nr 15 45-301 Opole ul. Małopolska 20;1401;439;439;12;427;31.33;2.73;1365;827;827;7;820;60.59;0.85
78335;166101;62;Publiczna Szkoła Podstawowa Nr 15 45-301 Opole ul. Małopolska 20;1540;472;472;18;454;30.65;3.81;1493;985;985;24;961;65.97;2.44
78336;166101;63;Publiczna Szkoła Podstawowa Nr 29 45-284 Opole ul. Szarych Szeregów 1;1641;517;517;17;500;31.51;3.29;1590;1012;1012;22;990;63.65;2.17
91057;166101;64;Samodzielny Specjalistyczny Zespół Opieki Zdrowotnej nad Matką i Dzieckiem 45-066 Opole ul. Władysława Reymonta 8;31;16;16;2;14;51.61;12.50;48;37;37;1;36;77.08;2.70
91058;166101;65;Publiczny Samodzielny Zakład Opieki Zdrowotnej - Wojewódzkie Centrum Medyczne 45-401 Opole Al. Wincentego Witosa 26;192;23;23;0;23;11.98;0.00;129;44;44;1;43;34.11;2.27
91059;166101;66;Szpital Wojewódzki 45-372 Opole ul. Augustyna Kośnego 53;330;24;24;0;24;7.27;0.00;270;69;69;2;67;25.56;2.90
91060;166101;67;Wojewódzki Specjalistyczny Zespół Neuropsychiatryczny 45-221 Opole ul. Wodociągowa 4;217;4;4;0;4;1.84;0.00;167;20;20;0;20;11.98;0.00
91061;166101;68;Zakład Opieki Zdrowotnej Ministerstwa Spraw Wewnętrznych i Administracji w Opolu 45-075 Opole ul. Krakowska 44;53;13;13;1;12;24.53;7.69;36;17;17;0;17;47.22;0.00
91062;166101;69;Dom Pomocy Społecznej dla Kombatantów 45-758 Opole ul. Chmielowicka 6;133;68;68;12;56;51.13;17.65;132;72;72;9;63;54.55;12.50
91063;166101;70;Zakład Karny 45-802 Opole ul. Partyzancka 72;116;18;18;2;16;15.52;11.11;110;52;52;4;48;47.27;7.69
91064;166101;71;Areszt Śledczy 45-033 Opole ul. Sądowa 4;319;112;112;14;98;35.11;12.50;295;136;136;32;104;46.10;23.53
91065;166101;72;Dom Studencki „NIECHCIC” 45-061 Opole ul. Katowicka 87B;113;56;56;3;53;49.56;5.36;67;38;38;0;38;56.72;0.00
78337;180103;1;Urząd Gminy w Czarnej - sala posiedzeń 38-710 Czarna Górna 74;1021;160;160;6;154;15.67;3.75;1014;387;387;8;379;38.17;2.07
78338;180103;2;Świetlica wiejska w Czarnej Dolnej 38-710 Czarna Dolna 32;285;41;41;0;41;14.39;0.00;303;95;95;3;92;31.35;3.16
78339;180103;3;Świetlica wiejska w Polanie 38-710 Polana 33;319;93;93;2;91;29.15;2.15;311;157;157;4;153;50.48;2.55
78340;180103;4;Remizo-świetlica w Michniowcu 38-710 Michniowiec 4;318;50;50;3;47;15.72;6.00;328;92;92;6;86;28.05;6.52
78341;180105;1;Gminny Ośrodek Kultury w Lutowiskach 38-713 Lutowiska 74A;789;172;172;3;169;21.80;1.74;797;308;308;9;299;38.64;2.92
78342;180105;2;Szkolne Schronisko Młodzieżowe w Stuposianach 38-713 Stuposiany 9;473;114;114;2;112;24.10;1.75;452;215;215;6;209;47.57;2.79
78343;180105;3;Remiza Strażacka w Dwerniku 38-713 Dwernik 34;226;58;58;1;57;25.66;1.72;216;88;88;1;87;40.74;1.14
78344;180105;4;Świetlica wiejska w Chmielu 38-713 Chmiel 16A;328;39;39;1;38;11.89;2.56;331;89;89;4;85;26.89;4.49
78345;180108;1;Przedszkole Nr 2 38-700 Ustrzyki Dolne ul. 29 Listopada 49;875;191;191;5;186;21.83;2.62;885;364;364;9;355;41.13;2.47
78346;180108;2;Szkoła Podstawowa Nr 1 38-700 Ustrzyki Dolne ul. 29 Listopada 21;823;178;178;6;172;21.63;3.37;827;364;364;20;344;44.01;5.49
78347;180108;3;Świetlica Nadleśnictwa Ustrzyki Dolne 38-700 Ustrzyki Dolne ul. Rynek 6;1021;231;231;4;227;22.62;1.73;1023;411;411;14;397;40.18;3.41
78348;180108;4;Szkoła Podstawowa Nr 2 38-700 Ustrzyki Dolne ul. Dobra 6;1077;266;266;7;259;24.70;2.63;1055;520;520;8;512;49.29;1.54
78349;180108;5;Specjalny Ośrodek Szkolno-Wychowawczy 38-700 Ustrzyki Dolne ul. Witolda Gombrowicza 37;907;194;194;5;189;21.39;2.58;924;450;450;16;434;48.70;3.56
78350;180108;6;Zespół Basenów „Delfin” 38-700 Ustrzyki Dolne ul. Witolda Gombrowicza 49;765;143;143;4;139;18.69;2.80;730;294;294;12;282;40.27;4.08
78351;180108;7;Przedszkole Nr 1 38-700 Ustrzyki Dolne Pionierska 8;1301;358;358;7;351;27.52;1.96;1263;623;623;14;609;49.33;2.25
78352;180108;8;Budynek Spółdzielni Mieszkaniowej „Pionierska” 38-700 Ustrzyki Dolne Witolda Gombrowicza 45;911;143;143;7;136;15.70;4.90;872;343;343;10;333;39.33;2.92
78353;180108;9;Szkoła Podstawowa w Łobozewie Dolnym 38-700 Łobozew Dolny 61A;661;83;83;2;81;12.56;2.41;649;196;196;5;191;30.20;2.55
78354;180108;10;Szkoła Podstawowa w Ustjanowej Górnej 38-700 Ustjanowa Górna 84;810;112;112;4;108;13.83;3.57;829;340;340;8;332;41.01;2.35
78355;180108;11;Budynek byłej Szkoły Podstawowej w Równi 38-700 Równia 53;512;77;77;6;71;15.04;7.79;520;204;204;11;193;39.23;5.39
78356;180108;12;Filia ZSP Nr 1 w Bandrowie Narodowym 38-700 Bandrów Narodowy 52;344;53;53;3;50;15.41;5.66;338;106;106;7;99;31.36;6.60
78357;180108;13;Szkoła Podstawowa w Hoszowie 38-700 Hoszów 31;541;79;79;2;77;14.60;2.53;553;244;245;7;237;44.12;2.87
78358;180108;14;Dom Pomocy Społecznej w Moczarach 38-700 Moczary 41;226;38;38;6;32;16.81;15.79;211;39;39;3;36;18.48;7.69
78359;180108;15;Świetlica w Brzegach Dolnych 38-700 Brzegi Dolne 46;334;74;74;3;71;22.16;4.05;327;153;153;8;145;46.79;5.23
78360;180108;16;Szkoła Podstawowa w Łodynie 38-700 Łodyna 41;470;46;46;0;46;9.79;0.00;482;171;171;4;167;35.48;2.34
78361;180108;17;Szkoła Podstawowa w Krościenku 38-700 Krościenko 198;597;62;62;1;61;10.39;1.61;608;177;177;9;168;29.11;5.08
78362;180108;18;Gimnazjum w Wojtkówce 38-712 Wojtkówka 26;409;66;66;4;62;16.14;6.06;404;156;156;4;152;38.61;2.56
78363;180108;19;Szkoła Podstawowa w Wojtkowej 38-712 Wojtkowa 40;496;82;82;0;82;16.53;0.00;511;196;196;8;188;38.36;4.08
78364;180108;20;Szkoła Podstawowa w Ropience 38-711 Ropienka 111;929;185;185;8;177;19.91;4.32;902;394;394;15;379;43.68;3.81
78365;180108;21;Świetlica w Brelikowie 38-711 Brelików 38;257;16;16;1;15;6.23;6.25;250;90;90;3;87;36.00;3.33
91066;180108;22;Szpital Ogólny SP ZOZ w Ustrzykach Dolnych 38-700 Ustrzyki Dolne ul. 29 Listopada 57;90;40;40;2;38;44.44;5.00;70;40;40;1;39;57.14;2.50
78366;180201;1;Urząd Miejski w Brzozowie (sala konferencyjna I p., nr 117) 36-200 Brzozów ul. Armii Krajowej 1;2164;504;504;12;492;23.29;2.38;2173;1032;1032;33;999;47.49;3.20
78367;180201;2;Ratusz Miejski (I piętro) 36-200 Brzozów ul. Rynek 10;1925;472;472;15;457;24.52;3.18;1909;890;890;17;873;46.62;1.91
78368;180201;3;Budynek Administracyjny Szpitala Specjalistycznego (świetlica) 36-200 Brzozów ul. Ks. J. Bielawskiego 18;2081;533;533;11;522;25.61;2.06;1998;1011;1011;29;982;50.60;2.87
78369;180201;4;Zespół Szkół Nr 2 w Humniskach 36-206 Humniska 877;1312;276;276;6;270;21.04;2.17;1292;553;553;13;540;42.80;2.35
78370;180201;5;Zespół Szkół Nr 1 w Humniskach 36-206 Humniska 264;1582;253;253;11;242;15.99;4.35;1587;689;689;19;670;43.42;2.76
78371;180201;6;Zespół Szkół Nr 1 w Humniskach 36-206 Humniska 264;801;123;123;6;117;15.36;4.88;800;335;335;10;325;41.88;2.99
78372;180201;7;Dom Strażaka w Grabownicy Starzeńskiej 36-207 Grabownica Starzeńska 749;1299;231;231;4;227;17.78;1.73;1304;603;603;20;583;46.24;3.32
78373;180201;8;Dom Strażaka w Grabownicy Starzeńskiej 36-207 Grabownica Starzeńska 749;1223;205;205;22;183;16.76;10.73;1210;501;501;23;478;41.40;4.59
78374;180201;9;Zespół Szkół w Górkach 36-200 Górki 78;1245;254;254;11;243;20.40;4.33;1243;510;510;20;490;41.03;3.92
78375;180201;10;Zespół Szkół w Turzym Polu 36-200 Turze Pole 152;827;131;131;3;128;15.84;2.29;840;363;363;12;351;43.21;3.31
78376;180201;11;Dom Ludowy w Zmiennicy 36-200 Zmiennica 29A;957;181;181;12;169;18.91;6.63;961;424;424;16;408;44.12;3.77
78377;180201;12;Zespół Szkół w Starej Wsi 36-200 Stara Wieś 790;1782;415;415;13;402;23.29;3.13;1729;875;875;25;850;50.61;2.86
78378;180201;13;Zespół Szkół w Starej Wsi 36-200 Stara Wieś 790;968;277;277;2;275;28.62;0.72;959;548;548;13;535;57.14;2.37
78379;180201;14;Zespół Szkół Nr 1 w Przysietnicy 36-200 Przysietnica 198;1988;406;406;17;389;20.42;4.19;2008;960;960;35;925;47.81;3.65
78380;180201;15;Zespół Szkół Nr 2 w Przysietnicy 36-200 Przysietnica 540;1020;187;187;4;183;18.33;2.14;1011;483;483;14;469;47.77;2.90
91067;180201;16;Budynek Szpitala 36-200 Brzozów ul. Ks. J. Bielawskiego 18;154;13;13;2;11;8.44;15.38;154;66;66;8;58;42.86;12.12
91068;180201;17;Dom Pomocy Społecznej 36-200 Brzozów Wincentego Witosa 13;76;29;29;6;23;38.16;20.69;77;53;53;1;52;68.83;1.89
78381;180202;1;Zespół Szkół 36-233 Barycz 238;789;146;146;4;142;18.50;2.74;785;412;412;29;383;52.48;7.04
78382;180202;2;Szkoła Podstawowa Nr 2 36-230 Domaradz 651;680;141;141;0;141;20.74;0.00;681;366;366;13;353;53.74;3.55
78383;180202;3;Szkoła Podstawowa Nr 1 36-230 Domaradz 349;1528;221;221;2;219;14.46;0.90;1515;699;699;23;676;46.14;3.29
78384;180202;4;Dom Strażaka 36-230 Domaradz-Poręby 897 A;234;40;40;2;38;17.09;5.00;224;102;102;3;99;45.54;2.94
78385;180202;5;Zespół Szkół 36-231 Golcowa 456;1018;148;148;3;145;14.54;2.03;1030;461;461;17;444;44.76;3.69
78386;180202;6;Szkoła Podstawowa Nr 2 36-231 Golcowa 284;616;113;113;3;110;18.34;2.65;614;298;298;21;277;48.53;7.05
78387;180203;1;Zespół Szkół w Dydni 36-204 Dydnia 221;1250;218;218;15;203;17.44;6.88;1239;515;515;26;489;41.57;5.05
78388;180203;2;Dom Ludowy 36-207 Grabówka 66;435;73;73;5;68;16.78;6.85;435;179;179;9;170;41.15;5.03
78389;180203;3;Dom Ludowy 36-204 Jabłonka 47;851;158;158;7;151;18.57;4.43;840;377;377;8;369;44.88;2.12
78390;180203;4;Dom Ludowy 36-204 Witryłów 21;461;58;58;5;53;12.58;8.62;449;136;136;11;125;30.29;8.09
78391;180203;5;Dom Ludowy 36-204 Krzemienna 46;356;73;73;0;73;20.51;0.00;360;167;167;6;161;46.39;3.59
78392;180203;6;Dom Strażaka 36-204 Temeszów 27;274;45;45;1;44;16.42;2.22;272;117;117;2;115;43.01;1.71
78393;180203;7;Szkoła Podstawowa 36-204 Niewistka 37;241;60;60;4;56;24.90;6.67;248;101;101;3;98;40.73;2.97
78394;180203;8;Szkoła Podstawowa 36-204 Obarzym 36a;293;33;33;0;33;11.26;0.00;277;95;95;3;92;34.30;3.16
78395;180203;9;Dom Ludowy 36-204 Krzywe 68;326;55;55;4;51;16.87;7.27;326;159;159;9;150;48.77;5.66
78396;180203;10;Dom Ludowy 36-204 Końskie 39;386;62;62;2;60;16.06;3.23;373;134;134;9;125;35.92;6.72
78397;180203;11;Dom Ludowy 36-207 Niebocko 148;1232;230;230;9;221;18.67;3.91;1234;488;488;13;475;39.55;2.66
78398;180203;12;Szkoła Podstawowa 36-204 Wydrna 132;462;94;94;5;89;20.35;5.32;466;175;175;11;164;37.55;6.29
78399;180204;1;Gminny Ośrodek Kultury i Wypoczynku w Haczowie - sala na parterze 36-213 Haczów 95;1039;185;185;5;180;17.81;2.70;1029;494;494;11;483;48.01;2.23
78400;180204;2;Gminny Ośrodek Kultury i Wypoczynku w Haczowie - sala na piętrze 36-213 Haczów 95;1627;327;327;9;318;20.10;2.75;1594;788;788;16;772;49.44;2.03
78401;180204;3;Zespół Szkół w Trześniowie 36-212 Trześniów 107;984;190;190;6;184;19.31;3.16;982;439;439;20;419;44.70;4.56
78402;180204;4;Dom Ludowy w Bukowie 36-212 Buków 91;270;56;56;1;55;20.74;1.79;277;147;147;6;141;53.07;4.08
78403;180204;5;Dom Ludowy w Jasionowie 36-211 Jasionów 205;1102;178;178;8;170;16.15;4.49;1113;423;423;22;401;38.01;5.20
78404;180204;6;Zespół Szkół we Wzdowie 36-211 Wzdów 121;755;107;107;2;105;14.17;1.87;759;322;322;9;313;42.42;2.80
78405;180204;7;Zespół Szkół w Malinówce 36-213 Malinówka 42;782;150;150;1;149;19.18;0.67;770;403;403;20;383;52.34;4.96
78406;180204;8;Dom Strażaka w Jabłonicy Polskiej 36-213 Jabłonica Polska 93;875;202;202;6;196;23.09;2.97;867;480;480;9;471;55.36;1.88
78407;180205;1;Urząd Gminy Jasienica Rosielna 36-220 Jasienica Rosielna 240;1734;429;429;15;414;24.74;3.50;1756;1070;1070;32;1038;60.93;2.99
78408;180205;2;Zespół Szkół Blizne 36-221 Blizne 439A;1269;272;272;6;266;21.43;2.21;1282;748;748;10;738;58.35;1.34
78409;180205;3;Zespół Szkół Blizne 36-221 Blizne 439A;1267;343;343;4;339;27.07;1.17;1298;799;799;21;778;61.56;2.63
78410;180205;4;Zespół Szkół Orzechówka 36-220 Orzechówka 5;1144;329;329;9;320;28.76;2.74;1194;706;706;14;692;59.13;1.98
78411;180205;5;Szkoła Podstawowa 36-220 Wola Jasienicka 108;530;123;123;3;120;23.21;2.44;525;321;321;16;305;61.14;4.98
78412;180206;1;Zespół Szkół 36-245 Nozdrzec 227A;1081;383;383;21;362;35.43;5.48;1084;538;538;24;514;49.63;4.46
78413;180206;2;Zespół Szkół 36-245 Hłudno 89;730;241;241;8;233;33.01;3.32;741;346;346;11;335;46.69;3.18
78414;180206;3;Zespół Szkół 36-245 Wara 247;901;254;254;12;242;28.19;4.72;892;450;450;15;435;50.45;3.33
78415;180206;4;Szkoła Podstawowa 36-244 Siedliska 36A;361;81;81;5;76;22.44;6.17;358;141;141;5;136;39.39;3.55
78416;180206;5;Dom Strażaka 36-244 Huta Poręby 30B;149;32;32;4;28;21.48;12.50;146;65;65;5;60;44.52;7.69
78417;180206;6;Gimnazjum Nr 1 36-203 Izdebki 362;1015;155;155;8;147;15.27;5.16;996;355;355;18;337;35.64;5.07
78418;180206;7;Gimnazjum Nr 1 36-203 Izdebki 362;895;186;186;9;177;20.78;4.84;887;330;330;10;320;37.20;3.03
78419;180206;8;Dom Strażaka 36-203 Izdebki, Rudawiec 714A;283;63;63;2;61;22.26;3.17;286;146;146;10;136;51.05;6.85
78420;180206;9;Zespół Szkół 36-233 Wesoła 401;1073;197;197;20;177;18.36;10.15;1041;429;429;28;401;41.21;6.53
78421;180206;10;Dom Strażaka 36-233 Wesoła, Magierów 555;57;12;12;0;12;21.05;0.00;63;29;29;1;28;46.03;3.45
78422;180206;11;Szkoła Podstawowa Nr 2 36-233 Wesoła, Ujazdy 607;295;89;89;7;82;30.17;7.87;277;148;148;6;142;53.43;4.05
78423;180301;1;Miejski Ośrodek Sportu i Rekreacji 39-200 Dębica ul. Sportowa 26;1780;444;444;5;439;24.94;1.13;1719;959;959;23;936;55.79;2.40
78424;180301;2;Zespół Szkół Nr 1 39-200 Dębica ul. Paderewskiego 4;1839;426;426;9;417;23.16;2.11;1766;910;910;13;897;51.53;1.43
78425;180301;3;Przedszkole Miejskie Nr 8 39-200 Dębica ul. Szkolna 4;1563;393;393;10;383;25.14;2.54;1495;789;789;14;775;52.78;1.77
78426;180301;4;Miejskie Przedsiębiorstwo Energetyki Cieplnej sp. z o. o. 39-200 Dębica ul. Rzeczna 1A;2043;478;478;9;469;23.40;1.88;2041;1129;1129;26;1103;55.32;2.30
78427;180301;5;Przedszkole Miejskie Nr 12 39-200 Dębica ul. Cmentarna 56;1512;375;375;12;363;24.80;3.20;1474;787;787;10;777;53.39;1.27
78428;180301;6;Przedszkole Miejskie Nr 9 39-200 Dębica ul. Sienkiewicza 6B;1599;425;425;10;415;26.58;2.35;1538;844;844;16;828;54.88;1.90
78429;180301;7;Miejskie Gimnazjum Nr 4 39-200 Dębica ul. Wyrobka 9;1781;518;518;3;515;29.08;0.58;1710;945;945;9;936;55.26;0.95
78430;180301;8;Szkoła Podstawowa Nr 9 39-200 Dębica ul. Grottgera 3;1808;403;403;7;396;22.29;1.74;1737;906;906;13;893;52.16;1.43
78431;180301;9;Miejskie Gimnazjum Nr 1 39-200 Dębica ul. Cmentarna 1;1433;405;405;13;392;28.26;3.21;1425;810;810;24;786;56.84;2.96
78432;180301;10;Zespół Szkół Ogólnokształcących 39-200 Dębica ul. Słowackiego 9;1971;434;434;6;428;22.02;1.38;1915;923;923;8;915;48.20;0.87
78433;180301;11;Przedszkole Miejskie Nr 2 Integracyjne 39-200 Dębica ul. Księdza Konarskiego 14;1917;533;533;16;517;27.80;3.00;1853;1013;1013;17;996;54.67;1.68
78434;180301;12;Szkoła Podstawowa Nr 3 39-200 Dębica ul. Kraszewskiego 37;1251;338;338;9;329;27.02;2.66;1211;646;646;6;640;53.34;0.93
78435;180301;13;Przedszkole Miejskie Nr 10 39-200 Dębica ul. Księdza Kołłątaja 8;1701;401;401;7;394;23.57;1.75;1627;885;885;14;871;54.39;1.58
78436;180301;14;Szkoła Podstawowa Nr 10 39-200 Dębica ul. Huberta Wagnera 4;2188;545;545;9;536;24.91;1.65;2182;1217;1217;28;1189;55.77;2.30
78437;180301;15;Szkoła Podstawowa Nr 12 39-200 Dębica ul. Gajowa 9;2065;605;605;17;588;29.30;2.81;2028;1260;1260;20;1240;62.13;1.59
78438;180301;16;Przedszkole Miejskie nr 6 39-200 Dębica ul. Osiedle Matejki 19;1661;341;341;7;334;20.53;2.05;1686;755;755;24;731;44.78;3.18
78439;180301;17;Miejskie Gimnazjum Nr 2 39-200 Dębica ul. Łysogórska 25;2029;523;523;10;513;25.78;1.91;1981;1107;1107;19;1088;55.88;1.72
78440;180301;18;Szkoła Podstawowa Nr 2 39-200 Dębica ul. Ogrodowa 22;2177;539;539;15;524;24.76;2.78;2128;1227;1227;12;1215;57.66;0.98
78441;180301;19;Szkoła Podstawowa Nr 11 39-200 Dębica ul. Szkotnia 14;2089;476;476;8;468;22.79;1.68;1994;1081;1081;14;1067;54.21;1.30
78442;180301;20;Zespół Szkół Zawodowych Nr 1 39-200 Dębica ul. Rzeszowska 78;1278;390;390;14;376;30.52;3.59;1279;832;832;9;823;65.05;1.08
78443;180301;21;Szkoła Podstawowa Nr 8 39-200 Dębica ul. Wielopolska 162;2089;488;488;12;476;23.36;2.46;2105;1161;1161;25;1136;55.15;2.15
91069;180301;22;Dom Pomocy Społecznej 39-200 Dębica ul. 23 Sierpnia 3;64;29;29;2;27;45.31;6.90;62;22;22;1;21;35.48;4.55
91070;180301;23;Zespół Opieki Zdrowotnej 39-200 Dębica ul. Krakowska 91;98;18;18;2;16;18.37;11.11;92;30;30;1;29;32.61;3.33
91071;180301;24;Zakład Karny 39-200 Dębica ul. Sandomierska 41;549;114;114;7;107;20.77;6.14;491;159;159;20;139;32.38;12.58
78444;180302;1;Szkoła Podstawowa w Brzostku 39-230 Brzostek ul. Szkolna 13;1414;322;322;10;312;22.77;3.11;1432;719;719;25;694;50.21;3.48
78445;180302;2;Szkoła Podstawowa w Brzostku 39-230 Brzostek ul. Szkolna 13;1072;285;285;17;268;26.59;5.96;1057;527;527;11;516;49.86;2.09
78446;180302;3;Dom Ludowy w Kleciach 39-230 Klecie 126;518;106;106;6;100;20.46;5.66;523;247;247;16;231;47.23;6.48
78447;180302;4;Dom Ludowy w Bukowej 39-230 Bukowa 114;401;84;84;5;79;20.95;5.95;392;159;159;8;151;40.56;5.03
78448;180302;5;Dom Strażaka w Januszkowicach 39-230 Januszkowice 144;1022;278;278;24;254;27.20;8.63;1013;475;475;19;456;46.89;4.00
78449;180302;6;Zespół Szkół w Nawsiu Brzosteckim 39-230 Nawsie Brzosteckie 206;1058;242;242;12;230;22.87;4.96;1062;480;480;25;455;45.20;5.21
78450;180302;7;Szkoła Podstawowa w Kamienicy Górnej 39-232 Kamienica Górna 172;815;153;153;8;145;18.77;5.23;819;396;396;15;381;48.35;3.79
78451;180302;8;Szkoła Podstawowa w Grudnej Górnej 39-232 Grudna Górna 85;740;111;111;3;108;15.00;2.70;720;327;327;22;305;45.42;6.73
78452;180302;9;Dom Strażaka w Siedliskach-Bogusz 39-231 Siedliska-Bogusz 255A;1514;214;214;7;207;14.13;3.27;1504;662;662;35;627;44.02;5.29
78453;180302;10;Szkoła Podstawowa w Gorzejowej 39-231 Gorzejowa 174A;543;76;76;6;70;14.00;7.89;540;220;220;9;211;40.74;4.09
78454;180302;11;Szkoła Podstawowa w Kamienicy Dolnej 39-230 Kamienica Dolna 118;413;103;103;5;98;24.94;4.85;415;214;214;12;202;51.57;5.61
78455;180302;12;Szkoła Podstawowa w Przeczycy 39-230 Przeczyca 84;883;181;181;14;167;20.50;7.73;872;436;436;18;418;50.00;4.13
78456;180303;1;Zespół Szkół Czarna 39-215 Czarna ul. Konarskiego 23;896;134;134;6;128;14.96;4.48;887;408;408;12;396;46.00;2.94
78457;180303;2;Zespół Szkół Czarna 39-215 Czarna ul. Konarskiego 23;873;228;228;10;218;26.12;4.39;864;492;492;13;479;56.94;2.64
78458;180303;3;Zespół Szkół Czarna 39-215 Czarna ul. Konarskiego 23;809;174;174;5;169;21.51;2.87;806;417;417;18;399;51.74;4.32
78459;180303;4;Wiejskie Centrum Kultury Jaźwiny 39-215 Jaźwiny 106B;494;116;116;0;116;23.48;0.00;511;296;296;3;293;57.93;1.01
78460;180303;5;Zespół Szkół Stara Jastrząbka 39-216 Stara Jastrząbka 195;946;215;215;1;214;22.73;0.47;955;525;525;12;513;54.97;2.29
78461;180303;6;Dom Kultury Podlesie 39-216 Podlesie 46;309;57;57;4;53;18.45;7.02;305;165;165;6;159;54.10;3.64
78462;180303;7;Remiza OSP Przeryty Bór 39-216 Przeryty Bór 13A;113;33;33;1;32;29.20;3.03;111;44;44;1;43;39.64;2.27
78463;180303;8;Szkoła Podstawowa Róża 39-216 Róża 69;1030;198;198;10;188;19.22;5.05;1037;497;497;13;484;47.93;2.62
78464;180303;9;Wiejskie Centrum Kultury Borowa 39-215 Borowa, Środek 112A;631;145;145;3;142;22.98;2.07;614;324;324;11;313;52.77;3.40
78465;180303;10;Wiejskie Centrum Kultury Głowaczowa 39-217 Głowaczowa 53C;617;120;120;8;112;19.45;6.67;622;281;281;12;269;45.18;4.27
78466;180303;11;Wiejskie Centrum Kultury Grabiny 39-217 Grabiny 61D;1598;301;301;6;295;18.84;1.99;1628;832;832;25;807;51.11;3.00
78467;180303;12;Szkoła Podstawowa Przyborów 39-217 Przyborów 136;549;90;90;4;86;16.39;4.44;558;251;251;7;244;44.98;2.79
78468;180303;13;Centrum Kulturalno-Informatyczne Chotowa 39-217 Chotowa 59;586;146;146;0;146;24.91;0.00;593;327;327;5;322;55.14;1.53
78469;180303;14;Wiejskie Centrum Kultury Żdżary 39-215 Żdżary, Nowa Wieś 72A;741;117;117;11;106;15.79;9.40;743;307;307;12;295;41.32;3.91
78470;180304;1;Zespół Szkół w Pustyni 39-200 Pustynia 160;1208;284;284;8;276;23.51;2.82;1201;657;657;10;647;54.70;1.52
78471;180304;2;Zespół Szkół w Zawadzie 39-200 Zawada 154;1133;260;260;12;248;22.95;4.62;1131;577;577;12;565;51.02;2.08
78472;180304;3;Zespół Szkół w Stasiówce 39-200 Stasiówka 130;983;189;189;10;179;19.23;5.29;1008;512;512;19;493;50.79;3.71
78473;180304;4;Zespół Szkół w Stobiernej 39-200 Stobierna 38;754;194;194;9;185;25.73;4.64;744;380;380;13;367;51.08;3.42
78474;180304;5;Zespół Szkół w Gumniskach 39-208 Gumniska 120;965;195;195;4;191;20.21;2.05;971;476;476;20;456;49.02;4.20
78475;180304;6;Zespół Szkół w Latoszynie 39-200 Latoszyn 23;1109;238;238;10;228;21.46;4.20;1119;566;566;17;549;50.58;3.00
78476;180304;7;Zespół Szkół w Gumniskach 39-208 Gumniska 120;633;171;171;1;170;27.01;0.58;641;354;354;10;344;55.23;2.82
78477;180304;8;Zespół Szkół w Głobikowej 39-208 Głobikowa 81;431;73;73;3;70;16.94;4.11;444;211;211;24;187;47.52;11.37
78478;180304;9;Remiza OSP w Kozłowie 39-200 Kozłów 73B;786;176;176;2;174;22.39;1.14;804;455;455;5;450;56.59;1.10
78479;180304;10;Zespół Szkół w Podgrodziu 39-200 Podgrodzie 56A;1241;236;236;3;233;19.02;1.27;1262;670;670;13;657;53.09;1.94
78480;180304;11;Zespół Szkół w Paszczynie 39-207 Paszczyna 241;1112;215;215;3;212;19.33;1.40;1094;496;496;20;476;45.34;4.03
78481;180304;12;Zespół Szkół w Pustkowie - Osiedlu 39-206 Pustków-Osiedle 34 lokal: 1;954;178;178;4;174;18.66;2.25;940;401;401;10;391;42.66;2.49
78482;180304;13;Zespół Szkół w Pustkowie - Osiedlu 39-206 Pustków-Osiedle 34 lokal: 2;1001;244;244;9;235;24.38;3.69;978;471;471;13;458;48.16;2.76
78483;180304;14;Remiza OSP w Kochanówce 39-206 Kochanówka 30;269;42;42;4;38;15.61;9.52;276;124;124;3;121;44.93;2.42
78484;180304;15;Remiza OSP Pustkowie-Krownicach 39-205 Pustków, Krownice 449;482;71;71;4;67;14.73;5.63;473;212;212;10;202;44.82;4.72
78485;180304;16;Zespół Szkół w Pustkowie 39-205 Pustków 94 lokal: 1;659;125;125;7;118;18.97;5.60;664;301;301;12;289;45.33;3.99
78486;180304;17;Zespół Szkół w Pustkowie 39-205 Pustków 94 lokal: 2;1230;260;260;12;248;21.14;4.62;1228;606;606;24;582;49.35;3.96
78487;180304;18;Zespół Szkół w Nagawczynie 39-200 Nagawczyna 109E lokal: 1;957;315;315;7;308;32.92;2.22;979;628;628;10;618;64.15;1.59
78488;180304;19;Zespół Szkół w Nagawczynie 39-200 Nagawczyna 109E lokal: 2;967;293;293;5;288;30.30;1.71;979;582;582;17;565;59.45;2.92
78489;180304;20;Centrum Kultury i Bibliotek Gminy Dębica z/s w Pustkowie-Osiedlu 39-206 Pustków-Osiedle 26A;781;230;230;8;222;29.45;3.48;792;463;463;7;456;58.46;1.51
78490;180304;21;Zespół Szkół w Brzeźnicy 39-207 Brzeźnica Szkolna 1 lokal: 1;902;157;157;5;152;17.41;3.18;902;459;459;14;445;50.89;3.05
78491;180304;22;Zespół Szkół w Brzeźnicy 39-207 Brzeźnica Szkolna 1 lokal: 2;1057;214;214;6;208;20.25;2.80;1067;542;542;14;528;50.80;2.58
78492;180305;1;Sala Gimnastyczna w Jodłowej 39-225 Jodłowa 4;1100;201;201;8;193;18.27;3.98;1081;442;442;23;419;40.89;5.20
78493;180305;2;Zespół Szkół Nr 1 w Jodłowej 39-225 Jodłowa 5;924;123;123;5;118;13.31;4.07;941;401;401;23;378;42.61;5.74
78494;180305;3;Szkoła Podstawowa Nr 2 im.Marii Konopnickiej w Jodłowej 39-225 Jodłowa 347;771;125;125;2;123;16.21;1.60;767;353;354;11;342;46.02;3.12
78495;180305;4;Szkoła Podstawowa Nr 3 w Jodłowej 39-225 Jodłowa 798;346;69;69;3;66;19.94;4.35;348;111;111;11;100;31.90;9.91
78496;180305;5;Szkoła Podstawowa w Dęborzynie 39-225 Dęborzyn 25;780;145;145;7;138;18.59;4.83;793;394;394;15;379;49.68;3.81
78497;180305;6;Szkoła Podstawowa im.Partyzantów Armii Krajowej 39-225 Dębowa 81;426;83;83;5;78;19.48;6.02;433;177;177;12;165;40.88;6.78
78498;180306;1;Szkoła Podstawowa w Pilźnie 39-220 Pilzno ul. Mickiewicza 1;2062;567;567;21;546;27.50;3.70;2030;1146;1146;26;1120;56.45;2.27
78499;180306;2;Szkoła Podstawowa w Pilźnie 39-220 Pilzno ul. Mickiewicza 1;1800;507;507;11;496;28.17;2.17;1771;982;982;22;960;55.45;2.24
78500;180306;3;Budynek szkolny 39-223 Bielowy 44;411;104;104;1;103;25.30;0.96;395;234;234;7;227;59.24;2.99
78501;180306;4;Zespół Szkół w Strzegocicach 39-223 Strzegocice 54;767;141;141;5;136;18.38;3.55;768;408;408;13;395;53.12;3.19
78502;180306;5;Zespół Szkół w Dobrkowie 39-220 Dobrków 68a;975;239;239;6;233;24.51;2.51;977;581;582;18;563;59.47;3.10
78503;180306;6;Zespół Szkół w Dobrkowie 39-220 Dobrków 68a;244;37;37;0;37;15.16;0.00;232;98;98;6;92;42.24;6.12
78504;180306;7;Budynek szkolny 39-220 Gębiczyna 78;348;65;65;4;61;18.68;6.15;350;144;144;11;133;41.14;7.64
78505;180306;8;Zespół Szkół w Jaworzu Górnym 39-223 Jaworze Górne 55;545;81;81;1;80;14.86;1.23;558;261;261;13;248;46.77;4.98
78506;180306;9;Zespół Szkół w Lipinach 39-220 Lipiny 1;1112;268;268;13;255;24.10;4.85;1117;598;598;33;565;53.54;5.52
78507;180306;10;Zespół Szkół w Łękach Dolnych 39-221 Łęki Dolne 112a;1276;244;244;6;238;19.12;2.46;1297;646;646;17;629;49.81;2.63
78508;180306;11;Zespół Szkół w Łękach Górnych 39-221 Łęki Górne 205;1159;187;187;3;184;16.13;1.60;1181;612;612;39;573;51.82;6.37
78509;180306;12;Zespół Szkół w Machowej 39-220 Machowa 75;630;128;128;2;126;20.32;1.56;628;326;326;7;319;51.91;2.15
78510;180306;13;Remiza Ochotniczej Straży Pożarnej 39-221 Podlesie 53;255;50;50;5;45;19.61;10.00;257;128;128;7;121;49.81;5.47
78511;180306;14;Zespół Szkół w Parkoszu 39-220 Parkosz 60;756;207;207;3;204;27.38;1.45;787;498;498;14;484;63.28;2.81
78512;180306;15;Zespół Szkół w Słotowej 39-223 Słotowa 159;827;254;254;8;246;30.71;3.15;842;486;486;22;464;57.72;4.53
78513;180306;16;Zespół Szkół w Zwierniku 39-223 Zwiernik 256;897;148;148;8;140;16.50;5.41;915;473;473;22;451;51.69;4.65
91072;180306;17;Dom Pomocy Społecznej 39-220 Parkosz 26;82;27;27;1;26;32.93;3.70;82;34;34;4;30;41.46;11.76
78514;180307;1;Zespół Szkół Publicznych w Żyrakowie 39-204 Żyraków 77;1265;288;288;5;283;22.77;1.74;1285;769;769;28;741;59.84;3.64
78515;180307;2;Centrum Kultury i Promocji w Woli Żyrakowskiej 39-204 Wola Żyrakowska 73A;578;140;140;2;138;24.22;1.43;595;359;359;7;352;60.34;1.95
78516;180307;3;Zespół Szkół Publicznych w Bobrowej 39-203 Bobrowa 131;1179;201;201;9;192;17.05;4.48;1179;556;556;29;527;47.16;5.22
78517;180307;4;Zespół Szkół Publicznych w Korzeniowie 39-203 Korzeniów 77A;569;100;100;5;95;17.57;5.00;588;270;270;10;260;45.92;3.70
78518;180307;5;Świetlica Wiejska w Bobrowej Woli 39-203 Bobrowa Wola 21;306;56;56;2;54;18.30;3.57;307;144;144;5;139;46.91;3.47
78519;180307;6;Zespół Szkół Publicznych w Nagoszynie 39-203 Nagoszyn 93;1265;168;168;7;161;13.28;4.17;1271;576;576;5;571;45.32;0.87
78520;180307;7;Publiczna Szkoła Podstawowa w Mokrem 39-209 Mokre 136;497;80;80;6;74;16.10;7.50;500;227;227;13;214;45.40;5.73
78521;180307;8;Zespół Szkół Publicznych w Zasowie 39-209 Zasów 207;679;112;112;2;110;16.49;1.79;689;278;278;7;271;40.35;2.52
78522;180307;9;Zespół Szkół Publicznych w Wiewiórce 39-209 Wiewiórka 122;759;223;223;0;223;29.38;0.00;746;446;446;11;435;59.79;2.47
78523;180307;10;Zespół Szkół Publicznych w Górze Motycznej 39-204 Góra Motyczna 31;827;239;239;1;238;28.90;0.42;844;454;454;14;440;53.79;3.08
78524;180307;11;Zespół Szkół Publicznych w Straszęcinie 39-218 Straszęcin 115;1638;305;305;10;295;18.62;3.28;1624;834;834;25;809;51.35;3.00
78525;180307;12;Publiczna Szkoła Podstawowa w Woli Wielkiej 39-218 Wola Wielka 31A;491;96;96;6;90;19.55;6.25;482;262;262;9;253;54.36;3.44
78526;180307;13;Świetlica Betoniarni w Zawierzbiu 39-204 Zawierzbie 67;742;219;219;9;210;29.51;4.11;761;456;456;10;446;59.92;2.19
91073;180307;14;Oddziały Psychiatryczne w Straszęcinie 39-218 Straszęcin 295;158;24;24;3;21;15.19;12.50;116;41;41;1;40;35.34;2.44
78527;180401;1;Szkoła Podstawowa Nr 6 37-500 Jarosław ul. Spytka z Jarosławia 2;1498;305;305;18;287;20.36;5.90;1465;579;579;21;558;39.52;3.63
78528;180401;2;Zespół Szkół Ogólnokształcących 37-500 Jarosław ul. Ignacego Kraszewskiego 39;1487;405;405;17;388;27.24;4.20;1439;729;729;25;704;50.66;3.43
78529;180401;3;Przedsiębiorstwo Wodociągów i Kanalizacji Sp. z o.o. 37-500 Jarosław ul. Hetmana Jana Tarnowskiego 28;1413;317;317;4;313;22.43;1.26;1420;654;654;12;642;46.06;1.83
78530;180401;4;Miejski Zakład Komunikacji Sp. z o.o. 37-500 Jarosław ul. Zamkowa 1;1348;281;281;11;270;20.85;3.91;1368;643;643;17;626;47.00;2.64
78531;180401;5;Zespół Szkół Budowlanych i Ogólnokształcących 37-500 Jarosław ul. Józefa Poniatowskiego 23;1654;380;380;14;366;22.97;3.68;1545;743;743;15;728;48.09;2.02
78532;180401;6;Publiczne Gimnazjum Nr 1 37-500 Jarosław ul. 3-go Maja 30;1603;336;336;4;332;20.96;1.19;1541;741;741;15;726;48.09;2.02
78533;180401;7;Szkoła Podstawowa Nr 10 37-500 Jarosław os. Słoneczne 7;1570;446;446;13;433;28.41;2.91;1527;793;793;20;773;51.93;2.52
78534;180401;8;Zespół Placówek Oświatowo - Wychowawczych 37-500 Jarosław ul. Władysława Reymonta 1;1654;442;442;19;423;26.72;4.30;1632;824;824;16;808;50.49;1.94
78535;180401;9;Miejskie Przedszkole Nr 8 37-500 Jarosław os. Słoneczne 6;1289;384;384;8;376;29.79;2.08;1245;657;657;16;641;52.77;2.44
78536;180401;10;Miejskie Przedszkole Nr 10 37-500 Jarosław os. Kombatantów 22;1376;368;368;15;353;26.74;4.08;1310;700;700;11;689;53.44;1.57
78537;180401;11;Miejskie Przedszkole Nr 10 37-500 Jarosław os. Kombatantów 22;1071;243;243;9;234;22.69;3.70;1058;502;502;12;490;47.45;2.39
78538;180401;12;Zespól Szkół im. Jana Pawła II 37-500 Jarosław ul. Romualda Traugutta 15;1451;430;430;10;420;29.63;2.33;1452;837;837;15;822;57.64;1.79
78539;180401;13;Zespół Szkół im. Jana Pawła II 37-500 Jarosław ul. Romualda Traugutta 15;1496;470;470;10;460;31.42;2.13;1485;882;882;16;866;59.39;1.81
78540;180401;14;Szkoła Podstawowa Nr 11 37-500 Jarosław ul. Ignacego Kraszewskiego 1;1613;395;395;9;386;24.49;2.28;1535;774;774;13;761;50.42;1.68
78541;180401;15;Publiczne Gimnazjum Nr 2 37-500 Jarosław ul. Jana Pawła II 26;1654;368;368;9;359;22.25;2.45;1592;833;833;13;820;52.32;1.56
78542;180401;16;Ośrodek Rehabilitacyjno-Edukacyjno-Wychowawczy 37-500 Jarosław os. im. Wincentego Witosa 18;1667;403;403;4;399;24.18;0.99;1597;811;811;20;791;50.78;2.47
78543;180401;17;Szkoła Podstawowa Nr 4 37-500 Jarosław ul. Żeromskiego 4;1674;442;442;7;435;26.40;1.58;1632;833;833;13;820;51.04;1.56
78544;180401;18;Zespół Szkół Ogólnokształcących 37-500 Jarosław ul. Ignacego Kraszewskiego 39;1551;339;339;8;331;21.86;2.36;1509;754;754;14;740;49.97;1.86
78545;180401;19;Specjalny Ośrodek Szkolno-Wychowawczy 37-500 Jarosław ul. Jana Pawła II 30;1621;401;401;9;392;24.74;2.24;1600;835;835;20;815;52.19;2.40
78546;180401;20;Miejskie Przedszkole Nr 12 37-500 Jarosław Aleja im. pułkownika Wojciecha Szczepańskiego 2;1359;350;350;12;338;25.75;3.43;1431;739;739;16;723;51.64;2.17
78547;180401;21;Szkoła Podstawowa Nr 7 37-500 Jarosław ul. Dolnoleżajska 16;1442;384;384;12;372;26.63;3.12;1462;732;732;8;724;50.07;1.09
91074;180401;22;Centrum Opieki Medycznej 37-500 Jarosław 3-go Maja 70;189;37;37;4;33;19.58;10.81;152;40;40;1;39;26.32;2.50
91075;180401;23;Specjalistyczny Psychiatryczny ZOZ 37-500 Jarosław ul. Kościuszki 18;338;32;32;2;30;9.47;6.25;431;108;108;9;99;25.06;8.33
78548;180402;1;Szkoła Podstawowa im.Bohaterów Września 1939r. 37-550 Radymno ul.Sienkiewicza 1;1520;316;316;9;307;20.79;2.85;1490;720;720;24;696;48.32;3.33
78549;180402;2;Zespół Szkół Ogólnokształcących,Zawodowych i Rolniczych 37-550 Radymno ul.Złota Góra 13;872;180;180;3;177;20.64;1.67;872;426;426;12;414;48.85;2.82
78550;180402;3;Przedszkole Samorządowe 37-550 Radymno ul.Kazimierza Wielkiego 4;2161;567;567;19;548;26.24;3.35;2102;1065;1065;32;1033;50.67;3.00
78551;180403;1;Świetlica Wiejska 37-561 Chłopice 149C;790;214;214;8;206;27.09;3.74;784;410;410;21;389;52.30;5.12
78552;180403;2;Świetlica Wiejska 37-554 Łowce - Bojanówka 102;1232;229;229;9;220;18.59;3.93;1232;523;523;29;494;42.45;5.54
78553;180403;3;Świetlica Wiejska 37-554 Dobkowice 185A;716;142;142;9;133;19.83;6.34;701;371;371;25;346;52.92;6.74
78554;180403;4;Świetlica Wiejska 37-561 Boratyn 172;747;106;106;5;101;14.19;4.72;739;342;342;30;312;46.28;8.77
78555;180403;5;Szkoła Podstawowa w Jankowicach 37-561 Jankowice 37;632;157;157;5;152;24.84;3.18;642;356;356;10;346;55.45;2.81
78556;180403;6;Świetlica Wiejska 37-554 Zamiechów 111;468;59;59;1;58;12.61;1.69;465;160;160;6;154;34.41;3.75
78557;180404;1;Świetlica w Koniaczowie 37-500 Koniaczów 47;476;156;156;8;148;32.77;5.13;491;271;271;3;268;55.19;1.11
78558;180404;2;Świetlica w Kostkowie 37-511 Kostków;501;110;110;6;104;21.96;5.45;503;205;205;10;195;40.76;4.88
78559;180404;3;Szkoła Podstawowa w Makowisku 37-500 Makowisko 17;973;163;163;9;154;16.75;5.52;975;389;389;10;379;39.90;2.57
78560;180404;4;Świetlico-remiza w Morawsku 37-514 Morawsko 203 a;868;137;137;5;132;15.78;3.65;860;411;411;18;393;47.79;4.38
78561;180404;5;Świetlica przy Szkole Podstawowej w Muninie 37-514 Munina Szkolna 3;1676;467;467;19;448;27.86;4.07;1673;866;866;20;846;51.76;2.31
78562;180404;6;Dom Kultury w Pełkiniach 37-511 Pełkinie 143;1489;326;326;8;318;21.89;2.45;1494;759;759;20;739;50.80;2.64
78563;180404;7;Świetlica w Sobiecinie 37-500 Sobiecin 25A;533;117;117;6;111;21.95;5.13;533;286;286;16;270;53.66;5.59
78564;180404;8;Szkoła Podstawowa w Surochowie 37-500 Surochów 67A;817;161;161;9;152;19.71;5.59;822;345;345;15;330;41.97;4.35
78565;180404;9;Szkoła Podstawowa w Tuczempach 37-514 Tuczempy Jana Pawła II 11;1345;298;298;8;290;22.16;2.68;1334;655;655;14;641;49.10;2.14
78566;180404;10;Dom Strażaka w Woli Buchowskiej 37-511 Wola Buchowska 53;593;81;81;5;76;13.66;6.17;593;230;230;12;218;38.79;5.22
78567;180404;11;Szkoła Podstawowa w Wólce Pełkińskiej 37-511 Wólka Pełkińska 137B;1117;197;197;12;185;17.64;6.09;1131;558;558;21;537;49.34;3.76
78568;180405;1;Świetlica Wiejska Bobrówka 37-543 Bobrówka 21;491;110;110;15;95;22.40;13.64;484;176;176;6;170;36.36;3.41
78569;180405;2;Świetlica RZS Charytany 37-543 Charytany 16;270;65;65;1;64;24.07;1.54;270;116;116;9;107;42.96;7.76
78570;180405;3;Szkoła Podstawowa Korzenica 37-543 Korzenica 1;500;122;122;4;118;24.40;3.28;508;196;196;14;182;38.58;7.14
78571;180405;4;Świetlica Wiejska Laszki 37-543 Laszki 39;739;278;278;9;269;37.62;3.24;725;423;423;11;412;58.34;2.60
78572;180405;5;Zespół Szkół Laszki 37-543 Laszki 280;737;207;207;5;202;28.09;2.42;737;348;348;9;339;47.22;2.59
78573;180405;6;Szkoła Podstawowa Miękisz Nowy 37-543 Miękisz Nowy 100;624;178;178;7;171;28.53;3.93;624;279;279;10;269;44.71;3.58
78574;180405;7;Szkoła Podstawowa Miękisz Stary 37-543 Miękisz Stary 19a;419;137;137;5;132;32.70;3.65;414;213;213;7;206;51.45;3.29
78575;180405;8;Świetlica Wiejska Tuchla 37-543 Tuchla 22;269;87;87;1;86;32.34;1.15;275;133;133;3;130;48.36;2.26
78576;180405;9;Świetlica Wiejska Wietlin 37-543 Wietlin 31a;632;195;195;18;177;30.85;9.23;612;274;274;14;260;44.77;5.11
78577;180405;10;Świetlica RSP Wietlin Trzeci 37-543 Wietlin Trzeci 23;355;63;63;2;61;17.75;3.17;354;133;133;7;126;37.57;5.26
78578;180405;11;Świetlica Wiejska Wysocko 37-543 Wysocko 40A;449;77;77;7;70;17.15;9.09;441;154;154;15;139;34.92;9.74
91076;180405;12;Dom Pomocy Społecznej w Wysocku 37-543 Wysocko 2B;68;51;51;3;48;75.00;5.88;70;35;35;8;27;50.00;22.86
78579;180406;1;Świetlica Wiejska w Pawłosiowie 37-500 Pawłosiów 88;1516;440;440;12;428;29.02;2.73;1543;852;852;29;823;55.22;3.40
78580;180406;2;Zespół Szkół w Pawłosiowie 37-500 Pawłosiów 87;1142;276;276;2;274;24.17;0.72;1119;625;625;8;617;55.85;1.28
78581;180406;3;Dom Kultury w Kidałowicach 37-500 Kidałowice 67;547;79;79;8;71;14.44;10.13;543;236;236;8;228;43.46;3.39
78582;180406;4;Świetlica Wiejska w Maleniskach 37-500 Maleniska 26;471;140;140;4;136;29.72;2.86;459;272;272;5;267;59.26;1.84
78583;180406;5;Świetlica Wiejska w Szczytnej 37-500 Szczytna 12;258;77;77;4;73;29.84;5.19;259;143;143;5;138;55.21;3.50
78584;180406;6;Szkoła Podstawowa w Tywoni 37-500 Tywonia 30;492;147;147;2;145;29.88;1.36;501;269;269;9;260;53.69;3.35
78585;180406;7;Zespół Szkół w Cieszacinie Wielkim 37-500 Cieszacin Wielki 201;729;187;187;7;180;25.65;3.74;719;359;359;9;350;49.93;2.51
78586;180406;8;Remizo - Świetlica w Cieszacinie Małym 37-205 Cieszacin Mały 57;235;55;55;1;54;23.40;1.82;234;97;97;4;93;41.45;4.12
78587;180406;9;Zespół Szkół w Wierzbnej 37-500 Wierzbna 2;1047;168;168;5;163;16.05;2.98;1067;454;454;18;436;42.55;3.96
78588;180406;10;Centrum Kultury w Ożańsku 37-500 Ożańsk 30;387;109;109;8;101;28.17;7.34;388;200;200;0;200;51.55;0.00
78589;180407;1;Świetlica wiejska w Hawłowicach 37-560 Hawłowice 55;378;69;69;0;69;18.25;0.00;368;153;153;5;148;41.58;3.27
78590;180407;2;Szkoła Podstawowa w Jodłówce 37-560 Jodłówka 222;1110;366;366;16;350;32.97;4.37;1114;622;622;28;594;55.83;4.50
78591;180407;3;Szkoła Podstawowa w Kramarzówce 37-560 Kramarzówka 98;1306;365;365;9;356;27.95;2.47;1303;665;665;35;630;51.04;5.26
78592;180407;4;Centrum Kultury, Sportu i Turystyki w Pruchniku 37-560 Pruchnik ul. Księdza Bronisława Markiewicza 20;2379;553;553;29;524;23.25;5.24;1885;987;987;38;949;52.36;3.85
78593;180407;5;Szkoła Podstawowa w Pruchniku Górnym 37-560 Pruchnik Świętego Floriana 17;600;144;144;7;137;24.00;4.86;598;330;330;14;316;55.18;4.24
78594;180407;6;Zespół Szkół w Rozborzu Długim 37-560 Rozbórz Długi 101;613;127;127;7;120;20.72;5.51;629;288;288;24;264;45.79;8.33
78595;180407;7;Szkoła Podstawowa w Świebodnej 37-560 Świebodna 19;397;110;110;2;108;27.71;1.82;391;180;180;8;172;46.04;4.44
78596;180407;8;Szkoła Filialna w Rzeplinie 37-560 Rzeplin 111;313;57;57;6;51;18.21;10.53;316;120;120;4;116;37.97;3.33
78597;180407;9;Remiza Ochotniczej Straży Pożarnej w Jodłówce Parcelacji 37-560 Jodłówka 358 a;305;89;89;3;86;29.18;3.37;312;131;131;12;119;41.99;9.16
78598;180407;10;Remiza Ochotniczej Straży Pożarnej w Rozborzu Okrągłym 37-560 Rozbórz Okrągły 60;341;59;59;2;57;17.30;3.39;346;142;142;7;135;41.04;4.93
78599;180408;1;Zespół Szkół w Chotyńcu 37-552 Chotyniec 114;707;87;87;3;84;12.31;3.45;712;254;254;18;236;35.67;7.09
78600;180408;2;Zespół Szkół w Korczowej, Budynek Szkoły w Młynach 37-552 Młyny 57;370;72;72;2;70;19.46;2.78;371;149;149;9;140;40.16;6.04
78601;180408;3;Zespół Szkół w Duńkowicach 37-550 Duńkowice 20;786;218;218;16;202;27.74;7.34;786;332;332;18;314;42.24;5.42
78602;180408;4;Publiczna Biblioteka Samorządowa w Michałówce 37-550 Michałówka 14;350;57;57;2;55;16.29;3.51;346;122;122;6;116;35.26;4.92
78603;180408;5;Zespół Szkół w Korczowej 37-552 Korczowa 54;471;85;85;6;79;18.05;7.06;476;175;175;13;162;36.76;7.43
78604;180408;6;Zespół Szkół w Łazach 37-550 Łazy 53;699;157;157;10;147;22.46;6.37;720;340;340;13;327;47.22;3.82
78605;180408;7;Zespół Szkół w Nienowicach 37-550 Nienowice 122;649;52;52;1;51;8.01;1.92;650;198;198;17;181;30.46;8.59
78606;180408;8;Zespół Szkół w Ostrowie 37-550 Ostrów 139;1297;345;345;12;333;26.60;3.48;1303;750;750;37;713;57.56;4.93
78607;180408;9;Zespół Szkół w Skołoszowie 37-550 Skołoszów ul. Franciszkańska 54;1188;289;289;13;276;24.33;4.50;1197;594;594;22;572;49.62;3.70
78608;180408;10;Świetlica Wiejska w Sośnicy 37-555 Sośnica 174;1040;206;206;5;201;19.81;2.43;1035;451;451;21;430;43.57;4.66
78609;180408;11;Zespół Szkół w Świętem 37-555 Święte 30;803;258;258;9;249;32.13;3.49;821;467;467;30;437;56.88;6.42
78610;180408;12;Zespół Szkół w Skołoszowie , Budynek Szkoły w Zabłotcach 37-550 Zabłotce 74;487;132;132;4;128;27.10;3.03;482;227;227;13;214;47.10;5.73
78611;180408;13;Dom Pomocy Społecznej w Moszczanach 37-543 Moszczany 1;67;17;17;3;14;25.37;17.65;63;22;22;2;20;34.92;9.09
91077;180408;14;Dom Pomocy Społecznej w Sośnicy 37-555 Sośnica 54;55;25;25;2;23;45.45;8.00;50;19;19;1;18;38.00;5.26
78612;180409;1;Szkoła Podstawowa w Czelatycach 37-562 Czelatyce 2;557;89;89;3;86;15.98;3.37;551;228;228;8;220;41.38;3.51
78613;180409;2;Szkoła Podstawowa w Rokietnicy 37-562 Rokietnica 108;1224;193;193;7;186;15.77;3.63;1222;608;608;35;573;49.75;5.76
78614;180409;3;Szkoła Podstawowa w Tapinie 37-562 Tapin 111;380;51;51;0;51;13.42;0.00;394;156;156;7;149;39.59;4.49
78615;180409;4;Szkoła Podstawowa w Tuligłowach 37-562 Tuligłowy 19A;560;113;113;7;106;20.18;6.19;568;227;227;17;210;39.96;7.49
78616;180409;5;Szkoła Podstawowa w Rokietnicy Woli 37-562 Sołectwo Rokietnica Wola 525;812;109;109;3;106;13.42;2.75;802;346;346;7;339;43.14;2.02
78617;180410;1;Centrum Kształcenia na Odległość na Wsi (stara Szkoła Podstawowa) 37-565 Roźwienica 89;750;154;154;4;150;20.53;2.60;788;387;387;8;379;49.11;2.07
78618;180410;2;Wiejski Dom Kultury 37-565 Rudołowice 21a;923;192;192;9;183;20.80;4.69;934;467;467;19;448;50.00;4.07
78619;180410;3;Wiejski Dom Kultury 37-565 Wola Roźwienicka 49A;421;131;131;5;126;31.12;3.82;424;199;199;10;189;46.93;5.03
78620;180410;4;Wiejski Dom Kultury 37-565 Cząstkowice 106;547;76;76;1;75;13.89;1.32;554;205;205;13;192;37.00;6.34
78621;180410;5;Wiejski Dom Kultury 37-565 Bystrowice 78A;594;145;145;6;139;24.41;4.14;591;266;266;15;251;45.01;5.64
78622;180410;6;Wiejski Dom Kultury 37-565 Tyniowice 1A;637;169;169;5;164;26.53;2.96;634;319;319;16;303;50.32;5.02
78623;180410;7;Szkoła Podstawowa 37-560 Węgierka 220;645;155;155;6;149;24.03;3.87;638;303;303;14;289;47.49;4.62
78624;180410;8;Wiejski Dom Kultury 37-560 Wola Węgierska 122;436;110;110;5;105;25.23;4.55;446;223;223;13;210;50.00;5.83
78625;180411;1;Dom Kultury w Wiązownicy 37-522 Wiązownica 208;1508;499;499;22;477;33.09;4.41;1567;867;867;29;838;55.33;3.34
78626;180411;2;Świetlica Wiejska w Manasterzu 37-522 Manasterz 59;582;138;138;10;128;23.71;7.25;581;292;292;8;284;50.26;2.74
78627;180411;3;Świetlica Wiejska w Radawie 37-523 Radawa 46;351;119;119;5;114;33.90;4.20;362;216;216;11;205;59.67;5.09
78628;180411;4;Świetlica Wiejska w Cetuli 37-523 Cetula 61;421;130;130;1;129;30.88;0.77;417;235;235;5;230;56.35;2.13
78629;180411;5;Szkoła Podstawowa w Mołodyczu 37-523 Mołodycz 84;461;155;155;3;152;33.62;1.94;454;239;239;10;229;52.64;4.18
78630;180411;6;Dom Kultury w Zapałowie 37-544 Zapałów 134;1230;223;223;7;216;18.13;3.14;1243;467;467;28;439;37.57;6.00
78631;180411;7;Świetlica Wiejska w Ryszkowej Woli 37-544 Ryszkowa Wola 59;615;151;151;2;149;24.55;1.32;616;273;273;6;267;44.32;2.20
78632;180411;8;Dom Kultury w Piwodzie 37-522 Piwoda 82;925;311;311;17;294;33.62;5.47;927;512;512;32;480;55.23;6.25
78633;180411;9;Dom Kultury w Szówsku 37-522 Szówsko Sportowa 5;2002;498;498;16;482;24.88;3.21;2014;1089;1089;28;1061;54.07;2.57
78634;180411;10;Świetlica Środowiskowa przy Kościele pw.św.Brata Alberta w Szówsku 37-500 Szówsko Zamojska 6;664;164;164;12;152;24.70;7.32;659;347;347;13;334;52.66;3.75
78635;180411;11;Dom Kultury w Nielepkowicach 37-522 Nielepkowice 71;316;109;109;4;105;34.49;3.67;325;178;178;12;166;54.77;6.74
78636;180501;1;Urząd Miasta w Jaśle, Sala Posiedzeń RMJ, I piętro 38-200 Jasło ul. Rynek 12;1386;421;421;13;408;30.38;3.09;1372;716;716;9;707;52.19;1.26
78637;180501;2;Szkoła Podstawowa Nr 2 w Jaśle 38-200 Jasło ul. Koralewskiego 9;1259;354;354;14;340;28.12;3.95;1202;593;593;17;576;49.33;2.87
78638;180501;3;Jasielski Dom Kultury 38-200 Jasło ul. Kołłątaja 1;1418;425;425;6;419;29.97;1.41;1379;687;687;7;680;49.82;1.02
78639;180501;4;Zespół Szkół Miejskich Nr 3 w Jaśle 38-200 Jasło ul. Szkolna 38;1655;486;486;11;475;29.37;2.26;1605;856;856;14;842;53.33;1.64
78640;180501;5;Zespół Szkół Miejskich Nr 3 w Jaśle 38-200 Jasło ul. Szkolna 38;1666;442;442;16;426;26.53;3.62;1608;817;817;16;801;50.81;1.96
78641;180501;6;Zespół Szkół Miejskich Nr 3 w Jaśle 38-200 Jasło ul. Szkolna 38;1683;484;484;8;476;28.76;1.65;1630;874;874;16;858;53.62;1.83
78642;180501;7;I Liceum Ogółnokształcące w Jaśle 38-200 Jasło ul. Czackiego 4;1532;362;362;12;350;23.63;3.31;1477;705;705;15;690;47.73;2.13
78643;180501;8;Dom Ludowy Bryły 38-200 Jasło, Bryły ul. Mickiewicza 115;638;209;209;12;197;32.76;5.74;637;383;383;11;372;60.13;2.87
78644;180501;9;Dom Ludowy Kaczorowy 38-200 Jasło, Kaczorowy ul. Kaczorowy 55;543;131;131;5;126;24.13;3.82;530;280;280;10;270;52.83;3.57
78645;180501;10;Klub Osiedlowy Gamrat 38-200 Jasło, Gamrat ul. Mickiewicza 108;1196;255;255;5;250;21.32;1.96;1168;527;527;26;501;45.12;4.93
78646;180501;11;Dom Ludowy Krajowice 38-200 Jasło, Krajowice ul. Okrężna 1;567;126;126;1;125;22.22;0.79;568;264;264;5;259;46.48;1.89
78647;180501;12;Szkoła Podstawowa Nr 2 w Jaśle 38-200 Jasło ul. Koralewskiego 9;519;135;135;4;131;26.01;2.96;512;252;252;3;249;49.22;1.19
78648;180501;13;Klub Osiedlowy Ulaszowice 38-200 Jasło, Ulaszowice ul. Na Kotlinę 11;2076;610;611;13;597;29.38;2.13;2061;1130;1130;25;1105;54.83;2.21
78649;180501;14;Szkoła Podstawowa Nr 10 w Jaśle 38-200 Jasło, Brzyszczki ul. Lwowska 36;809;184;184;6;178;22.74;3.26;803;456;456;8;448;56.79;1.75
78650;180501;15;Dom Ludowy Hankówka 38-200 Jasło, Hankówka ul. Hankówka 109;842;235;235;8;227;27.91;3.40;841;421;421;10;411;50.06;2.38
78651;180501;16;Szkoła Podstawowa Nr 7 w Jaśle 38-200 Jasło, Nowy Żółków ul. Św. Jana z Dukli 94;832;223;223;2;221;26.80;0.90;802;433;433;2;431;53.99;0.46
78652;180501;17;Zespół Szkół Miejskich Nr 5 w Jaśle 38-200 Jasło, Sobniów ul. Sobniowska 58;1522;439;439;14;425;28.84;3.19;1527;879;879;18;861;57.56;2.05
78653;180501;18;Zespół Szkół Technicznych w Jaśle 38-200 Jasło, Górka ul. Staszica 30;1456;437;437;11;426;30.01;2.52;1420;868;868;19;849;61.13;2.19
78654;180501;19;Szkoła Podstawowa Nr 4 w Jaśle 38-200 Jasło ul. Wincentego Pola 9;1363;426;426;15;411;31.25;3.52;1324;723;723;2;721;54.61;0.28
78655;180501;20;Zespół Szkół Technicznych w Jaśle 38-200 Jasło ul. Staszica 30;661;153;153;5;148;23.15;3.27;634;290;290;4;286;45.74;1.38
78656;180501;21;MOSiR w Jaśle 38-200 Jasło ul. Sikorskiego 15;696;200;200;9;191;28.74;4.50;671;370;370;8;362;55.14;2.16
78657;180501;22;Szkoła Podstawowa Nr 4 w Jaśle 38-200 Jasło ul. Kopernika 8a;1332;358;358;15;343;26.88;4.19;1301;639;639;16;623;49.12;2.50
78658;180501;23;Szkoła Podstawowa Nr 4 w Jaśle 38-200 Jasło ul. Kopernika 8a;928;258;258;17;241;27.80;6.59;887;450;450;11;439;50.73;2.44
78659;180501;24;Zespół Szkół Technicznych w Jaśle 38-200 Jasło ul. Staszica 30;1006;199;199;10;189;19.78;5.03;961;434;434;10;424;45.16;2.30
78660;180501;25;Zespół Szkół Miejskich Nr 1 w Jaśle 38-200 Jasło, Gądki ul. Rafineryjna 3a;865;157;157;1;156;18.15;0.64;861;415;415;17;398;48.20;4.10
78661;180501;26;Zespół Szkół Miejskich Nr 1 w Jaśle 38-200 Jasło ul. Rafineryjna 3a;1094;210;210;10;200;19.20;4.76;1046;498;498;6;492;47.61;1.20
78662;180501;27;Dom Ludowy Niegłowice 38-200 Jasło, Niegłowice ul. Niegłowicka 27;450;140;140;3;137;31.11;2.14;443;233;233;9;224;52.60;3.86
91078;180501;28;Szpital Specjalistyczny w Jaśle 38-200 Jasło Lwowska 22;351;13;13;3;10;3.70;23.08;208;37;37;2;35;17.79;5.41
78663;180502;1;Szkoła Podstawowa-świetlica 38-212 Błażkowa 125;640;166;166;10;156;25.94;6.02;622;312;312;27;285;50.16;8.65
78664;180502;2;Szkoła Podstawowa- sala lekcyjna 38-212 Błażkowa 125;602;120;120;9;111;19.93;7.50;620;262;262;7;255;42.26;2.67
78665;180502;3;Szkoła Podstawowa-sala lekcyjna 38-212 Brzyska 348;965;176;176;11;165;18.24;6.25;954;501;501;31;470;52.52;6.19
78666;180502;4;Szkoła Podstawowa-świetlica 38-212 Brzyska 348;1094;209;209;8;201;19.10;3.83;1091;458;458;23;435;41.98;5.02
78667;180502;5;Dom Ludowy 38-212 Ujazd 26;376;69;69;2;67;18.35;2.90;374;183;183;10;173;48.93;5.46
78668;180502;6;Dom Ludowy 38-212 Wróblowa 129;524;119;119;4;115;22.71;3.36;516;256;256;10;246;49.61;3.91
78669;180502;7;Dom Ludowy 38-211 Dąbrówka 118;933;334;334;14;320;35.80;4.19;941;509;509;19;490;54.09;3.73
78670;180503;1;Szkoła Podstawowa w Cieklinie 38-222 Cieklin 337;1436;485;485;17;468;33.77;3.51;1447;792;792;20;772;54.73;2.53
78671;180503;2;Dom Ludowy w Radości 38-222 Radość 61;472;119;119;5;114;25.21;4.20;478;232;232;10;222;48.54;4.31
78672;180503;3;Szkoła Podstawowa w Łazach Dębowieckich 38-220 Łazy Dębowieckie 202;534;135;135;4;131;25.28;2.96;538;262;262;9;253;48.70;3.44
78673;180503;4;Urząd Gminy Dębowiec 38-220 Dębowiec 101;1716;384;384;8;376;22.38;2.08;1690;833;833;24;809;49.29;2.88
78674;180503;5;Dom Ludowy w Majscowej 38-220 Majscowa 171;413;62;62;2;60;15.01;3.23;415;184;184;7;177;44.34;3.80
78675;180503;6;Szkoła Podstawowa w Zarzeczu 38-220 Zarzecze 143;856;194;194;9;185;22.66;4.64;850;447;447;14;433;52.59;3.13
78676;180503;7;Szkoła Podstawowa w Woli Dębowieckiej 38-220 Wola Dębowiecka 33;543;143;143;5;138;26.34;3.50;541;258;258;5;253;47.69;1.94
78677;180503;8;Szkoła Podstawowa w Dobryni 38-222 Dobrynia 53;394;168;168;4;164;42.64;2.38;387;198;198;3;195;51.16;1.52
78678;180503;9;Szkoła Podstawowa w Foluszu 38-222 Folusz 53;364;60;60;2;58;16.48;3.33;359;131;131;5;126;36.49;3.82
91079;180503;10;Dom Pomocy Społecznej w Foluszu 38-222 Folusz 56;133;72;72;3;69;54.14;4.17;117;41;41;4;37;35.04;9.76
78679;180504;1;Dom Świetlicowy w Kowalowach 38-200 Kowalowy 122;401;140;140;2;138;34.91;1.43;406;241;241;4;237;59.36;1.66
78680;180504;2;Dom Ludowy w Gorajowicach 38-200 Gorajowice 33;243;86;86;3;83;35.39;3.49;243;138;138;2;136;56.79;1.45
78681;180504;3;Zespół Szkół w Warzycach 38-200 Warzyce 205;742;186;186;3;183;25.07;1.61;737;434;434;9;425;58.89;2.07
78682;180504;4;Zespół Szkół w Warzycach 38-200 Warzyce 205;643;188;188;3;185;29.24;1.60;646;367;367;7;360;56.81;1.91
78683;180504;5;Dom Ludowy w Zimnej Wodzie 38-203 Zimna Woda 13;317;68;68;4;64;21.45;5.88;316;184;184;3;181;58.23;1.63
78684;180504;6;Dom Ludowy w Bierówce 38-203 Bierówka 171;451;161;161;5;156;35.70;3.11;455;271;271;6;265;59.56;2.21
78685;180504;7;Dom Ludowy w Niepli 38-203 Niepla 199;465;99;99;2;97;21.29;2.02;462;212;212;11;201;45.89;5.19
78686;180504;8;Budynek Rekreacyjno-Sportowy w Chrząstówce 38-203 Chrząstówka;255;60;60;1;59;23.53;1.67;269;126;126;0;126;46.84;0.00
78687;180504;9;Dom Ludowy w Szebniach 38-203 Szebnie 46;821;229;229;2;227;27.89;0.87;807;446;446;4;442;55.27;0.90
78688;180504;10;Dom Ludowy w Wolicy 38-200 Wolica 97;652;175;175;6;169;26.84;3.43;654;346;346;5;341;52.91;1.45
78689;180504;11;Dom Strażaka Łaskach 38-200 Łaski 126;796;198;198;12;186;24.87;6.06;795;383;383;16;367;48.18;4.18
78690;180504;12;Budynek Rekreacyjno Sportowy w Żółkowie 38-200 Żółków;600;125;125;3;122;20.83;2.40;600;295;295;6;289;49.17;2.03
78691;180504;13;Dom Ludowy w Niegłowicach 38-200 Niegłowice 248;776;167;167;10;157;21.52;5.99;757;395;395;8;387;52.18;2.03
78692;180504;14;Dom Ludowy w Brzyściu 38-200 Brzyście 3;290;73;73;5;68;25.17;6.85;300;168;168;6;162;56.00;3.57
78693;180504;15;Szkoła Podstawowa Nr 2 w Osobnicy 38-241 Osobnica 162;904;179;179;4;175;19.80;2.23;906;419;419;7;412;46.25;1.67
78694;180504;16;Dom Ludowy w Osobnicy 38-241 Osobnica 102;929;146;146;7;139;15.72;4.79;928;403;403;10;393;43.43;2.48
78695;180504;17;Zespół Szkół w Osobnicy 38-241 Osobnica;986;188;188;8;180;19.07;4.26;988;452;452;9;443;45.75;1.99
78696;180504;18;Zespół Szkół w Trzcinicy 38-207 Trzcinica 72;901;175;175;5;170;19.42;2.86;896;428;428;16;412;47.77;3.74
78697;180504;19;Dom Ludowy w Trzcinicy 38-207 Trzcinica 141;998;248;248;1;247;24.85;0.40;998;526;526;12;514;52.71;2.28
78698;180504;20;Szkoła Podstawowa w Jareniówce 38-200 Jareniówka 60;618;131;131;1;130;21.20;0.76;625;272;272;10;262;43.52;3.68
78699;180504;21;Dom Ludowy w Opaciu 38-200 Opacie 154;466;121;121;3;118;25.97;2.48;461;221;221;1;220;47.94;0.45
91080;180504;22;Świetlica Zakładu Karnego w Warzycach 38-200 Warzyce 467;200;48;48;6;42;24.00;12.50;176;84;84;11;73;47.73;13.10
78700;180505;1;Gminne Przedszkole 38-213 Kołaczyce ul.Rynek 13;1160;372;372;17;355;32.07;4.57;1136;581;581;16;565;51.14;2.75
78701;180505;2;Zespół Szkół Społecznych 38-211 Krajowice 33;326;91;91;3;88;27.91;3.30;324;163;163;3;160;50.31;1.84
78702;180505;3;Zespół Szkoły Podstawowej i Gimnazjum 38-214 Bieździedza 98;1142;257;257;12;245;22.50;4.67;1139;529;529;16;513;46.44;3.02
78703;180505;4;Zespół Szkoły Podstawowej i Gimnazjum 38-214 Bieździedza 98;1089;225;225;7;218;20.66;3.11;1109;503;503;16;487;45.36;3.18
78704;180505;5;Zespół Szkół Społecznych 38-214 Lublica 79;484;115;115;11;104;23.76;9.57;486;242;242;6;236;49.79;2.48
78705;180505;6;Zespół Szkół Społecznych 38-214 Sieklówka 173;829;125;125;8;117;15.08;6.40;821;385;385;20;365;46.89;5.19
78706;180505;7;Zespół Szkół Społecznych im. Jana Pawła II 38-213 Sowina 1;752;129;129;7;122;17.15;5.43;740;274;274;14;260;37.03;5.11
78707;180505;8;Zespół Szkoły Podstawowej i Gimnazjum 38-213 Kołaczyce Szkolna 7;1360;363;363;6;357;26.69;1.65;1350;715;715;17;698;52.96;2.38
78708;180506;1;Budynek Byłej Szkoły Podstawowej 38-232 Grab 22;231;30;30;3;27;12.99;10.00;222;50;50;5;45;22.52;10.00
78709;180506;2;Publiczne Gimnazjum 38-232 Krempna 45;688;138;138;7;131;20.06;5.07;668;301;301;19;282;45.06;6.31
78710;180506;3;Budynek Byłej Szkoły Podstawowej 38-232 Myscowa 41;202;63;63;6;57;31.19;9.52;202;105;105;2;103;51.98;1.90
78711;180506;4;Remiza OSP 38-232 Polany 44;209;28;28;3;25;13.40;10.71;211;73;73;10;63;34.60;13.70
78712;180506;5;Dom Ludowy 38-232 Świątkowa Wielka 49;275;38;38;3;35;13.82;7.89;277;68;68;2;66;24.55;2.94
78713;180507;1;Gminny Ośrodek Kultury w Nowym Żmigrodzie 38-230 Nowy Żmigród ul. Mickiewicza 9;1174;356;356;15;341;30.32;4.21;1148;622;622;28;594;54.18;4.50
78714;180507;2;Dom Ludowy w Mytarzy 38-230 Mytarz 137;567;171;171;4;167;30.16;2.34;570;344;344;12;332;60.35;3.49
78715;180507;3;Dom Ludowy w Tokach 38-230 Toki 137;543;112;112;8;104;20.63;7.14;531;213;213;7;206;40.11;3.29
78716;180507;4;Szkoła Podstawowa w Kątach 38-230 Kąty 183;814;185;185;2;183;22.73;1.08;806;375;375;17;358;46.53;4.53
78717;180507;5;Dom Ludowy w Nienaszowie 38-230 Nienaszów 301;1011;176;176;8;168;17.41;4.55;1011;476;476;16;460;47.08;3.36
78718;180507;6;Dom Ludowy w Łysej Górze 38-230 Łysa Góra 222;528;144;144;1;143;27.27;0.69;524;248;248;5;243;47.33;2.02
78719;180507;7;Zespół Szkół w Łężynach 38-230 Łężyny 144;729;163;163;2;161;22.36;1.23;736;368;368;11;357;50.00;2.99
78720;180507;8;Dom Ludowy w Gorzycach 38-230 Gorzyce 139;428;96;96;6;90;22.43;6.25;415;184;184;7;177;44.34;3.80
78721;180507;9;Dom Ludowy w Starym Żmigrodzie 38-230 Stary Żmigród 151;573;154;154;5;149;26.88;3.25;576;312;312;5;307;54.17;1.60
78722;180507;10;Dom Ludowy w Skalniku 38-230 Skalnik 65;528;142;142;3;139;26.89;2.11;532;270;270;7;263;50.75;2.59
78723;180507;11;Dom Ludowy w Makowiskach 38-230 Makowiska 155;359;83;83;4;79;23.12;4.82;358;145;145;10;135;40.50;6.90
78724;180507;12;Dom Ludowy w Desznicy 38-230 Desznica 74;313;102;102;3;99;32.59;2.94;316;159;159;8;151;50.32;5.03
78725;180508;1;Gminny Ośrodek Kultury w Osieku Jasielskim 38-223 Osiek Jasielski 9;1064;239;239;5;234;22.46;2.09;1059;537;537;18;519;50.71;3.35
78726;180508;2;Dom Ludowy w Samoklęskach 38-223 Samoklęski 307;1455;263;263;5;258;18.08;1.90;1451;646;646;27;619;44.52;4.18
78727;180508;3;Dom Ludowy w Załężu 38-223 Załęże 191;524;157;157;5;152;29.96;3.18;526;277;277;9;268;52.66;3.25
78728;180508;4;Dom Ludowy w Pielgrzymce 38-223 Pielgrzymka 185;597;134;134;11;123;22.45;8.21;598;276;276;22;254;46.15;7.97
78729;180508;5;Dom Ludowy 38-223 Zawadka Osiecka 61;631;126;126;1;125;19.97;0.79;637;248;248;19;229;38.93;7.66
78730;180509;1;Gminny Ośrodek Kultury w Skołyszynie 38-242 Skołyszyn 283;1611;312;312;6;306;19.37;1.92;1622;816;816;19;797;50.31;2.33
78731;180509;2;Dom Ludowy w Jabłonicy 38-200 Jabłonica 126;597;124;124;7;117;20.77;5.65;608;292;292;16;276;48.03;5.48
78732;180509;3;Zespół Szkół w Bączalu Dolnym 38-242 Bączal Dolny 101;1034;143;143;4;139;13.83;2.80;1017;420;420;10;410;41.30;2.38
78733;180509;4;Dom Ludowy w Przysiekach 38-207 Przysieki 429;1295;285;285;5;280;22.01;1.75;1293;754;754;22;732;58.31;2.92
78734;180509;5;Dom Ludowy w Harklowej 38-243 Harklowa 501;1311;211;211;4;207;16.09;1.90;1290;556;556;18;538;43.10;3.24
78735;180509;6;Dom Ludowy w Święcanach 38-242 Święcany 1;1762;335;335;6;329;19.01;1.79;1742;880;880;17;863;50.52;1.93
78736;180509;7;Dom Ludowy w Lipnicy Górnej 38-211 Lipnica Górna 136;377;93;93;1;92;24.67;1.08;374;181;181;8;173;48.40;4.42
78737;180509;8;Szkoła Podstawowa w Lisowie 38-242 Lisów 76;713;101;101;3;98;14.17;2.97;712;283;283;13;270;39.75;4.59
78738;180509;9;Dom Ludowy w Siepietnicy 38-340 Siepietnica 84;389;112;112;5;107;28.79;4.46;388;207;207;4;203;53.35;1.93
78739;180509;10;Zespół Szkół Publicznych w Kunowej 38-243 Kunowa 89;364;50;50;2;48;13.74;4.00;363;171;171;4;167;47.11;2.34
78740;180509;11;Dom Ludowy w Siedliskach Sławęcińskich 38-242 Siedliska Sławęcińskie 103;457;88;88;3;85;19.26;3.41;448;216;216;8;208;48.21;3.70
78741;180509;12;Dom Ludowy w Pustej Woli 38-243 Pusta Wola 77;220;56;56;2;54;25.45;3.57;219;92;92;3;89;42.01;3.26
78742;180511;1;Dom Ludowy 38-204 Tarnowiec 30;1065;279;279;6;273;26.20;2.15;1057;560;560;18;542;52.98;3.21
78743;180511;2;Szkoła Podstawowa 38-204 Czeluśnica 77;1058;286;286;11;275;27.03;3.85;1082;578;578;20;558;53.42;3.46
78744;180511;3;Dom Ludowy- świetlica 38-204 Glinik Polski 77;472;116;116;3;113;24.58;2.59;471;250;250;8;242;53.08;3.20
78745;180511;4;Zespół Szkół Publicznych 38-204 Łubno Szlacheckie 109;863;134;134;2;132;15.53;1.49;875;350;350;15;335;40.00;4.29
78746;180511;5;Zespół Szkół Publicznych 38-204 Tarnowiec 230;1032;177;177;9;168;17.15;5.08;1024;426;426;11;415;41.60;2.58
78747;180511;6;Dom Ludowy 38-204 Sądkowa BN;832;223;223;11;212;26.80;4.93;803;403;403;12;391;50.19;2.98
78748;180511;7;Dom Ludowy 38-204 Nowy Glinik 89;527;142;142;16;126;26.94;11.27;532;282;282;9;273;53.01;3.19
78749;180511;8;Szkoła Podstawowa 38-204 Łajsce 92;455;91;91;10;81;20.00;10.99;467;201;201;11;190;43.04;5.47
78750;180511;9;Zespół Szkół Publicznych Umieszcz 38-204 Umieszcz 12;538;195;195;9;186;36.25;4.62;534;273;273;2;271;51.12;0.73
78751;180511;10;Dom Ludowy Wrocanka 38-204 Wrocanka 35;623;160;160;11;149;25.68;6.88;624;279;279;6;273;44.71;2.15
78752;180601;1;Samorządowy Ośrodek Kultury w Cmolasie 36-105 Cmolas 212a;906;221;221;7;214;24.39;3.17;917;482;482;25;457;52.56;5.19
78753;180601;2;Zespół Szkół w Cmolasie 36-105 Cmolas 269a;1388;303;303;7;296;21.83;2.31;1372;713;713;26;687;51.97;3.65
78754;180601;3;Zespół Szkół w Trzęsówce 36-106 Trzęsówka 231;1085;220;220;3;217;20.28;1.36;1082;616;616;18;598;56.93;2.92
78755;180601;4;Centrum Edukacji Ekologicznej „Puszcza Sandomierska” w Ostrowach Tuszowskich 36-105 Ostrowy Tuszowskie 100a;808;118;118;2;116;14.60;1.69;804;350;350;14;336;43.53;4.00
78756;180601;5;Szkoła Podstawowa w Ostrowach Baranowskich 36-105 Ostrowy Baranowskie 106;497;83;83;3;80;16.70;3.61;490;198;198;4;194;40.41;2.02
78757;180601;6;Dom Strażaka w Jagodniku 36-105 Jagodnik 84b;362;103;103;3;100;28.45;2.91;376;202;202;5;197;53.72;2.48
78758;180601;7;Dom Strażaka w Hadykówce 36-105 Hadykówka 104;621;161;161;7;154;25.93;4.35;623;325;325;17;308;52.17;5.23
78759;180601;8;Szkoła Podstawowa w Porębach Dymarskich 36-105 Poręby Dymarskie 157b;663;112;112;10;102;16.89;8.93;652;261;261;19;242;40.03;7.28
91081;180601;9;Dom Pomocy Społecznej im. Ks. Wojciecha Borowiusza w Cmolasie 36-105 Cmolas 274;48;32;32;4;28;66.67;12.50;41;29;29;6;23;70.73;20.69
78760;180602;1;Miejski Dom Kultury w Kolbuszowej 36-100 Kolbuszowa Obrońcow Pokoju 66;918;222;222;4;218;24.18;1.80;892;484;484;7;477;54.26;1.45
78761;180602;2;Miejski Dom Kultury w Kolbuszowej 36-100 Kolbuszowa Obrońców Pokoju 66;1503;318;318;6;312;21.16;1.89;1485;748;748;18;730;50.37;2.41
78762;180602;3;Zespół Szkół Technicznych w Kolbuszowej 36-100 Kolbuszowa Janka Bytnara 2;1580;456;456;5;451;28.86;1.10;1546;821;821;11;810;53.10;1.34
78763;180602;4;Miejska i Powiatowa Biblioteka Publiczna w Kolbuszowej 36-100 Kolbuszowa Józefa Piłsudskiego 7;956;258;258;7;251;26.99;2.71;940;468;468;9;459;49.79;1.92
78764;180602;5;Miejska i Powiatowa Biblioteka Publiczna w Kolbuszowej 36-100 Kolbuszowa Józefa Piłsudskiego 7;1193;307;307;7;300;25.73;2.28;1132;586;586;7;579;51.77;1.19
78765;180602;6;Zespół Szkół Nr 1 w Kolbuszowej 36-100 Kolbuszowa Tadeusza Kościuszki 1;1415;368;368;11;357;26.01;2.99;1363;682;682;11;671;50.04;1.61
78766;180602;7;Zespół Szkół Nr 1 w Kolbuszowej 36-100 Kolbuszowa Tadeusza Kościuszki 1;905;217;217;0;217;23.98;0.00;900;445;445;8;437;49.44;1.80
78767;180602;8;Zespół Szkół Specjalnych w Kolbuszowej Dolnej 36-100 Kolbuszowa Dolna Wiejska 90;847;193;193;2;191;22.79;1.04;856;429;429;10;419;50.12;2.33
78768;180602;9;Szkoła Podstawowa w Zarębkach 36-100 Zarębki 73;695;208;208;6;202;29.93;2.88;691;388;388;7;381;56.15;1.80
78769;180602;10;Dom Ludowy w Weryni 36-100 Werynia 105;1201;369;369;12;357;30.72;3.25;1192;631;631;17;614;52.94;2.69
78770;180602;11;Filia Miejskiego Domu Kultury w Kolbuszowej Górnej 36-100 Kolbuszowa Górna 380;1254;347;347;4;343;27.67;1.15;1246;693;693;9;684;55.62;1.30
78771;180602;12;Filia Miejskiego Domu Kultury w Kolbuszowej Górnej 36-100 Kolbuszowa Górna 380;994;239;239;4;235;24.04;1.67;993;498;498;16;482;50.15;3.21
78772;180602;13;Szkoła Podstawowa w Bukowcu 36-100 Bukowiec 37;290;99;99;4;95;34.14;4.04;293;157;157;6;151;53.58;3.82
78773;180602;14;Remiza OSP w Hucie Przedborskiej 36-100 Huta Przedborska 19;245;89;89;6;83;36.33;6.74;229;132;132;6;126;57.64;4.55
78774;180602;15;Budynek byłej Szkoły Podstawowej w Kłapówce 36-145 Kłapówka 41;166;20;20;0;20;12.05;0.00;169;65;65;1;64;38.46;1.54
78775;180602;16;Remiza OSP w Porębach Kupieńskich 36-100 Poręby Kupieńskie 47;212;57;57;2;55;26.89;3.51;210;94;94;3;91;44.76;3.19
78776;180602;17;Budynek byłej Szkoły Podstawowej w Świerczowie 36-100 Świerczów 39;459;76;76;4;72;16.56;5.26;461;219;219;9;210;47.51;4.11
78777;180602;18;Zespół Szkół w Widełce 36-145 Widełka 191;994;227;227;12;215;22.84;5.29;983;439;439;7;432;44.66;1.59
78778;180602;19;Zespół Szkół w Widełce 36-145 Widełka 191;911;253;253;14;239;27.77;5.53;920;428;428;13;415;46.52;3.04
78779;180602;20;Zespół Szkół w Kupnie 36-145 Kupno 81;1231;191;191;4;187;15.52;2.09;1226;528;528;9;519;43.07;1.70
78780;180602;21;Szkoła Podstawowa w Domatkowie 36-100 Domatków 198;790;189;189;4;185;23.92;2.12;795;373;373;18;355;46.92;4.83
78781;180602;22;Szkoła Podstawowa w Przedborzu 36-100 Przedbórz 153;726;155;155;3;152;21.35;1.94;716;341;341;11;330;47.63;3.23
78782;180602;23;Remiza OSP w Nowej Wsi 36-100 Nowa Wieś 92;572;121;121;5;116;21.15;4.13;579;264;264;11;253;45.60;4.17
91082;180602;24;Szpital SP ZOZ w Kolbuszowej 36-100 Kolbuszowa Grunwaldzka 4;159;30;30;1;29;18.87;3.33;183;58;58;0;58;31.69;0.00
78783;180603;1;Urząd Gminy Majdan Królewski 36-110 Majdan Królewski ul. Rynek 1A;2179;558;558;18;540;25.61;3.23;2167;1020;1020;17;1003;47.07;1.67
78784;180603;2;Publiczna Szkoła Podstawowa w Krzątce 36-110 Krzątka 27;1135;166;166;5;161;14.63;3.01;1140;481;481;12;469;42.19;2.49
78785;180603;3;Publiczna Szkoła Podstawowa w Klatkach 36-110 Krzątka 202;589;89;89;3;86;15.11;3.37;583;279;279;12;267;47.86;4.30
78786;180603;4;Remiza OSP Rusinów 36-110 Rusinów 24A;186;65;65;0;65;34.95;0.00;183;128;128;0;128;69.95;0.00
78787;180603;5;Publiczna Szkoła Podstawowa w Brzostowej Górze 36-110 Brzostowa Góra 110;743;133;133;1;132;17.90;0.75;746;354;354;7;347;47.45;1.98
78788;180603;6;Publiczna Szkoła Podstawowa w Woli Rusinowskiej 36-110 Wola Rusinowska 69;755;188;188;6;182;24.90;3.19;744;373;373;8;365;50.13;2.14
78789;180603;7;Publiczna Szkoła Podstawowa w Komorowie 36-110 Komorów 116;1167;233;233;10;223;19.97;4.29;1149;525;525;20;505;45.69;3.81
78790;180603;8;Publiczna Szkoła Podstawowa w Hucie Komorowskiej 36-110 Huta Komorowska 102;1150;259;259;3;256;22.52;1.16;1141;500;500;17;483;43.82;3.40
78791;180604;1;Urząd Gminy Niwiska 36-147 Niwiska 430;1236;252;252;9;243;20.39;3.57;1222;538;538;22;516;44.03;4.09
78792;180604;2;Szkoła Podstawowa w Hucinie 36-147 Hucina 66A;354;75;75;2;73;21.19;2.67;351;175;175;1;174;49.86;0.57
78793;180604;3;Szkoła Podstawowa w Przyłęku 36-107 Przyłęk 216;574;176;176;8;168;30.66;4.55;585;316;316;3;313;54.02;0.95
78794;180604;4;Szkoła Podstawowa w Kosowach 36-107 Kosowy 91;640;92;92;5;87;14.37;5.43;633;308;308;8;300;48.66;2.60
78795;180604;5;Szkoła Podstawowa w Siedlance 36-147 Siedlanka 72;566;121;121;3;118;21.38;2.48;559;317;317;12;305;56.71;3.79
78796;180604;6;Szkoła Podstawowa w Trześni 36-147 Trześń 173;537;114;114;3;111;21.23;2.63;511;247;247;10;237;48.34;4.05
78797;180604;7;Szkoła Podstawowa w Hucisku 36-147 Hucisko 51;349;67;67;1;66;19.20;1.49;347;150;150;5;145;43.23;3.33
78798;180604;8;Świetlica Wiejska w Leszczach 36-147 Leszcze 62A;220;78;78;6;72;35.45;7.69;217;129;129;9;120;59.45;6.98
78799;180604;9;Świetlica Wiejska w Zapolu 36-147 Zapole 24;239;32;32;3;29;13.39;9.38;250;81;81;11;70;32.40;13.58
78800;180605;1;Szkoła Podstwowa w Raniżowie 36-130 Raniżów ul. Grunwaldzka 2;1812;418;418;6;412;23.07;1.44;1779;959;959;27;932;53.91;2.82
78801;180605;2;Szkoła Podstawowa w Woli Raniżowskiej 36-125 Wola Raniżowska 317;1526;271;271;7;264;17.76;2.58;1494;674;674;21;653;45.11;3.12
78802;180605;3;Szkoła Podstawowa w Mazurach 36-130 Mazury 128;662;200;200;7;193;30.21;3.50;665;354;354;14;340;53.23;3.95
78803;180605;4;Szkoła Podstawowa w Zielonce 36-130 Zielonka 85;505;100;100;2;98;19.80;2.00;503;252;252;9;243;50.10;3.57
78804;180605;5;Dom Ludowy w Staniszewskiem 36-130 Staniszewskie 153;486;131;131;0;131;26.95;0.00;470;235;235;12;223;50.00;5.11
78805;180605;6;Remiza OSP w Korczowiskach 36-130 Korczowiska 97;235;46;46;2;44;19.57;4.35;233;96;96;4;92;41.20;4.17
78806;180605;7;Remiza OSP w Posuchach 36-130 Zielonka 161;217;61;61;6;55;28.11;9.84;214;104;104;5;99;48.60;4.81
78807;180605;8;Środowiskowy Dom Samopomocy w Porębach Wolskich 36-130 Wola Raniżowska 586;261;51;51;3;48;19.54;5.88;256;137;137;1;136;53.52;0.73
78808;180606;1;Samorządowe Centrum Kultury w Dzikowcu 36-122 Dzikowiec 133A;1433;318;318;12;306;22.19;3.77;1436;601;601;8;593;41.85;1.33
78809;180606;2;Szkoła Podstawowa w Mechowcu 36-122 Mechowiec 78;528;87;87;3;84;16.48;3.45;525;208;208;9;199;39.62;4.33
78810;180606;3;Szkoła Podstawowa w Kopciach 36-121 Kopcie 77;630;120;120;4;116;19.05;3.33;632;314;314;19;295;49.68;6.05
78811;180606;4;Szkoła Podstawowa w Spiach 36-121 Wilcza Wola 29a;583;131;131;4;127;22.47;3.05;587;279;279;9;270;47.53;3.23
78812;180606;5;Zespół Szkół w Wilczej Woli 36-121 Wilcza Wola 229;1032;122;122;5;117;11.82;4.10;1031;383;383;4;379;37.15;1.04
78813;180606;6;Szkoła Podstawowa w Lipnicy 36-123 Lipnica 279;1000;186;186;5;181;18.60;2.69;987;364;364;9;355;36.88;2.47
78814;180701;1;Dom Ludowy 38-458 Bóbrka 137;659;115;115;6;109;17.45;5.22;670;283;283;10;273;42.24;3.53
78815;180701;2;Urząd Gminy (sala narad) 38-458 Chorkówka 175;670;122;122;7;115;18.21;5.74;673;312;312;18;294;46.36;5.77
78816;180701;3;Szkoła Podstawowa 38-458 Draganowa 30;440;93;93;2;91;21.14;2.15;434;181;181;9;172;41.71;4.97
78817;180701;4;Szkoła Podstawowa 38-458 Faliszówka 174;624;83;83;4;79;13.30;4.82;619;251;251;13;238;40.55;5.18
78818;180701;5;Dom Kultury 38-458 Kobylany 331;821;203;203;9;194;24.73;4.43;827;419;419;20;399;50.67;4.77
78819;180701;6;Zespół Szkół Publicznych 38-458 Kopytowa 59;1033;169;169;8;161;16.36;4.73;1048;434;434;8;426;41.41;1.84
78820;180701;7;Szkoła Podstawowa 38-458 Leśniówka 85;417;85;85;2;83;20.38;2.35;417;163;163;8;155;39.09;4.91
78821;180701;8;Dom Ludowy 38-458 Machnówka 102;224;71;71;1;70;31.70;1.41;221;114;114;5;109;51.58;4.39
78822;180701;9;Dom Strażaka 38-458 Poraj 74;245;52;52;8;44;21.22;15.38;244;100;100;5;95;40.98;5.00
78823;180701;10;Dom Strażaka 38-458 Sulistrowa 36;297;69;69;2;67;23.23;2.90;298;107;107;3;104;35.91;2.80
78824;180701;11;Zespół Szkół 38-458 Świerzowa Polska Szkolna 50;1675;408;408;7;401;24.36;1.72;1686;869;869;23;846;51.54;2.65
78825;180701;12;Szkoła Podstawowa 38-458 Szczepańcowa 85;993;192;192;5;187;19.34;2.60;982;481;481;8;473;48.98;1.66
78826;180701;13;Szkoła Podstawowa 38-458 Zręcin Łukasiewicza 31;1711;451;451;5;446;26.36;1.11;1705;913;913;17;896;53.55;1.86
78827;180701;14;Szkoła Podstawowa 38-458 Żeglce 242;821;146;146;4;142;17.78;2.74;834;371;371;9;362;44.48;2.43
78828;180702;1;Zespół Szkół Nr 1 w Dukli 38-450 Dukla ul. Kościuszki 13;1045;292;292;7;285;27.94;2.40;990;477;477;13;464;48.18;2.73
78829;180702;2;Zespół Karpackich Parków Krajobrazowych w Krośnie, Dukla 38-450 Dukla ul. Trakt Węgierski 8a;896;186;186;2;184;20.76;1.08;899;420;420;10;410;46.72;2.38
78830;180702;3;Miejski Ośrodek Sportu i Rekreacji w Dukli, Dukla 38-450 Dukla ul. Armii Krajowej 1a;814;194;194;0;194;23.83;0.00;808;391;391;10;381;48.39;2.56
78831;180702;4;Dom Ludowy w Teodorówce 38-450 Teodorówka 69a;847;170;170;5;165;20.07;2.94;851;397;397;12;385;46.65;3.02
78832;180702;5;Dom Ludowy w Iwli 38-450 Iwla 20;693;98;98;6;92;14.14;6.12;689;236;236;11;225;34.25;4.66
78833;180702;6;Szkoła Podstawowa w Głojscach 38-450 Głojsce Szkolna 7;631;107;107;3;104;16.96;2.80;621;297;297;12;285;47.83;4.04
78834;180702;7;Zespół Szkół Publicznych w Łękach Dukielskich 38-456 Łęki Dukielskie 74;632;108;108;7;101;17.09;6.48;627;249;249;7;242;39.71;2.81
78835;180702;8;Zespół Szkół Publicznych w Łękach Dukielskich 38-456 Łęki Dukielskie 74;700;201;201;6;195;28.71;2.99;689;326;326;8;318;47.31;2.45
78836;180702;9;Szkoła Podstawowa w Wietrznie 38-451 Wietrzno 222;678;157;157;6;151;23.16;3.82;659;306;306;19;287;46.43;6.21
78837;180702;10;Zespół Szkół Publicznych w Równem 38-451 Równe Długa 41;817;129;129;6;123;15.79;4.65;805;322;322;6;316;40.00;1.86
78838;180702;11;Zespół Szkół Publicznych w Równem 38-451 Równe Długa 41;696;93;93;1;92;13.36;1.08;691;280;280;15;265;40.52;5.36
78839;180702;12;Dom Ludowy w Cergowej 38-450 Cergowa 157;1082;232;232;4;228;21.44;1.72;1087;518;518;14;504;47.65;2.70
78840;180702;13;Zespół Szkół Publicznych w Jasionce 38-450 Jasionka 74;956;193;193;9;184;20.19;4.66;954;415;415;21;394;43.50;5.06
78841;180702;14;Dom Ludowy w Trzcianie 38-450 Trzciana 24a;501;44;44;4;40;8.78;9.09;509;131;131;8;123;25.74;6.11
78842;180702;15;Zespół Szkół Publicznych w Tylawie 38-454 Tylawa 151;860;129;129;5;124;15.00;3.88;874;308;308;15;293;35.24;4.87
78843;180703;1;Kino „Wczasowicz” 38-440 Iwonicz-Zdrój Pl. Dietla 2;1642;517;517;15;502;31.49;2.90;1834;1079;1079;26;1053;58.83;2.41
78844;180703;2;Dom Parafialny 38-440 Iwonicz ul. Długa 33;1743;408;408;14;394;23.41;3.43;1733;868;868;23;845;50.09;2.65
78845;180703;3;Szkoła Podstawowa 38-440 Iwonicz ul. Zagrodniki 21;1632;425;425;12;413;26.04;2.82;1640;866;866;16;850;52.80;1.85
78846;180703;4;Dom Ludowy 38-440 Lubatówka 98;892;137;137;5;132;15.36;3.65;899;366;366;13;353;40.71;3.55
78847;180703;5;Remiza OSP 38-440 Lubatowa 290b;1351;289;289;10;279;21.39;3.46;1361;625;625;21;604;45.92;3.36
78848;180703;6;Szkoła Podstawowa 38-440 Lubatowa 284;1372;286;286;11;275;20.85;3.85;1396;651;651;35;616;46.63;5.38
78849;180704;1;Zepół Szkół Publicznych Jedlicze 38-460 Jedlicze Tokarskich 5;1071;222;222;8;214;20.73;3.60;1078;535;535;16;519;49.63;2.99
78850;180704;2;Zespół Szkół Publicznych Jedlicze 38-460 Jedlicze Tokarskich 5;861;161;161;5;156;18.70;3.11;857;439;439;5;434;51.23;1.14
78851;180704;3;Zespół Szkół Publicznych Jedlicze 38-460 Jedlicze Tokarskich 5;1061;275;275;6;269;25.92;2.18;1043;549;549;15;534;52.64;2.73
78852;180704;4;Sala Domu Ludowego Jedlicze 38-460 Jedlicze Sikorskiego 2;714;163;163;5;158;22.83;3.07;713;354;354;5;349;49.65;1.41
78853;180704;5;Sala Domu Ludowego Jedlicze 38-460 Jedlicze Sikorskiego 2;507;78;78;5;73;15.38;6.41;508;204;204;7;197;40.16;3.43
78854;180704;6;Sala Domu Ludowego Jedlicze 38-460 Jedlicze Kurkowskiego 19;489;105;105;1;104;21.47;0.95;483;244;244;3;241;50.52;1.23
78855;180704;7;Sala Domu Ludowego Chlebna 38-460 Chlebna 55;908;150;150;2;148;16.52;1.33;906;357;357;9;348;39.40;2.52
78856;180704;8;Szkoła Podstawowa w Długiem 38-460 Długie 10;553;104;104;5;99;18.81;4.81;550;198;198;7;191;36.00;3.54
78857;180704;9;Sala Domu Ludowego Dobieszyn 38-460 Dobieszyn 103;1197;265;265;5;260;22.14;1.89;1199;542;542;12;530;45.20;2.21
78858;180704;10;Sala Domu Ludowego Jaszczew 38-460 Jaszczew 131;1128;221;222;7;214;19.59;3.17;1130;514;514;15;499;45.49;2.92
78859;180704;11;Sala Domu Ludowego Moderówka 38-460 Moderówka 134;1045;157;157;5;152;15.02;3.18;1048;405;405;13;392;38.65;3.21
78860;180704;12;Szkoła Podstawowa w Piotrówce 38-459 Piotrówka 38;646;100;100;6;94;15.48;6.00;659;237;237;13;224;35.96;5.49
78861;180704;13;Zespół Szkół - Szkoła Podstawowa i Gimnazjum Potok 38-404 Potok 73;687;105;105;4;101;15.28;3.81;688;310;310;7;303;45.06;2.26
78862;180704;14;Zespół Szkół - Szkoła Podstawowa i Gimnazjum Potok 38-404 Potok 73;709;119;119;3;116;16.78;2.52;700;304;304;8;296;43.43;2.63
78863;180704;15;Sala Domu Ludowego Żarnowiec 38-460 Żarnowiec 281;888;168;168;7;161;18.92;4.17;881;379;379;7;372;43.02;1.85
78864;180705;1;Budynek Domu Kultury w Korczynie 38-420 Korczyna, Rynek ul. Szczepanika 2;1881;424;424;9;415;22.54;2.12;1903;992;992;21;971;52.13;2.12
78865;180705;2;Budynek Domu Kultury w Korczynie 38-420 Korczyna, Rynek ul. Szczepanika 2;1783;393;393;5;388;22.04;1.27;1768;874;874;27;847;49.43;3.09
78866;180705;3;Budynek Zespołu Szkół w Korczynie 38-420 Korczyna ul. Fredry 2;965;187;187;9;178;19.38;4.81;961;487;487;9;478;50.68;1.85
78867;180705;4;Budynek Domu Ludowego w Korczynie - Sporne 38-420 Korczyna Sporne 17;295;69;69;2;67;23.39;2.90;286;156;156;7;149;54.55;4.49
78868;180705;5;Budynek Domu Ludowego w Czarnorzekach 38-420 Czarnorzeki 11A;289;37;37;0;37;12.80;0.00;295;111;111;4;107;37.63;3.60
78869;180705;6;Budynek Domu Ludowego w Iskrzyni 38-422 Iskrzynia Strażacka 3;977;204;204;3;201;20.88;1.47;970;523;523;12;511;53.92;2.29
78870;180705;7;Budynek Domu Ludowego w Komborni 38-420 Kombornia 57;1167;250;250;17;233;21.42;6.80;1170;549;549;23;526;46.92;4.19
78871;180705;8;Budynek Szkoły Podstawowej w Krasnej 38-420 Krasna 108;582;101;101;6;95;17.35;5.94;596;254;254;8;246;42.62;3.15
78872;180705;9;Budynek Domu Kultury w Węglówce 38-420 Węglówka 221;670;94;94;3;91;14.03;3.19;678;278;278;13;265;41.00;4.68
78873;180705;10;Budynek Domu Ludowego w Woli Komborskiej 38-420 Wola Komborska 17;325;129;129;10;119;39.69;7.75;333;191;191;6;185;57.36;3.14
78874;180706;1;Publiczna Szkoła Podstawowa 38-422 Krościenko Wyżne Szkolna 34;1135;207;207;1;206;18.24;0.48;1129;575;575;14;561;50.93;2.43
78875;180706;2;Publiczna Szkoła Podstawowa 38-422 Krościenko Wyżne Szkolna 34;1190;230;230;4;226;19.33;1.74;1227;618;618;13;605;50.37;2.10
78876;180706;3;Samorządowe Przedszkole 38-422 Krościenko Wyżne Południowa 11;1137;333;333;3;330;29.29;0.90;1130;659;659;13;646;58.32;1.97
78877;180706;4;Dom Ludowy 38-422 Pustyny Centralna 13;879;252;252;4;248;28.67;1.59;876;505;505;9;496;57.65;1.78
78878;180707;1;Dom Ludowy w Głowience 38-455 Głowienka Szkolna 1;1901;532;532;17;515;27.99;3.20;1875;1047;1047;24;1023;55.84;2.29
78879;180707;2;Szkoła Podstawowa w Łężanach 38-423 Łężany Tadeusza Kościuszki 2;1419;381;381;10;371;26.85;2.62;1436;837;837;23;814;58.29;2.75
78880;180707;3;Gminny Ośrodek Kultury 38-430 Miejsce Piastowe ul. Dukielska 2b;1696;530;530;14;516;31.25;2.64;1670;909;909;12;897;54.43;1.32
78881;180707;4;Dom Ludowy w Niżnej Łące 38-455 Niżna Łąka O.Hieronima Longawy 51;258;62;62;3;59;24.03;4.84;255;124;124;3;121;48.63;2.42
78882;180707;5;Szkoła Podstawowa w Rogach 38-430 Rogi Szkolna 2;1963;310;310;10;300;15.79;3.23;1979;841;841;23;818;42.50;2.73
78883;180707;6;Szkoła Podstawowa w Targowiskach 38-423 Targowiska Ks. Macieja Suchodolskiego 38;1820;493;493;19;474;27.09;3.85;1819;957;957;33;924;52.61;3.45
78884;180707;7;Dom Ludowy w Widaczu 38-423 Widacz 34;556;145;145;5;140;26.08;3.45;547;319;319;15;304;58.32;4.70
78885;180707;8;Dom Ludowy we Wrocance 38-455 Wrocanka Nadrzeczna 1;988;259;259;17;242;26.21;6.56;968;522;522;14;508;53.93;2.68
78886;180707;9;Szkoła Podstawowa w Zalesiu 38-423 Targowiska, Zalesie 38;377;62;62;3;59;16.45;4.84;378;177;177;8;169;46.83;4.52
78887;180708;1;Gminny Ośrodek Kultury 38-480 Rymanów ul. Grunwaldzka 11;2109;610;610;14;596;28.92;2.30;2107;1184;1184;26;1158;56.19;2.20
78888;180708;2;Dom Ludowy (Posada Dolna) 38-480 Rymanów ul. Mickiewicza 46;907;244;244;7;237;26.90;2.87;909;521;521;11;510;57.32;2.11
78889;180708;3;Zespół Szkół Publicznych w Klimkówce 38-480 Klimkówka ul. Zdrojowa 49;1509;348;348;5;343;23.06;1.44;1507;813;813;18;795;53.95;2.21
78890;180708;4;Zespół Szkół Publicznych 38-483 Wróblik Szlachecki ul. Szkolna 5;799;205;205;5;200;25.66;2.44;799;376;376;7;369;47.06;1.86
78891;180708;5;Dom Ludowy w Bziance 38-483 Bzianka 191a;469;110;110;4;106;23.45;3.64;468;240;240;10;230;51.28;4.17
78892;180708;6;Dom Ludowy w Sieniawie 38-480 Sieniawa ul. Wiśniowa 100;903;150;150;6;144;16.61;4.00;902;348;348;14;334;38.58;4.02
78893;180708;7;Galeria „Zdrój” w Rymanowie-Zdroju 38-481 Rymanów-Zdrój ul. Zdrojowa 40 3;1192;376;376;7;369;31.54;1.86;1225;722;722;9;713;58.94;1.25
78894;180708;8;Zespół Szkół Publicznych w Milczy 38-483 Milcza ul. Szkolna 16;1015;206;206;9;197;20.30;4.37;996;491;491;20;471;49.30;4.07
78895;180708;9;Szkoła Podstawowa w Głębokiem 38-480 Głębokie 68;828;185;185;6;179;22.34;3.24;839;308;308;16;292;36.71;5.19
78896;180708;10;Zespół Szkół Publicznych w Króliku Polskim 38-481 Królik Polski ul. Bieszczadzka 137;720;148;148;9;139;20.56;6.08;713;329;329;11;318;46.14;3.34
78897;180708;11;Zespół Szkół Publicznych w Posadzie Górnej 38-481 Posada Górna ul. 3 Maja 164;1308;288;288;4;284;22.02;1.39;1283;708;708;30;678;55.18;4.24
78898;180708;12;Dom Ludowy w Ladzinie 38-480 Ladzin ul. Rzeszowska 155;399;90;90;2;88;22.56;2.22;385;172;172;3;169;44.68;1.74
78899;180708;13;Dom Ludowy w Wróbliku Królewskim 38-483 Wróblik Królewski ul. Jana Pawła II 15;635;131;131;12;119;20.63;9.16;620;251;251;15;236;40.48;5.98
91083;180708;14;Szpital Uzdrowiskowy „Eskulap” w Rymanowie-Zdroju 38-481 Rymanów-Zdrój Parkowa 5;161;75;75;4;71;46.58;5.33;163;128;128;4;124;78.53;3.12
91084;180708;15;Szpital Uzdrowiskowy „Zimowit” w Rymanowie-Zdroju 38-481 Rymanów-Zdrój Leśna 4;168;37;37;3;34;22.02;8.11;245;151;151;7;144;61.63;4.64
91085;180708;16;Szpital Uzdrowiskowy „Polonia” w Rymanowie-Zdroju 38-481 Rymanów-Zdrój Potockich 1;98;39;39;0;39;39.80;0.00;105;85;85;2;83;80.95;2.35
78900;180709;1;Dom Kultury 38-406 Odrzykoń ul. Władysława Jagiełły 1;2013;400;400;8;392;19.87;2.00;2008;909;909;30;879;45.27;3.30
78901;180709;2;Szkoła Podstawowa 38-406 Bratkówka 19;516;101;101;3;98;19.57;2.97;520;227;227;5;222;43.65;2.20
78902;180709;3;Dom Ludowy 38-471 Wojaszówka 115;547;95;95;8;87;17.37;8.42;554;267;267;16;251;48.19;5.99
78903;180709;4;Szkoła Podstawowa 38-471 Łęki Strzyżowskie 87;870;98;98;4;94;11.26;4.08;863;303;303;16;287;35.11;5.28
78904;180709;5;Szkoła Podstawowa 38-406 Ustrobna 1;955;169;169;2;167;17.70;1.18;962;395;395;15;380;41.06;3.80
78905;180709;6;Gimnazjum 38-471 Przybówka 189;655;117;117;4;113;17.86;3.42;651;321;321;14;307;49.31;4.36
78906;180709;7;Budynek b. Szkoły Podstawowej 38-471 Bajdy 77;548;86;86;3;83;15.69;3.49;529;229;229;13;216;43.29;5.68
78907;180709;8;Dom Ludowy 38-471 Wojkówka 33;245;75;75;1;74;30.61;1.33;242;126;126;2;124;52.07;1.59
78908;180709;9;Budynek b. Szkoły Podstawowej 38-471 Łączki Jagiellońskie 19;258;38;38;1;37;14.73;2.63;258;100;100;4;96;38.76;4.00
78909;180709;10;Budynek b. Szkoły Podstawowej 38-471 Pietrusza Wola 51;367;36;36;0;36;9.81;0.00;360;88;88;2;86;24.44;2.27
78910;180709;11;Dom Ludowy 38-406 Odrzykoń, Głębokie ul. Mikołaja Kamienieckiego 131;417;103;103;1;102;24.70;0.97;421;214;214;3;211;50.83;1.40
78911;180710;1;Dom Ludowy 38-485 Jaśliska, Za Murami 30;1599;375;375;17;358;23.45;4.53;1593;739;739;43;696;46.39;5.82
78912;180801;1;Szkoła Podstawowa Nr 1 im. Mikołaja Kopernika 37-300 Leżajsk ul. Grunwaldzka 1;1520;447;447;9;438;29.41;2.01;1532;840;840;8;832;54.83;0.95
78913;180801;2;Szkoła Podstawowa Nr 1 im. Mikołaja Kopernika 37-300 Leżajsk ul. Grunwaldzka 1;1566;433;433;11;422;27.65;2.54;1537;746;746;7;739;48.54;0.94
78914;180801;3;Szkoła Podstawowa Nr 2 im Władysława Broniewskiego 37-300 Leżajsk ul. Mickiewicza 51;1530;396;396;9;387;25.88;2.27;1462;734;734;10;724;50.21;1.36
78915;180801;4;Miejskie Centrum Kultury 37-300 Leżajsk ul. Mickiewicza 61;1491;460;460;11;449;30.85;2.39;1442;704;704;16;688;48.82;2.27
78916;180801;5;Gimnazjum Miejskie im. Władysława Jagiełły 37-300 Leżajsk ul. Skłodowskiej 8;1467;386;386;10;376;26.31;2.59;1403;679;679;10;669;48.40;1.47
78917;180801;6;Zespół Szkół Technicznych im. Tadeusza Kościuszki 37-300 Leżajsk ul. Mickiewicza 67;1637;436;436;12;424;26.63;2.75;1630;857;857;10;847;52.58;1.17
78918;180801;7;Szkoła Podstawowa Nr 3 im. Stefana Wyszyńskiego 37-300 Leżajsk ul. 11-Listopada 8;1617;447;447;13;434;27.64;2.91;1600;851;851;27;824;53.19;3.17
78919;180801;8;Szkoła Podstawowa Nr 3 im. Stefana Wyszyńskiego 37-300 Leżajsk ul. 11-go Listopada 8;869;253;253;8;245;29.11;3.16;881;528;528;4;524;59.93;0.76
91087;180801;9;Szpital Powiatowy w Leżajsku 37-300 Leżajsk ul. Leśna 22;224;24;24;1;23;10.71;4.17;202;63;63;1;62;31.19;1.59
78920;180802;1;budynek Zespołu Szkół im. Jana Pawła II w Grodzisku Dolnym 37-306 Grodzisko Dolne 150;1358;389;389;9;380;28.65;2.31;1350;721;721;27;694;53.41;3.74
78921;180802;2;budynek Domu Wiejskiego w Grodzisku Nowym 37-306 Grodzisko Nowe 274;637;204;204;5;199;32.03;2.45;634;323;323;10;313;50.95;3.10
78922;180802;3;budynek Szkoły Podstawowej w Chodaczowie 37-306 Chodaczów 59A;738;139;139;1;138;18.83;0.72;745;342;342;11;331;45.91;3.22
78923;180802;4;budynek Szkoły Podstawowej w Opaleniskach 37-306 Opaleniska 82A;971;165;165;8;157;16.99;4.85;972;430;430;9;421;44.24;2.09
78924;180802;5;budynek Szkoły Podstawowej w Wólce Grodziskiej 37-306 Wólka Grodziska 116B;630;143;143;1;142;22.70;0.70;625;306;306;3;303;48.96;0.98
78925;180802;6;budynek Zespołu Szkół im. prof. Franciszka Leji w Grodzisku Górnym 37-306 Grodzisko Górne 503;1554;406;406;23;383;26.13;5.67;1540;792;792;25;767;51.43;3.16
78926;180802;7;budynek Ośrodka Kultury w Grodzisku Dolnym 37-306 Grodzisko Dolne 332;688;216;216;2;214;31.40;0.93;673;345;345;13;332;51.26;3.77
78927;180803;1;Gminny Ośrodek Kultury w Kuryłówce 37-303 Kuryłówka 527;1867;366;366;19;347;19.60;5.19;1836;816;816;32;784;44.44;3.92
78928;180803;2;Szkoła Podstawowa w Brzyskiej Woli 37-304 Brzyska Wola 169;1241;259;259;11;248;20.87;4.25;1233;629;629;25;604;51.01;3.97
78929;180803;3;Szkoła Podstawowa w Jastrzębcu 37-304 Jastrzębiec 47;221;92;92;2;90;41.63;2.17;218;121;121;1;120;55.50;0.83
78930;180803;4;Zespół Szkół w Dąbrowicy 37-303 Dąbrowica 6a;518;95;95;7;88;18.34;7.37;506;189;189;13;176;37.35;6.88
78931;180803;5;Szkoła Podstawowa w Kulnie 37-303 Kulno 104;445;78;78;3;75;17.53;3.85;451;190;190;8;182;42.13;4.21
78932;180803;6;Wiejski Dom Kultury w Kolonii Polskiej 37-303 Kolonia Polska 21;344;57;57;4;53;16.57;7.02;346;89;89;5;84;25.72;5.62
78933;180804;1;Zespół Szkół w Wierzawicach 37-300 Wierzawice 396;1351;315;315;8;307;23.32;2.54;1374;693;693;25;668;50.44;3.61
78934;180804;2;Zespół Szkół w Wierzawicach 37-300 Wierzawice 396;1321;314;314;6;308;23.77;1.91;1311;629;629;20;609;47.98;3.18
78935;180804;3;Zespół Szkół w Dębnie 37-305 Dębno 200A;1115;245;245;8;237;21.97;3.27;1092;469;469;18;451;42.95;3.84
78936;180804;4;Zespół Szkół w Giedlarowej 37-300 Giedlarowa 320;1665;420;420;12;408;25.23;2.86;1644;792;792;35;757;48.18;4.42
78937;180804;5;Zespół Szkół w Giedlarowej 37-300 Giedlarowa 320;1625;483;483;20;463;29.72;4.14;1594;913;913;13;900;57.28;1.42
78938;180804;6;Zespół Szkół w Brzózie Królewskiej 37-307 Brzóza Królewska 484;1468;351;351;15;336;23.91;4.27;1470;795;795;25;770;54.08;3.14
78939;180804;7;Zespół Szkół w Brzózie Królewskiej 37-307 Brzóza Królewska 484;1214;317;317;9;308;26.11;2.84;1283;665;665;10;655;51.83;1.50
78940;180804;8;Szkoła Podstawowa w Hucisku 37-311 Hucisko 153;611;127;127;4;123;20.79;3.15;614;319;319;7;312;51.95;2.19
78941;180804;9;Szkoła Podstawowa w Maleniskach 37-307 Maleniska 75;254;86;86;1;85;33.86;1.16;252;133;133;3;130;52.78;2.26
78942;180804;10;Szkoła Podstawowa w Przychojcu 37-300 Przychojec 159;744;104;104;1;103;13.98;0.96;762;287;287;9;278;37.66;3.14
78943;180804;11;Zespół Szkół w Starym Mieście 37-300 Stare Miasto 177a;1341;221;221;10;211;16.48;4.52;1340;554;554;16;538;41.34;2.89
78944;180804;12;Szkoła Podstawowa w Chałupkach Dębniańskich 37-305 Chałupki Dębniańskie 105;738;176;176;6;170;23.85;3.41;732;351;351;14;337;47.95;3.99
78945;180804;13;Zespół Szkół w Piskorowicach 37-300 Piskorowice 106;1246;156;156;8;148;12.52;5.13;1232;451;451;13;438;36.61;2.88
78946;180804;14;Szkoła Podstawowa w Biedaczowie 37-110 Biedaczów 72;1082;312;312;9;303;28.84;2.88;1085;610;610;12;598;56.22;1.97
78947;180805;1;Miejsko-Gminna Biblioteka Publiczna w Nowej Sarzynie 37-310 Nowa Sarzyna ul. Jana Matejki 5;1736;455;455;10;445;26.21;2.20;1671;808;808;10;798;48.35;1.24
78948;180805;2;Szkoła Podstawowa w Nowej Sarzynie 37-310 Nowa Sarzyna ul. Komisji Edukacji Narodowej 5;1669;396;396;17;379;23.73;4.29;1592;777;777;8;769;48.81;1.03
78949;180805;3;Szkoła Podstawowa w Nowej Sarzynie 37-310 Nowa Sarzyna ul. Komisji Edukacji Narodowej 5;867;226;226;12;214;26.07;5.31;842;436;436;16;420;51.78;3.67
78950;180805;4;Miejsko-Zakładowy Klub Sportowy „UNIA” Nowa Sarzyna 37-310 Nowa Sarzyna ul. Józefa Piłsudskiego 2;679;208;208;10;198;30.63;4.81;654;355;355;6;349;54.28;1.69
78951;180805;5;Zespół Szkół w Sarzynie 37-310 Sarzyna 1265;1611;359;359;6;353;22.28;1.67;1592;849;849;20;829;53.33;2.36
78952;180805;6;Zespół Szkół w Sarzynie 37-310 Sarzyna 1265;1485;314;314;8;306;21.14;2.55;1467;700;700;13;687;47.72;1.86
78953;180805;7;Szkoła Podstawowa w Rudzie Łańcuckiej 37-310 Ruda Łańcucka 99;674;194;194;7;187;28.78;3.61;678;402;402;6;396;59.29;1.49
78954;180805;8;Dom Strażaka w Łukowej 37-310 Łukowa 93;528;105;105;3;102;19.89;2.86;524;280;280;14;266;53.44;5.00
78955;180805;9;Szkoła Podstawowa w Jelnej 37-310 Jelna 142 a;1314;325;325;5;320;24.73;1.54;1302;715;715;10;705;54.92;1.40
78956;180805;10;Filia Ośrodka Kultury w sołectwie Judaszówka 37-310 Jelna 328;308;84;84;3;81;27.27;3.57;315;198;198;2;196;62.86;1.01
78957;180805;11;Szkoła Podstawowa w Woli Zarczyckiej 37-311 Wola Zarczycka 128;1360;448;448;9;439;32.94;2.01;1374;801;801;13;788;58.30;1.62
78958;180805;12;Szkoła Podstawowa w Woli Zarczyckiej 37-311 Wola Zarczycka 128;1583;448;448;8;440;28.30;1.79;1589;928;928;12;916;58.40;1.29
78959;180805;13;Szkoła Podstawowa w Wólce Łętowskiej 37-312 Wólka Łętowska 4;466;195;195;3;192;41.85;1.54;465;286;286;5;281;61.51;1.75
78960;180805;14;Szkoła Podstawowa w Łętowni 37-312 Łętownia 286;1092;329;329;5;324;30.13;1.52;1108;615;615;5;610;55.51;0.81
78961;180805;15;Gimnazjum w Majdanie Łętowskim 37-312 Łętownia 118;628;242;242;5;237;38.54;2.07;613;365;365;3;362;59.54;0.82
78962;180805;16;Filia Ośrodka Kultury w sołectwie Gościniec 37-312 Łętownia 510a;446;182;182;3;179;40.81;1.65;454;252;252;3;249;55.51;1.19
78963;180805;17;Szkoła Podstawowa w Tarnogórze 37-310 Tarnogóra 212;679;176;176;4;172;25.92;2.27;668;362;362;7;355;54.19;1.93
78964;180901;1;Przedszkole Nr 2 37-600 Lubaczów ul. Marii Konopnickiej 9;1656;294;294;4;290;17.75;1.36;1582;681;681;15;666;43.05;2.20
78965;180901;2;Szkoła Podstawowa Nr 1 37-600 Lubaczów ul. Konopnickiej 5;1588;432;432;14;418;27.20;3.24;1540;794;794;19;775;51.56;2.39
78966;180901;3;Liceum Ogólnokształcące 37-600 Lubaczów ul. Kościuszki 26;2258;549;549;18;531;24.31;3.28;2274;1094;1094;25;1069;48.11;2.29
78967;180901;4;Szkoła Podstawowa Nr 2 37-600 Lubaczów ul. Słowackiego 9;1825;419;419;15;404;22.96;3.58;1779;858;858;24;834;48.23;2.80
78968;180901;5;Miejski Dom Kultury 37-600 Lubaczów ul. Konopnickiej 2;1786;362;362;10;352;20.27;2.76;1680;806;806;11;795;47.98;1.36
78969;180901;6;SP ZOZ Szpital Powiatowy 37-600 Lubaczów ul. Mickiewicza 168;1170;289;289;9;280;24.70;3.11;1179;629;629;14;615;53.35;2.23
91089;180901;7;SP ZOZ Szpital Powiatowy 37-600 Lubaczów ul. Mickiewicza 168;119;21;21;2;19;17.65;9.52;136;32;32;2;30;23.53;6.25
78970;180902;1;Dom Strażaka 37-611 Chotylub 64;405;111;111;0;111;27.41;0.00;401;180;180;10;170;44.89;5.56
78971;180902;2;Centrum Kultury i Sportu 37-611 Cieszanów ul. Kościuszki 4;1231;233;233;12;221;18.93;5.15;1209;494;494;14;480;40.86;2.83
78972;180902;3;Centrum Edukacji Ekologicznej 37-611 Cieszanów Jana III Sobieskiego 8;867;205;205;8;197;23.64;3.90;849;377;377;9;368;44.41;2.39
78973;180902;4;Wiejski Dom Kultury 37-611 Dachnów 84;1145;276;276;7;269;24.10;2.54;1126;523;523;19;504;46.45;3.63
78974;180902;5;Szkoła Podstawowa 37-611 Kowalówka 7;438;107;107;2;105;24.43;1.87;445;190;190;4;186;42.70;2.11
78975;180902;6;Szkoła Podstawowa 37-611 Niemstów 76;639;95;95;2;93;14.87;2.11;635;258;258;15;243;40.63;5.81
78976;180902;7;Szkoła Podstawowa 37-611 Nowe Sioło 103;577;144;144;9;135;24.96;6.25;555;248;248;12;236;44.68;4.84
78977;180902;8;Wiejski Dom Kultury 37-611 Stary Lubliniec 45;836;163;163;5;158;19.50;3.07;823;301;301;10;291;36.57;3.32
78978;180903;1;Szkoła Podstawowa w Horyńcu-Zdroju 37-620 Horyniec-Zdrój ul.Sobieskiego 8;958;251;251;7;244;26.20;2.79;926;493;493;14;479;53.24;2.84
78979;180903;2;Gimnazjum w Horyńcu-Zdroju 37-620 Horyniec-Zdrój ul.Jana III Sobieskiego 2A;1020;229;229;5;224;22.45;2.18;1036;480;480;20;460;46.33;4.17
78980;180903;3;Szkoła Podstawowa w Werchracie 37-622 Werchrata 45;676;89;89;5;84;13.17;5.62;656;196;196;19;177;29.88;9.69
78981;180903;4;Świetlica wiejska w Nowym Brusnie 37-620 Nowe Brusno 89;486;37;37;1;36;7.61;2.70;480;175;175;9;166;36.46;5.14
78982;180903;5;Świetlica wiejska w Wólce Horynieckiej 37-620 Wólka Horyniecka 33;274;52;52;3;49;18.98;5.77;275;105;105;3;102;38.18;2.86
78983;180903;6;Świetlica wiejska w Horyńcu-Zdroju 37-620 Horyniec-Zdrój Jana III Sobieskiego 9d;732;123;123;10;113;16.80;8.13;727;270;270;5;265;37.14;1.85
91090;180903;7;Zakład Opiekuńczo-Leczniczy „Ostoja” 37-620 Podemszczyzna 18;45;35;35;3;32;77.78;8.57;58;33;33;10;23;56.90;30.30
78984;180904;1;Gminny Ośrodek Kultury w Baszni Dolnej 37-621 Basznia Dolna ul. Jana III Sobieskiego 11;1457;211;211;14;197;14.48;6.64;1445;539;539;17;522;37.30;3.15
78985;180904;2;Świetlica Wiejska w Baszni Górnej 37-621 Basznia Górna 71;428;70;70;1;69;16.36;1.43;431;169;169;9;160;39.21;5.33
78986;180904;3;Gminny Ośrodek Kultury w Krowicy Samej 37-625 Krowica Sama 183;1220;152;152;3;149;12.46;1.97;1209;433;433;12;421;35.81;2.77
78987;180904;4;Zespół Szkół Publicznych w Młodowie 37-600 Młodów ul.Szkolna 48;979;201;201;8;193;20.53;3.98;984;455;455;14;441;46.24;3.08
78988;180904;5;Zespół Szkolno-Przedszkolny w Lisich Jamach 37-600 Lisie Jamy ul.Lwowska 45;1515;293;293;16;277;19.34;5.46;1513;701;701;23;678;46.33;3.28
78989;180904;6;Świetlica Wiejska w Dąbkowie 37-600 Dąbków 101;1086;252;252;9;243;23.20;3.57;1104;479;479;26;453;43.39;5.43
78990;180904;7;Gminny Ośrodek Kultury w Załużu 37-600 Załuże 202;720;163;163;25;138;22.64;15.34;717;283;283;14;269;39.47;4.95
78991;180905;1;Budynek Urzędu Miasta i Gminy Narol 37-610 Narol ul. Rynek 1;1755;306;306;10;296;17.44;3.27;1731;729;729;21;708;42.11;2.88
78992;180905;2;Budynek po byłej Szkole Podstawowej w Lipsku 37-610 Lipsko ul. Mogiłek 1;1343;236;236;9;227;17.57;3.81;1331;508;508;12;496;38.17;2.36
78993;180905;3;Budynek Zespołu Szkół w Łukawicy 37-610 Łukawica 9;954;123;123;14;109;12.89;11.38;957;345;345;16;329;36.05;4.64
78994;180905;4;Budynek po byłej Szkole Podstawowej w Płazowie 37-614 Płazów ul. Szkolna 1;341;96;96;0;96;28.15;0.00;342;144;144;1;143;42.11;0.69
78995;180905;5;Budynek Zespółu Szkół w Rudzie Różanieckiej 37-613 Ruda Różaniecka 187;838;147;147;1;146;17.54;0.68;824;290;290;8;282;35.19;2.76
78996;180905;6;Budynek Szkoły Podstawowowej w Łówczy 37-614 Łówcza 46;396;34;34;1;33;8.59;2.94;392;129;129;14;115;32.91;10.85
78997;180905;7;Budynek po byłej Szkole Podstawowej w Hucie Różanieckiej 37-613 Huta Różaniecka 57;316;107;107;5;102;33.86;4.67;308;145;145;5;140;47.08;3.45
78998;180905;8;Budynek Gminnego Ośrodka Kultury w Narolu 37-610 Narol ul. Warszawska 27;669;96;96;5;91;14.35;5.21;673;283;283;13;270;42.05;4.59
91091;180905;9;Dom Pomocy Społecznej w Rudzie Różanieckiej 37-613 Ruda Różaniecka 53;143;57;57;10;47;39.86;17.54;145;52;52;18;34;35.86;34.62
78999;180906;1;Świetlica wiejska w Futorach 37-630 Futory 40;436;123;123;3;120;28.21;2.44;448;229;229;6;223;51.12;2.62
79000;180906;2;Sala gimnastyczna Domu Dziecka w Nowej Grobli 37 - 631 Nowa Grobla 83;314;70;70;6;64;22.29;8.57;309;143;143;6;137;46.28;4.20
79001;180906;3;Sala gimnastyczna Szkoły Podstawowej w Oleszycach 37-630 Oleszyce Mickiewicza 1;1313;321;321;24;297;24.45;7.48;1296;639;639;20;619;49.31;3.13
79002;180906;4;Zespół Szkół w Oleszycach 37-630 Oleszyce Zielona 1A;1233;274;274;13;261;22.22;4.74;1188;582;582;14;568;48.99;2.41
79003;180906;5;Remiza Strażacka w Starych Oleszycach 37-630 Stare Oleszyce Wiejska 116;808;184;184;11;173;22.77;5.98;807;359;359;11;348;44.49;3.06
79004;180906;6;Dom Strażaka w Starym Siole 37-630 Stare Sioło 98;520;99;99;4;95;19.04;4.04;517;207;207;9;198;40.04;4.35
79005;180906;7;Świetlica wiejska w Zalesiu 37-630 Zalesie 68;524;111;111;6;105;21.18;5.41;524;212;212;7;205;40.46;3.30
79006;180906;8;Świetlica wiejska w Borchowie 37-630 Borchów 22;187;53;53;3;50;28.34;5.66;185;88;88;4;84;47.57;4.55
79007;180907;1;Szkoła Podstawowa w Starym Dzikowie 37-632 Stary Dzików ul. Kościuszki 83;1045;197;197;8;189;18.85;4.06;1038;415;415;27;388;39.98;6.51
79008;180907;2;Szkoła Podstawowa w Cewkowie 37-632 Cewków 81;733;128;128;6;122;17.46;4.69;726;263;263;10;253;36.23;3.80
79009;180907;3;Świetlica wiejska w Cewkowie-Woli 37-632 Cewków 186;514;75;75;3;72;14.59;4.00;498;177;177;6;171;35.54;3.39
79010;180907;4;Świetlica wiejska w Moszczanicy 37-632 Moszczanica 48C;411;119;119;1;118;28.95;0.84;408;181;181;5;176;44.36;2.76
79011;180907;5;Szkoła Podstawowa w Ułazowie 37-632 Ułazów 109;443;68;68;1;67;15.35;1.47;431;160;160;10;150;37.12;6.25
79012;180907;6;Świetlica wiejska w Nowym Dzikowie 37-632 Nowy Dzików 60;522;74;74;1;73;14.18;1.35;512;213;213;4;209;41.60;1.88
79013;180908;1;Świetlica w Kobylnicy Wołoskiej 37-627 Kobylnica Wołoska 4;295;70;70;1;69;23.73;1.43;260;115;115;14;101;44.23;12.17
79014;180908;2;Gimnazjum nr 2 w Łukawcu 37-626 Łukawiec 84;715;146;146;8;138;20.42;5.48;699;287;287;11;276;41.06;3.83
79015;180908;3;Szkoła Podstawowa w Łukawcu 37-626 Łukawiec 84;562;111;111;2;109;19.75;1.80;551;192;219;8;184;34.85;4.17
79016;180908;4;Świetlica OSP w Wielkich Oczach 37-627 Wielkie Oczy Leśna 1;354;82;82;2;80;23.16;2.44;343;170;170;4;166;49.56;2.35
79017;180908;5;Świetlica w Wielkich Oczach 37-627 Wielkie Oczy Leśna 2;731;185;185;4;181;25.31;2.16;721;322;322;8;314;44.66;2.48
79018;180908;6;Świetlica w Bihalach 37-631 Bihale 49;251;53;53;1;52;21.12;1.89;246;117;117;6;111;47.56;5.13
79019;180908;7;Świetlica w Kobylnicy Ruskiej 37-627 Kobylnica Ruska 20;201;53;53;0;53;26.37;0.00;191;75;75;3;72;39.27;4.00
79020;181001;1;Szkoła Podstawowa Nr 2 37-100 Łańcut ul. Tadeusza Kościuszki 17;1785;478;478;7;471;26.78;1.46;1792;1061;1061;18;1043;59.21;1.70
79021;181001;2;Miejska Biblioteka Publiczna w Łańcucie 37-100 Łańcut ul. Stanisława Moniuszki 2;1031;322;322;1;321;31.23;0.31;1010;575;575;3;572;56.93;0.52
79022;181001;3;Miejski Dom Kultury /prawa strona/ 37-100 Łańcut ul. Tadeusza Kościuszki 15;1052;351;351;4;347;33.37;1.14;1023;605;605;16;589;59.14;2.64
79023;181001;4;Miejski Dom Kultury /lewa strona/ 37-100 Łańcut ul. Tadeusza Kościuszki 15;1041;306;306;5;301;29.39;1.63;1014;619;619;7;612;61.05;1.13
79024;181001;5;Publiczne Gimnazjum Nr 1 /sala gimnastyczna-wejście od ul. Adama Mickiewicza/ 37-100 Łańcut ul. Józefa Piłsudskiego 7;1122;308;308;10;298;27.45;3.25;1088;568;568;11;557;52.21;1.94
79025;181001;6;Powiatowe Centrum Kształcenia Praktycznego i Edukacji Zawodowej /wjazd od nowej ulicy Potockich/ 37-100 Łańcut przy ul. Armii Krajowej 51a;1138;332;332;5;327;29.17;1.51;1146;718;718;4;714;62.65;0.56
79026;181001;7;Powiatowe Centrum Kształcenia Praktycznego i Edukacji Zawodowej /wjazd od nowej ulicy Potockich/ 37-100 Łańcut przy ul. Armii Krajowej 51a;1092;323;323;10;313;29.58;3.10;1074;644;644;9;635;59.96;1.40
79027;181001;8;Publiczne Gimnazjum Nr 1 /wejście od ul. Józefa Piłsudskiego/ 37-100 Łańcut ul. Józefa Piłsudskiego 7;1748;436;436;4;432;24.94;0.92;1702;941;941;18;923;55.29;1.91
79028;181001;9;Szkoła Podstawowa Nr 3 /klasa/ 37-100 Łańcut ul. 29 Listopada 23;1012;287;287;2;285;28.36;0.70;1005;604;604;8;596;60.10;1.32
79029;181001;10;Szkoła Podstawowa Nr 3 /sala gimnastyczna/ 37-100 Łańcut ul. 29 Listopada 23;960;269;269;9;260;28.02;3.35;956;583;583;14;569;60.98;2.40
79030;181001;11;Zespół Szkół Nr 1 /strona lewa/ 37-100 Łańcut ul. Jana Kochanowskiego 6;926;176;176;0;176;19.01;0.00;934;528;528;9;519;56.53;1.70
79031;181001;12;Zespół Szkół Nr 1 /prawa strona/ 37-100 Łańcut ul. Jana Kochanowskiego 6;1575;361;361;8;353;22.92;2.22;1542;829;829;15;814;53.76;1.81
91092;181001;13;Centrum Medyczne w Łańcucie Sp. z o.o. 37-100 Łańcut ul.Ignacego Paderewskiego 5;177;10;10;0;10;5.65;0.00;184;30;30;1;29;16.30;3.33
91093;181001;14;Dom Pomocy Społecznej dla Osób w Podeszłym Wieku oraz dla Osób Niepełnosprawnych Fizycznie w Łańcucie 37-100 Łańcut ul.Józefa Piłsudskiego 72;67;24;24;2;22;35.82;8.33;64;34;34;3;31;53.12;8.82
79032;181002;1;Gminny Ośrodek Kultury i Czytelnictwa w Białobrzegach 37-114 Białobrzegi 1;1922;364;364;19;345;18.94;5.22;1958;978;978;23;955;49.95;2.35
79033;181002;2;Dom Kultury w Woli Dalszej 37-100 Wola Dalsza 149;1528;283;283;11;272;18.52;3.89;1541;753;753;22;731;48.86;2.92
79034;181002;3;Dom Kultury w Korniaktowie Północnym 37-114 Korniaktów Północny 33a;1339;376;376;13;363;28.08;3.46;1345;752;752;25;727;55.91;3.32
79035;181002;4;Dom Kultury w Korniaktowie Południowym 37-114 Korniaktów Południowy 2;1066;232;232;11;221;21.76;4.74;1071;530;530;17;513;49.49;3.21
79036;181002;5;Dom Kultury w Dębinie 37-100 Dębina 122b;739;117;117;1;116;15.83;0.85;744;368;368;6;362;49.46;1.63
79037;181003;1;Gminny Ośrodek Kultury i Rekreacji w Czarnej 37-125 Czarna 795;1394;334;334;6;328;23.96;1.80;1409;805;805;16;789;57.13;1.99
79038;181003;2;Zespół Szkół w Woli Małej 37-100 Wola Mała 160;706;192;192;7;185;27.20;3.65;698;410;410;14;396;58.74;3.41
79039;181003;3;Zespół Szkół w Dąbrówkach 37-100 Dąbrówki 211;1281;260;261;7;253;20.30;2.69;1287;698;698;15;683;54.23;2.15
79040;181003;4;Zespół Szkół w Krzemienicy 37-127 Krzemienica 631;1137;398;398;12;386;35.00;3.02;1153;690;690;15;675;59.84;2.17
79041;181003;5;Zespół Szkół w Medyni Głogowskiej 37-126 Medynia Głogowska 426;1671;289;289;8;281;17.30;2.77;1664;922;922;24;898;55.41;2.60
79042;181003;6;Zespół Szkół w Medyni Łańcuckiej 37-126 Medynia Łańcucka 105;1059;217;217;1;216;20.49;0.46;1084;636;636;14;622;58.67;2.20
79043;181003;7;Zespół Szkół w Zalesiu 37-126 Zalesie 123;560;142;142;5;137;25.36;3.52;557;312;312;14;298;56.01;4.49
79044;181003;8;Zespół Szkół w Krzemienicy 37-127 Krzemienica 631;1179;400;400;11;389;33.93;2.75;1165;772;772;16;756;66.27;2.07
79045;181004;1;Zespół Szkół w Albigowej 37-122 Albigowa 489;1151;297;297;7;290;25.80;2.36;1146;615;615;11;604;53.66;1.79
79046;181004;2;Zespół Szkół w Albigowej 37-122 Albigowa 489;1157;333;333;11;322;28.78;3.30;1145;672;672;17;655;58.69;2.53
79047;181004;3;Zespół Szkół w Cierpiszu 37-124 Cierpisz 110a;658;168;168;5;163;25.53;2.98;661;384;384;10;374;58.09;2.60
79048;181004;4;Zespół Szkół w Głuchowie 37-100 Głuchów 443;1357;252;252;5;247;18.57;1.98;1382;771;771;38;733;55.79;4.93
79049;181004;5;Szkoła Podstawowa w Handzlówce 37-123 Handzlówka 264;1234;212;212;1;211;17.18;0.47;1239;562;562;21;541;45.36;3.74
79050;181004;6;Dom Kultury w Kosinie 37-112 Kosina 966;1390;361;361;11;350;25.97;3.05;1433;823;823;17;806;57.43;2.07
79051;181004;7;Dom Kultury w Kosinie 37-112 Kosina 966;1454;342;342;11;331;23.52;3.22;1433;814;814;32;782;56.80;3.93
79052;181004;8;Budynek wielofunkcyjny w Kraczkowej 37-124 Kraczkowa 882;1446;530;530;23;507;36.65;4.34;1465;875;875;14;861;59.73;1.60
79053;181004;9;Budynek wielofunkcyjny w Kraczkowej 37-124 Kraczkowa 882;1426;516;516;10;506;36.19;1.94;1428;854;854;9;845;59.80;1.05
79054;181004;10;Zespół Szkół w Rogóżnie 37-112 Rogóżno 374;936;245;245;0;245;26.18;0.00;940;539;539;19;520;57.34;3.53
79055;181004;11;Przedszkole Publiczne w Soninie 37-100 Sonina 267;1213;301;303;6;295;24.81;1.99;1207;665;665;15;650;55.10;2.26
79056;181004;12;Przedszkole Publiczne w Soninie 37-100 Sonina 267;1194;333;333;8;325;27.89;2.40;1216;723;723;11;712;59.46;1.52
79057;181004;13;Szkoła Podstawowa w Wysokiej 37-100 Wysoka 98;2075;631;631;15;616;30.41;2.38;2081;1268;1268;23;1245;60.93;1.81
79058;181005;1;Centrum Kultury Gminy Markowa w Markowej 37-120 Markowa 1491;1671;344;344;10;334;20.59;2.91;1658;901;901;14;887;54.34;1.55
79059;181005;2;Zespół Szkół w Markowej 37-120 Markowa 1351;1662;327;327;4;323;19.68;1.22;1666;836;836;14;822;50.18;1.67
79060;181005;3;Zespół Szkół im. Jana Raka w Husowie 37-121 Husów 27;1537;249;249;4;245;16.20;1.61;1534;703;703;20;683;45.83;2.84
79061;181005;4;Centrum Kultury Gminy Markowa Filia w Tarnawce 37-121 Tarnawka 282;388;85;85;11;74;21.91;12.94;383;171;171;6;165;44.65;3.51
79062;181006;1;Zespół Szkół Tekstylno-Gospodarczych w Rakszawie 37-111 Rakszawa 325;1532;411;411;13;398;26.83;3.16;1362;820;820;12;808;60.21;1.46
79063;181006;2;Szkoła Podstawowa Nr 1 w Rakszawie 37-111 Rakszawa 347;1103;306;306;8;298;27.74;2.61;1246;681;684;27;654;54.65;3.96
79064;181006;3;Szkoła Podstawowa Nr 2 w Rakszawie 37-111 Rakszawa 677;1175;236;236;12;224;20.09;5.08;924;474;474;22;452;51.30;4.64
79065;181006;4;Szkoła Podstawowa Nr 3 w Rakszawie 37-111 Rakszawa 946;636;112;112;4;108;17.61;3.57;874;405;405;16;389;46.34;3.95
79066;181006;5;Szkoła Podstawowa w Wydrzu 37-110 Wydrze 259;518;127;127;1;126;24.52;0.79;509;262;262;9;253;51.47;3.44
79067;181006;6;Dom Ludowy Rakszawa Kąty 37-111 Rakszawa 1225;447;94;94;8;86;21.03;8.51;447;224;224;11;213;50.11;4.91
79068;181006;7;Szkoła Podstawowa w Węgliskach 37-111 Węgliska 171;347;74;74;3;71;21.33;4.05;343;185;185;2;183;53.94;1.08
79069;181007;1;Zespół Szkół im. Adama Mickiewicza w Żołyni 37-110 Żołynia Górska 2;1335;259;259;10;249;19.40;3.86;1348;631;631;16;615;46.81;2.54
79070;181007;2;Zespół Szkół im. Adama Mickiewicza w Żołyni 37-110 Żołynia ul.Górska 2;1520;390;390;15;375;25.66;3.85;1550;815;815;11;804;52.58;1.35
79071;181007;3;Szkoła Podstawowa w Smolarzynach 37-110 Smolarzyny 134;423;93;93;9;84;21.99;9.68;422;218;218;4;214;51.66;1.83
79072;181007;4;Dom Kultury w Brzózie Stadnickiej 37-110 Brzóza Stadnicka 103;899;242;242;3;239;26.92;1.24;921;522;522;8;514;56.68;1.53
79073;181007;5;Zespół Szkół im. Adama Mickiewicza w Żołyni 37-110 Żołynia Górska 2;1240;261;261;8;253;21.05;3.07;1252;634;634;14;620;50.64;2.21
91094;181007;6;Zakład Pielęgnacyjno-Opiekuńczy w Żołyni 37-110 Żołynia Górska 8;54;20;20;0;20;37.04;0.00;61;25;25;1;24;40.98;4.00
79074;181101;1;Przedszkole Miejskie Nr 8 39-300 Mielec ul. Tańskiego 5;1402;421;421;4;417;30.03;0.95;1393;804;804;8;796;57.72;1.00
79075;181101;2;Warsztat Terapii Zajęciowej 39-300 Mielec ul. Kocjana 15;1508;392;392;4;388;25.99;1.02;1454;757;757;7;750;52.06;0.92
79076;181101;3;Szkoła Podstawowa Nr 9 39-300 Mielec ul. Drzewieckiego 11;1438;329;329;5;324;22.88;1.52;1392;738;738;6;732;53.02;0.81
79077;181101;4;Zespół Szkół Ogólnokształcących Nr 1 39-300 Mielec ul. Tańskiego 3;1359;300;300;7;293;22.08;2.33;1354;679;679;7;672;50.15;1.03
79078;181101;5;Zespół Szkół Ogólnokształcących Nr 1 39-300 Mielec ul.Tańskiego 3;1624;317;317;7;310;19.52;2.21;1557;758;758;12;746;48.68;1.58
79079;181101;6;Przedszkole Miejskie Nr 9 39-300 Mielec ul. Pisarka 23;1345;314;314;12;302;23.35;3.82;1303;657;657;12;645;50.42;1.83
79080;181101;7;Żłobek Miejski Nr 3 39-300 Mielec ul. Pisarka 9;1206;342;342;10;332;28.36;2.92;1162;651;651;10;641;56.02;1.54
79081;181101;8;Szkoła Podstawowa Nr 1 39-300 Mielec ul. Kilińskiego 37;1843;611;611;6;605;33.15;0.98;1837;1124;1124;12;1112;61.19;1.07
79082;181101;9;Szkoła Podstawowa Nr 1 39-300 Mielec ul. Kilińskiego 37;1878;461;461;17;444;24.55;3.69;1819;973;973;8;965;53.49;0.82
79083;181101;10;Szkoła Podstawowa Nr 2 39-300 Mielec ul. Kościuszki 4;1873;604;604;8;596;32.25;1.32;1843;1034;1034;10;1024;56.10;0.97
79084;181101;11;Dom Strażaka 39-300 Mielec ul. Cyranowska 66;1623;426;426;8;418;26.25;1.88;1603;893;893;16;877;55.71;1.79
79085;181101;12;Klub Integracji Społecznej MOPS 39-300 Mielec ul. Pogodna 2;247;52;52;3;49;21.05;5.77;251;118;118;6;112;47.01;5.08
79086;181101;13;Zespół Szkół Nr 2 39-300 Mielec ul. Łąkowa 6;1296;352;352;1;351;27.16;0.28;1256;714;714;5;709;56.85;0.70
79087;181101;14;Zespół Szkół Nr 2 39-300 Mielec ul. Łąkowa 6;1208;345;345;6;339;28.56;1.74;1222;708;708;4;704;57.94;0.56
79088;181101;15;Przedszkole Miejskie Nr 16 39-300 Mielec ul. Chałubińskiego 1;1230;290;290;10;280;23.58;3.45;1189;645;645;7;638;54.25;1.09
79089;181101;16;Żłobek Miejski Nr 7 39-300 Mielec ul.Botaniczna 6;1440;340;340;10;330;23.61;2.94;1388;753;753;13;740;54.25;1.73
79090;181101;17;Szkoła Podstawowa Nr 6 39-300 Mielec ul. Solskiego 8;1908;529;529;11;518;27.73;2.08;1840;971;971;20;951;52.77;2.06
79091;181101;18;Samorządowe Centrum Kultury 39-300 Mielec ul. Aleja Niepodległości 7;1603;406;406;13;393;25.33;3.20;1566;759;759;14;745;48.47;1.84
79092;181101;19;Przedszkole Miejskie Nr 4 39-300 Mielec ul. Spółdzielcza 2;2151;630;630;13;617;29.29;2.06;2106;1154;1154;18;1136;54.80;1.56
79093;181101;20;Przedszkole Miejskie Nr 6 39-300 Mielec ul. Księdza Skargi 15;1707;514;514;5;509;30.11;0.97;1656;913;913;4;909;55.13;0.44
79094;181101;21;Gimnazjum Nr 2 39-300 Mielec ul. Grunwaldzka 7;2014;601;601;10;591;29.84;1.66;1937;1083;1083;15;1068;55.91;1.39
79095;181101;22;Przedszkole Miejskie Nr 7 39-300 Mielec ul. Pułaskiego 3;1490;431;431;12;419;28.93;2.78;1433;775;775;12;763;54.08;1.55
79096;181101;23;Przedszkole Miejskie Nr 12 39-300 Mielec ul. Konopnickiej 4;2277;470;470;28;442;20.64;5.96;2241;1029;1029;20;1009;45.92;1.94
79097;181101;24;Zamiejscowy Ośrodek Dydaktyczny AGH Kraków w Mielcu 39-300 Mielec ul. Skłodowskiej-Curie 4;2174;447;447;9;438;20.56;2.01;2162;892;892;9;883;41.26;1.01
79098;181101;25;Szkoła Podstawowa Nr 3 39-300 Mielec ul. Żeromskiego 30;871;215;215;3;212;24.68;1.40;854;447;447;2;445;52.34;0.45
79099;181101;26;Miejskie Przedsiębiorstwo Gospodarki Komunalnej Sp. z o.o. 39-300 Mielec ul. Wolności 44;1699;533;533;10;523;31.37;1.88;1690;1037;1037;7;1030;61.36;0.68
79100;181101;27;Specjalny Ośrodek Szkolno-Wychowawczy 39-300 Mielec ul. Królowej Jadwigi 1;1520;455;455;9;446;29.93;1.98;1577;968;968;7;961;61.38;0.72
79101;181101;28;Szkoła Podstawowa Nr 11 39-300 Mielec ul. Władysława Warneńczyka 2;1628;425;425;12;413;26.11;2.82;1584;880;880;15;865;55.56;1.70
79102;181101;29;Przedszkole Miejskie Nr 20 39-300 Mielec ul. Władysława Warneńczyka 2;1446;271;271;14;257;18.74;5.17;1413;699;699;12;687;49.47;1.72
79103;181101;30;Dom Pomocy Społecznej 39-300 Mielec ul. Kardynała Wyszyńskiego 16;2176;546;546;5;541;25.09;0.92;2158;1230;1230;28;1202;57.00;2.28
79104;181101;31;Ośrodek Rehabilitacyjno-Edukacyjno-Wychowawczy 39-300 Mielec ul. Wojsławska 278;1679;434;434;7;427;25.85;1.61;1663;935;935;10;925;56.22;1.07
79105;181101;32;Szkoła Podstawowa Nr 12 39-300 Mielec ul. Wandy 11;765;214;214;3;211;27.97;1.40;764;421;421;4;417;55.10;0.95
91095;181101;33;Szpital Powiatowy w Mielcu 39-300 Mielec ul. Żeromskiego 22;322;52;52;1;51;16.15;1.92;235;110;110;3;107;46.81;2.73
91096;181101;34;Dom Pomocy Społecznej w Mielcu 39-300 Mielec ul. Kardynała Wyszyńskiego 16;144;51;51;5;46;35.42;9.80;133;50;50;6;44;37.59;12.00
79106;181102;1;Szkoła Podstawowa w Borowej 39-305 Borowa 248;1289;277;277;10;267;21.49;3.61;1304;726;726;24;702;55.67;3.31
79107;181102;2;Publiczne Gimnazjum w Pławie 39-305 Pławo 73A;461;88;88;0;88;19.09;0.00;460;226;226;16;210;49.13;7.08
79108;181102;3;Budynek szkoły w Woli Pławskiej 39-305 Wola Pławska 36;197;61;61;1;60;30.96;1.64;198;99;99;1;98;50.00;1.01
79109;181102;4;Niepubliczny Zespół Szkół w Górkach 39-306 Górki 29;427;70;70;3;67;16.39;4.29;413;202;202;6;196;48.91;2.97
79110;181102;5;Budynek szkoły w Glinach Wielkich 39-305 Gliny Wielkie 47;278;32;32;4;28;11.51;12.50;275;133;133;11;122;48.36;8.27
79111;181102;6;Dom Ludowy w Łysakówku 39-306 Łysakówek 62;252;52;52;1;51;20.63;1.92;245;119;119;7;112;48.57;5.88
79112;181102;7;Zespół Szkół Społecznych w Glinach Małych 39-305 Gliny Małe 99;521;78;78;1;77;14.97;1.28;530;267;267;6;261;50.38;2.25
79113;181102;8;Dom Strażaka w Surowej 39-306 Surowa 44;216;42;42;1;41;19.44;2.38;218;98;98;2;96;44.95;2.04
79114;181102;9;Dom Wiejsko-Strażacki w Orłowie 39-305 Orłów 6A;211;51;51;1;50;24.17;1.96;209;90;90;4;86;43.06;4.44
79115;181102;10;Niepubliczna Szkoła Podstawowa w Sadkowej Górze 39-305 Sadkowa Góra 148;641;116;116;3;113;18.10;2.59;644;326;326;19;307;50.62;5.83
79116;181103;1;Szkoła Podstawowa w Czerminie 39-304 Czermin 454;1695;293;293;7;286;17.29;2.39;1724;894;894;24;870;51.86;2.68
79117;181103;2;Szkoła Podstawowa w Trzcianie 39-304 Trzciana 289;1396;234;234;8;226;16.76;3.42;1392;633;633;23;610;45.47;3.63
79118;181103;3;Szkoła Podstawowa w Brniu Osuchowskim 39-304 Breń Osuchowski 64;401;51;51;1;50;12.72;1.96;410;170;170;8;162;41.46;4.71
79119;181103;4;Szkoła Podstawowa w Ziempniowie 39-304 Ziempniów 91;423;63;63;2;61;14.89;3.17;431;162;162;5;157;37.59;3.09
79120;181103;5;Szkoła Podstawowa w Otałęży 39-305 Otałęż 15;918;113;113;2;111;12.31;1.77;931;368;368;15;353;39.53;4.08
79121;181103;6;Szkoła Podstawowa w Łysakowie 39-304 Łysaków 191;640;93;93;3;90;14.53;3.23;640;266;266;10;256;41.56;3.76
79122;181104;1;Zespół Szkolno-Gimnazjalny w Gawłuszowicach 39-307 Gawłuszowice 5;405;96;96;4;92;23.70;4.17;394;221;221;9;212;56.09;4.07
79123;181104;2;Dom Strażaka w Krzemienicy 39-307 Krzemienica 76;337;79;79;4;75;23.44;5.06;340;177;177;6;171;52.06;3.39
79124;181104;3;Dom Strażaka w Młodochowie 39-307 Młodochów 28;225;62;62;2;60;27.56;3.23;223;119;119;7;112;53.36;5.88
79125;181104;4;Dom Ludowy w Brzyściu 39-307 Brzyście 123;237;73;73;4;69;30.80;5.48;234;142;142;5;137;60.68;3.52
79126;181104;5;Dom Strażaka w Kliszowie 39-307 Kliszów 108;496;147;147;2;145;29.64;1.36;492;256;256;14;242;52.03;5.47
79127;181104;6;Dom Strażaka w Woli Zdakowskiej 39-307 Wola Zdakowska 99;367;69;69;3;66;18.80;4.35;370;183;183;7;176;49.46;3.83
79128;181104;7;Dom Strażaka w Ostrówku 39-307 Ostrówek 34A;158;27;27;0;27;17.09;0.00;157;62;62;4;58;39.49;6.45
79129;181105;1;Zespół Szkół w Trześni 39-331 Trześń 87;1493;304;304;10;294;20.36;3.29;1497;767;767;21;746;51.24;2.74
79130;181105;2;Samorządowy Ośrodek Kultury i Sportu Gminy Mielec z/s w Chorzelowie 39-331 Chorzelów 307;2234;531;531;9;522;23.77;1.69;2249;1179;1179;35;1144;52.42;2.97
79131;181105;3;Szkoła Podstawowa w Chrząstowie 39-331 Chrząstów 156;575;110;110;3;107;19.13;2.73;573;248;248;11;237;43.28;4.44
79132;181105;4;Szkoła Podstawowa w Książnicach 39-300 Książnice 91;919;213;213;7;206;23.18;3.29;915;462;462;15;447;50.49;3.25
79133;181105;5;Szkoła Podstawowa w Podleszanach 39-300 Podleszany 127;1618;326;326;12;314;20.15;3.68;1631;825;825;30;795;50.58;3.64
79134;181105;6;Zespół Szkół w Woli Mieleckiej 39-300 Wola Mielecka 406;1625;412;412;10;402;25.35;2.43;1640;931;931;17;914;56.77;1.83
79135;181105;7;Szkoła Podstawowa w Rzędzianowicach 39-300 Rzędzianowice 186;1090;188;188;4;184;17.25;2.13;1081;527;527;23;504;48.75;4.36
79136;181105;8;Społeczna Szkoła Podstawowa w Złotnikach 39-300 Złotniki 61;756;238;238;5;233;31.48;2.10;768;438;438;7;431;57.03;1.60
79137;181106;1;Publiczna Szkoła Podstawowa w Padwi Narodowej 39-340 Padew Narodowa ul Jana Pawła II 2;1017;278;278;13;265;27.34;4.68;1025;532;532;17;515;51.90;3.20
79138;181106;2;Publiczna Szkoła Podstawowa w Padwi Narodowej - Filia w Zarówniu 39-340 Zarównie 43;459;140;140;6;134;30.50;4.29;453;245;245;10;235;54.08;4.08
79139;181106;3;Budynek wiejski w Piechotach 39-340 Piechoty 49A;191;64;64;1;63;33.51;1.56;186;100;100;1;99;53.76;1.00
79140;181106;4;Budynek wiejski w Babulach 39-340 Babule 36a;172;41;41;2;39;23.84;4.88;172;83;83;2;81;48.26;2.41
79141;181106;5;Budynek wiejski w Rożniatach 39-340 Rożniaty 17B;316;68;68;3;65;21.52;4.41;298;130;130;5;125;43.62;3.85
79142;181106;6;Świetlica wiejska w Przykopie 39-340 Przykop 47A;249;58;58;3;55;23.29;5.17;246;128;128;8;120;52.03;6.25
79143;181106;7;Wiejski Dom Kultury w Wojkowie 39-340 Wojków 91a;320;94;94;2;92;29.38;2.13;314;158;158;1;157;50.32;0.63
79144;181106;8;Budynek wiejski w Domacynach 39-340 Domacyny 33;192;58;58;1;57;30.21;1.72;193;91;91;2;89;47.15;2.20
79145;181106;9;Publiczna Szkoła Podstawowa w Padwi Narodowej 39-340 Padew Narodowa ul. Jana Pawła II 2;931;259;259;9;250;27.82;3.47;903;452;452;9;443;50.06;1.99
79146;181106;10;Budynek wiejski w Kębłowie 39-340 Kębłów 62B;281;71;71;2;69;25.27;2.82;285;147;147;7;140;51.58;4.76
79147;181106;11;Dom Wielofukcyjny w Zadusznikach 39-340 Zaduszniki 11A;186;43;43;0;43;23.12;0.00;186;84;84;5;79;45.16;5.95
79148;181107;1;Szkoła Podstawowa w Przecławiu 39-320 Przecław ul. Rynek 8;1284;312;312;7;305;24.30;2.24;1317;678;678;25;653;51.48;3.69
79149;181107;2;Szkoła Podstawowa w Kiełkowie 39-320 Kiełków 57a;664;128;128;4;124;19.28;3.12;660;314;314;14;300;47.58;4.46
79150;181107;3;Szkoła Podstawowa w Rzemieniu 39-322 Rzemień 257;1055;282;282;2;280;26.73;0.71;1069;533;533;16;517;49.86;3.00
79151;181107;4;Szkoła Podstawowa w Tuszymie 39-321 Tuszyma 482;1943;378;378;10;368;19.45;2.65;1959;956;956;26;930;48.80;2.72
79152;181107;5;Szkoła Podstawowa w Łączkach Brzeskich 39-320 Łączki Brzeskie 136;831;221;221;4;217;26.59;1.81;824;439;439;11;428;53.28;2.51
79153;181107;6;Szkoła Podstawowa w Dobryninie 39-322 Dobrynin 217;722;132;132;3;129;18.28;2.27;727;347;347;3;344;47.73;0.86
79154;181107;7;Białoborski Dom Kultury 39-321 Biały Bór 139;707;128;128;2;126;18.10;1.56;729;286;286;14;272;39.23;4.90
79155;181107;8;Dom Ludowy w Podolu 39-320 Podole 147;825;179;179;5;174;21.70;2.79;819;434;434;12;422;52.99;2.76
79156;181107;9;Budynek Komunalny Stadion- 39-320 Przecław ul. Wenecka 10;583;117;117;7;110;20.07;5.98;587;259;259;7;252;44.12;2.70
79157;181107;10;Budynek po byłej Szkole Podstawowej w Zaborczu 39-320 Zaborcze 57;387;84;84;1;83;21.71;1.19;388;168;168;6;162;43.30;3.57
79158;181108;1;Szkoła Podstawowa w Radomyślu Wielkim 39-310 Radomyśl Wielki ul.Ogrodowa 1;1121;284;284;9;275;25.33;3.17;1123;611;611;13;598;54.41;2.13
79159;181108;2;Szkoła Podstawowa w Partyni 39-310 Partynia 66;886;220;220;8;212;24.83;3.64;883;481;481;9;472;54.47;1.87
79160;181108;3;Szkoła Podstawowa w Podborzu 39-308 Podborze 101;578;120;120;9;111;20.76;7.50;563;274;274;5;269;48.67;1.82
79161;181108;4;Szkoła Podstawowa w Rudzie 39-315 Ruda 124;1198;146;146;6;140;12.19;4.11;1212;494;494;19;475;40.76;3.85
79162;181108;5;Szkoła Podstawowa w Dąbrówce Wisłockiej 39-315 Dąbrówka Wisłocka 115;535;106;106;5;101;19.81;4.72;544;239;239;9;230;43.93;3.77
79163;181108;6;Szkoła Podstawowa w Zdziarcu 39-311 Zdziarzec 116;735;122;122;5;117;16.60;4.10;736;305;305;9;296;41.44;2.95
79164;181108;7;Szkoła Podstawowa w Dąbiu 39-311 Dąbie 100;753;105;105;2;103;13.94;1.90;760;330;330;10;320;43.42;3.03
79165;181108;8;Szkoła Podstawowa w Żarówce 39-312 Żarówka 64;686;103;103;5;98;15.01;4.85;685;276;276;12;264;40.29;4.35
79166;181108;9;Szkoła Podstawowa w Janowcu 39-312 Janowiec 10;533;89;89;2;87;16.70;2.25;548;234;234;9;225;42.70;3.85
79167;181108;10;Szkoła Podstawowa w Dulczy Wielkiej 39-312 Dulcza Wielka ul.Ks.Kalinowskiego 212/1;1358;167;167;4;163;12.30;2.40;1362;558;558;15;543;40.97;2.69
79168;181108;11;Szkoła Podstawowa w Dulczy Małej 39-310 Dulcza Mała 40;652;125;125;4;121;19.17;3.20;643;272;272;14;258;42.30;5.15
79169;181108;12;Agronomówka w Zgórsku 39-308 Zgórsko 41;350;70;70;0;70;20.00;0.00;358;190;190;2;188;53.07;1.05
79170;181108;13;Gimnazjum Publiczne w Radomyślu Wielkim 39-310 Radomyśl Wielki ul.Klonowa 2;1323;307;307;6;301;23.20;1.95;1344;720;720;20;700;53.57;2.78
79171;181108;14;Dom Strażaka w Pniu 39-310 Pień 41a;251;57;57;5;52;22.71;8.77;253;135;135;11;124;53.36;8.15
79172;181109;1;Szkoła Podstawowa w Tuszowie Narodowym 39-332 Tuszów Narodowy 218;931;266;266;9;257;28.57;3.38;927;560;560;14;546;60.41;2.50
79173;181109;2;Szkoła Podstawowa w Maliniu 39-331 Malinie 220;1323;318;318;9;309;24.04;2.83;1361;735;735;23;712;54.00;3.13
79174;181109;3;Samorządowe Przedszkole w Ławnicy 39-331 Ławnica 118;600;121;121;6;115;20.17;4.96;603;299;299;13;286;49.59;4.35
79175;181109;4;Szkoła Podstawowa w Borkach Nizińskich 39-307 Borki Nizińskie 18;596;163;163;2;161;27.35;1.23;590;327;327;10;317;55.42;3.06
79176;181109;5;Dom Ludowy Jaślany 39-332 Jaślany 279;1087;411;411;8;403;37.81;1.95;1079;671;671;28;643;62.19;4.17
79177;181109;6;Szkoła Podstawowa w Czajkowej 39-332 Czajkowa 60;498;160;160;2;158;32.13;1.25;502;273;273;7;266;54.38;2.56
79178;181109;7;Dom Strażaka w Sarnowie 39-333 Sarnów 43;465;174;174;1;173;37.42;0.57;484;290;290;6;284;59.92;2.07
79179;181109;8;Wiejski Dom Kultury i Rekreacji w Grochowem 39-332 Grochowe 87;732;199;199;3;196;27.19;1.51;759;427;427;8;419;56.26;1.87
79180;181110;1;Zespół Szkolno- Przedszkolny w Wadowicach Górnych 39-308 Wadowice Górne 111;1222;320;320;2;318;26.19;0.62;1250;647;647;18;629;51.76;2.78
79181;181110;2;Szkoła Podstawowa w Woli Wadowskiej 39-308 Wola Wadowska 44;869;118;118;6;112;13.58;5.08;862;360;360;19;341;41.76;5.28
79182;181110;3;Szkoła Podstawowa w Jamach 39-308 Jamy 81;739;172;172;5;167;23.27;2.91;747;341;341;10;331;45.65;2.93
79183;181110;4;Samorządowy Ośrodek Kultury i Rekreacji Gminy Wadowice Górne 39-308 Wadowice Dolne 69;764;141;141;3;138;18.46;2.13;753;331;331;10;321;43.96;3.02
79184;181110;5;Szkoła Podstawowa w Wampierzowie 39-308 Wampierzów 81;907;197;197;10;187;21.72;5.08;923;409;409;26;383;44.31;6.36
79185;181110;6;Szkoła Podstawowa w Izbiskach 39-308 Izbiska 71;556;102;102;1;101;18.35;0.98;550;247;247;3;244;44.91;1.21
79186;181110;7;Dom Ludowy w Piątkowcu 39-308 Piątkowiec 50A;282;82;82;0;82;29.08;0.00;285;170;170;3;167;59.65;1.76
79187;181110;8;Szkoła Podstawowa w Zabrniu 39-308 Zabrnie 85;330;46;46;0;46;13.94;0.00;329;140;140;3;137;42.55;2.14
79188;181110;9;Dom Strażaka w Grzybowie 39-308 Grzybów 18;159;38;38;1;37;23.90;2.63;167;87;87;5;82;52.10;5.75
79189;181201;1;Zespół Szkół w Harasiukach 37-413 Harasiuki 106;934;151;151;6;145;16.17;3.97;924;345;345;7;338;37.34;2.03
79190;181201;2;Publiczna Szkoła Podstawowa w Hucisku 37-413 Hucisko 76 A;754;156;156;12;144;20.69;7.69;745;296;296;18;278;39.73;6.08
79191;181201;3;Zespół Szkół w Hucie Krzeszowskiej 37-413 Huta Krzeszowska ul.Długa 6;1217;164;164;13;151;13.48;7.93;1218;500;500;19;481;41.05;3.80
79192;181201;4;Publiczna Szkoła Podstawowa w Krzeszowie Górnym 37-413 Krzeszów Górny 109;654;91;91;2;89;13.91;2.20;634;243;243;3;240;38.33;1.23
79193;181201;5;Publiczna Szkoła Podstawowa w Goździe 37-413 Gózd 46 A;723;136;136;8;128;18.81;5.88;718;325;325;2;323;45.26;0.62
79194;181201;6;Świetlica w Łazorach I 37-413 Łazory 97 A;815;191;191;14;177;23.44;7.33;832;377;377;7;370;45.31;1.86
79195;181202;1;Gminny Ośrodek Kultury Sportu Turystyki i Rekreacji w Jarocinie 37-405 Jarocin 114;1029;138;138;6;132;13.41;4.35;1042;389;389;12;377;37.33;3.08
79196;181202;2;Publiczna Szkoła Podstawowa w Domostawie 37-405 Domostawa 79;1016;154;154;9;145;15.16;5.84;1011;373;373;17;356;36.89;4.56
79197;181202;3;Szkoła Podstawowa Fundacji „ELEMENTARZ” z Oddziałem Przedszkolnym w Golcach 37-405 Golce 37;305;50;50;3;47;16.39;6.00;292;144;144;4;140;49.32;2.78
79198;181202;4;Budynek Świetlicy Wiejskiej w Majdanie Golczańskim 37-405 Majdan Golczański 61;554;87;87;4;83;15.70;4.60;548;232;232;1;231;42.34;0.43
79199;181202;5;Publiczna Szkoła Podstawowa Mostkach-Sokalach 37-405 Mostki 48;508;95;95;2;93;18.70;2.11;513;216;216;5;211;42.11;2.31
79200;181202;6;Publiczna Szkoła Podstawowa w Szyperkach 37-405 Szyperki 59B;439;87;87;4;83;19.82;4.60;441;196;196;6;190;44.44;3.06
79201;181202;7;Publiczna Szkoła Podstawowa w Zdziarach 37-405 Ździary 1E;595;102;102;5;97;17.14;4.90;592;213;213;4;209;35.98;1.88
79202;181203;1;Szkoła Podstawowa Jeżowe Centrum 37-430 Jeżowe 135;1297;359;359;9;350;27.68;2.51;1292;682;682;25;657;52.79;3.67
79203;181203;2;Szkoła Podstawowa Jeżowe Podgórze 37-430 Jeżowe 412A;1485;379;379;12;367;25.52;3.17;1485;882;882;19;863;59.39;2.15
79204;181203;3;Świetlica wiejska Jeżowe Błądki 37-430 Jeżowe 688;670;188;188;8;180;28.06;4.26;681;383;383;14;369;56.24;3.66
79205;181203;4;Szkoła Podstawowa Jeżowe-Kameralne 37-430 Jeżowe 812D;542;128;128;7;121;23.62;5.47;555;261;261;13;248;47.03;4.98
79206;181203;5;Szkoła Podstawowa w Groblach 37-430 Groble 37;699;147;147;5;142;21.03;3.40;697;346;346;10;336;49.64;2.89
79207;181203;6;Świtlica OSP w Krzywdach 37-430 Krzywdy 152;406;100;100;7;93;24.63;7.00;417;240;240;6;234;57.55;2.50
79208;181203;7;Remiza OSP w Jacie 37-430 Jata 33A;477;136;136;3;133;28.51;2.21;489;261;261;10;251;53.37;3.83
79209;181203;8;Klub Wiejski w Sójkowej 37-430 Sójkowa 57;403;110;110;5;105;27.30;4.55;399;206;206;3;203;51.63;1.46
79210;181203;9;Świetlica wiejska w Zalesiu 37-430 Zalesie 40;394;86;86;1;85;21.83;1.16;399;218;218;7;211;54.64;3.21
79211;181203;10;Szkoła Podstawowa w Cholewianej Górze 37-430 Cholewiana Góra Młynarze 23;768;169;169;6;163;22.01;3.55;780;402;402;14;388;51.54;3.48
79212;181203;11;Świetlica OSP w Nowym Narcie 37-430 Nowy Nart 41;394;93;93;0;93;23.60;0.00;398;187;187;5;182;46.98;2.67
79213;181203;12;Szkoła Podstawowa w Starym Narcie 37-430 Stary Nart 57B;291;53;53;0;53;18.21;0.00;295;124;124;5;119;42.03;4.03
79214;181204;1;Gminny Ośrodek Kultury 37-418 Krzeszów ul. Rynek 9;979;202;202;6;196;20.63;2.97;946;423;423;6;417;44.71;1.42
79215;181204;2;Remiza OSP 37-418 Kamionka Górna 29A;611;93;93;4;89;15.22;4.30;596;277;277;7;270;46.48;2.53
79216;181204;3;Szkoła Podstawowa 37-418 Bystre 72A;946;118;118;1;117;12.47;0.85;942;352;352;9;343;37.37;2.56
79217;181204;4;Remiza OSP 37-418 Koziarnia 33;517;122;122;1;121;23.60;0.82;523;245;245;1;244;46.85;0.41
79218;181204;5;Remiza OSP 37-418 Podolszynka Ordynacka 24;484;95;95;3;92;19.63;3.16;470;209;209;4;205;44.47;1.91
79219;181205;1;Publiczna Szkoła Podstawowa Nr 1 37-400 Nisko ul. Słowackiego 10;1527;479;479;15;464;31.37;3.13;1488;821;821;14;807;55.17;1.71
79220;181205;2;Biblioteka Miejska 37-400 Nisko ul. Kościuszki 1a;664;156;156;8;148;23.49;5.13;650;262;262;9;253;40.31;3.44
79221;181205;3;Gimnazjum Nr 1 37-400 Nisko ul. Szopena 31;1700;425;425;4;421;25.00;0.94;1659;823;823;12;811;49.61;1.46
79222;181205;4;Publiczna Szkoła Podstawowa Nr 3 Nisko-Warchoły 37-400 Nisko ul. Piaskowa 15;1638;368;368;12;356;22.47;3.26;1638;768;768;20;748;46.89;2.60
79223;181205;5;Gimnazjum Nr 3 37-400 Nisko ul. Piaskowa 15;790;141;141;1;140;17.85;0.71;768;330;330;10;320;42.97;3.03
79224;181205;6;Publiczna Szkoła Podstawowa Nr 4 Nisko-Podwolina 37-400 Nisko ul. Dąbrowskiego 8;744;152;152;4;148;20.43;2.63;744;328;328;10;318;44.09;3.05
79225;181205;7;Publiczna Szkoła Podstawowa nr 6 Nisko-Malce 37-400 Nisko ul. Sandomierska 114;1136;301;301;5;296;26.50;1.66;1121;600;600;13;587;53.52;2.17
79226;181205;8;Miejski Zakład Komunalny Nisko 37-400 Nisko ul. Szklarniowa 1;1247;237;237;3;234;19.01;1.27;1261;595;595;6;589;47.18;1.01
79227;181205;9;Publiczna Szkoła Podstawowa Nr 5 37-400 Nisko ul. Tysiąclecia 12a;1160;206;206;9;197;17.76;4.37;1120;486;486;13;473;43.39;2.67
79228;181205;10;Gimnazjum Nr 2 37-400 Nisko ul. Tysiąclecia 12a;1878;378;378;15;363;20.13;3.97;1823;863;863;14;849;47.34;1.62
79229;181205;11;Szkoła Racławice 37-400 Racławice ul. Rudnicka 81;1774;387;387;8;379;21.82;2.07;1779;846;846;14;832;47.55;1.65
79230;181205;12;Publiczna Szkoła Podstawowa w Zarzeczu 37-400 Zarzecze Mickiewicza 45;737;189;189;4;185;25.64;2.12;726;372;372;4;368;51.24;1.08
79231;181205;13;Gimnazjum w Zarzeczu 37-400 Zarzecze Mickiewicza 45;1614;325;325;12;313;20.14;3.69;1599;690;690;19;671;43.15;2.75
79232;181205;14;Zespół Szkół Nowosielec 37-400 Nowosielec 134;1565;348;348;8;340;22.24;2.30;1548;754;754;31;723;48.71;4.11
91097;181205;15;Szpital Powiatowy im.PCK,Nisko 37-400 Nisko Kościuszki 1;188;32;32;0;32;17.02;0.00;153;51;51;6;45;33.33;11.76
91098;181205;16;Areszt Śledczy w Nisku 37-400 Nisko Plac Wolności 15;80;72;72;14;58;90.00;19.44;77;33;33;7;26;42.86;21.21
79233;181206;1;Publiczna Szkoła Podstawowa Nr 1 im. Jana Pawła II 37-420 Rudnik nad Sanem ul. Kończycka 3;1241;227;227;13;214;18.29;5.73;1224;514;514;21;493;41.99;4.09
79234;181206;2;Warsztaty Terapii Zajęciowej 37-420 Rudnik nad Sanem ul. Rzeszowska 35;847;191;191;4;187;22.55;2.09;859;385;385;24;361;44.82;6.23
79235;181206;3;Publiczne Gimnazjum im. Orląt 37-420 Rudnik nad Sanem ul. Piłsudskiego 7;1248;209;209;10;199;16.75;4.78;1215;524;524;27;497;43.13;5.15
79236;181206;4;Miejski Ośrodek Sportu i Rekreacji 37-420 Rudnik nad Sanem ul. Mickiewicza 44;996;192;192;7;185;19.28;3.65;975;445;445;18;427;45.64;4.04
79237;181206;5;Posterunek Energetyczny 37-420 Rudnik nad Sanem ul. Szpitalna 1;862;177;177;6;171;20.53;3.39;851;387;387;15;372;45.48;3.88
79238;181206;6;Publiczna Szkoła Podstawowa Nr 3 37-420 Rudnik nad Sanem ul. Konopnickiej 58;734;145;145;6;139;19.75;4.14;733;330;330;16;314;45.02;4.85
79239;181206;7;Publiczna Szkoła Podstawowa 37-420 Przędzel ul. Mickiewicza 149;1487;221;221;13;208;14.86;5.88;1483;589;589;19;570;39.72;3.23
79240;181206;8;Publiczna Szkoła Podstawowa 37-420 Kopki ul.Podborze 2;1031;185;185;6;179;17.94;3.24;1022;425;425;10;415;41.59;2.35
79241;181207;1;Zespół Szkół w Ulanowie 37-410 Ulanów ul. 11 listopada 5;1230;250;250;8;242;20.33;3.20;1219;554;554;17;537;45.45;3.07
79242;181207;2;Szkoła Podstawowa w Wólce Tanewskiej 37-410 Wólka Tanewska ul. Główna 61;1126;170;170;3;167;15.10;1.76;1118;449;449;12;437;40.16;2.67
79243;181207;3;Dom Ludowy w Hucie Deręgowskiej 37-410 Huta Deręgowska 58A;569;107;107;2;105;18.80;1.87;572;198;198;3;195;34.62;1.52
79244;181207;4;Szkoła Podstawowa w Dąbrówce 37-410 Dąbrówka 15E;619;134;134;5;129;21.65;3.73;603;260;260;10;250;43.12;3.85
79245;181207;5;Zespół Szkół w Kurzynie Średniej 37-410 Kurzyna Średnia 35A;878;144;144;5;139;16.40;3.47;877;393;393;13;380;44.81;3.31
79246;181207;6;Szkoła Podstawowa w Bielinach 37-410 Bieliny ul. Świętego Wojciecha 6;1011;181;181;8;173;17.90;4.42;987;415;415;16;399;42.05;3.86
79247;181207;7;Dom Ludowy w Bukowinie 37-410 Bukowina 93A;271;49;49;1;48;18.08;2.04;264;126;126;4;122;47.73;3.17
79248;181207;8;Dom Ludowy w Bielińcu 37-410 Bieliniec 40B;396;72;72;6;66;18.18;8.33;391;152;152;11;141;38.87;7.24
79249;181207;9;Dom Ludowy w Gliniance 37-410 Glinianka ul. Łączki 8;415;48;48;0;48;11.57;0.00;409;174;174;7;167;42.54;4.02
79250;181207;10;Remiza OSP w Dąbrowicy 37-410 Dąbrowica 68;307;57;57;2;55;18.57;3.51;315;125;125;4;121;39.68;3.20
79251;181207;11;Budynek byłej Szkoły Podstawowej w Borkach 37-410 Borki 11;248;41;41;0;41;16.53;0.00;247;108;108;3;105;43.72;2.78
79252;181301;1;Publiczne Gimnazjum w Birczy 37-740 Bircza Ojca Św. Jana Pawła II 10;969;231;231;11;220;23.84;4.76;981;419;419;28;391;42.71;6.68
79253;181301;2;Publiczne Gimnazjum w Birczy 37-740 Bircza Ojca Św. Jana Pawła II 10;1415;233;233;16;217;16.47;6.87;1450;518;518;24;494;35.72;4.63
79254;181301;3;Szkoła Podstawowa w Leszczawie Dolnej 37-740 Leszczawa Dolna;841;199;199;10;189;23.66;5.03;844;375;375;13;362;44.43;3.47
79255;181301;4;Szkoła Podstawowa w Kuźminie 37-744 Kuźmina;403;119;119;4;115;29.53;3.36;408;175;175;7;168;42.89;4.00
79256;181301;5;Szkoła Podstawowa w Lipie 37-751 Lipa;386;75;75;9;66;19.43;12.00;395;117;117;7;110;29.62;5.98
79257;181301;6;Świetlica wiejska w Brzeżawie 37-751 Brzeżawa;239;84;84;10;74;35.15;11.90;237;80;80;9;71;33.76;11.25
79258;181301;7;Szkoła Podstawowa w Żohatynie 37-751 Żohatyn;327;39;39;8;31;11.93;20.51;323;119;119;4;115;36.84;3.36
79259;181301;8;Świetlica wiejska w Hucie Brzuskiej 37-740 Huta Brzuska;246;47;47;2;45;19.11;4.26;237;94;94;6;88;39.66;6.38
79260;181301;9;Szkoła Podstawowa w Sufczynie 37-740 Sufczyna;624;117;117;10;107;18.75;8.55;628;244;244;21;223;38.85;8.61
79261;181302;1;Szkoła Podstawowa w Bachórcu 37 - 752 Bachórzec 188A;756;90;90;3;87;11.90;3.33;764;282;282;22;260;36.91;7.80
79262;181302;2;Szkoła Podstawowa w Drohobyczce 37 - 753 Drohobyczka 52;715;129;129;9;120;18.04;6.98;704;281;281;16;265;39.91;5.69
79263;181302;3;Urząd Gminy w Dubiecku 37 - 750 Dubiecko ul. Przemyska 10;1341;258;258;8;250;19.24;3.10;1351;566;566;24;542;41.89;4.24
79264;181302;4;Szkoła Podstawowa Nr 1 w Nienadowej 37 - 750 Nienadowa 373;1782;267;267;12;255;14.98;4.49;1777;686;686;22;664;38.60;3.21
79265;181302;5;Była Szkoła Podstawowa w Sielnicy 37 - 750 Sielnica 31;280;29;29;5;24;10.36;17.24;280;81;81;5;76;28.93;6.17
79266;181302;6;Remiza OSP w Tarnawce 37 - 750 Tarnawka;593;117;117;10;107;19.73;8.55;586;206;206;9;197;35.15;4.37
79267;181302;7;Remiza OSP w Kosztowej 37 - 752 Kosztowa 65;317;44;44;2;42;13.88;4.55;316;118;118;6;112;37.34;5.08
79268;181302;8;Szkoła Podstawowa w Hucisku Nienadowskim 37 - 750 Hucisko Nienadowskie 129;394;74;74;8;66;18.78;10.81;394;126;126;13;113;31.98;10.32
79269;181302;9;Szkoła Podstawowa w Przedmieściu Dubieckim 37 - 750 Przedmieście Dubieckie 140;979;145;145;4;141;14.81;2.76;997;397;397;9;388;39.82;2.27
79270;181302;10;Była Szkoła Podstawowa w Śliwnicy 37 - 750 Śliwnica 125A;491;53;53;0;53;10.79;0.00;464;180;180;12;168;38.79;6.67
79271;181303;1;Remiza OSP w Fredropolu 37-734 Fredropol 40;538;75;75;4;71;13.94;5.33;548;218;218;10;208;39.78;4.59
79272;181303;2;Świetlica Wiejska w Sierakoścach 37-743 Sierakośce 63;498;40;40;3;37;8.03;7.50;489;149;149;5;144;30.47;3.36
79273;181303;3;Szkoła Podstawowa w Kniażycach 37-734 Kniażyce 108A;339;51;51;3;48;15.04;5.88;339;143;143;2;141;42.18;1.40
79274;181303;4;Świetlica Wiejska w Huwnikach 37-743 Huwniki 82;544;107;107;5;102;19.67;4.67;553;238;238;11;227;43.04;4.62
79275;181303;5;Świetlica Wiejska w Kalwarii Pacławskiej 37-743 Kalwaria Pacławska 60;256;80;80;3;77;31.25;3.75;269;142;142;3;139;52.79;2.11
79276;181303;6;Świetlica Wiejska w Rybotyczach 37-742 Rybotycze 115;342;68;68;1;67;19.88;1.47;342;149;149;0;149;43.57;0.00
79277;181303;7;Świetlica Wiejska w Aksmanicach 37-734 Aksmanice;381;46;46;2;44;12.07;4.35;388;128;128;6;122;32.99;4.69
79278;181303;8;Świetlica Wiejska w Darowicach 37-734 Darowice 67;238;44;44;5;39;18.49;11.36;237;109;109;3;106;45.99;2.75
79279;181303;9;Świetlica Wiejska w Nowych Sadach 37-743 Nowe Sady;236;36;36;4;32;15.25;11.11;247;74;74;2;72;29.96;2.70
79280;181303;10;Świetlica Wiejska w Młodowicach 37-734 Młodowice 72;292;61;61;2;59;20.89;3.28;293;136;136;7;129;46.42;5.15
79281;181303;11;Świetlica Wiejska w Kupiatyczach 37-734 Kupiatycze 38;446;86;86;2;84;19.28;2.33;437;181;181;7;174;41.42;3.87
79282;181303;12;Świetlica Wiejska w Makowej 37-742 Makowa 10;278;69;69;2;67;24.82;2.90;276;121;121;5;116;43.84;4.13
91099;181303;13;Dom Pomocy Społecznej 37-743 Huwniki 127;62;20;20;1;19;32.26;5.00;69;22;22;5;17;31.88;22.73
79283;181304;1;Gminny Ośrodek Kultury w Krasiczynie 37-741 Krasiczyn 180;1118;270;270;6;264;24.15;2.22;1158;599;599;19;580;51.73;3.17
79284;181304;2;Świetlica Wiejska w Prałkowcach 37-700 Prałkowce 253;717;254;254;9;245;35.43;3.54;720;410;410;11;399;56.94;2.68
79285;181304;3;Świetlica Wiejska w Olszanach 37-741 Olszany 11A;1216;164;164;6;158;13.49;3.66;1245;501;501;22;479;40.24;4.39
79286;181304;4;Świetlica Warsztatów Terapii Zajęciowej w Korytnikach 37-741 Korytniki 14;497;77;77;7;70;15.49;9.09;505;197;197;12;185;39.01;6.09
79287;181304;5;Świetlica Wiejska w Tarnawcach 37-741 Tarnawce 25;400;51;51;0;51;12.75;0.00;411;142;142;6;136;34.55;4.23
79288;181305;1;Świetlica Wiejska w Babicach 37-754 Babice 10;714;153;153;5;148;21.43;3.27;699;293;293;21;272;41.92;7.17
79289;181305;2;Świetlica Wiejska w Bachowie 37-754 Bachów 68A;601;75;75;1;74;12.48;1.33;592;197;197;11;186;33.28;5.58
79290;181305;3;Świetlica Wiejska w Krzywczy 37-755 Krzywcza 97;411;126;126;3;123;30.66;2.38;420;228;228;6;222;54.29;2.63
79291;181305;4;Świetlica Wiejska w Kupnej 37-741 Kupna 19A;200;22;22;0;22;11.00;0.00;200;57;57;1;56;28.50;1.75
79292;181305;5;Świetlica Wiejska w Reczpolu 37-755 Reczpol 87;614;196;196;3;193;31.92;1.53;623;316;316;7;309;50.72;2.22
79293;181305;6;Świetlica Wiejska w Ruszelczycach 37-755 Ruszelczyce 55;472;72;72;3;69;15.25;4.17;474;220;220;3;217;46.41;1.36
79294;181305;7;Świetlica Wiejska w Skopowie 37-754 Skopów 103A;375;56;56;2;54;14.93;3.57;376;140;140;13;127;37.23;9.29
79295;181305;8;Świetlica Wiejska w Średniej 37-755 Średnia 29A;190;28;28;4;24;14.74;14.29;183;48;48;4;44;26.23;8.33
79296;181305;9;Świetlica Wiejska w Woli Krzywieckiej 37-755 Wola Krzywiecka 70A;408;96;96;2;94;23.53;2.08;406;164;164;6;158;40.39;3.66
79297;181306;1;Szkoła Podstawowa w Hureczku 37-705 Hureczko 100;369;104;104;2;102;28.18;1.92;364;190;190;8;182;52.20;4.21
79298;181306;2;Remiza OSP w Hurku 37-705 Hurko 35;460;91;91;3;88;19.78;3.30;465;187;187;5;182;40.22;2.67
79299;181306;3;Świetlica Wiejska w Jaksmanicach 37-705 Jaksmanice 76;414;60;60;1;59;14.49;1.67;411;163;163;10;153;39.66;6.13
79300;181306;4;Świetlica Wiejska w Lesznie 37-723 Leszno 73;526;73;73;5;68;13.88;6.85;520;190;190;10;180;36.54;5.26
79301;181306;5;Hala Sportowa w Medyce 37-732 Medyka;1095;300;300;8;292;27.40;2.67;1089;567;567;13;554;52.07;2.29
79302;181306;6;Hala Sportowa w Medyce 37-732 Medyka;1007;200;200;6;194;19.86;3.00;994;450;450;22;428;45.27;4.89
79303;181306;7;Szkoła Podstawowa w Siedliskach 37-705 Siedliska 115;553;88;88;2;86;15.91;2.27;565;240;240;12;228;42.48;5.00
79304;181306;8;Szkoła Podstawowa w Torkach 37-732 Torki 29;682;127;127;8;119;18.62;6.30;691;288;288;12;276;41.68;4.17
91100;181306;9;Zakład Karny w Medyce 37-732 Medyka 404B;203;83;83;10;73;40.89;12.05;227;129;129;9;120;56.83;6.98
79305;181307;1;Dom Ludowy w Orłach 37-716 Orły Przemyska 2;968;238;238;9;229;24.59;3.78;974;465;465;7;458;47.74;1.51
79306;181307;2;Dom Ludowy w Zadąbrowiu 37-716 Zadąbrowie 80B;782;138;138;5;133;17.65;3.62;764;310;310;17;293;40.58;5.48
79307;181307;3;Szkoła Podstawowa w Nizinach 37-716 Niziny 291;765;115;115;3;112;15.03;2.61;781;311;311;18;293;39.82;5.79
79308;181307;4;Ośrodek społeczno-kulturalny i rekreacyjno-sportowy w Małkowicach 37-716 Małkowice 102;727;151;151;2;149;20.77;1.32;734;367;367;13;354;50.00;3.54
79309;181307;5;Dom Ludowy w Walawie 37-716 Walawa 83;603;163;163;6;157;27.03;3.68;604;293;293;12;281;48.51;4.10
79310;181307;6;Dom Ludowy w Duńkowiczkach 37-716 Duńkowiczki 160;310;92;92;1;91;29.68;1.09;316;167;167;10;157;52.85;5.99
79311;181307;7;Dom Ludowy w Drohojowie 37-716 Drohojów 36;398;89;89;8;81;22.36;8.99;392;178;178;11;167;45.41;6.18
79312;181307;8;Dom Ludowy w Hnatkowicach 37-717 Hnatkowice 182;314;83;83;1;82;26.43;1.20;338;181;181;8;173;53.55;4.42
79313;181307;9;Dom Ludowy w Wacławicach 37-717 Wacławice 55;821;139;139;5;134;16.93;3.60;809;362;362;11;351;44.75;3.04
79314;181307;10;Sala sportowa przy Szkole Podstawowej w Kaszycach 37-717 Kaszyce 213A;662;154;154;5;149;23.26;3.25;648;323;323;15;308;49.85;4.64
79315;181307;11;Dom Ludowy w Ciemięrzowicach 37-717 Ciemięrzowice 74;232;85;85;8;77;36.64;9.41;240;121;121;7;114;50.42;5.79
79316;181307;12;Dom Ludowy w Olszynce 37-717 Olszynka 97;323;66;66;0;66;20.43;0.00;318;124;124;5;119;38.99;4.03
79317;181308;1;Zespół Szkół w Krównikach 37-700 Krówniki 168A;470;90;90;2;88;19.15;2.22;485;247;247;8;239;50.93;3.24
79318;181308;2;Świetlica Wiejska w Łuczycach 37-705 Łuczyce 31;550;90;90;7;83;16.36;7.78;567;211;211;8;203;37.21;3.79
79319;181308;3;Świetlica Wiejska w Hermanowicach 37-733 Hermanowice 34;782;148;148;13;135;18.93;8.78;792;354;354;20;334;44.70;5.65
79320;181308;4;Zespół Szkół w Nehrybce 37-733 Nehrybka 188a;876;143;143;2;141;16.32;1.40;857;396;396;10;386;46.21;2.53
79321;181308;5;Świetlica Wiejska w Pikulicach 37-733 Pikulice 23;426;86;86;7;79;20.19;8.14;427;201;201;6;195;47.07;2.99
79322;181308;6;Zespół Szkół w Grochowcach 37-733 Grochowce 27;628;194;194;5;189;30.89;2.58;648;370;370;7;363;57.10;1.89
79323;181308;7;Świetlica Wiejska w Witoszyńcach 37-733 Witoszyńce 72a;333;61;61;4;57;18.32;6.56;340;138;138;4;134;40.59;2.90
79324;181308;8;Świetlica Wiejska w Wapowcach 37-700 Wapowce 5a;369;95;95;3;92;25.75;3.16;392;193;193;16;177;49.23;8.29
79325;181308;9;Świetlica Wiejska w Łętowni 37-700 Łętownia 61;545;152;152;5;147;27.89;3.29;551;281;281;12;269;51.00;4.27
79326;181308;10;Świetlica Wiejska w Kuńkowcach 37-700 Kuńkowce 135;530;137;137;1;136;25.85;0.73;526;250;250;5;245;47.53;2.00
79327;181308;11;Zespół Szkół w Ostrowie 37-700 Ostrów 29;1781;474;474;4;470;26.61;0.84;1836;1017;1018;11;1006;55.39;1.08
79328;181308;12;Zespół Szkół w Ujkowicach 37-713 Ujkowice 159;829;137;137;6;131;16.53;4.38;822;347;347;14;333;42.21;4.03
79329;181309;1;Swietlica Wiejska w Gajach 37-724 Hruszowice 64;264;34;34;2;32;12.88;5.88;261;103;103;2;101;39.46;1.94
79330;181309;2;Szkoła Podstawowa w Kalnikowie 37-724 Kalników 88;927;150;150;8;142;16.18;5.33;928;294;294;14;280;31.68;4.76
79331;181309;3;Świetlica wiejska w Nakle 37-723 Nakło 61;604;92;92;9;83;15.23;9.78;601;193;193;12;181;32.11;6.22
79332;181309;4;Sala Narad Urzędu Gminy Stubno 37-723 Stubno 69A;1051;173;173;8;165;16.46;4.62;1034;400;400;16;384;38.68;4.00
79333;181309;5;Świetlica Wiejska w Stubienku 37-723 Stubienko 47;378;81;81;5;76;21.43;6.17;381;155;155;6;149;40.68;3.87
79334;181310;1;Dom Ludowy 37-713 Batycze 120;241;22;22;2;20;9.13;9.09;247;122;122;13;109;49.39;10.66
79335;181310;2;Szkoła Podstawowa 37-722 Bolestraszyce 156;1353;399;399;24;375;29.49;6.02;1358;686;686;34;652;50.52;4.96
79336;181310;3;Szkoła Podstawowa 37-710 Buszkowice 138;713;177;177;9;168;24.82;5.08;701;367;367;8;359;52.35;2.18
79337;181310;4;Dom Ludowy 37-710 Buszkowiczki 38;519;148;148;4;144;28.52;2.70;524;296;296;6;290;56.49;2.03
79338;181310;5;Dom Ludowy 37-713 Kosienice 103B;708;101;101;10;91;14.27;9.90;712;296;296;16;280;41.57;5.41
79339;181310;6;Dom Ludowy 37-713 Maćkowice 8;814;147;147;14;133;18.06;9.52;812;317;317;21;296;39.04;6.62
79340;181310;7;Dom Ludowy 37-712 Orzechowce 85;823;152;152;7;145;18.47;4.61;809;369;369;13;356;45.61;3.52
79341;181310;8;Dom ludowy 37-722 Wyszatyce 162A;1121;235;235;11;224;20.96;4.68;1127;511;511;15;496;45.34;2.94
79342;181310;9;Polski Dom Katolicki w Żurawicy 37-710 Żurawica ul. Wojska Polskiego 1;1349;380;380;16;364;28.17;4.21;1333;687;687;20;667;51.54;2.91
79343;181310;10;Urząd Gminy w Żurawicy 37-710 Żurawica ul. Ojca Św. Jana Pawla II 1;1333;421;421;19;402;31.58;4.51;1343;763;763;24;739;56.81;3.15
79344;181310;11;Szkoła Podstawowa Nr 2 w Żurawicy 37-710 Żurawica Kardynała Stefana Wyszyńskiego 4;1285;358;358;12;346;27.86;3.35;1292;636;636;17;619;49.23;2.67
91101;181310;12;Wojewódzki Podkarpacki Szpital Psychiatryczny 37-710 Żurawica Różana 9;175;34;34;11;23;19.43;32.35;159;37;37;7;30;23.27;18.92
79345;181401;1;Środowiskowy Dom Samopomocy 37-200 Przeworsk ul. Niepodległości 9;895;238;238;11;227;26.59;4.62;850;475;475;12;463;55.88;2.53
79346;181401;2;Zespół Szkół Ogólnokształcących i Zawodowych 37-200 Przeworsk ul. Szkolna 6;746;179;180;6;173;23.99;3.35;745;401;401;3;398;53.83;0.75
79347;181401;3;Zespół Szkół Ogólnokształcących i Zawodowych 37-200 Przeworsk ul. Szkolna 6;865;206;206;6;200;23.82;2.91;838;450;450;9;441;53.70;2.00
79348;181401;4;Urząd Miasta Przeworska 37-200 Przeworsk ul. Jagiellońska 10;974;258;258;9;249;26.49;3.49;958;504;504;13;491;52.61;2.58
79349;181401;5;Szkoła Podstawowa Nr 1 37-200 Przeworsk ul. Marii Konopnickiej 5;1783;414;414;17;397;23.22;4.11;1763;904;904;22;882;51.28;2.43
79350;181401;6;Szkoła Podstawowa Nr 2 37-200 Przeworsk ul. Lwowska 11;946;213;213;3;210;22.52;1.41;928;455;455;9;446;49.03;1.98
79351;181401;7;Wyższa Szkoła Społeczno-Gospodarcza 37-200 Przeworsk ul. Gimnazjalna 35;948;246;246;4;242;25.95;1.63;959;558;558;7;551;58.19;1.25
79352;181401;8;Miejski Klub Kultury 37-200 Przeworsk ul. Wiejska 68;881;176;176;6;170;19.98;3.41;876;466;466;8;458;53.20;1.72
79353;181401;9;Gimnazjum Nr 1 37-200 Przeworsk ul. Misiągiewicza 10;963;268;268;8;260;27.83;2.99;940;503;503;10;493;53.51;1.99
79354;181401;10;Gimnazjum Nr 1 37-200 Przeworsk Misiągiewicza 10;977;235;235;6;229;24.05;2.55;952;533;533;11;522;55.99;2.06
79355;181401;11;Zespół Szkół Zawodowych 37-200 Przeworsk Ignacego Krasickiego 9;1547;380;380;14;366;24.56;3.68;1513;853;853;12;841;56.38;1.41
79356;181401;12;Szkoła Podstawowa Nr 1 37-200 Przeworsk Marii Konopnickiej 5;795;160;160;1;159;20.13;0.62;803;418;418;8;410;52.05;1.91
79357;181401;13;Szkoła Podstawowa Nr 3 37-200 Przeworsk Gorliczyńska 148;573;144;144;4;140;25.13;2.78;573;304;304;13;291;53.05;4.28
91102;181401;14;Samodzielny Publiczny Zakład Opieki Zdrowotnej 37-200 Przeworsk Szpitalna 16;148;10;10;0;10;6.76;0.00;110;69;69;2;67;62.73;2.90
79358;181402;1;Gimnazjum im. Anny Jenke w Adamówce 37-534 Adamówka 180;949;164;164;5;159;17.28;3.05;960;412;412;22;390;42.92;5.34
79359;181402;2;Świetlica Wiejska w Cieplicach 37-534 Cieplice 46;664;105;105;2;103;15.81;1.90;653;277;277;9;268;42.42;3.25
79360;181402;3;Szkoła Podstawowa im Bł. Ks. Jerzego Popiełuszki w Majdanie Sieniawskim 37-534 Majdan Sieniawski 197;1167;236;236;13;223;20.22;5.51;1151;590;590;35;555;51.26;5.93
79361;181402;4;Świetlica Wiejska w Krasnem 37-534 Krasne 30;584;84;84;0;84;14.38;0.00;578;222;222;11;211;38.41;4.95
79362;181403;1;Gminny Ośrodek Kultury w Gaci 37-207 Gać 275 A;1243;268;268;13;255;21.56;4.85;1245;595;595;26;569;47.79;4.37
79363;181403;2;Dom Ludowy w Białobokach 37-207 Białoboki 4;567;102;102;5;97;17.99;4.90;559;307;307;13;294;54.92;4.23
79364;181403;3;Szkoła Podstawowa w Ostrowie 37-207 Ostrów 5A;500;88;88;1;87;17.60;1.14;501;199;199;10;189;39.72;5.03
79365;181403;4;Świetkica wiejska w Mikulicach (budynek byłej remizy OSP) 37-220 Mikulice 113A;415;61;61;2;59;14.70;3.28;401;155;155;5;150;38.65;3.23
79366;181403;5;Zespół Szkół w Dębowie 37-220 Dębów 47;968;195;195;9;186;20.14;4.62;984;502;502;19;483;51.02;3.78
79367;181404;1;Sala narad Urzędu Gminy Jawornik Polski 37-232 Jawornik Polski 30;1685;329;329;24;305;19.53;7.29;1696;762;762;49;713;44.93;6.43
79368;181404;2;Remiza OSP Hadle Szklarskie 37-232 Hadle Szklarskie 62;683;153;153;10;143;22.40;6.54;687;303;303;16;287;44.10;5.28
79369;181404;3;Remiza OSP Hucisko Jawornickie 37-230 Hucisko Jawornickie 267;335;89;89;7;82;26.57;7.87;331;155;155;7;148;46.83;4.52
79370;181404;4;Zespół Szkół Nr 2 w Manasterzu 37-230 Manasterz 575;1147;222;222;15;207;19.35;6.76;1155;441;441;24;417;38.18;5.44
79371;181405;1;Ośrodek Kultury Miasta i Gminy w Kańczudze 37-220 Kańczuga ul. Parkowa 1A;1330;253;254;11;242;19.02;4.35;1331;597;597;27;570;44.85;4.52
79372;181405;2;Zespół Szkolno - Gimnazjalny w Krzeczowicach 37-220 Krzeczowice 56A;936;135;135;7;128;14.42;5.19;951;400;400;14;386;42.06;3.50
79373;181405;3;Dom Kultury w Łopuszce Wielkiej 37-222 Łopuszka Wielka 134;1261;190;190;26;164;15.07;13.68;1270;517;517;34;483;40.71;6.58
79374;181405;4;Zespół Szkolno - Gimnazjalny w Pantalowicach 37-224 Pantalowice 158;944;166;166;9;157;17.58;5.42;938;338;338;17;321;36.03;5.03
79375;181405;5;Zespół Szkolno - Gimnazjalny w Rączynie 37-223 Rączyna 146;821;131;131;4;127;15.96;3.05;830;306;306;17;289;36.87;5.56
79376;181405;6;Dom Strażaka w Sieteszy 37-206 Sietesz 286;1554;395;395;18;377;25.42;4.56;1527;544;544;12;532;35.63;2.21
79377;181405;7;Zespół Szkolno - Gimnazjalny w Siedleczce 37-225 Siedleczka 179;871;160;160;11;149;18.37;6.88;864;368;368;12;356;42.59;3.26
