nrk;nro;adres;lwug;lkw;lkwzu;lgnw;lgw;freq;pgnw
020101_29325_42050;22;;62;10;10;1;9;16.13;10.00
020101_29326_42050;23;;281;11;11;4;7;3.91;36.36
020101_29327_42050;24;;45;34;34;12;22;75.56;35.29
020101_3369_42050;1;;1553;664;664;98;566;42.76;14.76
020101_3370_42050;2;;1388;591;591;46;545;42.58;7.78
020101_3371_42050;3;;1525;630;630;81;549;41.31;12.86
020101_3372_42050;4;;1566;724;724;116;608;46.23;16.02
020101_3373_42050;5;;1509;598;598;138;460;39.63;23.08
020101_3374_42050;6;;1512;499;499;112;387;33.00;22.44
020101_3375_42050;7;;1505;708;708;108;600;47.04;15.25
020101_3376_42050;8;;1485;748;748;83;665;50.37;11.10
020101_3377_42050;9;;1520;620;620;70;550;40.79;11.29
020101_3378_42050;10;;1569;742;742;101;641;47.29;13.61
020101_3379_42050;11;;1577;695;695;86;609;44.07;12.37
020101_3380_42050;12;;1491;692;692;82;610;46.41;11.85
020101_3381_42050;13;;1577;656;656;103;553;41.60;15.70
020101_3382_42050;14;;1554;680;680;138;542;43.76;20.29
020101_3383_42050;15;;1389;485;485;136;349;34.92;28.04
020101_3384_42050;16;;1445;537;537;77;460;37.16;14.34
020101_3385_42050;17;;1452;564;564;102;462;38.84;18.09
020101_3386_42050;18;;1418;512;512;83;429;36.11;16.21
020101_3387_42050;19;;1537;651;651;112;539;42.36;17.20
020101_3388_42050;20;;1467;650;650;131;519;44.31;20.15
020101_3389_42050;21;;1479;579;579;105;474;39.15;18.13
020102_3390_42050;1;;876;357;357;75;282;40.75;21.01
020102_3391_42050;2;;823;433;433;76;357;52.61;17.55
020102_3392_42050;3;;726;363;363;87;276;50.00;23.97
020102_3393_42050;4;;659;395;395;117;278;59.94;29.62
020102_3394_42050;5;;796;307;307;60;247;38.57;19.54
020102_3395_42050;6;;1334;627;627;179;448;47.00;28.55
020102_3396_42050;7;;1228;403;403;90;313;32.82;22.33
020102_3397_42050;8;;1452;689;689;165;524;47.45;23.95
020102_3398_42050;9;;1329;570;570;91;479;42.89;15.96
020102_3399_42050;10;;933;457;457;90;367;48.98;19.69
020102_3400_42050;11;;775;420;420;100;320;54.19;23.81
020103_3401_42050;1;;1876;1261;1261;341;920;67.22;27.04
020103_3403_42050;3;;1229;722;722;191;531;58.75;26.45
020103_3404_42050;4;;569;371;371;156;215;65.20;42.05
020104_29328_42050;12;;63;8;8;2;6;12.70;25.00
020104_3405_42050;1;;859;388;388;110;278;45.17;28.35
020104_3406_42050;2;;847;431;431;147;284;50.89;34.11
020104_3407_42050;3;;538;217;217;54;163;40.33;24.88
020104_3408_42050;4;;1130;395;395;66;329;34.96;16.71
020104_3409_42050;5;;976;394;394;97;297;40.37;24.62
020104_3410_42050;6;;729;260;260;66;194;35.67;25.38
020104_3411_42050;7;;1682;724;724;212;512;43.04;29.28
020104_3412_42050;8;;1705;778;778;214;564;45.63;27.51
020104_3413_42050;9;;773;310;310;103;207;40.10;33.23
020104_3414_42050;10;;1563;602;602;145;457;38.52;24.09
020104_3415_42050;11;;1156;497;497;121;376;42.99;24.35
020105_3416_42050;1;;854;448;448;142;306;52.46;31.70
020105_3417_42050;2;;1295;614;614;163;451;47.41;26.55
020105_3418_42050;3;;441;240;240;78;162;54.42;32.50
020105_3419_42050;4;;598;270;270;85;185;45.15;31.48
020105_3420_42050;5;;894;370;370;103;267;41.39;27.84
020105_3421_42050;6;;343;71;71;27;44;20.70;38.03
020105_3422_42050;7;;1002;484;484;142;342;48.30;29.34
020106_3423_42050;1;;957;524;524;111;413;54.75;21.18
020106_3424_42050;2;;1491;564;564;147;417;37.83;26.06
020106_3425_42050;3;;1097;496;496;128;368;45.21;25.81
020106_3426_42050;4;;1315;669;669;150;519;50.87;22.42
020106_3427_42050;5;;1034;394;394;129;265;38.10;32.74
020106_3428_42050;6;;803;373;373;80;293;46.45;21.45
020201_30796_42049;22;;45;12;12;2;10;26.67;16.67
020201_3429_42049;1;;1166;451;451;71;380;38.68;15.74
020201_3430_42049;2;;1398;486;486;127;359;34.76;26.13
020201_3431_42049;3;;1369;480;480;77;403;35.06;16.04
020201_3432_42049;4;;1446;622;622;84;538;43.02;13.50
020201_3433_42049;5;;1164;485;485;89;396;41.67;18.35
020201_3434_42049;6;;1116;502;502;70;432;44.98;13.94
020201_3435_42049;7;;1438;550;550;84;466;38.25;15.27
020201_3436_42049;8;;1291;548;548;97;451;42.45;17.70
020201_3437_42049;9;;1246;503;503;68;435;40.37;13.52
020201_3438_42049;10;;1174;501;501;66;435;42.67;13.17
020201_3439_42049;11;;1144;472;472;87;385;41.26;18.43
020201_3440_42049;12;;1149;455;455;70;385;39.60;15.38
020201_3441_42049;13;;1048;411;411;79;332;39.22;19.22
020201_3442_42049;14;;1266;537;537;64;473;42.42;11.92
020201_3443_42049;15;;1268;476;476;67;409;37.54;14.08
020201_3444_42049;16;;1084;429;429;71;358;39.58;16.55
020201_3445_42049;17;;1049;379;379;66;313;36.13;17.41
020201_3446_42049;18;;1263;418;418;110;308;33.10;26.32
020201_3447_42049;19;;1262;492;492;144;348;38.99;29.27
020201_3448_42049;20;;1249;508;508;50;458;40.67;9.84
020201_3449_42049;21;;958;280;280;36;244;29.23;12.86
020202_29329_42049;22;;130;36;36;8;28;27.69;22.22
020202_29330_42049;23;;71;7;7;2;5;9.86;28.57
020202_3450_42049;1;;1382;442;442;89;353;31.98;20.14
020202_3451_42049;2;;1303;332;332;58;274;25.48;17.47
020202_3452_42049;3;;1396;432;432;65;367;30.95;15.05
020202_3453_42049;4;;1443;449;449;78;371;31.12;17.37
020202_3454_42049;5;;1387;536;536;110;426;38.64;20.52
020202_3455_42049;6;;1135;461;461;51;410;40.62;11.06
020202_3456_42049;7;;1576;587;587;85;502;37.25;14.48
020202_3457_42049;8;;1210;462;462;87;375;38.18;18.83
020202_3458_42049;9;;1151;466;466;51;415;40.49;10.94
020202_3459_42049;10;;1409;497;497;60;437;35.27;12.07
020202_3460_42049;11;;1308;517;517;58;459;39.53;11.22
020202_3461_42049;12;;1208;493;493;41;452;40.81;8.32
020202_3462_42049;13;;1217;467;467;42;425;38.37;8.99
020202_3463_42049;14;;1297;488;488;52;436;37.63;10.66
020202_3464_42049;15;;1200;567;567;45;522;47.25;7.94
020202_3465_42049;16;;1270;518;518;59;459;40.79;11.39
020202_3466_42049;17;;1330;424;424;56;368;31.88;13.21
020202_3467_42049;18;;1443;525;525;76;449;36.38;14.48
020202_3468_42049;19;;1432;606;606;68;538;42.32;11.22
020202_3469_42049;20;;1437;378;378;85;293;26.30;22.49
020202_3470_42049;21;;1398;322;322;49;273;23.03;15.22
020203_3471_42049;1;;1029;518;518;136;382;50.34;26.25
020203_3472_42049;2;;2043;610;610;0;610;29.86;0.00
020203_3473_42049;3;;1494;736;736;155;581;49.26;21.06
020203_3474_42049;4;;1433;618;618;184;434;43.13;29.77
020203_3475_42049;5;;430;247;247;58;189;57.44;23.48
020203_3476_42049;6;;681;319;319;73;246;46.84;22.88
020203_3477_42049;7;;594;306;306;81;225;51.52;26.47
020204_3478_42049;1;;1699;717;717;181;536;42.20;25.24
020204_3479_42049;2;;1921;843;843;182;661;43.88;21.59
020204_3480_42049;3;;1721;792;792;198;594;46.02;25.00
020205_30763_42049;13;;60;25;25;3;22;41.67;12.00
020205_3481_42049;1;;638;260;260;61;199;40.75;23.46
020205_3482_42049;2;;577;296;296;54;242;51.30;18.24
020205_3483_42049;3;;424;246;246;54;192;58.02;21.95
020205_3484_42049;4;;544;270;270;59;211;49.63;21.85
020205_3485_42049;5;;441;200;200;57;143;45.35;28.50
020205_3486_42049;6;;866;403;403;92;311;46.54;22.83
020205_3487_42049;7;;548;291;291;70;221;53.10;24.05
020205_3488_42049;8;;395;242;242;61;181;61.27;25.21
020205_3489_42049;9;;1264;546;547;111;435;43.20;20.33
020205_3490_42049;10;;511;154;154;37;117;30.14;24.03
020205_3491_42049;11;;1061;492;492;150;342;46.37;30.49
020205_3492_42049;12;;365;184;184;22;162;50.41;11.96
020206_3493_42049;1;;878;376;376;77;299;42.82;20.48
020206_3494_42049;2;;933;501;501;131;370;53.70;26.15
020206_3495_42049;3;;1160;616;616;156;460;53.10;25.32
020206_3496_42049;4;;568;307;307;133;174;54.05;43.32
020206_3497_42049;5;;1645;904;904;257;647;54.95;28.43
020206_3498_42049;6;;916;517;517;168;349;56.44;32.50
020207_3499_42049;1;;886;453;453;114;339;51.13;25.17
020207_3500_42049;2;;725;310;310;128;182;42.76;41.29
020207_3501_42049;3;;995;440;440;148;292;44.22;33.64
020207_3502_42049;4;;951;473;473;91;382;49.74;19.24
020207_3503_42049;5;;568;256;256;70;186;45.07;27.34
020207_3504_42049;6;;682;333;333;66;267;48.83;19.82
020301_29331_42051;36;;226;51;51;11;40;22.57;21.57
020301_29332_42051;37;;99;38;38;13;25;38.38;34.21
020301_29333_42051;38;;173;7;7;1;6;4.05;14.29
020301_3505_42051;1;;2157;1032;1032;252;780;47.84;24.42
020301_3506_42051;2;;2176;903;903;245;658;41.50;27.13
020301_3507_42051;3;;2372;882;882;146;736;37.18;16.55
020301_3508_42051;4;;2195;907;907;200;707;41.32;22.05
020301_3509_42051;5;;1157;482;482;74;408;41.66;15.35
020301_3510_42051;6;;1429;651;651;143;508;45.56;21.97
020301_3511_42051;7;;1476;599;599;94;505;40.58;15.69
020301_3512_42051;8;;1207;494;494;99;395;40.93;20.04
020301_3513_42051;9;;1171;528;528;69;459;45.09;13.07
020301_3514_42051;10;;1340;539;539;81;458;40.22;15.03
020301_3515_42051;11;;746;301;320;30;271;40.35;9.97
020301_3516_42051;12;;1509;677;677;123;554;44.86;18.17
020301_3517_42051;13;;2159;869;869;101;768;40.25;11.62
020301_3518_42051;14;;2164;867;867;292;575;40.06;33.68
020301_3519_42051;15;;2138;906;906;277;629;42.38;30.57
020301_3520_42051;16;;2234;921;921;251;670;41.23;27.25
020301_3521_42051;17;;2245;955;955;183;772;42.54;19.16
020301_3522_42051;18;;1977;942;947;203;739;47.65;21.55
020301_3523_42051;19;;2332;1000;1000;283;717;42.88;28.30
020301_3524_42051;20;;1415;590;590;124;466;41.70;21.02
020301_3525_42051;21;;1269;502;502;141;361;39.56;28.09
020301_3526_42051;22;;1275;473;473;90;383;37.10;19.03
020301_3527_42051;23;;1162;450;450;155;295;38.73;34.44
020301_3528_42051;24;;1009;412;412;67;345;40.83;16.26
020301_3529_42051;25;;1571;614;614;109;505;39.08;17.75
020301_3530_42051;26;;1162;593;593;72;521;51.03;12.14
020301_3531_42051;27;;1329;543;543;119;424;40.86;21.92
020301_3532_42051;28;;1468;721;721;106;615;49.11;14.70
020301_3533_42051;29;;947;435;435;110;325;45.93;25.29
020301_3534_42051;30;;501;270;270;53;217;53.89;19.63
020301_3535_42051;31;;2029;910;910;129;781;44.85;14.18
020301_3536_42051;32;;1345;596;596;103;493;44.31;17.28
020301_3537_42051;33;;1157;450;450;78;372;38.89;17.33
020301_3538_42051;34;;1401;641;641;167;474;45.75;26.05
020301_3539_42051;35;;1107;505;505;167;338;45.62;33.07
020302_3540_42051;1;;1183;677;677;145;532;57.23;21.42
020302_3541_42051;2;;1135;718;718;189;529;63.26;26.32
020302_3542_42051;3;;1899;1118;1118;316;802;58.87;28.26
020302_3543_42051;4;;937;569;569;179;390;60.73;31.46
020303_3544_42051;1;;1299;879;879;204;675;67.67;23.21
020303_3545_42051;2;;922;623;623;161;462;67.57;25.84
020303_3546_42051;3;;700;448;448;102;346;64.00;22.77
020303_3547_42051;4;;568;368;368;139;229;64.79;37.77
020304_3548_42051;1;;1479;645;645;180;465;43.61;27.91
020304_3549_42051;2;;460;163;163;44;119;35.43;26.99
020304_3550_42051;3;;573;325;325;101;224;56.72;31.08
020304_3551_42051;4;;468;176;176;53;123;37.61;30.11
020304_3552_42051;5;;414;135;135;50;85;32.61;37.04
020305_3553_42051;1;;1106;470;470;104;366;42.50;22.13
020305_3554_42051;2;;678;255;255;48;207;37.61;18.82
020306_3555_42051;1;;1394;790;790;230;560;56.67;29.11
020306_3556_42051;2;;1417;862;862;233;629;60.83;27.03
020401_29334_42048;14;;48;10;10;4;6;20.83;40.00
020401_3557_42048;1;;1462;614;614;242;372;42.00;39.41
020401_3558_42048;2;;1549;676;676;150;526;43.64;22.19
020401_3559_42048;3;;1385;523;523;110;413;37.76;21.03
020401_3560_42048;4;;1439;655;655;132;523;45.52;20.15
020401_3561_42048;5;;1583;707;707;189;518;44.66;26.73
020401_3562_42048;6;;895;450;450;83;367;50.28;18.44
020401_3563_42048;7;;1607;673;673;164;509;41.88;24.37
020401_3564_42048;8;;1482;629;629;208;421;42.44;33.07
020401_3565_42048;9;;1555;689;689;152;537;44.31;22.06
020401_3566_42048;10;;595;323;323;95;228;54.29;29.41
020401_3567_42048;11;;855;340;340;75;265;39.77;22.06
020401_3568_42048;12;;867;365;365;112;253;42.10;30.68
020401_3569_42048;13;;1083;418;418;125;293;38.60;29.90
020402_3570_42048;1;;1015;576;576;167;409;56.75;28.99
020402_3571_42048;2;;831;530;530;172;358;63.78;32.45
020402_3572_42048;3;;674;372;372;122;250;55.19;32.80
020403_3573_42048;1;;1254;627;627;203;424;50.00;32.38
020403_3574_42048;2;;1037;622;622;252;370;59.98;40.51
020403_3575_42048;3;;930;479;479;170;309;51.51;35.49
020403_3576_42048;4;;776;433;433;119;314;55.80;27.48
020404_3577_42048;1;;1091;584;584;181;403;53.53;30.99
020404_3578_42048;2;;2237;1346;1346;468;878;60.17;34.77
020404_3579_42048;3;;950;468;468;188;280;49.26;40.17
020404_3580_42048;4;;757;396;396;146;250;52.31;36.87
020404_3581_42048;5;;917;465;465;134;331;50.71;28.82
020501_29335_42051;13;;56;27;27;4;23;48.21;14.81
020501_29336_42051;14;;60;11;11;1;10;18.33;9.09
020501_3582_42051;1;;2052;867;867;169;698;42.25;19.49
020501_3583_42051;2;;2171;1083;1083;144;939;49.88;13.30
020501_3584_42051;3;;1192;567;567;93;474;47.57;16.40
020501_3585_42051;4;;1644;738;738;118;620;44.89;15.99
020501_3586_42051;5;;1618;659;659;153;506;40.73;23.22
020501_3587_42051;6;;1618;630;630;161;469;38.94;25.56
020501_3588_42051;7;;1715;896;896;123;773;52.24;13.73
020501_3589_42051;8;;1144;544;544;143;401;47.55;26.29
020501_3590_42051;9;;1883;821;821;164;657;43.60;19.98
020501_3591_42051;10;;1821;854;854;174;680;46.90;20.37
020501_3592_42051;11;;1608;856;856;133;723;53.23;15.54
020501_3593_42051;12;;1200;505;505;94;411;42.08;18.61
020502_29337_42051;12;;44;26;26;0;26;59.09;0.00
020502_3594_42051;1;;1347;712;712;185;527;52.86;25.98
020502_3595_42051;2;;1192;670;670;156;514;56.21;23.28
020502_3596_42051;3;;1300;672;672;153;519;51.69;22.77
020502_3597_42051;4;;776;419;419;143;276;53.99;34.13
020502_3598_42051;5;;495;218;219;60;158;44.04;27.52
020502_3599_42051;6;;664;297;297;74;223;44.73;24.92
020502_3600_42051;7;;726;306;306;99;207;42.15;32.35
020502_3601_42051;8;;653;329;329;71;258;50.38;21.58
020502_3602_42051;9;;787;390;390;116;274;49.56;29.74
020502_3603_42051;10;;361;213;213;64;149;59.00;30.05
020502_3604_42051;11;;432;211;211;47;164;48.84;22.27
020503_3605_42051;1;;1420;1023;1023;280;743;72.04;27.37
020503_3606_42051;2;;491;310;310;59;251;63.14;19.03
020503_3607_42051;3;;959;569;572;163;406;59.33;28.65
020503_3608_42051;4;;1128;686;686;126;560;60.82;18.37
020504_3609_42051;1;;1024;501;501;70;431;48.93;13.97
020504_3610_42051;2;;1182;542;542;91;451;45.85;16.79
020504_3611_42051;3;;1097;455;455;72;383;41.48;15.82
020505_3612_42051;1;;1954;1035;1035;254;781;52.97;24.54
020505_3613_42051;2;;1277;541;541;136;405;42.36;25.14
020506_29338_42051;3;;58;27;27;13;14;46.55;48.15
020506_3614_42051;1;;1619;837;837;174;663;51.70;20.79
020506_3615_42051;2;;1600;887;887;184;703;55.44;20.74
020601_3616_42050;1;;791;389;389;78;311;49.18;20.05
020601_3617_42050;2;;818;461;461;106;355;56.36;22.99
020601_3618_42050;3;;794;421;421;66;355;53.02;15.68
020601_3619_42050;4;;865;505;505;66;439;58.38;13.07
020601_3620_42050;5;;850;484;484;94;390;56.94;19.42
020602_29339_42050;8;;47;30;30;2;28;63.83;6.67
020602_29340_42050;9;;22;17;17;1;16;77.27;5.88
020602_3621_42050;1;;574;320;320;33;287;55.75;10.31
020602_3622_42050;2;;1201;506;506;102;404;42.13;20.16
020602_3623_42050;3;;1908;895;896;172;723;46.91;19.22
020602_3624_42050;4;;1681;810;810;134;676;48.19;16.54
020602_3625_42050;5;;1214;597;597;128;469;49.18;21.44
020602_3626_42050;6;;1264;608;608;133;475;48.10;21.88
020602_3627_42050;7;;1173;507;507;144;363;43.22;28.40
020603_3628_42050;1;;1747;861;861;183;678;49.28;21.25
020603_3629_42050;2;;1410;776;776;180;596;55.04;23.20
020603_3630_42050;3;;1632;866;866;182;684;53.06;21.02
020603_3631_42050;4;;539;247;247;59;188;45.83;23.89
020604_3632_42050;1;;395;206;206;39;167;52.15;18.93
020604_3633_42050;2;;764;349;349;57;292;45.68;16.33
020604_3634_42050;3;;797;344;344;85;259;43.16;24.71
020604_3635_42050;4;;691;325;325;60;265;47.03;18.46
020604_3636_42050;5;;1407;685;685;138;547;48.69;20.15
020604_3637_42050;6;;1529;793;793;162;631;51.86;20.43
020605_3638_42050;1;;705;272;272;57;215;38.58;20.96
020605_3639_42050;2;;403;204;204;65;139;50.62;31.86
020605_3640_42050;3;;484;204;204;76;128;42.15;37.25
020605_3641_42050;4;;1917;885;885;232;653;46.17;26.21
020606_3642_42050;1;;2220;1114;1114;165;949;50.18;14.81
020606_3643_42050;2;;1096;549;549;165;384;50.09;30.05
020606_3644_42050;3;;1246;555;555;122;433;44.54;21.98
020606_3645_42050;4;;1103;514;514;84;430;46.60;16.34
020607_3646_42050;1;;1690;689;689;246;443;40.77;35.70
020607_3647_42050;2;;1909;802;802;197;605;42.01;24.56
020607_3648_42050;3;;1568;779;779;138;641;49.68;17.72
020607_3649_42050;4;;1253;546;546;130;416;43.58;23.81
020607_3650_42050;5;;865;385;385;68;317;44.51;17.66
020607_3651_42050;6;;397;217;217;50;167;54.66;23.04
020607_3652_42050;7;;572;314;314;56;258;54.90;17.83
020608_29341_42050;7;;61;33;33;10;23;54.10;30.30
020608_3653_42050;1;;1746;927;927;204;723;53.09;22.01
020608_3654_42050;2;;446;242;242;48;194;54.26;19.83
020608_3655_42050;3;;907;404;404;86;318;44.54;21.29
020608_3656_42050;4;;1017;523;523;115;408;51.43;21.99
020608_3657_42050;5;;1701;765;765;159;606;44.97;20.78
020608_3658_42050;6;;849;351;351;62;289;41.34;17.66
020609_3659_42050;1;;1335;709;709;222;487;53.11;31.31
020609_3660_42050;2;;1058;460;460;85;375;43.48;18.48
020609_3661_42050;3;;940;489;489;83;406;52.02;16.97
020609_3662_42050;4;;935;389;389;72;317;41.60;18.51
020701_29342_42050;11;;78;40;40;9;31;51.28;22.50
020701_29343_42050;12;;76;22;22;4;18;28.95;18.18
020701_3663_42050;1;;1483;675;675;136;539;45.52;20.15
020701_3664_42050;2;;1364;615;615;125;490;45.09;20.33
020701_3665_42050;3;;1352;592;592;138;454;43.79;23.31
020701_3666_42050;4;;2263;977;977;206;771;43.17;21.08
020701_3667_42050;5;;1731;775;775;122;653;44.77;15.74
020701_3668_42050;6;;2070;1000;1000;168;832;48.31;16.80
020701_3669_42050;7;;1833;854;854;117;737;46.59;13.70
020701_3670_42050;8;;654;329;329;69;260;50.31;20.97
020701_3671_42050;9;;2090;1059;1059;145;914;50.67;13.69
020701_3672_42050;10;;1718;825;825;121;704;48.02;14.67
020702_29344_42050;8;;28;19;19;6;13;67.86;31.58
020702_3673_42050;1;;1201;584;584;150;434;48.63;25.68
020702_3674_42050;2;;1343;697;697;231;466;51.90;33.14
020702_3675_42050;3;;825;468;468;101;367;56.73;21.58
020702_3676_42050;4;;656;311;311;71;240;47.41;22.83
020702_3677_42050;5;;1859;1049;1049;218;831;56.43;20.78
020702_3678_42050;6;;519;265;265;56;209;51.06;21.13
020702_3679_42050;7;;608;280;280;59;221;46.05;21.07
020703_3680_42050;1;;1349;693;693;124;569;51.37;17.89
020703_3681_42050;2;;1865;867;867;187;680;46.49;21.57
020703_3682_42050;3;;1923;1009;1009;205;804;52.47;20.32
020703_3683_42050;4;;2173;1016;1016;200;816;46.76;19.69
020703_3684_42050;5;;468;272;272;123;149;58.12;45.22
020703_3685_42050;6;;823;422;422;117;305;51.28;27.73
020703_3686_42050;7;;674;383;383;92;291;56.82;24.02
020704_3687_42050;1;;1259;741;741;180;561;58.86;24.29
020704_3688_42050;2;;821;503;503;151;352;61.27;30.02
020704_3689_42050;3;;332;200;200;46;154;60.24;23.00
020704_3690_42050;4;;214;139;139;45;94;64.95;32.37
020704_3691_42050;5;;246;136;136;39;97;55.28;28.68
020704_3692_42050;6;;535;278;278;62;216;51.96;22.30
020704_3693_42050;7;;374;195;195;60;135;52.14;30.77
020801_3694_42049;1;;704;366;366;111;255;51.99;30.33
020801_3695_42049;2;;1134;639;639;213;426;56.35;33.33
020801_3696_42049;3;;1237;671;671;263;408;54.24;39.20
020801_3697_42049;4;;974;557;557;118;439;57.19;21.18
020802_29345_42049;22;;102;26;26;3;23;25.49;11.54
020802_29346_42049;23;;512;101;101;21;80;19.73;20.79
020802_3698_42049;1;;1090;413;413;110;303;37.89;26.63
020802_3699_42049;2;;966;414;414;85;329;42.86;20.53
020802_3700_42049;3;;1120;444;444;84;360;39.64;18.92
020802_3701_42049;4;;1192;504;504;70;434;42.28;13.89
020802_3702_42049;5;;1187;514;514;150;364;43.30;29.18
020802_3703_42049;6;;1176;592;592;123;469;50.34;20.78
020802_3704_42049;7;;1151;463;463;75;388;40.23;16.20
020802_3705_42049;8;;1130;535;535;64;471;47.35;11.96
020802_3706_42049;9;;1246;555;555;67;488;44.54;12.07
020802_3707_42049;10;;1154;551;551;76;475;47.75;13.79
020802_3708_42049;11;;1096;487;487;71;416;44.43;14.58
020802_3709_42049;12;;1148;507;507;66;441;44.16;13.02
020802_3710_42049;13;;1014;399;399;64;335;39.35;16.04
020802_3711_42049;14;;1076;575;575;49;526;53.44;8.52
020802_3712_42049;15;;1114;557;557;139;418;50.00;24.96
020802_3713_42049;16;;1094;504;504;70;434;46.07;13.89
020802_3714_42049;17;;856;264;264;54;210;30.84;20.45
020802_3715_42049;18;;882;441;441;80;361;50.00;18.14
020802_3716_42049;19;;848;412;412;49;363;48.58;11.89
020802_3717_42049;20;;906;447;447;79;368;49.34;17.67
020802_3718_42049;21;;821;314;314;50;264;38.25;15.92
020803_3719_42049;1;;1700;762;762;133;629;44.82;17.45
020803_3720_42049;2;;1310;554;554;65;489;42.29;11.73
020803_3721_42049;3;;1248;569;569;65;504;45.59;11.42
020803_3722_42049;4;;1111;633;633;102;531;56.98;16.11
020803_3723_42049;5;;494;275;275;64;211;55.67;23.27
020803_3724_42049;6;;1006;516;516;122;394;51.29;23.64
020803_3725_42049;7;;1546;752;752;109;643;48.64;14.49
020804_29347_42049;17;;75;25;25;10;15;33.33;40.00
020804_29348_42049;18;;116;15;15;0;15;12.93;0.00
020804_3726_42049;1;;1729;614;614;127;487;35.51;20.68
020804_3727_42049;2;;1886;699;699;78;621;37.06;11.16
020804_3728_42049;3;;937;383;383;83;300;40.88;21.67
020804_3729_42049;4;;943;285;285;50;235;30.22;17.54
020804_3730_42049;5;;2020;874;874;154;720;43.27;17.62
020804_3731_42049;6;;853;258;258;36;222;30.25;13.95
020804_3732_42049;7;;882;262;262;41;221;29.71;15.65
020804_3733_42049;8;;817;362;362;69;293;44.31;19.06
020804_3734_42049;9;;806;237;237;49;188;29.40;20.68
020804_3735_42049;10;;845;390;390;43;347;46.15;11.03
020804_3736_42049;11;;811;253;253;44;209;31.20;17.39
020804_3737_42049;12;;816;231;231;50;181;28.31;21.65
020804_3738_42049;13;;914;298;298;56;242;32.60;18.79
020804_3739_42049;14;;1934;805;805;121;684;41.62;15.03
020804_3740_42049;15;;993;451;451;65;386;45.42;14.41
020804_3741_42049;16;;2062;888;888;115;773;43.06;12.95
020805_3743_42049;2;;1781;837;837;156;681;47.00;18.64
020805_3744_42049;3;;1907;896;896;224;672;46.98;25.00
020806_29349_42049;17;;79;19;19;6;13;24.05;31.58
020806_29350_42049;18;;39;23;23;1;22;58.97;4.35
020806_29351_42049;19;;36;32;32;19;13;88.89;59.38
020806_3745_42049;1;;975;424;424;124;300;43.49;29.25
020806_3746_42049;2;;1877;765;765;221;544;40.76;28.89
020806_3747_42049;3;;1032;526;526;132;394;50.97;25.10
020806_3748_42049;4;;2433;1197;1197;259;938;49.20;21.64
020806_3749_42049;5;;2088;980;982;201;779;46.93;20.51
020806_3750_42049;6;;547;316;316;100;216;57.77;31.65
020806_3751_42049;7;;1049;518;518;182;336;49.38;35.14
020806_3752_42049;8;;567;355;355;62;293;62.61;17.46
020806_3753_42049;9;;1046;586;586;201;385;56.02;34.30
020806_3754_42049;10;;720;416;416;84;332;57.78;20.19
020806_3755_42049;11;;448;217;217;50;167;48.44;23.04
020806_3756_42049;12;;839;458;458;102;356;54.59;22.27
020806_3757_42049;13;;426;217;217;52;165;50.94;23.96
020806_3758_42049;14;;891;463;463;75;388;51.96;16.20
020806_3759_42049;15;;616;265;265;83;182;43.02;31.32
020806_3760_42049;16;;459;250;250;53;197;54.47;21.20
020807_3761_42049;1;;358;150;150;21;129;41.90;14.00
020807_3762_42049;2;;714;387;387;68;319;54.20;17.57
020807_3763_42049;3;;1150;560;560;104;456;48.70;18.57
020807_3764_42049;4;;824;464;464;76;388;56.31;16.38
020807_3765_42049;5;;1850;715;715;115;600;38.65;16.08
020807_3766_42049;6;;952;385;385;87;298;40.44;22.60
020807_3767_42049;7;;2298;923;923;225;698;40.17;24.38
020807_3768_42049;8;;912;443;443;111;332;48.57;25.06
020807_3769_42049;9;;774;392;392;101;291;50.65;25.77
020807_3770_42049;10;;693;326;326;84;242;47.04;25.77
020807_3771_42049;11;;582;292;292;77;215;50.17;26.37
020807_3772_42049;12;;367;183;183;44;139;49.86;24.04
020807_3773_42049;13;;852;389;389;106;283;45.66;27.25
020807_3774_42049;14;;978;402;402;104;298;41.10;25.87
020807_3775_42049;15;;728;336;336;77;259;46.15;22.92
020808_3776_42049;1;;972;430;430;108;322;44.24;25.12
020808_3777_42049;2;;913;469;469;77;392;51.37;16.42
020808_3778_42049;3;;1643;832;832;162;670;50.64;19.47
020808_3779_42049;4;;933;444;444;95;349;47.59;21.40
020808_3780_42049;5;;638;292;292;67;225;45.77;22.95
020808_3781_42049;6;;848;426;426;96;330;50.24;22.54
020808_3782_42049;7;;1191;583;585;140;443;48.95;24.01
020809_3783_42049;1;;918;477;478;90;387;51.96;18.87
020809_3784_42049;2;;718;333;333;61;272;46.38;18.32
020810_3785_42049;1;;1114;605;605;241;364;54.31;39.83
020810_3786_42049;2;;1152;558;558;100;458;48.44;17.92
020810_3787_42049;3;;358;206;206;61;145;57.54;29.61
020810_3788_42049;4;;379;159;159;36;123;41.95;22.64
020810_3789_42049;5;;565;266;266;71;195;47.08;26.69
020810_3790_42049;6;;610;276;276;79;197;45.25;28.62
020810_3791_42049;7;;982;437;437;95;342;44.50;21.74
020810_3792_42049;8;;551;258;258;68;190;46.82;26.36
020810_3793_42049;9;;398;215;215;42;173;54.02;19.53
020811_29352_42049;16;;67;36;36;1;35;53.73;2.78
020811_3794_42049;1;;619;223;223;83;140;36.03;37.22
020811_3795_42049;2;;630;258;258;79;179;40.95;30.62
020811_3796_42049;3;;524;222;222;42;180;42.37;18.92
020811_3797_42049;4;;614;232;232;54;178;37.79;23.28
020811_3798_42049;5;;749;292;293;77;215;38.99;26.37
020811_3799_42049;6;;670;267;270;51;216;39.85;19.10
020811_3800_42049;7;;474;164;164;35;129;34.60;21.34
020811_3801_42049;8;;650;304;304;118;186;46.77;38.82
020811_3802_42049;9;;701;337;341;94;243;48.07;27.89
020811_3803_42049;10;;595;266;266;55;211;44.71;20.68
020811_3804_42049;11;;886;406;406;94;312;45.82;23.15
020811_3805_42049;12;;725;413;413;106;307;56.97;25.67
020811_3806_42049;13;;771;344;344;83;261;44.62;24.13
020811_3807_42049;14;;690;307;307;74;233;44.49;24.10
020811_3808_42049;15;;562;273;273;62;211;48.58;22.71
020812_29353_42049;8;;58;54;54;12;42;93.10;22.22
020812_3809_42049;1;;2199;1050;1050;235;815;47.75;22.38
020812_3810_42049;2;;577;316;316;75;241;54.77;23.73
020812_3811_42049;3;;957;377;377;110;267;39.39;29.18
020812_3812_42049;4;;1760;874;874;213;661;49.66;24.37
020812_3813_42049;5;;526;221;221;51;170;42.02;23.08
020812_3814_42049;6;;1057;496;496;124;372;46.93;25.00
020812_3815_42049;7;;446;207;207;46;161;46.41;22.22
020813_29354_42049;7;;44;20;20;1;19;45.45;5.00
020813_3816_42049;1;;1167;515;516;163;352;44.13;31.65
020813_3817_42049;2;;1499;700;700;192;508;46.70;27.43
020813_3818_42049;3;;1151;467;467;147;320;40.57;31.48
020813_3819_42049;4;;1328;589;589;156;433;44.35;26.49
020813_3820_42049;5;;539;228;228;59;169;42.30;25.88
020813_3821_42049;6;;407;214;214;64;150;52.58;29.91
020814_3822_42049;1;;712;286;286;66;220;40.17;23.08
020814_3823_42049;2;;1605;726;726;135;591;45.23;18.60
020814_3824_42049;3;;2000;873;873;149;724;43.65;17.07
020814_3825_42049;4;;533;245;245;57;188;45.97;23.27
020814_3826_42049;5;;645;261;261;77;184;40.47;29.50
020814_3827_42049;6;;513;163;163;42;121;31.77;25.77
020901_29355_42051;7;;53;22;22;2;20;41.51;9.09
020901_3828_42051;1;;1389;681;681;184;497;49.03;27.02
020901_3829_42051;2;;2208;897;897;290;607;40.62;32.33
020901_3830_42051;3;;2060;827;827;216;611;40.15;26.12
020901_3831_42051;4;;1287;588;588;140;448;45.69;23.81
020901_3832_42051;5;;1780;721;721;174;547;40.51;24.13
020901_3833_42051;6;;2498;1130;1130;260;870;45.24;23.01
020902_3834_42051;1;;1193;780;780;209;571;65.38;26.79
020902_3835_42051;2;;1025;596;596;153;443;58.15;25.67
020902_3836_42051;3;;1250;766;766;222;544;61.28;28.98
020902_3837_42051;4;;513;328;328;109;219;63.94;33.23
020902_3838_42051;5;;593;321;321;126;195;54.13;39.25
020902_3839_42051;6;;1115;722;722;201;521;64.75;27.84
020902_3840_42051;7;;983;522;522;131;391;53.10;25.10
020902_3841_42051;8;;1030;573;573;137;436;55.63;23.91
020903_3842_42051;1;;1192;670;670;195;475;56.21;29.10
020903_3843_42051;2;;427;272;272;60;212;63.70;22.06
020903_3844_42051;3;;946;518;518;136;382;54.76;26.25
020904_3845_42051;1;;1058;624;624;95;529;58.98;15.22
020904_3846_42051;2;;1284;697;697;91;606;54.28;13.06
020904_3847_42051;3;;1044;507;507;150;357;48.56;29.59
020904_3848_42051;4;;819;447;447;91;356;54.58;20.36
020904_3849_42051;5;;725;399;399;39;360;55.03;9.77
020905_29356_42051;6;;60;58;58;5;53;96.67;8.62
020905_3850_42051;1;;1147;779;779;174;605;67.92;22.34
020905_3851_42051;2;;418;252;252;64;188;60.29;25.40
020905_3852_42051;3;;1174;722;722;119;603;61.50;16.48
020905_3853_42051;4;;473;285;285;72;213;60.25;25.26
020905_3854_42051;5;;513;309;309;111;198;60.23;35.92
020906_3855_42051;1;;439;235;235;49;186;53.53;20.85
020906_3856_42051;2;;510;310;310;84;226;60.78;27.10
020906_3857_42051;3;;563;306;306;60;246;54.35;19.61
020906_3858_42051;4;;1498;830;830;257;573;55.41;30.96
020906_3859_42051;5;;790;426;426;85;341;53.92;19.95
020906_3860_42051;6;;569;254;254;64;190;44.64;25.20
020906_3861_42051;7;;431;265;265;43;222;61.48;16.23
020906_3862_42051;8;;350;205;205;49;156;58.57;23.90
020907_3863_42051;1;;1287;705;705;97;608;54.78;13.76
020907_3864_42051;2;;1276;681;681;186;495;53.37;27.31
020907_3865_42051;3;;770;435;435;114;321;56.49;26.21
020907_3866_42051;4;;939;539;539;103;436;57.40;19.11
020907_3867_42051;5;;664;400;400;128;272;60.24;32.00
020907_3868_42051;6;;1137;657;657;208;449;57.78;31.66
020908_29357_42051;3;;88;42;42;11;31;47.73;26.19
020908_3869_42051;1;;922;539;539;128;411;58.46;23.75
020908_3870_42051;2;;1155;672;672;222;450;58.18;33.04
021001_29358_42050;14;;102;7;7;0;7;6.86;0.00
021001_29359_42050;15;;116;52;52;8;44;44.83;15.38
021001_3871_42050;1;;1699;753;753;168;585;44.32;22.31
021001_3872_42050;2;;1740;745;745;260;485;42.82;34.90
021001_3873_42050;3;;1557;708;708;136;572;45.47;19.21
021001_3874_42050;4;;780;283;283;55;228;36.28;19.43
021001_3875_42050;5;;1657;809;809;154;655;48.82;19.04
021001_3876_42050;6;;1730;823;823;117;706;47.57;14.22
021001_3877_42050;7;;1733;722;722;124;598;41.66;17.17
021001_3878_42050;8;;1642;742;742;64;678;45.19;8.63
021001_3879_42050;9;;969;451;451;102;349;46.54;22.62
021001_3880_42050;10;;1729;727;727;150;577;42.05;20.63
021001_3881_42050;11;;836;383;383;66;317;45.81;17.23
021001_3882_42050;12;;922;367;367;59;308;39.80;16.08
021001_3883_42050;13;;889;390;390;146;244;43.87;37.44
021002_3884_42050;1;;1001;536;536;94;442;53.55;17.54
021002_3885_42050;2;;929;518;518;115;403;55.76;22.20
021002_3886_42050;3;;916;441;441;118;323;48.14;26.76
021002_3887_42050;4;;742;368;368;72;296;49.60;19.57
021003_3888_42050;1;;1562;850;850;188;662;54.42;22.12
021003_3889_42050;2;;1639;907;907;182;725;55.34;20.07
021003_3890_42050;3;;1406;744;744;182;562;52.92;24.46
021003_3891_42050;4;;1211;467;467;113;354;38.56;24.20
021003_3892_42050;5;;471;231;231;65;166;49.04;28.14
021003_3893_42050;6;;702;319;319;71;248;45.44;22.26
021003_3894_42050;7;;650;330;330;70;260;50.77;21.21
021003_3895_42050;8;;630;284;284;72;212;45.08;25.35
021004_3896_42050;1;;679;335;335;100;235;49.34;29.85
021004_3897_42050;2;;949;493;493;97;396;51.95;19.68
021004_3898_42050;3;;292;164;164;44;120;56.16;26.83
021004_3899_42050;4;;317;169;169;30;139;53.31;17.75
021004_3900_42050;5;;540;239;239;51;188;44.26;21.34
021004_3901_42050;6;;1280;635;635;153;482;49.61;24.09
021004_3902_42050;7;;821;402;402;109;293;48.96;27.11
021004_3903_42050;8;;380;222;222;40;182;58.42;18.02
021005_3904_42050;1;;1958;934;934;226;708;47.70;24.20
021005_3905_42050;2;;1992;921;921;186;735;46.23;20.20
021005_3906_42050;3;;1090;539;539;146;393;49.45;27.09
021005_3907_42050;4;;388;192;192;53;139;49.48;27.60
021006_3908_42050;1;;720;425;425;194;231;59.03;45.65
021006_3909_42050;2;;618;372;372;94;278;60.19;25.27
021007_29360_42050;4;;265;38;38;17;21;14.34;44.74
021007_3910_42050;1;;1696;890;890;218;672;52.48;24.49
021007_3911_42050;2;;1612;745;745;197;548;46.22;26.44
021007_3912_42050;3;;365;186;186;62;124;50.96;33.33
021101_29361_42051;47;;69;26;26;5;21;37.68;19.23
021101_29362_42051;48;;84;30;30;3;27;35.71;10.00
021101_3913_42051;1;;994;320;320;99;221;32.19;30.94
021101_3914_42051;2;;1251;506;506;67;439;40.45;13.24
021101_3915_42051;3;;1503;429;429;71;358;28.54;16.55
021101_3916_42051;4;;1652;582;582;115;467;35.23;19.76
021101_3917_42051;5;;1168;409;409;82;327;35.02;20.05
021101_3918_42051;6;;1015;360;360;66;294;35.47;18.33
021101_3919_42051;7;;1407;550;550;162;388;39.09;29.45
021101_3920_42051;8;;1334;594;594;192;402;44.53;32.32
021101_3921_42051;9;;1468;477;477;58;419;32.49;12.16
021101_3922_42051;10;;1573;563;563;81;482;35.79;14.39
021101_3923_42051;11;;1318;509;509;69;440;38.62;13.56
021101_3924_42051;12;;1377;447;447;90;357;32.46;20.13
021101_3925_42051;13;;1344;491;491;86;405;36.53;17.52
021101_3926_42051;14;;1514;578;578;79;499;38.18;13.67
021101_3927_42051;15;;1546;590;590;78;512;38.16;13.22
021101_3928_42051;16;;1528;608;608;127;481;39.79;20.89
021101_3929_42051;17;;1061;395;395;65;330;37.23;16.46
021101_3930_42051;18;;1513;646;647;149;497;42.70;23.07
021101_3931_42051;19;;1183;467;467;108;359;39.48;23.13
021101_3932_42051;20;;1149;418;418;75;343;36.38;17.94
021101_3933_42051;21;;1198;475;475;65;410;39.65;13.68
021101_3934_42051;22;;1125;547;547;35;512;48.62;6.40
021101_3935_42051;23;;1203;525;525;90;435;43.64;17.14
021101_3936_42051;24;;959;375;375;39;336;39.10;10.40
021101_3937_42051;25;;1643;769;769;89;680;46.80;11.57
021101_3938_42051;26;;1457;628;628;130;498;43.10;20.70
021101_3939_42051;27;;1305;632;632;74;558;48.43;11.71
021101_3940_42051;28;;1398;618;618;84;534;44.21;13.59
021101_3941_42051;29;;738;420;420;77;343;56.91;18.33
021101_3942_42051;30;;781;272;272;26;246;34.83;9.56
021101_3943_42051;31;;1313;532;532;81;451;40.52;15.23
021101_3944_42051;32;;1127;468;468;145;323;41.53;30.98
021101_3945_42051;33;;722;213;213;20;193;29.50;9.39
021101_3946_42051;34;;1784;724;724;190;534;40.58;26.24
021101_3947_42051;35;;1349;599;600;71;528;44.40;11.85
021101_3948_42051;36;;1375;545;545;85;460;39.64;15.60
021101_3949_42051;37;;1472;577;577;108;469;39.20;18.72
021101_3950_42051;38;;1651;632;632;224;408;38.28;35.44
021101_3951_42051;39;;1555;653;653;95;558;41.99;14.55
021101_3953_42051;41;;1398;569;569;72;497;40.70;12.65
021101_3954_42051;42;;1340;591;591;171;420;44.10;28.93
021101_3955_42051;43;;985;382;382;80;302;38.78;20.94
021101_3956_42051;44;;1106;443;443;42;401;40.05;9.48
021101_3957_42051;45;;951;395;395;68;327;41.54;17.22
021101_3958_42051;46;;1069;470;470;64;406;43.97;13.62
021102_3959_42051;1;;1269;776;776;182;594;61.15;23.45
021102_3960_42051;2;;2160;1177;1177;275;902;54.49;23.36
021102_3961_42051;3;;1099;609;609;119;490;55.41;19.54
021102_3962_42051;4;;989;567;567;128;439;57.33;22.57
021102_3963_42051;5;;805;518;518;149;369;64.35;28.76
021102_3964_42051;6;;763;477;477;142;335;62.52;29.77
021102_3965_42051;7;;865;546;546;109;437;63.12;19.96
021102_3966_42051;8;;748;404;404;106;298;54.01;26.24
021102_3967_42051;9;;741;417;417;52;365;56.28;12.47
021102_3968_42051;10;;1296;730;730;136;594;56.33;18.63
021102_3969_42051;11;;763;445;445;131;314;58.32;29.44
021103_3970_42051;1;;808;576;576;131;445;71.29;22.74
021103_3971_42051;2;;1322;995;995;187;808;75.26;18.79
021103_3972_42051;3;;849;557;557;138;419;65.61;24.78
021103_3973_42051;4;;756;516;516;147;369;68.25;28.49
021103_3974_42051;5;;803;591;591;183;408;73.60;30.96
021103_3975_42051;6;;767;521;521;148;373;67.93;28.41
021103_3976_42051;7;;860;592;592;170;422;68.84;28.72
021104_3977_42051;1;;1340;818;818;343;475;61.04;41.93
021104_3978_42051;2;;1714;956;956;268;688;55.78;28.03
021104_3979_42051;3;;1500;898;898;217;681;59.87;24.16
021104_3980_42051;4;;1102;598;598;139;459;54.26;23.24
021104_3981_42051;5;;426;268;268;77;191;62.91;28.73
021104_3982_42051;6;;506;235;235;75;160;46.44;31.91
021104_3983_42051;7;;802;415;415;95;320;51.75;22.89
021104_3984_42051;8;;794;401;401;150;251;50.50;37.41
021201_3985_42050;1;;1648;830;830;141;689;50.36;16.99
021201_3986_42050;2;;1268;601;601;53;548;47.40;8.82
021201_3987_42050;3;;1742;793;793;109;684;45.52;13.75
021201_3988_42050;4;;2067;865;865;212;653;41.85;24.51
021201_3989_42050;5;;483;223;223;64;159;46.17;28.70
021201_3990_42050;6;;1015;464;464;86;378;45.71;18.53
021202_3991_42050;1;;1677;860;860;178;682;51.28;20.70
021202_3992_42050;2;;885;425;426;121;304;48.02;28.47
021202_3993_42050;3;;571;331;331;100;231;57.97;30.21
021202_3994_42050;4;;769;411;411;94;317;53.45;22.87
021202_3995_42050;5;;578;339;339;130;209;58.65;38.35
021202_3996_42050;6;;428;195;195;44;151;45.56;22.56
021203_3997_42050;1;;1855;820;820;170;650;44.20;20.73
021203_3998_42050;2;;955;414;414;85;329;43.35;20.53
021203_3999_42050;3;;1003;409;409;69;340;40.78;16.87
021203_4000_42050;4;;1148;505;505;94;411;43.99;18.61
021203_4001_42050;5;;2036;918;918;70;848;45.09;7.63
021203_4002_42050;6;;897;420;420;62;358;46.82;14.76
021203_4003_42050;7;;904;380;380;91;289;42.04;23.95
021203_4004_42050;8;;891;398;398;92;306;44.67;23.12
021203_4005_42050;9;;852;319;319;79;240;37.44;24.76
021203_4006_42050;10;;1017;501;501;131;370;49.26;26.15
021203_4007_42050;11;;871;418;418;123;295;47.99;29.43
021203_4008_42050;12;;939;378;378;102;276;40.26;26.98
021203_4009_42050;13;;965;463;463;137;326;47.98;29.59
021204_29363_42050;6;;65;34;34;7;27;52.31;20.59
021204_4010_42050;1;;1772;850;850;158;692;47.97;18.59
021204_4011_42050;2;;2013;964;964;180;784;47.89;18.67
021204_4012_42050;3;;1088;518;518;57;461;47.61;11.00
021204_4013_42050;4;;1148;543;543;112;431;47.30;20.63
021204_4014_42050;5;;1134;595;595;66;529;52.47;11.09
021205_29364_42050;5;;38;26;26;1;25;68.42;3.85
021205_29365_42050;6;;60;31;31;14;17;51.67;45.16
021205_4015_42050;1;;1518;920;920;188;732;60.61;20.43
021205_4016_42050;2;;625;319;319;86;233;51.04;26.96
021205_4017_42050;3;;970;473;473;105;368;48.76;22.20
021205_4018_42050;4;;443;253;253;76;177;57.11;30.04
021301_4019_42048;1;;2274;1377;1377;354;1023;60.55;25.71
021301_4020_42048;2;;529;369;369;112;257;69.75;30.35
021301_4021_42048;3;;976;579;579;189;390;59.32;32.64
021302_29366_42048;5;;85;65;65;32;33;76.47;49.23
021302_4022_42048;1;;1923;1174;1174;263;911;61.05;22.40
021302_4023_42048;2;;2342;1272;1272;280;992;54.31;22.01
021302_4024_42048;3;;947;537;537;146;391;56.71;27.19
021302_4025_42048;4;;1151;624;624;113;511;54.21;18.11
021303_29367_42048;22;;206;48;48;2;46;23.30;4.17
021303_4026_42048;1;;1714;820;820;238;582;47.84;29.02
021303_4027_42048;2;;1526;773;773;131;642;50.66;16.95
021303_4028_42048;3;;775;405;405;53;352;52.26;13.09
021303_4029_42048;4;;1882;1038;1038;117;921;55.15;11.27
021303_4030_42048;5;;1315;705;705;127;578;53.61;18.01
021303_4031_42048;6;;1064;500;500;72;428;46.99;14.40
021303_4032_42048;7;;1197;693;693;90;603;57.89;12.99
021303_4033_42048;8;;434;224;224;57;167;51.61;25.45
021303_4034_42048;9;;664;300;300;45;255;45.18;15.00
021303_4035_42048;10;;970;382;382;81;301;39.38;21.20
021303_4036_42048;11;;423;283;283;78;205;66.90;27.56
021303_4037_42048;12;;696;286;286;98;188;41.09;34.27
021303_4038_42048;13;;328;190;190;39;151;57.93;20.53
021303_4039_42048;14;;963;493;493;84;409;51.19;17.04
021303_4040_42048;15;;955;512;512;186;326;53.61;36.33
021303_4041_42048;16;;1257;686;686;131;555;54.57;19.10
021303_4042_42048;17;;515;225;225;39;186;43.69;17.33
021303_4043_42048;18;;686;389;389;64;325;56.71;16.45
021303_4044_42048;19;;597;335;335;50;285;56.11;14.93
021303_4045_42048;20;;400;209;209;37;172;52.25;17.70
021303_4046_42048;21;;989;488;488;92;396;49.34;18.85
021401_29368_42048;22;;65;13;13;1;12;20.00;7.69
021401_29369_42048;23;;75;17;17;5;12;22.67;29.41
021401_4047_42048;1;;1278;535;535;82;453;41.86;15.33
021401_4048_42048;2;;1297;450;450;86;364;34.70;19.11
021401_4049_42048;3;;1467;616;616;131;485;41.99;21.27
021401_4050_42048;4;;1649;722;722;120;602;43.78;16.62
021401_4051_42048;5;;1536;653;653;109;544;42.51;16.69
021401_4052_42048;6;;1510;483;483;72;411;31.99;14.91
021401_4053_42048;7;;1294;535;535;99;436;41.34;18.50
021401_4054_42048;8;;1448;567;567;146;421;39.16;25.75
021401_4055_42048;9;;1305;532;532;85;447;40.77;15.98
021401_4056_42048;10;;1490;513;513;72;441;34.43;14.04
021401_4057_42048;11;;1527;644;644;120;524;42.17;18.63
021401_4058_42048;12;;1338;611;611;74;537;45.67;12.11
021401_4059_42048;13;;1622;783;783;81;702;48.27;10.34
021401_4060_42048;14;;1457;570;570;128;442;39.12;22.46
021401_4061_42048;15;;1566;717;717;99;618;45.79;13.81
021401_4062_42048;16;;1367;592;592;60;532;43.31;10.14
021401_4063_42048;17;;1168;598;598;87;511;51.20;14.55
021401_4064_42048;18;;1466;599;599;90;509;40.86;15.03
021401_4065_42048;19;;1235;555;555;78;477;44.94;14.05
021401_4066_42048;20;;1506;651;652;86;565;43.23;13.21
021401_4067_42048;21;;1523;678;678;83;595;44.52;12.24
021402_4068_42048;1;;2266;1215;1215;373;842;53.62;30.70
021402_4069_42048;2;;2105;1035;1035;273;762;49.17;26.38
021402_4070_42048;3;;1369;703;703;259;444;51.35;36.84
021402_4071_42048;4;;899;453;453;120;333;50.39;26.49
021402_4072_42048;5;;396;196;196;59;137;49.49;30.10
021402_4073_42048;6;;630;329;329;109;220;52.22;33.13
021402_4074_42048;7;;505;254;254;70;184;50.30;27.56
021403_4075_42048;1;;2064;1282;1282;349;933;62.11;27.22
021403_4076_42048;2;;1851;1008;1008;311;697;54.46;30.85
021403_4077_42048;3;;1211;697;697;217;480;57.56;31.13
021404_4078_42048;1;;1395;856;856;253;603;61.36;29.56
021404_4079_42048;2;;1306;620;620;256;364;47.47;41.29
021404_4080_42048;3;;941;488;488;154;334;51.86;31.56
021405_4081_42048;1;;1029;515;516;114;401;50.05;22.14
021405_4082_42048;2;;834;412;412;94;318;49.40;22.82
021405_4083_42048;3;;871;410;410;141;269;47.07;34.39
021405_4084_42048;4;;1281;559;559;156;403;43.64;27.91
021406_29370_42048;9;;60;48;48;12;36;80.00;25.00
021406_4085_42048;1;;1793;808;809;198;610;45.06;24.50
021406_4086_42048;2;;1095;522;522;190;332;47.67;36.40
021406_4087_42048;3;;1260;661;661;176;485;52.46;26.63
021406_4088_42048;4;;1455;733;733;226;507;50.38;30.83
021406_4089_42048;5;;916;373;373;139;234;40.72;37.27
021406_4090_42048;6;;1429;557;557;178;379;38.98;31.96
021406_4091_42048;7;;1511;654;654;161;493;43.28;24.62
021406_4092_42048;8;;458;285;285;93;192;62.23;32.63
021407_29371_42048;10;;84;23;23;6;17;27.38;26.09
021407_4093_42048;1;;2029;1017;1017;189;828;50.12;18.58
021407_4094_42048;2;;2053;897;897;156;741;43.69;17.39
021407_4095_42048;3;;1734;818;818;135;683;47.17;16.50
021407_4096_42048;4;;1983;933;933;171;762;47.05;18.33
021407_4097_42048;5;;1466;688;688;125;563;46.93;18.17
021407_4098_42048;6;;936;377;377;97;280;40.28;25.73
021407_4099_42048;7;;980;417;417;109;308;42.55;26.14
021407_4100_42048;8;;1691;888;888;164;724;52.51;18.47
021407_4101_42048;9;;443;205;205;60;145;46.28;29.27
021408_4102_42048;1;;2155;1173;1173;230;943;54.43;19.61
021408_4103_42048;2;;2069;1093;1093;271;822;52.83;24.79
021408_4104_42048;3;;2245;1317;1317;376;941;58.66;28.55
021408_4105_42048;4;;1288;606;606;195;411;47.05;32.18
021408_4106_42048;5;;1859;1063;1063;331;732;57.18;31.14
021408_4107_42048;6;;854;458;458;146;312;53.63;31.88
021501_29372_42048;18;;68;26;26;9;17;38.24;34.62
021501_29373_42048;19;;85;57;57;24;33;67.06;42.11
021501_4108_42048;1;;1289;574;574;126;448;44.53;21.95
021501_4109_42048;2;;1549;694;694;150;544;44.80;21.61
021501_4110_42048;3;;1320;491;491;82;409;37.20;16.70
021501_4111_42048;4;;1200;500;500;71;429;41.67;14.20
021501_4112_42048;5;;891;343;343;44;299;38.50;12.83
021501_4113_42048;6;;2202;907;907;172;735;41.19;18.96
021501_4114_42048;7;;1415;549;549;114;435;38.80;20.77
021501_4115_42048;8;;2059;870;870;226;644;42.25;25.98
021501_4116_42048;9;;1753;748;748;118;630;42.67;15.78
021501_4117_42048;10;;1977;739;739;160;579;37.38;21.65
021501_4118_42048;11;;1034;496;496;52;444;47.97;10.48
021501_4119_42048;12;;1345;643;643;77;566;47.81;11.98
021501_4120_42048;13;;1418;677;677;90;587;47.74;13.29
021501_4121_42048;14;;1400;708;708;114;594;50.57;16.10
021501_4122_42048;15;;1793;850;850;125;725;47.41;14.71
021501_4123_42048;16;;1393;608;608;80;528;43.65;13.16
021501_4124_42048;17;;1656;744;744;126;618;44.93;16.94
021502_4125_42048;1;;630;402;402;62;340;63.81;15.42
021502_4126_42048;2;;879;501;501;141;360;57.00;28.14
021502_4127_42048;3;;800;486;486;127;359;60.75;26.13
021502_4128_42048;4;;573;287;306;91;196;50.09;31.71
021502_4129_42048;5;;765;436;437;145;291;56.99;33.26
021502_4130_42048;6;;537;254;254;76;178;47.30;29.92
021503_4131_42048;1;;995;560;560;158;402;56.28;28.21
021503_4132_42048;2;;817;353;353;110;243;43.21;31.16
021503_4133_42048;3;;764;444;444;107;337;58.12;24.10
021503_4134_42048;4;;1239;643;643;127;516;51.90;19.75
021503_4135_42048;5;;1873;926;926;301;625;49.44;32.51
021503_4136_42048;6;;1054;352;352;133;219;33.40;37.78
021503_4137_42048;7;;753;427;427;77;350;56.71;18.03
021503_4138_42048;8;;2297;1040;1040;146;894;45.28;14.04
021503_4139_42048;9;;1907;866;866;128;738;45.41;14.78
021503_4140_42048;10;;1429;702;702;132;570;49.13;18.80
021503_4141_42048;11;;2042;1038;1038;223;815;50.83;21.48
021503_4142_42048;12;;1974;873;873;184;689;44.22;21.08
021503_4143_42048;13;;1019;477;477;83;394;46.81;17.40
021504_4144_42048;1;;1942;834;834;148;686;42.95;17.75
021504_4145_42048;2;;2011;953;953;186;767;47.39;19.52
021504_4146_42048;3;;604;307;307;89;218;50.83;28.99
021504_4147_42048;4;;813;410;410;108;302;50.43;26.34
021504_4148_42048;5;;1247;513;513;99;414;41.14;19.30
021504_4149_42048;6;;703;280;280;75;205;39.83;26.79
021504_4150_42048;7;;633;354;354;75;279;55.92;21.19
021504_4151_42048;8;;863;393;393;68;325;45.54;17.30
021504_4152_42048;9;;1023;493;493;77;416;48.19;15.62
021504_4153_42048;10;;546;247;247;44;203;45.24;17.81
021504_4154_42048;11;;654;418;418;117;301;63.91;27.99
021504_4155_42048;12;;735;424;424;77;347;57.69;18.16
021601_4156_42051;1;;1696;974;974;256;718;57.43;26.28
021601_4157_42051;2;;656;377;377;97;280;57.47;25.73
021601_4158_42051;3;;1487;836;836;251;585;56.22;30.02
021601_4159_42051;4;;1265;691;691;213;478;54.62;30.82
021601_4160_42051;5;;1347;822;822;166;656;61.02;20.19
021601_4161_42051;6;;539;314;314;77;237;58.26;24.52
021601_4162_42051;7;;518;312;312;70;242;60.23;22.44
021601_4163_42051;8;;686;471;471;103;368;68.66;21.87
021601_4164_42051;9;;727;459;459;92;367;63.14;20.04
021601_4165_42051;10;;657;393;393;124;269;59.82;31.55
021601_4166_42051;11;;751;410;410;76;334;54.59;18.54
021602_4167_42051;1;;1769;1111;1111;217;894;62.80;19.53
021602_4168_42051;2;;447;315;315;61;254;70.47;19.37
021602_4169_42051;3;;504;315;315;65;250;62.50;20.63
021602_4170_42051;4;;408;235;235;54;181;57.60;22.98
021603_4171_42051;1;;1157;671;671;193;478;57.99;28.76
021603_4172_42051;2;;1140;618;618;175;443;54.21;28.32
021603_4173_42051;3;;907;517;517;179;338;57.00;34.62
021603_4174_42051;4;;982;551;551;189;362;56.11;34.30
021604_4175_42051;1;;1224;454;459;121;333;37.09;26.65
021604_4176_42051;2;;1367;687;687;159;528;50.26;23.14
021604_4177_42051;3;;2266;998;998;157;841;44.04;15.73
021604_4178_42051;4;;1019;554;555;74;480;54.37;13.36
021604_4179_42051;5;;1925;915;915;209;706;47.53;22.84
021604_4180_42051;6;;1219;631;631;266;365;51.76;42.16
021604_4181_42051;7;;2007;886;886;183;703;44.15;20.65
021604_4182_42051;8;;1219;699;699;154;545;57.34;22.03
021604_4183_42051;9;;1434;751;751;134;617;52.37;17.84
021604_4184_42051;10;;1179;529;529;105;424;44.87;19.85
021604_4185_42051;11;;1279;600;600;117;483;46.91;19.50
021604_4186_42051;12;;1321;680;680;121;559;51.48;17.79
021604_4187_42051;13;;838;511;511;159;352;60.98;31.12
021604_4188_42051;14;;753;447;447;105;342;59.36;23.49
021604_4189_42051;15;;630;330;330;115;215;52.38;34.85
021604_4190_42051;16;;1401;804;804;142;662;57.39;17.66
021605_4191_42051;1;;1062;574;574;143;431;54.05;24.91
021605_4192_42051;2;;1431;757;757;199;558;52.90;26.29
021605_4193_42051;3;;485;277;277;71;206;57.11;25.63
021605_4194_42051;4;;543;325;325;97;228;59.85;29.85
021605_4195_42051;5;;807;438;438;91;347;54.28;20.78
021605_4196_42051;6;;1273;762;762;190;572;59.86;24.93
021605_4197_42051;7;;1492;854;854;187;667;57.24;21.90
021606_4198_42051;1;;1552;1032;1032;216;816;66.49;20.93
021606_4199_42051;2;;1157;690;690;127;563;59.64;18.41
021606_4200_42051;3;;1034;607;607;102;505;58.70;16.80
021701_4201_42048;1;;1766;943;943;155;788;53.40;16.44
021701_4202_42048;2;;1617;940;940;221;719;58.13;23.51
021701_4203_42048;3;;972;474;474;93;381;48.77;19.62
021702_4204_42048;1;;626;442;442;104;338;70.61;23.53
021702_4205_42048;2;;1035;657;657;154;503;63.48;23.44
021702_4206_42048;3;;456;279;279;83;196;61.18;29.75
021702_4207_42048;4;;822;510;510;135;375;62.04;26.47
021702_4208_42048;5;;769;541;541;146;395;70.35;26.99
021703_4209_42048;1;;1459;823;823;215;608;56.41;26.12
021703_4210_42048;2;;622;307;307;78;229;49.36;25.41
021703_4211_42048;3;;509;259;259;59;200;50.88;22.78
021703_4212_42048;4;;224;137;137;30;107;61.16;21.90
021703_4213_42048;5;;790;392;392;132;260;49.62;33.67
021703_4214_42048;6;;512;289;289;74;215;56.45;25.61
021704_29374_42048;15;;72;18;18;2;16;25.00;11.11
021704_29375_42048;16;;660;111;111;23;88;16.82;20.72
021704_4215_42048;1;;1638;699;699;97;602;42.67;13.88
021704_4216_42048;2;;1866;916;916;130;786;49.09;14.19
021704_4217_42048;3;;1679;777;777;133;644;46.28;17.12
021704_4218_42048;4;;1664;819;819;98;721;49.22;11.97
021704_4219_42048;5;;1672;838;838;81;757;50.12;9.67
021704_4220_42048;6;;1630;736;736;102;634;45.15;13.86
021704_4221_42048;7;;857;443;443;63;380;51.69;14.22
021704_4222_42048;8;;827;429;429;73;356;51.87;17.02
021704_4223_42048;9;;1768;957;957;108;849;54.13;11.29
021704_4224_42048;10;;828;348;348;64;284;42.03;18.39
021704_4225_42048;11;;780;386;386;65;321;49.49;16.84
021704_4226_42048;12;;853;497;497;109;388;58.26;21.93
021704_4227_42048;13;;858;444;444;65;379;51.75;14.64
021704_4228_42048;14;;868;406;406;86;320;46.77;21.18
021705_4229_42048;1;;2117;1175;1175;231;944;55.50;19.66
021705_4230_42048;2;;1100;661;661;119;542;60.09;18.00
021705_4231_42048;3;;819;475;475;115;360;58.00;24.21
021705_4232_42048;4;;1118;615;615;158;457;55.01;25.69
021705_4233_42048;5;;820;440;440;114;326;53.66;25.91
021801_4234_42048;1;;2308;1325;1325;337;988;57.41;25.43
021801_4235_42048;2;;833;352;352;99;253;42.26;28.12
021801_4236_42048;3;;1363;677;677;190;487;49.67;28.06
021801_4237_42048;4;;1264;601;601;169;432;47.55;28.12
021803_4242_42048;1;;1572;811;812;147;664;51.59;18.13
021803_4243_42048;2;;1672;880;880;116;764;52.63;13.18
021803_4244_42048;3;;1437;655;655;160;495;45.58;24.43
021803_4245_42048;4;;1435;829;829;138;691;57.77;16.65
021803_4246_42048;5;;1521;783;783;211;572;51.48;26.95
021803_4247_42048;6;;1521;625;625;154;471;41.09;24.64
021803_4248_42048;7;;759;314;314;88;226;41.37;28.03
021803_4249_42048;8;;1113;449;449;79;370;40.34;17.59
021804_29376_42048;10;;14;12;12;0;12;85.71;0.00
021804_4250_42048;1;;2087;990;990;125;865;47.44;12.63
021804_4251_42048;2;;2149;903;903;189;714;42.02;20.93
021804_4252_42048;3;;2147;1028;1028;139;889;47.88;13.52
021804_4253_42048;4;;1879;869;869;200;669;46.25;23.01
021804_4254_42048;5;;1173;637;638;132;505;54.31;20.72
021804_4255_42048;6;;2193;1201;1201;276;925;54.77;22.98
021804_4256_42048;7;;2265;1034;1034;154;880;45.65;14.89
021804_4257_42048;8;;772;400;400;104;296;51.81;26.00
021804_4258_42048;9;;1047;447;447;91;356;42.69;20.36
021805_4259_42048;1;;1369;777;777;144;633;56.76;18.53
021805_4260_42048;2;;1169;610;610;79;531;52.18;12.95
021805_4261_42048;3;;985;585;585;173;412;59.39;29.57
021805_4262_42048;4;;960;563;563;144;419;58.65;25.58
021901_30797_42049;24;;119;32;32;4;28;26.89;12.50
021901_30798_42049;25;;223;70;70;14;56;31.39;20.00
021901_4263_42049;1;;2020;996;996;82;914;49.31;8.23
021901_4264_42049;2;;2189;955;955;213;742;43.63;22.30
021901_4265_42049;3;;2099;945;945;78;867;45.02;8.25
021901_4266_42049;4;;1901;661;661;79;582;34.77;11.95
021901_4267_42049;5;;1991;735;735;95;640;36.92;12.93
021901_4268_42049;6;;2092;701;701;85;616;33.51;12.13
021901_4269_42049;7;;2036;687;688;103;584;33.74;14.99
021901_4270_42049;8;;1871;722;722;68;654;38.59;9.42
021901_4271_42049;9;;2288;987;987;133;854;43.14;13.48
021901_4272_42049;10;;2069;945;945;229;716;45.67;24.23
021901_4273_42049;11;;2255;1061;1061;169;892;47.05;15.93
021901_4274_42049;12;;2337;1068;1068;76;992;45.70;7.12
021901_4275_42049;13;;2013;933;933;68;865;46.35;7.29
021901_4276_42049;14;;2198;964;964;84;880;43.86;8.71
021901_4277_42049;15;;1937;947;947;163;784;48.89;17.21
021901_4278_42049;16;;2116;783;783;97;686;37.00;12.39
021901_4279_42049;17;;2114;739;739;105;634;34.96;14.21
021901_4280_42049;18;;2170;774;774;137;637;35.67;17.70
021901_4281_42049;19;;2040;736;736;123;613;36.08;16.71
021901_4282_42049;20;;2001;834;834;116;718;41.68;13.91
021901_4283_42049;21;;1935;714;714;80;634;36.90;11.20
021901_4284_42049;22;;1992;715;715;130;585;35.89;18.18
021901_4285_42049;23;;2179;1023;1023;78;945;46.95;7.62
021902_29377_42049;22;;127;6;6;0;6;4.72;0.00
021902_4286_42049;1;;1076;530;530;86;444;49.26;16.23
021902_4287_42049;2;;812;369;369;72;297;45.44;19.51
021902_4288_42049;3;;822;413;413;69;344;50.24;16.71
021902_4289_42049;4;;926;457;458;64;393;49.35;14.00
021902_4290_42049;5;;847;416;416;84;332;49.11;20.19
021902_4291_42049;6;;979;484;484;66;418;49.44;13.64
021902_4292_42049;7;;851;416;416;111;305;48.88;26.68
021902_4293_42049;8;;888;436;436;108;328;49.10;24.77
021902_4294_42049;9;;855;357;357;58;299;41.75;16.25
021902_4295_42049;10;;802;357;357;84;273;44.51;23.53
021902_4296_42049;11;;810;327;327;50;277;40.37;15.29
021902_4297_42049;12;;1057;519;519;96;423;49.10;18.50
021902_4298_42049;13;;906;385;385;106;279;42.49;27.53
021902_4299_42049;14;;823;461;461;157;304;56.01;34.06
021902_4300_42049;15;;929;389;389;100;289;41.87;25.71
021902_4301_42049;16;;930;423;423;72;351;45.48;17.02
021902_4302_42049;17;;1053;483;483;96;387;45.87;19.88
021902_4303_42049;18;;863;415;415;82;333;48.09;19.76
021902_4304_42049;19;;863;398;398;100;298;46.12;25.13
021902_4305_42049;20;;765;319;319;74;245;41.70;23.20
021902_4306_42049;21;;765;380;380;53;327;49.67;13.95
021903_29378_42049;6;;37;28;28;3;25;75.68;10.71
021903_4307_42049;1;;692;372;372;111;261;53.76;29.84
021903_4308_42049;2;;782;479;479;95;384;61.25;19.83
021903_4309_42049;3;;836;493;493;131;362;58.97;26.57
021903_4310_42049;4;;861;530;530;147;383;61.56;27.74
021903_4311_42049;5;;1167;682;682;171;511;58.44;25.07
021904_4312_42049;1;;1665;673;673;133;540;40.42;19.76
021904_4313_42049;2;;1043;418;418;74;344;40.08;17.70
021904_4314_42049;3;;1073;524;524;123;401;48.84;23.47
021904_4315_42049;4;;1132;484;484;131;353;42.76;27.07
021904_4316_42049;5;;1413;542;542;142;400;38.36;26.20
021904_4317_42049;6;;1375;574;574;150;424;41.75;26.13
021904_4318_42049;7;;698;292;292;85;207;41.83;29.11
021905_4319_42049;1;;1022;572;572;112;460;55.97;19.58
021905_4320_42049;2;;1040;591;591;130;461;56.83;22.00
021905_4321_42049;3;;335;214;214;77;137;63.88;35.98
021905_4322_42049;4;;317;153;153;45;108;48.26;29.41
021905_4323_42049;5;;435;257;257;90;167;59.08;35.02
021905_4324_42049;6;;944;559;559;130;429;59.22;23.26
021905_4325_42049;7;;696;403;403;62;341;57.90;15.38
021905_4326_42049;8;;427;266;266;76;190;62.30;28.57
021906_4327_42049;1;;1051;662;662;127;535;62.99;19.18
021906_4328_42049;2;;1108;618;618;123;495;55.78;19.90
021906_4329_42049;3;;1102;521;521;115;406;47.28;22.07
021906_4330_42049;4;;1104;519;519;147;372;47.01;28.32
021906_4331_42049;5;;1175;558;558;137;421;47.49;24.55
021906_4332_42049;6;;1069;600;600;126;474;56.13;21.00
021906_4333_42049;7;;1209;702;702;119;583;58.06;16.95
021906_4334_42049;8;;1032;527;527;131;396;51.07;24.86
021906_4335_42049;9;;947;415;415;76;339;43.82;18.31
021906_4336_42049;10;;1030;582;582;171;411;56.50;29.38
021906_4337_42049;11;;936;486;486;114;372;51.92;23.46
021906_4338_42049;12;;933;499;499;109;390;53.48;21.84
021906_4339_42049;13;;949;488;488;132;356;51.42;27.05
021906_4340_42049;14;;1082;551;551;164;387;50.92;29.76
021906_4341_42049;15;;732;362;362;90;272;49.45;24.86
021906_4342_42049;16;;314;177;177;39;138;56.37;22.03
021906_4343_42049;17;;1054;506;506;106;400;48.01;20.95
021906_4344_42049;18;;406;259;259;57;202;63.79;22.01
021906_4345_42049;19;;546;310;310;55;255;56.78;17.74
021906_4346_42049;20;;544;326;326;109;217;59.93;33.44
021906_4347_42049;21;;582;337;337;102;235;57.90;30.27
021906_4348_42049;22;;776;452;452;103;349;58.25;22.79
021906_4349_42049;23;;418;194;194;47;147;46.41;24.23
021906_4350_42049;24;;833;391;391;111;280;46.94;28.39
021906_4351_42049;25;;857;423;423;148;275;49.36;34.99
021907_4352_42049;1;;2117;973;973;149;824;45.96;15.31
021907_4353_42049;2;;727;383;383;72;311;52.68;18.80
021907_4354_42049;3;;1767;843;843;165;678;47.71;19.57
021907_4355_42049;4;;1750;802;802;219;583;45.83;27.31
021907_4356_42049;5;;881;340;340;68;272;38.59;20.00
021907_4357_42049;6;;884;411;411;103;308;46.49;25.06
021907_4358_42049;7;;1353;570;570;135;435;42.13;23.68
021907_4359_42049;8;;840;369;369;59;310;43.93;15.99
021907_4360_42049;9;;933;387;387;78;309;41.48;20.16
021907_4361_42049;10;;2150;864;864;152;712;40.19;17.59
021908_4362_42049;1;;623;313;313;29;284;50.24;9.27
021908_4363_42049;2;;614;357;357;75;282;58.14;21.01
021908_4364_42049;3;;709;333;333;58;275;46.97;17.42
021908_4365_42049;4;;796;357;357;73;284;44.85;20.45
021908_4366_42049;5;;1371;536;536;108;428;39.10;20.15
021908_4367_42049;6;;1510;707;707;143;564;46.82;20.23
021908_4368_42049;7;;1171;569;569;169;400;48.59;29.70
021908_4369_42049;8;;806;415;415;106;309;51.49;25.54
021908_4370_42049;9;;1258;685;685;114;571;54.45;16.64
021908_4371_42049;10;;1328;672;672;121;551;50.60;18.01
022001_29379_42048;13;;96;48;48;18;30;50.00;37.50
022001_29380_42048;14;;69;40;40;23;17;57.97;57.50
022001_4372_42048;1;;1430;754;754;185;569;52.73;24.54
022001_4373_42048;2;;1551;862;862;94;768;55.58;10.90
022001_4374_42048;3;;2356;1365;1365;171;1194;57.94;12.53
022001_4375_42048;4;;1483;807;807;134;673;54.42;16.60
022001_4376_42048;5;;1243;653;653;107;546;52.53;16.39
022001_4377_42048;6;;808;366;366;107;259;45.30;29.23
022001_4378_42048;7;;850;396;396;80;316;46.59;20.20
022001_4379_42048;8;;664;319;319;80;239;48.04;25.08
022001_4380_42048;9;;871;436;436;61;375;50.06;13.99
022001_4381_42048;10;;871;498;498;110;388;57.18;22.09
022001_4382_42048;11;;1837;1007;1007;160;847;54.82;15.89
022001_4383_42048;12;;1489;705;705;110;595;47.35;15.60
022002_4384_42048;1;;1838;1010;1010;232;778;54.95;22.97
022002_4385_42048;2;;1827;1099;1099;254;845;60.15;23.11
022002_4386_42048;3;;987;518;518;128;390;52.48;24.71
022002_4387_42048;4;;2188;1137;1137;246;891;51.97;21.64
022002_4388_42048;5;;697;482;482;138;344;69.15;28.63
022003_29381_42048;17;;51;9;9;2;7;17.65;22.22
022003_4389_42048;1;;1848;839;839;138;701;45.40;16.45
022003_4390_42048;2;;1648;896;896;122;774;54.37;13.62
022003_4391_42048;3;;1658;921;921;99;822;55.55;10.75
022003_4392_42048;4;;1027;602;602;67;535;58.62;11.13
022003_4393_42048;5;;2022;1045;1045;165;880;51.68;15.79
022003_4394_42048;6;;2012;1055;1055;209;846;52.44;19.81
022003_4395_42048;7;;890;469;469;69;400;52.70;14.71
022003_4396_42048;8;;1070;512;512;103;409;47.85;20.12
022003_4397_42048;9;;708;318;318;80;238;44.92;25.16
022003_4398_42048;10;;775;360;360;59;301;46.45;16.39
022003_4399_42048;11;;732;354;354;98;256;48.36;27.68
022003_4400_42048;12;;754;393;393;113;280;52.12;28.75
022003_4401_42048;13;;709;314;314;80;234;44.29;25.48
022003_4402_42048;14;;921;375;375;78;297;40.72;20.80
022003_4403_42048;15;;794;322;322;83;239;40.55;25.78
022003_4404_42048;16;;738;314;314;32;282;42.55;10.19
022004_4405_42048;1;;1635;779;779;105;674;47.65;13.48
022004_4406_42048;2;;2104;1052;1052;101;951;50.00;9.60
022004_4407_42048;3;;1962;725;725;135;590;36.95;18.62
022004_4408_42048;4;;2052;1098;1098;153;945;53.51;13.93
022005_4409_42048;1;;1883;1138;1138;303;835;60.44;26.63
022005_4410_42048;2;;1267;666;666;193;473;52.57;28.98
022005_4411_42048;3;;1446;747;747;204;543;51.66;27.31
022006_29382_42048;10;;36;17;17;3;14;47.22;17.65
022006_4412_42048;1;;1885;992;992;213;779;52.63;21.47
022006_4413_42048;2;;1859;984;984;154;830;52.93;15.65
022006_4414_42048;3;;1501;756;756;119;637;50.37;15.74
022006_4415_42048;4;;1292;587;587;127;460;45.43;21.64
022006_4416_42048;5;;1620;736;736;136;600;45.43;18.48
022006_4417_42048;6;;901;474;474;94;380;52.61;19.83
022006_4418_42048;7;;693;349;349;47;302;50.36;13.47
022006_4419_42048;8;;1543;779;779;174;605;50.49;22.34
022006_4420_42048;9;;566;323;323;46;277;57.07;14.24
022101_4421_42049;1;;1746;747;747;187;560;42.78;25.03
022101_4422_42049;2;;1767;769;769;170;599;43.52;22.11
022101_4423_42049;3;;908;350;350;79;271;38.55;22.57
022101_4424_42049;4;;1880;749;749;189;560;39.84;25.23
022101_4425_42049;5;;1918;734;734;120;614;38.27;16.35
022101_4426_42049;6;;1861;759;759;160;599;40.78;21.08
022101_4427_42049;7;;1362;660;660;185;475;48.46;28.03
022101_4428_42049;8;;917;358;358;49;309;39.04;13.69
022101_4429_42049;9;;632;317;317;63;254;50.16;19.87
022102_4430_42049;1;;820;423;423;72;351;51.59;17.02
022102_4431_42049;2;;762;379;379;56;323;49.74;14.78
022102_4432_42049;3;;827;391;391;61;330;47.28;15.60
022102_4433_42049;4;;619;255;255;43;212;41.20;16.86
022102_4434_42049;5;;942;422;422;78;344;44.80;18.48
022103_4435_42049;1;;931;593;593;52;541;63.69;8.77
022103_4436_42049;2;;979;573;573;62;511;58.53;10.82
022103_4437_42049;3;;938;554;554;103;451;59.06;18.59
022103_4438_42049;4;;1015;587;587;63;524;57.83;10.73
022103_4439_42049;5;;942;541;541;116;425;57.43;21.44
022104_4440_42049;1;;1082;566;566;142;424;52.31;25.09
022104_4441_42049;2;;807;441;441;116;325;54.65;26.30
022104_4442_42049;3;;562;291;291;71;220;51.78;24.40
022104_4443_42049;4;;388;257;257;85;172;66.24;33.07
022104_4444_42049;5;;1050;581;581;108;473;55.33;18.59
022105_4445_42049;1;;2038;955;955;200;755;46.86;20.94
022105_4446_42049;2;;2059;1122;1122;166;956;54.49;14.80
022105_4447_42049;3;;1643;851;851;189;662;51.80;22.21
022105_4448_42049;4;;864;437;437;74;363;50.58;16.93
022105_4449_42049;5;;315;161;161;26;135;51.11;16.15
022105_4450_42049;6;;448;228;228;26;202;50.89;11.40
022106_4451_42049;1;;690;328;328;76;252;47.54;23.17
022106_4452_42049;2;;707;366;366;73;293;51.77;19.95
022106_4453_42049;3;;661;321;321;63;258;48.56;19.63
022106_4454_42049;4;;741;389;389;59;330;52.50;15.17
022106_4455_42049;5;;884;412;412;100;312;46.61;24.27
022106_4456_42049;6;;661;342;342;59;283;51.74;17.25
022106_4457_42049;7;;645;326;326;67;259;50.54;20.55
022106_4458_42049;8;;654;361;361;59;302;55.20;16.34
022107_4459_42049;1;;1067;639;639;173;466;59.89;27.07
022107_4460_42049;2;;571;323;323;87;236;56.57;26.93
022107_4461_42049;3;;732;393;393;99;294;53.69;25.19
022107_4462_42049;4;;340;164;164;42;122;48.24;25.61
022107_4463_42049;5;;449;272;272;79;193;60.58;29.04
022107_4464_42049;6;;278;158;158;32;126;56.83;20.25
022108_4465_42049;1;;996;520;520;135;385;52.21;25.96
022108_4466_42049;2;;1009;515;515;96;419;51.04;18.64
022108_4467_42049;3;;799;377;377;104;273;47.18;27.59
022108_4468_42049;4;;743;350;351;75;275;47.11;21.43
022108_4469_42049;5;;1148;576;576;119;457;50.17;20.66
022201_4470_42048;1;;1933;950;950;112;838;49.15;11.79
022201_4471_42048;2;;1565;764;764;159;605;48.82;20.81
022201_4472_42048;3;;1742;853;853;169;684;48.97;19.81
022201_4473_42048;4;;1572;751;751;106;645;47.77;14.11
022201_4474_42048;5;;1087;551;551;82;469;50.69;14.88
022201_4475_42048;6;;503;328;328;88;240;65.21;26.83
022201_4476_42048;7;;526;222;222;30;192;42.21;13.51
022201_4477_42048;8;;894;457;457;93;364;51.12;20.35
022201_4478_42048;9;;885;408;408;95;313;46.10;23.28
022201_4479_42048;10;;1655;782;782;110;672;47.25;14.07
022201_4480_42048;11;;746;404;404;45;359;54.16;11.14
022202_4481_42048;1;;1813;1092;1092;257;835;60.23;23.53
022202_4482_42048;2;;960;521;521;131;390;54.27;25.14
022202_4483_42048;3;;886;430;430;127;303;48.53;29.53
022202_4484_42048;4;;1418;832;832;235;597;58.67;28.25
022202_4485_42048;5;;1030;430;430;125;305;41.75;29.07
022202_4486_42048;6;;387;242;242;81;161;62.53;33.47
022202_4487_42048;7;;496;267;267;56;211;53.83;20.97
022203_29383_42048;14;;139;51;51;16;35;36.69;31.37
022203_29384_42048;15;;57;14;14;1;13;24.56;7.14
022203_29385_42048;16;;77;14;14;4;10;18.18;28.57
022203_4488_42048;1;;2283;1080;1080;181;899;47.31;16.76
022203_4489_42048;2;;1450;608;608;153;455;41.93;25.16
022203_4490_42048;3;;2227;1069;1069;157;912;48.00;14.69
022203_4491_42048;4;;1966;956;956;176;780;48.63;18.41
022203_4492_42048;5;;1578;770;770;136;634;48.80;17.66
022203_4493_42048;6;;1484;650;650;101;549;43.80;15.54
022203_4494_42048;7;;843;454;454;160;294;53.86;35.24
022203_4495_42048;8;;2227;989;989;249;740;44.41;25.18
022203_4496_42048;9;;1122;509;509;115;394;45.37;22.59
022203_4497_42048;10;;639;288;288;85;203;45.07;29.51
022203_4498_42048;11;;1052;529;529;132;397;50.29;24.95
022203_4499_42048;12;;987;511;511;121;390;51.77;23.68
022203_4500_42048;13;;592;255;255;66;189;43.07;25.88
022301_4501_42048;1;;2284;1299;1299;154;1145;56.87;11.86
022301_4502_42048;2;;1948;1052;1052;106;946;54.00;10.08
022301_4503_42048;3;;2453;1469;1469;116;1353;59.89;7.90
022301_4504_42048;4;;1535;796;796;90;706;51.86;11.31
022301_4505_42048;5;;761;483;483;85;398;63.47;17.60
022301_4506_42048;6;;860;504;504;68;436;58.60;13.49
022302_4507_42048;1;;1705;1057;1057;124;933;61.99;11.73
022302_4508_42048;2;;883;569;569;116;453;64.44;20.39
022302_4509_42048;3;;958;570;570;196;374;59.50;34.39
022302_4510_42048;4;;1360;711;711;57;654;52.28;8.02
022302_4511_42048;5;;903;438;438;98;340;48.50;22.37
022302_4512_42048;6;;860;527;527;40;487;61.28;7.59
022302_4513_42048;7;;936;571;571;98;473;61.00;17.16
022302_4514_42048;8;;845;461;461;72;389;54.56;15.62
022302_4515_42048;9;;1002;572;572;96;476;57.09;16.78
022302_4516_42048;10;;1714;932;932;152;780;54.38;16.31
022302_4517_42048;11;;1292;809;809;104;705;62.62;12.86
022302_4518_42048;12;;1456;786;787;77;709;53.98;9.80
022302_4519_42048;13;;1152;651;651;129;522;56.51;19.82
022302_4520_42048;14;;2385;1213;1213;130;1083;50.86;10.72
022302_4521_42048;15;;976;607;607;140;467;62.19;23.06
022302_4522_42048;16;;796;461;461;58;403;57.91;12.58
022302_4523_42048;17;;816;399;399;73;326;48.90;18.30
022302_4524_42048;18;;976;511;511;82;429;52.36;16.05
022303_4525_42048;1;;1956;1181;1182;256;925;60.38;21.68
022303_4526_42048;2;;617;384;385;119;265;62.24;30.99
022304_4527_42048;1;;1423;770;771;81;689;54.11;10.52
022304_4528_42048;2;;1716;788;788;92;696;45.92;11.68
022304_4529_42048;3;;1807;880;880;164;716;48.70;18.64
022304_4530_42048;4;;1723;793;793;148;645;46.02;18.66
022304_4531_42048;5;;1556;644;644;105;539;41.39;16.30
022304_4532_42048;6;;1806;955;955;68;887;52.88;7.12
022304_4533_42048;7;;966;521;521;103;418;53.93;19.77
022304_4534_42048;8;;1999;829;829;234;595;41.47;28.23
022304_4535_42048;9;;1519;811;811;155;656;53.39;19.11
022304_4536_42048;10;;1387;546;546;102;444;39.37;18.68
022304_4537_42048;11;;775;346;346;122;224;44.65;35.26
022305_4538_42048;1;;1476;758;758;100;658;51.36;13.19
022305_4539_42048;2;;1764;920;920;108;812;52.15;11.74
022305_4540_42048;3;;1143;610;610;113;497;53.37;18.52
022305_4541_42048;4;;1661;858;858;176;682;51.66;20.51
022305_4542_42048;5;;889;352;352;96;256;39.60;27.27
022305_4543_42048;6;;851;382;382;91;291;44.89;23.82
022305_4544_42048;7;;762;406;406;149;257;53.28;36.70
022305_4545_42048;8;;841;509;509;222;287;60.52;43.61
022305_4546_42048;9;;773;355;355;91;264;45.92;25.63
022305_4547_42048;10;;1195;478;478;66;412;40.00;13.81
022305_4548_42048;11;;1170;511;511;57;454;43.68;11.15
022305_4549_42048;12;;885;466;466;30;436;52.66;6.44
022306_4550_42048;1;;1810;1232;1232;203;1029;68.07;16.48
022306_4551_42048;2;;789;562;562;158;404;71.23;28.11
022306_4552_42048;3;;556;327;327;109;218;58.81;33.33
022307_4553_42048;1;;2364;1229;1229;329;900;51.99;26.77
022307_4554_42048;2;;1472;755;755;143;612;51.29;18.94
022307_4555_42048;3;;1799;949;949;231;718;52.75;24.34
022307_4556_42048;4;;1885;998;998;295;703;52.94;29.56
022307_4557_42048;5;;1381;713;713;237;476;51.63;33.24
022307_4558_42048;6;;1431;637;637;243;394;44.51;38.15
022308_4559_42048;1;;1011;535;535;58;477;52.92;10.84
022308_4560_42048;2;;82;59;59;2;57;71.95;3.39
022308_4561_42048;3;;868;421;421;63;358;48.50;14.96
022308_4562_42048;4;;692;331;331;63;268;47.83;19.03
022308_4563_42048;5;;970;478;478;72;406;49.28;15.06
022308_4564_42048;6;;602;314;314;68;246;52.16;21.66
022308_4565_42048;7;;810;349;349;41;308;43.09;11.75
022308_4566_42048;8;;1051;513;513;64;449;48.81;12.48
022308_4567_42048;9;;1185;557;557;92;465;47.00;16.52
022308_4568_42048;10;;684;306;306;64;242;44.74;20.92
022308_4569_42048;11;;905;426;426;52;374;47.07;12.21
022308_4570_42048;12;;902;474;474;49;425;52.55;10.34
022308_4571_42048;13;;1412;700;700;91;609;49.58;13.00
022308_4572_42048;14;;422;163;163;26;137;38.63;15.95
022308_4573_42048;15;;686;370;370;39;331;53.94;10.54
022308_4574_42048;16;;542;306;306;48;258;56.46;15.69
022308_4575_42048;17;;1335;683;683;64;619;51.16;9.37
022309_4576_42048;1;;1923;1145;1145;223;922;59.54;19.48
022309_4577_42048;2;;1027;558;558;187;371;54.33;33.51
022309_4578_42048;3;;905;538;538;137;401;59.45;25.46
022309_4579_42048;4;;1043;580;580;136;444;55.61;23.45
022309_4580_42048;5;;1256;530;530;97;433;42.20;18.30
022309_4581_42048;6;;970;572;572;157;415;58.97;27.45
022309_4582_42048;7;;697;339;339;48;291;48.64;14.16
022401_4583_42049;1;;1391;743;743;146;597;53.41;19.65
022401_4584_42049;2;;1187;672;672;105;567;56.61;15.62
022401_4585_42049;3;;998;541;541;104;437;54.21;19.22
022401_4586_42049;4;;892;507;507;65;442;56.84;12.82
022402_4587_42049;1;;876;541;541;118;423;61.76;21.81
022402_4588_42049;2;;901;557;557;89;468;61.82;15.98
022402_4589_42049;3;;793;433;433;111;322;54.60;25.64
022403_4590_42049;1;;1183;641;641;165;476;54.18;25.74
022403_4591_42049;2;;1273;782;782;371;411;61.43;47.44
022403_4592_42049;3;;472;275;275;91;184;58.26;33.09
022403_4593_42049;4;;443;232;232;65;167;52.37;28.02
022403_4594_42049;5;;455;235;235;76;159;51.65;32.34
022403_4595_42049;6;;535;271;271;89;182;50.65;32.84
022403_4596_42049;7;;525;242;242;74;168;46.10;30.58
022403_4597_42049;8;;728;470;470;86;384;64.56;18.30
022403_4598_42049;9;;988;553;553;141;412;55.97;25.50
022403_4599_42049;10;;336;197;197;62;135;58.63;31.47
022404_4600_42049;1;;917;453;453;86;367;49.40;18.98
022404_4601_42049;2;;819;410;410;96;314;50.06;23.41
022404_4602_42049;3;;783;358;358;73;285;45.72;20.39
022404_4603_42049;4;;971;513;513;78;435;52.83;15.20
022404_4604_42049;5;;1041;561;561;131;430;53.89;23.35
022405_29386_42049;22;;110;69;69;23;46;62.73;33.33
022405_29387_42049;23;;21;3;3;1;2;14.29;33.33
022405_4605_42049;1;;905;403;403;94;309;44.53;23.33
022405_4606_42049;2;;861;373;373;160;213;43.32;42.90
022405_4607_42049;3;;800;342;342;108;234;42.75;31.58
022405_4608_42049;4;;736;334;334;105;229;45.38;31.44
022405_4609_42049;5;;871;362;362;66;296;41.56;18.23
022405_4610_42049;6;;1021;475;475;76;399;46.52;16.00
022405_4611_42049;7;;888;408;408;76;332;45.95;18.63
022405_4612_42049;8;;929;530;530;168;362;57.05;31.70
022405_4613_42049;9;;986;573;573;79;494;58.11;13.79
022405_4614_42049;10;;1116;623;623;106;517;55.82;17.01
022405_4615_42049;11;;1089;625;625;92;533;57.39;14.72
022405_4616_42049;12;;876;545;545;181;364;62.21;33.21
022405_4617_42049;13;;848;445;445;81;364;52.48;18.20
022405_4618_42049;14;;810;409;409;76;333;50.49;18.58
022405_4619_42049;15;;873;419;419;89;330;48.00;21.24
022405_4620_42049;16;;639;317;317;80;237;49.61;25.24
022405_4621_42049;17;;1121;607;607;147;460;54.15;24.22
022405_4622_42049;18;;1028;555;555;129;426;53.99;23.24
022405_4623_42049;19;;532;281;281;70;211;52.82;24.91
022405_4624_42049;20;;727;313;313;90;223;43.05;28.75
022405_4625_42049;21;;744;340;340;69;271;45.70;20.29
022406_29388_42049;20;;78;65;65;5;60;83.33;7.69
022406_29389_42049;21;;60;31;31;3;28;51.67;9.68
022406_29390_42049;22;;68;22;22;1;21;32.35;4.55
022406_4626_42049;1;;982;450;450;86;364;45.82;19.11
022406_4627_42049;2;;1003;415;415;81;334;41.38;19.52
022406_4628_42049;3;;930;372;372;92;280;40.00;24.73
022406_4629_42049;4;;961;401;401;84;317;41.73;20.95
022406_4630_42049;5;;968;358;358;72;286;36.98;20.11
022406_4631_42049;6;;1705;639;639;133;506;37.48;20.81
022406_4632_42049;7;;770;301;301;72;229;39.09;23.92
022406_4633_42049;8;;636;224;224;33;191;35.22;14.73
022406_4634_42049;9;;401;203;203;33;170;50.62;16.26
022406_4635_42049;10;;580;258;258;74;184;44.48;28.68
022406_4636_42049;11;;558;310;310;57;253;55.56;18.39
022406_4637_42049;12;;466;253;253;109;144;54.29;43.08
022406_4638_42049;13;;497;293;293;78;215;58.95;26.62
022406_4640_42049;15;;508;236;236;43;193;46.46;18.22
022406_4641_42049;16;;745;309;309;95;214;41.48;30.74
022406_4642_42049;17;;1082;465;465;107;358;42.98;23.01
022406_4643_42049;18;;604;286;286;81;205;47.35;28.32
022406_4644_42049;19;;485;184;184;34;150;37.94;18.48
022407_4645_42049;1;;802;420;420;106;314;52.37;25.24
022407_4646_42049;2;;794;446;446;120;326;56.17;26.91
022407_4647_42049;3;;814;488;489;137;351;59.95;28.07
022407_4648_42049;4;;300;203;203;61;142;67.67;30.05
022407_4649_42049;5;;445;254;254;65;189;57.08;25.59
022407_4650_42049;6;;192;113;113;38;75;58.85;33.63
022407_4651_42049;7;;544;277;277;78;199;50.92;28.16
022501_4652_42050;1;;1774;811;811;218;593;45.72;26.88
022501_4653_42050;2;;1726;796;796;198;598;46.12;24.87
022502_29391_42050;22;;68;28;28;14;14;41.18;50.00
022502_29392_42050;23;;33;19;19;5;14;57.58;26.32
022502_4654_42050;1;;1255;536;536;107;429;42.71;19.96
022502_4655_42050;2;;1165;537;537;114;423;46.09;21.23
022502_4656_42050;3;;1260;554;554;85;469;43.97;15.34
022502_4657_42050;4;;1346;615;615;98;517;45.69;15.93
022502_4658_42050;5;;1264;539;539;125;414;42.64;23.19
022502_4659_42050;6;;1270;539;539;189;350;42.44;35.06
022502_4660_42050;7;;1265;569;569;149;420;44.98;26.19
022502_4661_42050;8;;1268;546;546;99;447;43.06;18.13
022502_4662_42050;9;;1234;505;505;66;439;40.92;13.07
022502_4663_42050;10;;1235;578;578;92;486;46.80;15.92
022502_4664_42050;11;;1193;541;541;62;479;45.35;11.46
022502_4665_42050;12;;1240;534;534;144;390;43.06;26.97
022502_4666_42050;13;;1245;480;480;74;406;38.55;15.42
022502_4667_42050;14;;1156;478;478;203;275;41.35;42.47
022502_4668_42050;15;;1233;506;506;93;413;41.04;18.38
022502_4669_42050;16;;1210;476;476;90;386;39.34;18.91
022502_4670_42050;17;;1204;491;491;78;413;40.78;15.89
022502_4671_42050;18;;1222;600;600;195;405;49.10;32.50
022502_4672_42050;19;;1297;658;658;96;562;50.73;14.59
022502_4673_42050;20;;1324;577;577;63;514;43.58;10.92
022502_4674_42050;21;;1278;639;639;100;539;50.00;15.65
022503_29393_42050;22;;30;10;10;3;7;33.33;30.00
022503_29394_42050;23;;145;20;20;7;13;13.79;35.00
022503_4675_42050;1;;546;308;308;77;231;56.41;25.00
022503_4676_42050;2;;713;376;376;97;279;52.73;25.80
022503_4677_42050;3;;927;571;571;132;439;61.60;23.12
022503_4678_42050;4;;1021;565;565;147;418;55.34;26.02
022503_4679_42050;5;;1295;782;782;260;522;60.39;33.25
022503_4680_42050;6;;812;414;414;118;296;50.99;28.50
022503_4681_42050;7;;710;425;425;155;270;59.86;36.47
022503_4682_42050;8;;939;603;603;208;395;64.22;34.49
022503_4683_42050;9;;949;564;564;132;432;59.43;23.40
022503_4684_42050;10;;969;590;590;134;456;60.89;22.71
022503_4685_42050;11;;944;551;551;120;431;58.37;21.78
022503_4686_42050;12;;925;510;510;103;407;55.14;20.20
022503_4687_42050;13;;938;525;525;152;373;55.97;28.95
022503_4688_42050;14;;911;463;463;118;345;50.82;25.49
022503_4689_42050;15;;966;534;534;108;426;55.28;20.22
022503_4690_42050;16;;927;570;570;124;446;61.49;21.75
022503_4691_42050;17;;936;609;609;112;497;65.06;18.39
022503_4692_42050;18;;922;568;568;102;466;61.61;17.96
022503_4693_42050;19;;912;518;518;108;410;56.80;20.85
022503_4694_42050;20;;1146;750;750;141;609;65.45;18.80
022503_4695_42050;21;;979;545;545;108;437;55.67;19.82
022504_4696_42050;1;;1063;569;569;130;439;53.53;22.85
022504_4697_42050;2;;954;470;470;154;316;49.27;32.77
022504_4698_42050;3;;990;473;473;170;303;47.78;35.94
022504_4699_42050;4;;790;309;309;93;216;39.11;30.10
022504_4700_42050;5;;936;468;468;145;323;50.00;30.98
022504_4701_42050;6;;386;218;218;76;142;56.48;34.86
022504_4702_42050;7;;586;258;258;67;191;44.03;25.97
022504_4703_42050;8;;687;305;305;69;236;44.40;22.62
022504_4704_42050;9;;519;262;262;66;196;50.48;25.19
022504_4705_42050;10;;496;232;232;55;177;46.77;23.71
022505_4706_42050;1;;1009;611;613;225;386;60.56;36.82
022505_4707_42050;2;;1094;729;729;187;542;66.64;25.65
022505_4708_42050;3;;1138;588;588;202;386;51.67;34.35
022505_4709_42050;4;;852;480;480;141;339;56.34;29.38
022505_4710_42050;5;;852;448;448;122;326;52.58;27.23
022506_4711_42050;1;;1004;444;444;143;301;44.22;32.21
022506_4712_42050;2;;1487;781;781;194;587;52.52;24.84
022506_4713_42050;3;;242;117;117;35;82;48.35;29.91
022506_4714_42050;4;;825;376;376;116;260;45.58;30.85
022506_4715_42050;5;;499;239;239;79;160;47.90;33.05
022506_4716_42050;6;;892;386;386;85;301;43.27;22.02
022506_4717_42050;7;;795;313;313;92;221;39.37;29.39
022506_4718_42050;8;;1299;513;513;161;352;39.49;31.38
022507_4719_42050;1;;486;248;248;37;211;51.03;14.92
022507_4720_42050;2;;610;360;360;63;297;59.02;17.50
022507_4721_42050;3;;458;255;255;34;221;55.68;13.33
022507_4722_42050;4;;361;184;184;39;145;50.97;21.20
022507_4723_42050;5;;525;270;270;101;169;51.43;37.41
022507_4724_42050;6;;423;145;145;28;117;34.28;19.31
022507_4725_42050;7;;371;150;150;37;113;40.43;24.67
022507_4726_42050;8;;499;253;253;49;204;50.70;19.37
022507_4727_42050;9;;372;192;192;33;159;51.61;17.19
022507_4728_42050;10;;433;190;190;42;148;43.88;22.11
022507_4729_42050;11;;371;229;229;51;178;61.73;22.27
022507_4730_42050;12;;510;266;266;54;212;52.16;20.30
022507_4731_42050;13;;331;143;143;39;104;43.20;27.27
022507_4732_42050;14;;384;202;202;61;141;52.60;30.20
022507_4733_42050;15;;574;282;282;66;216;49.13;23.40
022601_4734_42051;1;;1417;753;753;293;460;53.14;38.91
022601_4735_42051;2;;871;454;454;191;263;52.12;42.07
022601_4736_42051;3;;823;417;417;120;297;50.67;28.78
022602_29395_42051;10;;175;32;32;6;26;18.29;18.75
022602_29396_42051;11;;112;33;33;5;28;29.46;15.15
022602_4737_42051;1;;974;479;479;69;410;49.18;14.41
022602_4738_42051;2;;1632;785;785;183;602;48.10;23.31
022602_4739_42051;3;;1696;721;721;182;539;42.51;25.24
022602_4740_42051;4;;1787;884;887;141;743;49.47;15.95
022602_4741_42051;5;;1547;631;631;117;514;40.79;18.54
022602_4742_42051;6;;863;413;416;70;343;47.86;16.95
022602_4743_42051;7;;1831;895;895;126;769;48.88;14.08
022602_4744_42051;8;;875;401;401;82;319;45.83;20.45
022602_4745_42051;9;;1918;817;817;179;638;42.60;21.91
022603_4746_42051;1;;256;153;153;43;110;59.77;28.10
022603_4747_42051;2;;773;453;453;141;312;58.60;31.13
022603_4748_42051;3;;422;223;223;72;151;52.84;32.29
022603_4749_42051;4;;653;361;361;87;274;55.28;24.10
022603_4750_42051;5;;333;173;173;46;127;51.95;26.59
022603_4751_42051;6;;792;457;457;164;293;57.70;35.89
022603_4752_42051;7;;528;302;302;93;209;57.20;30.79
022604_4753_42051;1;;2164;936;936;257;679;43.25;27.46
022604_4754_42051;2;;1124;428;428;86;342;38.08;20.09
022604_4755_42051;3;;489;250;250;48;202;51.12;19.20
022604_4756_42051;4;;404;146;146;33;113;36.14;22.60
022604_4757_42051;5;;555;201;201;51;150;36.22;25.37
022604_4758_42051;6;;367;126;126;47;79;34.33;37.30
022604_4759_42051;7;;454;212;212;58;154;46.70;27.36
022604_4760_42051;8;;395;172;172;43;129;43.54;25.00
022604_4761_42051;9;;358;120;120;45;75;33.52;37.50
022605_4762_42051;1;;749;395;395;137;258;52.74;34.68
022605_4763_42051;2;;804;467;467;137;330;58.08;29.34
022605_4764_42051;3;;352;161;161;40;121;45.74;24.84
022605_4765_42051;4;;731;402;402;82;320;54.99;20.40
022605_4766_42051;5;;1228;762;762;197;565;62.05;25.85
022605_4767_42051;6;;587;321;321;86;235;54.68;26.79
022606_4768_42051;1;;771;358;358;58;300;46.43;16.20
022606_4769_42051;2;;1123;529;529;99;430;47.11;18.71
022606_4770_42051;3;;633;287;287;66;221;45.34;23.00
022606_4771_42051;4;;957;533;533;95;438;55.69;17.82
022606_4772_42051;5;;649;311;311;83;228;47.92;26.69
022606_4773_42051;6;;623;250;250;52;198;40.13;20.80
022606_4774_42051;7;;962;419;419;53;366;43.56;12.65
026101_29397_42050;42;;73;13;13;2;11;17.81;15.38
026101_29398_42050;43;;158;23;23;1;22;14.56;4.35
026101_29399_42050;44;;228;73;73;24;49;32.02;32.88
026101_4775_42050;1;;387;210;210;54;156;54.26;25.71
026101_4776_42050;2;;1685;668;668;76;592;39.64;11.38
026101_4777_42050;3;;1696;489;489;122;367;28.83;24.95
026101_4778_42050;4;;1195;352;352;52;300;29.46;14.77
026101_4779_42050;5;;1896;584;584;75;509;30.80;12.84
026101_4780_42050;6;;1346;442;442;38;404;32.84;8.60
026101_4781_42050;7;;1858;587;587;77;510;31.59;13.12
026101_4782_42050;8;;857;259;259;38;221;30.22;14.67
026101_4783_42050;9;;505;196;196;21;175;38.81;10.71
026101_4784_42050;10;;1959;722;722;91;631;36.86;12.60
026101_4785_42050;11;;1694;589;589;73;516;34.77;12.39
026101_4786_42050;12;;852;326;326;46;280;38.26;14.11
026101_4787_42050;13;;1264;457;457;42;415;36.16;9.19
026101_4788_42050;14;;1353;572;572;54;518;42.28;9.44
026101_4789_42050;15;;1530;574;574;53;521;37.52;9.23
026101_4790_42050;16;;1976;677;677;77;600;34.26;11.37
026101_4791_42050;17;;2294;869;869;111;758;37.88;12.77
026101_4792_42050;18;;2378;992;992;59;933;41.72;5.95
026101_4793_42050;19;;2154;919;919;89;830;42.66;9.68
026101_4794_42050;20;;2214;936;936;88;848;42.28;9.40
026101_4795_42050;21;;2131;880;880;87;793;41.30;9.89
026101_4796_42050;22;;1980;846;846;84;762;42.73;9.93
026101_4797_42050;23;;1706;583;583;54;529;34.17;9.26
026101_4798_42050;24;;1627;637;637;49;588;39.15;7.69
026101_4799_42050;25;;880;281;281;34;247;31.93;12.10
026101_4800_42050;26;;2105;889;889;90;799;42.23;10.12
026101_4801_42050;27;;1789;609;609;75;534;34.04;12.32
026101_4802_42050;28;;1472;667;667;48;619;45.31;7.20
026101_4803_42050;29;;1778;555;645;0;555;31.21;0.00
026101_4804_42050;30;;1394;460;460;54;406;33.00;11.74
026101_4805_42050;31;;2171;774;774;73;701;35.65;9.43
026101_4806_42050;32;;1240;422;422;68;354;34.03;16.11
026101_4807_42050;33;;1942;820;820;98;722;42.22;11.95
026101_4808_42050;34;;1618;734;734;75;659;45.36;10.22
026101_4809_42050;35;;2283;870;870;108;762;38.11;12.41
026101_4810_42050;36;;1831;654;654;85;569;35.72;13.00
026101_4811_42050;37;;1830;795;795;102;693;43.44;12.83
026101_4812_42050;38;;1474;508;508;63;445;34.46;12.40
026101_4813_42050;39;;2050;824;824;94;730;40.20;11.41
026101_4814_42050;40;;1318;494;494;100;394;37.48;20.24
026101_4815_42050;41;;555;320;320;63;257;57.66;19.69
026201_29401_42051;48;;288;46;46;2;44;15.97;4.35
026201_29402_42051;49;;56;17;17;1;16;30.36;5.88
026201_4816_42051;1;;2375;940;940;122;818;39.58;12.98
026201_4817_42051;2;;1627;534;534;48;486;32.82;8.99
026201_4818_42051;3;;2019;782;782;113;669;38.73;14.45
026201_4819_42051;4;;1766;636;636;104;532;36.01;16.35
026201_4820_42051;5;;1788;660;660;109;551;36.91;16.52
026201_4821_42051;6;;1481;515;515;67;448;34.77;13.01
026201_4822_42051;7;;2316;1042;1042;106;936;44.99;10.17
026201_4823_42051;8;;1943;694;694;71;623;35.72;10.23
026201_4824_42051;9;;1928;581;581;72;509;30.13;12.39
026201_4825_42051;10;;1311;349;349;65;284;26.62;18.62
026201_4826_42051;11;;1485;311;311;64;247;20.94;20.58
026201_4827_42051;12;;1919;442;442;64;378;23.03;14.48
026201_4828_42051;13;;2048;682;682;96;586;33.30;14.08
026201_4829_42051;14;;1976;821;821;82;739;41.55;9.99
026201_4830_42051;15;;1671;657;657;77;580;39.32;11.72
026201_4831_42051;16;;1834;848;848;72;776;46.24;8.49
026201_4832_42051;17;;1803;812;812;96;716;45.04;11.82
026201_4833_42051;18;;2039;1000;1000;71;929;49.04;7.10
026201_4834_42051;19;;1702;726;726;106;620;42.66;14.60
026201_4835_42051;20;;1646;748;748;58;690;45.44;7.75
026201_4836_42051;21;;1757;776;776;96;680;44.17;12.37
026201_4837_42051;22;;1736;754;754;97;657;43.43;12.86
026201_4838_42051;23;;1504;595;595;88;507;39.56;14.79
026201_4839_42051;24;;1888;824;824;160;664;43.64;19.42
026201_4840_42051;25;;1291;530;530;70;460;41.05;13.21
026201_4841_42051;26;;1704;763;763;89;674;44.78;11.66
026201_4842_42051;27;;1322;627;627;73;554;47.43;11.64
026201_4843_42051;28;;2039;975;975;88;887;47.82;9.03
026201_4844_42051;29;;1452;682;682;51;631;46.97;7.48
026201_4845_42051;30;;1073;314;314;44;270;29.26;14.01
026201_4846_42051;31;;1459;441;441;56;385;30.23;12.70
026201_4847_42051;32;;945;283;283;33;250;29.95;11.66
026201_4848_42051;33;;1246;534;534;80;454;42.86;14.98
026201_4849_42051;34;;814;406;406;59;347;49.88;14.53
026201_4850_42051;35;;1190;356;356;38;318;29.92;10.67
026201_4851_42051;36;;2016;598;598;124;474;29.66;20.74
026201_4852_42051;37;;2340;1008;1009;198;810;43.08;19.64
026201_4853_42051;38;;1671;504;504;104;400;30.16;20.63
026201_4854_42051;39;;1570;440;440;78;362;28.03;17.73
026201_4855_42051;40;;1735;550;550;83;467;31.70;15.09
026201_4856_42051;41;;1744;658;658;144;514;37.73;21.88
026201_4857_42051;42;;1378;540;540;78;462;39.19;14.44
026201_4858_42051;43;;1858;544;544;79;465;29.28;14.52
026201_4859_42051;44;;1824;581;581;71;510;31.85;12.22
026201_4860_42051;45;;1614;684;684;122;562;42.38;17.84
026201_4861_42051;46;;2029;902;902;98;804;44.46;10.86
026201_4862_42051;47;;2126;878;878;77;801;41.30;8.77
026401_29403_42047;278;;82;28;28;2;26;34.15;7.14
026401_29404_42047;279;;580;255;255;88;167;43.97;34.51
026401_29405_42047;280;;274;31;31;3;28;11.31;9.68
026401_29406_42047;281;;468;118;118;28;90;25.21;23.73
026401_29407_42047;282;;28;20;20;4;16;71.43;20.00
026401_29408_42047;283;;109;25;25;1;24;22.94;4.00
026401_29409_42047;284;;799;146;146;29;117;18.27;19.86
026401_29410_42047;285;;156;13;13;1;12;8.33;7.69
026401_29411_42047;286;;61;34;34;7;27;55.74;20.59
026401_29412_42047;287;;152;10;10;3;7;6.58;30.00
026401_29413_42047;288;;155;23;23;3;20;14.84;13.04
026401_29414_42047;289;;475;43;43;6;37;9.05;13.95
026401_29415_42047;290;;174;35;35;3;32;20.11;8.57
026401_29416_42047;291;;242;31;31;4;27;12.81;12.90
026401_29417_42047;292;;250;35;35;6;29;14.00;17.14
026401_29418_42047;293;;101;46;46;3;43;45.54;6.52
026401_29419_42047;294;;137;12;12;0;12;8.76;0.00
026401_29420_42047;295;;201;61;61;7;54;30.35;11.48
026401_29421_42047;296;;139;37;37;12;25;26.62;32.43
026401_29422_42047;297;;63;14;14;4;10;22.22;28.57
026401_29423_42047;298;;141;47;47;19;28;33.33;40.43
026401_29424_42047;299;;52;6;6;0;6;11.54;0.00
026401_29425_42047;300;;368;22;22;1;21;5.98;4.55
026401_29426_42047;301;;142;23;23;1;22;16.20;4.35
026401_29427_42047;302;;81;21;21;3;18;25.93;14.29
026401_4863_42047;1;;1572;532;532;38;494;33.84;7.14
026401_4864_42047;2;;1626;560;560;54;506;34.44;9.64
026401_4865_42047;3;;1162;444;444;30;414;38.21;6.76
026401_4866_42047;4;;1507;483;483;31;452;32.05;6.42
026401_4867_42047;5;;1473;409;409;17;392;27.77;4.16
026401_4868_42047;6;;1107;323;323;29;294;29.18;8.98
026401_4869_42047;7;;771;299;299;12;287;38.78;4.01
026401_4870_42047;8;;2120;798;798;63;735;37.64;7.89
026401_4871_42047;9;;1361;479;480;15;464;35.19;3.13
026401_4872_42047;10;;1563;397;397;30;367;25.40;7.56
026401_4873_42047;11;;1499;534;534;38;496;35.62;7.12
026401_4874_42047;12;;1588;560;560;31;529;35.26;5.54
026401_4875_42047;13;;1903;563;563;38;525;29.58;6.75
026401_4876_42047;14;;1936;612;612;21;591;31.61;3.43
026401_4877_42047;15;;1276;435;435;36;399;34.09;8.28
026401_4878_42047;16;;1633;546;546;30;516;33.44;5.49
026401_4879_42047;17;;2001;603;603;67;536;30.13;11.11
026401_4880_42047;18;;1600;502;502;28;474;31.37;5.58
026401_4881_42047;19;;1590;456;456;34;422;28.68;7.46
026401_4882_42047;20;;1955;610;610;59;551;31.20;9.67
026401_4883_42047;21;;1972;689;689;56;633;34.94;8.13
026401_4884_42047;22;;1977;739;739;59;680;37.38;7.98
026401_4885_42047;23;;1307;463;463;39;424;35.42;8.42
026401_4886_42047;24;;2172;710;710;59;651;32.69;8.31
026401_4887_42047;25;;2083;828;828;76;752;39.75;9.18
026401_4888_42047;26;;1607;535;535;31;504;33.29;5.79
026401_4889_42047;27;;1970;808;808;24;784;41.02;2.97
026401_4890_42047;28;;1579;586;586;41;545;37.11;7.00
026401_4891_42047;29;;1752;613;613;44;569;34.99;7.18
026401_4892_42047;30;;2037;841;841;83;758;41.29;9.87
026401_4893_42047;31;;2020;719;719;47;672;35.59;6.54
026401_4894_42047;32;;1913;849;849;46;803;44.38;5.42
026401_4895_42047;33;;2077;1003;1003;72;931;48.29;7.18
026401_4896_42047;34;;1357;341;341;16;325;25.13;4.69
026401_4897_42047;35;;1672;359;359;42;317;21.47;11.70
026401_4898_42047;36;;1910;519;519;110;409;27.17;21.19
026401_4899_42047;37;;1832;512;512;36;476;27.95;7.03
026401_4900_42047;38;;1998;539;539;37;502;26.98;6.86
026401_4901_42047;39;;1204;288;288;13;275;23.92;4.51
026401_4902_42047;40;;1852;413;413;45;368;22.30;10.90
026401_4903_42047;41;;1477;355;355;23;332;24.04;6.48
026401_4904_42047;42;;1892;530;530;26;504;28.01;4.91
026401_4905_42047;43;;2217;552;552;73;479;24.90;13.22
026401_4906_42047;44;;1935;521;521;37;484;26.93;7.10
026401_4907_42047;45;;1761;447;447;35;412;25.38;7.83
026401_4908_42047;46;;2011;612;612;38;574;30.43;6.21
026401_4909_42047;47;;1540;408;408;75;333;26.49;18.38
026401_4910_42047;48;;1565;345;345;35;310;22.04;10.14
026401_4911_42047;49;;940;362;362;14;348;38.51;3.87
026401_4912_42047;50;;1973;530;530;38;492;26.86;7.17
026401_4913_42047;51;;2121;601;601;46;555;28.34;7.65
026401_4914_42047;52;;1889;509;509;27;482;26.95;5.30
026401_4915_42047;53;;1795;487;487;27;460;27.13;5.54
026401_4916_42047;54;;1911;685;685;85;600;35.85;12.41
026401_4917_42047;55;;1863;652;652;40;612;35.00;6.13
026401_4918_42047;56;;1584;651;651;14;637;41.10;2.15
026401_4919_42047;57;;1950;517;517;26;491;26.51;5.03
026401_4920_42047;58;;1454;435;435;23;412;29.92;5.29
026401_4921_42047;59;;924;276;276;16;260;29.87;5.80
026401_4922_42047;60;;1914;522;522;38;484;27.27;7.28
026401_4923_42047;61;;1970;552;552;34;518;28.02;6.16
026401_4924_42047;62;;2062;574;574;53;521;27.84;9.23
026401_4925_42047;63;;1847;587;587;34;553;31.78;5.79
026401_4926_42047;64;;1837;570;616;0;570;31.03;0.00
026401_4927_42047;65;;1750;636;636;30;606;36.34;4.72
026401_4928_42047;66;;1791;482;482;38;444;26.91;7.88
026401_4929_42047;67;;2112;728;728;17;711;34.47;2.34
026401_4930_42047;68;;2069;777;777;29;748;37.55;3.73
026401_4931_42047;69;;1981;733;749;38;695;37.00;5.18
026401_4932_42047;70;;1823;638;638;41;597;35.00;6.43
026401_4933_42047;71;;2039;592;592;35;557;29.03;5.91
026401_4934_42047;72;;1520;757;757;45;712;49.80;5.94
026401_4935_42047;73;;1113;551;551;31;520;49.51;5.63
026401_4936_42047;74;;575;238;238;16;222;41.39;6.72
026401_4937_42047;75;;1851;783;783;52;731;42.30;6.64
026401_4938_42047;76;;1628;656;656;25;631;40.29;3.81
026401_4939_42047;77;;1518;606;607;41;565;39.92;6.77
026401_4940_42047;78;;1918;787;787;25;762;41.03;3.18
026401_4941_42047;79;;2200;1024;1024;32;992;46.55;3.12
026401_4942_42047;80;;2156;1031;1031;61;970;47.82;5.92
026401_4943_42047;81;;1418;572;572;18;554;40.34;3.15
026401_4944_42047;82;;2173;1014;1014;59;955;46.66;5.82
026401_4945_42047;83;;1547;688;688;36;652;44.47;5.23
026401_4946_42047;84;;1499;638;638;42;596;42.56;6.58
026401_4947_42047;85;;1906;808;808;64;744;42.39;7.92
026401_4948_42047;86;;1816;796;796;59;737;43.83;7.41
026401_4949_42047;87;;1548;646;646;36;610;41.73;5.57
026401_4950_42047;88;;2040;915;915;52;863;44.85;5.68
026401_4951_42047;89;;1990;833;833;41;792;41.86;4.92
026401_4952_42047;90;;1321;532;532;39;493;40.27;7.33
026401_4953_42047;91;;1913;915;915;63;852;47.83;6.89
026401_4954_42047;92;;1819;769;769;51;718;42.28;6.63
026401_4955_42047;93;;1717;797;797;42;755;46.42;5.27
026401_4956_42047;94;;1459;528;528;61;467;36.19;11.55
026401_4957_42047;95;;1544;556;557;48;508;36.01;8.63
026401_4958_42047;96;;1538;472;472;40;432;30.69;8.47
026401_4959_42047;97;;1390;389;389;24;365;27.99;6.17
026401_4960_42047;98;;1530;630;630;28;602;41.18;4.44
026401_4961_42047;99;;1553;545;545;44;501;35.09;8.07
026401_4962_42047;100;;1957;830;830;28;802;42.41;3.37
026401_4963_42047;101;;1933;850;850;30;820;43.97;3.53
026401_4964_42047;102;;1433;575;576;29;546;40.13;5.04
026401_4965_42047;103;;1926;737;737;43;694;38.27;5.83
026401_4966_42047;104;;2222;908;908;30;878;40.86;3.30
026401_4967_42047;105;;1734;738;738;15;723;42.56;2.03
026401_4968_42047;106;;2038;868;868;28;840;42.59;3.23
026401_4969_42047;107;;1898;760;760;32;728;40.04;4.21
026401_4970_42047;108;;2064;888;889;40;848;43.02;4.50
026401_4971_42047;109;;2185;780;780;47;733;35.70;6.03
026401_4972_42047;110;;2012;646;646;33;613;32.11;5.11
026401_4973_42047;111;;2314;975;975;13;962;42.13;1.33
026401_4974_42047;112;;2039;785;785;39;746;38.50;4.97
026401_4975_42047;113;;1988;755;755;41;714;37.98;5.43
026401_4976_42047;114;;1940;685;685;53;632;35.31;7.74
026401_4977_42047;115;;1672;561;561;82;479;33.55;14.62
026401_4978_42047;116;;1917;673;673;33;640;35.11;4.90
026401_4979_42047;117;;1708;562;562;39;523;32.90;6.94
026401_4980_42047;118;;1617;552;552;45;507;34.14;8.15
026401_4981_42047;119;;1788;525;525;36;489;29.36;6.86
026401_4982_42047;120;;2011;695;695;44;651;34.56;6.33
026401_4983_42047;121;;1746;585;585;48;537;33.51;8.21
026401_4984_42047;122;;1886;690;690;33;657;36.59;4.78
026401_4985_42047;123;;1909;727;727;35;692;38.08;4.81
026401_4986_42047;124;;2229;757;757;42;715;33.96;5.55
026401_4987_42047;125;;2501;871;871;70;801;34.83;8.04
026401_4988_42047;126;;1628;473;473;31;442;29.05;6.55
026401_4989_42047;127;;1648;485;485;29;456;29.43;5.98
026401_4990_42047;128;;1868;399;399;12;387;21.36;3.01
026401_4991_42047;129;;2138;560;560;43;517;26.19;7.68
026401_4992_42047;130;;1891;497;497;42;455;26.28;8.45
026401_4993_42047;131;;1847;435;435;28;407;23.55;6.44
026401_4994_42047;132;;1161;268;268;25;243;23.08;9.33
026401_4995_42047;133;;1484;461;461;55;406;31.06;11.93
026401_4996_42047;134;;1682;407;407;30;377;24.20;7.37
026401_4997_42047;135;;1325;391;391;40;351;29.51;10.23
026401_4998_42047;136;;2133;642;642;93;549;30.10;14.49
026401_4999_42047;137;;2162;654;654;34;620;30.25;5.20
026401_5000_42047;138;;2321;926;926;54;872;39.90;5.83
026401_5001_42047;139;;1980;595;595;31;564;30.05;5.21
026401_5002_42047;140;;1916;645;645;32;613;33.66;4.96
026401_5003_42047;141;;1997;626;626;30;596;31.35;4.79
026401_5004_42047;142;;938;371;371;44;327;39.55;11.86
026401_5005_42047;143;;1943;842;842;21;821;43.34;2.49
026401_5006_42047;144;;1636;801;801;38;763;48.96;4.74
026401_5007_42047;145;;2325;1124;1124;47;1077;48.34;4.18
026401_5008_42047;146;;1525;644;644;28;616;42.23;4.35
026401_5009_42047;147;;1531;716;716;49;667;46.77;6.84
026401_5010_42047;148;;1644;738;738;29;709;44.89;3.93
026401_5011_42047;149;;2334;961;961;48;913;41.17;4.99
026401_5012_42047;150;;1954;955;955;33;922;48.87;3.46
026401_5013_42047;151;;2042;841;841;35;806;41.19;4.16
026401_5014_42047;152;;2064;919;919;36;883;44.53;3.92
026401_5015_42047;153;;2212;1033;1033;40;993;46.70;3.87
026401_5016_42047;154;;2195;899;900;26;873;40.96;2.89
026401_5017_42047;155;;2177;905;905;42;863;41.57;4.64
026401_5018_42047;156;;2122;825;825;26;799;38.88;3.15
026401_5019_42047;157;;1717;722;722;45;677;42.05;6.23
026401_5020_42047;158;;1396;608;608;25;583;43.55;4.11
026401_5021_42047;159;;2074;1097;1097;47;1050;52.89;4.28
026401_5022_42047;160;;1851;643;643;40;603;34.74;6.22
026401_5023_42047;161;;1189;427;427;29;398;35.91;6.79
026401_5024_42047;162;;1384;524;524;30;494;37.86;5.73
026401_5025_42047;163;;1363;602;602;28;574;44.17;4.65
026401_5026_42047;164;;1362;541;541;36;505;39.72;6.65
026401_5027_42047;165;;1153;432;432;18;414;37.47;4.17
026401_5028_42047;166;;2197;568;568;38;530;25.85;6.69
026401_5029_42047;167;;1197;488;488;25;463;40.77;5.12
026401_5030_42047;168;;1418;567;567;34;533;39.99;6.00
026401_5031_42047;169;;1126;419;419;30;389;37.21;7.16
026401_5032_42047;170;;1374;490;490;36;454;35.66;7.35
026401_5033_42047;171;;1318;329;329;28;301;24.96;8.51
026401_5034_42047;172;;1406;390;390;33;357;27.74;8.46
026401_5035_42047;173;;1615;744;744;40;704;46.07;5.38
026401_5036_42047;174;;1802;833;833;35;798;46.23;4.20
026401_5037_42047;175;;2100;909;909;38;871;43.29;4.18
026401_5038_42047;176;;2069;797;797;44;753;38.52;5.52
026401_5039_42047;177;;2157;822;822;32;790;38.11;3.89
026401_5040_42047;178;;2073;798;798;33;765;38.49;4.14
026401_5041_42047;179;;2179;936;936;72;864;42.96;7.69
026401_5042_42047;180;;1848;732;732;37;695;39.61;5.05
026401_5043_42047;181;;1873;718;718;28;690;38.33;3.90
026401_5044_42047;182;;1776;697;697;46;651;39.25;6.60
026401_5045_42047;183;;1953;755;755;46;709;38.66;6.09
026401_5046_42047;184;;1664;580;580;68;512;34.86;11.72
026401_5047_42047;185;;1454;493;493;41;452;33.91;8.32
026401_5048_42047;186;;2209;654;654;33;621;29.61;5.05
026401_5049_42047;187;;2130;872;872;56;816;40.94;6.42
026401_5050_42047;188;;2247;816;816;48;768;36.32;5.88
026401_5051_42047;189;;2097;767;767;50;717;36.58;6.52
026401_5052_42047;190;;1624;667;667;45;622;41.07;6.75
026401_5053_42047;191;;1906;720;721;55;665;37.78;7.64
026401_5054_42047;192;;2043;866;867;59;807;42.39;6.81
026401_5055_42047;193;;1765;699;699;26;673;39.60;3.72
026401_5056_42047;194;;1615;676;676;39;637;41.86;5.77
026401_5057_42047;195;;1515;682;682;60;622;45.02;8.80
026401_5058_42047;196;;1290;537;537;74;463;41.63;13.78
026401_5059_42047;197;;1963;791;791;58;733;40.30;7.33
026401_5060_42047;198;;1468;609;610;89;520;41.49;14.61
026401_5061_42047;199;;1830;782;782;50;732;42.73;6.39
026401_5062_42047;200;;2161;760;760;35;725;35.17;4.61
026401_5063_42047;201;;1637;567;567;32;535;34.64;5.64
026401_5064_42047;202;;1633;667;667;35;632;40.85;5.25
026401_5065_42047;203;;1704;741;741;27;714;43.49;3.64
026401_5066_42047;204;;1845;659;659;22;637;35.72;3.34
026401_5067_42047;205;;1951;750;750;42;708;38.44;5.60
026401_5068_42047;206;;1977;650;650;45;605;32.88;6.92
026401_5069_42047;207;;1904;731;731;28;703;38.39;3.83
026401_5070_42047;208;;2122;784;784;71;713;36.95;9.06
026401_5071_42047;209;;1772;700;700;34;666;39.50;4.86
026401_5072_42047;210;;1400;524;524;27;497;37.43;5.15
026401_5073_42047;211;;2101;651;651;30;621;30.99;4.61
026401_5074_42047;212;;2149;731;731;54;677;34.02;7.39
026401_5075_42047;213;;1740;731;731;38;693;42.01;5.20
026401_5076_42047;214;;1493;514;514;39;475;34.43;7.59
026401_5077_42047;215;;1457;554;554;26;528;38.02;4.69
026401_5078_42047;216;;1594;631;631;36;595;39.59;5.71
026401_5079_42047;217;;1760;688;688;56;632;39.09;8.14
026401_5080_42047;218;;1729;695;695;36;659;40.20;5.18
026401_5081_42047;219;;1573;575;575;27;548;36.55;4.70
026401_5082_42047;220;;1460;573;573;32;541;39.25;5.58
026401_5083_42047;221;;1531;565;565;52;513;36.90;9.20
026401_5084_42047;222;;2111;594;594;36;558;28.14;6.06
026401_5085_42047;223;;1712;595;595;69;526;34.75;11.60
026401_5086_42047;224;;1957;593;593;33;560;30.30;5.56
026401_5087_42047;225;;1742;560;560;26;534;32.15;4.64
026401_5088_42047;226;;2086;630;630;93;537;30.20;14.76
026401_5089_42047;227;;1574;605;605;17;588;38.44;2.81
026401_5090_42047;228;;2236;872;872;40;832;39.00;4.59
026401_5091_42047;229;;1827;638;638;90;548;34.92;14.11
026401_5092_42047;230;;2943;1019;1019;58;961;34.62;5.69
026401_5093_42047;231;;1536;454;454;33;421;29.56;7.27
026401_5094_42047;232;;602;216;216;14;202;35.88;6.48
026401_5095_42047;233;;2034;711;711;37;674;34.96;5.20
026401_5096_42047;234;;2344;822;878;30;792;35.07;3.65
026401_5097_42047;235;;2070;869;869;35;834;41.98;4.03
026401_5098_42047;236;;1217;369;369;28;341;30.32;7.59
026401_5099_42047;237;;1788;596;596;27;569;33.33;4.53
026401_5100_42047;238;;2099;648;648;34;614;30.87;5.25
026401_5101_42047;239;;2207;812;812;39;773;36.79;4.80
026401_5102_42047;240;;2030;773;773;41;732;38.08;5.30
026401_5103_42047;241;;2047;902;902;44;858;44.06;4.88
026401_5104_42047;242;;1684;584;584;34;550;34.68;5.82
026401_5105_42047;243;;1404;502;502;13;489;35.75;2.59
026401_5106_42047;244;;1982;728;728;38;690;36.73;5.22
026401_5107_42047;245;;2058;750;750;55;695;36.44;7.33
026401_5108_42047;246;;1214;496;496;22;474;40.86;4.44
026401_5109_42047;247;;1597;493;493;30;463;30.87;6.09
026401_5110_42047;248;;975;407;407;23;384;41.74;5.65
026401_5111_42047;249;;2172;770;770;38;732;35.45;4.94
026401_5112_42047;250;;1934;766;766;53;713;39.61;6.92
026401_5113_42047;251;;850;338;338;20;318;39.76;5.92
026401_5114_42047;252;;1617;623;623;40;583;38.53;6.42
026401_5115_42047;253;;1869;728;728;43;685;38.95;5.91
026401_5116_42047;254;;1080;403;403;30;373;37.31;7.44
026401_5117_42047;255;;709;216;216;12;204;30.47;5.56
026401_5118_42047;256;;1282;488;488;32;456;38.07;6.56
026401_5119_42047;257;;1339;673;673;29;644;50.26;4.31
026401_5120_42047;258;;1631;740;740;27;713;45.37;3.65
026401_5121_42047;259;;1296;536;536;34;502;41.36;6.34
026401_5122_42047;260;;2051;884;884;67;817;43.10;7.58
026401_5123_42047;261;;1729;655;655;53;602;37.88;8.09
026401_5124_42047;262;;1798;755;755;44;711;41.99;5.83
026401_5125_42047;263;;2076;768;768;68;700;36.99;8.85
026401_5126_42047;264;;1816;483;483;45;438;26.60;9.32
026401_5127_42047;265;;1530;577;577;53;524;37.71;9.19
026401_5128_42047;266;;1944;712;712;44;668;36.63;6.18
026401_5129_42047;267;;1997;747;747;60;687;37.41;8.03
026401_5130_42047;268;;2387;977;977;53;924;40.93;5.42
026401_5131_42047;269;;1824;601;601;65;536;32.95;10.82
026401_5132_42047;270;;1987;797;797;37;760;40.11;4.64
026401_5133_42047;271;;1680;768;768;60;708;45.71;7.81
026401_5134_42047;272;;2431;933;933;30;903;38.38;3.22
026401_5135_42047;273;;1789;649;649;70;579;36.28;10.79
026401_5136_42047;274;;1252;399;399;19;380;31.87;4.76
026401_5137_42047;275;;1139;410;410;30;380;36.00;7.32
026401_5138_42047;276;;1275;346;346;32;314;27.14;9.25
026401_5139_42047;277;;2194;786;786;40;746;35.82;5.09
026501_29428_42049;67;;45;32;32;9;23;71.11;28.12
026501_5140_42049;1;;403;134;134;26;108;33.25;19.40
026501_5141_42049;2;;1627;825;825;59;766;50.71;7.15
026501_5142_42049;3;;1368;504;504;88;416;36.84;17.46
026501_5143_42049;4;;1602;652;652;87;565;40.70;13.34
026501_5144_42049;5;;1315;707;707;58;649;53.76;8.20
026501_5145_42049;6;;2077;957;957;130;827;46.08;13.58
026501_5146_42049;7;;1685;716;716;109;607;42.49;15.22
026501_5147_42049;8;;1754;775;775;120;655;44.18;15.48
026501_5148_42049;9;;1717;708;708;108;600;41.23;15.25
026501_5149_42049;10;;1987;840;841;104;736;42.27;12.38
026501_5150_42049;11;;1904;792;795;104;688;41.60;13.13
026501_5151_42049;12;;1023;439;439;45;394;42.91;10.25
026501_5152_42049;13;;1353;541;541;43;498;39.99;7.95
026501_5153_42049;14;;1759;620;620;64;556;35.25;10.32
026501_5154_42049;15;;1711;840;840;93;747;49.09;11.07
026501_5155_42049;16;;2273;1044;1044;134;910;45.93;12.84
026501_5156_42049;17;;1962;991;991;77;914;50.51;7.77
026501_5157_42049;18;;2028;925;925;96;829;45.61;10.38
026501_5158_42049;19;;1565;754;760;91;663;48.18;12.07
026501_5159_42049;20;;1646;797;797;68;729;48.42;8.53
026501_5160_42049;21;;1870;832;832;68;764;44.49;8.17
026501_5161_42049;22;;2217;1000;1000;119;881;45.11;11.90
026501_5162_42049;23;;1590;760;760;67;693;47.80;8.82
026501_5163_42049;24;;1508;735;735;65;670;48.74;8.84
026501_5164_42049;25;;1181;432;432;67;365;36.58;15.51
026501_5165_42049;26;;1288;496;496;107;389;38.51;21.57
026501_5166_42049;27;;1258;513;513;79;434;40.78;15.40
026501_5167_42049;28;;1564;637;637;140;497;40.73;21.98
026501_5168_42049;29;;883;303;303;50;253;34.31;16.50
026501_5169_42049;30;;1339;592;592;92;500;44.21;15.54
026501_5170_42049;31;;1586;589;589;91;498;37.14;15.45
026501_5171_42049;32;;1563;626;626;90;536;40.05;14.38
026501_5172_42049;33;;1632;587;587;110;477;35.97;18.74
026501_5173_42049;34;;1296;579;579;107;472;44.68;18.48
026501_5174_42049;35;;1782;537;537;93;444;30.13;17.32
026501_5175_42049;36;;788;275;275;83;192;34.90;30.18
026501_5176_42049;37;;1086;445;445;62;383;40.98;13.93
026501_5177_42049;38;;1214;577;577;75;502;47.53;13.00
026501_5178_42049;39;;2018;724;724;114;610;35.88;15.75
026501_5179_42049;40;;522;219;219;61;158;41.95;27.85
026501_5180_42049;41;;1481;560;560;67;493;37.81;11.96
026501_5181_42049;42;;928;360;360;83;277;38.79;23.06
026501_5182_42049;43;;960;369;369;73;296;38.44;19.78
026501_5183_42049;44;;1164;445;445;102;343;38.23;22.92
026501_5184_42049;45;;943;375;375;74;301;39.77;19.73
026501_5185_42049;46;;1423;625;625;96;529;43.92;15.36
026501_5186_42049;47;;927;389;389;32;357;41.96;8.23
026501_5187_42049;48;;581;242;242;41;201;41.65;16.94
026501_5188_42049;49;;1371;429;429;89;340;31.29;20.75
026501_5189_42049;50;;905;310;311;54;256;34.25;17.42
026501_5190_42049;51;;968;340;340;75;265;35.12;22.06
026501_5191_42049;52;;983;370;370;63;307;37.64;17.03
026501_5192_42049;53;;1195;422;422;76;346;35.31;18.01
026501_5193_42049;54;;1236;425;425;62;363;34.39;14.59
026501_5194_42049;55;;671;314;314;24;290;46.80;7.64
026501_5195_42049;56;;1750;572;572;147;425;32.69;25.70
026501_5196_42049;57;;1430;480;480;110;370;33.57;22.92
026501_5197_42049;58;;1831;813;813;173;640;44.40;21.28
026501_5198_42049;59;;1574;669;669;120;549;42.50;17.94
026501_5199_42049;60;;1492;563;563;72;491;37.73;12.79
026501_5200_42049;61;;1607;639;639;85;554;39.76;13.30
026501_5201_42049;62;;1250;520;520;45;475;41.60;8.65
026501_5202_42049;63;;1837;881;881;127;754;47.96;14.42
026501_5203_42049;64;;1447;484;484;89;395;33.45;18.39
026501_5204_42049;65;;1410;520;520;72;448;36.88;13.85
026501_5205_42049;66;;1330;511;511;115;396;38.42;22.50
040101_29434_42092;9;;103;30;30;3;27;29.13;10.00
040101_29435_42092;10;;44;9;9;0;9;20.45;0.00
040101_5206_42092;1;;1413;550;550;148;402;38.92;26.91
040101_5207_42092;2;;1366;541;541;164;377;39.60;30.31
040101_5208_42092;3;;1358;607;607;151;456;44.70;24.88
040101_5209_42092;4;;578;220;220;58;162;38.06;26.36
040101_5210_42092;5;;1422;636;636;134;502;44.73;21.07
040101_5211_42092;6;;1107;516;516;90;426;46.61;17.44
040101_5212_42092;7;;1321;642;642;127;515;48.60;19.78
040101_5213_42092;8;;1295;568;568;117;451;43.86;20.60
040102_5214_42092;1;;1244;619;619;98;521;49.76;15.83
040102_5215_42092;2;;1265;648;648;141;507;51.23;21.76
040102_5216_42092;3;;1197;588;589;125;463;49.12;21.26
040102_5217_42092;4;;1260;626;626;134;492;49.68;21.41
040102_5218_42092;5;;1139;594;594;85;509;52.15;14.31
040102_5219_42092;6;;1062;530;530;92;438;49.91;17.36
040102_5220_42092;7;;1646;895;895;129;766;54.37;14.41
040103_5221_42092;1;;579;407;408;103;304;70.29;25.31
040103_5222_42092;2;;547;407;407;103;304;74.41;25.31
040103_5223_42092;3;;532;358;358;148;210;67.29;41.34
040104_5224_42092;1;;1428;583;583;217;366;40.83;37.22
040104_5225_42092;2;;1252;514;514;109;405;41.05;21.21
040104_5226_42092;3;;659;284;284;96;188;43.10;33.80
040104_5227_42092;4;;1267;459;459;169;290;36.23;36.82
040104_5228_42092;5;;1049;458;458;138;320;43.66;30.13
040104_5229_42092;6;;561;249;249;54;195;44.39;21.69
040104_5230_42092;7;;751;319;319;99;220;42.48;31.03
040104_5231_42092;8;;856;283;283;91;192;33.06;32.16
040104_5232_42092;9;;1173;464;464;111;353;39.56;23.92
040105_5233_42092;1;;812;562;562;131;431;69.21;23.31
040105_5234_42092;2;;881;538;538;188;350;61.07;34.94
040105_5235_42092;3;;910;603;603;209;394;66.26;34.66
040105_5236_42092;4;;970;655;655;168;487;67.53;25.65
040106_5237_42092;1;;562;311;311;100;211;55.34;32.15
040106_5238_42092;2;;482;279;279;99;180;57.88;35.48
040106_5239_42092;3;;611;398;398;164;234;65.14;41.21
040106_5240_42092;4;;517;299;299;93;206;57.83;31.10
040106_5241_42092;5;;513;337;337;104;233;65.69;30.86
040107_29436_42092;5;;177;49;49;24;25;27.68;48.98
040107_5242_42092;1;;685;431;431;142;289;62.92;32.95
040107_5243_42092;2;;578;386;386;105;281;66.78;27.20
040107_5244_42092;3;;622;429;429;93;336;68.97;21.68
040107_5245_42092;4;;538;296;296;82;214;55.02;27.70
040108_5246_42092;1;;670;418;418;110;308;62.39;26.32
040108_5247_42092;2;;573;373;373;130;243;65.10;34.85
040108_5248_42092;3;;605;422;422;138;284;69.75;32.70
040108_5249_42092;4;;529;305;305;100;205;57.66;32.79
040108_5250_42092;5;;389;246;246;83;163;63.24;33.74
040108_5251_42092;6;;387;272;272;97;175;70.28;35.66
040108_5252_42092;7;;495;351;351;146;205;70.91;41.60
040109_29437_42092;5;;92;58;58;20;38;63.04;34.48
040109_5253_42092;1;;599;370;370;82;288;61.77;22.16
040109_5254_42092;2;;511;288;291;65;223;56.36;22.57
040109_5255_42092;3;;942;594;594;169;425;63.06;28.45
040109_5256_42092;4;;799;469;469;104;365;58.70;22.17
040201_29438_42089;16;;90;7;7;2;5;7.78;28.57
040201_5257_42089;1;;1121;463;463;70;393;41.30;15.12
040201_5258_42089;2;;1097;460;460;48;412;41.93;10.43
040201_5259_42089;3;;1750;724;724;117;607;41.37;16.16
040201_5260_42089;4;;2054;959;959;121;838;46.69;12.62
040201_5261_42089;5;;2011;773;773;88;685;38.44;11.38
040201_5262_42089;6;;1043;353;353;69;284;33.84;19.55
040201_5263_42089;7;;1163;524;525;80;444;45.06;15.27
040201_5264_42089;8;;1886;693;693;107;586;36.74;15.44
040201_5265_42089;9;;1812;778;778;114;664;42.94;14.65
040201_5266_42089;10;;1057;419;419;64;355;39.64;15.27
040201_5267_42089;11;;1314;521;521;53;468;39.65;10.17
040201_5268_42089;12;;1491;557;557;67;490;37.36;12.03
040201_5269_42089;13;;1047;467;467;64;403;44.60;13.70
040201_5270_42089;14;;1563;769;769;106;663;49.20;13.78
040201_5271_42089;15;;1235;452;452;57;395;36.60;12.61
040202_29439_42089;7;;23;9;9;3;6;39.13;33.33
040202_5272_42089;1;;972;518;518;103;415;53.29;19.88
040202_5273_42089;2;;921;551;551;79;472;59.83;14.34
040202_5274_42089;3;;603;300;300;62;238;49.75;20.67
040202_5275_42089;4;;790;337;337;45;292;42.66;13.35
040202_5277_42089;6;;1040;560;560;84;476;53.85;15.00
040203_5278_42089;1;;1390;685;685;112;573;49.28;16.35
040203_5279_42089;2;;935;303;303;53;250;32.41;17.49
040203_5280_42089;3;;952;407;407;107;300;42.75;26.29
040203_5281_42089;4;;400;166;166;33;133;41.50;19.88
040203_5282_42089;5;;960;421;421;96;325;43.85;22.80
040203_5283_42089;6;;1332;606;606;94;512;45.50;15.51
040204_5284_42089;1;;789;488;488;168;320;61.85;34.43
040204_5285_42089;2;;626;337;337;74;263;53.83;21.96
040204_5286_42089;3;;649;311;312;91;220;47.92;29.26
040204_5287_42089;4;;864;541;541;125;416;62.62;23.11
040205_5288_42089;1;;1151;834;834;211;623;72.46;25.30
040205_5289_42089;2;;445;240;240;94;146;53.93;39.17
040205_5290_42089;3;;498;326;326;83;243;65.46;25.46
040205_5291_42089;4;;458;233;233;57;176;50.87;24.46
040205_5292_42089;5;;639;416;416;120;296;65.10;28.85
040206_5293_42089;1;;897;402;402;87;315;44.82;21.64
040206_5294_42089;2;;1021;559;559;133;426;54.75;23.79
040206_5295_42089;3;;625;333;333;73;260;53.28;21.92
040206_5296_42089;4;;1149;557;557;150;407;48.48;26.93
040207_5297_42089;1;;1522;793;793;123;670;52.10;15.51
040207_5298_42089;2;;1475;764;764;129;635;51.80;16.88
040207_5299_42089;3;;1483;731;731;111;620;49.29;15.18
040207_5300_42089;4;;583;273;273;42;231;46.83;15.38
040207_5301_42089;5;;1339;654;654;98;556;48.84;14.98
040207_5302_42089;6;;840;348;348;58;290;41.43;16.67
040208_5303_42089;1;;982;550;550;116;434;56.01;21.09
040208_5304_42089;2;;1247;668;668;180;488;53.57;26.95
040208_5305_42089;3;;1011;569;569;143;426;56.28;25.13
040209_5306_42089;1;;1033;566;566;110;456;54.79;19.43
040209_5307_42089;2;;1142;590;590;154;436;51.66;26.10
040209_5308_42089;3;;556;292;292;89;203;52.52;30.48
040209_5309_42089;4;;964;427;427;94;333;44.29;22.01
040209_5310_42089;5;;487;267;267;59;208;54.83;22.10
040210_5311_42089;1;;1184;742;742;130;612;62.67;17.52
040210_5312_42089;2;;1359;772;772;140;632;56.81;18.13
040210_5313_42089;3;;851;532;532;111;421;62.51;20.86
040210_5314_42089;4;;478;259;259;47;212;54.18;18.15
040301_5315_42088;1;;826;432;432;107;325;52.30;24.77
040301_5316_42088;2;;955;471;471;60;411;49.32;12.74
040301_5317_42088;3;;762;401;401;80;321;52.62;19.95
040301_5318_42088;4;;698;320;320;50;270;45.85;15.62
040301_5319_42088;5;;1181;540;540;179;361;45.72;33.15
040301_5320_42088;6;;891;446;446;61;385;50.06;13.68
040301_5321_42088;7;;983;572;572;104;468;58.19;18.18
040301_5322_42088;8;;1156;622;622;76;546;53.81;12.22
040301_5323_42088;9;;603;312;312;40;272;51.74;12.82
040301_5324_42088;10;;963;459;459;50;409;47.66;10.89
040301_5325_42088;11;;1201;588;588;104;484;48.96;17.69
040301_5326_42088;12;;1164;561;561;83;478;48.20;14.80
040301_5327_42088;13;;1025;589;589;104;485;57.46;17.66
040301_5328_42088;14;;1117;571;571;100;471;51.12;17.51
040301_5329_42088;15;;844;497;497;97;400;58.89;19.52
040302_5330_42088;1;;332;120;120;29;91;36.14;24.17
040302_5331_42088;2;;513;234;234;49;185;45.61;20.94
040302_5332_42088;3;;410;198;198;39;159;48.29;19.70
040302_5333_42088;4;;445;171;171;35;136;38.43;20.47
040302_5334_42088;5;;707;296;296;89;207;41.87;30.07
040302_5335_42088;6;;787;362;362;94;268;46.00;25.97
040302_5336_42088;7;;671;307;307;68;239;45.75;22.15
040302_5337_42088;8;;551;204;204;38;166;37.02;18.63
040302_5338_42088;9;;866;341;341;95;246;39.38;27.86
040302_5339_42088;10;;924;417;417;115;302;45.13;27.58
040303_5340_42088;1;;1350;673;673;140;533;49.85;20.80
040303_5341_42088;2;;1309;498;498;155;343;38.04;31.12
040303_5342_42088;3;;1375;471;471;82;389;34.25;17.41
040303_5343_42088;4;;1084;442;442;73;369;40.77;16.52
040303_5344_42088;5;;964;391;391;68;323;40.56;17.39
040303_5345_42088;6;;690;360;360;74;286;52.17;20.56
040303_5346_42088;7;;592;216;216;35;181;36.49;16.20
040303_5347_42088;8;;471;183;184;72;111;38.85;39.34
040303_5348_42088;9;;582;256;256;70;186;43.99;27.34
040304_29440_42088;22;;33;16;16;10;6;48.48;62.50
040304_29441_42088;23;;358;39;39;3;36;10.89;7.69
040304_5349_42088;1;;1011;293;293;73;220;28.98;24.91
040304_5350_42088;2;;1197;400;400;109;291;33.42;27.25
040304_5351_42088;3;;1522;597;597;129;468;39.22;21.61
040304_5352_42088;4;;982;510;510;107;403;51.93;20.98
040304_5353_42088;5;;1076;539;539;101;438;50.09;18.74
040304_5354_42088;6;;1061;487;487;109;378;45.90;22.38
040304_5355_42088;7;;981;442;442;86;356;45.06;19.46
040304_5356_42088;8;;885;406;406;99;307;45.88;24.38
040304_5357_42088;9;;1084;389;389;103;286;35.89;26.48
040304_5358_42088;10;;604;259;259;69;190;42.88;26.64
040304_5359_42088;11;;1124;444;444;73;371;39.50;16.44
040304_5360_42088;12;;864;416;416;108;308;48.15;25.96
040304_5361_42088;13;;617;301;301;70;231;48.78;23.26
040304_5362_42088;14;;956;478;478;88;390;50.00;18.41
040304_5363_42088;15;;972;338;338;77;261;34.77;22.78
040304_5364_42088;16;;681;332;332;62;270;48.75;18.67
040304_5365_42088;17;;776;358;358;96;262;46.13;26.82
040304_5366_42088;18;;896;409;409;98;311;45.65;23.96
040304_5367_42088;19;;943;510;510;91;419;54.08;17.84
040304_5368_42088;20;;330;152;152;17;135;46.06;11.18
040304_5369_42088;21;;200;112;112;15;97;56.00;13.39
040305_29324_42088;8;;332;140;140;42;98;42.17;30.00
040305_5370_42088;1;;1643;715;715;276;439;43.52;38.60
040305_5371_42088;2;;1631;668;668;160;508;40.96;23.95
040305_5372_42088;3;;1245;571;571;171;400;45.86;29.95
040305_5373_42088;4;;1369;688;688;131;557;50.26;19.04
040305_5374_42088;5;;478;209;209;48;161;43.72;22.97
040305_5375_42088;6;;585;267;267;63;204;45.64;23.60
040305_5376_42088;7;;185;65;65;18;47;35.14;27.69
040306_5377_42088;1;;1349;753;753;103;650;55.82;13.68
040306_5378_42088;2;;1158;544;544;94;450;46.98;17.28
040306_5379_42088;3;;1284;559;559;93;466;43.54;16.64
040306_5380_42088;4;;387;153;153;30;123;39.53;19.61
040306_5381_42088;5;;739;366;366;29;337;49.53;7.92
040306_5382_42088;6;;327;165;165;58;107;50.46;35.15
040306_5383_42088;7;;639;289;289;29;260;45.23;10.03
040306_5384_42088;8;;1377;545;545;87;458;39.58;15.96
040306_5385_42088;9;;633;303;303;51;252;47.87;16.83
040306_5386_42088;10;;730;377;377;43;334;51.64;11.41
040306_5387_42088;11;;744;376;376;32;344;50.54;8.51
040307_29442_42088;11;;222;27;27;5;22;12.16;18.52
040307_5388_42088;1;;448;211;211;57;154;47.10;27.01
040307_5389_42088;2;;1015;529;529;156;373;52.12;29.49
040307_5390_42088;3;;629;308;308;101;207;48.97;32.79
040307_5391_42088;4;;549;253;253;63;190;46.08;24.90
040307_5392_42088;5;;1149;502;502;86;416;43.69;17.13
040307_5393_42088;6;;503;238;238;88;150;47.32;36.97
040307_5394_42088;7;;943;552;552;151;401;58.54;27.36
040307_5395_42088;8;;455;202;202;68;134;44.40;33.66
040307_5396_42088;9;;1417;743;743;176;567;52.43;23.69
040307_5397_42088;10;;444;319;319;61;258;71.85;19.12
040308_5398_42088;1;;1628;592;592;83;509;36.36;14.02
040308_5399_42088;2;;1966;811;811;123;688;41.25;15.17
040308_5400_42088;3;;929;451;451;95;356;48.55;21.06
040308_5401_42088;4;;1182;548;548;122;426;46.36;22.26
040308_5402_42088;5;;1168;529;529;148;381;45.29;27.98
040308_5403_42088;6;;1726;662;662;153;509;38.35;23.11
040308_5404_42088;7;;1678;646;646;117;529;38.50;18.11
040308_5405_42088;8;;1185;396;396;80;316;33.42;20.20
040308_5406_42088;9;;666;281;281;57;224;42.19;20.28
040308_5407_42088;10;;122;64;64;8;56;52.46;12.50
040308_5408_42088;11;;188;73;73;13;60;38.83;17.81
040308_5409_42088;12;;496;163;163;38;125;32.86;23.31
040401_29443_42090;16;;94;38;38;17;21;40.43;44.74
040401_29444_42090;17;;45;20;20;0;20;44.44;0.00
040401_29445_42090;18;;29;14;14;1;13;48.28;7.14
040401_5410_42090;1;;1078;440;440;76;364;40.82;17.27
040401_5411_42090;2;;981;374;374;91;283;38.12;24.33
040401_5412_42090;3;;1046;353;353;129;224;33.75;36.54
040401_5413_42090;4;;997;280;280;66;214;28.08;23.57
040401_5414_42090;5;;1170;534;534;81;453;45.64;15.17
040401_5415_42090;6;;1020;529;529;68;461;51.86;12.85
040401_5416_42090;7;;1002;400;400;137;263;39.92;34.25
040401_5417_42090;8;;928;460;460;67;393;49.57;14.57
040401_5418_42090;9;;919;440;440;78;362;47.88;17.73
040401_5419_42090;10;;1078;510;510;83;427;47.31;16.27
040401_5420_42090;11;;1057;452;452;73;379;42.76;16.15
040401_5421_42090;12;;988;489;489;164;325;49.49;33.54
040401_5422_42090;13;;1029;451;451;85;366;43.83;18.85
040401_5423_42090;14;;1205;520;520;90;430;43.15;17.31
040401_5424_42090;15;;1054;410;410;105;305;38.90;25.61
040402_5425_42090;1;;1221;357;357;65;292;29.24;18.21
040402_5426_42090;2;;1196;336;336;59;277;28.09;17.56
040402_5427_42090;3;;931;299;299;99;200;32.12;33.11
040402_5428_42090;4;;1038;420;420;88;332;40.46;20.95
040403_5429_42090;1;;769;369;369;79;290;47.98;21.41
040403_5430_42090;2;;1096;490;490;69;421;44.71;14.08
040403_5431_42090;3;;613;286;286;120;166;46.66;41.96
040403_5432_42090;4;;476;179;179;49;130;37.61;27.37
040403_5433_42090;5;;533;241;241;74;167;45.22;30.71
040404_29446_42090;5;;27;24;24;1;23;88.89;4.17
040404_5434_42090;1;;898;448;448;103;345;49.89;22.99
040404_5435_42090;2;;1367;826;826;159;667;60.42;19.25
040404_5436_42090;3;;970;548;548;124;424;56.49;22.63
040404_5437_42090;4;;839;458;458;75;383;54.59;16.38
040405_5438_42090;1;;563;241;241;36;205;42.81;14.94
040405_5439_42090;2;;606;231;231;52;179;38.12;22.51
040405_5440_42090;3;;1149;545;545;99;446;47.43;18.17
040405_5441_42090;4;;587;273;273;41;232;46.51;15.02
040405_5442_42090;5;;574;213;213;68;145;37.11;31.92
040406_5443_42090;1;;443;181;181;49;132;40.86;27.07
040406_5444_42090;2;;435;202;202;53;149;46.44;26.24
040406_5445_42090;3;;499;249;249;48;201;49.90;19.28
040406_5446_42090;4;;949;451;451;115;336;47.52;25.50
040406_5447_42090;5;;640;336;336;88;248;52.50;26.19
040406_5448_42090;6;;1113;587;587;154;433;52.74;26.24
040407_5449_42090;1;;1402;830;830;142;688;59.20;17.11
040407_5450_42090;2;;1177;551;551;111;440;46.81;20.15
040407_5451_42090;3;;1118;573;573;113;460;51.25;19.72
040407_5452_42090;4;;584;319;319;77;242;54.62;24.14
040407_5453_42090;5;;1117;617;617;109;508;55.24;17.67
040501_29447_42089;7;;66;7;7;0;7;10.61;0.00
040501_5454_42089;1;;1483;828;828;157;671;55.83;18.96
040501_5455_42089;2;;1856;1051;1051;245;806;56.63;23.31
040501_5456_42089;3;;1360;725;725;122;603;53.31;16.83
040501_5457_42089;4;;2122;1239;1240;213;1026;58.39;17.19
040501_5458_42089;5;;1886;1163;1163;247;916;61.66;21.24
040501_5459_42089;6;;1322;711;711;114;597;53.78;16.03
040502_5460_42089;1;;857;490;490;157;333;57.18;32.04
040502_5461_42089;2;;614;379;379;88;291;61.73;23.22
040502_5462_42089;3;;824;438;438;102;336;53.16;23.29
040502_5463_42089;4;;884;534;534;198;336;60.41;37.08
040503_5464_42089;1;;1496;759;759;249;510;50.74;32.81
040503_5465_42089;2;;1412;827;827;197;630;58.57;23.82
040503_5466_42089;3;;1153;618;618;139;479;53.60;22.49
040503_5467_42089;4;;1422;862;862;126;736;60.62;14.62
040503_5468_42089;5;;1400;746;746;141;605;53.29;18.90
040504_5469_42089;1;;1924;1096;1096;149;947;56.96;13.59
040504_5470_42089;2;;2096;1139;1139;277;862;54.34;24.32
040504_5471_42089;3;;1223;587;587;132;455;48.00;22.49
040504_5472_42089;4;;1308;682;682;143;539;52.14;20.97
040504_5473_42089;5;;527;268;268;65;203;50.85;24.25
040504_5474_42089;6;;453;257;257;55;202;56.73;21.40
040504_5475_42089;7;;1179;584;584;117;467;49.53;20.03
040504_5476_42089;8;;489;228;228;56;172;46.63;24.56
040505_5477_42089;1;;844;572;574;140;432;67.77;24.48
040505_5478_42089;2;;644;423;423;85;338;65.68;20.09
040505_5479_42089;3;;1163;755;755;194;561;64.92;25.70
040505_5480_42089;4;;675;393;393;105;288;58.22;26.72
040506_5481_42089;1;;1125;660;660;140;520;58.67;21.21
040506_5482_42089;2;;439;262;262;77;185;59.68;29.39
040506_5483_42089;3;;808;423;423;123;300;52.35;29.08
040506_5484_42089;4;;1121;672;672;173;499;59.95;25.74
040601_5485_42089;1;;275;149;149;35;114;54.18;23.49
040601_5486_42089;2;;1009;446;446;117;329;44.20;26.23
040601_5487_42089;3;;1448;655;655;116;539;45.23;17.71
040601_5488_42089;4;;1221;487;487;100;387;39.89;20.53
040601_5489_42089;5;;1286;615;615;82;533;47.82;13.33
040601_5490_42089;6;;1427;696;696;134;562;48.77;19.25
040601_5491_42089;7;;584;238;238;19;219;40.75;7.98
040601_5492_42089;8;;478;194;194;58;136;40.59;29.90
040601_5493_42089;9;;348;178;178;56;122;51.15;31.46
040601_5494_42089;10;;718;334;334;43;291;46.52;12.87
040601_5495_42089;11;;490;217;217;39;178;44.29;17.97
040602_5496_42089;1;;832;461;461;95;366;55.41;20.61
040602_5497_42089;2;;1017;496;496;121;375;48.77;24.40
040602_5498_42089;3;;674;316;316;60;256;46.88;18.99
040602_5499_42089;4;;601;342;342;72;270;56.91;21.05
040602_5500_42089;5;;764;352;352;65;287;46.07;18.47
040602_5501_42089;6;;502;207;207;44;163;41.24;21.26
040602_5502_42089;7;;896;459;459;125;334;51.23;27.23
040603_29448_42089;9;;34;7;7;1;6;20.59;14.29
040603_5503_42089;1;;898;450;450;108;342;50.11;24.00
040603_5504_42089;2;;827;458;458;97;361;55.38;21.18
040603_5505_42089;3;;915;523;523;131;392;57.16;25.05
040603_5506_42089;4;;650;340;340;82;258;52.31;24.12
040603_5507_42089;5;;788;450;450;157;293;57.11;34.89
040603_5508_42089;6;;836;437;437;121;316;52.27;27.69
040603_5509_42089;7;;858;406;406;92;314;47.32;22.66
040603_5510_42089;8;;710;316;316;42;274;44.51;13.29
040604_5511_42089;1;;831;490;490;129;361;58.97;26.33
040604_5512_42089;2;;732;384;384;156;228;52.46;40.62
040604_5513_42089;3;;669;339;339;132;207;50.67;38.94
040604_5514_42089;4;;494;267;267;69;198;54.05;25.84
040604_5515_42089;5;;555;308;308;84;224;55.50;27.27
040604_5516_42089;6;;533;292;292;67;225;54.78;22.95
040605_5517_42089;1;;993;462;462;116;346;46.53;25.11
040605_5518_42089;2;;1190;635;635;169;466;53.36;26.61
040605_5519_42089;3;;623;278;278;85;193;44.62;30.58
040605_5520_42089;4;;427;231;231;68;163;54.10;29.44
040606_5521_42089;1;;659;239;239;66;173;36.27;27.62
040606_5522_42089;2;;980;451;451;78;373;46.02;17.29
040606_5523_42089;3;;612;376;376;68;308;61.44;18.09
040606_5524_42089;4;;715;329;329;51;278;46.01;15.50
040606_5525_42089;5;;418;129;129;25;104;30.86;19.38
040701_29449_42091;45;;84;39;39;10;29;46.43;25.64
040701_29450_42091;46;;333;30;30;5;25;9.01;16.67
040701_29451_42091;47;;245;16;16;1;15;6.53;6.25
040701_5526_42091;1;;1446;518;518;65;453;35.82;12.55
040701_5527_42091;2;;1167;508;508;66;442;43.53;12.99
040701_5528_42091;3;;1105;320;320;76;244;28.96;23.75
040701_5529_42091;4;;1395;545;545;93;452;39.07;17.06
040701_5530_42091;5;;1226;429;429;83;346;34.99;19.35
040701_5531_42091;6;;1265;420;420;65;355;33.20;15.48
040701_5532_42091;7;;1442;293;293;77;216;20.32;26.28
040701_5533_42091;8;;1392;289;289;54;235;20.76;18.69
040701_5534_42091;9;;1688;350;350;51;299;20.73;14.57
040701_5535_42091;10;;1328;451;451;55;396;33.96;12.20
040701_5536_42091;11;;1191;272;272;60;212;22.84;22.06
040701_5537_42091;12;;1394;464;464;111;353;33.29;23.92
040701_5538_42091;13;;1496;530;530;92;438;35.43;17.36
040701_5539_42091;14;;1863;631;631;114;517;33.87;18.07
040701_5540_42091;15;;1331;408;408;84;324;30.65;20.59
040701_5541_42091;16;;1341;447;447;77;370;33.33;17.23
040701_5542_42091;17;;1260;453;453;83;370;35.95;18.32
040701_5543_42091;18;;1191;400;400;88;312;33.59;22.00
040701_5544_42091;19;;1762;822;822;86;736;46.65;10.46
040701_5545_42091;20;;1769;769;769;92;677;43.47;11.96
040701_5546_42091;21;;755;329;329;115;214;43.58;34.95
040701_5547_42091;22;;1492;477;477;150;327;31.97;31.45
040701_5548_42091;23;;1138;441;441;136;305;38.75;30.84
040701_5549_42091;24;;1302;442;442;80;362;33.95;18.10
040701_5550_42091;25;;1448;540;540;76;464;37.29;14.07
040701_5551_42091;26;;1902;637;637;123;514;33.49;19.31
040701_5552_42091;27;;1109;373;373;55;318;33.63;14.75
040701_5553_42091;28;;1142;444;444;56;388;38.88;12.61
040701_5554_42091;29;;1308;493;493;60;433;37.69;12.17
040701_5555_42091;30;;1341;439;439;84;355;32.74;19.13
040701_5556_42091;31;;1347;468;468;62;406;34.74;13.25
040701_5557_42091;32;;1248;575;575;67;508;46.07;11.65
040701_5558_42091;33;;1129;502;502;67;435;44.46;13.35
040701_5559_42091;34;;1379;529;529;133;396;38.36;25.14
040701_5560_42091;35;;1244;500;500;96;404;40.19;19.20
040701_5561_42091;36;;1234;417;417;54;363;33.79;12.95
040701_5562_42091;37;;1426;514;514;81;433;36.04;15.76
040701_5563_42091;38;;1197;454;454;80;374;37.93;17.62
040701_5564_42091;39;;1426;564;564;120;444;39.55;21.28
040701_5565_42091;40;;1923;707;708;123;584;36.77;17.40
040701_5566_42091;41;;1536;536;536;81;455;34.90;15.11
040701_5567_42091;42;;1473;492;492;76;416;33.40;15.45
040701_5568_42091;43;;1297;505;505;87;418;38.94;17.23
040701_5569_42091;44;;1291;463;463;75;388;35.86;16.20
040702_30769_42091;7;;48;33;33;4;29;68.75;12.12
040702_5570_42091;1;;815;318;318;87;231;39.02;27.36
040702_5571_42091;2;;963;421;421;165;256;43.72;39.19
040702_5572_42091;3;;571;241;241;89;152;42.21;36.93
040702_5573_42091;4;;498;209;209;58;151;41.97;27.75
040702_5574_42091;5;;545;194;194;51;143;35.60;26.29
040702_5575_42091;6;;683;228;228;33;195;33.38;14.47
040703_29452_42091;15;;52;35;35;8;27;67.31;22.86
040703_5576_42091;1;;1028;522;522;128;394;50.78;24.52
040703_5577_42091;2;;952;478;478;113;365;50.21;23.64
040703_5578_42091;3;;666;320;320;73;247;48.05;22.81
040703_5579_42091;4;;875;440;440;98;342;50.29;22.27
040703_5580_42091;5;;1052;503;503;132;371;47.81;26.24
040703_5581_42091;6;;895;498;524;99;399;55.64;19.88
040703_5582_42091;7;;741;313;313;111;202;42.24;35.46
040703_5583_42091;8;;970;386;386;88;298;39.79;22.80
040703_5584_42091;9;;712;273;273;54;219;38.34;19.78
040703_5585_42091;10;;700;285;285;55;230;40.71;19.30
040703_5586_42091;11;;690;302;302;85;217;43.77;28.15
040703_5587_42091;12;;687;331;331;78;253;48.18;23.56
040703_5588_42091;13;;717;356;356;106;250;49.65;29.78
040703_5589_42091;14;;789;346;346;145;201;43.85;41.91
040704_5590_42091;1;;622;275;275;59;216;44.21;21.45
040704_5591_42091;2;;1298;507;507;126;381;39.06;24.85
040704_5592_42091;3;;1305;550;550;126;424;42.15;22.91
040704_5593_42091;4;;717;370;370;98;272;51.60;26.49
040704_5594_42091;5;;516;310;310;39;271;60.08;12.58
040704_5595_42091;6;;1545;555;555;154;401;35.92;27.75
040704_5596_42091;7;;668;321;321;85;236;48.05;26.48
040704_5597_42091;8;;660;363;363;98;265;55.00;27.00
040704_5598_42091;9;;416;232;232;88;144;55.77;37.93
040704_5599_42091;10;;937;393;393;68;325;41.94;17.30
040704_5600_42091;11;;608;249;249;60;189;40.95;24.10
040705_29453_42091;10;;54;33;33;6;27;61.11;18.18
040705_5601_42091;1;;791;362;362;84;278;45.76;23.20
040705_5602_42091;2;;1398;717;717;187;530;51.29;26.08
040705_5603_42091;3;;1426;751;751;231;520;52.66;30.76
040705_5604_42091;4;;667;383;383;87;296;57.42;22.72
040705_5605_42091;5;;1594;830;830;200;630;52.07;24.10
040705_5606_42091;6;;1608;904;904;159;745;56.22;17.59
040705_5607_42091;7;;648;298;298;70;228;45.99;23.49
040705_5608_42091;8;;1429;745;745;184;561;52.13;24.70
040705_5609_42091;9;;1362;597;597;145;452;43.83;24.29
040706_5610_42091;1;;888;440;440;82;358;49.55;18.64
040706_5611_42091;2;;885;431;431;94;337;48.70;21.81
040706_5612_42091;3;;1167;569;569;104;465;48.76;18.28
040706_5613_42091;4;;1227;569;569;93;476;46.37;16.34
040706_5614_42091;5;;1132;577;577;116;461;50.97;20.10
040706_5615_42091;6;;424;260;260;43;217;61.32;16.54
040706_5616_42091;7;;625;353;353;73;280;56.48;20.68
040706_5617_42091;8;;596;284;284;33;251;47.65;11.62
040706_5618_42091;9;;521;222;222;42;180;42.61;18.92
040706_5619_42091;10;;669;328;328;87;241;49.03;26.52
040706_5620_42091;11;;595;237;237;38;199;39.83;16.03
040706_5621_42091;12;;629;273;273;58;215;43.40;21.25
040706_5622_42091;13;;396;141;141;40;101;35.61;28.37
040706_5623_42091;14;;437;229;229;33;196;52.40;14.41
040706_5624_42091;15;;807;277;277;71;206;34.32;25.63
040706_5625_42091;16;;739;342;342;64;278;46.28;18.71
040706_5626_42091;17;;635;412;412;101;311;64.88;24.51
040706_5627_42091;18;;450;207;207;44;163;46.00;21.26
040706_5628_42091;19;;566;289;289;63;226;51.06;21.80
040706_5629_42091;20;;924;387;387;98;289;41.88;25.32
040706_5630_42091;21;;1153;552;552;92;460;47.88;16.67
040706_5631_42091;22;;473;203;203;50;153;42.92;24.63
040707_5632_42091;1;;1301;752;752;202;550;57.80;26.86
040707_5633_42091;2;;954;548;549;134;414;57.44;24.45
040707_5634_42091;3;;1155;477;477;135;342;41.30;28.30
040707_5635_42091;4;;844;406;406;85;321;48.10;20.94
040707_5636_42091;5;;248;116;116;23;93;46.77;19.83
040707_5637_42091;6;;335;177;177;44;133;52.84;24.86
040707_5638_42091;7;;1019;530;530;133;397;52.01;25.09
040707_5639_42091;8;;1149;431;431;125;306;37.51;29.00
040707_5640_42091;9;;213;119;119;26;93;55.87;21.85
040707_5641_42091;10;;326;180;180;37;143;55.21;20.56
040707_5642_42091;11;;446;195;195;53;142;43.72;27.18
040708_5643_42091;1;;490;315;315;90;225;64.29;28.57
040708_5644_42091;2;;593;334;334;131;203;56.32;39.22
040708_5645_42091;3;;552;285;285;87;198;51.63;30.53
040708_5646_42091;4;;520;281;281;50;231;54.04;17.79
040708_5647_42091;5;;593;314;314;106;208;52.95;33.76
040708_5648_42091;6;;453;203;203;63;140;44.81;31.03
040708_5649_42091;7;;532;243;243;66;177;45.68;27.16
040709_5650_42091;1;;1487;770;770;159;611;51.78;20.65
040709_5651_42091;2;;1395;612;612;151;461;43.87;24.67
040709_5652_42091;3;;567;291;291;64;227;51.32;21.99
040709_5653_42091;4;;457;222;222;73;149;48.58;32.88
040709_5654_42091;5;;498;213;213;76;137;42.77;35.68
040709_5655_42091;6;;501;281;281;63;218;56.09;22.42
040709_5656_42091;7;;521;252;252;91;161;48.37;36.11
040709_5657_42091;8;;671;317;317;96;221;47.24;30.28
040709_5658_42091;9;;335;171;171;68;103;51.04;39.77
040709_5659_42091;10;;955;487;487;106;381;50.99;21.77
040801_29454_42092;10;;96;30;30;5;25;31.25;16.67
040801_5660_42092;1;;1651;850;850;307;543;51.48;36.12
040801_5661_42092;2;;1547;753;753;246;507;48.67;32.67
040801_5662_42092;3;;1477;716;716;182;534;48.48;25.42
040801_5663_42092;4;;1315;654;654;164;490;49.73;25.08
040801_5664_42092;5;;784;411;411;101;310;52.42;24.57
040801_5665_42092;6;;1257;602;602;118;484;47.89;19.60
040801_5666_42092;7;;1534;694;694;130;564;45.24;18.73
040801_5667_42092;8;;1024;539;539;127;412;52.64;23.56
040801_5668_42092;9;;866;450;450;75;375;51.96;16.67
040802_5669_42092;1;;709;501;501;93;408;70.66;18.56
040802_5670_42092;2;;500;349;349;82;267;69.80;23.50
040802_5671_42092;3;;653;399;399;123;276;61.10;30.83
040802_5672_42092;4;;309;175;175;44;131;56.63;25.14
040802_5673_42092;5;;311;170;170;46;124;54.66;27.06
040803_5674_42092;1;;599;377;377;80;297;62.94;21.22
040803_5675_42092;2;;802;475;475;158;317;59.23;33.26
040803_5676_42092;3;;513;295;295;88;207;57.50;29.83
040803_5677_42092;4;;513;320;320;115;205;62.38;35.94
040804_5678_42092;1;;939;456;456;121;335;48.56;26.54
040804_5679_42092;2;;950;487;487;111;376;51.26;22.79
040804_5680_42092;3;;823;415;415;115;300;50.43;27.71
040804_5681_42092;4;;463;232;232;41;191;50.11;17.67
040804_5682_42092;5;;769;408;408;129;279;53.06;31.62
040804_5683_42092;6;;778;404;404;116;288;51.93;28.71
040804_5684_42092;7;;378;198;198;40;158;52.38;20.20
040804_5685_42092;8;;384;157;157;30;127;40.89;19.11
040804_5686_42092;9;;443;166;166;40;126;37.47;24.10
040804_5687_42092;10;;454;185;185;52;133;40.75;28.11
040805_5688_42092;1;;788;457;457;147;310;57.99;32.17
040805_5689_42092;2;;1053;638;638;114;524;60.59;17.87
040805_5690_42092;3;;780;424;424;107;317;54.36;25.24
040805_5691_42092;4;;782;423;423;144;279;54.09;34.04
040805_5692_42092;5;;1436;652;652;119;533;45.40;18.25
040805_5693_42092;6;;932;550;550;278;272;59.01;50.55
040806_5694_42092;1;;1325;630;630;159;471;47.55;25.24
040806_5695_42092;2;;447;279;279;69;210;62.42;24.73
040806_5696_42092;3;;1266;565;565;140;425;44.63;24.78
040806_5697_42092;4;;621;259;259;50;209;41.71;19.31
040806_5698_42092;5;;1304;633;633;155;478;48.54;24.49
040806_5699_42092;6;;1229;465;465;120;345;37.84;25.81
040806_5700_42092;7;;1222;550;550;123;427;45.01;22.36
040806_5701_42092;8;;739;400;400;98;302;54.13;24.50
040806_5702_42092;9;;1082;622;622;156;466;57.49;25.08
040807_5703_42092;1;;1314;819;819;187;632;62.33;22.83
040807_5704_42092;2;;842;560;560;115;445;66.51;20.54
040807_5705_42092;3;;784;426;426;163;263;54.34;38.26
040807_5706_42092;4;;726;425;425;128;297;58.54;30.12
040807_5707_42092;5;;457;238;238;59;179;52.08;24.79
040807_5708_42092;6;;337;190;190;63;127;56.38;33.16
040807_5709_42092;7;;832;493;493;130;363;59.25;26.37
040807_5710_42092;8;;789;552;552;139;413;69.96;25.18
040808_5711_42092;1;;938;492;492;73;419;52.45;14.84
040808_5712_42092;2;;775;438;438;115;323;56.52;26.26
040808_5713_42092;3;;588;273;273;67;206;46.43;24.54
040808_5714_42092;4;;781;366;366;78;288;46.86;21.31
040808_5715_42092;5;;581;262;262;68;194;45.09;25.95
040809_29455_42092;11;;58;50;50;5;45;86.21;10.00
040809_5716_42092;1;;689;391;391;104;287;56.75;26.60
040809_5717_42092;2;;273;148;148;37;111;54.21;25.00
040809_5718_42092;3;;1087;616;616;141;475;56.67;22.89
040809_5719_42092;4;;931;363;363;86;277;38.99;23.69
040809_5720_42092;5;;383;221;221;62;159;57.70;28.05
040809_5721_42092;6;;572;281;281;67;214;49.13;23.84
040809_5722_42092;7;;324;170;170;13;157;52.47;7.65
040809_5723_42092;8;;342;199;199;29;170;58.19;14.57
040809_5724_42092;9;;342;162;162;51;111;47.37;31.48
040809_5725_42092;10;;290;118;118;23;95;40.69;19.49
040901_5727_42091;1;;667;346;346;111;235;51.87;32.08
040901_5728_42091;2;;534;251;251;62;189;47.00;24.70
040901_5729_42091;3;;642;271;271;114;157;42.21;42.07
040901_5730_42091;4;;584;291;291;64;227;49.83;21.99
040901_5731_42091;5;;699;300;300;92;208;42.92;30.67
040901_5732_42091;6;;616;263;263;73;190;42.69;27.76
040902_29456_42091;7;;58;37;37;11;26;63.79;29.73
040902_5733_42091;1;;687;373;373;60;313;54.29;16.09
040902_5734_42091;2;;595;243;243;47;196;40.84;19.34
040902_5735_42091;3;;894;459;459;102;357;51.34;22.22
040902_5736_42091;4;;832;376;376;84;292;45.19;22.34
040902_5737_42091;5;;478;252;252;45;207;52.72;17.86
040902_5738_42091;6;;456;261;261;34;227;57.24;13.03
040903_29457_42091;22;;21;3;3;0;3;14.29;0.00
040903_5739_42091;1;;1081;548;548;121;427;50.69;22.08
040903_5740_42091;2;;994;414;414;84;330;41.65;20.29
040903_5741_42091;3;;802;352;352;90;262;43.89;25.57
040903_5742_42091;4;;945;439;439;52;387;46.46;11.85
040903_5743_42091;5;;975;423;423;74;349;43.38;17.49
040903_5744_42091;6;;945;483;483;107;376;51.11;22.15
040903_5745_42091;7;;1003;476;476;105;371;47.46;22.06
040903_5746_42091;8;;1061;472;472;93;379;44.49;19.70
040903_5747_42091;9;;1136;524;524;70;454;46.13;13.36
040903_5748_42091;10;;1009;503;503;92;411;49.85;18.29
040903_5749_42091;11;;847;397;397;88;309;46.87;22.17
040903_5750_42091;12;;886;444;444;126;318;50.11;28.38
040903_5751_42091;13;;1046;511;511;143;368;48.85;27.98
040903_5752_42091;14;;990;453;453;93;360;45.76;20.53
040903_5753_42091;15;;1091;535;535;134;401;49.04;25.05
040903_5754_42091;16;;737;315;315;64;251;42.74;20.32
040903_5755_42091;17;;1096;526;526;103;423;47.99;19.58
040903_5756_42091;18;;790;416;416;95;321;52.66;22.84
040903_5757_42091;19;;850;452;452;74;378;53.18;16.37
040903_5758_42091;20;;785;389;389;90;299;49.55;23.14
040903_5759_42091;21;;1000;504;504;123;381;50.40;24.40
040904_29458_42091;11;;31;8;8;3;5;25.81;37.50
040904_5760_42091;1;;1399;782;782;188;594;55.90;24.04
040904_5761_42091;2;;1119;664;664;127;537;59.34;19.13
040904_5762_42091;3;;1442;756;756;219;537;52.43;28.97
040904_5763_42091;4;;1178;532;532;88;444;45.16;16.54
040904_5764_42091;5;;1065;472;472;143;329;44.32;30.30
040904_5765_42091;6;;544;333;333;68;265;61.21;20.42
040904_5766_42091;7;;585;253;253;52;201;43.25;20.55
040904_5767_42091;8;;798;400;400;71;329;50.13;17.75
040904_5768_42091;9;;713;375;375;98;277;52.59;26.13
040904_5769_42091;10;;751;355;355;98;257;47.27;27.61
041001_5770_42088;1;;1577;798;798;133;665;50.60;16.67
041001_5771_42088;2;;1557;775;775;110;665;49.78;14.19
041001_5772_42088;3;;1396;739;739;181;558;52.94;24.49
041001_5773_42088;4;;476;219;219;52;167;46.01;23.74
041001_5774_42088;5;;571;341;341;91;250;59.72;26.69
041001_5775_42088;6;;819;490;490;143;347;59.83;29.18
041001_5776_42088;7;;961;521;521;102;419;54.21;19.58
041001_5777_42088;8;;332;140;140;35;105;42.17;25.00
041001_5778_42088;9;;668;325;325;82;243;48.65;25.23
041001_5779_42088;10;;894;446;446;96;350;49.89;21.52
041001_5780_42088;11;;597;262;262;60;202;43.89;22.90
041001_5781_42088;12;;548;303;303;76;227;55.29;25.08
041001_5782_42088;13;;334;136;136;40;96;40.72;29.41
041002_5783_42088;1;;902;348;348;90;258;38.58;25.86
041002_5784_42088;2;;360;160;160;53;107;44.44;33.12
041002_5785_42088;3;;1160;475;475;107;368;40.95;22.53
041002_5786_42088;4;;970;370;370;80;290;38.14;21.62
041002_5787_42088;5;;635;274;274;68;206;43.15;24.82
041002_5788_42088;6;;494;244;244;54;190;49.39;22.13
041002_5789_42088;7;;578;284;284;41;243;49.13;14.44
041002_5790_42088;8;;357;125;125;30;95;35.01;24.00
041002_5791_42088;9;;500;241;241;73;168;48.20;30.29
041002_5792_42088;10;;607;232;232;60;172;38.22;25.86
041002_5793_42088;11;;641;307;307;73;234;47.89;23.78
041003_29459_42088;23;;388;73;73;27;46;18.81;36.99
041003_29460_42088;24;;6;4;4;2;2;66.67;50.00
041003_29461_42088;25;;61;7;7;2;5;11.48;28.57
041003_29462_42088;26;;64;32;32;14;18;50.00;43.75
041003_5794_42088;1;;1257;558;558;78;480;44.39;13.98
041003_5795_42088;2;;1014;427;427;79;348;42.11;18.50
041003_5796_42088;3;;1669;771;771;216;555;46.20;28.02
041003_5797_42088;4;;1604;510;510;93;417;31.80;18.24
041003_5798_42088;5;;1256;409;409;93;316;32.56;22.74
041003_5799_42088;6;;778;271;271;76;195;34.83;28.04
041003_5800_42088;7;;1291;488;488;75;413;37.80;15.37
041003_5801_42088;8;;850;310;310;113;197;36.47;36.45
041003_5802_42088;9;;1313;471;471;102;369;35.87;21.66
041003_5803_42088;10;;1275;489;489;94;395;38.35;19.22
041003_5804_42088;11;;1278;584;584;100;484;45.70;17.12
041003_5805_42088;12;;1130;497;497;84;413;43.98;16.90
041003_5806_42088;13;;749;346;346;104;242;46.19;30.06
041003_5807_42088;14;;1238;524;524;101;423;42.33;19.27
041003_5808_42088;15;;1477;619;619;143;476;41.91;23.10
041003_5809_42088;16;;1332;567;567;135;432;42.57;23.81
041003_5810_42088;17;;1439;528;528;128;400;36.69;24.24
041003_5811_42088;18;;1258;497;497;113;384;39.51;22.74
041003_5812_42088;19;;652;210;210;38;172;32.21;18.10
041003_5813_42088;20;;893;487;487;85;402;54.54;17.45
041003_5814_42088;21;;1049;464;464;74;390;44.23;15.95
041003_5815_42088;22;;120;62;62;12;50;51.67;19.35
041004_5816_42088;1;;806;381;381;99;282;47.27;25.98
041004_5817_42088;2;;799;366;366;116;250;45.81;31.69
041004_5818_42088;3;;449;198;198;42;156;44.10;21.21
041004_5819_42088;4;;360;207;207;55;152;57.50;26.57
041004_5820_42088;5;;521;170;170;42;128;32.63;24.71
041004_5821_42088;6;;500;153;153;29;124;30.60;18.95
041004_5822_42088;7;;491;193;193;41;152;39.31;21.24
041004_5823_42088;8;;687;388;388;107;281;56.48;27.58
041004_5824_42088;9;;526;252;252;50;202;47.91;19.84
041004_5825_42088;10;;583;229;229;53;176;39.28;23.14
041005_29463_42088;22;;45;7;7;0;7;15.56;0.00
041005_5826_42088;1;;1046;507;507;64;443;48.47;12.62
041005_5827_42088;2;;1078;493;493;130;363;45.73;26.37
041005_5828_42088;3;;827;440;440;60;380;53.20;13.64
041005_5829_42088;4;;1061;553;553;85;468;52.12;15.37
041005_5830_42088;5;;813;398;398;68;330;48.95;17.09
041005_5831_42088;6;;824;352;352;59;293;42.72;16.76
041005_5832_42088;7;;856;369;369;67;302;43.11;18.16
041005_5833_42088;8;;979;542;542;79;463;55.36;14.58
041005_5834_42088;9;;902;402;402;76;326;44.57;18.91
041005_5835_42088;10;;969;448;448;67;381;46.23;14.96
041005_5836_42088;11;;812;272;272;38;234;33.50;13.97
041005_5837_42088;12;;744;275;275;68;207;36.96;24.73
041005_5838_42088;13;;741;278;278;87;191;37.52;31.29
041005_5839_42088;14;;825;352;352;98;254;42.67;27.84
041005_5840_42088;15;;1012;402;402;140;262;39.72;34.83
041005_5841_42088;16;;913;328;328;92;236;35.93;28.05
041005_5842_42088;17;;1107;463;463;103;360;41.82;22.25
041005_5843_42088;18;;765;279;279;81;198;36.47;29.03
041005_5844_42088;19;;748;206;206;24;182;27.54;11.65
041005_5845_42088;20;;901;406;406;122;284;45.06;30.05
041005_5846_42088;21;;797;364;364;68;296;45.67;18.68
041101_29464_42091;6;;176;22;22;4;18;12.50;18.18
041101_5847_42091;1;;929;484;484;110;374;52.10;22.73
041101_5848_42091;2;;962;543;543;132;411;56.44;24.31
041101_5849_42091;3;;979;464;464;85;379;47.40;18.32
041101_5850_42091;4;;934;538;538;110;428;57.60;20.45
041101_5851_42091;5;;931;523;523;105;418;56.18;20.08
041102_5852_42091;1;;748;442;442;162;280;59.09;36.65
041102_5853_42091;2;;417;210;210;69;141;50.36;32.86
041102_5854_42091;3;;755;403;403;112;291;53.38;27.79
041102_5855_42091;4;;695;490;490;146;344;70.50;29.80
041102_5856_42091;5;;467;249;249;85;164;53.32;34.14
041103_5857_42091;1;;1245;744;744;265;479;59.76;35.62
041103_5858_42091;2;;534;316;316;84;232;59.18;26.58
041103_5859_42091;3;;1221;677;677;188;489;55.45;27.77
041103_5860_42091;4;;482;270;270;68;202;56.02;25.19
041103_5861_42091;5;;194;92;92;27;65;47.42;29.35
041103_5862_42091;6;;867;448;448;118;330;51.67;26.34
041104_5863_42091;1;;1523;964;965;279;685;63.30;28.94
041104_5864_42091;2;;939;590;590;183;407;62.83;31.02
041104_5865_42091;3;;1292;885;885;185;700;68.50;20.90
041104_5866_42091;4;;749;481;481;161;320;64.22;33.47
041104_5867_42091;5;;775;484;484;170;314;62.45;35.12
041104_5868_42091;6;;467;269;269;79;190;57.60;29.37
041104_5869_42091;7;;449;247;247;75;172;55.01;30.36
041104_5870_42091;8;;373;243;243;83;160;65.15;34.16
041105_29465_42091;12;;64;27;27;7;20;42.19;25.93
041105_5871_42091;1;;1569;937;937;328;609;59.72;35.01
041105_5872_42091;2;;1041;583;583;193;390;56.00;33.10
041105_5873_42091;3;;1022;577;577;228;349;56.46;39.51
041105_5874_42091;4;;408;253;253;86;167;62.01;33.99
041105_5875_42091;5;;479;247;247;48;199;51.57;19.43
041105_5876_42091;6;;519;314;314;98;216;60.50;31.21
041105_5877_42091;7;;478;270;270;60;210;56.49;22.22
041105_5878_42091;8;;561;337;337;85;252;60.07;25.22
041105_5879_42091;9;;487;265;265;60;205;54.41;22.64
041105_5880_42091;10;;562;339;339;119;220;60.32;35.10
041105_5881_42091;11;;556;267;267;111;156;48.02;41.57
041106_5882_42091;1;;785;451;451;124;327;57.45;27.49
041106_5883_42091;2;;370;238;238;47;191;64.32;19.75
041106_5884_42091;3;;418;212;212;55;157;50.72;25.94
041106_5885_42091;4;;589;263;263;63;200;44.65;23.95
041106_5886_42091;5;;640;291;291;60;231;45.47;20.62
041106_5887_42091;6;;371;251;251;75;176;67.65;29.88
041106_5888_42091;7;;479;271;271;83;188;56.58;30.63
041107_5889_42091;1;;477;326;326;145;181;68.34;44.48
041107_5890_42091;2;;826;569;569;174;395;68.89;30.58
041107_5891_42091;3;;840;569;569;167;402;67.74;29.35
041107_5892_42091;4;;566;390;390;105;285;68.90;26.92
041107_5893_42091;5;;449;319;319;115;204;71.05;36.05
041107_5894_42091;6;;332;232;232;54;178;69.88;23.28
041107_5895_42091;7;;633;420;420;137;283;66.35;32.62
041201_29466_42092;16;;66;16;16;1;15;24.24;6.25
041201_5896_42092;1;;919;442;442;110;332;48.10;24.89
041201_5897_42092;2;;696;325;325;100;225;46.70;30.77
041201_5898_42092;3;;847;423;423;84;339;49.94;19.86
041201_5899_42092;4;;1061;557;557;118;439;52.50;21.18
041201_5900_42092;5;;1064;591;591;92;499;55.55;15.57
041201_5901_42092;6;;793;393;393;69;324;49.56;17.56
041201_5902_42092;7;;841;459;459;93;366;54.58;20.26
041201_5903_42092;8;;977;512;512;86;426;52.41;16.80
041201_5904_42092;9;;817;550;550;124;426;67.32;22.55
041201_5905_42092;10;;793;447;447;56;391;56.37;12.53
041201_5906_42092;11;;900;447;447;131;316;49.67;29.31
041201_5907_42092;12;;820;422;422;83;339;51.46;19.67
041201_5908_42092;13;;880;518;518;89;429;58.86;17.18
041201_5909_42092;14;;889;411;411;110;301;46.23;26.76
041201_5910_42092;15;;901;480;480;68;412;53.27;14.17
041202_29467_42092;5;;34;23;23;8;15;67.65;34.78
041202_5911_42092;1;;1054;661;661;180;481;62.71;27.23
041202_5912_42092;2;;1084;683;683;166;517;63.01;24.30
041202_5913_42092;3;;1090;747;747;223;524;68.53;29.85
041202_5914_42092;4;;1082;769;769;200;569;71.07;26.01
041203_5915_42092;1;;905;602;602;124;478;66.52;20.60
041203_5916_42092;2;;535;348;348;105;243;65.05;30.17
041203_5917_42092;3;;604;330;330;69;261;54.64;20.91
041203_5918_42092;4;;399;230;230;53;177;57.64;23.04
041203_5919_42092;5;;970;555;555;142;413;57.22;25.59
041203_5920_42092;6;;503;267;267;43;224;53.08;16.10
041204_5921_42092;1;;987;499;499;92;407;50.56;18.44
041204_5923_42092;3;;778;496;496;104;392;63.75;20.97
041204_5924_42092;4;;882;493;493;105;388;55.90;21.30
041204_5925_42092;5;;770;400;400;80;320;51.95;20.00
041204_5926_42092;6;;992;447;447;117;330;45.06;26.17
041205_5927_42092;1;;1015;503;503;89;414;49.56;17.69
041205_5928_42092;2;;983;606;606;99;507;61.65;16.34
041205_5929_42092;3;;528;250;250;52;198;47.35;20.80
041205_5930_42092;4;;789;466;466;103;363;59.06;22.10
041205_5931_42092;5;;596;342;342;85;257;57.38;24.85
041205_5932_42092;6;;974;532;532;132;400;54.62;24.81
041206_5933_42092;1;;668;395;395;79;316;59.13;20.00
041206_5934_42092;2;;377;204;204;72;132;54.11;35.29
041206_5935_42092;3;;602;324;324;71;253;53.82;21.91
041206_5936_42092;4;;663;365;365;77;288;55.05;21.10
041206_5937_42092;5;;426;230;230;57;173;53.99;24.78
041206_5938_42092;6;;612;295;295;56;239;48.20;18.98
041301_29468_42088;8;;58;35;35;0;35;60.34;0.00
041301_5939_42088;1;;1083;446;446;115;331;41.18;25.78
041301_5940_42088;2;;733;341;341;74;267;46.52;21.70
041301_5941_42088;3;;789;263;263;96;167;33.33;36.50
041301_5942_42088;4;;809;278;278;96;182;34.36;34.53
041301_5943_42088;5;;879;331;331;99;232;37.66;29.91
041301_5944_42088;6;;614;270;270;84;186;43.97;31.11
041301_5945_42088;7;;551;223;223;90;133;40.47;40.36
041302_5946_42088;1;;853;350;350;71;279;41.03;20.29
041302_5947_42088;2;;902;373;373;65;308;41.35;17.43
041302_5948_42088;3;;818;430;430;80;350;52.57;18.60
041302_5949_42088;4;;1051;468;468;81;387;44.53;17.31
041302_5950_42088;5;;893;458;458;87;371;51.29;19.00
041302_5951_42088;6;;834;387;387;69;318;46.40;17.83
041302_5952_42088;7;;715;333;333;59;274;46.57;17.72
041302_5953_42088;8;;663;351;351;37;314;52.94;10.54
041302_5954_42088;9;;711;346;346;71;275;48.66;20.52
041302_5955_42088;10;;987;266;266;50;216;26.95;18.80
041302_5956_42088;11;;801;307;307;69;238;38.33;22.48
041302_5957_42088;12;;730;316;316;54;262;43.29;17.09
041302_5958_42088;13;;781;359;359;68;291;45.97;18.94
041302_5959_42088;14;;998;362;362;101;261;36.27;27.90
041302_5960_42088;15;;962;351;352;85;266;36.49;24.22
041303_5961_42088;1;;753;337;337;118;219;44.75;35.01
041303_5962_42088;2;;935;387;387;94;293;41.39;24.29
041303_5963_42088;3;;708;389;389;94;295;54.94;24.16
041303_5964_42088;4;;1161;442;442;97;345;38.07;21.95
041303_5965_42088;5;;501;189;189;54;135;37.72;28.57
041304_29469_42088;13;;31;19;19;5;14;61.29;26.32
041304_29470_42088;14;;35;19;19;1;18;54.29;5.26
041304_5966_42088;1;;1147;628;628;122;506;54.75;19.43
041304_5967_42088;2;;1239;490;490;107;383;39.55;21.84
041304_5968_42088;3;;771;358;358;70;288;46.43;19.55
041304_5969_42088;4;;797;391;391;102;289;49.06;26.09
041304_5970_42088;5;;787;296;296;70;226;37.61;23.65
041304_5971_42088;6;;790;268;268;51;217;33.92;19.03
041304_5972_42088;7;;598;228;228;24;204;38.13;10.53
041304_5973_42088;8;;1225;489;489;78;411;39.92;15.95
041304_5974_42088;9;;666;337;337;84;253;50.60;24.93
041304_5975_42088;10;;666;217;217;37;180;32.58;17.05
041304_5976_42088;11;;808;325;325;62;263;40.22;19.08
041304_5977_42088;12;;916;442;442;83;359;48.25;18.78
041401_5978_42088;1;;862;344;344;89;255;39.91;25.87
041401_5979_42088;2;;587;225;225;64;161;38.33;28.44
041401_5980_42088;3;;536;156;156;52;104;29.10;33.33
041401_5981_42088;4;;625;191;191;63;128;30.56;32.98
041401_5982_42088;5;;813;225;225;73;152;27.68;32.44
041401_5983_42088;6;;602;235;235;83;152;39.04;35.32
041402_5984_42088;1;;741;241;241;67;174;32.52;27.80
041402_5985_42088;2;;959;449;450;142;307;46.82;31.63
041402_5986_42088;3;;596;252;252;51;201;42.28;20.24
041402_5987_42088;4;;688;314;314;100;214;45.64;31.85
041402_5988_42088;5;;796;355;356;107;248;44.60;30.14
041402_5989_42088;6;;725;355;355;73;282;48.97;20.56
041402_5990_42088;7;;669;262;262;75;187;39.16;28.63
041402_5991_42088;8;;515;258;258;53;205;50.10;20.54
041403_5992_42088;1;;706;387;387;114;273;54.82;29.46
041403_5993_42088;2;;807;383;383;86;297;47.46;22.45
041403_5994_42088;3;;502;214;214;69;145;42.63;32.24
041403_5995_42088;4;;552;293;294;78;215;53.08;26.62
041403_5996_42088;5;;508;232;232;54;178;45.67;23.28
041403_5997_42088;6;;576;289;289;78;211;50.17;26.99
041403_5998_42088;7;;376;166;166;28;138;44.15;16.87
041404_5999_42088;1;;1263;517;517;157;360;40.93;30.37
041404_6000_42088;2;;1227;640;640;161;479;52.16;25.16
041404_6001_42088;3;;1137;569;569;122;447;50.04;21.44
041404_6002_42088;4;;1322;641;641;158;483;48.49;24.65
041404_6003_42088;5;;434;241;241;80;161;55.53;33.20
041404_6004_42088;6;;885;359;359;115;244;40.56;32.03
041405_6005_42088;1;;659;306;306;98;208;46.43;32.03
041405_6006_42088;2;;734;396;396;94;302;53.95;23.74
041405_6007_42088;3;;697;376;376;75;301;53.95;19.95
041405_6008_42088;4;;517;246;246;57;189;47.58;23.17
041405_6009_42088;5;;714;411;411;105;306;57.56;25.55
041406_6010_42088;1;;1170;453;453;102;351;38.72;22.52
041406_6011_42088;2;;1381;489;489;130;359;35.41;26.58
041406_6012_42088;3;;1372;479;479;110;369;34.91;22.96
041406_6013_42088;4;;939;458;458;92;366;48.78;20.09
041406_6014_42088;5;;722;239;239;56;183;33.10;23.43
041406_6015_42088;6;;789;256;256;82;174;32.45;32.03
041406_6016_42088;7;;618;112;112;25;87;18.12;22.32
041406_6017_42088;8;;335;99;99;21;78;29.55;21.21
041406_6018_42088;9;;558;132;132;27;105;23.66;20.45
041406_6019_42088;10;;542;120;120;15;105;22.14;12.50
041407_6020_42088;1;;955;416;416;122;294;43.56;29.33
041407_6021_42088;2;;781;310;310;66;244;39.69;21.29
041407_6022_42088;3;;855;413;413;117;296;48.30;28.33
041407_6023_42088;4;;943;441;441;108;333;46.77;24.49
041407_6024_42088;5;;781;328;328;92;236;42.00;28.05
041408_29471_42088;9;;90;41;41;16;25;45.56;39.02
041408_6025_42088;1;;1147;690;690;179;511;60.16;25.94
041408_6026_42088;2;;1355;782;782;161;621;57.71;20.59
041408_6027_42088;3;;473;240;240;70;170;50.74;29.17
041408_6028_42088;4;;1090;595;595;111;484;54.59;18.66
041408_6029_42088;5;;631;332;332;65;267;52.61;19.58
041408_6030_42088;6;;1139;479;479;84;395;42.05;17.54
041408_6031_42088;7;;511;249;249;66;183;48.73;26.51
041408_6032_42088;8;;1059;480;480;113;367;45.33;23.54
041409_29473_42088;22;;102;34;34;8;26;33.33;23.53
041409_29474_42088;23;;131;14;14;5;9;10.69;35.71
041409_29475_42088;24;;30;20;20;3;17;66.67;15.00
041409_6033_42088;1;;1339;635;635;124;511;47.42;19.53
041409_6034_42088;2;;1373;527;527;103;424;38.38;19.54
041409_6035_42088;3;;1069;310;310;98;212;29.00;31.61
041409_6036_42088;4;;1294;420;420;87;333;32.46;20.71
041409_6037_42088;5;;1381;452;452;109;343;32.73;24.12
041409_6038_42088;6;;1299;575;575;86;489;44.26;14.96
041409_6039_42088;7;;1514;634;634;117;517;41.88;18.45
041409_6040_42088;8;;1219;475;475;76;399;38.97;16.00
041409_6041_42088;9;;1501;628;628;114;514;41.84;18.15
041409_6042_42088;10;;1284;544;545;100;444;42.37;18.38
041409_6043_42088;11;;1269;527;527;102;425;41.53;19.35
041409_6044_42088;12;;1230;545;545;90;455;44.31;16.51
041409_6045_42088;13;;1308;608;608;99;509;46.48;16.28
041409_6046_42088;14;;923;497;497;74;423;53.85;14.89
041409_6047_42088;15;;1025;457;457;108;349;44.59;23.63
041409_6048_42088;16;;1108;304;304;78;226;27.44;25.66
041409_6049_42088;17;;1144;464;464;80;384;40.56;17.24
041409_6050_42088;18;;955;254;254;50;204;26.60;19.69
041409_6051_42088;19;;1334;520;520;128;392;38.98;24.62
041409_6052_42088;20;;1377;519;519;94;425;37.69;18.11
041409_6053_42088;21;;1304;509;509;89;420;39.03;17.49
041410_6054_42088;1;;549;281;281;57;224;51.18;20.28
041410_6055_42088;2;;540;220;220;49;171;40.74;22.27
041410_6056_42088;3;;477;224;224;54;170;46.96;24.11
041410_6057_42088;4;;450;164;164;41;123;36.44;25.00
041410_6058_42088;5;;397;178;178;38;140;44.84;21.35
041410_6059_42088;6;;397;187;187;38;149;47.10;20.32
041411_6060_42088;1;;1760;941;941;217;724;53.47;23.06
041411_6061_42088;2;;576;268;268;72;196;46.53;26.87
041411_6062_42088;3;;472;243;243;89;154;51.48;36.63
041411_6063_42088;4;;602;310;310;96;214;51.50;30.97
041411_6064_42088;5;;1027;458;458;159;299;44.60;34.72
041411_6065_42088;6;;626;345;345;93;252;55.11;26.96
041501_29476_42090;8;;27;13;13;3;10;48.15;23.08
041501_6066_42090;1;;2214;658;658;141;517;29.72;21.43
041501_6067_42090;2;;1536;429;429;107;322;27.93;24.94
041501_6068_42090;3;;1604;653;653;141;512;40.71;21.59
041501_6069_42090;4;;2284;825;825;180;645;36.12;21.82
041501_6070_42090;5;;746;351;351;59;292;47.05;16.81
041501_6071_42090;6;;1554;703;703;161;542;45.24;22.90
041501_6072_42090;7;;1520;621;621;97;524;40.86;15.62
041502_29477_42090;9;;105;47;47;11;36;44.76;23.40
041502_29478_42090;10;;72;13;13;2;11;18.06;15.38
041502_6073_42090;1;;818;399;400;113;286;48.78;28.32
041502_6074_42090;2;;1069;589;589;180;409;55.10;30.56
041502_6075_42090;3;;1632;781;781;177;604;47.86;22.66
041502_6076_42090;4;;1086;595;595;177;418;54.79;29.75
041502_6077_42090;5;;501;277;277;88;189;55.29;31.77
041502_6078_42090;6;;1355;561;561;130;431;41.40;23.17
041502_6079_42090;7;;615;307;307;67;240;49.92;21.82
041502_6080_42090;8;;485;176;176;36;140;36.29;20.45
041503_6081_42090;1;;1367;650;650;141;509;47.55;21.69
041503_6082_42090;2;;1114;532;532;139;393;47.76;26.13
041503_6083_42090;3;;1031;518;518;185;333;50.24;35.71
041503_6084_42090;4;;1448;687;687;212;475;47.44;30.86
041503_6085_42090;5;;1132;611;611;145;466;53.98;23.73
041503_6086_42090;6;;846;343;343;55;288;40.54;16.03
041504_6087_42090;1;;1053;391;391;36;355;37.13;9.21
041504_6088_42090;2;;756;352;352;76;276;46.56;21.59
041504_6089_42090;3;;955;351;351;45;306;36.75;12.82
041504_6090_42090;4;;1140;349;349;89;260;30.61;25.50
041504_6091_42090;5;;802;339;339;62;277;42.27;18.29
041504_6092_42090;6;;771;384;384;52;332;49.81;13.54
041504_6093_42090;7;;992;340;340;60;280;34.27;17.65
041504_6094_42090;8;;1042;383;383;66;317;36.76;17.23
041504_6095_42090;9;;1159;407;407;63;344;35.12;15.48
041504_6096_42090;10;;1175;437;437;60;377;37.19;13.73
041504_6097_42090;11;;1653;737;737;96;641;44.59;13.03
041504_6098_42090;12;;989;382;382;42;340;38.62;10.99
041504_6099_42090;13;;913;358;358;70;288;39.21;19.55
041504_6100_42090;14;;1128;440;440;61;379;39.01;13.86
041505_6101_42090;1;;1413;779;779;126;653;55.13;16.17
041505_6102_42090;2;;1015;470;470;135;335;46.31;28.72
041505_6103_42090;3;;1123;659;659;97;562;58.68;14.72
041505_6104_42090;4;;763;381;382;54;327;49.93;14.17
041505_6105_42090;5;;789;413;413;96;317;52.34;23.24
041506_6106_42090;1;;2082;1038;1038;106;932;49.86;10.21
041506_6107_42090;2;;1634;813;813;189;624;49.76;23.25
041506_6108_42090;3;;1496;813;813;154;659;54.34;18.94
041506_6109_42090;4;;997;517;517;58;459;51.86;11.22
041506_6110_42090;5;;1165;581;581;80;501;49.87;13.77
041507_6111_42090;1;;1405;651;651;134;517;46.33;20.58
041507_6112_42090;2;;1709;795;795;170;625;46.52;21.38
041507_6113_42090;3;;1221;768;768;206;562;62.90;26.82
041507_6114_42090;4;;1980;1060;1060;271;789;53.54;25.57
041507_6115_42090;5;;1972;1222;1222;416;806;61.97;34.04
041507_6116_42090;6;;1766;930;930;151;779;52.66;16.24
041507_6117_42090;7;;1053;501;501;74;427;47.58;14.77
041508_29479_42090;6;;83;48;48;15;33;57.83;31.25
041508_6118_42090;1;;946;536;536;105;431;56.66;19.59
041508_6119_42090;2;;773;324;324;68;256;41.91;20.99
041508_6120_42090;3;;1012;479;479;99;380;47.33;20.67
041508_6121_42090;4;;722;418;418;95;323;57.89;22.73
041508_6122_42090;5;;131;42;42;7;35;32.06;16.67
041509_6123_42090;1;;2224;1055;1055;193;862;47.44;18.29
041509_6124_42090;2;;1326;664;664;152;512;50.08;22.89
041509_6125_42090;3;;983;462;462;106;356;47.00;22.94
041509_6126_42090;4;;2250;1079;1079;258;821;47.96;23.91
041509_6127_42090;5;;2077;1086;1086;121;965;52.29;11.14
041509_6128_42090;6;;1139;611;611;150;461;53.64;24.55
041601_6129_42088;1;;714;310;310;55;255;43.42;17.74
041601_6130_42088;2;;923;353;353;64;289;38.24;18.13
041601_6131_42088;3;;894;364;364;67;297;40.72;18.41
041601_6132_42088;4;;660;284;284;54;230;43.03;19.01
041601_6133_42088;5;;1024;534;534;98;436;52.15;18.35
041601_6134_42088;6;;1064;502;502;108;394;47.18;21.51
041602_6135_42088;1;;562;281;281;46;235;50.00;16.37
041602_6136_42088;2;;436;225;225;52;173;51.61;23.11
041602_6137_42088;3;;635;348;348;78;270;54.80;22.41
041602_6138_42088;4;;880;502;502;93;409;57.05;18.53
041602_6139_42088;5;;915;517;517;125;392;56.50;24.18
041602_6140_42088;6;;728;344;344;92;252;47.25;26.74
041603_6141_42088;1;;715;341;341;72;269;47.69;21.11
041603_6142_42088;2;;462;229;229;69;160;49.57;30.13
041603_6143_42088;3;;740;249;249;60;189;33.65;24.10
041603_6144_42088;4;;405;102;102;34;68;25.19;33.33
041603_6145_42088;5;;746;340;340;90;250;45.58;26.47
041603_6146_42088;6;;464;191;191;79;112;41.16;41.36
041604_6147_42088;1;;639;363;363;97;266;56.81;26.72
041604_6148_42088;2;;634;377;377;82;295;59.46;21.75
041604_6150_42088;4;;570;331;331;91;240;58.07;27.49
041604_6151_42088;5;;482;254;254;53;201;52.70;20.87
041604_6152_42088;6;;580;373;373;51;322;64.31;13.67
041604_6153_42088;7;;843;506;506;116;390;60.02;22.92
041605_6154_42088;1;;615;391;391;111;280;63.58;28.39
041605_6155_42088;2;;863;562;562;167;395;65.12;29.72
041605_6156_42088;3;;586;353;353;100;253;60.24;28.33
041605_6157_42088;4;;906;547;547;128;419;60.38;23.40
041605_6158_42088;5;;730;480;480;74;406;65.75;15.42
041605_6159_42088;6;;640;414;414;87;327;64.69;21.01
041606_29480_42088;19;;41;30;30;3;27;73.17;10.00
041606_29481_42088;20;;80;15;15;1;14;18.75;6.67
041606_6160_42088;1;;1197;468;468;78;390;39.10;16.67
041606_6161_42088;2;;1185;545;545;77;468;45.99;14.13
041606_6162_42088;3;;924;460;460;75;385;49.78;16.30
041606_6163_42088;4;;925;346;346;76;270;37.41;21.97
041606_6164_42088;5;;1048;471;471;58;413;44.94;12.31
041606_6165_42088;6;;1207;523;523;77;446;43.33;14.72
041606_6166_42088;7;;1207;500;500;84;416;41.43;16.80
041606_6167_42088;8;;1061;450;450;68;382;42.41;15.11
041606_6168_42088;9;;1136;489;489;54;435;43.05;11.04
041606_6169_42088;10;;484;220;220;29;191;45.45;13.18
041606_6170_42088;11;;446;204;204;39;165;45.74;19.12
041606_6171_42088;12;;776;228;230;31;197;29.38;13.60
041606_6172_42088;13;;687;269;269;61;208;39.16;22.68
041606_6173_42088;14;;294;99;99;24;75;33.67;24.24
041606_6174_42088;15;;1029;532;532;73;459;51.70;13.72
041606_6175_42088;16;;1054;445;445;76;369;42.22;17.08
041606_6176_42088;17;;1031;430;430;76;354;41.71;17.67
041606_6177_42088;18;;282;111;111;13;98;39.36;11.71
041701_29482_42089;11;;51;10;10;1;9;19.61;10.00
041701_6180_42089;1;;773;322;322;77;245;41.66;23.91
041701_6181_42089;2;;1632;801;801;180;621;49.08;22.47
041701_6182_42089;3;;669;379;379;68;311;56.65;17.94
041701_6183_42089;4;;1495;734;734;153;581;49.10;20.84
041701_6184_42089;5;;633;274;274;59;215;43.29;21.53
041701_6185_42089;6;;1330;722;722;164;558;54.29;22.71
041701_6186_42089;7;;700;303;303;76;227;43.29;25.08
041701_6187_42089;8;;1513;675;675;163;512;44.61;24.15
041701_6188_42089;9;;1510;654;654;146;508;43.31;22.32
041701_6189_42089;10;;653;358;358;69;289;54.82;19.27
041702_6190_42089;1;;922;361;361;83;278;39.15;22.99
041702_6191_42089;2;;722;219;219;60;159;30.33;27.40
041702_6192_42089;3;;896;261;261;44;217;29.13;16.86
041703_6193_42089;1;;978;540;540;97;443;55.21;17.96
041703_6194_42089;2;;971;512;512;167;345;52.73;32.62
041703_6195_42089;3;;769;427;427;90;337;55.53;21.08
041703_6196_42089;4;;666;343;343;127;216;51.50;37.03
041704_6197_42089;1;;786;461;461;108;353;58.65;23.43
041704_6198_42089;2;;790;427;427;125;302;54.05;29.27
041704_6199_42089;3;;1245;629;629;166;463;50.52;26.39
041704_6200_42089;4;;1115;571;571;149;422;51.21;26.09
041705_6201_42089;1;;592;221;221;45;176;37.33;20.36
041705_6202_42089;2;;1760;878;878;270;608;49.89;30.75
041705_6203_42089;3;;1761;833;833;277;556;47.30;33.25
041705_6204_42089;4;;802;368;368;74;294;45.89;20.11
041705_6205_42089;5;;1202;500;500;168;332;41.60;33.60
041705_6206_42089;6;;703;334;334;87;247;47.51;26.05
041801_29483_42092;4;;55;42;42;13;29;76.36;30.95
041801_6207_42092;1;;1055;713;713;177;536;67.58;24.82
041801_6208_42092;2;;954;656;656;196;460;68.76;29.88
041801_6209_42092;3;;898;648;648;190;458;72.16;29.32
041802_29484_42092;5;;40;31;31;11;20;77.50;35.48
041802_6210_42092;1;;708;462;462;114;348;65.25;24.68
041802_6211_42092;2;;728;423;423;148;275;58.10;34.99
041802_6212_42092;3;;583;317;317;101;216;54.37;31.86
041802_6213_42092;4;;841;530;530;209;321;63.02;39.43
041803_6214_42092;1;;782;477;477;136;341;61.00;28.51
041803_6215_42092;2;;640;389;389;138;251;60.78;35.48
041803_6216_42092;3;;461;307;307;83;224;66.59;27.04
041803_6217_42092;4;;587;347;347;90;257;59.11;25.94
041803_6218_42092;5;;349;197;197;38;159;56.45;19.29
041804_6219_42092;1;;1179;636;638;111;525;53.94;17.45
041804_6220_42092;2;;1526;676;676;190;486;44.30;28.11
041804_6221_42092;3;;1054;506;506;74;432;48.01;14.62
041804_6222_42092;4;;1724;739;739;134;605;42.87;18.13
041804_6223_42092;5;;820;401;401;97;304;48.90;24.19
041804_6224_42092;6;;656;297;297;106;191;45.27;35.69
041804_6225_42092;7;;720;370;370;78;292;51.39;21.08
041804_6226_42092;8;;510;238;238;49;189;46.67;20.59
041804_6227_42092;9;;1139;549;549;126;423;48.20;22.95
041805_29485_42092;9;;50;29;29;1;28;58.00;3.45
041805_6228_42092;1;;1459;796;796;250;546;54.56;31.41
041805_6229_42092;2;;950;499;499;148;351;52.53;29.66
041805_6230_42092;3;;860;447;447;163;284;51.98;36.47
041805_6231_42092;4;;1183;671;671;223;448;56.72;33.23
041805_6232_42092;5;;424;228;228;71;157;53.77;31.14
041805_6233_42092;6;;420;231;231;78;153;55.00;33.77
041805_6234_42092;7;;450;226;226;67;159;50.22;29.65
041805_6235_42092;8;;808;439;439;159;280;54.33;36.22
041806_6236_42092;1;;979;669;669;159;510;68.34;23.77
041806_6237_42092;2;;625;420;420;76;344;67.20;18.10
041806_6238_42092;3;;699;404;404;138;266;57.80;34.16
041806_6239_42092;4;;1053;616;616;213;403;58.50;34.58
041806_6240_42092;5;;713;366;366;141;225;51.33;38.52
041806_6241_42092;6;;731;423;423;112;311;57.87;26.48
041806_6242_42092;7;;317;180;180;39;141;56.78;21.67
041807_6243_42092;1;;1754;878;878;283;595;50.06;32.23
041807_6244_42092;2;;1696;851;851;258;593;50.18;30.32
041807_6245_42092;3;;1386;656;656;198;458;47.33;30.18
041807_6246_42092;4;;1463;815;815;279;536;55.71;34.23
041807_6247_42092;5;;1364;576;576;95;481;42.23;16.49
041808_6248_42092;1;;1313;767;767;218;549;58.42;28.42
041808_6249_42092;2;;1357;837;837;272;565;61.68;32.50
041808_6250_42092;3;;738;450;450;141;309;60.98;31.33
041808_6251_42092;4;;1130;622;622;230;392;55.04;36.98
041808_6252_42092;5;;884;492;492;158;334;55.66;32.11
041808_6253_42092;6;;836;535;535;166;369;64.00;31.03
041809_6254_42092;1;;1259;728;728;176;552;57.82;24.18
041809_6255_42092;2;;714;386;386;122;264;54.06;31.61
041809_6256_42092;3;;448;208;208;58;150;46.43;27.88
041809_6257_42092;4;;820;449;449;115;334;54.76;25.61
041810_6258_42092;1;;644;408;408;129;279;63.35;31.62
041810_6259_42092;2;;975;673;673;239;434;69.03;35.51
041810_6260_42092;3;;816;557;557;157;400;68.26;28.19
041810_6261_42092;4;;767;504;504;171;333;65.71;33.93
041810_6262_42092;5;;545;355;355;108;247;65.14;30.42
041811_29486_42092;10;;25;24;24;8;16;96.00;33.33
041811_6263_42092;1;;1160;731;731;185;546;63.02;25.31
041811_6264_42092;2;;774;433;433;154;279;55.94;35.57
041811_6265_42092;3;;877;539;539;196;343;61.46;36.36
041811_6266_42092;4;;468;265;265;102;163;56.62;38.49
041811_6267_42092;5;;420;210;210;76;134;50.00;36.19
041811_6268_42092;6;;691;383;383;120;263;55.43;31.33
041811_6269_42092;7;;501;294;294;91;203;58.68;30.95
041811_6270_42092;8;;439;278;278;122;156;63.33;43.88
041811_6271_42092;9;;789;484;484;173;311;61.34;35.74
041812_6272_42092;1;;1510;915;915;151;764;60.60;16.50
041812_6273_42092;2;;1652;967;967;192;775;58.54;19.86
041812_6274_42092;3;;1698;919;919;217;702;54.12;23.61
041812_6275_42092;4;;608;325;325;96;229;53.45;29.54
041812_6276_42092;5;;1483;922;922;236;686;62.17;25.60
041812_6277_42092;6;;566;330;330;70;260;58.30;21.21
041812_6278_42092;7;;630;302;302;74;228;47.94;24.50
041813_6279_42092;1;;282;160;160;47;113;56.74;29.38
041813_6280_42092;2;;910;490;490;173;317;53.85;35.31
041813_6281_42092;3;;823;407;407;107;300;49.45;26.29
041813_6282_42092;4;;570;322;322;108;214;56.49;33.54
041813_6283_42092;5;;1343;843;843;234;609;62.77;27.76
041813_6284_42092;6;;1712;1022;1022;282;740;59.70;27.59
041901_6285_42091;1;;1043;472;472;171;301;45.25;36.23
041901_6286_42091;2;;892;454;454;84;370;50.90;18.50
041901_6287_42091;3;;605;252;252;73;179;41.65;28.97
041901_6288_42091;4;;753;353;353;59;294;46.88;16.71
041901_6289_42091;5;;737;376;376;102;274;51.02;27.13
041901_6290_42091;6;;716;352;352;55;297;49.16;15.62
041901_6291_42091;7;;637;315;315;54;261;49.45;17.14
041901_6292_42091;8;;685;344;344;108;236;50.22;31.40
041901_6293_42091;9;;745;340;340;83;257;45.64;24.41
041901_6294_42091;10;;849;424;424;110;314;49.94;25.94
041901_6295_42091;11;;834;346;346;103;243;41.49;29.77
041901_6296_42091;12;;618;250;250;75;175;40.45;30.00
041901_6297_42091;13;;879;387;387;94;293;44.03;24.29
041901_6298_42091;14;;946;407;407;121;286;43.02;29.73
041901_6299_42091;15;;782;328;328;123;205;41.94;37.50
041902_6300_42091;1;;958;597;597;108;489;62.32;18.09
041902_6301_42091;2;;851;550;550;104;446;64.63;18.91
041902_6302_42091;3;;784;484;484;127;357;61.73;26.24
041902_6303_42091;4;;259;110;110;12;98;42.47;10.91
041902_6304_42091;5;;799;524;524;109;415;65.58;20.80
041902_6305_42091;6;;609;354;354;92;262;58.13;25.99
041903_29487_42091;14;;57;48;48;8;40;84.21;16.67
041903_6306_42091;1;;923;524;524;100;424;56.77;19.08
041903_6307_42091;2;;921;527;527;120;407;57.22;22.77
041903_6308_42091;3;;528;322;322;41;281;60.98;12.73
041903_6309_42091;4;;961;537;537;78;459;55.88;14.53
041903_6310_42091;5;;493;267;267;67;200;54.16;25.09
041903_6311_42091;6;;427;253;253;47;206;59.25;18.58
041903_6312_42091;7;;462;234;234;41;193;50.65;17.52
041903_6313_42091;8;;239;94;94;23;71;39.33;24.47
041903_6314_42091;9;;275;133;133;29;104;48.36;21.80
041903_6315_42091;10;;549;239;239;76;163;43.53;31.80
041903_6316_42091;11;;592;321;321;71;250;54.22;22.12
041903_6317_42091;12;;525;313;313;87;226;59.62;27.80
041903_6318_42091;13;;477;267;267;52;215;55.97;19.48
041904_6319_42091;1;;1005;436;436;141;295;43.38;32.34
041904_6320_42091;2;;1024;420;420;124;296;41.02;29.52
041904_6321_42091;3;;1047;511;511;149;362;48.81;29.16
041904_6322_42091;4;;527;241;241;57;184;45.73;23.65
041904_6323_42091;5;;576;304;304;83;221;52.78;27.30
041904_6324_42091;6;;465;278;278;104;174;59.78;37.41
041904_6325_42091;7;;645;203;203;58;145;31.47;28.57
041904_6326_42091;8;;574;166;166;41;125;28.92;24.70
041904_6327_42091;9;;420;193;193;45;148;45.95;23.32
041904_6328_42091;10;;515;189;189;57;132;36.70;30.16
041904_6329_42091;11;;447;215;215;86;129;48.10;40.00
041904_6330_42091;12;;140;54;54;15;39;38.57;27.78
041904_6331_42091;13;;339;144;144;34;110;42.48;23.61
041905_6332_42091;1;;1023;663;663;163;500;64.81;24.59
041905_6333_42091;2;;800;494;494;111;383;61.75;22.47
041905_6334_42091;3;;626;373;373;82;291;59.58;21.98
041905_6335_42091;4;;819;401;401;128;273;48.96;31.92
041905_6336_42091;5;;769;439;439;129;310;57.09;29.38
041905_6337_42091;6;;859;427;427;119;308;49.71;27.87
041905_6338_42091;7;;605;304;304;83;221;50.25;27.30
041906_30823_42091;22;;51;14;14;0;14;27.45;0.00
041906_30824_42091;23;;69;42;42;9;33;60.87;21.43
041906_30826_42091;19;;833;482;482;98;384;57.86;20.33
041906_6339_42091;1;;840;445;445;66;379;52.98;14.83
041906_6340_42091;2;;1120;643;643;94;549;57.41;14.62
041906_6341_42091;3;;1058;618;618;106;512;58.41;17.15
041906_6342_42091;4;;829;507;507;90;417;61.16;17.75
041906_6343_42091;5;;847;478;478;93;385;56.43;19.46
041906_6344_42091;6;;1110;646;646;86;560;58.20;13.31
041906_6345_42091;7;;1126;635;635;114;521;56.39;17.95
041906_6346_42091;8;;932;505;505;117;388;54.18;23.17
041906_6347_42091;9;;916;487;487;108;379;53.17;22.18
041906_6348_42091;10;;984;506;506;122;384;51.42;24.11
041906_6349_42091;11;;906;512;512;68;444;56.51;13.28
041906_6350_42091;12;;989;532;532;87;445;53.79;16.35
041906_6351_42091;13;;789;444;444;119;325;56.27;26.80
041906_6352_42091;14;;1020;547;547;120;427;53.63;21.94
041906_6353_42091;15;;647;383;383;86;297;59.20;22.45
041906_6354_42091;16;;1013;559;559;115;444;55.18;20.57
041906_6355_42091;17;;702;401;401;82;319;57.12;20.45
041906_6356_42091;18;;1045;572;572;81;491;54.74;14.16
041906_6358_42091;20;;1013;534;534;158;376;52.71;29.59
041906_6359_42091;21;;931;502;502;101;401;53.92;20.12
046101_29488_42087;190;;137;41;41;6;35;29.93;14.63
046101_29489_42087;191;;73;39;39;2;37;53.42;5.13
046101_29490_42087;192;;138;22;22;2;20;15.94;9.09
046101_29491_42087;193;;459;16;16;1;15;3.49;6.25
046101_29492_42087;194;;190;28;28;2;26;14.74;7.14
046101_29493_42087;195;;219;52;52;12;40;23.74;23.08
046101_29494_42087;196;;90;23;23;3;20;25.56;13.04
046101_29495_42087;197;;101;24;24;2;22;23.76;8.33
046101_29496_42087;198;;47;12;12;0;12;25.53;0.00
046101_29497_42087;199;;376;27;27;2;25;7.18;7.41
046101_29498_42087;200;;94;14;14;4;10;14.89;28.57
046101_29499_42087;201;;30;6;6;1;5;20.00;16.67
046101_29500_42087;202;;20;1;1;1;0;5.00;100.00
046101_29501_42087;203;;16;11;11;2;9;68.75;18.18
046101_29502_42087;204;;355;82;82;23;59;23.10;28.05
046101_29503_42087;205;;396;64;64;17;47;16.16;26.56
046101_6360_42087;1;;1953;910;910;54;856;46.59;5.93
046101_6361_42087;2;;1024;424;424;26;398;41.41;6.13
046101_6362_42087;3;;2118;895;895;64;831;42.26;7.15
046101_6363_42087;4;;1133;376;376;32;344;33.19;8.51
046101_6364_42087;5;;1024;254;254;39;215;24.80;15.35
046101_6365_42087;6;;1618;503;503;49;454;31.09;9.74
046101_6366_42087;7;;1646;327;327;38;289;19.87;11.62
046101_6367_42087;8;;1928;607;607;58;549;31.48;9.56
046101_6368_42087;9;;1062;252;252;25;227;23.73;9.92
046101_6369_42087;10;;2199;876;877;56;820;39.84;6.39
046101_6370_42087;11;;966;370;370;19;351;38.30;5.14
046101_6371_42087;12;;1903;753;753;65;688;39.57;8.63
046101_6372_42087;13;;2099;897;897;132;765;42.73;14.72
046101_6373_42087;14;;1510;653;653;41;612;43.25;6.28
046101_6374_42087;15;;2218;962;962;63;899;43.37;6.55
046101_6375_42087;16;;1924;834;834;50;784;43.35;6.00
046101_6376_42087;17;;1642;592;592;37;555;36.05;6.25
046101_6377_42087;18;;1846;819;819;46;773;44.37;5.62
046101_6378_42087;19;;1363;574;574;36;538;42.11;6.27
046101_6379_42087;20;;1770;647;647;30;617;36.55;4.64
046101_6380_42087;21;;848;369;369;26;343;43.51;7.05
046101_6381_42087;22;;1395;601;601;61;540;43.08;10.15
046101_6382_42087;23;;1437;510;510;45;465;35.49;8.82
046101_6383_42087;24;;1936;739;739;52;687;38.17;7.04
046101_6384_42087;25;;1055;454;454;34;420;43.03;7.49
046101_6385_42087;26;;1450;646;646;49;597;44.55;7.59
046101_6386_42087;27;;941;395;395;31;364;41.98;7.85
046101_6387_42087;28;;1912;667;667;27;640;34.88;4.05
046101_6388_42087;29;;1442;528;529;29;499;36.62;5.49
046101_6389_42087;30;;808;334;334;20;314;41.34;5.99
046101_6390_42087;31;;1173;448;448;26;422;38.19;5.80
046101_6391_42087;32;;1079;449;449;26;423;41.61;5.79
046101_6392_42087;33;;979;401;401;26;375;40.96;6.48
046101_6393_42087;34;;1910;773;773;30;743;40.47;3.88
046101_6394_42087;35;;1371;533;533;48;485;38.88;9.01
046101_6395_42087;36;;1786;850;850;84;766;47.59;9.88
046101_6396_42087;37;;1068;447;447;29;418;41.85;6.49
046101_6397_42087;38;;1547;602;602;72;530;38.91;11.96
046101_6398_42087;39;;1060;525;525;30;495;49.53;5.71
046101_6399_42087;40;;1334;611;611;24;587;45.80;3.93
046101_6400_42087;41;;1753;840;840;55;785;47.92;6.55
046101_6401_42087;42;;1205;533;533;39;494;44.23;7.32
046101_6402_42087;43;;1272;527;527;28;499;41.43;5.31
046101_6403_42087;44;;1503;678;678;31;647;45.11;4.57
046101_6404_42087;45;;1986;732;732;71;661;36.86;9.70
046101_6405_42087;46;;1582;705;705;64;641;44.56;9.08
046101_6406_42087;47;;1417;588;588;48;540;41.50;8.16
046101_6407_42087;48;;1545;662;662;42;620;42.85;6.34
046101_6408_42087;49;;778;253;253;21;232;32.52;8.30
046101_6409_42087;50;;1118;278;278;32;246;24.87;11.51
046101_6410_42087;51;;1173;289;289;25;264;24.64;8.65
046101_6411_42087;52;;1078;416;416;30;386;38.59;7.21
046101_6412_42087;53;;1522;651;651;59;592;42.77;9.06
046101_6413_42087;54;;963;416;416;21;395;43.20;5.05
046101_6414_42087;55;;1047;461;461;34;427;44.03;7.38
046101_6415_42087;56;;1461;574;574;30;544;39.29;5.23
046101_6416_42087;57;;693;307;307;24;283;44.30;7.82
046101_6417_42087;58;;981;402;402;41;361;40.98;10.20
046101_6418_42087;59;;1590;618;618;24;594;38.87;3.88
046101_6419_42087;60;;1670;639;639;28;611;38.26;4.38
046101_6420_42087;61;;2425;892;892;38;854;36.78;4.26
046101_6421_42087;62;;1406;484;484;31;453;34.42;6.40
046101_6422_42087;63;;1284;497;497;36;461;38.71;7.24
046101_6423_42087;64;;1474;594;594;23;571;40.30;3.87
046101_6424_42087;65;;1506;573;573;41;532;38.05;7.16
046101_6425_42087;66;;1072;397;397;54;343;37.03;13.60
046101_6426_42087;67;;1612;616;616;55;561;38.21;8.93
046101_6427_42087;68;;1290;505;505;49;456;39.15;9.70
046101_6428_42087;69;;1417;559;559;40;519;39.45;7.16
046101_6429_42087;70;;889;311;311;30;281;34.98;9.65
046101_6430_42087;71;;1811;595;595;45;550;32.85;7.56
046101_6431_42087;72;;1937;677;677;49;628;34.95;7.24
046101_6432_42087;73;;812;290;290;30;260;35.71;10.34
046101_6433_42087;74;;1731;592;592;50;542;34.20;8.45
046101_6434_42087;75;;2011;683;683;40;643;33.96;5.86
046101_6435_42087;76;;1176;380;380;28;352;32.31;7.37
046101_6436_42087;77;;979;342;342;26;316;34.93;7.60
046101_6437_42087;78;;1065;351;351;25;326;32.96;7.12
046101_6438_42087;79;;987;393;393;31;362;39.82;7.89
046101_6439_42087;80;;1235;414;422;33;381;33.52;7.97
046101_6440_42087;81;;2094;803;803;40;763;38.35;4.98
046101_6441_42087;82;;2132;844;844;71;773;39.59;8.41
046101_6442_42087;83;;968;330;330;21;309;34.09;6.36
046101_6443_42087;84;;1299;470;470;40;430;36.18;8.51
046101_6444_42087;85;;1844;633;633;31;602;34.33;4.90
046101_6445_42087;86;;2144;773;773;41;732;36.05;5.30
046101_6446_42087;87;;1890;629;629;51;578;33.28;8.11
046101_6447_42087;88;;1754;443;443;30;413;25.26;6.77
046101_6448_42087;89;;1364;365;365;34;331;26.76;9.32
046101_6449_42087;90;;419;103;103;6;97;24.58;5.83
046101_6450_42087;91;;1781;766;766;62;704;43.01;8.09
046101_6451_42087;92;;1294;470;470;37;433;36.32;7.87
046101_6452_42087;93;;839;390;390;39;351;46.48;10.00
046101_6453_42087;94;;1044;420;420;41;379;40.23;9.76
046101_6454_42087;95;;1557;508;508;56;452;32.63;11.02
046101_6455_42087;96;;1871;800;800;80;720;42.76;10.00
046101_6456_42087;97;;1824;702;702;71;631;38.49;10.11
046101_6457_42087;98;;1376;467;467;34;433;33.94;7.28
046101_6458_42087;99;;1578;597;597;59;538;37.83;9.88
046101_6459_42087;100;;1451;369;369;26;343;25.43;7.05
046101_6460_42087;101;;1124;310;310;34;276;27.58;10.97
046101_6461_42087;102;;1150;460;460;26;434;40.00;5.65
046101_6462_42087;103;;1942;756;756;44;712;38.93;5.82
046101_6463_42087;104;;1236;508;508;37;471;41.10;7.28
046101_6464_42087;105;;1877;770;770;63;707;41.02;8.18
046101_6465_42087;106;;1684;716;716;49;667;42.52;6.84
046101_6466_42087;107;;1918;858;858;49;809;44.73;5.71
046101_6467_42087;108;;2224;949;949;50;899;42.67;5.27
046101_6468_42087;109;;2254;969;969;46;923;42.99;4.75
046101_6469_42087;110;;1398;402;402;34;368;28.76;8.46
046101_6470_42087;111;;905;358;358;28;330;39.56;7.82
046101_6471_42087;112;;879;287;287;24;263;32.65;8.36
046101_6472_42087;113;;1626;628;628;81;547;38.62;12.90
046101_6473_42087;114;;1552;483;484;56;427;31.12;11.59
046101_6474_42087;115;;1848;612;612;53;559;33.12;8.66
046101_6475_42087;116;;2124;836;836;75;761;39.36;8.97
046101_6476_42087;117;;2174;893;893;72;821;41.08;8.06
046101_6477_42087;118;;1519;621;621;50;571;40.88;8.05
046101_6478_42087;119;;1392;475;475;53;422;34.12;11.16
046101_6479_42087;120;;841;391;391;30;361;46.49;7.67
046101_6480_42087;121;;1550;666;666;45;621;42.97;6.76
046101_6481_42087;122;;2103;856;856;53;803;40.70;6.19
046101_6482_42087;123;;1215;496;496;37;459;40.82;7.46
046101_6483_42087;124;;1115;528;528;47;481;47.35;8.90
046101_6484_42087;125;;987;340;340;22;318;34.45;6.47
046101_6485_42087;126;;1600;639;639;43;596;39.94;6.73
046101_6486_42087;127;;1344;495;495;55;440;36.83;11.11
046101_6487_42087;128;;2227;955;955;53;902;42.88;5.55
046101_6488_42087;129;;1246;592;592;33;559;47.51;5.57
046101_6489_42087;130;;1824;884;884;68;816;48.46;7.69
046101_6490_42087;131;;726;339;339;11;328;46.69;3.24
046101_6491_42087;132;;1836;717;717;46;671;39.05;6.42
046101_6492_42087;133;;1906;801;801;81;720;42.03;10.11
046101_6493_42087;134;;1592;712;712;52;660;44.72;7.30
046101_6494_42087;135;;1667;710;710;42;668;42.59;5.92
046101_6495_42087;136;;1887;807;807;59;748;42.77;7.31
046101_6496_42087;137;;1226;297;297;24;273;24.23;8.08
046101_6497_42087;138;;1858;753;753;22;731;40.53;2.92
046101_6498_42087;139;;1719;724;724;59;665;42.12;8.15
046101_6499_42087;140;;1851;789;789;67;722;42.63;8.49
046101_6500_42087;141;;1450;626;626;55;571;43.17;8.79
046101_6501_42087;142;;1445;597;597;49;548;41.31;8.21
046101_6502_42087;143;;1421;635;635;38;597;44.69;5.98
046101_6503_42087;144;;1625;668;668;43;625;41.11;6.44
046101_6504_42087;145;;1356;573;573;42;531;42.26;7.33
046101_6505_42087;146;;1940;823;823;40;783;42.42;4.86
046101_6506_42087;147;;1798;724;724;59;665;40.27;8.15
046101_6507_42087;148;;1867;763;763;46;717;40.87;6.03
046101_6508_42087;149;;1727;675;675;62;613;39.09;9.19
046101_6509_42087;150;;1866;707;707;81;626;37.89;11.46
046101_6510_42087;151;;1791;669;669;57;612;37.35;8.52
046101_6511_42087;152;;1441;611;611;32;579;42.40;5.24
046101_6512_42087;153;;1660;700;700;62;638;42.17;8.86
046101_6513_42087;154;;1409;513;513;55;458;36.41;10.72
046101_6514_42087;155;;1611;458;458;37;421;28.43;8.08
046101_6515_42087;156;;1473;450;450;54;396;30.55;12.00
046101_6516_42087;157;;1631;563;563;33;530;34.52;5.86
046101_6517_42087;158;;1780;723;723;45;678;40.62;6.22
046101_6518_42087;159;;1628;651;651;51;600;39.99;7.83
046101_6519_42087;160;;1733;832;832;66;766;48.01;7.93
046101_6520_42087;161;;1101;332;332;41;291;30.15;12.35
046101_6521_42087;162;;1905;674;674;102;572;35.38;15.13
046101_6522_42087;163;;1509;644;644;63;581;42.68;9.78
046101_6523_42087;164;;1230;509;509;32;477;41.38;6.29
046101_6524_42087;165;;1569;568;568;53;515;36.20;9.33
046101_6525_42087;166;;1238;430;430;38;392;34.73;8.84
046101_6526_42087;167;;1005;247;247;35;212;24.58;14.17
046101_6527_42087;168;;1574;325;325;50;275;20.65;15.38
046101_6528_42087;169;;708;293;293;50;243;41.38;17.06
046101_6529_42087;170;;1712;451;451;41;410;26.34;9.09
046101_6530_42087;171;;1676;421;422;48;373;25.12;11.40
046101_6531_42087;172;;1155;277;277;27;250;23.98;9.75
046101_6532_42087;173;;1286;259;259;20;239;20.14;7.72
046101_6533_42087;174;;1271;277;277;33;244;21.79;11.91
046101_6534_42087;175;;847;143;143;13;130;16.88;9.09
046101_6535_42087;176;;1470;374;374;31;343;25.44;8.29
046101_6536_42087;177;;1175;309;309;24;285;26.30;7.77
046101_6537_42087;178;;1089;269;269;23;246;24.70;8.55
046101_6538_42087;179;;1319;359;359;34;325;27.22;9.47
046101_6539_42087;180;;1496;308;308;31;277;20.59;10.06
046101_6540_42087;181;;641;185;185;16;169;28.86;8.65
046101_6541_42087;182;;1263;466;466;28;438;36.90;6.01
046101_6542_42087;183;;1631;564;564;47;517;34.58;8.33
046101_6543_42087;184;;1400;442;442;20;422;31.57;4.52
046101_6544_42087;185;;1194;358;358;31;327;29.98;8.66
046101_6545_42087;186;;1123;386;386;11;375;34.37;2.85
046101_6546_42087;187;;554;165;165;14;151;29.78;8.48
046101_6547_42087;188;;1656;493;493;24;469;29.77;4.87
046101_6548_42087;189;;1068;274;274;22;252;25.66;8.03
046201_29504_42089;50;;116;44;44;7;37;37.93;15.91
046201_29505_42089;51;;86;40;40;8;32;46.51;20.00
046201_29506_42089;52;;304;108;108;12;96;35.53;11.11
046201_29507_42089;53;;201;21;21;10;11;10.45;47.62
046201_29508_42089;54;;218;22;22;7;15;10.09;31.82
046201_6549_42089;1;;1154;409;409;39;370;35.44;9.54
046201_6550_42089;2;;1935;859;859;81;778;44.39;9.43
046201_6551_42089;3;;1994;805;805;215;590;40.37;26.71
046201_6552_42089;4;;1044;354;354;61;293;33.91;17.23
046201_6553_42089;5;;1051;392;392;64;328;37.30;16.33
046201_6554_42089;6;;1696;682;682;61;621;40.21;8.94
046201_6555_42089;7;;1049;403;403;51;352;38.42;12.66
046201_6556_42089;8;;1175;531;531;54;477;45.19;10.17
046201_6557_42089;9;;1688;620;620;80;540;36.73;12.90
046201_6558_42089;10;;1911;606;606;112;494;31.71;18.48
046201_6559_42089;11;;1318;410;410;62;348;31.11;15.12
046201_6560_42089;12;;585;209;210;49;160;35.73;23.44
046201_6561_42089;13;;788;309;309;32;277;39.21;10.36
046201_6562_42089;14;;2103;850;850;79;771;40.42;9.29
046201_6563_42089;15;;783;306;306;36;270;39.08;11.76
046201_6564_42089;16;;843;400;400;46;354;47.45;11.50
046201_6565_42089;17;;1984;851;851;107;744;42.89;12.57
046201_6566_42089;18;;1808;582;582;95;487;32.19;16.32
046201_6567_42089;19;;1437;391;391;54;337;27.21;13.81
046201_6568_42089;20;;1055;299;299;36;263;28.34;12.04
046201_6569_42089;21;;790;246;246;33;213;31.14;13.41
046201_6570_42089;22;;735;225;225;37;188;30.61;16.44
046201_6571_42089;23;;988;269;269;45;224;27.23;16.73
046201_6572_42089;24;;1117;338;338;54;284;30.26;15.98
046201_6573_42089;25;;1553;697;697;84;613;44.88;12.05
046201_6574_42089;26;;1676;692;692;95;597;41.29;13.73
046201_6575_42089;27;;1363;494;494;52;442;36.24;10.53
046201_6576_42089;28;;1469;686;686;57;629;46.70;8.31
046201_6577_42089;29;;1450;733;733;60;673;50.55;8.19
046201_6578_42089;30;;2041;987;987;101;886;48.36;10.23
046201_6579_42089;31;;2011;916;916;83;833;45.55;9.06
046201_6580_42089;32;;1968;998;998;110;888;50.71;11.02
046201_6581_42089;33;;2113;1028;1028;103;925;48.65;10.02
046201_6582_42089;34;;735;211;211;26;185;28.71;12.32
046201_6584_42089;36;;1484;564;565;67;497;38.01;11.88
046201_6585_42089;37;;1059;457;457;65;392;43.15;14.22
046201_6586_42089;38;;2061;890;890;76;814;43.18;8.54
046201_6587_42089;39;;1839;930;930;93;837;50.57;10.00
046201_6588_42089;40;;1307;641;641;68;573;49.04;10.61
046201_6589_42089;41;;1649;776;776;71;705;47.06;9.15
046201_6590_42089;42;;1821;814;814;111;703;44.70;13.64
046201_6591_42089;43;;2111;970;970;102;868;45.95;10.52
046201_6592_42089;44;;2028;916;916;85;831;45.17;9.28
046201_6593_42089;45;;1814;956;956;81;875;52.70;8.47
046201_6594_42089;46;;1621;776;776;63;713;47.87;8.12
046201_6595_42089;47;;1922;890;890;97;793;46.31;10.90
046201_6596_42089;48;;1526;633;633;102;531;41.48;16.11
046201_6597_42089;49;;2118;981;981;111;870;46.32;11.31
046301_29509_42090;112;;72;24;24;4;20;33.33;16.67
046301_29510_42090;113;;161;36;36;7;29;22.36;19.44
046301_29511_42090;114;;287;81;81;12;69;28.22;14.81
046301_29512_42090;115;;40;28;28;5;23;70.00;17.86
046301_29513_42090;116;;48;3;3;1;2;6.25;33.33
046301_29514_42090;117;;69;10;10;0;10;14.49;0.00
046301_29515_42090;118;;102;49;49;4;45;48.04;8.16
046301_29516_42090;119;;48;10;10;1;9;20.83;10.00
046301_29517_42090;120;;18;11;11;1;10;61.11;9.09
046301_6598_42090;1;;1695;588;588;33;555;34.69;5.61
046301_6599_42090;2;;2079;708;708;63;645;34.05;8.90
046301_6600_42090;3;;764;246;246;14;232;32.20;5.69
046301_6601_42090;4;;1928;702;702;46;656;36.41;6.55
046301_6602_42090;5;;1725;587;587;41;546;34.03;6.98
046301_6603_42090;6;;2017;681;681;47;634;33.76;6.90
046301_6604_42090;7;;2200;974;974;40;934;44.27;4.11
046301_6605_42090;8;;2057;911;911;63;848;44.29;6.92
046301_6606_42090;9;;605;198;198;30;168;32.73;15.15
046301_6607_42090;10;;1812;821;821;54;767;45.31;6.58
046301_6608_42090;11;;1875;885;885;43;842;47.20;4.86
046301_6609_42090;12;;1799;685;685;45;640;38.08;6.57
046301_6610_42090;13;;1130;471;471;40;431;41.68;8.49
046301_6611_42090;14;;1069;360;360;33;327;33.68;9.17
046301_6612_42090;15;;1522;664;664;52;612;43.63;7.83
046301_6614_42090;17;;1823;731;731;42;689;40.10;5.75
046301_6615_42090;18;;1693;800;800;76;724;47.25;9.50
046301_6616_42090;19;;1814;729;729;87;642;40.19;11.93
046301_6617_42090;20;;1074;332;332;27;305;30.91;8.13
046301_6618_42090;21;;1398;576;576;26;550;41.20;4.51
046301_6619_42090;22;;1320;588;588;44;544;44.55;7.48
046301_6620_42090;23;;1153;438;438;30;408;37.99;6.85
046301_6621_42090;24;;1268;491;491;72;419;38.72;14.66
046301_6622_42090;25;;1142;491;491;38;453;42.99;7.74
046301_6623_42090;26;;1243;436;436;32;404;35.08;7.34
046301_6624_42090;27;;1666;515;515;34;481;30.91;6.60
046301_6625_42090;28;;2135;871;871;57;814;40.80;6.54
046301_6626_42090;29;;879;277;277;20;257;31.51;7.22
046301_6627_42090;30;;1623;627;627;50;577;38.63;7.97
046301_6628_42090;31;;1229;519;519;39;480;42.23;7.51
046301_6629_42090;32;;849;359;359;27;332;42.29;7.52
046301_6630_42090;33;;1770;629;629;59;570;35.54;9.38
046301_6631_42090;34;;842;292;292;17;275;34.68;5.82
046301_6632_42090;35;;1785;707;707;105;602;39.61;14.85
046301_6633_42090;36;;989;318;318;38;280;32.15;11.95
046301_6634_42090;37;;943;379;379;36;343;40.19;9.50
046301_6635_42090;38;;1164;457;457;30;427;39.26;6.56
046301_6636_42090;39;;1122;431;431;58;373;38.41;13.46
046301_6637_42090;40;;1070;434;434;42;392;40.56;9.68
046301_6638_42090;41;;1371;400;400;28;372;29.18;7.00
046301_6639_42090;42;;1508;693;693;43;650;45.95;6.20
046301_6640_42090;43;;1042;484;484;53;431;46.45;10.95
046301_6641_42090;44;;907;411;411;40;371;45.31;9.73
046301_6642_42090;45;;951;503;503;33;470;52.89;6.56
046301_6643_42090;46;;1892;864;864;48;816;45.67;5.56
046301_6644_42090;47;;576;340;340;15;325;59.03;4.41
046301_6645_42090;48;;2235;949;949;48;901;42.46;5.06
046301_6646_42090;49;;1479;595;596;44;551;40.23;7.39
046301_6647_42090;50;;527;130;130;15;115;24.67;11.54
046301_6648_42090;51;;846;259;259;23;236;30.61;8.88
046301_6649_42090;52;;511;142;142;19;123;27.79;13.38
046301_6650_42090;53;;716;210;210;33;177;29.33;15.71
046301_6651_42090;54;;1019;255;255;24;231;25.02;9.41
046301_6652_42090;55;;866;192;192;31;161;22.17;16.15
046301_6653_42090;56;;694;187;187;27;160;26.95;14.44
046301_6654_42090;57;;2001;882;883;61;821;44.08;6.92
046301_6655_42090;58;;1670;708;708;41;667;42.40;5.79
046301_6656_42090;59;;1586;737;737;54;683;46.47;7.33
046301_6657_42090;60;;984;400;400;43;357;40.65;10.75
046301_6658_42090;61;;1213;524;524;43;481;43.20;8.21
046301_6659_42090;62;;1716;688;688;47;641;40.09;6.83
046301_6660_42090;63;;1718;728;728;55;673;42.37;7.55
046301_6661_42090;64;;1440;592;592;36;556;41.11;6.08
046301_6662_42090;65;;1678;703;703;26;677;41.90;3.70
046301_6663_42090;66;;2274;1013;1013;61;952;44.55;6.02
046301_6664_42090;67;;1887;882;882;41;841;46.74;4.65
046301_6665_42090;68;;1686;799;799;46;753;47.39;5.76
046301_6666_42090;69;;2256;979;979;64;915;43.40;6.54
046301_6667_42090;70;;2259;929;929;64;865;41.12;6.89
046301_6668_42090;71;;2275;975;975;49;926;42.86;5.03
046301_6669_42090;72;;2050;896;896;27;869;43.71;3.01
046301_6670_42090;73;;2342;1065;1065;74;991;45.47;6.95
046301_6671_42090;74;;1641;583;583;48;535;35.53;8.23
046301_6672_42090;75;;688;88;88;9;79;12.79;10.23
046301_6673_42090;76;;698;187;187;21;166;26.79;11.23
046301_6674_42090;77;;442;92;92;14;78;20.81;15.22
046301_6675_42090;78;;1593;681;681;53;628;42.75;7.78
046301_6676_42090;79;;986;449;449;30;419;45.54;6.68
046301_6677_42090;80;;1671;684;685;69;615;40.93;10.09
046301_6678_42090;81;;861;219;219;22;197;25.44;10.05
046301_6679_42090;82;;1106;480;480;50;430;43.40;10.42
046301_6680_42090;83;;1472;644;644;66;578;43.75;10.25
046301_6681_42090;84;;1391;590;590;51;539;42.42;8.64
046301_6682_42090;85;;992;454;454;40;414;45.77;8.81
046301_6683_42090;86;;819;383;383;43;340;46.76;11.23
046301_6684_42090;87;;1885;728;728;37;691;38.62;5.08
046301_6685_42090;88;;1610;531;531;45;486;32.98;8.47
046301_6686_42090;89;;1334;584;584;54;530;43.78;9.25
046301_6687_42090;90;;1501;478;478;51;427;31.85;10.67
046301_6688_42090;91;;460;92;92;7;85;20.00;7.61
046301_6689_42090;92;;1587;705;705;50;655;44.42;7.09
046301_6690_42090;93;;1564;666;666;64;602;42.58;9.61
046301_6691_42090;94;;1346;510;510;72;438;37.89;14.12
046301_6692_42090;95;;1772;734;734;99;635;41.42;13.49
046301_6693_42090;96;;799;351;351;22;329;43.93;6.27
046301_6694_42090;97;;1574;626;626;64;562;39.77;10.22
046301_6695_42090;98;;1158;499;499;46;453;43.09;9.22
046301_6696_42090;99;;1350;575;575;41;534;42.59;7.13
046301_6697_42090;100;;769;346;346;21;325;44.99;6.07
046301_6698_42090;101;;1444;610;610;51;559;42.24;8.36
046301_6699_42090;102;;1313;433;433;38;395;32.98;8.78
046301_6700_42090;103;;1331;540;540;46;494;40.57;8.52
046301_6701_42090;104;;1975;820;820;71;749;41.52;8.66
046301_6702_42090;105;;1425;422;422;34;388;29.61;8.06
046301_6703_42090;106;;1319;458;458;38;420;34.72;8.30
046301_6704_42090;107;;1264;474;474;43;431;37.50;9.07
046301_6705_42090;108;;1276;369;369;24;345;28.92;6.50
046301_6706_42090;109;;1991;587;587;50;537;29.48;8.52
046301_6707_42090;110;;1070;432;432;28;404;40.37;6.48
046301_6708_42090;111;;1395;531;531;45;486;38.06;8.47
046401_29518_42092;64;;47;20;20;5;15;42.55;25.00
046401_29519_42092;65;;63;28;28;8;20;44.44;28.57
046401_29520_42092;66;;22;9;9;2;7;40.91;22.22
046401_29521_42092;67;;208;33;33;4;29;15.87;12.12
046401_29522_42092;68;;473;57;57;24;33;12.05;42.11
046401_6709_42092;1;;1337;562;562;97;465;42.03;17.26
046401_6710_42092;2;;978;361;361;153;208;36.91;42.38
046401_6711_42092;3;;1369;538;538;158;380;39.30;29.37
046401_6712_42092;4;;1417;418;418;139;279;29.50;33.25
046401_6713_42092;5;;1014;414;414;76;338;40.83;18.36
046401_6714_42092;6;;998;378;378;47;331;37.88;12.43
046401_6715_42092;7;;1513;582;582;81;501;38.47;13.92
046401_6716_42092;8;;1539;529;529;89;440;34.37;16.82
046401_6717_42092;9;;1717;631;631;124;507;36.75;19.65
046401_6718_42092;10;;1908;825;825;138;687;43.24;16.73
046401_6719_42092;11;;1826;808;808;110;698;44.25;13.61
046401_6720_42092;12;;1465;663;663;93;570;45.26;14.03
046401_6721_42092;13;;1212;546;546;68;478;45.05;12.45
046401_6722_42092;14;;1998;674;674;98;576;33.73;14.54
046401_6723_42092;15;;1496;573;573;101;472;38.30;17.63
046401_6724_42092;16;;1743;602;602;100;502;34.54;16.61
046401_6725_42092;17;;1426;608;608;74;534;42.64;12.17
046401_6726_42092;18;;1721;759;759;77;682;44.10;10.14
046401_6727_42092;19;;1551;599;599;80;519;38.62;13.36
046401_6728_42092;20;;1477;570;570;65;505;38.59;11.40
046401_6729_42092;21;;1085;439;439;57;382;40.46;12.98
046401_6730_42092;22;;1509;612;612;95;517;40.56;15.52
046401_6731_42092;23;;1246;514;514;79;435;41.25;15.37
046401_6732_42092;24;;1439;701;701;44;657;48.71;6.28
046401_6733_42092;25;;1358;475;475;52;423;34.98;10.95
046401_6734_42092;26;;1081;389;389;92;297;35.99;23.65
046401_6735_42092;27;;565;180;180;31;149;31.86;17.22
046401_6736_42092;28;;1787;715;725;110;605;40.01;15.38
046401_6737_42092;29;;1672;726;726;100;626;43.42;13.77
046401_6738_42092;30;;1763;687;687;98;589;38.97;14.26
046401_6739_42092;31;;1889;786;786;82;704;41.61;10.43
046401_6740_42092;32;;1192;496;496;77;419;41.61;15.52
046401_6741_42092;33;;1503;601;601;159;442;39.99;26.46
046401_6742_42092;34;;1173;471;471;67;404;40.15;14.23
046401_6743_42092;35;;1861;712;712;107;605;38.26;15.03
046401_6744_42092;36;;1227;567;567;94;473;46.21;16.58
046401_6745_42092;37;;1132;430;430;65;365;37.99;15.12
046401_6746_42092;38;;1382;649;649;85;564;46.96;13.10
046401_6747_42092;39;;1627;798;798;95;703;49.05;11.90
046401_6748_42092;40;;1538;697;697;100;597;45.32;14.35
046401_6749_42092;41;;1425;652;652;89;563;45.75;13.65
046401_6750_42092;42;;1560;649;649;53;596;41.60;8.17
046401_6751_42092;43;;1511;643;643;65;578;42.55;10.11
046401_6752_42092;44;;1132;528;528;50;478;46.64;9.47
046401_6753_42092;45;;1496;639;639;112;527;42.71;17.53
046401_6754_42092;46;;1331;615;615;76;539;46.21;12.36
046401_6755_42092;47;;1603;636;636;69;567;39.68;10.85
046401_6756_42092;48;;1595;726;726;94;632;45.52;12.95
046401_6757_42092;49;;1647;739;739;75;664;44.87;10.15
046401_6758_42092;50;;1641;758;758;77;681;46.19;10.16
046401_6759_42092;51;;1137;348;348;60;288;30.61;17.24
046401_6760_42092;52;;1626;597;597;148;449;36.72;24.79
046401_6761_42092;53;;1784;717;717;126;591;40.19;17.57
046401_6762_42092;54;;1197;558;558;67;491;46.62;12.01
046401_6763_42092;55;;2017;949;949;123;826;47.05;12.96
046401_6764_42092;56;;1299;590;590;71;519;45.42;12.03
046401_6765_42092;57;;1371;640;640;68;572;46.68;10.62
046401_6766_42092;58;;1351;655;655;64;591;48.48;9.77
046401_6767_42092;59;;1743;817;817;100;717;46.87;12.24
046401_6768_42092;60;;1261;524;524;79;445;41.55;15.08
046401_6769_42092;61;;1335;612;612;95;517;45.84;15.52
046401_6770_42092;62;;1464;608;608;78;530;41.53;12.83
046401_6771_42092;63;;922;195;195;55;140;21.15;28.21
060101_6772_42084;1;;1642;810;810;137;673;49.33;16.91
060101_6773_42084;2;;726;328;328;65;263;45.18;19.82
060101_6774_42084;3;;822;450;450;94;356;54.74;20.89
060101_6775_42084;4;;904;448;448;86;362;49.56;19.20
060101_6776_42084;5;;1848;968;968;152;816;52.38;15.70
060101_6777_42084;6;;2044;979;979;146;833;47.90;14.91
060101_6778_42084;7;;973;537;537;86;451;55.19;16.01
060101_6779_42084;8;;1913;1018;1018;164;854;53.21;16.11
060101_6780_42084;9;;877;448;448;67;381;51.08;14.96
060101_6781_42084;10;;2222;1137;1137;162;975;51.17;14.25
060102_6782_42084;1;;1815;935;935;200;735;51.52;21.39
060102_6783_42084;2;;1467;794;794;144;650;54.12;18.14
060102_6784_42084;3;;1455;747;747;146;601;51.34;19.54
060103_6785_42084;1;;594;293;293;60;233;49.33;20.48
060103_6786_42084;2;;704;314;314;60;254;44.60;19.11
060103_6787_42084;3;;1106;640;640;89;551;57.87;13.91
060103_6788_42084;4;;418;147;147;24;123;35.17;16.33
060103_6789_42084;5;;496;236;236;24;212;47.58;10.17
060103_6790_42084;6;;917;495;495;56;439;53.98;11.31
060103_6791_42084;7;;453;265;265;36;229;58.50;13.58
060103_6792_42084;8;;284;172;172;19;153;60.56;11.05
060103_6793_42084;9;;1609;679;679;113;566;42.20;16.64
060103_6794_42084;10;;522;252;252;42;210;48.28;16.67
060103_6795_42084;11;;1283;658;659;70;588;51.29;10.64
060103_6796_42084;12;;577;308;308;54;254;53.38;17.53
060103_6797_42084;13;;646;363;363;85;278;56.19;23.42
060103_6798_42084;14;;1023;515;515;91;424;50.34;17.67
060103_6799_42084;15;;126;85;85;6;79;67.46;7.06
060104_6800_42084;1;;1783;962;962;226;736;53.95;23.49
060104_6801_42084;2;;797;395;395;94;301;49.56;23.80
060104_6802_42084;3;;887;542;542;125;417;61.10;23.06
060104_6803_42084;4;;638;322;322;66;256;50.47;20.50
060104_6804_42084;5;;343;182;182;37;145;53.06;20.33
060105_6805_42084;1;;565;314;314;47;267;55.58;14.97
060105_6806_42084;2;;291;151;151;39;112;51.89;25.83
060105_6807_42084;3;;1520;874;874;129;745;57.50;14.76
060105_6808_42084;4;;589;325;325;48;277;55.18;14.77
060105_6809_42084;5;;1402;687;688;72;615;49.00;10.48
060106_6810_42084;1;;1794;1211;1211;188;1023;67.50;15.52
060106_6811_42084;2;;406;205;205;48;157;50.49;23.41
060106_6812_42084;3;;394;171;171;41;130;43.40;23.98
060106_6813_42084;4;;268;168;169;21;147;62.69;12.50
060106_6814_42084;5;;416;224;224;48;176;53.85;21.43
060107_29523_42084;5;;63;40;40;12;28;63.49;30.00
060107_6815_42084;1;;1125;704;704;102;602;62.58;14.49
060107_6816_42084;2;;1149;583;583;90;493;50.74;15.44
060107_6817_42084;3;;191;108;108;17;91;56.54;15.74
060107_6818_42084;4;;770;358;358;81;277;46.49;22.63
060108_6819_42084;1;;1721;1071;1073;192;879;62.23;17.93
060108_6820_42084;2;;649;353;353;89;264;54.39;25.21
060108_6821_42084;3;;321;182;182;36;146;56.70;19.78
060108_6822_42084;4;;800;509;509;74;435;63.62;14.54
060109_6823_42084;1;;557;318;318;84;234;57.09;26.42
060109_6824_42084;2;;468;219;219;35;184;46.79;15.98
060109_6825_42084;3;;385;210;210;40;170;54.55;19.05
060109_6826_42084;4;;2175;1414;1414;467;947;65.01;33.03
060109_6827_42084;5;;214;128;128;36;92;59.81;28.12
060109_6828_42084;6;;250;168;168;29;139;67.20;17.26
060109_6829_42084;7;;206;108;108;27;81;52.43;25.00
060110_6830_42084;1;;787;541;541;135;406;68.74;24.95
060110_6831_42084;2;;677;399;399;91;308;58.94;22.81
060110_6832_42084;3;;727;411;411;88;323;56.53;21.41
060110_6833_42084;4;;724;432;432;105;327;59.67;24.31
060110_6834_42084;5;;461;318;318;76;242;68.98;23.90
060110_6835_42084;6;;387;249;249;36;213;64.34;14.46
060110_6836_42084;7;;479;270;270;56;214;56.37;20.74
060110_6837_42084;8;;678;371;371;61;310;54.72;16.44
060110_6838_42084;9;;606;349;349;52;297;57.59;14.90
060110_6839_42084;10;;1083;698;698;122;576;64.45;17.48
060110_6840_42084;11;;895;493;493;93;400;55.08;18.86
060110_6841_42084;12;;677;369;369;72;297;54.51;19.51
060111_6842_42084;1;;749;436;436;102;334;58.21;23.39
060111_6843_42084;2;;549;243;243;64;179;44.26;26.34
060111_6844_42084;3;;809;434;434;77;357;53.65;17.74
060111_6845_42084;4;;1784;1101;1101;311;790;61.72;28.25
060111_6846_42084;5;;785;406;406;128;278;51.72;31.53
060111_6847_42084;6;;1290;637;637;142;495;49.38;22.29
060112_6848_42084;1;;1174;788;788;159;629;67.12;20.18
060112_6849_42084;2;;397;198;198;23;175;49.87;11.62
060112_6850_42084;3;;342;201;201;30;171;58.77;14.93
060112_6851_42084;4;;310;155;155;27;128;50.00;17.42
060112_6852_42084;5;;324;176;176;60;116;54.32;34.09
060113_6853_42084;1;;851;465;465;92;373;54.64;19.78
060113_6854_42084;2;;782;476;476;103;373;60.87;21.64
060113_6855_42084;3;;319;199;199;56;143;62.38;28.14
060114_6856_42084;1;;1331;868;868;160;708;65.21;18.43
060114_6857_42084;2;;395;251;251;63;188;63.54;25.10
060114_6858_42084;3;;356;216;216;42;174;60.67;19.44
060115_6859_42084;1;;521;290;290;55;235;55.66;18.97
060115_6860_42084;2;;1043;676;676;112;564;64.81;16.57
060115_6861_42084;3;;637;381;381;60;321;59.81;15.75
060116_6862_42084;1;;474;198;198;66;132;41.77;33.33
060116_6863_42084;2;;786;444;444;104;340;56.49;23.42
060116_6864_42084;3;;1497;664;664;189;475;44.36;28.46
060116_6865_42084;4;;426;265;265;69;196;62.21;26.04
060116_6866_42084;5;;740;450;450;105;345;60.81;23.33
060116_6867_42084;6;;680;260;260;38;222;38.24;14.62
060116_6868_42084;7;;284;132;132;33;99;46.48;25.00
060116_6869_42084;8;;216;119;119;27;92;55.09;22.69
060116_6870_42084;9;;390;215;215;56;159;55.13;26.05
060117_6871_42084;1;;524;199;199;37;162;37.98;18.59
060117_6872_42084;2;;1510;551;551;74;477;36.49;13.43
060117_6873_42084;3;;691;267;267;45;222;38.64;16.85
060118_6874_42084;1;;401;206;206;44;162;51.37;21.36
060118_6875_42084;2;;643;341;341;64;277;53.03;18.77
060118_6876_42084;3;;622;282;282;44;238;45.34;15.60
060118_6877_42084;4;;1537;784;784;106;678;51.01;13.52
060118_6878_42084;5;;1031;544;544;72;472;52.76;13.24
060119_6879_42084;1;;523;377;377;81;296;72.08;21.49
060119_6880_42084;2;;474;304;304;53;251;64.14;17.43
060119_6881_42084;3;;636;421;421;95;326;66.19;22.57
060119_6882_42084;4;;1517;866;866;151;715;57.09;17.44
060119_6883_42084;5;;449;218;218;38;180;48.55;17.43
060201_29524_42086;14;;156;39;39;6;33;25.00;15.38
060201_6884_42086;1;;1971;978;978;109;869;49.62;11.15
060201_6885_42086;2;;1906;959;959;159;800;50.31;16.58
060201_6886_42086;3;;834;412;412;64;348;49.40;15.53
060201_6887_42086;4;;2017;998;998;96;902;49.48;9.62
060201_6888_42086;5;;1037;495;495;47;448;47.73;9.49
060201_6889_42086;6;;2029;988;988;135;853;48.69;13.66
060201_6890_42086;7;;2304;1154;1154;207;947;50.09;17.94
060201_6891_42086;8;;2101;1057;1057;114;943;50.31;10.79
060201_6892_42086;9;;1205;652;652;88;564;54.11;13.50
060201_6893_42086;10;;2131;1065;1067;125;940;49.98;11.74
060201_6894_42086;11;;1137;532;532;50;482;46.79;9.40
060201_6895_42086;12;;2187;1071;1072;161;910;48.97;15.03
060201_6896_42086;13;;981;528;528;50;478;53.82;9.47
060202_6897_42086;1;;812;481;481;87;394;59.24;18.09
060202_6898_42086;2;;632;379;379;72;307;59.97;19.00
060202_6899_42086;3;;570;322;322;48;274;56.49;14.91
060202_6900_42086;4;;524;321;321;47;274;61.26;14.64
060203_29525_42086;15;;124;44;44;5;39;35.48;11.36
060203_6901_42086;1;;662;344;344;39;305;51.96;11.34
060203_6902_42086;2;;720;394;394;74;320;54.72;18.78
060203_6903_42086;3;;1133;654;654;80;574;57.72;12.23
060203_6904_42086;4;;1007;437;437;76;361;43.40;17.39
060203_6905_42086;5;;297;176;176;21;155;59.26;11.93
060203_6906_42086;6;;644;352;352;47;305;54.66;13.35
060203_6907_42086;7;;756;367;367;57;310;48.54;15.53
060203_6908_42086;8;;1221;545;545;76;469;44.64;13.94
060203_6909_42086;9;;624;302;302;48;254;48.40;15.89
060203_6910_42086;10;;368;188;188;24;164;51.09;12.77
060203_6911_42086;11;;425;151;151;34;117;35.53;22.52
060203_6912_42086;12;;835;373;373;75;298;44.67;20.11
060203_6913_42086;13;;809;382;382;43;339;47.22;11.26
060203_6914_42086;14;;869;410;410;77;333;47.18;18.78
060204_6915_42086;1;;886;495;495;81;414;55.87;16.36
060204_6916_42086;2;;901;506;506;94;412;56.16;18.58
060204_6917_42086;3;;821;394;394;81;313;47.99;20.56
060204_6918_42086;4;;591;338;338;61;277;57.19;18.05
060205_6919_42086;1;;1246;718;718;129;589;57.62;17.97
060205_6920_42086;2;;240;136;136;38;98;56.67;27.94
060205_6921_42086;3;;634;307;307;50;257;48.42;16.29
060205_6922_42086;4;;592;301;301;47;254;50.84;15.61
060205_6923_42086;5;;827;445;445;107;338;53.81;24.04
060205_6924_42086;6;;439;191;191;50;141;43.51;26.18
060205_6925_42086;7;;485;252;252;28;224;51.96;11.11
060205_6926_42086;8;;276;157;157;24;133;56.88;15.29
060205_6927_42086;9;;504;280;280;46;234;55.56;16.43
060206_6928_42086;1;;1004;600;600;117;483;59.76;19.50
060206_6929_42086;2;;993;651;651;119;532;65.56;18.28
060206_6930_42086;3;;601;357;357;67;290;59.40;18.77
060206_6931_42086;4;;551;340;340;84;256;61.71;24.71
060206_6932_42086;5;;430;276;276;62;214;64.19;22.46
060207_6933_42086;1;;1086;550;550;95;455;50.64;17.27
060207_6934_42086;2;;865;417;417;87;330;48.21;20.86
060207_6935_42086;3;;690;349;349;76;273;50.58;21.78
060207_6936_42086;4;;855;395;395;67;328;46.20;16.96
060207_6937_42086;5;;506;253;253;36;217;50.00;14.23
060207_6938_42086;6;;676;356;356;102;254;52.66;28.65
060207_6939_42086;7;;355;195;195;37;158;54.93;18.97
060207_6940_42086;8;;870;449;449;98;351;51.61;21.83
060208_6941_42086;1;;1132;609;609;115;494;53.80;18.88
060208_6942_42086;2;;1767;1026;1026;218;808;58.06;21.25
060208_6943_42086;3;;1441;1017;1017;210;807;70.58;20.65
060208_6944_42086;4;;868;453;453;104;349;52.19;22.96
060208_6945_42086;5;;304;153;153;28;125;50.33;18.30
060209_6946_42086;1;;1216;513;513;84;429;42.19;16.37
060209_6947_42086;2;;1436;838;838;124;714;58.36;14.80
060209_6948_42086;3;;896;541;541;105;436;60.38;19.41
060210_6949_42086;1;;1154;664;664;149;515;57.54;22.44
060210_6950_42086;2;;742;489;489;85;404;65.90;17.38
060210_6951_42086;3;;495;324;324;50;274;65.45;15.43
060210_6952_42086;4;;1113;770;770;155;615;69.18;20.13
060211_6953_42086;1;;1248;730;730;181;549;58.49;24.79
060211_6954_42086;2;;714;412;412;92;320;57.70;22.33
060211_6955_42086;3;;1219;561;561;100;461;46.02;17.83
060211_6956_42086;4;;1468;739;739;118;621;50.34;15.97
060212_29526_42086;9;;55;15;15;4;11;27.27;26.67
060212_6957_42086;1;;477;236;236;43;193;49.48;18.22
060212_6958_42086;2;;476;194;194;37;157;40.76;19.07
060212_6959_42086;3;;652;303;303;27;276;46.47;8.91
060212_6960_42086;4;;532;268;268;36;232;50.38;13.43
060212_6961_42086;5;;857;453;453;53;400;52.86;11.70
060212_6962_42086;6;;1093;611;611;110;501;55.90;18.00
060212_6963_42086;7;;880;479;479;100;379;54.43;20.88
060212_6964_42086;8;;585;298;298;57;241;50.94;19.13
060213_6965_42086;1;;452;221;221;33;188;48.89;14.93
060213_6966_42086;2;;1244;661;661;127;534;53.14;19.21
060213_6967_42086;3;;615;351;351;92;259;57.07;26.21
060213_6968_42086;4;;933;465;465;105;360;49.84;22.58
060214_6969_42086;1;;1144;694;694;93;601;60.66;13.40
060214_6970_42086;2;;827;493;493;126;367;59.61;25.56
060214_6971_42086;3;;316;189;189;55;134;59.81;29.10
060214_6972_42086;4;;394;221;221;34;187;56.09;15.38
060214_6973_42086;5;;505;275;275;37;238;54.46;13.45
060214_6974_42086;6;;451;265;265;53;212;58.76;20.00
060214_6975_42086;7;;512;307;307;44;263;59.96;14.33
060214_6976_42086;8;;500;333;333;55;278;66.60;16.52
060214_6977_42086;9;;702;429;429;128;301;61.11;29.84
060214_6978_42086;10;;232;135;135;23;112;58.19;17.04
060301_6979_42085;1;;1009;587;587;134;453;58.18;22.83
060301_6980_42085;2;;1236;683;683;179;504;55.26;26.21
060301_6981_42085;3;;1491;813;813;149;664;54.53;18.33
060302_6982_42085;1;;1381;579;579;144;435;41.93;24.87
060302_6983_42085;2;;542;204;204;37;167;37.64;18.14
060302_6984_42085;3;;672;250;250;53;197;37.20;21.20
060303_6985_42085;1;;885;363;363;75;288;41.02;20.66
060303_6986_42085;2;;1389;615;615;73;542;44.28;11.87
060303_6987_42085;3;;251;113;113;30;83;45.02;26.55
060303_6988_42085;4;;211;80;80;5;75;37.91;6.25
060303_6989_42085;5;;799;303;303;35;268;37.92;11.55
060303_6990_42085;6;;835;370;370;56;314;44.31;15.14
060303_6991_42085;7;;738;322;322;55;267;43.63;17.08
060303_6992_42085;8;;439;269;269;31;238;61.28;11.52
060303_6993_42085;9;;930;400;400;38;362;43.01;9.50
060303_6994_42085;10;;569;326;326;45;281;57.29;13.80
060303_6995_42085;11;;229;128;128;16;112;55.90;12.50
060303_6996_42085;12;;474;228;228;22;206;48.10;9.65
060303_6997_42085;13;;839;341;341;44;297;40.64;12.90
060303_6998_42085;14;;501;234;234;27;207;46.71;11.54
060303_6999_42085;15;;426;210;210;18;192;49.30;8.57
060303_7000_42085;16;;365;161;161;20;141;44.11;12.42
060303_7001_42085;17;;703;371;371;68;303;52.77;18.33
060303_7002_42085;18;;702;289;289;33;256;41.17;11.42
060304_7003_42085;1;;922;409;409;117;292;44.36;28.61
060304_7004_42085;2;;643;361;361;129;232;56.14;35.73
060304_7005_42085;3;;625;361;361;122;239;57.76;33.80
060304_7006_42085;4;;772;431;431;134;297;55.83;31.09
060304_7007_42085;5;;1228;660;660;164;496;53.75;24.85
060304_7008_42085;6;;642;330;330;95;235;51.40;28.79
060304_7009_42085;7;;677;402;402;131;271;59.38;32.59
060305_7010_42085;1;;531;344;344;76;268;64.78;22.09
060305_7011_42085;2;;1213;745;745;140;605;61.42;18.79
060305_7012_42085;3;;389;262;262;85;177;67.35;32.44
060306_7013_42085;1;;368;196;196;74;122;53.26;37.76
060306_7014_42085;2;;1539;879;879;181;698;57.12;20.59
060306_7015_42085;3;;292;163;163;26;137;55.82;15.95
060306_7016_42085;4;;593;324;324;84;240;54.64;25.93
060306_7017_42085;5;;523;293;293;53;240;56.02;18.09
060307_7018_42085;1;;383;209;209;49;160;54.57;23.44
060307_7019_42085;2;;1058;546;546;137;409;51.61;25.09
060307_7020_42085;3;;668;387;387;78;309;57.93;20.16
060307_7021_42085;4;;657;405;405;113;292;61.64;27.90
060307_7022_42085;5;;412;281;281;67;214;68.20;23.84
060308_7023_42085;1;;964;492;492;129;363;51.04;26.22
060308_7024_42085;2;;572;307;307;109;198;53.67;35.50
060308_7025_42085;3;;809;448;448;117;331;55.38;26.12
060308_7026_42085;4;;1248;697;697;179;518;55.85;25.68
060309_7027_42085;1;;618;236;236;48;188;38.19;20.34
060309_7028_42085;2;;1781;833;833;175;658;46.77;21.01
060309_7029_42085;3;;620;271;271;61;210;43.71;22.51
060309_7030_42085;4;;492;169;169;18;151;34.35;10.65
060309_7031_42085;5;;270;109;109;23;86;40.37;21.10
060310_7032_42085;1;;278;146;146;30;116;52.52;20.55
060310_7033_42085;2;;699;373;373;61;312;53.36;16.35
060310_7034_42085;3;;626;306;306;52;254;48.88;16.99
060310_7035_42085;4;;277;144;144;30;114;51.99;20.83
060310_7036_42085;5;;1029;503;503;96;407;48.88;19.09
060310_7037_42085;6;;1789;1063;1064;142;921;59.42;13.36
060311_7038_42085;1;;867;283;283;68;215;32.64;24.03
060311_7039_42085;2;;331;158;158;41;117;47.73;25.95
060311_7040_42085;3;;458;290;290;60;230;63.32;20.69
060311_7041_42085;4;;405;178;178;44;134;43.95;24.72
060311_7042_42085;5;;442;262;262;59;203;59.28;22.52
060311_7043_42085;6;;403;168;168;51;117;41.69;30.36
060311_7044_42085;7;;449;163;163;34;129;36.30;20.86
060311_7045_42085;8;;553;228;228;42;186;41.23;18.42
060311_7046_42085;9;;258;102;102;25;77;39.53;24.51
060311_7047_42085;10;;1454;762;762;128;634;52.41;16.80
060312_7048_42085;1;;237;91;91;23;68;38.40;25.27
060312_7049_42085;2;;350;183;183;39;144;52.29;21.31
060312_7050_42085;3;;373;177;177;28;149;47.45;15.82
060312_7051_42085;4;;2180;1222;1222;211;1011;56.06;17.27
060312_7052_42085;5;;288;172;172;15;157;59.72;8.72
060312_7053_42085;6;;622;331;331;76;255;53.22;22.96
060312_7054_42085;7;;268;135;135;21;114;50.37;15.56
060313_7055_42085;1;;650;376;376;106;270;57.85;28.19
060313_7056_42085;2;;424;263;263;76;187;62.03;28.90
060313_7057_42085;3;;1392;915;915;212;703;65.73;23.17
060313_7058_42085;4;;471;253;253;64;189;53.72;25.30
060313_7059_42085;5;;394;233;233;65;168;59.14;27.90
060314_7060_42085;1;;543;327;327;97;230;60.22;29.66
060314_7061_42085;2;;1325;876;876;211;665;66.11;24.09
060314_7062_42085;3;;822;538;538;101;437;65.45;18.77
060315_7063_42085;1;;484;246;246;49;197;50.83;19.92
060315_7064_42085;2;;1537;755;755;189;566;49.12;25.03
060315_7065_42085;3;;923;511;511;110;401;55.36;21.53
060315_7066_42085;4;;838;396;396;112;284;47.26;28.28
060315_7067_42085;5;;356;140;140;26;114;39.33;18.57
060315_7068_42085;6;;452;230;230;65;165;50.88;28.26
060315_7069_42085;7;;809;356;356;84;272;44.00;23.60
060401_30770_42086;14;;257;38;38;2;36;14.79;5.26
060401_30771_42086;15;;409;60;60;15;45;14.67;25.00
060401_7070_42086;1;;1070;557;557;89;468;52.06;15.98
060401_7071_42086;2;;2083;1057;1057;131;926;50.74;12.39
060401_7072_42086;3;;1059;511;511;73;438;48.25;14.29
060401_7073_42086;4;;1039;481;481;72;409;46.29;14.97
060401_7074_42086;5;;1023;434;434;37;397;42.42;8.53
060401_7075_42086;6;;1960;843;843;172;671;43.01;20.40
060401_7076_42086;7;;1046;429;429;86;343;41.01;20.05
060401_7077_42086;8;;1029;495;495;87;408;48.10;17.58
060401_7078_42086;9;;956;450;450;92;358;47.07;20.44
060401_7079_42086;10;;1003;442;442;115;327;44.07;26.02
060401_7080_42086;11;;943;387;387;83;304;41.04;21.45
060401_7081_42086;12;;933;420;420;28;392;45.02;6.67
060401_7082_42086;13;;1023;494;494;92;402;48.29;18.62
060402_7083_42086;1;;1331;706;706;146;560;53.04;20.68
060402_7084_42086;2;;401;182;182;34;148;45.39;18.68
060402_7085_42086;3;;303;148;148;18;130;48.84;12.16
060402_7086_42086;4;;622;261;261;63;198;41.96;24.14
060402_7087_42086;5;;775;360;360;70;290;46.45;19.44
060402_7088_42086;6;;424;241;241;26;215;56.84;10.79
060402_7089_42086;7;;849;304;304;47;257;35.81;15.46
060402_7090_42086;8;;247;108;108;10;98;43.72;9.26
060403_7091_42086;1;;1434;749;749;180;569;52.23;24.03
060403_7092_42086;2;;364;156;156;51;105;42.86;32.69
060403_7093_42086;3;;700;363;363;110;253;51.86;30.30
060403_7094_42086;4;;589;324;324;52;272;55.01;16.05
060403_7095_42086;5;;1467;732;732;134;598;49.90;18.31
060404_7096_42086;1;;1185;527;527;68;459;44.47;12.90
060404_7097_42086;2;;515;210;210;43;167;40.78;20.48
060404_7098_42086;3;;599;210;210;29;181;35.06;13.81
060404_7099_42086;4;;428;171;171;53;118;39.95;30.99
060404_7100_42086;5;;498;216;216;43;173;43.37;19.91
060404_7101_42086;6;;768;247;247;27;220;32.16;10.93
060404_7102_42086;7;;683;278;278;59;219;40.70;21.22
060404_7103_42086;8;;624;240;240;48;192;38.46;20.00
060404_7104_42086;9;;980;424;424;95;329;43.27;22.41
060404_7105_42086;10;;1265;558;558;135;423;44.11;24.19
060404_7106_42086;11;;627;318;318;94;224;50.72;29.56
060404_7107_42086;12;;331;181;181;49;132;54.68;27.07
060405_7108_42086;1;;1264;654;654;77;577;51.74;11.77
060405_7109_42086;2;;381;204;204;33;171;53.54;16.18
060405_7110_42086;3;;867;430;430;76;354;49.60;17.67
060405_7111_42086;4;;429;168;168;36;132;39.16;21.43
060405_7112_42086;5;;403;142;142;27;115;35.24;19.01
060405_7113_42086;6;;831;337;337;59;278;40.55;17.51
060405_7114_42086;7;;447;158;158;27;131;35.35;17.09
060405_7115_42086;8;;521;210;210;34;176;40.31;16.19
060405_7116_42086;9;;515;211;211;35;176;40.97;16.59
060405_7117_42086;10;;651;337;337;82;255;51.77;24.33
060406_7118_42086;1;;1248;679;679;214;465;54.41;31.52
060406_7119_42086;2;;684;338;338;70;268;49.42;20.71
060406_7120_42086;3;;1797;874;874;200;674;48.64;22.88
060407_7121_42086;1;;1016;597;597;157;440;58.76;26.30
060407_7122_42086;2;;609;361;361;95;266;59.28;26.32
060407_7123_42086;3;;465;281;281;56;225;60.43;19.93
060407_7124_42086;4;;927;465;465;135;330;50.16;29.03
060407_7125_42086;5;;1069;574;574;142;432;53.70;24.74
060408_7126_42086;1;;1266;561;561;148;413;44.31;26.38
060408_7127_42086;2;;1249;606;606;115;491;48.52;18.98
060408_7128_42086;3;;621;293;293;71;222;47.18;24.23
060408_7129_42086;4;;903;404;404;95;309;44.74;23.51
060408_7130_42086;5;;979;432;432;76;356;44.13;17.59
060408_7131_42086;6;;597;240;240;63;177;40.20;26.25
060408_7132_42086;7;;894;358;358;69;289;40.04;19.27
060408_7133_42086;8;;477;234;234;65;169;49.06;27.78
060408_7134_42086;9;;602;336;336;131;205;55.81;38.99
060408_7135_42086;10;;613;213;213;61;152;34.75;28.64
060501_7136_42083;1;;424;298;298;24;274;70.28;8.05
060501_7137_42083;2;;1044;673;673;98;575;64.46;14.56
060501_7138_42083;3;;778;422;422;68;354;54.24;16.11
060501_7139_42083;4;;526;243;243;47;196;46.20;19.34
060502_7140_42083;1;;757;459;459;54;405;60.63;11.76
060502_7141_42083;2;;582;313;313;20;293;53.78;6.39
060502_7142_42083;3;;703;344;344;52;292;48.93;15.12
060502_7143_42083;4;;454;250;250;40;210;55.07;16.00
060503_7144_42083;1;;1136;721;721;125;596;63.47;17.34
060503_7145_42083;2;;1472;904;904;221;683;61.41;24.45
060503_7146_42083;3;;689;475;475;68;407;68.94;14.32
060503_7147_42083;4;;1647;943;943;143;800;57.26;15.16
060503_7148_42083;5;;423;270;270;44;226;63.83;16.30
060504_7149_42083;1;;1690;1181;1181;118;1063;69.88;9.99
060504_7150_42083;2;;532;346;346;51;295;65.04;14.74
060504_7151_42083;3;;260;199;199;20;179;76.54;10.05
060504_7152_42083;4;;1219;949;949;85;864;77.85;8.96
060504_7153_42083;5;;1167;794;794;94;700;68.04;11.84
060505_29527_42083;10;;101;14;14;2;12;13.86;14.29
060505_29528_42083;11;;47;8;8;5;3;17.02;62.50
060505_7154_42083;1;;2006;981;981;110;871;48.90;11.21
060505_7155_42083;2;;1628;697;697;104;593;42.81;14.92
060505_7156_42083;3;;1837;1005;1005;86;919;54.71;8.56
060505_7157_42083;4;;1636;662;662;99;563;40.46;14.95
060505_7158_42083;5;;1800;1070;1070;138;932;59.44;12.90
060505_7159_42083;6;;1998;1028;1028;148;880;51.45;14.40
060505_7160_42083;7;;413;192;192;58;134;46.49;30.21
060505_7161_42083;8;;1202;689;689;84;605;57.32;12.19
060505_7162_42083;9;;834;463;463;74;389;55.52;15.98
060506_7163_42083;1;;1515;951;951;179;772;62.77;18.82
060506_7164_42083;2;;1247;736;737;127;609;59.02;17.26
060506_7165_42083;3;;396;224;224;64;160;56.57;28.57
060506_7166_42083;4;;426;257;257;37;220;60.33;14.40
060506_7167_42083;5;;890;485;485;101;384;54.49;20.82
060506_7168_42083;6;;1457;805;805;158;647;55.25;19.63
060507_7169_42083;1;;1537;947;947;212;735;61.61;22.39
060507_7170_42083;2;;1351;862;862;178;684;63.80;20.65
060507_7171_42083;3;;1047;656;656;149;507;62.66;22.71
060601_29529_42085;16;;207;57;57;3;54;27.54;5.26
060601_29530_42085;17;;186;24;24;7;17;12.90;29.17
060601_7172_42085;1;;954;452;452;76;376;47.38;16.81
060601_7173_42085;2;;1451;577;578;121;456;39.77;20.97
060601_7174_42085;3;;801;385;385;92;293;48.06;23.90
060601_7175_42085;4;;866;390;390;67;323;45.03;17.18
060601_7176_42085;5;;1074;522;522;84;438;48.60;16.09
060601_7177_42085;6;;943;441;442;79;362;46.77;17.91
060601_7178_42085;7;;1108;519;521;62;457;46.84;11.95
060601_7179_42085;8;;844;459;459;63;396;54.38;13.73
060601_7180_42085;9;;1120;533;533;68;465;47.59;12.76
060601_7181_42085;10;;990;418;418;75;343;42.22;17.94
060601_7182_42085;11;;1297;619;619;85;534;47.73;13.73
060601_7183_42085;12;;990;444;444;70;374;44.85;15.77
060601_7184_42085;13;;1339;615;615;87;528;45.93;14.15
060601_7185_42085;14;;1351;722;722;115;607;53.44;15.93
060601_7186_42085;15;;917;382;382;59;323;41.66;15.45
060602_7187_42085;1;;1176;667;667;140;527;56.72;20.99
060602_7188_42085;2;;779;439;439;81;358;56.35;18.45
060602_7189_42085;3;;334;209;209;41;168;62.57;19.62
060602_7190_42085;4;;688;372;372;64;308;54.07;17.20
060602_7191_42085;5;;395;198;198;28;170;50.13;14.14
060602_7192_42085;6;;589;323;323;58;265;54.84;17.96
060603_7193_42085;1;;1038;599;599;107;492;57.71;17.86
060603_7194_42085;2;;534;298;298;65;233;55.81;21.81
060603_7195_42085;3;;468;304;304;80;224;64.96;26.32
060603_7196_42085;4;;282;147;147;41;106;52.13;27.89
060603_7197_42085;5;;474;278;278;82;196;58.65;29.50
060603_7198_42085;6;;119;89;89;19;70;74.79;21.35
060603_7199_42085;7;;99;58;58;17;41;58.59;29.31
060603_7200_42085;8;;174;117;117;22;95;67.24;18.80
060604_7201_42085;1;;1586;1016;1016;335;681;64.06;32.97
060604_7202_42085;2;;599;348;348;113;235;58.10;32.47
060604_7203_42085;3;;683;364;364;110;254;53.29;30.22
060604_7204_42085;4;;710;451;451;150;301;63.52;33.26
060604_7205_42085;5;;941;624;624;154;470;66.31;24.68
060604_7206_42085;6;;567;349;349;87;262;61.55;24.93
060604_7207_42085;7;;759;509;509;153;356;67.06;30.06
060604_7208_42085;8;;817;490;490;133;357;59.98;27.14
060604_7209_42085;9;;457;239;239;58;181;52.30;24.27
060605_29531_42085;19;;25;19;19;4;15;76.00;21.05
060605_7210_42085;1;;356;136;136;44;92;38.20;32.35
060605_7211_42085;2;;298;131;131;19;112;43.96;14.50
060605_7212_42085;3;;356;154;154;19;135;43.26;12.34
060605_7213_42085;4;;445;205;205;38;167;46.07;18.54
060605_7214_42085;5;;397;166;166;21;145;41.81;12.65
060605_7215_42085;6;;575;272;272;68;204;47.30;25.00
060605_7216_42085;7;;496;285;285;45;240;57.46;15.79
060605_7217_42085;8;;578;241;241;47;194;41.70;19.50
060605_7218_42085;9;;261;148;148;32;116;56.70;21.62
060605_7219_42085;10;;234;104;104;13;91;44.44;12.50
060605_7220_42085;11;;415;193;193;47;146;46.51;24.35
060605_7221_42085;12;;219;62;62;16;46;28.31;25.81
060605_7222_42085;13;;645;264;264;49;215;40.93;18.56
060605_7223_42085;14;;600;263;263;49;214;43.83;18.63
060605_7224_42085;15;;460;176;176;28;148;38.26;15.91
060605_7225_42085;16;;510;257;257;27;230;50.39;10.51
060605_7226_42085;17;;255;141;141;28;113;55.29;19.86
060605_7227_42085;18;;215;89;89;12;77;41.40;13.48
060606_29532_42085;10;;78;69;69;1;68;88.46;1.45
060606_29533_42085;11;;43;20;20;10;10;46.51;50.00
060606_7228_42085;1;;380;165;165;32;133;43.42;19.39
060606_7229_42085;2;;1142;667;667;152;515;58.41;22.79
060606_7230_42085;3;;192;118;118;15;103;61.46;12.71
060606_7231_42085;4;;165;99;99;25;74;60.00;25.25
060606_7232_42085;5;;204;83;83;15;68;40.69;18.07
060606_7233_42085;6;;272;171;171;70;101;62.87;40.94
060606_7234_42085;7;;716;323;323;84;239;45.11;26.01
060606_7235_42085;8;;139;89;89;8;81;64.03;8.99
060606_7236_42085;9;;66;46;46;9;37;69.70;19.57
060607_7237_42085;1;;1497;884;884;248;636;59.05;28.05
060607_7238_42085;2;;541;304;304;66;238;56.19;21.71
060607_7239_42085;3;;771;499;499;106;393;64.72;21.24
060607_7240_42085;4;;664;317;317;82;235;47.74;25.87
060609_7241_42085;1;;385;200;200;43;157;51.95;21.50
060609_7242_42085;2;;891;455;455;112;343;51.07;24.62
060609_7243_42085;3;;625;318;318;86;232;50.88;27.04
060609_7244_42085;4;;459;228;228;51;177;49.67;22.37
060609_7245_42085;5;;380;170;170;30;140;44.74;17.65
060610_7246_42085;1;;600;298;298;43;255;49.67;14.43
060610_7247_42085;2;;1215;480;483;54;426;39.51;11.25
060610_7248_42085;3;;652;211;211;39;172;32.36;18.48
060610_7249_42085;4;;702;349;349;68;281;49.72;19.48
060610_7250_42085;5;;337;98;98;24;74;29.08;24.49
060611_7251_42085;1;;688;332;332;78;254;48.26;23.49
060611_7252_42085;2;;1169;667;667;171;496;57.06;25.64
060611_7253_42085;3;;722;370;370;75;295;51.25;20.27
060611_7254_42085;4;;199;96;97;22;74;48.24;22.92
060611_7255_42085;5;;619;266;266;57;209;42.97;21.43
060611_7256_42085;6;;472;245;245;56;189;51.91;22.86
060611_7257_42085;7;;468;217;217;50;167;46.37;23.04
060611_7258_42085;8;;561;285;285;56;229;50.80;19.65
060701_29534_42083;22;;96;5;5;1;4;5.21;20.00
060701_29535_42083;23;;30;5;5;1;4;16.67;20.00
060701_7259_42083;1;;772;388;388;60;328;50.26;15.46
060701_7260_42083;2;;1079;598;598;76;522;55.42;12.71
060701_7261_42083;3;;1626;762;762;121;641;46.86;15.88
060701_7262_42083;4;;1901;1035;1035;141;894;54.45;13.62
060701_7263_42083;5;;1983;1111;1111;128;983;56.03;11.52
060701_7264_42083;6;;1175;544;544;101;443;46.30;18.57
060701_7265_42083;7;;1909;1066;1066;112;954;55.84;10.51
060701_7266_42083;8;;1818;1012;1012;135;877;55.67;13.34
060701_7267_42083;9;;1161;608;608;65;543;52.37;10.69
060701_7268_42083;10;;1752;963;963;156;807;54.97;16.20
060701_7269_42083;11;;1040;537;537;85;452;51.63;15.83
060701_7270_42083;12;;1122;579;582;72;507;51.60;12.44
060701_7271_42083;13;;1591;800;800;83;717;50.28;10.38
060701_7272_42083;14;;1865;947;947;117;830;50.78;12.35
060701_7273_42083;15;;1758;924;924;130;794;52.56;14.07
060701_7274_42083;16;;914;457;457;47;410;50.00;10.28
060701_7275_42083;17;;1623;776;776;102;674;47.81;13.14
060701_7276_42083;18;;985;540;540;66;474;54.82;12.22
060701_7277_42083;19;;1234;555;600;75;480;44.98;13.51
060701_7278_42083;20;;937;429;429;67;362;45.78;15.62
060701_7279_42083;21;;1089;537;537;64;473;49.31;11.92
060702_7280_42083;1;;1497;874;874;204;670;58.38;23.34
060702_7281_42083;2;;303;168;168;56;112;55.45;33.33
060702_7282_42083;3;;883;504;504;141;363;57.08;27.98
060702_7283_42083;4;;779;402;402;69;333;51.60;17.16
060702_7284_42083;5;;1171;630;630;125;505;53.80;19.84
060702_7285_42083;6;;509;211;211;52;159;41.45;24.64
060702_7286_42083;7;;459;241;241;45;196;52.51;18.67
060702_7287_42083;8;;378;203;203;31;172;53.70;15.27
060702_7288_42083;9;;400;217;217;38;179;54.25;17.51
060702_7289_42083;10;;996;567;567;123;444;56.93;21.69
060703_7290_42083;1;;1030;514;514;77;437;49.90;14.98
060703_7291_42083;2;;710;300;300;59;241;42.25;19.67
060703_7292_42083;3;;467;228;228;28;200;48.82;12.28
060703_7293_42083;4;;1235;552;552;80;472;44.70;14.49
060703_7294_42083;5;;406;235;235;37;198;57.88;15.74
060703_7295_42083;6;;557;259;259;56;203;46.50;21.62
060704_7296_42083;1;;1677;918;918;218;700;54.74;23.75
060704_7297_42083;2;;1235;626;626;140;486;50.69;22.36
060704_7298_42083;3;;468;256;256;67;189;54.70;26.17
060704_7299_42083;4;;505;216;216;56;160;42.77;25.93
060704_7300_42083;5;;551;249;249;53;196;45.19;21.29
060704_7301_42083;6;;399;228;228;40;188;57.14;17.54
060704_7302_42083;7;;776;410;410;112;298;52.84;27.32
060704_7303_42083;8;;317;173;173;35;138;54.57;20.23
060705_7304_42083;1;;1580;764;764;129;635;48.35;16.88
060705_7305_42083;2;;813;427;427;67;360;52.52;15.69
060705_7306_42083;3;;1205;653;653;110;543;54.19;16.85
060705_7307_42083;4;;1263;686;686;113;573;54.32;16.47
060705_7308_42083;5;;1054;531;531;81;450;50.38;15.25
060706_7309_42083;1;;769;435;435;88;347;56.57;20.23
060706_7310_42083;2;;1179;627;627;119;508;53.18;18.98
060706_7311_42083;3;;1316;764;764;147;617;58.05;19.24
060706_7312_42083;4;;862;484;484;90;394;56.15;18.60
060706_7313_42083;5;;772;435;435;86;349;56.35;19.77
060707_7314_42083;1;;964;520;520;87;433;53.94;16.73
060707_7315_42083;2;;293;173;173;27;146;59.04;15.61
060707_7316_42083;3;;292;149;149;35;114;51.03;23.49
060707_7317_42083;4;;434;224;224;27;197;51.61;12.05
060707_7318_42083;5;;409;203;203;36;167;49.63;17.73
060707_7319_42083;6;;479;255;255;48;207;53.24;18.82
060707_7320_42083;7;;650;311;311;65;246;47.85;20.90
060707_7321_42083;8;;1077;435;435;78;357;40.39;17.93
060707_7322_42083;9;;538;235;235;50;185;43.68;21.28
060707_7323_42083;10;;304;192;192;45;147;63.16;23.44
060708_29536_42083;9;;142;96;96;6;90;67.61;6.25
060708_7324_42083;1;;902;440;440;74;366;48.78;16.82
060708_7325_42083;2;;972;416;416;84;332;42.80;20.19
060708_7326_42083;3;;685;366;366;37;329;53.43;10.11
060708_7327_42083;4;;1315;732;732;129;603;55.67;17.62
060708_7328_42083;5;;1118;576;576;81;495;51.52;14.06
060708_7329_42083;6;;474;222;222;51;171;46.84;22.97
060708_7330_42083;7;;1005;485;485;71;414;48.26;14.64
060708_7331_42083;8;;420;249;249;50;199;59.29;20.08
060709_7332_42083;1;;998;529;529;82;447;53.01;15.50
060709_7333_42083;2;;1204;695;695;77;618;57.72;11.08
060709_7334_42083;3;;1488;888;888;117;771;59.68;13.18
060709_7335_42083;4;;720;367;367;51;316;50.97;13.90
060710_7336_42083;1;;779;403;403;95;308;51.73;23.57
060710_7337_42083;2;;652;340;340;57;283;52.15;16.76
060710_7338_42083;3;;745;424;424;65;359;56.91;15.33
060710_7339_42083;4;;977;507;507;68;439;51.89;13.41
060710_7340_42083;5;;647;346;346;56;290;53.48;16.18
060710_7341_42083;6;;1790;1014;1014;189;825;56.65;18.64
060801_29537_42083;12;;97;35;35;13;22;36.08;37.14
060801_7342_42083;1;;1738;828;828;98;730;47.64;11.84
060801_7343_42083;2;;2323;1249;1249;175;1074;53.77;14.01
060801_7344_42083;3;;1645;791;791;124;667;48.09;15.68
060801_7345_42083;4;;1560;857;857;97;760;54.94;11.32
060801_7346_42083;5;;1269;602;602;85;517;47.44;14.12
060801_7347_42083;6;;1914;926;926;172;754;48.38;18.57
060801_7348_42083;7;;1667;792;792;109;683;47.51;13.76
060801_7349_42083;8;;963;539;539;53;486;55.97;9.83
060801_7350_42083;9;;1582;815;815;165;650;51.52;20.25
060801_7351_42083;10;;1759;993;994;98;895;56.45;9.87
060801_7352_42083;11;;1730;945;945;126;819;54.62;13.33
060802_7353_42083;1;;1202;812;812;183;629;67.55;22.54
060802_7354_42083;2;;302;220;220;39;181;72.85;17.73
060802_7355_42083;3;;252;155;155;31;124;61.51;20.00
060802_7356_42083;4;;348;223;223;50;173;64.08;22.42
060802_7357_42083;5;;476;310;310;79;231;65.13;25.48
060802_7358_42083;6;;483;298;298;57;241;61.70;19.13
060802_7359_42083;7;;399;244;244;34;210;61.15;13.93
060803_7360_42083;1;;643;370;370;64;306;57.54;17.30
060803_7361_42083;2;;384;201;201;36;165;52.34;17.91
060803_7362_42083;3;;1574;973;973;219;754;61.82;22.51
060803_7363_42083;4;;410;238;238;52;186;58.05;21.85
060803_7364_42083;5;;401;217;217;51;166;54.11;23.50
060803_7365_42083;6;;527;305;305;65;240;57.87;21.31
060803_7366_42083;7;;408;230;230;69;161;56.37;30.00
060803_7367_42083;8;;447;260;260;74;186;58.17;28.46
060804_7368_42083;1;;772;441;441;121;320;57.12;27.44
060804_7369_42083;2;;1085;568;568;116;452;52.35;20.42
060804_7370_42083;3;;542;333;333;67;266;61.44;20.12
060805_7371_42083;1;;693;401;401;79;322;57.86;19.70
060805_7372_42083;2;;340;175;175;48;127;51.47;27.43
060805_7373_42083;3;;484;271;271;68;203;55.99;25.09
060805_7374_42083;4;;254;159;159;39;120;62.60;24.53
060805_7375_42083;5;;833;518;518;123;395;62.18;23.75
060805_7376_42083;6;;899;548;548;148;400;60.96;27.01
060805_7377_42083;7;;384;207;207;43;164;53.91;20.77
060805_7378_42083;8;;738;444;444;132;312;60.16;29.73
060805_7379_42083;9;;502;334;334;78;256;66.53;23.35
060806_29538_42083;8;;58;45;45;12;33;77.59;26.67
060806_7380_42083;1;;1344;683;683;167;516;50.82;24.45
060806_7381_42083;2;;1523;853;853;140;713;56.01;16.41
060806_7382_42083;3;;497;246;246;55;191;49.50;22.36
060806_7383_42083;4;;458;251;251;95;156;54.80;37.85
060806_7384_42083;5;;268;133;133;45;88;49.63;33.83
060806_7385_42083;6;;660;457;457;159;298;69.24;34.79
060806_7386_42083;7;;574;367;367;88;279;63.94;23.98
060807_7387_42083;1;;324;191;191;24;167;58.95;12.57
060807_7388_42083;2;;1224;657;657;89;568;53.68;13.55
060807_7389_42083;3;;752;487;487;70;417;64.76;14.37
060807_7390_42083;4;;1308;689;689;122;567;52.68;17.71
060807_7391_42083;5;;981;534;534;101;433;54.43;18.91
060807_7392_42083;6;;805;394;394;70;324;48.94;17.77
060807_7393_42083;7;;753;377;377;56;321;50.07;14.85
060807_7394_42083;8;;573;339;339;101;238;59.16;29.79
060807_7395_42083;9;;587;290;290;47;243;49.40;16.21
060807_7396_42083;10;;543;291;291;58;233;53.59;19.93
060807_7397_42083;11;;542;298;298;56;242;54.98;18.79
060807_7398_42083;12;;294;168;168;36;132;57.14;21.43
060808_7399_42083;1;;1400;949;949;111;838;67.79;11.70
060808_7400_42083;2;;1034;616;616;118;498;59.57;19.16
060808_7401_42083;3;;738;475;475;115;360;64.36;24.21
060808_7402_42083;4;;1184;764;764;169;595;64.53;22.12
060808_7403_42083;5;;457;286;286;62;224;62.58;21.68
060808_7404_42083;6;;315;192;192;29;163;60.95;15.10
060809_7405_42083;1;;881;550;550;99;451;62.43;18.00
060809_7406_42083;2;;1099;637;637;142;495;57.96;22.29
060809_7407_42083;3;;805;406;406;77;329;50.43;18.97
060809_7408_42083;4;;685;380;380;70;310;55.47;18.42
060809_7409_42083;5;;957;604;604;108;496;63.11;17.88
060809_7410_42083;6;;664;384;384;80;304;57.83;20.83
060810_7411_42083;1;;1188;673;674;131;542;56.65;19.47
060810_7412_42083;2;;902;536;536;84;452;59.42;15.67
060810_7413_42083;3;;452;236;236;49;187;52.21;20.76
060810_7414_42083;4;;720;375;375;59;316;52.08;15.73
060810_7415_42083;5;;1144;502;502;73;429;43.88;14.54
060811_7416_42083;1;;475;309;309;76;233;65.05;24.60
060811_7417_42083;2;;466;339;339;106;233;72.75;31.27
060811_7418_42083;3;;443;274;274;91;183;61.85;33.21
060811_7419_42083;4;;769;560;560;153;407;72.82;27.32
060811_7420_42083;5;;337;243;243;49;194;72.11;20.16
060811_7421_42083;6;;715;414;414;102;312;57.90;24.64
060812_7422_42083;1;;942;624;624;246;378;66.24;39.42
060812_7423_42083;2;;780;511;511;119;392;65.51;23.29
060812_7424_42083;3;;880;548;548;125;423;62.27;22.81
060812_7425_42083;4;;904;546;546;114;432;60.40;20.88
060812_7426_42083;5;;462;309;309;55;254;66.88;17.80
060813_7427_42083;1;;825;487;487;82;405;59.03;16.84
060813_7428_42083;2;;750;438;438;94;344;58.40;21.46
060813_7429_42083;3;;720;382;382;100;282;53.06;26.18
060813_7430_42083;4;;407;186;186;41;145;45.70;22.04
060901_29539_42083;12;;106;11;11;3;8;10.38;27.27
060901_7431_42083;1;;1329;653;653;143;510;49.13;21.90
060901_7432_42083;2;;1409;638;638;131;507;45.28;20.53
060901_7433_42083;3;;1105;588;588;120;468;53.21;20.41
060901_7434_42083;4;;1408;713;713;117;596;50.64;16.41
060901_7435_42083;5;;977;473;473;105;368;48.41;22.20
060901_7436_42083;6;;781;403;405;48;355;51.60;11.91
060901_7437_42083;7;;653;295;295;39;256;45.18;13.22
060901_7438_42083;8;;838;435;435;206;229;51.91;47.36
060901_7439_42083;9;;820;347;347;76;271;42.32;21.90
060901_7440_42083;10;;744;367;367;74;293;49.33;20.16
060901_7441_42083;11;;774;362;362;68;294;46.77;18.78
060902_7442_42083;1;;954;657;657;87;570;68.87;13.24
060902_7443_42083;2;;872;595;595;82;513;68.23;13.78
060902_7444_42083;3;;560;341;341;49;292;60.89;14.37
060902_7445_42083;4;;437;256;256;35;221;58.58;13.67
060902_7446_42083;5;;235;150;150;24;126;63.83;16.00
060902_7447_42083;6;;144;96;96;13;83;66.67;13.54
060903_29540_42083;16;;42;6;6;0;6;14.29;0.00
060903_7448_42083;1;;659;336;336;52;284;50.99;15.48
060903_7449_42083;2;;591;349;349;93;256;59.05;26.65
060903_7450_42083;3;;857;463;463;123;340;54.03;26.57
060903_7451_42083;4;;793;414;414;67;347;52.21;16.18
060903_7452_42083;5;;665;329;329;91;238;49.47;27.66
060903_7453_42083;6;;563;302;302;36;266;53.64;11.92
060903_7454_42083;7;;787;425;425;72;353;54.00;16.94
060903_7455_42083;8;;818;396;396;65;331;48.41;16.41
060903_7456_42083;9;;494;272;272;42;230;55.06;15.44
060903_7457_42083;10;;358;203;203;39;164;56.70;19.21
060903_7458_42083;11;;600;306;306;57;249;51.00;18.63
060903_7459_42083;12;;604;321;321;55;266;53.15;17.13
060903_7460_42083;13;;652;376;376;61;315;57.67;16.22
060903_7461_42083;14;;785;388;388;48;340;49.43;12.37
060903_7462_42083;15;;545;312;312;39;273;57.25;12.50
060904_7463_42083;1;;1768;976;976;170;806;55.20;17.42
060904_7464_42083;2;;841;470;470;58;412;55.89;12.34
060904_7465_42083;3;;1412;705;705;121;584;49.93;17.16
060904_7466_42083;4;;490;244;244;35;209;49.80;14.34
060904_7467_42083;5;;1151;538;538;167;371;46.74;31.04
060904_7468_42083;6;;387;210;210;41;169;54.26;19.52
060904_7469_42083;7;;230;144;144;39;105;62.61;27.08
060904_7470_42083;8;;438;230;230;45;185;52.51;19.57
060904_7471_42083;9;;189;144;144;27;117;76.19;18.75
060904_7472_42083;10;;277;176;176;36;140;63.54;20.45
060905_7473_42083;1;;1049;551;551;86;465;52.53;15.61
060905_7474_42083;2;;1863;896;896;105;791;48.09;11.72
060905_7475_42083;3;;1003;561;561;116;445;55.93;20.68
060905_7476_42083;4;;1025;653;653;117;536;63.71;17.92
060905_7477_42083;5;;1411;817;817;127;690;57.90;15.54
060905_7478_42083;6;;1201;617;617;119;498;51.37;19.29
060906_7479_42083;1;;626;243;243;49;194;38.82;20.16
060906_7480_42083;2;;927;519;519;158;361;55.99;30.44
060906_7481_42083;3;;2045;1087;1087;255;832;53.15;23.46
060906_7482_42083;4;;1452;589;589;113;476;40.56;19.19
060906_7483_42083;5;;850;400;400;108;292;47.06;27.00
060906_7484_42083;6;;419;212;212;36;176;50.60;16.98
060907_7485_42083;1;;1504;761;761;111;650;50.60;14.59
060907_7486_42083;2;;1174;591;591;106;485;50.34;17.94
060907_7487_42083;3;;1890;1131;1131;168;963;59.84;14.85
060907_7488_42083;4;;991;603;603;92;511;60.85;15.26
060907_7489_42083;5;;1608;882;882;194;688;54.85;22.00
060907_7490_42083;6;;990;612;612;98;514;61.82;16.01
060907_7491_42083;7;;1048;636;637;85;551;60.69;13.36
060907_7492_42083;8;;1322;783;783;145;638;59.23;18.52
060908_7493_42083;1;;1405;666;666;100;566;47.40;15.02
060908_7494_42083;2;;1484;633;633;67;566;42.65;10.58
060908_7495_42083;3;;2087;958;958;113;845;45.90;11.80
060908_7496_42083;4;;1794;888;888;159;729;49.50;17.91
060908_7497_42083;5;;1499;715;715;76;639;47.70;10.63
060908_7498_42083;6;;2037;894;894;115;779;43.89;12.86
060909_7499_42083;1;;845;497;497;113;384;58.82;22.74
060909_7500_42083;2;;542;341;341;83;258;62.92;24.34
060909_7501_42083;3;;535;333;333;86;247;62.24;25.83
060909_7502_42083;4;;596;327;327;58;269;54.87;17.74
060909_7503_42083;5;;463;294;294;76;218;63.50;25.85
060909_7504_42083;6;;1057;659;659;160;499;62.35;24.28
060910_7505_42083;1;;1326;763;763;121;642;57.54;15.86
060910_7506_42083;2;;2173;1163;1163;335;828;53.52;28.80
060910_7507_42083;3;;1554;916;916;162;754;58.94;17.69
060910_7508_42083;4;;766;366;366;59;307;47.78;16.12
060910_7509_42083;5;;835;409;409;68;341;48.98;16.63
060910_7510_42083;6;;368;216;216;47;169;58.70;21.76
060910_7511_42083;7;;1132;614;614;98;516;54.24;15.96
060910_7512_42083;8;;502;243;243;56;187;48.41;23.05
060910_7513_42083;9;;373;201;201;29;172;53.89;14.43
060911_7514_42083;1;;1766;884;884;175;709;50.06;19.80
060911_7515_42083;2;;1824;1108;1108;195;913;60.75;17.60
060911_7516_42083;3;;1697;1091;1091;85;1006;64.29;7.79
060911_7517_42083;4;;2081;1225;1225;252;973;58.87;20.57
060911_7518_42083;5;;712;388;388;50;338;54.49;12.89
060911_7519_42083;6;;1066;536;536;81;455;50.28;15.11
060911_7520_42083;7;;1057;537;537;133;404;50.80;24.77
060911_7521_42083;8;;1914;1156;1156;171;985;60.40;14.79
060911_7522_42083;9;;1215;645;645;144;501;53.09;22.33
060911_7523_42083;10;;965;512;512;104;408;53.06;20.31
060911_7524_42083;11;;284;142;142;16;126;50.00;11.27
060912_7525_42083;1;;1200;602;602;66;536;50.17;10.96
060912_7526_42083;2;;891;417;417;67;350;46.80;16.07
060912_7527_42083;3;;1011;447;447;72;375;44.21;16.11
060912_7528_42083;4;;833;396;396;42;354;47.54;10.61
060912_7529_42083;5;;1097;493;493;67;426;44.94;13.59
060912_7530_42083;6;;394;194;194;32;162;49.24;16.49
060912_7531_42083;7;;750;348;348;42;306;46.40;12.07
060913_7532_42083;1;;553;325;325;60;265;58.77;18.46
060913_7533_42083;2;;997;555;558;113;442;55.67;20.36
060913_7534_42083;3;;1169;606;606;108;498;51.84;17.82
060913_7535_42083;4;;371;195;195;27;168;52.56;13.85
060913_7536_42083;5;;619;333;333;67;266;53.80;20.12
060913_7537_42083;6;;1065;543;543;120;423;50.99;22.10
060914_7538_42083;1;;1207;602;602;112;490;49.88;18.60
060914_7539_42083;2;;936;467;467;84;383;49.89;17.99
060914_7540_42083;3;;340;188;188;51;137;55.29;27.13
060914_7541_42083;4;;1411;852;852;167;685;60.38;19.60
060914_7542_42083;5;;866;518;518;105;413;59.82;20.27
060914_7543_42083;6;;369;232;232;33;199;62.87;14.22
060914_7544_42083;7;;1114;501;501;130;371;44.97;25.95
060914_7545_42083;8;;331;189;189;37;152;57.10;19.58
060914_7546_42083;9;;1787;808;808;92;716;45.22;11.39
060915_7547_42083;1;;271;148;148;39;109;54.61;26.35
060915_7548_42083;2;;965;553;553;152;401;57.31;27.49
060915_7549_42083;3;;589;328;328;68;260;55.69;20.73
060915_7550_42083;4;;283;154;154;29;125;54.42;18.83
060915_7551_42083;5;;421;278;278;35;243;66.03;12.59
060915_7552_42083;6;;1446;804;804;203;601;55.60;25.25
060916_7553_42083;1;;748;384;384;51;333;51.34;13.28
060916_7554_42083;2;;310;155;155;34;121;50.00;21.94
060916_7555_42083;3;;470;220;220;31;189;46.81;14.09
060916_7556_42083;4;;1076;617;617;99;518;57.34;16.05
061001_7557_42085;1;;340;178;178;37;141;52.35;20.79
061001_7558_42085;2;;770;460;460;114;346;59.74;24.78
061001_7559_42085;3;;346;189;189;44;145;54.62;23.28
061001_7560_42085;4;;248;156;156;32;124;62.90;20.51
061001_7561_42085;5;;393;220;220;43;177;55.98;19.55
061001_7562_42085;6;;274;152;152;27;125;55.47;17.76
061001_7563_42085;7;;613;393;393;84;309;64.11;21.37
061001_7564_42085;8;;407;224;224;43;181;55.04;19.20
061001_7565_42085;9;;347;209;209;58;151;60.23;27.75
061001_7566_42085;10;;608;333;333;89;244;54.77;26.73
061001_7567_42085;11;;1410;779;779;126;653;55.25;16.17
061001_7568_42085;12;;421;267;267;55;212;63.42;20.60
061002_7569_42085;1;;968;619;619;146;473;63.95;23.59
061002_7570_42085;2;;858;540;540;106;434;62.94;19.63
061002_7571_42085;3;;771;451;451;118;333;58.50;26.16
061002_7572_42085;4;;912;545;545;102;443;59.76;18.72
061002_7573_42085;5;;685;423;423;103;320;61.75;24.35
061003_29541_42085;16;;73;25;25;6;19;34.25;24.00
061003_7574_42085;1;;1464;704;704;129;575;48.09;18.32
061003_7575_42085;2;;825;349;349;41;308;42.30;11.75
061003_7576_42085;3;;951;448;448;85;363;47.11;18.97
061003_7577_42085;4;;1156;610;610;114;496;52.77;18.69
061003_7578_42085;5;;908;533;533;57;476;58.70;10.69
061003_7579_42085;6;;1441;607;607;90;517;42.12;14.83
061003_7580_42085;7;;1279;594;594;86;508;46.44;14.48
061003_7581_42085;8;;1509;715;715;51;664;47.38;7.13
061003_7582_42085;9;;1384;569;569;86;483;41.11;15.11
061003_7583_42085;10;;1146;564;564;67;497;49.21;11.88
061003_7584_42085;11;;1721;732;732;89;643;42.53;12.16
061003_7585_42085;12;;1544;721;721;93;628;46.70;12.90
061003_7586_42085;13;;1022;519;519;75;444;50.78;14.45
061003_7587_42085;14;;1362;603;603;80;523;44.27;13.27
061003_7588_42085;15;;1560;684;684;93;591;43.85;13.60
061004_7589_42085;1;;573;300;300;57;243;52.36;19.00
061004_7590_42085;2;;683;329;329;54;275;48.17;16.41
061004_7591_42085;3;;1420;681;681;166;515;47.96;24.38
061004_7592_42085;4;;1398;753;753;189;564;53.86;25.10
061004_7593_42085;5;;970;475;475;101;374;48.97;21.26
061004_7594_42085;6;;534;271;271;87;184;50.75;32.10
061004_7595_42085;7;;896;488;488;117;371;54.46;23.98
061004_7596_42085;8;;387;180;180;61;119;46.51;33.89
061004_7597_42085;9;;571;303;303;88;215;53.06;29.04
061005_7598_42085;1;;937;633;633;89;544;67.56;14.06
061005_7599_42085;2;;554;418;418;107;311;75.45;25.60
061005_7600_42085;3;;637;370;370;94;276;58.08;25.41
061005_7601_42085;4;;878;557;557;90;467;63.44;16.16
061005_7602_42085;5;;700;381;381;71;310;54.43;18.64
061005_7603_42085;6;;581;310;310;65;245;53.36;20.97
061006_7604_42085;1;;1290;738;738;105;633;57.21;14.23
061006_7605_42085;2;;606;310;310;88;222;51.16;28.39
061006_7606_42085;3;;1102;492;492;100;392;44.65;20.33
061006_7607_42085;4;;648;314;314;96;218;48.46;30.57
061006_7608_42085;5;;758;459;459;84;375;60.55;18.30
061101_29542_42084;22;;76;18;18;1;17;23.68;5.56
061101_7609_42084;1;;858;377;377;53;324;43.94;14.06
061101_7610_42084;2;;1244;566;566;76;490;45.50;13.43
061101_7611_42084;3;;1344;695;695;80;615;51.71;11.51
061101_7612_42084;4;;1313;679;679;105;574;51.71;15.46
061101_7613_42084;5;;1029;566;566;70;496;55.00;12.37
061101_7614_42084;6;;979;576;576;71;505;58.84;12.33
061101_7615_42084;7;;1454;750;750;105;645;51.58;14.00
061101_7616_42084;8;;1347;688;688;97;591;51.08;14.10
061101_7617_42084;9;;1413;728;728;96;632;51.52;13.19
061101_7618_42084;10;;992;585;585;94;491;58.97;16.07
061101_7619_42084;11;;1061;469;469;41;428;44.20;8.74
061101_7620_42084;12;;1036;487;487;85;402;47.01;17.45
061101_7621_42084;13;;1221;605;605;111;494;49.55;18.35
061101_7622_42084;14;;1015;521;521;61;460;51.33;11.71
061101_7623_42084;15;;910;519;519;45;474;57.03;8.67
061101_7624_42084;16;;1120;612;612;50;562;54.64;8.17
061101_7625_42084;17;;929;466;466;37;429;50.16;7.94
061101_7626_42084;18;;1130;583;583;93;490;51.59;15.95
061101_7627_42084;19;;1335;697;698;84;613;52.21;12.05
061101_7628_42084;20;;1244;710;710;82;628;57.07;11.55
061101_7629_42084;21;;1304;651;651;79;572;49.92;12.14
061102_7630_42084;1;;1326;886;886;220;666;66.82;24.83
061102_7631_42084;2;;870;618;618;104;514;71.03;16.83
061103_7632_42084;1;;1824;1214;1215;249;965;66.56;20.51
061103_7633_42084;2;;1347;762;762;189;573;56.57;24.80
061103_7634_42084;3;;389;244;244;51;193;62.72;20.90
061103_7635_42084;4;;311;195;195;48;147;62.70;24.62
061103_7636_42084;5;;222;123;123;22;101;55.41;17.89
061103_7637_42084;6;;306;181;181;59;122;59.15;32.60
061103_7638_42084;7;;297;153;153;31;122;51.52;20.26
061104_7639_42084;1;;1224;672;672;188;484;54.90;27.98
061104_7640_42084;2;;718;365;365;84;281;50.84;23.01
061104_7641_42084;3;;1686;936;936;201;735;55.52;21.47
061104_7642_42084;4;;930;577;577;142;435;62.04;24.61
061104_7643_42084;5;;779;426;426;94;332;54.69;22.07
061104_7644_42084;6;;1775;1104;1104;227;877;62.20;20.56
061104_7645_42084;7;;526;315;315;56;259;59.89;17.78
061104_7646_42084;8;;622;355;355;100;255;57.07;28.17
061105_29543_42084;16;;42;20;20;3;17;47.62;15.00
061105_7647_42084;1;;523;281;281;45;236;53.73;16.01
061105_7648_42084;2;;1048;600;600;110;490;57.25;18.33
061105_7649_42084;3;;985;587;587;80;507;59.59;13.63
061105_7650_42084;4;;1804;927;927;166;761;51.39;17.91
061105_7651_42084;5;;1091;543;543;97;446;49.77;17.86
061105_7652_42084;6;;792;386;386;60;326;48.74;15.54
061105_7653_42084;7;;929;501;501;63;438;53.93;12.57
061105_7654_42084;8;;414;233;233;54;179;56.28;23.18
061105_7655_42084;9;;914;481;481;91;390;52.63;18.92
061105_7656_42084;10;;594;315;315;68;247;53.03;21.59
061105_7657_42084;11;;1013;584;584;105;479;57.65;17.98
061105_7658_42084;12;;814;375;375;89;286;46.07;23.73
061105_7659_42084;13;;1481;853;853;113;740;57.60;13.25
061105_7660_42084;14;;447;244;244;57;187;54.59;23.36
061105_7661_42084;15;;618;363;363;84;279;58.74;23.14
061106_7662_42084;1;;426;264;264;49;215;61.97;18.56
061106_7663_42084;2;;380;253;253;54;199;66.58;21.34
061106_7664_42084;3;;437;304;304;53;251;69.57;17.43
061106_7665_42084;4;;1218;768;768;151;617;63.05;19.66
061106_7666_42084;5;;914;557;557;132;425;60.94;23.70
061107_7667_42084;1;;1858;1223;1223;249;974;65.82;20.36
061107_7668_42084;2;;1440;988;988;168;820;68.61;17.00
061107_7669_42084;3;;864;555;555;69;486;64.24;12.43
061107_7670_42084;4;;775;421;422;71;350;54.32;16.86
061107_7671_42084;5;;432;302;302;56;246;69.91;18.54
061107_7672_42084;6;;319;204;204;45;159;63.95;22.06
061107_7673_42084;7;;940;602;602;95;507;64.04;15.78
061107_7674_42084;8;;531;333;333;67;266;62.71;20.12
061107_7675_42084;9;;561;375;375;102;273;66.84;27.20
061108_7676_42084;1;;685;382;382;71;311;55.77;18.59
061108_7677_42084;2;;554;295;295;63;232;53.25;21.36
061108_7678_42084;3;;482;391;391;136;255;81.12;34.78
061108_7679_42084;4;;717;275;275;44;231;38.35;16.00
061108_7680_42084;5;;1019;568;568;177;391;55.74;31.16
061108_7681_42084;6;;445;290;290;75;215;65.17;25.86
061108_7682_42084;7;;700;454;455;153;301;64.86;33.70
061108_7683_42084;8;;1273;661;661;169;492;51.92;25.57
061108_7684_42084;9;;359;132;132;40;92;36.77;30.30
061108_7685_42084;10;;375;232;232;80;152;61.87;34.48
061109_7686_42084;1;;1168;847;847;163;684;72.52;19.24
061109_7687_42084;2;;715;483;483;107;376;67.55;22.15
061109_7688_42084;3;;764;500;500;114;386;65.45;22.80
061109_7689_42084;4;;734;561;561;117;444;76.43;20.86
061109_7690_42084;5;;903;567;567;116;451;62.79;20.46
061109_7691_42084;6;;1172;860;860;145;715;73.38;16.86
061109_7692_42084;7;;492;345;345;43;302;70.12;12.46
061110_7693_42084;1;;995;625;625;147;478;62.81;23.52
061110_7694_42084;2;;548;238;238;77;161;43.43;32.35
061110_7695_42084;3;;397;267;267;66;201;67.25;24.72
061110_7696_42084;4;;578;378;378;65;313;65.40;17.20
061110_7697_42084;5;;1234;772;772;181;591;62.56;23.45
061110_7698_42084;6;;1048;655;655;174;481;62.50;26.56
061110_7699_42084;7;;410;230;230;56;174;56.10;24.35
061110_7700_42084;8;;368;251;251;37;214;68.21;14.74
061111_7701_42084;1;;866;573;573;161;412;66.17;28.10
061111_7702_42084;2;;1162;693;693;150;543;59.64;21.65
061111_7703_42084;3;;1138;694;694;190;504;60.98;27.38
061111_7704_42084;4;;914;543;543;117;426;59.41;21.55
061201_7705_42083;1;;1141;654;654;155;499;57.32;23.70
061201_7706_42083;2;;415;206;206;35;171;49.64;16.99
061201_7707_42083;3;;1217;581;581;154;427;47.74;26.51
061201_7708_42083;4;;1098;654;654;121;533;59.56;18.50
061201_7709_42083;5;;1520;922;922;230;692;60.66;24.95
061202_7710_42083;1;;2077;1070;1070;181;889;51.52;16.92
061202_7711_42083;2;;763;297;297;62;235;38.93;20.88
061202_7712_42083;3;;1239;659;659;155;504;53.19;23.52
061202_7713_42083;4;;785;348;348;95;253;44.33;27.30
061202_7714_42083;5;;406;194;195;48;146;47.78;24.74
061202_7715_42083;6;;367;208;208;53;155;56.68;25.48
061203_7716_42083;1;;1488;719;719;147;572;48.32;20.45
061203_7717_42083;2;;955;397;397;79;318;41.57;19.90
061203_7718_42083;3;;1026;446;446;99;347;43.47;22.20
061203_7719_42083;4;;407;170;170;31;139;41.77;18.24
061203_7720_42083;5;;422;152;152;17;135;36.02;11.18
061203_7721_42083;6;;532;229;229;52;177;43.05;22.71
061204_7722_42083;1;;615;337;337;70;267;54.80;20.77
061204_7723_42083;2;;1122;609;609;149;460;54.28;24.47
061204_7724_42083;3;;852;378;378;75;303;44.37;19.84
061204_7725_42083;4;;664;329;329;64;265;49.55;19.45
061204_7726_42083;5;;546;261;261;38;223;47.80;14.56
061204_7727_42083;6;;339;141;141;37;104;41.59;26.24
061205_29544_42083;17;;427;70;71;21;49;16.39;30.00
061205_29545_42083;18;;8;7;7;2;5;87.50;28.57
061205_7728_42083;1;;1830;901;901;100;801;49.23;11.10
061205_7729_42083;2;;1919;931;931;195;736;48.51;20.95
061205_7730_42083;3;;2065;942;942;124;818;45.62;13.16
061205_7731_42083;4;;1228;550;551;126;424;44.79;22.91
061205_7732_42083;5;;1036;436;436;83;353;42.08;19.04
061205_7733_42083;6;;910;496;496;100;396;54.51;20.16
061205_7734_42083;7;;845;418;418;77;341;49.47;18.42
061205_7735_42083;8;;821;295;295;62;233;35.93;21.02
061205_7736_42083;9;;488;185;185;47;138;37.91;25.41
061205_7737_42083;10;;650;273;273;64;209;42.00;23.44
061205_7738_42083;11;;450;223;223;49;174;49.56;21.97
061205_7739_42083;12;;457;212;212;50;162;46.39;23.58
061205_7740_42083;13;;601;267;267;91;176;44.43;34.08
061205_7741_42083;14;;341;140;140;18;122;41.06;12.86
061205_7742_42083;15;;489;238;238;56;182;48.67;23.53
061205_7743_42083;16;;356;183;183;52;131;51.40;28.42
061206_29546_42083;12;;80;12;12;2;10;15.00;16.67
061206_7744_42083;1;;1684;808;808;143;665;47.98;17.70
061206_7745_42083;2;;1573;783;783;119;664;49.78;15.20
061206_7746_42083;3;;1010;500;500;105;395;49.50;21.00
061206_7747_42083;4;;1255;572;572;106;466;45.58;18.53
061206_7748_42083;5;;1116;515;515;110;405;46.15;21.36
061206_7749_42083;6;;1278;648;648;109;539;50.70;16.82
061206_7750_42083;7;;964;412;412;84;328;42.74;20.39
061206_7751_42083;8;;876;450;450;70;380;51.37;15.56
061206_7752_42083;9;;1032;523;523;86;437;50.68;16.44
061206_7753_42083;10;;781;346;346;53;293;44.30;15.32
061206_7754_42083;11;;503;297;297;42;255;59.05;14.14
061207_7755_42083;1;;1050;729;729;162;567;69.43;22.22
061207_7756_42083;2;;292;186;186;29;157;63.70;15.59
061207_7757_42083;3;;411;276;276;51;225;67.15;18.48
061207_7758_42083;4;;712;415;415;115;300;58.29;27.71
061207_7759_42083;5;;209;124;124;26;98;59.33;20.97
061207_7760_42083;6;;486;306;306;74;232;62.96;24.18
061207_7761_42083;7;;404;270;270;64;206;66.83;23.70
061207_7762_42083;8;;314;196;196;39;157;62.42;19.90
061301_7763_42084;1;;1313;771;771;158;613;58.72;20.49
061301_7764_42084;2;;1035;561;561;129;432;54.20;22.99
061301_7765_42084;3;;614;349;349;50;299;56.84;14.33
061301_7766_42084;4;;362;247;247;36;211;68.23;14.57
061302_7767_42084;1;;1132;639;639;86;553;56.45;13.46
061302_7768_42084;2;;573;336;336;45;291;58.64;13.39
061302_7769_42084;3;;458;236;236;37;199;51.53;15.68
061302_7770_42084;4;;404;221;221;37;184;54.70;16.74
061302_7771_42084;5;;288;90;90;28;62;31.25;31.11
061302_7772_42084;6;;349;219;219;24;195;62.75;10.96
061303_7773_42084;1;;1177;607;607;126;481;51.57;20.76
061303_7774_42084;2;;634;310;310;55;255;48.90;17.74
061303_7775_42084;3;;600;292;292;40;252;48.67;13.70
061303_7776_42084;4;;493;315;315;49;266;63.89;15.56
061303_7777_42084;5;;351;212;212;48;164;60.40;22.64
061304_29547_42084;12;;194;33;33;6;27;17.01;18.18
061304_7778_42084;1;;1960;1113;1113;156;957;56.79;14.02
061304_7779_42084;2;;1754;949;949;155;794;54.10;16.33
061304_7780_42084;3;;755;383;383;80;303;50.73;20.89
061304_7781_42084;4;;750;388;388;63;325;51.73;16.24
061304_7782_42084;5;;1778;901;901;106;795;50.67;11.76
061304_7783_42084;6;;602;293;293;50;243;48.67;17.06
061304_7784_42084;7;;1794;930;930;127;803;51.84;13.66
061304_7785_42084;8;;965;529;529;72;457;54.82;13.61
061304_7786_42084;9;;688;400;400;81;319;58.14;20.25
061304_7787_42084;10;;612;315;315;71;244;51.47;22.54
061304_7788_42084;11;;617;287;287;32;255;46.52;11.15
061305_7789_42084;1;;532;289;289;44;245;54.32;15.22
061305_7790_42084;2;;480;207;207;26;181;43.12;12.56
061305_7791_42084;3;;485;217;217;51;166;44.74;23.50
061306_7792_42084;1;;1340;822;822;105;717;61.34;12.77
061306_7793_42084;2;;989;466;466;62;404;47.12;13.30
061306_7794_42084;3;;848;491;491;98;393;57.90;19.96
061306_7795_42084;4;;751;367;367;67;300;48.87;18.26
061307_7796_42084;1;;554;402;402;138;264;72.56;34.33
061307_7797_42084;2;;698;521;521;89;432;74.64;17.08
061307_7798_42084;3;;566;373;373;141;232;65.90;37.80
061307_7799_42084;4;;435;245;245;107;138;56.32;43.67
061401_29548_42083;24;;69;13;13;1;12;18.84;7.69
061401_7800_42083;1;;1911;666;667;81;585;34.85;12.16
061401_7801_42083;2;;1878;912;912;101;811;48.56;11.07
061401_7802_42083;3;;1942;714;714;101;613;36.77;14.15
061401_7803_42083;4;;1740;777;777;116;661;44.66;14.93
061401_7804_42083;5;;1795;777;777;84;693;43.29;10.81
061401_7805_42083;6;;1740;737;737;66;671;42.36;8.96
061401_7806_42083;7;;740;327;327;35;292;44.19;10.70
061401_7807_42083;8;;2092;901;901;76;825;43.07;8.44
061401_7808_42083;9;;1951;818;818;109;709;41.93;13.33
061401_7809_42083;10;;1715;655;655;72;583;38.19;10.99
061401_7810_42083;11;;2279;996;996;151;845;43.70;15.16
061401_7811_42083;12;;2103;900;900;76;824;42.80;8.44
061401_7812_42083;13;;1469;646;646;71;575;43.98;10.99
061401_7813_42083;14;;2096;868;868;85;783;41.41;9.79
061401_7814_42083;15;;1353;570;570;71;499;42.13;12.46
061401_7815_42083;16;;1950;750;750;64;686;38.46;8.53
061401_7816_42083;17;;1759;520;520;72;448;29.56;13.85
061401_7817_42083;18;;1765;679;679;85;594;38.47;12.52
061401_7818_42083;19;;1479;541;541;61;480;36.58;11.28
061401_7819_42083;20;;2066;785;785;80;705;38.00;10.19
061401_7820_42083;21;;1737;583;583;74;509;33.56;12.69
061401_7821_42083;22;;1285;516;516;67;449;40.16;12.98
061401_7822_42083;23;;1411;571;571;85;486;40.47;14.89
061402_7823_42083;1;;930;554;554;110;444;59.57;19.86
061402_7824_42083;2;;872;555;555;105;450;63.65;18.92
061402_7825_42083;3;;258;143;143;28;115;55.43;19.58
061402_7826_42083;4;;355;199;199;53;146;56.06;26.63
061402_7827_42083;5;;547;294;294;59;235;53.75;20.07
061402_7828_42083;6;;447;277;277;58;219;61.97;20.94
061403_7829_42083;1;;1071;695;695;171;524;64.89;24.60
061403_7830_42083;2;;976;662;662;198;464;67.83;29.91
061403_7831_42083;3;;1095;598;598;112;486;54.61;18.73
061404_7832_42083;1;;1706;1087;1088;204;883;63.72;18.77
061404_7833_42083;2;;1577;873;873;190;683;55.36;21.76
061404_7834_42083;3;;1107;596;596;167;429;53.84;28.02
061404_7835_42083;4;;729;323;323;71;252;44.31;21.98
061404_7836_42083;5;;658;350;350;80;270;53.19;22.86
061405_7837_42083;1;;1099;550;550;65;485;50.05;11.82
061405_7838_42083;2;;1031;534;534;78;456;51.79;14.61
061405_7839_42083;3;;625;294;294;61;233;47.04;20.75
061405_7840_42083;4;;585;271;271;62;209;46.32;22.88
061405_7841_42083;5;;886;471;471;90;381;53.16;19.11
061405_7842_42083;6;;691;357;357;34;323;51.66;9.52
061405_7843_42083;7;;603;260;260;35;225;43.12;13.46
061405_7844_42083;8;;530;200;200;33;167;37.74;16.50
061405_7845_42083;9;;908;349;349;43;306;38.44;12.32
061405_7846_42083;10;;491;279;279;51;228;56.82;18.28
061406_7847_42083;1;;1292;657;657;86;571;50.85;13.09
061406_7848_42083;2;;1285;731;731;87;644;56.89;11.90
061406_7849_42083;3;;626;309;309;45;264;49.36;14.56
061406_7850_42083;4;;614;208;208;27;181;33.88;12.98
061406_7851_42083;5;;602;317;317;38;279;52.66;11.99
061406_7852_42083;6;;653;230;230;41;189;35.22;17.83
061406_7853_42083;7;;1300;534;534;84;450;41.08;15.73
061407_7854_42083;1;;1000;708;708;146;562;70.80;20.62
061407_7855_42083;2;;681;359;359;65;294;52.72;18.11
061407_7856_42083;3;;277;156;156;29;127;56.32;18.59
061407_7857_42083;4;;541;345;345;70;275;63.77;20.29
061408_7858_42083;1;;1637;868;868;128;740;53.02;14.75
061408_7859_42083;2;;912;461;461;94;367;50.55;20.39
061408_7860_42083;3;;742;361;361;62;299;48.65;17.17
061408_7861_42083;4;;900;506;506;81;425;56.22;16.01
061408_7862_42083;5;;605;295;295;46;249;48.76;15.59
061408_7863_42083;6;;465;208;208;36;172;44.73;17.31
061408_7864_42083;7;;723;301;301;58;243;41.63;19.27
061408_7865_42083;8;;582;286;286;67;219;49.14;23.43
061408_7866_42083;9;;650;310;310;47;263;47.69;15.16
061408_7867_42083;10;;333;169;169;46;123;50.75;27.22
061409_7868_42083;1;;1823;973;973;145;828;53.37;14.90
061409_7869_42083;2;;1373;640;640;172;468;46.61;26.88
061409_7870_42083;3;;1988;925;925;161;764;46.53;17.41
061409_7871_42083;4;;602;251;251;75;176;41.69;29.88
061409_7872_42083;5;;666;323;323;76;247;48.50;23.53
061409_7873_42083;6;;705;392;392;62;330;55.60;15.82
061409_7874_42083;7;;612;291;291;83;208;47.55;28.52
061409_7875_42083;8;;764;393;393;92;301;51.44;23.41
061409_7876_42083;9;;1189;654;654;166;488;55.00;25.38
061410_7877_42083;1;;1430;816;816;240;576;57.06;29.41
061410_7878_42083;2;;753;373;373;74;299;49.54;19.84
061410_7879_42083;3;;1092;473;473;83;390;43.32;17.55
061410_7880_42083;4;;477;218;218;60;158;45.70;27.52
061410_7881_42083;5;;95;23;23;9;14;24.21;39.13
061411_7882_42083;1;;389;223;223;51;172;57.33;22.87
061411_7883_42083;2;;1602;924;924;137;787;57.68;14.83
061411_7884_42083;3;;839;463;463;79;384;55.18;17.06
061411_7885_42083;4;;674;383;383;71;312;56.82;18.54
061411_7886_42083;5;;563;287;287;59;228;50.98;20.56
061411_7887_42083;6;;328;160;160;24;136;48.78;15.00
061411_7888_42083;7;;443;234;234;37;197;52.82;15.81
061411_7889_42083;8;;254;153;153;31;122;60.24;20.26
061411_7890_42083;9;;333;185;185;46;139;55.56;24.86
061501_29549_42084;10;;155;48;48;14;34;30.97;29.17
061501_7891_42084;1;;1919;1116;1116;140;976;58.16;12.54
061501_7892_42084;2;;1920;1060;1060;162;898;55.21;15.28
061501_7893_42084;3;;924;531;531;80;451;57.47;15.07
061501_7894_42084;4;;1721;883;883;120;763;51.31;13.59
061501_7895_42084;5;;1582;858;858;112;746;54.24;13.05
061501_7896_42084;6;;1660;917;917;119;798;55.24;12.98
061501_7897_42084;7;;955;538;538;104;434;56.34;19.33
061501_7898_42084;8;;783;487;487;84;403;62.20;17.25
061501_7899_42084;9;;1518;835;835;151;684;55.01;18.08
061502_7900_42084;1;;1228;773;773;80;693;62.95;10.35
061502_7901_42084;2;;974;594;594;41;553;60.99;6.90
061502_7902_42084;3;;403;258;258;15;243;64.02;5.81
061502_7903_42084;4;;1290;808;808;106;702;62.64;13.12
061502_7904_42084;5;;984;615;615;116;499;62.50;18.86
061503_7905_42084;1;;1460;919;919;131;788;62.95;14.25
061503_7906_42084;2;;606;410;410;56;354;67.66;13.66
061503_7907_42084;3;;604;365;365;62;303;60.43;16.99
061503_7908_42084;4;;372;228;228;37;191;61.29;16.23
061503_7909_42084;5;;653;404;404;56;348;61.87;13.86
061504_7910_42084;1;;1259;788;788;179;609;62.59;22.72
061504_7911_42084;2;;980;653;653;148;505;66.63;22.66
061504_7912_42084;3;;1392;840;840;172;668;60.34;20.48
061504_7913_42084;4;;613;352;352;69;283;57.42;19.60
061504_7914_42084;5;;619;366;366;115;251;59.13;31.42
061504_7915_42084;6;;909;493;493;112;381;54.24;22.72
061504_7916_42084;7;;516;309;309;68;241;59.88;22.01
061504_7917_42084;8;;414;209;209;43;166;50.48;20.57
061505_7918_42084;1;;1252;746;746;106;640;59.58;14.21
061505_7919_42084;2;;427;222;222;39;183;51.99;17.57
061505_7920_42084;3;;637;287;287;56;231;45.05;19.51
061505_7921_42084;4;;593;311;311;47;264;52.45;15.11
061505_7922_42084;5;;917;541;541;128;413;59.00;23.66
061506_7923_42084;1;;751;429;429;85;344;57.12;19.81
061506_7924_42084;2;;815;456;456;85;371;55.95;18.64
061506_7925_42084;3;;1168;633;633;82;551;54.20;12.95
061506_7926_42084;4;;461;280;280;67;213;60.74;23.93
061506_7927_42084;5;;620;367;367;72;295;59.19;19.62
061506_7928_42084;6;;650;412;412;77;335;63.38;18.69
061506_7929_42084;7;;1051;544;544;84;460;51.76;15.44
061506_7930_42084;8;;464;290;290;48;242;62.50;16.55
061506_7931_42084;9;;544;323;323;52;271;59.38;16.10
061507_7932_42084;1;;811;485;485;83;402;59.80;17.11
061507_7933_42084;2;;545;329;329;51;278;60.37;15.50
061507_7934_42084;3;;1693;1113;1113;111;1002;65.74;9.97
061507_7935_42084;4;;731;528;528;108;420;72.23;20.45
061507_7936_42084;5;;438;340;340;59;281;77.63;17.35
061507_7937_42084;6;;668;442;442;55;387;66.17;12.44
061508_29550_42084;7;;100;22;22;4;18;22.00;18.18
061508_7938_42084;1;;1859;968;968;213;755;52.07;22.00
061508_7939_42084;2;;1127;521;521;50;471;46.23;9.60
061508_7940_42084;3;;1480;751;751;159;592;50.74;21.17
061508_7941_42084;4;;515;269;269;55;214;52.23;20.45
061508_7942_42084;5;;339;164;164;24;140;48.38;14.63
061508_7943_42084;6;;391;186;186;41;145;47.57;22.04
061601_29551_42083;18;;26;14;14;1;13;53.85;7.14
061601_7944_42083;1;;738;339;339;88;251;45.93;25.96
061601_7945_42083;2;;1034;431;431;79;352;41.68;18.33
061601_7946_42083;3;;789;408;408;48;360;51.71;11.76
061601_7947_42083;4;;269;140;140;35;105;52.04;25.00
061601_7948_42083;5;;891;438;438;88;350;49.16;20.09
061601_7949_42083;6;;840;409;409;78;331;48.69;19.07
061601_7950_42083;7;;1127;525;525;79;446;46.58;15.05
061601_7951_42083;8;;1148;556;556;119;437;48.43;21.40
061601_7952_42083;9;;962;435;435;86;349;45.22;19.77
061601_7953_42083;10;;897;449;449;95;354;50.06;21.16
061601_7954_42083;11;;1001;532;532;150;382;53.15;28.20
061601_7955_42083;12;;985;511;511;88;423;51.88;17.22
061601_7956_42083;13;;460;262;262;54;208;56.96;20.61
061601_7957_42083;14;;302;136;136;52;84;45.03;38.24
061601_7958_42083;15;;830;354;354;54;300;42.65;15.25
061601_7959_42083;16;;886;459;459;102;357;51.81;22.22
061601_7960_42083;17;;527;298;298;28;270;56.55;9.40
061602_7961_42083;1;;1424;927;927;170;757;65.10;18.34
061602_7962_42083;2;;748;479;479;133;346;64.04;27.77
061602_7963_42083;3;;349;174;174;17;157;49.86;9.77
061602_7964_42083;4;;881;487;487;69;418;55.28;14.17
061602_7965_42083;5;;320;199;199;45;154;62.19;22.61
061602_7966_42083;6;;1229;731;732;187;544;59.48;25.58
061602_7967_42083;7;;431;247;247;58;189;57.31;23.48
061602_7968_42083;8;;521;313;313;67;246;60.08;21.41
061603_7969_42083;1;;928;525;525;90;435;56.57;17.14
061603_7970_42083;2;;297;189;189;37;152;63.64;19.58
061603_7971_42083;3;;467;281;281;58;223;60.17;20.64
061603_7972_42083;4;;816;389;389;125;264;47.67;32.13
061603_7973_42083;5;;201;124;124;25;99;61.69;20.16
061603_7974_42083;6;;267;155;155;33;122;58.05;21.29
061603_7975_42083;7;;430;207;207;42;165;48.14;20.29
061604_29552_42083;26;;33;21;21;6;15;63.64;28.57
061604_29553_42083;27;;20;6;6;1;5;30.00;16.67
061604_7976_42083;1;;836;491;491;76;415;58.73;15.48
061604_7977_42083;2;;856;452;453;57;395;52.80;12.61
061604_7978_42083;3;;789;496;497;41;455;62.86;8.27
061604_7979_42083;4;;838;524;524;89;435;62.53;16.98
061604_7980_42083;5;;849;478;478;63;415;56.30;13.18
061604_7981_42083;6;;835;451;451;61;390;54.01;13.53
061604_7982_42083;7;;784;433;433;34;399;55.23;7.85
061604_7983_42083;8;;1008;564;564;65;499;55.95;11.52
061604_7984_42083;9;;764;474;474;60;414;62.04;12.66
061604_7985_42083;10;;697;396;396;68;328;56.81;17.17
061604_7986_42083;11;;886;416;416;79;337;46.95;18.99
061604_7987_42083;12;;485;325;325;77;248;67.01;23.69
061604_7988_42083;13;;648;366;366;49;317;56.48;13.39
061604_7989_42083;14;;367;245;245;33;212;66.76;13.47
061604_7990_42083;15;;666;360;360;55;305;54.05;15.28
061604_7991_42083;16;;242;167;167;19;148;69.01;11.38
061604_7992_42083;17;;735;452;452;69;383;61.50;15.27
061604_7993_42083;18;;783;452;452;92;360;57.73;20.35
061604_7994_42083;19;;402;219;219;33;186;54.48;15.07
061604_7995_42083;20;;603;335;335;37;298;55.56;11.04
061604_7996_42083;21;;542;302;302;53;249;55.72;17.55
061604_7997_42083;22;;551;354;354;38;316;64.25;10.73
061604_7998_42083;23;;781;474;476;57;417;60.69;12.03
061604_7999_42083;24;;462;259;259;64;195;56.06;24.71
061604_8000_42083;25;;598;313;313;50;263;52.34;15.97
061605_8001_42083;1;;1694;1010;1010;220;790;59.62;21.78
061605_8002_42083;2;;437;247;247;73;174;56.52;29.55
061605_8003_42083;3;;622;349;349;78;271;56.11;22.35
061605_8004_42083;4;;373;204;204;49;155;54.69;24.02
061605_8005_42083;5;;501;209;209;34;175;41.72;16.27
061605_8006_42083;6;;448;265;265;43;222;59.15;16.23
061605_8007_42083;7;;378;218;218;60;158;57.67;27.52
061606_8008_42083;1;;629;415;415;79;336;65.98;19.04
061606_8009_42083;2;;376;229;229;33;196;60.90;14.41
061606_8010_42083;3;;564;301;301;26;275;53.37;8.64
061606_8011_42083;4;;315;176;176;20;156;55.87;11.36
061606_8012_42083;5;;220;129;129;27;102;58.64;20.93
061606_8013_42083;6;;331;226;226;18;208;68.28;7.96
061606_8014_42083;7;;370;227;227;35;192;61.35;15.42
061701_29554_42085;22;;180;43;43;6;37;23.89;13.95
061701_29555_42085;23;;108;31;31;14;17;28.70;45.16
061701_8015_42085;1;;1594;637;637;98;539;39.96;15.38
061701_8016_42085;2;;1192;442;442;90;352;37.08;20.36
061701_8017_42085;3;;1719;645;645;76;569;37.52;11.78
061701_8018_42085;4;;1513;609;609;153;456;40.25;25.12
061701_8019_42085;5;;1437;507;507;128;379;35.28;25.25
061701_8020_42085;6;;1860;719;719;136;583;38.66;18.92
061701_8021_42085;7;;1607;530;530;132;398;32.98;24.91
061701_8022_42085;8;;1619;542;542;55;487;33.48;10.15
061701_8023_42085;9;;1550;640;640;62;578;41.29;9.69
061701_8024_42085;10;;1876;797;797;64;733;42.48;8.03
061701_8025_42085;11;;1390;538;538;31;507;38.71;5.76
061701_8026_42085;12;;1378;542;542;99;443;39.33;18.27
061701_8027_42085;13;;1685;576;576;54;522;34.18;9.38
061701_8028_42085;14;;1613;542;542;76;466;33.60;14.02
061701_8029_42085;15;;1303;495;495;104;391;37.99;21.01
061701_8030_42085;16;;1432;529;529;58;471;36.94;10.96
061701_8031_42085;17;;2010;785;785;123;662;39.05;15.67
061701_8032_42085;18;;1787;713;713;47;666;39.90;6.59
061701_8033_42085;19;;1207;463;463;97;366;38.36;20.95
061701_8034_42085;20;;1593;548;548;121;427;34.40;22.08
061701_8035_42085;21;;1220;510;510;42;468;41.80;8.24
061702_8036_42085;1;;725;335;335;49;286;46.21;14.63
061702_8037_42085;2;;677;328;328;53;275;48.45;16.16
061702_8038_42085;3;;1714;922;922;164;758;53.79;17.79
061702_8039_42085;4;;841;485;485;97;388;57.67;20.00
061702_8040_42085;5;;1566;890;890;168;722;56.83;18.88
061702_8041_42085;6;;897;389;389;73;316;43.37;18.77
061702_8042_42085;7;;850;440;440;56;384;51.76;12.73
061703_8043_42085;1;;618;289;289;48;241;46.76;16.61
061703_8044_42085;2;;682;337;337;36;301;49.41;10.68
061703_8045_42085;3;;1090;523;523;74;449;47.98;14.15
061703_8046_42085;4;;739;378;378;37;341;51.15;9.79
061703_8047_42085;5;;606;283;283;45;238;46.70;15.90
061703_8048_42085;6;;554;347;347;17;330;62.64;4.90
061703_8049_42085;7;;506;266;266;41;225;52.57;15.41
061703_8050_42085;8;;681;269;269;27;242;39.50;10.04
061703_8051_42085;9;;569;306;306;27;279;53.78;8.82
061703_8052_42085;10;;1068;567;567;134;433;53.09;23.63
061703_8053_42085;11;;1091;607;607;61;546;55.64;10.05
061703_8054_42085;12;;518;266;266;40;226;51.35;15.04
061704_8055_42085;1;;701;441;441;96;345;62.91;21.77
061704_8056_42085;2;;368;210;210;73;137;57.07;34.76
061704_8057_42085;3;;630;349;349;81;268;55.40;23.21
061704_8058_42085;4;;437;163;163;38;125;37.30;23.31
061704_8059_42085;5;;905;543;543;76;467;60.00;14.00
061705_8060_42085;1;;1450;557;557;114;443;38.41;20.47
061705_8061_42085;2;;698;220;220;59;161;31.52;26.82
061705_8062_42085;3;;974;479;479;111;368;49.18;23.17
061705_8063_42085;4;;1331;464;464;67;397;34.86;14.44
061705_8064_42085;5;;2253;1049;1049;223;826;46.56;21.26
061705_8065_42085;6;;633;231;231;53;178;36.49;22.94
061801_29556_42086;12;;210;24;24;9;15;11.43;37.50
061801_8066_42086;1;;1533;722;722;91;631;47.10;12.60
061801_8067_42086;2;;1614;753;753;100;653;46.65;13.28
061801_8068_42086;3;;886;419;419;55;364;47.29;13.13
061801_8069_42086;4;;1530;666;666;133;533;43.53;19.97
061801_8070_42086;5;;1590;753;753;120;633;47.36;15.94
061801_8071_42086;6;;1553;732;732;102;630;47.13;13.93
061801_8072_42086;7;;1578;780;780;132;648;49.43;16.92
061801_8073_42086;8;;886;407;407;72;335;45.94;17.69
061801_8074_42086;9;;1654;816;816;94;722;49.33;11.52
061801_8075_42086;10;;1490;745;745;127;618;50.00;17.05
061801_8076_42086;11;;2387;1211;1211;189;1022;50.73;15.61
061802_8077_42086;1;;1499;902;902;268;634;60.17;29.71
061802_8078_42086;2;;767;387;387;106;281;50.46;27.39
061802_8079_42086;3;;292;157;157;52;105;53.77;33.12
061802_8080_42086;4;;252;151;151;42;109;59.92;27.81
061803_8081_42086;1;;947;523;523;130;393;55.23;24.86
061803_8082_42086;2;;926;536;536;114;422;57.88;21.27
061803_8083_42086;3;;525;282;282;55;227;53.71;19.50
061803_8084_42086;4;;613;330;330;83;247;53.83;25.15
061804_8085_42086;1;;1138;672;672;143;529;59.05;21.28
061804_8086_42086;2;;513;303;303;78;225;59.06;25.74
061804_8087_42086;3;;492;292;292;53;239;59.35;18.15
061804_8088_42086;4;;345;203;203;54;149;58.84;26.60
061804_8089_42086;5;;364;213;213;47;166;58.52;22.07
061805_8090_42086;1;;660;328;328;72;256;49.70;21.95
061805_8091_42086;2;;1693;844;844;148;696;49.85;17.54
061805_8092_42086;3;;723;287;287;52;235;39.70;18.12
061805_8093_42086;4;;277;128;128;23;105;46.21;17.97
061805_8094_42086;5;;624;270;270;60;210;43.27;22.22
061805_8095_42086;6;;1394;612;612;192;420;43.90;31.37
061806_8096_42086;1;;1005;618;618;118;500;61.49;19.09
061806_8097_42086;2;;1118;662;662;99;563;59.21;14.95
061806_8098_42086;3;;287;163;163;25;138;56.79;15.34
061806_8099_42086;4;;441;196;196;38;158;44.44;19.39
061806_8100_42086;5;;380;252;252;47;205;66.32;18.65
061806_8101_42086;6;;458;248;248;55;193;54.15;22.18
061806_8102_42086;7;;407;212;212;46;166;52.09;21.70
061806_8103_42086;8;;457;207;207;59;148;45.30;28.50
061806_8104_42086;9;;237;123;123;29;94;51.90;23.58
061806_8105_42086;10;;343;184;184;28;156;53.64;15.22
061806_8106_42086;11;;213;145;145;18;127;68.08;12.41
061807_8107_42086;1;;1073;656;656;108;548;61.14;16.46
061807_8108_42086;2;;274;149;149;60;89;54.38;40.27
061807_8109_42086;3;;372;200;200;41;159;53.76;20.50
061807_8110_42086;4;;270;141;141;26;115;52.22;18.44
061807_8111_42086;5;;888;503;503;118;385;56.64;23.46
061807_8112_42086;6;;247;173;173;33;140;70.04;19.08
061807_8113_42086;7;;807;416;416;85;331;51.55;20.43
061807_8114_42086;8;;358;221;221;41;180;61.73;18.55
061807_8115_42086;9;;276;180;180;47;133;65.22;26.11
061808_8116_42086;1;;636;365;365;96;269;57.39;26.30
061808_8117_42086;2;;846;462;462;75;387;54.61;16.23
061808_8118_42086;3;;1019;565;565;132;433;55.45;23.36
061808_8119_42086;4;;1119;512;512;117;395;45.76;22.85
061808_8120_42086;5;;628;333;333;79;254;53.03;23.72
061808_8121_42086;6;;1724;951;951;192;759;55.16;20.19
061808_8122_42086;7;;475;255;255;71;184;53.68;27.84
061809_8123_42086;1;;1014;553;553;122;431;54.54;22.06
061809_8124_42086;2;;907;560;560;164;396;61.74;29.29
061809_8125_42086;3;;419;271;271;50;221;64.68;18.45
061809_8126_42086;4;;507;263;263;89;174;51.87;33.84
061809_8127_42086;5;;435;266;266;63;203;61.15;23.68
061810_8128_42086;1;;1089;717;717;112;605;65.84;15.62
061810_8129_42086;2;;628;330;330;90;240;52.55;27.27
061810_8130_42086;3;;438;278;278;35;243;63.47;12.59
061810_8131_42086;4;;883;545;545;134;411;61.72;24.59
061811_8133_42086;1;;846;421;421;84;337;49.76;19.95
061811_8134_42086;2;;257;143;143;42;101;55.64;29.37
061811_8135_42086;3;;998;423;423;74;349;42.38;17.49
061811_8136_42086;4;;507;228;228;37;191;44.97;16.23
061811_8137_42086;5;;379;187;187;38;149;49.34;20.32
061811_8138_42086;6;;953;502;502;99;403;52.68;19.72
061811_8139_42086;7;;881;404;404;92;312;45.86;22.77
061811_8140_42086;8;;835;461;461;53;408;55.21;11.50
061811_8141_42086;9;;318;136;136;31;105;42.77;22.79
061811_8142_42086;10;;588;338;338;38;300;57.48;11.24
061811_8143_42086;11;;423;192;192;52;140;45.39;27.08
061811_8144_42086;12;;1842;856;856;118;738;46.47;13.79
061811_8145_42086;13;;346;182;182;49;133;52.60;26.92
061812_8146_42086;1;;1482;849;849;163;686;57.29;19.20
061812_8147_42086;2;;289;142;142;39;103;49.13;27.46
061812_8148_42086;3;;1029;556;556;101;455;54.03;18.17
061812_8149_42086;4;;545;284;284;80;204;52.11;28.17
061812_8150_42086;5;;343;220;220;35;185;64.14;15.91
061812_8151_42086;6;;592;387;387;97;290;65.37;25.06
061812_8152_42086;7;;313;148;148;23;125;47.28;15.54
061812_8153_42086;8;;312;187;187;54;133;59.94;28.88
061813_8154_42086;1;;409;171;171;57;114;41.81;33.33
061813_8155_42086;2;;994;494;494;99;395;49.70;20.04
061813_8156_42086;3;;784;324;324;96;228;41.33;29.63
061813_8157_42086;4;;334;132;132;37;95;39.52;28.03
061813_8158_42086;5;;238;87;87;30;57;36.55;34.48
061813_8159_42086;6;;524;261;261;39;222;49.81;14.94
061813_8160_42086;7;;300;137;137;38;99;45.67;27.74
061813_8161_42086;8;;298;143;143;43;100;47.99;30.07
061813_8162_42086;9;;357;160;160;34;126;44.82;21.25
061901_29557_42085;6;;306;20;20;4;16;6.54;20.00
061901_29558_42085;7;;88;21;21;2;19;23.86;9.52
061901_8163_42085;1;;2293;1088;1088;158;930;47.45;14.52
061901_8164_42085;2;;2125;997;997;152;845;46.92;15.25
061901_8165_42085;3;;2373;1185;1185;167;1018;49.94;14.09
061901_8166_42085;4;;2043;925;925;126;799;45.28;13.62
061901_8167_42085;5;;2336;1112;1112;158;954;47.60;14.21
061902_8168_42085;1;;943;643;643;134;509;68.19;20.84
061902_8169_42085;2;;562;334;334;78;256;59.43;23.35
061902_8170_42085;3;;655;424;424;104;320;64.73;24.53
061902_8171_42085;4;;502;287;287;52;235;57.17;18.12
061903_8172_42085;1;;863;378;378;101;277;43.80;26.72
061903_8173_42085;2;;315;182;182;59;123;57.78;32.42
061903_8174_42085;3;;1516;858;858;169;689;56.60;19.70
061903_8175_42085;4;;421;209;209;47;162;49.64;22.49
061904_8176_42085;1;;915;578;578;116;462;63.17;20.07
061904_8177_42085;2;;363;214;214;52;162;58.95;24.30
061904_8178_42085;3;;208;141;141;35;106;67.79;24.82
061904_8179_42085;4;;308;169;169;41;128;54.87;24.26
061905_8180_42085;1;;508;291;291;77;214;57.28;26.46
061905_8181_42085;2;;836;500;500;120;380;59.81;24.00
061905_8182_42085;3;;451;214;214;58;156;47.45;27.10
061905_8183_42085;4;;482;254;254;80;174;52.70;31.50
061905_8184_42085;5;;1141;637;637;151;486;55.83;23.70
061906_8185_42085;1;;106;54;54;4;50;50.94;7.41
061906_8186_42085;2;;368;202;202;47;155;54.89;23.27
061906_8187_42085;3;;898;524;524;79;445;58.35;15.08
061906_8188_42085;4;;438;222;222;40;182;50.68;18.02
061906_8189_42085;5;;622;367;367;82;285;59.00;22.34
061906_8190_42085;6;;385;178;178;74;104;46.23;41.57
061906_8191_42085;7;;329;133;133;25;108;40.43;18.80
061906_8192_42085;8;;313;172;172;54;118;54.95;31.40
061906_8193_42085;9;;869;406;406;55;351;46.72;13.55
061906_8194_42085;10;;79;48;48;6;42;60.76;12.50
061906_8195_42085;11;;180;126;126;23;103;70.00;18.25
061906_8196_42085;12;;339;216;216;59;157;63.72;27.31
061907_8197_42085;1;;698;344;344;53;291;49.28;15.41
061907_8198_42085;2;;570;259;259;42;217;45.44;16.22
061907_8199_42085;3;;511;235;235;41;194;45.99;17.45
061907_8200_42085;4;;719;331;331;50;281;46.04;15.11
061907_8201_42085;5;;515;269;269;45;224;52.23;16.73
061907_8202_42085;6;;408;170;170;31;139;41.67;18.24
061908_8203_42085;1;;883;610;610;129;481;69.08;21.15
061908_8204_42085;2;;254;124;124;51;73;48.82;41.13
061908_8205_42085;3;;194;115;115;29;86;59.28;25.22
061908_8206_42085;4;;341;245;245;76;169;71.85;31.02
061908_8207_42085;5;;360;243;243;87;156;67.50;35.80
061908_8208_42085;6;;266;155;155;35;120;58.27;22.58
062001_8209_42086;1;;1111;711;711;189;522;64.00;26.58
062001_8210_42086;2;;632;432;432;67;365;68.35;15.51
062001_8211_42086;3;;502;286;286;65;221;56.97;22.73
062001_8212_42086;4;;662;411;411;89;322;62.08;21.65
062001_8213_42086;5;;1120;721;721;157;564;64.38;21.78
062002_8214_42086;1;;1147;577;577;113;464;50.31;19.58
062002_8215_42086;2;;1176;551;551;95;456;46.85;17.24
062002_8216_42086;3;;573;233;233;52;181;40.66;22.32
062002_8217_42086;4;;761;360;361;90;270;47.31;25.00
062003_8218_42086;1;;459;286;286;79;207;62.31;27.62
062003_8219_42086;2;;544;350;350;56;294;64.34;16.00
062003_8220_42086;3;;767;483;483;85;398;62.97;17.60
062003_8221_42086;4;;912;619;619;135;484;67.87;21.81
062003_8222_42086;5;;508;320;320;35;285;62.99;10.94
062003_8223_42086;6;;371;242;242;43;199;65.23;17.77
062003_8224_42086;7;;488;301;301;75;226;61.68;24.92
062003_8225_42086;8;;412;296;296;53;243;71.84;17.91
062004_29559_42086;11;;44;41;41;5;36;93.18;12.20
062004_29560_42086;12;;115;76;76;11;65;66.09;14.47
062004_8226_42086;1;;1731;1037;1037;215;822;59.91;20.73
062004_8227_42086;2;;285;155;155;22;133;54.39;14.19
062004_8228_42086;3;;775;450;450;79;371;58.06;17.56
062004_8229_42086;4;;239;141;141;51;90;59.00;36.17
062004_8230_42086;5;;324;167;167;37;130;51.54;22.16
062004_8231_42086;6;;449;233;233;26;207;51.89;11.16
062004_8232_42086;7;;478;184;184;35;149;38.49;19.02
062004_8233_42086;8;;322;213;213;46;167;66.15;21.60
062004_8234_42086;9;;331;209;209;49;160;63.14;23.44
062004_8235_42086;10;;822;463;463;93;370;56.33;20.09
062005_8236_42086;1;;636;346;346;70;276;54.40;20.23
062005_8237_42086;2;;1305;730;730;131;599;55.94;17.95
062005_8238_42086;3;;1384;751;751;149;602;54.26;19.84
062005_8239_42086;4;;688;347;347;65;282;50.44;18.73
062005_8240_42086;5;;547;243;243;48;195;44.42;19.75
062005_8241_42086;6;;239;143;143;25;118;59.83;17.48
062005_8242_42086;7;;296;143;143;19;124;48.31;13.29
062006_8243_42086;1;;681;312;312;70;242;45.81;22.44
062006_8244_42086;2;;1266;709;709;145;564;56.00;20.45
062006_8245_42086;3;;543;244;244;54;190;44.94;22.13
062006_8246_42086;4;;576;246;246;66;180;42.71;26.83
062006_8247_42086;5;;678;294;294;38;256;43.36;12.93
062006_8248_42086;6;;442;191;191;49;142;43.21;25.65
062006_8249_42086;7;;447;190;190;37;153;42.51;19.47
062006_8250_42086;8;;369;164;164;37;127;44.44;22.56
062007_8251_42086;1;;1068;672;672;73;599;62.92;10.86
062007_8252_42086;2;;597;330;330;82;248;55.28;24.85
062007_8253_42086;3;;1019;646;646;136;510;63.40;21.05
062007_8254_42086;4;;1080;587;587;88;499;54.35;14.99
062007_8255_42086;5;;373;204;204;36;168;54.69;17.65
062007_8256_42086;6;;412;207;207;36;171;50.24;17.39
062007_8257_42086;7;;288;166;166;49;117;57.64;29.52
062008_29561_42086;7;;280;16;16;7;9;5.71;43.75
062008_8258_42086;1;;562;358;358;72;286;63.70;20.11
062008_8259_42086;2;;735;431;431;67;364;58.64;15.55
062008_8260_42086;3;;1093;575;575;108;467;52.61;18.78
062008_8261_42086;4;;561;275;275;44;231;49.02;16.00
062008_8262_42086;5;;1262;728;728;169;559;57.69;23.21
062008_8263_42086;6;;736;436;436;77;359;59.24;17.66
062009_8264_42086;1;;1403;743;743;119;624;52.96;16.02
062009_8265_42086;2;;362;190;190;54;136;52.49;28.42
062009_8266_42086;3;;866;392;392;106;286;45.27;27.04
062009_8267_42086;4;;853;457;457;82;375;53.58;17.94
062009_8268_42086;5;;1255;565;565;108;457;45.02;19.12
062009_8269_42086;6;;852;406;406;65;341;47.65;16.01
062010_8270_42086;1;;2172;1444;1444;418;1026;66.48;28.95
062010_8271_42086;2;;353;241;241;51;190;68.27;21.16
062010_8272_42086;3;;305;204;204;67;137;66.89;32.84
062010_8273_42086;4;;579;367;367;83;284;63.39;22.62
062010_8274_42086;5;;755;369;369;105;264;48.87;28.46
062010_8275_42086;6;;293;172;172;46;126;58.70;26.74
062011_8276_42086;1;;468;350;350;87;263;74.79;24.86
062011_8277_42086;2;;1092;714;714;126;588;65.38;17.65
062011_8278_42086;3;;864;580;580;136;444;67.13;23.45
062011_8279_42086;4;;661;432;432;89;343;65.36;20.60
062011_8280_42086;5;;864;450;450;108;342;52.08;24.00
062011_8281_42086;6;;527;363;363;65;298;68.88;17.91
062012_8282_42086;1;;616;362;362;64;298;58.77;17.68
062012_8283_42086;2;;823;487;487;83;404;59.17;17.04
062012_8284_42086;3;;559;306;306;40;266;54.74;13.07
062012_8285_42086;4;;954;567;567;108;459;59.43;19.05
062012_8286_42086;5;;1022;594;594;125;469;58.12;21.04
062013_30772_42086;11;;38;6;6;1;5;15.79;16.67
062013_30773_42086;12;;50;45;45;0;45;90.00;0.00
062013_8287_42086;1;;1313;633;633;86;547;48.21;13.59
062013_8288_42086;2;;996;397;397;87;310;39.86;21.91
062013_8289_42086;3;;698;330;330;61;269;47.28;18.48
062013_8290_42086;4;;918;417;417;79;338;45.42;18.94
062013_8291_42086;5;;764;423;423;95;328;55.37;22.46
062013_8292_42086;6;;1750;783;783;97;686;44.74;12.39
062013_8293_42086;7;;475;222;222;38;184;46.74;17.12
062013_8294_42086;8;;476;241;241;56;185;50.63;23.24
062013_8295_42086;9;;1072;404;404;63;341;37.69;15.59
062013_8296_42086;10;;1182;541;541;100;441;45.77;18.48
062014_8297_42086;1;;987;505;505;69;436;51.17;13.66
062014_8298_42086;2;;964;490;490;70;420;50.83;14.29
062014_8299_42086;3;;1714;755;755;98;657;44.05;12.98
062014_8300_42086;4;;608;392;392;72;320;64.47;18.37
062014_8301_42086;5;;594;268;268;48;220;45.12;17.91
062014_8302_42086;6;;694;319;319;80;239;45.97;25.08
062014_8303_42086;7;;1444;643;643;76;567;44.53;11.82
062014_8304_42086;8;;951;509;509;119;390;53.52;23.38
062014_8305_42086;9;;1075;559;559;103;456;52.00;18.43
062014_8306_42086;10;;803;378;378;86;292;47.07;22.75
062014_8307_42086;11;;1655;700;700;127;573;42.30;18.14
062014_8308_42086;12;;1562;679;679;103;576;43.47;15.17
062014_8309_42086;13;;677;348;348;37;311;51.40;10.63
062014_8310_42086;14;;469;248;248;63;185;52.88;25.40
062014_8311_42086;15;;567;268;268;50;218;47.27;18.66
062014_8312_42086;16;;741;388;388;87;301;52.36;22.42
062014_8313_42086;17;;432;239;239;54;185;55.32;22.59
062014_8314_42086;18;;296;107;107;26;81;36.15;24.30
062014_8315_42086;19;;811;400;400;50;350;49.32;12.50
062014_8316_42086;20;;602;270;270;45;225;44.85;16.67
062014_8317_42086;21;;510;235;235;42;193;46.08;17.87
062015_8318_42086;1;;1673;857;857;198;659;51.23;23.10
062015_8319_42086;2;;1478;701;701;147;554;47.43;20.97
062015_8320_42086;3;;1222;566;566;130;436;46.32;22.97
062015_8321_42086;4;;822;385;385;117;268;46.84;30.39
062015_8322_42086;5;;653;263;263;60;203;40.28;22.81
066101_29562_42084;28;;180;37;37;3;34;20.56;8.11
066101_29563_42084;29;;203;58;58;19;39;28.57;32.76
066101_8323_42084;1;;1640;794;794;100;694;48.41;12.59
066101_8324_42084;2;;1582;656;656;85;571;41.47;12.96
066101_8325_42084;3;;1518;675;675;74;601;44.47;10.96
066101_8326_42084;4;;1406;668;669;102;566;47.51;15.27
066101_8327_42084;5;;1659;859;859;78;781;51.78;9.08
066101_8328_42084;6;;1917;969;969;131;838;50.55;13.52
066101_8329_42084;7;;1608;822;822;74;748;51.12;9.00
066101_8330_42084;8;;977;417;417;52;365;42.68;12.47
066101_8331_42084;9;;1053;507;507;53;454;48.15;10.45
066101_8332_42084;10;;1125;509;509;63;446;45.24;12.38
066101_8333_42084;11;;826;386;386;39;347;46.73;10.10
066101_8334_42084;12;;2071;921;921;127;794;44.47;13.79
066101_8335_42084;13;;2425;1259;1259;99;1160;51.92;7.86
066101_8336_42084;14;;1855;978;978;121;857;52.72;12.37
066101_8337_42084;15;;1602;777;777;72;705;48.50;9.27
066101_8338_42084;16;;2306;1096;1096;97;999;47.53;8.85
066101_8339_42084;17;;2084;1073;1073;142;931;51.49;13.23
066101_8340_42084;18;;2010;1009;1009;70;939;50.20;6.94
066101_8341_42084;19;;1965;1010;1010;84;926;51.40;8.32
066101_8342_42084;20;;2262;1235;1235;91;1144;54.60;7.37
066101_8343_42084;21;;2200;1109;1109;97;1012;50.41;8.75
066101_8344_42084;22;;2174;1034;1034;83;951;47.56;8.03
066101_8345_42084;23;;2081;1007;1007;111;896;48.39;11.02
066101_8346_42084;24;;1667;800;800;63;737;47.99;7.88
066101_8347_42084;25;;1693;778;778;59;719;45.95;7.58
066101_8348_42084;26;;636;350;350;30;320;55.03;8.57
066101_8349_42084;27;;1567;647;647;77;570;41.29;11.90
066201_29564_42085;35;;520;87;87;32;55;16.73;36.78
066201_29565_42085;36;;464;81;81;9;72;17.46;11.11
066201_8350_42085;1;;1539;709;709;49;660;46.07;6.91
066201_8351_42085;2;;2083;826;826;77;749;39.65;9.32
066201_8352_42085;3;;2132;819;820;59;760;38.41;7.20
066201_8353_42085;4;;1586;631;631;52;579;39.79;8.24
066201_8354_42085;5;;1718;721;721;48;673;41.97;6.66
066201_8355_42085;6;;635;285;285;23;262;44.88;8.07
066201_8356_42085;7;;1483;525;525;43;482;35.40;8.19
066201_8357_42085;8;;2062;889;889;105;784;43.11;11.81
066201_8358_42085;9;;1425;700;700;69;631;49.12;9.86
066201_8359_42085;10;;1664;724;724;73;651;43.51;10.08
066201_8360_42085;11;;2113;855;855;87;768;40.46;10.18
066201_8361_42085;12;;1521;668;668;46;622;43.92;6.89
066201_8362_42085;13;;1554;525;525;80;445;33.78;15.24
066201_8363_42085;14;;1558;605;605;80;525;38.83;13.22
066201_8364_42085;15;;1529;643;643;56;587;42.05;8.71
066201_8365_42085;16;;1733;621;621;74;547;35.83;11.92
066201_8366_42085;17;;964;344;344;39;305;35.68;11.34
066201_8367_42085;18;;1080;434;434;55;379;40.19;12.67
066201_8368_42085;19;;2024;839;839;68;771;41.45;8.10
066201_8369_42085;20;;457;191;191;12;179;41.79;6.28
066201_8370_42085;21;;1845;901;901;62;839;48.83;6.88
066201_8371_42085;22;;995;434;434;53;381;43.62;12.21
066201_8372_42085;23;;1614;723;723;58;665;44.80;8.02
066201_8373_42085;24;;1353;547;547;55;492;40.43;10.05
066201_8374_42085;25;;1816;803;803;50;753;44.22;6.23
066201_8375_42085;26;;1969;901;901;113;788;45.76;12.54
066201_8376_42085;27;;1647;674;674;56;618;40.92;8.31
066201_8377_42085;28;;2152;962;962;109;853;44.70;11.33
066201_8378_42085;29;;1653;701;701;78;623;42.41;11.13
066201_8379_42085;30;;1654;708;708;97;611;42.81;13.70
066201_8380_42085;31;;1820;754;754;56;698;41.43;7.43
066201_8381_42085;32;;1563;680;680;69;611;43.51;10.15
066201_8382_42085;33;;1661;733;733;48;685;44.13;6.55
066201_8383_42085;34;;777;282;282;28;254;36.29;9.93
066301_29566_42082;187;;54;2;2;1;1;3.70;50.00
066301_29567_42082;188;;288;18;18;1;17;6.25;5.56
066301_29568_42082;189;;27;7;7;1;6;25.93;14.29
066301_29569_42082;190;;71;10;10;1;9;14.08;10.00
066301_29570_42082;191;;106;20;20;1;19;18.87;5.00
066301_29571_42082;192;;67;16;16;0;16;23.88;0.00
066301_29572_42082;193;;636;59;59;5;54;9.28;8.47
066301_29573_42082;194;;165;24;24;2;22;14.55;8.33
066301_29574_42082;195;;75;24;24;4;20;32.00;16.67
066301_29575_42082;196;;105;28;28;2;26;26.67;7.14
066301_29576_42082;197;;395;47;47;1;46;11.90;2.13
066301_29577_42082;198;;156;23;23;2;21;14.74;8.70
066301_29578_42082;199;;102;29;29;9;20;28.43;31.03
066301_29579_42082;200;;635;31;31;6;25;4.88;19.35
066301_29580_42082;201;;62;41;41;4;37;66.13;9.76
066301_29581_42082;202;;88;29;29;4;25;32.95;13.79
066301_29582_42082;203;;91;57;57;1;56;62.64;1.75
066301_29583_42082;204;;128;57;57;12;45;44.53;21.05
066301_29584_42082;205;;105;40;40;6;34;38.10;15.00
066301_29585_42082;206;;62;38;38;5;33;61.29;13.16
066301_29586_42082;207;;890;271;271;87;184;30.45;32.10
066301_8384_42082;1;;1290;535;535;53;482;41.47;9.91
066301_8385_42082;2;;1510;668;668;64;604;44.24;9.58
066301_8386_42082;3;;2134;927;927;96;831;43.44;10.36
066301_8387_42082;4;;2208;976;976;59;917;44.20;6.05
066301_8388_42082;5;;1690;662;662;75;587;39.17;11.33
066301_8389_42082;6;;729;291;291;20;271;39.92;6.87
066301_8390_42082;7;;682;296;296;23;273;43.40;7.77
066301_8391_42082;8;;599;295;295;9;286;49.25;3.05
066301_8392_42082;9;;1632;611;611;31;580;37.44;5.07
066301_8393_42082;10;;1490;396;396;33;363;26.58;8.33
066301_8394_42082;11;;1232;405;405;36;369;32.87;8.89
066301_8395_42082;12;;807;147;147;20;127;18.22;13.61
066301_8396_42082;13;;755;255;255;15;240;33.77;5.88
066301_8397_42082;14;;1061;454;454;35;419;42.79;7.71
066301_8398_42082;15;;1091;353;353;33;320;32.36;9.35
066301_8399_42082;16;;603;276;276;11;265;45.77;3.99
066301_8400_42082;17;;677;222;222;9;213;32.79;4.05
066301_8401_42082;18;;1472;524;524;30;494;35.60;5.73
066301_8402_42082;19;;829;233;233;23;210;28.11;9.87
066301_8403_42082;20;;1332;537;537;61;476;40.32;11.36
066301_8404_42082;21;;860;270;270;22;248;31.40;8.15
066301_8405_42082;22;;707;203;203;24;179;28.71;11.82
066301_8406_42082;23;;870;321;321;13;308;36.90;4.05
066301_8407_42082;24;;748;313;313;32;281;41.84;10.22
066301_8408_42082;25;;1141;492;492;28;464;43.12;5.69
066301_8409_42082;26;;898;180;180;20;160;20.04;11.11
066301_8410_42082;27;;631;147;147;6;141;23.30;4.08
066301_8411_42082;28;;446;158;158;13;145;35.43;8.23
066301_8412_42082;29;;1809;420;420;42;378;23.22;10.00
066301_8413_42082;30;;828;208;208;18;190;25.12;8.65
066301_8414_42082;31;;1583;575;575;31;544;36.32;5.39
066301_8415_42082;32;;2000;766;766;70;696;38.30;9.14
066301_8416_42082;33;;1842;781;781;106;675;42.40;13.57
066301_8417_42082;34;;2050;678;678;81;597;33.07;11.95
066301_8418_42082;35;;1245;398;398;54;344;31.97;13.57
066301_8419_42082;36;;898;401;401;18;383;44.65;4.49
066301_8420_42082;37;;605;326;326;12;314;53.88;3.68
066301_8421_42082;38;;769;395;395;11;384;51.37;2.78
066301_8422_42082;39;;1529;709;709;63;646;46.37;8.89
066301_8423_42082;40;;1097;564;564;46;518;51.41;8.16
066301_8424_42082;41;;1174;575;575;29;546;48.98;5.04
066301_8425_42082;42;;959;439;439;11;428;45.78;2.51
066301_8426_42082;43;;1729;863;863;34;829;49.91;3.94
066301_8427_42082;44;;2080;1078;1078;52;1026;51.83;4.82
066301_8428_42082;45;;2137;917;917;34;883;42.91;3.71
066301_8429_42082;46;;1876;828;828;83;745;44.14;10.02
066301_8430_42082;47;;1049;472;472;43;429;45.00;9.11
066301_8431_42082;48;;893;448;448;37;411;50.17;8.26
066301_8432_42082;49;;1073;550;550;45;505;51.26;8.18
066301_8433_42082;50;;1285;632;632;61;571;49.18;9.65
066301_8434_42082;51;;1049;547;547;47;500;52.14;8.59
066301_8435_42082;52;;1269;644;644;41;603;50.75;6.37
066301_8436_42082;53;;1682;768;768;50;718;45.66;6.51
066301_8437_42082;54;;1552;615;615;47;568;39.63;7.64
066301_8438_42082;55;;1503;612;612;37;575;40.72;6.05
066301_8439_42082;56;;1052;463;463;49;414;44.01;10.58
066301_8440_42082;57;;1199;572;572;50;522;47.71;8.74
066301_8441_42082;58;;1266;605;605;43;562;47.79;7.11
066301_8442_42082;59;;2064;964;964;87;877;46.71;9.02
066301_8443_42082;60;;1798;870;870;67;803;48.39;7.70
066301_8444_42082;61;;1944;937;937;75;862;48.20;8.00
066301_8445_42082;62;;1854;844;844;55;789;45.52;6.52
066301_8446_42082;63;;1942;728;728;56;672;37.49;7.69
066301_8447_42082;64;;740;227;227;17;210;30.68;7.49
066301_8448_42082;65;;688;159;159;12;147;23.11;7.55
066301_8449_42082;66;;699;164;164;16;148;23.46;9.76
066301_8450_42082;67;;841;170;170;30;140;20.21;17.65
066301_8451_42082;68;;2259;972;972;37;935;43.03;3.81
066301_8452_42082;69;;1000;529;529;27;502;52.90;5.10
066301_8453_42082;70;;1829;1031;1031;38;993;56.37;3.69
066301_8454_42082;71;;1751;772;772;74;698;44.09;9.59
066301_8455_42082;72;;2271;908;908;62;846;39.98;6.83
066301_8456_42082;73;;1859;752;752;49;703;40.45;6.52
066301_8457_42082;74;;2202;971;971;104;867;44.10;10.71
066301_8458_42082;75;;914;413;413;16;397;45.19;3.87
066301_8459_42082;76;;1731;764;764;42;722;44.14;5.50
066301_8460_42082;77;;1898;789;789;77;712;41.57;9.76
066301_8461_42082;78;;2084;886;886;64;822;42.51;7.22
066301_8462_42082;79;;1013;448;448;25;423;44.23;5.58
066301_8463_42082;80;;1599;752;752;44;708;47.03;5.85
066301_8464_42082;81;;1985;800;800;48;752;40.30;6.00
066301_8465_42082;82;;2109;874;874;51;823;41.44;5.84
066301_8466_42082;83;;1879;860;860;126;734;45.77;14.65
066301_8467_42082;84;;1334;632;632;46;586;47.38;7.28
066301_8468_42082;85;;1153;521;521;26;495;45.19;4.99
066301_8469_42082;86;;1842;834;834;67;767;45.28;8.03
066301_8470_42082;87;;876;390;390;25;365;44.52;6.41
066301_8471_42082;88;;1933;864;864;79;785;44.70;9.14
066301_8472_42082;89;;998;472;472;25;447;47.29;5.30
066301_8473_42082;90;;1362;652;652;36;616;47.87;5.52
066301_8474_42082;91;;2071;810;810;75;735;39.11;9.26
066301_8475_42082;92;;1381;573;573;28;545;41.49;4.89
066301_8476_42082;93;;1149;534;534;29;505;46.48;5.43
066301_8477_42082;94;;2300;1013;1013;57;956;44.04;5.63
066301_8478_42082;95;;2116;1013;1013;53;960;47.87;5.23
066301_8479_42082;96;;2157;938;938;45;893;43.49;4.80
066301_8480_42082;97;;1775;827;827;38;789;46.59;4.59
066301_8481_42082;98;;1693;825;825;45;780;48.73;5.45
066301_8482_42082;99;;2141;966;966;66;900;45.12;6.83
066301_8483_42082;100;;1946;927;927;63;864;47.64;6.80
066301_8484_42082;101;;1882;805;805;66;739;42.77;8.20
066301_8485_42082;102;;2059;1077;1077;56;1021;52.31;5.20
066301_8486_42082;103;;1716;712;712;68;644;41.49;9.55
066301_8487_42082;104;;1562;627;627;56;571;40.14;8.93
066301_8488_42082;105;;1527;693;693;52;641;45.38;7.50
066301_8489_42082;106;;1547;662;663;56;606;42.79;8.46
066301_8490_42082;107;;1869;813;813;68;745;43.50;8.36
066301_8491_42082;108;;1954;881;881;75;806;45.09;8.51
066301_8492_42082;109;;2210;1004;1004;58;946;45.43;5.78
066301_8493_42082;110;;2076;902;902;63;839;43.45;6.98
066301_8494_42082;111;;1830;830;830;102;728;45.36;12.29
066301_8495_42082;112;;1670;694;694;65;629;41.56;9.37
066301_8496_42082;113;;1987;896;896;51;845;45.09;5.69
066301_8497_42082;114;;1537;588;588;33;555;38.26;5.61
066301_8498_42082;115;;1542;685;685;35;650;44.42;5.11
066301_8499_42082;116;;1709;639;639;44;595;37.39;6.89
066301_8500_42082;117;;1565;650;650;33;617;41.53;5.08
066301_8501_42082;118;;1743;749;749;47;702;42.97;6.28
066301_8502_42082;119;;1318;557;557;34;523;42.26;6.10
066301_8503_42082;120;;1384;609;609;26;583;44.00;4.27
066301_8504_42082;121;;1274;548;548;10;538;43.01;1.82
066301_8505_42082;122;;524;118;118;19;99;22.52;16.10
066301_8506_42082;123;;1742;804;804;40;764;46.15;4.98
066301_8507_42082;124;;1100;449;449;35;414;40.82;7.80
066301_8508_42082;125;;1384;562;562;54;508;40.61;9.61
066301_8509_42082;126;;1830;838;838;52;786;45.79;6.21
066301_8510_42082;127;;1896;853;853;37;816;44.99;4.34
066301_8511_42082;128;;1100;392;392;23;369;35.64;5.87
066301_8512_42082;129;;1499;620;620;45;575;41.36;7.26
066301_8513_42082;130;;1524;683;683;52;631;44.82;7.61
066301_8514_42082;131;;1372;652;652;67;585;47.52;10.28
066301_8515_42082;132;;2234;971;971;89;882;43.46;9.17
066301_8516_42082;133;;1861;838;838;87;751;45.03;10.38
066301_8517_42082;134;;1840;619;619;55;564;33.64;8.89
066301_8518_42082;135;;1564;644;644;51;593;41.18;7.92
066301_8519_42082;136;;1783;786;786;93;693;44.08;11.83
066301_8520_42082;137;;1582;534;534;67;467;33.75;12.55
066301_8521_42082;138;;1495;681;681;72;609;45.55;10.57
066301_8522_42082;139;;1189;509;509;49;460;42.81;9.63
066301_8523_42082;140;;897;390;390;38;352;43.48;9.74
066301_8524_42082;141;;1202;259;259;31;228;21.55;11.97
066301_8525_42082;142;;1117;418;418;46;372;37.42;11.00
066301_8526_42082;143;;1126;477;477;56;421;42.36;11.74
066301_8527_42082;144;;1222;346;346;53;293;28.31;15.32
066301_8528_42082;145;;1159;371;371;38;333;32.01;10.24
066301_8529_42082;146;;943;273;273;39;234;28.95;14.29
066301_8530_42082;147;;1258;358;358;62;296;28.46;17.32
066301_8531_42082;148;;1003;301;301;44;257;30.01;14.62
066301_8532_42082;149;;872;241;241;27;214;27.64;11.20
066301_8533_42082;150;;588;209;209;14;195;35.54;6.70
066301_8534_42082;151;;372;84;84;8;76;22.58;9.52
066301_8535_42082;152;;1071;313;313;43;270;29.23;13.74
066301_8536_42082;153;;804;117;117;14;103;14.55;11.97
066301_8537_42082;154;;1970;804;804;58;746;40.81;7.21
066301_8538_42082;155;;968;364;364;24;340;37.60;6.59
066301_8539_42082;156;;1580;567;567;75;492;35.89;13.23
066301_8540_42082;157;;675;233;233;19;214;34.52;8.15
066301_8541_42082;158;;1688;656;656;84;572;38.86;12.80
066301_8542_42082;159;;2283;926;926;64;862;40.56;6.91
066301_8543_42082;160;;1880;753;753;64;689;40.05;8.50
066301_8544_42082;161;;2048;950;950;74;876;46.39;7.79
066301_8545_42082;162;;1989;822;822;62;760;41.33;7.54
066301_8546_42082;163;;1617;551;551;72;479;34.08;13.07
066301_8547_42082;164;;615;266;266;10;256;43.25;3.76
066301_8548_42082;165;;1292;653;653;36;617;50.54;5.51
066301_8549_42082;166;;1309;467;467;40;427;35.68;8.57
066301_8550_42082;167;;1790;429;429;25;404;23.97;5.83
066301_8551_42082;168;;925;293;293;19;274;31.68;6.48
066301_8552_42082;169;;2222;905;905;43;862;40.73;4.75
066301_8553_42082;170;;2195;1046;1046;67;979;47.65;6.41
066301_8554_42082;171;;1731;723;723;48;675;41.77;6.64
066301_8555_42082;172;;1426;553;553;50;503;38.78;9.04
066301_8556_42082;173;;1567;623;623;38;585;39.76;6.10
066301_8557_42082;174;;1064;434;434;15;419;40.79;3.46
066301_8558_42082;175;;2081;813;813;55;758;39.07;6.77
066301_8559_42082;176;;389;127;127;3;124;32.65;2.36
066301_8560_42082;177;;1329;636;636;51;585;47.86;8.02
066301_8561_42082;178;;1359;500;500;24;476;36.79;4.80
066301_8562_42082;179;;1579;393;393;27;366;24.89;6.87
066301_8563_42082;180;;1561;764;764;42;722;48.94;5.50
066301_8564_42082;181;;1536;597;597;49;548;38.87;8.21
066301_8565_42082;182;;1738;814;814;39;775;46.84;4.79
066301_8566_42082;183;;1877;700;700;64;636;37.29;9.14
066301_8567_42082;184;;1039;371;371;33;338;35.71;8.89
066301_8568_42082;185;;1349;430;430;36;394;31.88;8.37
066301_8569_42082;186;;1658;662;662;42;620;39.93;6.34
066401_29587_42086;31;;189;51;51;14;37;26.98;27.45
066401_29588_42086;32;;321;78;78;30;48;24.30;38.46
066401_29589_42086;33;;195;33;33;3;30;16.92;9.09
066401_29590_42086;34;;311;32;32;1;31;10.29;3.12
066401_8570_42086;1;;1546;467;467;38;429;30.21;8.14
066401_8571_42086;2;;1433;590;590;74;516;41.17;12.54
066401_8572_42086;3;;1826;818;818;74;744;44.80;9.05
066401_8573_42086;4;;1881;801;801;94;707;42.58;11.74
066401_8574_42086;5;;1604;671;671;158;513;41.83;23.55
066401_8575_42086;6;;1865;782;782;82;700;41.93;10.49
066401_8576_42086;7;;1861;720;720;59;661;38.69;8.19
066401_8577_42086;8;;1535;624;624;63;561;40.65;10.10
066401_8578_42086;9;;2005;714;714;83;631;35.61;11.62
066401_8579_42086;10;;1445;569;569;59;510;39.38;10.37
066401_8580_42086;11;;2187;933;933;87;846;42.66;9.32
066401_8581_42086;12;;1916;783;783;60;723;40.87;7.66
066401_8582_42086;13;;2216;821;821;91;730;37.05;11.08
066401_8583_42086;14;;1936;750;750;64;686;38.74;8.53
066401_8584_42086;15;;1587;527;527;77;450;33.21;14.61
066401_8585_42086;16;;1054;439;439;77;362;41.65;17.54
066401_8586_42086;17;;2296;839;860;49;790;36.54;5.84
066401_8587_42086;18;;2183;968;968;101;867;44.34;10.43
066401_8588_42086;19;;2217;902;902;95;807;40.69;10.53
066401_8589_42086;20;;1610;654;654;54;600;40.62;8.26
066401_8590_42086;21;;949;379;379;38;341;39.94;10.03
066401_8591_42086;22;;1825;775;775;96;679;42.47;12.39
066401_8592_42086;23;;1358;498;498;49;449;36.67;9.84
066401_8593_42086;24;;2276;856;856;101;755;37.61;11.80
066401_8594_42086;25;;1908;642;642;49;593;33.65;7.63
066401_8595_42086;26;;2323;782;782;94;688;33.66;12.02
066401_8596_42086;27;;2017;851;851;68;783;42.19;7.99
066401_8597_42086;28;;2182;825;825;67;758;37.81;8.12
066401_8598_42086;29;;1260;498;498;52;446;39.52;10.44
066401_8599_42086;30;;746;320;320;33;287;42.90;10.31
080101_29591_42071;16;;16;3;3;1;2;18.75;33.33
080101_29592_42071;17;;52;42;42;10;32;80.77;23.81
080101_8600_42071;1;;860;334;334;73;261;38.84;21.86
080101_8601_42071;2;;971;369;369;80;289;38.00;21.68
080101_8602_42071;3;;805;362;362;58;304;44.97;16.02
080101_8603_42071;4;;873;334;334;78;256;38.26;23.35
080101_8604_42071;5;;1002;464;464;110;354;46.31;23.71
080101_8605_42071;6;;986;334;334;89;245;33.87;26.65
080101_8606_42071;7;;1028;359;359;153;206;34.92;42.62
080101_8607_42071;8;;878;359;359;97;262;40.89;27.02
080101_8608_42071;9;;1020;341;341;89;252;33.43;26.10
080101_8609_42071;10;;1091;447;447;121;326;40.97;27.07
080101_8610_42071;11;;881;363;363;74;289;41.20;20.39
080101_8611_42071;12;;797;345;345;70;275;43.29;20.29
080101_8612_42071;13;;821;361;361;63;298;43.97;17.45
080101_8613_42071;14;;803;317;317;64;253;39.48;20.19
080101_8614_42071;15;;962;397;397;90;307;41.27;22.67
080102_8615_42071;1;;1932;1004;1004;215;789;51.97;21.41
080102_8616_42071;2;;753;291;291;66;225;38.65;22.68
080102_8617_42071;3;;649;284;284;65;219;43.76;22.89
080102_8618_42071;4;;1799;903;903;190;713;50.19;21.04
080102_8619_42071;5;;366;210;210;35;175;57.38;16.67
080103_8620_42071;1;;2175;1065;1065;273;792;48.97;25.63
080103_8621_42071;2;;1406;714;714;178;536;50.78;24.93
080103_8622_42071;3;;1396;686;686;107;579;49.14;15.60
080103_8623_42071;4;;1223;513;513;128;385;41.95;24.95
080103_8624_42071;5;;820;399;399;124;275;48.66;31.08
080104_8625_42071;1;;1314;708;708;106;602;53.88;14.97
080104_8626_42071;2;;1223;720;720;146;574;58.87;20.28
080104_8627_42071;3;;833;481;481;51;430;57.74;10.60
080104_8628_42071;4;;752;323;323;87;236;42.95;26.93
080104_8629_42071;5;;359;173;173;37;136;48.19;21.39
080104_8630_42071;6;;573;348;348;55;293;60.73;15.80
080104_8631_42071;7;;822;408;408;59;349;49.64;14.46
080104_8632_42071;8;;431;210;210;64;146;48.72;30.48
080105_8633_42071;1;;652;315;315;40;275;48.31;12.70
080105_8634_42071;2;;870;392;392;161;231;45.06;41.07
080105_8635_42071;3;;910;447;447;79;368;49.12;17.67
080105_8636_42071;4;;480;264;264;65;199;55.00;24.62
080105_8637_42071;5;;616;338;338;101;237;54.87;29.88
080105_8638_42071;6;;1444;691;691;172;519;47.85;24.89
080105_8639_42071;7;;530;273;273;90;183;51.51;32.97
080106_8640_42071;1;;451;271;271;63;208;60.09;23.25
080106_8641_42071;2;;1180;590;590;89;501;50.00;15.08
080106_8642_42071;3;;1049;535;535;95;440;51.00;17.76
080106_8643_42071;4;;807;429;429;83;346;53.16;19.35
080106_8644_42071;5;;672;419;419;86;333;62.35;20.53
080106_8645_42071;6;;587;288;288;59;229;49.06;20.49
080106_8646_42071;7;;298;111;111;25;86;37.25;22.52
080106_8647_42071;8;;1388;715;715;176;539;51.51;24.62
080107_29593_42071;11;;47;11;11;4;7;23.40;36.36
080107_8648_42071;1;;1281;582;582;105;477;45.43;18.04
080107_8649_42071;2;;2130;939;939;229;710;44.08;24.39
080107_8650_42071;3;;2050;964;964;197;767;47.02;20.44
080107_8651_42071;4;;592;230;230;53;177;38.85;23.04
080107_8652_42071;5;;647;305;305;86;219;47.14;28.20
080107_8653_42071;6;;727;325;325;59;266;44.70;18.15
080107_8654_42071;7;;503;239;239;72;167;47.51;30.13
080107_8655_42071;8;;610;245;245;67;178;40.16;27.35
080107_8656_42071;9;;1018;443;443;80;363;43.52;18.06
080107_8657_42071;10;;647;306;306;78;228;47.30;25.49
080201_29594_42073;10;;33;9;9;1;8;27.27;11.11
080201_8658_42073;1;;1894;768;768;144;624;40.55;18.75
080201_8659_42073;2;;2201;1121;1121;234;887;50.93;20.87
080201_8660_42073;3;;904;365;365;72;293;40.38;19.73
080201_8661_42073;4;;1419;531;531;119;412;37.42;22.41
080201_8662_42073;5;;2343;934;934;159;775;39.86;17.02
080201_8663_42073;6;;1676;717;717;122;595;42.78;17.02
080201_8664_42073;7;;967;339;339;68;271;35.06;20.06
080201_8665_42073;8;;1026;408;408;63;345;39.77;15.44
080201_8666_42073;9;;991;459;459;74;385;46.32;16.12
080202_8667_42073;1;;1091;644;644;133;511;59.03;20.65
080202_8668_42073;2;;990;616;616;187;429;62.22;30.36
080202_8669_42073;3;;544;365;365;101;264;67.10;27.67
080203_8670_42073;1;;1286;677;677;123;554;52.64;18.17
080203_8671_42073;2;;791;367;367;96;271;46.40;26.16
080204_8672_42073;1;;847;442;442;80;362;52.18;18.10
080204_8673_42073;2;;350;239;239;63;176;68.29;26.36
080204_8674_42073;3;;717;396;396;100;296;55.23;25.25
080204_8675_42073;4;;1080;528;528;110;418;48.89;20.83
080204_8676_42073;5;;522;276;276;72;204;52.87;26.09
080204_8677_42073;6;;397;228;228;54;174;57.43;23.68
080204_8678_42073;7;;57;31;31;14;17;54.39;45.16
080205_29595_42073;12;;78;23;23;1;22;29.49;4.35
080205_8679_42073;1;;398;200;200;58;142;50.25;29.00
080205_8680_42073;2;;353;215;215;37;178;60.91;17.21
080205_8681_42073;3;;414;204;204;37;167;49.28;18.14
080205_8682_42073;4;;402;153;153;46;107;38.06;30.07
080205_8683_42073;5;;1079;601;601;133;468;55.70;22.13
080205_8684_42073;6;;781;431;431;145;286;55.19;33.64
080205_8685_42073;7;;399;244;244;44;200;61.15;18.03
080205_8686_42073;8;;424;260;260;77;183;61.32;29.62
080205_8687_42073;9;;461;200;200;36;164;43.38;18.00
080205_8688_42073;10;;748;372;372;118;254;49.73;31.72
080205_8689_42073;11;;397;224;224;75;149;56.42;33.48
080206_29596_42073;14;;16;8;8;2;6;50.00;25.00
080206_8690_42073;1;;1057;430;430;94;336;40.68;21.86
080206_8691_42073;2;;946;456;456;119;337;48.20;26.10
080206_8692_42073;3;;1831;972;972;119;853;53.09;12.24
080206_8693_42073;4;;1713;796;796;182;614;46.47;22.86
080206_8694_42073;5;;895;418;418;72;346;46.70;17.22
080206_8695_42073;6;;1052;514;514;90;424;48.86;17.51
080206_8696_42073;7;;942;515;515;65;450;54.67;12.62
080206_8697_42073;8;;1119;545;547;75;470;48.70;13.76
080206_8698_42073;9;;854;469;469;127;342;54.92;27.08
080206_8699_42073;10;;1094;486;486;100;386;44.42;20.58
080206_8700_42073;11;;781;292;292;78;214;37.39;26.71
080206_8701_42073;12;;1452;725;725;93;632;49.93;12.83
080206_8702_42073;13;;1080;530;530;123;407;49.07;23.21
080207_8703_42073;1;;1324;786;786;208;578;59.37;26.46
080207_8704_42073;2;;1028;492;525;142;350;47.86;28.86
080301_8705_42072;1;;945;593;593;140;453;62.75;23.61
080301_8706_42072;2;;806;408;408;103;305;50.62;25.25
080301_8707_42072;3;;357;197;198;40;157;55.18;20.30
080301_8708_42072;4;;597;323;323;109;214;54.10;33.75
080301_8709_42072;5;;421;265;265;64;201;62.95;24.15
080301_8710_42072;6;;533;326;326;81;245;61.16;24.85
080302_29597_42072;20;;48;8;8;0;8;16.67;0.00
080302_29598_42072;21;;208;60;60;18;42;28.85;30.00
080302_29599_42072;22;;213;9;9;1;8;4.23;11.11
080302_8711_42072;1;;855;317;317;62;255;37.08;19.56
080302_8712_42072;2;;975;352;352;54;298;36.10;15.34
080302_8713_42072;3;;1173;588;588;94;494;50.13;15.99
080302_8714_42072;4;;1063;495;495;74;421;46.57;14.95
080302_8715_42072;5;;1785;759;759;211;548;42.52;27.80
080302_8716_42072;6;;1912;803;803;149;654;42.00;18.56
080302_8717_42072;7;;1062;453;453;131;322;42.66;28.92
080302_8718_42072;8;;988;486;486;96;390;49.19;19.75
080302_8719_42072;9;;909;469;469;78;391;51.60;16.63
080302_8720_42072;10;;974;446;446;96;350;45.79;21.52
080302_8721_42072;11;;809;404;404;99;305;49.94;24.50
080302_8722_42072;12;;880;431;431;92;339;48.98;21.35
080302_8723_42072;13;;1147;634;634;109;525;55.27;17.19
080302_8724_42072;14;;997;378;378;77;301;37.91;20.37
080302_8725_42072;15;;765;345;345;83;262;45.10;24.06
080302_8726_42072;16;;686;342;342;131;211;49.85;38.30
080302_8727_42072;17;;1065;539;539;97;442;50.61;18.00
080302_8728_42072;18;;1010;386;386;89;297;38.22;23.06
080302_8729_42072;19;;770;361;361;71;290;46.88;19.67
080303_29600_42072;7;;47;22;22;8;14;46.81;36.36
080303_29601_42072;8;;59;29;29;21;8;49.15;72.41
080303_8730_42072;1;;394;195;195;60;135;49.49;30.77
080303_8731_42072;2;;967;542;542;143;399;56.05;26.38
080303_8732_42072;3;;2108;1407;1408;383;1024;66.75;27.22
080303_8733_42072;4;;385;247;247;78;169;64.16;31.58
080303_8734_42072;5;;273;169;169;40;129;61.90;23.67
080303_8735_42072;6;;398;194;194;67;127;48.74;34.54
080304_29602_42072;7;;46;42;42;1;41;91.30;2.38
080304_8736_42072;1;;1646;923;923;176;747;56.08;19.07
080304_8737_42072;2;;358;191;191;51;140;53.35;26.70
080304_8738_42072;3;;452;186;186;45;141;41.15;24.19
080304_8739_42072;4;;402;202;202;72;130;50.25;35.64
080304_8740_42072;5;;276;183;183;41;142;66.30;22.40
080304_8741_42072;6;;257;174;182;45;129;67.70;25.86
080305_29603_42072;12;;44;4;4;0;4;9.09;0.00
080305_29604_42072;13;;46;42;42;1;41;91.30;2.38
080305_8742_42072;1;;1242;620;620;127;493;49.92;20.48
080305_8743_42072;2;;1324;649;649;156;493;49.02;24.04
080305_8744_42072;3;;1410;712;712;128;584;50.50;17.98
080305_8745_42072;4;;1351;666;666;179;487;49.30;26.88
080305_8746_42072;5;;1233;542;542;136;406;43.96;25.09
080305_8747_42072;6;;1235;595;595;121;474;48.18;20.34
080305_8748_42072;7;;529;271;271;50;221;51.23;18.45
080305_8749_42072;8;;715;277;279;138;139;38.74;49.82
080305_8750_42072;9;;366;218;218;73;145;59.56;33.49
080305_8751_42072;10;;199;68;68;14;54;34.17;20.59
080305_8752_42072;11;;363;137;137;41;96;37.74;29.93
080306_8753_42072;1;;1995;1172;1172;348;824;58.75;29.69
080306_8754_42072;2;;1180;654;654;131;523;55.42;20.03
080306_8755_42072;3;;999;521;521;76;445;52.15;14.59
080306_8756_42072;4;;1048;487;487;109;378;46.47;22.38
080401_29605_42075;20;;149;29;29;0;29;19.46;0.00
080401_29606_42075;21;;79;29;29;10;19;36.71;34.48
080401_8757_42075;1;;1779;695;695;80;615;39.07;11.51
080401_8758_42075;2;;1323;560;560;60;500;42.33;10.71
080401_8759_42075;3;;1169;548;548;72;476;46.88;13.14
080401_8760_42075;4;;1831;769;769;82;687;42.00;10.66
080401_8761_42075;5;;1815;814;814;98;716;44.85;12.04
080401_8762_42075;6;;2165;954;954;131;823;44.06;13.73
080401_8763_42075;7;;1012;392;392;55;337;38.74;14.03
080401_8764_42075;8;;2084;602;602;94;508;28.89;15.61
080401_8765_42075;9;;1681;774;774;125;649;46.04;16.15
080401_8766_42075;10;;2032;850;850;136;714;41.83;16.00
080401_8767_42075;11;;1146;443;443;62;381;38.66;14.00
080401_8768_42075;12;;1237;504;504;60;444;40.74;11.90
080401_8769_42075;13;;1896;671;671;100;571;35.39;14.90
080401_8770_42075;14;;1080;420;420;74;346;38.89;17.62
080401_8771_42075;15;;1723;541;541;95;446;31.40;17.56
080401_8772_42075;16;;1980;560;560;80;480;28.28;14.29
080401_8773_42075;17;;1841;634;634;110;524;34.44;17.35
080401_8774_42075;18;;1774;793;793;136;657;44.70;17.15
080401_8775_42075;19;;1811;664;664;100;564;36.66;15.06
080402_8776_42075;1;;2155;812;812;165;647;37.68;20.32
080402_8777_42075;2;;2213;741;741;178;563;33.48;24.02
080403_8778_42075;1;;1575;754;754;229;525;47.87;30.37
080403_8779_42075;2;;1067;558;558;125;433;52.30;22.40
080404_8780_42075;1;;828;373;373;51;322;45.05;13.67
080404_8781_42075;2;;1750;928;928;187;741;53.03;20.15
080404_8782_42075;3;;1808;811;811;101;710;44.86;12.45
080404_8783_42075;4;;1595;738;738;178;560;46.27;24.12
080404_8784_42075;5;;2373;1185;1185;234;951;49.94;19.75
080404_8785_42075;6;;92;34;34;8;26;36.96;23.53
080404_8786_42075;7;;829;397;397;111;286;47.89;27.96
080404_8787_42075;8;;666;288;288;54;234;43.24;18.75
080404_8788_42075;9;;877;307;307;61;246;35.01;19.87
080404_8789_42075;10;;996;595;595;165;430;59.74;27.73
080404_8790_42075;11;;1051;374;374;117;257;35.59;31.28
080405_8791_42075;1;;1135;421;421;50;371;37.09;11.88
080405_8792_42075;2;;1029;467;467;110;357;45.38;23.55
080405_8793_42075;3;;1429;599;599;117;482;41.92;19.53
080405_8794_42075;4;;592;255;255;55;200;43.07;21.57
080405_8795_42075;5;;1266;632;632;143;489;49.92;22.63
080406_8796_42075;1;;1238;731;731;128;603;59.05;17.51
080406_8797_42075;2;;1109;569;595;166;403;51.31;29.17
080406_8798_42075;3;;809;457;457;167;290;56.49;36.54
080406_8799_42075;4;;509;257;257;52;205;50.49;20.23
080406_8800_42075;5;;256;138;138;26;112;53.91;18.84
080406_8801_42075;6;;298;186;186;61;125;62.42;32.80
080406_8802_42075;7;;208;136;136;45;91;65.38;33.09
080407_8803_42075;1;;1783;956;956;201;755;53.62;21.03
080407_8804_42075;2;;1420;785;785;108;677;55.28;13.76
080407_8805_42075;3;;904;447;447;79;368;49.45;17.67
080407_8806_42075;4;;1166;615;615;155;460;52.74;25.20
080408_8807_42075;1;;928;298;298;70;228;32.11;23.49
080408_8808_42075;2;;1843;726;726;213;513;39.39;29.34
080501_8809_42072;1;;2244;1203;1203;279;924;53.61;23.19
080501_8810_42072;2;;1227;530;530;180;350;43.19;33.96
080501_8811_42072;3;;474;227;227;84;143;47.89;37.00
080501_8812_42072;4;;458;208;208;74;134;45.41;35.58
080501_8813_42072;5;;952;462;462;109;353;48.53;23.59
080502_8814_42072;1;;1453;554;554;177;377;38.13;31.95
080502_8815_42072;2;;671;267;267;59;208;39.79;22.10
080502_8816_42072;3;;503;152;152;39;113;30.22;25.66
080502_8817_42072;4;;683;236;236;117;119;34.55;49.58
080503_8818_42072;1;;1192;743;743;187;556;62.33;25.17
080503_8819_42072;2;;1196;725;725;200;525;60.62;27.59
080503_8820_42072;3;;1893;1098;1098;343;755;58.00;31.24
080503_8821_42072;4;;879;565;565;178;387;64.28;31.50
080504_8822_42072;1;;1582;781;781;247;534;49.37;31.63
080504_8823_42072;2;;1597;783;783;187;596;49.03;23.88
080504_8824_42072;3;;1635;852;852;204;648;52.11;23.94
080504_8825_42072;4;;1609;944;944;215;729;58.67;22.78
080504_8826_42072;5;;1461;829;829;177;652;56.74;21.35
080505_29607_42072;17;;28;1;1;1;0;3.57;100.00
080505_8827_42072;1;;1047;546;546;65;481;52.15;11.90
080505_8828_42072;2;;981;475;476;91;384;48.42;19.16
080505_8829_42072;3;;933;418;418;70;348;44.80;16.75
080505_8830_42072;4;;1064;508;508;101;407;47.74;19.88
080505_8831_42072;5;;1087;555;555;127;428;51.06;22.88
080505_8832_42072;6;;862;387;387;76;311;44.90;19.64
080505_8833_42072;7;;872;423;423;66;357;48.51;15.60
080505_8834_42072;8;;1028;503;503;92;411;48.93;18.29
080505_8836_42072;10;;1142;543;543;76;467;47.55;14.00
080505_8837_42072;11;;1020;457;457;88;369;44.80;19.26
080505_8838_42072;12;;1036;474;474;84;390;45.75;17.72
080505_8839_42072;13;;1111;505;505;113;392;45.45;22.38
080505_8840_42072;14;;1163;614;614;159;455;52.79;25.90
080505_8841_42072;15;;385;212;212;41;171;55.06;19.34
080505_8842_42072;16;;792;414;414;70;344;52.27;16.91
080601_29608_42071;6;;50;29;29;3;26;58.00;10.34
080601_8843_42071;1;;2211;1056;1056;239;817;47.76;22.63
080601_8844_42071;2;;2130;1003;1003;173;830;47.09;17.25
080601_8845_42071;3;;416;211;211;45;166;50.72;21.33
080601_8846_42071;4;;475;195;195;42;153;41.05;21.54
080601_8847_42071;5;;261;115;115;38;77;44.06;33.04
080602_29609_42071;14;;27;5;5;1;4;18.52;20.00
080602_8848_42071;1;;1076;489;489;118;371;45.45;24.13
080602_8849_42071;2;;1526;618;618;156;462;40.50;25.24
080602_8850_42071;3;;1781;720;720;194;526;40.43;26.94
080602_8851_42071;4;;1284;580;580;99;481;45.17;17.07
080602_8852_42071;5;;1928;835;835;210;625;43.31;25.15
080602_8853_42071;6;;843;384;384;55;329;45.55;14.32
080602_8854_42071;7;;408;152;152;34;118;37.25;22.37
080602_8855_42071;8;;447;173;173;68;105;38.70;39.31
080602_8856_42071;9;;1118;315;315;71;244;28.18;22.54
080602_8857_42071;10;;1130;446;447;93;353;39.47;20.85
080602_8858_42071;11;;755;304;304;84;220;40.26;27.63
080602_8859_42071;12;;966;429;429;121;308;44.41;28.21
080602_8860_42071;13;;662;226;226;51;175;34.14;22.57
080603_8861_42071;1;;1723;842;842;165;677;48.87;19.60
080603_8862_42071;2;;679;317;317;108;209;46.69;34.07
080603_8863_42071;3;;390;158;158;19;139;40.51;12.03
080603_8864_42071;4;;564;265;265;64;201;46.99;24.15
080604_8865_42071;1;;1672;847;847;173;674;50.66;20.43
080604_8866_42071;2;;1947;892;892;160;732;45.81;17.94
080604_8867_42071;3;;1756;806;806;160;646;45.90;19.85
080604_8868_42071;4;;1685;691;691;127;564;41.01;18.38
080604_8869_42071;5;;1932;1005;1027;263;742;52.02;26.17
080604_8870_42071;6;;975;426;426;91;335;43.69;21.36
080604_8871_42071;7;;964;468;468;113;355;48.55;24.15
080604_8872_42071;8;;1005;440;440;97;343;43.78;22.05
080604_8873_42071;9;;1025;547;547;122;425;53.37;22.30
080604_8874_42071;10;;930;448;448;122;326;48.17;27.23
080605_8875_42071;1;;776;325;325;115;210;41.88;35.38
080605_8876_42071;2;;292;114;114;29;85;39.04;25.44
080605_8877_42071;3;;1071;533;533;149;384;49.77;27.95
080605_8878_42071;4;;1374;774;774;229;545;56.33;29.59
080701_8879_42072;1;;1867;1122;1122;185;937;60.10;16.49
080701_8880_42072;2;;776;447;447;93;354;57.60;20.81
080701_8881_42072;3;;1143;629;629;160;469;55.03;25.44
080702_8882_42072;1;;1590;1018;1018;268;750;64.03;26.33
080702_8883_42072;2;;153;84;84;42;42;54.90;50.00
080702_8884_42072;3;;243;132;132;29;103;54.32;21.97
080702_8885_42072;4;;650;410;410;99;311;63.08;24.15
080703_29610_42072;5;;219;23;23;7;16;10.50;30.43
080703_8886_42072;1;;1327;658;658;211;447;49.59;32.07
080703_8887_42072;2;;1272;623;623;196;427;48.98;31.46
080703_8888_42072;3;;708;366;366;92;274;51.69;25.14
080703_8889_42072;4;;456;180;180;59;121;39.47;32.78
080704_29611_42072;16;;42;20;20;7;13;47.62;35.00
080704_29612_42072;17;;161;61;61;26;35;37.89;42.62
080704_8890_42072;1;;958;572;572;89;483;59.71;15.56
080704_8891_42072;2;;906;453;453;74;379;50.00;16.34
080704_8892_42072;3;;896;471;471;64;407;52.57;13.59
080704_8893_42072;4;;910;558;558;105;453;61.32;18.82
080704_8894_42072;5;;932;540;540;78;462;57.94;14.44
080704_8895_42072;6;;859;449;449;61;388;52.27;13.59
080704_8896_42072;7;;886;411;411;89;322;46.39;21.65
080704_8897_42072;8;;890;388;388;77;311;43.60;19.85
080704_8898_42072;9;;923;488;488;81;407;52.87;16.60
080704_8899_42072;10;;636;357;357;79;278;56.13;22.13
080704_8900_42072;11;;946;449;451;139;310;47.46;30.96
080704_8901_42072;12;;690;394;394;107;287;57.10;27.16
080704_8902_42072;13;;666;362;362;54;308;54.35;14.92
080704_8903_42072;14;;819;400;400;96;304;48.84;24.00
080704_8904_42072;15;;458;257;257;57;200;56.11;22.18
080705_29613_42072;7;;140;13;13;4;9;9.29;30.77
080705_8905_42072;1;;1369;764;764;152;612;55.81;19.90
080705_8906_42072;2;;946;477;477;147;330;50.42;30.82
080705_8907_42072;3;;687;334;334;133;201;48.62;39.82
080705_8908_42072;4;;1241;517;517;150;367;41.66;29.01
080705_8909_42072;5;;392;161;161;42;119;41.07;26.09
080705_8910_42072;6;;786;380;380;126;254;48.35;33.16
080801_8911_42072;1;;1914;1192;1192;345;847;62.28;28.94
080801_8912_42072;2;;898;448;448;132;316;49.89;29.46
080802_8913_42072;1;;2071;1103;1103;231;872;53.26;20.94
080802_8914_42072;2;;1150;634;634;148;486;55.13;23.34
080802_8915_42072;3;;1043;503;503;121;382;48.23;24.06
080803_29614_42072;4;;78;38;38;5;33;48.72;13.16
080803_8916_42072;1;;1162;555;555;114;441;47.76;20.54
080803_8917_42072;2;;1377;713;713;142;571;51.78;19.92
080803_8918_42072;3;;1457;787;787;169;618;54.02;21.47
080804_8919_42072;1;;1560;924;924;272;652;59.23;29.44
080804_8920_42072;2;;569;278;278;69;209;48.86;24.82
080804_8921_42072;3;;964;558;558;151;407;57.88;27.06
080805_29615_42072;20;;25;5;5;1;4;20.00;20.00
080805_8922_42072;1;;2350;1015;1015;124;891;43.19;12.22
080805_8923_42072;2;;1239;493;493;57;436;39.79;11.56
080805_8924_42072;3;;1141;430;430;45;385;37.69;10.47
080805_8925_42072;4;;2339;875;875;142;733;37.41;16.23
080805_8926_42072;5;;2300;850;850;136;714;36.96;16.00
080805_8927_42072;6;;1148;458;458;87;371;39.90;19.00
080805_8928_42072;7;;1083;486;486;79;407;44.88;16.26
080805_8929_42072;8;;2375;1012;1012;124;888;42.61;12.25
080805_8930_42072;9;;1452;636;636;95;541;43.80;14.94
080805_8931_42072;10;;1883;885;885;84;801;47.00;9.49
080805_8932_42072;11;;985;430;430;80;350;43.65;18.60
080805_8933_42072;12;;577;187;187;34;153;32.41;18.18
080805_8934_42072;13;;721;307;307;46;261;42.58;14.98
080805_8935_42072;14;;377;159;159;36;123;42.18;22.64
080805_8936_42072;15;;601;296;296;43;253;49.25;14.53
080805_8937_42072;16;;412;198;198;40;158;48.06;20.20
080805_8938_42072;17;;543;206;206;36;170;37.94;17.48
080805_8939_42072;18;;743;247;247;37;210;33.24;14.98
080805_8940_42072;19;;1389;732;732;85;647;52.70;11.61
080806_8941_42072;1;;1359;550;550;109;441;40.47;19.82
080806_8942_42072;2;;1375;565;565;142;423;41.09;25.13
080806_8943_42072;3;;1422;563;563;141;422;39.59;25.04
080806_8944_42072;4;;1393;602;602;130;472;43.22;21.59
080806_8945_42072;5;;1124;428;428;111;317;38.08;25.93
080901_8946_42074;1;;1610;735;735;115;620;45.65;15.65
080901_8947_42074;2;;1597;689;689;140;549;43.14;20.32
080901_8948_42074;3;;1125;521;521;115;406;46.31;22.07
080901_8949_42074;4;;685;355;355;86;269;51.82;24.23
080902_8950_42074;1;;1498;800;800;210;590;53.40;26.25
080902_8951_42074;2;;910;532;532;177;355;58.46;33.27
080902_8952_42074;3;;300;158;158;62;96;52.67;39.24
080903_8953_42074;1;;1847;957;957;193;764;51.81;20.17
080903_8954_42074;2;;1636;707;707;149;558;43.22;21.07
080903_8955_42074;3;;1058;495;495;143;352;46.79;28.89
080903_8956_42074;4;;781;338;338;112;226;43.28;33.14
080903_8957_42074;5;;1019;340;340;119;221;33.37;35.00
080903_8958_42074;6;;1000;446;446;111;335;44.60;24.89
080903_8959_42074;7;;419;252;252;55;197;60.14;21.83
080904_8960_42074;1;;1929;1145;1145;202;943;59.36;17.64
080904_8961_42074;2;;2032;1220;1220;301;919;60.04;24.67
080904_8962_42074;3;;713;463;463;151;312;64.94;32.61
080905_29616_42074;7;;110;21;21;9;12;19.09;42.86
080905_8963_42074;1;;2315;1227;1227;382;845;53.00;31.13
080905_8964_42074;2;;1893;922;922;208;714;48.71;22.56
080905_8965_42074;3;;689;334;334;97;237;48.48;29.04
080905_8966_42074;4;;607;306;306;68;238;50.41;22.22
080905_8967_42074;5;;702;347;347;101;246;49.43;29.11
080905_8968_42074;6;;1304;627;627;195;432;48.08;31.10
080906_29617_42074;16;;83;42;42;7;35;50.60;16.67
080906_8969_42074;1;;2119;979;979;190;789;46.20;19.41
080906_8970_42074;2;;1840;725;725;136;589;39.40;18.76
080906_8971_42074;3;;1868;787;787;143;644;42.13;18.17
080906_8972_42074;4;;1786;820;820;170;650;45.91;20.73
080906_8973_42074;5;;970;367;367;69;298;37.84;18.80
080906_8974_42074;6;;1352;650;650;110;540;48.08;16.92
080906_8975_42074;7;;1709;788;788;130;658;46.11;16.50
080906_8976_42074;8;;2113;891;891;159;732;42.17;17.85
080906_8977_42074;9;;611;226;226;66;160;36.99;29.20
080906_8978_42074;10;;1195;450;450;95;355;37.66;21.11
080906_8979_42074;11;;697;393;393;153;240;56.38;38.93
080906_8980_42074;12;;1105;515;515;147;368;46.61;28.54
080906_8981_42074;13;;1158;608;608;143;465;52.50;23.52
080906_8982_42074;14;;1318;679;679;171;508;51.52;25.18
080906_8983_42074;15;;1098;514;514;134;380;46.81;26.07
080907_8984_42074;1;;1658;975;975;196;779;58.81;20.10
080907_8985_42074;2;;1211;648;648;134;514;53.51;20.68
080907_8986_42074;3;;1278;632;632;181;451;49.45;28.64
080907_8987_42074;4;;967;514;514;25;489;53.15;4.86
080908_8988_42074;1;;1195;743;743;230;513;62.18;30.96
080908_8989_42074;2;;40;23;23;3;20;57.50;13.04
080908_8990_42074;3;;476;255;255;86;169;53.57;33.73
080908_8991_42074;4;;455;217;217;75;142;47.69;34.56
080908_8992_42074;5;;481;257;257;92;165;53.43;35.80
080909_8993_42074;1;;1760;1023;1023;241;782;58.13;23.56
080909_8994_42074;2;;595;295;295;61;234;49.58;20.68
080909_8995_42074;3;;793;462;462;49;413;58.26;10.61
081001_9004_42075;1;;925;427;428;137;290;46.16;32.08
081001_9005_42075;2;;933;425;425;139;286;45.55;32.71
081001_9006_42075;3;;867;422;422;132;290;48.67;31.28
081002_29618_42075;14;;24;15;15;2;13;62.50;13.33
081002_9007_42075;1;;2356;934;934;166;768;39.64;17.77
081002_9008_42075;2;;1238;538;538;92;446;43.46;17.10
081002_9009_42075;3;;2013;836;836;57;779;41.53;6.82
081002_9010_42075;4;;1787;787;787;132;655;44.04;16.77
081002_9011_42075;5;;1678;723;723;103;620;43.09;14.25
081002_9012_42075;6;;719;397;397;62;335;55.22;15.62
081002_9013_42075;7;;2132;968;968;193;775;45.40;19.94
081002_9014_42075;8;;1321;538;538;79;459;40.73;14.68
081002_9015_42075;9;;850;345;345;80;265;40.59;23.19
081002_9016_42075;10;;2264;1124;1124;152;972;49.65;13.52
081002_9017_42075;11;;1792;701;701;168;533;39.12;23.97
081002_9018_42075;12;;1616;658;658;117;541;40.72;17.78
081002_9019_42075;13;;1231;516;516;79;437;41.92;15.31
081003_9020_42075;1;;1077;635;635;145;490;58.96;22.83
081003_9021_42075;2;;860;416;416;45;371;48.37;10.82
081003_9022_42075;3;;580;337;337;90;247;58.10;26.71
081003_9023_42075;4;;501;238;238;45;193;47.50;18.91
081004_9024_42075;1;;1076;541;541;150;391;50.28;27.73
081004_9025_42075;2;;1105;569;569;162;407;51.49;28.47
081004_9026_42075;3;;1103;600;600;163;437;54.40;27.17
081004_9027_42075;4;;1209;604;604;228;376;49.96;37.75
081004_9028_42075;5;;555;303;303;99;204;54.59;32.67
081004_9029_42075;6;;680;314;314;112;202;46.18;35.67
081005_9030_42075;1;;1918;931;931;229;702;48.54;24.60
081005_9031_42075;2;;1509;796;796;188;608;52.75;23.62
081005_9032_42075;3;;950;578;578;123;455;60.84;21.28
081006_9033_42075;1;;1220;654;654;163;491;53.61;24.92
081006_9034_42075;2;;999;466;466;218;248;46.65;46.78
081006_9035_42075;3;;1436;787;787;183;604;54.81;23.25
081007_29619_42075;13;;29;4;4;1;3;13.79;25.00
081007_9036_42075;1;;2010;900;909;194;706;44.78;21.56
081007_9037_42075;2;;1639;748;748;121;627;45.64;16.18
081007_9038_42075;3;;1615;596;599;94;502;36.90;15.77
081007_9039_42075;4;;2021;842;842;109;733;41.66;12.95
081007_9040_42075;5;;1691;644;644;115;529;38.08;17.86
081007_9041_42075;6;;1523;594;596;121;473;39.00;20.37
081007_9042_42075;7;;738;340;340;54;286;46.07;15.88
081007_9043_42075;8;;741;289;289;70;219;39.00;24.22
081007_9044_42075;9;;639;337;337;42;295;52.74;12.46
081007_9045_42075;10;;1181;495;495;99;396;41.91;20.00
081007_9046_42075;11;;1767;682;682;132;550;38.60;19.35
081007_9047_42075;12;;1631;691;691;155;536;42.37;22.43
081008_9048_42075;1;;1225;688;688;260;428;56.16;37.79
081008_9049_42075;2;;732;370;370;131;239;50.55;35.41
081009_9050_42075;1;;742;311;311;39;272;41.91;12.54
081009_9051_42075;2;;577;218;218;43;175;37.78;19.72
081009_9052_42075;3;;1055;445;445;78;367;42.18;17.53
081009_9053_42075;4;;545;334;334;63;271;61.28;18.86
081009_9054_42075;5;;703;392;392;117;275;55.76;29.85
081009_9055_42075;6;;776;364;364;82;282;46.91;22.53
081009_9056_42075;7;;1262;577;577;93;484;45.72;16.12
081101_9057_42073;1;;1080;560;560;210;350;51.85;37.50
081101_9058_42073;2;;939;494;494;151;343;52.61;30.57
081102_29620_42073;22;;16;16;16;0;16;100.00;0.00
081102_29621_42073;23;;22;13;13;2;11;59.09;15.38
081102_9059_42073;1;;1787;885;885;141;744;49.52;15.93
081102_9060_42073;2;;1726;687;687;126;561;39.80;18.34
081102_9061_42073;3;;1427;625;625;122;503;43.80;19.52
081102_9062_42073;4;;1283;507;507;88;419;39.52;17.36
081102_9063_42073;5;;1877;919;919;141;778;48.96;15.34
081102_9064_42073;6;;1890;691;691;103;588;36.56;14.91
081102_9065_42073;7;;1601;573;573;103;470;35.79;17.98
081102_9066_42073;8;;1452;612;612;100;512;42.15;16.34
081102_9067_42073;9;;1211;560;560;92;468;46.24;16.43
081102_9068_42073;10;;1359;636;636;66;570;46.80;10.38
081102_9069_42073;11;;1187;642;642;129;513;54.09;20.09
081102_9070_42073;12;;1079;432;432;138;294;40.04;31.94
081102_9071_42073;13;;1458;716;716;136;580;49.11;18.99
081102_9072_42073;14;;1493;597;597;117;480;39.99;19.60
081102_9073_42073;15;;1542;653;653;164;489;42.35;25.11
081102_9074_42073;16;;1646;586;586;100;486;35.60;17.06
081102_9075_42073;17;;1555;626;626;100;526;40.26;15.97
081102_9076_42073;18;;1206;614;614;98;516;50.91;15.96
081102_9077_42073;19;;1503;802;802;89;713;53.36;11.10
081102_9078_42073;20;;1243;550;550;86;464;44.25;15.64
081102_9079_42073;21;;1289;449;472;78;371;34.83;17.37
081103_9080_42073;1;;1061;570;570;171;399;53.72;30.00
081103_9081_42073;2;;1038;511;511;113;398;49.23;22.11
081103_9082_42073;3;;664;326;326;82;244;49.10;25.15
081104_9083_42073;1;;2167;1069;1069;251;818;49.33;23.48
081104_9084_42073;2;;1911;889;889;204;685;46.52;22.95
081104_9085_42073;3;;772;343;343;76;267;44.43;22.16
081104_9086_42073;4;;962;406;406;89;317;42.20;21.92
081105_9087_42073;1;;1152;619;619;172;447;53.73;27.79
081105_9088_42073;2;;749;438;438;90;348;58.48;20.55
081105_9089_42073;3;;312;157;157;58;99;50.32;36.94
081105_9090_42073;4;;401;202;202;62;140;50.37;30.69
081106_29622_42073;12;;68;25;25;3;22;36.76;12.00
081106_29623_42073;13;;44;5;5;0;5;11.36;0.00
081106_9091_42073;1;;2084;716;716;168;548;34.36;23.46
081106_9092_42073;2;;1191;371;371;86;285;31.15;23.18
081106_9093_42073;3;;2112;919;919;185;734;43.51;20.13
081106_9094_42073;4;;1179;421;421;101;320;35.71;23.99
081106_9095_42073;5;;1259;544;544;105;439;43.21;19.30
081106_9096_42073;6;;1836;768;768;162;606;41.83;21.09
081106_9097_42073;7;;1868;782;782;139;643;41.86;17.77
081106_9098_42073;8;;975;355;355;92;263;36.41;25.92
081106_9099_42073;9;;1731;739;739;165;574;42.69;22.33
081106_9100_42073;10;;982;347;347;67;280;35.34;19.31
081106_9101_42073;11;;139;36;36;19;17;25.90;52.78
081107_9102_42073;1;;681;419;419;125;294;61.53;29.83
081107_9103_42073;2;;1071;675;675;201;474;63.03;29.78
081107_9104_42073;3;;846;447;447;141;306;52.84;31.54
081108_9105_42073;1;;1713;848;848;238;610;49.50;28.07
081108_9106_42073;2;;388;188;188;59;129;48.45;31.38
081108_9107_42073;3;;941;471;471;181;290;50.05;38.43
081108_9108_42073;4;;955;445;445;126;319;46.60;28.31
081108_9109_42073;5;;619;357;357;72;285;57.67;20.17
081109_9110_42073;1;;1948;1125;1126;198;927;57.75;17.60
081109_9111_42073;2;;659;343;343;106;237;52.05;30.90
081110_9112_42073;1;;1124;493;493;108;385;43.86;21.91
081110_9113_42073;2;;1131;551;551;107;444;48.72;19.42
081110_9114_42073;3;;1511;678;678;243;435;44.87;35.84
081110_9115_42073;4;;1825;988;988;202;786;54.14;20.45
081110_9116_42073;5;;902;370;370;76;294;41.02;20.54
081110_9117_42073;6;;1459;639;639;137;502;43.80;21.44
081110_9118_42073;7;;900;353;353;86;267;39.22;24.36
081110_9119_42073;8;;759;363;363;71;292;47.83;19.56
081201_9120_42075;1;;2154;1180;1180;193;987;54.78;16.36
081201_9121_42075;2;;1265;652;652;107;545;51.54;16.41
081201_9122_42075;3;;511;273;273;34;239;53.42;12.45
081201_9123_42075;4;;1195;415;415;120;295;34.73;28.92
081201_9124_42075;5;;571;236;236;46;190;41.33;19.49
081201_9125_42075;6;;781;319;319;68;251;40.85;21.32
081201_9126_42075;7;;756;310;310;75;235;41.01;24.19
081201_9127_42075;8;;520;326;326;88;238;62.69;26.99
081201_9128_42075;9;;679;360;360;69;291;53.02;19.17
081201_9129_42075;10;;396;189;189;62;127;47.73;32.80
081201_9130_42075;11;;338;163;163;31;132;48.22;19.02
081201_9131_42075;12;;687;384;384;52;332;55.90;13.54
081202_9132_42075;1;;1056;672;672;156;516;63.64;23.21
081202_9133_42075;2;;1148;556;557;101;455;48.43;18.17
081202_9134_42075;3;;723;374;374;127;247;51.73;33.96
081202_9135_42075;4;;1095;574;574;181;393;52.42;31.53
081203_29624_42075;16;;56;19;19;4;15;33.93;21.05
081203_9136_42075;1;;1679;840;840;191;649;50.03;22.74
081203_9137_42075;2;;1806;930;930;233;697;51.50;25.05
081203_9138_42075;3;;1515;756;756;157;599;49.90;20.77
081203_9139_42075;4;;1896;992;992;137;855;52.32;13.81
081203_9140_42075;5;;1758;894;894;158;736;50.85;17.67
081203_9141_42075;6;;951;508;508;94;414;53.42;18.50
081203_9142_42075;7;;1658;837;837;156;681;50.48;18.64
081203_9143_42075;8;;642;339;339;59;280;52.80;17.40
081203_9144_42075;9;;809;439;439;83;356;54.26;18.91
081203_9145_42075;10;;807;486;486;120;366;60.22;24.69
081203_9146_42075;11;;859;430;430;125;305;50.06;29.07
081203_9147_42075;12;;525;275;275;63;212;52.38;22.91
081203_9148_42075;13;;741;417;417;88;329;56.28;21.10
081203_9149_42075;14;;687;345;345;78;267;50.22;22.61
081203_9150_42075;15;;851;489;489;102;387;57.46;20.86
086101_29625_42071;64;;115;37;37;6;31;32.17;16.22
086101_29626_42071;65;;222;45;45;10;35;20.27;22.22
086101_29627_42071;66;;362;71;71;20;51;19.61;28.17
086101_29628_42071;67;;207;81;81;13;68;39.13;16.05
086101_29629_42071;68;;66;8;8;2;6;12.12;25.00
086101_9151_42071;1;;1237;666;666;62;604;53.84;9.31
086101_9152_42071;2;;1385;753;753;84;669;54.37;11.16
086101_9153_42071;3;;1234;559;559;150;409;45.30;26.83
086101_9154_42071;4;;1407;558;558;77;481;39.66;13.80
086101_9155_42071;5;;1368;567;567;82;485;41.45;14.46
086101_9156_42071;6;;976;326;326;53;273;33.40;16.26
086101_9157_42071;7;;2242;918;918;115;803;40.95;12.53
086101_9158_42071;8;;1966;690;690;144;546;35.10;20.87
086101_9159_42071;9;;1561;768;768;94;674;49.20;12.24
086101_9160_42071;10;;896;314;314;61;253;35.04;19.43
086101_9161_42071;11;;1122;501;501;72;429;44.65;14.37
086101_9162_42071;12;;1583;519;519;82;437;32.79;15.80
086101_9163_42071;13;;2008;836;836;112;724;41.63;13.40
086101_9164_42071;14;;1586;728;728;91;637;45.90;12.50
086101_9165_42071;15;;2223;932;932;185;747;41.93;19.85
086101_9166_42071;16;;2270;1081;1081;142;939;47.62;13.14
086101_9167_42071;17;;1427;605;605;111;494;42.40;18.35
086101_9168_42071;18;;1911;824;824;96;728;43.12;11.65
086101_9169_42071;19;;1669;794;794;99;695;47.57;12.47
086101_9170_42071;20;;1228;557;557;58;499;45.36;10.41
086101_9171_42071;21;;1982;946;946;111;835;47.73;11.73
086101_9172_42071;22;;1387;615;615;68;547;44.34;11.06
086101_9173_42071;23;;1722;828;828;94;734;48.08;11.35
086101_9174_42071;24;;1006;474;474;49;425;47.12;10.34
086101_9175_42071;25;;719;352;352;32;320;48.96;9.09
086101_9176_42071;26;;942;367;367;40;327;38.96;10.90
086101_9177_42071;27;;933;290;290;57;233;31.08;19.66
086101_9178_42071;28;;1374;579;579;81;498;42.14;13.99
086101_9179_42071;29;;837;357;357;62;295;42.65;17.37
086101_9180_42071;30;;892;303;304;42;261;33.97;13.86
086101_9181_42071;31;;1577;650;650;79;571;41.22;12.15
086101_9182_42071;32;;1177;394;394;58;336;33.47;14.72
086101_9183_42071;33;;1519;467;468;79;388;30.74;16.92
086101_9184_42071;34;;1916;747;747;87;660;38.99;11.65
086101_9185_42071;35;;1730;825;825;49;776;47.69;5.94
086101_9186_42071;36;;2316;1055;1055;117;938;45.55;11.09
086101_9187_42071;37;;1640;819;819;86;733;49.94;10.50
086101_9188_42071;38;;1742;878;879;71;807;50.40;8.09
086101_9189_42071;39;;693;321;321;45;276;46.32;14.02
086101_9191_42071;41;;1862;829;829;109;720;44.52;13.15
086101_9192_42071;42;;1733;796;796;64;732;45.93;8.04
086101_9193_42071;43;;1447;708;708;61;647;48.93;8.62
086101_9194_42071;44;;1362;671;671;111;560;49.27;16.54
086101_9195_42071;45;;1767;921;921;82;839;52.12;8.90
086101_9196_42071;46;;1049;432;432;34;398;41.18;7.87
086101_9197_42071;47;;1546;743;743;86;657;48.06;11.57
086101_9198_42071;48;;2048;939;939;122;817;45.85;12.99
086101_9199_42071;49;;1919;871;871;200;671;45.39;22.96
086101_9200_42071;50;;2126;1011;1012;98;913;47.55;9.69
086101_9201_42071;51;;2074;980;980;123;857;47.25;12.55
086101_9202_42071;52;;1263;649;649;79;570;51.39;12.17
086101_9203_42071;53;;1287;507;507;49;458;39.39;9.66
086101_9204_42071;54;;2160;942;942;122;820;43.61;12.95
086101_9205_42071;55;;1830;898;898;106;792;49.07;11.80
086101_9206_42071;56;;1394;605;605;94;511;43.40;15.54
086101_9207_42071;57;;1904;932;932;118;814;48.95;12.66
086101_9208_42071;58;;1184;495;495;84;411;41.81;16.97
086101_9209_42071;59;;1516;752;752;146;606;49.60;19.41
086101_9210_42071;60;;783;380;380;67;313;48.53;17.63
086101_9211_42071;61;;1796;784;784;117;667;43.65;14.92
086101_9212_42071;62;;1924;938;938;112;826;48.75;11.94
086101_9213_42071;63;;1803;677;677;96;581;37.55;14.18
086201_29630_42074;63;;62;30;30;6;24;48.39;20.00
086201_29631_42074;64;;176;54;54;12;42;30.68;22.22
086201_29632_42074;65;;518;74;74;5;69;14.29;6.76
086201_29633_42074;66;;156;29;29;8;21;18.59;27.59
086201_9214_42074;1;;1185;340;340;41;299;28.69;12.06
086201_9215_42074;2;;1622;562;562;40;522;34.65;7.12
086201_9216_42074;3;;1523;571;574;29;542;37.49;5.08
086201_9217_42074;4;;1764;518;518;48;470;29.37;9.27
086201_9218_42074;5;;1553;604;604;25;579;38.89;4.14
086201_9219_42074;6;;1216;410;410;53;357;33.72;12.93
086201_9220_42074;7;;1390;542;542;41;501;38.99;7.56
086201_9221_42074;8;;1765;560;560;47;513;31.73;8.39
086201_9222_42074;9;;1392;414;414;42;372;29.74;10.14
086201_9223_42074;10;;1430;498;498;47;451;34.83;9.44
086201_9224_42074;11;;1862;642;642;67;575;34.48;10.44
086201_9225_42074;12;;1415;478;479;55;423;33.78;11.51
086201_9226_42074;13;;1695;482;482;52;430;28.44;10.79
086201_9227_42074;14;;1335;486;486;56;430;36.40;11.52
086201_9228_42074;15;;1521;502;502;45;457;33.00;8.96
086201_9229_42074;16;;1510;451;451;48;403;29.87;10.64
086201_9230_42074;17;;1393;483;483;45;438;34.67;9.32
086201_9231_42074;18;;1511;445;445;55;390;29.45;12.36
086201_9232_42074;19;;1368;338;338;39;299;24.71;11.54
086201_9233_42074;20;;1576;627;627;64;563;39.78;10.21
086201_9234_42074;21;;1724;531;531;51;480;30.80;9.60
086201_9235_42074;22;;1652;497;497;67;430;30.08;13.48
086201_9236_42074;23;;1818;652;652;60;592;35.86;9.20
086201_9237_42074;24;;1444;429;429;42;387;29.71;9.79
086201_9238_42074;25;;1735;580;580;36;544;33.43;6.21
086201_9239_42074;26;;1264;381;381;26;355;30.14;6.82
086201_9240_42074;27;;1576;511;511;38;473;32.42;7.44
086201_9241_42074;28;;1321;446;446;35;411;33.76;7.85
086201_9242_42074;29;;1188;433;433;19;414;36.45;4.39
086201_9243_42074;30;;1219;426;426;21;405;34.95;4.93
086201_9244_42074;31;;1482;226;226;24;202;15.25;10.62
086201_9245_42074;32;;1836;663;663;56;607;36.11;8.45
086201_9246_42074;33;;1604;494;494;40;454;30.80;8.10
086201_9247_42074;34;;1604;552;553;63;489;34.41;11.41
086201_9248_42074;35;;1139;416;416;29;387;36.52;6.97
086201_9249_42074;36;;1096;332;332;30;302;30.29;9.04
086201_9250_42074;37;;1654;510;510;40;470;30.83;7.84
086201_9251_42074;38;;1234;387;387;27;360;31.36;6.98
086201_9252_42074;39;;1591;554;554;32;522;34.82;5.78
086201_9253_42074;40;;1477;402;404;38;364;27.22;9.45
086201_9254_42074;41;;1327;407;407;38;369;30.67;9.34
086201_9255_42074;42;;1370;457;457;36;421;33.36;7.88
086201_9256_42074;43;;1285;476;476;31;445;37.04;6.51
086201_9257_42074;44;;1559;472;472;47;425;30.28;9.96
086201_9258_42074;45;;1555;542;542;39;503;34.86;7.20
086201_9259_42074;46;;1505;374;374;27;347;24.85;7.22
086201_9260_42074;47;;1576;415;415;27;388;26.33;6.51
086201_9261_42074;48;;1640;508;508;25;483;30.98;4.92
086201_9262_42074;49;;1825;635;635;72;563;34.79;11.34
086201_9263_42074;50;;1731;496;496;29;467;28.65;5.85
086201_9264_42074;51;;1283;318;319;32;286;24.79;10.06
086201_9265_42074;52;;1234;247;247;34;213;20.02;13.77
086201_9266_42074;53;;1110;195;195;20;175;17.57;10.26
086201_9267_42074;54;;1633;507;507;36;471;31.05;7.10
086201_9268_42074;55;;1251;386;386;50;336;30.86;12.95
086201_9269_42074;56;;1035;196;196;25;171;18.94;12.76
086201_9270_42074;57;;1516;443;443;37;406;29.22;8.35
086201_9271_42074;58;;1324;356;356;20;336;26.89;5.62
086201_9272_42074;59;;1102;266;266;17;249;24.14;6.39
086201_9273_42074;60;;1599;465;465;44;421;29.08;9.46
086201_9274_42074;61;;1836;607;607;41;566;33.06;6.75
086201_9275_42074;62;;1731;376;376;24;352;21.72;6.38
100101_29634_42108;27;;332;69;69;14;55;20.78;20.29
100101_29635_42108;28;;66;46;46;8;38;69.70;17.39
100101_9276_42108;1;;2148;1014;1014;170;844;47.21;16.77
100101_9277_42108;2;;2217;1268;1269;184;1084;57.19;14.51
100101_9278_42108;3;;2066;970;970;143;827;46.95;14.74
100101_9279_42108;4;;2190;1012;1012;173;839;46.21;17.09
100101_9280_42108;5;;2373;1149;1149;137;1012;48.42;11.92
100101_9281_42108;6;;2252;1097;1099;174;923;48.71;15.86
100101_9282_42108;7;;582;225;225;27;198;38.66;12.00
100101_9283_42108;8;;1740;987;987;161;826;56.72;16.31
100101_9284_42108;9;;2151;1230;1230;177;1053;57.18;14.39
100101_9285_42108;10;;1854;758;758;218;540;40.88;28.76
100101_9286_42108;11;;1175;544;544;73;471;46.30;13.42
100101_9287_42108;12;;992;480;480;93;387;48.39;19.38
100101_9288_42108;13;;2162;1025;1025;96;929;47.41;9.37
100101_9289_42108;14;;1960;832;832;157;675;42.45;18.87
100101_9290_42108;15;;2020;926;926;124;802;45.84;13.39
100101_9291_42108;16;;2302;1072;1072;177;895;46.57;16.51
100101_9292_42108;17;;1904;800;800;89;711;42.02;11.12
100101_9293_42108;18;;1784;785;786;149;636;44.00;18.98
100101_9294_42108;19;;2104;918;918;102;816;43.63;11.11
100101_9295_42108;20;;2000;828;828;162;666;41.40;19.57
100101_9296_42108;21;;1294;730;730;72;658;56.41;9.86
100101_9297_42108;22;;764;339;339;51;288;44.37;15.04
100101_9298_42108;23;;2084;960;960;118;842;46.07;12.29
100101_9299_42108;24;;2315;1047;1047;262;785;45.23;25.02
100101_9300_42108;25;;2082;985;985;121;864;47.31;12.28
100101_9301_42108;26;;1748;852;852;190;662;48.74;22.30
100102_9302_42108;1;;1066;729;730;133;596;68.39;18.24
100102_9303_42108;2;;1029;595;595;142;453;57.82;23.87
100102_9304_42108;3;;1475;893;893;182;711;60.54;20.38
100102_9305_42108;4;;938;701;701;178;523;74.73;25.39
100102_9306_42108;5;;1178;753;753;131;622;63.92;17.40
100102_9307_42108;6;;1208;736;736;154;582;60.93;20.92
100102_9308_42108;7;;385;209;209;69;140;54.29;33.01
100102_9309_42108;8;;634;407;407;72;335;64.20;17.69
100102_9310_42108;9;;754;479;479;80;399;63.53;16.70
100103_9311_42108;1;;615;384;384;94;290;62.44;24.48
100103_9312_42108;2;;564;336;336;69;267;59.57;20.54
100103_9313_42108;3;;670;421;421;97;324;62.84;23.04
100103_9314_42108;4;;781;457;457;123;334;58.51;26.91
100103_9315_42108;5;;784;510;510;159;351;65.05;31.18
100103_9316_42108;6;;832;546;546;110;436;65.62;20.15
100104_9317_42108;1;;688;526;526;173;353;76.45;32.89
100104_9318_42108;2;;1440;1084;1084;248;836;75.28;22.88
100104_9319_42108;3;;1140;901;901;278;623;79.04;30.85
100104_9320_42108;4;;837;688;688;145;543;82.20;21.08
100105_9321_42108;1;;1528;948;948;283;665;62.04;29.85
100105_9322_42108;2;;1156;801;801;277;524;69.29;34.58
100105_9323_42108;3;;801;507;507;172;335;63.30;33.93
100106_9324_42108;1;;991;718;718;157;561;72.45;21.87
100106_9325_42108;2;;1081;759;759;128;631;70.21;16.86
100106_9326_42108;3;;1063;795;795;129;666;74.79;16.23
100106_9327_42108;4;;488;336;337;114;222;68.85;33.93
100106_9328_42108;5;;663;494;494;144;350;74.51;29.15
100107_9329_42108;1;;452;323;323;109;214;71.46;33.75
100107_9330_42108;2;;916;608;608;216;392;66.38;35.53
100107_9331_42108;3;;1195;824;824;201;623;68.95;24.39
100107_9332_42108;4;;1248;850;850;284;566;68.11;33.41
100107_9333_42108;5;;1316;784;784;211;573;59.57;26.91
100107_9334_42108;6;;883;641;641;206;435;72.59;32.14
100107_9335_42108;7;;500;352;352;99;253;70.40;28.12
100108_30795_42108;10;;52;33;33;13;20;63.46;39.39
100108_9336_42108;1;;854;481;481;60;421;56.32;12.47
100108_9337_42108;2;;1753;914;914;184;730;52.14;20.13
100108_9338_42108;3;;1625;935;935;179;756;57.54;19.14
100108_9339_42108;4;;932;503;504;116;387;53.97;23.06
100108_9340_42108;5;;1535;871;871;162;709;56.74;18.60
100108_9341_42108;6;;1501;892;892;146;746;59.43;16.37
100108_9342_42108;7;;752;405;405;85;320;53.86;20.99
100108_9343_42108;8;;1498;847;847;157;690;56.54;18.54
100108_9344_42108;9;;1688;947;947;156;791;56.10;16.47
100201_29636_42106;22;;83;44;44;20;24;53.01;45.45
100201_29637_42106;23;;61;32;32;8;24;52.46;25.00
100201_29638_42106;24;;57;29;29;0;29;50.88;0.00
100201_29639_42106;25;;173;25;25;5;20;14.45;20.00
100201_9345_42106;1;;1908;701;701;127;574;36.74;18.12
100201_9346_42106;2;;1606;616;616;88;528;38.36;14.29
100201_9347_42106;3;;1907;857;857;116;741;44.94;13.54
100201_9348_42106;4;;1658;736;736;120;616;44.39;16.30
100201_9349_42106;5;;1633;560;561;73;487;34.29;13.04
100201_9350_42106;6;;1730;639;639;102;537;36.94;15.96
100201_9351_42106;7;;1809;719;719;89;630;39.75;12.38
100201_9352_42106;8;;1981;749;749;155;594;37.81;20.69
100201_9353_42106;9;;1763;632;632;98;534;35.85;15.51
100201_9354_42106;10;;1890;568;568;105;463;30.05;18.49
100201_9355_42106;11;;1800;749;749;121;628;41.61;16.15
100201_9356_42106;12;;1855;683;683;98;585;36.82;14.35
100201_9357_42106;13;;1977;806;807;162;644;40.77;20.10
100201_9358_42106;14;;1982;765;765;105;660;38.60;13.73
100201_9359_42106;15;;1735;734;734;111;623;42.31;15.12
100201_9360_42106;16;;1649;715;715;99;616;43.36;13.85
100201_9361_42106;17;;1859;702;702;110;592;37.76;15.67
100201_9362_42106;18;;1853;760;760;109;651;41.01;14.34
100201_9363_42106;19;;1832;695;695;99;596;37.94;14.24
100201_9364_42106;20;;1697;669;669;59;610;39.42;8.82
100201_9365_42106;21;;1681;572;572;86;486;34.03;15.03
100202_29640_42106;6;;49;18;18;11;7;36.73;61.11
100202_29641_42106;7;;68;49;49;18;31;72.06;36.73
100202_9366_42106;1;;1245;615;615;125;490;49.40;20.33
100202_9367_42106;2;;1328;648;648;105;543;48.80;16.20
100202_9368_42106;3;;580;327;327;24;303;56.38;7.34
100202_9369_42106;4;;889;475;475;66;409;53.43;13.89
100202_9370_42106;5;;601;272;272;49;223;45.26;18.01
100203_9371_42106;1;;1638;1071;1071;313;758;65.38;29.23
100204_9372_42106;1;;1610;901;901;252;649;55.96;27.97
100204_9373_42106;2;;337;183;183;57;126;54.30;31.15
100204_9374_42106;3;;933;491;491;174;317;52.63;35.44
100204_9375_42106;4;;968;526;526;153;373;54.34;29.09
100204_9376_42106;5;;816;477;477;136;341;58.46;28.51
100204_9377_42106;6;;569;337;337;146;191;59.23;43.32
100204_9378_42106;7;;507;284;284;105;179;56.02;36.97
100204_9379_42106;8;;986;450;450;146;304;45.64;32.44
100204_9380_42106;9;;477;246;246;79;167;51.57;32.11
100205_9381_42106;1;;1265;688;688;194;494;54.39;28.20
100205_9382_42106;2;;551;360;360;109;251;65.34;30.28
100205_9383_42106;3;;1005;569;569;157;412;56.62;27.59
100205_9384_42106;4;;774;384;384;75;309;49.61;19.53
100206_9385_42106;1;;916;271;271;68;203;29.59;25.09
100206_9386_42106;2;;1451;644;644;143;501;44.38;22.20
100206_9387_42106;3;;500;154;154;47;107;30.80;30.52
100206_9388_42106;4;;770;278;278;62;216;36.10;22.30
100206_9389_42106;5;;1436;565;565;114;451;39.35;20.18
100206_9390_42106;6;;561;273;273;45;228;48.66;16.48
100206_9391_42106;7;;821;291;291;56;235;35.44;19.24
100206_9392_42106;8;;637;260;260;70;190;40.82;26.92
100207_29642_42106;3;;42;31;31;5;26;73.81;16.13
100207_9393_42106;1;;1130;697;697;239;458;61.68;34.29
100207_9394_42106;2;;720;371;371;133;238;51.53;35.85
100208_9395_42106;1;;1190;649;650;209;440;54.54;32.20
100208_9396_42106;2;;963;514;514;133;381;53.37;25.88
100208_9397_42106;3;;481;233;233;78;155;48.44;33.48
100208_9398_42106;4;;374;216;216;80;136;57.75;37.04
100209_9399_42106;1;;1241;854;854;241;613;68.82;28.22
100209_9400_42106;2;;993;627;627;174;453;63.14;27.75
100210_9401_42106;1;;1615;800;800;184;616;49.54;23.00
100210_9402_42106;2;;642;301;301;72;229;46.88;23.92
100210_9403_42106;3;;631;339;339;83;256;53.72;24.48
100210_9404_42106;4;;439;261;261;91;170;59.45;34.87
100211_9405_42106;1;;1692;610;610;151;459;36.05;24.75
100211_9406_42106;2;;690;340;340;76;264;49.28;22.35
100211_9407_42106;3;;444;206;206;63;143;46.40;30.58
100211_9408_42106;4;;1474;705;705;173;532;47.83;24.54
100211_9409_42106;5;;1323;605;605;176;429;45.73;29.09
100211_9410_42106;6;;1386;671;671;225;446;48.41;33.53
100211_9411_42106;7;;773;228;228;60;168;29.50;26.32
100211_9412_42106;8;;1470;648;648;154;494;44.08;23.77
100211_9413_42106;9;;1207;603;603;154;449;49.96;25.54
100301_9414_42107;1;;1943;963;963;193;770;49.56;20.04
100301_9415_42107;2;;554;213;213;50;163;38.45;23.47
100301_9416_42107;3;;665;282;282;58;224;42.41;20.57
100301_9417_42107;4;;446;178;178;31;147;39.91;17.42
100301_9418_42107;5;;476;209;209;32;177;43.91;15.31
100302_29643_42107;20;;112;34;34;3;31;30.36;8.82
100302_9419_42107;1;;1199;601;601;140;461;50.13;23.29
100302_9420_42107;2;;1066;356;356;64;292;33.40;17.98
100302_9421_42107;3;;1463;681;681;98;583;46.55;14.39
100302_9422_42107;4;;1835;784;784;133;651;42.72;16.96
100302_9423_42107;5;;1235;686;686;88;598;55.55;12.83
100302_9424_42107;6;;1275;546;546;81;465;42.82;14.84
100302_9425_42107;7;;1200;554;554;128;426;46.17;23.10
100302_9426_42107;8;;1784;854;854;114;740;47.87;13.35
100302_9427_42107;9;;1307;485;485;75;410;37.11;15.46
100302_9428_42107;10;;1217;538;538;76;462;44.21;14.13
100302_9429_42107;11;;1198;562;562;94;468;46.91;16.73
100302_9430_42107;12;;1290;640;640;98;542;49.61;15.31
100302_9431_42107;13;;808;382;382;65;317;47.28;17.02
100302_9432_42107;14;;746;336;336;75;261;45.04;22.32
100302_9433_42107;15;;1147;519;519;75;444;45.25;14.45
100302_9434_42107;16;;1084;554;554;121;433;51.11;21.84
100302_9435_42107;17;;715;334;334;74;260;46.71;22.16
100302_9436_42107;18;;1190;622;622;141;481;52.27;22.67
100302_9437_42107;19;;1202;417;417;88;329;34.69;21.10
100303_9438_42107;1;;954;535;535;82;453;56.08;15.33
100303_9439_42107;2;;421;231;231;58;173;54.87;25.11
100303_9440_42107;3;;1227;584;584;128;456;47.60;21.92
100303_9441_42107;4;;585;289;289;56;233;49.40;19.38
100303_9442_42107;5;;378;195;195;55;140;51.59;28.21
100303_9443_42107;6;;814;496;496;103;393;60.93;20.77
100303_9444_42107;7;;856;478;478;128;350;55.84;26.78
100304_9445_42107;1;;1263;698;698;157;541;55.27;22.49
100304_9446_42107;2;;800;478;478;72;406;59.75;15.06
100304_9447_42107;3;;1156;663;663;153;510;57.35;23.08
100304_9448_42107;4;;736;443;443;100;343;60.19;22.57
100304_9449_42107;5;;472;278;278;59;219;58.90;21.22
100304_9450_42107;6;;600;312;312;101;211;52.00;32.37
100304_9451_42107;7;;1404;918;918;194;724;65.38;21.13
100305_9452_42107;1;;1514;928;928;210;718;61.29;22.63
100305_9453_42107;2;;1191;671;671;211;460;56.34;31.45
100401_29644_42106;10;;151;19;19;7;12;12.58;36.84
100401_29645_42106;11;;50;26;26;9;17;52.00;34.62
100401_29646_42106;12;;26;8;8;0;8;30.77;0.00
100401_9454_42106;1;;693;406;406;71;335;58.59;17.49
100401_9455_42106;2;;1573;830;830;168;662;52.77;20.24
100401_9456_42106;3;;1608;768;768;240;528;47.76;31.25
100401_9457_42106;4;;765;390;390;127;263;50.98;32.56
100401_9458_42106;5;;1604;892;892;187;705;55.61;20.96
100401_9459_42106;6;;1624;971;971;196;775;59.79;20.19
100401_9460_42106;7;;1609;831;831;246;585;51.65;29.60
100401_9461_42106;8;;1716;908;908;269;639;52.91;29.63
100401_9462_42106;9;;853;390;390;137;253;45.72;35.13
100402_9463_42106;1;;1728;829;829;249;580;47.97;30.04
100402_9464_42106;2;;1657;870;870;273;597;52.50;31.38
100403_29647_42106;6;;30;28;28;8;20;93.33;28.57
100403_9465_42106;1;;660;367;367;62;305;55.61;16.89
100403_9466_42106;2;;650;319;319;78;241;49.08;24.45
100403_9467_42106;3;;268;119;119;24;95;44.40;20.17
100403_9468_42106;4;;614;256;256;36;220;41.69;14.06
100403_9469_42106;5;;1413;766;766;264;502;54.21;34.46
100404_9470_42106;1;;778;465;465;131;334;59.77;28.17
100404_9471_42106;2;;1015;510;511;132;378;50.25;25.88
100404_9472_42106;3;;408;183;183;58;125;44.85;31.69
100404_9473_42106;4;;737;429;429;132;297;58.21;30.77
100404_9474_42106;5;;360;236;236;58;178;65.56;24.58
100404_9475_42106;6;;967;595;595;142;453;61.53;23.87
100404_9476_42106;7;;890;527;527;149;378;59.21;28.27
100405_29648_42106;9;;665;83;83;15;68;12.48;18.07
100405_9477_42106;1;;1430;661;661;141;520;46.22;21.33
100405_9478_42106;2;;879;434;434;97;337;49.37;22.35
100405_9479_42106;3;;941;419;419;117;302;44.53;27.92
100405_9480_42106;4;;974;446;447;191;255;45.79;42.83
100405_9481_42106;5;;425;204;204;83;121;48.00;40.69
100405_9482_42106;6;;967;493;493;119;374;50.98;24.14
100405_9483_42106;7;;418;245;245;51;194;58.61;20.82
100405_9484_42106;8;;1002;488;488;123;365;48.70;25.20
100406_9485_42106;1;;1682;1139;1139;274;865;67.72;24.06
100406_9486_42106;2;;1366;831;831;163;668;60.83;19.61
100406_9487_42106;3;;998;513;513;122;391;51.40;23.78
100406_9488_42106;4;;740;448;448;102;346;60.54;22.77
100406_9489_42106;5;;353;262;262;66;196;74.22;25.19
100407_9490_42106;1;;562;269;269;57;212;47.86;21.19
100407_9491_42106;2;;1223;709;709;155;554;57.97;21.86
100407_9492_42106;3;;924;483;483;139;344;52.27;28.78
100407_9493_42106;4;;608;342;342;94;248;56.25;27.49
100408_9494_42106;1;;506;304;304;112;192;60.08;36.84
100408_9495_42106;2;;1348;861;861;240;621;63.87;27.87
100408_9496_42106;3;;407;249;249;82;167;61.18;32.93
100408_9497_42106;4;;533;293;293;92;201;54.97;31.40
100501_29649_42106;22;;66;21;21;7;14;31.82;33.33
100501_29650_42106;23;;344;63;63;26;37;18.31;41.27
100501_9498_42106;1;;1298;617;617;89;528;47.53;14.42
100501_9499_42106;2;;1208;561;561;162;399;46.44;28.88
100501_9500_42106;3;;1353;651;651;104;547;48.12;15.98
100501_9501_42106;4;;1367;734;734;109;625;53.69;14.85
100501_9502_42106;5;;1353;658;658;93;565;48.63;14.13
100501_9503_42106;6;;934;473;473;93;380;50.64;19.66
100501_9504_42106;7;;965;477;477;70;407;49.43;14.68
100501_9505_42106;8;;1066;462;462;111;351;43.34;24.03
100501_9506_42106;9;;1181;587;587;94;493;49.70;16.01
100501_9507_42106;10;;910;478;478;93;385;52.53;19.46
100501_9508_42106;11;;857;450;450;90;360;52.51;20.00
100501_9509_42106;12;;1054;482;482;72;410;45.73;14.94
100501_9510_42106;13;;1106;579;579;104;475;52.35;17.96
100501_9511_42106;14;;1338;600;600;118;482;44.84;19.67
100501_9512_42106;15;;1265;672;672;116;556;53.12;17.26
100501_9513_42106;16;;1320;657;657;135;522;49.77;20.55
100501_9514_42106;17;;1140;539;539;69;470;47.28;12.80
100501_9515_42106;18;;1093;555;555;98;457;50.78;17.66
100501_9516_42106;19;;1102;543;543;114;429;49.27;20.99
100501_9517_42106;20;;949;465;465;70;395;49.00;15.05
100501_9518_42106;21;;949;455;455;110;345;47.95;24.18
100502_29651_42106;7;;70;33;33;14;19;47.14;42.42
100502_29652_42106;8;;34;26;26;3;23;76.47;11.54
100502_9519_42106;1;;1315;749;749;138;611;56.96;18.42
100502_9520_42106;2;;779;381;381;73;308;48.91;19.16
100502_9521_42106;3;;657;322;322;57;265;49.01;17.70
100502_9522_42106;4;;664;433;433;95;338;65.21;21.94
100502_9523_42106;5;;636;289;289;50;239;45.44;17.30
100502_9524_42106;6;;565;335;335;84;251;59.29;25.07
100503_9525_42106;1;;746;418;418;62;356;56.03;14.83
100503_9526_42106;2;;976;398;398;77;321;40.78;19.35
100503_9527_42106;3;;737;327;327;46;281;44.37;14.07
100504_9528_42106;1;;1503;832;832;159;673;55.36;19.11
100504_9529_42106;2;;1300;646;646;161;485;49.69;24.92
100504_9530_42106;3;;968;483;483;81;402;49.90;16.77
100505_9531_42106;1;;1663;987;988;184;803;59.35;18.64
100505_9532_42106;2;;704;399;399;80;319;56.68;20.05
100505_9533_42106;3;;535;289;289;72;217;54.02;24.91
100506_9534_42106;1;;1915;1011;1011;195;816;52.79;19.29
100506_9535_42106;2;;640;201;201;33;168;31.41;16.42
100506_9536_42106;3;;1010;522;522;84;438;51.68;16.09
100507_9537_42106;1;;1099;453;453;60;393;41.22;13.25
100507_9538_42106;2;;902;344;344;63;281;38.14;18.31
100507_9539_42106;3;;368;177;177;33;144;48.10;18.64
100507_9540_42106;4;;902;389;389;51;338;43.13;13.11
100507_9541_42106;5;;958;390;390;43;347;40.71;11.03
100507_9542_42106;6;;920;393;394;52;341;42.72;13.23
100507_9543_42106;7;;616;288;288;63;225;46.75;21.88
100507_9544_42106;8;;373;196;196;38;158;52.55;19.39
100508_9545_42106;1;;1604;937;938;279;658;58.42;29.78
100508_9546_42106;2;;443;189;189;49;140;42.66;25.93
100508_9547_42106;3;;679;378;378;64;314;55.67;16.93
100508_9548_42106;4;;764;370;370;82;288;48.43;22.16
100508_9549_42106;5;;484;256;256;46;210;52.89;17.97
100508_9550_42106;6;;397;226;226;59;167;56.93;26.11
100508_9551_42106;7;;521;292;292;62;230;56.05;21.23
100508_9552_42106;8;;560;252;252;81;171;45.00;32.14
100509_9553_42106;1;;446;213;213;38;175;47.76;17.84
100509_9554_42106;2;;1238;605;605;109;496;48.87;18.02
100509_9555_42106;3;;1314;660;660;166;494;50.23;25.15
100509_9556_42106;4;;1088;480;480;110;370;44.12;22.92
100509_9557_42106;5;;1018;504;504;104;400;49.51;20.63
100509_9558_42106;6;;988;471;471;149;322;47.67;31.63
100509_9559_42106;7;;1267;762;762;245;517;60.14;32.15
100509_9560_42106;8;;362;192;192;68;124;53.04;35.42
100510_9561_42106;1;;1519;714;714;115;599;47.00;16.11
100510_9562_42106;2;;856;436;436;64;372;50.93;14.68
100510_9563_42106;3;;1419;674;674;102;572;47.50;15.13
100510_9564_42106;4;;1107;495;495;57;438;44.72;11.52
100602_29653_42108;15;;82;73;73;45;28;89.02;61.64
100602_9565_42108;1;;705;378;378;86;292;53.62;22.75
100602_9566_42108;2;;687;422;422;68;354;61.43;16.11
100602_9567_42108;3;;707;436;436;86;350;61.67;19.72
100602_9568_42108;4;;700;365;365;68;297;52.14;18.63
100602_9569_42108;5;;1134;666;666;146;520;58.73;21.92
100602_9570_42108;6;;724;460;460;104;356;63.54;22.61
100602_9571_42108;7;;767;363;363;60;303;47.33;16.53
100602_9572_42108;8;;624;284;284;54;230;45.51;19.01
100602_9573_42108;9;;647;314;314;44;270;48.53;14.01
100602_9574_42108;10;;670;297;297;41;256;44.33;13.80
100602_9575_42108;11;;803;415;415;66;349;51.68;15.90
100602_9576_42108;12;;921;500;500;98;402;54.29;19.60
100602_9577_42108;13;;634;340;340;86;254;53.63;25.29
100602_9578_42108;14;;647;317;317;63;254;49.00;19.87
100603_9579_42108;1;;1028;549;549;133;416;53.40;24.23
100603_9580_42108;2;;950;566;566;136;430;59.58;24.03
100603_9581_42108;3;;1364;774;774;189;585;56.74;24.42
100603_9582_42108;4;;673;384;385;71;313;57.06;18.49
100603_9583_42108;5;;969;592;592;97;495;61.09;16.39
100607_29654_42108;24;;39;24;24;9;15;61.54;37.50
100607_9584_42108;1;;1726;894;894;203;691;51.80;22.71
100607_9585_42108;2;;1689;923;923;159;764;54.65;17.23
100607_9586_42108;3;;910;514;514;107;407;56.48;20.82
100607_9587_42108;4;;1109;605;605;105;500;54.55;17.36
100607_9588_42108;5;;1002;504;504;91;413;50.30;18.06
100607_9589_42108;6;;1146;626;626;79;547;54.62;12.62
100607_9590_42108;7;;1215;582;582;95;487;47.90;16.32
100607_9591_42108;8;;870;540;540;116;424;62.07;21.48
100607_9592_42108;9;;1025;534;534;77;457;52.10;14.42
100607_9593_42108;10;;223;151;151;22;129;67.71;14.57
100607_9594_42108;11;;717;343;343;60;283;47.84;17.49
100607_9595_42108;12;;960;491;491;100;391;51.15;20.37
100607_9596_42108;13;;814;434;434;43;391;53.32;9.91
100607_9597_42108;14;;824;361;361;65;296;43.81;18.01
100607_9598_42108;15;;677;380;380;70;310;56.13;18.42
100607_9599_42108;16;;760;343;343;46;297;45.13;13.41
100607_9600_42108;17;;326;164;165;39;125;50.31;23.78
100607_9601_42108;18;;454;222;222;38;184;48.90;17.12
100607_9602_42108;19;;817;440;440;101;339;53.86;22.95
100607_9603_42108;20;;287;169;169;36;133;58.89;21.30
100607_9604_42108;21;;446;242;242;55;187;54.26;22.73
100607_9605_42108;22;;250;164;164;41;123;65.60;25.00
100607_9606_42108;23;;824;449;449;123;326;54.49;27.39
100608_9607_42108;1;;718;494;494;78;416;68.80;15.79
100608_9608_42108;2;;633;387;387;62;325;61.14;16.02
100608_9609_42108;3;;980;648;648;123;525;66.12;18.98
100608_9610_42108;4;;561;417;417;102;315;74.33;24.46
100608_9611_42108;5;;413;273;273;51;222;66.10;18.68
100608_9612_42108;6;;303;165;165;30;135;54.46;18.18
100610_9613_42108;1;;1775;975;975;225;750;54.93;23.08
100610_9614_42108;2;;984;547;547;120;427;55.59;21.94
100610_9615_42108;3;;598;329;329;72;257;55.02;21.88
100610_9616_42108;4;;1777;810;811;89;721;45.58;10.99
100610_9617_42108;5;;1037;624;624;149;475;60.17;23.88
100610_9618_42108;6;;1112;632;632;176;456;56.83;27.85
100610_9619_42108;7;;466;261;263;44;217;56.01;16.86
100611_29655_42108;17;;191;16;16;0;16;8.38;0.00
100611_9620_42108;1;;435;250;250;39;211;57.47;15.60
100611_9621_42108;2;;410;174;174;40;134;42.44;22.99
100611_9622_42108;3;;789;415;415;84;331;52.60;20.24
100611_9623_42108;4;;735;408;408;83;325;55.51;20.34
100611_9624_42108;5;;684;357;357;68;289;52.19;19.05
100611_9625_42108;6;;783;353;353;82;271;45.08;23.23
100611_9626_42108;7;;726;317;317;59;258;43.66;18.61
100611_9627_42108;8;;724;311;311;59;252;42.96;18.97
100611_9628_42108;9;;697;317;317;67;250;45.48;21.14
100611_9629_42108;10;;542;294;294;65;229;54.24;22.11
100611_9630_42108;11;;444;269;269;49;220;60.59;18.22
100611_9631_42108;12;;318;200;200;67;133;62.89;33.50
100611_9632_42108;13;;670;329;329;59;270;49.10;17.93
100611_9633_42108;14;;624;290;290;54;236;46.47;18.62
100611_9634_42108;15;;590;309;309;68;241;52.37;22.01
100611_9635_42108;16;;748;373;373;69;304;49.87;18.50
100701_9636_42109;1;;989;629;629;96;533;63.60;15.26
100701_9637_42109;2;;666;425;425;66;359;63.81;15.53
100701_9638_42109;3;;926;466;466;76;390;50.32;16.31
100701_9639_42109;4;;967;470;470;116;354;48.60;24.68
100701_9640_42109;5;;1250;838;838;108;730;67.04;12.89
100702_29656_42109;13;;69;61;61;3;58;88.41;4.92
100702_9641_42109;1;;1222;689;689;135;554;56.38;19.59
100702_9642_42109;2;;740;450;450;83;367;60.81;18.44
100702_9643_42109;3;;1277;764;764;177;587;59.83;23.17
100702_9644_42109;4;;451;303;303;54;249;67.18;17.82
100702_9645_42109;5;;707;490;490;85;405;69.31;17.35
100702_9646_42109;6;;613;397;397;63;334;64.76;15.87
100702_9647_42109;7;;514;374;374;70;304;72.76;18.72
100702_9648_42109;8;;579;393;393;94;299;67.88;23.92
100702_9649_42109;9;;1052;635;635;152;483;60.36;23.94
100702_9650_42109;10;;689;450;450;94;356;65.31;20.89
100702_9651_42109;11;;534;348;348;71;277;65.17;20.40
100702_9652_42109;12;;447;318;318;49;269;71.14;15.41
100703_9653_42109;1;;1510;1133;1133;168;965;75.03;14.83
100703_9654_42109;2;;470;319;319;70;249;67.87;21.94
100703_9655_42109;3;;1064;741;741;147;594;69.64;19.84
100703_9656_42109;4;;748;526;526;117;409;70.32;22.24
100704_29657_42109;26;;28;12;12;2;10;42.86;16.67
100704_9657_42109;1;;990;551;551;96;455;55.66;17.42
100704_9658_42109;2;;462;275;275;57;218;59.52;20.73
100704_9659_42109;3;;1002;519;519;76;443;51.80;14.64
100704_9660_42109;4;;589;370;370;54;316;62.82;14.59
100704_9661_42109;5;;869;494;494;56;438;56.85;11.34
100704_9662_42109;6;;806;507;507;79;428;62.90;15.58
100704_9663_42109;7;;783;526;526;59;467;67.18;11.22
100704_9664_42109;8;;455;290;290;36;254;63.74;12.41
100704_9665_42109;9;;803;520;520;68;452;64.76;13.08
100704_9666_42109;10;;1032;734;734;81;653;71.12;11.04
100704_9667_42109;11;;1557;982;982;126;856;63.07;12.83
100704_9668_42109;12;;916;630;630;82;548;68.78;13.02
100704_9669_42109;13;;1304;663;663;67;596;50.84;10.11
100704_9670_42109;14;;1400;805;805;135;670;57.50;16.77
100704_9671_42109;15;;1523;882;882;92;790;57.91;10.43
100704_9672_42109;16;;1342;790;790;88;702;58.87;11.14
100704_9673_42109;17;;1467;760;760;106;654;51.81;13.95
100704_9674_42109;18;;1422;791;791;141;650;55.63;17.83
100704_9675_42109;19;;1406;848;848;76;772;60.31;8.96
100704_9676_42109;20;;1425;811;811;114;697;56.91;14.06
100704_9677_42109;21;;1332;678;678;101;577;50.90;14.90
100704_9678_42109;22;;1588;954;954;154;800;60.08;16.14
100704_9679_42109;23;;1415;762;762;110;652;53.85;14.44
100704_9680_42109;24;;1206;655;655;132;523;54.31;20.15
100704_9681_42109;25;;1233;719;719;90;629;58.31;12.52
100705_9682_42109;1;;910;570;570;59;511;62.64;10.35
100705_9683_42109;2;;1105;734;734;73;661;66.43;9.95
100705_9684_42109;3;;971;631;631;75;556;64.98;11.89
100705_9685_42109;4;;585;383;383;61;322;65.47;15.93
100706_9686_42109;1;;1097;800;800;169;631;72.93;21.12
100706_9687_42109;2;;721;483;483;79;404;66.99;16.36
100706_9688_42109;3;;640;469;469;112;357;73.28;23.88
100706_9689_42109;4;;335;237;237;72;165;70.75;30.38
100707_9690_42109;1;;906;565;565;63;502;62.36;11.15
100707_9691_42109;2;;360;176;176;17;159;48.89;9.66
100707_9692_42109;3;;868;523;523;84;439;60.25;16.06
100707_9693_42109;4;;795;443;443;49;394;55.72;11.06
100707_9694_42109;5;;845;545;545;96;449;64.50;17.61
100707_9695_42109;6;;756;472;472;54;418;62.43;11.44
100707_9696_42109;7;;708;441;441;33;408;62.29;7.48
100707_9697_42109;8;;777;499;499;92;407;64.22;18.44
100708_29658_42109;9;;76;45;45;8;37;59.21;17.78
100708_9698_42109;1;;665;428;428;94;334;64.36;21.96
100708_9699_42109;2;;654;496;496;84;412;75.84;16.94
100708_9700_42109;3;;652;450;450;62;388;69.02;13.78
100708_9701_42109;4;;367;220;220;66;154;59.95;30.00
100708_9702_42109;5;;736;491;491;144;347;66.71;29.33
100708_9703_42109;6;;567;383;383;103;280;67.55;26.89
100708_9704_42109;7;;774;552;552;96;456;71.32;17.39
100708_9705_42109;8;;592;397;397;74;323;67.06;18.64
100801_29659_42107;12;;86;0;0;0;0;0.00;NA
100801_29660_42107;13;;59;10;10;1;9;16.95;10.00
100801_9706_42107;1;;1027;546;546;80;466;53.16;14.65
100801_9707_42107;2;;916;473;473;86;387;51.64;18.18
100801_9708_42107;3;;1986;907;907;134;773;45.67;14.77
100801_9709_42107;4;;1901;934;934;131;803;49.13;14.03
100801_9710_42107;5;;956;455;455;62;393;47.59;13.63
100801_9711_42107;6;;2002;1019;1019;173;846;50.90;16.98
100801_9712_42107;7;;1872;791;791;153;638;42.25;19.34
100801_9713_42107;8;;1922;889;889;226;663;46.25;25.42
100801_9714_42107;9;;503;224;224;44;180;44.53;19.64
100801_9715_42107;10;;390;162;162;20;142;41.54;12.35
100801_9716_42107;11;;1006;494;494;95;399;49.11;19.23
100802_29661_42107;47;;358;22;22;3;19;6.15;13.64
100802_29662_42107;48;;86;25;25;11;14;29.07;44.00
100802_29663_42107;49;;65;17;17;5;12;26.15;29.41
100802_9717_42107;1;;1298;645;645;135;510;49.69;20.93
100802_9718_42107;2;;1195;541;541;51;490;45.27;9.43
100802_9719_42107;3;;1301;534;534;70;464;41.05;13.11
100802_9720_42107;4;;1073;292;292;53;239;27.21;18.15
100802_9721_42107;5;;1180;394;396;66;328;33.39;16.75
100802_9722_42107;6;;1170;362;362;81;281;30.94;22.38
100802_9723_42107;7;;1347;418;419;70;348;31.03;16.75
100802_9724_42107;8;;1013;435;435;70;365;42.94;16.09
100802_9725_42107;9;;1371;590;591;64;526;43.03;10.85
100802_9726_42107;10;;1008;502;502;48;454;49.80;9.56
100802_9727_42107;11;;1367;560;560;81;479;40.97;14.46
100802_9728_42107;12;;1006;435;435;58;377;43.24;13.33
100802_9729_42107;13;;977;460;460;71;389;47.08;15.43
100802_9730_42107;14;;1387;627;627;52;575;45.21;8.29
100802_9731_42107;15;;1009;366;366;53;313;36.27;14.48
100802_9732_42107;16;;1375;521;521;75;446;37.89;14.40
100802_9733_42107;17;;1395;545;545;54;491;39.07;9.91
100802_9734_42107;18;;1041;358;358;65;293;34.39;18.16
100802_9735_42107;19;;1107;304;305;71;233;27.46;23.36
100802_9736_42107;20;;1249;400;400;69;331;32.03;17.25
100802_9737_42107;21;;1386;511;511;83;428;36.87;16.24
100802_9738_42107;22;;992;442;442;38;404;44.56;8.60
100802_9739_42107;23;;1065;450;450;81;369;42.25;18.00
100802_9740_42107;24;;1337;509;510;49;460;38.07;9.63
100802_9741_42107;25;;1419;668;668;133;535;47.08;19.91
100802_9742_42107;26;;997;439;441;65;374;44.03;14.81
100802_9743_42107;27;;1320;551;551;103;448;41.74;18.69
100802_9744_42107;28;;1058;365;365;70;295;34.50;19.18
100802_9745_42107;29;;1408;656;656;160;496;46.59;24.39
100802_9746_42107;30;;910;284;284;53;231;31.21;18.66
100802_9747_42107;31;;827;412;412;61;351;49.82;14.81
100802_9748_42107;32;;1599;633;633;87;546;39.59;13.74
100802_9749_42107;33;;1083;467;467;46;421;43.12;9.85
100802_9750_42107;34;;1264;571;571;87;484;45.17;15.24
100802_9751_42107;35;;930;415;415;123;292;44.62;29.64
100802_9752_42107;36;;1481;632;632;134;498;42.67;21.20
100802_9753_42107;37;;1410;591;591;80;511;41.91;13.54
100802_9754_42107;38;;1003;478;478;80;398;47.66;16.74
100802_9755_42107;39;;1362;503;503;97;406;36.93;19.28
100802_9756_42107;40;;1065;465;465;48;417;43.66;10.32
100802_9757_42107;41;;1237;508;508;63;445;41.07;12.40
100802_9758_42107;42;;1075;470;470;61;409;43.72;12.98
100802_9759_42107;43;;1355;585;585;86;499;43.17;14.70
100802_9760_42107;44;;1106;442;442;63;379;39.96;14.25
100802_9761_42107;45;;1252;579;579;93;486;46.25;16.06
100802_9762_42107;46;;1090;445;448;60;385;40.83;13.48
100803_9766_42107;1;;901;466;467;104;362;51.72;22.32
100803_9767_42107;2;;815;471;471;117;354;57.79;24.84
100803_9768_42107;3;;1058;530;530;124;406;50.09;23.40
100803_9769_42107;4;;776;403;403;103;300;51.93;25.56
100804_9770_42107;1;;1590;727;727;142;585;45.72;19.53
100804_9771_42107;2;;854;426;426;80;346;49.88;18.78
100804_9772_42107;3;;828;486;486;79;407;58.70;16.26
100804_9773_42107;4;;1044;560;560;129;431;53.64;23.04
100804_9774_42107;5;;495;195;195;46;149;39.39;23.59
100804_9775_42107;6;;1154;559;560;92;467;48.44;16.46
100805_29664_42107;7;;31;7;7;0;7;22.58;0.00
100805_9776_42107;1;;1016;605;605;88;517;59.55;14.55
100805_9777_42107;2;;1298;803;805;173;630;61.86;21.54
100805_9778_42107;3;;1449;837;837;160;677;57.76;19.12
100805_9779_42107;4;;882;543;543;102;441;61.56;18.78
100805_9780_42107;5;;894;485;485;103;382;54.25;21.24
100805_9781_42107;6;;588;330;331;45;285;56.12;13.64
100806_29665_42107;8;;37;4;4;2;2;10.81;50.00
100806_9782_42107;1;;1245;684;684;144;540;54.94;21.05
100806_9783_42107;2;;1075;615;615;108;507;57.21;17.56
100806_9784_42107;3;;1140;509;509;98;411;44.65;19.25
100806_9785_42107;4;;646;401;401;105;296;62.07;26.18
100806_9786_42107;5;;843;426;426;81;345;50.53;19.01
100806_9787_42107;6;;687;381;381;93;288;55.46;24.41
100806_9788_42107;7;;633;315;315;87;228;49.76;27.62
100807_9789_42107;1;;1271;737;737;99;638;57.99;13.43
100807_9790_42107;2;;947;513;513;98;415;54.17;19.10
100807_9791_42107;3;;1318;772;772;104;668;58.57;13.47
100807_9792_42107;4;;1064;602;602;95;507;56.58;15.78
100807_9793_42107;5;;638;359;359;52;307;56.27;14.48
100901_29666_42107;8;;22;14;15;6;8;63.64;42.86
100901_9794_42107;1;;2097;1415;1415;381;1034;67.48;26.93
100901_9795_42107;2;;673;509;509;115;394;75.63;22.59
100901_9796_42107;3;;1068;758;758;208;550;70.97;27.44
100901_9797_42107;4;;2292;1349;1349;301;1048;58.86;22.31
100901_9798_42107;5;;795;560;560;201;359;70.44;35.89
100901_9799_42107;6;;1541;1015;1015;200;815;65.87;19.70
100901_9800_42107;7;;1916;1095;1095;255;840;57.15;23.29
100902_9801_42107;1;;2052;1471;1471;375;1096;71.69;25.49
100902_9802_42107;2;;601;442;442;156;286;73.54;35.29
100902_9803_42107;3;;879;576;576;153;423;65.53;26.56
100903_9804_42107;1;;1507;862;865;203;659;57.20;23.55
100903_9805_42107;2;;697;370;370;117;253;53.08;31.62
100903_9806_42107;3;;953;415;415;134;281;43.55;32.29
100903_9807_42107;4;;771;454;454;136;318;58.88;29.96
100904_29667_42107;6;;29;11;11;3;8;37.93;27.27
100904_9808_42107;1;;1441;778;778;142;636;53.99;18.25
100904_9809_42107;2;;2009;1174;1174;240;934;58.44;20.44
100904_9810_42107;3;;2063;1183;1183;262;921;57.34;22.15
100904_9811_42107;4;;2125;1257;1259;200;1057;59.15;15.91
100904_9812_42107;5;;2037;1129;1129;227;902;55.42;20.11
100905_9813_42107;1;;1557;1084;1086;329;755;69.62;30.35
100905_9814_42107;2;;757;507;507;174;333;66.97;34.32
100905_9815_42107;3;;375;286;286;72;214;76.27;25.17
100905_9816_42107;4;;348;257;257;101;156;73.85;39.30
100905_9817_42107;5;;884;655;655;249;406;74.10;38.02
100906_9818_42107;1;;1027;722;722;188;534;70.30;26.04
100906_9819_42107;2;;1195;738;738;190;548;61.76;25.75
100906_9820_42107;3;;1016;739;741;168;571;72.74;22.73
100906_9821_42107;4;;762;488;488;144;344;64.04;29.51
100907_9822_42107;1;;1817;1156;1156;284;872;63.62;24.57
100907_9823_42107;2;;1285;684;684;163;521;53.23;23.83
100907_9824_42107;3;;788;468;468;85;383;59.39;18.16
100908_9825_42107;1;;838;468;468;121;347;55.85;25.85
100908_9826_42107;2;;497;293;293;85;208;58.95;29.01
100908_9827_42107;3;;891;535;535;150;385;60.04;28.04
100908_9828_42107;4;;974;682;682;196;486;70.02;28.74
100908_9829_42107;5;;540;352;352;106;246;65.19;30.11
101001_9830_42108;1;;1116;835;835;188;647;74.82;22.51
101001_9831_42108;2;;994;727;727;164;563;73.14;22.56
101001_9832_42108;3;;508;406;406;111;295;79.92;27.34
101001_9833_42108;4;;534;437;437;122;315;81.84;27.92
101001_9834_42108;5;;614;441;441;110;331;71.82;24.94
101002_9835_42108;1;;965;635;635;109;526;65.80;17.17
101002_9836_42108;2;;985;626;626;137;489;63.55;21.88
101002_9837_42108;3;;845;458;458;98;360;54.20;21.40
101002_9838_42108;4;;499;238;238;38;200;47.70;15.97
101003_9839_42108;1;;403;236;236;47;189;58.56;19.92
101003_9840_42108;2;;398;226;226;27;199;56.78;11.95
101003_9841_42108;3;;754;442;442;62;380;58.62;14.03
101003_9842_42108;4;;1094;681;681;130;551;62.25;19.09
101003_9843_42108;5;;1357;898;898;139;759;66.18;15.48
101003_9844_42108;6;;518;314;314;95;219;60.62;30.25
101003_9845_42108;7;;626;448;448;87;361;71.57;19.42
101003_9846_42108;8;;925;632;632;151;481;68.32;23.89
101003_9847_42108;9;;863;554;554;131;423;64.19;23.65
101004_9848_42108;1;;945;546;546;127;419;57.78;23.26
101004_9849_42108;2;;1321;829;829;182;647;62.76;21.95
101004_9850_42108;3;;1286;701;701;121;580;54.51;17.26
101004_9851_42108;4;;367;184;184;35;149;50.14;19.02
101004_9852_42108;5;;911;483;483;102;381;53.02;21.12
101005_9853_42108;1;;705;505;505;134;371;71.63;26.53
101005_9854_42108;2;;817;561;562;163;398;68.67;29.06
101005_9855_42108;3;;880;674;674;176;498;76.59;26.11
101005_9856_42108;4;;571;354;354;92;262;62.00;25.99
101006_29668_42108;9;;100;17;17;4;13;17.00;23.53
101006_9857_42108;1;;1494;704;704;72;632;47.12;10.23
101006_9858_42108;2;;1359;599;599;116;483;44.08;19.37
101006_9859_42108;3;;1313;612;612;97;515;46.61;15.85
101006_9860_42108;4;;812;388;388;75;313;47.78;19.33
101006_9861_42108;5;;1377;669;669;86;583;48.58;12.86
101006_9862_42108;6;;1306;593;593;94;499;45.41;15.85
101006_9863_42108;7;;1314;670;670;87;583;50.99;12.99
101006_9864_42108;8;;1228;631;631;87;544;51.38;13.79
101007_9865_42108;1;;691;480;480;134;346;69.46;27.92
101007_9866_42108;2;;774;508;508;109;399;65.63;21.46
101007_9867_42108;3;;860;522;522;112;410;60.70;21.46
101007_9868_42108;4;;739;410;410;126;284;55.48;30.73
101008_29669_42108;9;;58;50;50;7;43;86.21;14.00
101008_9869_42108;1;;1400;733;733;202;531;52.36;27.56
101008_9870_42108;2;;689;355;355;82;273;51.52;23.10
101008_9872_42108;4;;1358;793;793;177;616;58.39;22.32
101008_9873_42108;5;;1489;706;706;186;520;47.41;26.35
101008_9874_42108;6;;1332;626;626;84;542;47.00;13.42
101008_9875_42108;7;;1587;889;889;216;673;56.02;24.30
101008_9876_42108;8;;545;355;355;64;291;65.14;18.03
101009_9877_42108;1;;1468;914;915;202;712;62.26;22.10
101009_9878_42108;2;;1741;977;977;205;772;56.12;20.98
101009_9879_42108;3;;844;435;435;126;309;51.54;28.97
101009_9880_42108;4;;982;499;499;100;399;50.81;20.04
101009_9881_42108;5;;868;449;449;92;357;51.73;20.49
101009_9882_42108;6;;865;408;408;70;338;47.17;17.16
101009_9883_42108;7;;1636;842;842;157;685;51.47;18.65
101009_9884_42108;8;;1218;628;629;86;542;51.56;13.69
101009_9885_42108;9;;1036;631;631;129;502;60.91;20.44
101009_9886_42108;10;;982;585;585;109;476;59.57;18.63
101009_9887_42108;11;;1418;740;743;267;473;52.19;36.08
101010_9888_42108;1;;1189;713;713;126;587;59.97;17.67
101010_9889_42108;2;;1123;677;677;145;532;60.28;21.42
101010_9890_42108;3;;1221;642;642;164;478;52.58;25.55
101010_9891_42108;4;;1353;702;702;147;555;51.88;20.94
101010_9892_42108;5;;797;458;458;118;340;57.47;25.76
101010_9893_42108;6;;1230;672;672;150;522;54.63;22.32
101010_9894_42108;7;;1243;690;690;171;519;55.51;24.78
101010_9895_42108;8;;1191;715;715;99;616;60.03;13.85
101011_29670_42108;7;;65;39;39;13;26;60.00;33.33
101011_9896_42108;1;;976;679;679;70;609;69.57;10.31
101011_9897_42108;2;;1323;842;842;110;732;63.64;13.06
101011_9898_42108;3;;752;440;440;79;361;58.51;17.95
101011_9899_42108;4;;861;580;580;118;462;67.36;20.34
101011_9900_42108;5;;1058;700;700;107;593;66.16;15.29
101011_9901_42108;6;;1330;758;758;160;598;56.99;21.11
101101_9902_42107;1;;1256;866;866;206;660;68.95;23.79
101101_9903_42107;2;;553;391;391;101;290;70.71;25.83
101101_9904_42107;3;;526;361;361;89;272;68.63;24.65
101101_9905_42107;4;;403;279;279;59;220;69.23;21.15
101101_9906_42107;5;;396;218;218;60;158;55.05;27.52
101102_9907_42107;1;;1337;888;888;266;622;66.42;29.95
101102_9908_42107;2;;401;236;236;59;177;58.85;25.00
101102_9909_42107;3;;368;221;221;54;167;60.05;24.43
101102_9910_42107;4;;482;320;320;90;230;66.39;28.12
101102_9911_42107;5;;405;270;270;88;182;66.67;32.59
101103_29671_42107;18;;118;34;34;6;28;28.81;17.65
101103_29672_42107;19;;41;13;13;1;12;31.71;7.69
101103_9912_42107;1;;966;542;542;104;438;56.11;19.19
101103_9913_42107;2;;982;482;482;98;384;49.08;20.33
101103_9914_42107;3;;778;351;352;67;284;45.12;19.09
101103_9915_42107;4;;597;349;349;48;301;58.46;13.75
101103_9916_42107;5;;819;415;415;96;319;50.67;23.13
101103_9917_42107;6;;1143;549;549;100;449;48.03;18.21
101103_9918_42107;7;;974;526;526;86;440;54.00;16.35
101103_9919_42107;8;;459;255;255;49;206;55.56;19.22
101103_9920_42107;9;;424;182;182;45;137;42.92;24.73
101103_9921_42107;10;;777;354;354;60;294;45.56;16.95
101103_9922_42107;11;;763;351;351;88;263;46.00;25.07
101103_9923_42107;12;;870;482;482;100;382;55.40;20.75
101103_9924_42107;13;;832;396;396;101;295;47.60;25.51
101103_9925_42107;14;;692;316;316;80;236;45.66;25.32
101103_9926_42107;15;;880;505;505;109;396;57.39;21.58
101103_9927_42107;16;;362;158;158;33;125;43.65;20.89
101103_9928_42107;17;;549;280;280;63;217;51.00;22.50
101104_9929_42107;1;;1081;502;502;93;409;46.44;18.53
101104_9930_42107;2;;846;434;434;116;318;51.30;26.73
101104_9931_42107;3;;653;351;351;65;286;53.75;18.52
101104_9932_42107;4;;902;424;424;84;340;47.01;19.81
101104_9933_42107;5;;1219;633;633;108;525;51.93;17.06
101104_9934_42107;6;;1328;721;721;122;599;54.29;16.92
101105_9935_42107;1;;1449;847;847;222;625;58.45;26.21
101105_9936_42107;2;;429;203;203;64;139;47.32;31.53
101105_9937_42107;3;;655;416;416;107;309;63.51;25.72
101105_9938_42107;4;;421;254;254;85;169;60.33;33.46
101105_9939_42107;5;;412;264;264;93;171;64.08;35.23
101105_9940_42107;6;;517;272;272;95;177;52.61;34.93
101105_9941_42107;7;;347;200;200;64;136;57.64;32.00
101105_9942_42107;8;;619;367;369;99;268;59.29;26.98
101105_9943_42107;9;;297;145;145;65;80;48.82;44.83
101106_9944_42107;1;;1051;672;672;151;521;63.94;22.47
101106_9945_42107;2;;608;421;421;98;323;69.24;23.28
101106_9946_42107;3;;728;460;460;129;331;63.19;28.04
101106_9947_42107;4;;678;365;365;114;251;53.83;31.23
101106_9948_42107;5;;741;459;459;116;343;61.94;25.27
101106_9949_42107;6;;534;369;369;70;299;69.10;18.97
101201_29673_42108;23;;49;27;27;2;25;55.10;7.41
101201_29674_42108;24;;102;27;27;4;23;26.47;14.81
101201_9950_42108;1;;1703;718;718;103;615;42.16;14.35
101201_9951_42108;2;;1946;885;885;115;770;45.48;12.99
101201_9952_42108;3;;1625;773;773;94;679;47.57;12.16
101201_9953_42108;4;;1827;838;838;137;701;45.87;16.35
101201_9954_42108;5;;1913;914;914;154;760;47.78;16.85
101201_9955_42108;6;;2184;1052;1052;154;898;48.17;14.64
101201_9956_42108;7;;2164;1042;1042;96;946;48.15;9.21
101201_9957_42108;8;;2285;1087;1087;147;940;47.57;13.52
101201_9958_42108;9;;1881;851;851;100;751;45.24;11.75
101201_9959_42108;10;;1340;629;630;62;567;46.94;9.86
101201_9960_42108;11;;1226;692;692;95;597;56.44;13.73
101201_9961_42108;12;;1759;946;946;89;857;53.78;9.41
101201_9962_42108;13;;1986;671;671;98;573;33.79;14.61
101201_9963_42108;14;;2064;960;960;110;850;46.51;11.46
101201_9964_42108;15;;1636;781;781;77;704;47.74;9.86
101201_9965_42108;16;;1921;770;770;109;661;40.08;14.16
101201_9966_42108;17;;1839;761;761;94;667;41.38;12.35
101201_9967_42108;18;;1838;934;934;135;799;50.82;14.45
101201_9968_42108;19;;2281;960;960;153;807;42.09;15.94
101201_9969_42108;20;;1380;663;663;119;544;48.04;17.95
101201_9970_42108;21;;1756;913;913;122;791;51.99;13.36
101201_9971_42108;22;;516;236;236;58;178;45.74;24.58
101202_9972_42108;1;;1043;729;729;217;512;69.89;29.77
101202_9973_42108;2;;1209;821;821;225;596;67.91;27.41
101202_9974_42108;3;;1160;632;632;174;458;54.48;27.53
101203_9975_42108;1;;544;275;275;73;202;50.55;26.55
101203_9976_42108;2;;707;363;363;99;264;51.34;27.27
101203_9977_42108;3;;1221;711;711;189;522;58.23;26.58
101203_9978_42108;4;;861;491;491;142;349;57.03;28.92
101203_9979_42108;5;;1139;603;603;158;445;52.94;26.20
101203_9980_42108;6;;833;469;469;88;381;56.30;18.76
101204_9981_42108;1;;1293;794;795;193;601;61.41;24.31
101204_9982_42108;2;;1071;723;723;163;560;67.51;22.54
101204_9983_42108;3;;970;627;627;129;498;64.64;20.57
101204_9984_42108;4;;618;378;378;65;313;61.17;17.20
101204_9985_42108;5;;897;555;555;117;438;61.87;21.08
101205_9986_42108;1;;1040;681;681;184;497;65.48;27.02
101205_9987_42108;2;;1292;859;860;188;671;66.49;21.89
101205_9988_42108;3;;1249;771;771;221;550;61.73;28.66
101205_9989_42108;4;;662;432;432;178;254;65.26;41.20
101205_9990_42108;5;;692;469;469;118;351;67.77;25.16
101206_9991_42108;1;;1091;627;627;141;486;57.47;22.49
101206_9992_42108;2;;1115;693;693;185;508;62.15;26.70
101206_9993_42108;3;;665;396;396;102;294;59.55;25.76
101206_9994_42108;4;;766;468;468;127;341;61.10;27.14
101207_10000_42108;6;;614;378;378;89;289;61.56;23.54
101207_9995_42108;1;;793;520;520;152;368;65.57;29.23
101207_9996_42108;2;;791;535;535;135;400;67.64;25.23
101207_9997_42108;3;;649;350;350;82;268;53.93;23.43
101207_9998_42108;4;;544;364;364;96;268;66.91;26.37
101207_9999_42108;5;;480;265;265;80;185;55.21;30.19
101208_10001_42108;1;;1466;816;816;240;576;55.66;29.41
101208_10002_42108;2;;1042;520;520;135;385;49.90;25.96
101208_10003_42108;3;;595;312;312;77;235;52.44;24.68
101208_10004_42108;4;;436;310;310;85;225;71.10;27.42
101209_10005_42108;1;;1383;842;844;239;603;60.88;28.38
101209_10006_42108;2;;1203;613;613;110;503;50.96;17.94
101209_10007_42108;3;;850;521;521;120;401;61.29;23.03
101209_10008_42108;4;;381;245;245;46;199;64.30;18.78
101209_29675_42108;5;;84;38;38;18;20;45.24;47.37
101210_10009_42108;1;;934;608;608;153;455;65.10;25.16
101210_10010_42108;2;;1162;837;837;186;651;72.03;22.22
101210_10011_42108;3;;714;505;505;146;359;70.73;28.91
101210_10012_42108;4;;767;518;518;149;369;67.54;28.76
101211_10013_42108;1;;1456;951;951;272;679;65.32;28.60
101211_10014_42108;2;;1483;906;906;205;701;61.09;22.63
101211_10015_42108;3;;1181;731;731;261;470;61.90;35.70
101211_10016_42108;4;;818;519;519;125;394;63.45;24.08
101211_10017_42108;5;;1132;760;760;165;595;67.14;21.71
101212_10018_42108;1;;595;358;358;80;278;60.17;22.35
101212_10019_42108;2;;682;367;367;66;301;53.81;17.98
101212_10020_42108;3;;687;389;389;91;298;56.62;23.39
101212_10021_42108;4;;930;416;416;103;313;44.73;24.76
101212_10022_42108;5;;677;352;352;89;263;51.99;25.28
101212_10023_42108;6;;982;565;565;136;429;57.54;24.07
101213_10024_42108;1;;801;524;524;114;410;65.42;21.76
101213_10025_42108;2;;575;360;360;58;302;62.61;16.11
101213_10026_42108;3;;442;240;240;57;183;54.30;23.75
101213_10027_42108;4;;903;534;534;98;436;59.14;18.35
101213_10028_42108;5;;695;454;454;76;378;65.32;16.74
101213_10029_42108;6;;545;330;330;50;280;60.55;15.15
101214_10030_42108;1;;1337;837;837;209;628;62.60;24.97
101214_10031_42108;2;;912;544;544;185;359;59.65;34.01
101214_10032_42108;3;;1183;658;658;206;452;55.62;31.31
101214_10033_42108;4;;1089;623;623;193;430;57.21;30.98
101301_10034_42109;1;;1914;794;794;139;655;41.48;17.51
101301_10035_42109;2;;1897;1030;1030;151;879;54.30;14.66
101301_10036_42109;3;;1902;832;832;162;670;43.74;19.47
101301_10037_42109;4;;1959;983;983;153;830;50.18;15.56
101301_10038_42109;5;;1966;939;939;153;786;47.76;16.29
101301_10039_42109;6;;1013;607;607;74;533;59.92;12.19
101301_10040_42109;7;;1949;919;919;146;773;47.15;15.89
101301_10041_42109;8;;1928;962;962;161;801;49.90;16.74
101301_29676_42109;9;;56;15;15;3;12;26.79;20.00
101302_10042_42109;1;;1058;668;668;153;515;63.14;22.90
101302_10043_42109;2;;1309;785;785;195;590;59.97;24.84
101302_10044_42109;3;;1818;1003;1003;254;749;55.17;25.32
101302_10045_42109;4;;1867;996;996;259;737;53.35;26.00
101302_10046_42109;5;;771;451;451;84;367;58.50;18.63
101302_10047_42109;6;;626;338;338;81;257;53.99;23.96
101302_10048_42109;7;;1915;1238;1238;352;886;64.65;28.43
101303_10049_42109;1;;2107;1314;1314;331;983;62.36;25.19
101303_10050_42109;2;;871;518;518;113;405;59.47;21.81
101303_10051_42109;3;;326;175;175;31;144;53.68;17.71
101304_10052_42109;1;;1769;738;738;124;614;41.72;16.80
101304_10053_42109;2;;1849;806;806;117;689;43.59;14.52
101304_10054_42109;3;;887;409;409;98;311;46.11;23.96
101304_10055_42109;4;;1393;573;573;55;518;41.13;9.60
101304_10056_42109;5;;1039;508;508;78;430;48.89;15.35
101305_10057_42109;1;;1510;1050;1050;250;800;69.54;23.81
101306_10058_42109;1;;1911;893;893;227;666;46.73;25.42
101306_10059_42109;2;;1520;726;726;193;533;47.76;26.58
101306_10060_42109;3;;850;370;370;89;281;43.53;24.05
101306_10061_42109;4;;295;142;142;29;113;48.14;20.42
101401_10062_42107;1;;1366;695;695;89;606;50.88;12.81
101401_10063_42107;2;;1091;471;471;90;381;43.17;19.11
101401_10064_42107;3;;1640;673;673;87;586;41.04;12.93
101401_10065_42107;4;;1104;604;604;93;511;54.71;15.40
101401_10066_42107;5;;1985;972;972;115;857;48.97;11.83
101401_10067_42107;6;;2019;954;954;148;806;47.25;15.51
101401_10068_42107;7;;1995;951;951;130;821;47.67;13.67
101401_10069_42107;8;;2151;1006;1006;155;851;46.77;15.41
101401_10070_42107;9;;1707;792;792;104;688;46.40;13.13
101401_10071_42107;10;;1738;786;786;107;679;45.22;13.61
101401_10072_42107;11;;1881;846;846;111;735;44.98;13.12
101401_10073_42107;12;;1845;835;835;108;727;45.26;12.93
101401_10074_42107;13;;1138;545;545;55;490;47.89;10.09
101401_10075_42107;14;;670;329;329;83;246;49.10;25.23
101401_10076_42107;15;;1193;623;623;103;520;52.22;16.53
101401_10077_42107;16;;1566;918;918;97;821;58.62;10.57
101401_10078_42107;17;;1873;1016;1016;114;902;54.24;11.22
101401_10079_42107;18;;1592;749;749;164;585;47.05;21.90
101401_10080_42107;19;;1938;820;820;126;694;42.31;15.37
101401_10081_42107;20;;1005;476;476;151;325;47.36;31.72
101401_10082_42107;21;;842;523;523;154;369;62.11;29.45
101401_10083_42107;22;;1221;548;548;99;449;44.88;18.07
101401_10084_42107;23;;1452;701;701;239;462;48.28;34.09
101401_29677_42107;24;;478;39;39;3;36;8.16;7.69
101401_29678_42107;25;;142;31;31;5;26;21.83;16.13
101401_29679_42107;26;;568;89;89;32;57;15.67;35.96
101401_29680_42107;27;;100;37;37;18;19;37.00;48.65
101402_10085_42107;1;;1891;1095;1095;187;908;57.91;17.08
101402_10086_42107;2;;821;474;474;162;312;57.73;34.18
101402_10087_42107;3;;1568;835;835;210;625;53.25;25.15
101402_10088_42107;4;;1540;825;828;203;622;53.57;24.61
101402_10089_42107;5;;722;331;331;95;236;45.84;28.70
101402_10090_42107;6;;689;386;389;138;248;56.02;35.75
101402_10091_42107;7;;824;463;463;205;258;56.19;44.28
101402_10092_42107;8;;946;414;414;102;312;43.76;24.64
101402_10093_42107;9;;702;379;379;88;291;53.99;23.22
101402_10094_42107;10;;1490;930;931;256;674;62.42;27.53
101402_10095_42107;11;;921;525;525;157;368;57.00;29.90
101403_10096_42107;1;;1468;938;938;251;687;63.90;26.76
101403_10097_42107;2;;450;285;285;92;193;63.33;32.28
101403_10098_42107;3;;1044;658;658;188;470;63.03;28.57
101403_10099_42107;4;;572;333;333;75;258;58.22;22.52
101404_10100_42107;1;;1197;638;638;133;505;53.30;20.85
101404_10101_42107;2;;1134;559;559;170;389;49.29;30.41
101404_10102_42107;3;;1012;532;532;146;386;52.57;27.44
101404_10103_42107;4;;947;523;523;127;396;55.23;24.28
101404_10104_42107;5;;786;392;392;133;259;49.87;33.93
101405_10105_42107;1;;1455;716;716;176;540;49.21;24.58
101405_10106_42107;2;;611;282;282;82;200;46.15;29.08
101405_10107_42107;3;;777;269;269;53;216;34.62;19.70
101405_10108_42107;4;;382;185;185;53;132;48.43;28.65
101405_10109_42107;5;;550;170;170;51;119;30.91;30.00
101405_10110_42107;6;;778;317;317;90;227;40.75;28.39
101405_29681_42107;7;;23;10;10;1;9;43.48;10.00
101406_10111_42107;1;;1150;738;738;215;523;64.17;29.13
101406_10112_42107;2;;626;325;325;88;237;51.92;27.08
101406_10113_42107;3;;912;543;543;211;332;59.54;38.86
101406_10114_42107;4;;528;335;335;104;231;63.45;31.04
101406_10115_42107;5;;655;367;367;122;245;56.03;33.24
101406_10116_42107;6;;613;305;305;85;220;49.76;27.87
101407_10117_42107;1;;816;405;405;109;296;49.63;26.91
101407_10118_42107;2;;657;340;340;103;237;51.75;30.29
101407_10119_42107;3;;341;160;160;37;123;46.92;23.12
101407_10120_42107;4;;575;292;292;97;195;50.78;33.22
101408_10121_42107;1;;938;528;528;129;399;56.29;24.43
101408_10122_42107;2;;1763;1010;1010;220;790;57.29;21.78
101408_10123_42107;3;;1915;1210;1210;323;887;63.19;26.69
101408_10124_42107;4;;1112;676;676;180;496;60.79;26.63
101408_10125_42107;5;;1103;660;660;199;461;59.84;30.15
101408_10126_42107;6;;1283;725;725;145;580;56.51;20.00
101408_29682_42107;7;;46;23;23;3;20;50.00;13.04
101409_10127_42107;1;;1354;800;800;216;584;59.08;27.00
101409_10128_42107;2;;1352;863;863;227;636;63.83;26.30
101409_10129_42107;3;;769;420;420;166;254;54.62;39.52
101409_10130_42107;4;;709;349;349;75;274;49.22;21.49
101409_10131_42107;5;;1164;764;764;272;492;65.64;35.60
101409_10132_42107;6;;777;386;386;109;277;49.68;28.24
101409_10133_42107;7;;690;374;374;101;273;54.20;27.01
101409_10134_42107;8;;680;399;399;110;289;58.68;27.57
101409_10135_42107;9;;1447;793;793;173;620;54.80;21.82
101409_10136_42107;10;;853;486;486;117;369;56.98;24.07
101409_10137_42107;11;;654;364;364;77;287;55.66;21.15
101410_10138_42107;1;;1786;962;962;232;730;53.86;24.12
101410_10139_42107;2;;1246;680;680;155;525;54.57;22.79
101410_10140_42107;3;;1283;631;631;188;443;49.18;29.79
101410_10141_42107;4;;649;406;406;112;294;62.56;27.59
101411_10142_42107;1;;1561;898;898;240;658;57.53;26.73
101411_10143_42107;2;;1246;665;665;152;513;53.37;22.86
101411_10144_42107;3;;372;205;205;40;165;55.11;19.51
101411_10145_42107;4;;766;416;416;108;308;54.31;25.96
101411_10146_42107;5;;437;196;196;54;142;44.85;27.55
101411_10147_42107;6;;868;438;438;107;331;50.46;24.43
101411_10148_42107;7;;680;376;376;60;316;55.29;15.96
101501_10149_42109;1;;1791;1050;1050;310;740;58.63;29.52
101501_10150_42109;2;;460;247;247;77;170;53.70;31.17
101501_10151_42109;3;;481;227;227;73;154;47.19;32.16
101501_10152_42109;4;;518;232;232;41;191;44.79;17.67
101502_10153_42109;1;;675;430;430;76;354;63.70;17.67
101502_10154_42109;2;;1628;1065;1065;171;894;65.42;16.06
101502_10155_42109;3;;560;345;345;38;307;61.61;11.01
101502_10156_42109;4;;1855;1171;1171;140;1031;63.13;11.96
101503_10157_42109;1;;1482;944;944;263;681;63.70;27.86
101503_10158_42109;2;;619;419;419;117;302;67.69;27.92
101504_10159_42109;1;;509;275;275;53;222;54.03;19.27
101504_10160_42109;2;;549;316;316;70;246;57.56;22.15
101504_10161_42109;3;;440;270;270;68;202;61.36;25.19
101504_10162_42109;4;;461;329;329;107;222;71.37;32.52
101504_10163_42109;5;;520;320;320;81;239;61.54;25.31
101505_10164_42109;1;;1656;1006;1007;190;816;60.75;18.89
101505_10165_42109;2;;545;350;350;93;257;64.22;26.57
101505_10166_42109;3;;464;257;257;29;228;55.39;11.28
101506_10167_42109;1;;1674;1101;1101;205;896;65.77;18.62
101506_10168_42109;2;;891;494;494;110;384;55.44;22.27
101506_10169_42109;3;;756;409;409;96;313;54.10;23.47
101506_10170_42109;4;;511;301;301;65;236;58.90;21.59
101506_10171_42109;5;;568;352;352;115;237;61.97;32.67
101506_10172_42109;6;;511;283;283;86;197;55.38;30.39
101507_10173_42109;1;;689;371;371;71;300;53.85;19.14
101507_10174_42109;2;;839;504;504;104;400;60.07;20.63
101507_10175_42109;3;;751;474;474;97;377;63.12;20.46
101507_10176_42109;4;;507;310;310;78;232;61.14;25.16
101508_10177_42109;1;;778;431;431;87;344;55.40;20.19
101508_10178_42109;2;;432;202;202;39;163;46.76;19.31
101508_10179_42109;3;;1322;575;575;111;464;43.49;19.30
101508_10180_42109;4;;784;347;347;85;262;44.26;24.50
101508_10181_42109;5;;608;266;266;71;195;43.75;26.69
101508_10182_42109;6;;652;360;360;87;273;55.21;24.17
101508_10183_42109;7;;555;270;270;50;220;48.65;18.52
101508_10184_42109;8;;665;286;286;64;222;43.01;22.38
101509_10185_42109;1;;1331;730;730;124;606;54.85;16.99
101509_10186_42109;2;;799;377;377;112;265;47.18;29.71
101601_10187_42109;1;;2262;1004;1004;142;862;44.39;14.14
101601_10188_42109;2;;1999;801;802;148;653;40.07;18.48
101601_10189_42109;3;;2233;977;977;155;822;43.75;15.86
101601_10190_42109;4;;2111;709;709;92;617;33.59;12.98
101601_10191_42109;5;;2339;919;919;153;766;39.29;16.65
101601_10192_42109;6;;2165;1004;1004;125;879;46.37;12.45
101601_10193_42109;7;;2185;819;819;101;718;37.48;12.33
101601_10194_42109;8;;2224;902;902;119;783;40.56;13.19
101601_10195_42109;9;;2151;985;985;121;864;45.79;12.28
101601_10196_42109;10;;2178;1113;1115;156;957;51.10;14.02
101601_10197_42109;11;;2218;677;677;100;577;30.52;14.77
101601_10198_42109;12;;2263;883;883;118;765;39.02;13.36
101601_10199_42109;13;;2107;1061;1063;135;926;50.36;12.72
101601_10200_42109;14;;2341;1050;1050;136;914;44.85;12.95
101601_10201_42109;15;;2491;1087;1088;149;938;43.64;13.71
101601_10202_42109;16;;2356;1106;1106;116;990;46.94;10.49
101601_10203_42109;17;;2324;1063;1063;157;906;45.74;14.77
101601_10204_42109;18;;2424;1101;1101;118;983;45.42;10.72
101601_10205_42109;19;;2136;1059;1061;115;944;49.58;10.86
101601_10206_42109;20;;2369;1160;1162;172;988;48.97;14.83
101601_10207_42109;21;;2257;1106;1106;150;956;49.00;13.56
101601_10208_42109;22;;2259;1040;1040;161;879;46.04;15.48
101601_10209_42109;23;;2242;1167;1167;151;1016;52.05;12.94
101601_29683_42109;24;;186;51;51;7;44;27.42;13.73
101601_29684_42109;25;;69;39;39;22;17;56.52;56.41
101601_29685_42109;26;;67;41;41;7;34;61.19;17.07
101601_29686_42109;27;;114;52;52;11;41;45.61;21.15
101602_10210_42109;1;;1033;494;494;110;384;47.82;22.27
101602_10211_42109;2;;1099;530;530;119;411;48.23;22.45
101602_10212_42109;3;;694;287;287;47;240;41.35;16.38
101603_10213_42109;1;;806;592;592;178;414;73.45;30.07
101603_10214_42109;2;;569;405;405;112;293;71.18;27.65
101603_10215_42109;3;;436;319;319;80;239;73.17;25.08
101604_10216_42109;1;;1108;801;801;174;627;72.29;21.72
101604_10217_42109;2;;1134;728;728;185;543;64.20;25.41
101604_10218_42109;3;;903;638;638;64;574;70.65;10.03
101604_10219_42109;4;;1058;748;748;185;563;70.70;24.73
101605_10220_42109;1;;1253;741;741;164;577;59.14;22.13
101605_10221_42109;2;;654;442;442;100;342;67.58;22.62
101605_10222_42109;3;;727;442;442;97;345;60.80;21.95
101605_10223_42109;4;;601;346;346;66;280;57.57;19.08
101606_10224_42109;1;;1054;734;734;155;579;69.64;21.12
101606_10225_42109;2;;767;599;599;128;471;78.10;21.37
101606_10226_42109;3;;833;537;537;125;412;64.47;23.28
101606_10227_42109;4;;498;347;347;87;260;69.68;25.07
101606_10228_42109;5;;356;260;260;67;193;73.03;25.77
101606_10229_42109;6;;912;536;536;126;410;58.77;23.51
101606_10230_42109;7;;1141;802;802;180;622;70.29;22.44
101607_10231_42109;1;;2116;1327;1327;237;1090;62.71;17.86
101607_10232_42109;2;;1543;922;922;190;732;59.75;20.61
101607_10233_42109;3;;632;350;350;74;276;55.38;21.14
101607_10234_42109;4;;705;399;399;73;326;56.60;18.30
101607_29687_42109;5;;82;20;20;3;17;24.39;15.00
101608_10235_42109;1;;1360;942;942;201;741;69.26;21.34
101608_10236_42109;2;;815;570;570;136;434;69.94;23.86
101608_10237_42109;3;;1012;732;732;141;591;72.33;19.26
101608_10238_42109;4;;802;561;561;114;447;69.95;20.32
101609_10239_42109;1;;1234;578;578;80;498;46.84;13.84
101609_10240_42109;2;;1161;554;554;86;468;47.72;15.52
101609_10241_42109;3;;1093;538;538;86;452;49.22;15.99
101609_10242_42109;4;;1188;634;634;49;585;53.37;7.73
101609_10243_42109;5;;572;281;281;35;246;49.13;12.46
101609_10244_42109;6;;599;327;327;46;281;54.59;14.07
101609_10245_42109;7;;590;287;287;44;243;48.64;15.33
101609_10246_42109;8;;1087;470;470;75;395;43.24;15.96
101609_10247_42109;9;;1038;511;511;73;438;49.23;14.29
101610_10248_42109;1;;984;538;540;104;434;54.67;19.33
101610_10249_42109;2;;733;380;380;70;310;51.84;18.42
101610_10250_42109;3;;722;332;332;77;255;45.98;23.19
101610_10251_42109;4;;945;506;506;113;393;53.54;22.33
101610_10252_42109;5;;920;468;468;120;348;50.87;25.64
101610_10253_42109;6;;904;523;523;121;402;57.85;23.14
101610_10254_42109;7;;810;471;471;96;375;58.15;20.38
101610_10255_42109;8;;414;229;229;53;176;55.31;23.14
101611_10256_42109;1;;855;551;551;92;459;64.44;16.70
101611_10257_42109;2;;843;551;553;67;484;65.36;12.16
101611_10258_42109;3;;546;356;356;44;312;65.20;12.36
101611_10259_42109;4;;474;301;301;60;241;63.50;19.93
101701_10260_42107;1;;606;318;318;77;241;52.48;24.21
101701_10261_42107;2;;550;338;339;94;244;61.45;27.81
101701_10262_42107;3;;698;482;485;208;274;69.05;43.15
101701_10263_42107;4;;182;97;97;32;65;53.30;32.99
101701_10264_42107;5;;715;393;393;164;229;54.97;41.73
101701_10265_42107;6;;600;304;304;83;221;50.67;27.30
101701_10266_42107;7;;1141;633;633;199;434;55.48;31.44
101702_10267_42107;1;;1289;620;620;119;501;48.10;19.19
101702_10268_42107;2;;993;434;434;98;336;43.71;22.58
101702_10269_42107;3;;1006;455;455;77;378;45.23;16.92
101702_10270_42107;4;;385;145;145;22;123;37.66;15.17
101703_10271_42107;1;;979;674;674;157;517;68.85;23.29
101703_10272_42107;2;;749;462;462;112;350;61.68;24.24
101703_10273_42107;3;;713;414;414;101;313;58.06;24.40
101703_10274_42107;4;;198;132;132;28;104;66.67;21.21
101703_10275_42107;5;;277;204;204;58;146;73.65;28.43
101703_10276_42107;6;;346;208;208;53;155;60.12;25.48
101704_10277_42107;1;;1277;738;738;169;569;57.79;22.90
101704_10278_42107;2;;403;218;218;65;153;54.09;29.82
101704_10279_42107;3;;816;486;486;115;371;59.56;23.66
101704_10280_42107;4;;794;489;489;113;376;61.59;23.11
101704_10281_42107;5;;799;477;477;112;365;59.70;23.48
101704_10282_42107;6;;289;185;185;30;155;64.01;16.22
101705_10283_42107;1;;668;398;398;65;333;59.58;16.33
101705_10284_42107;2;;486;285;285;63;222;58.64;22.11
101705_10285_42107;3;;487;304;304;85;219;62.42;27.96
101705_10286_42107;4;;556;319;319;73;246;57.37;22.88
101705_10287_42107;5;;591;376;376;90;286;63.62;23.94
101705_10288_42107;6;;1090;687;687;96;591;63.03;13.97
101706_10289_42107;1;;854;529;529;110;419;61.94;20.79
101706_10290_42107;2;;639;433;433;105;328;67.76;24.25
101706_10291_42107;3;;695;400;400;78;322;57.55;19.50
101706_10292_42107;4;;754;389;389;63;326;51.59;16.20
101706_10293_42107;5;;642;361;361;111;250;56.23;30.75
101706_29688_42107;6;;85;36;36;11;25;42.35;30.56
101707_10294_42107;1;;420;256;256;59;197;60.95;23.05
101707_10295_42107;2;;849;487;487;134;353;57.36;27.52
101707_10296_42107;3;;572;364;364;120;244;63.64;32.97
101707_10297_42107;4;;334;199;199;56;143;59.58;28.14
101707_10298_42107;5;;480;273;273;53;220;56.88;19.41
101707_10299_42107;6;;1155;678;678;175;503;58.70;25.81
101707_10300_42107;7;;396;283;283;82;201;71.46;28.98
101707_10301_42107;8;;674;510;510;174;336;75.67;34.12
101707_10302_42107;9;;333;226;226;61;165;67.87;26.99
101708_10303_42107;1;;1339;819;819;211;608;61.17;25.76
101708_10304_42107;2;;510;282;282;45;237;55.29;15.96
101708_10305_42107;3;;598;341;341;49;292;57.02;14.37
101708_10306_42107;4;;260;134;134;28;106;51.54;20.90
101709_10307_42107;1;;1547;699;699;104;595;45.18;14.88
101709_10308_42107;2;;1575;724;724;102;622;45.97;14.09
101709_10309_42107;3;;1201;562;562;97;465;46.79;17.26
101709_10310_42107;4;;1338;700;700;120;580;52.32;17.14
101709_10311_42107;5;;1470;675;675;123;552;45.92;18.22
101709_10312_42107;6;;1687;795;795;113;682;47.13;14.21
101709_10313_42107;7;;1217;516;516;75;441;42.40;14.53
101709_10314_42107;8;;1328;645;645;112;533;48.57;17.36
101709_10315_42107;9;;1150;497;497;158;339;43.22;31.79
101709_10316_42107;10;;1341;564;564;102;462;42.06;18.09
101709_10317_42107;11;;933;428;428;85;343;45.87;19.86
101709_10318_42107;12;;1140;517;517;85;432;45.35;16.44
101709_10319_42107;13;;1199;503;503;64;439;41.95;12.72
101709_10320_42107;14;;1091;460;460;88;372;42.16;19.13
101709_10321_42107;15;;1232;525;525;87;438;42.61;16.57
101709_10322_42107;16;;1014;546;546;89;457;53.85;16.30
101709_10323_42107;17;;699;465;465;75;390;66.52;16.13
101709_10324_42107;18;;677;383;383;97;286;56.57;25.33
101709_10325_42107;19;;1261;534;534;90;444;42.35;16.85
101709_10326_42107;20;;926;473;473;97;376;51.08;20.51
101709_10327_42107;21;;1484;617;617;117;500;41.58;18.96
101709_10328_42107;22;;741;362;362;130;232;48.85;35.91
101709_10329_42107;23;;440;217;217;40;177;49.32;18.43
101709_29689_42107;24;;101;25;25;0;25;24.75;0.00
101710_10330_42107;1;;1554;791;791;222;569;50.90;28.07
101710_10331_42107;2;;871;410;410;114;296;47.07;27.80
101710_10332_42107;3;;452;249;249;53;196;55.09;21.29
101710_10333_42107;4;;809;412;412;118;294;50.93;28.64
101710_10334_42107;5;;514;222;222;54;168;43.19;24.32
101710_10335_42107;6;;801;441;441;97;344;55.06;22.00
101710_10336_42107;7;;392;217;217;56;161;55.36;25.81
101801_10337_42107;1;;1385;796;796;206;590;57.47;25.88
101801_10338_42107;2;;545;320;320;56;264;58.72;17.50
101801_10339_42107;3;;705;365;365;87;278;51.77;23.84
101801_10340_42107;4;;745;431;431;190;241;57.85;44.08
101802_10341_42107;1;;1795;885;885;356;529;49.30;40.23
101802_10342_42107;2;;828;325;325;79;246;39.25;24.31
101802_10343_42107;3;;454;203;203;50;153;44.71;24.63
101803_10344_42107;1;;1857;1066;1066;294;772;57.40;27.58
101803_10345_42107;2;;914;516;516;137;379;56.46;26.55
101803_10346_42107;3;;695;372;372;110;262;53.53;29.57
101803_10347_42107;4;;1145;592;592;163;429;51.70;27.53
101803_10348_42107;5;;404;203;203;59;144;50.25;29.06
101804_10349_42107;1;;818;556;556;117;439;67.97;21.04
101804_10350_42107;2;;724;460;460;102;358;63.54;22.17
101804_10351_42107;3;;460;321;321;60;261;69.78;18.69
101804_10352_42107;4;;452;282;282;103;179;62.39;36.52
101804_10353_42107;5;;817;518;518;173;345;63.40;33.40
101804_10354_42107;6;;512;333;333;76;257;65.04;22.82
101805_10355_42107;1;;967;472;472;148;324;48.81;31.36
101805_10356_42107;2;;1212;654;654;123;531;53.96;18.81
101805_10357_42107;3;;1172;628;628;171;457;53.58;27.23
101806_10358_42107;1;;1888;1031;1031;249;782;54.61;24.15
101806_10359_42107;2;;677;352;352;82;270;51.99;23.30
101806_10360_42107;3;;724;409;409;90;319;56.49;22.00
101806_10361_42107;4;;683;410;410;107;303;60.03;26.10
101807_10362_42107;1;;1006;565;565;103;462;56.16;18.23
101807_10363_42107;2;;1590;873;873;100;773;54.91;11.45
101807_10364_42107;3;;1121;565;565;87;478;50.40;15.40
101807_10365_42107;4;;1465;644;644;113;531;43.96;17.55
101807_10366_42107;5;;1278;645;645;77;568;50.47;11.94
101807_10367_42107;6;;603;327;327;51;276;54.23;15.60
101807_10368_42107;7;;782;372;374;57;315;47.57;15.32
101807_10369_42107;8;;867;473;473;86;387;54.56;18.18
101807_10370_42107;9;;911;509;509;77;432;55.87;15.13
101807_10371_42107;10;;473;277;277;67;210;58.56;24.19
101807_10372_42107;11;;546;283;283;40;243;51.83;14.13
101807_10373_42107;12;;887;543;543;125;418;61.22;23.02
101807_29690_42107;13;;35;6;6;0;6;17.14;0.00
101901_10374_42107;1;;1468;397;397;98;299;27.04;24.69
101901_10375_42107;2;;1633;676;676;89;587;41.40;13.17
101901_10376_42107;3;;1527;615;615;85;530;40.28;13.82
101901_10377_42107;4;;1772;800;800;77;723;45.15;9.62
101901_10378_42107;5;;1828;733;733;80;653;40.10;10.91
101901_10379_42107;6;;1874;861;861;138;723;45.94;16.03
101901_10380_42107;7;;1567;699;700;72;627;44.61;10.30
101901_10381_42107;8;;1596;708;708;77;631;44.36;10.88
101901_10382_42107;9;;1602;581;581;88;493;36.27;15.15
101901_10383_42107;10;;1664;806;806;102;704;48.44;12.66
101901_10384_42107;11;;1721;825;825;104;721;47.94;12.61
101901_10385_42107;12;;1555;818;818;117;701;52.60;14.30
101901_10386_42107;13;;1750;794;794;155;639;45.37;19.52
101901_10387_42107;14;;1566;706;706;71;635;45.08;10.06
101901_10388_42107;15;;1645;710;710;177;533;43.16;24.93
101901_10389_42107;16;;1867;942;944;217;725;50.46;23.04
101901_10390_42107;17;;1657;776;776;122;654;46.83;15.72
101901_10391_42107;18;;1492;610;610;59;551;40.88;9.67
101901_10392_42107;19;;1666;713;713;112;601;42.80;15.71
101901_10393_42107;20;;1698;775;776;248;527;45.64;32.00
101901_10394_42107;21;;1605;742;742;224;518;46.23;30.19
101901_29691_42107;22;;51;14;14;3;11;27.45;21.43
101901_29692_42107;23;;91;29;29;12;17;31.87;41.38
101902_10395_42107;1;;1668;901;901;154;747;54.02;17.09
101902_10396_42107;2;;818;330;330;73;257;40.34;22.12
101902_10397_42107;3;;814;423;423;86;337;51.97;20.33
101902_10398_42107;4;;577;334;334;74;260;57.89;22.16
101902_10399_42107;5;;507;319;319;61;258;62.92;19.12
101902_10400_42107;6;;345;207;207;38;169;60.00;18.36
101902_10401_42107;7;;1311;739;743;117;622;56.37;15.83
101902_29693_42107;8;;29;11;11;1;10;37.93;9.09
101903_10402_42107;1;;2008;1235;1235;217;1018;61.50;17.57
101903_10403_42107;2;;726;358;358;55;303;49.31;15.36
101903_10404_42107;3;;790;522;522;136;386;66.08;26.05
101903_10405_42107;4;;616;326;326;89;237;52.92;27.30
101904_10406_42107;1;;959;526;526;149;377;54.85;28.33
101904_10407_42107;2;;1491;645;645;131;514;43.26;20.31
101904_10408_42107;3;;1396;573;573;131;442;41.05;22.86
101904_10409_42107;4;;893;417;417;129;288;46.70;30.94
101904_10410_42107;5;;2176;957;958;165;792;43.98;17.24
101904_10411_42107;6;;1382;742;742;107;635;53.69;14.42
101904_10412_42107;7;;1047;491;491;105;386;46.90;21.38
102001_10413_42106;1;;1634;773;773;134;639;47.31;17.34
102001_10414_42106;2;;1596;692;693;125;567;43.36;18.06
102001_10415_42106;3;;1575;727;727;136;591;46.16;18.71
102001_10416_42106;4;;1682;725;725;164;561;43.10;22.62
102001_10417_42106;5;;1617;751;751;137;614;46.44;18.24
102001_10418_42106;6;;866;412;412;78;334;47.58;18.93
102001_10419_42106;7;;1476;698;698;125;573;47.29;17.91
102001_10420_42106;8;;858;385;385;64;321;44.87;16.62
102001_10421_42106;9;;744;357;357;51;306;47.98;14.29
102001_29694_42106;10;;35;9;9;0;9;25.71;0.00
102001_29695_42106;11;;47;35;35;8;27;74.47;22.86
102001_29696_42106;12;;21;2;2;1;1;9.52;50.00
102002_10422_42106;1;;1082;493;494;91;402;45.56;18.46
102002_10423_42106;2;;1068;511;517;96;415;47.85;18.79
102002_10424_42106;3;;1051;447;447;101;346;42.53;22.60
102002_10425_42106;4;;1130;569;569;116;453;50.35;20.39
102002_10426_42106;5;;1052;505;505;125;380;48.00;24.75
102002_10427_42106;6;;1118;501;501;99;402;44.81;19.76
102002_10428_42106;7;;1125;531;531;124;407;47.20;23.35
102002_10429_42106;8;;1093;412;412;151;261;37.69;36.65
102002_10430_42106;9;;1096;452;452;107;345;41.24;23.67
102002_10431_42106;10;;1104;522;522;88;434;47.28;16.86
102002_10432_42106;11;;1057;394;395;75;319;37.28;19.04
102002_10433_42106;12;;971;390;390;88;302;40.16;22.56
102002_10434_42106;13;;1064;431;431;108;323;40.51;25.06
102002_10435_42106;14;;1070;521;521;86;435;48.69;16.51
102002_10436_42106;15;;1051;488;488;124;364;46.43;25.41
102002_29697_42106;16;;81;34;34;10;24;41.98;29.41
102003_10437_42106;1;;1955;995;998;129;866;50.90;12.96
102003_10438_42106;2;;2028;979;979;145;834;48.27;14.81
102003_10439_42106;3;;1961;1031;1031;149;882;52.58;14.45
102003_10440_42106;4;;1947;964;964;120;844;49.51;12.45
102003_10441_42106;5;;1911;954;954;130;824;49.92;13.63
102003_10442_42106;6;;1970;909;909;155;754;46.14;17.05
102003_10443_42106;7;;1988;1033;1033;138;895;51.96;13.36
102003_10444_42106;8;;1086;440;440;68;372;40.52;15.45
102003_10445_42106;9;;996;471;471;73;398;47.29;15.50
102003_10446_42106;10;;1034;439;439;88;351;42.46;20.05
102003_10447_42106;11;;995;536;536;56;480;53.87;10.45
102003_10448_42106;12;;1135;562;565;99;463;49.52;17.62
102003_10449_42106;13;;1052;460;460;72;388;43.73;15.65
102003_10450_42106;14;;1261;566;566;103;463;44.89;18.20
102003_10451_42106;15;;945;419;419;56;363;44.34;13.37
102003_10452_42106;16;;1087;462;462;68;394;42.50;14.72
102003_10453_42106;17;;1213;606;606;86;520;49.96;14.19
102003_10454_42106;18;;1077;399;399;56;343;37.05;14.04
102003_10455_42106;19;;1182;529;529;104;425;44.75;19.66
102003_10456_42106;20;;974;323;324;49;274;33.16;15.17
102003_10457_42106;21;;1135;363;363;60;303;31.98;16.53
102003_10458_42106;22;;1924;1004;1004;146;858;52.18;14.54
102003_10459_42106;23;;866;416;416;57;359;48.04;13.70
102003_10460_42106;24;;941;441;441;51;390;46.87;11.56
102003_10461_42106;25;;779;398;398;53;345;51.09;13.32
102003_10462_42106;26;;927;370;378;48;322;39.91;12.97
102003_10463_42106;27;;645;278;278;48;230;43.10;17.27
102003_10464_42106;28;;1423;737;737;101;636;51.79;13.70
102003_10465_42106;29;;1418;797;797;137;660;56.21;17.19
102003_10466_42106;30;;1239;653;658;99;554;52.70;15.16
102003_10467_42106;31;;1058;474;474;82;392;44.80;17.30
102003_10468_42106;32;;1092;486;486;78;408;44.51;16.05
102003_10469_42106;33;;1243;601;601;112;489;48.35;18.64
102003_10470_42106;34;;996;533;534;91;442;53.51;17.07
102003_10471_42106;35;;1560;701;701;82;619;44.94;11.70
102003_10472_42106;36;;1040;478;478;62;416;45.96;12.97
102003_29698_42106;37;;344;40;40;6;34;11.63;15.00
102003_29699_42106;38;;15;6;6;0;6;40.00;0.00
102003_30764_42106;39;;155;8;8;1;7;5.16;12.50
102003_30765_42106;40;;77;24;24;5;19;31.17;20.83
102004_10473_42106;1;;2205;1027;1027;121;906;46.58;11.78
102004_10474_42106;2;;1136;538;538;49;489;47.36;9.11
102004_10475_42106;3;;1079;516;516;57;459;47.82;11.05
102004_10476_42106;4;;1090;494;494;66;428;45.32;13.36
102004_10477_42106;5;;1190;556;559;49;507;46.72;8.81
102004_10478_42106;6;;1123;543;552;56;487;48.35;10.31
102004_10479_42106;7;;2075;981;981;190;791;47.28;19.37
102004_10480_42106;8;;1977;847;847;87;760;42.84;10.27
102004_10481_42106;9;;1042;440;440;79;361;42.23;17.95
102004_10482_42106;10;;2043;953;955;135;818;46.65;14.17
102004_10483_42106;11;;1068;455;457;62;393;42.60;13.63
102004_10484_42106;12;;1103;467;468;65;402;42.34;13.92
102004_10485_42106;13;;1355;626;626;41;585;46.20;6.55
102004_10486_42106;14;;1109;444;446;40;404;40.04;9.01
102004_10487_42106;15;;1548;684;684;84;600;44.19;12.28
102004_10488_42106;16;;1501;542;543;55;487;36.11;10.15
102004_10489_42106;17;;1077;591;591;92;499;54.87;15.57
102004_29700_42106;18;;47;19;19;4;15;40.43;21.05
102005_10490_42106;1;;899;479;479;71;408;53.28;14.82
102005_10491_42106;2;;859;459;459;63;396;53.43;13.73
102005_10492_42106;3;;672;297;297;54;243;44.20;18.18
102005_10493_42106;4;;295;138;138;22;116;46.78;15.94
102005_10494_42106;5;;741;295;295;41;254;39.81;13.90
102005_10495_42106;6;;489;278;278;45;233;56.85;16.19
102006_10496_42106;1;;1056;622;622;152;470;58.90;24.44
102006_10497_42106;2;;830;554;554;100;454;66.75;18.05
102006_10498_42106;3;;806;491;491;47;444;60.92;9.57
102006_10499_42106;4;;842;503;503;85;418;59.74;16.90
102006_10500_42106;5;;1080;656;656;133;523;60.74;20.27
102006_10501_42106;6;;363;247;247;37;210;68.04;14.98
102006_10502_42106;7;;718;389;389;59;330;54.18;15.17
102007_10503_42106;1;;800;508;508;124;384;63.50;24.41
102007_10504_42106;2;;577;401;401;81;320;69.50;20.20
102007_10505_42106;3;;334;215;215;53;162;64.37;24.65
102007_10506_42106;4;;362;163;163;23;140;45.03;14.11
102007_10507_42106;5;;401;176;176;34;142;43.89;19.32
102007_10508_42106;6;;194;139;139;20;119;71.65;14.39
102007_10509_42106;7;;689;373;373;88;285;54.14;23.59
102007_10510_42106;8;;477;302;302;56;246;63.31;18.54
102007_10511_42106;9;;274;168;168;38;130;61.31;22.62
102008_10512_42106;1;;1720;761;761;166;595;44.24;21.81
102008_10513_42106;2;;1176;632;632;103;529;53.74;16.30
102008_10514_42106;3;;647;314;314;61;253;48.53;19.43
102008_10515_42106;4;;1440;753;753;159;594;52.29;21.12
102008_10516_42106;5;;728;394;394;103;291;54.12;26.14
102008_10517_42106;6;;882;426;426;61;365;48.30;14.32
102008_10518_42106;7;;1307;608;608;102;506;46.52;16.78
102008_10519_42106;8;;701;371;371;63;308;52.92;16.98
102008_10520_42106;9;;703;381;381;65;316;54.20;17.06
102008_10521_42106;10;;772;362;362;58;304;46.89;16.02
102009_10522_42106;1;;1730;901;901;132;769;52.08;14.65
102009_10523_42106;2;;1494;709;709;121;588;47.46;17.07
102009_10524_42106;3;;817;476;476;158;318;58.26;33.19
102009_10525_42106;4;;926;627;627;140;487;67.71;22.33
102009_10526_42106;5;;1870;929;929;96;833;49.68;10.33
102009_10527_42106;6;;733;436;436;90;346;59.48;20.64
102009_10528_42106;7;;1222;651;651;127;524;53.27;19.51
102009_10529_42106;8;;816;411;411;145;266;50.37;35.28
102009_10530_42106;9;;1260;757;757;217;540;60.08;28.67
102101_10531_42109;1;;1938;925;925;280;645;47.73;30.27
102101_10532_42109;2;;1349;658;658;178;480;48.78;27.05
102101_10533_42109;3;;1296;615;615;148;467;47.45;24.07
102101_10534_42109;4;;1374;739;739;139;600;53.78;18.81
102101_10535_42109;5;;1458;763;763;136;627;52.33;17.82
102101_10536_42109;6;;1275;678;678;94;584;53.18;13.86
102101_10537_42109;7;;1362;632;632;145;487;46.40;22.94
102101_29701_42109;8;;79;39;39;11;28;49.37;28.21
102101_29702_42109;9;;84;19;19;2;17;22.62;10.53
102102_10538_42109;1;;1066;587;587;122;465;55.07;20.78
102102_10539_42109;2;;909;547;547;126;421;60.18;23.03
102102_10540_42109;3;;979;456;456;97;359;46.58;21.27
102102_10541_42109;4;;663;334;334;73;261;50.38;21.86
102102_10542_42109;5;;776;461;461;93;368;59.41;20.17
102103_10543_42109;1;;541;341;341;74;267;63.03;21.70
102103_10544_42109;2;;474;288;288;73;215;60.76;25.35
102103_10545_42109;3;;622;281;281;48;233;45.18;17.08
102103_10546_42109;4;;552;308;309;97;211;55.80;31.49
102103_10547_42109;5;;432;299;299;69;230;69.21;23.08
102103_10548_42109;6;;288;141;141;23;118;48.96;16.31
102103_10549_42109;7;;430;232;232;62;170;53.95;26.72
102103_10550_42109;8;;448;269;269;75;194;60.04;27.88
102104_10551_42109;1;;379;225;225;47;178;59.37;20.89
102104_10552_42109;2;;344;253;253;52;201;73.55;20.55
102104_10553_42109;3;;360;259;259;45;214;71.94;17.37
102104_10554_42109;4;;318;198;198;45;153;62.26;22.73
102104_10555_42109;5;;204;140;140;15;125;68.63;10.71
102104_10556_42109;6;;271;205;205;36;169;75.65;17.56
102104_10557_42109;7;;259;188;188;29;159;72.59;15.43
102104_10558_42109;8;;463;303;303;53;250;65.44;17.49
102104_10559_42109;9;;158;106;106;23;83;67.09;21.70
102104_29703_42109;10;;56;44;44;2;42;78.57;4.55
102105_10560_42109;1;;263;165;165;46;119;62.74;27.88
102105_10561_42109;2;;524;310;310;87;223;59.16;28.06
102105_10562_42109;3;;771;434;434;114;320;56.29;26.27
102105_10563_42109;4;;720;418;418;99;319;58.06;23.68
102105_10564_42109;5;;415;251;251;51;200;60.48;20.32
102105_10565_42109;6;;542;314;314;55;259;57.93;17.52
102105_10566_42109;7;;622;371;371;92;279;59.65;24.80
106101_10567_42105;1;;980;462;462;25;437;47.14;5.41
106101_10568_42105;2;;1944;842;855;43;799;43.31;5.11
106101_10569_42105;3;;558;194;208;13;181;34.77;6.70
106101_10570_42105;4;;986;205;205;18;187;20.79;8.78
106101_10571_42105;5;;855;351;351;14;337;41.05;3.99
106101_10572_42105;6;;856;471;471;17;454;55.02;3.61
106101_10573_42105;7;;1195;656;656;22;634;54.90;3.35
106101_10574_42105;8;;1253;553;553;30;523;44.13;5.42
106101_10575_42105;9;;1141;494;494;49;445;43.30;9.92
106101_10576_42105;10;;1777;758;758;40;718;42.66;5.28
106101_10577_42105;11;;1805;679;679;48;631;37.62;7.07
106101_10578_42105;12;;1389;582;582;33;549;41.90;5.67
106101_10579_42105;13;;1671;648;648;49;599;38.78;7.56
106101_10580_42105;14;;1552;650;650;31;619;41.88;4.77
106101_10581_42105;15;;1151;453;453;39;414;39.36;8.61
106101_10582_42105;16;;1221;533;533;41;492;43.65;7.69
106101_10583_42105;17;;1385;600;600;37;563;43.32;6.17
106101_10584_42105;18;;1455;686;686;18;668;47.15;2.62
106101_10585_42105;19;;1976;692;692;77;615;35.02;11.13
106101_10586_42105;20;;1213;496;496;46;450;40.89;9.27
106101_10587_42105;21;;1414;481;481;38;443;34.02;7.90
106101_10588_42105;22;;911;310;310;27;283;34.03;8.71
106101_10589_42105;23;;1458;526;526;74;452;36.08;14.07
106101_10590_42105;24;;1673;656;656;74;582;39.21;11.28
106101_10591_42105;25;;1315;528;528;39;489;40.15;7.39
106101_10592_42105;26;;1820;740;740;102;638;40.66;13.78
106101_10593_42105;27;;2100;878;878;49;829;41.81;5.58
106101_10594_42105;28;;1152;402;402;53;349;34.90;13.18
106101_10595_42105;29;;1695;603;603;72;531;35.58;11.94
106101_10596_42105;30;;1490;501;501;43;458;33.62;8.58
106101_10597_42105;31;;860;335;335;41;294;38.95;12.24
106101_10598_42105;32;;1496;694;694;44;650;46.39;6.34
106101_10599_42105;33;;1661;723;723;44;679;43.53;6.09
106101_10600_42105;34;;1967;822;825;58;764;41.79;7.06
106101_10601_42105;35;;1032;375;375;41;334;36.34;10.93
106101_10602_42105;36;;1125;501;501;53;448;44.53;10.58
106101_10603_42105;37;;1816;872;872;49;823;48.02;5.62
106101_10604_42105;38;;1801;800;800;63;737;44.42;7.88
106101_10605_42105;39;;1243;553;553;64;489;44.49;11.57
106101_10606_42105;40;;895;370;370;20;350;41.34;5.41
106101_10607_42105;41;;2005;929;929;59;870;46.33;6.35
106101_10608_42105;42;;2246;1008;1008;72;936;44.88;7.14
106101_10609_42105;43;;1050;431;431;45;386;41.05;10.44
106101_10610_42105;44;;1603;759;759;54;705;47.35;7.11
106101_10611_42105;45;;1887;815;815;76;739;43.19;9.33
106101_10612_42105;46;;2104;950;950;95;855;45.15;10.00
106101_10613_42105;47;;1824;853;853;52;801;46.77;6.10
106101_10614_42105;48;;1614;620;620;48;572;38.41;7.74
106101_10615_42105;49;;1263;602;602;28;574;47.66;4.65
106101_10616_42105;50;;1466;586;586;19;567;39.97;3.24
106101_10617_42105;51;;1161;500;500;26;474;43.07;5.20
106101_10618_42105;52;;2123;818;818;80;738;38.53;9.78
106101_10619_42105;53;;829;291;291;24;267;35.10;8.25
106101_10620_42105;54;;1466;620;620;20;600;42.29;3.23
106101_10621_42105;55;;1311;443;443;49;394;33.79;11.06
106101_10622_42105;56;;889;328;328;21;307;36.90;6.40
106101_10623_42105;57;;1190;457;457;46;411;38.40;10.07
106101_10624_42105;58;;1287;515;515;29;486;40.02;5.63
106101_10625_42105;59;;1314;469;469;29;440;35.69;6.18
106101_10626_42105;60;;1728;577;577;31;546;33.39;5.37
106101_10627_42105;61;;989;267;267;15;252;27.00;5.62
106101_10628_42105;62;;1477;442;442;35;407;29.93;7.92
106101_10629_42105;63;;1843;400;400;52;348;21.70;13.00
106101_10630_42105;64;;481;84;84;6;78;17.46;7.14
106101_10631_42105;65;;742;292;292;5;287;39.35;1.71
106101_10632_42105;66;;1743;537;537;43;494;30.81;8.01
106101_10633_42105;67;;1427;525;525;77;448;36.79;14.67
106101_10634_42105;68;;1194;449;449;70;379;37.60;15.59
106101_10635_42105;69;;1935;798;798;83;715;41.24;10.40
106101_10636_42105;70;;942;441;441;29;412;46.82;6.58
106101_10637_42105;71;;1918;830;830;50;780;43.27;6.02
106101_10638_42105;72;;1435;562;562;42;520;39.16;7.47
106101_10639_42105;73;;1478;639;639;31;608;43.23;4.85
106101_10640_42105;74;;1983;970;970;63;907;48.92;6.49
106101_10641_42105;75;;1944;857;857;57;800;44.08;6.65
106101_10642_42105;76;;1185;446;446;18;428;37.64;4.04
106101_10643_42105;77;;1398;646;646;24;622;46.21;3.72
106101_10644_42105;78;;1849;821;821;33;788;44.40;4.02
106101_10645_42105;79;;1550;696;696;42;654;44.90;6.03
106101_10646_42105;80;;728;99;99;6;93;13.60;6.06
106101_10647_42105;81;;1681;556;556;16;540;33.08;2.88
106101_10648_42105;82;;1947;649;649;88;561;33.33;13.56
106101_10649_42105;83;;1084;403;403;19;384;37.18;4.71
106101_10650_42105;84;;1637;584;584;27;557;35.68;4.62
106101_10651_42105;85;;1751;733;740;42;691;41.86;5.73
106101_10652_42105;86;;1886;749;754;62;687;39.71;8.28
106101_10653_42105;87;;2098;912;912;59;853;43.47;6.47
106101_10654_42105;88;;1135;437;437;31;406;38.50;7.09
106101_10655_42105;89;;1720;440;440;35;405;25.58;7.95
106101_10656_42105;90;;1122;412;412;32;380;36.72;7.77
106101_10657_42105;91;;1061;374;375;35;339;35.25;9.36
106101_10658_42105;92;;1675;424;424;28;396;25.31;6.60
106101_10659_42105;93;;1904;507;541;0;507;26.63;0.00
106101_10660_42105;94;;1615;543;543;45;498;33.62;8.29
106101_10661_42105;95;;1107;372;372;13;359;33.60;3.49
106101_10662_42105;96;;1604;542;542;37;505;33.79;6.83
106101_10663_42105;97;;609;165;165;19;146;27.09;11.52
106101_10664_42105;98;;1992;836;836;37;799;41.97;4.43
106101_10665_42105;99;;553;164;164;5;159;29.66;3.05
106101_10666_42105;100;;2171;817;817;58;759;37.63;7.10
106101_10667_42105;101;;1278;538;538;36;502;42.10;6.69
106101_10668_42105;102;;1414;508;508;49;459;35.93;9.65
106101_10669_42105;103;;1360;508;508;31;477;37.35;6.10
106101_10670_42105;104;;1514;713;713;42;671;47.09;5.89
106101_10671_42105;105;;1204;435;435;32;403;36.13;7.36
106101_10672_42105;106;;549;253;253;8;245;46.08;3.16
106101_10673_42105;107;;773;363;363;18;345;46.96;4.96
106101_10674_42105;108;;1120;500;500;55;445;44.64;11.00
106101_10675_42105;109;;1747;856;856;29;827;49.00;3.39
106101_10676_42105;110;;1812;915;915;49;866;50.50;5.36
106101_10677_42105;111;;1027;454;454;30;424;44.21;6.61
106101_10678_42105;112;;1813;783;783;52;731;43.19;6.64
106101_10679_42105;113;;1768;811;811;35;776;45.87;4.32
106101_10680_42105;114;;1794;835;835;28;807;46.54;3.35
106101_10681_42105;115;;977;197;197;30;167;20.16;15.23
106101_10682_42105;116;;1705;398;398;47;351;23.34;11.81
106101_10683_42105;117;;1570;402;402;27;375;25.61;6.72
106101_10684_42105;118;;922;182;182;14;168;19.74;7.69
106101_10685_42105;119;;1241;313;313;26;287;25.22;8.31
106101_10686_42105;120;;1758;599;599;49;550;34.07;8.18
106101_10687_42105;121;;2041;552;552;43;509;27.05;7.79
106101_10688_42105;122;;2010;513;513;82;431;25.52;15.98
106101_10689_42105;123;;1901;619;619;34;585;32.56;5.49
106101_10690_42105;124;;2095;611;611;23;588;29.16;3.76
106101_10691_42105;125;;825;333;333;61;272;40.36;18.32
106101_10692_42105;126;;1532;662;662;32;630;43.21;4.83
106101_10693_42105;127;;1973;773;773;43;730;39.18;5.56
106101_10694_42105;128;;1513;439;439;24;415;29.02;5.47
106101_10695_42105;129;;1454;420;420;32;388;28.89;7.62
106101_10696_42105;130;;1057;368;368;30;338;34.82;8.15
106101_10697_42105;131;;1555;548;548;30;518;35.24;5.47
106101_10698_42105;132;;1758;638;638;34;604;36.29;5.33
106101_10699_42105;133;;1548;636;636;73;563;41.09;11.48
106101_10700_42105;134;;1154;444;444;36;408;38.47;8.11
106101_10701_42105;135;;2003;749;749;50;699;37.39;6.68
106101_10702_42105;136;;2000;616;616;43;573;30.80;6.98
106101_10703_42105;137;;1744;562;562;58;504;32.22;10.32
106101_10704_42105;138;;1575;544;544;54;490;34.54;9.93
106101_10705_42105;139;;2207;826;870;44;782;37.43;5.33
106101_10706_42105;140;;1947;811;811;59;752;41.65;7.27
106101_10707_42105;141;;1085;389;389;37;352;35.85;9.51
106101_10708_42105;142;;1630;503;503;40;463;30.86;7.95
106101_10709_42105;143;;1799;619;619;50;569;34.41;8.08
106101_10710_42105;144;;1479;583;583;35;548;39.42;6.00
106101_10711_42105;145;;2062;708;708;49;659;34.34;6.92
106101_10712_42105;146;;1604;608;608;42;566;37.91;6.91
106101_10713_42105;147;;1974;789;789;64;725;39.97;8.11
106101_10714_42105;148;;1995;767;767;73;694;38.45;9.52
106101_10715_42105;149;;2065;840;840;76;764;40.68;9.05
106101_10716_42105;150;;1592;647;647;64;583;40.64;9.89
106101_10717_42105;151;;962;421;421;20;401;43.76;4.75
106101_10718_42105;152;;1977;880;880;59;821;44.51;6.70
106101_10719_42105;153;;1662;656;656;87;569;39.47;13.26
106101_10720_42105;154;;1872;715;715;49;666;38.19;6.85
106101_10721_42105;155;;2100;905;905;60;845;43.10;6.63
106101_10722_42105;156;;1823;747;747;57;690;40.98;7.63
106101_10723_42105;157;;1596;649;649;57;592;40.66;8.78
106101_10724_42105;158;;2445;846;846;98;748;34.60;11.58
106101_10725_42105;159;;2020;708;708;56;652;35.05;7.91
106101_10726_42105;160;;2335;954;955;122;832;40.86;12.79
106101_10727_42105;161;;1415;566;566;82;484;40.00;14.49
106101_10728_42105;162;;1727;690;690;46;644;39.95;6.67
106101_10729_42105;163;;1093;518;518;68;450;47.39;13.13
106101_10730_42105;164;;1428;667;667;60;607;46.71;9.00
106101_10731_42105;165;;1226;523;523;88;435;42.66;16.83
106101_10732_42105;166;;1358;625;625;34;591;46.02;5.44
106101_10733_42105;167;;1129;495;495;34;461;43.84;6.87
106101_10734_42105;168;;881;305;306;21;284;34.62;6.89
106101_10735_42105;169;;1229;468;468;31;437;38.08;6.62
106101_10736_42105;170;;2216;922;922;72;850;41.61;7.81
106101_10737_42105;171;;1515;652;652;41;611;43.04;6.29
106101_10738_42105;172;;1547;685;685;57;628;44.28;8.32
106101_10739_42105;173;;1410;574;574;43;531;40.71;7.49
106101_10740_42105;174;;1089;394;394;18;376;36.18;4.57
106101_10741_42105;175;;1605;595;596;20;575;37.07;3.36
106101_10742_42105;176;;2023;888;888;77;811;43.90;8.67
106101_10743_42105;177;;895;303;305;17;286;33.85;5.61
106101_10744_42105;178;;503;69;69;7;62;13.72;10.14
106101_10745_42105;179;;1021;157;157;16;141;15.38;10.19
106101_10746_42105;180;;2026;759;759;73;686;37.46;9.62
106101_10747_42105;181;;1777;610;610;112;498;34.33;18.36
106101_10748_42105;182;;1224;465;465;35;430;37.99;7.53
106101_10749_42105;183;;1719;690;691;50;640;40.14;7.25
106101_10750_42105;184;;805;143;143;19;124;17.76;13.29
106101_10751_42105;185;;1713;530;530;35;495;30.94;6.60
106101_10752_42105;186;;1388;605;605;48;557;43.59;7.93
106101_10753_42105;187;;1962;701;701;19;682;35.73;2.71
106101_10754_42105;188;;1787;503;503;37;466;28.15;7.36
106101_10755_42105;189;;1406;493;493;21;472;35.06;4.26
106101_10756_42105;190;;1958;845;845;65;780;43.16;7.69
106101_10757_42105;191;;2274;933;933;45;888;41.03;4.82
106101_10758_42105;192;;1842;663;663;66;597;35.99;9.95
106101_10759_42105;193;;1477;499;499;63;436;33.78;12.63
106101_10760_42105;194;;1916;824;824;53;771;43.01;6.43
106101_10761_42105;195;;1659;549;549;24;525;33.09;4.37
106101_10762_42105;196;;806;330;330;29;301;40.94;8.79
106101_10763_42105;197;;1852;697;697;47;650;37.63;6.74
106101_10764_42105;198;;1695;722;722;26;696;42.60;3.60
106101_10765_42105;199;;893;325;325;27;298;36.39;8.31
106101_10766_42105;200;;1490;652;652;49;603;43.76;7.52
106101_10767_42105;201;;1589;593;593;91;502;37.32;15.35
106101_10768_42105;202;;1282;545;546;43;502;42.51;7.89
106101_10769_42105;203;;1850;709;709;44;665;38.32;6.21
106101_10770_42105;204;;1346;549;549;34;515;40.79;6.19
106101_10771_42105;205;;1627;635;635;58;577;39.03;9.13
106101_10772_42105;206;;1612;585;585;53;532;36.29;9.06
106101_10773_42105;207;;1557;440;440;31;409;28.26;7.05
106101_10774_42105;208;;1722;357;357;24;333;20.73;6.72
106101_10775_42105;209;;1413;423;423;30;393;29.94;7.09
106101_10776_42105;210;;1507;388;388;41;347;25.75;10.57
106101_10777_42105;211;;1642;450;450;61;389;27.41;13.56
106101_10778_42105;212;;1420;458;458;32;426;32.25;6.99
106101_10779_42105;213;;2053;568;568;82;486;27.67;14.44
106101_10780_42105;214;;1762;544;544;58;486;30.87;10.66
106101_10781_42105;215;;1393;386;386;41;345;27.71;10.62
106101_10782_42105;216;;1104;316;316;28;288;28.62;8.86
106101_10783_42105;217;;1070;324;324;22;302;30.28;6.79
106101_10784_42105;218;;1468;409;409;35;374;27.86;8.56
106101_10785_42105;219;;1370;370;370;42;328;27.01;11.35
106101_10786_42105;220;;1471;369;369;60;309;25.08;16.26
106101_10787_42105;221;;1433;405;405;29;376;28.26;7.16
106101_10788_42105;222;;1407;379;379;24;355;26.94;6.33
106101_10789_42105;223;;1501;401;401;38;363;26.72;9.48
106101_10790_42105;224;;1212;475;476;59;416;39.19;12.42
106101_10791_42105;225;;1103;495;495;14;481;44.88;2.83
106101_10792_42105;226;;1200;349;349;19;330;29.08;5.44
106101_10793_42105;227;;918;289;289;25;264;31.48;8.65
106101_10794_42105;228;;1472;809;816;15;794;54.96;1.85
106101_10795_42105;229;;1184;626;626;23;603;52.87;3.67
106101_10796_42105;230;;1632;649;649;83;566;39.77;12.79
106101_10797_42105;231;;1709;733;733;73;660;42.89;9.96
106101_10798_42105;232;;1661;781;781;48;733;47.02;6.15
106101_10799_42105;233;;1796;724;724;35;689;40.31;4.83
106101_10800_42105;234;;1169;465;465;33;432;39.78;7.10
106101_10801_42105;235;;1092;455;455;28;427;41.67;6.15
106101_10802_42105;236;;984;443;443;29;414;45.02;6.55
106101_10803_42105;237;;1009;424;424;82;342;42.02;19.34
106101_10804_42105;238;;1928;728;728;34;694;37.76;4.67
106101_10805_42105;239;;1710;804;804;42;762;47.02;5.22
106101_10806_42105;240;;1985;819;819;49;770;41.26;5.98
106101_10807_42105;241;;1963;812;812;44;768;41.37;5.42
106101_10808_42105;242;;1952;797;797;53;744;40.83;6.65
106101_10809_42105;243;;1393;646;646;46;600;46.37;7.12
106101_10810_42105;244;;1031;401;401;79;322;38.89;19.70
106101_10811_42105;245;;1137;479;479;49;430;42.13;10.23
106101_10812_42105;246;;1666;837;837;31;806;50.24;3.70
106101_10813_42105;247;;1716;649;649;43;606;37.82;6.63
106101_10814_42105;248;;1499;660;660;31;629;44.03;4.70
106101_10815_42105;249;;1962;824;824;32;792;42.00;3.88
106101_10816_42105;250;;1608;708;708;48;660;44.03;6.78
106101_10817_42105;251;;1468;608;608;19;589;41.42;3.12
106101_10818_42105;252;;1728;793;793;125;668;45.89;15.76
106101_10819_42105;253;;1044;546;546;27;519;52.30;4.95
106101_10820_42105;254;;1296;551;551;25;526;42.52;4.54
106101_10821_42105;255;;1603;670;670;50;620;41.80;7.46
106101_10822_42105;256;;1938;736;736;80;656;37.98;10.87
106101_10823_42105;257;;997;383;383;48;335;38.42;12.53
106101_10824_42105;258;;932;403;403;61;342;43.24;15.14
106101_10825_42105;259;;1928;837;837;46;791;43.41;5.50
106101_10826_42105;260;;1380;593;593;32;561;42.97;5.40
106101_10827_42105;261;;1573;678;678;49;629;43.10;7.23
106101_10828_42105;262;;2155;932;932;66;866;43.25;7.08
106101_10829_42105;263;;1642;648;648;51;597;39.46;7.87
106101_10830_42105;264;;1624;680;680;46;634;41.87;6.76
106101_10831_42105;265;;1388;540;540;23;517;38.90;4.26
106101_10832_42105;266;;1737;924;924;50;874;53.20;5.41
106101_10833_42105;267;;611;214;214;18;196;35.02;8.41
106101_10834_42105;268;;1492;703;703;30;673;47.12;4.27
106101_10835_42105;269;;1055;462;462;27;435;43.79;5.84
106101_10836_42105;270;;1530;763;763;35;728;49.87;4.59
106101_10837_42105;271;;1959;841;841;47;794;42.93;5.59
106101_10838_42105;272;;1597;587;587;44;543;36.76;7.50
106101_10839_42105;273;;1540;486;486;29;457;31.56;5.97
106101_10840_42105;274;;1933;976;976;57;919;50.49;5.84
106101_10841_42105;275;;1337;280;280;24;256;20.94;8.57
106101_10842_42105;276;;1527;759;759;37;722;49.71;4.87
106101_10843_42105;277;;1117;444;444;19;425;39.75;4.28
106101_10844_42105;278;;859;286;286;28;258;33.29;9.79
106101_10845_42105;279;;1755;675;675;57;618;38.46;8.44
106101_10846_42105;280;;1290;417;417;31;386;32.33;7.43
106101_10847_42105;281;;1504;585;585;44;541;38.90;7.52
106101_10848_42105;282;;1337;344;344;25;319;25.73;7.27
106101_10849_42105;283;;423;113;113;7;106;26.71;6.19
106101_10850_42105;284;;893;263;263;18;245;29.45;6.84
106101_10851_42105;285;;1079;313;313;24;289;29.01;7.67
106101_10852_42105;286;;1309;406;406;35;371;31.02;8.62
106101_10853_42105;287;;1588;399;399;35;364;25.13;8.77
106101_10854_42105;288;;934;258;258;24;234;27.62;9.30
106101_10855_42105;289;;1756;456;456;31;425;25.97;6.80
106101_10856_42105;290;;1490;424;424;57;367;28.46;13.44
106101_10857_42105;291;;773;184;184;18;166;23.80;9.78
106101_10858_42105;292;;796;179;179;13;166;22.49;7.26
106101_10859_42105;293;;2092;477;477;48;429;22.80;10.06
106101_10860_42105;294;;1115;302;302;20;282;27.09;6.62
106101_10861_42105;295;;1949;460;460;48;412;23.60;10.43
106101_10862_42105;296;;1506;324;324;57;267;21.51;17.59
106101_10863_42105;297;;1319;391;391;47;344;29.64;12.02
106101_10864_42105;298;;1599;506;506;36;470;31.64;7.11
106101_10865_42105;299;;1581;450;450;37;413;28.46;8.22
106101_10866_42105;300;;864;324;324;21;303;37.50;6.48
106101_10867_42105;301;;1137;364;364;36;328;32.01;9.89
106101_10868_42105;302;;1358;523;523;31;492;38.51;5.93
106101_10869_42105;303;;2124;820;820;56;764;38.61;6.83
106101_10870_42105;304;;1791;742;742;37;705;41.43;4.99
106101_10871_42105;305;;1700;853;853;29;824;50.18;3.40
106101_10872_42105;306;;1053;531;531;27;504;50.43;5.08
106101_10873_42105;307;;1583;733;733;42;691;46.30;5.73
106101_10874_42105;308;;597;254;254;15;239;42.55;5.91
106101_10875_42105;309;;1269;525;525;25;500;41.37;4.76
106101_10876_42105;310;;1381;520;520;35;485;37.65;6.73
106101_10877_42105;311;;1776;771;771;86;685;43.41;11.15
106101_10878_42105;312;;1182;442;442;48;394;37.39;10.86
106101_10879_42105;313;;1266;464;464;45;419;36.65;9.70
106101_10880_42105;314;;1483;540;540;46;494;36.41;8.52
106101_10881_42105;315;;1624;702;702;51;651;43.23;7.26
106101_10882_42105;316;;850;365;365;27;338;42.94;7.40
106101_10883_42105;317;;728;338;338;16;322;46.43;4.73
106101_10884_42105;318;;1346;637;637;39;598;47.33;6.12
106101_10885_42105;319;;1875;840;840;127;713;44.80;15.12
106101_10886_42105;320;;1552;698;698;49;649;44.97;7.02
106101_10887_42105;321;;1378;639;639;40;599;46.37;6.26
106101_10888_42105;322;;1260;575;575;48;527;45.63;8.35
106101_10889_42105;323;;1022;451;451;38;413;44.13;8.43
106101_10890_42105;324;;895;410;410;21;389;45.81;5.12
106101_10891_42105;325;;1700;744;744;39;705;43.76;5.24
106101_10892_42105;326;;1777;845;845;54;791;47.55;6.39
106101_10893_42105;327;;1700;729;729;45;684;42.88;6.17
106101_10894_42105;328;;1053;465;465;33;432;44.16;7.10
106101_10895_42105;329;;1345;557;557;30;527;41.41;5.39
106101_10896_42105;330;;875;349;349;35;314;39.89;10.03
106101_10897_42105;331;;986;417;417;40;377;42.29;9.59
106101_10898_42105;332;;1703;745;745;75;670;43.75;10.07
106101_10899_42105;333;;1699;785;785;46;739;46.20;5.86
106101_10900_42105;334;;642;238;239;34;204;37.07;14.29
106101_10901_42105;335;;2076;888;888;66;822;42.77;7.43
106101_10902_42105;336;;1616;657;657;70;587;40.66;10.65
106101_10903_42105;337;;1635;642;642;55;587;39.27;8.57
106101_10904_42105;338;;1819;741;741;36;705;40.74;4.86
106101_10905_42105;339;;1647;703;703;61;642;42.68;8.68
106101_10906_42105;340;;1779;776;776;64;712;43.62;8.25
106101_10907_42105;341;;1545;788;788;36;752;51.00;4.57
106101_10908_42105;342;;1546;794;794;34;760;51.36;4.28
106101_10909_42105;343;;1922;814;814;69;745;42.35;8.48
106101_10910_42105;344;;1698;724;724;60;664;42.64;8.29
106101_10911_42105;345;;1478;543;543;30;513;36.74;5.52
106101_10912_42105;346;;1402;597;597;40;557;42.58;6.70
106101_10913_42105;347;;1156;409;409;53;356;35.38;12.96
106101_10914_42105;348;;1362;500;500;45;455;36.71;9.00
106101_10915_42105;349;;1302;434;434;50;384;33.33;11.52
106101_10916_42105;350;;1174;371;371;28;343;31.60;7.55
106101_10917_42105;351;;1406;502;502;33;469;35.70;6.57
106101_10918_42105;352;;1576;351;351;69;282;22.27;19.66
106101_10919_42105;353;;1552;362;362;32;330;23.32;8.84
106101_10920_42105;354;;1167;259;259;27;232;22.19;10.42
106101_10921_42105;355;;2132;601;601;36;565;28.19;5.99
106101_10922_42105;356;;1251;551;551;35;516;44.04;6.35
106101_10923_42105;357;;1008;240;240;16;224;23.81;6.67
106101_10924_42105;358;;1624;336;336;51;285;20.69;15.18
106101_10925_42105;359;;1520;500;500;43;457;32.89;8.60
106101_10926_42105;360;;1367;457;457;31;426;33.43;6.78
106101_10927_42105;361;;1684;817;817;56;761;48.52;6.85
106101_10928_42105;362;;1175;512;512;40;472;43.57;7.81
106101_10929_42105;363;;1291;437;437;28;409;33.85;6.41
106101_10930_42105;364;;1609;696;696;68;628;43.26;9.77
106101_10931_42105;365;;1673;684;684;49;635;40.88;7.16
106101_10932_42105;366;;1687;541;541;50;491;32.07;9.24
106101_10933_42105;367;;1153;476;476;26;450;41.28;5.46
106101_10934_42105;368;;1614;610;610;29;581;37.79;4.75
106101_10935_42105;369;;1692;641;641;57;584;37.88;8.89
106101_10936_42105;370;;2138;989;989;91;898;46.26;9.20
106101_10937_42105;371;;1763;741;741;56;685;42.03;7.56
106101_10938_42105;372;;1816;708;708;59;649;38.99;8.33
106101_10939_42105;373;;1277;595;595;84;511;46.59;14.12
106101_10940_42105;374;;1140;526;526;19;507;46.14;3.61
106101_10941_42105;375;;1139;461;461;35;426;40.47;7.59
106101_10942_42105;376;;1115;473;473;31;442;42.42;6.55
106101_10943_42105;377;;931;405;405;61;344;43.50;15.06
106101_10944_42105;378;;1220;652;652;34;618;53.44;5.21
106101_10945_42105;379;;1105;555;555;43;512;50.23;7.75
106101_10946_42105;380;;1851;768;768;116;652;41.49;15.10
106101_10947_42105;381;;1666;579;579;61;518;34.75;10.54
106101_10948_42105;382;;1697;710;710;40;670;41.84;5.63
106101_10949_42105;383;;1477;436;436;33;403;29.52;7.57
106101_29704_42105;384;;383;71;71;14;57;18.54;19.72
106101_29705_42105;385;;181;59;59;6;53;32.60;10.17
106101_29706_42105;386;;170;66;66;11;55;38.82;16.67
106101_29707_42105;387;;73;17;17;1;16;23.29;5.88
106101_29708_42105;388;;63;16;16;0;16;25.40;0.00
106101_29709_42105;389;;110;33;33;7;26;30.00;21.21
106101_29710_42105;390;;75;38;38;8;30;50.67;21.05
106101_29711_42105;391;;41;25;25;1;24;60.98;4.00
106101_29712_42105;392;;76;24;24;2;22;31.58;8.33
106101_29713_42105;393;;650;263;263;65;198;40.46;24.71
106101_29714_42105;394;;83;18;18;5;13;21.69;27.78
106101_29715_42105;395;;340;62;62;6;56;18.24;9.68
106101_29716_42105;396;;38;36;36;12;24;94.74;33.33
106101_29717_42105;397;;79;28;28;3;25;35.44;10.71
106101_29718_42105;398;;64;13;13;3;10;20.31;23.08
106101_29719_42105;399;;49;20;20;2;18;40.82;10.00
106101_29720_42105;400;;78;32;32;2;30;41.03;6.25
106101_29721_42105;401;;72;43;44;2;41;59.72;4.65
106101_29722_42105;402;;144;39;39;6;33;27.08;15.38
106101_29723_42105;403;;117;26;26;3;23;22.22;11.54
106101_29724_42105;404;;84;30;30;0;30;35.71;0.00
106101_29725_42105;405;;151;30;30;2;28;19.87;6.67
106101_29726_42105;406;;205;49;49;5;44;23.90;10.20
106101_29727_42105;407;;88;40;40;9;31;45.45;22.50
106101_29728_42105;408;;101;68;68;10;58;67.33;14.71
106101_29729_42105;409;;8;8;8;1;7;100.00;12.50
106101_29730_42105;410;;143;18;18;2;16;12.59;11.11
106101_29731_42105;411;;26;5;5;1;4;19.23;20.00
106101_29732_42105;412;;80;32;32;3;29;40.00;9.38
106101_29733_42105;413;;541;176;176;5;171;32.53;2.84
106101_29734_42105;414;;107;42;42;5;37;39.25;11.90
106101_29735_42105;415;;62;6;6;2;4;9.68;33.33
106101_29736_42105;416;;130;39;39;4;35;30.00;10.26
106101_29737_42105;417;;132;26;26;1;25;19.70;3.85
106101_29738_42105;418;;340;45;45;3;42;13.24;6.67
106201_10950_42108;1;;1157;538;538;79;459;46.50;14.68
106201_10951_42108;2;;1105;498;498;58;440;45.07;11.65
106201_10952_42108;3;;1702;722;722;115;607;42.42;15.93
106201_10953_42108;4;;1644;669;669;125;544;40.69;18.68
106201_10954_42108;5;;889;308;308;46;262;34.65;14.94
106201_10955_42108;6;;1583;757;757;87;670;47.82;11.49
106201_10956_42108;7;;1682;682;682;105;577;40.55;15.40
106201_10957_42108;8;;1005;444;444;124;320;44.18;27.93
106201_10958_42108;9;;867;347;347;82;265;40.02;23.63
106201_10959_42108;10;;1269;570;570;69;501;44.92;12.11
106201_10960_42108;11;;1768;742;742;73;669;41.97;9.84
106201_10961_42108;12;;1971;865;865;107;758;43.89;12.37
106201_10962_42108;13;;1956;860;860;102;758;43.97;11.86
106201_10963_42108;14;;1178;541;541;90;451;45.93;16.64
106201_10964_42108;15;;1950;1062;1062;119;943;54.46;11.21
106201_10965_42108;16;;1515;739;739;77;662;48.78;10.42
106201_10966_42108;17;;1638;655;655;72;583;39.99;10.99
106201_10967_42108;18;;808;383;383;61;322;47.40;15.93
106201_10968_42108;19;;1697;819;819;64;755;48.26;7.81
106201_10969_42108;20;;1720;755;755;143;612;43.90;18.94
106201_10970_42108;21;;1986;908;908;111;797;45.72;12.22
106201_10971_42108;22;;2013;881;881;84;797;43.77;9.53
106201_10972_42108;23;;1525;727;727;144;583;47.67;19.81
106201_10973_42108;24;;2216;1106;1106;127;979;49.91;11.48
106201_10974_42108;25;;1800;784;784;154;630;43.56;19.64
106201_10975_42108;26;;2057;1025;1025;75;950;49.83;7.32
106201_10976_42108;27;;2003;824;824;104;720;41.14;12.62
106201_10977_42108;28;;2229;1022;1022;131;891;45.85;12.82
106201_10978_42108;29;;1745;702;702;68;634;40.23;9.69
106201_10979_42108;30;;2159;946;946;174;772;43.82;18.39
106201_10980_42108;31;;1453;665;665;57;608;45.77;8.57
106201_10981_42108;32;;1555;589;589;68;521;37.88;11.54
106201_10982_42108;33;;2362;1143;1143;127;1016;48.39;11.11
106201_10983_42108;34;;1969;926;926;87;839;47.03;9.40
106201_10984_42108;35;;1535;701;701;71;630;45.67;10.13
106201_10985_42108;36;;1698;762;762;81;681;44.88;10.63
106201_10986_42108;37;;1275;583;583;64;519;45.73;10.98
106201_30799_42108;41;;78;36;36;13;23;46.15;36.11
106201_30814_42108;38;;198;27;27;4;23;13.64;14.81
106201_30815_42108;39;;62;15;15;0;15;24.19;0.00
106201_30816_42108;40;;607;93;93;22;71;15.32;23.66
106301_10987_42109;1;;1426;676;676;87;589;47.41;12.87
106301_10988_42109;2;;1381;613;613;77;536;44.39;12.56
106301_10989_42109;3;;1865;890;890;116;774;47.72;13.03
106301_10990_42109;4;;2063;986;986;104;882;47.79;10.55
106301_10991_42109;5;;1799;854;854;112;742;47.47;13.11
106301_10992_42109;6;;2006;936;936;155;781;46.66;16.56
106301_10993_42109;7;;716;397;397;40;357;55.45;10.08
106301_10994_42109;8;;1980;951;951;130;821;48.03;13.67
106301_10995_42109;9;;1553;839;839;98;741;54.02;11.68
106301_10996_42109;10;;1801;882;882;152;730;48.97;17.23
106301_10997_42109;11;;1309;737;737;78;659;56.30;10.58
106301_10998_42109;12;;1355;562;562;96;466;41.48;17.08
106301_10999_42109;13;;1095;496;496;57;439;45.30;11.49
106301_11000_42109;14;;1900;766;766;136;630;40.32;17.75
106301_11001_42109;15;;1469;767;767;105;662;52.21;13.69
106301_11002_42109;16;;1306;622;622;120;502;47.63;19.29
106301_11003_42109;17;;1306;596;596;85;511;45.64;14.26
106301_11004_42109;18;;1314;631;632;95;536;48.02;15.06
106301_11005_42109;19;;2107;1029;1029;194;835;48.84;18.85
106301_11006_42109;20;;1254;654;654;92;562;52.15;14.07
106301_11007_42109;21;;2065;1022;1022;114;908;49.49;11.15
106301_11008_42109;22;;1348;668;668;100;568;49.55;14.97
106301_11009_42109;23;;1163;644;646;78;566;55.37;12.11
106301_11010_42109;24;;1082;553;553;108;445;51.11;19.53
106301_11011_42109;25;;2228;1119;1119;183;936;50.22;16.35
106301_29739_42109;26;;114;20;20;4;16;17.54;20.00
120101_11012_42080;1;;788;386;386;72;314;48.98;18.65
120101_11013_42080;2;;2100;988;988;123;865;47.05;12.45
120101_11014_42080;3;;1100;524;524;87;437;47.64;16.60
120101_11015_42080;4;;1122;504;504;88;416;44.92;17.46
120101_11016_42080;5;;1088;581;581;91;490;53.40;15.66
120101_11017_42080;6;;2200;1045;1045;140;905;47.50;13.40
120101_11018_42080;7;;1324;705;705;77;628;53.25;10.92
120101_11019_42080;8;;1143;526;526;93;433;46.02;17.68
120101_11020_42080;9;;1598;816;816;115;701;51.06;14.09
120101_11021_42080;10;;2115;1111;1111;151;960;52.53;13.59
120101_11022_42080;11;;1377;759;759;114;645;55.12;15.02
120101_11023_42080;12;;1271;659;659;89;570;51.85;13.51
120101_11024_42080;13;;2158;1121;1121;141;980;51.95;12.58
120101_11025_42080;14;;1277;557;557;76;481;43.62;13.64
120101_11026_42080;15;;1561;699;699;64;635;44.78;9.16
120101_11027_42080;16;;1359;661;661;131;530;48.64;19.82
120101_29740_42080;17;;79;5;5;1;4;6.33;20.00
120101_29741_42080;18;;101;32;32;10;22;31.68;31.25
120102_11028_42080;1;;1531;748;748;167;581;48.86;22.33
120102_11029_42080;2;;702;383;383;77;306;54.56;20.10
120102_11030_42080;3;;1665;835;835;196;639;50.15;23.47
120102_11031_42080;4;;989;539;539;223;316;54.50;41.37
120102_11032_42080;5;;1092;593;593;120;473;54.30;20.24
120102_11033_42080;6;;1070;590;591;173;417;55.14;29.32
120102_11034_42080;7;;1130;563;563;142;421;49.82;25.22
120102_11035_42080;8;;500;249;249;69;180;49.80;27.71
120102_11036_42080;9;;980;539;539;140;399;55.00;25.97
120102_11037_42080;10;;836;389;389;87;302;46.53;22.37
120102_11038_42080;11;;966;485;485;97;388;50.21;20.00
120102_11039_42080;12;;373;234;234;35;199;62.73;14.96
120102_11040_42080;13;;716;369;369;150;219;51.54;40.65
120102_11041_42080;14;;748;368;368;65;303;49.20;17.66
120102_11042_42080;15;;864;435;435;140;295;50.35;32.18
120102_11043_42080;16;;1132;494;494;114;380;43.64;23.08
120103_11044_42080;1;;1073;584;584;126;458;54.43;21.58
120103_11045_42080;2;;1164;735;735;156;579;63.14;21.22
120103_11046_42080;3;;717;405;405;50;355;56.49;12.35
120103_11047_42080;4;;1340;737;737;120;617;55.00;16.28
120103_11048_42080;5;;887;456;456;101;355;51.41;22.15
120104_11049_42080;1;;273;162;162;52;110;59.34;32.10
120104_11050_42080;2;;894;562;562;96;466;62.86;17.08
120104_11051_42080;3;;857;564;564;115;449;65.81;20.39
120104_11052_42080;4;;604;456;456;74;382;75.50;16.23
120104_11053_42080;5;;1787;1026;1026;283;743;57.41;27.58
120105_11054_42080;1;;1682;1067;1067;290;777;63.44;27.18
120105_11055_42080;2;;1449;749;749;308;441;51.69;41.12
120105_11056_42080;3;;1111;544;544;135;409;48.96;24.82
120105_11057_42080;4;;1023;519;519;182;337;50.73;35.07
120105_11058_42080;5;;845;460;460;137;323;54.44;29.78
120106_11059_42080;1;;1617;997;997;226;771;61.66;22.67
120106_11060_42080;2;;2145;1520;1520;322;1198;70.86;21.18
120106_11061_42080;3;;456;347;347;66;281;76.10;19.02
120106_11062_42080;4;;791;552;552;127;425;69.79;23.01
120106_11063_42080;5;;2143;1403;1403;236;1167;65.47;16.82
120106_11064_42080;6;;1027;628;628;184;444;61.15;29.30
120106_11065_42080;7;;373;234;234;61;173;62.73;26.07
120106_11066_42080;8;;1946;1251;1251;287;964;64.29;22.94
120106_29742_42080;9;;176;35;35;7;28;19.89;20.00
120107_11067_42080;1;;2210;1225;1225;205;1020;55.43;16.73
120107_11068_42080;2;;581;270;270;66;204;46.47;24.44
120107_11069_42080;3;;520;241;241;64;177;46.35;26.56
120107_11070_42080;4;;824;400;400;54;346;48.54;13.50
120107_11071_42080;5;;1182;592;592;117;475;50.08;19.76
120107_11072_42080;6;;1330;713;713;165;548;53.61;23.14
120107_11073_42080;7;;302;142;142;35;107;47.02;24.65
120107_11074_42080;8;;665;288;288;61;227;43.31;21.18
120107_11075_42080;9;;1092;578;578;102;476;52.93;17.65
120108_11076_42080;1;;851;524;524;97;427;61.57;18.51
120108_11077_42080;2;;671;442;442;93;349;65.87;21.04
120108_11078_42080;3;;625;382;382;51;331;61.12;13.35
120108_11079_42080;4;;789;558;558;127;431;70.72;22.76
120108_11080_42080;5;;1254;757;757;153;604;60.37;20.21
120109_11081_42080;1;;1254;734;734;126;608;58.53;17.17
120109_11082_42080;2;;684;388;388;49;339;56.73;12.63
120109_11083_42080;3;;1611;995;995;183;812;61.76;18.39
120109_11084_42080;4;;550;314;314;38;276;57.09;12.10
120201_11085_42080;1;;1325;668;668;166;502;50.42;24.85
120201_11086_42080;2;;2290;1056;1056;174;882;46.11;16.48
120201_11087_42080;3;;764;295;295;80;215;38.61;27.12
120201_11088_42080;4;;503;240;240;62;178;47.71;25.83
120201_11089_42080;5;;1483;648;648;140;508;43.70;21.60
120201_11090_42080;6;;393;194;194;42;152;49.36;21.65
120202_11091_42080;1;;1352;543;543;125;418;40.16;23.02
120202_11092_42080;2;;1306;549;549;126;423;42.04;22.95
120202_11093_42080;3;;1261;668;668;96;572;52.97;14.37
120202_11094_42080;4;;1107;499;499;88;411;45.08;17.64
120202_11095_42080;5;;1382;724;724;100;624;52.39;13.81
120202_11096_42080;6;;1193;607;607;70;537;50.88;11.53
120202_11097_42080;7;;1616;775;775;107;668;47.96;13.81
120202_11098_42080;8;;1328;616;616;71;545;46.39;11.53
120202_11099_42080;9;;1141;501;501;72;429;43.91;14.37
120202_11100_42080;10;;1091;543;543;66;477;49.77;12.15
120202_11101_42080;11;;1023;483;483;77;406;47.21;15.94
120202_11102_42080;12;;403;163;163;24;139;40.45;14.72
120202_11103_42080;13;;1971;916;917;162;754;46.47;17.69
120202_11104_42080;14;;1071;547;547;97;450;51.07;17.73
120202_11105_42080;15;;1355;619;619;70;549;45.68;11.31
120202_11106_42080;16;;1379;649;649;101;548;47.06;15.56
120202_11107_42080;17;;1281;580;580;80;500;45.28;13.79
120202_11108_42080;18;;1579;660;660;150;510;41.80;22.73
120202_11109_42080;19;;1700;775;775;165;610;45.59;21.29
120202_11110_42080;20;;1754;740;740;88;652;42.19;11.89
120202_11111_42080;21;;551;285;285;49;236;51.72;17.19
120202_11112_42080;22;;1034;544;544;90;454;52.61;16.54
120202_11113_42080;23;;1145;594;594;125;469;51.88;21.04
120202_29743_42080;24;;90;29;29;6;23;32.22;20.69
120202_29744_42080;25;;55;3;3;1;2;5.45;33.33
120203_11114_42080;1;;1910;991;991;237;754;51.88;23.92
120203_11115_42080;2;;479;238;238;60;178;49.69;25.21
120203_11116_42080;3;;1028;469;469;102;367;45.62;21.75
120203_11117_42080;4;;1113;615;615;121;494;55.26;19.67
120203_11118_42080;5;;1226;560;560;120;440;45.68;21.43
120203_11119_42080;6;;850;381;381;72;309;44.82;18.90
120203_11120_42080;7;;587;336;336;71;265;57.24;21.13
120203_11121_42080;8;;376;216;216;54;162;57.45;25.00
120204_11122_42080;1;;1345;759;759;148;611;56.43;19.50
120204_11123_42080;2;;1504;773;773;134;639;51.40;17.34
120204_11124_42080;3;;752;416;416;81;335;55.32;19.47
120204_11125_42080;4;;1204;626;626;109;517;51.99;17.41
120204_11126_42080;5;;1543;767;767;150;617;49.71;19.56
120204_11127_42080;6;;1167;520;520;89;431;44.56;17.12
120204_11128_42080;7;;1104;521;521;105;416;47.19;20.15
120204_11129_42080;8;;563;252;252;62;190;44.76;24.60
120204_11130_42080;9;;485;254;254;53;201;52.37;20.87
120204_11131_42080;10;;1386;748;748;124;624;53.97;16.58
120204_11132_42080;11;;410;212;212;24;188;51.71;11.32
120204_29745_42080;12;;26;24;24;0;24;92.31;0.00
120205_11133_42080;1;;1879;1178;1178;299;879;62.69;25.38
120205_11134_42080;2;;1264;760;760;180;580;60.13;23.68
120205_11135_42080;3;;901;489;489;112;377;54.27;22.90
120205_11136_42080;4;;819;437;437;102;335;53.36;23.34
120205_11137_42080;5;;696;389;389;109;280;55.89;28.02
120205_11138_42080;6;;423;272;272;51;221;64.30;18.75
120206_11139_42080;1;;1239;675;675;132;543;54.48;19.56
120206_11140_42080;2;;908;544;544;93;451;59.91;17.10
120206_11141_42080;3;;1378;745;745;200;545;54.06;26.85
120206_11142_42080;4;;1317;730;730;197;533;55.43;26.99
120207_11143_42080;1;;403;143;143;58;85;35.48;40.56
120207_11144_42080;2;;818;271;271;74;197;33.13;27.31
120207_11145_42080;3;;654;234;234;52;182;35.78;22.22
120207_11146_42080;4;;1644;692;692;162;530;42.09;23.41
120207_11147_42080;5;;690;248;248;85;163;35.94;34.27
120207_11148_42080;6;;1035;319;319;67;252;30.82;21.00
120207_11149_42080;7;;802;290;290;53;237;36.16;18.28
120207_11150_42080;8;;368;109;109;28;81;29.62;25.69
120207_11151_42080;9;;576;281;281;72;209;48.78;25.62
120207_11152_42080;10;;529;217;217;58;159;41.02;26.73
120207_11153_42080;11;;352;137;137;35;102;38.92;25.55
120301_11154_42076;1;;1432;829;829;183;646;57.89;22.07
120301_11155_42076;2;;1316;726;726;162;564;55.17;22.31
120301_11156_42076;3;;839;329;329;87;242;39.21;26.44
120301_11157_42076;4;;1029;535;535;110;425;51.99;20.56
120301_11158_42076;5;;1534;820;820;167;653;53.46;20.37
120301_11159_42076;6;;1336;730;730;169;561;54.64;23.15
120301_11160_42076;7;;953;445;445;121;324;46.69;27.19
120301_11161_42076;8;;1976;978;978;256;722;49.49;26.18
120302_11162_42076;1;;1240;672;672;138;534;54.19;20.54
120302_11163_42076;2;;599;343;343;107;236;57.26;31.20
120302_11164_42076;3;;1198;576;576;165;411;48.08;28.65
120302_11165_42076;4;;639;388;388;107;281;60.72;27.58
120302_11166_42076;5;;677;235;235;62;173;34.71;26.38
120302_11167_42076;6;;587;327;327;49;278;55.71;14.98
120302_11168_42076;7;;499;217;217;51;166;43.49;23.50
120302_11169_42076;8;;984;413;413;101;312;41.97;24.46
120302_11170_42076;9;;984;393;393;99;294;39.94;25.19
120303_11171_42076;1;;1058;395;395;75;320;37.33;18.99
120303_11172_42076;2;;967;381;381;37;344;39.40;9.71
120303_11173_42076;3;;1443;536;536;76;460;37.14;14.18
120303_11174_42076;4;;984;431;431;57;374;43.80;13.23
120303_11175_42076;5;;1157;495;495;50;445;42.78;10.10
120303_11176_42076;6;;1421;730;730;102;628;51.37;13.97
120303_11177_42076;7;;1390;683;683;112;571;49.14;16.40
120303_11178_42076;8;;1154;382;384;61;321;33.10;15.97
120303_11179_42076;9;;1055;434;434;59;375;41.14;13.59
120303_11180_42076;10;;1700;706;706;74;632;41.53;10.48
120303_11181_42076;11;;1681;629;629;80;549;37.42;12.72
120303_11182_42076;12;;1625;706;706;91;615;43.45;12.89
120303_11183_42076;13;;1581;708;708;94;614;44.78;13.28
120303_11184_42076;14;;827;318;318;26;292;38.45;8.18
120303_11185_42076;15;;1361;588;588;60;528;43.20;10.20
120303_11186_42076;16;;1776;713;713;64;649;40.15;8.98
120303_11187_42076;17;;1375;469;469;67;402;34.11;14.29
120303_11188_42076;18;;1795;714;714;72;642;39.78;10.08
120303_11189_42076;19;;1726;587;587;78;509;34.01;13.29
120303_11190_42076;20;;1708;672;672;103;569;39.34;15.33
120303_11191_42076;21;;573;233;233;65;168;40.66;27.90
120303_11192_42076;22;;2189;1106;1106;125;981;50.53;11.30
120303_11193_42076;23;;1340;433;433;69;364;32.31;15.94
120303_11194_42076;24;;1154;481;481;65;416;41.68;13.51
120303_11195_42076;25;;1765;646;646;75;571;36.60;11.61
120303_11196_42076;26;;1268;487;487;101;386;38.41;20.74
120303_11197_42076;27;;1237;385;385;65;320;31.12;16.88
120303_11198_42076;28;;1566;610;610;89;521;38.95;14.59
120303_29746_42076;29;;235;83;83;14;69;35.32;16.87
120303_29747_42076;30;;82;42;42;4;38;51.22;9.52
120303_29748_42076;31;;67;34;34;0;34;50.75;0.00
120304_11199_42076;1;;1524;847;847;210;637;55.58;24.79
120304_11200_42076;2;;1849;1054;1054;177;877;57.00;16.79
120304_11201_42076;3;;812;430;430;47;383;52.96;10.93
120304_11202_42076;4;;821;394;394;80;314;47.99;20.30
120304_11203_42076;5;;1784;751;751;130;621;42.10;17.31
120304_11204_42076;6;;986;515;515;89;426;52.23;17.28
120304_11205_42076;7;;1510;685;685;168;517;45.36;24.53
120304_11206_42076;8;;811;338;338;59;279;41.68;17.46
120304_11207_42076;9;;936;404;404;81;323;43.16;20.05
120304_11208_42076;10;;1025;410;410;95;315;40.00;23.17
120304_11209_42076;11;;952;388;388;75;313;40.76;19.33
120304_11210_42076;12;;1031;611;611;128;483;59.26;20.95
120304_11211_42076;13;;1548;689;689;105;584;44.51;15.24
120304_11212_42076;14;;1519;674;674;145;529;44.37;21.51
120304_11213_42076;15;;1289;678;678;131;547;52.60;19.32
120305_11214_42076;1;;1063;508;508;63;445;47.79;12.40
120305_11215_42076;2;;1026;507;507;83;424;49.42;16.37
120305_11216_42076;3;;1589;763;763;124;639;48.02;16.25
120305_11217_42076;4;;999;480;480;126;354;48.05;26.25
120305_11218_42076;5;;1154;638;638;94;544;55.29;14.73
120305_11219_42076;6;;1091;454;454;78;376;41.61;17.18
120305_11220_42076;7;;1261;520;520;114;406;41.24;21.92
120305_11221_42076;8;;984;492;492;80;412;50.00;16.26
120305_11222_42076;9;;688;279;279;84;195;40.55;30.11
120305_11223_42076;10;;1189;499;499;114;385;41.97;22.85
120305_11224_42076;11;;1363;623;623;202;421;45.71;32.42
120305_11225_42076;12;;1286;596;596;110;486;46.35;18.46
120305_11226_42076;13;;1912;866;866;187;679;45.29;21.59
120305_11227_42076;14;;579;264;264;63;201;45.60;23.86
120305_11228_42076;15;;545;354;354;76;278;64.95;21.47
120305_11229_42076;16;;796;460;460;89;371;57.79;19.35
120305_11230_42076;17;;740;370;370;80;290;50.00;21.62
120305_11231_42076;18;;1745;998;998;221;777;57.19;22.14
120305_11232_42076;19;;1132;687;687;142;545;60.69;20.67
120305_11233_42076;20;;1123;575;575;113;462;51.20;19.65
120305_11234_42076;21;;1186;680;680;100;580;57.34;14.71
120305_11235_42076;22;;1397;776;776;142;634;55.55;18.30
120305_11236_42076;23;;853;399;399;65;334;46.78;16.29
120305_11237_42076;24;;567;332;332;53;279;58.55;15.96
120305_11238_42076;25;;1553;754;754;167;587;48.55;22.15
120305_29749_42076;26;;192;43;43;12;31;22.40;27.91
120401_11239_42080;1;;1826;772;772;172;600;42.28;22.28
120401_11240_42080;2;;546;208;208;45;163;38.10;21.63
120402_11241_42080;1;;1399;654;654;116;538;46.75;17.74
120402_11242_42080;2;;1627;880;880;133;747;54.09;15.11
120402_11243_42080;3;;1707;825;825;101;724;48.33;12.24
120402_11244_42080;4;;1729;773;773;139;634;44.71;17.98
120402_11245_42080;5;;1606;757;757;134;623;47.14;17.70
120402_11246_42080;6;;959;479;479;69;410;49.95;14.41
120402_11247_42080;7;;936;441;441;97;344;47.12;22.00
120402_11248_42080;8;;463;246;246;91;155;53.13;36.99
120402_11249_42080;9;;537;256;256;41;215;47.67;16.02
120402_11250_42080;10;;500;220;220;49;171;44.00;22.27
120402_11251_42080;11;;1114;489;489;93;396;43.90;19.02
120402_11252_42080;12;;1030;431;431;81;350;41.84;18.79
120402_11253_42080;13;;334;117;117;33;84;35.03;28.21
120402_11254_42080;14;;713;378;378;83;295;53.02;21.96
120402_11255_42080;15;;463;281;281;60;221;60.69;21.35
120402_11256_42080;16;;970;421;421;110;311;43.40;26.13
120402_11257_42080;17;;546;299;299;25;274;54.76;8.36
120402_11258_42080;18;;294;194;194;48;146;65.99;24.74
120402_29750_42080;19;;24;12;12;1;11;50.00;8.33
120402_29751_42080;20;;148;11;11;3;8;7.43;27.27
120403_11259_42080;1;;947;365;365;41;324;38.54;11.23
120403_11260_42080;2;;640;270;270;32;238;42.19;11.85
120403_11261_42080;3;;686;307;307;35;272;44.75;11.40
120403_11262_42080;4;;715;251;251;26;225;35.10;10.36
120404_11263_42080;1;;1734;882;882;196;686;50.87;22.22
120404_11264_42080;2;;597;289;289;37;252;48.41;12.80
120404_11265_42080;3;;500;246;246;35;211;49.20;14.23
120404_29752_42080;4;;61;30;30;4;26;49.18;13.33
120405_11266_42080;1;;2293;1066;1066;232;834;46.49;21.76
120405_11267_42080;2;;686;316;316;76;240;46.06;24.05
120405_11268_42080;3;;446;233;233;55;178;52.24;23.61
120405_11269_42080;4;;774;345;345;93;252;44.57;26.96
120405_11270_42080;5;;538;200;200;37;163;37.17;18.50
120405_11271_42080;6;;457;217;217;56;161;47.48;25.81
120405_11272_42080;7;;580;278;278;54;224;47.93;19.42
120405_11273_42080;8;;595;266;266;55;211;44.71;20.68
120406_11274_42080;1;;1071;507;507;125;382;47.34;24.65
120406_11275_42080;2;;1607;913;913;238;675;56.81;26.07
120406_11276_42080;3;;528;279;279;76;203;52.84;27.24
120406_11277_42080;4;;255;146;146;45;101;57.25;30.82
120406_11278_42080;5;;1449;841;841;189;652;58.04;22.47
120406_11279_42080;6;;436;207;207;44;163;47.48;21.26
120406_11280_42080;7;;485;290;290;58;232;59.79;20.00
120407_11281_42080;1;;1649;846;846;162;684;51.30;19.15
120407_11282_42080;2;;1278;688;688;186;502;53.83;27.03
120407_11283_42080;3;;670;447;447;81;366;66.72;18.12
120407_11284_42080;4;;515;283;283;53;230;54.95;18.73
120407_11285_42080;5;;1133;559;559;100;459;49.34;17.89
120407_11286_42080;6;;530;221;221;33;188;41.70;14.93
120407_11287_42080;7;;859;493;493;82;411;57.39;16.63
120407_11288_42080;8;;1713;1008;1008;183;825;58.84;18.15
120407_11289_42080;9;;2457;1358;1358;208;1150;55.27;15.32
120501_11290_42081;1;;547;274;274;43;231;50.09;15.69
120501_11291_42081;2;;769;290;290;64;226;37.71;22.07
120501_11292_42081;3;;878;368;368;75;293;41.91;20.38
120501_11293_42081;4;;785;393;393;73;320;50.06;18.58
120501_11294_42081;5;;1106;453;453;50;403;40.96;11.04
120501_11295_42081;6;;994;425;425;63;362;42.76;14.82
120501_11296_42081;7;;975;445;445;47;398;45.64;10.56
120501_11297_42081;8;;1208;528;528;129;399;43.71;24.43
120501_11298_42081;9;;1084;435;435;64;371;40.13;14.71
120501_11299_42081;10;;1204;500;500;90;410;41.53;18.00
120501_11300_42081;11;;1503;676;676;135;541;44.98;19.97
120501_11301_42081;12;;1268;528;528;68;460;41.64;12.88
120501_11302_42081;13;;705;298;298;50;248;42.27;16.78
120501_11303_42081;14;;1379;702;702;111;591;50.91;15.81
120501_11304_42081;15;;1087;481;481;65;416;44.25;13.51
120501_11305_42081;16;;1016;444;444;71;373;43.70;15.99
120501_11306_42081;17;;1367;620;620;90;530;45.35;14.52
120501_11307_42081;18;;1071;533;533;46;487;49.77;8.63
120501_11308_42081;19;;1199;521;521;87;434;43.45;16.70
120501_11309_42081;20;;1028;474;474;55;419;46.11;11.60
120501_11310_42081;21;;895;418;418;68;350;46.70;16.27
120501_11311_42081;22;;1115;502;502;62;440;45.02;12.35
120501_29753_42081;23;;95;37;37;13;24;38.95;35.14
120501_29754_42081;24;;64;43;43;12;31;67.19;27.91
120501_29755_42081;25;;358;19;19;4;15;5.31;21.05
120502_11312_42081;1;;1885;1046;1046;173;873;55.49;16.54
120502_11313_42081;2;;2025;1022;1022;200;822;50.47;19.57
120502_11314_42081;3;;1346;699;699;172;527;51.93;24.61
120502_11315_42081;4;;557;287;287;60;227;51.53;20.91
120502_11316_42081;5;;401;187;187;36;151;46.63;19.25
120502_11317_42081;6;;787;435;435;95;340;55.27;21.84
120502_11318_42081;7;;1727;858;861;177;681;49.68;20.63
120502_11319_42081;8;;919;434;434;89;345;47.23;20.51
120502_11320_42081;9;;660;316;316;51;265;47.88;16.14
120502_11321_42081;10;;1121;552;552;98;454;49.24;17.75
120502_11322_42081;11;;507;242;242;31;211;47.73;12.81
120502_11323_42081;12;;360;190;190;36;154;52.78;18.95
120502_11324_42081;13;;1575;759;759;142;617;48.19;18.71
120503_11325_42081;1;;1941;1066;1066;225;841;54.92;21.11
120503_11326_42081;2;;965;364;364;83;281;37.72;22.80
120503_11327_42081;3;;798;406;406;65;341;50.88;16.01
120503_11328_42081;4;;1201;417;417;84;333;34.72;20.14
120503_11329_42081;5;;439;213;213;40;173;48.52;18.78
120503_11330_42081;6;;703;329;329;97;232;46.80;29.48
120503_11331_42081;7;;817;413;413;90;323;50.55;21.79
120503_11332_42081;8;;421;165;165;55;110;39.19;33.33
120504_11333_42081;1;;169;65;65;19;46;38.46;29.23
120504_11334_42081;2;;1188;481;481;109;372;40.49;22.66
120504_11335_42081;3;;1660;789;789;140;649;47.53;17.74
120504_11336_42081;4;;654;331;331;62;269;50.61;18.73
120504_11337_42081;5;;2063;871;871;167;704;42.22;19.17
120504_11338_42081;6;;498;208;208;43;165;41.77;20.67
120504_11339_42081;7;;1743;726;726;137;589;41.65;18.87
120504_11340_42081;8;;1368;552;552;77;475;40.35;13.95
120504_11341_42081;9;;1090;474;474;121;353;43.49;25.53
120504_11342_42081;10;;1330;555;555;138;417;41.73;24.86
120504_11343_42081;11;;2010;816;816;141;675;40.60;17.28
120505_11344_42081;1;;608;338;338;64;274;55.59;18.93
120505_11345_42081;2;;1723;1079;1079;198;881;62.62;18.35
120505_11346_42081;3;;198;116;116;34;82;58.59;29.31
120505_11347_42081;4;;1455;811;811;180;631;55.74;22.19
120505_11348_42081;5;;1291;625;625;107;518;48.41;17.12
120505_11349_42081;6;;128;82;82;12;70;64.06;14.63
120505_11350_42081;7;;140;104;104;15;89;74.29;14.42
120506_11351_42081;1;;574;215;215;36;179;37.46;16.74
120506_11352_42081;2;;853;368;368;91;277;43.14;24.73
120506_11353_42081;3;;829;383;383;87;296;46.20;22.72
120506_11354_42081;4;;834;380;380;69;311;45.56;18.16
120506_11355_42081;5;;736;370;370;72;298;50.27;19.46
120506_11356_42081;6;;1084;489;489;105;384;45.11;21.47
120506_11357_42081;7;;600;250;250;40;210;41.67;16.00
120506_11358_42081;8;;300;151;151;29;122;50.33;19.21
120506_11359_42081;9;;813;394;394;66;328;48.46;16.75
120507_11360_42081;1;;1316;638;638;154;484;48.48;24.14
120507_11361_42081;2;;1417;588;588;140;448;41.50;23.81
120507_11362_42081;3;;1152;462;462;86;376;40.10;18.61
120508_11363_42081;1;;254;124;124;36;88;48.82;29.03
120508_11364_42081;2;;629;321;321;99;222;51.03;30.84
120508_11365_42081;3;;1378;671;671;165;506;48.69;24.59
120508_11366_42081;4;;725;351;351;66;285;48.41;18.80
120508_11367_42081;5;;1061;546;546;124;422;51.46;22.71
120509_11368_42081;1;;696;382;382;80;302;54.89;20.94
120509_11369_42081;2;;1301;714;714;129;585;54.88;18.07
120509_11370_42081;3;;809;393;393;69;324;48.58;17.56
120509_11371_42081;4;;783;292;292;42;250;37.29;14.38
120509_11372_42081;5;;280;128;128;28;100;45.71;21.88
120509_11373_42081;6;;160;65;65;21;44;40.62;32.31
120510_11374_42081;1;;1205;696;696;185;511;57.76;26.58
120510_11375_42081;2;;824;428;428;91;337;51.94;21.26
120510_11376_42081;3;;544;379;379;144;235;69.67;37.99
120510_11377_42081;4;;675;388;388;86;302;57.48;22.16
120510_11378_42081;5;;300;171;171;41;130;57.00;23.98
120510_11379_42081;6;;372;218;218;62;156;58.60;28.44
120510_11380_42081;7;;210;138;138;42;96;65.71;30.43
120510_11381_42081;8;;367;250;250;70;180;68.12;28.00
120510_11382_42081;9;;451;260;260;109;151;57.65;41.92
120510_11383_42081;10;;313;188;188;47;141;60.06;25.00
120601_11384_42077;1;;1664;806;806;237;569;48.44;29.40
120601_11385_42077;2;;296;195;195;63;132;65.88;32.31
120601_11386_42077;3;;527;261;261;43;218;49.53;16.48
120601_11387_42077;4;;645;258;258;49;209;40.00;18.99
120601_11388_42077;5;;1230;419;419;104;315;34.07;24.82
120601_11389_42077;6;;946;397;397;108;289;41.97;27.20
120601_11390_42077;7;;2069;876;876;215;661;42.34;24.54
120601_11391_42077;8;;633;356;356;108;248;56.24;30.34
120601_11392_42077;9;;922;429;429;128;301;46.53;29.84
120601_11393_42077;10;;1184;634;634;119;515;53.55;18.77
120601_11394_42077;11;;580;327;327;71;256;56.38;21.71
120601_11395_42077;12;;390;229;229;41;188;58.72;17.90
120602_11396_42077;1;;1296;550;550;94;456;42.44;17.09
120602_11397_42077;2;;1067;455;455;103;352;42.64;22.64
120602_11398_42077;3;;817;352;352;94;258;43.08;26.70
120602_11399_42077;4;;945;421;421;97;324;44.55;23.04
120602_11400_42077;5;;1004;413;413;97;316;41.14;23.49
120602_11401_42077;6;;532;302;302;77;225;56.77;25.50
120602_11402_42077;7;;517;233;233;93;140;45.07;39.91
120603_11403_42077;1;;1363;796;796;259;537;58.40;32.54
120603_11404_42077;2;;649;319;319;97;222;49.15;30.41
120603_11405_42077;3;;1210;777;777;141;636;64.21;18.15
120603_11406_42077;4;;1093;597;597;139;458;54.62;23.28
120603_11407_42077;5;;1371;767;767;167;600;55.94;21.77
120603_11408_42077;6;;1315;713;713;103;610;54.22;14.45
120604_11409_42077;1;;635;337;337;88;249;53.07;26.11
120604_11410_42077;2;;1999;1139;1139;241;898;56.98;21.16
120604_11411_42077;3;;503;291;291;97;194;57.85;33.33
120604_11412_42077;4;;384;225;225;50;175;58.59;22.22
120604_11413_42077;5;;1141;573;573;148;425;50.22;25.83
120604_11414_42077;6;;1918;1018;1018;273;745;53.08;26.82
120604_11415_42077;7;;894;456;456;144;312;51.01;31.58
120604_11416_42077;8;;1229;597;647;202;395;48.58;33.84
120605_11417_42077;1;;1367;659;659;114;545;48.21;17.30
120605_11418_42077;2;;2111;1066;1066;171;895;50.50;16.04
120605_11419_42077;3;;890;312;312;66;246;35.06;21.15
120605_11420_42077;4;;1136;469;469;79;390;41.29;16.84
120605_11421_42077;5;;1261;573;573;129;444;45.44;22.51
120605_11422_42077;6;;1311;548;548;92;456;41.80;16.79
120605_11423_42077;7;;825;382;382;121;261;46.30;31.68
120605_11424_42077;8;;592;270;270;64;206;45.61;23.70
120605_11425_42077;9;;1103;491;491;113;378;44.51;23.01
120605_11426_42077;10;;786;409;409;97;312;52.04;23.72
120606_11427_42077;1;;1055;498;498;72;426;47.20;14.46
120606_11428_42077;2;;1013;527;527;57;470;52.02;10.82
120606_11429_42077;3;;923;440;440;55;385;47.67;12.50
120606_11430_42077;4;;1040;453;453;92;361;43.56;20.31
120606_11431_42077;5;;988;508;510;65;443;51.42;12.80
120606_11432_42077;6;;1027;485;485;73;412;47.22;15.05
120606_11433_42077;7;;1335;753;753;102;651;56.40;13.55
120606_11434_42077;8;;864;427;427;65;362;49.42;15.22
120606_11435_42077;9;;932;521;521;48;473;55.90;9.21
120606_11436_42077;10;;737;448;449;82;366;60.79;18.30
120606_11437_42077;11;;840;448;448;79;369;53.33;17.63
120606_11438_42077;12;;1576;705;705;139;566;44.73;19.72
120606_11439_42077;13;;1729;911;911;173;738;52.69;18.99
120606_11440_42077;14;;1133;485;485;125;360;42.81;25.77
120606_11441_42077;15;;1121;533;533;120;413;47.55;22.51
120606_11442_42077;16;;618;212;212;46;166;34.30;21.70
120606_11443_42077;17;;927;415;415;90;325;44.77;21.69
120606_11444_42077;18;;1189;506;506;118;388;42.56;23.32
120606_11445_42077;19;;1132;602;602;93;509;53.18;15.45
120606_11446_42077;20;;1817;928;929;151;777;51.07;16.27
120606_11447_42077;21;;999;548;548;121;427;54.85;22.08
120606_11448_42077;22;;1184;435;435;83;352;36.74;19.08
120606_11449_42077;23;;1033;478;478;69;409;46.27;14.44
120606_11450_42077;24;;942;327;327;81;246;34.71;24.77
120606_30800_42077;25;;59;31;31;7;24;52.54;22.58
120606_30801_42077;26;;37;28;28;5;23;75.68;17.86
120607_11451_42077;1;;1524;808;808;183;625;53.02;22.65
120607_11452_42077;2;;1462;610;610;157;453;41.72;25.74
120607_11453_42077;3;;747;328;329;86;242;43.91;26.22
120607_11454_42077;4;;722;333;333;71;262;46.12;21.32
120607_11455_42077;5;;1653;799;799;196;603;48.34;24.53
120607_11456_42077;6;;945;489;489;105;384;51.75;21.47
120607_11457_42077;7;;923;541;541;105;436;58.61;19.41
120607_11458_42077;8;;526;280;280;44;236;53.23;15.71
120607_11459_42077;9;;874;393;393;92;301;44.97;23.41
120607_11460_42077;10;;1218;629;629;115;514;51.64;18.28
120607_11461_42077;11;;1198;681;681;172;509;56.84;25.26
120607_11462_42077;12;;1218;670;670;68;602;55.01;10.15
120608_11463_42077;1;;1365;687;687;108;579;50.33;15.72
120608_11464_42077;2;;1353;669;669;169;500;49.45;25.26
120608_11465_42077;3;;1919;1076;1076;288;788;56.07;26.77
120608_11466_42077;4;;1625;898;898;199;699;55.26;22.16
120608_11467_42077;5;;1107;619;619;144;475;55.92;23.26
120609_11468_42077;1;;783;518;518;102;416;66.16;19.69
120609_11469_42077;2;;884;496;496;128;368;56.11;25.81
120609_11470_42077;3;;2238;1138;1138;207;931;50.85;18.19
120609_11471_42077;4;;843;478;478;131;347;56.70;27.41
120609_11472_42077;5;;1875;981;981;163;818;52.32;16.62
120609_11473_42077;6;;1325;786;786;171;615;59.32;21.76
120609_11474_42077;7;;1089;652;653;151;501;59.87;23.16
120609_11475_42077;8;;1118;672;672;129;543;60.11;19.20
120610_11476_42077;1;;1501;905;905;182;723;60.29;20.11
120610_11477_42077;2;;1934;1105;1105;189;916;57.14;17.10
120610_11478_42077;3;;1910;938;938;115;823;49.11;12.26
120610_11479_42077;4;;1009;628;628;107;521;62.24;17.04
120610_11480_42077;5;;198;98;98;19;79;49.49;19.39
120610_11481_42077;6;;520;285;285;49;236;54.81;17.19
120610_11482_42077;7;;1065;592;592;113;479;55.59;19.09
120611_11483_42077;1;;2050;922;922;147;775;44.98;15.94
120611_11484_42077;2;;1559;701;701;113;588;44.96;16.12
120611_11485_42077;3;;1131;479;479;71;408;42.35;14.82
120611_11486_42077;4;;1815;662;662;128;534;36.47;19.34
120611_11487_42077;5;;1809;781;781;95;686;43.17;12.16
120611_11488_42077;6;;1169;516;516;76;440;44.14;14.73
120611_11489_42077;7;;2176;896;896;152;744;41.18;16.96
120611_11490_42077;8;;1704;718;718;133;585;42.14;18.52
120611_11491_42077;9;;1940;824;825;132;692;42.47;16.02
120611_11492_42077;10;;1335;495;496;84;411;37.08;16.97
120611_11493_42077;11;;1138;526;526;75;451;46.22;14.26
120611_11494_42077;12;;1394;698;698;110;588;50.07;15.76
120611_11495_42077;13;;1650;849;849;120;729;51.45;14.13
120611_11496_42077;14;;1927;870;870;161;709;45.15;18.51
120611_11497_42077;15;;1261;690;690;181;509;54.72;26.23
120611_11498_42077;16;;837;401;401;93;308;47.91;23.19
120611_11499_42077;17;;1476;634;634;137;497;42.95;21.61
120611_11500_42077;18;;747;499;499;136;363;66.80;27.25
120611_11501_42077;19;;541;317;317;74;243;58.60;23.34
120611_11502_42077;20;;1700;760;760;145;615;44.71;19.08
120611_11503_42077;21;;1073;603;603;145;458;56.20;24.05
120611_11504_42077;22;;718;421;421;127;294;58.64;30.17
120611_11505_42077;23;;1422;721;721;130;591;50.70;18.03
120611_11506_42077;24;;703;365;365;79;286;51.92;21.64
120611_11507_42077;25;;670;356;357;95;261;53.13;26.69
120612_11508_42077;1;;1468;594;594;137;457;40.46;23.06
120612_11509_42077;2;;1409;574;574;121;453;40.74;21.08
120612_11510_42077;3;;1470;599;599;103;496;40.75;17.20
120612_11511_42077;4;;1346;539;539;81;458;40.04;15.03
120612_11512_42077;5;;363;165;165;38;127;45.45;23.03
120612_11513_42077;6;;988;370;370;84;286;37.45;22.70
120612_11514_42077;7;;1341;591;591;129;462;44.07;21.83
120612_11515_42077;8;;453;184;184;38;146;40.62;20.65
120612_11516_42077;9;;350;146;146;35;111;41.71;23.97
120612_11517_42077;10;;568;261;261;67;194;45.95;25.67
120612_11518_42077;11;;809;350;350;118;232;43.26;33.71
120612_11519_42077;12;;460;223;223;57;166;48.48;25.56
120613_11520_42077;1;;1067;544;544;80;464;50.98;14.71
120613_11521_42077;2;;970;465;465;77;388;47.94;16.56
120613_11522_42077;3;;831;414;414;64;350;49.82;15.46
120613_11523_42077;4;;513;281;281;52;229;54.78;18.51
120613_11524_42077;5;;1264;542;542;79;463;42.88;14.58
120614_11525_42077;1;;1943;1214;1214;198;1016;62.48;16.31
120614_11526_42077;2;;1667;811;811;176;635;48.65;21.70
120614_11527_42077;3;;1280;643;644;167;476;50.23;25.97
120614_11528_42077;4;;2196;1098;1099;267;831;50.00;24.32
120614_11529_42077;5;;552;247;247;42;205;44.75;17.00
120615_11530_42077;1;;474;260;260;45;215;54.85;17.31
120615_11531_42077;2;;1490;864;864;216;648;57.99;25.00
120615_11532_42077;3;;1159;691;691;104;587;59.62;15.05
120615_11533_42077;4;;1222;634;634;122;512;51.88;19.24
120615_11534_42077;5;;1170;638;638;138;500;54.53;21.63
120615_11535_42077;6;;976;481;481;110;371;49.28;22.87
120615_11536_42077;7;;989;566;566;110;456;57.23;19.43
120615_11537_42077;8;;1054;541;542;100;441;51.33;18.48
120616_11538_42077;1;;600;336;336;52;284;56.00;15.48
120616_11539_42077;2;;1360;760;761;135;625;55.88;17.76
120616_11540_42077;3;;1176;653;653;111;542;55.53;17.00
120616_11541_42077;4;;556;389;389;45;344;69.96;11.57
120616_11542_42077;5;;1632;938;938;157;781;57.48;16.74
120616_11543_42077;6;;683;369;369;62;307;54.03;16.80
120616_11544_42077;7;;767;447;447;105;342;58.28;23.49
120616_11545_42077;8;;717;429;429;84;345;59.83;19.58
120616_11546_42077;9;;303;129;129;13;116;42.57;10.08
120616_11547_42077;10;;667;432;432;82;350;64.77;18.98
120616_11548_42077;11;;694;368;368;55;313;53.03;14.95
120616_11549_42077;12;;652;452;452;90;362;69.33;19.91
120616_11550_42077;13;;541;322;322;75;247;59.52;23.29
120616_11551_42077;14;;1524;800;800;110;690;52.49;13.75
120616_11552_42077;15;;776;410;417;77;333;52.84;18.78
120616_11553_42077;16;;1997;964;964;123;841;48.27;12.76
120616_11554_42077;17;;558;362;362;41;321;64.87;11.33
120616_11555_42077;18;;510;315;315;59;256;61.76;18.73
120616_11556_42077;19;;1844;854;854;115;739;46.31;13.47
120616_11557_42077;20;;924;471;471;43;428;50.97;9.13
120616_11558_42077;21;;1650;787;789;89;698;47.70;11.31
120617_11559_42077;1;;843;402;402;57;345;47.69;14.18
120617_11560_42077;2;;1706;918;918;157;761;53.81;17.10
120617_11561_42077;3;;1269;570;570;80;490;44.92;14.04
120617_11562_42077;4;;1022;503;503;56;447;49.22;11.13
120617_11563_42077;5;;1232;522;522;92;430;42.37;17.62
120617_11564_42077;6;;1827;917;917;84;833;50.19;9.16
120617_11565_42077;7;;1309;677;677;83;594;51.72;12.26
120617_11566_42077;8;;1062;544;544;125;419;51.22;22.98
120617_11567_42077;9;;1088;565;565;95;470;51.93;16.81
120617_11568_42077;10;;1694;925;925;312;613;54.60;33.73
120617_11569_42077;11;;956;531;531;100;431;55.54;18.83
120617_11570_42077;12;;1031;516;516;113;403;50.05;21.90
120617_29756_42077;13;;73;19;19;2;17;26.03;10.53
120617_29757_42077;14;;110;47;47;3;44;42.73;6.38
120701_11571_42081;1;;935;503;503;69;434;53.80;13.72
120701_11572_42081;2;;798;482;482;143;339;60.40;29.67
120701_11573_42081;3;;737;400;400;37;363;54.27;9.25
120701_11574_42081;4;;889;410;410;75;335;46.12;18.29
120701_11575_42081;5;;852;501;501;71;430;58.80;14.17
120701_11576_42081;6;;710;374;374;53;321;52.68;14.17
120701_11577_42081;7;;1497;773;773;90;683;51.64;11.64
120701_11578_42081;8;;1414;830;830;123;707;58.70;14.82
120701_11579_42081;9;;1538;869;869;152;717;56.50;17.49
120701_11580_42081;10;;750;450;450;61;389;60.00;13.56
120701_11581_42081;11;;803;415;415;62;353;51.68;14.94
120701_11582_42081;12;;995;476;476;84;392;47.84;17.65
120701_29758_42081;13;;45;22;22;11;11;48.89;50.00
120701_29759_42081;14;;107;13;13;4;9;12.15;30.77
120702_11583_42081;1;;1296;726;726;130;596;56.02;17.91
120702_11584_42081;2;;1517;815;815;137;678;53.72;16.81
120702_11585_42081;3;;1660;962;962;157;805;57.95;16.32
120702_11586_42081;4;;1712;1000;1000;150;850;58.41;15.00
120703_11587_42081;1;;1184;570;657;134;436;48.14;23.51
120703_11588_42081;2;;1013;547;547;148;399;54.00;27.06
120703_11589_42081;3;;1104;553;562;118;435;50.09;21.34
120703_11590_42081;4;;891;446;446;83;363;50.06;18.61
120703_11591_42081;5;;863;404;404;69;335;46.81;17.08
120703_11592_42081;6;;445;234;234;47;187;52.58;20.09
120703_11593_42081;7;;488;273;273;51;222;55.94;18.68
120703_11594_42081;8;;982;407;407;112;295;41.45;27.52
120703_11595_42081;9;;668;290;290;67;223;43.41;23.10
120704_11596_42081;1;;1209;598;598;154;444;49.46;25.75
120704_11597_42081;2;;774;293;293;66;227;37.86;22.53
120704_11598_42081;3;;1703;878;878;182;696;51.56;20.73
120704_11599_42081;4;;668;389;389;82;307;58.23;21.08
120704_11600_42081;5;;1021;560;560;130;430;54.85;23.21
120704_11601_42081;6;;799;384;384;84;300;48.06;21.88
120704_11602_42081;7;;266;144;144;19;125;54.14;13.19
120704_29760_42081;8;;45;16;16;2;14;35.56;12.50
120704_29761_42081;9;;37;26;26;6;20;70.27;23.08
120705_11603_42081;1;;1681;970;970;239;731;57.70;24.64
120705_11604_42081;2;;878;524;524;125;399;59.68;23.85
120705_11605_42081;3;;1563;910;910;254;656;58.22;27.91
120705_11606_42081;4;;760;443;443;87;356;58.29;19.64
120705_11607_42081;5;;558;355;355;85;270;63.62;23.94
120705_11608_42081;6;;448;301;301;72;229;67.19;23.92
120706_11609_42081;1;;1209;809;809;137;672;66.91;16.93
120706_11610_42081;2;;676;386;386;84;302;57.10;21.76
120706_11611_42081;3;;1141;754;754;76;678;66.08;10.08
120706_11612_42081;4;;679;454;454;49;405;66.86;10.79
120706_11613_42081;5;;393;265;265;28;237;67.43;10.57
120706_11614_42081;6;;525;305;305;47;258;58.10;15.41
120706_11615_42081;7;;1247;835;835;147;688;66.96;17.60
120707_11616_42081;1;;1189;687;687;91;596;57.78;13.25
120707_11617_42081;2;;1975;1088;1088;149;939;55.09;13.69
120707_11618_42081;3;;446;270;270;31;239;60.54;11.48
120707_11619_42081;4;;847;405;405;73;332;47.82;18.02
120707_11620_42081;5;;464;263;263;44;219;56.68;16.73
120707_11621_42081;6;;1982;1029;1029;166;863;51.92;16.13
120707_11622_42081;7;;1591;851;851;127;724;53.49;14.92
120707_11623_42081;8;;1851;1014;1014;144;870;54.78;14.20
120707_11624_42081;9;;766;439;439;92;347;57.31;20.96
120707_11625_42081;10;;1126;658;658;151;507;58.44;22.95
120707_11626_42081;11;;1008;641;641;103;538;63.59;16.07
120707_11627_42081;12;;1049;554;554;93;461;52.81;16.79
120707_11628_42081;13;;534;312;312;46;266;58.43;14.74
120707_11629_42081;14;;611;355;355;55;300;58.10;15.49
120707_11630_42081;15;;1061;545;545;74;471;51.37;13.58
120707_11631_42081;16;;273;144;144;22;122;52.75;15.28
120707_11632_42081;17;;726;367;367;62;305;50.55;16.89
120707_11633_42081;18;;505;241;241;54;187;47.72;22.41
120707_11634_42081;19;;605;361;361;88;273;59.67;24.38
120708_11635_42081;1;;907;481;481;79;402;53.03;16.42
120708_11636_42081;2;;1685;1029;1029;146;883;61.07;14.19
120708_11637_42081;3;;735;372;372;77;295;50.61;20.70
120708_11638_42081;4;;1816;913;913;124;789;50.28;13.58
120708_11639_42081;5;;765;447;447;71;376;58.43;15.88
120708_11640_42081;6;;787;468;468;63;405;59.47;13.46
120708_11641_42081;7;;611;339;339;69;270;55.48;20.35
120709_11642_42081;1;;239;136;136;35;101;56.90;25.74
120709_11643_42081;2;;1338;707;707;133;574;52.84;18.81
120709_11644_42081;3;;930;478;478;107;371;51.40;22.38
120709_11645_42081;4;;1316;748;748;196;552;56.84;26.20
120709_11646_42081;5;;1344;722;722;164;558;53.72;22.71
120709_11647_42081;6;;1546;821;821;203;618;53.10;24.73
120709_11648_42081;7;;925;456;456;90;366;49.30;19.74
120709_11649_42081;8;;1090;462;462;80;382;42.39;17.32
120709_11650_42081;9;;2052;1033;1033;192;841;50.34;18.59
120709_11651_42081;10;;1262;666;666;169;497;52.77;25.38
120709_11652_42081;11;;913;547;547;144;403;59.91;26.33
120709_29762_42081;12;;43;43;43;8;35;100.00;18.60
120709_29763_42081;13;;36;32;32;12;20;88.89;37.50
120710_11653_42081;1;;1549;702;702;168;534;45.32;23.93
120710_11654_42081;2;;1064;480;480;136;344;45.11;28.33
120710_11655_42081;3;;1838;873;873;215;658;47.50;24.63
120710_11656_42081;4;;926;518;518;145;373;55.94;27.99
120711_11657_42081;1;;1300;593;593;80;513;45.62;13.49
120711_11658_42081;2;;522;307;307;65;242;58.81;21.17
120711_11659_42081;3;;1023;530;530;75;455;51.81;14.15
120711_11660_42081;4;;474;250;250;44;206;52.74;17.60
120711_11661_42081;5;;1252;634;634;104;530;50.64;16.40
120712_11662_42081;1;;1130;750;750;130;620;66.37;17.33
120712_11663_42081;2;;985;645;645;79;566;65.48;12.25
120712_11664_42081;3;;1308;762;765;127;635;58.26;16.67
120712_11665_42081;4;;983;640;640;121;519;65.11;18.91
120712_11666_42081;5;;578;386;386;60;326;66.78;15.54
120801_11667_42077;1;;1385;670;670;105;565;48.38;15.67
120801_11668_42077;2;;1014;478;478;84;394;47.14;17.57
120801_11669_42077;3;;815;411;411;84;327;50.43;20.44
120801_11670_42077;4;;714;280;280;56;224;39.22;20.00
120801_11671_42077;5;;709;338;338;71;267;47.67;21.01
120801_11672_42077;6;;1273;641;641;121;520;50.35;18.88
120801_11673_42077;7;;329;169;169;45;124;51.37;26.63
120801_30774_42077;8;;27;14;14;6;8;51.85;42.86
120802_11674_42077;1;;1293;868;868;119;749;67.13;13.71
120802_11675_42077;2;;387;236;236;35;201;60.98;14.83
120802_11676_42077;3;;1226;716;716;105;611;58.40;14.66
120802_11677_42077;4;;493;268;268;64;204;54.36;23.88
120802_11678_42077;5;;457;281;281;38;243;61.49;13.52
120802_11679_42077;6;;593;301;301;38;263;50.76;12.62
120802_11680_42077;7;;707;381;381;64;317;53.89;16.80
120803_11681_42077;1;;532;299;299;90;209;56.20;30.10
120803_11682_42077;2;;351;237;237;61;176;67.52;25.74
120803_11683_42077;3;;406;228;228;52;176;56.16;22.81
120803_11684_42077;4;;524;289;289;85;204;55.15;29.41
120803_11685_42077;5;;909;533;533;158;375;58.64;29.64
120803_11686_42077;6;;471;294;294;86;208;62.42;29.25
120803_11687_42077;7;;339;194;194;43;151;57.23;22.16
120803_11688_42077;8;;225;145;145;36;109;64.44;24.83
120803_11689_42077;9;;218;139;139;42;97;63.76;30.22
120804_11690_42077;1;;795;353;353;67;286;44.40;18.98
120804_11691_42077;2;;714;393;393;90;303;55.04;22.90
120804_11692_42077;3;;561;290;290;51;239;51.69;17.59
120804_11693_42077;4;;415;239;239;46;193;57.59;19.25
120804_11694_42077;5;;438;248;248;42;206;56.62;16.94
120804_11695_42077;6;;280;151;151;30;121;53.93;19.87
120804_11696_42077;7;;264;111;111;15;96;42.05;13.51
120804_11697_42077;8;;209;88;88;15;73;42.11;17.05
120804_11698_42077;9;;330;148;148;35;113;44.85;23.65
120804_11699_42077;10;;297;139;139;27;112;46.80;19.42
120804_30802_42077;11;;57;25;25;0;25;43.86;0.00
120805_11700_42077;1;;1152;623;623;78;545;54.08;12.52
120805_11701_42077;2;;950;542;542;90;452;57.05;16.61
120805_11702_42077;3;;827;455;455;58;397;55.02;12.75
120805_11703_42077;4;;1166;670;670;88;582;57.46;13.13
120805_11704_42077;5;;1016;584;584;92;492;57.48;15.75
120805_11705_42077;6;;1331;741;741;126;615;55.67;17.00
120805_11706_42077;7;;1305;728;728;103;625;55.79;14.15
120805_11707_42077;8;;889;533;533;61;472;59.96;11.44
120805_11708_42077;9;;863;504;504;50;454;58.40;9.92
120805_11709_42077;10;;440;247;247;45;202;56.14;18.22
120805_11710_42077;11;;232;152;152;21;131;65.52;13.82
120805_11711_42077;12;;965;516;516;101;415;53.47;19.57
120805_11712_42077;13;;514;295;295;57;238;57.39;19.32
120805_11713_42077;14;;464;271;271;56;215;58.41;20.66
120805_11714_42077;15;;441;230;230;43;187;52.15;18.70
120805_11715_42077;16;;597;329;329;61;268;55.11;18.54
120805_11716_42077;17;;1143;664;664;107;557;58.09;16.11
120805_11717_42077;18;;692;256;256;34;222;36.99;13.28
120805_11718_42077;19;;773;390;390;55;335;50.45;14.10
120805_11719_42077;20;;278;141;141;21;120;50.72;14.89
120805_29764_42077;21;;35;25;25;1;24;71.43;4.00
120805_29765_42077;22;;30;14;14;0;14;46.67;0.00
120805_29766_42077;23;;65;23;23;1;22;35.38;4.35
120806_11720_42077;1;;1146;749;749;130;619;65.36;17.36
120806_11721_42077;2;;437;271;271;57;214;62.01;21.03
120806_11722_42077;3;;547;341;341;42;299;62.34;12.32
120807_11723_42077;1;;1240;636;636;155;481;51.29;24.37
120807_11724_42077;2;;934;549;549;129;420;58.78;23.50
120807_11725_42077;3;;647;441;441;103;338;68.16;23.36
120807_11726_42077;4;;278;166;166;45;121;59.71;27.11
120901_11727_42079;1;;1499;751;751;142;609;50.10;18.91
120901_11728_42079;2;;1707;938;938;144;794;54.95;15.35
120901_11729_42079;3;;1977;1052;1052;135;917;53.21;12.83
120901_11730_42079;4;;1185;568;568;97;471;47.93;17.08
120901_11731_42079;5;;1282;736;736;95;641;57.41;12.91
120901_11732_42079;6;;1367;667;667;127;540;48.79;19.04
120901_11733_42079;7;;1318;620;620;119;501;47.04;19.19
120901_11734_42079;8;;829;385;385;63;322;46.44;16.36
120901_11735_42079;9;;478;291;291;50;241;60.88;17.18
120902_11736_42079;1;;1448;770;770;149;621;53.18;19.35
120902_11737_42079;2;;1447;675;675;177;498;46.65;26.22
120902_11738_42079;3;;1708;846;846;139;707;49.53;16.43
120902_11739_42079;4;;678;345;345;59;286;50.88;17.10
120902_11740_42079;5;;2244;1052;1052;181;871;46.88;17.21
120903_11741_42079;1;;1890;1078;1078;118;960;57.04;10.95
120903_11742_42079;2;;1991;991;991;97;894;49.77;9.79
120903_11743_42079;3;;1464;795;795;102;693;54.30;12.83
120903_11744_42079;4;;1058;633;635;77;556;59.83;12.16
120903_11745_42079;5;;1399;865;865;87;778;61.83;10.06
120903_11746_42079;6;;1449;810;810;96;714;55.90;11.85
120903_11747_42079;7;;2019;1233;1233;167;1066;61.07;13.54
120903_11748_42079;8;;1276;643;643;85;558;50.39;13.22
120903_11749_42079;9;;1973;981;981;119;862;49.72;12.13
120903_11750_42079;10;;825;498;498;150;348;60.36;30.12
120903_11751_42079;11;;1046;602;602;90;512;57.55;14.95
120903_11752_42079;12;;1334;659;659;188;471;49.40;28.53
120903_11753_42079;13;;1207;603;603;110;493;49.96;18.24
120903_11754_42079;14;;1296;542;542;67;475;41.82;12.36
120903_11755_42079;15;;2256;955;955;128;827;42.33;13.40
120903_11756_42079;16;;1780;904;904;163;741;50.79;18.03
120903_11757_42079;17;;818;432;432;81;351;52.81;18.75
120903_11758_42079;18;;910;584;584;89;495;64.18;15.24
120903_11759_42079;19;;922;505;505;98;407;54.77;19.41
120903_11760_42079;20;;1392;718;718;95;623;51.58;13.23
120903_11761_42079;21;;949;525;525;86;439;55.32;16.38
120903_11762_42079;22;;1780;957;957;143;814;53.76;14.94
120903_11763_42079;23;;627;299;299;49;250;47.69;16.39
120903_11764_42079;24;;809;464;466;61;403;57.35;13.15
120903_11765_42079;25;;1142;640;640;82;558;56.04;12.81
120903_29767_42079;26;;99;6;6;0;6;6.06;0.00
120903_29768_42079;27;;48;36;36;1;35;75.00;2.78
120903_29769_42079;28;;21;13;13;4;9;61.90;30.77
120903_29770_42079;29;;49;11;11;0;11;22.45;0.00
120904_11766_42079;1;;1492;896;896;136;760;60.05;15.18
120904_11767_42079;2;;1139;711;711;141;570;62.42;19.83
120904_11768_42079;3;;1094;688;688;151;537;62.89;21.95
120904_11769_42079;4;;1065;631;631;170;461;59.25;26.94
120904_11770_42079;5;;1370;834;835;159;675;60.88;19.06
120904_11771_42079;6;;1835;977;977;224;753;53.24;22.93
120904_11772_42079;7;;359;213;213;47;166;59.33;22.07
120904_30803_42079;8;;62;37;37;10;27;59.68;27.03
120905_11773_42079;1;;2179;1133;1134;214;919;52.00;18.89
120905_11774_42079;2;;1177;533;533;112;421;45.28;21.01
120905_11775_42079;3;;982;435;435;104;331;44.30;23.91
120905_11776_42079;4;;654;358;358;71;287;54.74;19.83
120906_11777_42079;1;;2318;1237;1237;258;979;53.36;20.86
120906_11778_42079;2;;1773;1055;1055;224;831;59.50;21.23
120906_11779_42079;3;;873;452;452;98;354;51.78;21.68
120906_11780_42079;4;;1617;940;940;243;697;58.13;25.85
120907_11781_42079;1;;723;435;435;96;339;60.17;22.07
120907_11782_42079;2;;1596;989;989;221;768;61.97;22.35
120907_11783_42079;3;;1293;771;771;205;566;59.63;26.59
120907_11784_42079;4;;1486;877;877;321;556;59.02;36.60
120907_11785_42079;5;;1388;678;678;199;479;48.85;29.35
120907_11786_42079;6;;981;557;557;157;400;56.78;28.19
120907_11787_42079;7;;1767;1096;1096;275;821;62.03;25.09
120907_11788_42079;8;;759;448;448;114;334;59.03;25.45
120907_11789_42079;9;;1336;682;682;172;510;51.05;25.22
120908_11790_42079;1;;1880;1067;1067;223;844;56.76;20.90
120908_11791_42079;2;;1361;555;555;115;440;40.78;20.72
120908_11792_42079;3;;1648;892;892;160;732;54.13;17.94
120908_11793_42079;4;;814;382;382;78;304;46.93;20.42
120908_11794_42079;5;;345;172;172;46;126;49.86;26.74
120908_11795_42079;6;;523;260;260;56;204;49.71;21.54
120909_11796_42079;1;;340;182;182;46;136;53.53;25.27
120909_11797_42079;2;;369;243;243;42;201;65.85;17.28
120909_11798_42079;3;;1251;792;792;193;599;63.31;24.37
120909_11799_42079;4;;388;270;270;87;183;69.59;32.22
120909_11800_42079;5;;963;558;558;92;466;57.94;16.49
120909_11801_42079;6;;512;339;339;102;237;66.21;30.09
120909_11802_42079;7;;1746;1134;1134;258;876;64.95;22.75
121001_11803_42081;1;;1194;724;724;104;620;60.64;14.36
121001_11804_42081;2;;1413;870;870;195;675;61.57;22.41
121001_11805_42081;3;;1279;689;689;133;556;53.87;19.30
121001_11806_42081;4;;22;15;15;8;7;68.18;53.33
121001_11807_42081;5;;1005;591;591;128;463;58.81;21.66
121002_11808_42081;1;;1233;702;702;124;578;56.93;17.66
121002_11809_42081;2;;1558;895;895;135;760;57.45;15.08
121002_11810_42081;3;;1745;1056;1056;283;773;60.52;26.80
121002_11811_42081;4;;1675;1049;1049;225;824;62.63;21.45
121002_11812_42081;5;;829;494;494;112;382;59.59;22.67
121002_11813_42081;6;;967;629;629;175;454;65.05;27.82
121002_11814_42081;7;;1704;990;990;142;848;58.10;14.34
121002_11815_42081;8;;979;685;685;217;468;69.97;31.68
121002_11816_42081;9;;1789;973;973;198;775;54.39;20.35
121002_11817_42081;10;;1019;545;545;103;442;53.48;18.90
121002_11818_42081;11;;717;415;415;92;323;57.88;22.17
121002_11819_42081;12;;681;444;444;118;326;65.20;26.58
121002_11820_42081;13;;663;378;378;78;300;57.01;20.63
121002_11821_42081;14;;598;318;319;57;261;53.18;17.92
121002_11822_42081;15;;593;406;406;62;344;68.47;15.27
121002_11823_42081;16;;378;204;204;34;170;53.97;16.67
121002_11824_42081;17;;754;469;469;60;409;62.20;12.79
121002_11825_42081;18;;996;565;565;86;479;56.73;15.22
121002_11826_42081;19;;132;80;80;9;71;60.61;11.25
121002_11827_42081;20;;402;250;250;30;220;62.19;12.00
121002_11828_42081;21;;1352;716;716;108;608;52.96;15.08
121002_29771_42081;22;;49;40;40;1;39;81.63;2.50
121003_11829_42081;1;;1532;863;863;176;687;56.33;20.39
121003_11830_42081;2;;932;475;475;117;358;50.97;24.63
121003_11831_42081;3;;1527;888;888;174;714;58.15;19.59
121003_11832_42081;4;;1033;606;606;163;443;58.66;26.90
121003_11833_42081;5;;1283;794;794;169;625;61.89;21.28
121003_11834_42081;6;;570;357;357;88;269;62.63;24.65
121003_29772_42081;7;;59;45;45;13;32;76.27;28.89
121004_11835_42081;1;;2077;1263;1263;255;1008;60.81;20.19
121004_11836_42081;2;;957;460;460;82;378;48.07;17.83
121004_11837_42081;3;;1179;657;657;96;561;55.73;14.61
121004_11838_42081;4;;1145;614;614;112;502;53.62;18.24
121004_11839_42081;5;;839;488;488;120;368;58.16;24.59
121004_11840_42081;6;;1664;975;975;129;846;58.59;13.23
121004_11841_42081;7;;2015;1227;1227;194;1033;60.89;15.81
121004_11842_42081;8;;840;546;546;121;425;65.00;22.16
121004_11843_42081;9;;1535;820;820;99;721;53.42;12.07
121004_11844_42081;10;;964;594;594;93;501;61.62;15.66
121004_11845_42081;11;;1550;948;948;217;731;61.16;22.89
121004_11846_42081;12;;794;440;440;86;354;55.42;19.55
121004_11847_42081;13;;1995;1065;1065;196;869;53.38;18.40
121004_11848_42081;14;;323;185;185;34;151;57.28;18.38
121004_11849_42081;15;;491;296;296;54;242;60.29;18.24
121005_11850_42081;1;;1327;768;768;182;586;57.87;23.70
121005_11851_42081;2;;1434;709;709;101;608;49.44;14.25
121005_11852_42081;3;;672;379;379;89;290;56.40;23.48
121005_11853_42081;4;;602;306;306;62;244;50.83;20.26
121005_11854_42081;5;;885;436;436;60;376;49.27;13.76
121005_11855_42081;6;;488;250;250;66;184;51.23;26.40
121005_11856_42081;7;;622;355;355;66;289;57.07;18.59
121005_11857_42081;8;;1450;745;745;140;605;51.38;18.79
121006_11858_42081;1;;2168;1389;1389;292;1097;64.07;21.02
121006_11859_42081;2;;1353;820;820;181;639;60.61;22.07
121006_11860_42081;3;;1288;771;771;187;584;59.86;24.25
121006_11861_42081;4;;772;427;427;109;318;55.31;25.53
121006_11862_42081;5;;216;90;90;22;68;41.67;24.44
121006_11863_42081;6;;1485;924;924;163;761;62.22;17.64
121006_11864_42081;7;;1139;702;702;123;579;61.63;17.52
121006_11865_42081;8;;1391;825;825;191;634;59.31;23.15
121006_11866_42081;9;;917;524;524;120;404;57.14;22.90
121007_11867_42081;1;;941;482;482;110;372;51.22;22.82
121007_11868_42081;2;;1428;660;660;144;516;46.22;21.82
121007_11869_42081;3;;2056;1070;1070;213;857;52.04;19.91
121007_11870_42081;4;;1305;654;654;142;512;50.11;21.71
121007_11871_42081;5;;737;385;385;85;300;52.24;22.08
121007_11872_42081;6;;598;327;327;75;252;54.68;22.94
121007_11873_42081;7;;1523;783;783;152;631;51.41;19.41
121007_11874_42081;8;;790;409;409;84;325;51.77;20.54
121007_11875_42081;9;;531;282;282;54;228;53.11;19.15
121007_11876_42081;10;;536;259;259;65;194;48.32;25.10
121007_11877_42081;11;;1101;604;604;130;474;54.86;21.52
121007_11878_42081;12;;444;201;201;77;124;45.27;38.31
121007_11879_42081;13;;352;146;146;38;108;41.48;26.03
121007_11880_42081;14;;595;335;335;76;259;56.30;22.69
121007_11881_42081;15;;389;246;246;61;185;63.24;24.80
121007_11882_42081;16;;289;189;189;103;86;65.40;54.50
121007_11883_42081;17;;209;125;125;30;95;59.81;24.00
121007_29773_42081;18;;47;25;25;5;20;53.19;20.00
121008_11884_42081;1;;561;296;296;66;230;52.76;22.30
121008_11885_42081;2;;641;292;292;49;243;45.55;16.78
121008_11886_42081;3;;1289;688;688;178;510;53.37;25.87
121008_11887_42081;4;;1233;544;544;116;428;44.12;21.32
121008_11888_42081;5;;480;304;304;49;255;63.33;16.12
121009_11889_42081;1;;824;544;544;141;403;66.02;25.92
121009_11890_42081;2;;497;275;275;62;213;55.33;22.55
121009_11891_42081;3;;1632;866;866;178;688;53.06;20.55
121009_11892_42081;4;;1116;570;570;125;445;51.08;21.93
121009_11893_42081;5;;1319;757;757;178;579;57.39;23.51
121009_11894_42081;6;;1550;960;960;239;721;61.94;24.90
121009_11895_42081;7;;1322;802;802;201;601;60.67;25.06
121009_11896_42081;8;;513;271;271;56;215;52.83;20.66
121009_11897_42081;9;;610;402;402;65;337;65.90;16.17
121009_11898_42081;10;;393;242;242;55;187;61.58;22.73
121009_11899_42081;11;;1577;1032;1032;221;811;65.44;21.41
121009_11900_42081;12;;783;418;418;71;347;53.38;16.99
121010_11901_42081;1;;2073;1236;1236;230;1006;59.62;18.61
121010_11902_42081;2;;873;500;500;84;416;57.27;16.80
121010_11903_42081;3;;1792;1075;1075;196;879;59.99;18.23
121010_11904_42081;4;;703;362;362;54;308;51.49;14.92
121010_11905_42081;5;;797;422;422;80;342;52.95;18.96
121010_11906_42081;6;;673;345;345;38;307;51.26;11.01
121010_11907_42081;7;;1057;539;539;92;447;50.99;17.07
121011_11908_42081;1;;1299;602;602;96;506;46.34;15.95
121011_11909_42081;2;;325;134;134;16;118;41.23;11.94
121011_11910_42081;3;;1655;759;759;129;630;45.86;17.00
121011_11911_42081;4;;788;372;372;68;304;47.21;18.28
121011_11912_42081;5;;368;132;132;29;103;35.87;21.97
121011_11913_42081;6;;546;270;270;51;219;49.45;18.89
121011_11914_42081;7;;751;395;395;122;273;52.60;30.89
121011_11915_42081;8;;715;434;434;81;353;60.70;18.66
121011_11916_42081;9;;724;370;370;97;273;51.10;26.22
121011_11917_42081;10;;364;98;98;21;77;26.92;21.43
121011_11918_42081;11;;1265;645;645;126;519;50.99;19.53
121011_11919_42081;12;;174;88;88;28;60;50.57;31.82
121011_11920_42081;13;;160;99;99;30;69;61.88;30.30
121011_29774_42081;14;;58;57;57;14;43;98.28;24.56
121012_11921_42081;1;;926;382;382;76;306;41.25;19.90
121012_11922_42081;2;;962;498;498;122;376;51.77;24.50
121012_11923_42081;3;;846;377;377;109;268;44.56;28.91
121012_11924_42081;4;;390;177;177;30;147;45.38;16.95
121012_11925_42081;5;;465;242;242;67;175;52.04;27.69
121012_11926_42081;6;;414;178;178;42;136;43.00;23.60
121012_11927_42081;7;;881;409;409;100;309;46.42;24.45
121012_11928_42081;8;;1308;630;630;127;503;48.17;20.16
121013_11929_42081;1;;2169;1090;1090;269;821;50.25;24.68
121013_11930_42081;2;;1642;780;780;170;610;47.50;21.79
121013_11931_42081;3;;978;464;464;127;337;47.44;27.37
121013_11932_42081;4;;786;374;374;68;306;47.58;18.18
121013_11933_42081;5;;493;193;193;33;160;39.15;17.10
121013_11934_42081;6;;1466;713;713;166;547;48.64;23.28
121013_11935_42081;7;;596;312;312;58;254;52.35;18.59
121013_11936_42081;8;;285;156;156;31;125;54.74;19.87
121014_11937_42081;1;;1859;1054;1054;113;941;56.70;10.72
121014_11938_42081;2;;313;188;188;29;159;60.06;15.43
121014_11939_42081;3;;676;397;397;77;320;58.73;19.40
121014_11940_42081;4;;1132;656;656;153;503;57.95;23.32
121014_11941_42081;5;;431;251;252;60;191;58.24;23.90
121014_11942_42081;6;;263;147;147;35;112;55.89;23.81
121014_11943_42081;7;;611;350;350;57;293;57.28;16.29
121014_11944_42081;8;;205;132;132;37;95;64.39;28.03
121014_11945_42081;9;;879;546;546;130;416;62.12;23.81
121014_11946_42081;10;;481;315;315;78;237;65.49;24.76
121014_11947_42081;11;;1483;971;973;171;800;65.48;17.61
121014_11948_42081;12;;461;253;253;32;221;54.88;12.65
121014_11949_42081;13;;653;382;382;73;309;58.50;19.11
121015_11950_42081;1;;1622;898;898;268;630;55.36;29.84
121015_11951_42081;2;;1384;724;724;200;524;52.31;27.62
121016_11952_42081;1;;821;433;433;64;369;52.74;14.78
121016_11953_42081;2;;2124;1037;1037;121;916;48.82;11.67
121016_11954_42081;3;;1379;672;672;85;587;48.73;12.65
121016_11955_42081;4;;2276;1100;1100;140;960;48.33;12.73
121016_11956_42081;5;;712;354;354;69;285;49.72;19.49
121016_11957_42081;6;;1677;863;863;136;727;51.46;15.76
121016_11958_42081;7;;826;417;417;105;312;50.48;25.18
121016_11959_42081;8;;1965;816;816;161;655;41.53;19.73
121016_11960_42081;9;;1603;806;806;145;661;50.28;17.99
121016_11961_42081;10;;1278;702;702;78;624;54.93;11.11
121016_11962_42081;11;;990;470;470;76;394;47.47;16.17
121016_11963_42081;12;;481;287;287;78;209;59.67;27.18
121016_11964_42081;13;;987;510;510;80;430;51.67;15.69
121016_11965_42081;14;;554;322;322;56;266;58.12;17.39
121016_11966_42081;15;;557;297;297;28;269;53.32;9.43
121101_11967_42079;1;;1208;578;581;66;512;47.85;11.42
121101_11968_42079;2;;990;456;457;109;347;46.06;23.90
121101_11969_42079;3;;1113;505;505;97;408;45.37;19.21
121101_11970_42079;4;;1002;481;481;77;404;48.00;16.01
121101_11971_42079;5;;1286;724;724;196;528;56.30;27.07
121101_11972_42079;6;;1514;813;813;84;729;53.70;10.33
121101_11973_42079;7;;1481;756;756;107;649;51.05;14.15
121101_11974_42079;8;;1209;579;579;95;484;47.89;16.41
121101_11975_42079;9;;1477;610;610;124;486;41.30;20.33
121101_11977_42079;11;;1552;864;864;98;766;55.67;11.34
121101_11978_42079;12;;1155;524;524;76;448;45.37;14.50
121101_11979_42079;13;;1233;472;472;89;383;38.28;18.86
121101_11980_42079;14;;1253;536;536;92;444;42.78;17.16
121101_11981_42079;15;;1248;622;622;104;518;49.84;16.72
121101_11982_42079;16;;1201;500;517;88;412;41.63;17.60
121101_11983_42079;17;;1205;543;543;138;405;45.06;25.41
121101_11984_42079;18;;872;418;418;54;364;47.94;12.92
121101_11985_42079;19;;1320;607;607;78;529;45.98;12.85
121101_11986_42079;20;;1308;565;565;55;510;43.20;9.73
121101_11987_42079;21;;1500;680;680;126;554;45.33;18.53
121101_29775_42079;22;;344;9;9;1;8;2.62;11.11
121102_11988_42079;1;;462;241;241;95;146;52.16;39.42
121102_11989_42079;2;;669;336;336;82;254;50.22;24.40
121102_11990_42079;3;;1322;666;666;95;571;50.38;14.26
121102_11991_42079;4;;906;476;476;105;371;52.54;22.06
121102_11992_42079;5;;1107;520;520;81;439;46.97;15.58
121102_11993_42079;6;;1517;812;812;164;648;53.53;20.20
121103_11994_42079;1;;892;379;379;72;307;42.49;19.00
121103_11995_42079;2;;954;337;337;62;275;35.32;18.40
121103_11996_42079;3;;1225;455;455;87;368;37.14;19.12
121103_11997_42079;4;;493;181;181;37;144;36.71;20.44
121103_11998_42079;5;;689;257;257;49;208;37.30;19.07
121103_11999_42079;6;;412;129;129;31;98;31.31;24.03
121103_12000_42079;7;;807;321;321;114;207;39.78;35.51
121103_12001_42079;8;;559;302;302;102;200;54.03;33.77
121103_12002_42079;9;;670;249;249;61;188;37.16;24.50
121103_12003_42079;10;;913;337;337;63;274;36.91;18.69
121103_12004_42079;11;;903;382;382;87;295;42.30;22.77
121103_12005_42079;12;;825;287;287;56;231;34.79;19.51
121103_12006_42079;13;;320;131;131;32;99;40.94;24.43
121103_12007_42079;14;;991;395;395;57;338;39.86;14.43
121103_12008_42079;15;;829;301;301;42;259;36.31;13.95
121103_12009_42079;16;;848;291;291;28;263;34.32;9.62
121103_12010_42079;17;;773;263;263;36;227;34.02;13.69
121103_12011_42079;18;;840;282;282;51;231;33.57;18.09
121103_12012_42079;19;;866;306;306;32;274;35.33;10.46
121103_12013_42079;20;;620;266;266;46;220;42.90;17.29
121103_12014_42079;21;;672;252;252;44;208;37.50;17.46
121103_12015_42079;22;;722;242;242;51;191;33.52;21.07
121103_12016_42079;23;;684;179;179;41;138;26.17;22.91
121104_12017_42079;1;;837;233;233;51;182;27.84;21.89
121104_12018_42079;2;;1057;390;390;95;295;36.90;24.36
121104_12019_42079;3;;448;181;181;40;141;40.40;22.10
121104_12020_42079;4;;1446;445;445;114;331;30.77;25.62
121104_12021_42079;5;;301;131;131;37;94;43.52;28.24
121104_12022_42079;6;;957;394;394;55;339;41.17;13.96
121104_12023_42079;7;;829;439;439;72;367;52.96;16.40
121105_12024_42079;1;;862;381;381;89;292;44.20;23.36
121105_12025_42079;2;;1962;975;975;153;822;49.69;15.69
121105_12026_42079;3;;1226;592;592;163;429;48.29;27.53
121105_12027_42079;4;;1741;723;723;180;543;41.53;24.90
121105_12028_42079;5;;806;418;418;88;330;51.86;21.05
121105_12029_42079;6;;1927;815;815;181;634;42.29;22.21
121105_12030_42079;7;;1374;609;609;132;477;44.32;21.67
121105_12031_42079;8;;1194;438;438;71;367;36.68;16.21
121105_12032_42079;9;;682;358;358;40;318;52.49;11.17
121105_12033_42079;10;;910;426;426;106;320;46.81;24.88
121105_12034_42079;11;;1139;460;460;58;402;40.39;12.61
121106_12035_42079;1;;958;563;563;99;464;58.77;17.58
121106_12036_42079;2;;1426;859;859;204;655;60.24;23.75
121106_12037_42079;3;;770;464;464;109;355;60.26;23.49
121106_12038_42079;4;;1138;562;562;119;443;49.38;21.17
121106_12039_42079;5;;219;121;121;19;102;55.25;15.70
121106_12040_42079;6;;824;467;467;111;356;56.67;23.77
121107_12041_42079;1;;506;319;319;99;220;63.04;31.03
121107_12042_42079;2;;1044;636;636;138;498;60.92;21.70
121107_12043_42079;3;;1378;880;880;157;723;63.86;17.84
121107_12044_42079;4;;847;515;515;131;384;60.80;25.44
121107_12045_42079;5;;721;395;395;100;295;54.79;25.32
121108_12046_42079;1;;1386;628;628;159;469;45.31;25.32
121108_12047_42079;2;;248;160;160;34;126;64.52;21.25
121108_12048_42079;3;;422;273;273;66;207;64.69;24.18
121108_12049_42079;4;;1231;676;676;161;515;54.91;23.82
121108_12050_42079;5;;998;490;490;120;370;49.10;24.49
121108_12051_42079;6;;1199;664;664;185;479;55.38;27.86
121108_12052_42079;7;;761;355;355;86;269;46.65;24.23
121108_12053_42079;8;;319;223;223;62;161;69.91;27.80
121108_12054_42079;9;;677;281;281;54;227;41.51;19.22
121109_12055_42079;1;;652;323;323;57;266;49.54;17.65
121109_12056_42079;2;;449;288;288;29;259;64.14;10.07
121109_12057_42079;3;;1295;674;674;168;506;52.05;24.93
121109_12058_42079;4;;1045;476;476;69;407;45.55;14.50
121109_12059_42079;5;;1919;972;972;229;743;50.65;23.56
121109_12060_42079;6;;1378;626;626;127;499;45.43;20.29
121109_12061_42079;7;;1088;354;354;49;305;32.54;13.84
121109_12062_42079;8;;1044;598;598;139;459;57.28;23.24
121109_12063_42079;9;;401;259;259;49;210;64.59;18.92
121109_12064_42079;10;;1173;563;563;81;482;48.00;14.39
121109_12065_42079;11;;878;388;388;74;314;44.19;19.07
121109_12066_42079;12;;536;146;146;31;115;27.24;21.23
121109_12067_42079;13;;733;338;338;52;286;46.11;15.38
121109_12068_42079;14;;565;215;215;20;195;38.05;9.30
121109_12069_42079;15;;413;124;124;18;106;30.02;14.52
121109_12070_42079;16;;1992;842;842;131;711;42.27;15.56
121109_12071_42079;17;;747;237;237;37;200;31.73;15.61
121109_12072_42079;18;;611;268;268;60;208;43.86;22.39
121109_12073_42079;19;;405;184;184;44;140;45.43;23.91
121109_12074_42079;20;;461;236;236;72;164;51.19;30.51
121109_12075_42079;21;;470;200;200;34;166;42.55;17.00
121110_12076_42079;1;;1643;915;915;261;654;55.69;28.52
121110_12077_42079;2;;1783;1144;1144;275;869;64.16;24.04
121110_12078_42079;3;;622;377;377;111;266;60.61;29.44
121110_12079_42079;4;;984;520;520;125;395;52.85;24.04
121110_12080_42079;5;;1306;782;782;175;607;59.88;22.38
121111_12081_42079;1;;1311;530;530;160;370;40.43;30.19
121111_12082_42079;2;;2088;889;889;253;636;42.58;28.46
121111_12083_42079;3;;342;175;175;55;120;51.17;31.43
121111_12084_42079;4;;1247;499;499;82;417;40.02;16.43
121111_12085_42079;5;;636;307;307;43;264;48.27;14.01
121111_12086_42079;6;;439;117;117;23;94;26.65;19.66
121111_12087_42079;7;;189;70;70;11;59;37.04;15.71
121111_12088_42079;8;;2150;685;685;89;596;31.86;12.99
121111_12089_42079;9;;1346;464;464;97;367;34.47;20.91
121111_12090_42079;10;;1497;521;521;98;423;34.80;18.81
121112_12091_42079;1;;862;394;394;76;318;45.71;19.29
121112_12092_42079;2;;1399;724;724;184;540;51.75;25.41
121112_12093_42079;3;;976;446;446;57;389;45.70;12.78
121112_12094_42079;4;;1303;656;656;104;552;50.35;15.85
121112_12095_42079;5;;1445;639;639;127;512;44.22;19.87
121112_12096_42079;6;;1370;678;678;103;575;49.49;15.19
121112_12097_42079;7;;1622;833;833;146;687;51.36;17.53
121112_12098_42079;8;;1650;848;848;114;734;51.39;13.44
121112_12099_42079;9;;1281;609;609;124;485;47.54;20.36
121112_12100_42079;10;;931;418;418;144;274;44.90;34.45
121112_12101_42079;11;;1185;553;553;109;444;46.67;19.71
121112_29776_42079;12;;55;15;15;3;12;27.27;20.00
121112_29777_42079;13;;44;21;21;7;14;47.73;33.33
121113_12102_42079;1;;686;361;361;71;290;52.62;19.67
121113_12103_42079;2;;668;357;357;79;278;53.44;22.13
121113_12104_42079;3;;682;372;372;95;277;54.55;25.54
121113_12105_42079;4;;677;381;381;101;280;56.28;26.51
121113_12106_42079;5;;674;368;368;79;289;54.60;21.47
121114_12107_42079;1;;937;338;338;72;266;36.07;21.30
121114_12108_42079;2;;817;343;343;63;280;41.98;18.37
121114_12109_42079;3;;393;175;175;60;115;44.53;34.29
121114_12110_42079;4;;991;412;412;83;329;41.57;20.15
121114_12111_42079;5;;553;269;269;53;216;48.64;19.70
121114_12112_42079;6;;839;393;393;100;293;46.84;25.45
121114_12113_42079;7;;1351;594;594;146;448;43.97;24.58
121114_12114_42079;8;;1335;571;571;163;408;42.77;28.55
121114_12115_42079;9;;1073;475;475;92;383;44.27;19.37
121114_29778_42079;10;;66;44;44;6;38;66.67;13.64
121201_12116_42076;1;;305;202;202;47;155;66.23;23.27
121201_12117_42076;2;;446;256;256;62;194;57.40;24.22
121201_12118_42076;3;;1137;585;585;82;503;51.45;14.02
121201_12119_42076;4;;541;311;311;47;264;57.49;15.11
121201_12120_42076;5;;826;383;383;89;294;46.37;23.24
121201_12121_42076;6;;1803;904;904;171;733;50.14;18.92
121201_12122_42076;7;;1631;855;855;134;721;52.42;15.67
121201_12123_42076;8;;613;361;361;47;314;58.89;13.02
121201_12124_42076;9;;1296;618;618;109;509;47.69;17.64
121203_12125_42076;1;;2225;1233;1233;235;998;55.42;19.06
121203_12126_42076;2;;1249;760;760;158;602;60.85;20.79
121203_12127_42076;3;;1967;1043;1043;158;885;53.02;15.15
121203_12128_42076;4;;1094;598;598;112;486;54.66;18.73
121203_30786_42076;5;;71;27;27;5;22;38.03;18.52
121204_12129_42076;1;;2393;1274;1274;244;1030;53.24;19.15
121204_12130_42076;2;;1793;902;902;188;714;50.31;20.84
121204_12131_42076;3;;1360;686;686;132;554;50.44;19.24
121204_12132_42076;4;;764;367;367;72;295;48.04;19.62
121204_12133_42076;5;;990;533;533;131;402;53.84;24.58
121204_12134_42076;6;;1323;740;740;159;581;55.93;21.49
121204_12135_42076;7;;261;172;172;27;145;65.90;15.70
121204_12136_42076;8;;1345;715;715;94;621;53.16;13.15
121204_12137_42076;9;;451;299;299;32;267;66.30;10.70
121204_12138_42076;10;;445;291;291;51;240;65.39;17.53
121204_12139_42076;11;;839;492;492;70;422;58.64;14.23
121204_12140_42076;12;;244;154;154;28;126;63.11;18.18
121204_12141_42076;13;;287;144;144;32;112;50.17;22.22
121204_30775_42076;14;;84;15;15;3;12;17.86;20.00
121205_12142_42076;1;;896;429;429;62;367;47.88;14.45
121205_12143_42076;2;;1525;804;804;91;713;52.72;11.32
121205_12144_42076;3;;2002;841;841;153;688;42.01;18.19
121205_12145_42076;4;;1041;534;534;84;450;51.30;15.73
121205_12146_42076;5;;1502;827;827;72;755;55.06;8.71
121205_12147_42076;6;;1483;802;802;197;605;54.08;24.56
121205_12148_42076;7;;2151;1257;1257;185;1072;58.44;14.72
121205_12149_42076;8;;1980;942;942;163;779;47.58;17.30
121205_12150_42076;9;;1840;843;850;141;702;45.82;16.73
121205_12151_42076;10;;1648;743;743;109;634;45.08;14.67
121205_12152_42076;11;;1865;841;841;86;755;45.09;10.23
121205_12153_42076;12;;1901;918;918;131;787;48.29;14.27
121205_12154_42076;13;;1873;894;894;145;749;47.73;16.22
121205_12155_42076;14;;1663;785;785;130;655;47.20;16.56
121205_12156_42076;15;;1549;732;732;82;650;47.26;11.20
121205_12157_42076;16;;2305;1071;1071;209;862;46.46;19.51
121205_12158_42076;17;;2264;1047;1047;142;905;46.25;13.56
121205_12159_42076;18;;776;463;463;58;405;59.66;12.53
121205_12160_42076;19;;661;404;404;81;323;61.12;20.05
121205_12161_42076;20;;392;211;211;40;171;53.83;18.96
121205_12162_42076;21;;452;263;263;74;189;58.19;28.14
121205_12163_42076;22;;795;466;466;58;408;58.62;12.45
121205_12164_42076;23;;955;552;552;84;468;57.80;15.22
121205_12165_42076;24;;1418;751;751;107;644;52.96;14.25
121205_12166_42076;25;;584;336;336;67;269;57.53;19.94
121205_12167_42076;26;;825;505;505;101;404;61.21;20.00
121205_12168_42076;27;;905;513;513;61;452;56.69;11.89
121205_12169_42076;28;;1114;598;598;111;487;53.68;18.56
121205_12170_42076;29;;463;253;253;51;202;54.64;20.16
121205_12171_42076;30;;1153;678;678;157;521;58.80;23.16
121205_12172_42076;31;;511;307;307;53;254;60.08;17.26
121205_30787_42076;32;;92;40;40;8;32;43.48;20.00
121205_30788_42076;33;;140;18;18;2;16;12.86;11.11
121205_30789_42076;34;;53;5;5;1;4;9.43;20.00
121206_12173_42076;1;;2264;1078;1078;190;888;47.61;17.63
121206_12174_42076;2;;1049;542;542;116;426;51.67;21.40
121206_12175_42076;3;;767;331;331;70;261;43.16;21.15
121206_12176_42076;4;;1627;780;780;196;584;47.94;25.13
121207_12177_42076;1;;729;445;445;48;397;61.04;10.79
121207_12178_42076;2;;568;352;352;57;295;61.97;16.19
121207_12179_42076;3;;964;592;592;89;503;61.41;15.03
121207_12180_42076;4;;808;472;472;72;400;58.42;15.25
121207_12181_42076;5;;1043;590;590;103;487;56.57;17.46
121207_12182_42076;6;;962;465;465;41;424;48.34;8.82
121207_12183_42076;7;;751;437;438;49;388;58.19;11.21
121207_12184_42076;8;;1284;781;781;87;694;60.83;11.14
121207_12185_42076;9;;568;356;357;38;318;62.68;10.67
121207_12186_42076;10;;992;468;468;141;327;47.18;30.13
121207_12187_42076;11;;607;343;343;65;278;56.51;18.95
121207_12188_42076;12;;1271;599;599;110;489;47.13;18.36
121207_12189_42076;13;;1141;561;561;94;467;49.17;16.76
121207_12190_42076;14;;1629;965;965;106;859;59.24;10.98
121207_12191_42076;15;;1080;583;583;117;466;53.98;20.07
121207_12192_42076;16;;954;624;624;81;543;65.41;12.98
121207_12193_42076;17;;939;582;582;81;501;61.98;13.92
121207_12194_42076;18;;808;489;489;80;409;60.52;16.36
121207_12195_42076;19;;933;561;561;64;497;60.13;11.41
121207_12196_42076;20;;960;572;572;88;484;59.58;15.38
121301_12197_42076;1;;1428;524;524;82;442;36.69;15.65
121301_12198_42076;2;;1707;798;798;130;668;46.75;16.29
121301_12199_42076;3;;1908;816;816;174;642;42.77;21.32
121301_12200_42076;4;;849;368;368;47;321;43.35;12.77
121301_12201_42076;5;;573;230;230;31;199;40.14;13.48
121301_12202_42076;6;;1161;491;491;104;387;42.29;21.18
121301_12203_42076;7;;1466;604;604;87;517;41.20;14.40
121301_12204_42076;8;;1846;893;893;92;801;48.37;10.30
121301_12205_42076;9;;985;389;389;57;332;39.49;14.65
121301_12206_42076;10;;799;455;455;79;376;56.95;17.36
121301_12207_42076;11;;1588;678;678;99;579;42.70;14.60
121301_12208_42076;12;;602;325;325;54;271;53.99;16.62
121301_12209_42076;13;;1268;646;646;97;549;50.95;15.02
121301_12210_42076;14;;1752;880;880;117;763;50.23;13.30
121301_12211_42076;15;;1165;568;568;116;452;48.76;20.42
121301_12212_42076;16;;1460;573;573;95;478;39.25;16.58
121301_12213_42076;17;;1586;804;804;111;693;50.69;13.81
121301_12214_42076;18;;1365;614;614;118;496;44.98;19.22
121301_12215_42076;19;;1942;920;920;100;820;47.37;10.87
121301_12216_42076;20;;1704;689;689;102;587;40.43;14.80
121301_12217_42076;21;;715;279;279;31;248;39.02;11.11
121301_12218_42076;22;;1250;504;504;82;422;40.32;16.27
121301_12219_42076;23;;1464;712;712;100;612;48.63;14.04
121301_12220_42076;24;;1829;908;908;125;783;49.64;13.77
121301_29779_42076;25;;181;51;51;9;42;28.18;17.65
121301_29780_42076;26;;44;35;35;0;35;79.55;0.00
121302_12221_42076;1;;1920;754;754;133;621;39.27;17.64
121302_12222_42076;2;;1520;612;613;115;497;40.26;18.79
121302_12223_42076;3;;1384;748;748;94;654;54.05;12.57
121302_12224_42076;4;;1988;1090;1090;177;913;54.83;16.24
121302_12225_42076;5;;1883;809;809;152;657;42.96;18.79
121302_12226_42076;6;;775;379;379;96;283;48.90;25.33
121302_12227_42076;7;;2049;913;913;179;734;44.56;19.61
121302_12228_42076;8;;1628;827;827;146;681;50.80;17.65
121302_12229_42076;9;;1787;966;966;150;816;54.06;15.53
121302_12230_42076;10;;909;458;458;95;363;50.39;20.74
121302_12231_42076;11;;1038;565;565;97;468;54.43;17.17
121302_12232_42076;12;;638;291;291;88;203;45.61;30.24
121303_12233_42076;1;;673;350;350;65;285;52.01;18.57
121303_12234_42076;2;;1323;550;550;119;431;41.57;21.64
121303_12235_42076;3;;1412;718;718;126;592;50.85;17.55
121303_12236_42076;4;;1316;590;590;146;444;44.83;24.75
121303_12237_42076;5;;1349;768;768;108;660;56.93;14.06
121303_12238_42076;6;;1382;686;686;111;575;49.64;16.18
121303_12239_42076;7;;1515;781;781;137;644;51.55;17.54
121303_12240_42076;8;;1525;878;878;158;720;57.57;18.00
121303_30790_42076;9;;44;23;23;2;21;52.27;8.70
121304_12241_42076;1;;1703;888;888;195;693;52.14;21.96
121304_12242_42076;2;;1813;885;885;180;705;48.81;20.34
121304_12243_42076;3;;1139;547;547;101;446;48.02;18.46
121304_12244_42076;4;;1344;651;651;200;451;48.44;30.72
121304_12245_42076;5;;1175;590;590;101;489;50.21;17.12
121304_12246_42076;6;;1241;766;766;125;641;61.72;16.32
121304_12247_42076;7;;1301;639;639;136;503;49.12;21.28
121304_12248_42076;8;;1287;770;770;124;646;59.83;16.10
121304_12249_42076;9;;1197;743;743;135;608;62.07;18.17
121304_12250_42076;10;;1050;549;549;94;455;52.29;17.12
121304_12251_42076;11;;2147;1122;1122;186;936;52.26;16.58
121304_12252_42076;12;;1526;689;689;186;503;45.15;27.00
121304_12253_42076;13;;1329;608;608;138;470;45.75;22.70
121304_12254_42076;14;;1222;717;717;143;574;58.67;19.94
121304_12255_42076;15;;1299;639;639;123;516;49.19;19.25
121304_12256_42076;16;;1057;549;549;121;428;51.94;22.04
121304_12257_42076;17;;1082;631;631;150;481;58.32;23.77
121304_12258_42076;18;;1315;676;676;128;548;51.41;18.93
121304_12259_42076;19;;1317;665;665;109;556;50.49;16.39
121304_12260_42076;20;;1785;862;862;204;658;48.29;23.67
121304_29781_42076;21;;38;36;36;1;35;94.74;2.78
121305_12261_42076;1;;2087;1046;1046;217;829;50.12;20.75
121305_12262_42076;2;;1686;898;898;190;708;53.26;21.16
121305_12263_42076;3;;1632;935;937;181;754;57.29;19.36
121305_12264_42076;4;;1083;567;567;161;406;52.35;28.40
121306_12265_42076;1;;1513;717;717;93;624;47.39;12.97
121306_12266_42076;2;;487;278;278;44;234;57.08;15.83
121306_12267_42076;3;;767;418;418;54;364;54.50;12.92
121306_12268_42076;4;;1938;993;993;135;858;51.24;13.60
121306_12269_42076;5;;551;317;317;72;245;57.53;22.71
121306_12270_42076;6;;1699;905;905;140;765;53.27;15.47
121306_12271_42076;7;;1254;610;610;77;533;48.64;12.62
121306_12272_42076;8;;1261;691;691;105;586;54.80;15.20
121306_12273_42076;9;;273;174;174;33;141;63.74;18.97
121306_12274_42076;10;;1327;735;735;61;674;55.39;8.30
121306_12275_42076;11;;972;460;460;159;301;47.33;34.57
121306_12276_42076;12;;306;184;184;36;148;60.13;19.57
121306_12277_42076;13;;249;164;164;29;135;65.86;17.68
121306_12278_42076;14;;1016;455;455;106;349;44.78;23.30
121306_12279_42076;15;;1007;603;603;92;511;59.88;15.26
121306_29782_42076;16;;22;8;8;1;7;36.36;12.50
121307_12280_42076;1;;1588;1003;1003;159;844;63.16;15.85
121307_12281_42076;2;;886;595;595;111;484;67.16;18.66
121307_12282_42076;3;;955;659;659;94;565;69.01;14.26
121308_12283_42076;1;;2369;1277;1277;223;1054;53.90;17.46
121308_12284_42076;2;;1310;700;700;194;506;53.44;27.71
121308_12285_42076;3;;1808;1054;1054;270;784;58.30;25.62
121309_12286_42076;1;;1382;731;731;153;578;52.89;20.93
121309_12287_42076;2;;366;225;225;56;169;61.48;24.89
121309_12288_42076;3;;600;328;328;53;275;54.67;16.16
121309_12289_42076;4;;755;446;446;109;337;59.07;24.44
121309_12290_42076;5;;1166;680;680;169;511;58.32;24.85
121309_12291_42076;6;;635;299;299;72;227;47.09;24.08
121309_12292_42076;7;;414;180;180;55;125;43.48;30.56
121309_12293_42076;8;;388;213;213;45;168;54.90;21.13
121309_12294_42076;9;;533;334;334;103;231;62.66;30.84
121309_12295_42076;10;;1216;703;703;131;572;57.81;18.63
121309_29783_42076;11;;59;22;22;5;17;37.29;22.73
121401_12296_42077;1;;780;301;301;54;247;38.59;17.94
121401_12297_42077;2;;796;382;382;84;298;47.99;21.99
121401_12298_42077;3;;564;205;205;57;148;36.35;27.80
121401_12299_42077;4;;1003;383;383;91;292;38.19;23.76
121401_12300_42077;5;;986;481;481;82;399;48.78;17.05
121401_12301_42077;6;;938;414;414;80;334;44.14;19.32
121401_12302_42077;7;;388;181;181;46;135;46.65;25.41
121401_12303_42077;8;;615;315;315;57;258;51.22;18.10
121401_12304_42077;9;;862;491;491;110;381;56.96;22.40
121401_29784_42077;10;;71;53;53;4;49;74.65;7.55
121402_12305_42077;1;;1740;895;895;187;708;51.44;20.89
121402_12306_42077;2;;1798;950;950;250;700;52.84;26.32
121402_12307_42077;3;;1176;618;618;182;436;52.55;29.45
121403_12308_42077;1;;1390;880;880;141;739;63.31;16.02
121403_12309_42077;2;;615;319;319;41;278;51.87;12.85
121403_12310_42077;3;;1207;694;694;135;559;57.50;19.45
121403_12311_42077;4;;857;465;465;96;369;54.26;20.65
121403_12312_42077;5;;662;357;357;84;273;53.93;23.53
121404_12313_42077;1;;1011;658;658;131;527;65.08;19.91
121404_12314_42077;2;;687;459;459;91;368;66.81;19.83
121404_12315_42077;3;;493;292;292;87;205;59.23;29.79
121404_12316_42077;4;;338;203;203;34;169;60.06;16.75
121404_12317_42077;5;;374;227;227;62;165;60.70;27.31
121405_12318_42077;1;;934;586;586;62;524;62.74;10.58
121405_12319_42077;2;;1591;902;902;111;791;56.69;12.31
121405_12320_42077;3;;1331;675;675;112;563;50.71;16.59
121405_12321_42077;4;;1208;696;696;102;594;57.62;14.66
121405_12322_42077;5;;1150;638;638;106;532;55.48;16.61
121405_12323_42077;6;;930;438;438;59;379;47.10;13.47
121405_12324_42077;7;;1082;494;494;69;425;45.66;13.97
121405_12325_42077;8;;808;397;397;48;349;49.13;12.09
121405_12326_42077;9;;1175;513;513;56;457;43.66;10.92
121405_12327_42077;10;;882;420;420;73;347;47.62;17.38
121405_12328_42077;11;;683;377;377;71;306;55.20;18.83
121405_12329_42077;12;;727;456;456;62;394;62.72;13.60
121405_12330_42077;13;;807;410;410;63;347;50.81;15.37
121405_29785_42077;14;;118;36;36;6;30;30.51;16.67
121406_12331_42077;1;;1122;661;661;168;493;58.91;25.42
121406_12332_42077;2;;793;489;489;117;372;61.66;23.93
121406_12333_42077;3;;492;311;311;63;248;63.21;20.26
121406_12334_42077;4;;384;259;261;64;195;67.45;24.71
121501_12335_42079;1;;1570;921;921;261;660;58.66;28.34
121501_12336_42079;2;;1361;835;835;200;635;61.35;23.95
121501_12337_42079;3;;1338;818;818;187;631;61.14;22.86
121502_12338_42079;1;;2082;1150;1150;226;924;55.24;19.65
121502_12339_42079;2;;894;488;488;102;386;54.59;20.90
121502_12340_42079;3;;1053;595;595;138;457;56.51;23.19
121502_12341_42079;4;;932;501;501;110;391;53.76;21.96
121502_12342_42079;5;;1658;926;926;152;774;55.85;16.41
121502_12343_42079;6;;1060;644;644;157;487;60.75;24.38
121502_29786_42079;7;;186;30;30;3;27;16.13;10.00
121503_12344_42079;1;;1668;786;786;161;625;47.12;20.48
121503_12345_42079;2;;2107;872;872;193;679;41.39;22.13
121503_12346_42079;3;;810;492;492;68;424;60.74;13.82
121503_12347_42079;4;;693;334;334;68;266;48.20;20.36
121503_12348_42079;5;;970;350;350;59;291;36.08;16.86
121503_12349_42079;6;;417;231;231;66;165;55.40;28.57
121504_12350_42079;1;;1415;692;692;183;509;48.90;26.45
121504_12351_42079;2;;1052;473;473;149;324;44.96;31.50
121504_12352_42079;3;;1381;758;758;219;539;54.89;28.89
121504_12353_42079;4;;1304;754;754;228;526;57.82;30.24
121505_12354_42079;1;;2104;1049;1049;204;845;49.86;19.45
121505_12355_42079;2;;1566;791;791;170;621;50.51;21.49
121505_12356_42079;3;;1184;646;646;157;489;54.56;24.30
121505_12357_42079;4;;1228;701;701;201;500;57.08;28.67
121505_12358_42079;5;;1669;853;853;206;647;51.11;24.15
121505_12359_42079;6;;665;270;270;47;223;40.60;17.41
121505_29787_42079;7;;41;29;29;4;25;70.73;13.79
121506_12360_42079;1;;1029;517;517;117;400;50.24;22.63
121506_12361_42079;2;;1917;954;954;190;764;49.77;19.92
121506_12362_42079;3;;1844;886;886;219;667;48.05;24.72
121506_12363_42079;4;;2067;908;908;195;713;43.93;21.48
121506_12364_42079;5;;1873;933;933;200;733;49.81;21.44
121506_12365_42079;6;;1973;954;954;231;723;48.35;24.21
121506_12366_42079;7;;552;358;358;93;265;64.86;25.98
121506_12367_42079;8;;548;242;242;52;190;44.16;21.49
121506_12368_42079;9;;1029;517;517;128;389;50.24;24.76
121506_29788_42079;10;;137;43;43;8;35;31.39;18.60
121506_29789_42079;11;;93;14;14;6;8;15.05;42.86
121506_29790_42079;12;;52;32;32;2;30;61.54;6.25
121507_12369_42079;1;;1341;783;783;269;514;58.39;34.36
121507_12370_42079;2;;705;425;425;104;321;60.28;24.47
121507_12371_42079;3;;598;323;323;70;253;54.01;21.67
121507_12372_42079;4;;2080;1164;1164;320;844;55.96;27.49
121507_12373_42079;5;;2200;1327;1327;263;1064;60.32;19.82
121507_12374_42079;6;;1691;925;925;223;702;54.70;24.11
121507_12375_42079;7;;484;265;265;76;189;54.75;28.68
121507_12376_42079;8;;502;276;276;46;230;54.98;16.67
121508_12377_42079;1;;1683;820;820;168;652;48.72;20.49
121508_12378_42079;2;;345;192;192;77;115;55.65;40.10
121508_12379_42079;3;;247;141;141;44;97;57.09;31.21
121508_12380_42079;4;;977;589;589;152;437;60.29;25.81
121508_12381_42079;5;;1681;972;972;238;734;57.82;24.49
121508_12382_42079;6;;440;257;258;51;206;58.41;19.84
121508_12383_42079;7;;709;416;416;107;309;58.67;25.72
121508_12384_42079;8;;1111;692;692;243;449;62.29;35.12
121509_12385_42079;1;;542;346;346;72;274;63.84;20.81
121509_12386_42079;2;;1803;1188;1188;361;827;65.89;30.39
121509_12387_42079;3;;1191;806;806;246;560;67.67;30.52
121509_12388_42079;4;;679;448;448;74;374;65.98;16.52
121509_12389_42079;5;;291;166;166;32;134;57.04;19.28
121601_12390_42080;1;;2169;1117;1117;210;907;51.50;18.80
121601_12391_42080;2;;1614;750;750;191;559;46.47;25.47
121601_12392_42080;3;;2012;1119;1119;202;917;55.62;18.05
121601_12393_42080;4;;1812;1009;1009;235;774;55.68;23.29
121601_12394_42080;5;;1345;655;655;173;482;48.70;26.41
121602_12395_42080;1;;773;381;381;87;294;49.29;22.83
121602_12396_42080;2;;1019;545;545;96;449;53.48;17.61
121602_12397_42080;3;;327;208;208;50;158;63.61;24.04
121602_12398_42080;4;;1265;747;747;139;608;59.05;18.61
121602_12399_42080;5;;1438;831;831;154;677;57.79;18.53
121602_12400_42080;6;;553;298;298;73;225;53.89;24.50
121602_12401_42080;7;;1485;694;694;169;525;46.73;24.35
121603_12402_42080;1;;1677;984;984;211;773;58.68;21.44
121603_12403_42080;2;;699;344;344;58;286;49.21;16.86
121603_12404_42080;3;;939;483;483;91;392;51.44;18.84
121603_12405_42080;4;;1522;754;754;158;596;49.54;20.95
121603_12406_42080;5;;752;442;442;86;356;58.78;19.46
121603_12407_42080;6;;1424;757;757;116;641;53.16;15.32
121603_12408_42080;7;;929;570;570;114;456;61.36;20.00
121603_12409_42080;8;;591;319;319;45;274;53.98;14.11
121603_12410_42080;9;;964;460;460;90;370;47.72;19.57
121603_12411_42080;10;;455;231;231;45;186;50.77;19.48
121603_12412_42080;11;;673;363;363;86;277;53.94;23.69
121603_12413_42080;12;;849;556;556;102;454;65.49;18.35
121604_12414_42080;1;;434;201;201;48;153;46.31;23.88
121604_12415_42080;2;;947;488;488;111;377;51.53;22.75
121604_12416_42080;3;;915;467;467;76;391;51.04;16.27
121604_12417_42080;4;;288;144;144;24;120;50.00;16.67
121604_12418_42080;5;;934;561;561;88;473;60.06;15.69
121604_12419_42080;6;;1086;625;625;62;563;57.55;9.92
121604_12420_42080;7;;899;491;491;73;418;54.62;14.87
121604_12421_42080;8;;1407;752;752;147;605;53.45;19.55
121604_12422_42080;9;;520;278;278;75;203;53.46;26.98
121604_12423_42080;10;;1209;533;533;105;428;44.09;19.70
121604_12424_42080;11;;793;360;361;66;294;45.40;18.33
121605_12425_42080;1;;2291;1199;1199;258;941;52.34;21.52
121605_12426_42080;2;;701;353;353;67;286;50.36;18.98
121605_12427_42080;3;;878;372;372;82;290;42.37;22.04
121605_12428_42080;4;;811;495;495;133;362;61.04;26.87
121605_12429_42080;5;;999;477;477;96;381;47.75;20.13
121605_12430_42080;6;;1290;676;676;171;505;52.40;25.30
121605_12431_42080;7;;1019;501;501;109;392;49.17;21.76
121605_29791_42080;8;;29;24;24;3;21;82.76;12.50
121606_12432_42080;1;;1188;705;705;139;566;59.34;19.72
121606_12433_42080;2;;1088;624;624;159;465;57.35;25.48
121606_12434_42080;3;;753;378;378;103;275;50.20;27.25
121606_12435_42080;4;;662;358;358;107;251;54.08;29.89
121606_12436_42080;5;;787;429;429;100;329;54.51;23.31
121606_12437_42080;6;;673;398;398;123;275;59.14;30.90
121606_12438_42080;7;;1226;763;763;205;558;62.23;26.87
121606_12439_42080;8;;1276;732;732;192;540;57.37;26.23
121606_12440_42080;9;;1524;816;816;211;605;53.54;25.86
121607_12441_42080;1;;1726;1073;1073;210;863;62.17;19.57
121607_12442_42080;2;;973;532;532;106;426;54.68;19.92
121607_12443_42080;3;;1000;541;541;115;426;54.10;21.26
121607_12444_42080;4;;517;303;303;71;232;58.61;23.43
121607_12445_42080;5;;941;577;577;130;447;61.32;22.53
121607_12446_42080;6;;205;147;147;41;106;71.71;27.89
121608_12447_42080;1;;1535;806;806;202;604;52.51;25.06
121608_12448_42080;2;;1499;834;834;203;631;55.64;24.34
121608_12449_42080;3;;1315;780;780;141;639;59.32;18.08
121608_12450_42080;4;;1003;530;531;131;399;52.84;24.72
121608_12451_42080;5;;766;394;394;97;297;51.44;24.62
121608_12452_42080;6;;1245;637;637;169;468;51.16;26.53
121608_12453_42080;7;;1143;589;589;151;438;51.53;25.64
121608_12454_42080;8;;1248;631;633;237;394;50.56;37.56
121608_12455_42080;9;;1217;568;568;129;439;46.67;22.71
121609_12456_42080;1;;623;326;326;62;264;52.33;19.02
121609_12457_42080;2;;400;220;220;54;166;55.00;24.55
121609_12458_42080;3;;1083;549;549;88;461;50.69;16.03
121609_12459_42080;4;;1055;444;444;100;344;42.09;22.52
121609_12460_42080;5;;1143;469;469;114;355;41.03;24.31
121609_12461_42080;6;;948;475;475;146;329;50.11;30.74
121609_12462_42080;7;;559;275;275;91;184;49.19;33.09
121609_12463_42080;8;;604;279;279;50;229;46.19;17.92
121609_12464_42080;9;;551;273;273;38;235;49.55;13.92
121609_12465_42080;10;;1062;547;547;82;465;51.51;14.99
121609_12466_42080;11;;771;365;365;89;276;47.34;24.38
121609_12467_42080;12;;933;412;412;56;356;44.16;13.59
121609_12468_42080;13;;1307;611;611;111;500;46.75;18.17
121609_12469_42080;14;;1052;428;428;109;319;40.68;25.47
121609_12470_42080;15;;494;215;215;32;183;43.52;14.88
121609_12471_42080;16;;948;399;399;51;348;42.09;12.78
121609_12472_42080;17;;855;468;468;69;399;54.74;14.74
121609_12473_42080;18;;1059;572;572;81;491;54.01;14.16
121609_12474_42080;19;;1073;531;531;82;449;49.49;15.44
121609_12475_42080;20;;1287;618;625;99;519;48.02;16.02
121609_12476_42080;21;;979;465;466;118;347;47.50;25.38
121609_12477_42080;22;;447;176;176;54;122;39.37;30.68
121609_12478_42080;23;;552;300;300;50;250;54.35;16.67
121609_29792_42080;24;;37;37;37;3;34;100.00;8.11
121610_12479_42080;1;;538;279;279;66;213;51.86;23.66
121610_12480_42080;2;;1040;544;544;135;409;52.31;24.82
121610_12481_42080;3;;652;389;389;54;335;59.66;13.88
121610_12482_42080;4;;1087;609;609;126;483;56.03;20.69
121610_12483_42080;5;;678;350;350;67;283;51.62;19.14
121610_12484_42080;6;;644;362;362;83;279;56.21;22.93
121610_12485_42080;7;;758;345;345;81;264;45.51;23.48
121610_12486_42080;8;;1819;902;902;174;728;49.59;19.29
121610_12487_42080;9;;346;129;129;37;92;37.28;28.68
121610_12488_42080;10;;655;358;358;90;268;54.66;25.14
121610_12489_42080;11;;424;197;197;45;152;46.46;22.84
121610_12490_42080;12;;365;155;155;28;127;42.47;18.06
121610_12491_42080;13;;1945;1132;1132;165;967;58.20;14.58
121610_12492_42080;14;;1189;683;683;88;595;57.44;12.88
121610_12493_42080;15;;2179;1250;1250;211;1039;57.37;16.88
121610_29793_42080;16;;41;5;5;0;5;12.20;0.00
121611_12494_42080;1;;698;403;403;65;338;57.74;16.13
121611_12495_42080;2;;997;581;581;100;481;58.27;17.21
121611_12496_42080;3;;1160;650;650;141;509;56.03;21.69
121611_12497_42080;4;;1035;613;613;161;452;59.23;26.26
121611_12498_42080;5;;1296;677;677;133;544;52.24;19.65
121611_12499_42080;6;;767;449;449;96;353;58.54;21.38
121611_12500_42080;7;;1338;727;727;177;550;54.33;24.35
121611_12501_42080;8;;1321;762;762;174;588;57.68;22.83
121612_12502_42080;1;;783;385;385;88;297;49.17;22.86
121612_12503_42080;2;;401;219;219;41;178;54.61;18.72
121612_12504_42080;3;;1759;791;791;258;533;44.97;32.62
121612_12505_42080;4;;393;222;222;39;183;56.49;17.57
121612_29794_42080;5;;64;44;44;15;29;68.75;34.09
121613_12506_42080;1;;1369;774;774;111;663;56.54;14.34
121613_12507_42080;2;;829;442;442;62;380;53.32;14.03
121613_12508_42080;3;;891;499;499;96;403;56.00;19.24
121613_12509_42080;4;;1523;784;784;146;638;51.48;18.62
121613_12510_42080;5;;690;387;387;62;325;56.09;16.02
121613_12511_42080;6;;951;414;414;135;279;43.53;32.61
121613_12512_42080;7;;1020;605;605;142;463;59.31;23.47
121613_12513_42080;8;;1050;517;517;182;335;49.24;35.20
121613_12514_42080;9;;1138;493;493;76;417;43.32;15.42
121613_12515_42080;10;;672;309;309;58;251;45.98;18.77
121613_12516_42080;11;;457;213;213;45;168;46.61;21.13
121614_12517_42080;1;;1849;1077;1077;242;835;58.25;22.47
121614_12518_42080;2;;2004;1104;1104;200;904;55.09;18.12
121614_12519_42080;3;;1314;684;684;182;502;52.05;26.61
121614_12520_42080;4;;741;348;348;77;271;46.96;22.13
121614_12521_42080;5;;1150;719;719;152;567;62.52;21.14
121614_12522_42080;6;;555;307;307;83;224;55.32;27.04
121614_12523_42080;7;;760;370;370;87;283;48.68;23.51
121614_12524_42080;8;;544;264;264;68;196;48.53;25.76
121614_12525_42080;9;;710;397;397;83;314;55.92;20.91
121614_29795_42080;10;;55;50;50;5;45;90.91;10.00
121614_29796_42080;11;;53;30;30;9;21;56.60;30.00
121615_12526_42080;1;;1809;790;790;194;596;43.67;24.56
121615_12527_42080;2;;1882;788;788;135;653;41.87;17.13
121615_12528_42080;3;;1007;452;452;84;368;44.89;18.58
121615_12529_42080;4;;2178;780;780;134;646;35.81;17.18
121615_12530_42080;5;;2136;757;757;152;605;35.44;20.08
121615_12531_42080;6;;1092;498;498;103;395;45.60;20.68
121615_12532_42080;7;;1745;624;624;146;478;35.76;23.40
121615_12533_42080;8;;1312;423;423;57;366;32.24;13.48
121615_12534_42080;9;;1542;589;589;86;503;38.20;14.60
121615_12535_42080;10;;632;229;229;26;203;36.23;11.35
121615_29797_42080;11;;29;27;27;2;25;93.10;7.41
121616_12536_42080;1;;1850;1028;1028;244;784;55.57;23.74
121616_12537_42080;2;;1885;1028;1028;236;792;54.54;22.96
121616_12538_42080;3;;1391;643;643;146;497;46.23;22.71
121616_12539_42080;4;;827;481;481;107;374;58.16;22.25
121616_12540_42080;5;;478;223;223;84;139;46.65;37.67
121701_12541_42079;1;;1297;673;673;75;598;51.89;11.14
121701_12542_42079;2;;1131;617;617;70;547;54.55;11.35
121701_12543_42079;3;;1058;582;582;78;504;55.01;13.40
121701_12544_42079;4;;1157;611;611;66;545;52.81;10.80
121701_12545_42079;5;;1117;538;538;111;427;48.16;20.63
121701_12546_42079;6;;951;455;455;65;390;47.84;14.29
121701_12547_42079;7;;1767;907;907;126;781;51.33;13.89
121701_12548_42079;8;;1379;694;694;104;590;50.33;14.99
121701_12549_42079;9;;1273;682;682;104;578;53.57;15.25
121701_12550_42079;10;;1057;580;580;109;471;54.87;18.79
121701_12551_42079;11;;847;423;423;82;341;49.94;19.39
121701_12552_42079;12;;1351;764;764;125;639;56.55;16.36
121701_12553_42079;13;;1476;799;799;133;666;54.13;16.65
121701_12554_42079;14;;1013;508;508;82;426;50.15;16.14
121701_12555_42079;15;;1139;568;568;77;491;49.87;13.56
121701_12556_42079;16;;869;458;458;55;403;52.70;12.01
121701_12557_42079;17;;925;484;484;56;428;52.32;11.57
121701_12558_42079;18;;967;450;450;63;387;46.54;14.00
121701_12559_42079;19;;1364;612;612;99;513;44.87;16.18
121701_29798_42079;20;;63;20;20;3;17;31.75;15.00
121701_29799_42079;21;;102;29;29;5;24;28.43;17.24
121701_29800_42079;22;;66;36;36;6;30;54.55;16.67
121702_12560_42079;1;;775;367;367;93;274;47.35;25.34
121702_12561_42079;2;;1128;538;540;116;422;47.70;21.56
121702_12562_42079;3;;714;367;367;89;278;51.40;24.25
121702_12563_42079;4;;1112;585;585;91;494;52.61;15.56
121702_12564_42079;5;;425;198;198;38;160;46.59;19.19
121702_12565_42079;6;;638;329;329;62;267;51.57;18.84
121702_12566_42079;7;;320;141;141;33;108;44.06;23.40
121702_12567_42079;8;;449;184;184;32;152;40.98;17.39
121703_12568_42079;1;;1433;845;845;155;690;58.97;18.34
121703_12569_42079;2;;938;513;513;86;427;54.69;16.76
121703_12570_42079;3;;1775;844;844;154;690;47.55;18.25
121703_12571_42079;4;;593;239;239;27;212;40.30;11.30
121703_12572_42079;5;;745;290;290;54;236;38.93;18.62
121703_12573_42079;6;;569;192;192;43;149;33.74;22.40
121703_12574_42079;7;;1490;514;514;98;416;34.50;19.07
121703_12575_42079;8;;732;415;415;76;339;56.69;18.31
121703_12576_42079;9;;1318;450;450;55;395;34.14;12.22
121703_12577_42079;10;;579;249;249;56;193;43.01;22.49
121704_12578_42079;1;;1721;940;940;180;760;54.62;19.15
121704_12579_42079;2;;1783;759;759;219;540;42.57;28.85
121704_12580_42079;3;;1786;680;680;118;562;38.07;17.35
121704_12581_42079;4;;1406;579;579;57;522;41.18;9.84
121705_12582_42079;1;;1645;824;824;160;664;50.09;19.42
121705_12583_42079;2;;1170;550;550;134;416;47.01;24.36
121705_12584_42079;3;;373;242;242;46;196;64.88;19.01
121705_12585_42079;4;;1080;525;525;99;426;48.61;18.86
121705_12586_42079;5;;983;446;446;78;368;45.37;17.49
121705_12587_42079;6;;1934;856;856;213;643;44.26;24.88
121705_12588_42079;7;;1037;393;393;68;325;37.90;17.30
121705_12589_42079;8;;471;200;200;31;169;42.46;15.50
121801_12590_42079;1;;1863;930;930;144;786;49.92;15.48
121801_12591_42079;2;;1798;912;912;136;776;50.72;14.91
121801_12592_42079;3;;1821;996;996;139;857;54.70;13.96
121801_12593_42079;4;;1766;912;912;146;766;51.64;16.01
121801_12594_42079;5;;1765;867;867;129;738;49.12;14.88
121801_12595_42079;6;;1784;680;680;127;553;38.12;18.68
121801_12596_42079;7;;1657;767;767;77;690;46.29;10.04
121801_12597_42079;8;;1599;737;737;103;634;46.09;13.98
121801_12598_42079;9;;1465;659;659;125;534;44.98;18.97
121801_12599_42079;10;;1569;731;731;116;615;46.59;15.87
121801_12600_42079;11;;1609;847;847;243;604;52.64;28.69
121801_12601_42079;12;;1499;814;814;134;680;54.30;16.46
121801_12602_42079;13;;1885;918;918;131;787;48.70;14.27
121801_12603_42079;14;;1686;946;946;109;837;56.11;11.52
121801_12604_42079;15;;1739;790;790;117;673;45.43;14.81
121801_12605_42079;16;;1360;632;632;115;517;46.47;18.20
121801_12606_42079;17;;1109;511;511;79;432;46.08;15.46
121801_12607_42079;18;;1207;503;503;129;374;41.67;25.65
121801_12608_42079;19;;1261;512;512;136;376;40.60;26.56
121801_12609_42079;20;;1790;916;916;307;609;51.17;33.52
121801_12610_42079;21;;1318;644;645;92;552;48.86;14.29
121801_12611_42079;22;;1317;613;613;89;524;46.55;14.52
121801_29801_42079;23;;194;16;16;2;14;8.25;12.50
121802_12612_42079;1;;1363;687;687;194;493;50.40;28.24
121802_12613_42079;2;;1380;661;661;138;523;47.90;20.88
121802_12614_42079;3;;1100;554;554;160;394;50.36;28.88
121802_12615_42079;4;;1166;671;671;183;488;57.55;27.27
121802_12616_42079;5;;1301;684;684;168;516;52.57;24.56
121802_12617_42079;6;;898;493;493;171;322;54.90;34.69
121802_12618_42079;7;;745;416;416;126;290;55.84;30.29
121803_12619_42079;1;;1845;1076;1076;155;921;58.32;14.41
121803_12620_42079;2;;1810;980;980;151;829;54.14;15.41
121803_12621_42079;3;;1103;590;591;166;424;53.49;28.14
121803_12622_42079;4;;1110;519;519;145;374;46.76;27.94
121803_12623_42079;5;;1025;600;600;129;471;58.54;21.50
121803_12624_42079;6;;1100;504;504;105;399;45.82;20.83
121803_12625_42079;7;;387;202;202;36;166;52.20;17.82
121803_12626_42079;8;;1181;557;557;107;450;47.16;19.21
121803_12627_42079;9;;2080;900;900;164;736;43.27;18.22
121803_12628_42079;10;;1301;622;622;135;487;47.81;21.70
121803_12629_42079;11;;824;451;451;109;342;54.73;24.17
121803_12630_42079;12;;1182;600;600;95;505;50.76;15.83
121803_12631_42079;13;;461;254;254;67;187;55.10;26.38
121803_12632_42079;14;;94;50;50;3;47;53.19;6.00
121803_12633_42079;15;;312;143;143;35;108;45.83;24.48
121803_29802_42079;16;;37;19;19;3;16;51.35;15.79
121804_12634_42079;1;;1633;859;859;160;699;52.60;18.63
121804_12635_42079;2;;1742;930;930;251;679;53.39;26.99
121804_12636_42079;3;;829;423;423;84;339;51.03;19.86
121804_12637_42079;4;;525;307;307;79;228;58.48;25.73
121805_12638_42079;1;;843;495;495;87;408;58.72;17.58
121805_12639_42079;2;;714;412;412;84;328;57.70;20.39
121805_12640_42079;3;;338;246;246;33;213;72.78;13.41
121805_12641_42079;4;;537;293;293;42;251;54.56;14.33
121806_12643_42079;1;;1760;754;754;129;625;42.84;17.11
121806_12644_42079;2;;2111;967;967;324;643;45.81;33.51
121806_12645_42079;3;;534;239;239;64;175;44.76;26.78
121806_12646_42079;4;;980;376;376;99;277;38.37;26.33
121806_12647_42079;5;;2272;875;875;209;666;38.51;23.89
121806_12648_42079;6;;431;160;160;31;129;37.12;19.38
121807_12649_42079;1;;1105;644;644;117;527;58.28;18.17
121807_12650_42079;2;;513;302;302;88;214;58.87;29.14
121807_12651_42079;3;;1647;872;872;207;665;52.94;23.74
121807_12652_42079;4;;936;551;551;108;443;58.87;19.60
121807_12653_42079;5;;1202;687;687;165;522;57.15;24.02
121808_12654_42079;1;;1316;701;701;128;573;53.27;18.26
121808_12655_42079;2;;1383;678;678;133;545;49.02;19.62
121808_12656_42079;3;;2008;979;979;210;769;48.75;21.45
121808_12657_42079;4;;1325;615;615;76;539;46.42;12.36
121809_12658_42079;1;;1534;849;849;131;718;55.35;15.43
121809_12659_42079;2;;1864;909;909;117;792;48.77;12.87
121809_12660_42079;3;;1226;687;687;96;591;56.04;13.97
121809_12661_42079;4;;1654;796;796;227;569;48.13;28.52
121809_12662_42079;5;;904;472;472;70;402;52.21;14.83
121809_12663_42079;6;;1734;929;929;121;808;53.58;13.02
121809_12664_42079;7;;1738;972;972;156;816;55.93;16.05
121809_12665_42079;8;;1162;617;617;111;506;53.10;17.99
121809_12666_42079;9;;1667;909;909;161;748;54.53;17.71
121809_12667_42079;10;;1796;989;989;149;840;55.07;15.07
121809_12668_42079;11;;1827;908;908;129;779;49.70;14.21
121809_12669_42079;12;;1526;674;674;87;587;44.17;12.91
121809_12670_42079;13;;1471;764;764;112;652;51.94;14.66
121809_12671_42079;14;;806;303;303;67;236;37.59;22.11
121809_12672_42079;15;;961;477;477;82;395;49.64;17.19
121809_12673_42079;16;;685;354;354;67;287;51.68;18.93
121809_12674_42079;17;;1863;911;911;164;747;48.90;18.00
121809_12675_42079;18;;612;335;335;63;272;54.74;18.81
121809_12676_42079;19;;563;256;256;49;207;45.47;19.14
121809_12677_42079;20;;946;516;516;99;417;54.55;19.19
121809_12678_42079;21;;1492;687;687;123;564;46.05;17.90
121809_12679_42079;22;;865;402;403;74;328;46.47;18.41
121809_12680_42079;23;;1262;610;610;116;494;48.34;19.02
121809_29803_42079;24;;72;37;37;8;29;51.39;21.62
121809_29804_42079;25;;167;37;37;7;30;22.16;18.92
121809_29805_42079;26;;237;60;60;9;51;25.32;15.00
121809_29806_42079;27;;51;21;21;1;20;41.18;4.76
121810_12681_42079;1;;1283;659;659;135;524;51.36;20.49
121810_12682_42079;2;;1413;739;739;157;582;52.30;21.24
121810_12683_42079;3;;1272;731;731;143;588;57.47;19.56
121810_12684_42079;4;;1074;492;492;114;378;45.81;23.17
121810_12685_42079;5;;1093;455;455;79;376;41.63;17.36
121810_12686_42079;6;;1349;661;661;189;472;49.00;28.59
121810_12687_42079;7;;1093;561;561;114;447;51.33;20.32
121810_12688_42079;8;;808;335;335;81;254;41.46;24.18
121901_12689_42077;1;;1222;710;710;111;599;58.10;15.63
121901_12690_42077;2;;893;466;466;100;366;52.18;21.46
121901_12691_42077;3;;1079;603;603;105;498;55.89;17.41
121901_12692_42077;4;;1093;580;580;121;459;53.06;20.86
121901_12693_42077;5;;726;360;360;62;298;49.59;17.22
121901_12694_42077;6;;751;443;443;94;349;58.99;21.22
121901_12695_42077;7;;709;424;424;80;344;59.80;18.87
121901_12696_42077;8;;397;229;229;36;193;57.68;15.72
121901_12697_42077;9;;494;243;243;32;211;49.19;13.17
121901_29807_42077;10;;65;50;50;2;48;76.92;4.00
121902_12698_42077;1;;1446;759;759;96;663;52.49;12.65
121902_12699_42077;2;;2279;1289;1289;245;1044;56.56;19.01
121902_12700_42077;3;;1047;570;570;86;484;54.44;15.09
121902_12701_42077;4;;510;304;304;69;235;59.61;22.70
121902_12702_42077;5;;1097;583;583;128;455;53.14;21.96
121902_12703_42077;6;;781;450;450;119;331;57.62;26.44
121902_12704_42077;7;;1513;779;779;159;620;51.49;20.41
121902_12705_42077;8;;1362;743;743;200;543;54.55;26.92
121902_12706_42077;9;;1138;682;682;175;507;59.93;25.66
121902_12707_42077;10;;607;322;322;54;268;53.05;16.77
121902_12708_42077;11;;702;363;363;56;307;51.71;15.43
121902_12709_42077;12;;1118;640;640;131;509;57.25;20.47
121903_12710_42077;1;;756;375;375;77;298;49.60;20.53
121903_12711_42077;2;;636;364;364;87;277;57.23;23.90
121903_12712_42077;3;;327;189;189;53;136;57.80;28.04
121903_12713_42077;4;;298;163;163;44;119;54.70;26.99
121903_12714_42077;5;;575;316;316;78;238;54.96;24.68
121903_12715_42077;6;;1257;729;729;198;531;58.00;27.16
121903_12716_42077;7;;1476;839;839;229;610;56.84;27.29
121903_12717_42077;8;;541;355;355;83;272;65.62;23.38
121903_12718_42077;9;;1098;625;625;114;511;56.92;18.24
121903_12719_42077;10;;1434;810;810;190;620;56.49;23.46
121904_12720_42077;1;;1546;802;802;97;705;51.88;12.09
121904_12722_42077;3;;1621;859;859;73;786;52.99;8.50
121904_12723_42077;4;;1201;594;594;68;526;49.46;11.45
121904_12724_42077;5;;595;339;339;35;304;56.97;10.32
121904_12725_42077;6;;1699;807;807;112;695;47.50;13.88
121904_12726_42077;7;;1665;830;830;128;702;49.85;15.42
121904_12727_42077;8;;2091;994;994;143;851;47.54;14.39
121904_12728_42077;9;;1613;795;795;129;666;49.29;16.23
121904_12729_42077;10;;1367;671;671;110;561;49.09;16.39
121904_12730_42077;11;;2329;1047;1047;114;933;44.95;10.89
121904_12731_42077;12;;1324;570;570;91;479;43.05;15.96
121904_12732_42077;13;;1274;567;567;89;478;44.51;15.70
121905_12733_42077;1;;1604;743;743;114;629;46.32;15.34
121905_12734_42077;2;;1080;435;435;35;400;40.28;8.05
121905_12735_42077;3;;1413;683;683;92;591;48.34;13.47
121905_12736_42077;4;;1712;777;777;130;647;45.39;16.73
121905_12737_42077;5;;1794;763;763;103;660;42.53;13.50
121905_12738_42077;6;;2098;1035;1035;108;927;49.33;10.43
121905_12739_42077;7;;1088;573;573;39;534;52.67;6.81
121905_12740_42077;8;;1009;473;473;77;396;46.88;16.28
121905_12741_42077;9;;1947;743;743;74;669;38.16;9.96
121905_12742_42077;10;;1518;668;668;95;573;44.01;14.22
121905_12743_42077;11;;1414;608;608;58;550;43.00;9.54
121905_12744_42077;12;;1150;469;469;75;394;40.78;15.99
121905_12745_42077;13;;1449;647;647;121;526;44.65;18.70
121905_12746_42077;14;;1451;620;620;103;517;42.73;16.61
121905_12747_42077;15;;986;471;471;92;379;47.77;19.53
121905_12748_42077;16;;818;445;445;67;378;54.40;15.06
121905_12749_42077;17;;1311;562;562;129;433;42.87;22.95
121905_12750_42077;18;;1165;540;540;82;458;46.35;15.19
121905_12751_42077;19;;595;373;373;54;319;62.69;14.48
121905_12752_42077;20;;1098;463;463;70;393;42.17;15.12
121905_12753_42077;21;;946;465;465;55;410;49.15;11.83
121905_12754_42077;22;;692;342;342;54;288;49.42;15.79
121905_12755_42077;23;;820;398;398;28;370;48.54;7.04
121905_12756_42077;24;;1461;556;556;70;486;38.06;12.59
121905_12757_42077;25;;502;237;237;45;192;47.21;18.99
121905_12758_42077;26;;730;364;364;56;308;49.86;15.38
121905_12759_42077;27;;1074;463;463;68;395;43.11;14.69
121905_12760_42077;28;;949;503;503;86;417;53.00;17.10
121905_12761_42077;29;;757;460;460;64;396;60.77;13.91
121905_12762_42077;30;;473;236;236;25;211;49.89;10.59
121905_12763_42077;31;;1667;862;862;96;766;51.71;11.14
121905_12764_42077;32;;601;329;329;54;275;54.74;16.41
121905_12765_42077;33;;474;285;285;40;245;60.13;14.04
121905_12766_42077;34;;1719;685;685;111;574;39.85;16.20
121905_12767_42077;35;;779;409;409;53;356;52.50;12.96
121905_12768_42077;36;;1339;626;626;98;528;46.75;15.65
121905_12769_42077;37;;1089;480;480;87;393;44.08;18.12
126101_12770_42078;1;;1008;393;393;28;365;38.99;7.12
126101_12771_42078;2;;942;352;352;29;323;37.37;8.24
126101_12772_42078;3;;1125;375;375;26;349;33.33;6.93
126101_12773_42078;4;;909;332;332;25;307;36.52;7.53
126101_12774_42078;5;;1039;346;346;24;322;33.30;6.94
126101_12775_42078;6;;535;199;199;20;179;37.20;10.05
126101_12776_42078;7;;1403;599;599;53;546;42.69;8.85
126101_12777_42078;8;;1277;448;448;60;388;35.08;13.39
126101_12778_42078;9;;722;266;266;9;257;36.84;3.38
126101_12779_42078;10;;733;375;375;16;359;51.16;4.27
126101_12780_42078;11;;848;343;343;26;317;40.45;7.58
126101_12781_42078;12;;770;354;354;32;322;45.97;9.04
126101_12782_42078;13;;1268;542;543;40;502;42.74;7.38
126101_12783_42078;14;;619;254;254;17;237;41.03;6.69
126101_12784_42078;15;;976;482;482;30;452;49.39;6.22
126101_12785_42078;16;;1121;538;538;31;507;47.99;5.76
126101_12786_42078;17;;782;332;332;29;303;42.46;8.73
126101_12787_42078;18;;955;463;463;37;426;48.48;7.99
126101_12788_42078;19;;865;422;422;22;400;48.79;5.21
126101_12789_42078;20;;632;270;270;17;253;42.72;6.30
126101_12790_42078;21;;1033;436;436;22;414;42.21;5.05
126101_12791_42078;22;;758;329;329;22;307;43.40;6.69
126101_12792_42078;23;;561;260;260;14;246;46.35;5.38
126101_12793_42078;24;;1334;590;590;25;565;44.23;4.24
126101_12794_42078;25;;1131;496;496;22;474;43.85;4.44
126101_12795_42078;26;;1008;454;454;36;418;45.04;7.93
126101_12796_42078;27;;1299;597;597;27;570;45.96;4.52
126101_12797_42078;28;;797;364;364;49;315;45.67;13.46
126101_12798_42078;29;;613;280;280;16;264;45.68;5.71
126101_12799_42078;30;;1047;491;491;30;461;46.90;6.11
126101_12800_42078;31;;1335;547;547;43;504;40.97;7.86
126101_12801_42078;32;;847;294;294;16;278;34.71;5.44
126101_12802_42078;33;;1282;612;612;47;565;47.74;7.68
126101_12803_42078;34;;1270;600;600;47;553;47.24;7.83
126101_12804_42078;35;;1252;571;571;38;533;45.61;6.65
126101_12805_42078;36;;794;355;355;38;317;44.71;10.70
126101_12806_42078;37;;1175;442;442;35;407;37.62;7.92
126101_12807_42078;38;;1058;527;527;37;490;49.81;7.02
126101_12808_42078;39;;1591;784;784;53;731;49.28;6.76
126101_12809_42078;40;;1626;713;713;51;662;43.85;7.15
126101_12810_42078;41;;1409;570;570;38;532;40.45;6.67
126101_12811_42078;42;;1298;530;530;58;472;40.83;10.94
126101_12812_42078;43;;1176;538;539;46;492;45.75;8.55
126101_12813_42078;44;;1523;669;669;46;623;43.93;6.88
126101_12814_42078;45;;1456;651;651;64;587;44.71;9.83
126101_12815_42078;46;;1133;465;465;35;430;41.04;7.53
126101_12816_42078;47;;1153;495;495;33;462;42.93;6.67
126101_12817_42078;48;;1126;529;529;45;484;46.98;8.51
126101_12818_42078;49;;1114;406;406;32;374;36.45;7.88
126101_12819_42078;50;;1104;495;495;49;446;44.84;9.90
126101_12820_42078;51;;1252;521;521;42;479;41.61;8.06
126101_12821_42078;52;;1396;589;589;42;547;42.19;7.13
126101_12822_42078;53;;703;365;365;25;340;51.92;6.85
126101_12823_42078;54;;1522;680;680;53;627;44.68;7.79
126101_12824_42078;55;;1510;573;573;76;497;37.95;13.26
126101_12825_42078;56;;1370;585;585;42;543;42.70;7.18
126101_12826_42078;57;;1084;447;447;36;411;41.24;8.05
126101_12827_42078;58;;1101;519;519;26;493;47.14;5.01
126101_12828_42078;59;;1421;630;633;41;589;44.33;6.51
126101_12829_42078;60;;1103;553;553;44;509;50.14;7.96
126101_12830_42078;61;;756;364;364;13;351;48.15;3.57
126101_12831_42078;62;;1331;608;608;54;554;45.68;8.88
126101_12832_42078;63;;1489;560;560;42;518;37.61;7.50
126101_12833_42078;64;;1136;516;516;41;475;45.42;7.95
126101_12834_42078;65;;1050;458;459;42;416;43.62;9.17
126101_12835_42078;66;;1121;436;436;36;400;38.89;8.26
126101_12836_42078;67;;2015;918;918;44;874;45.56;4.79
126101_12837_42078;68;;1818;791;791;28;763;43.51;3.54
126101_12838_42078;69;;1149;356;356;21;335;30.98;5.90
126101_12839_42078;70;;944;398;398;32;366;42.16;8.04
126101_12840_42078;71;;1981;1010;1010;55;955;50.98;5.45
126101_12841_42078;72;;1130;495;495;36;459;43.81;7.27
126101_12842_42078;73;;1001;462;462;41;421;46.15;8.87
126101_12843_42078;74;;1140;432;432;40;392;37.89;9.26
126101_12844_42078;75;;1449;574;574;44;530;39.61;7.67
126101_12845_42078;76;;1074;439;439;47;392;40.88;10.71
126101_12846_42078;77;;1954;962;962;49;913;49.23;5.09
126101_12847_42078;78;;1675;803;803;61;742;47.94;7.60
126101_12848_42078;79;;853;344;344;40;304;40.33;11.63
126101_12849_42078;80;;1141;465;465;38;427;40.75;8.17
126101_12850_42078;81;;1239;522;522;84;438;42.13;16.09
126101_12851_42078;82;;1843;813;813;51;762;44.11;6.27
126101_12852_42078;83;;908;362;362;17;345;39.87;4.70
126101_12853_42078;84;;1748;736;736;49;687;42.11;6.66
126101_12854_42078;85;;1851;790;790;27;763;42.68;3.42
126101_12855_42078;86;;1117;463;463;44;419;41.45;9.50
126101_12856_42078;87;;1185;469;469;26;443;39.58;5.54
126101_12857_42078;88;;1563;570;570;58;512;36.47;10.18
126101_12858_42078;89;;1670;540;540;63;477;32.34;11.67
126101_12859_42078;90;;1122;545;545;33;512;48.57;6.06
126101_12860_42078;91;;1149;459;459;25;434;39.95;5.45
126101_12861_42078;92;;1099;417;417;34;383;37.94;8.15
126101_12862_42078;93;;972;312;312;45;267;32.10;14.42
126101_12863_42078;94;;945;335;335;39;296;35.45;11.64
126101_12864_42078;95;;2101;692;692;55;637;32.94;7.95
126101_12865_42078;96;;792;275;275;21;254;34.72;7.64
126101_12866_42078;97;;1084;354;355;33;321;32.66;9.32
126101_12867_42078;98;;1074;387;387;37;350;36.03;9.56
126101_12868_42078;99;;1563;561;562;50;511;35.89;8.91
126101_12869_42078;100;;1600;724;724;49;675;45.25;6.77
126101_12870_42078;101;;1107;535;535;20;515;48.33;3.74
126101_12871_42078;102;;1197;527;527;20;507;44.03;3.80
126101_12872_42078;103;;1288;564;564;30;534;43.79;5.32
126101_12873_42078;104;;954;414;414;15;399;43.40;3.62
126101_12874_42078;105;;777;390;390;18;372;50.19;4.62
126101_12875_42078;106;;1924;890;890;50;840;46.26;5.62
126101_12876_42078;107;;1085;485;485;35;450;44.70;7.22
126101_12877_42078;108;;1106;482;508;0;482;43.58;0.00
126101_12878_42078;109;;1554;750;750;70;680;48.26;9.33
126101_12879_42078;110;;1113;530;530;37;493;47.62;6.98
126101_12880_42078;111;;1938;857;857;68;789;44.22;7.93
126101_12881_42078;112;;1985;859;859;74;785;43.27;8.61
126101_12882_42078;113;;1857;853;853;60;793;45.93;7.03
126101_12883_42078;114;;1669;768;769;68;700;46.02;8.85
126101_12884_42078;115;;2026;885;886;82;803;43.68;9.27
126101_12885_42078;116;;1153;403;403;37;366;34.95;9.18
126101_12886_42078;117;;1591;712;712;75;637;44.75;10.53
126101_12887_42078;118;;1640;794;794;39;755;48.41;4.91
126101_12888_42078;119;;1603;764;764;56;708;47.66;7.33
126101_12889_42078;120;;1378;647;648;51;596;46.95;7.88
126101_12890_42078;121;;1073;413;413;27;386;38.49;6.54
126101_12891_42078;122;;1076;477;477;26;451;44.33;5.45
126101_12892_42078;123;;1099;270;270;22;248;24.57;8.15
126101_12893_42078;124;;1526;693;693;53;640;45.41;7.65
126101_12894_42078;125;;1693;840;840;52;788;49.62;6.19
126101_12895_42078;126;;842;369;369;10;359;43.82;2.71
126101_12896_42078;127;;1217;580;580;40;540;47.66;6.90
126101_12897_42078;128;;897;334;334;29;305;37.24;8.68
126101_12898_42078;129;;619;371;371;16;355;59.94;4.31
126101_12899_42078;130;;1485;660;660;39;621;44.44;5.91
126101_12900_42078;131;;1409;623;626;60;563;44.22;9.63
126101_12901_42078;132;;1777;817;817;80;737;45.98;9.79
126101_12902_42078;133;;780;426;426;22;404;54.62;5.16
126101_12903_42078;134;;1013;388;390;20;368;38.30;5.15
126101_12904_42078;135;;1315;670;671;48;622;50.95;7.16
126101_12905_42078;136;;860;394;394;25;369;45.81;6.35
126101_12906_42078;137;;716;336;336;23;313;46.93;6.85
126101_12907_42078;138;;759;341;342;16;325;44.93;4.69
126101_12908_42078;139;;947;430;430;23;407;45.41;5.35
126101_12909_42078;140;;1144;568;568;32;536;49.65;5.63
126101_12910_42078;141;;1354;608;608;45;563;44.90;7.40
126101_12911_42078;142;;1353;576;577;39;537;42.57;6.77
126101_12912_42078;143;;1115;540;540;29;511;48.43;5.37
126101_12913_42078;144;;1043;455;455;36;419;43.62;7.91
126101_12914_42078;145;;1532;780;780;55;725;50.91;7.05
126101_12915_42078;146;;1324;504;505;24;480;38.07;4.76
126101_12916_42078;147;;1332;660;660;41;619;49.55;6.21
126101_12917_42078;148;;1264;616;617;37;579;48.73;6.01
126101_12918_42078;149;;1232;641;641;41;600;52.03;6.40
126101_12919_42078;150;;1750;918;918;56;862;52.46;6.10
126101_12920_42078;151;;1039;495;495;37;458;47.64;7.47
126101_12921_42078;152;;1017;568;568;61;507;55.85;10.74
126101_12922_42078;153;;1585;815;815;45;770;51.42;5.52
126101_12923_42078;154;;1495;827;827;62;765;55.32;7.50
126101_12924_42078;155;;2064;981;981;80;901;47.53;8.15
126101_12925_42078;156;;1966;980;980;68;912;49.85;6.94
126101_12926_42078;157;;1150;505;505;34;471;43.91;6.73
126101_12927_42078;158;;1144;531;533;87;444;46.42;16.38
126101_12928_42078;159;;1078;540;540;34;506;50.09;6.30
126101_12929_42078;160;;1015;457;457;30;427;45.02;6.56
126101_12930_42078;161;;852;469;469;19;450;55.05;4.05
126101_12931_42078;162;;715;360;360;28;332;50.35;7.78
126101_12932_42078;163;;1426;649;649;40;609;45.51;6.16
126101_12933_42078;164;;1872;907;907;111;796;48.45;12.24
126101_12934_42078;165;;1771;916;916;41;875;51.72;4.48
126101_12935_42078;166;;1233;447;447;56;391;36.25;12.53
126101_12936_42078;167;;952;546;546;45;501;57.35;8.24
126101_12937_42078;168;;749;379;379;15;364;50.60;3.96
126101_12938_42078;169;;947;451;451;27;424;47.62;5.99
126101_12939_42078;170;;845;367;368;25;342;43.43;6.81
126101_12940_42078;171;;766;369;370;16;353;48.17;4.34
126101_12941_42078;172;;544;244;244;12;232;44.85;4.92
126101_12942_42078;173;;674;320;320;14;306;47.48;4.38
126101_12943_42078;174;;1048;531;532;25;506;50.67;4.71
126101_12944_42078;175;;1782;952;952;59;893;53.42;6.20
126101_12945_42078;176;;588;288;288;16;272;48.98;5.56
126101_12946_42078;177;;1465;779;780;34;745;53.17;4.36
126101_12947_42078;178;;1666;911;911;35;876;54.68;3.84
126101_12948_42078;179;;1466;647;647;32;615;44.13;4.95
126101_12949_42078;180;;950;393;393;25;368;41.37;6.36
126101_12950_42078;181;;1516;658;658;22;636;43.40;3.34
126101_12951_42078;182;;1299;594;594;30;564;45.73;5.05
126101_12952_42078;183;;1284;493;493;25;468;38.40;5.07
126101_12953_42078;184;;1206;435;435;22;413;36.07;5.06
126101_12954_42078;185;;1851;767;768;38;729;41.44;4.95
126101_12955_42078;186;;1219;576;576;37;539;47.25;6.42
126101_12956_42078;187;;1641;627;627;39;588;38.21;6.22
126101_12957_42078;188;;1513;636;636;56;580;42.04;8.81
126101_12958_42078;189;;1186;470;470;37;433;39.63;7.87
126101_12959_42078;190;;1073;336;336;13;323;31.31;3.87
126101_12960_42078;191;;1959;752;752;53;699;38.39;7.05
126101_12961_42078;192;;1359;497;497;45;452;36.57;9.05
126101_12962_42078;193;;2026;908;908;78;830;44.82;8.59
126101_12963_42078;194;;1223;539;539;71;468;44.07;13.17
126101_12964_42078;195;;1022;413;413;39;374;40.41;9.44
126101_12965_42078;196;;1506;658;658;56;602;43.69;8.51
126101_12966_42078;197;;1015;449;450;40;409;44.24;8.91
126101_12967_42078;198;;917;478;478;21;457;52.13;4.39
126101_12968_42078;199;;1023;390;390;37;353;38.12;9.49
126101_12969_42078;200;;1624;811;811;44;767;49.94;5.43
126101_12970_42078;201;;1742;752;752;35;717;43.17;4.65
126101_12971_42078;202;;1712;812;812;47;765;47.43;5.79
126101_12972_42078;203;;997;440;440;31;409;44.13;7.05
126101_12973_42078;204;;1217;395;395;31;364;32.46;7.85
126101_12974_42078;205;;2142;940;940;51;889;43.88;5.43
126101_12975_42078;206;;1170;518;518;55;463;44.27;10.62
126101_12976_42078;207;;1302;517;517;36;481;39.71;6.96
126101_12977_42078;208;;1359;591;591;49;542;43.49;8.29
126101_12978_42078;209;;1558;692;692;49;643;44.42;7.08
126101_12979_42078;210;;1430;689;689;59;630;48.18;8.56
126101_12980_42078;211;;970;436;436;33;403;44.95;7.57
126101_12981_42078;212;;1192;601;601;42;559;50.42;6.99
126101_12982_42078;213;;1511;685;685;67;618;45.33;9.78
126101_12983_42078;214;;1379;627;628;51;576;45.47;8.13
126101_12984_42078;215;;538;257;257;15;242;47.77;5.84
126101_12985_42078;216;;1349;501;501;55;446;37.14;10.98
126101_12986_42078;217;;709;297;297;40;257;41.89;13.47
126101_12987_42078;218;;1308;518;518;26;492;39.60;5.02
126101_12988_42078;219;;1224;656;656;44;612;53.59;6.71
126101_12989_42078;220;;1323;575;575;29;546;43.46;5.04
126101_12990_42078;221;;1282;597;597;41;556;46.57;6.87
126101_12991_42078;222;;1516;654;654;41;613;43.14;6.27
126101_12992_42078;223;;676;353;353;43;310;52.22;12.18
126101_12993_42078;224;;712;289;289;51;238;40.59;17.65
126101_12994_42078;225;;815;393;393;49;344;48.22;12.47
126101_12995_42078;226;;629;171;171;29;142;27.19;16.96
126101_12996_42078;227;;1319;554;554;52;502;42.00;9.39
126101_12997_42078;228;;1139;452;452;69;383;39.68;15.27
126101_12998_42078;229;;1664;694;694;72;622;41.71;10.37
126101_12999_42078;230;;1971;884;884;86;798;44.85;9.73
126101_13000_42078;231;;1747;900;900;56;844;51.52;6.22
126101_13001_42078;232;;1586;579;580;32;547;36.51;5.53
126101_13002_42078;233;;1299;631;631;35;596;48.58;5.55
126101_13003_42078;234;;1085;492;492;24;468;45.35;4.88
126101_13004_42078;235;;1210;602;602;17;585;49.75;2.82
126101_13005_42078;236;;1613;735;737;43;692;45.57;5.85
126101_13006_42078;237;;1232;491;493;52;439;39.85;10.59
126101_13007_42078;238;;1089;352;352;34;318;32.32;9.66
126101_13008_42078;239;;1966;847;847;55;792;43.08;6.49
126101_13009_42078;240;;975;417;417;24;393;42.77;5.76
126101_13010_42078;241;;1595;719;719;41;678;45.08;5.70
126101_13011_42078;242;;1637;731;731;29;702;44.65;3.97
126101_13012_42078;243;;1265;591;591;47;544;46.72;7.95
126101_13013_42078;244;;1334;531;531;34;497;39.81;6.40
126101_13014_42078;245;;1428;654;654;49;605;45.80;7.49
126101_13015_42078;246;;903;398;398;30;368;44.08;7.54
126101_13016_42078;247;;971;434;434;37;397;44.70;8.53
126101_13017_42078;248;;1720;620;620;69;551;36.05;11.13
126101_13018_42078;249;;1529;586;586;36;550;38.33;6.14
126101_13019_42078;250;;1006;415;415;44;371;41.25;10.60
126101_13020_42078;251;;1928;719;719;66;653;37.29;9.18
126101_13021_42078;252;;1046;342;342;27;315;32.70;7.89
126101_13022_42078;253;;2001;746;746;58;688;37.28;7.77
126101_13023_42078;254;;1577;640;640;57;583;40.58;8.91
126101_13024_42078;255;;1090;392;392;31;361;35.96;7.91
126101_13025_42078;256;;1184;515;515;27;488;43.50;5.24
126101_13026_42078;257;;2000;822;822;48;774;41.10;5.84
126101_13027_42078;258;;1527;569;569;63;506;37.26;11.07
126101_13028_42078;259;;1113;509;509;25;484;45.73;4.91
126101_13029_42078;260;;1101;493;493;41;452;44.78;8.32
126101_13030_42078;261;;1050;408;408;25;383;38.86;6.13
126101_13031_42078;262;;2006;821;821;53;768;40.93;6.46
126101_13032_42078;263;;2040;735;735;77;658;36.03;10.48
126101_13033_42078;264;;1781;749;749;59;690;42.06;7.88
126101_13034_42078;265;;1390;533;534;50;483;38.35;9.38
126101_13035_42078;266;;1716;712;712;35;677;41.49;4.92
126101_13036_42078;267;;1159;445;445;25;420;38.40;5.62
126101_13037_42078;268;;1102;466;466;33;433;42.29;7.08
126101_13038_42078;269;;1085;280;280;32;248;25.81;11.43
126101_13039_42078;270;;1452;474;474;40;434;32.64;8.44
126101_13040_42078;271;;1855;824;824;89;735;44.42;10.80
126101_13041_42078;272;;1444;671;671;26;645;46.47;3.87
126101_13042_42078;273;;1495;714;714;73;641;47.76;10.22
126101_13043_42078;274;;1400;642;642;51;591;45.86;7.94
126101_13044_42078;275;;1427;549;549;61;488;38.47;11.11
126101_13045_42078;276;;1461;629;629;47;582;43.05;7.47
126101_13046_42078;277;;1115;440;440;40;400;39.46;9.09
126101_13047_42078;278;;2063;820;820;57;763;39.75;6.95
126101_13048_42078;279;;1082;468;469;31;437;43.25;6.62
126101_13049_42078;280;;1012;444;444;35;409;43.87;7.88
126101_13050_42078;281;;922;387;387;29;358;41.97;7.49
126101_13051_42078;282;;1916;776;776;85;691;40.50;10.95
126101_13052_42078;283;;966;419;419;23;396;43.37;5.49
126101_13053_42078;284;;1151;494;494;46;448;42.92;9.31
126101_13054_42078;285;;966;360;366;38;322;37.27;10.56
126101_13055_42078;286;;2052;832;832;51;781;40.55;6.13
126101_13056_42078;287;;1768;652;652;59;593;36.88;9.05
126101_13057_42078;288;;1136;455;455;37;418;40.05;8.13
126101_13058_42078;289;;1783;580;580;62;518;32.53;10.69
126101_13059_42078;290;;1050;443;443;52;391;42.19;11.74
126101_13060_42078;291;;1265;546;546;39;507;43.16;7.14
126101_13061_42078;292;;1263;538;538;33;505;42.60;6.13
126101_13062_42078;293;;883;408;408;35;373;46.21;8.58
126101_13063_42078;294;;1941;687;687;61;626;35.39;8.88
126101_13064_42078;295;;1816;759;759;67;692;41.80;8.83
126101_13065_42078;296;;1190;532;532;54;478;44.71;10.15
126101_13066_42078;297;;741;324;324;26;298;43.72;8.02
126101_13067_42078;298;;579;263;263;40;223;45.42;15.21
126101_13068_42078;299;;1732;860;860;48;812;49.65;5.58
126101_13069_42078;300;;1434;552;552;41;511;38.49;7.43
126101_13070_42078;301;;1689;591;591;55;536;34.99;9.31
126101_13071_42078;302;;1312;450;450;53;397;34.30;11.78
126101_13072_42078;303;;1350;360;366;33;327;26.67;9.17
126101_13073_42078;304;;1367;504;504;55;449;36.87;10.91
126101_13074_42078;305;;1866;788;788;82;706;42.23;10.41
126101_13075_42078;306;;1217;455;457;54;401;37.39;11.87
126101_13076_42078;307;;1031;407;407;38;369;39.48;9.34
126101_13077_42078;308;;1321;548;548;39;509;41.48;7.12
126101_13078_42078;309;;1578;590;590;45;545;37.39;7.63
126101_13079_42078;310;;1183;529;529;48;481;44.72;9.07
126101_13080_42078;311;;1164;516;516;15;501;44.33;2.91
126101_13081_42078;312;;1949;857;857;53;804;43.97;6.18
126101_13082_42078;313;;955;424;424;33;391;44.40;7.78
126101_13083_42078;314;;1217;483;483;46;437;39.69;9.52
126101_13084_42078;315;;1147;458;458;47;411;39.93;10.26
126101_13085_42078;316;;1110;349;349;30;319;31.44;8.60
126101_13086_42078;317;;886;372;372;33;339;41.99;8.87
126101_13087_42078;318;;1139;515;515;33;482;45.22;6.41
126101_13088_42078;319;;584;217;217;9;208;37.16;4.15
126101_13089_42078;320;;862;367;367;26;341;42.58;7.08
126101_13090_42078;321;;913;367;367;32;335;40.20;8.72
126101_13091_42078;322;;496;238;238;16;222;47.98;6.72
126101_13092_42078;323;;612;228;228;4;224;37.25;1.75
126101_13093_42078;324;;1201;474;474;63;411;39.47;13.29
126101_13094_42078;325;;734;311;311;41;270;42.37;13.18
126101_13095_42078;326;;719;230;230;22;208;31.99;9.57
126101_13096_42078;327;;1050;417;417;33;384;39.71;7.91
126101_13097_42078;328;;1307;472;472;53;419;36.11;11.23
126101_13098_42078;329;;2026;906;906;61;845;44.72;6.73
126101_13099_42078;330;;1413;533;533;56;477;37.72;10.51
126101_13100_42078;331;;719;332;332;25;307;46.18;7.53
126101_13101_42078;332;;1183;460;460;53;407;38.88;11.52
126101_13102_42078;333;;1725;682;682;34;648;39.54;4.99
126101_13103_42078;334;;1077;476;476;48;428;44.20;10.08
126101_13104_42078;335;;1260;475;475;52;423;37.70;10.95
126101_13105_42078;336;;1596;526;526;35;491;32.96;6.65
126101_13106_42078;337;;2037;945;945;89;856;46.39;9.42
126101_13107_42078;338;;1104;478;478;33;445;43.30;6.90
126101_13108_42078;339;;1283;487;487;30;457;37.96;6.16
126101_13109_42078;340;;2173;1027;1027;92;935;47.26;8.96
126101_13110_42078;341;;1078;470;470;24;446;43.60;5.11
126101_13111_42078;342;;1250;561;561;64;497;44.88;11.41
126101_13112_42078;343;;1184;561;561;44;517;47.38;7.84
126101_13113_42078;344;;1065;446;446;34;412;41.88;7.62
126101_13114_42078;345;;1047;465;465;36;429;44.41;7.74
126101_13115_42078;346;;1174;510;510;47;463;43.44;9.22
126101_13116_42078;347;;621;250;250;34;216;40.26;13.60
126101_13117_42078;348;;777;422;422;17;405;54.31;4.03
126101_13118_42078;349;;2005;813;813;82;731;40.55;10.09
126101_13119_42078;350;;1513;641;641;52;589;42.37;8.11
126101_13120_42078;351;;1352;543;543;53;490;40.16;9.76
126101_13121_42078;352;;1551;771;771;51;720;49.71;6.61
126101_13122_42078;353;;1541;775;776;109;666;50.29;14.06
126101_13123_42078;354;;1367;591;591;48;543;43.23;8.12
126101_13124_42078;355;;1607;754;754;42;712;46.92;5.57
126101_13125_42078;356;;1201;450;450;47;403;37.47;10.44
126101_13126_42078;357;;1352;528;528;65;463;39.05;12.31
126101_13127_42078;358;;1173;491;491;45;446;41.86;9.16
126101_13128_42078;359;;1471;644;644;65;579;43.78;10.09
126101_13129_42078;360;;1561;623;623;47;576;39.91;7.54
126101_13130_42078;361;;1928;864;864;102;762;44.81;11.81
126101_13131_42078;362;;1254;515;515;66;449;41.07;12.82
126101_13132_42078;363;;1760;695;695;50;645;39.49;7.19
126101_13133_42078;364;;1849;947;947;52;895;51.22;5.49
126101_13134_42078;365;;1566;763;763;88;675;48.72;11.53
126101_13135_42078;366;;1278;566;566;63;503;44.29;11.13
126101_13136_42078;367;;1101;323;323;33;290;29.34;10.22
126101_13137_42078;368;;1444;596;596;51;545;41.27;8.56
126101_13138_42078;369;;1071;412;413;32;380;38.47;7.77
126101_13139_42078;370;;1245;467;467;56;411;37.51;11.99
126101_13140_42078;371;;1859;750;750;71;679;40.34;9.47
126101_13141_42078;372;;2057;668;668;112;556;32.47;16.77
126101_13142_42078;373;;1739;569;569;68;501;32.72;11.95
126101_13143_42078;374;;1979;751;751;70;681;37.95;9.32
126101_13144_42078;375;;1933;823;823;49;774;42.58;5.95
126101_13145_42078;376;;1164;437;438;34;403;37.54;7.78
126101_13146_42078;377;;1057;437;437;37;400;41.34;8.47
126101_13147_42078;378;;1054;480;480;45;435;45.54;9.38
126101_13148_42078;379;;1165;499;500;67;432;42.83;13.43
126101_13149_42078;380;;1011;301;340;0;301;29.77;0.00
126101_13150_42078;381;;1230;376;376;42;334;30.57;11.17
126101_13151_42078;382;;1391;468;468;54;414;33.64;11.54
126101_13152_42078;383;;1800;731;732;66;665;40.61;9.03
126101_13153_42078;384;;1372;554;554;55;499;40.38;9.93
126101_13154_42078;385;;1433;559;559;55;504;39.01;9.84
126101_13155_42078;386;;1134;351;351;46;305;30.95;13.11
126101_13156_42078;387;;1033;269;269;40;229;26.04;14.87
126101_13157_42078;388;;1733;585;585;83;502;33.76;14.19
126101_13158_42078;389;;1095;457;457;41;416;41.74;8.97
126101_13159_42078;390;;1078;468;468;35;433;43.41;7.48
126101_13160_42078;391;;1334;506;506;59;447;37.93;11.66
126101_13161_42078;392;;1574;557;557;67;490;35.39;12.03
126101_13162_42078;393;;1068;437;437;33;404;40.92;7.55
126101_13163_42078;394;;1266;578;578;51;527;45.66;8.82
126101_13164_42078;395;;1042;381;381;27;354;36.56;7.09
126101_13165_42078;396;;1307;422;422;35;387;32.29;8.29
126101_13166_42078;397;;497;170;170;16;154;34.21;9.41
126101_13167_42078;398;;1175;507;507;48;459;43.15;9.47
126101_13168_42078;399;;1089;464;464;42;422;42.61;9.05
126101_13169_42078;400;;1009;368;368;20;348;36.47;5.43
126101_13170_42078;401;;1329;504;504;54;450;37.92;10.71
126101_13171_42078;402;;2130;751;751;76;675;35.26;10.12
126101_13172_42078;403;;1546;509;509;71;438;32.92;13.95
126101_13173_42078;404;;1802;526;526;65;461;29.19;12.36
126101_13174_42078;405;;1414;467;467;47;420;33.03;10.06
126101_13175_42078;406;;660;328;328;27;301;49.70;8.23
126101_13177_42078;408;;892;279;279;15;264;31.28;5.38
126101_13178_42078;409;;1396;403;403;32;371;28.87;7.94
126101_13179_42078;410;;1730;672;672;98;574;38.84;14.58
126101_13180_42078;411;;1776;641;641;73;568;36.09;11.39
126101_13181_42078;412;;2117;1042;1042;69;973;49.22;6.62
126101_13182_42078;413;;1047;432;432;51;381;41.26;11.81
126101_13183_42078;414;;1519;657;657;65;592;43.25;9.89
126101_13184_42078;415;;752;379;379;66;313;50.40;17.41
126101_13185_42078;416;;2042;715;715;55;660;35.01;7.69
126101_13186_42078;417;;1219;430;430;50;380;35.27;11.63
126101_13187_42078;418;;1434;520;520;91;429;36.26;17.50
126101_13188_42078;419;;1936;735;735;81;654;37.96;11.02
126101_13189_42078;420;;1611;594;594;73;521;36.87;12.29
126101_13190_42078;421;;1219;422;422;38;384;34.62;9.00
126101_13191_42078;422;;1298;507;507;44;463;39.06;8.68
126101_13192_42078;423;;1669;583;583;48;535;34.93;8.23
126101_13193_42078;424;;1041;489;489;37;452;46.97;7.57
126101_13194_42078;425;;1638;625;625;54;571;38.16;8.64
126101_13195_42078;426;;1083;381;381;52;329;35.18;13.65
126101_13196_42078;427;;1516;535;535;70;465;35.29;13.08
126101_13197_42078;428;;1905;746;747;59;687;39.16;7.91
126101_13198_42078;429;;706;285;285;33;252;40.37;11.58
126101_13199_42078;430;;1492;535;535;55;480;35.86;10.28
126101_13200_42078;431;;1600;581;581;55;526;36.31;9.47
126101_13201_42078;432;;980;328;328;23;305;33.47;7.01
126101_13202_42078;433;;1775;660;660;47;613;37.18;7.12
126101_13203_42078;434;;983;348;349;41;307;35.40;11.78
126101_13204_42078;435;;1494;557;557;59;498;37.28;10.59
126101_13205_42078;436;;1431;566;566;49;517;39.55;8.66
126101_13206_42078;437;;1627;597;597;109;488;36.69;18.26
126101_13207_42078;438;;935;370;370;38;332;39.57;10.27
126101_13208_42078;439;;1220;484;484;56;428;39.67;11.57
126101_13209_42078;440;;1081;374;374;32;342;34.60;8.56
126101_13210_42078;441;;1155;491;491;53;438;42.51;10.79
126101_13211_42078;442;;1486;509;509;71;438;34.25;13.95
126101_13212_42078;443;;1253;510;510;44;466;40.70;8.63
126101_13213_42078;444;;1089;442;442;60;382;40.59;13.57
126101_13214_42078;445;;1588;673;673;75;598;42.38;11.14
126101_13215_42078;446;;1603;732;732;131;601;45.66;17.90
126101_13216_42078;447;;1158;459;459;43;416;39.64;9.37
126101_13217_42078;448;;1613;718;718;96;622;44.51;13.37
126101_13218_42078;449;;728;309;309;66;243;42.45;21.36
126101_13219_42078;450;;1282;541;541;78;463;42.20;14.42
126101_13220_42078;451;;1005;349;349;52;297;34.73;14.90
126101_13221_42078;452;;324;114;114;14;100;35.19;12.28
126101_29808_42078;453;;72;36;36;7;29;50.00;19.44
126101_29809_42078;454;;45;16;16;2;14;35.56;12.50
126101_29810_42078;455;;117;24;24;0;24;20.51;0.00
126101_29811_42078;456;;192;59;59;5;54;30.73;8.47
126101_29812_42078;457;;153;133;133;0;133;86.93;0.00
126101_29813_42078;458;;65;26;26;1;25;40.00;3.85
126101_29814_42078;459;;327;69;69;10;59;21.10;14.49
126101_29815_42078;460;;339;124;124;42;82;36.58;33.87
126101_29816_42078;461;;603;46;46;5;41;7.63;10.87
126101_29817_42078;462;;69;27;27;0;27;39.13;0.00
126101_29818_42078;463;;28;19;19;6;13;67.86;31.58
126101_29819_42078;464;;214;59;59;12;47;27.57;20.34
126101_29820_42078;465;;333;32;32;6;26;9.61;18.75
126101_29821_42078;466;;87;42;42;8;34;48.28;19.05
126101_29822_42078;467;;87;14;14;0;14;16.09;0.00
126101_29823_42078;468;;45;3;3;0;3;6.67;0.00
126101_29824_42078;469;;146;42;42;9;33;28.77;21.43
126101_29825_42078;470;;52;28;28;5;23;53.85;17.86
126101_29826_42078;471;;67;18;18;1;17;26.87;5.56
126101_29827_42078;472;;640;123;123;14;109;19.22;11.38
126101_29828_42078;473;;79;22;22;0;22;27.85;0.00
126101_29829_42078;474;;148;69;69;7;62;46.62;10.14
126101_29830_42078;475;;54;36;36;0;36;66.67;0.00
126101_29831_42078;476;;49;20;20;3;17;40.82;15.00
126101_29832_42078;477;;250;34;34;5;29;13.60;14.71
126101_29833_42078;478;;107;41;41;7;34;38.32;17.07
126101_29834_42078;479;;141;42;42;1;41;29.79;2.38
126101_29835_42078;480;;177;67;67;8;59;37.85;11.94
126101_29836_42078;481;;67;45;45;16;29;67.16;35.56
126101_29837_42078;482;;301;38;38;3;35;12.62;7.89
126101_29838_42078;483;;133;80;80;15;65;60.15;18.75
126101_29839_42078;484;;134;35;35;6;29;26.12;17.14
126101_29840_42078;485;;38;20;20;1;19;52.63;5.00
126101_29841_42078;486;;30;25;25;1;24;83.33;4.00
126101_29842_42078;487;;83;14;14;0;14;16.87;0.00
126201_13222_42081;1;;1476;731;731;60;671;49.53;8.21
126201_13223_42081;2;;2016;978;978;106;872;48.51;10.84
126201_13224_42081;3;;1030;459;459;44;415;44.56;9.59
126201_13225_42081;4;;899;392;392;40;352;43.60;10.20
126201_13226_42081;5;;1442;647;647;76;571;44.87;11.75
126201_13227_42081;6;;1412;784;784;47;737;55.52;5.99
126201_13228_42081;7;;1954;1025;1025;132;893;52.46;12.88
126201_13229_42081;8;;1912;883;883;75;808;46.18;8.49
126201_13230_42081;9;;1444;834;834;62;772;57.76;7.43
126201_13231_42081;10;;2042;979;979;79;900;47.94;8.07
126201_13232_42081;11;;938;564;564;64;500;60.13;11.35
126201_13233_42081;12;;1149;520;520;48;472;45.26;9.23
126201_13234_42081;13;;951;448;448;27;421;47.11;6.03
126201_13235_42081;14;;1396;706;706;68;638;50.57;9.63
126201_13236_42081;15;;1500;660;660;94;566;44.00;14.24
126201_13237_42081;16;;1386;619;619;68;551;44.66;10.99
126201_13238_42081;17;;1500;768;768;25;743;51.20;3.26
126201_13239_42081;18;;1268;783;783;62;721;61.75;7.92
126201_13240_42081;19;;1407;778;778;49;729;55.29;6.30
126201_13241_42081;20;;1788;975;975;71;904;54.53;7.28
126201_13242_42081;21;;904;517;517;33;484;57.19;6.38
126201_13243_42081;22;;1026;502;502;35;467;48.93;6.97
126201_13244_42081;23;;1882;944;944;87;857;50.16;9.22
126201_13245_42081;24;;1074;499;499;45;454;46.46;9.02
126201_13246_42081;25;;1112;557;557;36;521;50.09;6.46
126201_13247_42081;26;;1611;833;833;72;761;51.71;8.64
126201_13248_42081;27;;2153;1042;1042;85;957;48.40;8.16
126201_13249_42081;28;;1822;930;930;66;864;51.04;7.10
126201_13250_42081;29;;1764;889;889;122;767;50.40;13.72
126201_13251_42081;30;;834;384;384;29;355;46.04;7.55
126201_13252_42081;31;;1239;589;589;69;520;47.54;11.71
126201_13253_42081;32;;959;420;420;39;381;43.80;9.29
126201_13254_42081;33;;1663;859;859;89;770;51.65;10.36
126201_13255_42081;34;;1954;986;986;84;902;50.46;8.52
126201_13256_42081;35;;1127;588;588;32;556;52.17;5.44
126201_13257_42081;36;;1212;537;537;47;490;44.31;8.75
126201_13258_42081;37;;1737;814;814;67;747;46.86;8.23
126201_13259_42081;38;;1560;733;733;85;648;46.99;11.60
126201_13260_42081;39;;1099;552;552;64;488;50.23;11.59
126201_13261_42081;40;;1255;657;657;45;612;52.35;6.85
126201_13262_42081;41;;1623;816;816;78;738;50.28;9.56
126201_13263_42081;42;;1006;472;472;40;432;46.92;8.47
126201_13264_42081;43;;1436;748;748;57;691;52.09;7.62
126201_13265_42081;44;;1170;627;627;57;570;53.59;9.09
126201_13266_42081;45;;1753;870;870;87;783;49.63;10.00
126201_13267_42081;46;;1159;544;544;37;507;46.94;6.80
126201_13268_42081;47;;1319;704;704;34;670;53.37;4.83
126201_29843_42081;48;;95;59;59;10;49;62.11;16.95
126201_29844_42081;49;;61;26;26;5;21;42.62;19.23
126201_29845_42081;50;;65;34;34;8;26;52.31;23.53
126201_29846_42081;51;;145;62;62;5;57;42.76;8.06
126201_29847_42081;52;;288;66;66;11;55;22.92;16.67
126301_13269_42080;1;;896;250;250;38;212;27.90;15.20
126301_13270_42080;2;;1571;489;489;45;444;31.13;9.20
126301_13271_42080;3;;765;280;280;17;263;36.60;6.07
126301_13272_42080;4;;557;209;209;21;188;37.52;10.05
126301_13273_42080;5;;1186;422;430;32;390;35.58;7.58
126301_13274_42080;6;;862;277;277;32;245;32.13;11.55
126301_13275_42080;7;;1263;499;499;35;464;39.51;7.01
126301_13276_42080;8;;1661;694;694;73;621;41.78;10.52
126301_13277_42080;9;;2020;757;757;74;683;37.48;9.78
126301_13278_42080;10;;1197;531;531;66;465;44.36;12.43
126301_13279_42080;11;;1273;507;507;54;453;39.83;10.65
126301_13280_42080;12;;869;321;321;23;298;36.94;7.17
126301_13281_42080;13;;1076;473;473;33;440;43.96;6.98
126301_13282_42080;14;;1046;418;418;36;382;39.96;8.61
126301_13283_42080;15;;1042;389;389;29;360;37.33;7.46
126301_13284_42080;16;;1953;776;776;87;689;39.73;11.21
126301_13285_42080;17;;1521;522;522;104;418;34.32;19.92
126301_13286_42080;18;;2093;925;925;46;879;44.19;4.97
126301_13287_42080;19;;1446;568;568;40;528;39.28;7.04
126301_13288_42080;20;;1286;558;558;47;511;43.39;8.42
126301_13289_42080;21;;1221;531;531;31;500;43.49;5.84
126301_13290_42080;22;;1577;767;767;57;710;48.64;7.43
126301_13291_42080;23;;988;393;393;35;358;39.78;8.91
126301_13292_42080;24;;1070;363;363;48;315;33.93;13.22
126301_13293_42080;25;;127;66;66;19;47;51.97;28.79
126301_13294_42080;26;;1044;395;395;31;364;37.84;7.85
126301_13295_42080;27;;1388;503;503;46;457;36.24;9.15
126301_13296_42080;28;;1038;444;444;29;415;42.77;6.53
126301_13297_42080;29;;1046;391;391;32;359;37.38;8.18
126301_13298_42080;30;;1379;582;582;65;517;42.20;11.17
126301_13299_42080;31;;1305;516;516;24;492;39.54;4.65
126301_13300_42080;32;;1270;477;477;50;427;37.56;10.48
126301_13301_42080;33;;951;383;383;41;342;40.27;10.70
126301_13302_42080;34;;1244;544;544;47;497;43.73;8.64
126301_13303_42080;35;;1117;488;489;49;439;43.69;10.04
126301_13304_42080;36;;1753;780;780;47;733;44.50;6.03
126301_13305_42080;37;;1018;406;408;30;376;39.88;7.39
126301_13306_42080;38;;925;328;328;21;307;35.46;6.40
126301_13307_42080;39;;1832;700;700;64;636;38.21;9.14
126301_13308_42080;40;;1614;616;616;41;575;38.17;6.66
126301_13309_42080;41;;1498;557;557;58;499;37.18;10.41
126301_13310_42080;42;;1368;502;502;49;453;36.70;9.76
126301_13311_42080;43;;1094;370;370;40;330;33.82;10.81
126301_13312_42080;44;;1415;528;528;68;460;37.31;12.88
126301_13313_42080;45;;1488;510;510;39;471;34.27;7.65
126301_13314_42080;46;;1991;871;871;112;759;43.75;12.86
126301_13315_42080;47;;1521;657;657;117;540;43.20;17.81
126301_13316_42080;48;;1180;559;559;55;504;47.37;9.84
126301_13317_42080;49;;936;302;302;24;278;32.26;7.95
126301_13318_42080;50;;1526;629;629;28;601;41.22;4.45
126301_13319_42080;51;;1175;418;418;49;369;35.57;11.72
126301_13320_42080;52;;1228;443;443;50;393;36.07;11.29
126301_13321_42080;53;;1982;966;966;97;869;48.74;10.04
126301_13322_42080;54;;2060;927;927;44;883;45.00;4.75
126301_13323_42080;55;;2266;1088;1088;78;1010;48.01;7.17
126301_13324_42080;56;;1330;640;640;39;601;48.12;6.09
126301_13325_42080;57;;1347;584;584;47;537;43.36;8.05
126301_13326_42080;58;;1404;562;562;70;492;40.03;12.46
126301_13327_42080;59;;1535;656;656;61;595;42.74;9.30
126301_13328_42080;60;;2041;874;874;107;767;42.82;12.24
126301_13329_42080;61;;1605;603;603;41;562;37.57;6.80
126301_13330_42080;62;;1582;707;707;55;652;44.69;7.78
126301_13331_42080;63;;1437;530;530;40;490;36.88;7.55
126301_13332_42080;64;;1340;591;593;31;560;44.10;5.25
126301_13333_42080;65;;1624;670;670;74;596;41.26;11.04
126301_13334_42080;66;;1390;579;579;54;525;41.65;9.33
126301_13335_42080;67;;2044;832;832;53;779;40.70;6.37
126301_29848_42080;68;;349;82;82;10;72;23.50;12.20
126301_29849_42080;69;;238;33;33;7;26;13.87;21.21
126301_29850_42080;70;;81;54;54;11;43;66.67;20.37
126301_29851_42080;71;;38;2;2;1;1;5.26;50.00
126301_29852_42080;72;;257;53;53;8;45;20.62;15.09
126301_29853_42080;73;;497;128;128;42;86;25.75;32.81
126301_29854_42080;74;;185;48;48;9;39;25.95;18.75
140101_13336_42097;1;;1784;1041;1041;197;844;58.35;18.92
140101_13337_42097;2;;1407;847;847;115;732;60.20;13.58
140101_13338_42097;3;;1860;1004;1004;215;789;53.98;21.41
140101_13339_42097;4;;2015;1252;1252;233;1019;62.13;18.61
140101_13340_42097;5;;1286;816;816;208;608;63.45;25.49
140101_29855_42097;6;;158;31;31;2;29;19.62;6.45
140102_13341_42097;1;;2084;1224;1224;260;964;58.73;21.24
140102_13342_42097;2;;882;482;482;99;383;54.65;20.54
140102_13343_42097;3;;730;397;397;124;273;54.38;31.23
140102_13344_42097;4;;861;457;457;138;319;53.08;30.20
140103_13345_42097;1;;1672;1034;1034;400;634;61.84;38.68
140103_13346_42097;2;;1376;775;775;182;593;56.32;23.48
140104_13347_42097;1;;1830;1229;1229;270;959;67.16;21.97
140104_13348_42097;2;;1822;1129;1129;247;882;61.96;21.88
140104_13349_42097;3;;472;328;328;54;274;69.49;16.46
140105_13350_42097;1;;470;327;327;88;239;69.57;26.91
140105_13351_42097;2;;709;323;323;103;220;45.56;31.89
140105_13352_42097;3;;940;470;470;146;324;50.00;31.06
140105_13353_42097;4;;598;299;299;97;202;50.00;32.44
140105_13354_42097;5;;944;502;502;144;358;53.18;28.69
140105_13355_42097;6;;831;538;538;135;403;64.74;25.09
140106_13356_42097;1;;1474;1012;1012;326;686;68.66;32.21
140106_13357_42097;2;;374;242;242;53;189;64.71;21.90
140106_13358_42097;3;;584;380;380;96;284;65.07;25.26
140201_13359_42096;1;;1800;869;869;100;769;48.28;11.51
140201_13360_42096;2;;1824;898;898;93;805;49.23;10.36
140201_13361_42096;3;;1843;847;847;124;723;45.96;14.64
140201_13362_42096;4;;1803;887;887;120;767;49.20;13.53
140201_13363_42096;5;;1856;1013;1013;139;874;54.58;13.72
140201_13364_42096;6;;1888;854;854;134;720;45.23;15.69
140201_13365_42096;7;;1741;842;842;99;743;48.36;11.76
140201_13366_42096;8;;1828;836;836;113;723;45.73;13.52
140201_13367_42096;9;;1878;848;848;114;734;45.15;13.44
140201_13368_42096;10;;1819;878;878;140;738;48.27;15.95
140201_13369_42096;11;;1562;801;801;122;679;51.28;15.23
140201_13370_42096;12;;1705;876;876;125;751;51.38;14.27
140201_13371_42096;13;;1779;826;826;120;706;46.43;14.53
140201_13372_42096;14;;1689;913;913;87;826;54.06;9.53
140201_13373_42096;15;;1589;818;818;73;745;51.48;8.92
140201_13374_42096;16;;1636;711;711;106;605;43.46;14.91
140201_13375_42096;17;;1612;676;676;139;537;41.94;20.56
140201_13376_42096;18;;1634;688;688;124;564;42.11;18.02
140201_13377_42096;19;;1551;841;841;123;718;54.22;14.63
140201_13378_42096;20;;1641;838;838;90;748;51.07;10.74
140201_13379_42096;21;;1630;844;844;83;761;51.78;9.83
140201_29856_42096;22;;239;19;19;7;12;7.95;36.84
140201_29857_42096;23;;166;103;103;26;77;62.05;25.24
140202_13380_42096;1;;2059;1096;1096;216;880;53.23;19.71
140202_13381_42096;2;;897;463;463;174;289;51.62;37.58
140202_13382_42096;3;;1562;871;871;200;671;55.76;22.96
140202_13383_42096;4;;902;428;429;123;305;47.45;28.74
140203_13384_42096;1;;1584;825;825;285;540;52.08;34.55
140203_13385_42096;2;;1436;799;799;231;568;55.64;28.91
140203_13386_42096;3;;1572;857;857;254;603;54.52;29.64
140203_13387_42096;4;;578;307;307;88;219;53.11;28.66
140203_13388_42096;5;;1273;729;729;254;475;57.27;34.84
140204_13389_42096;1;;1064;681;681;152;529;64.00;22.32
140204_13390_42096;2;;885;544;545;111;433;61.47;20.40
140204_13391_42096;3;;1282;768;768;188;580;59.91;24.48
140205_13392_42096;1;;1055;497;497;108;389;47.11;21.73
140205_13393_42096;2;;955;448;448;124;324;46.91;27.68
140205_13394_42096;3;;1055;470;471;95;375;44.55;20.21
140206_13395_42096;1;;827;618;618;193;425;74.73;31.23
140206_13396_42096;2;;716;566;566;251;315;79.05;44.35
140206_13397_42096;3;;983;682;682;227;455;69.38;33.28
140206_13398_42096;4;;986;657;657;238;419;66.63;36.23
140207_13399_42096;1;;1043;637;637;160;477;61.07;25.12
140207_13400_42096;2;;790;450;450;108;342;56.96;24.00
140207_13401_42096;3;;608;338;338;63;275;55.59;18.64
140207_13402_42096;4;;963;479;479;127;352;49.74;26.51
140207_13403_42096;5;;810;456;456;83;373;56.30;18.20
140207_13404_42096;6;;586;345;345;81;264;58.87;23.48
140208_13405_42096;1;;2182;1484;1484;387;1097;68.01;26.08
140208_13406_42096;2;;503;333;333;94;239;66.20;28.23
140208_13407_42096;3;;509;326;326;62;264;64.05;19.02
140208_13408_42096;4;;871;513;513;181;332;58.90;35.28
140209_13409_42096;1;;2235;1312;1312;276;1036;58.70;21.04
140209_13410_42096;2;;669;422;422;93;329;63.08;22.04
140209_13411_42096;3;;947;618;618;156;462;65.26;25.24
140209_13412_42096;4;;2092;1175;1179;295;880;56.17;25.11
140209_13413_42096;5;;379;197;197;52;145;51.98;26.40
140209_29858_42096;6;;69;49;49;3;46;71.01;6.12
140301_13414_42098;1;;900;503;503;78;425;55.89;15.51
140301_13415_42098;2;;842;420;420;80;340;49.88;19.05
140301_13416_42098;3;;630;370;372;62;308;58.73;16.76
140301_13417_42098;4;;792;473;475;62;411;59.72;13.11
140301_13418_42098;5;;820;482;482;60;422;58.78;12.45
140301_13419_42098;6;;693;359;359;44;315;51.80;12.26
140301_13420_42098;7;;1309;615;615;96;519;46.98;15.61
140301_13421_42098;8;;1211;621;621;88;533;51.28;14.17
140301_13422_42098;9;;929;587;587;71;516;63.19;12.10
140301_13423_42098;10;;1022;601;602;77;524;58.81;12.81
140301_13424_42098;11;;847;501;501;76;425;59.15;15.17
140301_13425_42098;12;;767;339;342;56;283;44.20;16.52
140301_13426_42098;13;;832;442;442;56;386;53.12;12.67
140301_13427_42098;14;;1021;505;508;75;430;49.46;14.85
140301_13428_42098;15;;804;453;453;47;406;56.34;10.38
140301_30817_42098;16;;30;8;8;1;7;26.67;12.50
140302_13429_42098;1;;798;484;484;99;385;60.65;20.45
140302_13430_42098;2;;1146;735;735;153;582;64.14;20.82
140302_13431_42098;3;;1050;679;679;85;594;64.67;12.52
140302_13432_42098;4;;975;596;596;128;468;61.13;21.48
140303_13433_42098;1;;1075;508;508;61;447;47.26;12.01
140303_13434_42098;2;;445;298;298;51;247;66.97;17.11
140303_13435_42098;3;;1077;607;611;102;505;56.36;16.80
140303_13436_42098;4;;691;297;300;53;244;42.98;17.85
140303_13437_42098;5;;885;522;522;70;452;58.98;13.41
140304_13438_42098;1;;690;366;366;93;273;53.04;25.41
140304_13439_42098;2;;629;325;325;61;264;51.67;18.77
140304_13440_42098;3;;582;302;302;60;242;51.89;19.87
140304_13441_42098;4;;1207;673;673;116;557;55.76;17.24
140304_13442_42098;5;;869;406;406;61;345;46.72;15.02
140304_13443_42098;6;;545;237;237;41;196;43.49;17.30
140304_13444_42098;7;;1173;645;645;114;531;54.99;17.67
140304_13445_42098;8;;524;238;238;53;185;45.42;22.27
140304_13446_42098;9;;1347;715;715;89;626;53.08;12.45
140304_13447_42098;10;;887;519;519;104;415;58.51;20.04
140304_13448_42098;11;;1417;702;702;99;603;49.54;14.10
140305_13449_42098;1;;978;372;372;65;307;38.04;17.47
140305_13450_42098;2;;690;228;230;27;201;33.04;11.84
140305_13451_42098;3;;576;286;286;30;256;49.65;10.49
140305_13452_42098;4;;460;162;162;18;144;35.22;11.11
140305_13453_42098;5;;726;403;403;62;341;55.51;15.38
140305_13454_42098;6;;1026;470;470;86;384;45.81;18.30
140305_13455_42098;7;;509;216;216;40;176;42.44;18.52
140305_29859_42098;8;;100;13;13;3;10;13.00;23.08
140306_13456_42098;1;;1049;683;683;151;532;65.11;22.11
140306_13457_42098;2;;524;296;296;89;207;56.49;30.07
140306_13458_42098;3;;1576;988;988;186;802;62.69;18.83
140306_13459_42098;4;;588;357;357;101;256;60.71;28.29
140306_13460_42098;5;;596;395;395;108;287;66.28;27.34
140307_13461_42098;1;;1210;824;824;155;669;68.10;18.81
140307_13462_42098;2;;1512;893;893;222;671;59.06;24.86
140307_13463_42098;3;;372;237;237;67;170;63.71;28.27
140307_13464_42098;4;;397;239;239;56;183;60.20;23.43
140307_13465_42098;5;;404;249;249;79;170;61.63;31.73
140307_13466_42098;6;;1174;728;728;153;575;62.01;21.02
140307_13467_42098;7;;486;293;293;79;214;60.29;26.96
140307_13468_42098;8;;370;234;235;63;171;63.24;26.92
140308_13469_42098;1;;1001;601;601;119;482;60.04;19.80
140308_13470_42098;2;;530;334;334;68;266;63.02;20.36
140308_13471_42098;3;;538;270;270;49;221;50.19;18.15
140308_13472_42098;4;;603;353;353;81;272;58.54;22.95
140308_13473_42098;5;;620;314;314;51;263;50.65;16.24
140308_13474_42098;6;;701;433;433;104;329;61.77;24.02
140309_13475_42098;1;;907;702;702;181;521;77.40;25.78
140309_13476_42098;2;;1279;876;876;199;677;68.49;22.72
140309_13477_42098;3;;481;276;276;68;208;57.38;24.64
140309_13478_42098;4;;630;419;419;106;313;66.51;25.30
140310_13479_42098;1;;1271;708;708;144;564;55.70;20.34
140310_13480_42098;2;;631;338;338;62;276;53.57;18.34
140310_13481_42098;3;;1118;502;502;136;366;44.90;27.09
140310_13482_42098;4;;519;309;312;45;264;59.54;14.56
140310_13483_42098;5;;381;237;237;50;187;62.20;21.10
140310_13484_42098;6;;628;390;390;65;325;62.10;16.67
140310_13485_42098;7;;1270;715;715;156;559;56.30;21.82
140310_13486_42098;8;;1013;624;624;102;522;61.60;16.35
140310_13487_42098;9;;1160;723;723;145;578;62.33;20.06
140310_13488_42098;10;;546;322;323;50;272;58.97;15.53
140311_13489_42098;1;;1711;1117;1117;263;854;65.28;23.55
140311_13490_42098;2;;807;455;455;103;352;56.38;22.64
140311_13491_42098;3;;1545;767;767;137;630;49.64;17.86
140311_13492_42098;4;;1331;702;702;126;576;52.74;17.95
140311_13493_42098;5;;489;280;280;57;223;57.26;20.36
140311_13494_42098;6;;538;262;262;66;196;48.70;25.19
140312_13495_42098;1;;844;520;520;85;435;61.61;16.35
140312_13496_42098;2;;685;429;429;64;365;62.63;14.92
140312_13497_42098;3;;1234;738;739;172;566;59.81;23.31
140312_13498_42098;4;;398;242;242;56;186;60.80;23.14
140312_13499_42098;5;;490;280;280;39;241;57.14;13.93
140312_13500_42098;6;;1224;771;771;82;689;62.99;10.64
140312_13501_42098;7;;1146;683;683;160;523;59.60;23.43
140312_29860_42098;8;;22;22;22;0;22;100.00;0.00
140313_13502_42098;1;;1072;714;714;250;464;66.60;35.01
140313_13503_42098;2;;936;516;516;116;400;55.13;22.48
140313_13504_42098;3;;791;425;425;112;313;53.73;26.35
140313_13505_42098;4;;451;265;265;45;220;58.76;16.98
140313_13506_42098;5;;1022;561;561;148;413;54.89;26.38
140314_13507_42098;1;;1508;949;949;200;749;62.93;21.07
140314_13508_42098;2;;1805;1086;1086;164;922;60.17;15.10
140314_13509_42098;3;;1167;747;747;161;586;64.01;21.55
140314_13510_42098;4;;748;451;451;112;339;60.29;24.83
140314_13511_42098;5;;1048;620;620;156;464;59.16;25.16
140314_13512_42098;6;;480;274;274;51;223;57.08;18.61
140401_13513_42096;1;;1007;542;542;109;433;53.82;20.11
140401_13514_42096;2;;1290;705;705;124;581;54.65;17.59
140401_13515_42096;3;;910;515;515;64;451;56.59;12.43
140401_13516_42096;4;;1126;633;633;113;520;56.22;17.85
140401_13517_42096;5;;1169;586;586;80;506;50.13;13.65
140401_13518_42096;6;;1163;715;715;95;620;61.48;13.29
140401_13519_42096;7;;927;485;485;132;353;52.32;27.22
140401_13520_42096;8;;931;514;514;105;409;55.21;20.43
140401_13521_42096;9;;973;501;501;103;398;51.49;20.56
140401_13522_42096;10;;1268;716;716;153;563;56.47;21.37
140401_13523_42096;11;;1008;559;559;97;462;55.46;17.35
140401_13524_42096;12;;1803;1003;1003;176;827;55.63;17.55
140401_13525_42096;13;;1767;915;915;154;761;51.78;16.83
140401_29861_42096;14;;177;24;24;7;17;13.56;29.17
140401_29862_42096;15;;47;28;28;4;24;59.57;14.29
140402_13526_42096;1;;836;467;467;86;381;55.86;18.42
140402_13527_42096;2;;628;392;392;133;259;62.42;33.93
140402_13528_42096;3;;1318;662;662;166;496;50.23;25.08
140402_13529_42096;4;;679;374;374;110;264;55.08;29.41
140402_13530_42096;5;;1462;816;816;157;659;55.81;19.24
140402_13531_42096;6;;1191;656;656;133;523;55.08;20.27
140402_13532_42096;7;;658;333;333;97;236;50.61;29.13
140402_13533_42096;8;;558;372;372;88;284;66.67;23.66
140402_13534_42096;9;;572;362;362;72;290;63.29;19.89
140402_13535_42096;10;;1074;537;537;149;388;50.00;27.75
140402_13536_42096;11;;831;473;473;111;362;56.92;23.47
140402_29863_42096;12;;129;18;18;4;14;13.95;22.22
140402_29864_42096;13;;25;10;10;3;7;40.00;30.00
140403_13537_42096;1;;770;510;510;134;376;66.23;26.27
140403_13538_42096;2;;914;542;542;156;386;59.30;28.78
140403_13539_42096;3;;788;515;515;161;354;65.36;31.26
140403_13540_42096;4;;650;412;412;114;298;63.38;27.67
140403_29865_42096;5;;63;42;42;3;39;66.67;7.14
140404_13541_42096;1;;380;203;203;36;167;53.42;17.73
140404_13542_42096;2;;345;191;191;36;155;55.36;18.85
140404_13543_42096;3;;605;293;293;50;243;48.43;17.06
140404_13544_42096;4;;744;445;445;71;374;59.81;15.96
140404_13545_42096;5;;733;352;356;45;307;48.02;12.78
140404_13546_42096;6;;708;333;333;78;255;47.03;23.42
140404_13547_42096;7;;255;168;168;38;130;65.88;22.62
140404_13548_42096;8;;670;382;382;56;326;57.01;14.66
140404_13549_42096;9;;316;140;140;35;105;44.30;25.00
140404_13550_42096;10;;429;174;174;31;143;40.56;17.82
140405_13551_42096;1;;1176;740;740;146;594;62.93;19.73
140405_13552_42096;2;;897;524;525;142;382;58.42;27.10
140405_13553_42096;3;;1133;767;769;182;585;67.70;23.73
140405_13554_42096;4;;969;603;603;178;425;62.23;29.52
140501_13555_42099;1;;1533;838;838;127;711;54.66;15.16
140501_13556_42099;2;;1828;1055;1055;149;906;57.71;14.12
140501_13557_42099;3;;2309;1422;1424;132;1290;61.59;9.28
140501_13558_42099;4;;1667;932;942;103;829;55.91;11.05
140501_13559_42099;5;;2055;1009;1010;106;903;49.10;10.51
140501_13560_42099;6;;1900;1055;1057;121;934;55.53;11.47
140501_13561_42099;7;;1738;847;866;104;743;48.73;12.28
140502_13562_42099;1;;920;553;553;52;501;60.11;9.40
140502_13563_42099;2;;707;447;447;31;416;63.22;6.94
140502_13564_42099;3;;842;538;538;52;486;63.90;9.67
140502_13565_42099;4;;738;430;430;37;393;58.27;8.60
140503_13566_42099;1;;627;224;224;59;165;35.73;26.34
140503_13567_42099;2;;677;276;276;59;217;40.77;21.38
140503_13568_42099;3;;754;265;265;44;221;35.15;16.60
140503_13569_42099;4;;559;207;207;29;178;37.03;14.01
140503_13570_42099;5;;702;292;292;76;216;41.60;26.03
140503_13571_42099;6;;687;247;247;72;175;35.95;29.15
140504_13572_42099;1;;1242;514;517;84;430;41.38;16.34
140504_13573_42099;2;;1179;483;483;67;416;40.97;13.87
140504_13574_42099;3;;1742;745;745;81;664;42.77;10.87
140504_13575_42099;4;;1634;619;619;109;510;37.88;17.61
140504_13576_42099;5;;1341;602;604;80;522;44.89;13.29
140504_13577_42099;6;;1671;689;689;100;589;41.23;14.51
140504_13578_42099;7;;1428;657;657;141;516;46.01;21.46
140504_13579_42099;8;;1987;936;938;128;808;47.11;13.68
140504_13580_42099;9;;1740;819;819;136;683;47.07;16.61
140504_13581_42099;10;;1518;803;805;72;731;52.90;8.97
140504_13582_42099;11;;1534;688;689;76;612;44.85;11.05
140504_13583_42099;12;;1566;750;750;66;684;47.89;8.80
140504_13584_42099;13;;2000;1071;1071;93;978;53.55;8.68
140504_13585_42099;14;;996;993;993;113;880;99.70;11.38
140504_13586_42099;15;;1513;691;691;84;607;45.67;12.16
140504_13587_42099;16;;1852;863;863;173;690;46.60;20.05
140504_13588_42099;17;;1317;572;572;136;436;43.43;23.78
140504_13589_42099;18;;828;404;404;62;342;48.79;15.35
140504_13590_42099;19;;1252;623;623;72;551;49.76;11.56
140504_13591_42099;20;;1399;742;742;59;683;53.04;7.95
140504_13592_42099;21;;1275;622;622;62;560;48.78;9.97
140504_13593_42099;22;;1102;530;530;85;445;48.09;16.04
140504_29866_42099;23;;63;63;63;9;54;100.00;14.29
140504_29867_42099;24;;114;6;6;0;6;5.26;0.00
140504_29868_42099;25;;17;17;17;3;14;100.00;17.65
140504_29869_42099;26;;14;11;11;2;9;78.57;18.18
140505_13594_42099;1;;1546;780;780;174;606;50.45;22.31
140505_13595_42099;2;;1664;908;908;165;743;54.57;18.17
140505_13596_42099;3;;580;279;279;63;216;48.10;22.58
140505_13597_42099;4;;432;170;170;44;126;39.35;25.88
140505_13598_42099;5;;1761;947;947;162;785;53.78;17.11
140505_13599_42099;6;;1756;878;878;195;683;50.00;22.21
140505_13600_42099;7;;1309;683;684;100;583;52.18;14.64
140506_13601_42099;1;;1597;862;862;160;702;53.98;18.56
140506_13602_42099;2;;1389;666;666;138;528;47.95;20.72
140506_13603_42099;3;;608;325;325;52;273;53.45;16.00
140506_13604_42099;4;;1545;825;825;129;696;53.40;15.64
140506_13605_42099;5;;1016;538;538;114;424;52.95;21.19
140601_13606_42097;1;;1197;634;634;146;488;52.97;23.03
140601_13607_42097;2;;624;353;353;87;266;56.57;24.65
140601_13608_42097;3;;825;471;471;53;418;57.09;11.25
140601_13609_42097;4;;348;185;185;30;155;53.16;16.22
140601_13610_42097;5;;496;218;218;28;190;43.95;12.84
140601_13611_42097;6;;597;359;359;79;280;60.13;22.01
140601_13612_42097;7;;1012;454;454;112;342;44.86;24.67
140601_13613_42097;8;;267;193;193;16;177;72.28;8.29
140602_13614_42097;1;;1249;751;751;112;639;60.13;14.91
140602_13615_42097;2;;800;462;462;110;352;57.75;23.81
140602_13616_42097;3;;1824;869;869;171;698;47.64;19.68
140602_13617_42097;4;;1226;667;667;149;518;54.40;22.34
140602_13618_42097;5;;1220;623;623;143;480;51.07;22.95
140603_13619_42097;1;;1868;1100;1100;262;838;58.89;23.82
140603_13620_42097;2;;710;391;391;94;297;55.07;24.04
140603_13621_42097;3;;616;175;175;47;128;28.41;26.86
140603_13622_42097;4;;505;208;208;39;169;41.19;18.75
140603_13623_42097;5;;704;416;416;100;316;59.09;24.04
140603_13624_42097;6;;1475;789;789;217;572;53.49;27.50
140603_13625_42097;7;;462;288;288;62;226;62.34;21.53
140603_13626_42097;8;;1528;766;766;261;505;50.13;34.07
140604_13627_42097;1;;1086;753;753;172;581;69.34;22.84
140604_13628_42097;2;;774;477;479;114;363;61.63;23.90
140604_13629_42097;3;;504;368;368;52;316;73.02;14.13
140605_13630_42097;1;;1948;978;978;208;770;50.21;21.27
140605_13631_42097;2;;2136;1052;1052;231;821;49.25;21.96
140605_13632_42097;3;;1919;977;977;248;729;50.91;25.38
140605_13633_42097;4;;1775;894;894;154;740;50.37;17.23
140605_13634_42097;5;;1680;837;837;177;660;49.82;21.15
140605_13635_42097;6;;1693;750;750;207;543;44.30;27.60
140605_13636_42097;7;;2030;915;915;296;619;45.07;32.35
140605_13637_42097;8;;553;250;250;68;182;45.21;27.20
140605_13638_42097;9;;1199;604;604;170;434;50.38;28.15
140605_13639_42097;10;;1467;805;805;208;597;54.87;25.84
140605_13640_42097;11;;651;377;377;120;257;57.91;31.83
140605_13641_42097;12;;1104;613;613;91;522;55.53;14.85
140605_13642_42097;13;;759;469;469;112;357;61.79;23.88
140605_13643_42097;14;;626;309;309;79;230;49.36;25.57
140605_29870_42097;15;;168;85;85;14;71;50.60;16.47
140605_29871_42097;16;;133;28;28;3;25;21.05;10.71
140605_29872_42097;17;;82;40;40;18;22;48.78;45.00
140606_13644_42097;1;;2034;1121;1121;343;778;55.11;30.60
140606_13645_42097;2;;797;474;474;122;352;59.47;25.74
140606_13646_42097;3;;648;317;317;81;236;48.92;25.55
140606_13647_42097;4;;831;456;456;116;340;54.87;25.44
140607_13648_42097;1;;1263;719;719;192;527;56.93;26.70
140607_13649_42097;2;;1022;651;651;159;492;63.70;24.42
140607_13650_42097;3;;1446;796;799;224;572;55.05;28.14
140607_13651_42097;4;;706;381;381;111;270;53.97;29.13
140607_13652_42097;5;;576;317;317;82;235;55.03;25.87
140607_13653_42097;6;;593;319;320;92;227;53.79;28.84
140607_13654_42097;7;;758;409;411;93;316;53.96;22.74
140607_13655_42097;8;;590;328;330;56;272;55.59;17.07
140607_13656_42097;9;;464;238;238;85;153;51.29;35.71
140608_13657_42097;1;;1808;1086;1086;183;903;60.07;16.85
140608_13658_42097;2;;1514;966;966;152;814;63.80;15.73
140608_13659_42097;3;;1267;853;853;194;659;67.32;22.74
140608_13660_42097;4;;980;632;632;160;472;64.49;25.32
140608_13661_42097;5;;1344;807;807;123;684;60.04;15.24
140608_29873_42097;6;;25;11;11;2;9;44.00;18.18
140609_13662_42097;1;;1006;644;644;143;501;64.02;22.20
140609_13663_42097;2;;660;491;491;138;353;74.39;28.11
140609_13664_42097;3;;775;550;550;113;437;70.97;20.55
140609_13665_42097;4;;1383;948;950;217;731;68.55;22.89
140611_13666_42097;1;;1846;1154;1154;207;947;62.51;17.94
140611_13667_42097;2;;1709;973;973;233;740;56.93;23.95
140611_13668_42097;3;;1290;685;685;166;519;53.10;24.23
140611_13669_42097;4;;1115;549;550;147;402;49.24;26.78
140611_13670_42097;5;;1708;920;922;275;645;53.86;29.89
140611_13671_42097;6;;1749;1037;1037;198;839;59.29;19.09
140611_13672_42097;7;;684;302;304;57;245;44.15;18.87
140611_13673_42097;8;;1213;627;628;208;419;51.69;33.17
140611_13674_42097;9;;570;294;294;68;226;51.58;23.13
140611_13675_42097;10;;678;354;354;77;277;52.21;21.75
140611_13676_42097;11;;616;338;338;89;249;54.87;26.33
140611_13677_42097;12;;864;413;413;74;339;47.80;17.92
140611_13678_42097;13;;531;259;259;57;202;48.78;22.01
140611_13679_42097;14;;861;418;418;56;362;48.55;13.40
140701_13680_42097;1;;590;367;367;71;296;62.20;19.35
140701_13681_42097;2;;1270;732;732;128;604;57.64;17.49
140701_13682_42097;3;;1570;922;922;207;715;58.73;22.45
140701_13683_42097;4;;509;296;296;60;236;58.15;20.27
140701_13684_42097;5;;477;279;279;70;209;58.49;25.09
140701_29874_42097;6;;376;72;72;13;59;19.15;18.06
140702_13685_42097;1;;1634;1078;1078;234;844;65.97;21.71
140702_13686_42097;2;;611;396;396;119;277;64.81;30.05
140702_13687_42097;3;;1451;1062;1062;269;793;73.19;25.33
140702_13688_42097;4;;636;458;458;146;312;72.01;31.88
140702_13689_42097;5;;1244;791;791;193;598;63.59;24.40
140702_13690_42097;6;;619;450;450;150;300;72.70;33.33
140703_13691_42097;1;;549;383;383;96;287;69.76;25.07
140703_13692_42097;2;;1111;722;722;202;520;64.99;27.98
140703_13693_42097;3;;1048;701;703;191;510;66.89;27.25
140703_13694_42097;4;;628;396;397;115;281;63.06;29.04
140704_13695_42097;1;;1255;804;804;208;596;64.06;25.87
140704_13696_42097;2;;933;576;576;193;383;61.74;33.51
140704_13697_42097;3;;575;402;402;150;252;69.91;37.31
140704_13698_42097;4;;416;224;224;52;172;53.85;23.21
140705_13699_42097;1;;1022;540;540;159;381;52.84;29.44
140705_13700_42097;2;;1199;618;618;144;474;51.54;23.30
140705_13701_42097;3;;847;556;556;166;390;65.64;29.86
140705_13702_42097;4;;1092;581;582;128;453;53.21;22.03
140705_13703_42097;5;;1454;837;837;214;623;57.57;25.57
140705_13704_42097;6;;957;581;581;110;471;60.71;18.93
140705_13705_42097;7;;1225;646;646;154;492;52.73;23.84
140705_13706_42097;8;;1015;541;541;114;427;53.30;21.07
140705_13707_42097;9;;667;369;369;76;293;55.32;20.60
140705_13708_42097;10;;532;272;272;64;208;51.13;23.53
140705_13709_42097;11;;1169;674;674;93;581;57.66;13.80
140705_13710_42097;12;;1316;627;627;94;533;47.64;14.99
140705_13711_42097;13;;1249;600;600;117;483;48.04;19.50
140705_13712_42097;14;;1216;653;653;142;511;53.70;21.75
140705_13713_42097;15;;1059;647;647;86;561;61.10;13.29
140705_13714_42097;16;;1276;694;694;97;597;54.39;13.98
140705_13715_42097;17;;1118;554;554;138;416;49.55;24.91
140705_13716_42097;18;;1243;589;589;82;507;47.39;13.92
140705_13717_42097;19;;1363;666;666;136;530;48.86;20.42
140705_13718_42097;20;;1367;656;656;105;551;47.99;16.01
140705_13719_42097;21;;77;53;53;15;38;68.83;28.30
140705_13720_42097;22;;1054;548;548;101;447;51.99;18.43
140705_13721_42097;23;;1468;757;757;110;647;51.57;14.53
140705_29875_42097;24;;201;19;19;4;15;9.45;21.05
140706_13722_42097;1;;957;687;687;133;554;71.79;19.36
140706_13723_42097;2;;893;637;637;168;469;71.33;26.37
140706_13724_42097;3;;722;447;447;125;322;61.91;27.96
140706_13725_42097;4;;336;243;243;49;194;72.32;20.16
140706_13726_42097;5;;433;290;290;70;220;66.97;24.14
140706_13727_42097;6;;600;380;380;95;285;63.33;25.00
140706_13728_42097;7;;581;332;332;94;238;57.14;28.31
140706_13729_42097;8;;823;625;625;173;452;75.94;27.68
140706_13730_42097;9;;316;245;245;76;169;77.53;31.02
140707_13731_42097;1;;774;377;378;107;270;48.71;28.38
140707_13732_42097;2;;1269;772;772;181;591;60.84;23.45
140707_13733_42097;3;;1296;726;726;216;510;56.02;29.75
140801_13734_42099;1;;1586;770;770;93;677;48.55;12.08
140801_13735_42099;2;;1887;692;694;137;555;36.67;19.80
140801_13736_42099;3;;1916;877;877;108;769;45.77;12.31
140801_13737_42099;4;;1735;799;799;91;708;46.05;11.39
140801_13738_42099;5;;2275;858;858;162;696;37.71;18.88
140801_13739_42099;6;;2129;999;999;137;862;46.92;13.71
140801_13740_42099;7;;2366;1094;1094;196;898;46.24;17.92
140801_13741_42099;8;;1998;946;946;103;843;47.35;10.89
140801_13742_42099;9;;2123;921;921;179;742;43.38;19.44
140801_13743_42099;10;;2271;1075;1075;146;929;47.34;13.58
140801_13744_42099;11;;1005;523;523;65;458;52.04;12.43
140801_13745_42099;12;;1613;710;710;78;632;44.02;10.99
140801_13746_42099;13;;1241;657;657;65;592;52.94;9.89
140801_13747_42099;14;;1685;730;730;93;637;43.32;12.74
140801_13748_42099;15;;1627;717;717;101;616;44.07;14.09
140801_13749_42099;16;;1537;673;673;71;602;43.79;10.55
140801_13750_42099;17;;1883;778;778;95;683;41.32;12.21
140801_13751_42099;18;;1918;873;873;72;801;45.52;8.25
140801_13752_42099;19;;1584;707;707;79;628;44.63;11.17
140801_13753_42099;20;;1574;690;691;76;614;43.84;11.01
140801_13754_42099;21;;1782;773;773;98;675;43.38;12.68
140801_13755_42099;22;;2058;896;896;139;757;43.54;15.51
140801_13756_42099;23;;1256;612;612;47;565;48.73;7.68
140801_29876_42099;24;;77;52;52;5;47;67.53;9.62
140802_13757_42099;1;;1770;904;908;150;754;51.07;16.59
140802_13758_42099;2;;1840;882;882;132;750;47.93;14.97
140802_13759_42099;3;;1198;590;590;56;534;49.25;9.49
140802_13760_42099;4;;1413;803;803;158;645;56.83;19.68
140802_13761_42099;5;;1123;650;650;144;506;57.88;22.15
140802_13762_42099;6;;1698;991;991;164;827;58.36;16.55
140802_13763_42099;7;;1939;1152;1152;154;998;59.41;13.37
140802_13764_42099;8;;1045;508;508;98;410;48.61;19.29
140802_13765_42099;9;;896;478;478;92;386;53.35;19.25
140803_13766_42099;1;;776;489;490;25;464;63.02;5.11
140803_13767_42099;2;;932;578;578;66;512;62.02;11.42
140803_13768_42099;3;;678;437;437;72;365;64.45;16.48
140803_13769_42099;4;;893;538;538;110;428;60.25;20.45
140803_13770_42099;5;;1197;684;686;197;487;57.14;28.80
140803_13771_42099;6;;823;476;476;49;427;57.84;10.29
140803_13772_42099;7;;680;447;447;94;353;65.74;21.03
140803_13773_42099;8;;792;435;436;86;349;54.92;19.77
140803_13774_42099;9;;1038;634;634;95;539;61.08;14.98
140803_13775_42099;10;;595;373;373;33;340;62.69;8.85
140803_13776_42099;11;;758;382;382;45;337;50.40;11.78
140803_13777_42099;12;;777;480;480;117;363;61.78;24.38
140803_13778_42099;13;;736;419;419;128;291;56.93;30.55
140804_13779_42099;1;;1960;1141;1141;253;888;58.21;22.17
140804_13780_42099;2;;1352;834;834;252;582;61.69;30.22
140804_13781_42099;3;;1465;978;978;312;666;66.76;31.90
140804_13782_42099;4;;2062;1067;1067;246;821;51.75;23.06
140804_13783_42099;5;;1864;906;906;206;700;48.61;22.74
140804_13784_42099;6;;1591;885;885;173;712;55.63;19.55
140804_13785_42099;7;;866;441;441;67;374;50.92;15.19
140805_13786_42099;1;;1320;756;756;133;623;57.27;17.59
140805_13787_42099;2;;659;440;441;73;367;66.77;16.59
140805_13788_42099;3;;2003;1232;1232;232;1000;61.51;18.83
140805_13789_42099;4;;1395;780;782;156;624;55.91;20.00
140805_13790_42099;5;;1687;974;974;159;815;57.74;16.32
140805_13791_42099;6;;1405;750;750;129;621;53.38;17.20
140805_13792_42099;7;;1252;725;725;86;639;57.91;11.86
140805_29877_42099;8;;41;24;24;3;21;58.54;12.50
140901_13794_42097;1;;481;283;283;76;207;58.84;26.86
140901_13795_42097;2;;847;505;505;138;367;59.62;27.33
140901_13796_42097;3;;712;234;234;58;176;32.87;24.79
140902_13797_42097;1;;355;232;232;66;166;65.35;28.45
140902_13798_42097;2;;511;250;250;53;197;48.92;21.20
140902_13799_42097;3;;735;450;450;51;399;61.22;11.33
140902_13800_42097;4;;1741;921;921;206;715;52.90;22.37
140902_13801_42097;5;;704;433;433;91;342;61.51;21.02
140902_13802_42097;6;;322;207;207;28;179;64.29;13.53
140902_13803_42097;7;;364;220;220;50;170;60.44;22.73
140903_13804_42097;1;;1715;953;953;109;844;55.57;11.44
140903_13805_42097;2;;1378;737;740;116;621;53.48;15.74
140903_13806_42097;3;;1772;1028;1029;182;846;58.01;17.70
140903_13807_42097;4;;544;273;273;49;224;50.18;17.95
140903_13808_42097;5;;1026;516;516;111;405;50.29;21.51
140903_13809_42097;6;;888;485;485;63;422;54.62;12.99
140903_13810_42097;7;;243;105;105;21;84;43.21;20.00
140903_13811_42097;8;;812;404;404;86;318;49.75;21.29
140903_13812_42097;9;;553;328;328;58;270;59.31;17.68
140903_13813_42097;10;;670;404;404;52;352;60.30;12.87
140903_13814_42097;11;;89;24;24;9;15;26.97;37.50
140903_29878_42097;12;;78;49;49;17;32;62.82;34.69
140904_13815_42097;1;;1357;848;848;182;666;62.49;21.46
140904_13816_42097;2;;380;246;247;59;187;64.74;23.98
140904_13817_42097;3;;1069;609;609;190;419;56.97;31.20
140904_13818_42097;4;;487;250;250;51;199;51.33;20.40
140904_13819_42097;5;;507;265;266;59;206;52.27;22.26
140905_13820_42097;1;;2004;1171;1172;229;942;58.43;19.56
140905_13821_42097;2;;492;275;275;57;218;55.89;20.73
140905_13822_42097;3;;659;312;312;83;229;47.34;26.60
140905_13823_42097;4;;467;309;309;66;243;66.17;21.36
140905_13824_42097;5;;937;542;542;112;430;57.84;20.66
140905_13825_42097;6;;544;339;339;74;265;62.32;21.83
140906_13826_42097;1;;1211;762;762;164;598;62.92;21.52
140906_13827_42097;2;;290;148;148;40;108;51.03;27.03
140906_13828_42097;3;;531;308;308;100;208;58.00;32.47
140906_13829_42097;4;;654;380;380;96;284;58.10;25.26
140906_13830_42097;5;;433;284;285;86;198;65.59;30.28
140906_13831_42097;6;;754;487;487;164;323;64.59;33.68
140906_13832_42097;7;;230;127;127;22;105;55.22;17.32
140906_13833_42097;8;;376;197;197;44;153;52.39;22.34
141001_13834_42098;1;;756;455;455;81;374;60.19;17.80
141001_13835_42098;2;;569;299;299;67;232;52.55;22.41
141001_13836_42098;3;;448;246;246;9;237;54.91;3.66
141001_13837_42098;4;;609;272;273;73;199;44.66;26.84
141002_13838_42098;1;;2152;1142;1142;139;1003;53.07;12.17
141002_13839_42098;2;;1445;795;795;99;696;55.02;12.45
141002_13840_42098;3;;1179;603;603;71;532;51.15;11.77
141002_13841_42098;4;;1514;839;841;137;702;55.42;16.33
141002_13842_42098;5;;639;323;323;49;274;50.55;15.17
141002_13843_42098;6;;1148;591;591;133;458;51.48;22.50
141002_13844_42098;7;;587;272;272;40;232;46.34;14.71
141002_13845_42098;8;;490;266;266;75;191;54.29;28.20
141002_29879_42098;9;;87;18;18;4;14;20.69;22.22
141003_13846_42098;1;;508;359;359;86;273;70.67;23.96
141003_13847_42098;2;;541;288;288;65;223;53.23;22.57
141003_13848_42098;3;;884;515;515;101;414;58.26;19.61
141003_13849_42098;4;;574;386;386;68;318;67.25;17.62
141004_13850_42098;1;;661;357;357;49;308;54.01;13.73
141004_13851_42098;2;;765;404;404;58;346;52.81;14.36
141004_13852_42098;3;;953;432;433;57;375;45.33;13.19
141004_13853_42098;4;;441;233;233;33;200;52.83;14.16
141004_13854_42098;5;;427;207;208;29;178;48.48;14.01
141004_13855_42098;6;;348;163;163;11;152;46.84;6.75
141004_13856_42098;7;;527;264;264;27;237;50.09;10.23
141005_13857_42098;1;;1266;687;687;105;582;54.27;15.28
141005_13858_42098;2;;980;520;520;74;446;53.06;14.23
141005_13859_42098;3;;1041;587;587;101;486;56.39;17.21
141005_13860_42098;4;;953;559;559;105;454;58.66;18.78
141006_13861_42098;1;;1138;671;671;156;515;58.96;23.25
141006_13862_42098;2;;914;463;463;98;365;50.66;21.17
141006_13863_42098;3;;648;363;364;57;306;56.02;15.70
141006_13864_42098;4;;573;298;298;54;244;52.01;18.12
141006_13865_42098;5;;772;422;422;104;318;54.66;24.64
141101_13866_42098;1;;1238;628;628;132;496;50.73;21.02
141101_13867_42098;2;;1524;793;793;184;609;52.03;23.20
141101_13868_42098;3;;1828;965;965;190;775;52.79;19.69
141101_13869_42098;4;;1682;899;899;145;754;53.45;16.13
141101_13870_42098;5;;1703;817;817;125;692;47.97;15.30
141101_29880_42098;6;;107;12;12;3;9;11.21;25.00
141101_29881_42098;7;;25;10;10;5;5;40.00;50.00
141102_13871_42098;1;;1070;874;874;269;605;81.68;30.78
141102_13872_42098;2;;784;499;499;187;312;63.65;37.47
141102_13873_42098;3;;170;107;107;29;78;62.94;27.10
141102_13874_42098;4;;193;129;129;33;96;66.84;25.58
141103_13875_42098;1;;1965;1006;1008;245;761;51.20;24.35
141103_13876_42098;2;;666;431;431;92;339;64.71;21.35
141103_13877_42098;3;;775;445;445;105;340;57.42;23.60
141103_13878_42098;4;;839;489;489;117;372;58.28;23.93
141104_13879_42098;1;;1427;832;832;186;646;58.30;22.36
141104_13880_42098;2;;1087;669;669;135;534;61.55;20.18
141104_13881_42098;3;;599;338;338;75;263;56.43;22.19
141104_13882_42098;4;;426;234;234;41;193;54.93;17.52
141104_13883_42098;5;;1279;692;692;160;532;54.10;23.12
141104_13884_42098;6;;460;278;278;72;206;60.43;25.90
141105_13885_42098;1;;753;528;528;88;440;70.12;16.67
141105_13886_42098;2;;325;201;201;43;158;61.85;21.39
141105_13887_42098;3;;336;246;246;44;202;73.21;17.89
141106_13888_42098;1;;580;323;323;67;256;55.69;20.74
141106_13889_42098;2;;246;157;157;21;136;63.82;13.38
141106_13890_42098;3;;849;550;550;121;429;64.78;22.00
141106_13891_42098;4;;549;367;367;60;307;66.85;16.35
141106_13892_42098;5;;1100;448;448;61;387;40.73;13.62
141106_13893_42098;6;;745;345;345;69;276;46.31;20.00
141106_13894_42098;7;;318;217;217;49;168;68.24;22.58
141106_13895_42098;8;;286;153;153;36;117;53.50;23.53
141107_13896_42098;1;;1070;713;713;210;503;66.64;29.45
141107_13897_42098;2;;1200;768;768;176;592;64.00;22.92
141107_13898_42098;3;;1431;947;947;294;653;66.18;31.05
141108_13899_42098;1;;1274;954;954;263;691;74.88;27.57
141108_13900_42098;2;;312;202;202;65;137;64.74;32.18
141108_13901_42098;3;;363;260;260;90;170;71.63;34.62
141108_13902_42098;4;;252;179;179;66;113;71.03;36.87
141110_13907_42098;1;;1056;699;699;186;513;66.19;26.61
141110_13908_42098;2;;571;311;311;44;267;54.47;14.15
141110_13909_42098;3;;226;171;171;28;143;75.66;16.37
141110_13910_42098;4;;356;225;225;65;160;63.20;28.89
141110_13911_42098;5;;372;206;206;39;167;55.38;18.93
141110_13912_42098;6;;196;118;118;26;92;60.20;22.03
141110_13913_42098;7;;217;123;123;34;89;56.68;27.64
141201_13914_42098;1;;1516;835;835;163;672;55.08;19.52
141201_13915_42098;2;;1497;726;726;84;642;48.50;11.57
141201_13916_42098;3;;1483;835;835;132;703;56.30;15.81
141201_13917_42098;4;;1592;744;745;80;664;46.73;10.75
141201_13918_42098;5;;1888;884;884;92;792;46.82;10.41
141201_13919_42098;6;;1516;675;675;76;599;44.53;11.26
141201_13920_42098;7;;1883;881;881;133;748;46.79;15.10
141201_13921_42098;8;;1657;868;868;97;771;52.38;11.18
141201_13922_42098;9;;1918;835;835;168;667;43.53;20.12
141201_13923_42098;10;;1430;621;621;46;575;43.43;7.41
141201_13924_42098;11;;1633;699;699;65;634;42.80;9.30
141201_13925_42098;12;;1334;552;552;78;474;41.38;14.13
141201_13926_42098;13;;1338;579;579;100;479;43.27;17.27
141201_13927_42098;14;;1340;559;559;161;398;41.72;28.80
141201_13928_42098;15;;1331;488;488;70;418;36.66;14.34
141201_13929_42098;16;;820;392;392;39;353;47.80;9.95
141201_13930_42098;17;;1411;608;609;73;535;43.09;12.01
141201_13931_42098;18;;1057;500;500;22;478;47.30;4.40
141201_13932_42098;19;;1514;645;645;80;565;42.60;12.40
141201_13933_42098;20;;1178;551;551;59;492;46.77;10.71
141201_13934_42098;21;;1293;573;573;121;452;44.32;21.12
141201_29882_42098;22;;126;4;4;1;3;3.17;25.00
141204_13935_42098;1;;1820;1103;1103;216;887;60.60;19.58
141204_13936_42098;2;;447;263;263;74;189;58.84;28.14
141204_13937_42098;3;;446;227;227;35;192;50.90;15.42
141204_13938_42098;4;;606;329;329;88;241;54.29;26.75
141204_13939_42098;5;;686;362;362;74;288;52.77;20.44
141204_13940_42098;6;;816;346;346;66;280;42.40;19.08
141204_29883_42098;7;;120;35;35;18;17;29.17;51.43
141205_13941_42098;1;;1282;658;661;155;503;51.33;23.56
141205_13942_42098;2;;1186;611;611;139;472;51.52;22.75
141205_13943_42098;3;;1079;502;502;112;390;46.52;22.31
141205_13944_42098;4;;1758;909;909;192;717;51.71;21.12
141205_13945_42098;5;;1337;795;795;178;617;59.46;22.39
141205_13946_42098;6;;805;525;525;115;410;65.22;21.90
141206_13947_42098;1;;1153;686;687;152;534;59.50;22.16
141206_13948_42098;2;;868;467;468;125;342;53.80;26.77
141206_13949_42098;3;;1078;538;538;151;387;49.91;28.07
141206_13950_42098;4;;762;330;331;96;234;43.31;29.09
141206_13951_42098;5;;959;524;524;153;371;54.64;29.20
141207_13952_42098;1;;998;521;521;85;436;52.20;16.31
141207_13953_42098;2;;1788;996;999;203;793;55.70;20.38
141207_13954_42098;3;;1689;805;805;201;604;47.66;24.97
141207_13955_42098;4;;1726;923;923;219;704;53.48;23.73
141207_13956_42098;5;;475;247;247;89;158;52.00;36.03
141207_13957_42098;6;;788;385;385;65;320;48.86;16.88
141207_13958_42098;7;;911;460;460;73;387;50.49;15.87
141207_13959_42098;8;;867;445;445;116;329;51.33;26.07
141207_13960_42098;9;;785;428;428;86;342;54.52;20.09
141207_13961_42098;10;;1398;737;737;146;591;52.72;19.81
141208_13962_42098;1;;1833;1086;1089;275;811;59.25;25.32
141208_13963_42098;2;;464;292;292;48;244;62.93;16.44
141208_13964_42098;3;;1009;546;546;114;432;54.11;20.88
141208_13965_42098;4;;708;379;380;109;270;53.53;28.76
141209_13966_42098;1;;1276;820;820;188;632;64.26;22.93
141209_13967_42098;2;;1032;708;708;147;561;68.60;20.76
141209_13968_42098;3;;1290;692;692;186;506;53.64;26.88
141209_13969_42098;4;;490;333;333;75;258;67.96;22.52
141209_13970_42098;5;;683;349;349;125;224;51.10;35.82
141210_13971_42098;1;;1158;620;620;163;457;53.54;26.29
141210_13972_42098;2;;619;275;275;68;207;44.43;24.73
141210_13973_42098;3;;1466;742;742;209;533;50.61;28.17
141210_13974_42098;4;;1017;587;587;195;392;57.72;33.22
141211_13975_42098;1;;744;326;326;60;266;43.82;18.40
141211_13976_42098;2;;966;478;478;72;406;49.48;15.06
141211_13977_42098;3;;1457;684;684;139;545;46.95;20.32
141211_13978_42098;4;;1323;590;590;139;451;44.60;23.56
141211_13979_42098;5;;826;352;352;64;288;42.62;18.18
141211_13980_42098;6;;1828;949;949;194;755;51.91;20.44
141211_13981_42098;7;;703;325;325;72;253;46.23;22.15
141211_13982_42098;8;;946;434;434;61;373;45.88;14.06
141211_13983_42098;9;;703;414;414;72;342;58.89;17.39
141211_13984_42098;10;;738;435;435;63;372;58.94;14.48
141211_13985_42098;11;;619;309;310;52;257;49.92;16.83
141211_13986_42098;12;;406;228;228;42;186;56.16;18.42
141212_13987_42098;1;;524;169;169;43;126;32.25;25.44
141212_13988_42098;2;;634;224;224;47;177;35.33;20.98
141212_13989_42098;3;;531;191;191;64;127;35.97;33.51
141212_13990_42098;4;;477;166;166;46;120;34.80;27.71
141212_13991_42098;5;;389;157;157;40;117;40.36;25.48
141212_13992_42098;6;;1427;701;701;147;554;49.12;20.97
141212_13993_42098;7;;897;408;408;174;234;45.48;42.65
141212_13994_42098;8;;967;489;489;85;404;50.57;17.38
141212_13995_42098;9;;1064;488;488;128;360;45.86;26.23
141212_30820_42098;10;;157;29;29;4;25;18.47;13.79
141213_13996_42098;1;;1689;912;912;174;738;54.00;19.08
141213_13997_42098;2;;725;377;379;95;282;52.00;25.20
141213_13998_42098;3;;697;322;322;88;234;46.20;27.33
141213_13999_42098;4;;732;268;268;82;186;36.61;30.60
141213_14000_42098;5;;1124;523;523;112;411;46.53;21.41
141213_14001_42098;6;;746;339;339;88;251;45.44;25.96
141214_14002_42098;1;;1332;837;837;189;648;62.84;22.58
141214_14003_42098;2;;1283;727;727;190;537;56.66;26.13
141214_14004_42098;3;;598;309;309;62;247;51.67;20.06
141214_14005_42098;4;;1220;628;628;178;450;51.48;28.34
141214_14006_42098;5;;847;429;429;77;352;50.65;17.95
141215_14007_42098;1;;2310;1142;1152;126;1016;49.44;11.03
141215_14008_42098;2;;1294;703;703;70;633;54.33;9.96
141215_14009_42098;3;;2230;1219;1219;176;1043;54.66;14.44
141215_14010_42098;4;;2086;1044;1044;187;857;50.05;17.91
141215_14011_42098;5;;1195;617;617;83;534;51.63;13.45
141215_14012_42098;6;;1986;983;983;171;812;49.50;17.40
141215_14013_42098;7;;989;579;580;84;495;58.54;14.51
141215_14014_42098;8;;1387;746;746;147;599;53.79;19.71
141215_14015_42098;9;;1860;1040;1040;247;793;55.91;23.75
141301_14016_42096;1;;1144;554;554;145;409;48.43;26.17
141301_14017_42096;2;;1171;492;492;125;367;42.02;25.41
141301_14018_42096;3;;1142;558;558;105;453;48.86;18.82
141301_14019_42096;4;;949;457;457;69;388;48.16;15.10
141301_14020_42096;5;;1401;687;687;99;588;49.04;14.41
141301_14021_42096;6;;1293;631;633;104;527;48.80;16.48
141301_14022_42096;7;;1210;468;468;123;345;38.68;26.28
141301_14023_42096;8;;1217;545;545;81;464;44.78;14.86
141301_14024_42096;9;;1193;614;614;84;530;51.47;13.68
141301_14025_42096;10;;1232;450;450;88;362;36.53;19.56
141301_14026_42096;11;;1212;519;519;138;381;42.82;26.59
141301_14027_42096;12;;1286;672;672;155;517;52.26;23.07
141301_14028_42096;13;;1133;474;474;115;359;41.84;24.26
141301_14029_42096;14;;1205;556;556;99;457;46.14;17.81
141301_14030_42096;15;;1220;539;539;105;434;44.18;19.48
141301_14031_42096;16;;1089;545;545;86;459;50.05;15.78
141301_14032_42096;17;;962;519;519;100;419;53.95;19.27
141301_14033_42096;18;;1085;527;527;113;414;48.57;21.44
141301_14034_42096;19;;972;443;443;108;335;45.58;24.38
141301_14035_42096;20;;1156;491;491;86;405;42.47;17.52
141301_14036_42096;21;;1196;580;580;117;463;48.49;20.17
141301_29884_42096;22;;94;24;24;5;19;25.53;20.83
141302_14037_42096;1;;557;347;347;96;251;62.30;27.67
141302_14038_42096;2;;322;215;215;52;163;66.77;24.19
141302_14039_42096;3;;701;444;444;97;347;63.34;21.85
141302_14040_42096;4;;646;335;335;117;218;51.86;34.93
141302_14041_42096;5;;482;267;267;82;185;55.39;30.71
141303_14042_42096;1;;1208;817;817;317;500;67.63;38.80
141303_14043_42096;2;;1070;708;708;287;421;66.17;40.54
141303_14044_42096;3;;859;625;625;207;418;72.76;33.12
141303_14045_42096;4;;796;463;463;130;333;58.17;28.08
141304_14046_42096;1;;409;272;272;102;170;66.50;37.50
141304_14047_42096;2;;179;138;138;27;111;77.09;19.57
141304_14048_42096;3;;1570;1055;1055;315;740;67.20;29.86
141304_14049_42096;4;;657;426;426;176;250;64.84;41.31
141305_14050_42096;1;;999;490;490;118;372;49.05;24.08
141305_14051_42096;2;;1333;620;620;176;444;46.51;28.39
141305_14052_42096;3;;467;224;224;59;165;47.97;26.34
141305_14053_42096;4;;654;346;346;97;249;52.91;28.03
141305_14054_42096;5;;1630;833;833;263;570;51.10;31.57
141305_14055_42096;6;;1283;651;651;185;466;50.74;28.42
141306_14056_42096;1;;1675;1090;1090;384;706;65.07;35.23
141306_14057_42096;2;;1504;995;995;336;659;66.16;33.77
141306_14058_42096;3;;823;563;563;221;342;68.41;39.25
141307_14059_42096;1;;2140;1315;1315;327;988;61.45;24.87
141307_14060_42096;2;;672;388;389;80;308;57.74;20.62
141307_14061_42096;3;;690;414;414;109;305;60.00;26.33
141308_14062_42096;1;;1516;915;915;225;690;60.36;24.59
141308_14063_42096;2;;1378;925;925;186;739;67.13;20.11
141308_14064_42096;3;;863;580;580;142;438;67.21;24.48
141309_14065_42096;1;;1110;788;788;201;587;70.99;25.51
141309_14066_42096;2;;574;344;344;121;223;59.93;35.17
141309_14067_42096;3;;1036;615;615;204;411;59.36;33.17
141309_14068_42096;4;;530;348;348;88;260;65.66;25.29
141310_14069_42096;1;;1061;593;593;231;362;55.89;38.95
141310_14070_42096;2;;1105;711;711;194;517;64.34;27.29
141310_14071_42096;3;;1242;779;779;177;602;62.72;22.72
141310_14072_42096;4;;787;483;484;190;293;61.37;39.34
141310_29885_42096;5;;29;16;16;3;13;55.17;18.75
141401_14073_42099;1;;1109;504;504;98;406;45.45;19.44
141401_14074_42099;2;;2350;1092;1092;181;911;46.47;16.58
141401_14075_42099;3;;2194;1129;1129;202;927;51.46;17.89
141401_14076_42099;4;;1863;786;786;172;614;42.19;21.88
141401_14077_42099;5;;1818;873;873;162;711;48.02;18.56
141401_14078_42099;6;;1247;583;583;170;413;46.75;29.16
141401_14079_42099;7;;1112;551;551;135;416;49.55;24.50
141401_14080_42099;8;;2206;1027;1028;224;803;46.55;21.81
141401_14081_42099;9;;1685;787;790;164;623;46.71;20.84
141401_14082_42099;10;;2200;977;977;254;723;44.41;26.00
141401_14083_42099;11;;2044;913;913;194;719;44.67;21.25
141401_14084_42099;12;;2223;1200;1200;344;856;53.98;28.67
141401_29886_42099;13;;35;14;14;2;12;40.00;14.29
141402_14085_42099;1;;1196;784;784;178;606;65.55;22.70
141402_14086_42099;2;;1719;1112;1112;284;828;64.69;25.54
141402_14087_42099;3;;1464;828;828;165;663;56.56;19.93
141402_14088_42099;4;;1202;622;623;196;426;51.75;31.51
141402_14089_42099;5;;1810;1060;1060;206;854;58.56;19.43
141402_14090_42099;6;;752;417;417;95;322;55.45;22.78
141403_14091_42099;1;;456;265;265;94;171;58.11;35.47
141403_14092_42099;2;;1491;880;880;230;650;59.02;26.14
141403_14093_42099;3;;1373;745;745;190;555;54.26;25.50
141403_14094_42099;4;;1243;714;714;195;519;57.44;27.31
141404_14095_42099;1;;870;412;412;92;320;47.36;22.33
141404_14096_42099;2;;791;405;405;87;318;51.20;21.48
141404_14097_42099;3;;1068;528;528;88;440;49.44;16.67
141404_14098_42099;4;;1095;550;550;123;427;50.23;22.36
141404_14099_42099;5;;1161;520;520;100;420;44.79;19.23
141404_14100_42099;6;;1053;536;536;109;427;50.90;20.34
141404_14101_42099;7;;1151;590;591;112;478;51.26;18.98
141404_14102_42099;8;;1281;583;583;128;455;45.51;21.96
141404_14103_42099;9;;1162;603;603;133;470;51.89;22.06
141404_14104_42099;10;;978;576;576;169;407;58.90;29.34
141404_14105_42099;11;;1141;663;663;108;555;58.11;16.29
141404_14106_42099;12;;699;369;369;70;299;52.79;18.97
141404_14107_42099;13;;955;416;416;74;342;43.56;17.79
141404_14108_42099;14;;1059;598;598;100;498;56.47;16.72
141404_14109_42099;15;;1273;618;618;211;407;48.55;34.14
141404_29887_42099;16;;69;46;46;11;35;66.67;23.91
141405_14110_42099;1;;943;540;540;93;447;57.26;17.22
141405_14111_42099;2;;996;579;579;92;487;58.13;15.89
141405_14112_42099;3;;1625;916;916;176;740;56.37;19.21
141405_14113_42099;4;;1152;635;635;168;467;55.12;26.46
141405_14114_42099;5;;483;274;274;63;211;56.73;22.99
141405_14115_42099;6;;509;272;272;49;223;53.44;18.01
141405_14116_42099;7;;1114;720;720;225;495;64.63;31.25
141405_14117_42099;8;;471;332;332;64;268;70.49;19.28
141406_14118_42099;1;;1398;913;913;308;605;65.31;33.73
141406_14119_42099;2;;1254;829;829;301;528;66.11;36.31
141406_14120_42099;3;;697;475;475;133;342;68.15;28.00
141406_14121_42099;4;;1024;633;634;176;457;61.82;27.80
141406_14122_42099;5;;794;392;392;180;212;49.37;45.92
141501_14123_42098;1;;1420;717;717;162;555;50.49;22.59
141501_14124_42098;2;;587;241;241;46;195;41.06;19.09
141501_14125_42098;3;;628;230;230;51;179;36.62;22.17
141501_14126_42098;4;;1154;595;595;175;420;51.56;29.41
141501_14127_42098;5;;458;233;233;59;174;50.87;25.32
141501_14128_42098;6;;1172;353;353;77;276;30.12;21.81
141502_14129_42098;1;;712;383;384;106;277;53.79;27.68
141502_14130_42098;2;;284;128;128;22;106;45.07;17.19
141502_14131_42098;3;;227;125;125;43;82;55.07;34.40
141502_14132_42098;4;;817;411;411;141;270;50.31;34.31
141503_14133_42098;1;;1695;1103;1103;289;814;65.07;26.20
141503_14134_42098;2;;259;130;130;52;78;50.19;40.00
141503_14135_42098;3;;217;134;134;47;87;61.75;35.07
141503_14136_42098;4;;530;300;300;92;208;56.60;30.67
141503_14137_42098;5;;922;578;578;128;450;62.69;22.15
141503_14138_42098;6;;246;152;152;28;124;61.79;18.42
141503_14139_42098;7;;330;188;193;49;139;56.97;26.06
141504_14140_42098;1;;1760;989;989;278;711;56.19;28.11
141504_14141_42098;2;;1339;679;679;179;500;50.71;26.36
141504_14142_42098;3;;926;477;477;157;320;51.51;32.91
141504_14143_42098;4;;911;505;505;179;326;55.43;35.45
141504_14144_42098;5;;504;251;251;64;187;49.80;25.50
141504_14145_42098;6;;753;378;378;134;244;50.20;35.45
141504_14146_42098;7;;430;241;241;61;180;56.05;25.31
141504_14147_42098;8;;354;228;228;61;167;64.41;26.75
141505_14148_42098;1;;502;304;306;77;227;60.56;25.33
141505_14149_42098;2;;568;295;295;67;228;51.94;22.71
141505_14150_42098;3;;613;376;376;106;270;61.34;28.19
141505_14151_42098;4;;510;271;271;84;187;53.14;31.00
141505_14152_42098;5;;734;449;449;116;333;61.17;25.84
141505_14153_42098;6;;495;319;319;80;239;64.44;25.08
141505_14154_42098;7;;770;461;461;178;283;59.87;38.61
141505_14155_42098;8;;788;389;389;101;288;49.37;25.96
141505_14156_42098;9;;500;297;297;78;219;59.40;26.26
141505_14157_42098;10;;501;316;316;88;228;63.07;27.85
141505_14158_42098;11;;501;290;290;52;238;57.88;17.93
141505_14159_42098;12;;483;310;310;93;217;64.18;30.00
141505_14160_42098;13;;823;378;378;131;247;45.93;34.66
141505_14161_42098;14;;592;280;280;98;182;47.30;35.00
141505_14162_42098;15;;507;297;297;86;211;58.58;28.96
141506_14163_42098;1;;1690;1023;1023;292;731;60.53;28.54
141506_14164_42098;2;;591;383;383;87;296;64.81;22.72
141506_14165_42098;3;;627;378;378;108;270;60.29;28.57
141506_14166_42098;4;;1238;732;732;204;528;59.13;27.87
141506_14167_42098;5;;780;438;438;133;305;56.15;30.37
141506_14168_42098;6;;575;321;321;97;224;55.83;30.22
141506_14169_42098;7;;704;359;359;77;282;50.99;21.45
141506_14170_42098;8;;931;628;628;153;475;67.45;24.36
141507_14171_42098;1;;402;193;193;53;140;48.01;27.46
141507_14172_42098;2;;419;211;211;43;168;50.36;20.38
141507_14173_42098;3;;829;451;451;103;348;54.40;22.84
141507_14174_42098;4;;1266;706;706;198;508;55.77;28.05
141507_14175_42098;5;;1866;1086;1086;252;834;58.20;23.20
141507_14176_42098;6;;884;436;436;86;350;49.32;19.72
141507_14177_42098;7;;522;262;262;66;196;50.19;25.19
141507_14178_42098;8;;404;257;257;79;178;63.61;30.74
141508_14179_42098;1;;1317;609;609;142;467;46.24;23.32
141508_14180_42098;2;;1340;771;771;200;571;57.54;25.94
141508_14181_42098;3;;686;380;380;119;261;55.39;31.32
141508_14182_42098;4;;502;286;286;96;190;56.97;33.57
141508_14183_42098;5;;396;213;213;51;162;53.79;23.94
141508_14184_42098;6;;765;360;360;86;274;47.06;23.89
141508_14185_42098;7;;680;323;323;92;231;47.50;28.48
141508_14186_42098;8;;838;442;442;131;311;52.74;29.64
141508_14187_42098;9;;391;177;177;37;140;45.27;20.90
141508_14188_42098;10;;190;98;98;28;70;51.58;28.57
141508_14189_42098;11;;172;97;97;22;75;56.40;22.68
141508_14190_42098;12;;296;147;147;42;105;49.66;28.57
141508_14191_42098;13;;377;204;204;38;166;54.11;18.63
141508_14192_42098;14;;420;247;247;80;167;58.81;32.39
141509_14193_42098;1;;1653;927;927;169;758;56.08;18.23
141509_14194_42098;2;;1683;950;950;279;671;56.45;29.37
141509_14195_42098;3;;1678;799;799;198;601;47.62;24.78
141509_14196_42098;4;;479;256;256;60;196;53.44;23.44
141509_14197_42098;5;;411;108;108;28;80;26.28;25.93
141509_14198_42098;6;;1672;911;911;241;670;54.49;26.45
141509_14199_42098;7;;531;370;370;92;278;69.68;24.86
141510_14200_42098;1;;2181;1313;1313;309;1004;60.20;23.53
141510_14201_42098;2;;1659;994;994;231;763;59.92;23.24
141510_14202_42098;3;;1083;605;605;168;437;55.86;27.77
141510_14203_42098;4;;664;410;410;85;325;61.75;20.73
141510_14204_42098;5;;1366;767;767;221;546;56.15;28.81
141510_14205_42098;6;;1108;496;496;99;397;44.77;19.96
141510_29888_42098;7;;336;38;38;15;23;11.31;39.47
141511_14206_42098;1;;1123;497;497;106;391;44.26;21.33
141511_14207_42098;2;;291;179;179;68;111;61.51;37.99
141511_14208_42098;3;;477;176;176;30;146;36.90;17.05
141511_14209_42098;4;;805;308;308;84;224;38.26;27.27
141511_14210_42098;5;;535;233;233;77;156;43.55;33.05
141511_14211_42098;6;;760;446;446;106;340;58.68;23.77
141601_14212_42098;1;;1760;964;964;157;807;54.77;16.29
141601_14213_42098;2;;1863;1008;1008;175;833;54.11;17.36
141601_14214_42098;3;;980;461;461;78;383;47.04;16.92
141601_14215_42098;4;;1721;1011;1011;159;852;58.74;15.73
141601_14216_42098;5;;1731;861;861;157;704;49.74;18.23
141601_14217_42098;6;;902;503;503;84;419;55.76;16.70
141601_14218_42098;7;;785;419;419;95;324;53.38;22.67
141601_14219_42098;8;;1789;867;867;170;697;48.46;19.61
141601_14220_42098;9;;1720;780;780;199;581;45.35;25.51
141601_14221_42098;10;;1687;935;935;133;802;55.42;14.22
141601_14222_42098;11;;1695;996;996;142;854;58.76;14.26
141601_14223_42098;12;;1759;939;939;151;788;53.38;16.08
141601_29889_42098;13;;104;24;24;6;18;23.08;25.00
141602_14224_42098;1;;1018;720;720;143;577;70.73;19.86
141602_14225_42098;2;;946;653;653;121;532;69.03;18.53
141602_14226_42098;3;;1160;741;741;164;577;63.88;22.13
141602_14227_42098;4;;476;322;322;61;261;67.65;18.94
141603_14228_42098;1;;978;532;532;105;427;54.40;19.74
141603_14229_42098;2;;397;234;234;66;168;58.94;28.21
141603_14230_42098;3;;270;156;156;30;126;57.78;19.23
141603_14231_42098;4;;339;198;198;53;145;58.41;26.77
141603_14232_42098;5;;274;158;158;25;133;57.66;15.82
141604_14233_42098;1;;921;631;631;168;463;68.51;26.62
141604_14234_42098;2;;411;288;288;107;181;70.07;37.15
141604_14235_42098;3;;1044;674;674;206;468;64.56;30.56
141605_14236_42098;1;;1138;632;632;132;500;55.54;20.89
141605_14237_42098;2;;901;490;490;112;378;54.38;22.86
141605_14238_42098;3;;921;460;460;98;362;49.95;21.30
141605_14239_42098;4;;1041;496;496;106;390;47.65;21.37
141605_14240_42098;5;;627;411;411;96;315;65.55;23.36
141605_14241_42098;6;;581;286;286;85;201;49.23;29.72
141605_14242_42098;7;;640;356;356;97;259;55.62;27.25
141605_14243_42098;8;;564;380;380;114;266;67.38;30.00
141605_14244_42098;9;;671;331;331;91;240;49.33;27.49
141605_14245_42098;10;;648;411;411;101;310;63.43;24.57
141605_14246_42098;11;;657;312;312;81;231;47.49;25.96
141605_14247_42098;12;;672;388;389;74;314;57.74;19.07
141605_14248_42098;13;;750;490;490;137;353;65.33;27.96
141606_14249_42098;1;;1385;841;841;295;546;60.72;35.08
141606_14250_42098;2;;331;225;225;48;177;67.98;21.33
141606_14251_42098;3;;516;332;332;79;253;64.34;23.80
141606_14252_42098;4;;327;236;236;71;165;72.17;30.08
141607_14253_42098;1;;607;234;234;56;178;38.55;23.93
141607_14254_42098;2;;465;244;244;44;200;52.47;18.03
141607_14255_42098;3;;726;389;390;93;296;53.58;23.91
141607_14256_42098;4;;623;309;309;88;221;49.60;28.48
141607_14257_42098;5;;787;403;404;83;320;51.21;20.60
141607_14258_42098;6;;769;411;411;109;302;53.45;26.52
141607_14259_42098;7;;778;303;303;80;223;38.95;26.40
141607_14260_42098;8;;760;372;372;89;283;48.95;23.92
141607_14261_42098;9;;541;246;246;63;183;45.47;25.61
141607_14262_42098;10;;726;280;282;58;222;38.57;20.71
141607_14263_42098;11;;522;245;245;64;181;46.93;26.12
141607_14264_42098;12;;630;225;225;51;174;35.71;22.67
141607_14265_42098;13;;741;302;302;72;230;40.76;23.84
141607_14266_42098;14;;804;537;537;187;350;66.79;34.82
141607_14267_42098;15;;673;256;256;39;217;38.04;15.23
141608_14268_42098;1;;1324;765;765;206;559;57.78;26.93
141608_14269_42098;2;;340;197;197;47;150;57.94;23.86
141608_14270_42098;3;;489;297;297;75;222;60.74;25.25
141608_14271_42098;4;;514;357;357;99;258;69.46;27.73
141608_14272_42098;5;;193;98;98;21;77;50.78;21.43
141608_14273_42098;6;;201;116;116;35;81;57.71;30.17
141609_14274_42098;1;;787;540;540;65;475;68.61;12.04
141609_14275_42098;2;;714;385;385;35;350;53.92;9.09
141610_14276_42098;1;;1510;859;859;124;735;56.89;14.44
141610_14277_42098;2;;523;245;245;53;192;46.85;21.63
141610_14278_42098;3;;926;498;498;93;405;53.78;18.67
141610_14279_42098;4;;692;369;369;31;338;53.32;8.40
141611_14280_42098;1;;1063;725;725;115;610;68.20;15.86
141611_14281_42098;2;;774;476;476;104;372;61.50;21.85
141611_14282_42098;3;;1212;894;894;145;749;73.76;16.22
141701_14283_42099;1;;2182;1248;1248;109;1139;57.20;8.73
141701_14284_42099;2;;1112;626;626;60;566;56.29;9.58
141701_14285_42099;3;;1796;1078;1078;197;881;60.02;18.27
141701_14286_42099;4;;1785;1049;1049;106;943;58.77;10.10
141701_14287_42099;5;;928;557;557;49;508;60.02;8.80
141701_14288_42099;6;;2219;1176;1176;111;1065;53.00;9.44
141701_14289_42099;7;;921;568;568;48;520;61.67;8.45
141701_14290_42099;8;;1653;877;877;112;765;53.06;12.77
141701_14291_42099;9;;2273;1211;1211;136;1075;53.28;11.23
141702_14292_42099;1;;1499;792;792;71;721;52.84;8.96
141702_14293_42099;2;;805;412;412;59;353;51.18;14.32
141702_14294_42099;3;;1604;790;790;95;695;49.25;12.03
141702_14295_42099;4;;1555;756;756;161;595;48.62;21.30
141702_14296_42099;5;;1083;553;553;50;503;51.06;9.04
141702_14297_42099;6;;799;406;406;53;353;50.81;13.05
141702_14298_42099;7;;1771;903;903;79;824;50.99;8.75
141702_14299_42099;8;;1255;710;710;66;644;56.57;9.30
141702_14300_42099;9;;1818;879;879;94;785;48.35;10.69
141702_14301_42099;10;;1124;581;581;72;509;51.69;12.39
141702_14302_42099;11;;2197;1226;1226;177;1049;55.80;14.44
141702_14303_42099;12;;2239;1116;1116;163;953;49.84;14.61
141702_14304_42099;13;;1541;672;672;122;550;43.61;18.15
141702_14305_42099;14;;1152;583;583;82;501;50.61;14.07
141702_14306_42099;15;;1518;802;804;98;704;52.83;12.22
141702_14307_42099;16;;1579;759;759;86;673;48.07;11.33
141702_14308_42099;17;;1601;724;724;104;620;45.22;14.36
141702_14309_42099;18;;1468;801;801;67;734;54.56;8.36
141702_14310_42099;19;;1295;526;526;61;465;40.62;11.60
141702_14311_42099;20;;695;293;293;23;270;42.16;7.85
141702_14312_42099;21;;970;431;431;63;368;44.43;14.62
141702_14313_42099;22;;1030;436;436;57;379;42.33;13.07
141702_14314_42099;23;;1105;517;517;54;463;46.79;10.44
141702_14315_42099;24;;1293;726;727;119;607;56.15;16.39
141702_14316_42099;25;;1136;635;635;71;564;55.90;11.18
141702_14317_42099;26;;1102;567;567;120;447;51.45;21.16
141702_29890_42099;27;;56;16;16;4;12;28.57;25.00
141702_29891_42099;28;;33;33;33;1;32;100.00;3.03
141702_29892_42099;29;;58;27;27;3;24;46.55;11.11
141702_29893_42099;30;;308;28;28;1;27;9.09;3.57
141702_29894_42099;31;;20;8;8;2;6;40.00;25.00
141703_14318_42099;1;;568;344;344;54;290;60.56;15.70
141703_14319_42099;2;;1246;800;800;127;673;64.21;15.88
141703_14320_42099;3;;1001;565;565;99;466;56.44;17.52
141703_14321_42099;4;;2017;1386;1386;214;1172;68.72;15.44
141703_14322_42099;5;;2002;1392;1392;206;1186;69.53;14.80
141703_14323_42099;6;;479;296;296;55;241;61.80;18.58
141703_14324_42099;7;;517;306;306;48;258;59.19;15.69
141703_14325_42099;8;;636;452;452;77;375;71.07;17.04
141703_14326_42099;9;;789;523;523;73;450;66.29;13.96
141704_14327_42099;1;;2313;1249;1249;178;1071;54.00;14.25
141704_14328_42099;2;;1609;942;942;192;750;58.55;20.38
141704_14329_42099;3;;1422;793;793;151;642;55.77;19.04
141704_14330_42099;4;;1710;859;859;124;735;50.23;14.44
141704_14331_42099;5;;1105;603;603;81;522;54.57;13.43
141704_14332_42099;6;;854;392;392;51;341;45.90;13.01
141704_14333_42099;7;;2040;846;846;138;708;41.47;16.31
141704_14334_42099;8;;1759;925;925;135;790;52.59;14.59
141704_29895_42099;9;;29;27;27;6;21;93.10;22.22
141705_14335_42099;1;;1536;893;893;180;713;58.14;20.16
141705_14336_42099;2;;1084;556;556;112;444;51.29;20.14
141705_14337_42099;3;;533;238;238;54;184;44.65;22.69
141705_14338_42099;4;;980;558;558;103;455;56.94;18.46
141705_14339_42099;5;;824;494;494;87;407;59.95;17.61
141705_14340_42099;6;;898;530;530;103;427;59.02;19.43
141705_14341_42099;7;;669;366;366;52;314;54.71;14.21
141706_14342_42099;1;;715;418;418;89;329;58.46;21.29
141706_14343_42099;2;;384;209;209;65;144;54.43;31.10
141706_14344_42099;3;;752;454;454;79;375;60.37;17.40
141706_14345_42099;4;;1021;597;597;108;489;58.47;18.09
141707_14346_42099;1;;1190;587;587;122;465;49.33;20.78
141707_14347_42099;2;;1055;448;448;59;389;42.46;13.17
141707_14348_42099;3;;638;245;245;66;179;38.40;26.94
141707_14349_42099;4;;707;289;289;42;247;40.88;14.53
141707_14350_42099;5;;1584;665;665;77;588;41.98;11.58
141708_14351_42099;1;;1168;641;641;72;569;54.88;11.23
141708_14352_42099;2;;680;383;383;59;324;56.32;15.40
141708_14353_42099;3;;1411;829;829;82;747;58.75;9.89
141708_14354_42099;4;;932;589;589;69;520;63.20;11.71
141708_14355_42099;5;;551;263;263;49;214;47.73;18.63
141708_14356_42099;6;;836;532;532;88;444;63.64;16.54
141708_14357_42099;7;;1226;760;760;167;593;61.99;21.97
141708_14358_42099;8;;1669;943;943;152;791;56.50;16.12
141708_14359_42099;9;;631;404;404;63;341;64.03;15.59
141801_14360_42099;1;;815;546;546;136;410;66.99;24.91
141801_14361_42099;2;;1119;471;471;207;264;42.09;43.95
141801_14362_42099;3;;1081;604;604;180;424;55.87;29.80
141801_14363_42099;4;;932;469;469;96;373;50.32;20.47
141801_14364_42099;5;;995;495;495;168;327;49.75;33.94
141801_14365_42099;6;;767;397;397;99;298;51.76;24.94
141801_14366_42099;7;;1061;586;586;121;465;55.23;20.65
141801_14367_42099;8;;1794;812;812;164;648;45.26;20.20
141801_14368_42099;9;;1394;689;689;158;531;49.43;22.93
141801_14369_42099;10;;1324;656;656;149;507;49.55;22.71
141801_14370_42099;11;;1609;834;834;191;643;51.83;22.90
141801_14371_42099;12;;1325;650;650;141;509;49.06;21.69
141801_14372_42099;13;;1152;595;595;211;384;51.65;35.46
141801_14373_42099;14;;1932;1008;1008;222;786;52.17;22.02
141801_14374_42099;15;;924;516;516;113;403;55.84;21.90
141801_14375_42099;16;;1777;914;914;208;706;51.44;22.76
141801_29896_42099;17;;434;166;166;86;80;38.25;51.81
141802_14376_42099;1;;1513;861;861;103;758;56.91;11.96
141802_14377_42099;2;;1674;723;723;89;634;43.19;12.31
141802_14378_42099;3;;2263;997;998;157;840;44.06;15.75
141802_14379_42099;4;;1760;854;857;177;677;48.52;20.73
141802_14380_42099;5;;1365;694;694;111;583;50.84;15.99
141802_14381_42099;6;;1402;741;741;124;617;52.85;16.73
141802_14382_42099;7;;1345;650;650;61;589;48.33;9.38
141802_14383_42099;8;;1558;737;737;120;617;47.30;16.28
141802_14384_42099;9;;792;399;399;30;369;50.38;7.52
141802_14385_42099;10;;1258;706;706;110;596;56.12;15.58
141802_14386_42099;11;;1631;809;809;199;610;49.60;24.60
141802_14387_42099;12;;710;350;350;53;297;49.30;15.14
141802_14388_42099;13;;1601;758;758;143;615;47.35;18.87
141802_14389_42099;14;;563;326;326;35;291;57.90;10.74
141802_29897_42099;15;;30;10;10;1;9;33.33;10.00
141802_29898_42099;16;;31;29;29;1;28;93.55;3.45
141802_29899_42099;17;;31;21;21;2;19;67.74;9.52
141802_29900_42099;18;;34;20;20;1;19;58.82;5.00
141803_14390_42099;1;;1288;579;580;101;478;44.95;17.44
141803_14391_42099;2;;1246;546;546;76;470;43.82;13.92
141803_14392_42099;3;;1514;764;764;105;659;50.46;13.74
141803_14393_42099;4;;543;272;272;77;195;50.09;28.31
141803_14394_42099;5;;957;497;497;40;457;51.93;8.05
141803_14395_42099;6;;1332;697;697;73;624;52.33;10.47
141803_14396_42099;7;;1113;574;574;75;499;51.57;13.07
141803_14397_42099;8;;1058;498;499;67;431;47.07;13.45
141803_14398_42099;9;;879;424;424;62;362;48.24;14.62
141803_14399_42099;10;;1338;666;666;55;611;49.78;8.26
141803_14400_42099;11;;1363;668;668;59;609;49.01;8.83
141803_14401_42099;12;;896;476;476;67;409;53.12;14.08
141803_14402_42099;13;;1510;746;746;66;680;49.40;8.85
141803_14403_42099;14;;1186;532;532;101;431;44.86;18.98
141804_14404_42099;1;;1044;393;393;29;364;37.64;7.38
141804_14405_42099;2;;803;262;262;33;229;32.63;12.60
141804_14406_42099;3;;1291;401;401;32;369;31.06;7.98
141804_14407_42099;4;;1558;578;579;44;534;37.10;7.61
141804_14408_42099;5;;1581;745;746;85;660;47.12;11.41
141804_14409_42099;6;;2184;850;850;131;719;38.92;15.41
141804_14410_42099;7;;1202;529;529;65;464;44.01;12.29
141804_14411_42099;8;;1309;586;586;64;522;44.77;10.92
141804_14412_42099;9;;1642;657;657;67;590;40.01;10.20
141804_14413_42099;10;;1589;712;712;48;664;44.81;6.74
141804_14414_42099;11;;1325;354;354;24;330;26.72;6.78
141804_14415_42099;12;;1727;964;964;80;884;55.82;8.30
141804_14416_42099;13;;985;485;485;60;425;49.24;12.37
141804_14417_42099;14;;1219;440;440;43;397;36.10;9.77
141804_14418_42099;15;;1139;557;557;41;516;48.90;7.36
141804_14419_42099;16;;1121;495;495;59;436;44.16;11.92
141804_14420_42099;17;;1845;965;965;131;834;52.30;13.58
141804_14421_42099;18;;1775;843;843;112;731;47.49;13.29
141804_14422_42099;19;;1097;598;598;92;506;54.51;15.38
141804_14423_42099;20;;1205;603;603;72;531;50.04;11.94
141804_14424_42099;21;;1270;668;668;79;589;52.60;11.83
141804_14425_42099;22;;1264;606;606;50;556;47.94;8.25
141804_14426_42099;23;;1169;581;581;56;525;49.70;9.64
141804_14427_42099;24;;999;487;487;39;448;48.75;8.01
141804_14428_42099;25;;1583;665;665;38;627;42.01;5.71
141804_14429_42099;26;;1236;588;588;21;567;47.57;3.57
141804_14430_42099;27;;820;444;444;21;423;54.15;4.73
141804_14431_42099;28;;1727;707;707;49;658;40.94;6.93
141804_14432_42099;29;;976;489;489;74;415;50.10;15.13
141804_14433_42099;30;;1465;751;751;65;686;51.26;8.66
141804_14434_42099;31;;1718;894;894;130;764;52.04;14.54
141804_14435_42099;32;;617;343;343;44;299;55.59;12.83
141804_14436_42099;33;;1221;647;649;52;595;52.99;8.04
141804_14437_42099;34;;1417;797;797;85;712;56.25;10.66
141804_14438_42099;35;;1335;687;687;99;588;51.46;14.41
141804_14439_42099;36;;803;468;468;74;394;58.28;15.81
141804_14440_42099;37;;802;460;460;41;419;57.36;8.91
141804_14441_42099;38;;1384;705;705;106;599;50.94;15.04
141804_14442_42099;39;;1908;1065;1065;147;918;55.82;13.80
141804_14443_42099;40;;828;439;439;69;370;53.02;15.72
141804_14444_42099;41;;385;136;136;29;107;35.32;21.32
141804_14445_42099;42;;444;222;222;32;190;50.00;14.41
141804_14446_42099;43;;1530;800;800;80;720;52.29;10.00
141804_14447_42099;44;;679;412;412;144;268;60.68;34.95
141804_30766_42099;45;;27;3;3;1;2;11.11;33.33
141805_14448_42099;1;;1507;945;945;305;640;62.71;32.28
141805_14449_42099;2;;1400;851;851;281;570;60.79;33.02
141805_14450_42099;3;;1324;819;819;285;534;61.86;34.80
141805_14451_42099;4;;1780;970;971;235;735;54.49;24.23
141805_14452_42099;5;;1203;646;646;191;455;53.70;29.57
141805_14453_42099;6;;636;339;339;81;258;53.30;23.89
141806_14454_42099;1;;476;275;275;94;181;57.77;34.18
141806_14455_42099;2;;517;269;271;69;200;52.03;25.65
141806_14456_42099;3;;694;418;418;107;311;60.23;25.60
141806_14457_42099;4;;700;400;400;112;288;57.14;28.00
141806_14458_42099;5;;934;528;528;118;410;56.53;22.35
141806_14459_42099;6;;1816;1047;1048;251;796;57.65;23.97
141806_14460_42099;7;;1258;748;748;200;548;59.46;26.74
141806_14461_42099;8;;1593;840;840;210;630;52.73;25.00
141806_14462_42099;9;;836;428;428;66;362;51.20;15.42
141901_14463_42096;1;;1357;777;777;186;591;57.26;23.94
141901_14464_42096;2;;2119;1356;1356;272;1084;63.99;20.06
141901_14465_42096;3;;993;606;606;172;434;61.03;28.38
141901_14466_42096;4;;391;248;248;53;195;63.43;21.37
141901_14467_42096;5;;846;537;537;121;416;63.48;22.53
141901_14468_42096;6;;1422;722;722;161;561;50.77;22.30
141901_29901_42096;7;;94;22;22;5;17;23.40;22.73
141902_14470_42096;1;;1010;661;665;143;518;65.45;21.63
141902_14471_42096;2;;667;407;407;98;309;61.02;24.08
141902_14472_42096;3;;1018;597;597;141;456;58.64;23.62
141902_14473_42096;4;;397;210;210;41;169;52.90;19.52
141902_14474_42096;5;;1302;739;739;233;506;56.76;31.53
141902_14475_42096;6;;996;502;502;107;395;50.40;21.31
141902_14476_42096;7;;660;360;360;72;288;54.55;20.00
141902_14477_42096;8;;587;279;279;57;222;47.53;20.43
141902_29902_42096;9;;126;85;85;18;67;67.46;21.18
141903_14478_42096;1;;449;297;297;52;245;66.15;17.51
141903_14479_42096;2;;782;364;364;89;275;46.55;24.45
141903_14480_42096;3;;863;489;489;82;407;56.66;16.77
141903_14481_42096;4;;838;403;403;83;320;48.09;20.60
141903_14482_42096;5;;774;331;331;64;267;42.76;19.34
141903_14483_42096;6;;625;323;323;83;240;51.68;25.70
141903_14484_42096;7;;866;469;469;89;380;54.16;18.98
141903_14485_42096;8;;847;430;430;134;296;50.77;31.16
141903_14486_42096;9;;431;205;205;50;155;47.56;24.39
141904_14487_42096;1;;792;532;532;109;423;67.17;20.49
141904_14488_42096;2;;813;496;496;138;358;61.01;27.82
141904_14489_42096;3;;708;490;490;125;365;69.21;25.51
141904_14490_42096;4;;693;512;512;133;379;73.88;25.98
141904_14491_42096;5;;1053;581;581;136;445;55.18;23.41
141904_14492_42096;6;;633;380;380;94;286;60.03;24.74
141905_14493_42096;1;;1078;640;640;133;507;59.37;20.78
141905_14494_42096;2;;1357;849;849;233;616;62.56;27.44
141905_14495_42096;3;;351;189;189;43;146;53.85;22.75
141905_14496_42096;4;;729;471;471;109;362;64.61;23.14
141905_14497_42096;5;;1201;741;742;171;570;61.70;23.08
141905_14498_42096;6;;1770;1052;1052;276;776;59.44;26.24
141906_14499_42096;1;;1386;712;712;133;579;51.37;18.68
141906_14500_42096;2;;1096;546;546;64;482;49.82;11.72
141906_14501_42096;3;;975;533;533;80;453;54.67;15.01
141906_14502_42096;4;;1632;937;937;219;718;57.41;23.37
141906_14503_42096;5;;532;335;335;73;262;62.97;21.79
141906_14504_42096;6;;763;382;382;56;326;50.07;14.66
141906_14505_42096;7;;1102;511;511;99;412;46.37;19.37
141906_14506_42096;8;;400;202;202;41;161;50.50;20.30
141906_14507_42096;9;;580;294;294;64;230;50.69;21.77
141906_14508_42096;10;;533;277;277;64;213;51.97;23.10
141907_14509_42096;1;;1209;666;666;111;555;55.09;16.67
141907_14510_42096;2;;929;525;527;71;454;56.51;13.52
141907_14511_42096;3;;728;391;391;87;304;53.71;22.25
141907_14512_42096;4;;697;390;390;77;313;55.95;19.74
141907_14513_42096;5;;398;211;211;39;172;53.02;18.48
141907_14514_42096;6;;372;194;194;35;159;52.15;18.04
141908_14515_42096;1;;1123;602;602;116;486;53.61;19.27
141908_14516_42096;2;;1023;537;537;138;399;52.49;25.70
141908_14517_42096;3;;1118;731;731;211;520;65.38;28.86
141908_14518_42096;4;;999;615;615;167;448;61.56;27.15
141908_14519_42096;5;;729;379;379;106;273;51.99;27.97
141908_29903_42096;6;;65;42;42;21;21;64.62;50.00
141909_14520_42096;1;;907;565;565;112;453;62.29;19.82
141909_14521_42096;2;;779;418;418;59;359;53.66;14.11
141909_14522_42096;3;;288;216;216;30;186;75.00;13.89
141909_14523_42096;4;;535;246;246;36;210;45.98;14.63
141909_14524_42096;5;;749;383;383;117;266;51.13;30.55
141910_14525_42096;1;;991;658;658;127;531;66.40;19.30
141910_14526_42096;2;;1129;730;730;155;575;64.66;21.23
141910_14527_42096;3;;483;344;344;93;251;71.22;27.03
141910_14528_42096;4;;1096;685;685;157;528;62.50;22.92
141910_14529_42096;5;;1434;728;728;106;622;50.77;14.56
141910_14530_42096;6;;1335;797;797;179;618;59.70;22.46
141911_14531_42096;1;;512;291;291;55;236;56.84;18.90
141911_14532_42096;2;;642;366;366;70;296;57.01;19.13
141911_14533_42096;3;;567;347;347;69;278;61.20;19.88
141911_14534_42096;4;;442;285;285;62;223;64.48;21.75
141911_14535_42096;5;;807;527;527;98;429;65.30;18.60
141911_14536_42096;6;;736;514;514;96;418;69.84;18.68
141912_14537_42096;1;;797;441;441;83;358;55.33;18.82
141912_14538_42096;2;;585;386;386;130;256;65.98;33.68
141912_14539_42096;3;;868;483;483;84;399;55.65;17.39
141912_14540_42096;4;;373;216;216;63;153;57.91;29.17
141912_14541_42096;5;;464;271;271;29;242;58.41;10.70
141912_14542_42096;6;;404;221;222;17;204;54.70;7.69
141912_14543_42096;7;;621;388;388;56;332;62.48;14.43
141912_14544_42096;8;;716;436;436;74;362;60.89;16.97
141912_14545_42096;9;;730;521;521;82;439;71.37;15.74
141913_14546_42096;1;;1871;754;754;131;623;40.30;17.37
141913_14547_42096;2;;2068;976;976;271;705;47.20;27.77
141913_14548_42096;3;;1177;611;611;82;529;51.91;13.42
141913_14549_42096;4;;867;367;367;91;276;42.33;24.80
141913_14550_42096;5;;1035;538;538;83;455;51.98;15.43
141913_14551_42096;6;;955;470;471;62;408;49.21;13.19
141913_14552_42096;7;;711;330;330;64;266;46.41;19.39
141913_29904_42096;8;;66;46;46;2;44;69.70;4.35
141914_14553_42096;1;;1269;730;730;147;583;57.53;20.14
141914_14554_42096;2;;890;470;470;102;368;52.81;21.70
141914_14555_42096;3;;721;360;360;91;269;49.93;25.28
141914_14556_42096;4;;928;463;463;76;387;49.89;16.41
141914_14557_42096;5;;356;266;266;79;187;74.72;29.70
141914_14558_42096;6;;341;188;188;52;136;55.13;27.66
141914_14559_42096;7;;317;157;157;68;89;49.53;43.31
141914_14560_42096;8;;718;387;387;150;237;53.90;38.76
141914_14561_42096;9;;415;205;205;57;148;49.40;27.80
141915_14562_42096;1;;721;460;460;83;377;63.80;18.04
141915_14563_42096;2;;696;390;390;96;294;56.03;24.62
141915_14564_42096;3;;788;425;425;93;332;53.93;21.88
141915_14565_42096;4;;824;391;391;68;323;47.45;17.39
141915_14566_42096;5;;734;343;343;63;280;46.73;18.37
141915_14567_42096;6;;998;512;512;121;391;51.30;23.63
141915_29905_42096;7;;26;16;16;11;5;61.54;68.75
142001_14568_42096;1;;790;407;407;62;345;51.52;15.23
142001_14569_42096;2;;777;483;483;108;375;62.16;22.36
142001_14570_42096;3;;772;345;345;65;280;44.69;18.84
142001_14571_42096;4;;806;423;423;69;354;52.48;16.31
142001_14572_42096;5;;699;283;283;70;213;40.49;24.73
142001_14573_42096;6;;1638;745;745;158;587;45.48;21.21
142001_14574_42096;7;;1695;857;857;138;719;50.56;16.10
142001_14575_42096;8;;1603;793;793;118;675;49.47;14.88
142001_14576_42096;9;;1946;927;927;165;762;47.64;17.80
142001_14577_42096;10;;909;414;414;101;313;45.54;24.40
142001_14578_42096;11;;801;323;323;63;260;40.32;19.50
142001_14579_42096;12;;870;372;372;107;265;42.76;28.76
142001_14580_42096;13;;916;460;460;82;378;50.22;17.83
142001_14581_42096;14;;809;343;343;90;253;42.40;26.24
142001_14582_42096;15;;935;428;428;87;341;45.78;20.33
142001_14583_42096;16;;941;466;466;77;389;49.52;16.52
142001_14584_42096;17;;955;500;500;76;424;52.36;15.20
142001_29906_42096;18;;110;35;35;4;31;31.82;11.43
142001_29907_42096;19;;25;1;1;0;1;4.00;0.00
142001_29908_42096;20;;48;9;9;1;8;18.75;11.11
142002_14585_42096;1;;1316;847;847;257;590;64.36;30.34
142002_14586_42096;2;;1267;791;791;326;465;62.43;41.21
142002_14587_42096;3;;1195;802;802;199;603;67.11;24.81
142003_14588_42096;1;;1462;671;671;151;520;45.90;22.50
142003_14589_42096;2;;1627;917;917;178;739;56.36;19.41
142003_14590_42096;3;;707;306;306;98;208;43.28;32.03
142003_14591_42096;4;;877;375;375;90;285;42.76;24.00
142003_14592_42096;5;;987;424;424;91;333;42.96;21.46
142003_14593_42096;6;;771;409;409;109;300;53.05;26.65
142004_14594_42096;1;;2027;1037;1037;275;762;51.16;26.52
142004_14595_42096;2;;842;425;425;97;328;50.48;22.82
142004_14596_42096;3;;1376;605;605;188;417;43.97;31.07
142004_14597_42096;4;;1281;611;611;203;408;47.70;33.22
142004_14598_42096;5;;800;366;366;91;275;45.75;24.86
142005_14599_42096;1;;1144;722;722;139;583;63.11;19.25
142005_14600_42096;2;;792;485;485;116;369;61.24;23.92
142005_14601_42096;3;;1184;711;711;167;544;60.05;23.49
142006_14602_42096;1;;924;588;588;149;439;63.64;25.34
142006_14603_42096;2;;454;323;323;90;233;71.15;27.86
142006_14604_42096;3;;756;401;401;88;313;53.04;21.95
142006_29909_42096;4;;35;29;29;3;26;82.86;10.34
142007_14605_42096;1;;1050;627;627;174;453;59.71;27.75
142007_14606_42096;2;;1066;553;553;181;372;51.88;32.73
142007_14607_42096;3;;557;315;316;107;208;56.55;33.97
142007_14608_42096;4;;1567;887;888;255;632;56.60;28.75
142007_14609_42096;5;;969;557;557;176;381;57.48;31.60
142008_14610_42096;1;;764;482;482;147;335;63.09;30.50
142008_14611_42096;2;;1028;607;607;176;431;59.05;29.00
142008_14612_42096;3;;739;444;444;118;326;60.08;26.58
142008_14613_42096;4;;1320;826;829;217;609;62.58;26.27
142009_14614_42096;1;;987;382;382;83;299;38.70;21.73
142009_14615_42096;2;;438;165;165;40;125;37.67;24.24
142009_14616_42096;3;;547;323;323;87;236;59.05;26.93
142009_14617_42096;4;;530;280;280;83;197;52.83;29.64
142009_14618_42096;5;;367;235;235;76;159;64.03;32.34
142009_14619_42096;6;;1384;538;538;93;445;38.87;17.29
142009_14620_42096;7;;812;329;329;78;251;40.52;23.71
142009_14621_42096;8;;1029;388;388;70;318;37.71;18.04
142010_14622_42096;1;;1849;875;875;179;696;47.32;20.46
142010_14623_42096;2;;1367;801;801;275;526;58.60;34.33
142010_14624_42096;3;;909;407;407;129;278;44.77;31.70
142010_14625_42096;4;;1857;974;974;273;701;52.45;28.03
142010_14626_42096;5;;886;555;555;204;351;62.64;36.76
142010_29910_42096;6;;214;80;80;13;67;37.38;16.25
142011_14627_42096;1;;1640;1088;1088;293;795;66.34;26.93
142011_14628_42096;2;;1306;840;840;267;573;64.32;31.79
142011_14629_42096;3;;799;524;524;164;360;65.58;31.30
142011_14630_42096;4;;1072;636;646;188;448;59.33;29.56
142012_14631_42096;1;;966;542;542;151;391;56.11;27.86
142012_14632_42096;2;;562;356;356;61;295;63.35;17.13
142012_14633_42096;3;;1051;722;722;175;547;68.70;24.24
142012_14634_42096;4;;903;546;546;121;425;60.47;22.16
142012_14635_42096;5;;1044;591;591;164;427;56.61;27.75
142101_14636_42099;1;;2187;1107;1108;83;1024;50.62;7.50
142101_14637_42099;2;;1966;916;916;90;826;46.59;9.83
142101_14638_42099;3;;1940;903;903;125;778;46.55;13.84
142101_14639_42099;4;;1690;681;681;75;606;40.30;11.01
142101_14640_42099;5;;1855;873;874;91;782;47.06;10.42
142101_14641_42099;6;;1550;738;738;101;637;47.61;13.69
142101_14642_42099;7;;1170;496;591;0;496;42.39;0.00
142101_14643_42099;8;;2081;933;933;83;850;44.83;8.90
142101_14644_42099;9;;2061;868;868;124;744;42.12;14.29
142101_14645_42099;10;;1646;755;755;84;671;45.87;11.13
142102_14646_42099;1;;1888;721;721;128;593;38.19;17.75
142102_14647_42099;2;;2271;717;717;55;662;31.57;7.67
142102_14648_42099;3;;1937;671;671;91;580;34.64;13.56
142102_14649_42099;4;;1890;855;855;93;762;45.24;10.88
142102_14650_42099;5;;1215;522;522;83;439;42.96;15.90
142102_14651_42099;6;;1296;551;554;116;435;42.52;21.05
142102_14652_42099;7;;2134;842;842;136;706;39.46;16.15
142102_14653_42099;8;;2065;805;805;71;734;38.98;8.82
142102_14654_42099;9;;2262;1000;1000;123;877;44.21;12.30
142102_14655_42099;10;;1846;893;893;86;807;48.37;9.63
142102_14656_42099;11;;1977;738;738;89;649;37.33;12.06
142102_14657_42099;12;;1475;820;820;76;744;55.59;9.27
142102_14658_42099;13;;2124;1156;1156;96;1060;54.43;8.30
142102_14659_42099;14;;2033;850;850;81;769;41.81;9.53
142102_14660_42099;15;;1530;562;562;63;499;36.73;11.21
142102_14661_42099;16;;1621;635;635;91;544;39.17;14.33
142102_14662_42099;17;;1705;689;689;52;637;40.41;7.55
142102_14663_42099;18;;2025;886;886;73;813;43.75;8.24
142102_14664_42099;19;;1832;883;883;67;816;48.20;7.59
142102_14665_42099;20;;2143;845;845;87;758;39.43;10.30
142102_14666_42099;21;;1889;964;964;82;882;51.03;8.51
142102_14667_42099;22;;1917;740;740;91;649;38.60;12.30
142102_14668_42099;23;;1242;573;573;47;526;46.14;8.20
142102_14669_42099;24;;1023;503;503;26;477;49.17;5.17
142102_14670_42099;25;;1340;625;626;73;552;46.64;11.68
142102_14671_42099;26;;1140;487;487;70;417;42.72;14.37
142102_29911_42099;27;;393;66;66;5;61;16.79;7.58
142102_29912_42099;28;;155;24;24;3;21;15.48;12.50
142102_29913_42099;29;;26;15;15;3;12;57.69;20.00
142103_14672_42099;1;;1697;858;858;121;737;50.56;14.10
142103_14673_42099;2;;997;502;502;63;439;50.35;12.55
142103_14674_42099;3;;844;419;419;46;373;49.64;10.98
142103_14675_42099;4;;1469;794;794;131;663;54.05;16.50
142103_14676_42099;5;;1739;923;923;149;774;53.08;16.14
142103_14677_42099;6;;911;506;506;83;423;55.54;16.40
142103_14678_42099;7;;1896;1003;1003;105;898;52.90;10.47
142103_14679_42099;8;;936;439;444;52;387;46.90;11.85
142103_14680_42099;9;;763;269;269;55;214;35.26;20.45
142103_14681_42099;10;;846;436;436;105;331;51.54;24.08
142103_14682_42099;11;;1209;469;469;54;415;38.79;11.51
142103_14683_42099;12;;1834;1016;1016;114;902;55.40;11.22
142103_14684_42099;13;;1046;566;566;33;533;54.11;5.83
142103_14685_42099;14;;966;506;506;43;463;52.38;8.50
142103_14686_42099;15;;1083;524;524;65;459;48.38;12.40
142103_14687_42099;16;;1187;540;540;54;486;45.49;10.00
142104_14688_42099;1;;1227;750;752;92;658;61.12;12.27
142104_14689_42099;2;;1277;739;741;87;652;57.87;11.77
142104_14690_42099;3;;1587;967;967;108;859;60.93;11.17
142104_14691_42099;4;;1272;593;593;73;520;46.62;12.31
142104_14692_42099;5;;951;568;568;107;461;59.73;18.84
142104_14693_42099;6;;621;372;372;35;337;59.90;9.41
142104_14694_42099;7;;1084;668;669;33;635;61.62;4.94
142104_14695_42099;8;;965;530;532;19;511;54.92;3.58
142104_14696_42099;9;;914;518;518;31;487;56.67;5.98
142104_14697_42099;10;;1607;853;853;67;786;53.08;7.85
142104_14698_42099;11;;1680;898;898;113;785;53.45;12.58
142105_14699_42099;1;;2012;1322;1333;201;1121;65.71;15.20
142105_14700_42099;2;;1959;1321;1321;224;1097;67.43;16.96
142105_14701_42099;3;;2006;1247;1247;232;1015;62.16;18.60
142105_14702_42099;4;;1757;1098;1098;210;888;62.49;19.13
142105_14703_42099;5;;2088;1483;1484;386;1097;71.02;26.03
142106_14704_42099;1;;935;512;512;75;437;54.76;14.65
142106_14705_42099;2;;1809;1001;1004;197;804;55.33;19.68
142106_14706_42099;3;;1207;755;755;145;610;62.55;19.21
142106_14707_42099;4;;1018;706;708;182;524;69.35;25.78
142106_14708_42099;5;;1508;874;875;146;728;57.96;16.70
142106_14709_42099;6;;1805;967;967;167;800;53.57;17.27
142106_14710_42099;7;;1115;660;660;169;491;59.19;25.61
142106_14711_42099;8;;1053;628;628;113;515;59.64;17.99
142106_14712_42099;9;;1434;805;805;93;712;56.14;11.55
142106_14713_42099;10;;1325;790;790;209;581;59.62;26.46
142106_14714_42099;11;;1162;644;648;157;487;55.42;24.38
142106_14715_42099;12;;1469;834;835;167;667;56.77;20.02
142106_14716_42099;13;;620;352;352;62;290;56.77;17.61
142201_14717_42096;1;;1069;548;548;66;482;51.26;12.04
142201_14718_42096;2;;861;400;400;76;324;46.46;19.00
142201_14719_42096;3;;807;369;369;63;306;45.72;17.07
142201_14720_42096;4;;1209;558;558;92;466;46.15;16.49
142201_14721_42096;5;;1394;699;699;136;563;50.14;19.46
142201_14722_42096;6;;1226;610;610;93;517;49.76;15.25
142201_14723_42096;7;;1040;542;542;75;467;52.12;13.84
142201_14724_42096;8;;1071;581;581;65;516;54.25;11.19
142201_14725_42096;9;;914;403;403;64;339;44.09;15.88
142201_14726_42096;10;;820;320;320;51;269;39.02;15.94
142201_14727_42096;11;;1508;688;688;141;547;45.62;20.49
142201_14728_42096;12;;1580;752;752;115;637;47.59;15.29
142201_29914_42096;13;;132;62;62;17;45;46.97;27.42
142201_29915_42096;14;;139;13;13;1;12;9.35;7.69
142201_29916_42096;15;;73;35;35;2;33;47.95;5.71
142202_14729_42096;1;;1090;724;724;98;626;66.42;13.54
142202_14730_42096;2;;1238;768;768;148;620;62.04;19.27
142202_14731_42096;3;;492;291;291;74;217;59.15;25.43
142202_14732_42096;4;;475;244;244;48;196;51.37;19.67
142202_14733_42096;5;;491;263;263;52;211;53.56;19.77
142202_14734_42096;6;;401;240;240;66;174;59.85;27.50
142202_14735_42096;7;;465;281;281;56;225;60.43;19.93
142202_14736_42096;8;;447;291;291;64;227;65.10;21.99
142202_14737_42096;9;;712;398;398;107;291;55.90;26.88
142202_14738_42096;10;;716;431;431;144;287;60.20;33.41
142202_14739_42096;11;;595;345;345;114;231;57.98;33.04
142202_14740_42096;12;;455;300;300;88;212;65.93;29.33
142202_14741_42096;13;;506;295;295;104;191;58.30;35.25
142203_14742_42096;1;;1110;725;725;159;566;65.32;21.93
142203_14743_42096;2;;519;332;332;99;233;63.97;29.82
142203_14744_42096;3;;842;549;549;121;428;65.20;22.04
142203_14745_42096;4;;698;491;491;104;387;70.34;21.18
142204_14746_42096;1;;1615;848;848;220;628;52.51;25.94
142204_14747_42096;2;;1110;571;571;198;373;51.44;34.68
142204_14748_42096;3;;311;174;174;53;121;55.95;30.46
142204_14749_42096;4;;204;120;120;26;94;58.82;21.67
142204_14750_42096;5;;492;235;235;48;187;47.76;20.43
142204_14751_42096;6;;628;363;363;60;303;57.80;16.53
142204_14752_42096;7;;446;227;227;51;176;50.90;22.47
142204_14753_42096;8;;460;249;249;80;169;54.13;32.13
142204_14754_42096;9;;263;186;186;37;149;70.72;19.89
142204_14755_42096;10;;164;118;118;22;96;71.95;18.64
142205_14756_42096;1;;1686;928;928;195;733;55.04;21.01
142205_14757_42096;2;;545;339;339;113;226;62.20;33.33
142205_14758_42096;3;;844;497;497;112;385;58.89;22.54
142206_14759_42096;1;;1328;943;943;225;718;71.01;23.86
142206_14760_42096;2;;188;143;143;15;128;76.06;10.49
142206_14761_42096;3;;387;307;307;65;242;79.33;21.17
142206_14762_42096;4;;194;125;125;32;93;64.43;25.60
142206_14763_42096;5;;215;144;144;29;115;66.98;20.14
142206_14764_42096;6;;378;274;274;59;215;72.49;21.53
142206_14765_42096;7;;221;169;169;44;125;76.47;26.04
142207_14766_42096;1;;456;194;194;49;145;42.54;25.26
142207_14767_42096;2;;816;317;317;55;262;38.85;17.35
142207_14768_42096;3;;1209;444;444;102;342;36.72;22.97
142207_14769_42096;4;;450;167;167;36;131;37.11;21.56
142207_14770_42096;5;;681;289;289;92;197;42.44;31.83
142207_14771_42096;6;;410;202;202;40;162;49.27;19.80
142207_14772_42096;7;;654;362;362;75;287;55.35;20.72
142207_14773_42096;8;;385;199;199;46;153;51.69;23.12
142207_14774_42096;9;;783;404;404;68;336;51.60;16.83
142301_14775_42097;1;;923;651;651;146;505;70.53;22.43
142301_14776_42097;2;;483;303;303;96;207;62.73;31.68
142301_14777_42097;3;;1019;642;642;132;510;63.00;20.56
142301_14778_42097;4;;240;155;155;35;120;64.58;22.58
142301_14779_42097;5;;1096;781;781;110;671;71.26;14.08
142302_14780_42097;1;;1397;944;944;281;663;67.57;29.77
142302_14781_42097;2;;727;500;500;127;373;68.78;25.40
142302_14782_42097;3;;683;448;448;147;301;65.59;32.81
142302_14783_42097;4;;1113;728;728;197;531;65.41;27.06
142303_14784_42097;1;;1048;752;752;109;643;71.76;14.49
142303_14785_42097;2;;428;315;315;55;260;73.60;17.46
142303_14786_42097;3;;437;311;311;64;247;71.17;20.58
142303_14787_42097;4;;947;688;688;155;533;72.65;22.53
142304_14788_42097;1;;938;721;721;101;620;76.87;14.01
142304_14789_42097;2;;639;434;434;100;334;67.92;23.04
142304_14790_42097;3;;414;302;302;82;220;72.95;27.15
142304_14791_42097;4;;1341;1015;1015;209;806;75.69;20.59
142305_14792_42097;1;;1191;755;755;219;536;63.39;29.01
142305_14793_42097;2;;1361;763;763;171;592;56.06;22.41
142305_14794_42097;3;;313;196;196;40;156;62.62;20.41
142305_14795_42097;4;;547;329;329;97;232;60.15;29.48
142306_14796_42097;1;;1899;1160;1160;145;1015;61.08;12.50
142306_14797_42097;2;;2272;1343;1343;156;1187;59.11;11.62
142306_14798_42097;3;;2298;1320;1320;135;1185;57.44;10.23
142306_14799_42097;4;;406;233;233;51;182;57.39;21.89
142306_14800_42097;5;;1664;1008;1008;141;867;60.58;13.99
142306_14801_42097;6;;764;499;499;83;416;65.31;16.63
142306_14802_42097;7;;829;501;501;55;446;60.43;10.98
142306_14803_42097;8;;333;214;214;58;156;64.26;27.10
142306_29917_42097;9;;20;8;8;1;7;40.00;12.50
142307_14804_42097;1;;958;691;691;122;569;72.13;17.66
142307_14805_42097;2;;912;619;619;148;471;67.87;23.91
142307_14806_42097;3;;1198;820;820;193;627;68.45;23.54
142307_14807_42097;4;;537;381;381;78;303;70.95;20.47
142308_14808_42097;1;;1892;1354;1354;249;1105;71.56;18.39
142308_14809_42097;2;;1614;1062;1064;251;811;65.80;23.63
142308_14810_42097;3;;573;420;420;111;309;73.30;26.43
142308_14811_42097;4;;409;243;243;52;191;59.41;21.40
142401_14812_42096;1;;713;436;436;107;329;61.15;24.54
142401_14813_42096;2;;1105;641;641;143;498;58.01;22.31
142401_14814_42096;3;;282;177;177;28;149;62.77;15.82
142401_14815_42096;4;;955;435;463;122;313;45.55;28.05
142401_29918_42096;5;;83;55;55;19;36;66.27;34.55
142401_29919_42096;6;;74;34;34;6;28;45.95;17.65
142402_14816_42096;1;;1268;983;983;293;690;77.52;29.81
142402_14817_42096;2;;470;378;378;99;279;80.43;26.19
142402_14818_42096;3;;570;403;405;116;287;70.70;28.78
142402_14819_42096;4;;691;519;519;246;273;75.11;47.40
142402_14820_42096;5;;450;331;331;108;223;73.56;32.63
142402_14821_42096;6;;261;199;199;93;106;76.25;46.73
142402_14822_42096;7;;282;197;197;66;131;69.86;33.50
142403_14823_42096;1;;890;499;500;106;393;56.07;21.24
142403_14824_42096;2;;553;322;322;94;228;58.23;29.19
142403_14825_42096;3;;1029;602;602;173;429;58.50;28.74
142403_14826_42096;4;;974;542;542;138;404;55.65;25.46
142403_14827_42096;5;;482;329;329;74;255;68.26;22.49
142404_14828_42096;1;;463;288;288;52;236;62.20;18.06
142404_14829_42096;2;;504;273;273;66;207;54.17;24.18
142404_14830_42096;3;;734;455;455;63;392;61.99;13.85
142404_14831_42096;4;;657;392;392;59;333;59.67;15.05
142404_14832_42096;5;;873;488;488;61;427;55.90;12.50
142404_14833_42096;6;;640;408;409;67;341;63.75;16.42
142404_14834_42096;7;;1194;616;618;114;502;51.59;18.51
142404_14835_42096;8;;1134;705;705;106;599;62.17;15.04
142404_14836_42096;9;;1078;608;608;139;469;56.40;22.86
142404_14837_42096;10;;970;565;565;114;451;58.25;20.18
142404_14838_42096;11;;940;540;540;100;440;57.45;18.52
142404_14839_42096;12;;721;466;466;66;400;64.63;14.16
142404_14840_42096;13;;756;452;452;114;338;59.79;25.22
142404_14841_42096;14;;1036;611;611;90;521;58.98;14.73
142404_14842_42096;15;;806;425;426;65;360;52.73;15.29
142404_14843_42096;16;;818;392;394;107;285;47.92;27.30
142404_14844_42096;17;;923;511;511;110;401;55.36;21.53
142404_14845_42096;18;;1007;548;548;68;480;54.42;12.41
142404_14846_42096;19;;1141;684;684;144;540;59.95;21.05
142404_14847_42096;20;;815;454;454;113;341;55.71;24.89
142404_14848_42096;21;;1125;678;678;69;609;60.27;10.18
142404_14849_42096;22;;801;485;485;111;374;60.55;22.89
142404_29920_42096;23;;28;4;4;1;3;14.29;25.00
142405_14850_42096;1;;925;606;606;188;418;65.51;31.02
142405_14851_42096;2;;859;533;533;152;381;62.05;28.52
142405_14852_42096;3;;881;484;484;136;348;54.94;28.10
142405_14853_42096;4;;650;426;426;116;310;65.54;27.23
142405_14854_42096;5;;521;368;368;145;223;70.63;39.40
142406_14855_42096;1;;683;457;457;96;361;66.91;21.01
142406_14856_42096;2;;593;425;425;83;342;71.67;19.53
142406_14857_42096;3;;914;622;622;102;520;68.05;16.40
142406_14858_42096;4;;1078;798;798;124;674;74.03;15.54
142407_14859_42096;1;;795;589;589;192;397;74.09;32.60
142407_14860_42096;2;;700;466;466;166;300;66.57;35.62
142407_14861_42096;3;;251;173;173;48;125;68.92;27.75
142407_14862_42096;4;;499;355;355;96;259;71.14;27.04
142407_14863_42096;5;;1029;658;658;131;527;63.95;19.91
142407_14864_42096;6;;629;384;384;94;290;61.05;24.48
142501_14865_42097;1;;1004;508;508;125;383;50.60;24.61
142501_14866_42097;2;;1071;556;556;97;459;51.91;17.45
142501_14867_42097;3;;1027;477;477;92;385;46.45;19.29
142501_14868_42097;4;;1100;595;595;114;481;54.09;19.16
142501_14869_42097;5;;1082;573;574;97;476;52.96;16.93
142501_14870_42097;6;;990;476;476;139;337;48.08;29.20
142501_14871_42097;7;;1037;511;511;104;407;49.28;20.35
142501_14872_42097;8;;1079;502;502;100;402;46.52;19.92
142501_14873_42097;9;;1114;512;512;85;427;45.96;16.60
142501_14874_42097;10;;1014;429;429;83;346;42.31;19.35
142501_14875_42097;11;;1123;550;550;105;445;48.98;19.09
142501_14876_42097;12;;1084;517;518;101;416;47.69;19.54
142501_14877_42097;13;;1046;542;542;78;464;51.82;14.39
142501_14878_42097;14;;1106;542;542;111;431;49.01;20.48
142501_14879_42097;15;;1048;526;526;86;440;50.19;16.35
142501_29921_42097;16;;24;9;9;2;7;37.50;22.22
142501_29922_42097;17;;30;4;4;0;4;13.33;0.00
142502_14880_42097;1;;1551;1074;1074;263;811;69.25;24.49
142502_14881_42097;2;;683;410;410;107;303;60.03;26.10
142502_14882_42097;3;;1140;761;761;163;598;66.75;21.42
142502_14883_42097;4;;1116;661;662;109;552;59.23;16.49
142502_14884_42097;5;;735;452;452;104;348;61.50;23.01
142502_14885_42097;6;;1484;899;899;181;718;60.58;20.13
142503_14886_42097;1;;1164;525;525;92;433;45.10;17.52
142503_14887_42097;2;;1266;568;568;100;468;44.87;17.61
142503_14888_42097;3;;845;357;357;75;282;42.25;21.01
142503_14889_42097;4;;949;435;435;41;394;45.84;9.43
142503_14890_42097;5;;614;256;256;55;201;41.69;21.48
142503_14891_42097;6;;522;280;280;67;213;53.64;23.93
142503_14892_42097;7;;1496;530;530;109;421;35.43;20.57
142503_14893_42097;8;;1475;544;544;142;402;36.88;26.10
142503_14894_42097;9;;839;345;345;63;282;41.12;18.26
142503_14895_42097;10;;443;214;214;53;161;48.31;24.77
142503_14896_42097;11;;777;395;395;87;308;50.84;22.03
142503_14897_42097;12;;425;176;176;36;140;41.41;20.45
142503_14898_42097;13;;316;160;160;30;130;50.63;18.75
142503_14899_42097;14;;368;225;225;33;192;61.14;14.67
142503_14900_42097;15;;993;460;460;81;379;46.32;17.61
142503_14901_42097;16;;113;48;48;3;45;42.48;6.25
142503_29923_42097;17;;56;6;6;0;6;10.71;0.00
142504_14902_42097;1;;495;300;300;47;253;60.61;15.67
142504_14903_42097;2;;1571;1013;1013;219;794;64.48;21.62
142504_14904_42097;3;;604;436;436;122;314;72.19;27.98
142504_14905_42097;4;;583;336;336;69;267;57.63;20.54
142504_14906_42097;5;;677;444;444;112;332;65.58;25.23
142504_14907_42097;6;;853;553;553;134;419;64.83;24.23
142504_14908_42097;7;;673;391;392;85;306;58.10;21.74
142505_14909_42097;1;;1669;957;957;175;782;57.34;18.29
142505_14910_42097;2;;911;547;547;106;441;60.04;19.38
142505_14911_42097;3;;955;482;482;131;351;50.47;27.18
142505_14912_42097;4;;1300;720;721;139;581;55.38;19.31
142505_14913_42097;5;;1778;943;943;276;667;53.04;29.27
142505_14914_42097;6;;735;395;395;88;307;53.74;22.28
142505_14915_42097;7;;739;347;347;88;259;46.96;25.36
142505_14916_42097;8;;1884;944;944;209;735;50.11;22.14
142505_14917_42097;9;;839;470;470;98;372;56.02;20.85
142506_14918_42097;1;;1898;1092;1092;203;889;57.53;18.59
142506_14919_42097;2;;800;478;478;140;338;59.75;29.29
142506_14920_42097;3;;1669;987;987;154;833;59.14;15.60
142506_14921_42097;4;;1175;535;535;106;429;45.53;19.81
142506_14922_42097;5;;1881;1074;1074;221;853;57.10;20.58
142506_14923_42097;6;;438;227;227;56;171;51.83;24.67
142506_14924_42097;7;;2067;1193;1193;186;1007;57.72;15.59
142507_14925_42097;1;;1539;964;964;218;746;62.64;22.61
142507_14926_42097;2;;1249;834;834;202;632;66.77;24.22
142507_14927_42097;3;;1388;814;814;165;649;58.65;20.27
142507_14928_42097;4;;1278;797;798;181;616;62.36;22.71
142507_14929_42097;5;;577;322;322;136;186;55.81;42.24
142507_14930_42097;6;;1732;1120;1120;259;861;64.67;23.12
142507_14931_42097;7;;1344;679;679;149;530;50.52;21.94
142508_14932_42097;1;;1454;631;631;172;459;43.40;27.26
142508_14933_42097;2;;445;295;295;59;236;66.29;20.00
142508_14934_42097;3;;429;164;164;23;141;38.23;14.02
142508_14935_42097;4;;919;355;356;79;276;38.63;22.25
142508_14936_42097;5;;2132;1181;1181;198;983;55.39;16.77
142508_14937_42097;6;;535;276;276;62;214;51.59;22.46
142508_14938_42097;7;;1452;635;635;139;496;43.73;21.89
142508_14939_42097;8;;712;368;368;80;288;51.69;21.74
142508_29924_42097;9;;110;38;38;4;34;34.55;10.53
142509_14940_42097;1;;1506;1093;1093;239;854;72.58;21.87
142509_14941_42097;2;;1282;846;846;197;649;65.99;23.29
142509_14942_42097;3;;644;420;420;85;335;65.22;20.24
142509_14943_42097;4;;1430;1024;1024;220;804;71.61;21.48
142509_14944_42097;5;;819;541;541;149;392;66.06;27.54
142510_14945_42097;1;;2022;1229;1229;193;1036;60.78;15.70
142510_14946_42097;2;;1990;1262;1262;129;1133;63.42;10.22
142510_14947_42097;3;;1640;935;935;160;775;57.01;17.11
142510_14948_42097;4;;879;475;475;88;387;54.04;18.53
142510_14949_42097;5;;1463;829;829;103;726;56.66;12.42
142510_14950_42097;6;;762;460;460;143;317;60.37;31.09
142510_14951_42097;7;;773;404;404;70;334;52.26;17.33
142510_14952_42097;8;;639;414;414;83;331;64.79;20.05
142510_14953_42097;9;;863;470;470;56;414;54.46;11.91
142511_14954_42097;1;;1863;1079;1079;183;896;57.92;16.96
142511_14955_42097;2;;1803;969;969;181;788;53.74;18.68
142511_14956_42097;3;;1192;444;444;97;347;37.25;21.85
142511_14957_42097;4;;860;474;474;111;363;55.12;23.42
142511_14958_42097;5;;646;332;332;64;268;51.39;19.28
142511_14959_42097;6;;892;508;508;100;408;56.95;19.69
142511_14960_42097;7;;737;483;483;100;383;65.54;20.70
142512_14961_42097;1;;1689;1222;1222;268;954;72.35;21.93
142512_14962_42097;2;;1206;875;875;264;611;72.55;30.17
142512_14963_42097;3;;1551;963;966;243;720;62.09;25.23
142512_14964_42097;4;;465;326;326;96;230;70.11;29.45
142512_14965_42097;5;;535;256;256;64;192;47.85;25.00
142512_14966_42097;6;;1292;869;869;218;651;67.26;25.09
142513_14967_42097;1;;1139;687;687;107;580;60.32;15.57
142513_14968_42097;2;;1063;642;642;115;527;60.40;17.91
142513_14969_42097;3;;979;579;579;145;434;59.14;25.04
142513_14970_42097;4;;1815;999;999;209;790;55.04;20.92
142513_14971_42097;5;;818;506;506;111;395;61.86;21.94
142513_14972_42097;6;;1791;986;986;159;827;55.05;16.13
142513_14974_42097;8;;1207;724;724;141;583;59.98;19.48
142601_14975_42098;1;;643;439;439;119;320;68.27;27.11
142601_14976_42098;2;;720;457;457;70;387;63.47;15.32
142601_14977_42098;3;;768;505;505;106;399;65.76;20.99
142602_14978_42098;1;;602;294;294;54;240;48.84;18.37
142602_14979_42098;2;;413;259;259;30;229;62.71;11.58
142602_14980_42098;3;;840;486;486;104;382;57.86;21.40
142602_14981_42098;4;;535;310;310;70;240;57.94;22.58
142603_14982_42098;1;;1926;1124;1124;213;911;58.36;18.95
142603_14983_42098;2;;1233;729;729;214;515;59.12;29.36
142603_14984_42098;3;;783;410;410;131;279;52.36;31.95
142603_14985_42098;4;;1072;599;599;244;355;55.88;40.73
142603_14986_42098;5;;582;330;330;106;224;56.70;32.12
142603_14987_42098;6;;844;535;535;111;424;63.39;20.75
142603_14988_42098;7;;429;226;226;59;167;52.68;26.11
142604_14990_42098;2;;1379;738;738;133;605;53.52;18.02
142604_14991_42098;3;;494;276;276;33;243;55.87;11.96
142604_14992_42098;4;;933;521;522;101;420;55.84;19.39
142605_14993_42098;1;;1528;806;806;132;674;52.75;16.38
142605_14994_42098;2;;665;346;346;56;290;52.03;16.18
142605_14995_42098;3;;670;348;352;52;296;51.94;14.94
142605_14996_42098;4;;765;374;374;73;301;48.89;19.52
142605_14997_42098;5;;583;344;344;41;303;59.01;11.92
142605_14998_42098;6;;778;405;405;75;330;52.06;18.52
142606_14999_42098;1;;581;366;366;95;271;62.99;25.96
142606_15000_42098;2;;642;429;429;104;325;66.82;24.24
142606_15001_42098;3;;480;316;316;46;270;65.83;14.56
142606_15002_42098;4;;517;356;358;56;300;68.86;15.73
142607_15003_42098;1;;455;222;222;50;172;48.79;22.52
142607_15004_42098;2;;396;253;253;90;163;63.89;35.57
142607_15005_42098;3;;554;277;277;54;223;50.00;19.49
142607_15006_42098;4;;1031;628;628;231;397;60.91;36.78
142607_15007_42098;5;;412;255;255;58;197;61.89;22.75
142608_15008_42098;1;;1093;624;624;110;514;57.09;17.63
142608_15009_42098;2;;2109;1070;1070;277;793;50.73;25.89
142608_15010_42098;3;;1991;944;946;139;805;47.41;14.72
142608_15011_42098;4;;2097;1055;1055;339;716;50.31;32.13
142608_15012_42098;5;;2037;1102;1102;299;803;54.10;27.13
142608_15013_42098;6;;772;469;469;87;382;60.75;18.55
142608_15014_42098;7;;2062;1094;1094;263;831;53.06;24.04
142608_15015_42098;8;;1452;726;726;136;590;50.00;18.73
142609_15016_42098;1;;1170;616;616;108;508;52.65;17.53
142609_15017_42098;2;;1179;772;772;209;563;65.48;27.07
142609_15018_42098;3;;1003;376;376;20;356;37.49;5.32
142609_15019_42098;4;;1347;646;646;72;574;47.96;11.15
142609_15020_42098;5;;825;391;391;79;312;47.39;20.20
142609_15021_42098;6;;454;221;221;32;189;48.68;14.48
142610_15022_42098;1;;1828;1062;1062;302;760;58.10;28.44
142610_15023_42098;2;;599;371;371;73;298;61.94;19.68
142610_15024_42098;3;;594;341;342;97;244;57.41;28.45
142610_15025_42098;4;;774;435;435;112;323;56.20;25.75
142611_15026_42098;1;;888;464;464;114;350;52.25;24.57
142611_15027_42098;2;;655;420;420;76;344;64.12;18.10
142611_15028_42098;3;;1456;949;949;297;652;65.18;31.30
142611_15029_42098;4;;859;564;564;86;478;65.66;15.25
142611_15030_42098;5;;731;499;499;42;457;68.26;8.42
142612_15031_42098;1;;702;451;451;82;369;64.25;18.18
142612_15032_42098;2;;572;350;350;101;249;61.19;28.86
142612_15033_42098;3;;846;511;512;102;409;60.40;19.96
142612_15034_42098;4;;676;312;312;61;251;46.15;19.55
142612_15035_42098;5;;520;340;340;81;259;65.38;23.82
142612_15036_42098;6;;407;261;261;69;192;64.13;26.44
142613_15037_42098;1;;1774;1143;1143;178;965;64.43;15.57
142613_15038_42098;2;;965;597;597;117;480;61.87;19.60
142613_15039_42098;3;;913;583;583;73;510;63.86;12.52
142613_15040_42098;4;;965;612;612;164;448;63.42;26.80
142613_15041_42098;5;;566;370;370;56;314;65.37;15.14
142613_15042_42098;6;;1045;703;703;147;556;67.27;20.91
142613_15043_42098;7;;577;367;368;83;284;63.60;22.62
142613_15044_42098;8;;600;418;418;84;334;69.67;20.10
142613_15045_42098;9;;550;368;368;63;305;66.91;17.12
142701_15046_42096;1;;1000;512;512;66;446;51.20;12.89
142701_15047_42096;2;;908;514;514;101;413;56.61;19.65
142701_15048_42096;3;;1011;602;602;96;506;59.55;15.95
142701_15049_42096;4;;1070;622;624;117;505;58.13;18.81
142701_15050_42096;5;;979;592;592;94;498;60.47;15.88
142701_15051_42096;6;;1112;645;649;128;517;58.00;19.84
142701_15052_42096;7;;1081;557;557;86;471;51.53;15.44
142701_15053_42096;8;;793;463;463;64;399;58.39;13.82
142701_15054_42096;9;;946;511;511;79;432;54.02;15.46
142701_15055_42096;10;;1051;604;604;92;512;57.47;15.23
142701_15056_42096;11;;950;551;551;99;452;58.00;17.97
142701_15057_42096;12;;1024;549;549;118;431;53.61;21.49
142701_15058_42096;13;;976;606;606;101;505;62.09;16.67
142701_15059_42096;14;;1053;589;589;125;464;55.94;21.22
142701_15060_42096;15;;1096;630;630;136;494;57.48;21.59
142701_29925_42096;16;;57;15;15;6;9;26.32;40.00
142702_15061_42096;1;;570;298;298;61;237;52.28;20.47
142702_15062_42096;2;;893;514;514;114;400;57.56;22.18
142702_15063_42096;3;;868;539;539;110;429;62.10;20.41
142702_15064_42096;4;;780;472;472;109;363;60.51;23.09
142702_15065_42096;5;;968;508;508;116;392;52.48;22.83
142702_15066_42096;6;;713;414;414;98;316;58.06;23.67
142703_15067_42096;1;;715;521;521;137;384;72.87;26.30
142703_15068_42096;2;;700;451;451;154;297;64.43;34.15
142703_15069_42096;3;;818;668;668;148;520;81.66;22.16
142703_15070_42096;4;;748;509;510;120;389;68.05;23.58
142703_15071_42096;5;;965;728;728;191;537;75.44;26.24
142703_15072_42096;6;;996;701;701;188;513;70.38;26.82
142704_15073_42096;1;;683;479;479;130;349;70.13;27.14
142704_15074_42096;2;;755;496;496;149;347;65.70;30.04
142704_15075_42096;3;;765;540;541;145;395;70.59;26.85
142704_15076_42096;4;;621;442;442;85;357;71.18;19.23
142704_15077_42096;5;;623;473;479;125;348;75.92;26.43
142705_15078_42096;1;;1156;641;642;171;470;55.45;26.68
142705_15079_42096;2;;1324;870;870;237;633;65.71;27.24
142705_15080_42096;3;;1125;664;664;186;478;59.02;28.01
142705_15081_42096;4;;625;351;351;116;235;56.16;33.05
142705_15082_42096;5;;760;506;506;130;376;66.58;25.69
142705_15083_42096;6;;566;386;387;113;273;68.20;29.27
142706_15084_42096;1;;765;518;518;129;389;67.71;24.90
142706_15085_42096;2;;998;671;671;199;472;67.23;29.66
142706_15086_42096;3;;568;421;421;67;354;74.12;15.91
142706_15087_42096;4;;676;398;398;78;320;58.88;19.60
142706_15088_42096;5;;488;341;341;65;276;69.88;19.06
142706_29926_42096;6;;63;30;30;5;25;47.62;16.67
142707_15089_42096;1;;1092;798;799;108;690;73.08;13.53
142707_15090_42096;2;;1117;792;796;134;658;70.90;16.92
142707_15091_42096;3;;1461;985;985;204;781;67.42;20.71
142707_15092_42096;4;;721;566;566;95;471;78.50;16.78
142707_15093_42096;5;;1163;886;886;207;679;76.18;23.36
142801_15094_42096;1;;1488;659;659;95;564;44.29;14.42
142801_15095_42096;2;;1511;628;628;83;545;41.56;13.22
142801_15096_42096;3;;1215;515;515;79;436;42.39;15.34
142801_15097_42096;4;;1294;529;529;81;448;40.88;15.31
142801_15098_42096;5;;1410;644;644;53;591;45.67;8.23
142801_15099_42096;6;;1549;766;766;111;655;49.45;14.49
142801_15100_42096;7;;1478;712;712;84;628;48.17;11.80
142801_15101_42096;8;;1452;653;653;78;575;44.97;11.94
142801_15102_42096;9;;1398;653;654;94;559;46.71;14.40
142801_15103_42096;10;;1440;674;674;95;579;46.81;14.09
142801_15104_42096;11;;1512;636;636;86;550;42.06;13.52
142801_15105_42096;12;;1404;585;585;85;500;41.67;14.53
142801_15106_42096;13;;1500;757;757;78;679;50.47;10.30
142801_15107_42096;14;;1405;684;684;79;605;48.68;11.55
142801_15108_42096;15;;1394;615;615;137;478;44.12;22.28
142801_15110_42096;17;;1385;631;631;85;546;45.56;13.47
142801_15111_42096;18;;1340;661;661;111;550;49.33;16.79
142801_15112_42096;19;;1328;623;623;129;494;46.91;20.71
142801_15113_42096;20;;1443;679;679;114;565;47.05;16.79
142801_15114_42096;21;;1331;476;476;96;380;35.76;20.17
142801_29927_42096;22;;15;13;13;2;11;86.67;15.38
142801_29928_42096;23;;19;5;5;1;4;26.32;20.00
142801_29929_42096;24;;21;17;17;0;17;80.95;0.00
142802_15115_42096;1;;639;394;394;82;312;61.66;20.81
142802_15116_42096;2;;885;604;604;198;406;68.25;32.78
142802_15117_42096;3;;1017;651;652;165;486;64.01;25.35
142802_15118_42096;4;;989;651;651;159;492;65.82;24.42
142803_15119_42096;1;;976;564;565;119;445;57.79;21.10
142803_15120_42096;2;;1243;789;789;93;696;63.48;11.79
142803_15121_42096;3;;675;331;331;67;264;49.04;20.24
142803_15122_42096;4;;834;456;456;75;381;54.68;16.45
142803_15123_42096;5;;577;277;277;50;227;48.01;18.05
142803_15124_42096;6;;682;330;331;53;277;48.39;16.06
142804_15125_42096;1;;913;517;517;82;435;56.63;15.86
142804_15126_42096;2;;1252;727;727;159;568;58.07;21.87
142804_15127_42096;3;;1073;514;514;81;433;47.90;15.76
142804_15128_42096;4;;608;263;263;45;218;43.26;17.11
142804_15129_42096;5;;574;255;256;58;197;44.43;22.75
142804_29930_42096;6;;74;41;41;9;32;55.41;21.95
142805_15130_42096;1;;960;435;436;96;339;45.31;22.07
142805_15131_42096;2;;1153;536;536;114;422;46.49;21.27
142805_15132_42096;3;;1016;356;356;75;281;35.04;21.07
142805_15133_42096;4;;1164;544;544;103;441;46.74;18.93
142805_15134_42096;5;;868;415;415;87;328;47.81;20.96
142806_15135_42096;1;;771;399;399;95;304;51.75;23.81
142806_15136_42096;2;;710;429;429;77;352;60.42;17.95
142806_15137_42096;3;;772;464;464;101;363;60.10;21.77
142806_15138_42096;4;;533;249;249;60;189;46.72;24.10
142807_15139_42096;1;;446;192;192;39;153;43.05;20.31
142807_15140_42096;2;;1205;540;540;105;435;44.81;19.44
142807_15141_42096;3;;974;504;504;86;418;51.75;17.06
142807_15142_42096;4;;1048;397;397;45;352;37.88;11.34
142807_15143_42096;5;;1109;562;562;75;487;50.68;13.35
142807_15144_42096;6;;1089;515;515;118;397;47.29;22.91
142807_15145_42096;7;;562;256;256;55;201;45.55;21.48
142807_15146_42096;8;;1544;697;697;76;621;45.14;10.90
142808_15147_42096;1;;1158;699;699;100;599;60.36;14.31
142808_15148_42096;2;;1189;636;636;116;520;53.49;18.24
142808_15149_42096;3;;1124;658;658;142;516;58.54;21.58
142808_15150_42096;4;;848;415;415;127;288;48.94;30.60
142808_15151_42096;5;;1148;596;596;139;457;51.92;23.32
142808_15152_42096;6;;1342;772;772;96;676;57.53;12.44
142808_15153_42096;7;;1031;461;461;76;385;44.71;16.49
142808_15154_42096;8;;1176;528;528;110;418;44.90;20.83
142901_15155_42098;1;;2036;1034;1034;138;896;50.79;13.35
142901_15156_42098;2;;2109;1228;1228;187;1041;58.23;15.23
142901_15157_42098;3;;2252;1315;1315;232;1083;58.39;17.64
142901_15158_42098;4;;1781;948;948;179;769;53.23;18.88
142901_15159_42098;5;;2224;1260;1260;197;1063;56.65;15.63
142901_15160_42098;6;;1901;1042;1042;137;905;54.81;13.15
142901_15161_42098;7;;1126;614;614;74;540;54.53;12.05
142901_15162_42098;8;;1866;989;989;153;836;53.00;15.47
142901_29931_42098;9;;148;40;40;2;38;27.03;5.00
142902_15163_42098;1;;1105;751;751;113;638;67.96;15.05
142902_15164_42098;2;;488;383;383;73;310;78.48;19.06
142902_15165_42098;3;;399;269;271;56;213;67.42;20.82
142902_15166_42098;4;;1055;689;689;119;570;65.31;17.27
142903_15167_42098;1;;902;570;570;134;436;63.19;23.51
142903_15168_42098;2;;569;339;339;90;249;59.58;26.55
142903_15169_42098;3;;521;336;336;78;258;64.49;23.21
142904_15170_42098;1;;460;332;332;48;284;72.17;14.46
142904_15171_42098;2;;498;303;303;69;234;60.84;22.77
142904_15172_42098;3;;742;441;441;74;367;59.43;16.78
142904_15173_42098;4;;776;501;501;91;410;64.56;18.16
142904_15174_42098;5;;1520;1070;1070;178;892;70.39;16.64
142906_15182_42098;1;;1446;837;837;186;651;57.88;22.22
142906_15183_42098;2;;536;295;295;39;256;55.04;13.22
142906_15184_42098;3;;1253;744;744;121;623;59.38;16.26
142906_15185_42098;4;;764;546;546;61;485;71.47;11.17
142906_15186_42098;5;;580;431;431;47;384;74.31;10.90
142906_30776_42098;6;;22;7;7;0;7;31.82;0.00
142907_15187_42098;1;;440;299;299;67;232;67.95;22.41
142907_15188_42098;2;;1166;669;670;117;552;57.38;17.49
142907_15189_42098;3;;1171;642;642;104;538;54.82;16.20
142907_15190_42098;4;;466;313;313;44;269;67.17;14.06
142908_15191_42098;1;;1006;552;552;110;442;54.87;19.93
142908_15192_42098;2;;415;202;202;41;161;48.67;20.30
142908_15193_42098;3;;743;449;449;115;334;60.43;25.61
142908_15194_42098;4;;768;544;544;136;408;70.83;25.00
142908_15195_42098;5;;812;539;539;88;451;66.38;16.33
142908_15196_42098;6;;682;406;406;70;336;59.53;17.24
142908_15197_42098;7;;590;393;393;72;321;66.61;18.32
142909_15198_42098;1;;935;466;469;90;376;49.84;19.31
142909_15199_42098;2;;887;413;413;66;347;46.56;15.98
142909_15200_42098;3;;809;469;470;91;378;57.97;19.40
142909_15201_42098;4;;586;297;297;72;225;50.68;24.24
142909_15202_42098;5;;411;238;238;46;192;57.91;19.33
143001_15203_42097;1;;1400;838;839;235;603;59.86;28.04
143001_15204_42097;2;;511;343;344;126;217;67.12;36.73
143001_15205_42097;3;;688;399;399;118;281;57.99;29.57
143001_15206_42097;4;;712;540;540;189;351;75.84;35.00
143001_15207_42097;5;;669;414;414;85;329;61.88;20.53
143001_15208_42097;6;;550;384;385;135;249;69.82;35.16
143001_15209_42097;7;;696;494;494;165;329;70.98;33.40
143002_15210_42097;1;;2341;1677;1679;319;1358;71.64;19.02
143002_15211_42097;2;;990;688;689;164;524;69.49;23.84
143002_15212_42097;3;;929;649;649;165;484;69.86;25.42
143003_15213_42097;1;;1243;912;912;280;632;73.37;30.70
143003_15214_42097;2;;577;448;448;146;302;77.64;32.59
143003_15215_42097;3;;1214;873;873;276;597;71.91;31.62
143004_15216_42097;1;;2199;1447;1447;355;1092;65.80;24.53
143004_15217_42097;2;;635;387;387;110;277;60.94;28.42
143004_15218_42097;3;;579;368;368;87;281;63.56;23.64
143004_15219_42097;4;;379;250;250;46;204;65.96;18.40
143004_15220_42097;5;;886;564;564;190;374;63.66;33.69
143005_15221_42097;1;;1890;1104;1104;192;912;58.41;17.39
143005_15222_42097;2;;1824;1019;1019;175;844;55.87;17.17
143005_15223_42097;3;;1782;1104;1104;145;959;61.95;13.13
143005_15224_42097;4;;1815;1053;1053;177;876;58.02;16.81
143005_15225_42097;5;;1660;875;875;138;737;52.71;15.77
143005_15226_42097;6;;1846;1035;1035;140;895;56.07;13.53
143005_15227_42097;7;;760;489;489;79;410;64.34;16.16
143005_15228_42097;8;;766;479;479;64;415;62.53;13.36
143005_15229_42097;9;;755;427;427;66;361;56.56;15.46
143005_15230_42097;10;;972;614;614;118;496;63.17;19.22
143005_15231_42097;11;;1456;898;898;232;666;61.68;25.84
143201_15232_42099;1;;1317;776;776;165;611;58.92;21.26
143201_15233_42099;2;;1801;976;976;224;752;54.19;22.95
143201_15234_42099;3;;1886;1124;1124;228;896;59.60;20.28
143201_15235_42099;4;;1422;807;807;159;648;56.75;19.70
143201_15236_42099;5;;1496;906;906;170;736;60.56;18.76
143201_15237_42099;6;;1518;976;976;204;772;64.30;20.90
143201_15238_42099;7;;632;357;357;41;316;56.49;11.48
143201_15239_42099;8;;677;373;373;54;319;55.10;14.48
143201_15240_42099;9;;1406;691;691;106;585;49.15;15.34
143201_15241_42099;10;;847;370;370;84;286;43.68;22.70
143201_15242_42099;11;;789;399;399;95;304;50.57;23.81
143201_15243_42099;12;;1159;660;660;126;534;56.95;19.09
143201_15244_42099;13;;1766;913;913;177;736;51.70;19.39
143202_15245_42099;1;;2000;1071;1071;158;913;53.55;14.75
143202_15246_42099;2;;849;504;504;49;455;59.36;9.72
143202_15247_42099;3;;1423;904;904;100;804;63.53;11.06
143202_15248_42099;4;;2171;1400;1403;167;1233;64.49;11.93
143202_15249_42099;5;;1699;1020;1020;227;793;60.04;22.25
143203_15250_42099;1;;2053;1361;1364;535;826;66.29;39.31
143203_15251_42099;2;;1459;936;936;296;640;64.15;31.62
143204_15252_42099;1;;1497;832;832;209;623;55.58;25.12
143204_15253_42099;2;;1480;798;799;200;598;53.92;25.06
143204_15254_42099;3;;430;276;276;88;188;64.19;31.88
143204_15255_42099;4;;1650;829;829;207;622;50.24;24.97
143204_15256_42099;5;;928;470;470;68;402;50.65;14.47
143204_15257_42099;6;;1621;908;908;171;737;56.01;18.83
143205_15258_42099;1;;1180;658;659;123;535;55.76;18.69
143205_15259_42099;2;;2049;1231;1231;121;1110;60.08;9.83
143205_15260_42099;3;;1716;979;979;79;900;57.05;8.07
143205_15261_42099;4;;2079;1288;1288;204;1084;61.95;15.84
143205_15262_42099;5;;1351;813;813;86;727;60.18;10.58
143205_15263_42099;6;;1803;1068;1068;150;918;59.23;14.04
143205_15264_42099;7;;1265;774;774;111;663;61.19;14.34
143205_15265_42099;8;;1656;998;998;159;839;60.27;15.93
143205_15266_42099;9;;906;584;584;59;525;64.46;10.10
143205_15267_42099;10;;1261;763;763;132;631;60.51;17.30
143205_15268_42099;11;;1655;1008;1008;159;849;60.91;15.77
143205_15269_42099;12;;1221;684;684;121;563;56.02;17.69
143205_15270_42099;13;;641;362;362;93;269;56.47;25.69
143206_15271_42099;1;;903;458;458;77;381;50.72;16.81
143206_15272_42099;2;;739;321;321;42;279;43.44;13.08
143206_15273_42099;3;;852;393;393;69;324;46.13;17.56
143206_15274_42099;4;;636;336;336;40;296;52.83;11.90
143206_15275_42099;5;;826;390;390;41;349;47.22;10.51
143206_15276_42099;6;;729;324;324;60;264;44.44;18.52
143206_15277_42099;7;;518;256;256;36;220;49.42;14.06
143206_15278_42099;8;;947;449;449;96;353;47.41;21.38
143206_15279_42099;9;;932;494;494;86;408;53.00;17.41
143206_15280_42099;10;;1099;438;438;96;342;39.85;21.92
143206_15281_42099;11;;806;359;360;48;311;44.54;13.37
143206_15282_42099;12;;637;336;336;85;251;52.75;25.30
143206_15283_42099;13;;1017;331;413;0;331;32.55;0.00
143206_15284_42099;14;;992;334;367;17;317;33.67;5.09
143206_15285_42099;15;;1164;425;425;84;341;36.51;19.76
143206_15286_42099;16;;918;346;346;61;285;37.69;17.63
143206_15287_42099;17;;689;271;271;64;207;39.33;23.62
143206_15288_42099;18;;586;218;218;55;163;37.20;25.23
143206_15289_42099;19;;517;166;166;50;116;32.11;30.12
143206_15290_42099;20;;929;415;415;51;364;44.67;12.29
143206_15291_42099;21;;994;400;400;80;320;40.24;20.00
143206_29932_42099;22;;28;20;20;3;17;71.43;15.00
143207_15292_42099;1;;1655;906;906;140;766;54.74;15.45
143207_15293_42099;2;;1757;929;929;127;802;52.87;13.67
143207_15294_42099;3;;2220;1202;1202;116;1086;54.14;9.65
143207_15295_42099;4;;1707;964;964;132;832;56.47;13.69
143207_15296_42099;5;;1239;532;532;60;472;42.94;11.28
143207_15297_42099;6;;1598;786;786;120;666;49.19;15.27
143207_15298_42099;7;;1500;707;707;164;543;47.13;23.20
143207_15299_42099;8;;1556;635;635;131;504;40.81;20.63
143301_15300_42098;1;;2028;919;920;145;774;45.32;15.78
143301_15301_42098;2;;1662;822;822;150;672;49.46;18.25
143301_15302_42098;3;;2300;1119;1119;185;934;48.65;16.53
143301_15303_42098;4;;2165;1142;1142;204;938;52.75;17.86
143301_15304_42098;5;;2326;1177;1177;165;1012;50.60;14.02
143301_29933_42098;6;;50;18;18;1;17;36.00;5.56
143302_15305_42098;1;;1347;808;808;173;635;59.99;21.41
143302_15306_42098;2;;923;501;501;124;377;54.28;24.75
143302_15307_42098;3;;985;480;480;124;356;48.73;25.83
143302_15308_42098;4;;379;219;219;43;176;57.78;19.63
143303_15309_42098;1;;1734;1081;1081;261;820;62.34;24.14
143303_15310_42098;2;;708;416;416;130;286;58.76;31.25
143303_15311_42098;3;;689;403;403;133;270;58.49;33.00
143303_15312_42098;4;;1348;773;777;192;581;57.34;24.84
143303_15313_42098;5;;753;469;469;130;339;62.28;27.72
143304_15314_42098;1;;1526;815;815;151;664;53.41;18.53
143304_15315_42098;2;;607;291;291;46;245;47.94;15.81
143304_15316_42098;3;;1328;677;677;156;521;50.98;23.04
143304_15317_42098;4;;1317;666;666;231;435;50.57;34.68
143304_15318_42098;5;;903;417;417;104;313;46.18;24.94
143304_15319_42098;6;;490;253;253;56;197;51.63;22.13
143305_15320_42098;1;;1213;505;505;80;425;41.63;15.84
143305_15321_42098;2;;806;386;386;109;277;47.89;28.24
143305_15322_42098;3;;1352;612;612;95;517;45.27;15.52
143305_15323_42098;4;;2272;1019;1019;145;874;44.85;14.23
143305_15324_42098;5;;835;393;393;83;310;47.07;21.12
143305_15325_42098;6;;1365;682;682;91;591;49.96;13.34
143305_15326_42098;7;;730;369;369;80;289;50.55;21.68
143305_15327_42098;8;;1265;667;667;87;580;52.73;13.04
143305_15328_42098;9;;1025;437;437;97;340;42.63;22.20
143305_15329_42098;10;;737;348;348;82;266;47.22;23.56
143305_15330_42098;11;;1240;658;658;80;578;53.06;12.16
143305_15331_42098;12;;766;359;359;65;294;46.87;18.11
143305_15332_42098;13;;591;229;229;39;190;38.75;17.03
143305_29934_42098;14;;30;25;25;2;23;83.33;8.00
143306_15333_42098;1;;1074;765;765;157;608;71.23;20.52
143306_15334_42098;2;;474;302;302;91;211;63.71;30.13
143306_15335_42098;3;;633;345;345;88;257;54.50;25.51
143306_15336_42098;4;;614;446;446;130;316;72.64;29.15
143306_15337_42098;5;;612;384;384;87;297;62.75;22.66
143307_15338_42098;1;;1063;641;641;125;516;60.30;19.50
143307_15339_42098;2;;1107;606;607;152;454;54.74;25.08
143307_15340_42098;3;;784;409;409;71;338;52.17;17.36
143307_15341_42098;4;;779;461;461;132;329;59.18;28.63
143307_15342_42098;5;;713;380;380;91;289;53.30;23.95
143307_15343_42098;6;;497;259;259;98;161;52.11;37.84
143308_15344_42098;1;;794;372;372;85;287;46.85;22.85
143308_15345_42098;2;;682;295;295;75;220;43.26;25.42
143308_15346_42098;3;;1134;490;494;125;365;43.21;25.51
143308_15347_42098;4;;1137;659;659;124;535;57.96;18.82
143308_15348_42098;5;;425;283;283;61;222;66.59;21.55
143308_29935_42098;6;;21;18;18;0;18;85.71;0.00
143309_15349_42098;1;;605;403;405;115;288;66.61;28.54
143309_15350_42098;2;;587;404;404;77;327;68.82;19.06
143309_15351_42098;3;;639;331;331;95;236;51.80;28.70
143309_15352_42098;4;;616;362;362;100;262;58.77;27.62
143401_15353_42099;1;;985;394;394;47;347;40.00;11.93
143401_15354_42099;2;;1394;662;662;118;544;47.49;17.82
143401_15355_42099;3;;1292;650;650;72;578;50.31;11.08
143401_15356_42099;4;;595;292;292;37;255;49.08;12.67
143401_15357_42099;5;;1222;663;663;66;597;54.26;9.95
143401_15358_42099;6;;730;423;423;60;363;57.95;14.18
143401_15359_42099;7;;855;424;424;67;357;49.59;15.80
143401_15360_42099;8;;806;493;493;52;441;61.17;10.55
143401_15361_42099;9;;1660;975;975;97;878;58.73;9.95
143401_15362_42099;10;;1389;868;868;138;730;62.49;15.90
143401_15363_42099;11;;1530;792;792;118;674;51.76;14.90
143401_15364_42099;12;;1105;564;564;61;503;51.04;10.82
143401_15365_42099;13;;877;507;507;67;440;57.81;13.21
143401_15366_42099;14;;842;476;476;49;427;56.53;10.29
143401_15367_42099;15;;839;453;454;33;420;53.99;7.28
143402_15368_42099;1;;1537;595;595;79;516;38.71;13.28
143402_15369_42099;2;;1804;894;894;100;794;49.56;11.19
143402_15370_42099;3;;1165;551;551;89;462;47.30;16.15
143402_15371_42099;4;;1314;680;680;46;634;51.75;6.76
143402_15372_42099;5;;1802;845;845;128;717;46.89;15.15
143402_15373_42099;6;;1599;751;751;89;662;46.97;11.85
143402_15374_42099;7;;1911;1053;1053;141;912;55.10;13.39
143402_15375_42099;8;;1355;680;680;103;577;50.18;15.15
143402_15376_42099;9;;1938;787;789;97;690;40.61;12.33
143402_15377_42099;10;;1540;728;728;150;578;47.27;20.60
143402_15378_42099;11;;992;433;433;51;382;43.65;11.78
143402_15379_42099;12;;1445;687;687;95;592;47.54;13.83
143402_15380_42099;13;;1324;648;648;81;567;48.94;12.50
143402_15381_42099;14;;1577;786;786;116;670;49.84;14.76
143403_15382_42099;1;;1922;1009;1009;139;870;52.50;13.78
143403_15383_42099;2;;2263;1164;1164;111;1053;51.44;9.54
143403_15384_42099;3;;1668;904;904;103;801;54.20;11.39
143403_15385_42099;4;;2309;1200;1204;174;1026;51.97;14.50
143403_15386_42099;5;;2088;939;939;131;808;44.97;13.95
143403_15387_42099;6;;1319;562;562;86;476;42.61;15.30
143403_15388_42099;7;;2301;1068;1068;208;860;46.41;19.48
143403_15389_42099;8;;1995;900;900;55;845;45.11;6.11
143403_15390_42099;9;;1134;434;434;57;377;38.27;13.13
143403_15391_42099;10;;1065;493;496;60;433;46.29;12.17
143403_15392_42099;11;;1237;576;576;55;521;46.56;9.55
143403_15393_42099;12;;1169;364;364;31;333;31.14;8.52
143403_15394_42099;13;;1147;444;448;36;408;38.71;8.11
143403_15395_42099;14;;1120;422;422;29;393;37.68;6.87
143404_15396_42099;1;;1155;637;637;86;551;55.15;13.50
143404_15397_42099;2;;914;499;499;49;450;54.60;9.82
143404_15398_42099;3;;1844;1112;1112;174;938;60.30;15.65
143404_15399_42099;4;;1645;927;927;88;839;56.35;9.49
143404_15400_42099;5;;851;491;491;55;436;57.70;11.20
143404_15401_42099;6;;967;581;581;99;482;60.08;17.04
143404_15402_42099;7;;1946;1106;1106;162;944;56.83;14.65
143404_15403_42099;8;;1623;806;806;114;692;49.66;14.14
143404_15404_42099;9;;631;356;356;32;324;56.42;8.99
143404_15405_42099;10;;1979;1068;1068;167;901;53.97;15.64
143404_29936_42099;11;;50;30;30;9;21;60.00;30.00
143405_15406_42099;1;;1199;813;813;101;712;67.81;12.42
143405_15407_42099;2;;842;437;437;100;337;51.90;22.88
143405_15408_42099;3;;1151;649;649;138;511;56.39;21.26
143405_15409_42099;4;;404;200;200;36;164;49.50;18.00
143405_15410_42099;5;;822;448;448;90;358;54.50;20.09
143405_15411_42099;6;;304;180;180;31;149;59.21;17.22
143405_15412_42099;7;;1242;786;786;133;653;63.29;16.92
143405_29937_42099;8;;11;10;10;0;10;90.91;0.00
143406_15413_42099;1;;795;448;448;104;344;56.35;23.21
143406_15414_42099;2;;752;431;431;111;320;57.31;25.75
143406_15415_42099;3;;737;476;476;136;340;64.59;28.57
143406_15416_42099;4;;425;269;269;75;194;63.29;27.88
143406_15417_42099;5;;908;523;523;151;372;57.60;28.87
143406_15418_42099;6;;724;412;412;86;326;56.91;20.87
143406_15419_42099;7;;473;311;311;127;184;65.75;40.84
143406_15420_42099;8;;535;332;332;99;233;62.06;29.82
143406_15421_42099;9;;460;239;239;48;191;51.96;20.08
143406_15422_42099;10;;433;256;256;81;175;59.12;31.64
143407_15423_42099;1;;1196;722;722;194;528;60.37;26.87
143407_15424_42099;2;;1505;971;971;193;778;64.52;19.88
143407_15425_42099;3;;1079;613;613;137;476;56.81;22.35
143407_15426_42099;4;;1502;858;858;190;668;57.12;22.14
143407_15427_42099;5;;479;333;333;84;249;69.52;25.23
143407_15428_42099;6;;1115;709;709;206;503;63.59;29.06
143407_15429_42099;7;;449;294;294;71;223;65.48;24.15
143407_29938_42099;8;;60;60;60;8;52;100.00;13.33
143408_15430_42099;1;;588;358;358;129;229;60.88;36.03
143408_15431_42099;2;;1306;760;760;259;501;58.19;34.08
143408_15432_42099;3;;651;420;420;102;318;64.52;24.29
143408_15433_42099;4;;395;245;245;85;160;62.03;34.69
143408_15434_42099;5;;752;440;440;104;336;58.51;23.64
143408_15435_42099;6;;1117;751;751;196;555;67.23;26.10
143409_15436_42099;1;;1636;862;862;100;762;52.69;11.60
143409_15437_42099;2;;1653;777;777;142;635;47.01;18.28
143409_15438_42099;3;;1555;1018;1018;136;882;65.47;13.36
143409_15439_42099;4;;1935;968;968;99;869;50.03;10.23
143409_15440_42099;5;;1692;963;963;181;782;56.91;18.80
143409_15441_42099;6;;1729;916;916;188;728;52.98;20.52
143409_15442_42099;7;;1714;861;861;205;656;50.23;23.81
143409_15443_42099;8;;1792;1059;1059;147;912;59.10;13.88
143409_15444_42099;9;;1742;961;961;146;815;55.17;15.19
143409_15445_42099;10;;1470;718;718;147;571;48.84;20.47
143409_15446_42099;11;;1326;812;812;106;706;61.24;13.05
143409_29939_42099;12;;88;32;32;9;23;36.36;28.12
143410_15447_42099;1;;184;115;115;52;63;62.50;45.22
143410_15448_42099;2;;391;231;231;77;154;59.08;33.33
143410_15449_42099;3;;344;236;236;78;158;68.60;33.05
143410_15450_42099;4;;534;379;379;91;288;70.97;24.01
143410_15451_42099;5;;458;293;293;98;195;63.97;33.45
143410_15452_42099;6;;390;266;266;89;177;68.21;33.46
143410_15453_42099;7;;109;88;88;36;52;80.73;40.91
143411_15454_42099;1;;1480;751;751;167;584;50.74;22.24
143411_15455_42099;2;;651;311;311;74;237;47.77;23.79
143411_15456_42099;3;;1161;675;675;136;539;58.14;20.15
143411_15457_42099;4;;1258;708;709;158;550;56.28;22.32
143411_15458_42099;5;;923;523;523;139;384;56.66;26.58
143411_15459_42099;6;;774;379;379;89;290;48.97;23.48
143411_15460_42099;7;;1225;655;655;164;491;53.47;25.04
143411_15461_42099;8;;1334;758;758;243;515;56.82;32.06
143411_15462_42099;9;;992;610;610;233;377;61.49;38.20
143411_15463_42099;10;;799;453;453;141;312;56.70;31.13
143411_15464_42099;11;;727;375;375;79;296;51.58;21.07
143411_15465_42099;12;;897;480;480;188;292;53.51;39.17
143411_15466_42099;13;;839;419;419;125;294;49.94;29.83
143411_15467_42099;14;;863;425;425;113;312;49.25;26.59
143411_15468_42099;15;;1383;678;678;131;547;49.02;19.32
143412_15469_42099;1;;1069;653;653;114;539;61.09;17.46
143412_15470_42099;2;;984;449;449;84;365;45.63;18.71
143412_15471_42099;3;;984;544;544;72;472;55.28;13.24
143412_15472_42099;4;;1713;988;988;113;875;57.68;11.44
143412_15473_42099;5;;788;439;440;58;381;55.71;13.21
143412_15474_42099;6;;560;310;310;77;233;55.36;24.84
143412_15475_42099;7;;245;157;157;34;123;64.08;21.66
143412_15476_42099;8;;996;538;538;87;451;54.02;16.17
143412_15477_42099;9;;1116;627;627;100;527;56.18;15.95
143412_15478_42099;10;;500;257;257;40;217;51.40;15.56
143412_15479_42099;11;;1021;477;477;106;371;46.72;22.22
143412_15480_42099;12;;835;405;405;69;336;48.50;17.04
143412_15481_42099;13;;1791;894;896;114;780;49.92;12.75
143412_15482_42099;14;;1519;739;739;92;647;48.65;12.45
143412_15483_42099;15;;1711;950;950;89;861;55.52;9.37
143412_15484_42099;16;;2245;1163;1163;143;1020;51.80;12.30
143412_15485_42099;17;;1057;493;493;88;405;46.64;17.85
143412_15486_42099;18;;969;387;387;23;364;39.94;5.94
143412_15487_42099;19;;1059;360;360;82;278;33.99;22.78
143412_15488_42099;20;;1156;557;557;60;497;48.18;10.77
143412_15489_42099;21;;1803;808;808;97;711;44.81;12.00
143412_15490_42099;22;;512;232;232;31;201;45.31;13.36
143412_15491_42099;23;;1889;833;833;125;708;44.10;15.01
143412_15492_42099;24;;1809;844;845;93;751;46.66;11.02
143412_15493_42099;25;;1991;992;994;134;858;49.82;13.51
143412_15494_42099;26;;2179;1045;1046;93;952;47.96;8.90
143412_15495_42099;27;;1546;668;668;90;578;43.21;13.47
143412_15496_42099;28;;1799;804;804;179;625;44.69;22.26
143412_15497_42099;29;;1058;562;562;74;488;53.12;13.17
143412_15498_42099;30;;1226;710;710;77;633;57.91;10.85
143412_15499_42099;31;;1930;1049;1049;111;938;54.35;10.58
143412_29940_42099;32;;35;27;27;2;25;77.14;7.41
143501_15500_42098;1;;1469;967;967;192;775;65.83;19.86
143501_15501_42098;2;;594;297;297;79;218;50.00;26.60
143501_15502_42098;3;;940;578;578;140;438;61.49;24.22
143501_15503_42098;4;;601;306;306;87;219;50.92;28.43
143501_15504_42098;5;;1224;605;605;131;474;49.43;21.65
143501_15505_42098;6;;1348;708;709;170;538;52.52;24.01
143501_15506_42098;7;;169;69;69;18;51;40.83;26.09
143501_15507_42098;8;;352;206;206;70;136;58.52;33.98
143501_15508_42098;9;;37;27;27;8;19;72.97;29.63
143502_15509_42098;1;;2090;1359;1359;367;992;65.02;27.01
143502_15510_42098;2;;902;554;554;182;372;61.42;32.85
143502_15511_42098;3;;960;542;542;137;405;56.46;25.28
143502_15512_42098;4;;461;233;233;74;159;50.54;31.76
143502_15513_42098;5;;810;400;400;113;287;49.38;28.25
143502_15514_42098;6;;954;554;554;132;422;58.07;23.83
143503_15515_42098;1;;1371;886;886;239;647;64.62;26.98
143503_15516_42098;2;;643;439;439;88;351;68.27;20.05
143503_15517_42098;3;;506;320;320;64;256;63.24;20.00
143503_15518_42098;4;;578;371;371;66;305;64.19;17.79
143503_15519_42098;5;;608;419;419;136;283;68.91;32.46
143503_15520_42098;6;;641;463;463;149;314;72.23;32.18
143503_15521_42098;7;;408;258;259;71;187;63.24;27.52
143503_15522_42098;8;;389;265;265;73;192;68.12;27.55
143503_15523_42098;9;;324;226;226;83;143;69.75;36.73
143504_15524_42098;1;;1143;769;769;106;663;67.28;13.78
143504_15525_42098;2;;283;164;164;40;124;57.95;24.39
143504_15526_42098;3;;934;660;660;146;514;70.66;22.12
143504_15527_42098;4;;660;489;489;76;413;74.09;15.54
143504_15528_42098;5;;499;307;307;78;229;61.52;25.41
143504_15529_42098;6;;948;618;618;140;478;65.19;22.65
143504_29941_42098;7;;113;113;113;26;87;100.00;23.01
143505_15530_42098;1;;1497;765;765;150;615;51.10;19.61
143505_15531_42098;2;;1513;853;855;81;772;56.38;9.50
143505_15532_42098;3;;1500;789;789;81;708;52.60;10.27
143505_15533_42098;4;;1510;730;730;80;650;48.34;10.96
143505_15534_42098;5;;1431;560;560;84;476;39.13;15.00
143505_15535_42098;6;;1514;867;868;97;770;57.27;11.19
143505_15536_42098;7;;1447;760;760;142;618;52.52;18.68
143505_15537_42098;8;;1231;617;617;101;516;50.12;16.37
143505_15538_42098;9;;1409;656;656;72;584;46.56;10.98
143505_15539_42098;10;;1448;665;665;87;578;45.93;13.08
143505_15540_42098;11;;1440;581;581;93;488;40.35;16.01
143505_15541_42098;12;;1485;792;792;120;672;53.33;15.15
143505_15542_42098;13;;1414;652;652;83;569;46.11;12.73
143505_15543_42098;14;;1409;674;674;92;582;47.84;13.65
143505_15544_42098;15;;1263;673;673;140;533;53.29;20.80
143505_15545_42098;16;;681;343;343;77;266;50.37;22.45
143505_15546_42098;17;;603;321;321;66;255;53.23;20.56
143505_15547_42098;18;;312;113;113;30;83;36.22;26.55
143505_15548_42098;19;;1485;674;674;237;437;45.39;35.16
143505_15549_42098;20;;552;328;328;85;243;59.42;25.91
143505_15550_42098;21;;937;549;551;64;485;58.59;11.66
143505_15551_42098;22;;422;320;320;47;273;75.83;14.69
143505_15552_42098;23;;1079;662;662;150;512;61.35;22.66
143505_15553_42098;24;;761;434;434;177;257;57.03;40.78
143505_15554_42098;25;;463;266;266;41;225;57.45;15.41
143505_15555_42098;26;;416;255;255;72;183;61.30;28.24
143505_15556_42098;27;;1234;557;557;126;431;45.14;22.62
143505_15557_42098;28;;288;167;167;33;134;57.99;19.76
143505_29942_42098;29;;54;13;13;3;10;24.07;23.08
143506_15558_42098;1;;1093;673;673;131;542;61.57;19.47
143506_15559_42098;2;;1116;690;690;161;529;61.83;23.33
143506_15560_42098;3;;848;593;593;219;374;69.93;36.93
143506_15561_42098;4;;486;289;289;78;211;59.47;26.99
143506_15562_42098;5;;1000;610;610;205;405;61.00;33.61
143506_29943_42098;6;;75;34;34;0;34;45.33;0.00
143601_15563_42097;1;;1299;994;994;175;819;76.52;17.61
143601_15564_42097;2;;808;561;561;135;426;69.43;24.06
143601_15565_42097;3;;580;450;450;112;338;77.59;24.89
143601_15566_42097;4;;350;247;247;62;185;70.57;25.10
143601_15567_42097;5;;445;277;277;57;220;62.25;20.58
143601_15568_42097;6;;275;205;205;50;155;74.55;24.39
143602_15569_42097;1;;1937;1273;1273;368;905;65.72;28.91
143602_15570_42097;2;;1209;773;773;156;617;63.94;20.18
143602_15571_42097;3;;612;351;351;130;221;57.35;37.04
143602_15572_42097;4;;506;317;317;93;224;62.65;29.34
143602_15573_42097;5;;653;523;523;133;390;80.09;25.43
143603_15574_42097;1;;589;291;291;90;201;49.41;30.93
143603_15575_42097;2;;918;471;471;126;345;51.31;26.75
143603_15576_42097;3;;756;365;365;64;301;48.28;17.53
143603_15577_42097;4;;811;460;460;105;355;56.72;22.83
143603_15578_42097;5;;722;394;394;90;304;54.57;22.84
143603_15579_42097;6;;951;510;510;116;394;53.63;22.75
143603_15580_42097;7;;371;143;143;21;122;38.54;14.69
143604_15581_42097;1;;1566;1051;1051;239;812;67.11;22.74
143604_15582_42097;2;;748;486;486;115;371;64.97;23.66
143604_15583_42097;3;;449;289;289;67;222;64.37;23.18
143604_15584_42097;4;;567;320;320;66;254;56.44;20.62
143604_15585_42097;5;;504;311;311;96;215;61.71;30.87
143605_15586_42097;1;;1825;1025;1025;109;916;56.16;10.63
143605_15587_42097;2;;2526;1435;1435;189;1246;56.81;13.17
143605_15588_42097;3;;1578;790;792;100;690;50.06;12.66
143605_15589_42097;4;;1847;1031;1031;139;892;55.82;13.48
143605_15590_42097;5;;461;249;249;53;196;54.01;21.29
143605_15591_42097;6;;632;378;378;73;305;59.81;19.31
143605_15592_42097;7;;294;132;132;26;106;44.90;19.70
143605_15593_42097;8;;586;313;313;29;284;53.41;9.27
143605_15594_42097;9;;812;430;430;69;361;52.96;16.05
143605_15595_42097;10;;564;292;292;71;221;51.77;24.32
143605_15596_42097;11;;408;269;269;30;239;65.93;11.15
143605_15597_42097;12;;537;253;253;39;214;47.11;15.42
143605_15598_42097;13;;362;137;137;15;122;37.85;10.95
143605_29944_42097;14;;56;4;4;0;4;7.14;0.00
143701_15599_42096;1;;1559;897;897;147;750;57.54;16.39
143701_15600_42096;2;;1646;979;979;246;733;59.48;25.13
143701_15601_42096;3;;1032;568;568;91;477;55.04;16.02
143702_15602_42096;1;;1049;674;674;201;473;64.25;29.82
143702_15603_42096;2;;1398;763;763;212;551;54.58;27.79
143702_15604_42096;3;;971;598;598;213;385;61.59;35.62
143702_15605_42096;4;;574;352;352;119;233;61.32;33.81
143703_15606_42096;1;;1564;1113;1115;256;857;71.16;23.00
143703_15607_42096;2;;836;487;487;169;318;58.25;34.70
143703_15608_42096;3;;1422;852;852;243;609;59.92;28.52
143703_15609_42096;4;;1936;1184;1185;397;787;61.16;33.53
143703_29945_42096;5;;58;21;21;16;5;36.21;76.19
143704_15610_42096;1;;1319;752;752;163;589;57.01;21.68
143704_15611_42096;2;;789;377;377;112;265;47.78;29.71
143704_15612_42096;3;;868;436;436;85;351;50.23;19.50
143704_15613_42096;4;;664;337;337;101;236;50.75;29.97
143705_15614_42096;1;;1039;665;665;270;395;64.00;40.60
143705_15615_42096;2;;1129;831;831;221;610;73.60;26.59
143705_15616_42096;3;;750;609;609;213;396;81.20;34.98
143706_15617_42096;1;;2471;1394;1394;194;1200;56.41;13.92
143706_15618_42096;2;;1629;814;814;290;524;49.97;35.63
143706_15619_42096;3;;1598;803;803;142;661;50.25;17.68
143706_15620_42096;4;;1690;977;977;147;830;57.81;15.05
143706_15621_42096;5;;1149;642;642;102;540;55.87;15.89
143706_15622_42096;6;;859;528;528;102;426;61.47;19.32
143706_15623_42096;7;;1023;611;614;126;485;59.73;20.62
143706_15624_42096;8;;822;533;533;112;421;64.84;21.01
143706_15625_42096;9;;675;412;412;95;317;61.04;23.06
143706_29946_42096;10;;112;26;26;10;16;23.21;38.46
143801_15626_42096;1;;1665;866;866;201;665;52.01;23.21
143801_15627_42096;2;;1613;729;729;183;546;45.20;25.10
143801_15628_42096;3;;1318;542;542;72;470;41.12;13.28
143801_15629_42096;4;;1139;569;569;67;502;49.96;11.78
143801_15630_42096;5;;1320;714;714;172;542;54.09;24.09
143801_15631_42096;6;;1178;489;489;144;345;41.51;29.45
143801_15632_42096;7;;1901;968;968;137;831;50.92;14.15
143801_15633_42096;8;;1797;681;681;186;495;37.90;27.31
143801_15634_42096;9;;1765;688;688;243;445;38.98;35.32
143801_15635_42096;10;;1573;513;513;103;410;32.61;20.08
143801_15636_42096;11;;2044;877;877;131;746;42.91;14.94
143801_15637_42096;12;;1664;846;846;150;696;50.84;17.73
143801_15638_42096;13;;1457;685;685;117;568;47.01;17.08
143801_15639_42096;14;;1710;894;894;162;732;52.28;18.12
143801_15640_42096;15;;1526;756;756;109;647;49.54;14.42
143801_15641_42096;16;;1244;597;597;114;483;47.99;19.10
143801_15642_42096;17;;1326;488;488;110;378;36.80;22.54
143801_15643_42096;18;;1660;744;744;180;564;44.82;24.19
143801_15644_42096;19;;1465;660;660;106;554;45.05;16.06
143801_15645_42096;20;;1234;690;690;103;587;55.92;14.93
143801_15646_42096;21;;1227;532;532;119;413;43.36;22.37
143801_29947_42096;22;;139;11;11;1;10;7.91;9.09
143801_29948_42096;23;;45;27;27;5;22;60.00;18.52
143802_15647_42096;1;;589;354;354;126;228;60.10;35.59
143802_15648_42096;2;;543;321;321;65;256;59.12;20.25
143802_15649_42096;3;;773;369;369;88;281;47.74;23.85
143802_15650_42096;4;;1007;442;442;100;342;43.89;22.62
143802_15651_42096;5;;1173;507;507;126;381;43.22;24.85
143802_15652_42096;6;;449;210;210;49;161;46.77;23.33
143802_15653_42096;7;;622;287;287;61;226;46.14;21.25
143802_15654_42096;8;;727;310;310;113;197;42.64;36.45
143802_15655_42096;9;;704;341;341;137;204;48.44;40.18
143802_15656_42096;10;;576;225;225;66;159;39.06;29.33
143802_15657_42096;11;;607;207;207;43;164;34.10;20.77
143802_15658_42096;12;;681;263;263;66;197;38.62;25.10
143802_15659_42096;13;;711;276;277;80;196;38.82;28.99
143803_15660_42096;1;;1576;859;859;189;670;54.51;22.00
143803_15661_42096;2;;844;368;368;100;268;43.60;27.17
143803_15662_42096;3;;387;176;177;56;120;45.48;31.82
143803_15663_42096;4;;325;121;121;30;91;37.23;24.79
143803_15664_42096;5;;468;251;251;77;174;53.63;30.68
143803_15665_42096;6;;908;524;524;126;398;57.71;24.05
143803_15666_42096;7;;1455;815;815;202;613;56.01;24.79
143803_15667_42096;8;;775;436;436;85;351;56.26;19.50
143804_15668_42096;1;;1149;572;572;122;450;49.78;21.33
143804_15669_42096;2;;842;495;495;98;397;58.79;19.80
143804_15670_42096;3;;896;408;408;82;326;45.54;20.10
143804_15671_42096;4;;632;317;317;73;244;50.16;23.03
143804_15672_42096;5;;711;448;448;102;346;63.01;22.77
143804_29949_42096;6;;58;25;25;10;15;43.10;40.00
143805_15673_42096;1;;427;277;277;63;214;64.87;22.74
143805_15674_42096;2;;479;281;281;65;216;58.66;23.13
143805_15675_42096;3;;996;529;529;138;391;53.11;26.09
143805_15676_42096;4;;902;449;449;136;313;49.78;30.29
143805_15677_42096;5;;1421;821;821;174;647;57.78;21.19
143805_15678_42096;6;;1193;760;760;236;524;63.70;31.05
143805_15679_42096;7;;479;286;286;83;203;59.71;29.02
143805_15680_42096;8;;833;534;534;117;417;64.11;21.91
143805_15681_42096;9;;1130;762;762;207;555;67.43;27.17
146101_15682_42098;1;;2186;971;971;101;870;44.42;10.40
146101_15683_42098;2;;1093;517;517;56;461;47.30;10.83
146101_15684_42098;3;;1945;878;878;95;783;45.14;10.82
146101_15685_42098;4;;2004;989;999;102;887;49.35;10.31
146101_15686_42098;5;;1823;816;816;116;700;44.76;14.22
146101_15687_42098;6;;1947;807;807;161;646;41.45;19.95
146101_15688_42098;7;;1818;788;788;139;649;43.34;17.64
146101_15689_42098;8;;1811;759;759;107;652;41.91;14.10
146101_15690_42098;9;;1243;663;663;91;572;53.34;13.73
146101_15691_42098;10;;1629;634;634;116;518;38.92;18.30
146101_15692_42098;11;;1521;591;591;74;517;38.86;12.52
146101_15693_42098;12;;772;273;273;33;240;35.36;12.09
146101_15694_42098;13;;1712;762;762;78;684;44.51;10.24
146101_15695_42098;14;;1947;858;858;130;728;44.07;15.15
146101_15696_42098;15;;2027;899;899;79;820;44.35;8.79
146101_15697_42098;16;;2040;1026;1026;95;931;50.29;9.26
146101_15698_42098;17;;2035;903;903;105;798;44.37;11.63
146101_15699_42098;18;;1980;962;962;103;859;48.59;10.71
146101_15700_42098;19;;2115;1108;1108;120;988;52.39;10.83
146101_15701_42098;20;;2133;991;992;98;893;46.46;9.89
146101_15702_42098;21;;1949;953;953;119;834;48.90;12.49
146101_15703_42098;22;;1372;653;653;62;591;47.59;9.49
146101_15704_42098;23;;1250;616;616;58;558;49.28;9.42
146101_15705_42098;24;;660;322;322;32;290;48.79;9.94
146101_15706_42098;25;;1054;472;473;55;417;44.78;11.65
146101_29950_42098;26;;179;122;122;27;95;68.16;22.13
146101_29951_42098;27;;17;17;17;1;16;100.00;5.88
146101_29952_42098;28;;233;31;31;6;25;13.30;19.35
146101_29953_42098;29;;28;4;4;0;4;14.29;0.00
146201_15707_42096;1;;1273;637;637;54;583;50.04;8.48
146201_15708_42096;2;;873;285;286;40;245;32.65;14.04
146201_15709_42096;3;;1362;538;538;65;473;39.50;12.08
146201_15710_42096;4;;2220;803;803;103;700;36.17;12.83
146201_15711_42096;5;;1211;579;579;48;531;47.81;8.29
146201_15712_42096;6;;1360;558;559;79;479;41.03;14.16
146201_15713_42096;7;;1498;615;615;111;504;41.05;18.05
146201_15714_42096;8;;1793;813;813;140;673;45.34;17.22
146201_15715_42096;9;;1111;466;466;60;406;41.94;12.88
146201_15716_42096;10;;709;303;303;75;228;42.74;24.75
146201_15717_42096;11;;1279;544;544;109;435;42.53;20.04
146201_15718_42096;12;;966;460;460;58;402;47.62;12.61
146201_15719_42096;13;;1638;761;761;77;684;46.46;10.12
146201_15720_42096;14;;1752;826;826;131;695;47.15;15.86
146201_15721_42096;15;;1595;725;725;109;616;45.45;15.03
146201_15722_42096;16;;1515;751;751;80;671;49.57;10.65
146201_15723_42096;17;;1664;769;769;68;701;46.21;8.84
146201_15724_42096;18;;1306;639;642;103;536;48.93;16.12
146201_15725_42096;19;;563;251;251;71;180;44.58;28.29
146201_15726_42096;20;;1192;571;571;62;509;47.90;10.86
146201_15727_42096;21;;1230;573;573;58;515;46.59;10.12
146201_15728_42096;22;;1682;744;744;99;645;44.23;13.31
146201_15729_42096;23;;247;124;124;17;107;50.20;13.71
146201_15730_42096;24;;1099;425;425;52;373;38.67;12.24
146201_15731_42096;25;;1182;432;432;72;360;36.55;16.67
146201_15732_42096;26;;691;231;231;68;163;33.43;29.44
146201_15733_42096;27;;1217;571;571;52;519;46.92;9.11
146201_15734_42096;28;;1461;618;618;68;550;42.30;11.00
146201_15735_42096;29;;1370;574;574;71;503;41.90;12.37
146201_15736_42096;30;;1985;879;879;79;800;44.28;8.99
146201_15737_42096;31;;846;345;345;69;276;40.78;20.00
146201_15738_42096;32;;1324;584;584;70;514;44.11;11.99
146201_15739_42096;33;;2004;956;956;148;808;47.70;15.48
146201_15740_42096;34;;1345;585;585;65;520;43.49;11.11
146201_15741_42096;35;;1900;832;832;64;768;43.79;7.69
146201_15742_42096;36;;1149;497;497;59;438;43.26;11.87
146201_15743_42096;37;;1176;534;534;54;480;45.41;10.11
146201_15744_42096;38;;1697;837;837;90;747;49.32;10.75
146201_15745_42096;39;;1504;683;683;90;593;45.41;13.18
146201_15746_42096;40;;2186;990;990;94;896;45.29;9.49
146201_15747_42096;41;;1493;736;736;67;669;49.30;9.10
146201_15748_42096;42;;1792;827;827;73;754;46.15;8.83
146201_15749_42096;43;;2031;1054;1054;81;973;51.90;7.69
146201_15750_42096;44;;1790;931;931;83;848;52.01;8.92
146201_15751_42096;45;;1335;648;648;68;580;48.54;10.49
146201_15752_42096;46;;1306;694;694;99;595;53.14;14.27
146201_15753_42096;47;;1061;499;499;56;443;47.03;11.22
146201_15754_42096;48;;1180;546;546;62;484;46.27;11.36
146201_15755_42096;49;;1486;619;619;76;543;41.66;12.28
146201_15756_42096;50;;1789;820;820;77;743;45.84;9.39
146201_15757_42096;51;;2199;1043;1043;205;838;47.43;19.65
146201_15758_42096;52;;2025;1054;1054;65;989;52.05;6.17
146201_15759_42096;53;;1911;974;974;80;894;50.97;8.21
146201_15760_42096;54;;1859;843;843;86;757;45.35;10.20
146201_15761_42096;55;;2378;1135;1135;97;1038;47.73;8.55
146201_15762_42096;56;;2032;769;769;122;647;37.84;15.86
146201_15763_42096;57;;2187;1164;1164;120;1044;53.22;10.31
146201_15764_42096;58;;1735;838;838;110;728;48.30;13.13
146201_15765_42096;59;;1357;672;672;76;596;49.52;11.31
146201_15766_42096;60;;1766;881;881;92;789;49.89;10.44
146201_15767_42096;61;;1584;792;794;87;705;50.00;10.98
146201_15768_42096;62;;1278;702;702;83;619;54.93;11.82
146201_15769_42096;63;;974;539;539;91;448;55.34;16.88
146201_15770_42096;64;;1130;523;523;81;442;46.28;15.49
146201_15771_42096;65;;1744;810;810;102;708;46.44;12.59
146201_15772_42096;66;;1351;680;680;33;647;50.33;4.85
146201_15773_42096;67;;1502;539;539;93;446;35.89;17.25
146201_29954_42096;68;;126;52;52;15;37;41.27;28.85
146201_29955_42096;69;;394;177;177;21;156;44.92;11.86
146201_29956_42096;70;;256;91;91;16;75;35.55;17.58
146301_15774_42097;1;;1027;301;301;46;255;29.31;15.28
146301_15775_42097;2;;1030;395;395;30;365;38.35;7.59
146301_15776_42097;3;;1294;535;535;51;484;41.34;9.53
146301_15777_42097;4;;1019;385;385;29;356;37.78;7.53
146301_15778_42097;5;;1195;435;435;35;400;36.40;8.05
146301_15779_42097;6;;1139;439;439;23;416;38.54;5.24
146301_15780_42097;7;;837;307;307;39;268;36.68;12.70
146301_15781_42097;8;;798;254;254;21;233;31.83;8.27
146301_15782_42097;9;;701;260;260;16;244;37.09;6.15
146301_15783_42097;10;;1997;745;745;71;674;37.31;9.53
146301_15784_42097;11;;817;329;329;19;310;40.27;5.78
146301_15785_42097;12;;499;138;138;11;127;27.66;7.97
146301_15786_42097;13;;1726;705;705;48;657;40.85;6.81
146301_15787_42097;14;;2005;881;881;83;798;43.94;9.42
146301_15788_42097;15;;1219;534;534;101;433;43.81;18.91
146301_15789_42097;16;;1903;826;826;76;750;43.41;9.20
146301_15790_42097;17;;1150;484;484;43;441;42.09;8.88
146301_15791_42097;18;;1944;698;698;67;631;35.91;9.60
146301_15792_42097;19;;1530;592;592;70;522;38.69;11.82
146301_15793_42097;20;;1031;277;277;37;240;26.87;13.36
146301_15794_42097;21;;1112;428;430;39;389;38.49;9.11
146301_15795_42097;22;;904;326;326;41;285;36.06;12.58
146301_15796_42097;23;;1779;797;797;115;682;44.80;14.43
146301_15797_42097;24;;1718;800;800;54;746;46.57;6.75
146301_15798_42097;25;;1814;782;782;68;714;43.11;8.70
146301_15799_42097;26;;1833;688;699;63;625;37.53;9.16
146301_15800_42097;27;;1573;520;520;43;477;33.06;8.27
146301_15801_42097;28;;2117;971;971;95;876;45.87;9.78
146301_15802_42097;29;;1748;826;826;63;763;47.25;7.63
146301_15803_42097;30;;1856;851;851;142;709;45.85;16.69
146301_15804_42097;31;;1922;866;866;70;796;45.06;8.08
146301_15805_42097;32;;1452;678;678;36;642;46.69;5.31
146301_15806_42097;33;;2172;997;997;107;890;45.90;10.73
146301_15807_42097;34;;1500;573;573;50;523;38.20;8.73
146301_15808_42097;35;;1443;498;498;55;443;34.51;11.04
146301_15809_42097;36;;2125;820;820;60;760;38.59;7.32
146301_15810_42097;37;;139;58;58;21;37;41.73;36.21
146301_15811_42097;38;;2021;888;888;69;819;43.94;7.77
146301_15812_42097;39;;1342;491;491;47;444;36.59;9.57
146301_15813_42097;40;;1711;806;806;37;769;47.11;4.59
146301_15814_42097;41;;1537;612;612;40;572;39.82;6.54
146301_15815_42097;42;;1650;586;586;46;540;35.52;7.85
146301_15816_42097;43;;1969;864;864;60;804;43.88;6.94
146301_15817_42097;44;;1324;438;438;32;406;33.08;7.31
146301_15818_42097;45;;1013;391;391;46;345;38.60;11.76
146301_15819_42097;46;;1962;808;808;57;751;41.18;7.05
146301_15820_42097;47;;1970;779;779;75;704;39.54;9.63
146301_15821_42097;48;;2147;898;898;64;834;41.83;7.13
146301_15822_42097;49;;2197;922;922;120;802;41.97;13.02
146301_15823_42097;50;;2040;789;789;69;720;38.68;8.75
146301_15824_42097;51;;1545;752;752;56;696;48.67;7.45
146301_15825_42097;52;;1005;406;406;28;378;40.40;6.90
146301_15826_42097;53;;1746;815;815;58;757;46.68;7.12
146301_15827_42097;54;;1329;690;690;52;638;51.92;7.54
146301_15828_42097;55;;1702;779;780;53;726;45.77;6.80
146301_15829_42097;56;;1623;672;672;44;628;41.40;6.55
146301_15830_42097;57;;1351;607;607;58;549;44.93;9.56
146301_15831_42097;58;;1864;733;733;58;675;39.32;7.91
146301_15832_42097;59;;1149;484;484;71;413;42.12;14.67
146301_15833_42097;60;;1879;844;844;84;760;44.92;9.95
146301_15834_42097;61;;2019;844;844;51;793;41.80;6.04
146301_15835_42097;62;;1948;865;865;79;786;44.40;9.13
146301_15836_42097;63;;2265;915;915;138;777;40.40;15.08
146301_15837_42097;64;;2161;963;963;71;892;44.56;7.37
146301_15838_42097;65;;1599;673;673;41;632;42.09;6.09
146301_15839_42097;66;;1836;854;854;72;782;46.51;8.43
146301_15840_42097;67;;2170;938;938;122;816;43.23;13.01
146301_15842_42097;69;;2023;848;848;85;763;41.92;10.02
146301_15843_42097;70;;1962;801;801;68;733;40.83;8.49
146301_15844_42097;71;;1750;760;760;80;680;43.43;10.53
146301_15845_42097;72;;1079;428;428;40;388;39.67;9.35
146301_15846_42097;73;;1610;810;810;66;744;50.31;8.15
146301_15847_42097;74;;1338;564;564;49;515;42.15;8.69
146301_15848_42097;75;;1347;523;524;43;480;38.83;8.22
146301_15849_42097;76;;1289;392;392;43;349;30.41;10.97
146301_15850_42097;77;;1507;534;534;61;473;35.43;11.42
146301_15851_42097;78;;1773;675;675;57;618;38.07;8.44
146301_15852_42097;79;;1911;827;827;61;766;43.28;7.38
146301_15853_42097;80;;1637;753;753;67;686;46.00;8.90
146301_15854_42097;81;;1257;580;580;39;541;46.14;6.72
146301_15855_42097;82;;772;308;308;15;293;39.90;4.87
146301_15856_42097;83;;2231;997;997;80;917;44.69;8.02
146301_15857_42097;84;;2156;874;874;106;768;40.54;12.13
146301_15858_42097;85;;1817;731;731;46;685;40.23;6.29
146301_15859_42097;86;;994;325;325;23;302;32.70;7.08
146301_15860_42097;87;;1205;490;490;54;436;40.66;11.02
146301_15861_42097;88;;1425;560;560;48;512;39.30;8.57
146301_15862_42097;89;;1370;591;591;26;565;43.14;4.40
146301_15863_42097;90;;1992;929;930;48;881;46.64;5.17
146301_15864_42097;91;;2152;898;898;103;795;41.73;11.47
146301_15865_42097;92;;1358;555;555;29;526;40.87;5.23
146301_15866_42097;93;;1355;530;530;50;480;39.11;9.43
146301_15867_42097;94;;1315;566;566;60;506;43.04;10.60
146301_15868_42097;95;;2081;954;954;127;827;45.84;13.31
146301_15869_42097;96;;1631;731;782;0;731;44.82;0.00
146301_15870_42097;97;;1634;771;771;85;686;47.18;11.02
146301_15871_42097;98;;2059;924;925;86;838;44.88;9.31
146301_15872_42097;99;;2205;1040;1040;70;970;47.17;6.73
146301_15873_42097;100;;1861;863;863;77;786;46.37;8.92
146301_15874_42097;101;;2058;951;951;71;880;46.21;7.47
146301_15875_42097;102;;2280;1032;1032;99;933;45.26;9.59
146301_15876_42097;103;;2027;797;797;71;726;39.32;8.91
146301_15877_42097;104;;1390;497;497;56;441;35.76;11.27
146301_15878_42097;105;;1219;503;503;39;464;41.26;7.75
146301_15879_42097;106;;2187;1072;1072;64;1008;49.02;5.97
146301_15880_42097;107;;937;367;367;23;344;39.17;6.27
146301_15881_42097;108;;807;278;278;27;251;34.45;9.71
146301_15882_42097;109;;1498;597;597;46;551;39.85;7.71
146301_29957_42097;110;;100;30;30;2;28;30.00;6.67
146301_29958_42097;111;;28;12;12;5;7;42.86;41.67
146301_29959_42097;112;;772;145;145;19;126;18.78;13.10
146301_29960_42097;113;;127;77;77;4;73;60.63;5.19
146301_29961_42097;114;;58;57;57;15;42;98.28;26.32
146401_15883_42098;1;;1456;659;659;81;578;45.26;12.29
146401_15884_42098;2;;1471;726;726;69;657;49.35;9.50
146401_15885_42098;3;;1407;661;661;80;581;46.98;12.10
146401_15886_42098;4;;1706;817;817;58;759;47.89;7.10
146401_15887_42098;5;;1565;718;718;65;653;45.88;9.05
146401_15888_42098;6;;1448;621;621;61;560;42.89;9.82
146401_15889_42098;7;;1679;760;760;72;688;45.27;9.47
146401_15890_42098;8;;1753;941;941;85;856;53.68;9.03
146401_15891_42098;9;;1707;826;826;57;769;48.39;6.90
146401_15892_42098;10;;1525;727;727;84;643;47.67;11.55
146401_15893_42098;11;;1337;727;727;98;629;54.38;13.48
146401_15894_42098;12;;1529;736;736;51;685;48.14;6.93
146401_15895_42098;13;;1531;774;774;57;717;50.56;7.36
146401_15896_42098;14;;1110;418;418;52;366;37.66;12.44
146401_15897_42098;15;;1823;799;799;80;719;43.83;10.01
146401_15898_42098;16;;1693;736;736;86;650;43.47;11.68
146401_15899_42098;17;;1508;632;632;80;552;41.91;12.66
146401_15900_42098;18;;1513;662;662;62;600;43.75;9.37
146401_15901_42098;19;;1751;735;735;67;668;41.98;9.12
146401_15902_42098;20;;1555;685;685;71;614;44.05;10.36
146401_15903_42098;21;;1562;704;704;89;615;45.07;12.64
146401_15904_42098;22;;1503;703;703;66;637;46.77;9.39
146401_15905_42098;23;;1069;616;616;36;580;57.62;5.84
146401_15906_42098;24;;1536;758;759;65;693;49.35;8.58
146401_15907_42098;25;;1423;691;691;107;584;48.56;15.48
146401_15908_42098;26;;2193;1061;1061;117;944;48.38;11.03
146401_15909_42098;27;;1863;961;961;113;848;51.58;11.76
146401_15910_42098;28;;1837;943;943;95;848;51.33;10.07
146401_15911_42098;29;;1748;769;769;70;699;43.99;9.10
146401_15912_42098;30;;1476;625;625;53;572;42.34;8.48
146401_15913_42098;31;;1551;715;715;47;668;46.10;6.57
146401_15914_42098;32;;1663;793;794;63;730;47.68;7.94
146401_15915_42098;33;;1727;901;901;53;848;52.17;5.88
146401_15916_42098;34;;1569;795;795;67;728;50.67;8.43
146401_15917_42098;35;;1636;735;735;54;681;44.93;7.35
146401_15918_42098;36;;1448;688;688;40;648;47.51;5.81
146401_15919_42098;37;;1730;763;763;64;699;44.10;8.39
146401_15920_42098;38;;1314;607;607;47;560;46.19;7.74
146401_29962_42098;39;;543;36;36;4;32;6.63;11.11
146401_29963_42098;40;;418;29;29;3;26;6.94;10.34
146401_29964_42098;41;;77;3;3;0;3;3.90;0.00
146401_29965_42098;42;;91;29;29;1;28;31.87;3.45
146401_29966_42098;43;;557;116;116;24;92;20.83;20.69
146502_28489_42094;711;;1482;693;693;49;644;46.76;7.07
146502_28490_42094;712;;1503;771;771;44;727;51.30;5.71
146504_28593_42094;771;;1763;1001;1001;58;943;56.78;5.79
146505_28657_42093;81;;2027;1139;1140;62;1077;56.19;5.44
146505_28658_42093;82;;2005;1038;1038;46;992;51.77;4.43
146505_28660_42093;84;;1823;821;826;63;758;45.04;7.67
146505_28684_42093;108;;1500;860;860;37;823;57.33;4.30
146505_28726_42093;150;;1584;815;815;36;779;51.45;4.42
146505_28729_42093;153;;1168;547;547;41;506;46.83;7.50
146505_28730_42093;154;;990;430;430;24;406;43.43;5.58
146505_28739_42093;163;;1851;835;835;88;747;45.11;10.54
146505_28754_42093;178;;2155;1192;1194;29;1163;55.31;2.43
146505_28762_42093;186;;1326;591;591;38;553;44.57;6.43
146507_28817_42095;412;;1660;642;642;36;606;38.67;5.61
146507_28823_42095;418;;1799;752;752;61;691;41.80;8.11
146507_28855_42095;450;;1748;747;750;74;673;42.73;9.91
146510_28979_42093;38;;1772;881;881;68;813;49.72;7.72
146510_29001_42093;60;;1829;889;890;45;844;48.61;5.06
146510_29997_42093;1106;;88;28;28;4;24;31.82;14.29
146511_29010_42095;906;;1749;827;827;33;794;47.28;3.99
146513_29092_42093;575;;1963;1078;1078;48;1030;54.92;4.45
146513_29105_42093;588;;1723;931;931;26;905;54.03;2.79
146513_29109_42093;592;;1845;905;905;60;845;49.05;6.63
146513_29118_42093;601;;1787;941;941;56;885;52.66;5.95
146513_29126_42093;609;;1955;1076;1076;38;1038;55.04;3.53
146514_29153_42095;504;;1689;852;852;39;813;50.44;4.58
146514_29155_42095;506;;1503;824;824;54;770;54.82;6.55
160101_15921_42070;1;;1223;473;473;83;390;38.68;17.55
160101_15922_42070;2;;1334;481;481;91;390;36.06;18.92
160101_15923_42070;3;;1546;534;534;121;413;34.54;22.66
160101_15924_42070;4;;1174;490;490;69;421;41.74;14.08
160101_15925_42070;5;;1524;532;536;98;434;34.91;18.42
160101_15926_42070;6;;1482;640;640;135;505;43.18;21.09
160101_15927_42070;7;;849;305;305;29;276;35.92;9.51
160101_15928_42070;8;;1056;464;464;67;397;43.94;14.44
160101_15929_42070;9;;2146;888;888;137;751;41.38;15.43
160101_15930_42070;10;;1631;806;806;71;735;49.42;8.81
160101_15931_42070;11;;1474;669;669;71;598;45.39;10.61
160101_15932_42070;12;;916;409;409;62;347;44.65;15.16
160101_15933_42070;13;;2045;881;881;127;754;43.08;14.42
160101_15934_42070;14;;1256;657;657;87;570;52.31;13.24
160101_15935_42070;15;;1588;772;772;91;681;48.61;11.79
160101_15936_42070;16;;1464;687;687;115;572;46.93;16.74
160101_15937_42070;17;;980;399;399;60;339;40.71;15.04
160101_15938_42070;18;;1441;727;727;88;639;50.45;12.10
160101_15939_42070;19;;1359;587;587;87;500;43.19;14.82
160101_15940_42070;20;;1404;627;627;96;531;44.66;15.31
160101_15941_42070;21;;1568;664;664;102;562;42.35;15.36
160101_30016_42070;22;;99;32;32;7;25;32.32;21.88
160101_30017_42070;23;;94;19;19;3;16;20.21;15.79
160101_30018_42070;24;;24;16;16;1;15;66.67;6.25
160102_15942_42070;1;;462;247;247;45;202;53.46;18.22
160102_15943_42070;2;;405;243;243;66;177;60.00;27.16
160102_15944_42070;3;;373;204;204;48;156;54.69;23.53
160102_15945_42070;4;;479;290;290;50;240;60.54;17.24
160102_15946_42070;5;;281;160;160;25;135;56.94;15.62
160102_15947_42070;6;;1678;866;866;191;675;51.61;22.06
160102_15948_42070;7;;357;200;200;68;132;56.02;34.00
160102_15949_42070;8;;590;308;308;82;226;52.20;26.62
160102_15950_42070;9;;315;206;206;35;171;65.40;16.99
160102_15951_42070;10;;454;228;228;71;157;50.22;31.14
160102_15952_42070;11;;531;273;273;76;197;51.41;27.84
160103_15953_42070;1;;1202;449;449;80;369;37.35;17.82
160103_15954_42070;2;;1052;389;389;54;335;36.98;13.88
160103_15955_42070;3;;1119;512;512;72;440;45.76;14.06
160103_15956_42070;4;;1130;401;401;76;325;35.49;18.95
160103_15957_42070;5;;1031;427;427;62;365;41.42;14.52
160103_15958_42070;6;;857;378;378;38;340;44.11;10.05
160103_15959_42070;7;;970;382;382;60;322;39.38;15.71
160103_15960_42070;8;;1021;347;347;61;286;33.99;17.58
160103_15961_42070;9;;688;294;294;75;219;42.73;25.51
160103_15962_42070;10;;650;260;260;44;216;40.00;16.92
160103_15963_42070;11;;611;181;181;31;150;29.62;17.13
160103_15964_42070;12;;462;183;183;51;132;39.61;27.87
160103_15965_42070;13;;1425;599;599;133;466;42.04;22.20
160103_15966_42070;14;;845;314;314;57;257;37.16;18.15
160103_15967_42070;15;;814;261;261;52;209;32.06;19.92
160103_15968_42070;16;;754;370;370;96;274;49.07;25.95
160103_15969_42070;17;;954;438;438;110;328;45.91;25.11
160103_30019_42070;18;;51;21;21;7;14;41.18;33.33
160103_30020_42070;19;;35;4;4;0;4;11.43;0.00
160103_30021_42070;20;;67;12;12;3;9;17.91;25.00
160104_15970_42070;1;;2189;866;866;189;677;39.56;21.82
160104_15971_42070;2;;1389;622;622;106;516;44.78;17.04
160104_15972_42070;3;;1395;554;554;75;479;39.71;13.54
160104_15973_42070;4;;2079;785;785;132;653;37.76;16.82
160104_15974_42070;5;;2108;743;743;182;561;35.25;24.50
160104_15975_42070;6;;721;265;265;43;222;36.75;16.23
160104_15976_42070;7;;727;253;253;44;209;34.80;17.39
160105_15977_42070;1;;1179;579;579;117;462;49.11;20.21
160105_15978_42070;2;;993;435;435;99;336;43.81;22.76
160105_15979_42070;3;;847;317;317;24;293;37.43;7.57
160105_15980_42070;4;;680;323;323;54;269;47.50;16.72
160105_15981_42070;5;;609;295;296;38;257;48.44;12.88
160105_15982_42070;6;;762;314;314;66;248;41.21;21.02
160105_15983_42070;7;;502;266;266;42;224;52.99;15.79
160105_15984_42070;8;;312;184;184;45;139;58.97;24.46
160105_15985_42070;9;;455;244;244;53;191;53.63;21.72
160105_15986_42070;10;;489;213;213;62;151;43.56;29.11
160105_15987_42070;11;;454;199;199;48;151;43.83;24.12
160106_15988_42070;1;;703;427;427;80;347;60.74;18.74
160106_15989_42070;2;;730;419;419;97;322;57.40;23.15
160106_15990_42070;3;;867;505;505;93;412;58.25;18.42
160106_15991_42070;4;;473;280;280;69;211;59.20;24.64
160106_15992_42070;5;;653;392;392;77;315;60.03;19.64
160106_15993_42070;6;;614;273;273;63;210;44.46;23.08
160201_15994_42069;1;;1068;603;603;167;436;56.46;27.69
160201_15995_42069;2;;1121;562;562;136;426;50.13;24.20
160201_15996_42069;3;;1093;538;538;103;435;49.22;19.14
160201_15997_42069;4;;973;445;445;140;305;45.73;31.46
160201_15998_42069;5;;913;380;380;129;251;41.62;33.95
160202_15999_42069;1;;1190;606;606;120;486;50.92;19.80
160202_16000_42069;2;;639;352;352;93;259;55.09;26.42
160202_16001_42069;3;;839;347;347;64;283;41.36;18.44
160202_16002_42069;4;;732;408;408;79;329;55.74;19.36
160202_16003_42069;5;;402;227;227;67;160;56.47;29.52
160202_16004_42069;6;;489;245;245;48;197;50.10;19.59
160202_16005_42069;7;;1078;574;574;118;456;53.25;20.56
160202_30022_42069;8;;105;44;44;28;16;41.90;63.64
160202_30023_42069;9;;31;29;29;15;14;93.55;51.72
160202_30024_42069;10;;81;14;14;4;10;17.28;28.57
160202_30025_42069;11;;53;21;21;4;17;39.62;19.05
160202_30026_42069;12;;7;0;0;0;0;0.00;NA
160203_16006_42069;1;;1888;959;959;109;850;50.79;11.37
160203_16007_42069;2;;1669;847;847;92;755;50.75;10.86
160203_16008_42069;3;;884;379;379;52;327;42.87;13.72
160203_16009_42069;4;;952;473;473;53;420;49.68;11.21
160203_16010_42069;5;;894;429;429;50;379;47.99;11.66
160203_16011_42069;6;;860;355;355;66;289;41.28;18.59
160203_16012_42069;7;;860;446;446;58;388;51.86;13.00
160203_16013_42069;8;;1780;881;881;179;702;49.49;20.32
160203_16014_42069;9;;609;324;324;45;279;53.20;13.89
160203_16015_42069;10;;501;294;294;37;257;58.68;12.59
160203_16016_42069;11;;932;459;459;90;369;49.25;19.61
160203_16017_42069;12;;897;563;563;52;511;62.76;9.24
160203_16018_42069;13;;875;465;465;99;366;53.14;21.29
160203_16019_42069;14;;450;272;272;58;214;60.44;21.32
160203_16020_42069;15;;457;303;303;56;247;66.30;18.48
160203_16021_42069;16;;928;499;499;77;422;53.77;15.43
160203_16022_42069;17;;760;305;305;65;240;40.13;21.31
160203_16023_42069;18;;696;289;289;49;240;41.52;16.96
160203_16024_42069;19;;767;376;376;86;290;49.02;22.87
160203_16025_42069;20;;811;376;376;55;321;46.36;14.63
160203_30027_42069;21;;73;52;52;11;41;71.23;21.15
160203_30028_42069;22;;28;14;14;6;8;50.00;42.86
160203_30029_42069;23;;96;6;6;2;4;6.25;33.33
160203_30030_42069;24;;72;4;4;1;3;5.56;25.00
160204_16026_42069;1;;2078;1131;1131;326;805;54.43;28.82
160204_16027_42069;2;;1921;1036;1036;251;785;53.93;24.23
160204_16028_42069;3;;1154;598;600;120;478;51.82;20.07
160204_16029_42069;4;;671;365;365;69;296;54.40;18.90
160204_16030_42069;5;;639;319;319;70;249;49.92;21.94
160204_16031_42069;6;;471;252;252;58;194;53.50;23.02
160204_16032_42069;7;;437;206;206;62;144;47.14;30.10
160204_16033_42069;8;;591;291;291;65;226;49.24;22.34
160204_16034_42069;9;;567;308;308;65;243;54.32;21.10
160204_16035_42069;10;;624;314;314;114;200;50.32;36.31
160204_30031_42069;11;;30;21;21;9;12;70.00;42.86
160301_16036_42068;1;;2219;1002;1002;107;895;45.16;10.68
160301_16037_42068;2;;2517;1250;1252;158;1092;49.66;12.64
160301_16038_42068;3;;1450;524;524;90;434;36.14;17.18
160301_16039_42068;4;;1469;580;580;88;492;39.48;15.17
160301_16040_42068;5;;1771;655;655;121;534;36.98;18.47
160301_16041_42068;6;;1654;738;738;153;585;44.62;20.73
160301_16042_42068;7;;1961;678;678;109;569;34.57;16.08
160301_16043_42068;8;;2112;786;786;184;602;37.22;23.41
160301_16044_42068;9;;1941;819;819;119;700;42.19;14.53
160301_16045_42068;10;;2013;827;827;147;680;41.08;17.78
160301_16046_42068;11;;1617;794;794;154;640;49.10;19.40
160301_16047_42068;12;;1739;630;630;199;431;36.23;31.59
160301_16048_42068;13;;2324;872;872;213;659;37.52;24.43
160301_16049_42068;14;;2118;929;929;118;811;43.86;12.70
160301_16050_42068;15;;2057;815;815;239;576;39.62;29.33
160301_16051_42068;16;;2374;944;944;163;781;39.76;17.27
160301_16052_42068;17;;2174;903;903;151;752;41.54;16.72
160301_16053_42068;18;;419;178;178;35;143;42.48;19.66
160301_16054_42068;19;;1781;735;735;80;655;41.27;10.88
160301_16055_42068;20;;809;339;339;65;274;41.90;19.17
160301_16056_42068;21;;2191;1057;1057;170;887;48.24;16.08
160301_16057_42068;22;;2162;706;706;140;566;32.65;19.83
160301_16058_42068;23;;434;133;133;20;113;30.65;15.04
160301_16059_42068;24;;333;155;155;39;116;46.55;25.16
160301_16060_42068;25;;2172;855;855;142;713;39.36;16.61
160301_16061_42068;26;;294;118;118;18;100;40.14;15.25
160301_16062_42068;27;;1017;446;447;90;356;43.85;20.18
160301_16063_42068;28;;616;234;234;35;199;37.99;14.96
160301_16064_42068;29;;1531;579;579;125;454;37.82;21.59
160301_16065_42068;30;;1496;596;596;141;455;39.84;23.66
160301_16066_42068;31;;945;494;494;59;435;52.28;11.94
160301_30032_42068;32;;31;12;12;1;11;38.71;8.33
160301_30033_42068;33;;92;29;29;3;26;31.52;10.34
160301_30034_42068;34;;49;49;49;0;49;100.00;0.00
160301_30035_42068;35;;56;9;9;3;6;16.07;33.33
160302_16067_42068;1;;1179;525;525;123;402;44.53;23.43
160302_16068_42068;2;;1297;649;649;138;511;50.04;21.26
160302_16069_42068;3;;437;196;196;22;174;44.85;11.22
160302_16070_42068;4;;1367;602;602;143;459;44.04;23.75
160302_16071_42068;5;;422;175;175;48;127;41.47;27.43
160302_16072_42068;6;;930;419;419;76;343;45.05;18.14
160302_16073_42068;7;;635;301;301;63;238;47.40;20.93
160303_16074_42068;1;;1864;716;716;143;573;38.41;19.97
160303_16075_42068;2;;822;348;348;34;314;42.34;9.77
160303_16076_42068;3;;1593;681;681;120;561;42.75;17.62
160303_16077_42068;4;;422;204;204;53;151;48.34;25.98
160304_16078_42068;1;;1454;699;699;206;493;48.07;29.47
160304_16079_42068;2;;933;338;338;85;253;36.23;25.15
160304_16080_42068;3;;469;194;194;53;141;41.36;27.32
160304_16081_42068;4;;1156;447;447;90;357;38.67;20.13
160304_16082_42068;5;;1620;692;692;226;466;42.72;32.66
160304_16083_42068;6;;756;363;363;112;251;48.02;30.85
160305_16084_42068;1;;1087;609;609;129;480;56.03;21.18
160305_16085_42068;2;;545;301;301;62;239;55.23;20.60
160305_16086_42068;3;;818;345;345;70;275;42.18;20.29
160305_16087_42068;4;;647;326;326;62;264;50.39;19.02
160305_16088_42068;5;;505;228;228;53;175;45.15;23.25
160306_16089_42068;1;;1215;450;450;105;345;37.04;23.33
160306_16090_42068;2;;1373;565;565;94;471;41.15;16.64
160306_16091_42068;3;;1305;646;646;126;520;49.50;19.50
160306_16092_42068;4;;1643;624;624;126;498;37.98;20.19
160306_16093_42068;5;;666;319;319;76;243;47.90;23.82
160306_16094_42068;6;;571;222;222;50;172;38.88;22.52
160401_16095_42067;1;;1256;663;663;170;493;52.79;25.64
160401_16096_42067;2;;674;337;337;85;252;50.00;25.22
160401_16097_42067;3;;1614;850;850;145;705;52.66;17.06
160401_16098_42067;4;;479;223;223;39;184;46.56;17.49
160401_16099_42067;5;;528;210;210;49;161;39.77;23.33
160401_16100_42067;6;;557;210;210;38;172;37.70;18.10
160401_16101_42067;7;;719;420;420;94;326;58.41;22.38
160401_16102_42067;8;;954;476;476;81;395;49.90;17.02
160401_16103_42067;9;;868;411;411;122;289;47.35;29.68
160402_16104_42067;1;;965;305;305;49;256;31.61;16.07
160402_16105_42067;2;;1498;429;429;75;354;28.64;17.48
160402_16106_42067;3;;1900;745;745;89;656;39.21;11.95
160402_16107_42067;4;;1035;346;346;44;302;33.43;12.72
160402_16108_42067;5;;1740;628;628;76;552;36.09;12.10
160402_16109_42067;6;;1457;574;574;104;470;39.40;18.12
160402_16110_42067;7;;1851;781;781;109;672;42.19;13.96
160402_16111_42067;8;;1845;656;656;72;584;35.56;10.98
160402_16112_42067;9;;2351;1014;1014;197;817;43.13;19.43
160402_16113_42067;10;;1780;734;734;139;595;41.24;18.94
160402_16114_42067;11;;2191;829;829;100;729;37.84;12.06
160402_16115_42067;12;;1384;620;620;68;552;44.80;10.97
160402_16116_42067;13;;780;274;274;54;220;35.13;19.71
160402_16117_42067;14;;548;192;192;30;162;35.04;15.62
160402_16118_42067;15;;732;375;375;56;319;51.23;14.93
160402_16119_42067;16;;921;287;287;53;234;31.16;18.47
160402_16120_42067;17;;967;339;339;35;304;35.06;10.32
160402_16121_42067;18;;848;305;305;42;263;35.97;13.77
160402_16122_42067;19;;1696;556;556;58;498;32.78;10.43
160402_16123_42067;20;;707;220;220;28;192;31.12;12.73
160402_16124_42067;21;;582;191;191;36;155;32.82;18.85
160402_16125_42067;22;;500;182;182;29;153;36.40;15.93
160402_16126_42067;23;;534;247;247;18;229;46.25;7.29
160402_16127_42067;24;;842;309;309;58;251;36.70;18.77
160402_16128_42067;25;;411;174;174;38;136;42.34;21.84
160402_30036_42067;26;;126;47;47;6;41;37.30;12.77
160402_30037_42067;27;;64;15;15;3;12;23.44;20.00
160402_30038_42067;28;;160;24;24;11;13;15.00;45.83
160403_16129_42067;1;;942;350;350;58;292;37.15;16.57
160403_16130_42067;2;;350;142;142;28;114;40.57;19.72
160403_16131_42067;3;;393;120;120;20;100;30.53;16.67
160403_16132_42067;4;;439;180;180;41;139;41.00;22.78
160403_16133_42067;5;;712;216;216;31;185;30.34;14.35
160403_16134_42067;6;;270;94;94;22;72;34.81;23.40
160403_16135_42067;7;;785;153;153;25;128;19.49;16.34
160403_16136_42067;8;;810;328;328;43;285;40.49;13.11
160403_16137_42067;9;;791;331;331;99;232;41.85;29.91
160403_16138_42067;10;;366;177;177;40;137;48.36;22.60
160404_16139_42067;1;;1463;634;634;127;507;43.34;20.03
160404_16140_42067;2;;825;356;356;69;287;43.15;19.38
160404_16141_42067;3;;1563;619;619;129;490;39.60;20.84
160404_16142_42067;4;;1307;585;585;83;502;44.76;14.19
160404_16143_42067;5;;1056;400;400;83;317;37.88;20.75
160404_16144_42067;6;;718;216;216;58;158;30.08;26.85
160404_16145_42067;7;;503;225;225;49;176;44.73;21.78
160404_16146_42067;8;;480;248;248;46;202;51.67;18.55
160404_16147_42067;9;;529;234;234;41;193;44.23;17.52
160404_16148_42067;10;;653;333;333;74;259;51.00;22.22
160404_16149_42067;11;;406;162;162;25;137;39.90;15.43
160404_16150_42067;12;;657;185;185;44;141;28.16;23.78
160404_16151_42067;13;;305;122;122;40;82;40.00;32.79
160404_16152_42067;14;;410;178;178;40;138;43.41;22.47
160404_16153_42067;15;;373;124;124;24;100;33.24;19.35
160501_16154_42069;1;;1836;811;811;173;638;44.17;21.33
160501_16155_42069;2;;1792;643;643;157;486;35.88;24.42
160501_16156_42069;3;;1243;574;574;73;501;46.18;12.72
160501_16157_42069;4;;714;291;291;83;208;40.76;28.52
160501_16158_42069;5;;578;238;238;40;198;41.18;16.81
160501_16159_42069;6;;515;190;190;58;132;36.89;30.53
160501_16160_42069;7;;1147;457;457;144;313;39.84;31.51
160501_16161_42069;8;;567;247;247;111;136;43.56;44.94
160501_16162_42069;9;;434;204;204;32;172;47.00;15.69
160501_16163_42069;10;;469;210;210;39;171;44.78;18.57
160501_16164_42069;11;;404;150;150;46;104;37.13;30.67
160501_16165_42069;12;;492;185;185;60;125;37.60;32.43
160502_16166_42069;1;;822;325;325;53;272;39.54;16.31
160502_16167_42069;2;;948;438;438;71;367;46.20;16.21
160502_16168_42069;3;;912;418;418;62;356;45.83;14.83
160502_16169_42069;4;;979;264;264;52;212;26.97;19.70
160502_16170_42069;5;;886;387;387;71;316;43.68;18.35
160502_16171_42069;6;;954;343;343;71;272;35.95;20.70
160502_16172_42069;7;;597;288;288;72;216;48.24;25.00
160502_16173_42069;8;;1036;419;419;60;359;40.44;14.32
160502_16174_42069;9;;914;379;379;59;320;41.47;15.57
160502_16175_42069;10;;925;432;432;70;362;46.70;16.20
160502_16176_42069;11;;872;402;402;57;345;46.10;14.18
160502_16177_42069;12;;1109;450;450;87;363;40.58;19.33
160502_16178_42069;13;;974;413;413;96;317;42.40;23.24
160502_16179_42069;14;;882;365;365;86;279;41.38;23.56
160502_16180_42069;15;;935;411;411;111;300;43.96;27.01
160502_16181_42069;16;;723;296;296;62;234;40.94;20.95
160502_16182_42069;17;;895;420;420;101;319;46.93;24.05
160502_16183_42069;18;;987;403;403;44;359;40.83;10.92
160502_16184_42069;19;;383;181;181;28;153;47.26;15.47
160502_16185_42069;20;;462;225;225;21;204;48.70;9.33
160502_16186_42069;21;;656;346;346;75;271;52.74;21.68
160502_16187_42069;22;;318;93;93;30;63;29.25;32.26
160502_16188_42069;23;;806;328;328;40;288;40.69;12.20
160502_30039_42069;24;;48;7;7;1;6;14.58;14.29
160503_16189_42069;1;;1307;680;680;230;450;52.03;33.82
160503_16190_42069;2;;1547;698;698;183;515;45.12;26.22
160503_16191_42069;3;;1389;534;534;170;364;38.44;31.84
160503_16192_42069;4;;1264;520;520;118;402;41.14;22.69
160503_16193_42069;5;;648;270;270;52;218;41.67;19.26
160504_16194_42069;1;;1106;359;359;58;301;32.46;16.16
160504_16195_42069;2;;1057;380;380;59;321;35.95;15.53
160504_16196_42069;3;;457;99;99;15;84;21.66;15.15
160504_16197_42069;4;;723;230;230;55;175;31.81;23.91
160504_16198_42069;5;;404;93;93;26;67;23.02;27.96
160504_16199_42069;6;;953;273;273;34;239;28.65;12.45
160505_16200_42069;1;;1291;573;573;142;431;44.38;24.78
160505_16201_42069;2;;1750;818;818;207;611;46.74;25.31
160505_16202_42069;3;;1982;701;701;207;494;35.37;29.53
160505_16203_42069;4;;1688;783;783;212;571;46.39;27.08
160505_16204_42069;5;;1262;588;588;168;420;46.59;28.57
160505_16205_42069;6;;1528;635;635;152;483;41.56;23.94
160505_16206_42069;7;;852;399;399;60;339;46.83;15.04
160505_16207_42069;8;;799;339;339;75;264;42.43;22.12
160505_16208_42069;9;;1119;502;502;140;362;44.86;27.89
160505_16209_42069;10;;599;256;256;70;186;42.74;27.34
160601_16210_42067;1;;851;587;587;143;444;68.98;24.36
160601_16211_42067;2;;321;216;216;54;162;67.29;25.00
160601_16212_42067;3;;599;403;403;152;251;67.28;37.72
160601_16213_42067;4;;419;291;291;44;247;69.45;15.12
160601_16214_42067;5;;268;174;174;54;120;64.93;31.03
160601_16215_42067;6;;316;223;223;60;163;70.57;26.91
160601_16216_42067;7;;224;134;134;38;96;59.82;28.36
160602_16218_42067;2;;956;423;423;97;326;44.25;22.93
160602_16219_42067;3;;1039;430;430;84;346;41.39;19.53
160602_16220_42067;4;;1423;728;728;97;631;51.16;13.32
160602_16221_42067;5;;805;398;398;35;363;49.44;8.79
160602_16222_42067;6;;894;516;516;89;427;57.72;17.25
160602_16223_42067;7;;1054;516;516;94;422;48.96;18.22
160602_16224_42067;8;;822;382;382;85;297;46.47;22.25
160602_16225_42067;9;;686;399;399;41;358;58.16;10.28
160602_16226_42067;10;;1050;495;495;68;427;47.14;13.74
160602_16227_42067;11;;1158;560;560;68;492;48.36;12.14
160602_16228_42067;12;;1128;575;575;106;469;50.98;18.43
160602_16229_42067;13;;1301;690;690;72;618;53.04;10.43
160602_16230_42067;14;;451;245;245;43;202;54.32;17.55
160602_16231_42067;15;;578;304;304;60;244;52.60;19.74
160602_16232_42067;16;;755;361;361;60;301;47.81;16.62
160602_16233_42067;17;;1041;535;535;94;441;51.39;17.57
160602_16234_42067;18;;528;274;274;47;227;51.89;17.15
160602_16235_42067;19;;687;388;388;67;321;56.48;17.27
160602_16236_42067;20;;919;501;501;100;401;54.52;19.96
160602_16237_42067;21;;868;491;491;82;409;56.57;16.70
160602_16238_42067;22;;346;196;196;35;161;56.65;17.86
160602_16239_42067;23;;481;221;221;32;189;45.95;14.48
160602_16240_42067;24;;495;214;214;44;170;43.23;20.56
160602_16241_42067;25;;446;197;197;47;150;44.17;23.86
160602_30040_42067;26;;35;6;6;1;5;17.14;16.67
160602_30041_42067;27;;27;13;13;5;8;48.15;38.46
160602_30042_42067;28;;44;34;34;1;33;77.27;2.94
160602_30825_42067;1;;840;360;360;74;286;42.86;20.56
160603_16242_42067;1;;416;108;108;14;94;25.96;12.96
160603_16243_42067;2;;576;275;275;58;217;47.74;21.09
160603_16244_42067;3;;646;322;322;53;269;49.85;16.46
160603_16245_42067;4;;535;166;166;51;115;31.03;30.72
160603_16246_42067;5;;578;231;231;54;177;39.97;23.38
160603_16247_42067;6;;405;162;162;64;98;40.00;39.51
160603_16248_42067;7;;760;294;294;56;238;38.68;19.05
160603_16249_42067;8;;437;138;138;31;107;31.58;22.46
160604_16250_42067;1;;702;444;444;109;335;63.25;24.55
160604_16251_42067;2;;636;443;443;83;360;69.65;18.74
160604_16252_42067;3;;547;326;326;84;242;59.60;25.77
160604_16253_42067;4;;418;263;263;73;190;62.92;27.76
160604_16254_42067;5;;602;316;316;68;248;52.49;21.52
160605_16255_42067;1;;541;258;258;67;191;47.69;25.97
160605_16256_42067;2;;429;221;221;34;187;51.52;15.38
160605_16257_42067;3;;801;405;406;121;284;50.56;29.88
160605_16258_42067;4;;211;101;101;18;83;47.87;17.82
160605_16259_42067;5;;530;314;314;92;222;59.25;29.30
160605_16260_42067;6;;892;531;531;113;418;59.53;21.28
160605_16261_42067;7;;245;140;140;37;103;57.14;26.43
160701_16262_42070;1;;929;451;451;77;374;48.55;17.07
160701_16263_42070;2;;1116;498;498;132;366;44.62;26.51
160701_16264_42070;3;;1008;373;373;68;305;37.00;18.23
160701_16265_42070;4;;1014;391;391;104;287;38.56;26.60
160701_16266_42070;5;;1143;500;500;92;408;43.74;18.40
160701_16267_42070;6;;1137;596;596;51;545;52.42;8.56
160701_16268_42070;7;;924;425;425;79;346;46.00;18.59
160701_16269_42070;8;;798;395;395;73;322;49.50;18.48
160701_16270_42070;9;;960;355;356;53;302;36.98;14.93
160701_16271_42070;10;;994;379;379;83;296;38.13;21.90
160701_16272_42070;11;;936;457;457;72;385;48.82;15.75
160701_16273_42070;12;;786;344;344;54;290;43.77;15.70
160701_16274_42070;13;;1022;405;405;68;337;39.63;16.79
160701_16275_42070;14;;706;341;341;58;283;48.30;17.01
160701_16276_42070;15;;557;258;258;47;211;46.32;18.22
160701_16277_42070;16;;422;203;203;64;139;48.10;31.53
160701_16278_42070;17;;846;358;358;66;292;42.32;18.44
160701_16279_42070;18;;515;320;320;60;260;62.14;18.75
160701_16280_42070;19;;968;407;407;60;347;42.05;14.74
160701_16281_42070;20;;539;210;210;40;170;38.96;19.05
160701_16282_42070;21;;1045;426;426;104;322;40.77;24.41
160701_16283_42070;22;;1222;522;522;112;410;42.72;21.46
160701_16284_42070;23;;842;398;398;73;325;47.27;18.34
160701_30043_42070;24;;61;2;2;1;1;3.28;50.00
160701_30044_42070;25;;93;6;6;1;5;6.45;16.67
160701_30045_42070;26;;63;7;7;3;4;11.11;42.86
160701_30046_42070;27;;33;9;9;2;7;27.27;22.22
160702_16285_42070;1;;778;421;421;168;253;54.11;39.90
160702_16286_42070;2;;524;284;284;126;158;54.20;44.37
160702_16287_42070;3;;440;149;149;20;129;33.86;13.42
160702_16288_42070;4;;449;253;253;72;181;56.35;28.46
160702_16289_42070;5;;348;170;170;75;95;48.85;44.12
160702_16290_42070;6;;420;172;172;27;145;40.95;15.70
160703_16291_42070;1;;1543;899;899;215;684;58.26;23.92
160703_16292_42070;2;;1684;782;791;200;582;46.44;25.58
160703_16293_42070;3;;515;191;191;59;132;37.09;30.89
160703_16294_42070;4;;622;252;252;68;184;40.51;26.98
160703_16295_42070;5;;469;207;207;64;143;44.14;30.92
160703_16296_42070;6;;457;229;229;56;173;50.11;24.45
160703_16297_42070;7;;624;279;279;68;211;44.71;24.37
160703_16298_42070;8;;1143;506;506;144;362;44.27;28.46
160703_16299_42070;9;;580;272;272;56;216;46.90;20.59
160703_30047_42070;10;;48;14;14;3;11;29.17;21.43
160703_30048_42070;11;;147;23;23;3;20;15.65;13.04
160704_16300_42070;1;;835;348;348;52;296;41.68;14.94
160704_16301_42070;2;;1229;581;581;106;475;47.27;18.24
160704_16302_42070;3;;827;244;244;42;202;29.50;17.21
160704_16303_42070;4;;513;174;174;38;136;33.92;21.84
160704_16304_42070;5;;1015;311;311;70;241;30.64;22.51
160704_16305_42070;6;;746;340;340;106;234;45.58;31.18
160704_16306_42070;7;;650;241;241;67;174;37.08;27.80
160704_16307_42070;8;;413;124;124;26;98;30.02;20.97
160705_16308_42070;1;;2335;982;982;93;889;42.06;9.47
160705_16309_42070;2;;2306;956;956;116;840;41.46;12.13
160705_16310_42070;3;;2249;912;912;84;828;40.55;9.21
160705_16311_42070;4;;2143;743;743;170;573;34.67;22.88
160705_16312_42070;5;;1843;689;689;85;604;37.38;12.34
160705_16313_42070;6;;1432;616;617;83;533;43.02;13.47
160705_16314_42070;7;;1697;786;786;57;729;46.32;7.25
160705_16315_42070;8;;1547;767;767;57;710;49.58;7.43
160705_16316_42070;9;;2196;949;949;205;744;43.21;21.60
160705_16317_42070;10;;2296;1077;1077;128;949;46.91;11.88
160705_16318_42070;11;;2417;981;981;120;861;40.59;12.23
160705_16319_42070;12;;1831;868;868;58;810;47.41;6.68
160705_16320_42070;13;;2207;792;792;120;672;35.89;15.15
160705_16321_42070;14;;912;360;360;37;323;39.47;10.28
160705_16322_42070;15;;995;411;411;69;342;41.31;16.79
160705_16323_42070;16;;2194;935;935;105;830;42.62;11.23
160705_16324_42070;17;;1931;764;764;92;672;39.56;12.04
160705_16325_42070;18;;2279;855;856;130;725;37.52;15.20
160705_16326_42070;19;;2227;1016;1016;130;886;45.62;12.80
160705_16327_42070;20;;1745;711;711;117;594;40.74;16.46
160705_16328_42070;21;;721;309;309;53;256;42.86;17.15
160705_16329_42070;22;;584;360;360;41;319;61.64;11.39
160705_16330_42070;23;;530;355;355;83;272;66.98;23.38
160705_16331_42070;24;;1047;451;451;68;383;43.08;15.08
160705_16332_42070;25;;509;288;288;38;250;56.58;13.19
160705_16333_42070;26;;632;352;352;56;296;55.70;15.91
160705_16334_42070;27;;746;327;327;39;288;43.83;11.93
160705_16335_42070;28;;1081;609;609;107;502;56.34;17.57
160705_16336_42070;29;;864;445;445;94;351;51.50;21.12
160705_16337_42070;30;;441;246;246;32;214;55.78;13.01
160705_16338_42070;31;;388;178;178;27;151;45.88;15.17
160705_16339_42070;32;;1351;556;556;132;424;41.15;23.74
160705_30049_42070;33;;107;37;37;3;34;34.58;8.11
160705_30050_42070;34;;166;26;26;11;15;15.66;42.31
160705_30051_42070;35;;38;38;38;7;31;100.00;18.42
160706_16340_42070;1;;1123;574;574;99;475;51.11;17.25
160706_16341_42070;2;;844;478;478;76;402;56.64;15.90
160706_16342_42070;3;;1087;505;505;132;373;46.46;26.14
160706_16343_42070;4;;1178;586;586;149;437;49.75;25.43
160706_16344_42070;5;;955;402;402;97;305;42.09;24.13
160706_16345_42070;6;;850;389;389;92;297;45.76;23.65
160706_16346_42070;7;;843;362;362;53;309;42.94;14.64
160706_16347_42070;8;;669;294;294;43;251;43.95;14.63
160706_16348_42070;9;;698;370;370;82;288;53.01;22.16
160706_16349_42070;10;;690;421;421;79;342;61.01;18.76
160706_16350_42070;11;;550;233;233;50;183;42.36;21.46
160706_16351_42070;12;;472;228;228;51;177;48.31;22.37
160706_16352_42070;13;;763;396;396;94;302;51.90;23.74
160706_16353_42070;14;;741;392;392;96;296;52.90;24.49
160707_16354_42070;1;;1403;630;630;93;537;44.90;14.76
160707_16355_42070;2;;1426;631;631;160;471;44.25;25.36
160707_16356_42070;3;;1407;616;616;118;498;43.78;19.16
160707_16357_42070;4;;2173;1083;1083;150;933;49.84;13.85
160707_16358_42070;5;;439;215;215;48;167;48.97;22.33
160707_16359_42070;6;;375;218;218;94;124;58.13;43.12
160707_16360_42070;7;;647;303;303;45;258;46.83;14.85
160707_16361_42070;8;;662;289;289;56;233;43.66;19.38
160707_16362_42070;9;;865;399;399;63;336;46.13;15.79
160707_16363_42070;10;;326;147;147;32;115;45.09;21.77
160707_16364_42070;11;;354;147;147;28;119;41.53;19.05
160707_16365_42070;12;;252;127;127;37;90;50.40;29.13
160707_16366_42070;13;;372;218;218;24;194;58.60;11.01
160707_30052_42070;14;;45;17;17;7;10;37.78;41.18
160708_16367_42070;1;;445;259;259;49;210;58.20;18.92
160708_16368_42070;2;;509;269;269;52;217;52.85;19.33
160708_16369_42070;3;;754;392;392;82;310;51.99;20.92
160708_16370_42070;4;;596;289;289;59;230;48.49;20.42
160708_16371_42070;5;;313;161;161;24;137;51.44;14.91
160708_16372_42070;6;;461;268;268;48;220;58.13;17.91
160709_16373_42070;1;;775;462;462;155;307;59.61;33.55
160709_16374_42070;2;;895;345;345;81;264;38.55;23.48
160709_16375_42070;3;;1004;637;637;161;476;63.45;25.27
160709_16376_42070;4;;479;197;197;77;120;41.13;39.09
160709_16377_42070;5;;819;316;316;69;247;38.58;21.84
160709_16378_42070;6;;1176;630;630;174;456;53.57;27.62
160801_16379_42067;1;;1413;551;551;124;427;39.00;22.50
160801_16380_42067;2;;1050;309;309;105;204;29.43;33.98
160801_16381_42067;3;;1570;537;537;98;439;34.20;18.25
160801_16382_42067;4;;1752;566;566;75;491;32.31;13.25
160801_16383_42067;5;;645;279;279;57;222;43.26;20.43
160801_16384_42067;6;;770;317;317;64;253;41.17;20.19
160801_16385_42067;7;;991;229;229;68;161;23.11;29.69
160802_16386_42067;1;;432;182;182;39;143;42.13;21.43
160802_16387_42067;2;;1311;660;660;113;547;50.34;17.12
160802_16388_42067;3;;764;393;393;87;306;51.44;22.14
160802_16389_42067;4;;506;246;246;52;194;48.62;21.14
160802_16390_42067;5;;1176;531;531;130;401;45.15;24.48
160802_16391_42067;6;;735;254;254;61;193;34.56;24.02
160802_16392_42067;7;;1102;365;365;60;305;33.12;16.44
160803_16393_42067;1;;1924;770;770;135;635;40.02;17.53
160803_16394_42067;2;;1232;556;556;79;477;45.13;14.21
160803_16395_42067;3;;1827;813;813;115;698;44.50;14.15
160803_16396_42067;4;;1232;554;554;95;459;44.97;17.15
160803_16397_42067;5;;1713;717;717;103;614;41.86;14.37
160803_16398_42067;6;;972;290;290;67;223;29.84;23.10
160803_16399_42067;7;;915;316;316;48;268;34.54;15.19
160803_16400_42067;8;;380;114;114;18;96;30.00;15.79
160803_16401_42067;9;;700;278;278;53;225;39.71;19.06
160803_16402_42067;10;;625;232;232;89;143;37.12;38.36
160803_16403_42067;11;;579;275;275;67;208;47.50;24.36
160803_16404_42067;12;;631;271;271;65;206;42.95;23.99
160803_16405_42067;13;;328;126;126;14;112;38.41;11.11
160803_16406_42067;14;;717;266;266;55;211;37.10;20.68
160803_16407_42067;15;;416;198;198;37;161;47.60;18.69
160803_16408_42067;16;;412;119;119;14;105;28.88;11.76
160803_16409_42067;17;;223;110;110;10;100;49.33;9.09
160803_30053_42067;18;;97;11;11;4;7;11.34;36.36
160804_16410_42067;1;;1304;618;618;167;451;47.39;27.02
160804_16411_42067;2;;2216;989;989;192;797;44.63;19.41
160804_16412_42067;3;;1408;751;751;119;632;53.34;15.85
160804_16413_42067;4;;856;394;394;71;323;46.03;18.02
160804_16414_42067;5;;853;411;411;66;345;48.18;16.06
160804_16415_42067;6;;997;465;465;116;349;46.64;24.95
160804_16416_42067;7;;879;394;394;78;316;44.82;19.80
160804_16417_42067;8;;635;359;359;73;286;56.54;20.33
160804_16418_42067;9;;776;406;406;77;329;52.32;18.97
160804_16419_42067;10;;610;207;207;55;152;33.93;26.57
160804_16420_42067;11;;962;448;448;56;392;46.57;12.50
160805_16421_42067;1;;716;322;322;65;257;44.97;20.19
160805_16422_42067;2;;696;258;258;41;217;37.07;15.89
160805_16423_42067;3;;371;184;184;41;143;49.60;22.28
160805_16424_42067;4;;626;231;231;59;172;36.90;25.54
160805_16425_42067;5;;583;211;211;46;165;36.19;21.80
160805_16426_42067;6;;565;207;207;38;169;36.64;18.36
160806_16427_42067;1;;1190;492;492;115;377;41.34;23.37
160806_16428_42067;2;;1114;475;475;95;380;42.64;20.00
160806_16429_42067;3;;1405;793;793;78;715;56.44;9.84
160806_16430_42067;4;;1623;870;870;173;697;53.60;19.89
160806_16431_42067;5;;1507;626;626;134;492;41.54;21.41
160807_16432_42067;1;;882;300;300;59;241;34.01;19.67
160807_16433_42067;2;;619;193;193;35;158;31.18;18.13
160807_16434_42067;3;;883;250;250;43;207;28.31;17.20
160807_16435_42067;4;;701;271;271;53;218;38.66;19.56
160901_16436_42066;1;;1113;482;482;85;397;43.31;17.63
160901_16437_42066;2;;1244;511;511;40;471;41.08;7.83
160901_16438_42066;3;;897;307;307;68;239;34.23;22.15
160901_16439_42066;4;;1038;300;300;85;215;28.90;28.33
160901_16440_42066;5;;1244;550;550;70;480;44.21;12.73
160902_16441_42066;1;;1062;438;438;89;349;41.24;20.32
160902_16442_42066;2;;1308;443;443;88;355;33.87;19.86
160902_16443_42066;3;;963;215;215;52;163;22.33;24.19
160902_16444_42066;4;;715;208;208;32;176;29.09;15.38
160902_16445_42066;5;;944;336;336;81;255;35.59;24.11
160902_16446_42066;6;;358;109;109;26;83;30.45;23.85
160902_16447_42066;7;;905;276;276;76;200;30.50;27.54
160902_16448_42066;8;;537;244;244;45;199;45.44;18.44
160902_16449_42066;9;;451;161;161;48;113;35.70;29.81
160902_16450_42066;10;;521;233;233;35;198;44.72;15.02
160903_16451_42066;1;;768;257;257;63;194;33.46;24.51
160903_16452_42066;2;;838;208;208;35;173;24.82;16.83
160903_16453_42066;3;;811;248;248;36;212;30.58;14.52
160903_16454_42066;4;;1349;471;471;67;404;34.91;14.23
160903_16455_42066;5;;1003;401;401;66;335;39.98;16.46
160903_16456_42066;6;;484;209;209;37;172;43.18;17.70
160903_16457_42066;7;;1566;432;432;63;369;27.59;14.58
160903_16458_42066;8;;1503;507;507;75;432;33.73;14.79
160903_16459_42066;9;;881;284;284;36;248;32.24;12.68
160903_16460_42066;10;;459;170;170;39;131;37.04;22.94
160903_16461_42066;11;;385;137;137;21;116;35.58;15.33
160903_16462_42066;12;;706;297;297;33;264;42.07;11.11
160903_16463_42066;13;;1008;399;399;55;344;39.58;13.78
160903_30054_42066;14;;63;25;25;2;23;39.68;8.00
160903_30055_42066;15;;50;18;18;2;16;36.00;11.11
160904_16464_42066;1;;1128;441;441;108;333;39.10;24.49
160904_16465_42066;2;;1661;834;834;111;723;50.21;13.31
160904_16466_42066;3;;975;363;363;64;299;37.23;17.63
160904_16467_42066;4;;1049;380;380;60;320;36.22;15.79
160904_16468_42066;5;;1490;671;671;160;511;45.03;23.85
160904_16469_42066;6;;922;302;302;50;252;32.75;16.56
160904_16470_42066;7;;667;287;287;39;248;43.03;13.59
160904_16471_42066;8;;1172;491;491;118;373;41.89;24.03
160905_16472_42066;1;;1072;451;451;69;382;42.07;15.30
160905_16473_42066;2;;1870;587;587;176;411;31.39;29.98
160905_16474_42066;3;;589;221;221;43;178;37.52;19.46
160905_16475_42066;4;;1906;723;723;107;616;37.93;14.80
160905_16476_42066;5;;442;177;177;19;158;40.05;10.73
160905_16477_42066;6;;2010;893;893;233;660;44.43;26.09
160906_16478_42066;1;;514;188;188;44;144;36.58;23.40
160906_16479_42066;2;;587;240;240;69;171;40.89;28.75
160906_16480_42066;3;;840;397;397;96;301;47.26;24.18
160906_16481_42066;4;;679;337;337;67;270;49.63;19.88
160906_16482_42066;5;;377;165;165;56;109;43.77;33.94
160906_16483_42066;6;;1092;337;337;60;277;30.86;17.80
160906_16484_42066;7;;571;194;194;46;148;33.98;23.71
160907_16485_42066;1;;683;306;306;75;231;44.80;24.51
160907_16486_42066;2;;609;258;258;58;200;42.36;22.48
160907_16487_42066;3;;773;285;285;87;198;36.87;30.53
160907_16488_42066;4;;707;315;315;66;249;44.55;20.95
160907_16489_42066;5;;636;311;311;50;261;48.90;16.08
160907_16490_42066;6;;587;325;325;56;269;55.37;17.23
160907_16491_42066;7;;658;289;289;43;246;43.92;14.88
160907_16492_42066;8;;771;377;377;62;315;48.90;16.45
160907_16493_42066;9;;756;380;380;124;256;50.26;32.63
160907_16494_42066;10;;870;362;362;95;267;41.61;26.24
160907_16495_42066;11;;704;257;257;40;217;36.51;15.56
160907_16496_42066;12;;947;362;362;121;241;38.23;33.43
160907_16497_42066;13;;896;383;383;97;286;42.75;25.33
160907_16498_42066;14;;495;270;270;63;207;54.55;23.33
160907_16499_42066;15;;644;276;276;42;234;42.86;15.22
160908_16500_42066;1;;1305;488;488;132;356;37.39;27.05
160908_16501_42066;2;;1343;548;548;157;391;40.80;28.65
160908_16502_42066;3;;1097;529;529;124;405;48.22;23.44
160908_16503_42066;4;;2016;1022;1022;216;806;50.69;21.14
160908_16504_42066;5;;776;290;290;75;215;37.37;25.86
160908_16505_42066;6;;1098;464;464;137;327;42.26;29.53
160908_16506_42066;7;;565;149;149;61;88;26.37;40.94
160908_16507_42066;8;;1033;298;298;80;218;28.85;26.85
160908_16508_42066;9;;1473;779;779;114;665;52.89;14.63
160908_16509_42066;10;;1750;661;661;138;523;37.77;20.88
160908_16510_42066;11;;717;319;319;70;249;44.49;21.94
160908_16511_42066;12;;1231;526;526;107;419;42.73;20.34
160908_16512_42066;13;;413;222;222;76;146;53.75;34.23
160908_16513_42066;14;;1158;535;535;96;439;46.20;17.94
160908_16514_42066;15;;615;258;258;81;177;41.95;31.40
160908_30056_42066;16;;69;7;7;3;4;10.14;42.86
160909_16515_42066;1;;586;233;233;65;168;39.76;27.90
160909_16516_42066;2;;910;314;314;75;239;34.51;23.89
160909_16517_42066;3;;951;302;302;58;244;31.76;19.21
160909_16518_42066;4;;804;271;271;52;219;33.71;19.19
160909_16519_42066;5;;1168;377;377;50;327;32.28;13.26
160909_16520_42066;6;;1018;465;465;118;347;45.68;25.38
160909_16521_42066;7;;507;146;146;33;113;28.80;22.60
160909_16522_42066;8;;795;356;356;108;248;44.78;30.34
160910_16523_42066;1;;1170;438;438;61;377;37.44;13.93
160910_16524_42066;2;;1145;410;410;62;348;35.81;15.12
160910_16525_42066;3;;678;216;216;43;173;31.86;19.91
160910_16526_42066;4;;1090;349;349;40;309;32.02;11.46
160910_16527_42066;5;;978;379;379;67;312;38.75;17.68
160910_16528_42066;6;;582;195;195;22;173;33.51;11.28
160910_16529_42066;7;;493;175;175;39;136;35.50;22.29
160910_16530_42066;8;;672;279;279;46;233;41.52;16.49
160910_16531_42066;9;;997;292;292;54;238;29.29;18.49
160910_30057_42066;10;;108;99;99;68;31;91.67;68.69
160911_16532_42066;1;;760;269;269;71;198;35.39;26.39
160911_16533_42066;2;;922;384;384;50;334;41.65;13.02
160911_16534_42066;3;;503;192;192;42;150;38.17;21.88
160911_16535_42066;4;;782;405;405;78;327;51.79;19.26
160911_16536_42066;5;;1035;447;447;109;338;43.19;24.38
160911_16537_42066;6;;997;411;411;90;321;41.22;21.90
160911_16538_42066;7;;990;324;324;67;257;32.73;20.68
160911_16539_42066;8;;1201;303;303;55;248;25.23;18.15
160911_16540_42066;9;;638;208;208;35;173;32.60;16.83
160912_16541_42066;1;;366;169;169;47;122;46.17;27.81
160912_16542_42066;2;;178;118;118;30;88;66.29;25.42
160912_16543_42066;3;;233;124;124;62;62;53.22;50.00
160912_16544_42066;4;;1045;614;614;143;471;58.76;23.29
160912_16545_42066;5;;1100;502;502;149;353;45.64;29.68
160912_16546_42066;6;;1404;670;670;197;473;47.72;29.40
160913_16547_42066;1;;781;252;252;91;161;32.27;36.11
160913_16548_42066;2;;735;223;223;44;179;30.34;19.73
160913_16549_42066;3;;1090;421;421;136;285;38.62;32.30
160913_16550_42066;4;;609;279;279;101;178;45.81;36.20
160913_16551_42066;5;;1164;469;469;107;362;40.29;22.81
160913_16552_42066;6;;966;403;403;78;325;41.72;19.35
160913_16553_42066;7;;541;140;140;32;108;25.88;22.86
160913_16554_42066;8;;1240;506;506;97;409;40.81;19.17
160913_16555_42066;9;;810;364;364;59;305;44.94;16.21
160913_30058_42066;10;;11;11;11;1;10;100.00;9.09
161001_16556_42069;1;;743;337;337;71;266;45.36;21.07
161001_16557_42069;2;;649;285;285;68;217;43.91;23.86
161001_16558_42069;3;;672;294;295;59;235;43.75;20.07
161001_16559_42069;4;;511;194;194;39;155;37.96;20.10
161001_16560_42069;5;;1210;490;490;73;417;40.50;14.90
161001_16561_42069;6;;964;257;257;31;226;26.66;12.06
161001_16562_42069;7;;479;199;199;41;158;41.54;20.60
161001_16563_42069;8;;764;258;258;44;214;33.77;17.05
161001_16564_42069;9;;487;200;200;45;155;41.07;22.50
161001_16565_42069;10;;381;186;186;32;154;48.82;17.20
161001_16566_42069;11;;350;143;143;38;105;40.86;26.57
161001_16567_42069;12;;329;143;143;24;119;43.47;16.78
161001_16568_42069;13;;539;184;184;65;119;34.14;35.33
161001_16569_42069;14;;265;137;137;33;104;51.70;24.09
161001_16570_42069;15;;244;103;103;17;86;42.21;16.50
161001_16571_42069;16;;283;138;138;22;116;48.76;15.94
161001_30059_42069;17;;46;16;16;4;12;34.78;25.00
161001_30060_42069;18;;51;20;20;5;15;39.22;25.00
161002_16572_42069;1;;965;397;397;76;321;41.14;19.14
161002_16573_42069;2;;1471;698;698;165;533;47.45;23.64
161002_16574_42069;3;;792;384;384;69;315;48.48;17.97
161002_16575_42069;4;;1433;571;571;135;436;39.85;23.64
161002_16576_42069;5;;1168;541;541;105;436;46.32;19.41
161002_16577_42069;6;;300;132;132;24;108;44.00;18.18
161002_16578_42069;7;;523;230;230;45;185;43.98;19.57
161002_16579_42069;8;;516;221;221;44;177;42.83;19.91
161002_16580_42069;9;;347;93;93;12;81;26.80;12.90
161002_16581_42069;10;;509;191;191;36;155;37.52;18.85
161002_16582_42069;11;;524;207;207;39;168;39.50;18.84
161002_16583_42069;12;;386;158;158;44;114;40.93;27.85
161002_16584_42069;13;;605;233;233;39;194;38.51;16.74
161002_16585_42069;14;;335;168;168;32;136;50.15;19.05
161002_16586_42069;15;;334;174;174;55;119;52.10;31.61
161002_16587_42069;16;;876;320;320;77;243;36.53;24.06
161003_16588_42069;1;;419;230;230;36;194;54.89;15.65
161003_16589_42069;2;;203;111;111;28;83;54.68;25.23
161003_16590_42069;3;;173;102;102;17;85;58.96;16.67
161003_16591_42069;4;;153;93;93;20;73;60.78;21.51
161003_16592_42069;5;;802;481;481;80;401;59.98;16.63
161003_16593_42069;6;;364;140;140;26;114;38.46;18.57
161003_16594_42069;7;;219;102;102;24;78;46.58;23.53
161003_16595_42069;8;;271;140;140;29;111;51.66;20.71
161003_16596_42069;9;;331;192;192;28;164;58.01;14.58
161003_16597_42069;10;;643;304;304;69;235;47.28;22.70
161004_16598_42069;1;;998;345;345;56;289;34.57;16.23
161004_16599_42069;2;;916;255;255;48;207;27.84;18.82
161004_16600_42069;3;;1105;421;421;69;352;38.10;16.39
161004_16601_42069;4;;1059;458;458;119;339;43.25;25.98
161004_16602_42069;5;;884;244;244;38;206;27.60;15.57
161004_16603_42069;6;;1201;564;564;43;521;46.96;7.62
161004_16604_42069;7;;1051;509;509;65;444;48.43;12.77
161004_16605_42069;8;;1151;513;513;87;426;44.57;16.96
161004_16606_42069;9;;849;295;295;43;252;34.75;14.58
161004_16607_42069;10;;1013;327;327;56;271;32.28;17.13
161004_16608_42069;11;;1164;370;370;63;307;31.79;17.03
161004_16609_42069;12;;1164;416;416;79;337;35.74;18.99
161004_16610_42069;13;;1086;476;476;57;419;43.83;11.97
161004_16611_42069;14;;1236;533;533;124;409;43.12;23.26
161004_16612_42069;15;;1268;522;522;147;375;41.17;28.16
161004_16613_42069;16;;1293;519;519;57;462;40.14;10.98
161004_16614_42069;17;;1150;501;501;60;441;43.57;11.98
161004_16615_42069;18;;888;361;361;52;309;40.65;14.40
161004_16616_42069;19;;235;123;123;18;105;52.34;14.63
161004_16617_42069;20;;537;268;268;40;228;49.91;14.93
161004_16618_42069;21;;365;145;145;34;111;39.73;23.45
161004_16619_42069;22;;170;78;78;15;63;45.88;19.23
161004_16620_42069;23;;679;301;301;50;251;44.33;16.61
161004_16621_42069;24;;804;373;373;54;319;46.39;14.48
161004_16622_42069;25;;160;79;79;11;68;49.38;13.92
161004_30061_42069;26;;48;13;13;2;11;27.08;15.38
161004_30062_42069;27;;75;64;64;1;63;85.33;1.56
161004_30063_42069;28;;82;27;27;5;22;32.93;18.52
161101_16623_42068;1;;730;297;297;62;235;40.68;20.88
161101_16624_42068;2;;1044;430;430;77;353;41.19;17.91
161101_16625_42068;3;;688;182;182;42;140;26.45;23.08
161101_16626_42068;4;;951;275;275;50;225;28.92;18.18
161101_16627_42068;5;;413;150;150;28;122;36.32;18.67
161101_16628_42068;6;;634;244;244;41;203;38.49;16.80
161102_16629_42068;1;;1227;395;395;95;300;32.19;24.05
161102_16630_42068;2;;1709;530;530;94;436;31.01;17.74
161102_16631_42068;3;;1096;379;379;71;308;34.58;18.73
161102_16632_42068;4;;429;153;153;26;127;35.66;16.99
161102_16633_42068;5;;445;128;128;30;98;28.76;23.44
161102_16634_42068;6;;568;183;183;34;149;32.22;18.58
161102_16635_42068;7;;512;179;179;21;158;34.96;11.73
161103_16636_42068;1;;973;438;438;79;359;45.02;18.04
161103_16637_42068;2;;997;412;412;95;317;41.32;23.06
161103_16638_42068;3;;804;285;285;44;241;35.45;15.44
161103_16639_42068;4;;494;141;141;40;101;28.54;28.37
161103_16640_42068;5;;908;353;353;58;295;38.88;16.43
161103_16641_42068;6;;868;321;321;65;256;36.98;20.25
161104_16642_42068;1;;1299;551;551;131;420;42.42;23.77
161104_16643_42068;2;;989;387;387;71;316;39.13;18.35
161104_16644_42068;3;;664;248;248;16;232;37.35;6.45
161104_16645_42068;4;;402;135;135;27;108;33.58;20.00
161104_16646_42068;5;;336;106;106;27;79;31.55;25.47
161104_16647_42068;6;;1400;573;573;102;471;40.93;17.80
161104_16648_42068;7;;1374;423;423;86;337;30.79;20.33
161104_30064_42068;8;;59;33;33;1;32;55.93;3.03
161105_16649_42068;1;;1206;435;435;58;377;36.07;13.33
161105_16650_42068;2;;1143;412;412;129;283;36.05;31.31
161105_16651_42068;3;;471;154;154;26;128;32.70;16.88
161105_16652_42068;4;;660;258;258;49;209;39.09;18.99
161105_16653_42068;5;;1180;502;502;91;411;42.54;18.13
161105_16654_42068;6;;425;84;84;22;62;19.76;26.19
161105_16655_42068;7;;603;271;271;32;239;44.94;11.81
161105_16656_42068;8;;1057;451;451;60;391;42.67;13.30
161105_16657_42068;9;;1173;469;469;69;400;39.98;14.71
161105_16658_42068;10;;1226;482;482;86;396;39.31;17.84
161105_16659_42068;11;;1146;367;367;54;313;32.02;14.71
161105_16660_42068;12;;1265;612;612;78;534;48.38;12.75
161105_16661_42068;13;;1278;420;420;67;353;32.86;15.95
161105_16662_42068;14;;1226;577;577;86;491;47.06;14.90
161105_16663_42068;15;;1191;533;533;92;441;44.75;17.26
161105_16664_42068;16;;1207;503;503;102;401;41.67;20.28
161105_16665_42068;17;;481;192;192;27;165;39.92;14.06
161105_16666_42068;18;;950;279;279;41;238;29.37;14.70
161105_16667_42068;19;;573;200;200;33;167;34.90;16.50
161105_16668_42068;20;;341;157;157;26;131;46.04;16.56
161105_16669_42068;21;;799;299;299;54;245;37.42;18.06
161105_16670_42068;22;;632;208;208;44;164;32.91;21.15
161105_16671_42068;23;;721;241;241;38;203;33.43;15.77
161105_16672_42068;24;;565;266;266;40;226;47.08;15.04
161105_16673_42068;25;;824;396;396;93;303;48.06;23.48
161105_16674_42068;26;;932;235;235;33;202;25.21;14.04
161105_16675_42068;27;;371;159;159;17;142;42.86;10.69
161105_16676_42068;28;;1197;415;415;60;355;34.67;14.46
161105_30065_42068;29;;45;27;27;3;24;60.00;11.11
161105_30066_42068;30;;107;48;48;22;26;44.86;45.83
161105_30067_42068;31;;36;4;4;2;2;11.11;50.00
161105_30068_42068;32;;164;8;8;3;5;4.88;37.50
161105_30069_42068;33;;77;17;17;5;12;22.08;29.41
161106_16677_42068;1;;1404;764;764;190;574;54.42;24.87
161106_16678_42068;2;;403;137;137;32;105;34.00;23.36
161106_16679_42068;3;;866;451;451;121;330;52.08;26.83
161106_16680_42068;4;;750;317;317;87;230;42.27;27.44
161106_16681_42068;5;;734;295;295;67;228;40.19;22.71
161106_16682_42068;6;;490;284;284;88;196;57.96;30.99
161106_16683_42068;7;;493;249;249;56;193;50.51;22.49
161107_16684_42068;1;;1896;591;591;105;486;31.17;17.77
161107_16685_42068;2;;1918;787;787;110;677;41.03;13.98
161107_16686_42068;3;;1338;655;655;84;571;48.95;12.82
161107_16687_42068;4;;1173;382;382;64;318;32.57;16.75
161107_16688_42068;5;;1998;732;732;132;600;36.64;18.03
161107_16689_42068;6;;1590;687;687;213;474;43.21;31.00
166101_16690_42066;1;;427;193;193;22;171;45.20;11.40
166101_16691_42066;2;;1129;365;365;37;328;32.33;10.14
166101_16692_42066;3;;1467;676;676;41;635;46.08;6.07
166101_16693_42066;4;;777;333;333;33;300;42.86;9.91
166101_16694_42066;5;;1309;628;628;34;594;47.98;5.41
166101_16695_42066;6;;1067;467;467;35;432;43.77;7.49
166101_16696_42066;7;;1901;716;716;72;644;37.66;10.06
166101_16697_42066;8;;1631;618;618;69;549;37.89;11.17
166101_16698_42066;9;;1501;524;524;82;442;34.91;15.65
166101_16699_42066;10;;1531;576;576;45;531;37.62;7.81
166101_16700_42066;11;;713;246;246;31;215;34.50;12.60
166101_16701_42066;12;;1152;367;367;39;328;31.86;10.63
166101_16702_42066;13;;1847;771;771;48;723;41.74;6.23
166101_16703_42066;14;;1313;415;415;27;388;31.61;6.51
166101_16704_42066;15;;1513;700;700;68;632;46.27;9.71
166101_16705_42066;16;;1382;605;605;50;555;43.78;8.26
166101_16706_42066;17;;1921;775;775;79;696;40.34;10.19
166101_16707_42066;18;;1419;541;541;30;511;38.13;5.55
166101_16708_42066;19;;1918;756;756;74;682;39.42;9.79
166101_16709_42066;20;;1657;650;650;56;594;39.23;8.62
166101_16710_42066;21;;2332;990;990;52;938;42.45;5.25
166101_16711_42066;22;;1430;578;578;61;517;40.42;10.55
166101_16712_42066;23;;1652;653;653;44;609;39.53;6.74
166101_16713_42066;24;;2018;824;824;47;777;40.83;5.70
166101_16714_42066;25;;1523;655;655;46;609;43.01;7.02
166101_16715_42066;26;;1165;531;531;33;498;45.58;6.21
166101_16716_42066;27;;1774;552;552;44;508;31.12;7.97
166101_16717_42066;28;;2482;1108;1108;76;1032;44.64;6.86
166101_16718_42066;29;;1017;361;361;45;316;35.50;12.47
166101_16719_42066;30;;1427;437;437;47;390;30.62;10.76
166101_16720_42066;31;;1242;393;393;37;356;31.64;9.41
166101_16721_42066;32;;1268;443;443;81;362;34.94;18.28
166101_16722_42066;33;;1124;400;400;56;344;35.59;14.00
166101_16723_42066;34;;2368;796;796;71;725;33.61;8.92
166101_16724_42066;35;;1199;397;397;37;360;33.11;9.32
166101_16725_42066;36;;1856;647;647;79;568;34.86;12.21
166101_16726_42066;37;;2045;695;695;51;644;33.99;7.34
166101_16727_42066;38;;2015;709;709;68;641;35.19;9.59
166101_16728_42066;39;;2085;628;628;90;538;30.12;14.33
166101_16729_42066;40;;1024;414;414;37;377;40.43;8.94
166101_16730_42066;41;;1291;526;526;30;496;40.74;5.70
166101_16731_42066;42;;1279;590;590;42;548;46.13;7.12
166101_16732_42066;43;;1838;761;761;64;697;41.40;8.41
166101_16733_42066;44;;1611;586;586;68;518;36.37;11.60
166101_16734_42066;45;;1577;632;632;48;584;40.08;7.59
166101_16735_42066;46;;1219;547;547;52;495;44.87;9.51
166101_16736_42066;47;;1339;590;590;79;511;44.06;13.39
166101_16737_42066;48;;1166;385;385;23;362;33.02;5.97
166101_16738_42066;49;;1580;557;557;60;497;35.25;10.77
166101_16739_42066;50;;1725;649;649;71;578;37.62;10.94
166101_16740_42066;51;;2070;741;741;53;688;35.80;7.15
166101_16741_42066;52;;1467;635;635;40;595;43.29;6.30
166101_16742_42066;53;;1530;495;495;44;451;32.35;8.89
166101_16743_42066;54;;1391;480;480;58;422;34.51;12.08
166101_16744_42066;55;;1592;675;675;54;621;42.40;8.00
166101_16745_42066;56;;1010;346;352;29;317;34.26;8.38
166101_16746_42066;57;;1846;749;749;44;705;40.57;5.87
166101_16747_42066;58;;1591;751;751;46;705;47.20;6.13
166101_16748_42066;59;;986;430;430;24;406;43.61;5.58
166101_16749_42066;60;;1421;604;604;45;559;42.51;7.45
166101_16750_42066;61;;1392;583;583;26;557;41.88;4.46
166101_16751_42066;62;;1535;610;610;35;575;39.74;5.74
166101_16752_42066;63;;1648;704;704;53;651;42.72;7.53
166101_30070_42066;64;;17;7;7;0;7;41.18;0.00
166101_30071_42066;65;;136;14;14;3;11;10.29;21.43
166101_30072_42066;66;;232;24;24;3;21;10.34;12.50
166101_30073_42066;67;;239;17;17;1;16;7.11;5.88
166101_30074_42066;68;;37;8;8;1;7;21.62;12.50
166101_30075_42066;69;;132;70;70;21;49;53.03;30.00
166101_30076_42066;70;;27;5;5;2;3;18.52;40.00
166101_30077_42066;71;;198;58;58;15;43;29.29;25.86
180103_16753_42065;1;;1020;564;564;166;398;55.29;29.43
180103_16754_42065;2;;300;165;165;46;119;55.00;27.88
180103_16755_42065;3;;316;199;199;54;145;62.97;27.14
180103_16756_42065;4;;320;165;165;34;131;51.56;20.61
180105_16757_42065;1;;811;396;396;90;306;48.83;22.73
180105_16758_42065;2;;460;216;216;36;180;46.96;16.67
180105_16759_42065;3;;227;128;128;24;104;56.39;18.75
180105_16760_42065;4;;335;171;171;57;114;51.04;33.33
180108_16761_42065;1;;895;401;401;93;308;44.80;23.19
180108_16762_42065;2;;852;347;347;117;230;40.73;33.72
180108_16763_42065;3;;1041;461;461;109;352;44.28;23.64
180108_16764_42065;4;;1096;522;522;78;444;47.63;14.94
180108_16765_42065;5;;944;446;446;128;318;47.25;28.70
180108_16766_42065;6;;767;307;307;112;195;40.03;36.48
180108_16767_42065;7;;1302;647;647;101;546;49.69;15.61
180108_16768_42065;8;;906;299;299;82;217;33.00;27.42
180108_16769_42065;9;;666;296;296;60;236;44.44;20.27
180108_16770_42065;10;;826;363;363;117;246;43.95;32.23
180108_16771_42065;11;;515;291;291;114;177;56.50;39.18
180108_16772_42065;12;;343;206;206;47;159;60.06;22.82
180108_16773_42065;13;;548;284;284;74;210;51.82;26.06
180108_16774_42065;14;;226;67;67;20;47;29.65;29.85
180108_16775_42065;15;;331;150;150;34;116;45.32;22.67
180108_16776_42065;16;;475;243;243;54;189;51.16;22.22
180108_16777_42065;17;;610;277;277;123;154;45.41;44.40
180108_16778_42065;18;;409;243;243;32;211;59.41;13.17
180108_16779_42065;19;;502;281;281;67;214;55.98;23.84
180108_16780_42065;20;;927;463;463;109;354;49.95;23.54
180108_16781_42065;21;;259;134;134;38;96;51.74;28.36
180108_30078_42065;22;;81;31;31;5;26;38.27;16.13
180201_16782_42065;1;;2289;1125;1125;159;966;49.15;14.13
180201_16783_42065;2;;1946;968;968;221;747;49.74;22.83
180201_16784_42065;3;;2101;1075;1075;134;941;51.17;12.47
180201_16785_42065;4;;1314;598;598;77;521;45.51;12.88
180201_16786_42065;5;;1589;715;715;117;598;45.00;16.36
180201_16787_42065;6;;806;345;345;57;288;42.80;16.52
180201_16788_42065;7;;1306;580;580;117;463;44.41;20.17
180201_16789_42065;8;;1217;509;509;154;355;41.82;30.26
180201_16790_42065;9;;1244;497;497;59;438;39.95;11.87
180201_16791_42065;10;;839;470;470;84;386;56.02;17.87
180201_16792_42065;11;;970;543;543;93;450;55.98;17.13
180201_16793_42065;12;;1761;860;861;79;781;48.84;9.19
180201_16794_42065;13;;970;553;553;31;522;57.01;5.61
180201_16795_42065;14;;2003;1094;1094;166;928;54.62;15.17
180201_16796_42065;15;;1027;528;528;101;427;51.41;19.13
180201_30079_42065;16;;140;19;19;0;19;13.57;0.00
180201_30080_42065;17;;79;38;38;3;35;48.10;7.89
180202_16797_42065;1;;799;503;503;46;457;62.95;9.15
180202_16798_42065;2;;685;435;435;97;338;63.50;22.30
180202_16799_42065;3;;1536;895;895;183;712;58.27;20.45
180202_16800_42065;4;;232;119;119;27;92;51.29;22.69
180202_16801_42065;5;;1028;667;667;88;579;64.88;13.19
180202_16802_42065;6;;617;390;390;77;313;63.21;19.74
180203_16803_42065;1;;1256;631;631;116;515;50.24;18.38
180203_16804_42065;2;;434;208;208;40;168;47.93;19.23
180203_16805_42065;3;;849;383;383;71;312;45.11;18.54
180203_16806_42065;4;;460;209;209;48;161;45.43;22.97
180203_16807_42065;5;;358;209;209;52;157;58.38;24.88
180203_16808_42065;6;;274;156;156;27;129;56.93;17.31
180203_16809_42065;7;;245;134;134;21;113;54.69;15.67
180203_16810_42065;8;;292;130;130;27;103;44.52;20.77
180203_16811_42065;9;;326;183;183;34;149;56.13;18.58
180203_16812_42065;10;;386;207;207;53;154;53.63;25.60
180203_16813_42065;11;;1247;549;549;104;445;44.03;18.94
180203_16814_42065;12;;468;223;223;58;165;47.65;26.01
180204_16815_42065;1;;1041;498;498;65;433;47.84;13.05
180204_16816_42065;2;;1634;846;846;132;714;51.77;15.60
180204_16817_42065;3;;997;449;449;89;360;45.04;19.82
180204_16818_42065;4;;270;147;147;26;121;54.44;17.69
180204_16819_42065;5;;1112;529;529;101;428;47.57;19.09
180204_16820_42065;6;;761;302;302;40;262;39.68;13.25
180204_16821_42065;7;;785;417;417;55;362;53.12;13.19
180204_16822_42065;8;;875;452;452;55;397;51.66;12.17
180205_16823_42065;1;;1749;1246;1246;172;1074;71.24;13.80
180205_16824_42065;2;;1287;860;860;151;709;66.82;17.56
180205_16825_42065;3;;1294;852;852;151;701;65.84;17.72
180205_16826_42065;4;;1177;730;730;93;637;62.02;12.74
180205_16827_42065;5;;537;343;343;70;273;63.87;20.41
180206_16828_42065;1;;1094;653;653;133;520;59.69;20.37
180206_16829_42065;2;;738;391;391;83;308;52.98;21.23
180206_16830_42065;3;;905;495;495;71;424;54.70;14.34
180206_16831_42065;4;;361;189;189;35;154;52.35;18.52
180206_16832_42065;5;;150;87;87;24;63;58.00;27.59
180206_16833_42065;6;;1015;439;439;83;356;43.25;18.91
180206_16834_42065;7;;901;454;454;91;363;50.39;20.04
180206_16835_42065;8;;285;151;151;30;121;52.98;19.87
180206_16836_42065;9;;1061;522;522;110;412;49.20;21.07
180206_16837_42065;10;;62;40;40;5;35;64.52;12.50
180206_16838_42065;11;;289;145;145;31;114;50.17;21.38
180301_16839_42062;1;;1781;894;894;84;810;50.20;9.40
180301_16840_42062;2;;1836;824;829;112;712;44.88;13.59
180301_16841_42062;3;;1576;752;752;71;681;47.72;9.44
180301_16842_42062;4;;2052;950;950;80;870;46.30;8.42
180301_16843_42062;5;;1516;717;717;77;640;47.30;10.74
180301_16844_42062;6;;1598;759;759;101;658;47.50;13.31
180301_16845_42062;7;;1788;872;872;81;791;48.77;9.29
180301_16846_42062;8;;1803;773;782;75;698;42.87;9.70
180301_16847_42062;9;;1448;663;663;94;569;45.79;14.18
180301_16848_42062;10;;1979;810;810;121;689;40.93;14.94
180301_16849_42062;11;;1922;927;927;89;838;48.23;9.60
180301_16850_42062;12;;1256;630;630;81;549;50.16;12.86
180301_16851_42062;13;;1696;794;794;99;695;46.82;12.47
180301_16852_42062;14;;2211;1084;1084;91;993;49.03;8.39
180301_16853_42062;15;;2061;1123;1123;100;1023;54.49;8.90
180301_16854_42062;16;;1687;713;714;97;616;42.26;13.60
180301_16855_42062;17;;2042;994;994;123;871;48.68;12.37
180301_16856_42062;18;;2209;1034;1034;82;952;46.81;7.93
180301_16857_42062;19;;2080;864;864;99;765;41.54;11.46
180301_16858_42062;20;;1294;703;703;52;651;54.33;7.40
180301_16859_42062;21;;2116;1086;1086;201;885;51.32;18.51
180301_30081_42062;22;;61;31;31;5;26;50.82;16.13
180301_30082_42062;23;;107;21;21;3;18;19.63;14.29
180301_30083_42062;24;;108;22;22;5;17;20.37;22.73
180302_16860_42062;1;;1431;799;800;159;640;55.84;19.90
180302_16861_42062;2;;1084;588;588;130;458;54.24;22.11
180302_16862_42062;3;;523;299;299;99;200;57.17;33.11
180302_16863_42062;4;;400;185;185;51;134;46.25;27.57
180302_16864_42062;5;;1033;477;477;100;377;46.18;20.96
180302_16865_42062;6;;1071;624;624;231;393;58.26;37.02
180302_16866_42062;7;;825;372;372;64;308;45.09;17.20
180302_16867_42062;8;;739;358;358;99;259;48.44;27.65
180302_16868_42062;9;;1518;726;726;247;479;47.83;34.02
180302_16869_42062;10;;546;204;204;42;162;37.36;20.59
180302_16870_42062;11;;416;266;266;75;191;63.94;28.20
180302_16871_42062;12;;894;425;425;129;296;47.54;30.35
180303_16872_42062;1;;900;401;401;91;310;44.56;22.69
180303_16873_42062;2;;880;435;435;73;362;49.43;16.78
180303_16874_42062;3;;817;439;439;79;360;53.73;18.00
180303_16875_42062;4;;506;232;232;42;190;45.85;18.10
180303_16876_42062;5;;968;544;544;70;474;56.20;12.87
180303_16877_42062;6;;309;155;155;30;125;50.16;19.35
180303_16878_42062;7;;112;49;49;12;37;43.75;24.49
180303_16879_42062;8;;1036;512;512;79;433;49.42;15.43
180303_16880_42062;9;;635;346;346;36;310;54.49;10.40
180303_16881_42062;10;;622;344;344;102;242;55.31;29.65
180303_16882_42062;11;;1626;849;849;139;710;52.21;16.37
180303_16883_42062;12;;551;231;231;34;197;41.92;14.72
180303_16884_42062;13;;590;312;312;50;262;52.88;16.03
180303_16885_42062;14;;744;366;366;98;268;49.19;26.78
180304_16886_42062;1;;1209;530;530;63;467;43.84;11.89
180304_16887_42062;2;;1137;552;552;80;472;48.55;14.49
180304_16888_42062;3;;1006;562;562;132;430;55.86;23.49
180304_16889_42062;4;;757;422;422;45;377;55.75;10.66
180304_16890_42062;5;;969;461;461;105;356;47.57;22.78
180304_16891_42062;6;;1126;475;475;65;410;42.18;13.68
180304_16892_42062;7;;635;361;361;62;299;56.85;17.17
180304_16893_42062;8;;437;225;225;65;160;51.49;28.89
180304_16894_42062;9;;796;417;417;65;352;52.39;15.59
180304_16895_42062;10;;1254;503;503;82;421;40.11;16.30
180304_16896_42062;11;;1118;508;508;94;414;45.44;18.50
180304_16897_42062;12;;948;332;332;60;272;35.02;18.07
180304_16898_42062;13;;1016;438;438;80;358;43.11;18.26
180304_16899_42062;14;;272;113;113;15;98;41.54;13.27
180304_16900_42062;15;;483;224;224;47;177;46.38;20.98
180304_16901_42062;16;;668;272;272;51;221;40.72;18.75
180304_16902_42062;17;;1243;528;528;70;458;42.48;13.26
180304_16903_42062;18;;980;562;562;60;502;57.35;10.68
180304_16904_42062;19;;986;539;539;69;470;54.67;12.80
180304_16905_42062;20;;787;375;375;52;323;47.65;13.87
180304_16906_42062;21;;914;428;428;73;355;46.83;17.06
180304_16907_42062;22;;1071;504;504;97;407;47.06;19.25
180305_16908_42062;1;;1095;587;587;195;392;53.61;33.22
180305_16909_42062;2;;941;562;562;204;358;59.72;36.30
180305_16910_42062;3;;776;396;396;178;218;51.03;44.95
180305_16911_42062;4;;347;157;157;38;119;45.24;24.20
180305_16912_42062;5;;793;492;492;157;335;62.04;31.91
180305_16913_42062;6;;432;227;227;82;145;52.55;36.12
180306_16914_42062;1;;2073;1088;1088;257;831;52.48;23.62
180306_16915_42062;2;;1800;983;983;195;788;54.61;19.84
180306_16916_42062;3;;409;218;218;35;183;53.30;16.06
180306_16917_42062;4;;774;405;405;88;317;52.33;21.73
180306_16918_42062;5;;982;520;592;82;438;52.95;15.77
180306_16919_42062;6;;242;123;123;29;94;50.83;23.58
180306_16920_42062;7;;351;208;208;52;156;59.26;25.00
180306_16921_42062;8;;555;312;312;82;230;56.22;26.28
180306_16922_42062;9;;1120;661;661;139;522;59.02;21.03
180306_16923_42062;10;;1305;642;642;102;540;49.20;15.89
180306_16924_42062;11;;1170;664;664;175;489;56.75;26.36
180306_16925_42062;12;;627;313;313;85;228;49.92;27.16
180306_16926_42062;13;;259;115;115;29;86;44.40;25.22
180306_16927_42062;14;;775;480;480;106;374;61.94;22.08
180306_16928_42062;15;;838;480;480;98;382;57.28;20.42
180306_16929_42062;16;;901;517;517;175;342;57.38;33.85
180306_30084_42062;17;;80;52;52;15;37;65.00;28.85
180307_16930_42062;1;;1281;759;768;85;674;59.25;11.20
180307_16931_42062;2;;590;362;362;37;325;61.36;10.22
180307_16932_42062;3;;1184;617;617;103;514;52.11;16.69
180307_16933_42062;4;;575;281;281;50;231;48.87;17.79
180307_16934_42062;5;;309;147;147;18;129;47.57;12.24
180307_16935_42062;6;;1266;705;705;101;604;55.69;14.33
180307_16936_42062;7;;500;301;301;61;240;60.20;20.27
180307_16937_42062;8;;683;354;354;48;306;51.83;13.56
180307_16938_42062;9;;758;491;491;53;438;64.78;10.79
180307_16939_42062;10;;845;526;526;91;435;62.25;17.30
180307_16940_42062;11;;1645;805;805;121;684;48.94;15.03
180307_16941_42062;12;;493;300;300;54;246;60.85;18.00
180307_16942_42062;13;;757;382;382;41;341;50.46;10.73
180401_16943_42064;1;;1486;548;548;102;446;36.88;18.61
180401_16944_42064;2;;1481;676;676;79;597;45.64;11.69
180401_16945_42064;3;;1424;659;659;73;586;46.28;11.08
180401_16946_42064;4;;1349;689;689;94;595;51.07;13.64
180401_16947_42064;5;;1610;657;657;73;584;40.81;11.11
180401_16948_42064;6;;1601;670;670;70;600;41.85;10.45
180401_16949_42064;7;;1584;744;744;73;671;46.97;9.81
180401_16950_42064;8;;1658;728;728;92;636;43.91;12.64
180401_16951_42064;9;;1264;576;576;67;509;45.57;11.63
180401_16952_42064;10;;1356;640;640;78;562;47.20;12.19
180401_16953_42064;11;;1089;401;401;42;359;36.82;10.47
180401_16954_42064;12;;1488;790;790;69;721;53.09;8.73
180401_16955_42064;13;;1539;833;833;69;764;54.13;8.28
180401_16956_42064;14;;1609;687;688;77;610;42.70;11.21
180401_16957_42064;15;;1637;746;746;82;664;45.57;10.99
180401_16958_42064;16;;1675;733;733;69;664;43.76;9.41
180401_16959_42064;17;;1667;855;855;99;756;51.29;11.58
180401_16960_42064;18;;1541;717;717;90;627;46.53;12.55
180401_16961_42064;19;;1643;803;803;92;711;48.87;11.46
180401_16962_42064;20;;1385;667;667;84;583;48.16;12.59
180401_16963_42064;21;;1459;790;790;95;695;54.15;12.03
180401_30085_42064;22;;173;31;31;2;29;17.92;6.45
180401_30086_42064;23;;387;67;67;14;53;17.31;20.90
180401_30087_42064;24;;33;10;10;3;7;30.30;30.00
180402_16964_42064;1;;1518;848;848;114;734;55.86;13.44
180402_16965_42064;2;;870;467;467;70;397;53.68;14.99
180402_16966_42064;3;;2170;1199;1199;195;1004;55.25;16.26
180403_16967_42064;1;;790;510;511;106;404;64.56;20.78
180403_16968_42064;2;;1239;643;643;148;495;51.90;23.02
180403_16969_42064;3;;716;368;368;76;292;51.40;20.65
180403_16970_42064;4;;751;421;421;88;333;56.06;20.90
180403_16971_42064;5;;641;387;387;67;320;60.37;17.31
180403_16972_42064;6;;471;212;212;46;166;45.01;21.70
180404_16973_42064;1;;482;319;319;71;248;66.18;22.26
180404_16974_42064;2;;510;199;199;49;150;39.02;24.62
180404_16975_42064;3;;981;396;396;90;306;40.37;22.73
180404_16976_42064;4;;866;446;446;91;355;51.50;20.40
180404_16977_42064;5;;1716;804;804;111;693;46.85;13.81
180404_16978_42064;6;;1504;688;688;116;572;45.74;16.86
180404_16979_42064;7;;538;246;246;40;206;45.72;16.26
180404_16980_42064;8;;822;315;315;69;246;38.32;21.90
180404_16981_42064;9;;1343;674;674;96;578;50.19;14.24
180404_16982_42064;10;;598;298;298;53;245;49.83;17.79
180404_16983_42064;11;;1121;570;570;140;430;50.85;24.56
180405_16984_42064;1;;492;274;274;59;215;55.69;21.53
180405_16985_42064;2;;277;171;171;18;153;61.73;10.53
180405_16986_42064;3;;508;319;319;49;270;62.80;15.36
180405_16987_42064;4;;747;548;548;60;488;73.36;10.95
180405_16988_42064;5;;746;496;496;77;419;66.49;15.52
180405_16989_42064;6;;640;411;411;54;357;64.22;13.14
180405_16990_42064;7;;417;298;298;40;258;71.46;13.42
180405_16991_42064;8;;272;165;165;28;137;60.66;16.97
180405_16992_42064;9;;631;393;394;67;326;62.28;17.05
180405_16993_42064;10;;359;197;197;50;147;54.87;25.38
180405_16994_42064;11;;452;233;233;72;161;51.55;30.90
180405_30088_42064;12;;65;34;34;15;19;52.31;44.12
180406_16995_42064;1;;1524;915;915;175;740;60.04;19.13
180406_16996_42064;2;;1130;651;651;84;567;57.61;12.90
180406_16997_42064;3;;547;269;269;48;221;49.18;17.84
180406_16998_42064;4;;468;308;310;43;265;65.81;13.96
180406_16999_42064;5;;257;163;163;35;128;63.42;21.47
180406_17000_42064;6;;490;260;260;47;213;53.06;18.08
180406_17001_42064;7;;736;435;435;74;361;59.10;17.01
180406_17002_42064;8;;236;155;155;39;116;65.68;25.16
180406_17003_42064;9;;1070;588;588;144;444;54.95;24.49
180406_17004_42064;10;;398;244;244;39;205;61.31;15.98
180407_17005_42064;1;;377;199;199;33;166;52.79;16.58
180407_17006_42064;2;;1114;737;737;114;623;66.16;15.47
180407_17007_42064;3;;1305;720;720;136;584;55.17;18.89
180407_17008_42064;4;;2419;1485;1485;309;1176;61.39;20.81
180407_17009_42064;5;;600;372;372;74;298;62.00;19.89
180407_17010_42064;6;;630;351;351;59;292;55.71;16.81
180407_17011_42064;7;;395;234;234;33;201;59.24;14.10
180407_17012_42064;8;;313;229;229;43;186;73.16;18.78
180407_17013_42064;9;;304;184;184;30;154;60.53;16.30
180407_17014_42064;10;;342;204;204;24;180;59.65;11.76
180408_17015_42064;1;;708;427;427;135;292;60.31;31.62
180408_17016_42064;2;;374;264;264;69;195;70.59;26.14
180408_17017_42064;3;;786;516;516;145;371;65.65;28.10
180408_17018_42064;4;;348;208;208;52;156;59.77;25.00
180408_17019_42064;5;;483;354;354;85;269;73.29;24.01
180408_17020_42064;6;;709;420;420;83;337;59.24;19.76
180408_17021_42064;7;;654;369;369;118;251;56.42;31.98
180408_17022_42064;8;;1304;852;852;122;730;65.34;14.32
180408_17023_42064;9;;1207;721;721;109;612;59.73;15.12
180408_17024_42064;10;;1048;536;536;138;398;51.15;25.75
180408_17025_42064;11;;817;545;545;69;476;66.71;12.66
180408_17026_42064;12;;482;323;323;58;265;67.01;17.96
180408_17027_42064;13;;75;24;24;11;13;32.00;45.83
180408_30089_42064;14;;54;30;30;15;15;55.56;50.00
180409_17028_42064;1;;560;320;320;112;208;57.14;35.00
180409_17029_42064;2;;1227;737;737;159;578;60.07;21.57
180409_17030_42064;3;;391;219;219;63;156;56.01;28.77
180409_17031_42064;4;;568;360;360;123;237;63.38;34.17
180409_17032_42064;5;;819;479;479;130;349;58.49;27.14
180410_17033_42064;1;;771;505;505;103;402;65.50;20.40
180410_17034_42064;2;;945;517;517;156;361;54.71;30.17
180410_17035_42064;3;;421;231;231;45;186;54.87;19.48
180410_17036_42064;4;;550;294;294;52;242;53.45;17.69
180410_17037_42064;5;;596;329;329;60;269;55.20;18.24
180410_17038_42064;6;;640;407;407;80;327;63.59;19.66
180410_17039_42064;7;;656;347;347;72;275;52.90;20.75
180410_17040_42064;8;;448;275;275;63;212;61.38;22.91
180411_17041_42064;1;;1521;1091;1091;194;897;71.73;17.78
180411_17042_42064;2;;589;344;344;70;274;58.40;20.35
180411_17043_42064;3;;332;213;213;26;187;64.16;12.21
180411_17044_42064;4;;424;293;293;37;256;69.10;12.63
180411_17045_42064;5;;465;312;312;24;288;67.10;7.69
180411_17046_42064;6;;1232;723;723;116;607;58.69;16.04
180411_17047_42064;7;;621;376;376;59;317;60.55;15.69
180411_17048_42064;8;;932;619;619;90;529;66.42;14.54
180411_17049_42064;9;;2032;1344;1344;233;1111;66.14;17.34
180411_17050_42064;10;;668;371;371;57;314;55.54;15.36
180411_17051_42064;11;;320;234;234;52;182;73.12;22.22
180501_17052_42065;1;;1398;648;648;59;589;46.35;9.10
180501_17053_42065;2;;1268;570;570;68;502;44.95;11.93
180501_17054_42065;3;;1431;647;648;58;589;45.21;8.96
180501_17055_42065;4;;1667;813;813;72;741;48.77;8.86
180501_17056_42065;5;;1664;755;755;102;653;45.37;13.51
180501_17057_42065;6;;1681;749;751;98;651;44.56;13.08
180501_17058_42065;7;;1536;606;606;83;523;39.45;13.70
180501_17059_42065;8;;646;391;391;35;356;60.53;8.95
180501_17060_42065;9;;544;293;293;49;244;53.86;16.72
180501_17061_42065;10;;1201;465;465;81;384;38.72;17.42
180501_17062_42065;11;;572;293;293;46;247;51.22;15.70
180501_17063_42065;12;;520;238;238;17;221;45.77;7.14
180501_17064_42065;13;;2119;1018;1018;88;930;48.04;8.64
180501_17065_42065;14;;822;470;470;58;412;57.18;12.34
180501_17066_42065;15;;862;405;405;39;366;46.98;9.63
180501_17067_42065;16;;827;393;393;34;359;47.52;8.65
180501_17068_42065;17;;1540;766;766;77;689;49.74;10.05
180501_17069_42065;18;;1464;800;800;75;725;54.64;9.38
180501_17070_42065;19;;1364;641;641;59;582;46.99;9.20
180501_17071_42065;20;;656;267;267;44;223;40.70;16.48
180501_17072_42065;21;;697;331;331;32;299;47.49;9.67
180501_17073_42065;22;;1336;547;547;77;470;40.94;14.08
180501_17074_42065;23;;928;413;413;58;355;44.50;14.04
180501_17075_42065;24;;1010;382;382;57;325;37.82;14.92
180501_17076_42065;25;;866;378;378;45;333;43.65;11.90
180501_17077_42065;26;;1083;455;455;55;400;42.01;12.09
180501_17078_42065;27;;450;240;240;28;212;53.33;11.67
180501_30090_42065;28;;245;25;25;6;19;10.20;24.00
180502_17079_42065;1;;631;369;369;87;282;58.48;23.58
180502_17080_42065;2;;612;300;300;72;228;49.02;24.00
180502_17081_42065;3;;968;602;602;154;448;62.19;25.58
180502_17082_42065;4;;1096;587;588;132;455;53.56;22.49
180502_17083_42065;5;;381;214;214;43;171;56.17;20.09
180502_17084_42065;6;;524;322;322;56;266;61.45;17.39
180502_17085_42065;7;;944;563;563;65;498;59.64;11.55
180503_17086_42065;1;;1447;897;897;111;786;61.99;12.37
180503_17087_42065;2;;478;289;289;39;250;60.46;13.49
180503_17088_42065;3;;542;292;292;66;226;53.87;22.60
180503_17089_42065;4;;1704;880;880;143;737;51.64;16.25
180503_17090_42065;5;;415;188;188;37;151;45.30;19.68
180503_17091_42065;6;;863;482;482;85;397;55.85;17.63
180503_17092_42065;7;;548;287;287;31;256;52.37;10.80
180503_17093_42065;8;;398;222;222;29;193;55.78;13.06
180503_17094_42065;9;;363;202;202;44;158;55.65;21.78
180503_30091_42065;10;;132;98;98;35;63;74.24;35.71
180504_17095_42065;1;;409;216;216;20;196;52.81;9.26
180504_17096_42065;2;;245;147;147;26;121;60.00;17.69
180504_17097_42065;3;;753;428;428;81;347;56.84;18.93
180504_17098_42065;4;;646;364;364;37;327;56.35;10.16
180504_17099_42065;5;;321;182;182;39;143;56.70;21.43
180504_17100_42065;6;;450;285;285;40;245;63.33;14.04
180504_17101_42065;7;;460;248;248;48;200;53.91;19.35
180504_17102_42065;8;;259;136;136;29;107;52.51;21.32
180504_17103_42065;9;;820;451;451;67;384;55.00;14.86
180504_17104_42065;10;;663;368;368;94;274;55.51;25.54
180504_17105_42065;11;;806;384;384;55;329;47.64;14.32
180504_17106_42065;12;;600;294;294;49;245;49.00;16.67
180504_17107_42065;13;;776;327;327;39;288;42.14;11.93
180504_17108_42065;14;;296;154;154;24;130;52.03;15.58
180504_17109_42065;15;;911;483;483;72;411;53.02;14.91
180504_17110_42065;16;;932;397;397;78;319;42.60;19.65
180504_17111_42065;17;;992;470;470;66;404;47.38;14.04
180504_17112_42065;18;;905;443;443;65;378;48.95;14.67
180504_17113_42065;19;;1015;518;518;107;411;51.03;20.66
180504_17114_42065;20;;632;328;328;69;259;51.90;21.04
180504_17115_42065;21;;474;251;251;37;214;52.95;14.74
180504_30092_42065;22;;111;18;18;3;15;16.22;16.67
180505_17116_42065;1;;1164;686;686;97;589;58.93;14.14
180505_17117_42065;2;;327;148;148;17;131;45.26;11.49
180505_17118_42065;3;;1144;563;563;116;447;49.21;20.60
180505_17119_42065;4;;1097;494;494;113;381;45.03;22.87
180505_17120_42065;5;;492;317;318;55;262;64.43;17.35
180505_17121_42065;6;;836;453;453;77;376;54.19;17.00
180505_17122_42065;7;;752;355;355;88;267;47.21;24.79
180505_17123_42065;8;;1365;787;787;106;681;57.66;13.47
180506_17124_42065;1;;228;119;119;39;80;52.19;32.77
180506_17125_42065;2;;684;377;377;94;283;55.12;24.93
180506_17126_42065;3;;203;116;116;28;88;57.14;24.14
180506_17127_42065;4;;207;124;124;47;77;59.90;37.90
180506_17128_42065;5;;277;109;109;28;81;39.35;25.69
180507_17129_42065;1;;1183;747;747;79;668;63.14;10.58
180507_17130_42065;2;;579;374;374;60;314;64.59;16.04
180507_17131_42065;3;;540;331;331;46;285;61.30;13.90
180507_17132_42065;4;;814;442;442;51;391;54.30;11.54
180507_17133_42065;5;;1017;593;593;88;505;58.31;14.84
180507_17134_42065;6;;537;292;292;33;259;54.38;11.30
180507_17135_42065;7;;742;437;437;77;360;58.89;17.62
180507_17136_42065;8;;426;222;222;36;186;52.11;16.22
180507_17137_42065;9;;582;386;386;56;330;66.32;14.51
180507_17138_42065;10;;543;319;319;39;280;58.75;12.23
180507_17139_42065;11;;361;220;220;30;190;60.94;13.64
180507_17140_42065;12;;314;181;181;22;159;57.64;12.15
180508_17141_42065;1;;1073;559;559;111;448;52.10;19.86
180508_17142_42065;2;;1469;784;784;120;664;53.37;15.31
180508_17143_42065;3;;538;274;274;48;226;50.93;17.52
180508_17144_42065;4;;605;369;369;72;297;60.99;19.51
180508_17145_42065;5;;642;329;329;38;291;51.25;11.55
180509_17146_42065;1;;1619;868;868;154;714;53.61;17.74
180509_17147_42065;2;;603;329;329;54;275;54.56;16.41
180509_17148_42065;3;;1039;407;407;64;343;39.17;15.72
180509_17149_42065;4;;1305;718;718;120;598;55.02;16.71
180509_17150_42065;5;;1313;635;635;117;518;48.36;18.43
180509_17151_42065;6;;1762;850;850;134;716;48.24;15.76
180509_17152_42065;7;;382;213;213;16;197;55.76;7.51
180509_17153_42065;8;;719;311;311;61;250;43.25;19.61
180509_17154_42065;9;;392;219;219;27;192;55.87;12.33
180509_17155_42065;10;;366;205;205;30;175;56.01;14.63
180509_17156_42065;11;;456;207;207;30;177;45.39;14.49
180509_17157_42065;12;;220;111;111;22;89;50.45;19.82
180511_17158_42065;1;;1077;611;611;117;494;56.73;19.15
180511_17159_42065;2;;1069;623;624;113;510;58.28;18.14
180511_17160_42065;3;;479;279;279;46;233;58.25;16.49
180511_17161_42065;4;;871;399;399;78;321;45.81;19.55
180511_17162_42065;5;;1045;485;485;102;383;46.41;21.03
180511_17163_42065;6;;834;443;443;63;380;53.12;14.22
180511_17164_42065;7;;535;255;255;59;196;47.66;23.14
180511_17165_42065;8;;470;232;232;47;185;49.36;20.26
180511_17166_42065;9;;542;348;348;50;298;64.21;14.37
180511_17167_42065;10;;624;338;338;72;266;54.17;21.30
180601_17168_42063;1;;910;402;402;70;332;44.18;17.41
180601_17169_42063;2;;1391;678;678;111;567;48.74;16.37
180601_17170_42063;3;;1101;568;568;87;481;51.59;15.32
180601_17171_42063;4;;811;381;381;76;305;46.98;19.95
180601_17172_42063;5;;501;278;278;61;217;55.49;21.94
180601_17173_42063;6;;368;189;189;24;165;51.36;12.70
180601_17174_42063;7;;627;274;274;47;227;43.70;17.15
180601_17175_42063;8;;664;223;223;51;172;33.58;22.87
180601_30093_42063;9;;37;29;29;16;13;78.38;55.17
180602_17176_42063;1;;912;425;425;54;371;46.60;12.71
180602_17177_42063;2;;1512;712;712;75;637;47.09;10.53
180602_17178_42063;3;;1594;795;795;83;712;49.87;10.44
180602_17179_42063;4;;961;473;473;79;394;49.22;16.70
180602_17180_42063;5;;1182;552;552;114;438;46.70;20.65
180602_17181_42063;6;;1410;605;605;72;533;42.91;11.90
180602_17182_42063;7;;907;433;433;45;388;47.74;10.39
180602_17183_42063;8;;853;437;437;65;372;51.23;14.87
180602_17184_42063;9;;703;431;431;72;359;61.31;16.71
180602_17185_42063;10;;1212;711;711;97;614;58.66;13.64
180602_17186_42063;11;;1271;626;627;75;551;49.25;11.98
180602_17187_42063;12;;1006;442;442;47;395;43.94;10.63
180602_17188_42063;13;;300;173;173;26;147;57.67;15.03
180602_17189_42063;14;;241;133;133;21;112;55.19;15.79
180602_17190_42063;15;;168;49;49;15;34;29.17;30.61
180602_17191_42063;16;;215;123;123;28;95;57.21;22.76
180602_17192_42063;17;;461;221;221;35;186;47.94;15.84
180602_17193_42063;18;;992;399;399;42;357;40.22;10.53
180602_17194_42063;19;;919;340;340;32;308;37.00;9.41
180602_17195_42063;20;;1246;523;523;85;438;41.97;16.25
180602_17196_42063;21;;799;366;366;73;293;45.81;19.95
180602_17197_42063;22;;735;378;378;85;293;51.43;22.49
180602_17198_42063;23;;580;284;284;62;222;48.97;21.83
180602_30094_42063;24;;165;37;37;12;25;22.42;32.43
180603_17199_42063;1;;2211;1002;1002;177;825;45.32;17.66
180603_17200_42063;2;;1137;470;470;79;391;41.34;16.81
180603_17201_42063;3;;587;246;246;28;218;41.91;11.38
180603_17202_42063;4;;188;118;118;12;106;62.77;10.17
180603_17203_42063;5;;757;335;335;58;277;44.25;17.31
180603_17204_42063;6;;756;336;336;40;296;44.44;11.90
180603_17205_42063;7;;1178;500;500;75;425;42.44;15.00
180603_17206_42063;8;;1154;531;531;59;472;46.01;11.11
180604_17207_42063;1;;1236;642;642;111;531;51.94;17.29
180604_17208_42063;2;;358;185;185;32;153;51.68;17.30
180604_17209_42063;3;;581;291;291;48;243;50.09;16.49
180604_17210_42063;4;;643;284;284;40;244;44.17;14.08
180604_17211_42063;5;;568;279;279;45;234;49.12;16.13
180604_17212_42063;6;;537;295;295;42;253;54.93;14.24
180604_17213_42063;7;;353;229;229;43;186;64.87;18.78
180604_17214_42063;8;;224;145;145;15;130;64.73;10.34
180604_17215_42063;9;;248;112;112;18;94;45.16;16.07
180605_17216_42063;1;;1821;1098;1098;246;852;60.30;22.40
180605_17217_42063;2;;1529;774;774;151;623;50.62;19.51
180605_17218_42063;3;;668;364;364;82;282;54.49;22.53
180605_17219_42063;4;;505;279;279;55;224;55.25;19.71
180605_17220_42063;5;;483;255;255;46;209;52.80;18.04
180605_17221_42063;6;;238;116;116;30;86;48.74;25.86
180605_17222_42063;7;;219;120;120;33;87;54.79;27.50
180605_17223_42063;8;;259;120;120;24;96;46.33;20.00
180606_17224_42063;1;;1456;704;704;108;596;48.35;15.34
180606_17225_42063;2;;528;199;199;23;176;37.69;11.56
180606_17226_42063;3;;639;313;313;59;254;48.98;18.85
180606_17227_42063;4;;586;254;254;42;212;43.34;16.54
180606_17228_42063;5;;1035;420;420;94;326;40.58;22.38
180606_17229_42063;6;;1008;417;417;58;359;41.37;13.91
180701_17230_42065;1;;667;285;285;29;256;42.73;10.18
180701_17231_42065;2;;678;314;314;62;252;46.31;19.75
180701_17232_42065;3;;436;259;259;58;201;59.40;22.39
180701_17233_42065;4;;627;314;314;48;266;50.08;15.29
180701_17234_42065;5;;828;510;510;101;409;61.59;19.80
180701_17235_42065;6;;1047;494;494;88;406;47.18;17.81
180701_17236_42065;7;;419;203;203;46;157;48.45;22.66
180701_17237_42065;8;;224;125;125;20;105;55.80;16.00
180701_17238_42065;9;;246;128;128;36;92;52.03;28.12
180701_17239_42065;10;;298;164;164;32;132;55.03;19.51
180701_17240_42065;11;;1693;776;776;115;661;45.84;14.82
180701_17241_42065;12;;996;515;515;73;442;51.71;14.17
180701_17242_42065;13;;1730;913;913;109;804;52.77;11.94
180701_17243_42065;14;;837;399;399;76;323;47.67;19.05
180702_17244_42065;1;;1038;545;545;103;442;52.50;18.90
180702_17245_42065;2;;908;494;494;76;418;54.41;15.38
180702_17246_42065;3;;816;428;428;70;358;52.45;16.36
180702_17247_42065;4;;852;463;463;107;356;54.34;23.11
180702_17248_42065;5;;696;272;272;49;223;39.08;18.01
180702_17249_42065;6;;636;298;298;66;232;46.86;22.15
180702_17250_42065;7;;638;324;324;47;277;50.78;14.51
180702_17251_42065;8;;706;412;412;74;338;58.36;17.96
180702_17252_42065;9;;694;348;348;76;272;50.14;21.84
180702_17253_42065;10;;808;376;376;70;306;46.53;18.62
180702_17254_42065;11;;696;322;322;62;260;46.26;19.25
180702_17255_42065;12;;1082;572;572;113;459;52.87;19.76
180702_17256_42065;13;;967;486;486;103;383;50.26;21.19
180702_17257_42065;14;;509;317;317;90;227;62.28;28.39
180702_17258_42065;15;;869;440;440;71;369;50.63;16.14
180703_17259_42065;1;;1558;823;823;168;655;52.82;20.41
180703_17260_42065;2;;1770;860;861;139;721;48.59;16.16
180703_17261_42065;3;;1603;822;822;116;706;51.28;14.11
180703_17262_42065;4;;902;475;475;72;403;52.66;15.16
180703_17263_42065;5;;1364;682;682;106;576;50.00;15.54
180703_17264_42065;6;;1387;710;710;164;546;51.19;23.10
180703_30095_42065;7;;28;18;18;2;16;64.29;11.11
180703_30096_42065;8;;33;22;22;12;10;66.67;54.55
180704_17265_42065;1;;1089;577;577;58;519;52.98;10.05
180704_17266_42065;2;;868;513;513;66;447;59.10;12.87
180704_17267_42065;3;;1073;588;591;106;482;54.80;18.03
180704_17268_42065;4;;716;419;419;140;279;58.52;33.41
180704_17269_42065;5;;510;266;266;65;201;52.16;24.44
180704_17270_42065;6;;489;328;328;62;266;67.08;18.90
180704_17271_42065;7;;919;470;470;71;399;51.14;15.11
180704_17272_42065;8;;554;295;295;78;217;53.25;26.44
180704_17273_42065;9;;1206;573;573;84;489;47.51;14.66
180704_17274_42065;10;;1144;596;596;107;489;52.10;17.95
180704_17275_42065;11;;1056;487;487;95;392;46.12;19.51
180704_17276_42065;12;;654;374;374;68;306;57.19;18.18
180704_17277_42065;13;;692;329;329;46;283;47.54;13.98
180704_17278_42065;14;;716;332;332;62;270;46.37;18.67
180704_17279_42065;15;;895;457;457;73;384;51.06;15.97
180705_17280_42065;1;;1906;945;945;222;723;49.58;23.49
180705_17281_42065;2;;1782;844;844;141;703;47.36;16.71
180705_17282_42065;3;;975;380;380;63;317;38.97;16.58
180705_17283_42065;4;;290;165;165;38;127;56.90;23.03
180705_17284_42065;5;;296;201;201;58;143;67.91;28.86
180705_17285_42065;6;;982;479;479;52;427;48.78;10.86
180705_17286_42065;7;;1170;535;535;88;447;45.73;16.45
180705_17287_42065;8;;594;229;229;59;170;38.55;25.76
180705_17288_42065;9;;671;248;248;64;184;36.96;25.81
180705_17289_42065;10;;328;195;195;37;158;59.45;18.97
180706_17290_42065;1;;1144;573;573;91;482;50.09;15.88
180706_17291_42065;2;;1219;576;576;59;517;47.25;10.24
180706_17292_42065;3;;1146;589;589;61;528;51.40;10.36
180706_17293_42065;4;;882;547;547;74;473;62.02;13.53
180707_17294_42065;1;;1909;1031;1032;174;857;54.01;16.88
180707_17295_42065;2;;1448;719;719;95;624;49.65;13.21
180707_17296_42065;3;;1717;895;895;133;762;52.13;14.86
180707_17297_42065;4;;259;152;152;27;125;58.69;17.76
180707_17298_42065;5;;1991;920;920;163;757;46.21;17.72
180707_17299_42065;6;;1847;976;976;131;845;52.84;13.42
180707_17300_42065;7;;564;324;324;67;257;57.45;20.68
180707_17301_42065;8;;983;511;511;91;420;51.98;17.81
180707_17302_42065;9;;374;209;209;54;155;55.88;25.84
180708_17303_42065;1;;2130;1096;1096;161;935;51.46;14.69
180708_17304_42065;2;;907;542;543;68;474;59.76;12.55
180708_17305_42065;3;;1520;769;769;124;645;50.59;16.12
180708_17306_42065;4;;800;408;408;95;313;51.00;23.28
180708_17307_42065;5;;473;199;199;35;164;42.07;17.59
180708_17308_42065;6;;902;408;408;106;302;45.23;25.98
180708_17309_42065;7;;1176;679;679;111;568;57.74;16.35
180708_17310_42065;8;;1016;524;524;114;410;51.57;21.76
180708_17311_42065;9;;830;388;388;63;325;46.75;16.24
180708_17312_42065;10;;721;357;357;92;265;49.51;25.77
180708_17313_42065;11;;1306;701;701;127;574;53.68;18.12
180708_17314_42065;12;;395;227;227;46;181;57.47;20.26
180708_17315_42065;13;;630;302;302;74;228;47.94;24.50
180709_17316_42065;1;;2027;972;972;159;813;47.95;16.36
180709_17317_42065;2;;517;273;273;65;208;52.80;23.81
180709_17318_42065;3;;558;265;265;73;192;47.49;27.55
180709_17319_42065;4;;871;414;414;133;281;47.53;32.13
180709_17320_42065;5;;974;520;520;165;355;53.39;31.73
180709_17321_42065;6;;664;307;307;68;239;46.23;22.15
180709_17322_42065;7;;544;247;247;58;189;45.40;23.48
180709_17323_42065;8;;244;144;144;22;122;59.02;15.28
180709_17324_42065;9;;262;118;118;28;90;45.04;23.73
180709_17325_42065;10;;369;174;174;43;131;47.15;24.71
180709_17326_42065;11;;425;205;205;18;187;48.24;8.78
180710_17327_42065;1;;1605;1038;1038;175;863;64.67;16.86
180801_17328_42061;1;;1554;831;831;116;715;53.47;13.96
180801_17329_42061;2;;1583;720;720;109;611;45.48;15.14
180801_17330_42061;3;;1532;663;663;69;594;43.28;10.41
180801_17331_42061;4;;1483;640;640;70;570;43.16;10.94
180801_17332_42061;5;;1462;652;652;81;571;44.60;12.42
180801_17333_42061;6;;1669;766;767;81;685;45.90;10.57
180801_17334_42061;7;;1639;738;738;123;615;45.03;16.67
180801_17335_42061;8;;895;467;467;47;420;52.18;10.06
180801_30791_42061;9;;194;33;33;4;29;17.01;12.12
180802_17336_42061;1;;1360;813;813;112;701;59.78;13.78
180802_17337_42061;2;;634;321;321;38;283;50.63;11.84
180802_17338_42061;3;;740;417;417;78;339;56.35;18.71
180802_17339_42061;4;;979;478;478;60;418;48.83;12.55
180802_17340_42061;5;;630;318;318;36;282;50.48;11.32
180802_17341_42061;6;;1559;866;866;127;739;55.55;14.67
180802_17342_42061;7;;693;415;415;102;313;59.88;24.58
180803_17343_42061;1;;1874;944;944;133;811;50.37;14.09
180803_17344_42061;2;;1240;648;648;65;583;52.26;10.03
180803_17345_42061;3;;220;142;142;18;124;64.55;12.68
180803_17346_42061;4;;520;271;271;70;201;52.12;25.83
180803_17347_42061;5;;456;201;201;37;164;44.08;18.41
180803_17348_42061;6;;347;160;160;43;117;46.11;26.88
180804_17349_42061;1;;1368;692;692;122;570;50.58;17.63
180804_17350_42061;2;;1330;680;680;123;557;51.13;18.09
180804_17351_42061;3;;1126;564;564;90;474;50.09;15.96
180804_17352_42061;4;;1671;876;876;108;768;52.42;12.33
180804_17353_42061;5;;1634;906;906;83;823;55.45;9.16
180804_17354_42061;6;;1466;814;814;141;673;55.53;17.32
180804_17355_42061;7;;1229;700;700;100;600;56.96;14.29
180804_17356_42061;8;;623;357;357;78;279;57.30;21.85
180804_17357_42061;9;;256;137;137;19;118;53.52;13.87
180804_17358_42061;10;;760;354;354;97;257;46.58;27.40
180804_17359_42061;11;;1340;620;620;112;508;46.27;18.06
180804_17360_42061;12;;740;386;386;64;322;52.16;16.58
180804_17361_42061;13;;1255;554;554;139;415;44.14;25.09
180804_17362_42061;14;;1086;528;528;29;499;48.62;5.49
180804_30097_42061;15;;58;33;33;1;32;56.90;3.03
180805_17363_42061;1;;1730;787;787;116;671;45.49;14.74
180805_17364_42061;2;;1663;800;800;125;675;48.11;15.62
180805_17365_42061;3;;873;428;428;74;354;49.03;17.29
180805_17366_42061;4;;680;363;363;44;319;53.38;12.12
180805_17367_42061;5;;1636;788;788;98;690;48.17;12.44
180805_17368_42061;6;;1497;708;708;76;632;47.29;10.73
180805_17369_42061;7;;686;383;383;49;334;55.83;12.79
180805_17370_42061;8;;532;315;315;57;258;59.21;18.10
180805_17371_42061;9;;1327;621;621;84;537;46.80;13.53
180805_17372_42061;10;;317;178;178;27;151;56.15;15.17
180805_17373_42061;11;;1369;716;716;55;661;52.30;7.68
180805_17374_42061;12;;1603;890;890;63;827;55.52;7.08
180805_17375_42061;13;;470;275;275;24;251;58.51;8.73
180805_17376_42061;14;;1111;617;617;42;575;55.54;6.81
180805_17377_42061;15;;630;379;379;23;356;60.16;6.07
180805_17378_42061;16;;448;258;258;23;235;57.59;8.91
180805_17379_42061;17;;684;343;343;41;302;50.15;11.95
180901_17380_42064;1;;1639;745;745;90;655;45.45;12.08
180901_17381_42064;2;;1595;835;835;102;733;52.35;12.22
180901_17382_42064;3;;2264;1150;1150;108;1042;50.80;9.39
180901_17383_42064;4;;1845;922;922;114;808;49.97;12.36
180901_17384_42064;5;;1764;817;817;70;747;46.32;8.57
180901_17385_42064;6;;1193;664;664;80;584;55.66;12.05
180901_30098_42064;7;;133;17;17;3;14;12.78;17.65
180902_17386_42064;1;;406;247;247;37;210;60.84;14.98
180902_17387_42064;2;;1234;658;658;116;542;53.32;17.63
180902_17388_42064;3;;869;491;491;97;394;56.50;19.76
180902_17389_42064;4;;1147;679;679;107;572;59.20;15.76
180902_17390_42064;5;;443;258;258;38;220;58.24;14.73
180902_17391_42064;6;;647;353;353;52;301;54.56;14.73
180902_17392_42064;7;;578;384;384;39;345;66.44;10.16
180902_17393_42064;8;;836;486;486;85;401;58.13;17.49
180903_17394_42064;1;;923;589;589;98;491;63.81;16.64
180903_17395_42064;2;;1000;606;606;84;522;60.60;13.86
180903_17396_42064;3;;673;353;353;84;269;52.45;23.80
180903_17397_42064;4;;490;241;241;33;208;49.18;13.69
180903_17398_42064;5;;279;163;163;22;141;58.42;13.50
180903_17399_42064;6;;743;390;390;48;342;52.49;12.31
180903_30099_42064;7;;70;59;59;23;36;84.29;38.98
180904_17400_42064;1;;1459;804;804;132;672;55.11;16.42
180904_17401_42064;2;;433;226;226;57;169;52.19;25.22
180904_17402_42064;3;;1217;702;702;132;570;57.68;18.80
180904_17403_42064;4;;996;577;577;101;476;57.93;17.50
180904_17404_42064;5;;1534;1012;1012;259;753;65.97;25.59
180904_17405_42064;6;;1117;729;729;136;593;65.26;18.66
180904_17406_42064;7;;727;451;451;80;371;62.04;17.74
180905_17407_42064;1;;1753;722;722;172;550;41.19;23.82
180905_17408_42064;2;;1329;508;508;100;408;38.22;19.69
180905_17409_42064;3;;954;466;466;94;372;48.85;20.17
180905_17410_42064;4;;344;173;173;25;148;50.29;14.45
180905_17411_42064;5;;841;534;534;74;460;63.50;13.86
180905_17412_42064;6;;392;149;149;30;119;38.01;20.13
180905_17413_42064;7;;317;165;165;12;153;52.05;7.27
180905_17414_42064;8;;677;258;259;45;213;38.11;17.44
180905_30100_42064;9;;143;106;106;13;93;74.13;12.26
180906_17415_42064;1;;447;261;261;28;233;58.39;10.73
180906_17416_42064;2;;314;130;130;18;112;41.40;13.85
180906_17417_42064;3;;1330;746;746;168;578;56.09;22.52
180906_17418_42064;4;;1232;691;691;138;553;56.09;19.97
180906_17419_42064;5;;814;450;450;56;394;55.28;12.44
180906_17420_42064;6;;530;295;295;54;241;55.66;18.31
180906_17421_42064;7;;522;296;296;55;241;56.70;18.58
180906_17422_42064;8;;192;123;123;21;102;64.06;17.07
180907_17423_42064;1;;1049;602;602;153;449;57.39;25.42
180907_17424_42064;2;;740;517;517;143;374;69.86;27.66
180907_17425_42064;3;;516;345;345;103;242;66.86;29.86
180907_17426_42064;4;;414;303;303;78;225;73.19;25.74
180907_17427_42064;5;;445;238;238;70;168;53.48;29.41
180907_17428_42064;6;;534;357;357;97;260;66.85;27.17
180908_17429_42064;1;;293;114;114;14;100;38.91;12.28
180908_17430_42064;2;;716;393;393;73;320;54.89;18.58
180908_17431_42064;3;;557;315;315;33;282;56.55;10.48
180908_17432_42064;4;;355;230;230;46;184;64.79;20.00
180908_17433_42064;5;;732;408;408;69;339;55.74;16.91
180908_17434_42064;6;;257;151;151;19;132;58.75;12.58
180908_17435_42064;7;;198;122;122;33;89;61.62;27.05
181001_17436_42061;1;;1808;859;861;105;754;47.51;12.22
181001_17437_42061;2;;1040;520;520;52;468;50.00;10.00
181001_17438_42061;3;;1061;586;586;52;534;55.23;8.87
181001_17439_42061;4;;1025;557;557;58;499;54.34;10.41
181001_17440_42061;5;;1114;465;465;67;398;41.74;14.41
181001_17441_42061;6;;1155;635;635;71;564;54.98;11.18
181001_17442_42061;7;;1104;575;575;39;536;52.08;6.78
181001_17443_42061;8;;1749;800;800;96;704;45.74;12.00
181001_17444_42061;9;;1026;556;556;53;503;54.19;9.53
181001_17445_42061;10;;973;536;536;83;453;55.09;15.49
181001_17446_42061;11;;933;428;428;69;359;45.87;16.12
181001_17447_42061;12;;1579;748;748;123;625;47.37;16.44
181001_30792_42061;13;;152;10;10;3;7;6.58;30.00
181001_30793_42061;14;;73;30;30;3;27;41.10;10.00
181002_17448_42061;1;;1948;914;914;147;767;46.92;16.08
181002_17449_42061;2;;1553;576;576;131;445;37.09;22.74
181002_17450_42061;3;;1349;613;613;117;496;45.44;19.09
181002_17451_42061;4;;1074;484;484;94;390;45.07;19.42
181002_17452_42061;5;;750;283;283;66;217;37.73;23.32
181003_17453_42061;1;;1402;717;717;116;601;51.14;16.18
181003_17454_42061;2;;708;351;351;63;288;49.58;17.95
181003_17455_42061;3;;1294;637;637;104;533;49.23;16.33
181003_17456_42061;4;;1137;725;725;86;639;63.76;11.86
181003_17457_42061;5;;1694;782;782;112;670;46.16;14.32
181003_17458_42061;6;;1068;551;551;58;493;51.59;10.53
181003_17459_42061;7;;559;329;329;68;261;58.86;20.67
181003_17460_42061;8;;1175;746;746;64;682;63.49;8.58
181004_17461_42061;1;;1156;628;628;83;545;54.33;13.22
181004_17462_42061;2;;1163;617;617;59;558;53.05;9.56
181004_17463_42061;3;;662;399;399;48;351;60.27;12.03
181004_17464_42061;4;;1372;718;718;104;614;52.33;14.48
181004_17465_42061;5;;1244;615;615;105;510;49.44;17.07
181004_17466_42061;6;;1424;649;649;94;555;45.58;14.48
181004_17467_42061;7;;1443;681;681;99;582;47.19;14.54
181004_17468_42061;8;;1461;771;771;57;714;52.77;7.39
181004_17469_42061;9;;1435;781;781;65;716;54.43;8.32
181004_17470_42061;10;;943;522;522;112;410;55.36;21.46
181004_17471_42061;11;;1214;658;658;86;572;54.20;13.07
181004_17472_42061;12;;1217;653;653;88;565;53.66;13.48
181004_17473_42061;13;;2094;1144;1144;130;1014;54.63;11.36
181005_17474_42061;1;;1675;955;955;126;829;57.01;13.19
181005_17475_42061;2;;1682;859;859;124;735;51.07;14.44
181005_17476_42061;3;;1555;741;741;128;613;47.65;17.27
181005_17477_42061;4;;388;190;190;45;145;48.97;23.68
181006_17478_42061;1;;1374;788;788;128;660;57.35;16.24
181006_17479_42061;2;;1273;658;658;145;513;51.69;22.04
181006_17480_42061;3;;935;452;452;101;351;48.34;22.35
181006_17481_42061;4;;877;384;384;90;294;43.79;23.44
181006_17482_42061;5;;511;284;284;61;223;55.58;21.48
181006_17483_42061;6;;452;228;228;53;175;50.44;23.25
181006_17484_42061;7;;355;151;151;28;123;42.54;18.54
181007_17485_42061;1;;1333;474;474;82;392;35.56;17.30
181007_17486_42061;2;;1522;714;714;91;623;46.91;12.75
181007_17487_42061;3;;423;166;166;20;146;39.24;12.05
181007_17488_42061;4;;902;414;414;50;364;45.90;12.08
181007_17489_42061;5;;1244;529;529;94;435;42.52;17.77
181101_17490_42062;1;;1403;651;651;69;582;46.40;10.60
181101_17491_42062;2;;1510;574;574;75;499;38.01;13.07
181101_17492_42062;3;;1441;558;558;119;439;38.72;21.33
181101_17493_42062;4;;1359;437;437;81;356;32.16;18.54
181101_17494_42062;5;;1610;544;544;62;482;33.79;11.40
181101_17495_42062;6;;1347;493;493;72;421;36.60;14.60
181101_17496_42062;7;;1206;492;492;48;444;40.80;9.76
181101_17497_42062;8;;1865;921;921;67;854;49.38;7.27
181101_17498_42062;9;;1877;698;698;83;615;37.19;11.89
181101_17499_42062;10;;1877;834;834;67;767;44.43;8.03
181101_17500_42062;11;;1638;728;728;78;650;44.44;10.71
181101_17501_42062;12;;251;84;84;13;71;33.47;15.48
181101_17502_42062;13;;1305;600;600;58;542;45.98;9.67
181101_17503_42062;14;;1237;622;623;58;564;50.28;9.32
181101_17504_42062;15;;1234;522;522;54;468;42.30;10.34
181101_17505_42062;16;;1437;630;630;131;499;43.84;20.79
181101_17506_42062;17;;1920;770;770;100;670;40.10;12.99
181101_17507_42062;18;;1596;586;586;75;511;36.72;12.80
181101_17508_42062;19;;2165;895;895;119;776;41.34;13.30
181101_17509_42062;20;;1703;708;708;84;624;41.57;11.86
181101_17510_42062;21;;2008;877;877;116;761;43.68;13.23
181101_17511_42062;22;;1483;635;635;82;553;42.82;12.91
181101_17512_42062;23;;2293;760;760;204;556;33.14;26.84
181101_17513_42062;24;;2189;701;701;71;630;32.02;10.13
181101_17514_42062;25;;879;343;343;72;271;39.02;20.99
181101_17515_42062;26;;1703;755;755;82;673;44.33;10.86
181101_17516_42062;27;;1557;781;781;59;722;50.16;7.55
181101_17517_42062;28;;1636;667;667;82;585;40.77;12.29
181101_17518_42062;29;;1451;510;510;62;448;35.15;12.16
181101_17519_42062;30;;2178;928;928;146;782;42.61;15.73
181101_17520_42062;31;;1687;687;687;72;615;40.72;10.48
181101_17521_42062;32;;775;354;354;24;330;45.68;6.78
181101_30101_42062;33;;217;60;60;5;55;27.65;8.33
181101_30102_42062;34;;129;53;53;11;42;41.09;20.75
181102_17522_42062;1;;1300;774;774;140;634;59.54;18.09
181102_17523_42062;2;;462;236;236;36;200;51.08;15.25
181102_17524_42062;3;;199;119;119;20;99;59.80;16.81
181102_17525_42062;4;;424;240;240;36;204;56.60;15.00
181102_17526_42062;5;;278;194;194;33;161;69.78;17.01
181102_17527_42062;6;;252;141;141;30;111;55.95;21.28
181102_17528_42062;7;;524;300;300;53;247;57.25;17.67
181102_17529_42062;8;;217;134;134;30;104;61.75;22.39
181102_17530_42062;9;;214;133;133;19;114;62.15;14.29
181102_17531_42062;10;;653;390;390;89;301;59.72;22.82
181103_17532_42062;1;;1727;990;990;154;836;57.32;15.56
181103_17533_42062;2;;1393;611;611;119;492;43.86;19.48
181103_17534_42062;3;;407;214;214;58;156;52.58;27.10
181103_17535_42062;4;;424;182;182;32;150;42.92;17.58
181103_17536_42062;5;;929;450;459;105;345;48.44;23.33
181103_17537_42062;6;;644;257;257;48;209;39.91;18.68
181104_17538_42062;1;;403;256;256;42;214;63.52;16.41
181104_17539_42062;2;;347;206;206;39;167;59.37;18.93
181104_17540_42062;3;;218;135;135;28;107;61.93;20.74
181104_17541_42062;4;;240;144;144;22;122;60.00;15.28
181104_17542_42062;5;;490;317;317;55;262;64.69;17.35
181104_17543_42062;6;;373;237;237;50;187;63.54;21.10
181104_17544_42062;7;;156;78;78;20;58;50.00;25.64
181105_17545_42062;1;;1501;657;657;114;543;43.77;17.35
181105_17546_42062;2;;2256;1057;1057;147;910;46.85;13.91
181105_17547_42062;3;;581;252;252;49;203;43.37;19.44
181105_17548_42062;4;;936;514;514;126;388;54.91;24.51
181105_17549_42062;5;;1640;867;867;142;725;52.87;16.38
181105_17550_42062;6;;1637;904;904;137;767;55.22;15.15
181105_17551_42062;7;;1099;586;586;106;480;53.32;18.09
181105_17552_42062;8;;776;405;405;58;347;52.19;14.32
181106_17553_42062;1;;1024;568;568;105;463;55.47;18.49
181106_17554_42062;2;;455;229;229;29;200;50.33;12.66
181106_17555_42062;3;;189;101;101;21;80;53.44;20.79
181106_17556_42062;4;;174;69;69;11;58;39.66;15.94
181106_17557_42062;5;;315;140;140;17;123;44.44;12.14
181106_17558_42062;6;;252;153;153;19;134;60.71;12.42
181106_17559_42062;7;;326;180;180;30;150;55.21;16.67
181106_17560_42062;8;;191;89;89;18;71;46.60;20.22
181106_17561_42062;9;;941;446;446;64;382;47.40;14.35
181106_17562_42062;10;;290;177;177;29;148;61.03;16.38
181106_17563_42062;11;;188;96;96;21;75;51.06;21.88
181107_17564_42062;1;;1310;742;742;131;611;56.64;17.65
181107_17565_42062;2;;673;327;327;51;276;48.59;15.60
181107_17566_42062;3;;1071;587;587;83;504;54.81;14.14
181107_17567_42062;4;;1966;1079;1079;164;915;54.88;15.20
181107_17568_42062;5;;829;457;457;88;369;55.13;19.26
181107_17569_42062;6;;726;387;387;70;317;53.31;18.09
181107_17570_42062;7;;718;416;416;100;316;57.94;24.04
181107_17571_42062;8;;833;504;504;115;389;60.50;22.82
181107_17572_42062;9;;586;364;364;79;285;62.12;21.70
181107_17573_42062;10;;387;234;234;50;184;60.47;21.37
181108_17574_42062;1;;1115;635;635;92;543;56.95;14.49
181108_17575_42062;2;;891;526;526;96;430;59.03;18.25
181108_17576_42062;3;;576;350;350;66;284;60.76;18.86
181108_17577_42062;4;;1212;542;542;109;433;44.72;20.11
181108_17578_42062;5;;540;318;318;49;269;58.89;15.41
181108_17579_42062;6;;734;296;296;61;235;40.33;20.61
181108_17580_42062;7;;761;339;339;75;264;44.55;22.12
181108_17581_42062;8;;686;312;312;60;252;45.48;19.23
181108_17582_42062;9;;544;220;220;43;177;40.44;19.55
181108_17583_42062;10;;1370;628;628;120;508;45.84;19.11
181108_17584_42062;11;;649;316;316;70;246;48.69;22.15
181108_17585_42062;12;;361;230;230;30;200;63.71;13.04
181108_17586_42062;13;;1340;747;747;137;610;55.75;18.34
181108_17587_42062;14;;256;167;167;19;148;65.23;11.38
181109_17588_42062;1;;937;559;559;58;501;59.66;10.38
181109_17589_42062;2;;1359;787;787;128;659;57.91;16.26
181109_17590_42062;3;;603;313;313;40;273;51.91;12.78
181109_17591_42062;4;;601;375;375;32;343;62.40;8.53
181109_17592_42062;5;;1097;749;749;133;616;68.28;17.76
181109_17593_42062;6;;506;286;286;28;258;56.52;9.79
181109_17594_42062;7;;477;344;344;46;298;72.12;13.37
181109_17595_42062;8;;749;469;469;53;416;62.62;11.30
181110_17596_42062;1;;1234;693;693;86;607;56.16;12.41
181110_17597_42062;2;;872;457;457;102;355;52.41;22.32
181110_17598_42062;3;;752;375;375;48;327;49.87;12.80
181110_17599_42062;4;;769;400;400;70;330;52.02;17.50
181110_17600_42062;5;;915;496;496;83;413;54.21;16.73
181110_17601_42062;6;;558;235;235;19;216;42.11;8.09
181110_17602_42062;7;;283;157;157;22;135;55.48;14.01
181110_17603_42062;8;;328;164;164;42;122;50.00;25.61
181110_17604_42062;9;;163;82;82;10;72;50.31;12.20
181201_17605_42063;1;;945;484;484;117;367;51.22;24.17
181201_17606_42063;2;;767;392;392;81;311;51.11;20.66
181201_17607_42063;3;;1221;669;669;163;506;54.79;24.36
181201_17608_42063;4;;657;300;300;70;230;45.66;23.33
181201_17609_42063;5;;718;398;399;83;315;55.43;20.85
181201_17610_42063;6;;827;513;513;109;404;62.03;21.25
181202_17611_42063;1;;1053;515;515;99;416;48.91;19.22
181202_17612_42063;2;;1024;478;478;89;389;46.68;18.62
181202_17613_42063;3;;306;164;164;45;119;53.59;27.44
181202_17614_42063;4;;557;281;281;53;228;50.45;18.86
181202_17615_42063;5;;514;301;301;43;258;58.56;14.29
181202_17616_42063;6;;447;201;201;25;176;44.97;12.44
181202_17617_42063;7;;594;288;288;57;231;48.48;19.79
181203_17618_42063;1;;1311;749;749;129;620;57.13;17.22
181203_17619_42063;2;;1504;922;922;148;774;61.30;16.05
181203_17620_42063;3;;689;418;418;61;357;60.67;14.59
181203_17621_42063;4;;546;315;315;65;250;57.69;20.63
181203_17622_42063;5;;699;412;412;69;343;58.94;16.75
181203_17623_42063;6;;412;244;244;20;224;59.22;8.20
181203_17624_42063;7;;483;308;308;52;256;63.77;16.88
181203_17625_42063;8;;404;255;255;37;218;63.12;14.51
181203_17626_42063;9;;406;258;258;41;217;63.55;15.89
181203_17627_42063;10;;782;461;461;102;359;58.95;22.13
181203_17628_42063;11;;396;204;204;43;161;51.52;21.08
181203_17629_42063;12;;298;179;179;38;141;60.07;21.23
181204_17630_42063;1;;990;424;424;80;344;42.83;18.87
181204_17631_42063;2;;609;258;258;62;196;42.36;24.03
181204_17632_42063;3;;953;389;389;98;291;40.82;25.19
181204_17633_42063;4;;522;210;210;36;174;40.23;17.14
181204_17634_42063;5;;489;226;226;54;172;46.22;23.89
181205_17635_42063;1;;1536;764;764;61;703;49.74;7.98
181205_17636_42063;2;;663;253;253;33;220;38.16;13.04
181205_17637_42063;3;;1717;774;774;106;668;45.08;13.70
181205_17638_42063;4;;1670;777;777;97;680;46.53;12.48
181205_17639_42063;5;;800;345;345;44;301;43.12;12.75
181205_17640_42063;6;;750;410;410;60;350;54.67;14.63
181205_17641_42063;7;;1150;555;555;71;484;48.26;12.79
181205_17642_42063;8;;1267;500;500;53;447;39.46;10.60
181205_17643_42063;9;;1151;453;453;46;407;39.36;10.15
181205_17644_42063;10;;1882;734;734;86;648;39.00;11.72
181205_17645_42063;11;;1805;846;846;144;702;46.87;17.02
181205_17646_42063;12;;746;357;357;56;301;47.86;15.69
181205_17647_42063;13;;1623;746;746;139;607;45.96;18.63
181205_17648_42063;14;;1574;798;798;126;672;50.70;15.79
181205_30103_42063;15;;139;26;26;2;24;18.71;7.69
181205_30104_42063;16;;31;17;17;0;17;54.84;0.00
181206_17649_42063;1;;1248;631;631;131;500;50.56;20.76
181206_17650_42063;2;;866;433;433;86;347;50.00;19.86
181206_17651_42063;3;;1242;567;567;124;443;45.65;21.87
181206_17652_42063;4;;1007;528;528;100;428;52.43;18.94
181206_17653_42063;5;;872;430;430;103;327;49.31;23.95
181206_17654_42063;6;;748;398;398;67;331;53.21;16.83
181206_17655_42063;7;;1488;625;625;117;508;42.00;18.72
181206_17656_42063;8;;1035;434;434;83;351;41.93;19.12
181207_17657_42063;1;;1247;673;673;117;556;53.97;17.38
181207_17658_42063;2;;1135;568;568;58;510;50.04;10.21
181207_17659_42063;3;;571;222;222;36;186;38.88;16.22
181207_17660_42063;4;;616;339;339;68;271;55.03;20.06
181207_17661_42063;5;;876;475;475;110;365;54.22;23.16
181207_17662_42063;6;;1005;479;479;90;389;47.66;18.79
181207_17663_42063;7;;264;135;135;11;124;51.14;8.15
181207_17664_42063;8;;402;204;204;45;159;50.75;22.06
181207_17665_42063;9;;413;217;217;40;177;52.54;18.43
181207_17666_42063;10;;315;176;176;53;123;55.87;30.11
181207_17667_42063;11;;244;133;133;21;112;54.51;15.79
181301_17668_42064;1;;980;609;609;114;495;62.14;18.72
181301_17669_42064;2;;1470;924;924;222;702;62.86;24.03
181301_17670_42064;3;;859;545;545;93;452;63.45;17.06
181301_17671_42064;4;;407;239;239;51;188;58.72;21.34
181301_17672_42064;5;;392;267;267;71;196;68.11;26.59
181301_17673_42064;6;;238;153;153;33;120;64.29;21.57
181301_17674_42064;7;;326;193;193;43;150;59.20;22.28
181301_17675_42064;8;;244;151;151;47;104;61.89;31.13
181301_17676_42064;9;;636;418;418;91;327;65.72;21.77
181302_17677_42064;1;;757;334;334;79;255;44.12;23.65
181302_17678_42064;2;;712;305;305;50;255;42.84;16.39
181302_17679_42064;3;;1337;694;694;138;556;51.91;19.88
181302_17680_42064;4;;1782;892;892;138;754;50.06;15.47
181302_17681_42064;5;;284;99;99;20;79;34.86;20.20
181302_17682_42064;6;;589;259;259;39;220;43.97;15.06
181302_17683_42064;7;;315;139;139;39;100;44.13;28.06
181302_17684_42064;8;;393;173;173;42;131;44.02;24.28
181302_17685_42064;9;;988;474;474;113;361;47.98;23.84
181302_17686_42064;10;;481;226;226;47;179;46.99;20.80
181303_17687_42064;1;;550;301;301;52;249;54.73;17.28
181303_17688_42064;2;;500;300;300;62;238;60.00;20.67
181303_17689_42064;3;;347;213;213;54;159;61.38;25.35
181303_17690_42064;4;;560;356;356;84;272;63.57;23.60
181303_17691_42064;5;;268;166;166;21;145;61.94;12.65
181303_17692_42064;6;;344;192;192;42;150;55.81;21.88
181303_17693_42064;7;;387;223;223;52;171;57.62;23.32
181303_17694_42064;8;;236;148;148;29;119;62.71;19.59
181303_17695_42064;9;;250;174;174;82;92;69.60;47.13
181303_17696_42064;10;;297;186;186;44;142;62.63;23.66
181303_17697_42064;11;;440;247;247;65;182;56.14;26.32
181303_17698_42064;12;;283;183;183;18;165;64.66;9.84
181303_30105_42064;13;;58;31;31;14;17;53.45;45.16
181304_17699_42064;1;;1136;699;699;132;567;61.53;18.88
181304_17700_42064;2;;734;434;434;54;380;59.13;12.44
181304_17701_42064;3;;1261;871;871;227;644;69.07;26.06
181304_17702_42064;4;;496;276;276;70;206;55.65;25.36
181304_17703_42064;5;;406;232;232;67;165;57.14;28.88
181305_17704_42064;1;;718;415;415;89;326;57.80;21.45
181305_17705_42064;2;;610;294;294;85;209;48.20;28.91
181305_17706_42064;3;;418;235;235;26;209;56.22;11.06
181305_17707_42064;4;;200;78;78;13;65;39.00;16.67
181305_17708_42064;5;;627;371;371;35;336;59.17;9.43
181305_17709_42064;6;;479;288;288;60;228;60.13;20.83
181305_17710_42064;7;;378;194;194;61;133;51.32;31.44
181305_17711_42064;8;;192;94;94;25;69;48.96;26.60
181305_17712_42064;9;;411;202;202;36;166;49.15;17.82
181306_17713_42064;1;;371;176;176;46;130;47.44;26.14
181306_17714_42064;2;;474;214;214;52;162;45.15;24.30
181306_17715_42064;3;;419;195;195;64;131;46.54;32.82
181306_17716_42064;4;;534;295;295;66;229;55.24;22.37
181306_17717_42064;5;;1098;565;566;100;465;51.46;17.70
181306_17718_42064;6;;1021;485;485;52;433;47.50;10.72
181306_17719_42064;7;;557;259;259;63;196;46.50;24.32
181306_17720_42064;8;;690;352;352;100;252;51.01;28.41
181306_30106_42064;9;;125;37;37;14;23;29.60;37.84
181307_17721_42064;1;;976;576;576;89;487;59.02;15.45
181307_17722_42064;2;;783;442;442;94;348;56.45;21.27
181307_17723_42064;3;;783;428;428;74;354;54.66;17.29
181307_17724_42064;4;;733;437;437;79;358;59.62;18.08
181307_17725_42064;5;;619;367;367;57;310;59.29;15.53
181307_17726_42064;6;;313;194;195;34;160;61.98;17.53
181307_17727_42064;7;;404;230;230;47;183;56.93;20.43
181307_17728_42064;8;;328;223;223;59;164;67.99;26.46
181307_17729_42064;9;;829;441;441;59;382;53.20;13.38
181307_17730_42064;10;;662;414;414;93;321;62.54;22.46
181307_17731_42064;11;;239;162;162;32;130;67.78;19.75
181307_17732_42064;12;;330;191;191;35;156;57.88;18.32
181308_17733_42064;1;;480;295;295;62;233;61.46;21.02
181308_17734_42064;2;;561;337;337;65;272;60.07;19.29
181308_17735_42064;3;;796;425;425;60;365;53.39;14.12
181308_17736_42064;4;;880;464;464;60;404;52.73;12.93
181308_17737_42064;5;;432;220;220;34;186;50.93;15.45
181308_17738_42064;6;;636;375;375;38;337;58.96;10.13
181308_17739_42064;7;;335;217;217;62;155;64.78;28.57
181308_17740_42064;8;;369;211;211;29;182;57.18;13.74
181308_17741_42064;9;;546;312;312;53;259;57.14;16.99
181308_17742_42064;10;;543;288;288;40;248;53.04;13.89
181308_17743_42064;11;;1828;994;994;131;863;54.38;13.18
181308_17744_42064;12;;839;367;367;79;288;43.74;21.53
181309_17745_42064;1;;266;145;145;33;112;54.51;22.76
181309_17746_42064;2;;939;452;452;94;358;48.14;20.80
181309_17747_42064;3;;611;278;278;97;181;45.50;34.89
181309_17748_42064;4;;1064;574;574;254;320;53.95;44.25
181309_17749_42064;5;;383;194;194;45;149;50.65;23.20
181310_17750_42064;1;;246;177;177;55;122;71.95;31.07
181310_17751_42064;2;;1373;656;684;160;496;47.78;24.39
181310_17752_42064;3;;723;430;430;96;334;59.47;22.33
181310_17753_42064;4;;531;297;297;66;231;55.93;22.22
181310_17754_42064;5;;709;392;392;97;295;55.29;24.74
181310_17755_42064;6;;816;385;385;99;286;47.18;25.71
181310_17756_42064;7;;824;434;434;131;303;52.67;30.18
181310_17757_42064;8;;1139;625;625;178;447;54.87;28.48
181310_17758_42064;9;;1381;814;814;140;674;58.94;17.20
181310_17759_42064;10;;1365;867;867;160;707;63.52;18.45
181310_17760_42064;11;;1310;784;784;117;667;59.85;14.92
181310_30107_42064;12;;206;31;31;3;28;15.05;9.68
181401_17761_42064;1;;885;486;486;53;433;54.92;10.91
181401_17762_42064;2;;757;370;370;59;311;48.88;15.95
181401_17763_42064;3;;864;424;424;61;363;49.07;14.39
181401_17764_42064;4;;957;498;498;74;424;52.04;14.86
181401_17765_42064;5;;1795;829;829;145;684;46.18;17.49
181401_17766_42064;6;;956;472;472;59;413;49.37;12.50
181401_17767_42064;7;;950;515;515;94;421;54.21;18.25
181401_17768_42064;8;;878;444;444;49;395;50.57;11.04
181401_17769_42064;9;;955;466;466;74;392;48.80;15.88
181401_17770_42064;10;;986;535;535;80;455;54.26;14.95
181401_17771_42064;11;;1547;818;818;124;694;52.88;15.16
181401_17772_42064;12;;807;425;425;77;348;52.66;18.12
181401_17773_42064;13;;579;287;287;46;241;49.57;16.03
181401_30108_42064;14;;149;21;21;2;19;14.09;9.52
181402_17774_42064;1;;956;500;500;104;396;52.30;20.80
181402_17775_42064;2;;662;431;431;69;362;65.11;16.01
181402_17776_42064;3;;1176;624;624;140;484;53.06;22.44
181402_17777_42064;4;;589;292;292;78;214;49.58;26.71
181403_17778_42064;1;;1269;817;817;142;675;64.38;17.38
181403_17779_42064;2;;575;418;418;84;334;72.70;20.10
181403_17780_42064;3;;500;348;348;98;250;69.60;28.16
181403_17781_42064;4;;414;232;232;41;191;56.04;17.67
181403_17782_42064;5;;982;598;598;105;493;60.90;17.56
181404_17783_42064;1;;1709;1145;1145;290;855;67.00;25.33
181404_17784_42064;2;;694;487;487;137;350;70.17;28.13
181404_17785_42064;3;;332;235;235;45;190;70.78;19.15
181404_17786_42064;4;;1167;795;795;217;578;68.12;27.30
181405_17787_42064;1;;1362;799;799;199;600;58.66;24.91
181405_17788_42064;2;;947;655;655;150;505;69.17;22.90
181405_17789_42064;3;;1260;754;755;144;610;59.84;19.10
181405_17790_42064;4;;946;568;568;129;439;60.04;22.71
181405_17791_42064;5;;845;535;535;175;360;63.31;32.71
181405_17792_42064;6;;1554;767;767;98;669;49.36;12.78
181405_17793_42064;7;;878;499;499;98;401;56.83;19.64
181405_17794_42064;8;;1137;705;705;147;558;62.01;20.85
181405_17795_42064;9;;1354;833;833;164;669;61.52;19.69
181406_17796_42064;1;;634;315;315;95;220;49.68;30.16
181406_17797_42064;2;;1327;636;636;133;503;47.93;20.91
181406_17798_42064;3;;1626;861;861;155;706;52.95;18.00
181406_17799_42064;4;;253;155;155;23;132;61.26;14.84
181406_17800_42064;5;;1068;635;635;132;503;59.46;20.79
181406_17801_42064;6;;1213;783;783;139;644;64.55;17.75
181406_17802_42064;7;;1631;876;876;144;732;53.71;16.44
181406_17803_42064;8;;1289;645;645;78;567;50.04;12.09
181406_17804_42064;9;;713;409;409;72;337;57.36;17.60
181406_17805_42064;10;;639;354;354;66;288;55.40;18.64
181406_17806_42064;11;;1461;682;682;137;545;46.68;20.09
181407_17807_42064;1;;353;219;219;53;166;62.04;24.20
181407_17808_42064;2;;404;314;314;75;239;77.72;23.89
181407_17809_42064;3;;374;241;241;42;199;64.44;17.43
181407_17810_42064;4;;619;354;354;37;317;57.19;10.45
181407_17811_42064;5;;392;252;252;40;212;64.29;15.87
181407_17812_42064;6;;604;345;345;72;273;57.12;20.87
181407_17813_42064;7;;612;390;390;80;310;63.73;20.51
181407_17814_42064;8;;1806;1058;1058;173;885;58.58;16.35
181407_17815_42064;9;;571;348;348;49;299;60.95;14.08
181408_17816_42064;1;;1522;842;842;155;687;55.32;18.41
181408_17817_42064;2;;1049;584;584;113;471;55.67;19.35
181408_17818_42064;3;;1642;911;911;167;744;55.48;18.33
181408_17819_42064;4;;891;481;481;106;375;53.98;22.04
181408_17820_42064;5;;244;158;158;33;125;64.75;20.89
181408_17821_42064;6;;680;349;349;62;287;51.32;17.77
181408_17822_42064;7;;569;252;252;33;219;44.29;13.10
181409_17823_42064;1;;1270;791;791;126;665;62.28;15.93
181409_17824_42064;2;;888;436;436;101;335;49.10;23.17
181409_17825_42064;3;;982;531;531;74;457;54.07;13.94
181409_17826_42064;4;;667;348;348;50;298;52.17;14.37
181409_17827_42064;5;;580;333;333;52;281;57.41;15.62
181409_17828_42064;6;;531;231;231;65;166;43.50;28.14
181409_17829_42064;7;;331;206;206;43;163;62.24;20.87
181409_17830_42064;8;;334;220;220;33;187;65.87;15.00
181409_17831_42064;9;;220;127;127;29;98;57.73;22.83
181501_17832_42062;1;;832;558;558;98;460;67.07;17.56
181501_17833_42062;2;;567;367;367;67;300;64.73;18.26
181501_17834_42062;3;;990;551;551;82;469;55.66;14.88
181501_17835_42062;4;;1013;598;598;108;490;59.03;18.06
181501_17836_42062;5;;358;208;208;39;169;58.10;18.75
181501_17837_42062;6;;567;333;333;57;276;58.73;17.12
181501_17838_42062;7;;718;450;450;84;366;62.67;18.67
181501_17839_42062;8;;444;288;288;24;264;64.86;8.33
181501_17840_42062;9;;598;372;372;54;318;62.21;14.52
181502_17841_42062;1;;1293;857;857;237;620;66.28;27.65
181502_17842_42062;2;;845;464;464;124;340;54.91;26.72
181502_17843_42062;3;;553;309;309;69;240;55.88;22.33
181502_17844_42062;4;;1005;697;697;173;524;69.35;24.82
181502_17845_42062;5;;195;133;133;23;110;68.21;17.29
181502_17846_42062;6;;696;416;416;100;316;59.77;24.04
181502_17847_42062;7;;217;162;162;54;108;74.65;33.33
181502_17848_42062;8;;247;147;147;30;117;59.51;20.41
181502_17849_42062;9;;662;373;373;86;287;56.34;23.06
181503_17850_42062;1;;913;368;368;64;304;40.31;17.39
181503_17851_42062;2;;1589;750;750;97;653;47.20;12.93
181503_17852_42062;3;;1109;607;607;126;481;54.73;20.76
181503_17853_42062;4;;328;188;188;26;162;57.32;13.83
181503_17854_42062;5;;1094;690;690;100;590;63.07;14.49
181503_17855_42062;6;;963;566;566;99;467;58.77;17.49
181503_17856_42062;7;;1096;662;662;146;516;60.40;22.05
181503_17857_42062;8;;967;556;556;92;464;57.50;16.55
181503_17858_42062;9;;739;420;420;58;362;56.83;13.81
181503_17859_42062;10;;508;315;315;37;278;62.01;11.75
181503_17860_42062;11;;602;380;380;47;333;63.12;12.37
181503_17861_42062;12;;625;344;344;60;284;55.04;17.44
181503_17862_42062;13;;1141;520;520;61;459;45.57;11.73
181503_17863_42062;14;;1476;767;767;139;628;51.96;18.12
181503_17864_42062;15;;741;436;436;85;351;58.84;19.50
181503_17865_42062;16;;1324;716;716;90;626;54.08;12.57
181503_17866_42062;17;;1317;641;641;116;525;48.67;18.10
181503_17867_42062;18;;595;309;309;76;233;51.93;24.60
181503_17868_42062;19;;1440;717;717;115;602;49.79;16.04
181503_17869_42062;20;;725;453;453;43;410;62.48;9.49
181503_17870_42062;21;;589;304;304;80;224;51.61;26.32
181503_17871_42062;22;;1558;841;841;96;745;53.98;11.41
181504_17872_42062;1;;734;401;401;40;361;54.63;9.98
181504_17873_42062;2;;911;535;535;74;461;58.73;13.83
181504_17874_42062;3;;748;459;459;53;406;61.36;11.55
181504_17875_42062;4;;1420;882;882;106;776;62.11;12.02
181504_17876_42062;5;;892;504;504;77;427;56.50;15.28
181504_17877_42062;6;;1345;741;742;93;648;55.09;12.55
181504_17878_42062;7;;808;455;455;99;356;56.31;21.76
181504_17879_42062;8;;295;159;159;17;142;53.90;10.69
181504_17880_42062;9;;1260;677;677;145;532;53.73;21.42
181504_17881_42062;10;;145;91;91;14;77;62.76;15.38
181504_17882_42062;11;;1150;644;644;114;530;56.00;17.70
181504_17883_42062;12;;932;567;567;105;462;60.84;18.52
181504_17884_42062;13;;788;378;378;66;312;47.97;17.46
181504_17885_42062;14;;1192;572;572;126;446;47.99;22.03
181504_17886_42062;15;;930;522;522;103;419;56.13;19.73
181504_17887_42062;16;;237;160;160;21;139;67.51;13.12
181504_17888_42062;17;;609;315;315;59;256;51.72;18.73
181504_17889_42062;18;;582;275;275;64;211;47.25;23.27
181504_17890_42062;19;;1022;565;565;92;473;55.28;16.28
181504_17891_42062;20;;1342;833;833;85;748;62.07;10.20
181504_17892_42062;21;;1265;749;749;125;624;59.21;16.69
181504_30808_42062;22;;93;55;55;8;47;59.14;14.55
181504_30809_42062;23;;83;13;13;1;12;15.66;7.69
181505_17893_42062;1;;678;399;399;99;300;58.85;24.81
181505_17894_42062;2;;1160;782;782;122;660;67.41;15.60
181505_17895_42062;3;;1634;1032;1032;225;807;63.16;21.80
181505_17896_42062;4;;1439;834;834;243;591;57.96;29.14
181505_17897_42062;5;;444;218;218;65;153;49.10;29.82
181505_17898_42062;6;;1186;651;651;159;492;54.89;24.42
181601_17899_42061;1;;1812;892;892;141;751;49.23;15.81
181601_17900_42061;2;;867;439;439;53;386;50.63;12.07
181601_17901_42061;3;;1577;800;800;114;686;50.73;14.25
181601_17902_42061;4;;727;387;387;66;321;53.23;17.05
181601_30109_42061;5;;63;51;51;3;48;80.95;5.88
181602_17903_42061;1;;1771;1080;1080;130;950;60.98;12.04
181602_17904_42061;2;;583;323;323;52;271;55.40;16.10
181602_17905_42061;3;;1329;669;669;109;560;50.34;16.29
181602_17906_42061;4;;1003;549;549;97;452;54.74;17.67
181602_17907_42061;5;;710;390;390;62;328;54.93;15.90
181602_17908_42061;6;;1036;613;613;58;555;59.17;9.46
181602_17909_42061;7;;1132;581;581;117;464;51.33;20.14
181602_17910_42061;8;;478;280;280;40;240;58.58;14.29
181602_17911_42061;9;;720;400;400;70;330;55.56;17.50
181603_17912_42061;1;;2204;1208;1208;153;1055;54.81;12.67
181603_17913_42061;2;;1833;1003;1003;126;877;54.72;12.56
181603_17914_42061;3;;764;442;442;56;386;57.85;12.67
181603_17915_42061;4;;964;531;531;94;437;55.08;17.70
181603_17916_42061;5;;2261;1224;1224;138;1086;54.14;11.27
181603_17917_42061;6;;1144;633;633;83;550;55.33;13.11
181603_17918_42061;7;;1242;715;715;95;620;57.57;13.29
181603_17919_42061;8;;1091;591;591;77;514;54.17;13.03
181603_17920_42061;9;;1156;579;579;63;516;50.09;10.88
181603_17921_42061;10;;1189;602;602;60;542;50.63;9.97
181603_17922_42061;11;;1300;666;666;96;570;51.23;14.41
181603_17923_42061;12;;462;288;288;31;257;62.34;10.76
181604_17924_42061;1;;1422;755;755;103;652;53.09;13.64
181604_17925_42061;2;;1436;724;724;86;638;50.42;11.88
181604_17926_42061;3;;864;327;327;49;278;37.85;14.98
181604_17927_42061;4;;729;318;318;61;257;43.62;19.18
181604_17928_42061;5;;566;275;275;52;223;48.59;18.91
181604_17929_42061;6;;232;124;124;21;103;53.45;16.94
181604_30794_42061;7;;62;44;44;4;40;70.97;9.09
181605_17930_42061;1;;937;467;467;110;357;49.84;23.55
181605_17931_42061;2;;352;183;183;43;140;51.99;23.50
181605_17932_42061;3;;472;238;238;49;189;50.42;20.59
181605_17933_42061;4;;823;451;451;68;383;54.80;15.08
181605_17934_42061;5;;872;508;508;78;430;58.26;15.35
181605_17935_42061;6;;339;177;177;44;133;52.21;24.86
181605_17936_42061;7;;992;446;446;113;333;44.96;25.34
181605_17937_42061;8;;416;203;203;38;165;48.80;18.72
181605_17938_42061;9;;335;211;211;31;180;62.99;14.69
181605_17939_42061;10;;156;89;89;20;69;57.05;22.47
181606_17940_42061;1;;983;625;625;120;505;63.58;19.20
181606_17941_42061;2;;2036;1329;1329;219;1110;65.28;16.48
181606_17942_42061;3;;326;215;215;73;142;65.95;33.95
181606_17943_42061;4;;392;226;226;52;174;57.65;23.01
181606_17944_42061;5;;1401;733;734;139;594;52.32;18.96
181606_17945_42061;6;;678;404;404;62;342;59.59;15.35
181606_17946_42061;7;;1472;978;978;234;744;66.44;23.93
181606_17947_42061;8;;1778;1068;1068;178;890;60.07;16.67
181606_17948_42061;9;;276;170;170;16;154;61.59;9.41
181606_17949_42061;10;;575;359;359;52;307;62.43;14.48
181606_17950_42061;11;;398;239;239;24;215;60.05;10.04
181606_17951_42061;12;;489;291;291;29;262;59.51;9.97
181606_17952_42061;13;;1168;634;634;54;580;54.28;8.52
181606_17953_42061;14;;874;455;455;77;378;52.06;16.92
181606_17954_42061;15;;618;291;291;21;270;47.09;7.22
181606_17955_42061;16;;1700;1098;1098;225;873;64.59;20.49
181607_17956_42061;1;;435;242;242;42;200;55.63;17.36
181607_17957_42061;2;;1138;694;694;159;535;60.98;22.91
181607_17958_42061;3;;1139;745;746;109;636;65.41;14.63
181607_17959_42061;4;;265;193;193;29;164;72.83;15.03
181607_17960_42061;5;;429;239;239;34;205;55.71;14.23
181607_17961_42061;6;;549;343;343;51;292;62.48;14.87
181607_17962_42061;7;;844;526;526;73;453;62.32;13.88
181607_17963_42061;8;;711;351;351;60;291;49.37;17.09
181608_17964_42061;1;;1019;522;522;100;422;51.23;19.16
181608_17965_42061;2;;1141;592;592;58;534;51.88;9.80
181608_17966_42061;3;;629;354;354;52;302;56.28;14.69
181608_17967_42061;4;;627;371;371;75;296;59.17;20.22
181608_17968_42061;5;;1378;726;726;165;561;52.69;22.73
181608_17969_42061;6;;779;409;409;75;334;52.50;18.34
181609_17970_42061;1;;1720;842;842;120;722;48.95;14.25
181609_17971_42061;2;;1674;888;888;130;758;53.05;14.64
181609_17972_42061;3;;1527;830;830;146;684;54.35;17.59
181609_17973_42061;4;;1077;571;571;120;451;53.02;21.02
181609_17974_42061;5;;1427;659;659;107;552;46.18;16.24
181609_17975_42061;6;;1004;584;584;85;499;58.17;14.55
181610_17976_42061;1;;1949;1213;1213;298;915;62.24;24.57
181610_17977_42061;2;;1438;874;874;136;738;60.78;15.56
181610_17978_42061;3;;1511;880;880;202;678;58.24;22.95
181610_17979_42061;4;;360;234;234;29;205;65.00;12.39
181611_17980_42061;1;;1622;985;985;133;852;60.73;13.50
181611_17981_42061;2;;1659;958;958;173;785;57.75;18.06
181611_17982_42061;3;;325;174;174;31;143;53.54;17.82
181611_17983_42061;4;;447;174;174;6;168;38.93;3.45
181611_17984_42061;5;;1248;730;730;63;667;58.49;8.63
181611_17985_42061;6;;1661;875;875;128;747;52.68;14.63
181611_17986_42061;7;;2194;1274;1274;293;981;58.07;23.00
181611_17987_42061;8;;908;481;481;96;385;52.97;19.96
181611_17988_42061;9;;1435;733;733;83;650;51.08;11.32
181611_17989_42061;10;;560;279;279;43;236;49.82;15.41
181611_17990_42061;11;;269;90;90;7;83;33.46;7.78
181611_17991_42061;12;;500;259;259;45;214;51.80;17.37
181611_17992_42061;13;;435;281;281;56;225;64.60;19.93
181612_17993_42061;1;;1861;948;948;147;801;50.94;15.51
181612_17994_42061;2;;916;485;485;67;418;52.95;13.81
181612_17995_42061;3;;1166;641;641;107;534;54.97;16.69
181612_17996_42061;4;;1204;691;692;91;600;57.39;13.17
181612_17997_42061;5;;480;290;290;51;239;60.42;17.59
181612_17998_42061;6;;423;291;291;77;214;68.79;26.46
181612_17999_42061;7;;439;262;262;48;214;59.68;18.32
181612_18000_42061;8;;833;483;483;104;379;57.98;21.53
181612_18001_42061;9;;2036;1083;1083;157;926;53.19;14.50
181612_18002_42061;10;;1725;888;888;127;761;51.48;14.30
181612_18003_42061;11;;1690;949;949;161;788;56.15;16.97
181613_18004_42061;1;;903;477;477;45;432;52.82;9.43
181613_18005_42061;2;;1789;839;839;209;630;46.90;24.91
181613_18006_42061;3;;1735;1039;1039;164;875;59.88;15.78
181613_18007_42061;4;;958;447;447;52;395;46.66;11.63
181613_18008_42061;5;;1055;640;640;108;532;60.66;16.88
181613_18009_42061;6;;416;215;215;40;175;51.68;18.60
181613_18010_42061;7;;1774;1022;1022;122;900;57.61;11.94
181613_18011_42061;8;;1670;1038;1038;192;846;62.16;18.50
181613_18012_42061;9;;795;396;396;135;261;49.81;34.09
181613_18013_42061;10;;1176;745;745;97;648;63.35;13.02
181613_18014_42061;11;;1801;891;891;179;712;49.47;20.09
181613_18015_42061;12;;1552;730;730;199;531;47.04;27.26
181613_18016_42061;13;;466;256;256;41;215;54.94;16.02
181614_18017_42061;1;;1073;651;651;138;513;60.67;21.20
181614_18018_42061;2;;1766;1025;1025;159;866;58.04;15.51
181614_18019_42061;3;;1163;519;519;87;432;44.63;16.76
181614_18020_42061;4;;1431;724;724;129;595;50.59;17.82
181614_18021_42061;5;;1396;744;744;114;630;53.30;15.32
181614_18022_42061;6;;1114;640;640;130;510;57.45;20.31
181614_18023_42061;7;;981;496;496;102;394;50.56;20.56
181701_18024_42065;1;;1321;538;538;83;455;40.73;15.43
181701_18025_42065;2;;1275;564;564;76;488;44.24;13.48
181701_18026_42065;3;;1411;669;669;80;589;47.41;11.96
181701_18027_42065;4;;1282;594;594;65;529;46.33;10.94
181701_18028_42065;5;;1508;761;761;83;678;50.46;10.91
181701_18029_42065;6;;1756;827;827;155;672;47.10;18.74
181701_18030_42065;7;;1577;683;683;64;619;43.31;9.37
181701_18031_42065;8;;1583;556;556;98;458;35.12;17.63
181701_18032_42065;9;;1575;651;651;81;570;41.33;12.44
181701_18033_42065;10;;1265;484;484;76;408;38.26;15.70
181701_18034_42065;11;;1441;617;617;81;536;42.82;13.13
181701_18035_42065;12;;1496;565;565;98;467;37.77;17.35
181701_18036_42065;13;;1438;721;721;171;550;50.14;23.72
181701_18037_42065;14;;1508;772;772;78;694;51.19;10.10
181701_18038_42065;15;;1451;665;665;81;584;45.83;12.18
181701_18039_42065;16;;1408;547;547;73;474;38.85;13.35
181701_18040_42065;17;;1984;962;962;111;851;48.49;11.54
181701_18041_42065;18;;1629;761;761;111;650;46.72;14.59
181701_18042_42065;19;;1891;887;887;95;792;46.91;10.71
181701_18043_42065;20;;1527;625;625;122;503;40.93;19.52
181701_18044_42065;21;;1376;738;738;90;648;53.63;12.20
181701_30110_42065;22;;150;37;37;6;31;24.67;16.22
181701_30111_42065;23;;86;12;12;2;10;13.95;16.67
181702_18045_42065;1;;1174;582;582;135;447;49.57;23.20
181702_18046_42065;2;;1016;476;476;106;370;46.85;22.27
181702_18047_42065;3;;1020;536;536;155;381;52.55;28.92
181702_18048_42065;4;;304;125;125;39;86;41.12;31.20
181703_18049_42065;1;;1987;1115;1115;222;893;56.11;19.91
181703_18050_42065;2;;1339;863;863;140;723;64.45;16.22
181703_18051_42065;3;;1039;591;591;139;452;56.88;23.52
181704_18052_42065;1;;1002;455;455;118;337;45.41;25.93
181704_18053_42065;2;;613;204;204;51;153;33.28;25.00
181704_18054_42065;3;;608;249;249;83;166;40.95;33.33
181704_18055_42065;4;;649;281;281;77;204;43.30;27.40
181704_18056_42065;5;;1347;611;611;194;417;45.36;31.75
181704_30112_42065;6;;64;9;9;4;5;14.06;44.44
181704_30113_42065;7;;98;14;14;3;11;14.29;21.43
181705_18057_42065;1;;545;259;259;43;216;47.52;16.60
181705_18058_42065;2;;1735;843;843;142;701;48.59;16.84
181705_18059_42065;3;;642;357;357;46;311;55.61;12.89
181705_18060_42065;4;;282;133;133;29;104;47.16;21.80
181705_18061_42065;5;;639;304;304;34;270;47.57;11.18
181705_18062_42065;6;;369;177;177;37;140;47.97;20.90
181705_18063_42065;7;;870;385;385;91;294;44.25;23.64
181705_18064_42065;8;;523;248;248;51;197;47.42;20.56
181705_18065_42065;9;;633;297;297;52;245;46.92;17.51
181705_18066_42065;10;;1069;504;504;78;426;47.15;15.48
181705_18067_42065;11;;913;487;487;66;421;53.34;13.55
181705_18068_42065;12;;1020;560;560;119;441;54.90;21.25
181705_18069_42065;13;;778;280;280;60;220;35.99;21.43
181705_18070_42065;14;;984;471;471;87;384;47.87;18.47
181705_18071_42065;15;;206;101;101;18;83;49.03;17.82
181705_18072_42065;16;;290;130;130;23;107;44.83;17.69
181705_18073_42065;17;;645;353;353;54;299;54.73;15.30
181705_18074_42065;18;;738;335;335;83;252;45.39;24.78
181705_18075_42065;19;;670;319;319;38;281;47.61;11.91
181705_18076_42065;20;;574;324;324;79;245;56.45;24.38
181706_18077_42065;1;;1589;970;970;325;645;61.04;33.51
181707_18078_42065;1;;1853;803;803;175;628;43.34;21.79
181707_18079_42065;2;;2334;1002;1002;162;840;42.93;16.17
181707_18080_42065;3;;951;520;520;133;387;54.68;25.58
181707_18081_42065;4;;1714;855;855;150;705;49.88;17.54
181707_18082_42065;5;;1144;582;582;89;493;50.87;15.29
181707_18083_42065;6;;1091;416;416;52;364;38.13;12.50
181707_18084_42065;7;;572;249;249;76;173;43.53;30.52
181707_18085_42065;8;;957;447;447;151;296;46.71;33.78
181708_18086_42065;1;;1582;661;661;106;555;41.78;16.04
181708_18087_42065;2;;1060;477;477;59;418;45.00;12.37
181708_18088_42065;3;;636;333;333;48;285;52.36;14.41
181708_18089_42065;4;;1327;571;571;83;488;43.03;14.54
181708_18090_42065;5;;1060;478;478;77;401;45.09;16.11
181708_18091_42065;6;;740;287;287;32;255;38.78;11.15
181708_18092_42065;7;;1113;488;488;116;372;43.85;23.77
181801_18093_42063;1;;1535;759;759;88;671;49.45;11.59
181801_18094_42063;2;;1864;957;957;136;821;51.34;14.21
181801_18095_42063;3;;1914;848;848;88;760;44.31;10.38
181801_18096_42063;4;;1250;561;561;70;491;44.88;12.48
181801_18097_42063;5;;1268;568;568;67;501;44.79;11.80
181801_18098_42063;6;;1222;486;486;80;406;39.77;16.46
181801_18099_42063;7;;1180;536;536;63;473;45.42;11.75
181801_18100_42063;8;;1445;631;631;87;544;43.67;13.79
181801_18101_42063;9;;1571;717;717;102;615;45.64;14.23
181801_18102_42063;10;;1378;649;649;80;569;47.10;12.33
181801_18103_42063;11;;1229;533;533;59;474;43.37;11.07
181801_18104_42063;12;;1417;683;683;74;609;48.20;10.83
181801_18105_42063;13;;1657;695;695;74;621;41.94;10.65
181801_18106_42063;14;;1401;581;581;65;516;41.47;11.19
181801_18107_42063;15;;1358;637;637;90;547;46.91;14.13
181801_18108_42063;16;;1386;562;562;84;478;40.55;14.95
181801_18109_42063;17;;1290;584;584;102;482;45.27;17.47
181801_18110_42063;18;;1545;720;720;81;639;46.60;11.25
181801_18111_42063;19;;1281;556;556;64;492;43.40;11.51
181801_18112_42063;20;;1291;574;574;71;503;44.46;12.37
181801_18113_42063;21;;1734;810;810;68;742;46.71;8.40
181801_18114_42063;22;;1146;567;567;68;499;49.48;11.99
181801_18115_42063;23;;1198;529;529;58;471;44.16;10.96
181801_18116_42063;24;;2060;943;943;133;810;45.78;14.10
181801_18117_42063;25;;1045;497;497;77;420;47.56;15.49
181801_18118_42063;26;;1325;649;649;77;572;48.98;11.86
181801_18119_42063;27;;1646;783;783;96;687;47.57;12.26
181801_18120_42063;28;;1834;764;764;92;672;41.66;12.04
181801_18121_42063;29;;1296;532;532;76;456;41.05;14.29
181801_18122_42063;30;;1764;869;869;80;789;49.26;9.21
181801_18123_42063;31;;1565;648;648;99;549;41.41;15.28
181801_18124_42063;32;;2079;871;871;141;730;41.90;16.19
181801_18125_42063;33;;1273;618;619;77;541;48.55;12.46
181801_18126_42063;34;;957;431;431;74;357;45.04;17.17
181801_18127_42063;35;;1975;882;882;143;739;44.66;16.21
181801_30114_42063;36;;209;115;115;23;92;55.02;20.00
181801_30115_42063;37;;75;34;34;5;29;45.33;14.71
181801_30116_42063;38;;82;16;16;3;13;19.51;18.75
181802_18128_42063;1;;661;363;363;61;302;54.92;16.80
181802_18129_42063;2;;487;268;268;38;230;55.03;14.18
181802_18130_42063;3;;270;159;159;37;122;58.89;23.27
181802_18131_42063;4;;291;145;145;23;122;49.83;15.86
181802_18132_42063;5;;194;112;112;7;105;57.73;6.25
181802_18133_42063;6;;498;243;243;36;207;48.80;14.81
181802_18134_42063;7;;1293;651;651;140;511;50.35;21.51
181802_18135_42063;8;;534;307;307;68;239;57.49;22.15
181802_18136_42063;9;;1109;589;589;127;462;53.11;21.56
181802_18137_42063;10;;355;202;202;13;189;56.90;6.44
181802_18138_42063;11;;266;143;143;34;109;53.76;23.78
181803_18139_42063;1;;1935;789;904;0;789;40.78;0.00
181803_18140_42063;2;;2377;1014;1014;142;872;42.66;14.00
181803_18141_42063;3;;609;261;261;26;235;42.86;9.96
181803_18142_42063;4;;1023;488;488;71;417;47.70;14.55
181803_18143_42063;5;;894;396;396;87;309;44.30;21.97
181803_18144_42063;6;;271;117;117;21;96;43.17;17.95
181803_18145_42063;7;;308;125;125;24;101;40.58;19.20
181803_18146_42063;8;;1090;512;512;60;452;46.97;11.72
181804_18147_42063;1;;1401;676;676;176;500;48.25;26.04
181804_18148_42063;2;;1150;548;548;113;435;47.65;20.62
181804_18149_42063;3;;1148;597;597;118;479;52.00;19.77
181804_18150_42063;4;;1210;444;444;87;357;36.69;19.59
181804_18151_42063;5;;1082;392;392;63;329;36.23;16.07
181805_18152_42063;1;;1490;877;877;206;671;58.86;23.49
181805_18153_42063;2;;985;541;541;162;379;54.92;29.94
181805_18154_42063;3;;225;97;97;23;74;43.11;23.71
181805_18155_42063;4;;1333;803;803;139;664;60.24;17.31
181805_18156_42063;5;;304;170;170;54;116;55.92;31.76
181805_18157_42063;6;;372;200;200;35;165;53.76;17.50
181805_18158_42063;7;;1186;554;554;119;435;46.71;21.48
181805_18159_42063;8;;1004;449;449;95;354;44.72;21.16
181805_18160_42063;9;;192;95;95;19;76;49.48;20.00
181805_30117_42063;10;;63;61;61;0;61;96.83;0.00
181806_18161_42063;1;;1037;558;558;120;438;53.81;21.51
181806_18162_42063;2;;1039;576;576;97;479;55.44;16.84
181806_18163_42063;3;;1219;523;523;104;419;42.90;19.89
181806_18164_42063;4;;1070;598;598;153;445;55.89;25.59
181806_18165_42063;5;;713;364;364;73;291;51.05;20.05
181806_18166_42063;6;;778;435;435;133;302;55.91;30.57
181806_18167_42063;7;;690;391;391;123;268;56.67;31.46
181806_18168_42063;8;;918;433;433;86;347;47.17;19.86
181806_18169_42063;9;;503;206;206;39;167;40.95;18.93
181806_18170_42063;10;;496;253;253;43;210;51.01;17.00
181806_18171_42063;11;;351;205;205;24;181;58.40;11.71
181901_18172_42062;1;;2442;1495;1496;233;1262;61.22;15.59
181901_18173_42062;2;;1523;784;784;160;624;51.48;20.41
181901_18174_42062;3;;999;510;510;64;446;51.05;12.55
181901_18175_42062;4;;1157;512;512;99;413;44.25;19.34
181901_18176_42062;5;;868;477;477;49;428;54.95;10.27
181901_18177_42062;6;;682;421;421;82;339;61.73;19.48
181901_18178_42062;7;;1533;814;814;197;617;53.10;24.20
181901_18179_42062;8;;198;101;101;28;73;51.01;27.72
181902_18180_42062;1;;939;517;517;70;447;55.06;13.54
181902_18181_42062;2;;1204;690;690;151;539;57.31;21.88
181902_18182_42062;3;;685;270;270;53;217;39.42;19.63
181902_18183_42062;4;;910;397;397;85;312;43.63;21.41
181902_18184_42062;5;;199;113;113;17;96;56.78;15.04
181902_18185_42062;6;;654;314;314;58;256;48.01;18.47
181902_18186_42062;7;;848;397;397;92;305;46.82;23.17
181902_18187_42062;8;;657;369;369;66;303;56.16;17.89
181902_18188_42062;9;;476;262;262;43;219;55.04;16.41
181902_18189_42062;10;;712;365;366;68;297;51.26;18.63
181902_18190_42062;11;;1160;618;618;159;459;53.28;25.73
181903_18191_42062;1;;479;298;298;55;243;62.21;18.46
181903_18192_42062;2;;321;196;196;49;147;61.06;25.00
181903_18193_42062;3;;264;140;140;23;117;53.03;16.43
181903_18194_42062;4;;1011;654;654;141;513;64.69;21.56
181903_18195_42062;5;;358;228;228;53;175;63.69;23.25
181903_18196_42062;6;;1090;553;553;112;441;50.73;20.25
181903_18197_42062;7;;1788;784;784;177;607;43.85;22.58
181903_18198_42062;8;;951;558;558;94;464;58.68;16.85
181903_18199_42062;9;;1265;631;631;112;519;49.88;17.75
181903_18200_42062;10;;811;508;508;127;381;62.64;25.00
181903_18201_42062;11;;214;128;128;30;98;59.81;23.44
181904_18202_42062;1;;1595;719;719;104;615;45.08;14.46
181904_18203_42062;2;;1887;907;907;104;803;48.07;11.47
181904_18204_42062;3;;1396;760;760;85;675;54.44;11.18
181904_18205_42062;4;;733;331;331;53;278;45.16;16.01
181904_18206_42062;5;;1600;741;741;127;614;46.31;17.14
181904_18207_42062;6;;265;137;137;30;107;51.70;21.90
181904_18208_42062;7;;242;98;98;18;80;40.50;18.37
181904_18209_42062;8;;327;120;120;17;103;36.70;14.17
181904_18210_42062;9;;129;67;67;9;58;51.94;13.43
181904_18211_42062;10;;471;202;202;36;166;42.89;17.82
181904_18212_42062;11;;688;308;308;33;275;44.77;10.71
181904_18213_42062;12;;703;332;332;37;295;47.23;11.14
181904_18214_42062;13;;1810;806;806;134;672;44.53;16.63
181904_18215_42062;14;;723;408;408;95;313;56.43;23.28
181904_18216_42062;15;;126;62;62;7;55;49.21;11.29
181904_18217_42062;16;;787;315;315;43;272;40.03;13.65
181904_18218_42062;17;;908;431;431;72;359;47.47;16.71
181904_18219_42062;18;;1404;796;796;114;682;56.70;14.32
181904_18220_42062;19;;840;371;371;59;312;44.17;15.90
181904_18221_42062;20;;276;138;138;13;125;50.00;9.42
181904_30118_42062;21;;77;19;19;4;15;24.68;21.05
181905_18222_42062;1;;1347;799;799;151;648;59.32;18.90
181905_18223_42062;2;;790;355;355;50;305;44.94;14.08
181905_18224_42062;3;;472;261;261;46;215;55.30;17.62
181905_18225_42062;4;;349;205;205;35;170;58.74;17.07
181905_18226_42062;5;;334;177;177;28;149;52.99;15.82
181905_18227_42062;6;;641;299;299;67;232;46.65;22.41
181905_18228_42062;7;;459;237;237;40;197;51.63;16.88
181905_18229_42062;8;;240;126;126;27;99;52.50;21.43
181905_18230_42062;9;;974;509;509;94;415;52.26;18.47
181905_18231_42062;10;;281;185;185;30;155;65.84;16.22
181905_18232_42062;11;;367;151;151;36;115;41.14;23.84
181905_18233_42062;12;;203;101;101;28;73;49.75;27.72
181905_18234_42062;13;;277;172;172;27;145;62.09;15.70
182001_18235_42063;1;;1268;682;682;114;568;53.79;16.72
182001_18236_42063;2;;2186;1114;1115;178;936;50.96;15.98
182001_18237_42063;3;;703;435;435;98;337;61.88;22.53
182001_18238_42063;4;;1004;451;451;77;374;44.92;17.07
182001_18239_42063;5;;572;300;300;60;240;52.45;20.00
182001_18240_42063;6;;498;246;246;50;196;49.40;20.33
182001_18241_42063;7;;1780;889;889;180;709;49.94;20.25
182001_18242_42063;8;;580;296;296;45;251;51.03;15.20
182001_18243_42063;9;;303;128;128;29;99;42.24;22.66
182001_18244_42063;10;;248;154;154;27;127;62.10;17.53
182001_18245_42063;11;;267;169;169;38;131;63.30;22.49
182001_18246_42063;12;;490;250;250;55;195;51.02;22.00
182002_18247_42063;1;;1706;831;831;157;674;48.71;18.89
182002_18248_42063;2;;1306;648;648;95;553;49.62;14.66
182002_18249_42063;3;;1481;695;695;139;556;46.93;20.00
182002_18250_42063;4;;1191;686;686;110;576;57.60;16.03
182002_18251_42063;5;;251;166;166;18;148;66.14;10.84
182002_18252_42063;6;;158;117;117;25;92;74.05;21.37
182002_18253_42063;7;;1271;638;638;74;564;50.20;11.60
182002_18254_42063;8;;1257;652;652;101;551;51.87;15.49
182002_18255_42063;9;;1542;649;649;97;552;42.09;14.95
182002_18256_42063;10;;189;126;126;28;98;66.67;22.22
182002_18257_42063;11;;583;318;318;80;238;54.55;25.16
182003_18258_42063;1;;2068;1408;1408;344;1064;68.09;24.43
182003_18259_42063;2;;385;251;251;62;189;65.19;24.70
182003_18260_42063;3;;562;398;398;68;330;70.82;17.09
182003_18261_42063;4;;1061;684;684;195;489;64.47;28.51
182003_18262_42063;5;;1572;794;794;155;639;50.51;19.52
182003_18263_42063;6;;698;396;396;64;332;56.73;16.16
182003_18264_42063;7;;617;430;430;89;341;69.69;20.70
182003_18265_42063;8;;1016;708;708;146;562;69.69;20.62
182004_18266_42063;1;;1179;524;524;80;444;44.44;15.27
182004_18267_42063;2;;1133;552;552;119;433;48.72;21.56
182004_18268_42063;3;;2175;1022;1022;163;859;46.99;15.95
182004_18269_42063;4;;1955;888;888;175;713;45.42;19.71
182004_18270_42063;5;;1539;772;772;152;620;50.16;19.69
182004_18271_42063;6;;1532;736;737;134;602;48.04;18.21
182004_18272_42063;7;;635;325;325;63;262;51.18;19.38
182004_18273_42063;8;;1689;807;807;136;671;47.78;16.85
182004_18274_42063;9;;895;407;407;71;336;45.47;17.44
182004_18275_42063;10;;1278;574;574;121;453;44.91;21.08
182004_18276_42063;11;;568;281;281;42;239;49.47;14.95
182004_18277_42063;12;;715;416;416;79;337;58.18;18.99
182004_30119_42063;13;;39;35;35;2;33;89.74;5.71
182004_30120_42063;14;;109;25;25;7;18;22.94;28.00
182004_30121_42063;15;;28;17;17;5;12;60.71;29.41
182004_30122_42063;16;;5;3;3;0;3;60.00;0.00
182004_30123_42063;17;;109;24;24;7;17;22.02;29.17
182101_18278_42065;1;;1498;963;963;194;769;64.29;20.15
182101_18279_42065;2;;599;391;391;124;267;65.28;31.71
182101_18280_42065;3;;578;380;380;78;302;65.74;20.53
182101_30124_42065;4;;34;34;34;12;22;100.00;35.29
182102_18281_42065;1;;882;528;528;147;381;59.86;27.84
182102_18282_42065;2;;569;346;346;87;259;60.81;25.14
182103_18283_42065;1;;1180;588;588;73;515;49.83;12.41
182103_18284_42065;2;;1306;615;615;71;544;47.09;11.54
182103_18285_42065;3;;1280;581;581;85;496;45.39;14.63
182103_18286_42065;4;;1068;509;509;70;439;47.66;13.75
182103_18287_42065;5;;744;380;380;69;311;51.08;18.16
182103_18288_42065;6;;702;317;317;56;261;45.16;17.67
182103_18289_42065;7;;611;321;321;67;254;52.54;20.87
182103_18290_42065;8;;739;357;357;81;276;48.31;22.69
182103_18291_42065;9;;740;350;350;90;260;47.30;25.71
182103_18292_42065;10;;1084;484;484;69;415;44.65;14.26
182103_30125_42065;11;;64;9;9;2;7;14.06;22.22
182103_30126_42065;12;;37;19;19;11;8;51.35;57.89
182104_18293_42065;1;;1319;567;567;123;444;42.99;21.69
182104_18294_42065;2;;1706;679;679;115;564;39.80;16.94
182104_18295_42065;3;;537;252;252;57;195;46.93;22.62
182104_18296_42065;4;;587;324;324;105;219;55.20;32.41
182104_30127_42065;5;;183;26;26;12;14;14.21;46.15
182105_18297_42065;1;;684;415;415;94;321;60.67;22.65
182105_18298_42065;2;;322;210;210;54;156;65.22;25.71
182105_18299_42065;3;;723;516;516;157;359;71.37;30.43
182105_18300_42065;4;;454;265;265;47;218;58.37;17.74
182105_18301_42065;5;;721;448;448;130;318;62.14;29.02
182105_18302_42065;6;;499;328;328;74;254;65.73;22.56
182105_18303_42065;7;;695;432;432;111;321;62.16;25.69
182105_18304_42065;8;;426;243;243;45;198;57.04;18.52
186101_18305_42065;1;;2366;1155;1155;110;1045;48.82;9.52
186101_18306_42065;2;;1829;754;754;75;679;41.22;9.95
186101_18307_42065;3;;2006;887;887;75;812;44.22;8.46
186101_18308_42065;4;;1207;597;597;67;530;49.46;11.22
186101_18309_42065;5;;1381;672;672;70;602;48.66;10.42
186101_18310_42065;6;;1600;690;690;76;614;43.12;11.01
186101_18311_42065;7;;2148;816;816;92;724;37.99;11.27
186101_18312_42065;8;;1307;517;517;37;480;39.56;7.16
186101_18313_42065;9;;771;309;309;31;278;40.08;10.03
186101_18314_42065;10;;1487;725;725;58;667;48.76;8.00
186101_18315_42065;11;;1319;638;638;54;584;48.37;8.46
186101_18316_42065;12;;496;248;248;23;225;50.00;9.27
186101_18317_42065;13;;1642;740;740;101;639;45.07;13.65
186101_18318_42065;14;;1837;838;838;87;751;45.62;10.38
186101_18319_42065;15;;1532;736;737;73;663;48.04;9.92
186101_18320_42065;16;;1689;710;710;79;631;42.04;11.13
186101_18321_42065;17;;1158;553;553;47;506;47.75;8.50
186101_18322_42065;18;;1479;625;625;74;551;42.26;11.84
186101_18323_42065;19;;1287;490;490;60;430;38.07;12.24
186101_18324_42065;20;;2398;1311;1311;79;1232;54.67;6.03
186101_18325_42065;21;;1725;844;844;73;771;48.93;8.65
186101_18326_42065;22;;2027;905;905;94;811;44.65;10.39
186101_18327_42065;23;;1742;811;811;86;725;46.56;10.60
186101_18328_42065;24;;2086;938;939;89;849;44.97;9.49
186101_30128_42065;25;;81;47;47;1;46;58.02;2.13
186101_30129_42065;26;;27;11;11;4;7;40.74;36.36
186101_30130_42065;27;;256;58;58;5;53;22.66;8.62
186101_30131_42065;28;;74;12;12;1;11;16.22;8.33
186201_18329_42064;1;;1165;564;564;45;519;48.41;7.98
186201_18330_42064;2;;1896;896;896;112;784;47.26;12.50
186201_18331_42064;3;;2147;1008;1008;95;913;46.95;9.42
186201_18332_42064;4;;2156;996;996;111;885;46.20;11.14
186201_18333_42064;5;;1050;461;461;45;416;43.90;9.76
186201_18334_42064;6;;1460;682;682;67;615;46.71;9.82
186201_18335_42064;7;;875;436;436;58;378;49.83;13.30
186201_18336_42064;8;;2054;959;959;146;813;46.69;15.22
186201_18337_42064;9;;2154;1068;1068;123;945;49.58;11.52
186201_18338_42064;10;;2099;938;940;95;843;44.69;10.13
186201_18339_42064;11;;1843;876;876;60;816;47.53;6.85
186201_18340_42064;12;;1735;866;866;73;793;49.91;8.43
186201_18341_42064;13;;1845;899;899;96;803;48.73;10.68
186201_18342_42064;14;;2219;1139;1139;96;1043;51.33;8.43
186201_18343_42064;15;;1829;932;932;79;853;50.96;8.48
186201_18344_42064;16;;1733;857;857;99;758;49.45;11.55
186201_18345_42064;17;;1116;514;514;71;443;46.06;13.81
186201_18346_42064;18;;2235;908;908;104;804;40.63;11.45
186201_18347_42064;19;;1376;582;582;76;506;42.30;13.06
186201_18348_42064;20;;2020;883;883;104;779;43.71;11.78
186201_18349_42064;21;;1184;448;448;71;377;37.84;15.85
186201_18350_42064;22;;1187;555;555;59;496;46.76;10.63
186201_18351_42064;23;;2049;737;737;109;628;35.97;14.79
186201_18352_42064;24;;1371;632;632;62;570;46.10;9.81
186201_18353_42064;25;;1684;640;640;98;542;38.00;15.31
186201_18354_42064;26;;882;316;316;54;262;35.83;17.09
186201_18355_42064;27;;1996;820;820;99;721;41.08;12.07
186201_18356_42064;28;;1789;748;749;110;638;41.81;14.71
186201_18357_42064;29;;2130;958;958;76;882;44.98;7.93
186201_18358_42064;30;;1366;595;595;55;540;43.56;9.24
186201_18359_42064;31;;521;244;244;37;207;46.83;15.16
186201_30132_42064;32;;130;60;60;8;52;46.15;13.33
186201_30133_42064;33;;121;17;17;1;16;14.05;5.88
186201_30134_42064;34;;77;48;48;5;43;62.34;10.42
186201_30135_42064;35;;32;26;26;3;23;81.25;11.54
186201_30136_42064;36;;54;40;40;11;29;74.07;27.50
186201_30137_42064;37;;276;66;66;6;60;23.91;9.09
186201_30138_42064;38;;136;52;52;13;39;38.24;25.00
186201_30139_42064;39;;48;28;28;6;22;58.33;21.43
186301_18360_42061;1;;1833;695;695;67;628;37.92;9.64
186301_18361_42061;2;;1798;686;686;67;619;38.15;9.77
186301_18362_42061;3;;1668;698;698;78;620;41.85;11.17
186301_18363_42061;4;;985;435;435;36;399;44.16;8.28
186301_18364_42061;5;;2151;1119;1119;78;1041;52.02;6.97
186301_18365_42061;6;;1891;780;780;56;724;41.25;7.18
186301_18366_42061;7;;1234;612;612;51;561;49.59;8.33
186301_18367_42061;8;;1718;838;838;89;749;48.78;10.62
186301_18368_42061;9;;1414;609;609;61;548;43.07;10.02
186301_18369_42061;10;;2028;895;895;90;805;44.13;10.06
186301_18370_42061;11;;1892;823;823;73;750;43.50;8.87
186301_18371_42061;12;;2026;879;879;67;812;43.39;7.62
186301_18372_42061;13;;1875;792;792;68;724;42.24;8.59
186301_18373_42061;14;;1330;494;494;52;442;37.14;10.53
186301_18374_42061;15;;1405;637;638;40;597;45.34;6.28
186301_18375_42061;16;;2226;1135;1135;96;1039;50.99;8.46
186301_18376_42061;17;;1994;1019;1019;79;940;51.10;7.75
186301_18377_42061;18;;1805;944;946;79;865;52.30;8.37
186301_18378_42061;19;;2092;1079;1079;157;922;51.58;14.55
186301_18379_42061;20;;1464;579;579;55;524;39.55;9.50
186301_18380_42061;21;;1563;646;646;64;582;41.33;9.91
186301_18381_42061;22;;1219;394;394;37;357;32.32;9.39
186301_18382_42061;23;;1819;695;695;108;587;38.21;15.54
186301_18383_42061;24;;1568;743;743;61;682;47.39;8.21
186301_18384_42061;25;;1577;778;778;56;722;49.33;7.20
186301_18385_42061;26;;1493;809;809;61;748;54.19;7.54
186301_18386_42061;27;;1453;721;721;41;680;49.62;5.69
186301_18387_42061;28;;1653;717;717;67;650;43.38;9.34
186301_18388_42061;29;;1855;838;838;81;757;45.18;9.67
186301_18389_42061;30;;1825;881;881;94;787;48.27;10.67
186301_18390_42061;31;;1821;790;790;64;726;43.38;8.10
186301_18391_42061;32;;1519;614;614;72;542;40.42;11.73
186301_18392_42061;33;;1640;683;683;45;638;41.65;6.59
186301_18393_42061;34;;1706;927;927;45;882;54.34;4.85
186301_18394_42061;35;;1615;825;825;60;765;51.08;7.27
186301_18395_42061;36;;1450;782;782;45;737;53.93;5.75
186301_18396_42061;37;;1968;911;911;102;809;46.29;11.20
186301_18397_42061;38;;1119;505;505;52;453;45.13;10.30
186301_18398_42061;39;;1555;705;705;65;640;45.34;9.22
186301_18399_42061;40;;1795;808;808;83;725;45.01;10.27
186301_18400_42061;41;;1390;512;512;42;470;36.83;8.20
186301_18401_42061;42;;1663;742;742;61;681;44.62;8.22
186301_18402_42061;43;;1771;781;781;86;695;44.10;11.01
186301_18403_42061;44;;1993;858;860;86;772;43.05;10.02
186301_18404_42061;45;;1861;883;883;127;756;47.45;14.38
186301_18405_42061;46;;2109;1024;1024;71;953;48.55;6.93
186301_18406_42061;47;;1953;942;942;61;881;48.23;6.48
186301_18407_42061;48;;1671;913;913;57;856;54.64;6.24
186301_18408_42061;49;;1234;654;654;62;592;53.00;9.48
186301_18409_42061;50;;1715;856;856;56;800;49.91;6.54
186301_18410_42061;51;;2060;1045;1045;92;953;50.73;8.80
186301_18411_42061;52;;1850;1029;1029;60;969;55.62;5.83
186301_18412_42061;53;;1856;1049;1049;111;938;56.52;10.58
186301_18413_42061;54;;1248;663;663;39;624;53.12;5.88
186301_18414_42061;55;;1860;850;850;68;782;45.70;8.00
186301_18415_42061;56;;1573;712;712;52;660;45.26;7.30
186301_18416_42061;57;;1343;568;568;51;517;42.29;8.98
186301_18417_42061;58;;1965;987;987;66;921;50.23;6.69
186301_18418_42061;59;;1498;649;649;25;624;43.32;3.85
186301_18419_42061;60;;1951;842;842;69;773;43.16;8.19
186301_18420_42061;61;;1694;826;826;64;762;48.76;7.75
186301_18421_42061;62;;1409;650;650;62;588;46.13;9.54
186301_18422_42061;63;;1556;722;722;52;670;46.40;7.20
186301_18423_42061;64;;1318;631;631;40;591;47.88;6.34
186301_18424_42061;65;;1492;741;741;47;694;49.66;6.34
186301_18425_42061;66;;1732;890;890;87;803;51.39;9.78
186301_18426_42061;67;;1700;777;777;106;671;45.71;13.64
186301_18427_42061;68;;1538;648;648;56;592;42.13;8.64
186301_18428_42061;69;;1795;897;897;55;842;49.97;6.13
186301_18429_42061;70;;2092;1067;1067;52;1015;51.00;4.87
186301_18430_42061;71;;2098;1101;1101;75;1026;52.48;6.81
186301_18431_42061;72;;1860;898;898;53;845;48.28;5.90
186301_18432_42061;73;;1761;862;863;75;787;48.95;8.70
186301_18433_42061;74;;1420;670;670;36;634;47.18;5.37
186301_18434_42061;75;;1468;730;730;102;628;49.73;13.97
186301_18435_42061;76;;1826;908;908;51;857;49.73;5.62
186301_18436_42061;77;;1731;1003;1004;48;955;57.94;4.79
186301_18437_42061;78;;1634;762;762;82;680;46.63;10.76
186301_18438_42061;79;;1284;611;612;83;528;47.59;13.58
186301_18439_42061;80;;1373;813;813;71;742;59.21;8.73
186301_18440_42061;81;;1869;955;955;79;876;51.10;8.27
186301_18441_42061;82;;675;407;407;29;378;60.30;7.13
186301_18442_42061;83;;1995;1066;1066;73;993;53.43;6.85
186301_18443_42061;84;;1890;919;919;118;801;48.62;12.84
186301_30777_42061;85;;407;60;60;5;55;14.74;8.33
186301_30778_42061;86;;483;25;25;1;24;5.18;4.00
186301_30779_42061;87;;107;19;19;1;18;17.76;5.26
186301_30780_42061;88;;122;7;7;0;7;5.74;0.00
186301_30781_42061;89;;86;16;16;2;14;18.60;12.50
186301_30782_42061;90;;84;0;0;0;0;0.00;NA
186301_30783_42061;91;;74;37;37;6;31;50.00;16.22
186301_30784_42061;92;;40;14;14;4;10;35.00;28.57
186301_30785_42061;93;;579;107;107;38;69;18.48;35.51
186401_18444_42063;1;;1733;762;762;95;667;43.97;12.47
186401_18445_42063;2;;1943;893;893;104;789;45.96;11.65
186401_18446_42063;3;;1278;567;567;63;504;44.37;11.11
186401_18447_42063;4;;1584;706;706;76;630;44.57;10.76
186401_18448_42063;5;;1735;795;795;70;725;45.82;8.81
186401_18449_42063;6;;1721;707;707;87;620;41.08;12.31
186401_18450_42063;7;;1860;835;835;78;757;44.89;9.34
186401_18451_42063;8;;1612;769;769;88;681;47.70;11.44
186401_18452_42063;9;;1713;736;736;64;672;42.97;8.70
186401_18453_42063;10;;777;343;343;38;305;44.14;11.08
186401_18454_42063;11;;544;284;284;23;261;52.21;8.10
186401_18455_42063;12;;1269;649;649;55;594;51.14;8.47
186401_18456_42063;13;;1526;779;779;73;706;51.05;9.37
186401_18457_42063;14;;1444;680;680;85;595;47.09;12.50
186401_18458_42063;15;;918;524;524;62;462;57.08;11.83
186401_18459_42063;16;;138;104;104;7;97;75.36;6.73
186401_18460_42063;17;;425;234;234;23;211;55.06;9.83
186401_18461_42063;18;;2042;1001;1001;133;868;49.02;13.29
186401_18462_42063;19;;1813;879;879;103;776;48.48;11.72
186401_18463_42063;20;;1918;892;892;117;775;46.51;13.12
186401_18464_42063;21;;391;174;174;30;144;44.50;17.24
186401_18465_42063;22;;928;466;466;49;417;50.22;10.52
186401_18466_42063;23;;1443;641;641;67;574;44.42;10.45
186401_18467_42063;24;;1125;590;590;52;538;52.44;8.81
186401_18468_42063;25;;1282;684;684;40;644;53.35;5.85
186401_18469_42063;26;;1792;948;948;136;812;52.90;14.35
186401_18470_42063;27;;1327;696;696;75;621;52.45;10.78
186401_18471_42063;28;;772;428;428;47;381;55.44;10.98
186401_18472_42063;29;;428;250;250;31;219;58.41;12.40
186401_18473_42063;30;;1287;682;682;95;587;52.99;13.93
186401_18474_42063;31;;783;442;442;51;391;56.45;11.54
186401_30140_42063;32;;57;26;26;11;15;45.61;42.31
186401_30141_42063;33;;122;50;50;6;44;40.98;12.00
186401_30142_42063;34;;46;18;18;5;13;39.13;27.78
200101_18475_42117;1;;974;490;490;94;396;50.31;19.18
200101_18476_42117;2;;1116;472;472;91;381;42.29;19.28
200101_18477_42117;3;;840;423;423;54;369;50.36;12.77
200101_18478_42117;4;;1099;468;468;68;400;42.58;14.53
200101_18479_42117;5;;766;363;363;54;309;47.39;14.88
200101_18480_42117;6;;1208;531;531;109;422;43.96;20.53
200101_18481_42117;7;;1013;491;491;64;427;48.47;13.03
200101_18482_42117;8;;1066;433;433;83;350;40.62;19.17
200101_18483_42117;9;;1121;541;541;88;453;48.26;16.27
200101_18484_42117;10;;1344;546;546;88;458;40.62;16.12
200101_18485_42117;11;;1291;589;589;90;499;45.62;15.28
200101_18486_42117;12;;1223;604;604;83;521;49.39;13.74
200101_18487_42117;13;;1308;657;657;111;546;50.23;16.89
200101_18488_42117;14;;1390;680;680;64;616;48.92;9.41
200101_18489_42117;15;;1537;709;709;86;623;46.13;12.13
200101_18490_42117;16;;1122;539;539;55;484;48.04;10.20
200101_18491_42117;17;;1131;515;515;63;452;45.53;12.23
200101_18492_42117;18;;1477;747;747;81;666;50.58;10.84
200101_18493_42117;19;;1008;488;488;82;406;48.41;16.80
200101_18494_42117;20;;1167;619;619;101;518;53.04;16.32
200101_18495_42117;21;;1019;470;470;104;366;46.12;22.13
200101_30143_42117;22;;55;7;7;0;7;12.73;0.00
200101_30144_42117;23;;67;31;31;4;27;46.27;12.90
200102_18496_42117;1;;882;429;429;57;372;48.64;13.29
200102_18497_42117;2;;710;230;230;59;171;32.39;25.65
200102_18498_42117;3;;1638;680;680;101;579;41.51;14.85
200102_18499_42117;4;;671;262;262;49;213;39.05;18.70
200102_18500_42117;5;;979;426;426;123;303;43.51;28.87
200102_18501_42117;6;;571;204;204;34;170;35.73;16.67
200103_18502_42117;1;;2279;1060;1060;223;837;46.51;21.04
200103_18503_42117;2;;850;380;380;83;297;44.71;21.84
200103_18504_42117;3;;1440;617;617;183;434;42.85;29.66
200104_18505_42117;1;;1266;712;712;171;541;56.24;24.02
200104_18506_42117;2;;593;330;330;96;234;55.65;29.09
200104_18507_42117;3;;614;389;389;166;223;63.36;42.67
200104_18508_42117;4;;2106;1217;1217;284;933;57.79;23.34
200105_18509_42117;1;;584;374;374;87;287;64.04;23.26
200105_18510_42117;2;;575;399;399;70;329;69.39;17.54
200105_18511_42117;3;;672;436;436;108;328;64.88;24.77
200105_18512_42117;4;;608;398;398;96;302;65.46;24.12
200106_18513_42117;1;;1533;943;944;176;767;61.51;18.66
200106_18514_42117;2;;642;371;371;118;253;57.79;31.81
200107_18515_42117;1;;1899;1037;1037;196;841;54.61;18.90
200107_18516_42117;2;;1108;604;604;156;448;54.51;25.83
200107_18517_42117;3;;1352;588;588;120;468;43.49;20.41
200201_18518_42119;1;;2217;1207;1207;220;987;54.44;18.23
200201_18519_42119;2;;1737;880;880;130;750;50.66;14.77
200201_18520_42119;3;;769;388;388;56;332;50.46;14.43
200201_18521_42119;4;;770;360;360;77;283;46.75;21.39
200201_18522_42119;5;;666;332;332;75;257;49.85;22.59
200201_18523_42119;6;;1802;901;901;124;777;50.00;13.76
200201_18524_42119;7;;1280;686;686;88;598;53.59;12.83
200201_18525_42119;8;;1038;527;527;84;443;50.77;15.94
200201_18526_42119;9;;958;545;545;90;455;56.89;16.51
200201_30145_42119;10;;183;89;89;15;74;48.63;16.85
200202_18527_42119;1;;2086;985;985;191;794;47.22;19.39
200202_18528_42119;2;;1871;882;882;180;702;47.14;20.41
200202_18529_42119;3;;1555;789;790;119;670;50.74;15.08
200202_18530_42119;4;;1361;656;656;161;495;48.20;24.54
200202_18531_42119;5;;1172;573;573;135;438;48.89;23.56
200202_18532_42119;6;;419;224;224;62;162;53.46;27.68
200202_18533_42119;7;;811;399;399;81;318;49.20;20.30
200203_18534_42119;1;;1945;1027;1027;172;855;52.80;16.75
200203_18535_42119;2;;1107;555;555;117;438;50.14;21.08
200203_18536_42119;3;;1637;813;813;201;612;49.66;24.72
200203_18537_42119;4;;999;494;494;108;386;49.45;21.86
200203_18538_42119;5;;1315;615;615;88;527;46.77;14.31
200204_18539_42119;1;;838;495;495;85;410;59.07;17.17
200204_18540_42119;2;;840;460;460;85;375;54.76;18.48
200204_18541_42119;3;;777;415;415;79;336;53.41;19.04
200204_18542_42119;4;;370;202;202;57;145;54.59;28.22
200204_18543_42119;5;;234;103;103;26;77;44.02;25.24
200204_18544_42119;6;;215;118;118;15;103;54.88;12.71
200204_18545_42119;7;;245;132;132;15;117;53.88;11.36
200204_18546_42119;8;;559;315;315;42;273;56.35;13.33
200204_18547_42119;9;;324;142;142;16;126;43.83;11.27
200204_18548_42119;10;;291;164;164;36;128;56.36;21.95
200205_18549_42119;1;;1110;675;675;165;510;60.81;24.44
200205_18550_42119;2;;835;467;467;77;390;55.93;16.49
200205_18551_42119;3;;1023;576;576;96;480;56.30;16.67
200205_18552_42119;4;;660;418;418;96;322;63.33;22.97
200205_18553_42119;5;;731;390;390;43;347;53.35;11.03
200205_18554_42119;6;;935;461;461;52;409;49.30;11.28
200205_18555_42119;7;;754;452;452;71;381;59.95;15.71
200205_18556_42119;8;;584;308;308;31;277;52.74;10.06
200205_18557_42119;9;;1546;701;701;107;594;45.34;15.26
200205_18558_42119;10;;1490;757;757;104;653;50.81;13.74
200205_18559_42119;11;;816;282;282;38;244;34.56;13.48
200205_18560_42119;12;;1444;622;622;121;501;43.07;19.45
200205_30146_42119;13;;78;40;40;10;30;51.28;25.00
200206_18561_42119;1;;802;428;428;76;352;53.37;17.76
200206_18562_42119;2;;1208;539;539;65;474;44.62;12.06
200206_18563_42119;3;;1634;836;836;148;688;51.16;17.70
200206_18564_42119;4;;401;231;231;35;196;57.61;15.15
200206_18565_42119;5;;1197;662;662;90;572;55.30;13.60
200206_18566_42119;6;;2082;1079;1079;130;949;51.83;12.05
200206_18567_42119;7;;2232;1046;1046;122;924;46.86;11.66
200206_18568_42119;8;;923;511;511;50;461;55.36;9.78
200206_18569_42119;9;;796;420;420;40;380;52.76;9.52
200206_18570_42119;10;;2333;1221;1222;193;1028;52.34;15.81
200206_18571_42119;11;;965;517;517;53;464;53.58;10.25
200206_18572_42119;12;;957;401;401;56;345;41.90;13.97
200206_18573_42119;13;;844;471;471;62;409;55.81;13.16
200206_18574_42119;14;;1962;867;867;118;749;44.19;13.61
200206_30147_42119;15;;90;44;44;26;18;48.89;59.09
200206_30148_42119;16;;34;14;14;4;10;41.18;28.57
200207_18575_42119;1;;1211;792;792;215;577;65.40;27.15
200207_18576_42119;2;;1129;731;731;140;591;64.75;19.15
200207_18577_42119;3;;848;548;548;124;424;64.62;22.63
200207_18578_42119;4;;287;174;174;32;142;60.63;18.39
200207_18579_42119;5;;197;99;99;23;76;50.25;23.23
200207_18580_42119;6;;422;235;235;63;172;55.69;26.81
200207_18581_42119;7;;424;229;229;61;168;54.01;26.64
200207_18582_42119;8;;379;181;181;30;151;47.76;16.57
200207_18583_42119;9;;618;326;326;95;231;52.75;29.14
200207_18584_42119;10;;294;158;158;38;120;53.74;24.05
200207_30149_42119;11;;74;51;51;16;35;68.92;31.37
200207_30150_42119;12;;40;21;21;4;17;52.50;19.05
200208_18585_42119;1;;1136;594;594;115;479;52.29;19.36
200208_18586_42119;2;;1064;513;513;94;419;48.21;18.32
200208_18587_42119;3;;782;385;385;97;288;49.23;25.19
200209_18588_42119;1;;1600;850;850;159;691;53.12;18.71
200209_18589_42119;2;;1265;739;739;143;596;58.42;19.35
200209_18590_42119;3;;1583;858;858;141;717;54.20;16.43
200209_18591_42119;4;;219;134;134;28;106;61.19;20.90
200209_18592_42119;5;;1293;650;650;127;523;50.27;19.54
200209_18593_42119;6;;1900;814;814;105;709;42.84;12.90
200209_18594_42119;7;;1581;668;668;77;591;42.25;11.53
200209_18595_42119;8;;973;440;440;50;390;45.22;11.36
200209_18596_42119;9;;1029;580;580;124;456;56.37;21.38
200210_18597_42119;1;;889;579;579;141;438;65.13;24.35
200210_18598_42119;2;;297;187;187;44;143;62.96;23.53
200210_18599_42119;3;;222;130;130;20;110;58.56;15.38
200210_18600_42119;4;;243;164;164;24;140;67.49;14.63
200211_18601_42119;1;;1424;849;849;124;725;59.62;14.61
200211_18602_42119;2;;798;492;492;93;399;61.65;18.90
200211_18603_42119;3;;1112;625;625;191;434;56.21;30.56
200211_18604_42119;4;;432;251;251;55;196;58.10;21.91
200211_18605_42119;5;;1034;607;607;70;537;58.70;11.53
200212_18606_42119;1;;1612;858;858;150;708;53.23;17.48
200212_18607_42119;2;;687;282;282;43;239;41.05;15.25
200212_18608_42119;3;;442;214;214;40;174;48.42;18.69
200212_18609_42119;4;;518;233;233;55;178;44.98;23.61
200212_18610_42119;5;;398;195;195;23;172;48.99;11.79
200212_18611_42119;6;;604;290;290;69;221;48.01;23.79
200212_18612_42119;7;;737;278;278;59;219;37.72;21.22
200212_18613_42119;8;;242;150;150;20;130;61.98;13.33
200212_30151_42119;9;;34;34;34;10;24;100.00;29.41
200213_18614_42119;1;;1888;913;913;143;770;48.36;15.66
200213_18615_42119;2;;2202;1121;1121;167;954;50.91;14.90
200213_18616_42119;3;;1453;731;731;119;612;50.31;16.28
200213_18617_42119;4;;1266;582;582;81;501;45.97;13.92
200213_18618_42119;5;;1899;996;996;128;868;52.45;12.85
200213_18619_42119;6;;1446;762;762;92;670;52.70;12.07
200213_18620_42119;7;;1615;748;748;111;637;46.32;14.84
200214_18621_42119;1;;553;276;276;52;224;49.91;18.84
200214_18622_42119;2;;558;239;239;56;183;42.83;23.43
200214_18623_42119;3;;751;389;389;97;292;51.80;24.94
200214_18624_42119;4;;451;217;217;48;169;48.12;22.12
200214_18625_42119;5;;1037;492;492;104;388;47.44;21.14
200214_18626_42119;6;;495;259;259;36;223;52.32;13.90
200214_18627_42119;7;;1009;453;453;89;364;44.90;19.65
200214_18628_42119;8;;494;218;218;44;174;44.13;20.18
200214_18629_42119;9;;974;496;496;131;365;50.92;26.41
200214_18630_42119;10;;1027;546;546;128;418;53.16;23.44
200215_18631_42119;1;;1594;925;925;195;730;58.03;21.08
200215_18632_42119;2;;807;428;428;136;292;53.04;31.78
200301_18633_42119;1;;947;435;435;66;369;45.93;15.17
200301_18634_42119;2;;1164;566;566;75;491;48.63;13.25
200301_18635_42119;3;;2051;930;930;161;769;45.34;17.31
200301_18636_42119;4;;1122;536;536;64;472;47.77;11.94
200301_18637_42119;5;;2170;1006;1006;151;855;46.36;15.01
200301_18638_42119;6;;2039;946;946;128;818;46.40;13.53
200301_18639_42119;7;;2092;969;969;163;806;46.32;16.82
200301_18640_42119;8;;1941;973;973;127;846;50.13;13.05
200301_18641_42119;9;;1016;489;489;45;444;48.13;9.20
200301_18642_42119;10;;2178;1131;1131;152;979;51.93;13.44
200301_18643_42119;11;;1884;882;882;107;775;46.82;12.13
200301_18644_42119;12;;2011;1004;1004;98;906;49.93;9.76
200301_18645_42119;13;;1086;527;527;60;467;48.53;11.39
200301_30152_42119;14;;116;56;56;15;41;48.28;26.79
200302_18646_42119;1;;1541;901;901;128;773;58.47;14.21
200302_30153_42119;3;;97;48;48;27;21;49.48;56.25
200303_18648_42119;1;;857;464;464;87;377;54.14;18.75
200303_18649_42119;2;;822;435;435;58;377;52.92;13.33
200303_18650_42119;3;;715;385;385;74;311;53.85;19.22
200303_18651_42119;4;;446;260;260;40;220;58.30;15.38
200303_18652_42119;5;;785;421;421;71;350;53.63;16.86
200303_18653_42119;6;;461;296;296;40;256;64.21;13.51
200303_18654_42119;7;;809;432;432;56;376;53.40;12.96
200303_18655_42119;8;;784;355;355;26;329;45.28;7.32
200303_18656_42119;9;;516;265;265;51;214;51.36;19.25
200304_18657_42119;1;;532;310;310;61;249;58.27;19.68
200304_18658_42119;2;;1538;909;909;115;794;59.10;12.65
200304_18659_42119;3;;801;424;424;93;331;52.93;21.93
200304_18660_42119;4;;562;316;316;41;275;56.23;12.97
200304_18661_42119;5;;506;302;302;36;266;59.68;11.92
200305_18662_42119;1;;631;318;318;72;246;50.40;22.64
200305_18663_42119;2;;349;220;220;43;177;63.04;19.55
200305_18664_42119;3;;820;389;389;37;352;47.44;9.51
200305_18665_42119;4;;326;194;194;22;172;59.51;11.34
200305_18666_42119;5;;916;558;558;100;458;60.92;17.92
200305_18667_42119;6;;679;369;369;61;308;54.34;16.53
200305_18668_42119;7;;719;449;449;63;386;62.45;14.03
200305_18669_42119;8;;409;231;231;39;192;56.48;16.88
200305_18670_42119;9;;280;158;158;25;133;56.43;15.82
200306_18671_42119;1;;795;563;563;138;425;70.82;24.51
200306_18672_42119;2;;888;549;549;157;392;61.82;28.60
200306_18673_42119;3;;326;220;220;50;170;67.48;22.73
200306_18674_42119;4;;345;231;231;84;147;66.96;36.36
200306_18675_42119;5;;285;170;170;55;115;59.65;32.35
200307_18676_42119;1;;1291;571;571;117;454;44.23;20.49
200307_18677_42119;2;;370;175;175;46;129;47.30;26.29
200308_18678_42119;1;;819;425;425;99;326;51.89;23.29
200308_18679_42119;2;;1328;681;681;112;569;51.28;16.45
200308_18680_42119;3;;1717;937;937;124;813;54.57;13.23
200401_18681_42118;1;;1607;872;872;108;764;54.26;12.39
200401_18682_42118;2;;1526;774;774;158;616;50.72;20.41
200401_18683_42118;3;;1533;750;750;124;626;48.92;16.53
200401_18684_42118;4;;797;417;417;67;350;52.32;16.07
200401_18685_42118;5;;1294;688;688;115;573;53.17;16.72
200401_18686_42118;6;;1100;560;560;81;479;50.91;14.46
200401_18687_42118;7;;1464;809;809;171;638;55.26;21.14
200401_18688_42118;8;;1617;748;748;174;574;46.26;23.26
200401_18689_42118;9;;1318;604;604;93;511;45.83;15.40
200401_18690_42118;10;;1233;636;636;102;534;51.58;16.04
200401_18691_42118;11;;1577;802;802;120;682;50.86;14.96
200401_18692_42118;12;;1546;795;795;128;667;51.42;16.10
200401_18693_42118;13;;1186;609;609;113;496;51.35;18.56
200401_30154_42118;14;;67;22;22;4;18;32.84;18.18
200402_18694_42118;1;;918;489;489;120;369;53.27;24.54
200402_18695_42118;2;;983;548;548;115;433;55.75;20.99
200402_18696_42118;3;;649;343;343;71;272;52.85;20.70
200402_18697_42118;4;;842;429;429;76;353;50.95;17.72
200402_18698_42118;5;;813;490;490;81;409;60.27;16.53
200402_18699_42118;6;;565;327;327;76;251;57.88;23.24
200403_18700_42118;1;;333;172;172;14;158;51.65;8.14
200403_18701_42118;2;;205;131;131;29;102;63.90;22.14
200403_18702_42118;3;;678;406;406;128;278;59.88;31.53
200403_18703_42118;4;;529;312;312;67;245;58.98;21.47
200403_18704_42118;5;;426;221;221;63;158;51.88;28.51
200403_18705_42118;6;;363;165;165;37;128;45.45;22.42
200403_18706_42118;7;;424;251;251;66;185;59.20;26.29
200403_18707_42118;8;;1189;658;658;129;529;55.34;19.60
200404_18708_42118;1;;1778;934;934;246;688;52.53;26.34
200404_18709_42118;2;;578;304;304;66;238;52.60;21.71
200404_18710_42118;3;;622;340;340;71;269;54.66;20.88
200404_18711_42118;4;;489;270;270;108;162;55.21;40.00
200404_18712_42118;5;;1000;543;543;116;427;54.30;21.36
200405_18713_42118;1;;1130;620;620;115;505;54.87;18.55
200405_18714_42118;2;;1111;656;656;144;512;59.05;21.95
200405_18715_42118;3;;659;346;346;74;272;52.50;21.39
200405_18716_42118;4;;953;548;548;104;444;57.50;18.98
200405_18717_42118;5;;781;422;422;118;304;54.03;27.96
200405_18718_42118;6;;626;348;348;84;264;55.59;24.14
200406_18719_42118;1;;1058;455;455;86;369;43.01;18.90
200406_18720_42118;2;;836;392;392;99;293;46.89;25.26
200406_18721_42118;3;;621;350;350;56;294;56.36;16.00
200406_18722_42118;4;;572;245;245;69;176;42.83;28.16
200501_18723_42119;1;;1633;786;786;97;689;48.13;12.34
200501_18724_42119;2;;1483;529;529;85;444;35.67;16.07
200501_18725_42119;3;;1582;651;651;133;518;41.15;20.43
200501_18726_42119;4;;1688;644;644;116;528;38.15;18.01
200501_18727_42119;5;;1942;784;784;109;675;40.37;13.90
200501_18728_42119;6;;874;309;309;45;264;35.35;14.56
200501_18729_42119;7;;957;411;411;40;371;42.95;9.73
200501_18730_42119;8;;1694;682;682;87;595;40.26;12.76
200501_18731_42119;9;;1652;639;639;102;537;38.68;15.96
200501_18732_42119;10;;815;362;362;36;326;44.42;9.94
200501_18733_42119;11;;1825;825;825;111;714;45.21;13.45
200501_18734_42119;12;;1882;802;802;121;681;42.61;15.09
200501_30155_42119;13;;137;26;26;6;20;18.98;23.08
200501_30156_42119;14;;44;0;0;0;0;0.00;NA
200501_30157_42119;15;;94;18;18;2;16;19.15;11.11
200502_18735_42119;1;;1666;939;939;173;766;56.36;18.42
200502_18736_42119;2;;263;111;111;30;81;42.21;27.03
200502_30158_42119;3;;49;23;23;8;15;46.94;34.78
200503_18737_42119;1;;2088;1226;1226;282;944;58.72;23.00
200503_18738_42119;2;;873;471;480;133;338;53.95;28.24
200504_18739_42119;1;;701;474;474;59;415;67.62;12.45
200504_18740_42119;2;;478;268;268;37;231;56.07;13.81
200504_18741_42119;3;;521;276;276;37;239;52.98;13.41
200504_18742_42119;4;;287;159;159;13;146;55.40;8.18
200505_18743_42119;1;;832;407;407;66;341;48.92;16.22
200505_18744_42119;2;;424;190;190;34;156;44.81;17.89
200505_18745_42119;3;;241;114;114;17;97;47.30;14.91
200506_18746_42119;1;;534;303;303;47;256;56.74;15.51
200506_18747_42119;2;;506;250;250;39;211;49.41;15.60
200506_18748_42119;3;;566;318;318;46;272;56.18;14.47
200506_18749_42119;4;;476;283;283;41;242;59.45;14.49
200506_18750_42119;5;;499;277;277;42;235;55.51;15.16
200506_18751_42119;6;;434;252;252;37;215;58.06;14.68
200506_18752_42119;7;;481;270;270;54;216;56.13;20.00
200507_18753_42119;1;;1393;880;881;194;686;63.17;22.05
200507_18754_42119;2;;197;115;115;26;89;58.38;22.61
200507_18755_42119;3;;380;198;198;35;163;52.11;17.68
200507_18756_42119;4;;385;257;257;23;234;66.75;8.95
200508_18757_42119;1;;1750;987;987;397;590;56.40;40.22
200508_18758_42119;2;;544;267;267;61;206;49.08;22.85
200508_18759_42119;3;;268;146;146;16;130;54.48;10.96
200508_18760_42119;4;;423;222;222;43;179;52.48;19.37
200508_18761_42119;5;;260;105;105;10;95;40.38;9.52
200509_18762_42119;1;;989;508;508;77;431;51.37;15.16
200509_18763_42119;2;;856;480;480;89;391;56.07;18.54
200509_18764_42119;3;;619;360;360;76;284;58.16;21.11
200509_18765_42119;4;;872;459;459;46;413;52.64;10.02
200601_18766_42118;1;;605;296;296;64;232;48.93;21.62
200601_18767_42118;2;;637;301;301;49;252;47.25;16.28
200601_18768_42118;3;;1188;559;559;81;478;47.05;14.49
200601_18769_42118;4;;1125;603;603;145;458;53.60;24.05
200601_18770_42118;5;;920;434;434;93;341;47.17;21.43
200601_18771_42118;6;;1011;441;441;100;341;43.62;22.68
200601_18772_42118;7;;1081;489;489;79;410;45.24;16.16
200601_18773_42118;8;;1284;624;624;69;555;48.60;11.06
200601_18774_42118;9;;740;330;330;58;272;44.59;17.58
200601_30159_42118;10;;77;8;8;2;6;10.39;25.00
200602_18775_42118;1;;384;262;262;66;196;68.23;25.19
200602_18776_42118;2;;879;520;520;116;404;59.16;22.31
200602_18777_42118;3;;959;546;546;112;434;56.93;20.51
200602_18779_42118;5;;261;148;148;33;115;56.70;22.30
200603_18780_42118;1;;784;424;424;102;322;54.08;24.06
200603_18781_42118;2;;616;345;345;71;274;56.01;20.58
200603_18782_42118;3;;829;518;518;91;427;62.48;17.57
200603_18783_42118;4;;688;429;429;105;324;62.35;24.48
200603_18784_42118;5;;604;385;385;106;279;63.74;27.53
200603_18785_42118;6;;663;443;443;60;383;66.82;13.54
200603_18786_42118;7;;587;343;343;72;271;58.43;20.99
200603_18787_42118;8;;437;280;280;24;256;64.07;8.57
200603_18788_42118;9;;434;259;259;74;185;59.68;28.57
200603_18789_42118;10;;779;513;513;97;416;65.85;18.91
200603_18790_42118;11;;539;331;331;75;256;61.41;22.66
200604_18791_42118;1;;830;437;437;69;368;52.65;15.79
200604_18792_42118;2;;1416;721;721;166;555;50.92;23.02
200604_18793_42118;3;;1446;659;659;158;501;45.57;23.98
200604_18794_42118;4;;395;164;164;35;129;41.52;21.34
200605_18795_42118;1;;1089;564;564;119;445;51.79;21.10
200605_18796_42118;2;;852;468;468;125;343;54.93;26.71
200605_18797_42118;3;;995;605;605;146;459;60.80;24.13
200605_18798_42118;4;;299;181;181;24;157;60.54;13.26
200605_18799_42118;5;;579;311;311;48;263;53.71;15.43
200605_18800_42118;6;;268;178;178;41;137;66.42;23.03
200605_18801_42118;7;;704;448;448;125;323;63.64;27.90
200605_18802_42118;8;;424;233;233;69;164;54.95;29.61
200606_18803_42118;1;;1075;595;595;157;438;55.35;26.39
200606_18804_42118;2;;1062;580;580;95;485;54.61;16.38
200606_18805_42118;3;;645;329;329;78;251;51.01;23.71
200606_18806_42118;4;;1215;615;615;95;520;50.62;15.45
200701_18807_42118;1;;890;500;500;131;369;56.18;26.20
200701_18808_42118;2;;896;575;575;137;438;64.17;23.83
200701_18809_42118;3;;1032;608;608;114;494;58.91;18.75
200701_18810_42118;4;;966;585;585;118;467;60.56;20.17
200701_18811_42118;5;;785;458;458;115;343;58.34;25.11
200702_18812_42118;1;;613;310;310;36;274;50.57;11.61
200702_18813_42118;2;;1500;734;734;100;634;48.93;13.62
200702_18814_42118;3;;581;376;376;90;286;64.72;23.94
200702_18815_42118;4;;564;288;288;114;174;51.06;39.58
200702_18816_42118;5;;630;332;332;60;272;52.70;18.07
200702_18817_42118;6;;1122;618;618;125;493;55.08;20.23
200702_18818_42118;7;;531;278;278;49;229;52.35;17.63
200702_18819_42118;8;;425;219;219;54;165;51.53;24.66
200702_18820_42118;9;;472;226;226;33;193;47.88;14.60
200702_18821_42118;10;;425;285;285;39;246;67.06;13.68
200702_18822_42118;11;;842;473;473;58;415;56.18;12.26
200702_18823_42118;12;;300;202;202;46;156;67.33;22.77
200702_18824_42118;13;;713;396;396;54;342;55.54;13.64
200703_18825_42118;1;;741;452;452;104;348;61.00;23.01
200703_18826_42118;2;;844;436;436;116;320;51.66;26.61
200703_18827_42118;3;;790;417;417;115;302;52.78;27.58
200703_18828_42118;4;;1037;523;523;116;407;50.43;22.18
200704_18829_42118;1;;422;265;265;54;211;62.80;20.38
200704_18830_42118;2;;1131;584;584;122;462;51.64;20.89
200704_18831_42118;3;;846;452;452;128;324;53.43;28.32
200704_18832_42118;4;;870;501;501;87;414;57.59;17.37
200705_18833_42118;1;;1815;949;949;161;788;52.29;16.97
200705_18834_42118;2;;1164;570;600;138;432;48.97;24.21
200705_18835_42118;3;;1218;597;597;108;489;49.01;18.09
200705_18836_42118;4;;997;559;559;178;381;56.07;31.84
200705_18837_42118;5;;1007;473;473;112;361;46.97;23.68
200705_18838_42118;6;;528;289;289;48;241;54.73;16.61
200705_18839_42118;7;;546;252;252;74;178;46.15;29.37
200705_18840_42118;8;;1204;564;564;136;428;46.84;24.11
200706_18841_42118;1;;365;178;178;52;126;48.77;29.21
200706_18842_42118;2;;591;333;333;62;271;56.35;18.62
200706_18843_42118;3;;245;169;169;30;139;68.98;17.75
200706_18844_42118;4;;596;328;328;71;257;55.03;21.65
200707_18845_42118;1;;514;247;248;48;199;48.05;19.43
200707_18846_42118;2;;813;466;466;85;381;57.32;18.24
200707_18847_42118;3;;999;616;616;131;485;61.66;21.27
200707_18848_42118;4;;1100;647;647;136;511;58.82;21.02
200707_18849_42118;5;;1089;688;688;105;583;63.18;15.26
200708_18850_42118;1;;337;184;184;42;142;54.60;22.83
200708_18851_42118;2;;405;236;236;79;157;58.27;33.47
200708_18852_42118;3;;1185;709;709;126;583;59.83;17.77
200708_18853_42118;4;;989;488;488;120;368;49.34;24.59
200708_18854_42118;5;;573;336;336;64;272;58.64;19.05
200709_18855_42118;1;;989;466;466;71;395;47.12;15.24
200709_18856_42118;2;;692;321;321;63;258;46.39;19.63
200709_18857_42118;3;;692;322;322;72;250;46.53;22.36
200709_18858_42118;4;;741;218;218;55;163;29.42;25.23
200709_18859_42118;5;;403;142;142;28;114;35.24;19.72
200801_18860_42117;1;;1988;1167;1167;233;934;58.70;19.97
200801_18861_42117;2;;690;370;370;66;304;53.62;17.84
200801_18862_42117;3;;642;355;355;63;292;55.30;17.75
200801_18863_42117;4;;410;217;217;42;175;52.93;19.35
200801_18864_42117;5;;471;216;216;36;180;45.86;16.67
200802_18865_42117;1;;1201;644;644;191;453;53.62;29.66
200802_18866_42117;2;;1237;669;669;127;542;54.08;18.98
200803_18867_42117;1;;1867;632;632;112;520;33.85;17.72
200803_18868_42117;2;;954;377;377;55;322;39.52;14.59
200803_18869_42117;3;;1518;576;576;96;480;37.94;16.67
200803_30160_42117;4;;36;32;32;5;27;88.89;15.62
200804_18870_42117;1;;1692;970;970;207;763;57.33;21.34
200804_18871_42117;2;;1599;859;859;208;651;53.72;24.21
200804_18872_42117;3;;716;394;394;76;318;55.03;19.29
200805_18873_42117;1;;1787;888;888;130;758;49.69;14.64
200805_18874_42117;2;;974;453;453;72;381;46.51;15.89
200805_18875_42117;3;;524;267;267;41;226;50.95;15.36
200806_18876_42117;1;;1652;801;801;112;689;48.49;13.98
200806_18877_42117;2;;1747;796;796;101;695;45.56;12.69
200806_18878_42117;3;;1604;757;757;73;684;47.19;9.64
200806_18879_42117;4;;1586;679;679;111;568;42.81;16.35
200806_18880_42117;5;;1715;876;876;96;780;51.08;10.96
200806_18881_42117;6;;1764;830;830;115;715;47.05;13.86
200806_18882_42117;7;;996;484;484;70;414;48.59;14.46
200806_18883_42117;8;;733;256;256;54;202;34.92;21.09
200806_18884_42117;9;;818;362;362;70;292;44.25;19.34
200806_30161_42117;10;;90;29;29;8;21;32.22;27.59
200806_30162_42117;11;;31;17;17;5;12;54.84;29.41
200807_18885_42117;1;;1321;739;739;169;570;55.94;22.87
200807_18886_42117;2;;1312;713;713;186;527;54.34;26.09
200807_18887_42117;3;;529;286;286;63;223;54.06;22.03
200807_18888_42117;4;;617;279;279;75;204;45.22;26.88
200901_18889_42117;1;;1516;721;721;119;602;47.56;16.50
200901_18890_42117;2;;1550;800;800;93;707;51.61;11.62
200901_18891_42117;3;;1546;833;833;126;707;53.88;15.13
200901_30163_42117;4;;45;24;24;0;24;53.33;0.00
200902_18892_42117;1;;903;633;633;95;538;70.10;15.01
200902_18893_42117;2;;391;280;280;41;239;71.61;14.64
200902_18894_42117;3;;486;298;298;39;259;61.32;13.09
200902_18895_42117;4;;236;137;137;37;100;58.05;27.01
200902_18896_42117;5;;376;238;238;39;199;63.30;16.39
200903_18897_42117;1;;900;526;526;132;394;58.44;25.10
200903_18898_42117;2;;849;590;590;127;463;69.49;21.53
200903_18899_42117;3;;845;431;431;56;375;51.01;12.99
200903_18900_42117;4;;323;178;178;37;141;55.11;20.79
200903_18901_42117;5;;267;135;135;30;105;50.56;22.22
200904_18902_42117;1;;1374;670;670;71;599;48.76;10.60
200904_18903_42117;2;;515;265;265;49;216;51.46;18.49
200904_18904_42117;3;;679;317;317;53;264;46.69;16.72
200904_18905_42117;4;;993;625;625;101;524;62.94;16.16
200905_18906_42117;1;;1589;846;846;133;713;53.24;15.72
200905_18907_42117;2;;414;205;205;27;178;49.52;13.17
200905_18908_42117;3;;426;217;217;30;187;50.94;13.82
200905_18909_42117;4;;248;175;175;40;135;70.56;22.86
200905_18910_42117;5;;751;438;438;71;367;58.32;16.21
201001_18911_42119;1;;1903;999;1000;149;850;52.50;14.91
201001_18912_42119;2;;1152;572;572;91;481;49.65;15.91
201001_18913_42119;3;;1368;666;666;95;571;48.68;14.26
201001_18914_42119;4;;2121;903;903;129;774;42.57;14.29
201001_18915_42119;5;;1961;880;880;136;744;44.88;15.45
201001_18916_42119;6;;721;336;336;71;265;46.60;21.13
201001_18917_42119;7;;1968;923;923;132;791;46.90;14.30
201001_18918_42119;8;;1024;504;504;52;452;49.22;10.32
201001_30164_42119;9;;60;39;39;13;26;65.00;33.33
201001_30165_42119;10;;102;22;22;3;19;21.57;13.64
201002_18919_42119;1;;1801;934;934;128;806;51.86;13.70
201002_18920_42119;2;;1338;716;716;110;606;53.51;15.36
201002_18921_42119;3;;817;412;412;75;337;50.43;18.20
201002_18922_42119;4;;509;237;237;22;215;46.56;9.28
201002_18923_42119;5;;1072;462;462;84;378;43.10;18.18
201003_18924_42119;1;;886;524;524;93;431;59.14;17.75
201003_18925_42119;2;;297;154;154;36;118;51.85;23.38
201003_18926_42119;3;;639;382;382;61;321;59.78;15.97
201003_18927_42119;4;;644;363;363;84;279;56.37;23.14
201004_18928_42119;1;;463;248;248;51;197;53.56;20.56
201004_18929_42119;2;;1044;646;646;131;515;61.88;20.28
201004_18930_42119;3;;801;446;446;74;372;55.68;16.59
201004_18931_42119;4;;602;293;293;44;249;48.67;15.02
201004_18932_42119;5;;745;403;403;44;359;54.09;10.92
201005_18933_42119;1;;495;330;330;103;227;66.67;31.21
201005_18934_42119;2;;1214;834;834;202;632;68.70;24.22
201005_18935_42119;3;;602;433;433;91;342;71.93;21.02
201006_18936_42119;1;;863;618;618;124;494;71.61;20.06
201006_18937_42119;2;;314;192;192;47;145;61.15;24.48
201006_18938_42119;3;;242;138;138;46;92;57.02;33.33
201006_18939_42119;4;;141;96;96;28;68;68.09;29.17
201006_18940_42119;5;;215;165;165;26;139;76.74;15.76
201007_18941_42119;1;;1412;742;743;184;558;52.55;24.80
201007_18942_42119;2;;1218;566;566;117;449;46.47;20.67
201007_18943_42119;3;;658;304;304;70;234;46.20;23.03
201007_18944_42119;4;;362;162;162;36;126;44.75;22.22
201008_18945_42119;1;;206;93;93;24;69;45.15;25.81
201008_18946_42119;2;;1718;775;775;81;694;45.11;10.45
201008_18947_42119;3;;453;177;177;35;142;39.07;19.77
201008_18948_42119;4;;159;52;52;4;48;32.70;7.69
201009_18949_42119;1;;443;186;186;43;143;41.99;23.12
201009_18950_42119;2;;601;300;300;50;250;49.92;16.67
201009_18951_42119;3;;668;336;336;40;296;50.30;11.90
201009_18952_42119;4;;690;334;334;71;263;48.41;21.26
201009_18953_42119;5;;1079;529;530;140;389;49.03;26.47
201009_18954_42119;6;;991;559;559;93;466;56.41;16.64
201009_18955_42119;7;;333;141;141;23;118;42.34;16.31
201009_18956_42119;8;;378;172;172;18;154;45.50;10.47
201101_18957_42117;1;;1562;792;792;134;658;50.70;16.92
201101_18958_42117;2;;1220;530;530;86;444;43.44;16.23
201101_18959_42117;3;;1601;780;780;96;684;48.72;12.31
201101_18960_42117;4;;1198;569;569;68;501;47.50;11.95
201101_18961_42117;5;;825;414;414;76;338;50.18;18.36
201101_18962_42117;6;;1122;473;473;71;402;42.16;15.01
201101_18963_42117;7;;848;361;361;64;297;42.57;17.73
201101_18964_42117;8;;786;368;368;67;301;46.82;18.21
201101_18965_42117;9;;651;322;322;42;280;49.46;13.04
201101_18966_42117;10;;377;198;198;29;169;52.52;14.65
201102_18967_42117;1;;1493;825;825;143;682;55.26;17.33
201102_18968_42117;2;;717;391;391;46;345;54.53;11.76
201102_18969_42117;3;;392;186;186;50;136;47.45;26.88
201102_18970_42117;4;;992;517;517;92;425;52.12;17.79
201103_18971_42117;1;;341;121;121;14;107;35.48;11.57
201103_18972_42117;2;;2018;718;718;69;649;35.58;9.61
201103_18973_42117;3;;359;107;107;10;97;29.81;9.35
201104_18974_42117;1;;205;124;124;25;99;60.49;20.16
201104_18975_42117;2;;416;229;229;78;151;55.05;34.06
201104_18976_42117;3;;1338;883;883;214;669;65.99;24.24
201104_18977_42117;4;;881;518;518;122;396;58.80;23.55
201105_18978_42117;1;;1160;733;733;157;576;63.19;21.42
201105_18979_42117;2;;1043;651;651;133;518;62.42;20.43
201105_18980_42117;3;;446;286;286;80;206;64.13;27.97
201105_18981_42117;4;;431;293;293;48;245;67.98;16.38
201105_18982_42117;5;;408;256;256;45;211;62.75;17.58
201106_18983_42117;1;;1323;936;936;134;802;70.75;14.32
201106_18984_42117;2;;482;347;347;75;272;71.99;21.61
201106_18985_42117;3;;632;448;448;123;325;70.89;27.46
201107_18986_42117;1;;1492;903;903;155;748;60.52;17.17
201107_18987_42117;2;;531;308;308;66;242;58.00;21.43
201107_18988_42117;3;;543;326;326;76;250;60.04;23.31
201107_18989_42117;4;;510;286;286;53;233;56.08;18.53
201108_18990_42117;1;;1089;584;584;88;496;53.63;15.07
201108_18991_42117;2;;1092;599;599;88;511;54.85;14.69
201108_18992_42117;3;;965;643;643;115;528;66.63;17.88
201108_18993_42117;4;;1016;522;522;107;415;51.38;20.50
201108_18994_42117;5;;1031;542;542;95;447;52.57;17.53
201108_18995_42117;6;;955;511;511;147;364;53.51;28.77
201108_18996_42117;7;;1073;500;500;79;421;46.60;15.80
201108_18997_42117;8;;1016;477;477;49;428;46.95;10.27
201108_18998_42117;9;;1139;610;610;81;529;53.56;13.28
201108_18999_42117;10;;720;353;353;91;262;49.03;25.78
201108_19000_42117;11;;935;442;442;65;377;47.27;14.71
201108_19001_42117;12;;1209;673;673;57;616;55.67;8.47
201108_19002_42117;13;;981;510;510;76;434;51.99;14.90
201108_19003_42117;14;;1030;535;535;68;467;51.94;12.71
201108_19004_42117;15;;918;461;461;42;419;50.22;9.11
201108_19005_42117;16;;1014;405;405;51;354;39.94;12.59
201108_19006_42117;17;;1005;521;521;60;461;51.84;11.52
201108_19007_42117;18;;1019;481;481;74;407;47.20;15.38
201108_19008_42117;19;;1061;484;484;55;429;45.62;11.36
201108_19009_42117;20;;952;449;449;70;379;47.16;15.59
201108_19010_42117;21;;1215;548;548;73;475;45.10;13.32
201108_30167_42117;22;;34;33;33;5;28;97.06;15.15
201109_19011_42117;1;;873;340;340;44;296;38.95;12.94
201109_19012_42117;2;;315;139;139;14;125;44.13;10.07
201109_19013_42117;3;;994;511;511;94;417;51.41;18.40
201109_19014_42117;4;;887;511;511;68;443;57.61;13.31
201109_19015_42117;5;;1242;569;569;67;502;45.81;11.78
201109_19016_42117;6;;887;372;372;54;318;41.94;14.52
201109_19017_42117;7;;717;324;324;45;279;45.19;13.89
201110_19018_42117;1;;1419;804;804;107;697;56.66;13.31
201110_19019_42117;2;;362;180;180;37;143;49.72;20.56
201110_19020_42117;3;;924;522;522;139;383;56.49;26.63
201201_19021_42117;1;;800;491;491;113;378;61.38;23.01
201201_19022_42117;2;;664;383;383;71;312;57.68;18.54
201201_19023_42117;3;;706;407;407;91;316;57.65;22.36
201201_19024_42117;4;;404;209;209;65;144;51.73;31.10
201202_19025_42117;1;;1420;575;575;124;451;40.49;21.57
201202_19026_42117;2;;1735;773;773;183;590;44.55;23.67
201202_19027_42117;3;;483;199;199;58;141;41.20;29.15
201203_19028_42117;1;;325;214;214;35;179;65.85;16.36
201203_19029_42117;2;;1179;746;746;244;502;63.27;32.71
201203_19030_42117;3;;1047;645;645;154;491;61.60;23.88
201204_19031_42117;1;;603;380;380;87;293;63.02;22.89
201204_19032_42117;2;;1168;699;699;204;495;59.85;29.18
201204_19033_42117;3;;683;457;457;91;366;66.91;19.91
201205_19034_42117;1;;570;297;297;75;222;52.11;25.25
201205_19035_42117;2;;1457;688;688;201;487;47.22;29.22
201205_19036_42117;3;;1876;942;942;200;742;50.21;21.23
201205_19037_42117;4;;547;279;279;70;209;51.01;25.09
201205_19038_42117;5;;410;196;196;41;155;47.80;20.92
201206_19039_42117;1;;1725;701;701;127;574;40.64;18.12
201206_19040_42117;2;;283;143;143;24;119;50.53;16.78
201207_19041_42117;1;;1171;590;590;71;519;50.38;12.03
201207_19042_42117;2;;433;226;226;32;194;52.19;14.16
201207_19043_42117;3;;1048;536;536;78;458;51.15;14.55
201207_19044_42117;4;;2137;1094;1094;148;946;51.19;13.53
201207_19045_42117;5;;753;424;424;73;351;56.31;17.22
201207_19046_42117;6;;459;259;259;47;212;56.43;18.15
201208_19047_42117;1;;1326;700;700;165;535;52.79;23.57
201208_19048_42117;2;;486;220;220;63;157;45.27;28.64
201208_19049_42117;3;;863;524;524;173;351;60.72;33.02
201208_19050_42117;4;;597;335;335;77;258;56.11;22.99
201209_19051_42117;1;;783;510;510;80;430;65.13;15.69
201209_19052_42117;2;;878;596;596;127;469;67.88;21.31
201209_19053_42117;3;;383;262;262;45;217;68.41;17.18
201301_19054_42119;1;;1894;1093;1093;92;1001;57.71;8.42
201301_19055_42119;2;;1528;831;831;117;714;54.38;14.08
201301_19056_42119;3;;1755;897;897;68;829;51.11;7.58
201301_19057_42119;4;;1405;763;763;99;664;54.31;12.98
201301_19058_42119;5;;1100;604;604;67;537;54.91;11.09
201301_30168_42119;6;;59;26;26;8;18;44.07;30.77
201302_19059_42119;1;;1377;582;582;102;480;42.27;17.53
201302_19060_42119;2;;1023;457;457;67;390;44.67;14.66
201302_19061_42119;3;;505;228;228;19;209;45.15;8.33
201302_19062_42119;4;;984;463;463;71;392;47.05;15.33
201302_19063_42119;5;;833;400;400;61;339;48.02;15.25
201302_19064_42119;6;;369;149;149;30;119;40.38;20.13
201302_19065_42119;7;;376;145;145;15;130;38.56;10.34
201302_19066_42119;8;;344;192;192;23;169;55.81;11.98
201302_19067_42119;9;;292;178;178;15;163;60.96;8.43
201302_19068_42119;10;;214;125;125;18;107;58.41;14.40
201302_19069_42119;11;;418;196;196;31;165;46.89;15.82
201302_19070_42119;12;;169;77;77;13;64;45.56;16.88
201302_19071_42119;13;;212;112;112;30;82;52.83;26.79
201302_19072_42119;14;;338;143;143;21;122;42.31;14.69
201302_30169_42119;15;;43;28;28;9;19;65.12;32.14
201302_30170_42119;16;;50;7;7;0;7;14.00;0.00
201303_19073_42119;1;;1442;751;751;183;568;52.08;24.37
201303_19074_42119;2;;1160;534;534;93;441;46.03;17.42
201303_19075_42119;3;;918;389;389;72;317;42.37;18.51
201303_19076_42119;4;;614;297;297;57;240;48.37;19.19
201303_19077_42119;5;;1187;607;607;110;497;51.14;18.12
201304_19078_42119;1;;1370;847;847;124;723;61.82;14.64
201304_19079_42119;2;;1222;724;724;126;598;59.25;17.40
201304_19080_42119;3;;1173;691;691;121;570;58.91;17.51
201305_19081_42119;1;;738;399;399;85;314;54.07;21.30
201305_19082_42119;2;;709;398;398;55;343;56.14;13.82
201305_19083_42119;3;;742;402;402;58;344;54.18;14.43
201305_19084_42119;4;;633;322;322;43;279;50.87;13.35
201306_19085_42119;1;;635;393;393;50;343;61.89;12.72
201306_19086_42119;2;;757;408;408;98;310;53.90;24.02
201306_19087_42119;3;;704;467;467;100;367;66.34;21.41
201306_19088_42119;4;;511;357;357;34;323;69.86;9.52
201307_19089_42119;1;;1007;651;651;142;509;64.65;21.81
201307_19090_42119;2;;1095;691;691;125;566;63.11;18.09
201307_19091_42119;3;;1141;672;672;98;574;58.90;14.58
201308_19092_42119;1;;784;371;371;92;279;47.32;24.80
201308_19093_42119;2;;1420;706;706;84;622;49.72;11.90
201308_19094_42119;3;;1371;707;707;93;614;51.57;13.15
201308_19095_42119;4;;1228;635;635;97;538;51.71;15.28
201308_30171_42119;5;;54;16;16;2;14;29.63;12.50
201309_19096_42119;1;;798;441;441;107;334;55.26;24.26
201309_19097_42119;2;;1053;697;697;103;594;66.19;14.78
201309_19098_42119;3;;715;398;398;74;324;55.66;18.59
201309_19099_42119;4;;1197;683;683;159;524;57.06;23.28
201309_19100_42119;5;;1304;706;706;189;517;54.14;26.77
201309_19101_42119;6;;812;457;457;59;398;56.28;12.91
201310_19102_42119;1;;1466;743;743;116;627;50.68;15.61
201310_19103_42119;2;;1158;560;560;107;453;48.36;19.11
201310_19104_42119;3;;223;127;127;10;117;56.95;7.87
201310_19105_42119;4;;311;173;173;22;151;55.63;12.72
201310_19106_42119;5;;307;231;231;58;173;75.24;25.11
201310_19107_42119;6;;284;186;186;47;139;65.49;25.27
201310_19108_42119;7;;308;166;166;45;121;53.90;27.11
201310_19109_42119;8;;251;185;185;34;151;73.71;18.38
201401_19110_42118;1;;1090;542;542;59;483;49.72;10.89
201401_19111_42118;2;;1983;847;847;119;728;42.71;14.05
201401_19112_42118;3;;1061;494;494;67;427;46.56;13.56
201401_19113_42118;4;;920;408;408;58;350;44.35;14.22
201401_19114_42118;5;;1469;659;659;141;518;44.86;21.40
201401_19115_42118;6;;1699;793;793;131;662;46.67;16.52
201401_19116_42118;7;;1709;752;752;102;650;44.00;13.56
201401_19117_42118;8;;948;453;453;64;389;47.78;14.13
201401_19118_42118;9;;834;412;412;40;372;49.40;9.71
201401_19119_42118;10;;1645;721;721;114;607;43.83;15.81
201401_19120_42118;11;;1713;770;770;130;640;44.95;16.88
201401_19121_42118;12;;1847;774;774;160;614;41.91;20.67
201401_19122_42118;13;;1249;527;527;116;411;42.19;22.01
201401_30172_42118;14;;56;23;23;4;19;41.07;17.39
201402_19123_42118;1;;710;506;506;91;415;71.27;17.98
201402_19124_42118;2;;656;460;460;54;406;70.12;11.74
201402_19125_42118;3;;621;396;396;40;356;63.77;10.10
201403_19126_42118;1;;1266;678;678;177;501;53.55;26.11
201403_19127_42118;2;;1006;543;543;91;452;53.98;16.76
201403_19128_42118;3;;668;244;244;69;175;36.53;28.28
201403_19129_42118;4;;618;331;331;54;277;53.56;16.31
201403_30173_42118;6;;75;22;22;7;15;29.33;31.82
201404_19131_42118;1;;765;494;494;58;436;64.58;11.74
201404_19132_42118;2;;558;364;364;64;300;65.23;17.58
201404_19133_42118;3;;584;311;311;39;272;53.25;12.54
201404_19134_42118;4;;389;250;250;21;229;64.27;8.40
201404_19135_42118;5;;429;222;222;50;172;51.75;22.52
201404_19136_42118;6;;226;129;129;17;112;57.08;13.18
201404_19137_42118;7;;378;236;236;38;198;62.43;16.10
201404_19138_42118;8;;191;146;146;44;102;76.44;30.14
201404_19139_42118;9;;294;141;141;25;116;47.96;17.73
201404_19140_42118;10;;191;147;147;19;128;76.96;12.93
201405_19141_42118;1;;450;249;249;37;212;55.33;14.86
201405_19142_42118;2;;747;388;388;46;342;51.94;11.86
201405_19143_42118;3;;619;318;318;45;273;51.37;14.15
201405_19144_42118;4;;785;396;396;84;312;50.45;21.21
201405_19145_42118;5;;901;398;398;79;319;44.17;19.85
201405_19146_42118;6;;503;267;267;24;243;53.08;8.99
201405_19147_42118;7;;454;219;219;31;188;48.24;14.16
201405_19148_42118;8;;491;298;298;24;274;60.69;8.05
201405_19149_42118;9;;914;392;392;60;332;42.89;15.31
201405_19150_42118;10;;555;259;259;32;227;46.67;12.36
201405_19151_42118;11;;583;299;299;53;246;51.29;17.73
201405_30174_42118;12;;251;39;39;15;24;15.54;38.46
206101_19152_42116;1;;1341;551;551;29;522;41.09;5.26
206101_19153_42116;2;;1111;478;478;23;455;43.02;4.81
206101_19154_42116;3;;1479;594;595;28;566;40.16;4.71
206101_19155_42116;4;;1322;602;602;22;580;45.54;3.65
206101_19156_42116;5;;1104;422;422;30;392;38.22;7.11
206101_19157_42116;6;;1573;652;653;66;586;41.45;10.12
206101_19158_42116;7;;917;347;347;26;321;37.84;7.49
206101_19159_42116;8;;1389;689;689;40;649;49.60;5.81
206101_19160_42116;9;;1453;685;685;31;654;47.14;4.53
206101_19161_42116;10;;1271;541;541;27;514;42.56;4.99
206101_19162_42116;11;;1190;473;473;32;441;39.75;6.77
206101_19163_42116;12;;1442;578;578;28;550;40.08;4.84
206101_19164_42116;13;;1758;698;698;41;657;39.70;5.87
206101_19165_42116;14;;1448;626;626;24;602;43.23;3.83
206101_19166_42116;15;;1719;620;620;92;528;36.07;14.84
206101_19167_42116;16;;1593;741;741;35;706;46.52;4.72
206101_19168_42116;17;;1575;510;510;42;468;32.38;8.24
206101_19169_42116;18;;1411;652;652;41;611;46.21;6.29
206101_19170_42116;19;;1202;547;547;32;515;45.51;5.85
206101_19171_42116;20;;1382;675;675;32;643;48.84;4.74
206101_19172_42116;21;;1170;492;492;20;472;42.05;4.07
206101_19173_42116;22;;1612;634;634;53;581;39.33;8.36
206101_19174_42116;23;;1454;640;640;50;590;44.02;7.81
206101_19175_42116;24;;1474;535;536;29;506;36.30;5.42
206101_19176_42116;25;;1714;673;673;38;635;39.26;5.65
206101_19177_42116;26;;1561;575;577;81;494;36.84;14.09
206101_19178_42116;27;;1779;777;777;32;745;43.68;4.12
206101_19179_42116;28;;1055;508;508;25;483;48.15;4.92
206101_19180_42116;29;;776;267;267;12;255;34.41;4.49
206101_19181_42116;30;;925;291;291;18;273;31.46;6.19
206101_19182_42116;31;;1305;455;455;26;429;34.87;5.71
206101_19183_42116;32;;1354;482;482;64;418;35.60;13.28
206101_19184_42116;33;;985;300;300;20;280;30.46;6.67
206101_19185_42116;34;;1288;472;472;36;436;36.65;7.63
206101_19186_42116;35;;1459;458;458;42;416;31.39;9.17
206101_19187_42116;36;;1495;485;486;45;440;32.44;9.28
206101_19188_42116;37;;1255;473;473;29;444;37.69;6.13
206101_19189_42116;38;;1541;728;728;54;674;47.24;7.42
206101_19190_42116;39;;1099;471;471;21;450;42.86;4.46
206101_19191_42116;40;;1459;575;575;40;535;39.41;6.96
206101_19192_42116;41;;1466;591;591;41;550;40.31;6.94
206101_19193_42116;42;;1563;721;721;34;687;46.13;4.72
206101_19194_42116;43;;1222;548;548;39;509;44.84;7.12
206101_19195_42116;44;;1642;705;705;16;689;42.94;2.27
206101_19196_42116;45;;1270;522;522;47;475;41.10;9.00
206101_19197_42116;46;;1323;569;569;53;516;43.01;9.31
206101_19198_42116;47;;1087;529;529;45;484;48.67;8.51
206101_19199_42116;48;;1050;390;390;30;360;37.14;7.69
206101_19200_42116;49;;1483;652;652;47;605;43.96;7.21
206101_19201_42116;50;;1622;667;667;54;613;41.12;8.10
206101_19202_42116;51;;1251;539;539;37;502;43.09;6.86
206101_19203_42116;52;;1568;590;590;22;568;37.63;3.73
206101_19204_42116;53;;1460;570;570;43;527;39.04;7.54
206101_19205_42116;54;;1146;509;509;24;485;44.42;4.72
206101_19206_42116;55;;1494;560;560;30;530;37.48;5.36
206101_19207_42116;56;;1658;772;772;55;717;46.56;7.12
206101_19208_42116;57;;1408;633;634;46;587;44.96;7.27
206101_19209_42116;58;;1656;735;735;21;714;44.38;2.86
206101_19210_42116;59;;1815;772;772;43;729;42.53;5.57
206101_19211_42116;60;;1766;795;795;37;758;45.02;4.65
206101_19212_42116;61;;1683;840;840;50;790;49.91;5.95
206101_19213_42116;62;;1022;514;514;27;487;50.29;5.25
206101_19214_42116;63;;1728;847;847;40;807;49.02;4.72
206101_19215_42116;64;;862;350;350;21;329;40.60;6.00
206101_19216_42116;65;;1361;575;577;23;552;42.25;4.00
206101_19217_42116;66;;680;299;299;14;285;43.97;4.68
206101_19218_42116;67;;1325;631;631;30;601;47.62;4.75
206101_19219_42116;68;;1507;622;622;39;583;41.27;6.27
206101_19220_42116;69;;1582;682;682;55;627;43.11;8.06
206101_19221_42116;70;;1070;436;436;28;408;40.75;6.42
206101_19222_42116;71;;1523;633;633;41;592;41.56;6.48
206101_19223_42116;72;;1656;729;729;58;671;44.02;7.96
206101_19224_42116;73;;1372;667;667;37;630;48.62;5.55
206101_19225_42116;74;;1471;624;624;59;565;42.42;9.46
206101_19226_42116;75;;1550;701;701;56;645;45.23;7.99
206101_19227_42116;76;;1419;614;614;30;584;43.27;4.89
206101_19228_42116;77;;1127;536;536;27;509;47.56;5.04
206101_19229_42116;78;;1215;544;544;42;502;44.77;7.72
206101_19230_42116;79;;1307;530;530;38;492;40.55;7.17
206101_19231_42116;80;;1445;623;623;34;589;43.11;5.46
206101_19232_42116;81;;1095;376;376;26;350;34.34;6.91
206101_19233_42116;82;;1649;745;745;43;702;45.18;5.77
206101_19234_42116;83;;1193;584;584;36;548;48.95;6.16
206101_19235_42116;84;;1396;657;657;41;616;47.06;6.24
206101_19236_42116;85;;1278;590;590;43;547;46.17;7.29
206101_19237_42116;86;;1114;490;490;14;476;43.99;2.86
206101_19238_42116;87;;1513;710;710;23;687;46.93;3.24
206101_19239_42116;88;;1089;454;454;29;425;41.69;6.39
206101_19240_42116;89;;1212;497;497;36;461;41.01;7.24
206101_19241_42116;90;;1698;706;706;44;662;41.58;6.23
206101_19242_42116;91;;1414;615;615;42;573;43.49;6.83
206101_19243_42116;92;;1357;503;503;59;444;37.07;11.73
206101_19244_42116;93;;1158;566;566;31;535;48.88;5.48
206101_19245_42116;94;;1115;441;441;26;415;39.55;5.90
206101_19246_42116;95;;1176;542;542;35;507;46.09;6.46
206101_19247_42116;96;;1220;579;579;34;545;47.46;5.87
206101_19248_42116;97;;1003;437;437;24;413;43.57;5.49
206101_19249_42116;98;;1256;535;535;34;501;42.60;6.36
206101_19250_42116;99;;1260;469;469;36;433;37.22;7.68
206101_19251_42116;100;;1362;615;615;24;591;45.15;3.90
206101_19252_42116;101;;1529;666;669;39;627;43.56;5.86
206101_19253_42116;102;;1185;447;447;27;420;37.72;6.04
206101_19254_42116;103;;983;384;384;31;353;39.06;8.07
206101_19255_42116;104;;1518;552;552;45;507;36.36;8.15
206101_19256_42116;105;;1348;500;500;33;467;37.09;6.60
206101_19257_42116;106;;1097;421;421;16;405;38.38;3.80
206101_19258_42116;107;;1291;530;531;29;501;41.05;5.47
206101_19259_42116;108;;1747;762;762;26;736;43.62;3.41
206101_19260_42116;109;;1516;594;594;39;555;39.18;6.57
206101_19261_42116;110;;1478;669;669;37;632;45.26;5.53
206101_19262_42116;111;;1772;712;713;95;617;40.18;13.34
206101_19263_42116;112;;1832;732;732;43;689;39.96;5.87
206101_19264_42116;113;;1330;519;519;25;494;39.02;4.82
206101_19265_42116;114;;1471;587;587;73;514;39.90;12.44
206101_19266_42116;115;;1424;570;570;35;535;40.03;6.14
206101_19267_42116;116;;1508;590;590;28;562;39.12;4.75
206101_19268_42116;117;;1433;514;514;38;476;35.87;7.39
206101_19269_42116;118;;1152;497;497;30;467;43.14;6.04
206101_19270_42116;119;;1176;463;463;26;437;39.37;5.62
206101_19271_42116;120;;1373;565;565;20;545;41.15;3.54
206101_19272_42116;121;;1292;580;580;43;537;44.89;7.41
206101_19273_42116;122;;933;398;398;24;374;42.66;6.03
206101_19274_42116;123;;1263;410;410;33;377;32.46;8.05
206101_19275_42116;124;;1503;684;684;49;635;45.51;7.16
206101_19276_42116;125;;1076;506;506;29;477;47.03;5.73
206101_19277_42116;126;;1101;325;325;18;307;29.52;5.54
206101_19278_42116;127;;834;216;216;37;179;25.90;17.13
206101_19279_42116;128;;1348;556;556;49;507;41.25;8.81
206101_19280_42116;129;;1325;398;398;44;354;30.04;11.06
206101_19281_42116;130;;1247;542;542;38;504;43.46;7.01
206101_19282_42116;131;;1505;651;651;44;607;43.26;6.76
206101_19283_42116;132;;1241;523;523;36;487;42.14;6.88
206101_19284_42116;133;;1349;457;457;33;424;33.88;7.22
206101_19285_42116;134;;1090;484;484;39;445;44.40;8.06
206101_19286_42116;135;;1075;472;514;0;472;43.91;0.00
206101_19287_42116;136;;1213;541;541;60;481;44.60;11.09
206101_19288_42116;137;;1392;635;635;40;595;45.62;6.30
206101_19289_42116;138;;1567;727;727;34;693;46.39;4.68
206101_19290_42116;139;;1445;499;499;32;467;34.53;6.41
206101_19291_42116;140;;1342;566;566;31;535;42.18;5.48
206101_19292_42116;141;;1048;466;466;19;447;44.47;4.08
206101_19293_42116;142;;945;473;473;28;445;50.05;5.92
206101_19294_42116;143;;1212;629;629;25;604;51.90;3.97
206101_19295_42116;144;;1554;594;594;29;565;38.22;4.88
206101_19296_42116;145;;1494;557;557;40;517;37.28;7.18
206101_19297_42116;146;;1292;500;500;34;466;38.70;6.80
206101_19298_42116;147;;1280;591;591;36;555;46.17;6.09
206101_19299_42116;148;;986;507;507;39;468;51.42;7.69
206101_19300_42116;149;;1176;443;444;36;407;37.67;8.13
206101_19301_42116;150;;1393;503;503;33;470;36.11;6.56
206101_19302_42116;151;;896;345;345;23;322;38.50;6.67
206101_19303_42116;152;;1271;485;485;29;456;38.16;5.98
206101_19304_42116;153;;1337;492;492;34;458;36.80;6.91
206101_19305_42116;154;;1407;552;552;33;519;39.23;5.98
206101_19306_42116;155;;1486;558;558;38;520;37.55;6.81
206101_19307_42116;156;;1465;470;470;21;449;32.08;4.47
206101_19308_42116;157;;1225;541;541;35;506;44.16;6.47
206101_19309_42116;158;;1244;521;521;59;462;41.88;11.32
206101_19310_42116;159;;1496;683;683;26;657;45.66;3.81
206101_19311_42116;160;;1335;576;578;34;542;43.15;5.90
206101_19312_42116;161;;1400;674;674;37;637;48.14;5.49
206101_19313_42116;162;;1841;868;868;39;829;47.15;4.49
206101_19314_42116;163;;1131;417;417;20;397;36.87;4.80
206101_19315_42116;164;;1393;512;512;40;472;36.76;7.81
206101_19316_42116;165;;1066;363;363;24;339;34.05;6.61
206101_19317_42116;166;;1396;586;586;32;554;41.98;5.46
206101_19318_42116;167;;1190;496;496;22;474;41.68;4.44
206101_19319_42116;168;;1012;333;333;23;310;32.91;6.91
206101_19320_42116;169;;1250;446;446;25;421;35.68;5.61
206101_30175_42116;170;;187;17;17;2;15;9.09;11.76
206101_30176_42116;171;;118;22;22;2;20;18.64;9.09
206101_30177_42116;172;;37;2;2;0;2;5.41;0.00
206101_30178_42116;173;;19;15;15;0;15;78.95;0.00
206101_30179_42116;174;;59;20;20;2;18;33.90;10.00
206101_30180_42116;175;;59;31;31;5;26;52.54;16.13
206101_30181_42116;176;;34;1;1;0;1;2.94;0.00
206101_30182_42116;177;;92;14;14;0;14;15.22;0.00
206101_30183_42116;178;;42;7;7;0;7;16.67;0.00
206101_30184_42116;179;;77;14;14;3;11;18.18;21.43
206101_30185_42116;180;;155;74;74;15;59;47.74;20.27
206101_30186_42116;181;;163;34;34;10;24;20.86;29.41
206101_30187_42116;182;;318;82;82;10;72;25.79;12.20
206201_19321_42118;1;;1757;699;744;0;699;39.78;0.00
206201_19322_42118;2;;1610;654;654;69;585;40.62;10.55
206201_19323_42118;3;;1952;662;662;60;602;33.91;9.06
206201_19324_42118;4;;936;262;262;35;227;27.99;13.36
206201_19325_42118;5;;1511;565;565;60;505;37.39;10.62
206201_19326_42118;6;;1391;478;478;44;434;34.36;9.21
206201_19327_42118;7;;1448;629;629;55;574;43.44;8.74
206201_19328_42118;8;;745;310;310;20;290;41.61;6.45
206201_19329_42118;9;;1590;714;714;37;677;44.91;5.18
206201_19330_42118;10;;1350;526;526;50;476;38.96;9.51
206201_19331_42118;11;;2269;1026;1026;63;963;45.22;6.14
206201_19332_42118;12;;1436;490;490;40;450;34.12;8.16
206201_19333_42118;13;;1184;413;413;45;368;34.88;10.90
206201_19334_42118;14;;1760;722;722;68;654;41.02;9.42
206201_19335_42118;15;;1640;669;669;51;618;40.79;7.62
206201_19336_42118;16;;1500;666;666;66;600;44.40;9.91
206201_19337_42118;17;;1835;633;633;62;571;34.50;9.79
206201_19338_42118;18;;1838;711;711;71;640;38.68;9.99
206201_19339_42118;19;;2120;731;731;54;677;34.48;7.39
206201_19340_42118;20;;1774;767;767;64;703;43.24;8.34
206201_19341_42118;21;;1788;711;711;77;634;39.77;10.83
206201_19342_42118;22;;1492;632;632;56;576;42.36;8.86
206201_19343_42118;23;;1814;714;714;72;642;39.36;10.08
206201_19344_42118;24;;2067;879;879;82;797;42.53;9.33
206201_19345_42118;25;;1558;660;660;76;584;42.36;11.52
206201_19346_42118;26;;1943;791;791;52;739;40.71;6.57
206201_19347_42118;27;;1979;797;797;76;721;40.27;9.54
206201_19348_42118;28;;1823;750;750;84;666;41.14;11.20
206201_19349_42118;29;;790;308;308;36;272;38.99;11.69
206201_19350_42118;30;;1243;490;490;37;453;39.42;7.55
206201_19351_42118;31;;1350;642;642;45;597;47.56;7.01
206201_30188_42118;32;;97;46;46;7;39;47.42;15.22
206301_19352_42117;1;;2229;987;987;120;867;44.28;12.16
206301_19353_42117;2;;1513;562;562;69;493;37.14;12.28
206301_19354_42117;3;;1489;704;704;63;641;47.28;8.95
206301_19355_42117;4;;2104;955;955;97;858;45.39;10.16
206301_19356_42117;5;;1369;601;601;71;530;43.90;11.81
206301_19357_42117;6;;1292;602;602;56;546;46.59;9.30
206301_19358_42117;7;;2081;769;769;109;660;36.95;14.17
206301_19359_42117;8;;670;233;233;31;202;34.78;13.30
206301_19360_42117;9;;1148;442;442;77;365;38.50;17.42
206301_19361_42117;10;;1404;580;580;51;529;41.31;8.79
206301_19362_42117;11;;783;338;338;49;289;43.17;14.50
206301_19363_42117;12;;1765;739;739;81;658;41.87;10.96
206301_19364_42117;13;;1263;479;479;59;420;37.93;12.32
206301_19365_42117;14;;1770;813;813;85;728;45.93;10.46
206301_19366_42117;15;;1274;616;616;48;568;48.35;7.79
206301_19367_42117;16;;1339;602;602;70;532;44.96;11.63
206301_19368_42117;17;;1820;705;705;57;648;38.74;8.09
206301_19369_42117;18;;2211;1023;1023;143;880;46.27;13.98
206301_19370_42117;19;;2063;863;863;86;777;41.83;9.97
206301_19371_42117;20;;2160;1002;1002;110;892;46.39;10.98
206301_19372_42117;21;;1583;623;623;60;563;39.36;9.63
206301_19373_42117;22;;2082;791;791;70;721;37.99;8.85
206301_19374_42117;23;;165;95;95;20;75;57.58;21.05
206301_19375_42117;24;;1973;724;724;84;640;36.70;11.60
206301_19376_42117;25;;1579;636;636;74;562;40.28;11.64
206301_19377_42117;26;;2130;786;786;72;714;36.90;9.16
206301_19378_42117;27;;2032;818;818;53;765;40.26;6.48
206301_19379_42117;28;;1431;490;490;45;445;34.24;9.18
206301_19380_42117;29;;1993;688;688;70;618;34.52;10.17
206301_19381_42117;30;;1527;585;585;62;523;38.31;10.60
206301_19382_42117;31;;1670;571;571;59;512;34.19;10.33
206301_19383_42117;32;;1488;556;558;95;461;37.37;17.09
206301_19384_42117;33;;1445;499;499;41;458;34.53;8.22
206301_19385_42117;34;;1269;516;516;38;478;40.66;7.36
206301_30189_42117;35;;227;54;54;12;42;23.79;22.22
206301_30190_42117;36;;97;29;29;7;22;29.90;24.14
206301_30191_42117;37;;151;35;35;5;30;23.18;14.29
220101_19386_42100;1;;1472;970;970;349;621;65.90;35.98
220101_19387_42100;2;;463;286;286;77;209;61.77;26.92
220101_19388_42100;3;;423;249;249;55;194;58.87;22.09
220102_19389_42100;1;;718;350;350;60;290;48.75;17.14
220102_19390_42100;2;;988;508;508;87;421;51.42;17.13
220102_19391_42100;3;;824;340;340;42;298;41.26;12.35
220102_19392_42100;4;;1172;551;551;77;474;47.01;13.97
220102_19393_42100;5;;913;411;411;85;326;45.02;20.68
220102_19394_42100;6;;1205;476;476;95;381;39.50;19.96
220102_19395_42100;7;;1117;587;587;66;521;52.55;11.24
220102_19396_42100;8;;1013;460;460;44;416;45.41;9.57
220102_19397_42100;9;;1247;521;521;88;433;41.78;16.89
220102_19398_42100;10;;937;321;321;67;254;34.26;20.87
220102_19399_42100;11;;1049;408;408;75;333;38.89;18.38
220102_19400_42100;12;;1162;459;467;66;393;39.50;14.38
220102_19401_42100;13;;954;344;344;59;285;36.06;17.15
220102_19402_42100;14;;784;387;387;121;266;49.36;31.27
220102_19403_42100;15;;878;402;402;64;338;45.79;15.92
220102_19404_42100;16;;766;415;415;40;375;54.18;9.64
220102_19405_42100;17;;416;256;256;44;212;61.54;17.19
220102_19406_42100;18;;426;247;247;45;202;57.98;18.22
220102_19407_42100;19;;565;248;248;63;185;43.89;25.40
220102_19408_42100;20;;808;358;358;60;298;44.31;16.76
220102_19409_42100;21;;634;274;274;99;175;43.22;36.13
220102_19410_42100;22;;653;260;260;52;208;39.82;20.00
220102_30810_42100;23;;51;15;15;2;13;29.41;13.33
220103_19411_42100;1;;1423;793;793;278;515;55.73;35.06
220103_19412_42100;2;;416;255;255;68;187;61.30;26.67
220103_19413_42100;3;;571;326;326;87;239;57.09;26.69
220103_19414_42100;4;;1227;709;709;198;511;57.78;27.93
220103_19415_42100;5;;892;560;560;171;389;62.78;30.54
220104_19416_42100;1;;1017;634;634;146;488;62.34;23.03
220104_19417_42100;2;;1406;797;797;287;510;56.69;36.01
220104_19418_42100;3;;399;223;223;71;152;55.89;31.84
220104_19419_42100;4;;557;325;325;103;222;58.35;31.69
220105_19420_42100;1;;691;412;412;113;299;59.62;27.43
220105_19421_42100;2;;912;576;576;165;411;63.16;28.65
220105_19422_42100;3;;883;519;519;161;358;58.78;31.02
220105_19423_42100;4;;989;669;669;194;475;67.64;29.00
220105_19424_42100;5;;679;452;452;117;335;66.57;25.88
220106_19425_42100;1;;983;462;462;86;376;47.00;18.61
220106_19426_42100;2;;989;448;448;92;356;45.30;20.54
220106_19427_42100;3;;1199;519;519;89;430;43.29;17.15
220106_19428_42100;4;;1143;500;500;89;411;43.74;17.80
220106_19429_42100;5;;862;342;342;107;235;39.68;31.29
220106_19430_42100;6;;1192;525;525;98;427;44.04;18.67
220106_19431_42100;7;;1036;449;449;78;371;43.34;17.37
220106_19432_42100;8;;1335;532;532;94;438;39.85;17.67
220106_19433_42100;9;;1120;467;467;93;374;41.70;19.91
220106_19434_42100;10;;981;406;406;133;273;41.39;32.76
220106_19435_42100;11;;1006;499;499;75;424;49.60;15.03
220106_19436_42100;12;;846;299;299;61;238;35.34;20.40
220106_19437_42100;13;;971;485;485;134;351;49.95;27.63
220106_19438_42100;14;;883;440;440;85;355;49.83;19.32
220106_19439_42100;15;;1233;497;497;94;403;40.31;18.91
220106_30192_42100;16;;109;37;37;4;33;33.94;10.81
220107_19440_42100;1;;1406;1010;1010;258;752;71.83;25.54
220107_19441_42100;2;;758;511;511;182;329;67.41;35.62
220107_19442_42100;3;;248;172;172;54;118;69.35;31.40
220107_19443_42100;4;;336;236;236;80;156;70.24;33.90
220108_19444_42100;1;;1381;486;486;86;400;35.19;17.70
220108_19445_42100;2;;639;263;263;57;206;41.16;21.67
220108_19446_42100;3;;763;306;306;69;237;40.10;22.55
220109_19447_42100;1;;1332;799;799;267;532;59.98;33.42
220109_19448_42100;2;;1622;782;782;218;564;48.21;27.88
220110_19449_42100;1;;1086;621;621;187;434;57.18;30.11
220110_19450_42100;2;;1000;602;602;185;417;60.20;30.73
220110_19451_42100;3;;653;392;392;122;270;60.03;31.12
220110_19452_42100;4;;498;284;284;75;209;57.03;26.41
220201_19453_42100;1;;1516;663;663;96;567;43.73;14.48
220201_19454_42100;2;;1393;483;483;85;398;34.67;17.60
220201_19455_42100;3;;1427;544;544;72;472;38.12;13.24
220201_19456_42100;4;;842;413;413;83;330;49.05;20.10
220201_19457_42100;5;;1742;616;616;136;480;35.36;22.08
220201_19458_42100;6;;2077;795;795;118;677;38.28;14.84
220201_19459_42100;7;;1776;798;799;220;578;44.93;27.57
220201_19460_42100;8;;1315;408;408;73;335;31.03;17.89
220201_19461_42100;9;;1291;403;403;91;312;31.22;22.58
220201_19462_42100;10;;1063;372;372;97;275;35.00;26.08
220201_19463_42100;11;;1236;523;523;83;440;42.31;15.87
220201_19464_42100;12;;1579;644;644;100;544;40.79;15.53
220201_19465_42100;13;;1856;775;775;129;646;41.76;16.65
220201_19466_42100;14;;1687;660;660;116;544;39.12;17.58
220201_19467_42100;15;;1810;770;770;107;663;42.54;13.90
220201_19468_42100;16;;1398;560;560;98;462;40.06;17.50
220201_19469_42100;17;;1466;735;735;142;593;50.14;19.32
220201_19470_42100;18;;1752;752;752;136;616;42.92;18.09
220201_19471_42100;19;;1438;547;547;104;443;38.04;19.01
220201_19472_42100;20;;1240;561;561;84;477;45.24;14.97
220201_19473_42100;21;;1513;752;752;127;625;49.70;16.89
220201_30193_42100;22;;107;23;23;3;20;21.50;13.04
220201_30194_42100;23;;64;32;32;4;28;50.00;12.50
220201_30195_42100;24;;68;35;35;13;22;51.47;37.14
220202_19474_42100;1;;810;508;508;140;368;62.72;27.56
220202_19475_42100;2;;822;484;484;64;420;58.88;13.22
220202_19476_42100;3;;624;414;414;94;320;66.35;22.71
220202_19477_42100;4;;795;494;494;98;396;62.14;19.84
220202_19478_42100;5;;721;400;400;84;316;55.48;21.00
220202_19479_42100;6;;1330;798;798;236;562;60.00;29.57
220202_19480_42100;7;;1454;913;914;208;705;62.79;22.78
220202_19481_42100;8;;975;532;532;145;387;54.56;27.26
220202_19482_42100;9;;451;214;214;66;148;47.45;30.84
220202_19483_42100;10;;927;590;590;123;467;63.65;20.85
220202_19484_42100;11;;546;326;326;80;246;59.71;24.54
220202_19485_42100;12;;572;322;322;131;191;56.29;40.68
220202_19486_42100;13;;654;389;389;110;279;59.48;28.28
220203_19487_42100;1;;941;440;440;146;294;46.76;33.18
220203_19488_42100;2;;1388;602;602;80;522;43.37;13.29
220203_19489_42100;3;;899;409;409;60;349;45.49;14.67
220203_19490_42100;4;;859;472;472;143;329;54.95;30.30
220203_19491_42100;5;;981;473;473;140;333;48.22;29.60
220203_19492_42100;6;;1114;429;429;127;302;38.51;29.60
220203_19493_42100;7;;1119;482;482;114;368;43.07;23.65
220203_19494_42100;8;;773;320;320;98;222;41.40;30.63
220203_19495_42100;9;;534;206;206;46;160;38.58;22.33
220203_19496_42100;10;;789;363;363;156;207;46.01;42.98
220203_19497_42100;11;;1105;375;375;100;275;33.94;26.67
220203_19498_42100;12;;649;347;347;107;240;53.47;30.84
220203_19499_42100;13;;911;347;347;117;230;38.09;33.72
220203_19500_42100;14;;460;170;170;62;108;36.96;36.47
220203_19501_42100;15;;1135;351;351;83;268;30.93;23.65
220204_19502_42100;1;;1727;1022;1025;265;757;59.18;25.93
220204_19503_42100;2;;1865;1083;1083;256;827;58.07;23.64
220204_19504_42100;3;;1993;1226;1226;303;923;61.52;24.71
220204_19505_42100;4;;2144;1129;1129;358;771;52.66;31.71
220204_19506_42100;5;;1579;851;851;273;578;53.89;32.08
220204_19507_42100;6;;355;229;229;60;169;64.51;26.20
220204_19508_42100;7;;497;291;291;100;191;58.55;34.36
220204_19509_42100;8;;1597;740;740;180;560;46.34;24.32
220204_19510_42100;9;;486;211;211;82;129;43.42;38.86
220204_19511_42100;10;;315;149;149;39;110;47.30;26.17
220204_19512_42100;11;;674;409;409;135;274;60.68;33.01
220204_19513_42100;12;;817;407;407;108;299;49.82;26.54
220204_19514_42100;13;;565;343;343;68;275;60.71;19.83
220204_19515_42100;14;;1898;976;976;267;709;51.42;27.36
220205_19516_42100;1;;1764;1084;1084;259;825;61.45;23.89
220301_19517_42100;1;;1236;563;563;95;468;45.55;16.87
220301_19518_42100;2;;1397;637;637;144;493;45.60;22.61
220301_19519_42100;3;;1213;479;479;106;373;39.49;22.13
220301_19520_42100;4;;827;330;330;81;249;39.90;24.55
220301_19521_42100;5;;1789;748;748;164;584;41.81;21.93
220301_19522_42100;6;;1732;762;762;114;648;44.00;14.96
220301_19523_42100;7;;1666;719;719;138;581;43.16;19.19
220301_19524_42100;8;;1728;821;821;147;674;47.51;17.90
220301_30196_42100;9;;128;8;8;1;7;6.25;12.50
220302_19525_42100;1;;1644;897;911;262;635;54.56;29.21
220302_19526_42100;2;;1585;884;884;249;635;55.77;28.17
220302_19527_42100;3;;1330;714;714;158;556;53.68;22.13
220302_19528_42100;4;;270;129;129;31;98;47.78;24.03
220302_19529_42100;5;;692;371;371;86;285;53.61;23.18
220302_19530_42100;6;;553;286;286;105;181;51.72;36.71
220302_19531_42100;7;;490;246;246;106;140;50.20;43.09
220302_19532_42100;8;;570;278;278;84;194;48.77;30.22
220302_30197_42100;9;;245;75;75;15;60;30.61;20.00
220302_30198_42100;10;;102;65;65;1;64;63.73;1.54
220303_19533_42100;1;;1387;479;479;137;342;34.53;28.60
220303_19534_42100;2;;1301;445;445;104;341;34.20;23.37
220303_19535_42100;3;;2038;775;775;294;481;38.03;37.94
220303_19536_42100;4;;863;299;299;110;189;34.65;36.79
220303_19537_42100;5;;1050;438;438;120;318;41.71;27.40
220303_19538_42100;6;;834;278;278;87;191;33.33;31.29
220303_19539_42100;7;;748;275;275;76;199;36.76;27.64
220304_19540_42100;1;;878;463;463;99;364;52.73;21.38
220304_19541_42100;2;;1038;532;532;208;324;51.25;39.10
220304_19542_42100;3;;1225;646;646;199;447;52.73;30.80
220304_19543_42100;4;;1002;538;538;140;398;53.69;26.02
220304_19544_42100;5;;393;172;172;76;96;43.77;44.19
220304_19545_42100;6;;511;295;295;102;193;57.73;34.58
220304_19546_42100;7;;484;263;263;87;176;54.34;33.08
220304_19547_42100;8;;464;234;234;92;142;50.43;39.32
220304_19548_42100;9;;397;227;227;94;133;57.18;41.41
220304_19549_42100;10;;379;197;197;94;103;51.98;47.72
220304_19550_42100;11;;541;259;259;95;164;47.87;36.68
220305_19551_42100;1;;486;197;197;42;155;40.53;21.32
220305_19552_42100;2;;830;348;348;107;241;41.93;30.75
220305_19553_42100;3;;1033;391;391;108;283;37.85;27.62
220305_19554_42100;4;;457;177;177;72;105;38.73;40.68
220306_19555_42100;1;;378;175;175;50;125;46.30;28.57
220306_19556_42100;2;;638;343;343;100;243;53.76;29.15
220306_19557_42100;3;;587;316;316;98;218;53.83;31.01
220306_19558_42100;4;;939;530;530;193;337;56.44;36.42
220306_19559_42100;5;;937;560;560;168;392;59.77;30.00
220306_19560_42100;6;;894;546;546;127;419;61.07;23.26
220306_19561_42100;7;;273;141;141;65;76;51.65;46.10
220306_19562_42100;8;;281;146;146;51;95;51.96;34.93
220307_19563_42100;1;;664;349;349;86;263;52.56;24.64
220307_19564_42100;2;;821;441;441;162;279;53.71;36.73
220307_19565_42100;3;;389;247;247;78;169;63.50;31.58
220307_19566_42100;4;;418;196;196;56;140;46.89;28.57
220307_19567_42100;5;;432;216;216;48;168;50.00;22.22
220307_19568_42100;6;;286;165;165;68;97;57.69;41.21
220401_19569_42103;1;;1167;456;456;38;418;39.07;8.33
220401_19570_42103;2;;915;403;403;62;341;44.04;15.38
220401_19571_42103;3;;2049;884;884;156;728;43.14;17.65
220401_19572_42103;4;;1024;503;503;53;450;49.12;10.54
220401_19573_42103;5;;2057;854;854;114;740;41.52;13.35
220401_19574_42103;6;;963;389;389;43;346;40.39;11.05
220401_19575_42103;7;;1808;878;878;123;755;48.56;14.01
220401_19576_42103;8;;837;274;274;46;228;32.74;16.79
220401_19577_42103;9;;808;368;368;64;304;45.54;17.39
220401_19578_42103;10;;1150;459;459;92;367;39.91;20.04
220401_19579_42103;11;;2254;959;959;123;836;42.55;12.83
220401_19580_42103;12;;1148;464;464;110;354;40.42;23.71
220401_19581_42103;13;;994;333;333;24;309;33.50;7.21
220401_19582_42103;14;;1915;873;873;127;746;45.59;14.55
220401_19583_42103;15;;1203;499;499;38;461;41.48;7.62
220401_19584_42103;16;;1190;491;491;62;429;41.26;12.63
220402_19585_42103;1;;1542;476;476;169;307;30.87;35.50
220402_19586_42103;2;;1788;708;708;192;516;39.60;27.12
220402_19587_42103;3;;1201;515;515;187;328;42.88;36.31
220402_19588_42103;4;;620;283;283;76;207;45.65;26.86
220403_19589_42103;1;;2288;1342;1342;260;1082;58.65;19.37
220403_19590_42103;2;;1861;1133;1133;169;964;60.88;14.92
220403_19591_42103;3;;2293;1166;1166;252;914;50.85;21.61
220403_19592_42103;4;;1930;981;981;243;738;50.83;24.77
220403_19593_42103;5;;2368;1082;1082;102;980;45.69;9.43
220403_19594_42103;6;;772;409;409;85;324;52.98;20.78
220404_19595_42103;1;;827;332;332;61;271;40.15;18.37
220404_19596_42103;2;;776;283;283;97;186;36.47;34.28
220404_19597_42103;3;;1682;697;697;94;603;41.44;13.49
220404_19598_42103;4;;1631;698;698;57;641;42.80;8.17
220404_19599_42103;5;;1939;982;982;106;876;50.64;10.79
220404_19600_42103;6;;2044;695;695;50;645;34.00;7.19
220404_19601_42103;7;;1965;762;762;65;697;38.78;8.53
220404_19602_42103;8;;1585;682;682;158;524;43.03;23.17
220404_19603_42103;9;;1216;361;361;61;300;29.69;16.90
220404_19604_42103;10;;1852;703;703;110;593;37.96;15.65
220404_19605_42103;11;;748;320;320;43;277;42.78;13.44
220404_19606_42103;12;;1048;534;535;131;403;50.95;24.53
220404_19607_42103;13;;1260;462;462;80;382;36.67;17.32
220405_19608_42103;1;;1099;539;539;127;412;49.04;23.56
220405_19609_42103;2;;2150;1044;1044;322;722;48.56;30.84
220405_19610_42103;3;;1151;694;694;156;538;60.30;22.48
220406_19611_42103;1;;1355;670;670;169;501;49.45;25.22
220406_19612_42103;2;;1193;585;585;126;459;49.04;21.54
220406_19613_42103;3;;1051;403;403;65;338;38.34;16.13
220406_19614_42103;4;;645;296;296;117;179;45.89;39.53
220406_19615_42103;5;;1193;529;529;113;416;44.34;21.36
220406_19616_42103;6;;1038;495;495;92;403;47.69;18.59
220406_19617_42103;7;;428;219;219;59;160;51.17;26.94
220407_19618_42103;1;;1189;613;613;155;458;51.56;25.29
220407_19619_42103;2;;1276;564;564;172;392;44.20;30.50
220407_19620_42103;3;;772;346;346;97;249;44.82;28.03
220408_19621_42103;1;;1442;688;688;181;507;47.71;26.31
220408_19622_42103;2;;1474;736;736;247;489;49.93;33.56
220408_19623_42103;3;;1716;781;781;178;603;45.51;22.79
220408_19624_42103;4;;2272;1105;1105;268;837;48.64;24.25
220408_19625_42103;5;;1159;645;645;155;490;55.65;24.03
220501_19626_42103;1;;2023;1382;1382;397;985;68.31;28.73
220501_19627_42103;2;;1712;1056;1056;168;888;61.68;15.91
220501_19628_42103;3;;679;449;449;57;392;66.13;12.69
220501_19629_42103;4;;1090;730;730;170;560;66.97;23.29
220502_19630_42103;1;;2279;1378;1378;204;1174;60.47;14.80
220502_19631_42103;2;;2293;1070;1070;141;929;46.66;13.18
220502_19632_42103;3;;1722;896;896;152;744;52.03;16.96
220502_19633_42103;4;;1697;991;991;136;855;58.40;13.72
220502_19634_42103;5;;1336;642;642;119;523;48.05;18.54
220502_19635_42103;6;;1148;626;626;120;506;54.53;19.17
220502_19636_42103;7;;1138;646;646;107;539;56.77;16.56
220502_19637_42103;8;;1017;608;608;169;439;59.78;27.80
220502_19638_42103;9;;1030;571;571;115;456;55.44;20.14
220502_19639_42103;10;;1043;584;584;124;460;55.99;21.23
220502_19640_42103;11;;1167;643;643;122;521;55.10;18.97
220502_19641_42103;12;;1182;676;676;168;508;57.19;24.85
220502_19642_42103;13;;1701;961;961;158;803;56.50;16.44
220502_19643_42103;14;;917;424;424;70;354;46.24;16.51
220502_19644_42103;15;;1242;608;608;105;503;48.95;17.27
220502_19645_42103;16;;1322;567;567;94;473;42.89;16.58
220502_19646_42103;17;;776;452;452;77;375;58.25;17.04
220502_19647_42103;18;;1494;739;739;134;605;49.46;18.13
220502_30199_42103;19;;39;4;4;0;4;10.26;0.00
220502_30200_42103;20;;55;6;6;0;6;10.91;0.00
220503_19648_42103;1;;1274;617;617;116;501;48.43;18.80
220503_19649_42103;2;;911;581;581;120;461;63.78;20.65
220503_19650_42103;3;;1034;530;530;107;423;51.26;20.19
220503_19651_42103;4;;1434;774;774;252;522;53.97;32.56
220503_19652_42103;5;;1298;666;666;129;537;51.31;19.37
220504_19653_42103;1;;1234;751;751;159;592;60.86;21.17
220504_19654_42103;2;;1944;996;996;298;698;51.23;29.92
220504_19655_42103;3;;1832;991;991;211;780;54.09;21.29
220504_19656_42103;4;;872;364;364;66;298;41.74;18.13
220504_19657_42103;5;;1163;638;638;278;360;54.86;43.57
220504_19658_42103;6;;1574;778;778;168;610;49.43;21.59
220504_19659_42103;7;;848;326;326;72;254;38.44;22.09
220504_19660_42103;8;;897;436;436;99;337;48.61;22.71
220504_19661_42103;9;;874;425;425;120;305;48.63;28.24
220504_19662_42103;10;;821;415;417;91;324;50.55;21.93
220504_19663_42103;11;;1217;618;664;192;426;50.78;31.07
220505_19664_42103;1;;1405;771;771;284;487;54.88;36.84
220505_19665_42103;2;;2157;1335;1337;553;782;61.89;41.42
220505_19666_42103;3;;2170;1311;1311;552;759;60.41;42.11
220505_19667_42103;4;;1345;580;580;164;416;43.12;28.28
220505_19668_42103;5;;380;252;252;86;166;66.32;34.13
220506_19669_42103;1;;1253;652;652;125;527;52.04;19.17
220506_19670_42103;2;;1187;616;616;152;464;51.90;24.68
220506_19671_42103;3;;1272;678;678;110;568;53.30;16.22
220506_19672_42103;4;;1050;492;492;82;410;46.86;16.67
220506_19673_42103;5;;491;192;192;44;148;39.10;22.92
220506_19674_42103;6;;858;370;370;83;287;43.12;22.43
220506_19675_42103;7;;1003;410;410;78;332;40.88;19.02
220507_19676_42103;1;;1472;1031;1032;220;811;70.04;21.34
220507_19677_42103;2;;843;507;507;121;386;60.14;23.87
220507_19678_42103;3;;652;493;493;143;350;75.61;29.01
220507_19679_42103;4;;995;652;652;137;515;65.53;21.01
220508_19680_42103;1;;1407;809;809;127;682;57.50;15.70
220508_19681_42103;2;;1277;776;776;108;668;60.77;13.92
220508_19682_42103;3;;853;509;509;125;384;59.67;24.56
220508_19683_42103;4;;670;335;335;58;277;50.00;17.31
220508_19684_42103;5;;489;275;275;55;220;56.24;20.00
220508_19685_42103;6;;1232;690;690;112;578;56.01;16.23
220508_19686_42103;7;;1257;743;743;120;623;59.11;16.15
220508_19687_42103;8;;1739;903;903;93;810;51.93;10.30
220508_19688_42103;9;;972;448;448;69;379;46.09;15.40
220508_19689_42103;10;;1861;915;915;197;718;49.17;21.53
220508_19690_42103;11;;1545;824;824;147;677;53.33;17.84
220508_19691_42103;12;;1631;814;814;165;649;49.91;20.27
220508_19692_42103;13;;1150;557;557;153;404;48.43;27.47
220508_19693_42103;14;;1101;644;644;98;546;58.49;15.22
220508_19694_42103;15;;1057;641;641;84;557;60.64;13.10
220508_19695_42103;16;;1752;960;960;141;819;54.79;14.69
220508_19696_42103;17;;1747;942;942;121;821;53.92;12.85
220508_19697_42103;18;;1029;524;524;83;441;50.92;15.84
220508_19698_42103;19;;1201;674;674;108;566;56.12;16.02
220601_19699_42103;1;;1783;945;945;145;800;53.00;15.34
220601_19700_42103;2;;1535;846;846;169;677;55.11;19.98
220601_19701_42103;3;;1502;810;810;131;679;53.93;16.17
220601_19702_42103;4;;1576;885;885;226;659;56.15;25.54
220601_19703_42103;5;;1458;852;852;103;749;58.44;12.09
220601_19704_42103;6;;2128;1192;1192;158;1034;56.02;13.26
220601_19705_42103;7;;1994;1106;1106;197;909;55.47;17.81
220601_19706_42103;8;;1959;972;972;137;835;49.62;14.09
220601_19707_42103;9;;1080;470;470;111;359;43.52;23.62
220601_19708_42103;10;;1966;1117;1117;257;860;56.82;23.01
220601_19709_42103;11;;1129;688;688;143;545;60.94;20.78
220601_30201_42103;12;;204;38;38;3;35;18.63;7.89
220602_19710_42103;1;;1511;931;931;199;732;61.61;21.37
220602_19711_42103;2;;761;456;456;150;306;59.92;32.89
220602_19712_42103;3;;1032;652;652;140;512;63.18;21.47
220603_19713_42103;1;;2010;1351;1351;397;954;67.21;29.39
220603_19714_42103;2;;1992;1273;1273;375;898;63.91;29.46
220603_19715_42103;3;;642;403;403;98;305;62.77;24.32
220603_30202_42103;4;;84;45;45;6;39;53.57;13.33
220604_19716_42103;1;;1648;920;920;173;747;55.83;18.80
220604_19717_42103;2;;676;381;381;87;294;56.36;22.83
220604_19718_42103;3;;902;572;572;156;416;63.41;27.27
220604_19719_42103;4;;658;364;364;102;262;55.32;28.02
220604_19720_42103;5;;1726;1017;1017;209;808;58.92;20.55
220604_19721_42103;6;;1132;651;651;137;514;57.51;21.04
220604_19722_42103;7;;824;440;440;101;339;53.40;22.95
220604_19723_42103;8;;761;433;433;96;337;56.90;22.17
220604_19724_42103;9;;704;396;396;76;320;56.25;19.19
220604_19725_42103;10;;724;407;407;114;293;56.22;28.01
220604_19726_42103;11;;796;485;485;126;359;60.93;25.98
220604_19727_42103;12;;829;505;505;118;387;60.92;23.37
220605_19728_42103;1;;1437;912;912;189;723;63.47;20.72
220605_19729_42103;2;;885;545;545;116;429;61.58;21.28
220605_19730_42103;3;;522;289;289;77;212;55.36;26.64
220605_19731_42103;4;;750;393;393;88;305;52.40;22.39
220606_19732_42103;1;;971;525;525;104;421;54.07;19.81
220606_19733_42103;2;;885;456;456;77;379;51.53;16.89
220606_19734_42103;3;;894;416;416;92;324;46.53;22.12
220607_19735_42103;1;;979;531;531;61;470;54.24;11.49
220607_19736_42103;2;;1022;527;527;150;377;51.57;28.46
220607_19737_42103;3;;776;360;360;48;312;46.39;13.33
220607_19738_42103;4;;1017;519;519;83;436;51.03;15.99
220607_19739_42103;5;;1191;575;575;137;438;48.28;23.83
220608_19740_42103;1;;1276;659;659;124;535;51.65;18.82
220608_19741_42103;2;;613;327;327;73;254;53.34;22.32
220608_19742_42103;3;;654;297;297;80;217;45.41;26.94
220608_19743_42103;4;;1083;665;665;135;530;61.40;20.30
220608_19744_42103;5;;1508;756;756;217;539;50.13;28.70
220701_19745_42104;1;;1598;757;757;92;665;47.37;12.15
220701_19746_42104;2;;1313;524;524;78;446;39.91;14.89
220701_19747_42104;3;;1821;761;761;135;626;41.79;17.74
220701_19748_42104;4;;1491;641;641;90;551;42.99;14.04
220701_19749_42104;5;;1537;654;654;100;554;42.55;15.29
220701_19750_42104;6;;1366;561;561;85;476;41.07;15.15
220701_19751_42104;7;;1510;595;595;81;514;39.40;13.61
220701_19752_42104;8;;1113;478;478;72;406;42.95;15.06
220701_19753_42104;9;;1317;515;515;78;437;39.10;15.15
220701_19754_42104;10;;1544;686;686;88;598;44.43;12.83
220701_19755_42104;11;;1495;541;541;79;462;36.19;14.60
220701_19756_42104;12;;1289;487;487;52;435;37.78;10.68
220701_19757_42104;13;;1414;614;614;196;418;43.42;31.92
220701_19758_42104;14;;1480;645;645;123;522;43.58;19.07
220701_19759_42104;15;;1430;549;549;93;456;38.39;16.94
220701_19760_42104;16;;1393;394;394;78;316;28.28;19.80
220701_19761_42104;17;;1180;385;385;54;331;32.63;14.03
220701_19762_42104;18;;1458;451;451;88;363;30.93;19.51
220701_19763_42104;19;;1334;436;436;106;330;32.68;24.31
220701_19764_42104;20;;1432;649;649;118;531;45.32;18.18
220701_19765_42104;21;;1074;383;383;71;312;35.66;18.54
220701_30203_42104;22;;67;3;3;1;2;4.48;33.33
220701_30204_42104;23;;69;36;36;12;24;52.17;33.33
220701_30205_42104;24;;446;43;43;10;33;9.64;23.26
220702_19766_42104;1;;1787;935;935;283;652;52.32;30.27
220702_19767_42104;2;;1207;659;659;213;446;54.60;32.32
220702_19768_42104;3;;806;402;402;103;299;49.88;25.62
220702_19769_42104;4;;693;314;314;111;203;45.31;35.35
220702_19770_42104;5;;844;381;381;105;276;45.14;27.56
220702_19771_42104;6;;710;363;363;101;262;51.13;27.82
220702_19772_42104;7;;474;236;236;98;138;49.79;41.53
220703_19773_42104;1;;704;239;239;44;195;33.95;18.41
220703_19774_42104;2;;605;259;259;71;188;42.81;27.41
220703_19775_42104;3;;559;278;278;90;188;49.73;32.37
220703_19776_42104;4;;935;328;328;90;238;35.08;27.44
220703_19777_42104;5;;1208;494;494;99;395;40.89;20.04
220703_19778_42104;6;;467;224;224;58;166;47.97;25.89
220703_19779_42104;7;;1554;718;718;200;518;46.20;27.86
220703_19780_42104;8;;625;317;317;93;224;50.72;29.34
220703_19781_42104;9;;675;261;261;47;214;38.67;18.01
220703_19782_42104;10;;1228;609;609;155;454;49.59;25.45
220704_19783_42104;1;;619;198;198;78;120;31.99;39.39
220704_19784_42104;2;;861;415;415;102;313;48.20;24.58
220704_19785_42104;3;;769;350;350;84;266;45.51;24.00
220704_19786_42104;4;;644;321;321;89;232;49.84;27.73
220704_19787_42104;5;;625;287;287;72;215;45.92;25.09
220704_19788_42104;6;;665;344;344;93;251;51.73;27.03
220704_19789_42104;7;;556;282;282;78;204;50.72;27.66
220704_19790_42104;8;;859;365;365;93;272;42.49;25.48
220704_19791_42104;9;;875;390;390;83;307;44.57;21.28
220704_19792_42104;10;;895;477;477;126;351;53.30;26.42
220704_19793_42104;11;;824;375;376;118;257;45.51;31.47
220704_19794_42104;12;;566;268;268;64;204;47.35;23.88
220704_19795_42104;13;;573;290;290;74;216;50.61;25.52
220704_19796_42104;14;;486;217;217;62;155;44.65;28.57
220704_19797_42104;15;;466;209;209;91;118;44.85;43.54
220704_30206_42104;16;;163;46;46;5;41;28.22;10.87
220705_19798_42104;1;;858;315;315;78;237;36.71;24.76
220705_19799_42104;2;;1543;659;659;132;527;42.71;20.03
220705_19800_42104;3;;982;453;453;130;323;46.13;28.70
220705_19801_42104;4;;998;410;410;164;246;41.08;40.00
220705_30207_42104;5;;46;22;22;7;15;47.83;31.82
220706_19802_42104;1;;1611;754;755;194;560;46.80;25.73
220706_19803_42104;2;;1433;735;735;189;546;51.29;25.71
220706_19804_42104;3;;1496;684;684;165;519;45.72;24.12
220801_19805_42100;1;;1568;792;792;128;664;50.51;16.16
220801_19806_42100;2;;1050;514;514;66;448;48.95;12.84
220801_19807_42100;3;;958;501;501;79;422;52.30;15.77
220801_19808_42100;4;;1299;647;647;131;516;49.81;20.25
220801_19809_42100;5;;1231;624;624;129;495;50.69;20.67
220801_19810_42100;6;;1456;687;687;125;562;47.18;18.20
220801_19811_42100;7;;1193;563;563;110;453;47.19;19.54
220801_19812_42100;8;;872;443;443;84;359;50.80;18.96
220801_19813_42100;9;;1048;551;551;84;467;52.58;15.25
220801_19814_42100;10;;1638;817;817;105;712;49.88;12.85
220801_19815_42100;11;;1257;510;510;141;369;40.57;27.65
220801_19816_42100;12;;1197;503;503;94;409;42.02;18.69
220801_19817_42100;13;;991;484;484;103;381;48.84;21.28
220801_19818_42100;14;;1747;824;824;150;674;47.17;18.20
220801_19819_42100;15;;1343;642;642;167;475;47.80;26.01
220801_19820_42100;16;;1838;856;856;205;651;46.57;23.95
220801_19821_42100;17;;1255;641;641;129;512;51.08;20.12
220801_19822_42100;18;;1334;652;652;83;569;48.88;12.73
220801_19823_42100;19;;1361;616;616;117;499;45.26;18.99
220801_19824_42100;20;;1307;565;565;160;405;43.23;28.32
220801_19825_42100;21;;1521;802;802;143;659;52.73;17.83
220801_30208_42100;22;;22;14;14;2;12;63.64;14.29
220801_30209_42100;23;;51;26;26;12;14;50.98;46.15
220801_30210_42100;24;;45;32;32;6;26;71.11;18.75
220802_19826_42100;1;;1125;670;670;122;548;59.56;18.21
220802_19827_42100;2;;1080;637;637;149;488;58.98;23.39
220802_19828_42100;3;;1067;653;653;154;499;61.20;23.58
220803_19829_42100;1;;1675;858;858;265;593;51.22;30.89
220803_19830_42100;2;;1041;573;573;270;303;55.04;47.12
220803_19831_42100;3;;1154;590;590;180;410;51.13;30.51
220803_19832_42100;4;;1509;706;706;290;416;46.79;41.08
220804_19833_42100;1;;2188;1233;1233;252;981;56.35;20.44
220804_19834_42100;2;;1341;671;671;91;580;50.04;13.56
220804_19835_42100;3;;458;222;222;41;181;48.47;18.47
220804_19836_42100;4;;770;361;361;115;246;46.88;31.86
220804_19837_42100;5;;409;211;211;70;141;51.59;33.18
220804_19838_42100;6;;479;241;241;72;169;50.31;29.88
220804_19839_42100;7;;532;264;264;79;185;49.62;29.92
220804_19840_42100;8;;457;238;238;79;159;52.08;33.19
220804_19841_42100;9;;994;549;549;212;337;55.23;38.62
220804_19842_42100;10;;477;247;247;66;181;51.78;26.72
220804_19843_42100;11;;971;401;401;116;285;41.30;28.93
220804_19844_42100;12;;599;241;241;90;151;40.23;37.34
220804_19845_42100;13;;573;275;275;106;169;47.99;38.55
220805_19846_42100;1;;2185;1127;1127;442;685;51.58;39.22
220805_19847_42100;2;;1517;599;599;163;436;39.49;27.21
220805_19848_42100;3;;824;480;480;185;295;58.25;38.54
220901_19849_42104;1;;1442;677;677;82;595;46.95;12.11
220901_19850_42104;2;;1367;664;664;95;569;48.57;14.31
220901_19851_42104;3;;1147;417;417;51;366;36.36;12.23
220901_19852_42104;4;;1343;422;422;108;314;31.42;25.59
220901_19853_42104;5;;1121;438;438;140;298;39.07;31.96
220901_19854_42104;6;;1422;546;546;84;462;38.40;15.38
220901_19855_42104;7;;1625;666;666;169;497;40.98;25.38
220901_19856_42104;8;;1510;639;639;105;534;42.32;16.43
220901_19857_42104;9;;1407;557;557;80;477;39.59;14.36
220901_19858_42104;10;;1993;767;767;224;543;38.48;29.20
220901_19859_42104;11;;1507;586;586;116;470;38.89;19.80
220901_19860_42104;12;;1675;686;686;155;531;40.96;22.59
220901_19861_42104;13;;1206;423;423;101;322;35.07;23.88
220901_19862_42104;14;;1584;629;629;124;505;39.71;19.71
220901_19863_42104;15;;1156;514;514;110;404;44.46;21.40
220901_19864_42104;16;;1470;590;590;85;505;40.14;14.41
220901_19865_42104;17;;1855;663;663;220;443;35.74;33.18
220901_19866_42104;18;;1373;508;508;119;389;37.00;23.43
220901_19867_42104;19;;1397;644;644;137;507;46.10;21.27
220901_19868_42104;20;;1483;640;640;142;498;43.16;22.19
220901_19869_42104;21;;1735;805;806;138;667;46.40;17.14
220901_30211_42104;22;;69;33;33;2;31;47.83;6.06
220901_30212_42104;23;;189;57;57;15;42;30.16;26.32
220901_30213_42104;24;;50;7;7;2;5;14.00;28.57
220903_19870_42104;1;;1406;741;741;205;536;52.70;27.67
220903_19871_42104;2;;1410;597;597;205;392;42.34;34.34
220903_19872_42104;3;;802;322;322;91;231;40.15;28.26
220904_19873_42104;1;;1264;661;661;133;528;52.29;20.12
220904_19874_42104;2;;821;448;448;143;305;54.57;31.92
220904_19875_42104;3;;908;528;528;110;418;58.15;20.83
220904_19876_42104;4;;717;418;418;93;325;58.30;22.25
220906_19877_42104;1;;1735;954;954;303;651;54.99;31.76
220906_19878_42104;2;;985;595;595;190;405;60.41;31.93
220907_19879_42104;1;;1803;950;950;251;699;52.69;26.42
220907_19880_42104;2;;1599;739;739;182;557;46.22;24.63
220907_19881_42104;3;;1620;814;814;180;634;50.25;22.11
220907_19882_42104;4;;1026;465;465;82;383;45.32;17.63
220908_19883_42104;1;;1296;644;644;175;469;49.69;27.17
220908_19884_42104;2;;1063;606;606;178;428;57.01;29.37
220908_19885_42104;3;;1299;589;589;188;401;45.34;31.92
221001_19886_42104;1;;1138;674;771;130;544;59.23;19.29
221002_19887_42104;1;;1291;552;552;134;418;42.76;24.28
221002_19888_42104;2;;1024;504;504;84;420;49.22;16.67
221002_19889_42104;3;;1466;698;698;121;577;47.61;17.34
221002_19890_42104;4;;1256;651;654;115;536;51.83;17.67
221002_19891_42104;5;;1027;467;467;69;398;45.47;14.78
221002_19892_42104;6;;864;430;430;95;335;49.77;22.09
221002_19893_42104;7;;952;503;503;88;415;52.84;17.50
221002_19894_42104;8;;847;360;360;73;287;42.50;20.28
221002_19895_42104;9;;718;259;259;41;218;36.07;15.83
221002_19896_42104;10;;764;337;337;76;261;44.11;22.55
221002_19897_42104;11;;948;457;457;134;323;48.21;29.32
221002_19898_42104;12;;1080;570;570;105;465;52.78;18.42
221002_19899_42104;13;;765;338;338;45;293;44.18;13.31
221002_19900_42104;14;;1152;512;512;181;331;44.44;35.35
221002_30214_42104;15;;43;3;3;1;2;6.98;33.33
221003_19901_42104;1;;1139;607;607;190;417;53.29;31.30
221003_19902_42104;2;;725;334;334;98;236;46.07;29.34
221003_19903_42104;3;;672;361;361;88;273;53.72;24.38
221004_19904_42104;1;;1807;848;848;190;658;46.93;22.41
221004_19905_42104;2;;484;201;201;59;142;41.53;29.35
221004_19906_42104;3;;963;446;446;154;292;46.31;34.53
221004_19907_42104;4;;577;247;247;59;188;42.81;23.89
221004_19908_42104;5;;437;217;217;67;150;49.66;30.88
221004_19909_42104;6;;1221;602;602;152;450;49.30;25.25
221004_19910_42104;7;;785;372;372;52;320;47.39;13.98
221004_19911_42104;8;;1542;733;733;193;540;47.54;26.33
221004_30215_42104;9;;99;76;76;11;65;76.77;14.47
221005_19912_42104;1;;2351;1164;1164;257;907;49.51;22.08
221005_19913_42104;2;;614;283;283;71;212;46.09;25.09
221101_19914_42101;1;;1488;842;842;210;632;56.59;24.94
221101_19915_42101;2;;1476;793;793;209;584;53.73;26.36
221101_30216_42101;3;;34;19;19;3;16;55.88;15.79
221102_19916_42101;1;;2213;1342;1342;229;1113;60.64;17.06
221102_19917_42101;2;;503;268;268;50;218;53.28;18.66
221102_19918_42101;3;;417;191;191;48;143;45.80;25.13
221103_19919_42101;1;;1439;748;748;157;591;51.98;20.99
221103_19920_42101;2;;1745;919;919;174;745;52.66;18.93
221103_19921_42101;3;;1507;739;739;183;556;49.04;24.76
221103_19922_42101;4;;2292;1199;1199;260;939;52.31;21.68
221103_19923_42101;5;;1863;1014;1014;158;856;54.43;15.58
221103_30217_42101;6;;67;24;24;7;17;35.82;29.17
221103_30218_42101;7;;40;19;19;8;11;47.50;42.11
221104_19924_42101;1;;1575;760;760;131;629;48.25;17.24
221104_19925_42101;2;;1255;638;638;109;529;50.84;17.08
221104_19926_42101;3;;1824;1031;1031;207;824;56.52;20.08
221104_19927_42101;4;;1645;980;980;155;825;59.57;15.82
221104_19928_42101;5;;1796;974;974;193;781;54.23;19.82
221104_19929_42101;6;;329;232;232;44;188;70.52;18.97
221104_19930_42101;7;;916;547;547;215;332;59.72;39.31
221104_19931_42101;8;;385;235;235;51;184;61.04;21.70
221104_19932_42101;9;;208;121;121;21;100;58.17;17.36
221104_19933_42101;10;;815;415;415;73;342;50.92;17.59
221104_19934_42101;11;;500;282;282;64;218;56.40;22.70
221104_19935_42101;12;;787;426;426;87;339;54.13;20.42
221105_19936_42101;1;;821;489;491;92;397;59.56;18.81
221105_19937_42101;2;;1414;861;862;141;720;60.89;16.38
221105_19938_42101;3;;795;510;510;141;369;64.15;27.65
221105_19939_42101;4;;758;504;504;129;375;66.49;25.60
221105_19940_42101;5;;1076;662;662;100;562;61.52;15.11
221105_19941_42101;6;;1446;909;909;167;742;62.86;18.37
221105_19942_42101;7;;1906;980;980;128;852;51.42;13.06
221105_19943_42101;8;;944;567;567;72;495;60.06;12.70
221106_19944_42101;1;;2109;1147;1147;292;855;54.39;25.46
221106_19945_42101;2;;1280;826;827;184;642;64.53;22.28
221106_19946_42101;3;;2032;1190;1190;301;889;58.56;25.29
221106_19947_42101;4;;1712;898;898;165;733;52.45;18.37
221106_19948_42101;5;;906;506;506;120;386;55.85;23.72
221106_30219_42101;6;;49;24;24;11;13;48.98;45.83
221107_19949_42101;1;;2139;1029;1030;210;819;48.11;20.41
221107_19950_42101;2;;1842;907;907;205;702;49.24;22.60
221107_19951_42101;3;;998;505;505;72;433;50.60;14.26
221107_19952_42101;4;;968;494;494;87;407;51.03;17.61
221107_19953_42101;5;;1816;812;812;200;612;44.71;24.63
221107_19954_42101;6;;844;404;404;88;316;47.87;21.78
221107_19955_42101;7;;818;376;376;73;303;45.97;19.41
221107_19956_42101;8;;1943;1008;1008;202;806;51.88;20.04
221107_19957_42101;9;;902;404;404;93;311;44.79;23.02
221107_19958_42101;10;;938;466;466;127;339;49.68;27.25
221107_19959_42101;11;;1371;649;649;206;443;47.34;31.74
221107_19960_42101;12;;923;351;351;50;301;38.03;14.25
221107_19961_42101;13;;708;325;325;74;251;45.90;22.77
221107_19962_42101;14;;659;287;287;62;225;43.55;21.60
221107_19963_42101;15;;949;491;491;97;394;51.74;19.76
221107_19964_42101;16;;650;376;376;108;268;57.85;28.72
221201_19965_42100;1;;1815;752;752;166;586;41.43;22.07
221201_19966_42100;2;;1052;424;424;75;349;40.30;17.69
221201_19967_42100;3;;1856;819;819;172;647;44.13;21.00
221201_19968_42100;4;;1890;681;681;166;515;36.03;24.38
221201_19969_42100;5;;1753;726;726;132;594;41.41;18.18
221201_19970_42100;6;;1502;569;569;185;384;37.88;32.51
221201_19971_42100;7;;1486;594;594;115;479;39.97;19.36
221201_19972_42100;8;;1529;728;728;122;606;47.61;16.76
221201_30220_42100;9;;272;125;125;49;76;45.96;39.20
221202_19973_42100;1;;1513;934;934;232;702;61.73;24.84
221202_19974_42100;2;;1836;971;971;395;576;52.89;40.68
221202_19975_42100;3;;1491;798;798;240;558;53.52;30.08
221203_19976_42100;1;;1049;546;546;195;351;52.05;35.71
221203_19977_42100;2;;1509;809;809;245;564;53.61;30.28
221203_19978_42100;3;;1252;678;678;181;497;54.15;26.70
221203_19979_42100;4;;1251;497;497;203;294;39.73;40.85
221203_19980_42100;5;;669;373;373;77;296;55.75;20.64
221203_19981_42100;6;;537;284;284;95;189;52.89;33.45
221203_19982_42100;7;;1256;643;643;234;409;51.19;36.39
221204_19983_42100;1;;550;226;226;66;160;41.09;29.20
221204_19984_42100;2;;550;289;289;65;224;52.55;22.49
221204_19985_42100;3;;504;223;223;67;156;44.25;30.04
221204_19986_42100;4;;495;130;130;37;93;26.26;28.46
221204_19987_42100;5;;375;119;119;20;99;31.73;16.81
221204_19988_42100;6;;485;174;174;49;125;35.88;28.16
221204_19989_42100;7;;508;176;176;52;124;34.65;29.55
221204_19990_42100;8;;606;219;219;56;163;36.14;25.57
221204_19991_42100;9;;456;164;164;45;119;35.96;27.44
221204_19992_42100;10;;596;198;198;36;162;33.22;18.18
221204_19993_42100;11;;549;200;200;78;122;36.43;39.00
221204_19994_42100;12;;442;216;216;63;153;48.87;29.17
221204_19995_42100;13;;436;153;153;36;117;35.09;23.53
221204_19996_42100;14;;381;112;112;16;96;29.40;14.29
221204_19997_42100;15;;382;120;120;36;84;31.41;30.00
221205_19998_42100;1;;666;346;346;87;259;51.95;25.14
221205_19999_42100;2;;510;262;262;69;193;51.37;26.34
221205_20000_42100;3;;388;172;172;58;114;44.33;33.72
221205_20001_42100;4;;369;179;179;59;120;48.51;32.96
221205_20002_42100;5;;707;305;305;58;247;43.14;19.02
221205_20003_42100;6;;714;253;253;49;204;35.43;19.37
221205_20004_42100;7;;490;234;234;31;203;47.76;13.25
221205_20005_42100;8;;490;232;232;62;170;47.35;26.72
221205_20006_42100;9;;426;149;149;46;103;34.98;30.87
221205_20007_42100;10;;518;267;267;60;207;51.54;22.47
221205_20008_42100;11;;551;251;251;41;210;45.55;16.33
221205_20009_42100;12;;249;114;115;16;98;45.78;14.04
221205_20010_42100;13;;307;163;163;46;117;53.09;28.22
221205_20011_42100;14;;364;188;188;49;139;51.65;26.06
221205_20012_42100;15;;592;262;262;82;180;44.26;31.30
221206_20013_42100;1;;1095;533;533;193;340;48.68;36.21
221206_20014_42100;2;;1295;695;695;197;498;53.67;28.35
221206_20015_42100;3;;1332;533;533;145;388;40.02;27.20
221206_20016_42100;4;;1174;538;538;163;375;45.83;30.30
221206_20017_42100;5;;1207;625;625;238;387;51.78;38.08
221206_20018_42100;6;;1199;612;612;141;471;51.04;23.04
221206_20019_42100;7;;1194;648;648;133;515;54.27;20.52
221206_30221_42100;8;;27;27;27;14;13;100.00;51.85
221207_20020_42100;1;;1416;781;781;308;473;55.16;39.44
221207_20021_42100;2;;1763;984;984;225;759;55.81;22.87
221207_20022_42100;3;;760;402;402;167;235;52.89;41.54
221207_20023_42100;4;;893;376;376;129;247;42.11;34.31
221207_20024_42100;5;;676;339;339;119;220;50.15;35.10
221208_20025_42100;1;;2107;597;597;144;453;28.33;24.12
221208_20026_42100;2;;1046;369;369;121;248;35.28;32.79
221208_20027_42100;3;;813;313;313;76;237;38.50;24.28
221208_20028_42100;4;;1262;451;451;133;318;35.74;29.49
221208_20029_42100;5;;2045;773;773;129;644;37.80;16.69
221208_20030_42100;6;;1103;372;372;66;306;33.73;17.74
221208_20031_42100;7;;741;209;209;72;137;28.21;34.45
221208_20032_42100;8;;1420;612;612;147;465;43.10;24.02
221208_20033_42100;9;;1836;599;599;93;506;32.63;15.53
221208_30222_42100;10;;43;21;21;0;21;48.84;0.00
221209_20034_42100;1;;1716;1005;1005;300;705;58.57;29.85
221209_20035_42100;2;;1039;534;534;114;420;51.40;21.35
221210_20036_42100;1;;358;207;207;48;159;57.82;23.19
221210_20037_42100;2;;622;279;279;71;208;44.86;25.45
221210_20038_42100;3;;539;271;271;74;197;50.28;27.31
221210_20039_42100;4;;775;419;419;169;250;54.06;40.33
221210_20040_42100;5;;403;203;203;62;141;50.37;30.54
221210_20041_42100;6;;767;414;414;74;340;53.98;17.87
221210_20042_42100;7;;461;287;287;86;201;62.26;29.97
221210_20043_42100;8;;166;111;111;29;82;66.87;26.13
221210_20044_42100;9;;184;141;141;32;109;76.63;22.70
221210_20045_42100;10;;283;179;179;79;100;63.25;44.13
221210_20046_42100;11;;449;238;238;55;183;53.01;23.11
221210_20047_42100;12;;383;177;177;35;142;46.21;19.77
221210_20048_42100;13;;442;206;206;52;154;46.61;25.24
221210_20049_42100;14;;471;288;288;55;233;61.15;19.10
221301_20050_42103;1;;1360;661;661;181;480;48.60;27.38
221301_20051_42103;2;;968;494;494;92;402;51.03;18.62
221301_20052_42103;3;;343;185;185;64;121;53.94;34.59
221302_20053_42103;1;;1432;861;861;232;629;60.13;26.95
221302_20054_42103;2;;1296;725;725;175;550;55.94;24.14
221303_20055_42103;1;;2259;887;887;176;711;39.27;19.84
221303_20056_42103;2;;2159;953;953;150;803;44.14;15.74
221303_20057_42103;3;;1400;607;607;74;533;43.36;12.19
221303_20058_42103;4;;2010;847;847;126;721;42.14;14.88
221303_20059_42103;5;;1191;424;424;72;352;35.60;16.98
221303_20060_42103;6;;2186;937;937;133;804;42.86;14.19
221303_20061_42103;7;;1677;508;508;186;322;30.29;36.61
221303_20062_42103;8;;1819;640;640;145;495;35.18;22.66
221303_20063_42103;9;;1736;603;603;150;453;34.74;24.88
221303_20064_42103;10;;1691;745;745;117;628;44.06;15.70
221303_20065_42103;11;;1661;771;771;103;668;46.42;13.36
221303_20066_42103;12;;2120;949;949;132;817;44.76;13.91
221303_20067_42103;13;;1594;640;640;112;528;40.15;17.50
221303_20068_42103;14;;1276;586;586;91;495;45.92;15.53
221303_20069_42103;15;;1703;679;679;108;571;39.87;15.91
221303_20070_42103;16;;1798;858;858;164;694;47.72;19.11
221303_20071_42103;17;;1894;839;839;242;597;44.30;28.84
221303_20072_42103;18;;1524;737;737;88;649;48.36;11.94
221303_20073_42103;19;;2189;730;730;156;574;33.35;21.37
221303_20074_42103;20;;1385;680;680;98;582;49.10;14.41
221303_20075_42103;21;;1329;628;628;90;538;47.25;14.33
221303_30223_42103;22;;92;16;16;1;15;17.39;6.25
221303_30224_42103;23;;371;79;79;16;63;21.29;20.25
221303_30225_42103;24;;207;68;68;19;49;32.85;27.94
221303_30226_42103;25;;27;27;27;8;19;100.00;29.63
221304_20076_42103;1;;1142;545;545;139;406;47.72;25.50
221304_20077_42103;2;;366;212;212;73;139;57.92;34.43
221304_20078_42103;3;;418;121;121;26;95;28.95;21.49
221304_20079_42103;4;;366;152;152;43;109;41.53;28.29
221305_20080_42103;1;;1816;1099;1099;271;828;60.52;24.66
221305_20081_42103;2;;1049;624;624;151;473;59.49;24.20
221305_20082_42103;3;;1255;657;657;172;485;52.35;26.18
221306_20083_42103;1;;1531;754;754;162;592;49.25;21.49
221306_20084_42103;2;;1225;688;688;227;461;56.16;32.99
221306_20085_42103;3;;679;347;347;99;248;51.10;28.53
221306_20086_42103;4;;475;254;254;54;200;53.47;21.26
221306_20087_42103;5;;526;263;263;76;187;50.00;28.90
221306_20088_42103;6;;394;219;219;83;136;55.58;37.90
221307_20089_42103;1;;1254;657;657;243;414;52.39;36.99
221307_20090_42103;2;;1001;462;462;155;307;46.15;33.55
221308_20091_42103;1;;330;180;180;63;117;54.55;35.00
221308_20092_42103;2;;510;303;303;86;217;59.41;28.38
221308_20093_42103;3;;844;511;511;148;363;60.55;28.96
221308_20094_42103;4;;361;200;200;65;135;55.40;32.50
221309_20095_42103;1;;2275;1154;1154;317;837;50.73;27.47
221309_20096_42103;2;;2084;1179;1179;283;896;56.57;24.00
221309_20097_42103;3;;1627;758;758;190;568;46.59;25.07
221309_20098_42103;4;;757;391;391;119;272;51.65;30.43
221309_20099_42103;5;;614;372;372;94;278;60.59;25.27
221309_20100_42103;6;;1278;622;622;155;467;48.67;24.92
221309_20101_42103;7;;1113;535;535;186;349;48.07;34.77
221309_20102_42103;8;;523;288;288;61;227;55.07;21.18
221309_20103_42103;9;;582;304;304;83;221;52.23;27.30
221310_20104_42103;1;;722;368;368;84;284;50.97;22.83
221310_20105_42103;2;;1036;444;444;108;336;42.86;24.32
221310_20106_42103;3;;962;544;544;160;384;56.55;29.41
221310_20107_42103;4;;824;380;380;101;279;46.12;26.58
221311_20108_42103;1;;1264;762;762;218;544;60.28;28.61
221311_20109_42103;2;;659;333;333;98;235;50.53;29.43
221311_20110_42103;3;;740;357;358;110;247;48.24;30.81
221311_20111_42103;4;;442;262;262;75;187;59.28;28.63
221311_20112_42103;5;;503;248;248;75;173;49.30;30.24
221311_20113_42103;6;;584;307;307;92;215;52.57;29.97
221312_20114_42103;1;;696;323;323;82;241;46.41;25.39
221312_20115_42103;2;;673;325;325;105;220;48.29;32.31
221312_20116_42103;3;;894;440;440;81;359;49.22;18.41
221312_20117_42103;4;;665;292;292;71;221;43.91;24.32
221312_20118_42103;5;;366;210;210;26;184;57.38;12.38
221312_20119_42103;6;;338;189;189;64;125;55.92;33.86
221312_20120_42103;7;;752;335;335;71;264;44.55;21.19
221312_20121_42103;8;;471;202;202;45;157;42.89;22.28
221312_20122_42103;9;;332;181;181;37;144;54.52;20.44
221312_20123_42103;10;;735;408;408;76;332;55.51;18.63
221312_20124_42103;11;;1263;574;574;101;473;45.45;17.60
221312_20125_42103;12;;305;166;166;52;114;54.43;31.33
221312_20126_42103;13;;802;476;476;83;393;59.35;17.44
221312_20127_42103;14;;754;373;373;69;304;49.47;18.50
221312_20128_42103;15;;848;457;457;140;317;53.89;30.63
221312_20129_42103;16;;433;228;228;53;175;52.66;23.25
221312_20130_42103;17;;513;283;283;52;231;55.17;18.37
221312_20131_42103;18;;687;410;410;90;320;59.68;21.95
221312_30227_42103;19;;130;29;29;8;21;22.31;27.59
221313_20132_42103;1;;1407;722;722;156;566;51.31;21.61
221313_20133_42103;2;;1270;667;667;175;492;52.52;26.24
221313_20134_42103;3;;1160;610;616;186;424;52.59;30.49
221313_20135_42103;4;;1462;785;785;177;608;53.69;22.55
221313_20136_42103;5;;1619;960;960;265;695;59.30;27.60
221313_20137_42103;6;;784;393;393;76;317;50.13;19.34
221313_20138_42103;7;;1030;539;539;102;437;52.33;18.92
221401_20139_42104;1;;1971;669;669;124;545;33.94;18.54
221401_20140_42104;2;;1627;456;456;80;376;28.03;17.54
221401_20141_42104;3;;2316;651;651;99;552;28.11;15.21
221401_20142_42104;4;;2012;897;897;152;745;44.58;16.95
221401_20143_42104;5;;1217;401;401;70;331;32.95;17.46
221401_20144_42104;6;;1289;472;472;67;405;36.62;14.19
221401_20145_42104;7;;2054;783;783;107;676;38.12;13.67
221401_20146_42104;8;;2177;921;921;125;796;42.31;13.57
221401_20147_42104;9;;1654;568;568;78;490;34.34;13.73
221401_20148_42104;10;;2300;871;871;135;736;37.87;15.50
221401_20149_42104;11;;1590;666;666;90;576;41.89;13.51
221401_20150_42104;12;;1002;403;403;52;351;40.22;12.90
221401_20151_42104;13;;1403;589;589;69;520;41.98;11.71
221401_20152_42104;14;;2100;812;812;122;690;38.67;15.02
221401_20153_42104;15;;2428;861;861;91;770;35.46;10.57
221401_20154_42104;16;;2432;928;928;148;780;38.16;15.95
221401_20155_42104;17;;1503;519;519;89;430;34.53;17.15
221401_20156_42104;18;;1978;623;623;160;463;31.50;25.68
221401_20157_42104;19;;1817;595;595;106;489;32.75;17.82
221401_20158_42104;20;;1530;618;618;99;519;40.39;16.02
221401_20159_42104;21;;1792;746;746;100;646;41.63;13.40
221401_20160_42104;22;;1653;584;584;59;525;35.33;10.10
221401_20161_42104;23;;2329;854;854;222;632;36.67;26.00
221401_20162_42104;24;;2109;792;792;134;658;37.55;16.92
221401_20163_42104;25;;2001;978;978;226;752;48.88;23.11
221401_30228_42104;26;;23;14;14;1;13;60.87;7.14
221401_30229_42104;27;;58;9;9;2;7;15.52;22.22
221401_30230_42104;28;;75;14;14;3;11;18.67;21.43
221402_20164_42104;1;;808;412;412;82;330;50.99;19.90
221402_20165_42104;2;;850;400;400;78;322;47.06;19.50
221402_20166_42104;3;;719;288;288;59;229;40.06;20.49
221402_20167_42104;4;;766;340;340;133;207;44.39;39.12
221402_20168_42104;5;;517;229;229;70;159;44.29;30.57
221402_20169_42104;6;;812;437;437;105;332;53.82;24.03
221402_20170_42104;7;;918;433;434;114;319;47.17;26.33
221402_20171_42104;8;;858;346;346;116;230;40.33;33.53
221402_20172_42104;9;;957;338;338;82;256;35.32;24.26
221402_20173_42104;10;;862;372;372;75;297;43.16;20.16
221402_20174_42104;11;;1125;440;440;93;347;39.11;21.14
221402_20175_42104;12;;535;168;168;41;127;31.40;24.40
221402_20176_42104;13;;574;216;216;49;167;37.63;22.69
221402_20178_42104;15;;1000;480;480;99;381;48.00;20.62
221402_30231_42104;16;;81;41;41;4;37;50.62;9.76
221403_20179_42104;1;;1285;463;463;126;337;36.03;27.21
221403_20180_42104;2;;730;252;252;97;155;34.52;38.49
221403_20181_42104;3;;865;203;203;55;148;23.47;27.09
221404_20182_42104;1;;1824;806;806;229;577;44.19;28.41
221404_20183_42104;2;;1610;680;680;146;534;42.24;21.47
221404_20184_42104;3;;840;294;294;94;200;35.00;31.97
221404_20185_42104;4;;1985;890;890;223;667;44.84;25.06
221404_20186_42104;5;;1179;503;503;133;370;42.66;26.44
221404_20187_42104;6;;752;347;347;81;266;46.14;23.34
221404_20188_42104;7;;1155;472;473;125;347;40.87;26.48
221404_20189_42104;8;;789;355;355;102;253;44.99;28.73
221404_20190_42104;9;;561;230;230;75;155;41.00;32.61
221404_20191_42104;10;;1247;459;459;89;370;36.81;19.39
221404_20192_42104;11;;767;313;313;82;231;40.81;26.20
221404_30232_42104;12;;139;87;87;20;67;62.59;22.99
221405_20193_42104;1;;1055;552;552;184;368;52.32;33.33
221405_20194_42104;2;;1059;445;445;175;270;42.02;39.33
221405_20195_42104;3;;1170;493;493;125;368;42.14;25.35
221405_20196_42104;4;;856;370;371;106;264;43.22;28.65
221406_20197_42104;1;;647;368;368;81;287;56.88;22.01
221406_20198_42104;2;;612;324;324;39;285;52.94;12.04
221406_20199_42104;3;;680;356;356;72;284;52.35;20.22
221406_20200_42104;4;;1261;613;613;163;450;48.61;26.59
221406_20201_42104;5;;543;290;290;81;209;53.41;27.93
221406_20202_42104;6;;1228;637;637;175;462;51.87;27.47
221406_20203_42104;7;;668;400;400;118;282;59.88;29.50
221406_20204_42104;8;;667;347;347;72;275;52.02;20.75
221406_20205_42104;9;;781;446;446;77;369;57.11;17.26
221406_20206_42104;10;;1121;573;573;103;470;51.12;17.98
221406_20207_42104;11;;1735;806;806;202;604;46.46;25.06
221406_30233_42104;12;;73;54;54;26;28;73.97;48.15
221406_30234_42104;13;;28;10;10;4;6;35.71;40.00
221501_20208_42101;1;;1988;858;858;128;730;43.16;14.92
221501_20209_42101;2;;2055;899;899;92;807;43.75;10.23
221501_20210_42101;3;;2316;799;799;68;731;34.50;8.51
221501_20211_42101;4;;1871;766;766;118;648;40.94;15.40
221501_20212_42101;5;;1687;594;594;115;479;35.21;19.36
221501_20213_42101;6;;1786;761;761;116;645;42.61;15.24
221501_20214_42101;7;;1935;728;728;88;640;37.62;12.09
221501_20215_42101;8;;1792;708;708;100;608;39.51;14.12
221501_20216_42101;9;;1808;751;751;113;638;41.54;15.05
221502_20217_42101;1;;1710;834;834;93;741;48.77;11.15
221502_20218_42101;2;;1562;599;599;146;453;38.35;24.37
221502_20219_42101;3;;1553;632;632;135;497;40.70;21.36
221502_20220_42101;4;;1898;857;857;181;676;45.15;21.12
221502_20221_42101;5;;1706;856;856;152;704;50.18;17.76
221502_20222_42101;6;;1638;822;822;78;744;50.18;9.49
221502_20223_42101;7;;1682;835;835;114;721;49.64;13.65
221502_20224_42101;8;;1826;858;859;83;775;46.99;9.67
221502_20225_42101;9;;1862;846;847;181;665;45.44;21.39
221502_20226_42101;10;;2013;933;933;147;786;46.35;15.76
221502_20227_42101;11;;1872;895;895;135;760;47.81;15.08
221502_20228_42101;12;;1677;835;835;94;741;49.79;11.26
221502_20229_42101;13;;1783;887;887;133;754;49.75;14.99
221502_20230_42101;14;;1805;857;857;136;721;47.48;15.87
221502_20231_42101;15;;1515;675;675;91;584;44.55;13.48
221502_20232_42101;16;;1931;829;829;85;744;42.93;10.25
221502_20233_42101;17;;1630;743;743;131;612;45.58;17.63
221502_20234_42101;18;;1561;661;661;86;575;42.34;13.01
221502_20235_42101;19;;1738;818;818;119;699;47.07;14.55
221502_20236_42101;20;;1646;728;728;102;626;44.23;14.01
221502_20237_42101;21;;2007;797;797;167;630;39.71;20.95
221503_20238_42101;1;;1811;837;837;185;652;46.22;22.10
221503_20239_42101;2;;1851;846;846;130;716;45.71;15.37
221503_20240_42101;3;;1858;941;941;135;806;50.65;14.35
221503_20241_42101;4;;1856;821;821;104;717;44.23;12.67
221503_20242_42101;5;;1942;891;891;111;780;45.88;12.46
221503_20243_42101;6;;1980;933;933;191;742;47.12;20.47
221503_20244_42101;7;;1957;892;892;164;728;45.58;18.39
221503_20245_42101;8;;1771;834;834;137;697;47.09;16.43
221503_20246_42101;9;;1566;759;760;126;633;48.47;16.60
221503_20247_42101;10;;1887;879;879;148;731;46.58;16.84
221503_20248_42101;11;;1734;575;575;57;518;33.16;9.91
221503_20249_42101;12;;1632;688;688;98;590;42.16;14.24
221503_20250_42101;13;;1818;927;927;116;811;50.99;12.51
221503_20251_42101;14;;1633;674;674;91;583;41.27;13.50
221503_20252_42101;15;;1630;709;709;161;548;43.50;22.71
221503_20253_42101;16;;1608;686;686;153;533;42.66;22.30
221503_20254_42101;17;;1663;635;635;133;502;38.18;20.94
221503_20255_42101;18;;1693;707;707;128;579;41.76;18.10
221503_20256_42101;19;;1793;839;839;150;689;46.79;17.88
221503_20257_42101;20;;1625;692;692;107;585;42.58;15.46
221503_20258_42101;21;;1736;826;826;110;716;47.58;13.32
221503_30235_42101;22;;338;108;108;29;79;31.95;26.85
221503_30236_42101;23;;257;15;15;0;15;5.84;0.00
221503_30237_42101;24;;41;33;33;9;24;80.49;27.27
221503_30238_42101;25;;55;22;22;5;17;40.00;22.73
221504_20259_42101;1;;1119;796;796;184;612;71.13;23.12
221504_20260_42101;2;;1279;817;817;292;525;63.88;35.74
221504_20261_42101;3;;509;327;327;147;180;64.24;44.95
221504_20262_42101;4;;573;347;347;147;200;60.56;42.36
221504_20263_42101;5;;613;424;424;188;236;69.17;44.34
221504_20264_42101;6;;391;270;270;98;172;69.05;36.30
221504_30239_42101;7;;28;28;28;9;19;100.00;32.14
221505_20265_42101;1;;1658;710;710;215;495;42.82;30.28
221505_20266_42101;2;;759;293;293;71;222;38.60;24.23
221505_20267_42101;3;;1666;419;419;137;282;25.15;32.70
221505_20268_42101;4;;282;127;127;25;102;45.04;19.69
221505_20269_42101;5;;861;349;349;91;258;40.53;26.07
221505_20270_42101;6;;115;49;49;15;34;42.61;30.61
221506_20271_42101;1;;1457;663;664;224;439;45.50;33.79
221506_20272_42101;2;;743;380;380;100;280;51.14;26.32
221506_20273_42101;3;;1776;803;803;224;579;45.21;27.90
221506_20274_42101;4;;517;272;272;78;194;52.61;28.68
221507_20275_42101;1;;2045;1244;1244;376;868;60.83;30.23
221507_20276_42101;2;;1366;779;779;192;587;57.03;24.65
221507_20277_42101;3;;2070;1249;1249;245;1004;60.34;19.62
221507_20278_42101;4;;1020;567;567;201;366;55.59;35.45
221507_20279_42101;5;;1546;884;884;303;581;57.18;34.28
221507_20280_42101;6;;1340;640;640;137;503;47.76;21.41
221507_20281_42101;7;;1295;694;694;199;495;53.59;28.67
221508_20282_42101;1;;884;407;407;76;331;46.04;18.67
221508_20283_42101;2;;1142;559;559;116;443;48.95;20.75
221508_20284_42101;3;;672;299;299;70;229;44.49;23.41
221508_20285_42101;4;;783;407;407;98;309;51.98;24.08
221508_20286_42101;5;;577;265;265;59;206;45.93;22.26
221508_20287_42101;6;;1133;577;577;118;459;50.93;20.45
221508_20288_42101;7;;847;468;468;106;362;55.25;22.65
221508_20289_42101;8;;459;244;244;57;187;53.16;23.36
221508_20290_42101;9;;1294;597;597;130;467;46.14;21.78
221508_20291_42101;10;;1016;488;488;95;393;48.03;19.47
221509_20292_42101;1;;2000;1191;1191;342;849;59.55;28.72
221509_20293_42101;2;;2041;1293;1293;403;890;63.35;31.17
221509_20294_42101;3;;1603;896;896;286;610;55.90;31.92
221509_20295_42101;4;;2021;1158;1158;166;992;57.30;14.34
221509_20296_42101;5;;886;590;590;83;507;66.59;14.07
221509_20297_42101;6;;2089;1317;1317;451;866;63.04;34.24
221509_20298_42101;7;;1099;544;544;100;444;49.50;18.38
221510_20299_42101;1;;853;373;373;93;280;43.73;24.93
221510_20300_42101;2;;885;361;361;76;285;40.79;21.05
221510_20301_42101;3;;967;367;367;90;277;37.95;24.52
221510_20302_42101;4;;821;389;389;72;317;47.38;18.51
221510_20303_42101;5;;734;301;301;73;228;41.01;24.25
221510_20304_42101;6;;552;246;246;65;181;44.57;26.42
221510_20305_42101;7;;742;302;303;59;243;40.70;19.54
221510_20306_42101;8;;748;244;244;48;196;32.62;19.67
221510_20307_42101;9;;675;296;296;55;241;43.85;18.58
221510_20308_42101;10;;629;266;266;57;209;42.29;21.43
221510_20309_42101;11;;755;295;295;55;240;39.07;18.64
221510_20310_42101;12;;686;236;236;75;161;34.40;31.78
221510_20311_42101;13;;837;382;382;87;295;45.64;22.77
221510_20312_42101;14;;654;363;363;71;292;55.50;19.56
221510_20313_42101;15;;803;426;426;117;309;53.05;27.46
221510_20314_42101;16;;1064;617;617;158;459;57.99;25.61
221510_20315_42101;17;;728;353;353;54;299;48.49;15.30
221510_20316_42101;18;;911;324;324;59;265;35.57;18.21
221510_20317_42101;19;;704;378;378;148;230;53.69;39.15
221510_20318_42101;20;;1083;337;337;60;277;31.12;17.80
221510_20319_42101;21;;1030;563;563;121;442;54.66;21.49
221601_20320_42104;1;;1528;822;822;259;563;53.80;31.51
221601_20321_42104;2;;1440;757;757;273;484;52.57;36.06
221601_20322_42104;3;;249;142;142;54;88;57.03;38.03
221601_20323_42104;4;;321;163;163;50;113;50.78;30.67
221601_20324_42104;5;;481;170;170;51;119;35.34;30.00
221601_20325_42104;6;;364;184;184;73;111;50.55;39.67
221601_20326_42104;7;;403;222;222;75;147;55.09;33.78
221601_20327_42104;8;;299;159;159;63;96;53.18;39.62
221601_20328_42104;9;;390;193;193;90;103;49.49;46.63
221601_20329_42104;10;;196;80;80;27;53;40.82;33.75
221601_20330_42104;11;;262;155;155;38;117;59.16;24.52
221601_20331_42104;12;;1618;848;848;261;587;52.41;30.78
221602_20332_42104;1;;1282;661;661;161;500;51.56;24.36
221602_20333_42104;2;;556;287;287;103;184;51.62;35.89
221602_20334_42104;3;;449;230;230;99;131;51.22;43.04
221602_20335_42104;4;;612;271;271;83;188;44.28;30.63
221603_20336_42104;1;;539;286;286;107;179;53.06;37.41
221603_20337_42104;2;;695;445;445;122;323;64.03;27.42
221603_20338_42104;3;;923;582;582;274;308;63.06;47.08
221603_20339_42104;4;;547;347;347;163;184;63.44;46.97
221603_20340_42104;5;;611;417;417;159;258;68.25;38.13
221604_20341_42104;1;;929;490;490;156;334;52.74;31.84
221604_20342_42104;2;;1010;452;452;101;351;44.75;22.35
221604_20343_42104;3;;897;392;392;121;271;43.70;30.87
221604_20344_42104;4;;1015;408;408;89;319;40.20;21.81
221604_20345_42104;5;;796;409;409;101;308;51.38;24.69
221604_20346_42104;6;;414;177;177;59;118;42.75;33.33
221605_20347_42104;1;;435;199;199;40;159;45.75;20.10
221605_20348_42104;2;;1319;549;549;109;440;41.62;19.85
221605_20349_42104;3;;1711;597;597;99;498;34.89;16.58
221605_20350_42104;4;;717;363;363;127;236;50.63;34.99
221605_20351_42104;5;;503;219;219;71;148;43.54;32.42
221605_20352_42104;6;;1418;657;657;119;538;46.33;18.11
221605_20353_42104;7;;2183;1050;1050;239;811;48.10;22.76
221605_20354_42104;8;;1064;481;481;102;379;45.21;21.21
221605_20355_42104;9;;777;424;424;101;323;54.57;23.82
221605_20356_42104;10;;1761;835;835;188;647;47.42;22.51
221605_20357_42104;11;;1363;618;618;131;487;45.34;21.20
221605_20358_42104;12;;1231;560;560;113;447;45.49;20.18
221605_30240_42104;13;;166;24;24;8;16;14.46;33.33
221605_30241_42104;14;;250;40;40;12;28;16.00;30.00
226101_20359_42102;1;;1770;750;750;55;695;42.37;7.33
226101_20360_42102;2;;1869;717;717;48;669;38.36;6.69
226101_20361_42102;3;;1589;559;559;16;543;35.18;2.86
226101_20362_42102;4;;1805;560;560;47;513;31.02;8.39
226101_20363_42102;5;;1868;768;768;51;717;41.11;6.64
226101_20364_42102;6;;1941;725;725;51;674;37.35;7.03
226101_20365_42102;7;;2289;962;962;77;885;42.03;8.00
226101_20366_42102;8;;1593;638;638;85;553;40.05;13.32
226101_20367_42102;9;;1332;408;408;46;362;30.63;11.27
226101_20368_42102;10;;1589;430;430;59;371;27.06;13.72
226101_20369_42102;11;;1545;423;423;49;374;27.38;11.58
226101_20370_42102;12;;1042;221;221;28;193;21.21;12.67
226101_20371_42102;13;;1996;604;604;90;514;30.26;14.90
226101_20372_42102;14;;1971;618;618;101;517;31.35;16.34
226101_20373_42102;15;;1973;600;600;85;515;30.41;14.17
226101_20374_42102;16;;1740;540;540;71;469;31.03;13.15
226101_20375_42102;17;;1824;623;623;56;567;34.16;8.99
226101_20376_42102;18;;1770;539;539;29;510;30.45;5.38
226101_20377_42102;19;;1934;654;654;68;586;33.82;10.40
226101_20378_42102;20;;1550;405;405;44;361;26.13;10.86
226101_20379_42102;21;;1173;393;393;31;362;33.50;7.89
226101_20380_42102;22;;1506;418;418;22;396;27.76;5.26
226101_20381_42102;23;;1083;254;254;35;219;23.45;13.78
226101_20382_42102;24;;630;183;183;15;168;29.05;8.20
226101_20383_42102;25;;1933;558;558;42;516;28.87;7.53
226101_20384_42102;26;;1606;405;405;39;366;25.22;9.63
226101_20385_42102;27;;1559;589;589;54;535;37.78;9.17
226101_20386_42102;28;;1533;563;563;49;514;36.73;8.70
226101_20387_42102;29;;1183;258;258;16;242;21.81;6.20
226101_20388_42102;30;;974;255;256;29;226;26.18;11.37
226101_20389_42102;31;;1506;353;353;56;297;23.44;15.86
226101_20390_42102;32;;1150;409;409;57;352;35.57;13.94
226101_20391_42102;33;;1249;361;361;40;321;28.90;11.08
226101_20392_42102;34;;857;279;279;24;255;32.56;8.60
226101_20393_42102;35;;702;295;295;22;273;42.02;7.46
226101_20394_42102;36;;1424;517;517;54;463;36.31;10.44
226101_20395_42102;37;;975;449;449;30;419;46.05;6.68
226101_20396_42102;38;;1002;436;436;37;399;43.51;8.49
226101_20397_42102;39;;1519;581;581;67;514;38.25;11.53
226101_20398_42102;40;;1338;542;542;51;491;40.51;9.41
226101_20399_42102;41;;1351;543;543;55;488;40.19;10.13
226101_20400_42102;42;;1618;659;659;54;605;40.73;8.19
226101_20401_42102;43;;1268;418;418;44;374;32.97;10.53
226101_20402_42102;44;;974;381;381;18;363;39.12;4.72
226101_20403_42102;45;;1466;507;507;75;432;34.58;14.79
226101_20404_42102;46;;1744;493;493;69;424;28.27;14.00
226101_20405_42102;47;;1703;516;516;47;469;30.30;9.11
226101_20406_42102;48;;1608;528;528;41;487;32.84;7.77
226101_20407_42102;49;;1586;577;577;55;522;36.38;9.53
226101_20408_42102;50;;1276;473;473;47;426;37.07;9.94
226101_20409_42102;51;;843;216;216;21;195;25.62;9.72
226101_20410_42102;52;;1843;564;565;48;516;30.60;8.51
226101_20411_42102;53;;2131;814;814;60;754;38.20;7.37
226101_20412_42102;54;;1002;322;322;20;302;32.14;6.21
226101_20413_42102;55;;1658;687;687;27;660;41.44;3.93
226101_20414_42102;56;;1565;636;637;29;607;40.64;4.56
226101_20415_42102;57;;1849;720;720;23;697;38.94;3.19
226101_20416_42102;58;;2178;800;800;60;740;36.73;7.50
226101_20417_42102;59;;2292;1049;1049;49;1000;45.77;4.67
226101_20418_42102;60;;823;271;271;17;254;32.93;6.27
226101_20419_42102;61;;1933;789;789;44;745;40.82;5.58
226101_20420_42102;62;;1595;466;466;29;437;29.22;6.22
226101_20421_42102;63;;1828;543;543;25;518;29.70;4.60
226101_20422_42102;64;;1682;665;665;38;627;39.54;5.71
226101_20423_42102;65;;2018;927;927;38;889;45.94;4.10
226101_20424_42102;66;;1950;905;905;28;877;46.41;3.09
226101_20425_42102;67;;2135;974;974;57;917;45.62;5.85
226101_20426_42102;68;;1957;890;890;38;852;45.48;4.27
226101_20427_42102;69;;1751;713;713;23;690;40.72;3.23
226101_20428_42102;70;;1815;751;752;35;716;41.38;4.66
226101_20429_42102;71;;1955;680;680;40;640;34.78;5.88
226101_20430_42102;72;;1534;508;508;45;463;33.12;8.86
226101_20431_42102;73;;1573;649;649;48;601;41.26;7.40
226101_20432_42102;74;;1826;823;823;55;768;45.07;6.68
226101_20433_42102;75;;1774;753;753;72;681;42.45;9.56
226101_20434_42102;76;;2092;946;946;52;894;45.22;5.50
226101_20435_42102;77;;1583;719;719;27;692;45.42;3.76
226101_20436_42102;78;;2358;1036;1037;82;954;43.94;7.92
226101_20437_42102;79;;2205;1020;1020;86;934;46.26;8.43
226101_20438_42102;80;;2391;1014;1014;55;959;42.41;5.42
226101_20439_42102;81;;2244;905;905;68;837;40.33;7.51
226101_20440_42102;82;;1970;805;805;24;781;40.86;2.98
226101_20441_42102;83;;2429;645;645;33;612;26.55;5.12
226101_20442_42102;84;;2282;1017;1017;50;967;44.57;4.92
226101_20443_42102;85;;2196;999;999;48;951;45.49;4.80
226101_20444_42102;86;;2155;1092;1092;54;1038;50.67;4.95
226101_20445_42102;87;;1956;663;663;37;626;33.90;5.58
226101_20446_42102;88;;1304;460;460;31;429;35.28;6.74
226101_20447_42102;89;;1612;612;612;38;574;37.97;6.21
226101_20448_42102;90;;2068;816;816;47;769;39.46;5.76
226101_20449_42102;91;;1863;697;697;47;650;37.41;6.74
226101_20450_42102;92;;1735;673;673;21;652;38.79;3.12
226101_20451_42102;93;;838;285;285;15;270;34.01;5.26
226101_20452_42102;94;;1436;584;584;28;556;40.67;4.79
226101_20453_42102;95;;1486;656;656;33;623;44.15;5.03
226101_20454_42102;96;;1397;646;646;49;597;46.24;7.59
226101_20455_42102;97;;1711;710;710;58;652;41.50;8.17
226101_20456_42102;98;;1536;697;697;58;639;45.38;8.32
226101_20457_42102;99;;1517;734;734;39;695;48.38;5.31
226101_20458_42102;100;;1852;887;887;52;835;47.89;5.86
226101_20459_42102;101;;1315;604;604;53;551;45.93;8.77
226101_20460_42102;102;;1714;818;818;38;780;47.72;4.65
226101_20461_42102;103;;1991;851;851;49;802;42.74;5.76
226101_20462_42102;104;;2343;952;952;30;922;40.63;3.15
226101_20463_42102;105;;2329;946;946;33;913;40.62;3.49
226101_20464_42102;106;;2291;982;982;90;892;42.86;9.16
226101_20465_42102;107;;2282;1030;1030;93;937;45.14;9.03
226101_20466_42102;108;;2039;900;900;33;867;44.14;3.67
226101_20467_42102;109;;1922;894;894;55;839;46.51;6.15
226101_20468_42102;110;;1950;917;917;35;882;47.03;3.82
226101_20469_42102;111;;941;331;331;19;312;35.18;5.74
226101_20470_42102;112;;1006;321;321;9;312;31.91;2.80
226101_20471_42102;113;;1608;703;703;61;642;43.72;8.68
226101_20472_42102;114;;983;311;311;34;277;31.64;10.93
226101_20473_42102;115;;2402;1150;1150;66;1084;47.88;5.74
226101_20474_42102;116;;2278;983;983;60;923;43.15;6.10
226101_20475_42102;117;;1561;709;709;24;685;45.42;3.39
226101_20476_42102;118;;1874;899;899;37;862;47.97;4.12
226101_20477_42102;119;;1859;680;680;50;630;36.58;7.35
226101_20478_42102;120;;1984;761;761;44;717;38.36;5.78
226101_20479_42102;121;;1622;753;753;30;723;46.42;3.98
226101_20480_42102;122;;703;299;299;19;280;42.53;6.35
226101_20481_42102;123;;1467;527;527;36;491;35.92;6.83
226101_20482_42102;124;;1652;597;597;45;552;36.14;7.54
226101_20483_42102;125;;1729;773;773;43;730;44.71;5.56
226101_20484_42102;126;;1328;492;493;13;479;37.05;2.64
226101_20485_42102;127;;836;390;390;20;370;46.65;5.13
226101_20486_42102;128;;1218;426;426;33;393;34.98;7.75
226101_20487_42102;129;;1601;621;621;52;569;38.79;8.37
226101_20489_42102;131;;1171;402;402;25;377;34.33;6.22
226101_20490_42102;132;;1275;508;508;36;472;39.84;7.09
226101_20491_42102;133;;1601;621;621;56;565;38.79;9.02
226101_20492_42102;134;;1974;792;792;48;744;40.12;6.06
226101_20493_42102;135;;1994;764;764;60;704;38.31;7.85
226101_20494_42102;136;;1894;788;788;64;724;41.61;8.12
226101_20495_42102;137;;1671;742;742;38;704;44.40;5.12
226101_20496_42102;138;;1734;694;694;45;649;40.02;6.48
226101_20497_42102;139;;1827;562;562;50;512;30.76;8.90
226101_20498_42102;140;;1802;731;731;49;682;40.57;6.70
226101_20499_42102;141;;1707;603;603;24;579;35.33;3.98
226101_20500_42102;142;;1635;585;585;48;537;35.78;8.21
226101_20501_42102;143;;1135;545;545;30;515;48.02;5.50
226101_20502_42102;144;;1293;638;638;40;598;49.34;6.27
226101_20503_42102;145;;1201;550;550;31;519;45.80;5.64
226101_20504_42102;146;;988;389;389;25;364;39.37;6.43
226101_20505_42102;147;;2223;1043;1043;60;983;46.92;5.75
226101_20506_42102;148;;1974;928;928;28;900;47.01;3.02
226101_20507_42102;149;;2026;920;920;38;882;45.41;4.13
226101_20508_42102;150;;1996;890;890;65;825;44.59;7.30
226101_20509_42102;151;;1143;529;529;28;501;46.28;5.29
226101_20510_42102;152;;1442;677;677;35;642;46.95;5.17
226101_20511_42102;153;;1765;789;789;58;731;44.70;7.35
226101_20512_42102;154;;2014;876;876;43;833;43.50;4.91
226101_20513_42102;155;;1792;875;875;56;819;48.83;6.40
226101_20514_42102;156;;1516;726;726;49;677;47.89;6.75
226101_20515_42102;157;;2197;1074;1074;56;1018;48.88;5.21
226101_20516_42102;158;;2207;1014;1014;45;969;45.94;4.44
226101_20517_42102;159;;1950;723;723;80;643;37.08;11.07
226101_20518_42102;160;;1895;708;708;114;594;37.36;16.10
226101_20519_42102;161;;1794;832;832;65;767;46.38;7.81
226101_20520_42102;162;;1959;755;755;49;706;38.54;6.49
226101_20521_42102;163;;2199;841;841;66;775;38.24;7.85
226101_20522_42102;164;;1752;655;655;49;606;37.39;7.48
226101_20523_42102;165;;2201;890;890;62;828;40.44;6.97
226101_20524_42102;166;;1843;787;787;69;718;42.70;8.77
226101_20525_42102;167;;1496;690;690;63;627;46.12;9.13
226101_20526_42102;168;;2103;895;895;66;829;42.56;7.37
226101_20527_42102;169;;2026;774;774;58;716;38.20;7.49
226101_20528_42102;170;;1974;810;810;61;749;41.03;7.53
226101_20529_42102;171;;1726;663;663;54;609;38.41;8.14
226101_20530_42102;172;;1907;805;805;79;726;42.21;9.81
226101_20531_42102;173;;2378;1118;1118;87;1031;47.01;7.78
226101_20532_42102;174;;2445;1144;1144;46;1098;46.79;4.02
226101_20533_42102;175;;2441;1085;1085;76;1009;44.45;7.00
226101_20534_42102;176;;1472;659;659;43;616;44.77;6.53
226101_20535_42102;177;;1984;862;862;62;800;43.45;7.19
226101_20536_42102;178;;2378;970;970;103;867;40.79;10.62
226101_20537_42102;179;;2362;905;905;83;822;38.31;9.17
226101_20538_42102;180;;1941;715;715;98;617;36.84;13.71
226101_20539_42102;181;;1901;680;680;59;621;35.77;8.68
226101_20540_42102;182;;1243;578;578;33;545;46.50;5.71
226101_20541_42102;183;;1309;651;651;39;612;49.73;5.99
226101_20542_42102;184;;1924;837;837;50;787;43.50;5.97
226101_20543_42102;185;;1943;704;704;40;664;36.23;5.68
226101_20544_42102;186;;1865;772;772;43;729;41.39;5.57
226101_20545_42102;187;;1685;642;642;25;617;38.10;3.89
226101_20546_42102;188;;1941;933;933;81;852;48.07;8.68
226101_20547_42102;189;;1907;839;839;46;793;44.00;5.48
226101_20548_42102;190;;1979;988;988;53;935;49.92;5.36
226101_20549_42102;191;;1889;911;911;21;890;48.23;2.31
226101_20550_42102;192;;1687;685;685;35;650;40.60;5.11
226101_20551_42102;193;;1867;825;825;79;746;44.19;9.58
226101_20552_42102;194;;1974;758;758;58;700;38.40;7.65
226101_20553_42102;195;;1704;581;581;46;535;34.10;7.92
226101_20554_42102;196;;1515;530;530;29;501;34.98;5.47
226101_20555_42102;197;;1513;650;650;54;596;42.96;8.31
226101_20556_42102;198;;1846;758;758;28;730;41.06;3.69
226101_20557_42102;199;;1277;545;545;33;512;42.68;6.06
226101_20558_42102;200;;597;287;287;11;276;48.07;3.83
226101_20559_42102;201;;1507;748;748;45;703;49.64;6.02
226101_20560_42102;202;;1625;792;793;38;754;48.74;4.80
226101_20561_42102;203;;2281;1121;1121;60;1061;49.15;5.35
226101_20562_42102;204;;2113;977;977;47;930;46.24;4.81
226101_20563_42102;205;;2380;1190;1190;57;1133;50.00;4.79
226101_20564_42102;206;;2087;1088;1088;48;1040;52.13;4.41
226101_20565_42102;207;;2109;1000;1000;37;963;47.42;3.70
226101_30242_42102;208;;38;24;24;5;19;63.16;20.83
226101_30243_42102;209;;386;88;88;35;53;22.80;39.77
226101_30244_42102;210;;605;175;175;35;140;28.93;20.00
226101_30245_42102;211;;215;9;9;0;9;4.19;0.00
226101_30246_42102;212;;23;11;11;2;9;47.83;18.18
226101_30247_42102;213;;62;3;3;0;3;4.84;0.00
226101_30248_42102;214;;399;42;42;7;35;10.53;16.67
226101_30249_42102;215;;129;20;20;2;18;15.50;10.00
226101_30250_42102;216;;214;34;34;6;28;15.89;17.65
226101_30251_42102;217;;56;24;24;2;22;42.86;8.33
226101_30252_42102;218;;72;25;25;2;23;34.72;8.00
226101_30253_42102;219;;317;45;45;1;44;14.20;2.22
226101_30254_42102;220;;74;36;36;5;31;48.65;13.89
226101_30255_42102;221;;68;27;27;3;24;39.71;11.11
226101_30256_42102;222;;97;32;32;8;24;32.99;25.00
226101_30257_42102;223;;101;25;25;1;24;24.75;4.00
226201_20566_42101;1;;1676;738;738;68;670;44.03;9.21
226201_20567_42101;2;;1636;780;780;64;716;47.68;8.21
226201_20568_42101;3;;1630;727;727;67;660;44.60;9.22
226201_20569_42101;4;;1467;582;582;46;536;39.67;7.90
226201_20570_42101;5;;1970;832;832;59;773;42.23;7.09
226201_20571_42101;6;;2005;984;984;87;897;49.08;8.84
226201_20572_42101;7;;2371;1109;1109;141;968;46.77;12.71
226201_20573_42101;8;;1586;757;757;80;677;47.73;10.57
226201_20574_42101;9;;1692;804;804;49;755;47.52;6.09
226201_20575_42101;10;;1249;595;595;50;545;47.64;8.40
226201_20576_42101;11;;1807;835;835;94;741;46.21;11.26
226201_20577_42101;12;;2030;887;887;113;774;43.69;12.74
226201_20578_42101;13;;1851;876;876;95;781;47.33;10.84
226201_20579_42101;14;;1593;699;699;108;591;43.88;15.45
226201_20580_42101;15;;1903;784;784;94;690;41.20;11.99
226201_20581_42101;16;;1980;871;871;81;790;43.99;9.30
226201_20582_42101;17;;1599;749;749;77;672;46.84;10.28
226201_20583_42101;18;;1957;855;855;89;766;43.69;10.41
226201_20584_42101;19;;1713;751;751;95;656;43.84;12.65
226201_20585_42101;20;;2063;761;761;100;661;36.89;13.14
226201_20586_42101;21;;1782;578;578;65;513;32.44;11.25
226201_20587_42101;22;;1576;623;623;62;561;39.53;9.95
226201_20588_42101;23;;1123;426;427;59;367;37.93;13.85
226201_20589_42101;24;;2023;798;798;104;694;39.45;13.03
226201_20590_42101;25;;2166;866;867;48;818;39.98;5.54
226201_20591_42101;26;;2155;864;864;87;777;40.09;10.07
226201_20592_42101;27;;865;415;415;33;382;47.98;7.95
226201_20593_42101;28;;2097;896;896;82;814;42.73;9.15
226201_20594_42101;29;;1632;727;727;66;661;44.55;9.08
226201_20595_42101;30;;682;319;319;20;299;46.77;6.27
226201_20596_42101;31;;1545;736;736;54;682;47.64;7.34
226201_20597_42101;32;;1025;396;396;38;358;38.63;9.60
226201_20598_42101;33;;1009;466;466;25;441;46.18;5.36
226201_20599_42101;34;;986;501;501;33;468;50.81;6.59
226201_20600_42101;35;;812;346;346;28;318;42.61;8.09
226201_20601_42101;36;;1494;688;688;42;646;46.05;6.10
226201_20602_42101;37;;2160;1055;1055;115;940;48.84;10.90
226201_20603_42101;38;;1721;786;786;109;677;45.67;13.87
226201_20604_42101;39;;1732;532;532;86;446;30.72;16.17
226201_20605_42101;40;;1769;676;676;85;591;38.21;12.57
226201_20606_42101;41;;1046;495;495;68;427;47.32;13.74
226201_20607_42101;42;;2262;1105;1105;114;991;48.85;10.32
226201_20608_42101;43;;2033;956;956;74;882;47.02;7.74
226201_20609_42101;44;;1990;956;956;57;899;48.04;5.96
226201_20610_42101;45;;771;344;344;32;312;44.62;9.30
226201_20611_42101;46;;1393;628;628;35;593;45.08;5.57
226201_20612_42101;47;;2193;1199;1199;57;1142;54.67;4.75
226201_20613_42101;48;;1618;760;760;60;700;46.97;7.89
226201_20614_42101;49;;2006;927;927;67;860;46.21;7.23
226201_20615_42101;50;;1638;733;733;44;689;44.75;6.00
226201_20616_42101;51;;2043;1040;1040;54;986;50.91;5.19
226201_20617_42101;52;;2172;1047;1047;79;968;48.20;7.55
226201_20618_42101;53;;1704;870;870;47;823;51.06;5.40
226201_20619_42101;54;;2133;979;979;63;916;45.90;6.44
226201_20620_42101;55;;1819;796;796;87;709;43.76;10.93
226201_20621_42101;56;;2384;1146;1146;60;1086;48.07;5.24
226201_20622_42101;57;;2176;1020;1020;60;960;46.88;5.88
226201_20623_42101;58;;2104;1009;1009;79;930;47.96;7.83
226201_20624_42101;59;;1522;801;801;44;757;52.63;5.49
226201_20625_42101;60;;1092;562;563;67;495;51.47;11.92
226201_20626_42101;61;;1930;929;929;89;840;48.13;9.58
226201_20627_42101;62;;2051;1041;1041;158;883;50.76;15.18
226201_20628_42101;63;;2000;930;930;80;850;46.50;8.60
226201_20629_42101;64;;1904;858;858;77;781;45.06;8.97
226201_20630_42101;65;;2270;1062;1062;64;998;46.78;6.03
226201_20631_42101;66;;2127;940;943;46;894;44.19;4.89
226201_20632_42101;67;;2278;1047;1047;119;928;45.96;11.37
226201_20633_42101;68;;1087;540;540;52;488;49.68;9.63
226201_20634_42101;69;;1491;685;685;19;666;45.94;2.77
226201_20635_42101;70;;1305;632;632;38;594;48.43;6.01
226201_20636_42101;71;;1814;916;916;52;864;50.50;5.68
226201_20637_42101;72;;2289;1065;1065;84;981;46.53;7.89
226201_20638_42101;73;;2489;1207;1259;115;1092;48.49;9.53
226201_20639_42101;74;;2064;962;962;95;867;46.61;9.88
226201_20640_42101;75;;1494;690;690;51;639;46.18;7.39
226201_20641_42101;76;;1503;530;530;124;406;35.26;23.40
226201_20642_42101;77;;1587;645;645;117;528;40.64;18.14
226201_20643_42101;78;;1212;511;511;34;477;42.16;6.65
226201_20644_42101;79;;1124;492;492;42;450;43.77;8.54
226201_20645_42101;80;;1267;605;605;77;528;47.75;12.73
226201_20646_42101;81;;1456;701;701;99;602;48.15;14.12
226201_20647_42101;82;;976;462;462;43;419;47.34;9.31
226201_20648_42101;83;;1411;742;742;60;682;52.59;8.09
226201_20649_42101;84;;1052;546;546;41;505;51.90;7.51
226201_20650_42101;85;;1209;560;560;44;516;46.32;7.86
226201_20651_42101;86;;1025;421;421;37;384;41.07;8.79
226201_20652_42101;87;;1001;434;434;25;409;43.36;5.76
226201_20653_42101;88;;728;290;290;24;266;39.84;8.28
226201_20654_42101;89;;1358;685;685;47;638;50.44;6.86
226201_20655_42101;90;;855;436;436;30;406;50.99;6.88
226201_20656_42101;91;;773;375;375;27;348;48.51;7.20
226201_20657_42101;92;;1268;638;638;69;569;50.32;10.82
226201_20658_42101;93;;924;443;443;45;398;47.94;10.16
226201_20659_42101;94;;1668;736;736;52;684;44.12;7.07
226201_20660_42101;95;;1070;333;333;62;271;31.12;18.62
226201_20661_42101;96;;1656;720;720;50;670;43.48;6.94
226201_20662_42101;97;;1905;829;829;97;732;43.52;11.70
226201_20663_42101;98;;1971;897;897;75;822;45.51;8.36
226201_20664_42101;99;;1279;549;549;38;511;42.92;6.92
226201_20665_42101;100;;2238;882;882;82;800;39.41;9.30
226201_20666_42101;101;;1616;661;661;69;592;40.90;10.44
226201_20667_42101;102;;1787;796;796;88;708;44.54;11.06
226201_20668_42101;103;;1323;636;636;64;572;48.07;10.06
226201_20669_42101;104;;1093;524;524;53;471;47.94;10.11
226201_20670_42101;105;;1832;865;865;89;776;47.22;10.29
226201_20671_42101;106;;2266;1081;1081;95;986;47.71;8.79
226201_20672_42101;107;;2020;866;866;83;783;42.87;9.58
226201_20673_42101;108;;2160;936;936;96;840;43.33;10.26
226201_20674_42101;109;;1180;566;566;123;443;47.97;21.73
226201_20675_42101;110;;1612;778;778;100;678;48.26;12.85
226201_20676_42101;111;;2179;1012;1012;89;923;46.44;8.79
226201_20677_42101;112;;1795;786;787;69;717;43.79;8.78
226201_20678_42101;113;;2196;1013;1013;75;938;46.13;7.40
226201_20679_42101;114;;1473;661;661;53;608;44.87;8.02
226201_20680_42101;115;;2035;866;866;93;773;42.56;10.74
226201_20681_42101;116;;1629;685;685;95;590;42.05;13.87
226201_20682_42101;117;;1955;725;725;94;631;37.08;12.97
226201_30258_42101;118;;130;33;33;8;25;25.38;24.24
226201_30259_42101;119;;112;42;42;6;36;37.50;14.29
226201_30260_42101;120;;28;20;20;2;18;71.43;10.00
226201_30261_42101;121;;70;41;41;14;27;58.57;34.15
226301_20683_42100;1;;1187;551;551;57;494;46.42;10.34
226301_20684_42100;2;;1853;779;779;82;697;42.04;10.53
226301_20685_42100;3;;1971;841;841;127;714;42.67;15.10
226301_20686_42100;4;;1873;815;815;89;726;43.51;10.92
226301_20687_42100;5;;2187;975;975;155;820;44.58;15.90
226301_20688_42100;6;;1805;882;882;108;774;48.86;12.24
226301_20689_42100;7;;2009;881;881;99;782;43.85;11.24
226301_20690_42100;8;;2244;1026;1026;122;904;45.72;11.89
226301_20691_42100;9;;1994;844;844;108;736;42.33;12.80
226301_20692_42100;10;;1315;478;478;96;382;36.35;20.08
226301_20693_42100;11;;2205;892;892;137;755;40.45;15.36
226301_20694_42100;12;;1875;679;679;115;564;36.21;16.94
226301_20695_42100;13;;2042;864;864;121;743;42.31;14.00
226301_20696_42100;14;;1153;391;391;52;339;33.91;13.30
226301_20697_42100;15;;1594;626;626;119;507;39.27;19.01
226301_20698_42100;16;;1291;553;553;64;489;42.84;11.57
226301_20699_42100;17;;1212;433;433;58;375;35.73;13.39
226301_20700_42100;18;;1991;918;918;115;803;46.11;12.53
226301_20701_42100;19;;1611;766;766;56;710;47.55;7.31
226301_20702_42100;20;;1538;666;666;97;569;43.30;14.56
226301_20703_42100;21;;1783;703;703;89;614;39.43;12.66
226301_20704_42100;22;;2010;913;913;93;820;45.42;10.19
226301_20705_42100;23;;1870;565;565;119;446;30.21;21.06
226301_20706_42100;24;;1849;525;525;71;454;28.39;13.52
226301_20707_42100;25;;1761;520;520;112;408;29.53;21.54
226301_20708_42100;26;;1849;583;583;119;464;31.53;20.41
226301_20709_42100;27;;1713;582;582;119;463;33.98;20.45
226301_20710_42100;28;;1161;492;497;51;441;42.38;10.37
226301_20711_42100;29;;1216;410;410;64;346;33.72;15.61
226301_20712_42100;30;;1487;430;430;32;398;28.92;7.44
226301_20713_42100;31;;1655;566;566;68;498;34.20;12.01
226301_20714_42100;32;;1973;793;793;193;600;40.19;24.34
226301_20715_42100;33;;1846;773;773;101;672;41.87;13.07
226301_20716_42100;34;;1431;471;471;51;420;32.91;10.83
226301_20717_42100;35;;1862;583;583;80;503;31.31;13.72
226301_20718_42100;36;;635;235;235;43;192;37.01;18.30
226301_20719_42100;37;;1982;789;789;92;697;39.81;11.66
226301_20720_42100;38;;1900;733;733;112;621;38.58;15.28
226301_20721_42100;39;;2226;883;883;130;753;39.67;14.72
226301_20722_42100;40;;1978;875;875;123;752;44.24;14.06
226301_20723_42100;41;;1576;695;695;92;603;44.10;13.24
226301_20724_42100;42;;1869;852;852;94;758;45.59;11.03
226301_20725_42100;43;;1990;848;848;90;758;42.61;10.61
226301_30262_42100;44;;153;32;32;1;31;20.92;3.12
226301_30263_42100;45;;120;40;40;17;23;33.33;42.50
226301_30264_42100;46;;52;8;8;1;7;15.38;12.50
226401_20726_42101;1;;1098;558;558;47;511;50.82;8.42
226401_20727_42101;2;;828;431;431;48;383;52.05;11.14
226401_20728_42101;3;;1070;530;530;69;461;49.53;13.02
226401_20729_42101;4;;1355;658;658;54;604;48.56;8.21
226401_20730_42101;5;;1128;554;554;69;485;49.11;12.45
226401_20731_42101;6;;1751;866;866;70;796;49.46;8.08
226401_20732_42101;7;;877;430;430;36;394;49.03;8.37
226401_20733_42101;8;;1830;926;926;71;855;50.60;7.67
226401_20734_42101;9;;2185;1095;1096;71;1024;50.11;6.48
226401_20735_42101;10;;1876;986;986;84;902;52.56;8.52
226401_20736_42101;11;;1475;784;784;54;730;53.15;6.89
226401_20737_42101;12;;1328;800;800;46;754;60.24;5.75
226401_20738_42101;13;;1905;861;861;70;791;45.20;8.13
226401_20739_42101;14;;1449;622;622;43;579;42.93;6.91
226401_20740_42101;15;;1819;1018;1018;77;941;55.96;7.56
226401_20741_42101;16;;1342;633;633;50;583;47.17;7.90
226401_20742_42101;17;;1788;966;966;81;885;54.03;8.39
226401_20743_42101;18;;1013;488;488;50;438;48.17;10.25
226401_20744_42101;19;;1550;845;845;63;782;54.52;7.46
226401_20745_42101;20;;1519;842;842;81;761;55.43;9.62
226401_20746_42101;21;;1582;879;879;55;824;55.56;6.26
240101_20747_42131;1;;775;291;291;46;245;37.55;15.81
240101_20748_42131;2;;1732;673;673;144;529;38.86;21.40
240101_20749_42131;3;;917;416;416;40;376;45.37;9.62
240101_20750_42131;4;;1211;510;510;57;453;42.11;11.18
240101_20751_42131;5;;2083;808;808;123;685;38.79;15.22
240101_20752_42131;6;;1410;602;602;101;501;42.70;16.78
240101_20753_42131;7;;662;325;325;31;294;49.09;9.54
240101_20754_42131;8;;1883;972;972;113;859;51.62;11.63
240101_20755_42131;9;;1282;667;667;105;562;52.03;15.74
240101_20756_42131;10;;598;303;303;34;269;50.67;11.22
240101_20757_42131;11;;1822;742;742;105;637;40.72;14.15
240101_20758_42131;12;;953;375;375;31;344;39.35;8.27
240101_20759_42131;13;;808;345;345;48;297;42.70;13.91
240101_20760_42131;14;;1333;579;579;79;500;43.44;13.64
240101_20761_42131;15;;968;408;408;54;354;42.15;13.24
240101_20762_42131;16;;835;356;356;40;316;42.63;11.24
240101_20763_42131;17;;1731;837;837;117;720;48.35;13.98
240101_20764_42131;18;;1981;888;888;172;716;44.83;19.37
240101_20765_42131;19;;1653;741;741;108;633;44.83;14.57
240101_20766_42131;20;;1253;592;592;130;462;47.25;21.96
240101_20767_42131;21;;1231;543;543;88;455;44.11;16.21
240101_20768_42131;22;;855;329;329;44;285;38.48;13.37
240101_20769_42131;23;;1539;631;631;74;557;41.00;11.73
240101_20770_42131;24;;1632;755;755;111;644;46.26;14.70
240101_20771_42131;25;;1902;663;663;90;573;34.86;13.57
240101_20772_42131;26;;1771;582;582;96;486;32.86;16.49
240101_20773_42131;27;;962;361;361;63;298;37.53;17.45
240101_20774_42131;28;;1544;534;534;85;449;34.59;15.92
240101_20775_42131;29;;714;274;282;39;235;38.38;14.23
240101_20776_42131;30;;1367;470;470;67;403;34.38;14.26
240101_20777_42131;31;;1380;557;557;112;445;40.36;20.11
240101_20778_42131;32;;1409;609;609;110;499;43.22;18.06
240101_20779_42131;33;;1142;349;349;57;292;30.56;16.33
240101_20780_42131;34;;1491;542;542;91;451;36.35;16.79
240101_20781_42131;35;;1720;724;724;95;629;42.09;13.12
240101_30265_42131;36;;59;24;24;5;19;40.68;20.83
240101_30266_42131;37;;74;33;33;7;26;44.59;21.21
240102_20782_42131;1;;1215;618;618;131;487;50.86;21.20
240102_20783_42131;2;;1354;651;651;202;449;48.08;31.03
240102_20784_42131;3;;1330;657;657;121;536;49.40;18.42
240102_20785_42131;4;;1442;637;637;232;405;44.17;36.42
240102_20786_42131;5;;1086;439;439;90;349;40.42;20.50
240102_20787_42131;6;;1492;698;698;234;464;46.78;33.52
240102_20788_42131;7;;1588;886;886;159;727;55.79;17.95
240102_20789_42131;8;;1519;717;717;165;552;47.20;23.01
240102_20790_42131;9;;1193;668;668;80;588;55.99;11.98
240102_20791_42131;10;;1185;557;557;167;390;47.00;29.98
240102_20792_42131;11;;1101;475;475;109;366;43.14;22.95
240102_20793_42131;12;;1193;509;509;103;406;42.67;20.24
240102_20794_42131;13;;1079;555;555;105;450;51.44;18.92
240102_20795_42131;14;;1116;545;545;113;432;48.84;20.73
240102_20796_42131;15;;1302;584;584;144;440;44.85;24.66
240102_20797_42131;16;;1410;646;646;111;535;45.82;17.18
240102_20798_42131;17;;1262;505;505;124;381;40.02;24.55
240102_20799_42131;18;;1450;615;615;92;523;42.41;14.96
240102_20800_42131;19;;1174;520;520;91;429;44.29;17.50
240102_20801_42131;20;;1160;628;628;131;497;54.14;20.86
240102_20802_42131;21;;1216;580;580;98;482;47.70;16.90
240102_30267_42131;22;;214;51;51;10;41;23.83;19.61
240103_20803_42131;1;;1402;687;687;122;565;49.00;17.76
240103_20804_42131;2;;1108;481;481;151;330;43.41;31.39
240103_20805_42131;3;;1985;1035;1035;196;839;52.14;18.94
240103_20806_42131;4;;1181;667;667;106;561;56.48;15.89
240103_20807_42131;5;;1856;1081;1081;241;840;58.24;22.29
240103_30268_42131;6;;466;38;38;10;28;8.15;26.32
240103_30269_42131;7;;342;83;83;24;59;24.27;28.92
240104_20808_42131;1;;1346;678;678;161;517;50.37;23.75
240104_20809_42131;2;;1222;539;539;151;388;44.11;28.01
240104_20810_42131;3;;1633;871;871;155;716;53.34;17.80
240104_20811_42131;4;;342;159;159;42;117;46.49;26.42
240104_20812_42131;5;;1244;712;712;168;544;57.23;23.60
240104_20813_42131;6;;1242;684;684;265;419;55.07;38.74
240104_20814_42131;7;;1153;580;580;133;447;50.30;22.93
240104_20815_42131;8;;789;412;412;88;324;52.22;21.36
240104_20816_42131;9;;350;219;219;33;186;62.57;15.07
240104_20817_42131;10;;510;259;259;34;225;50.78;13.13
240105_20818_42131;1;;989;529;529;177;352;53.49;33.46
240105_20819_42131;2;;1197;568;568;95;473;47.45;16.73
240105_20820_42131;3;;785;456;456;88;368;58.09;19.30
240105_20821_42131;4;;839;470;470;87;383;56.02;18.51
240105_20822_42131;5;;636;356;356;109;247;55.97;30.62
240105_20823_42131;6;;488;253;253;51;202;51.84;20.16
240105_20824_42131;7;;713;345;345;54;291;48.39;15.65
240105_20825_42131;8;;528;302;302;69;233;57.20;22.85
240106_20826_42131;1;;886;530;530;114;416;59.82;21.51
240106_20827_42131;2;;601;298;298;42;256;49.58;14.09
240106_20828_42131;3;;770;416;416;80;336;54.03;19.23
240106_20829_42131;4;;770;365;365;61;304;47.40;16.71
240106_20830_42131;5;;605;330;330;73;257;54.55;22.12
240106_20831_42131;6;;752;404;404;72;332;53.72;17.82
240106_20832_42131;7;;2284;1223;1223;229;994;53.55;18.72
240106_20833_42131;8;;1531;750;750;158;592;48.99;21.07
240106_20834_42131;9;;1507;772;772;124;648;51.23;16.06
240107_20835_42131;1;;2385;1343;1343;288;1055;56.31;21.44
240107_20836_42131;2;;2104;1213;1213;259;954;57.65;21.35
240107_20837_42131;3;;984;460;460;96;364;46.75;20.87
240107_20838_42131;4;;595;345;345;69;276;57.98;20.00
240107_20839_42131;5;;2201;1016;1016;146;870;46.16;14.37
240107_20840_42131;6;;1457;867;867;195;672;59.51;22.49
240107_20841_42131;7;;329;191;191;49;142;58.05;25.65
240108_20842_42131;1;;1208;723;723;169;554;59.85;23.37
240108_20843_42131;2;;1090;607;607;157;450;55.69;25.86
240108_20844_42131;3;;1233;717;717;170;547;58.15;23.71
240108_20845_42131;4;;1150;676;676;142;534;58.78;21.01
240108_20846_42131;5;;1120;640;640;144;496;57.14;22.50
240201_20847_42125;1;;1571;850;850;187;663;54.11;22.00
240201_20848_42125;2;;1395;819;819;134;685;58.71;16.36
240201_20849_42125;3;;682;448;448;82;366;65.69;18.30
240201_20850_42125;4;;1067;618;618;110;508;57.92;17.80
240202_20851_42125;1;;1887;874;874;142;732;46.32;16.25
240202_20852_42125;2;;1881;758;758;102;656;40.30;13.46
240202_20853_42125;3;;1310;544;544;83;461;41.53;15.26
240202_20854_42125;4;;1378;648;648;99;549;47.02;15.28
240202_20855_42125;5;;1255;612;612;95;517;48.76;15.52
240202_20856_42125;6;;1326;551;551;114;437;41.55;20.69
240203_20857_42125;1;;1764;738;738;114;624;41.84;15.45
240203_20858_42125;2;;1703;704;704;104;600;41.34;14.77
240203_20859_42125;3;;1163;620;620;83;537;53.31;13.39
240203_20860_42125;4;;1589;704;704;77;627;44.30;10.94
240203_20861_42125;5;;1857;756;756;120;636;40.71;15.87
240203_20862_42125;6;;695;330;330;50;280;47.48;15.15
240204_20863_42125;1;;1957;883;883;108;775;45.12;12.23
240204_20864_42125;2;;1668;686;686;105;581;41.13;15.31
240204_20865_42125;3;;1838;633;633;87;546;34.44;13.74
240204_20866_42125;4;;1889;865;865;132;733;45.79;15.26
240204_20867_42125;5;;1843;859;859;102;757;46.61;11.87
240204_20868_42125;6;;1812;808;808;95;713;44.59;11.76
240204_20869_42125;7;;979;466;466;54;412;47.60;11.59
240204_20870_42125;8;;2066;856;856;215;641;41.43;25.12
240204_20871_42125;9;;1987;961;961;103;858;48.36;10.72
240204_20872_42125;10;;2037;730;730;185;545;35.84;25.34
240204_20873_42125;11;;1745;666;666;69;597;38.17;10.36
240204_20874_42125;12;;1325;545;545;84;461;41.13;15.41
240204_20875_42125;13;;1476;626;626;76;550;42.41;12.14
240204_20876_42125;14;;1315;598;598;94;504;45.48;15.72
240204_20877_42125;15;;1943;1023;1023;107;916;52.65;10.46
240204_20878_42125;16;;2068;1036;1036;268;768;50.10;25.87
240204_20879_42125;17;;1356;691;691;136;555;50.96;19.68
240204_20880_42125;18;;1299;664;664;88;576;51.12;13.25
240204_20881_42125;19;;1709;840;840;164;676;49.15;19.52
240204_20882_42125;20;;825;401;401;56;345;48.61;13.97
240204_20883_42125;21;;1162;612;612;86;526;52.67;14.05
240204_20884_42125;22;;865;487;487;86;401;56.30;17.66
240204_30270_42125;23;;26;19;19;4;15;73.08;21.05
240205_20885_42125;1;;888;426;426;83;343;47.97;19.48
240205_20886_42125;2;;1017;586;586;92;494;57.62;15.70
240205_20887_42125;3;;985;529;529;51;478;53.71;9.64
240205_20888_42125;4;;792;400;400;99;301;50.51;24.75
240205_20889_42125;5;;1706;861;861;142;719;50.47;16.49
240205_20890_42125;6;;1773;833;833;148;685;46.98;17.77
240205_20891_42125;7;;687;378;378;56;322;55.02;14.81
240205_20892_42125;8;;465;279;279;46;233;60.00;16.49
240205_20893_42125;9;;1406;769;769;222;547;54.69;28.87
240205_20894_42125;10;;865;489;489;83;406;56.53;16.97
240205_20895_42125;11;;691;407;407;92;315;58.90;22.60
240205_20896_42125;12;;1042;552;552;70;482;52.98;12.68
240205_20897_42125;13;;843;396;396;55;341;46.98;13.89
240205_20898_42125;14;;937;471;471;46;425;50.27;9.77
240205_20899_42125;15;;876;392;392;65;327;44.75;16.58
240205_20900_42125;16;;800;366;366;55;311;45.75;15.03
240205_20901_42125;17;;1142;587;587;132;455;51.40;22.49
240205_20902_42125;18;;572;325;325;80;245;56.82;24.62
240205_20903_42125;19;;500;239;239;43;196;47.80;17.99
240206_20904_42125;1;;1702;984;984;188;796;57.81;19.11
240206_20905_42125;2;;1615;929;929;172;757;57.52;18.51
240206_20906_42125;3;;2198;1240;1240;157;1083;56.41;12.66
240207_20907_42125;1;;2119;1155;1155;260;895;54.51;22.51
240207_20908_42125;2;;1713;999;999;153;846;58.32;15.32
240207_20909_42125;3;;1838;988;988;197;791;53.75;19.94
240207_20910_42125;4;;2183;1161;1161;253;908;53.18;21.79
240207_20911_42125;5;;2131;1036;1036;225;811;48.62;21.72
240208_20912_42125;1;;1801;870;870;118;752;48.31;13.56
240208_20913_42125;2;;1352;714;714;124;590;52.81;17.37
240208_20914_42125;3;;1526;828;828;157;671;54.26;18.96
240208_20915_42125;4;;1687;925;925;149;776;54.83;16.11
240208_20916_42125;5;;1833;868;868;191;677;47.35;22.00
240208_20917_42125;6;;967;427;427;87;340;44.16;20.37
240208_20918_42125;7;;1602;953;953;241;712;59.49;25.29
240208_20919_42125;8;;1609;846;846;207;639;52.58;24.47
240209_20920_42125;1;;2394;1181;1181;195;986;49.33;16.51
240209_20921_42125;2;;2261;875;875;109;766;38.70;12.46
240209_20922_42125;3;;1933;898;898;104;794;46.46;11.58
240209_20923_42125;4;;1795;828;828;130;698;46.13;15.70
240209_20924_42125;5;;1643;710;710;142;568;43.21;20.00
240209_20925_42125;6;;886;406;406;77;329;45.82;18.97
240209_20926_42125;7;;1621;802;802;216;586;49.48;26.93
240209_20927_42125;8;;682;276;276;53;223;40.47;19.20
240210_20928_42125;1;;1465;577;577;54;523;39.39;9.36
240210_20929_42125;2;;1328;520;520;86;434;39.16;16.54
240210_20930_42125;3;;1382;558;558;117;441;40.38;20.97
240210_20931_42125;4;;1246;540;540;95;445;43.34;17.59
240210_20932_42125;5;;1319;609;609;65;544;46.17;10.67
240210_20933_42125;6;;2070;898;898;101;797;43.38;11.25
240210_20934_42125;7;;1670;710;710;102;608;42.51;14.37
240210_30271_42125;8;;114;39;39;8;31;34.21;20.51
240210_30272_42125;9;;119;43;43;8;35;36.13;18.60
240210_30273_42125;10;;49;24;24;10;14;48.98;41.67
240301_20935_42125;1;;753;331;331;71;260;43.96;21.45
240301_20936_42125;2;;735;363;363;47;316;49.39;12.95
240301_20937_42125;3;;1185;537;537;66;471;45.32;12.29
240301_20938_42125;4;;1919;921;921;108;813;47.99;11.73
240301_20939_42125;5;;943;492;492;63;429;52.17;12.80
240301_20940_42125;6;;1783;775;775;107;668;43.47;13.81
240301_20941_42125;7;;923;454;454;39;415;49.19;8.59
240301_20942_42125;8;;1626;662;662;69;593;40.71;10.42
240301_20943_42125;9;;914;404;404;58;346;44.20;14.36
240301_20944_42125;10;;1328;542;542;113;429;40.81;20.85
240301_20945_42125;11;;1728;735;735;116;619;42.53;15.78
240301_20946_42125;12;;1116;424;424;79;345;37.99;18.63
240301_20947_42125;13;;739;298;298;46;252;40.32;15.44
240301_20948_42125;14;;1156;468;468;59;409;40.48;12.61
240301_20949_42125;15;;1136;494;494;52;442;43.49;10.53
240301_20950_42125;16;;1704;752;752;94;658;44.13;12.50
240301_20951_42125;17;;1636;651;651;165;486;39.79;25.35
240301_20952_42125;18;;1600;664;666;87;577;41.50;13.10
240301_20953_42125;19;;1820;889;889;175;714;48.85;19.69
240301_20954_42125;20;;1169;559;559;162;397;47.82;28.98
240301_20955_42125;21;;1638;897;897;211;686;54.76;23.52
240301_30274_42125;22;;398;33;33;9;24;8.29;27.27
240301_30275_42125;23;;40;19;19;3;16;47.50;15.79
240301_30276_42125;24;;140;48;48;2;46;34.29;4.17
240301_30277_42125;25;;64;40;40;5;35;62.50;12.50
240301_30278_42125;26;;368;51;51;8;43;13.86;15.69
240302_20956_42125;1;;1148;529;529;81;448;46.08;15.31
240302_20957_42125;2;;759;360;360;62;298;47.43;17.22
240302_20958_42125;3;;2151;967;967;134;833;44.96;13.86
240302_20959_42125;4;;1300;630;630;91;539;48.46;14.44
240302_20960_42125;5;;2048;920;920;178;742;44.92;19.35
240302_20961_42125;6;;2032;973;973;165;808;47.88;16.96
240302_20962_42125;7;;1272;646;646;135;511;50.79;20.90
240302_20963_42125;8;;1232;571;571;91;480;46.35;15.94
240302_20964_42125;9;;943;418;418;81;337;44.33;19.38
240302_30821_42125;10;;30;27;27;0;27;90.00;0.00
240303_20965_42125;1;;546;255;255;41;214;46.70;16.08
240303_20966_42125;2;;1189;616;616;123;493;51.81;19.97
240303_20967_42125;3;;1192;653;653;143;510;54.78;21.90
240303_20968_42125;4;;1179;670;670;91;579;56.83;13.58
240303_20969_42125;5;;2029;1083;1083;268;815;53.38;24.75
240303_20970_42125;6;;1406;641;641;77;564;45.59;12.01
240303_20971_42125;7;;656;395;395;83;312;60.21;21.01
240303_20972_42125;8;;1022;535;535;96;439;52.35;17.94
240304_20973_42125;1;;1230;554;554;88;466;45.04;15.88
240304_20974_42125;2;;1326;632;632;157;475;47.66;24.84
240304_20975_42125;3;;1223;582;582;136;446;47.59;23.37
240304_20976_42125;4;;774;451;451;130;321;58.27;28.82
240304_20977_42125;5;;938;491;491;111;380;52.35;22.61
240304_20978_42125;6;;1040;483;483;119;364;46.44;24.64
240304_20979_42125;7;;2066;1100;1100;259;841;53.24;23.55
240305_20980_42125;1;;1784;956;956;205;751;53.59;21.44
240305_20981_42125;2;;1547;702;702;183;519;45.38;26.07
240305_20982_42125;3;;1472;740;740;219;521;50.27;29.59
240305_20983_42125;4;;1904;965;965;232;733;50.68;24.04
240305_20984_42125;5;;817;405;405;85;320;49.57;20.99
240306_20985_42125;1;;1479;858;858;182;676;58.01;21.21
240306_20986_42125;2;;419;193;193;36;157;46.06;18.65
240306_20987_42125;3;;821;434;434;78;356;52.86;17.97
240306_20988_42125;4;;500;246;246;52;194;49.20;21.14
240306_20989_42125;5;;1325;604;604;133;471;45.58;22.02
240307_20990_42125;1;;1384;778;778;161;617;56.21;20.69
240307_20991_42125;2;;1313;694;694;157;537;52.86;22.62
240307_20992_42125;3;;803;398;398;87;311;49.56;21.86
240307_20993_42125;4;;977;430;430;69;361;44.01;16.05
240307_20994_42125;5;;563;297;297;66;231;52.75;22.22
240307_20995_42125;6;;559;290;290;55;235;51.88;18.97
240307_20996_42125;7;;488;265;265;61;204;54.30;23.02
240307_20997_42125;8;;1064;601;601;69;532;56.48;11.48
240307_20998_42125;9;;1315;595;595;123;472;45.25;20.67
240307_20999_42125;10;;1406;563;563;87;476;40.04;15.45
240307_21000_42125;11;;444;230;230;43;187;51.80;18.70
240307_30279_42125;12;;101;53;53;2;51;52.48;3.77
240308_21001_42125;1;;562;289;289;65;224;51.42;22.49
240308_21002_42125;2;;1869;1004;1004;245;759;53.72;24.40
240308_21003_42125;3;;1498;712;712;124;588;47.53;17.42
240308_21004_42125;4;;1746;933;933;193;740;53.44;20.69
240308_21005_42125;5;;1064;371;371;81;290;34.87;21.83
240308_21006_42125;6;;352;184;184;31;153;52.27;16.85
240308_21007_42125;7;;1094;497;497;94;403;45.43;18.91
240309_21008_42125;1;;2034;1239;1239;294;945;60.91;23.73
240309_21009_42125;2;;1862;1037;1038;172;865;55.69;16.59
240309_21010_42125;3;;1187;723;724;98;625;60.91;13.55
240309_21011_42125;4;;1214;658;658;115;543;54.20;17.48
240309_21012_42125;5;;1662;912;912;182;730;54.87;19.96
240309_21013_42125;6;;1140;550;550;142;408;48.25;25.82
240310_21014_42125;1;;1321;673;673;93;580;50.95;13.82
240310_21015_42125;2;;716;317;317;55;262;44.27;17.35
240310_21016_42125;3;;971;375;375;116;259;38.62;30.93
240310_21017_42125;4;;511;185;185;24;161;36.20;12.97
240310_21018_42125;5;;663;331;331;29;302;49.92;8.76
240310_21019_42125;6;;975;356;356;73;283;36.51;20.51
240310_21020_42125;7;;2340;1087;1087;185;902;46.45;17.02
240310_21021_42125;8;;1138;485;485;113;372;42.62;23.30
240310_21022_42125;9;;1310;610;610;85;525;46.56;13.93
240310_21023_42125;10;;1488;719;719;101;618;48.32;14.05
240310_21024_42125;11;;868;342;342;60;282;39.40;17.54
240310_21025_42125;12;;1066;535;535;132;403;50.19;24.67
240310_21026_42125;13;;432;228;228;42;186;52.78;18.42
240310_21027_42125;14;;532;308;308;69;239;57.89;22.40
240310_21028_42125;15;;1400;695;695;148;547;49.64;21.29
240310_21029_42125;16;;746;316;316;50;266;42.36;15.82
240310_21030_42125;17;;651;282;282;31;251;43.32;10.99
240310_21031_42125;18;;1263;627;627;108;519;49.64;17.22
240310_21032_42125;19;;576;275;275;55;220;47.74;20.00
240310_21033_42125;20;;636;278;278;31;247;43.71;11.15
240310_21034_42125;21;;1025;371;371;59;312;36.20;15.90
240310_30280_42125;22;;39;17;17;7;10;43.59;41.18
240310_30281_42125;23;;74;37;37;20;17;50.00;54.05
240310_30282_42125;24;;31;7;7;0;7;22.58;0.00
240311_21035_42125;1;;1466;731;731;90;641;49.86;12.31
240311_21036_42125;2;;1321;617;617;112;505;46.71;18.15
240311_21037_42125;3;;894;319;319;55;264;35.68;17.24
240311_21038_42125;4;;1151;497;497;134;363;43.18;26.96
240311_21039_42125;5;;1770;861;861;313;548;48.64;36.35
240311_21040_42125;6;;1365;545;545;135;410;39.93;24.77
240311_21041_42125;7;;1105;438;438;106;332;39.64;24.20
240311_21042_42125;8;;1067;544;544;118;426;50.98;21.69
240312_21043_42125;1;;857;423;423;78;345;49.36;18.44
240312_21044_42125;2;;1522;739;739;152;587;48.55;20.57
240312_21045_42125;3;;1368;641;641;119;522;46.86;18.56
240312_21046_42125;4;;1469;805;805;149;656;54.80;18.51
240312_21047_42125;5;;1388;669;669;132;537;48.20;19.73
240312_21048_42125;6;;1221;583;586;94;489;47.75;16.12
240312_21049_42125;7;;1253;546;560;93;453;43.58;17.03
240312_21050_42125;8;;1185;338;338;120;218;28.52;35.50
240401_21051_42130;1;;2126;1113;1113;195;918;52.35;17.52
240401_21052_42130;2;;2209;1053;1053;196;857;47.67;18.61
240401_21053_42130;3;;2146;962;962;224;738;44.83;23.28
240401_21054_42130;4;;1431;691;691;136;555;48.29;19.68
240401_21056_42130;6;;569;286;286;51;235;50.26;17.83
240401_30283_42130;7;;59;4;4;0;4;6.78;0.00
240401_30284_42130;8;;118;60;60;16;44;50.85;26.67
240402_21057_42130;1;;1227;846;846;163;683;68.95;19.27
240402_21058_42130;2;;1111;622;622;129;493;55.99;20.74
240402_21059_42130;3;;361;203;203;44;159;56.23;21.67
240402_21060_42130;4;;729;464;464;160;304;63.65;34.48
240403_21061_42130;1;;670;356;356;71;285;53.13;19.94
240403_21062_42130;2;;314;204;204;42;162;64.97;20.59
240403_21063_42130;3;;716;496;496;109;387;69.27;21.98
240403_21064_42130;4;;707;400;400;95;305;56.58;23.75
240403_21065_42130;5;;447;225;225;69;156;50.34;30.67
240403_21066_42130;6;;1166;728;728;95;633;62.44;13.05
240403_21067_42130;7;;914;528;528;86;442;57.77;16.29
240404_21068_42130;1;;1509;919;919;173;746;60.90;18.82
240404_21069_42130;2;;1200;727;727;140;587;60.58;19.26
240404_21070_42130;3;;779;443;443;89;354;56.87;20.09
240404_21071_42130;4;;670;347;347;70;277;51.79;20.17
240404_21072_42130;5;;497;341;341;105;236;68.61;30.79
240405_21073_42130;1;;2404;1421;1421;209;1212;59.11;14.71
240405_21074_42130;2;;690;356;356;102;254;51.59;28.65
240405_21075_42130;3;;988;489;489;67;422;49.49;13.70
240405_21076_42130;4;;482;262;262;64;198;54.36;24.43
240405_21077_42130;5;;499;275;275;64;211;55.11;23.27
240405_21078_42130;6;;1054;465;465;71;394;44.12;15.27
240405_21079_42130;7;;538;278;278;49;229;51.67;17.63
240405_21080_42130;8;;1595;805;805;141;664;50.47;17.52
240405_21081_42130;9;;1285;739;739;121;618;57.51;16.37
240405_21082_42130;10;;883;403;403;91;312;45.64;22.58
240405_21083_42130;11;;500;274;274;57;217;54.80;20.80
240405_21084_42130;12;;412;252;252;47;205;61.17;18.65
240406_21085_42130;1;;1423;796;796;173;623;55.94;21.73
240406_21086_42130;2;;1960;1176;1176;310;866;60.00;26.36
240406_21087_42130;3;;836;449;449;97;352;53.71;21.60
240406_21088_42130;4;;1137;602;602;132;470;52.95;21.93
240406_21089_42130;5;;503;256;256;60;196;50.89;23.44
240406_21090_42130;6;;295;165;165;59;106;55.93;35.76
240406_21091_42130;7;;2218;1298;1298;290;1008;58.52;22.34
240407_21092_42130;1;;749;401;401;77;324;53.54;19.20
240407_21093_42130;2;;681;363;363;66;297;53.30;18.18
240407_21094_42130;3;;485;305;305;80;225;62.89;26.23
240407_21095_42130;4;;551;282;282;47;235;51.18;16.67
240407_21096_42130;5;;820;483;483;126;357;58.90;26.09
240407_21097_42130;6;;547;302;302;81;221;55.21;26.82
240407_21098_42130;7;;1181;683;683;215;468;57.83;31.48
240407_21099_42130;8;;1223;738;738;130;608;60.34;17.62
240407_21100_42130;9;;491;294;294;62;232;59.88;21.09
240407_21101_42130;10;;819;490;490;151;339;59.83;30.82
240407_21102_42130;11;;765;423;423;115;308;55.29;27.19
240407_21103_42130;12;;504;277;277;43;234;54.96;15.52
240408_21104_42130;1;;1359;841;841;125;716;61.88;14.86
240408_21105_42130;2;;916;544;544;120;424;59.39;22.06
240408_21106_42130;3;;1011;585;585;164;421;57.86;28.03
240408_21107_42130;4;;743;446;446;83;363;60.03;18.61
240409_21108_42130;1;;398;235;235;48;187;59.05;20.43
240409_21109_42130;2;;438;271;271;71;200;61.87;26.20
240409_21110_42130;3;;1291;871;871;195;676;67.47;22.39
240409_21111_42130;4;;478;296;296;77;219;61.92;26.01
240409_21112_42130;5;;666;400;400;108;292;60.06;27.00
240409_21113_42130;6;;840;608;608;126;482;72.38;20.72
240409_30285_42130;7;;66;62;62;23;39;93.94;37.10
240410_21114_42130;1;;794;485;485;46;439;61.08;9.48
240410_21115_42130;2;;1496;959;959;132;827;64.10;13.76
240410_21116_42130;3;;782;492;492;115;377;62.92;23.37
240410_21117_42130;4;;748;429;429;90;339;57.35;20.98
240410_21118_42130;5;;522;358;358;95;263;68.58;26.54
240410_21119_42130;6;;641;355;355;85;270;55.38;23.94
240410_21120_42130;7;;697;439;439;99;340;62.98;22.55
240410_21121_42130;8;;1487;984;984;134;850;66.17;13.62
240410_21122_42130;9;;743;440;440;107;333;59.22;24.32
240410_21123_42130;10;;445;290;290;43;247;65.17;14.83
240410_21124_42130;11;;403;249;249;58;191;61.79;23.29
240411_21125_42130;1;;1411;763;763;104;659;54.08;13.63
240411_21126_42130;2;;1533;749;749;109;640;48.86;14.55
240411_21127_42130;3;;1479;688;688;134;554;46.52;19.48
240411_21128_42130;4;;917;564;564;104;460;61.50;18.44
240411_21129_42130;5;;1492;812;812;120;692;54.42;14.78
240411_21130_42130;6;;867;528;528;83;445;60.90;15.72
240411_21131_42130;7;;1081;583;583;90;493;53.93;15.44
240411_21132_42130;8;;809;439;440;81;358;54.26;18.45
240411_21133_42130;9;;968;482;482;48;434;49.79;9.96
240411_21134_42130;10;;636;366;366;54;312;57.55;14.75
240411_21135_42130;11;;657;352;352;62;290;53.58;17.61
240412_21136_42130;1;;756;414;414;90;324;54.76;21.74
240412_21137_42130;2;;988;517;517;87;430;52.33;16.83
240412_21138_42130;3;;2331;1320;1320;297;1023;56.63;22.50
240412_21139_42130;4;;701;379;379;72;307;54.07;19.00
240412_21140_42130;5;;956;332;332;57;275;34.73;17.17
240412_21141_42130;6;;676;386;386;80;306;57.10;20.73
240412_30286_42130;7;;58;41;41;4;37;70.69;9.76
240413_21142_42130;1;;1533;890;890;145;745;58.06;16.29
240413_21143_42130;2;;1284;581;581;123;458;45.25;21.17
240413_21144_42130;3;;1156;597;597;82;515;51.64;13.74
240413_21145_42130;4;;1997;991;1001;161;830;49.62;16.25
240413_21146_42130;5;;940;475;475;73;402;50.53;15.37
240413_21147_42130;6;;1628;793;793;113;680;48.71;14.25
240413_21148_42130;7;;551;315;315;86;229;57.17;27.30
240413_21149_42130;8;;511;321;321;49;272;62.82;15.26
240413_21150_42130;9;;893;444;444;103;341;49.72;23.20
240414_21151_42130;1;;338;156;156;33;123;46.15;21.15
240414_21152_42130;2;;1135;611;611;114;497;53.83;18.66
240414_21153_42130;3;;521;276;276;54;222;52.98;19.57
240414_21154_42130;4;;327;129;129;24;105;39.45;18.60
240414_21155_42130;5;;547;298;298;79;219;54.48;26.51
240414_21156_42130;6;;376;149;149;31;118;39.63;20.81
240415_21157_42130;1;;2020;1074;1074;204;870;53.17;18.99
240415_21158_42130;2;;1961;1106;1106;241;865;56.40;21.79
240415_21159_42130;3;;461;278;278;59;219;60.30;21.22
240415_21160_42130;4;;1302;689;689;106;583;52.92;15.38
240415_21161_42130;5;;1653;971;971;304;667;58.74;31.31
240415_21162_42130;6;;757;399;399;98;301;52.71;24.56
240416_21163_42130;1;;578;381;381;109;272;65.92;28.61
240416_21164_42130;2;;570;325;325;68;257;57.02;20.92
240416_21165_42130;3;;713;478;478;128;350;67.04;26.78
240416_21166_42130;4;;430;258;258;79;179;60.00;30.62
240501_21167_42128;1;;1629;747;747;162;585;45.86;21.69
240501_21168_42128;2;;1078;451;451;76;375;41.84;16.85
240501_21169_42128;3;;1976;891;892;152;739;45.09;17.06
240501_21170_42128;4;;1041;436;436;134;302;41.88;30.73
240501_21171_42128;5;;1054;451;451;81;370;42.79;17.96
240501_21172_42128;6;;1045;447;447;81;366;42.78;18.12
240501_21173_42128;7;;1246;559;559;114;445;44.86;20.39
240501_21174_42128;8;;1503;563;563;183;380;37.46;32.50
240501_21175_42128;9;;1514;581;582;136;445;38.38;23.41
240501_21176_42128;10;;1728;580;580;115;465;33.56;19.83
240501_21177_42128;11;;1659;695;695;143;552;41.89;20.58
240501_21178_42128;12;;1749;646;646;105;541;36.94;16.25
240501_21179_42128;13;;1875;844;844;126;718;45.01;14.93
240501_21180_42128;14;;1563;706;706;134;572;45.17;18.98
240501_21181_42128;15;;1370;572;572;113;459;41.75;19.76
240501_21182_42128;16;;1825;650;650;258;392;35.62;39.69
240501_21183_42128;17;;1196;452;452;102;350;37.79;22.57
240501_21184_42128;18;;1381;690;690;170;520;49.96;24.64
240501_21185_42128;19;;1808;687;687;91;596;38.00;13.25
240501_21186_42128;20;;1201;452;452;102;350;37.64;22.57
240501_21187_42128;21;;1214;477;477;118;359;39.29;24.74
240501_30287_42128;22;;41;18;18;4;14;43.90;22.22
240502_21188_42128;1;;2020;874;874;257;617;43.27;29.41
240502_21189_42128;2;;1056;520;520;133;387;49.24;25.58
240502_21190_42128;3;;2028;760;760;141;619;37.48;18.55
240502_21191_42128;4;;1804;788;788;171;617;43.68;21.70
240502_21192_42128;5;;1950;758;758;234;524;38.87;30.87
240502_21193_42128;6;;1820;695;695;152;543;38.19;21.87
240502_21194_42128;7;;1947;723;723;139;584;37.13;19.23
240502_21195_42128;8;;1995;844;844;157;687;42.31;18.60
240502_30288_42128;9;;51;21;21;2;19;41.18;9.52
240503_21196_42128;1;;1961;946;946;183;763;48.24;19.34
240503_21197_42128;2;;1183;601;601;120;481;50.80;19.97
240503_21198_42128;3;;1634;943;943;165;778;57.71;17.50
240503_21199_42128;4;;1048;604;604;143;461;57.63;23.68
240503_21200_42128;5;;2086;1201;1201;169;1032;57.57;14.07
240503_21201_42128;6;;1223;634;634;124;510;51.84;19.56
240504_21202_42128;1;;725;432;432;77;355;59.59;17.82
240504_21203_42128;2;;495;305;305;51;254;61.62;16.72
240504_21204_42128;3;;2286;1151;1151;309;842;50.35;26.85
240504_21205_42128;4;;1183;592;592;171;421;50.04;28.89
240504_21206_42128;5;;1633;946;946;182;764;57.93;19.24
240504_21207_42128;6;;2308;1328;1328;320;1008;57.54;24.10
240504_21208_42128;7;;338;178;178;54;124;52.66;30.34
240505_21209_42128;1;;1283;655;655;267;388;51.05;40.76
240505_21210_42128;2;;1158;491;491;115;376;42.40;23.42
240505_21211_42128;3;;887;477;477;168;309;53.78;35.22
240505_21212_42128;4;;725;381;381;80;301;52.55;21.00
240505_21213_42128;5;;697;217;217;55;162;31.13;25.35
240505_21214_42128;6;;738;294;294;49;245;39.84;16.67
240505_21215_42128;7;;448;198;198;48;150;44.20;24.24
240505_21216_42128;8;;716;317;317;84;233;44.27;26.50
240505_21217_42128;9;;1278;614;614;82;532;48.04;13.36
240505_21218_42128;10;;760;319;319;86;233;41.97;26.96
240506_21219_42128;1;;761;388;388;110;278;50.99;28.35
240506_21220_42128;2;;648;268;268;74;194;41.36;27.61
240506_21221_42128;3;;922;440;440;100;340;47.72;22.73
240506_21222_42128;4;;838;327;327;94;233;39.02;28.75
240506_21223_42128;5;;569;241;241;58;183;42.36;24.07
240506_21224_42128;6;;992;492;492;76;416;49.60;15.45
240506_21225_42128;7;;579;281;281;51;230;48.53;18.15
240506_21226_42128;8;;585;286;286;66;220;48.89;23.08
240506_21227_42128;9;;895;427;427;99;328;47.71;23.19
240507_21228_42128;1;;1515;858;858;297;561;56.63;34.62
240507_21229_42128;2;;1422;760;760;208;552;53.45;27.37
240507_21230_42128;3;;1045;470;470;85;385;44.98;18.09
240507_21231_42128;4;;996;500;500;124;376;50.20;24.80
240507_21232_42128;5;;1132;502;502;50;452;44.35;9.96
240507_21233_42128;6;;987;356;356;88;268;36.07;24.72
240507_21234_42128;7;;583;271;271;78;193;46.48;28.78
240507_30289_42128;8;;272;5;5;2;3;1.84;40.00
240508_21235_42128;1;;2212;872;872;195;677;39.42;22.36
240508_21236_42128;2;;1946;769;769;179;590;39.52;23.28
240508_21237_42128;3;;618;205;205;64;141;33.17;31.22
240508_30290_42128;4;;55;31;31;2;29;56.36;6.45
240601_21238_42130;1;;1372;730;730;158;572;53.21;21.64
240601_21239_42130;2;;1430;844;844;140;704;59.02;16.59
240601_21240_42130;3;;1796;952;952;173;779;53.01;18.17
240601_21241_42130;4;;1143;572;572;153;419;50.04;26.75
240601_21242_42130;5;;1223;606;606;64;542;49.55;10.56
240601_21243_42130;6;;835;465;465;67;398;55.69;14.41
240601_21244_42130;7;;744;378;378;78;300;50.81;20.63
240601_21245_42130;8;;687;318;318;151;167;46.29;47.48
240601_21246_42130;9;;1947;1035;1035;264;771;53.16;25.51
240601_21247_42130;10;;1197;719;719;154;565;60.07;21.42
240601_21248_42130;11;;1473;909;909;337;572;61.71;37.07
240601_21249_42130;12;;590;288;289;63;225;48.81;21.88
240601_21250_42130;13;;1157;696;697;203;493;60.16;29.17
240601_21251_42130;14;;852;445;445;66;379;52.23;14.83
240601_21252_42130;15;;526;215;215;41;174;40.87;19.07
240601_30291_42130;16;;14;14;14;1;13;100.00;7.14
240602_21253_42130;1;;1075;573;573;91;482;53.30;15.88
240602_21254_42130;2;;1567;785;785;112;673;50.10;14.27
240602_21255_42130;3;;330;161;161;34;127;48.79;21.12
240602_21256_42130;4;;963;483;483;58;425;50.16;12.01
240602_21257_42130;5;;615;318;318;46;272;51.71;14.47
240602_21258_42130;6;;1376;743;743;111;632;54.00;14.94
240602_21259_42130;7;;705;375;375;44;331;53.19;11.73
240602_21260_42130;8;;1094;544;544;91;453;49.73;16.73
240602_30292_42130;9;;30;12;12;1;11;40.00;8.33
240603_21261_42130;1;;1812;1215;1215;350;865;67.05;28.81
240603_21262_42130;2;;1642;912;912;316;596;55.54;34.65
240603_21263_42130;3;;853;529;529;146;383;62.02;27.60
240603_21264_42130;4;;565;355;355;103;252;62.83;29.01
240603_21265_42130;5;;463;268;268;46;222;57.88;17.16
240604_21266_42130;1;;454;260;260;72;188;57.27;27.69
240604_21267_42130;2;;808;460;460;118;342;56.93;25.65
240604_21268_42130;3;;849;485;485;132;353;57.13;27.22
240604_21269_42130;4;;507;296;296;100;196;58.38;33.78
240604_21270_42130;5;;857;423;423;53;370;49.36;12.53
240604_21271_42130;6;;947;459;459;109;350;48.47;23.75
240604_21272_42130;7;;509;271;271;93;178;53.24;34.32
240604_21273_42130;8;;630;337;337;113;224;53.49;33.53
240604_21274_42130;9;;400;210;210;62;148;52.50;29.52
240604_21275_42130;10;;297;167;167;38;129;56.23;22.75
240605_21276_42130;1;;1005;506;506;164;342;50.35;32.41
240605_21277_42130;2;;482;216;216;55;161;44.81;25.46
240605_21278_42130;3;;762;358;358;119;239;46.98;33.24
240605_21279_42130;4;;909;382;382;76;306;42.02;19.90
240605_21280_42130;5;;881;379;379;92;287;43.02;24.27
240605_21281_42130;6;;1024;430;430;108;322;41.99;25.12
240605_21282_42130;7;;520;258;258;86;172;49.62;33.33
240606_21283_42130;1;;1050;653;653;186;467;62.19;28.48
240606_21284_42130;2;;1230;718;718;179;539;58.37;24.93
240606_21285_42130;3;;768;436;436;103;333;56.77;23.62
240606_21286_42130;4;;1124;530;530;103;427;47.15;19.43
240607_21287_42130;1;;1302;835;835;206;629;64.13;24.67
240607_21288_42130;2;;694;419;419;127;292;60.37;30.31
240607_21289_42130;3;;1221;703;703;185;518;57.58;26.32
240607_21290_42130;4;;741;409;409;91;318;55.20;22.25
240607_21291_42130;5;;987;556;556;107;449;56.33;19.24
240607_30293_42130;6;;97;41;41;11;30;42.27;26.83
240608_21292_42130;1;;1894;1031;1031;358;673;54.44;34.72
240608_21293_42130;2;;1621;726;726;182;544;44.79;25.07
240608_21294_42130;3;;780;374;374;114;260;47.95;30.48
240608_21295_42130;4;;567;304;304;83;221;53.62;27.30
240609_21296_42130;1;;2332;1168;1168;256;912;50.09;21.92
240609_21297_42130;2;;855;423;423;82;341;49.47;19.39
240609_21298_42130;3;;1895;764;764;181;583;40.32;23.69
240609_21299_42130;4;;2362;988;988;190;798;41.83;19.23
240609_21300_42130;5;;1946;901;901;217;684;46.30;24.08
240609_21301_42130;6;;1122;486;486;112;374;43.32;23.05
240609_21302_42130;7;;590;266;266;86;180;45.08;32.33
240609_21303_42130;8;;2271;877;877;193;684;38.62;22.01
240609_21304_42130;9;;514;301;301;96;205;58.56;31.89
240609_21305_42130;10;;525;246;246;61;185;46.86;24.80
240701_21306_42128;1;;1830;766;766;127;639;41.86;16.58
240701_21307_42128;2;;1104;459;459;66;393;41.58;14.38
240701_21308_42128;3;;245;145;145;24;121;59.18;16.55
240701_21309_42128;4;;1979;793;793;153;640;40.07;19.29
240701_21310_42128;5;;974;355;355;65;290;36.45;18.31
240701_21311_42128;6;;1110;370;370;80;290;33.33;21.62
240701_21312_42128;7;;1964;707;707;147;560;36.00;20.79
240701_21313_42128;8;;1566;672;672;158;514;42.91;23.51
240701_21314_42128;9;;1721;798;798;196;602;46.37;24.56
240701_21315_42128;10;;1757;772;772;205;567;43.94;26.55
240701_21316_42128;11;;777;400;400;75;325;51.48;18.75
240701_21317_42128;12;;1840;851;851;249;602;46.25;29.26
240701_21318_42128;13;;1822;897;897;252;645;49.23;28.09
240701_30294_42128;14;;157;53;53;17;36;33.76;32.08
240701_30295_42128;15;;136;19;19;5;14;13.97;26.32
240701_30296_42128;16;;33;3;3;1;2;9.09;33.33
240702_21319_42128;1;;1386;724;724;180;544;52.24;24.86
240702_21320_42128;2;;1393;739;739;190;549;53.05;25.71
240703_21321_42128;1;;2315;1103;1103;349;754;47.65;31.64
240703_21322_42128;2;;789;431;431;120;311;54.63;27.84
240703_21323_42128;3;;1870;816;816;196;620;43.64;24.02
240703_21324_42128;4;;525;204;204;78;126;38.86;38.24
240703_21325_42128;5;;838;363;363;134;229;43.32;36.91
240703_30297_42128;6;;242;43;43;7;36;17.77;16.28
240704_21326_42128;1;;1984;1057;1057;217;840;53.28;20.53
240704_21327_42128;2;;959;539;539;176;363;56.20;32.65
240704_21328_42128;3;;2037;929;929;275;654;45.61;29.60
240704_21329_42128;4;;567;283;283;134;149;49.91;47.35
240704_30298_42128;5;;85;24;24;4;20;28.24;16.67
240705_21330_42128;1;;524;258;258;67;191;49.24;25.97
240705_21331_42128;2;;478;201;201;38;163;42.05;18.91
240705_21332_42128;3;;1701;835;835;143;692;49.09;17.13
240705_21333_42128;4;;1778;791;791;168;623;44.49;21.24
240705_21334_42128;5;;657;256;256;56;200;38.96;21.88
240705_21335_42128;6;;475;241;241;54;187;50.74;22.41
240705_30299_42128;7;;99;29;29;1;28;29.29;3.45
240706_21336_42128;1;;1990;1059;1059;387;672;53.22;36.54
240706_21337_42128;2;;2010;1186;1186;255;931;59.00;21.50
240706_21338_42128;3;;1634;726;726;279;447;44.43;38.43
240706_21339_42128;4;;1201;582;582;183;399;48.46;31.44
240706_21340_42128;5;;1446;567;567;155;412;39.21;27.34
240706_21341_42128;6;;1198;649;649;156;493;54.17;24.04
240707_21342_42128;1;;1222;525;525;173;352;42.96;32.95
240707_21343_42128;2;;513;294;294;112;182;57.31;38.10
240707_21344_42128;3;;1296;606;606;139;467;46.76;22.94
240707_21345_42128;4;;786;404;404;91;313;51.40;22.52
240707_21346_42128;5;;937;368;368;136;232;39.27;36.96
240707_21347_42128;6;;587;190;190;79;111;32.37;41.58
240708_21348_42128;1;;1253;574;574;155;419;45.81;27.00
240708_21349_42128;2;;1297;576;576;156;420;44.41;27.08
240708_21350_42128;3;;717;342;342;82;260;47.70;23.98
240708_21351_42128;4;;1063;497;497;106;391;46.75;21.33
240708_21352_42128;5;;673;341;341;117;224;50.67;34.31
240708_21353_42128;6;;768;333;333;84;249;43.36;25.23
240708_21354_42128;7;;260;135;135;23;112;51.92;17.04
240708_21355_42128;8;;506;273;273;60;213;53.95;21.98
240708_21356_42128;9;;361;165;165;42;123;45.71;25.45
240708_21357_42128;10;;906;380;380;96;284;41.94;25.26
240801_21358_42127;1;;815;458;458;74;384;56.20;16.16
240801_21359_42127;2;;890;479;479;99;380;53.82;20.67
240801_21360_42127;3;;902;369;369;56;313;40.91;15.18
240801_21361_42127;4;;842;339;339;106;233;40.26;31.27
240801_21362_42127;5;;748;283;283;72;211;37.83;25.44
240801_21363_42127;6;;873;409;409;88;321;46.85;21.52
240801_21364_42127;7;;859;424;424;87;337;49.36;20.52
240801_21365_42127;8;;929;371;371;134;237;39.94;36.12
240801_21366_42127;9;;846;405;405;79;326;47.87;19.51
240801_21367_42127;10;;872;460;460;87;373;52.75;18.91
240801_21368_42127;11;;891;529;529;79;450;59.37;14.93
240801_21369_42127;12;;863;526;526;47;479;60.95;8.94
240801_21370_42127;13;;797;392;392;57;335;49.18;14.54
240801_21371_42127;14;;805;406;406;61;345;50.43;15.02
240801_21372_42127;15;;720;323;323;51;272;44.86;15.79
240801_21373_42127;16;;777;389;389;45;344;50.06;11.57
240801_21374_42127;17;;701;369;369;76;293;52.64;20.60
240801_21375_42127;18;;783;350;350;70;280;44.70;20.00
240801_21376_42127;19;;744;356;356;69;287;47.85;19.38
240801_21377_42127;20;;922;440;441;67;373;47.72;15.23
240801_21378_42127;21;;865;345;345;75;270;39.88;21.74
240802_21379_42127;1;;1268;487;487;69;418;38.41;14.17
240802_21380_42127;2;;1351;609;609;72;537;45.08;11.82
240802_21381_42127;3;;1242;561;561;54;507;45.17;9.63
240802_21382_42127;4;;924;374;374;64;310;40.48;17.11
240802_21383_42127;5;;1263;594;594;78;516;47.03;13.13
240802_21384_42127;6;;1667;734;734;64;670;44.03;8.72
240802_21385_42127;7;;1911;957;957;112;845;50.08;11.70
240802_21386_42127;8;;2167;1005;1005;128;877;46.38;12.74
240802_21387_42127;9;;2047;1068;1068;138;930;52.17;12.92
240802_21388_42127;10;;1884;869;869;238;631;46.13;27.39
240802_21389_42127;11;;1505;565;565;171;394;37.54;30.27
240802_21390_42127;12;;1191;503;503;45;458;42.23;8.95
240802_21391_42127;13;;1124;467;467;60;407;41.55;12.85
240802_21392_42127;14;;913;400;400;57;343;43.81;14.25
240802_21393_42127;15;;2098;1065;1065;144;921;50.76;13.52
240802_21394_42127;16;;1352;665;665;70;595;49.19;10.53
240802_21395_42127;17;;2132;1038;1038;143;895;48.69;13.78
240802_21396_42127;18;;809;380;380;58;322;46.97;15.26
240802_21397_42127;19;;1292;678;678;81;597;52.48;11.95
240802_21398_42127;20;;1820;858;858;124;734;47.14;14.45
240802_21399_42127;21;;1619;752;752;96;656;46.45;12.77
240802_30300_42127;22;;114;28;28;5;23;24.56;17.86
240802_30301_42127;23;;134;14;14;3;11;10.45;21.43
240802_30302_42127;24;;132;64;64;9;55;48.48;14.06
240803_21400_42127;1;;929;430;430;76;354;46.29;17.67
240803_21401_42127;2;;849;437;437;47;390;51.47;10.76
240803_21402_42127;3;;971;464;464;67;397;47.79;14.44
240803_21403_42127;4;;859;362;362;51;311;42.14;14.09
240803_21404_42127;5;;914;470;470;80;390;51.42;17.02
240803_21405_42127;6;;943;390;390;62;328;41.36;15.90
240803_21406_42127;7;;1043;433;433;66;367;41.51;15.24
240803_21407_42127;8;;970;414;414;44;370;42.68;10.63
240803_21408_42127;9;;1573;865;865;155;710;54.99;17.92
240803_21409_42127;10;;732;364;364;51;313;49.73;14.01
240803_21410_42127;11;;1183;520;520;84;436;43.96;16.15
240803_21411_42127;12;;1517;718;718;104;614;47.33;14.48
240803_21413_42127;14;;925;420;420;73;347;45.41;17.38
240803_21414_42127;15;;871;520;520;148;372;59.70;28.46
240804_21415_42127;1;;1506;812;812;148;664;53.92;18.23
240804_21416_42127;2;;1525;730;730;148;582;47.87;20.27
240804_21417_42127;3;;1629;740;740;148;592;45.43;20.00
240805_21418_42127;1;;1134;708;708;152;556;62.43;21.47
240805_21419_42127;2;;737;456;487;105;351;61.87;23.03
240805_21420_42127;3;;1108;651;651;119;532;58.75;18.28
240805_21421_42127;4;;1294;829;829;141;688;64.06;17.01
240805_21422_42127;5;;787;486;486;111;375;61.75;22.84
240805_21423_42127;6;;796;502;502;76;426;63.07;15.14
240901_21424_42130;1;;1044;523;523;88;435;50.10;16.83
240901_21425_42130;2;;1398;734;734;119;615;52.50;16.21
240901_21426_42130;3;;1164;554;554;131;423;47.59;23.65
240901_21427_42130;4;;1141;581;581;86;495;50.92;14.80
240901_21428_42130;5;;839;404;404;60;344;48.15;14.85
240901_21429_42130;6;;1322;658;658;81;577;49.77;12.31
240901_21430_42130;7;;1527;826;826;139;687;54.09;16.83
240901_21431_42130;8;;791;408;408;122;286;51.58;29.90
240901_21432_42130;9;;1485;800;800;160;640;53.87;20.00
240901_21433_42130;10;;1169;669;669;89;580;57.23;13.30
240901_21434_42130;11;;1440;544;544;123;421;37.78;22.61
240901_21435_42130;12;;1795;749;749;114;635;41.73;15.22
240901_21436_42130;13;;1648;689;689;164;525;41.81;23.80
240901_21437_42130;14;;1272;555;555;71;484;43.63;12.79
240901_21438_42130;15;;802;357;357;45;312;44.51;12.61
240901_21439_42130;16;;977;505;505;64;441;51.69;12.67
240901_21440_42130;17;;918;505;505;55;450;55.01;10.89
240901_21441_42130;18;;1566;769;769;154;615;49.11;20.03
240901_21442_42130;19;;1173;647;647;106;541;55.16;16.38
240901_21443_42130;20;;1495;710;710;156;554;47.49;21.97
240901_21444_42130;21;;1489;787;787;142;645;52.85;18.04
240901_30303_42130;22;;77;25;25;2;23;32.47;8.00
240902_21445_42130;1;;984;559;559;170;389;56.81;30.41
240902_21446_42130;2;;779;457;457;118;339;58.66;25.82
240902_21447_42130;3;;1309;608;608;123;485;46.45;20.23
240902_21448_42130;4;;719;414;414;82;332;57.58;19.81
240902_21449_42130;5;;744;352;352;83;269;47.31;23.58
240902_21450_42130;6;;934;442;442;157;285;47.32;35.52
240902_21451_42130;7;;2109;1234;1234;304;930;58.51;24.64
240902_21452_42130;8;;1770;895;895;179;716;50.56;20.00
240902_21453_42130;9;;646;405;405;88;317;62.69;21.73
240902_21454_42130;10;;868;534;534;101;433;61.52;18.91
240902_21455_42130;11;;1035;567;567;196;371;54.78;34.57
240903_21456_42130;1;;1228;982;982;223;759;79.97;22.71
240903_21457_42130;2;;1100;896;896;291;605;81.45;32.48
240903_21458_42130;3;;841;660;660;167;493;78.48;25.30
240903_21459_42130;4;;717;544;544;112;432;75.87;20.59
240903_21460_42130;5;;389;311;311;73;238;79.95;23.47
240903_21461_42130;6;;463;365;365;86;279;78.83;23.56
240904_21462_42130;1;;1749;924;924;143;781;52.83;15.48
240904_21463_42130;2;;1877;1001;1001;192;809;53.33;19.18
240904_21464_42130;3;;1102;496;496;82;414;45.01;16.53
240904_21465_42130;4;;1064;545;545;115;430;51.22;21.10
240904_21466_42130;5;;567;310;310;84;226;54.67;27.10
240904_21467_42130;6;;541;303;303;54;249;56.01;17.82
240904_21468_42130;7;;2108;1059;1059;172;887;50.24;16.24
240905_21469_42130;1;;1263;805;805;149;656;63.74;18.51
240905_21470_42130;2;;639;391;391;62;329;61.19;15.86
240905_21471_42130;3;;1290;864;864;131;733;66.98;15.16
240905_21472_42130;4;;526;329;329;61;268;62.55;18.54
240905_21473_42130;5;;635;396;396;80;316;62.36;20.20
240905_21474_42130;6;;951;621;621;186;435;65.30;29.95
240905_21475_42130;7;;711;435;435;131;304;61.18;30.11
240905_21476_42130;8;;487;324;324;73;251;66.53;22.53
240905_21477_42130;9;;412;352;352;87;265;85.44;24.72
241001_21478_42126;1;;1264;687;687;151;536;54.35;21.98
241001_21479_42126;2;;1087;588;588;144;444;54.09;24.49
241001_21480_42126;3;;1084;641;641;203;438;59.13;31.67
241001_21481_42126;4;;1436;787;789;201;586;54.81;25.54
241001_21482_42126;5;;438;191;191;22;169;43.61;11.52
241002_21483_42126;1;;1039;585;585;98;487;56.30;16.75
241002_21484_42126;2;;1495;904;904;149;755;60.47;16.48
241002_21485_42126;3;;1337;821;822;145;676;61.41;17.66
241003_21486_42126;1;;525;288;288;50;238;54.86;17.36
241003_21487_42126;2;;1173;615;615;116;499;52.43;18.86
241003_21488_42126;3;;875;463;463;78;385;52.91;16.85
241003_21489_42126;4;;1169;630;630;106;524;53.89;16.83
241003_21490_42126;5;;1489;965;965;140;825;64.81;14.51
241003_21491_42126;6;;1547;644;645;140;504;41.63;21.74
241003_21492_42126;7;;1513;569;569;110;459;37.61;19.33
241003_21493_42126;8;;988;317;317;69;248;32.09;21.77
241003_21494_42126;9;;929;354;354;72;282;38.11;20.34
241003_21495_42126;10;;1473;726;726;118;608;49.29;16.25
241003_21496_42126;11;;734;372;372;100;272;50.68;26.88
241004_21497_42126;1;;982;648;648;108;540;65.99;16.67
241004_21498_42126;2;;1102;741;741;143;598;67.24;19.30
241004_21499_42126;3;;918;544;544;108;436;59.26;19.85
241004_21500_42126;4;;994;451;451;101;350;45.37;22.39
241004_21501_42126;5;;924;328;328;51;277;35.50;15.55
241004_21502_42126;6;;786;367;367;65;302;46.69;17.71
241004_21503_42126;7;;909;409;409;81;328;44.99;19.80
241004_21504_42126;8;;877;393;393;110;283;44.81;27.99
241004_21505_42126;9;;1107;624;624;116;508;56.37;18.59
241004_21506_42126;10;;943;505;505;113;392;53.55;22.38
241004_21507_42126;11;;847;471;471;108;363;55.61;22.93
241004_21508_42126;12;;685;349;349;60;289;50.95;17.19
241004_21509_42126;13;;1095;571;571;204;367;52.15;35.73
241004_21510_42126;14;;796;407;407;76;331;51.13;18.67
241004_21511_42126;15;;500;259;259;66;193;51.80;25.48
241004_21512_42126;16;;431;239;239;59;180;55.45;24.69
241005_21513_42126;1;;1170;526;526;152;374;44.96;28.90
241005_21514_42126;2;;1357;621;621;94;527;45.76;15.14
241005_21515_42126;3;;930;427;427;53;374;45.91;12.41
241005_21516_42126;4;;1127;486;486;169;317;43.12;34.77
241005_21517_42126;5;;1479;801;801;115;686;54.16;14.36
241005_21518_42126;6;;1441;814;816;82;732;56.49;10.07
241005_21519_42126;7;;1668;734;734;111;623;44.00;15.12
241005_21520_42126;8;;1536;709;709;205;504;46.16;28.91
241005_21521_42126;9;;1809;1026;1026;207;819;56.72;20.18
241005_21522_42126;10;;1651;893;893;122;771;54.09;13.66
241005_21523_42126;11;;1524;853;853;160;693;55.97;18.76
241005_21524_42126;12;;1628;809;809;126;683;49.69;15.57
241005_21525_42126;13;;1736;927;927;163;764;53.40;17.58
241005_21526_42126;14;;1567;798;799;103;695;50.93;12.91
241005_21527_42126;15;;1647;886;886;197;689;53.79;22.23
241005_21528_42126;16;;1394;740;740;100;640;53.08;13.51
241005_21529_42126;17;;1262;684;684;62;622;54.20;9.06
241005_21530_42126;18;;865;430;430;62;368;49.71;14.42
241005_21531_42126;19;;815;457;457;68;389;56.07;14.88
241005_21532_42126;20;;1183;623;623;125;498;52.66;20.06
241005_21533_42126;21;;1055;575;575;110;465;54.50;19.13
241005_21534_42126;22;;1422;737;737;168;569;51.83;22.80
241005_21535_42126;23;;1558;819;819;151;668;52.57;18.44
241005_21536_42126;24;;688;347;347;78;269;50.44;22.48
241005_21537_42126;25;;891;532;532;147;385;59.71;27.63
241005_21538_42126;26;;1148;583;583;167;416;50.78;28.64
241005_21539_42126;27;;1211;662;662;116;546;54.67;17.52
241005_21540_42126;28;;1411;853;853;172;681;60.45;20.16
241005_21541_42126;29;;1375;622;622;132;490;45.24;21.22
241005_21542_42126;30;;1775;1034;1040;355;679;58.25;34.33
241005_30304_42126;31;;119;15;15;2;13;12.61;13.33
241006_21543_42126;1;;1043;380;380;59;321;36.43;15.53
241006_21544_42126;2;;1097;536;536;80;456;48.86;14.93
241006_21545_42126;3;;1123;405;405;140;265;36.06;34.57
241006_21546_42126;4;;1332;651;651;112;539;48.87;17.20
241006_21547_42126;5;;1065;411;411;74;337;38.59;18.00
241006_21548_42126;6;;1598;739;739;70;669;46.25;9.47
241006_21549_42126;7;;770;191;191;37;154;24.81;19.37
241006_21550_42126;8;;1061;440;440;57;383;41.47;12.95
241101_21551_42127;1;;2127;889;889;130;759;41.80;14.62
241101_21552_42127;2;;2066;863;863;110;753;41.77;12.75
241101_21553_42127;3;;1918;788;788;127;661;41.08;16.12
241101_21554_42127;4;;469;222;222;29;193;47.33;13.06
241101_21555_42127;5;;1798;684;684;83;601;38.04;12.13
241101_21556_42127;6;;2286;761;761;113;648;33.29;14.85
241101_21557_42127;7;;1727;554;554;104;450;32.08;18.77
241101_21558_42127;8;;1670;588;588;103;485;35.21;17.52
241101_21559_42127;9;;2252;810;810;127;683;35.97;15.68
241101_21560_42127;10;;2012;887;887;119;768;44.09;13.42
241101_21561_42127;11;;1353;556;556;72;484;41.09;12.95
241101_21562_42127;12;;1798;760;760;98;662;42.27;12.89
241101_21563_42127;13;;1674;758;758;110;648;45.28;14.51
241101_21564_42127;14;;1906;711;711;84;627;37.30;11.81
241101_21565_42127;15;;2030;769;769;118;651;37.88;15.34
241101_21566_42127;16;;1623;540;540;83;457;33.27;15.37
241101_21567_42127;17;;1745;666;666;105;561;38.17;15.77
241101_21568_42127;18;;1868;725;725;91;634;38.81;12.55
241101_21569_42127;19;;2200;734;734;122;612;33.36;16.62
241101_21570_42127;20;;1922;801;801;86;715;41.68;10.74
241101_21571_42127;21;;2007;830;830;116;714;41.36;13.98
241101_21572_42127;22;;1645;597;597;83;514;36.29;13.90
241101_21573_42127;23;;1662;549;549;74;475;33.03;13.48
241101_21574_42127;24;;1606;651;651;151;500;40.54;23.20
241101_30305_42127;25;;131;97;97;2;95;74.05;2.06
241101_30306_42127;26;;191;70;70;12;58;36.65;17.14
241101_30307_42127;27;;167;19;19;3;16;11.38;15.79
241101_30308_42127;28;;714;122;122;23;99;17.09;18.85
241102_21575_42127;1;;865;475;475;100;375;54.91;21.05
241102_21576_42127;2;;748;291;291;53;238;38.90;18.21
241102_21577_42127;3;;470;206;206;51;155;43.83;24.76
241102_21578_42127;4;;1055;514;514;62;452;48.72;12.06
241102_21579_42127;5;;863;380;380;68;312;44.03;17.89
241103_21580_42127;1;;622;234;234;72;162;37.62;30.77
241103_21581_42127;2;;980;351;351;82;269;35.82;23.36
241103_21582_42127;3;;1253;595;595;89;506;47.49;14.96
241103_21583_42127;4;;892;407;407;72;335;45.63;17.69
241103_21584_42127;5;;309;145;145;27;118;46.93;18.62
241103_21585_42127;6;;732;325;325;56;269;44.40;17.23
241104_21586_42127;1;;2275;632;632;124;508;27.78;19.62
241104_21587_42127;2;;1990;894;894;168;726;44.92;18.79
241104_21588_42127;3;;695;200;200;19;181;28.78;9.50
241104_21589_42127;4;;1358;409;409;76;333;30.12;18.58
241104_21590_42127;5;;900;316;316;46;270;35.11;14.56
241104_21591_42127;6;;605;202;202;21;181;33.39;10.40
241104_21592_42127;7;;1356;440;440;78;362;32.45;17.73
241105_21593_42127;1;;1328;496;496;120;376;37.35;24.19
241105_21594_42127;2;;1381;494;494;146;348;35.77;29.55
241105_21595_42127;3;;1583;599;599;140;459;37.84;23.37
241105_21596_42127;4;;2090;685;685;166;519;32.78;24.23
241105_21597_42127;5;;2327;849;849;143;706;36.48;16.84
241105_21598_42127;6;;881;295;295;40;255;33.48;13.56
241106_21599_42127;1;;723;375;375;72;303;51.87;19.20
241106_21600_42127;2;;799;448;448;86;362;56.07;19.20
241106_21601_42127;3;;1069;463;463;152;311;43.31;32.83
241106_21602_42127;4;;933;403;403;118;285;43.19;29.28
241106_21603_42127;5;;804;330;330;108;222;41.04;32.73
241106_21604_42127;6;;240;138;138;22;116;57.50;15.94
241106_21605_42127;7;;990;503;503;135;368;50.81;26.84
241106_21606_42127;8;;364;196;196;35;161;53.85;17.86
241107_21607_42127;1;;2184;830;830;156;674;38.00;18.80
241107_21608_42127;2;;902;336;336;44;292;37.25;13.10
241107_21609_42127;3;;856;175;175;24;151;20.44;13.71
241107_21610_42127;4;;513;188;188;34;154;36.65;18.09
241107_21611_42127;5;;620;262;262;51;211;42.26;19.47
241107_21612_42127;6;;529;175;175;21;154;33.08;12.00
241108_21613_42127;1;;1122;544;544;107;437;48.48;19.67
241108_21614_42127;2;;370;215;215;24;191;58.11;11.16
241108_21615_42127;3;;892;385;385;120;265;43.16;31.17
241108_21616_42127;4;;1338;556;556;123;433;41.55;22.12
241108_21617_42127;5;;513;204;204;56;148;39.77;27.45
241201_21619_42127;2;;1504;490;490;119;371;32.58;24.29
241201_21620_42127;3;;1535;501;501;139;362;32.64;27.74
241201_21621_42127;4;;1564;585;585;125;460;37.40;21.37
241201_21622_42127;5;;1492;548;548;109;439;36.73;19.89
241201_21623_42127;6;;1847;943;943;163;780;51.06;17.29
241201_21624_42127;7;;1922;603;603;126;477;31.37;20.90
241201_21625_42127;8;;1853;766;766;160;606;41.34;20.89
241201_21626_42127;9;;1515;685;685;156;529;45.21;22.77
241201_21627_42127;10;;1348;594;594;121;473;44.07;20.37
241201_21628_42127;11;;1387;641;641;109;532;46.21;17.00
241201_21629_42127;12;;1751;814;814;179;635;46.49;21.99
241201_21630_42127;13;;1482;708;708;113;595;47.77;15.96
241201_21631_42127;14;;1669;803;803;131;672;48.11;16.31
241201_21632_42127;15;;1224;535;535;78;457;43.71;14.58
241201_21633_42127;16;;1553;729;729;141;588;46.94;19.34
241201_21634_42127;17;;2130;897;897;186;711;42.11;20.74
241201_21635_42127;18;;1179;504;504;90;414;42.75;17.86
241201_21636_42127;19;;1372;696;696;135;561;50.73;19.40
241201_21637_42127;20;;1915;949;949;181;768;49.56;19.07
241201_21638_42127;21;;1367;633;633;139;494;46.31;21.96
241202_21639_42127;1;;1476;875;875;218;657;59.28;24.91
241202_21640_42127;2;;899;504;504;115;389;56.06;22.82
241202_21641_42127;3;;813;463;463;66;397;56.95;14.25
241202_21642_42127;4;;988;433;433;111;322;43.83;25.64
241202_21643_42127;5;;869;444;444;97;347;51.09;21.85
241202_21644_42127;6;;1730;759;759;119;640;43.87;15.68
241202_21645_42127;7;;602;288;288;68;220;47.84;23.61
241203_21646_42127;1;;997;574;574;178;396;57.57;31.01
241203_21647_42127;2;;1015;663;663;129;534;65.32;19.46
241203_21648_42127;3;;1123;677;677;192;485;60.28;28.36
241204_21649_42127;1;;772;391;391;86;305;50.65;21.99
241204_21650_42127;2;;621;318;318;42;276;51.21;13.21
241204_21651_42127;3;;420;200;200;28;172;47.62;14.00
241204_21652_42127;4;;1452;843;843;138;705;58.06;16.37
241204_21653_42127;5;;367;222;222;36;186;60.49;16.22
241204_21654_42127;6;;811;414;414;68;346;51.05;16.43
241204_21655_42127;7;;919;411;411;58;353;44.72;14.11
241204_21656_42127;8;;753;369;369;74;295;49.00;20.05
241204_21657_42127;9;;1130;576;576;145;431;50.97;25.17
241204_21658_42127;10;;481;242;242;55;187;50.31;22.73
241204_30309_42127;11;;101;62;62;48;14;61.39;77.42
241205_21659_42127;1;;1888;1044;1044;399;645;55.30;38.22
241205_21660_42127;2;;1437;782;782;198;584;54.42;25.32
241205_21661_42127;3;;1624;893;893;294;599;54.99;32.92
241205_21662_42127;4;;1129;704;704;158;546;62.36;22.44
241205_21663_42127;5;;1883;963;963;205;758;51.14;21.29
241205_21664_42127;6;;1332;793;795;165;628;59.53;20.81
241301_21665_42128;1;;1920;890;890;162;728;46.35;18.20
241301_21666_42128;2;;692;322;322;62;260;46.53;19.25
241301_21667_42128;3;;2358;1178;1178;308;870;49.96;26.15
241301_21668_42128;4;;577;279;279;64;215;48.35;22.94
241301_21669_42128;5;;1704;768;768;172;596;45.07;22.40
241302_21670_42128;1;;1589;875;875;190;685;55.07;21.71
241302_21671_42128;2;;1157;632;632;139;493;54.62;21.99
241302_21672_42128;3;;1255;612;612;204;408;48.76;33.33
241302_21673_42128;4;;1413;698;698;114;584;49.40;16.33
241302_21674_42128;5;;443;253;253;70;183;57.11;27.67
241303_21675_42128;1;;848;342;342;44;298;40.33;12.87
241303_21676_42128;2;;825;249;249;56;193;30.18;22.49
241303_21677_42128;3;;836;376;376;35;341;44.98;9.31
241303_21678_42128;4;;1055;572;572;55;517;54.22;9.62
241303_21679_42128;5;;936;325;325;66;259;34.72;20.31
241303_21680_42128;6;;912;435;435;61;374;47.70;14.02
241303_21681_42128;7;;944;448;448;65;383;47.46;14.51
241303_21682_42128;8;;935;497;497;66;431;53.16;13.28
241303_21683_42128;9;;817;335;335;48;287;41.00;14.33
241303_21684_42128;10;;867;414;414;57;357;47.75;13.77
241303_21685_42128;11;;925;502;502;95;407;54.27;18.92
241303_21686_42128;12;;965;535;535;120;415;55.44;22.43
241303_21687_42128;13;;1081;562;562;122;440;51.99;21.71
241303_21688_42128;14;;848;405;405;59;346;47.76;14.57
241303_21689_42128;15;;879;376;376;105;271;42.78;27.93
241304_21690_42128;1;;1004;504;504;120;384;50.20;23.81
241304_21691_42128;2;;1747;721;721;63;658;41.27;8.74
241304_21692_42128;3;;1362;522;522;73;449;38.33;13.98
241304_21693_42128;4;;1346;482;482;63;419;35.81;13.07
241304_21694_42128;5;;1336;574;574;88;486;42.96;15.33
241304_21695_42128;6;;1911;746;746;86;660;39.04;11.53
241304_21696_42128;7;;1959;682;682;217;465;34.81;31.82
241304_21697_42128;8;;1995;934;934;96;838;46.82;10.28
241304_21698_42128;9;;2194;928;928;89;839;42.30;9.59
241304_21699_42128;10;;1697;752;752;94;658;44.31;12.50
241304_21700_42128;11;;1646;861;861;101;760;52.31;11.73
241304_21701_42128;12;;1801;760;760;83;677;42.20;10.92
241304_21702_42128;13;;1940;831;831;72;759;42.84;8.66
241304_21703_42128;14;;802;396;396;84;312;49.38;21.21
241304_21704_42128;15;;2136;880;880;69;811;41.20;7.84
241304_21705_42128;16;;2069;899;899;92;807;43.45;10.23
241304_21706_42128;17;;1960;799;799;81;718;40.77;10.14
241304_21707_42128;18;;1924;791;791;82;709;41.11;10.37
241304_21708_42128;19;;2062;911;911;53;858;44.18;5.82
241304_21709_42128;20;;2138;875;875;94;781;40.93;10.74
241304_21710_42128;21;;2306;1020;1020;91;929;44.23;8.92
241304_21711_42128;22;;2295;975;975;86;889;42.48;8.82
241304_21712_42128;23;;2183;656;657;69;587;30.05;10.52
241304_21713_42128;24;;2058;625;627;72;553;30.37;11.52
241304_21714_42128;25;;2268;953;953;116;837;42.02;12.17
241304_21715_42128;26;;2048;711;711;163;548;34.72;22.93
241304_30310_42128;27;;50;21;21;8;13;42.00;38.10
241304_30311_42128;28;;49;10;10;3;7;20.41;30.00
241304_30312_42128;29;;348;98;98;23;75;28.16;23.47
241304_30313_42128;30;;117;33;33;4;29;28.21;12.12
241304_30314_42128;31;;29;15;15;2;13;51.72;13.33
241304_30315_42128;32;;162;53;53;2;51;32.72;3.77
241304_30316_42128;33;;456;143;143;31;112;31.36;21.68
241305_21716_42128;1;;824;472;472;64;408;57.28;13.56
241305_21717_42128;2;;592;387;387;58;329;65.37;14.99
241305_21718_42128;3;;549;285;285;73;212;51.91;25.61
241305_21719_42128;4;;769;471;471;70;401;61.25;14.86
241306_21720_42128;1;;659;311;311;62;249;47.19;19.94
241306_21721_42128;2;;941;497;497;95;402;52.82;19.11
241306_21722_42128;3;;1293;683;683;139;544;52.82;20.35
241306_21723_42128;4;;1674;936;936;136;800;55.91;14.53
241307_21724_42128;1;;1182;547;547;85;462;46.28;15.54
241307_21725_42128;2;;1949;902;902;175;727;46.28;19.40
241307_21726_42128;3;;1350;685;685;153;532;50.74;22.34
241307_21727_42128;4;;1688;830;830;134;696;49.17;16.14
241307_21728_42128;5;;1939;967;967;187;780;49.87;19.34
241307_21729_42128;6;;1350;633;633;133;500;46.89;21.01
241308_21730_42128;1;;1141;560;560;94;466;49.08;16.79
241308_21731_42128;2;;914;436;436;70;366;47.70;16.06
241308_21732_42128;3;;701;303;303;47;256;43.22;15.51
241308_21733_42128;4;;642;338;338;70;268;52.65;20.71
241308_21734_42128;5;;1355;562;562;89;473;41.48;15.84
241308_21735_42128;6;;410;216;216;22;194;52.68;10.19
241308_21736_42128;7;;399;192;192;31;161;48.12;16.15
241308_21737_42128;8;;596;243;243;24;219;40.77;9.88
241308_21738_42128;9;;341;159;159;27;132;46.63;16.98
241309_21739_42128;1;;1966;951;951;153;798;48.37;16.09
241309_21740_42128;2;;512;222;222;22;200;43.36;9.91
241309_21741_42128;3;;1561;580;580;123;457;37.16;21.21
241309_21742_42128;4;;1073;457;457;101;356;42.59;22.10
241309_21743_42128;5;;1408;503;503;145;358;35.72;28.83
241309_21744_42128;6;;581;245;245;55;190;42.17;22.45
241309_21745_42128;7;;1397;613;613;106;507;43.88;17.29
241309_21746_42128;8;;765;378;378;127;251;49.41;33.60
241309_21747_42128;9;;1982;736;736;109;627;37.13;14.81
241309_21748_42128;10;;905;489;489;72;417;54.03;14.72
241309_30811_42128;11;;66;17;17;9;8;25.76;52.94
241309_30812_42128;12;;18;18;18;2;16;100.00;11.11
241401_21749_42126;1;;1292;748;748;132;616;57.89;17.65
241401_21750_42126;2;;1201;700;700;94;606;58.28;13.43
241401_21751_42126;3;;965;304;304;82;222;31.50;26.97
241401_21752_42126;4;;862;444;444;96;348;51.51;21.62
241401_21753_42126;5;;1212;708;708;107;601;58.42;15.11
241401_21754_42126;6;;1234;678;678;92;586;54.94;13.57
241401_21755_42126;7;;1012;546;546;102;444;53.95;18.68
241401_21756_42126;8;;1046;427;427;91;336;40.82;21.31
241401_21757_42126;9;;1140;544;544;102;442;47.72;18.75
241401_21758_42126;10;;1124;522;522;96;426;46.44;18.39
241401_21759_42126;11;;1001;410;410;79;331;40.96;19.27
241401_21760_42126;12;;883;461;461;108;353;52.21;23.43
241401_21761_42126;13;;994;590;590;102;488;59.36;17.29
241401_21762_42126;14;;757;449;449;99;350;59.31;22.05
241401_21763_42126;15;;885;501;501;142;359;56.61;28.34
241402_21764_42126;1;;1786;1008;1008;188;820;56.44;18.65
241402_21765_42126;2;;1820;972;972;183;789;53.41;18.83
241402_21766_42126;3;;1533;786;786;145;641;51.27;18.45
241402_21767_42126;4;;1679;812;812;159;653;48.36;19.58
241403_21768_42126;1;;1519;851;851;140;711;56.02;16.45
241403_21769_42126;2;;701;280;280;69;211;39.94;24.64
241403_21770_42126;3;;955;426;426;70;356;44.61;16.43
241403_21771_42126;4;;1556;658;658;143;515;42.29;21.73
241403_21772_42126;5;;1693;888;888;149;739;52.45;16.78
241403_21773_42126;6;;1547;813;813;145;668;52.55;17.84
241403_21774_42126;7;;1063;649;649;120;529;61.05;18.49
241403_21775_42126;8;;1688;677;677;132;545;40.11;19.50
241403_21776_42126;9;;864;476;476;90;386;55.09;18.91
241403_21777_42126;10;;380;218;218;46;172;57.37;21.10
241403_21778_42126;11;;1076;645;645;126;519;59.94;19.53
241404_21779_42126;1;;861;504;504;87;417;58.54;17.26
241404_21780_42126;2;;804;454;454;95;359;56.47;20.93
241404_21781_42126;3;;789;478;478;114;364;60.58;23.85
241404_21782_42126;4;;755;330;330;85;245;43.71;25.76
241404_21783_42126;5;;685;378;378;55;323;55.18;14.55
241404_21784_42126;6;;378;222;222;30;192;58.73;13.51
241404_21785_42126;7;;634;321;321;24;297;50.63;7.48
241404_21786_42126;8;;968;476;476;49;427;49.17;10.29
241405_21787_42126;1;;1516;864;864;138;726;56.99;15.97
241405_21788_42126;2;;2310;1190;1190;202;988;51.52;16.97
241405_21789_42126;3;;1013;594;594;116;478;58.64;19.53
241501_21790_42127;1;;2342;1196;1196;319;877;51.07;26.67
241501_21791_42127;2;;2125;714;714;146;568;33.60;20.45
241501_21792_42127;3;;2445;1178;1178;181;997;48.18;15.37
241501_21793_42127;4;;2241;987;987;221;766;44.04;22.39
241501_21794_42127;5;;2200;1012;1012;173;839;46.00;17.09
241502_21795_42127;1;;1824;872;874;371;501;47.81;42.55
241502_21796_42127;2;;1666;790;790;193;597;47.42;24.43
241502_21797_42127;3;;946;452;452;82;370;47.78;18.14
241502_21798_42127;4;;2029;1017;1018;173;844;50.12;17.01
241502_21799_42127;5;;1800;835;835;153;682;46.39;18.32
241502_21800_42127;6;;955;433;433;78;355;45.34;18.01
241502_21801_42127;7;;1926;817;817;149;668;42.42;18.24
241502_21802_42127;8;;1985;740;740;281;459;37.28;37.97
241502_21803_42127;9;;955;430;430;64;366;45.03;14.88
241503_21804_42127;1;;1744;778;778;114;664;44.61;14.65
241503_21805_42127;2;;1587;663;663;121;542;41.78;18.25
241503_21806_42127;3;;768;332;332;62;270;43.23;18.67
241503_21807_42127;4;;1603;613;613;114;499;38.24;18.60
241503_21808_42127;5;;1728;854;854;91;763;49.42;10.66
241503_21809_42127;6;;1462;623;623;146;477;42.61;23.43
241503_21810_42127;7;;960;496;496;105;391;51.67;21.17
241503_21811_42127;8;;1471;635;635;73;562;43.17;11.50
241503_21812_42127;9;;1553;659;659;133;526;42.43;20.18
241503_21813_42127;10;;874;421;421;45;376;48.17;10.69
241503_21814_42127;11;;1733;771;771;134;637;44.49;17.38
241503_21815_42127;12;;1640;766;766;132;634;46.71;17.23
241503_30317_42127;13;;38;8;8;0;8;21.05;0.00
241504_21816_42127;1;;1546;699;699;68;631;45.21;9.73
241504_21817_42127;2;;1636;816;816;81;735;49.88;9.93
241504_21818_42127;3;;1645;887;887;101;786;53.92;11.39
241504_21819_42127;4;;2021;658;659;92;566;32.56;13.98
241504_21820_42127;5;;2067;745;745;203;542;36.04;27.25
241504_21821_42127;6;;1672;655;655;84;571;39.17;12.82
241504_21822_42127;7;;2234;782;782;132;650;35.00;16.88
241504_21823_42127;8;;1889;796;796;143;653;42.14;17.96
241504_21824_42127;9;;1654;747;747;91;656;45.16;12.18
241504_21825_42127;10;;2045;925;925;109;816;45.23;11.78
241504_21826_42127;11;;1488;638;638;72;566;42.88;11.29
241504_21827_42127;12;;1878;767;768;84;683;40.84;10.95
241504_21828_42127;13;;1143;474;474;91;383;41.47;19.20
241504_21829_42127;14;;1271;660;660;60;600;51.93;9.09
241504_21830_42127;15;;1190;567;567;67;500;47.65;11.82
241504_21831_42127;16;;1618;731;731;84;647;45.18;11.49
241504_21832_42127;17;;1363;597;597;61;536;43.80;10.22
241504_21833_42127;18;;2054;699;699;124;575;34.03;17.74
241504_21834_42127;19;;2034;948;948;127;821;46.61;13.40
241504_21835_42127;20;;1952;945;945;163;782;48.41;17.25
241504_21836_42127;21;;2349;1045;1045;170;875;44.49;16.27
241504_21837_42127;22;;913;372;372;47;325;40.74;12.63
241504_21838_42127;23;;1221;534;534;78;456;43.73;14.61
241504_30318_42127;24;;61;24;24;8;16;39.34;33.33
241504_30319_42127;25;;68;24;24;4;20;35.29;16.67
241505_21839_42127;1;;769;333;333;46;287;43.30;13.81
241505_21840_42127;2;;781;353;353;50;303;45.20;14.16
241505_21841_42127;3;;776;267;267;28;239;34.41;10.49
241505_21842_42127;4;;673;274;274;34;240;40.71;12.41
241505_21843_42127;5;;850;368;368;54;314;43.29;14.67
241505_21844_42127;6;;767;294;294;36;258;38.33;12.24
241505_21845_42127;7;;485;230;231;45;185;47.42;19.57
241505_21846_42127;8;;505;216;216;41;175;42.77;18.98
241505_21847_42127;9;;751;380;380;25;355;50.60;6.58
241505_21848_42127;10;;691;379;379;33;346;54.85;8.71
241505_21849_42127;11;;752;308;308;39;269;40.96;12.66
241505_21850_42127;12;;773;329;329;65;264;42.56;19.76
241505_21851_42127;13;;733;315;315;67;248;42.97;21.27
241505_21852_42127;14;;741;261;261;78;183;35.22;29.89
241505_21853_42127;15;;701;326;326;49;277;46.50;15.03
241506_21854_42127;1;;884;475;475;72;403;53.73;15.16
241506_21855_42127;2;;793;449;449;74;375;56.62;16.48
241506_21856_42127;3;;1366;702;702;110;592;51.39;15.67
241506_21857_42127;4;;1386;641;641;131;510;46.25;20.44
241506_21858_42127;5;;1624;758;758;82;676;46.67;10.82
241506_21859_42127;6;;774;324;324;40;284;41.86;12.35
241506_21860_42127;7;;1579;721;721;126;595;45.66;17.48
241506_21861_42127;8;;852;351;351;63;288;41.20;17.95
241506_21862_42127;9;;817;295;295;51;244;36.11;17.29
241506_21863_42127;10;;849;399;399;70;329;47.00;17.54
241506_21864_42127;11;;856;389;389;71;318;45.44;18.25
241506_21865_42127;12;;1613;763;763;107;656;47.30;14.02
241506_21866_42127;13;;1364;632;632;112;520;46.33;17.72
241506_21867_42127;14;;1384;701;701;67;634;50.65;9.56
241506_30320_42127;15;;207;73;73;16;57;35.27;21.92
241507_21868_42127;1;;1697;627;627;81;546;36.95;12.92
241507_21869_42127;2;;1292;506;506;80;426;39.16;15.81
241507_21870_42127;3;;278;137;137;39;98;49.28;28.47
241507_21871_42127;4;;1378;651;651;140;511;47.24;21.51
241507_21872_42127;5;;1226;553;553;129;424;45.11;23.33
241507_21873_42127;6;;284;111;111;23;88;39.08;20.72
241507_21874_42127;7;;274;130;130;19;111;47.45;14.62
241508_21875_42127;1;;960;559;560;142;417;58.23;25.40
241508_21876_42127;2;;926;492;492;147;345;53.13;29.88
241508_21877_42127;3;;1101;561;561;168;393;50.95;29.95
241508_21878_42127;4;;1325;788;788;165;623;59.47;20.94
241509_21879_42127;1;;1561;869;869;172;697;55.67;19.79
241509_21880_42127;2;;1400;760;760;209;551;54.29;27.50
241509_21881_42127;3;;2092;1237;1238;263;974;59.13;21.26
241509_21882_42127;4;;823;406;406;60;346;49.33;14.78
241601_21883_42131;1;;781;412;412;53;359;52.75;12.86
241601_21884_42131;2;;1195;605;605;103;502;50.63;17.02
241601_21885_42131;3;;1329;675;675;122;553;50.79;18.07
241601_21886_42131;4;;1185;614;614;105;509;51.81;17.10
241601_21887_42131;5;;1267;717;717;118;599;56.59;16.46
241601_21888_42131;6;;829;474;474;103;371;57.18;21.73
241601_21889_42131;7;;654;428;428;68;360;65.44;15.89
241602_21890_42131;1;;1160;423;423;44;379;36.47;10.40
241602_21891_42131;2;;1064;450;450;61;389;42.29;13.56
241602_21892_42131;3;;907;439;439;45;394;48.40;10.25
241602_21893_42131;4;;1015;487;487;63;424;47.98;12.94
241602_21894_42131;5;;1250;631;631;83;548;50.48;13.15
241602_21895_42131;6;;579;299;299;44;255;51.64;14.72
241602_21896_42131;7;;735;405;405;43;362;55.10;10.62
241602_21897_42131;8;;770;520;520;50;470;67.53;9.62
241602_21898_42131;9;;1147;561;561;93;468;48.91;16.58
241602_21899_42131;10;;1001;424;424;80;344;42.36;18.87
241602_21900_42131;11;;1167;532;533;92;440;45.59;17.29
241602_21901_42131;12;;1177;541;541;49;492;45.96;9.06
241602_21902_42131;13;;1614;663;663;74;589;41.08;11.16
241602_21903_42131;14;;830;381;381;37;344;45.90;9.71
241602_21904_42131;15;;1175;616;616;60;556;52.43;9.74
241602_21905_42131;16;;1137;549;549;52;497;48.28;9.47
241602_21906_42131;17;;1086;495;495;56;439;45.58;11.31
241602_21907_42131;18;;1068;518;518;49;469;48.50;9.46
241602_21908_42131;19;;1155;516;516;78;438;44.68;15.12
241602_21909_42131;20;;1331;628;628;89;539;47.18;14.17
241602_21910_42131;21;;1251;591;591;67;524;47.24;11.34
241602_21911_42131;22;;1414;672;672;68;604;47.52;10.12
241602_21912_42131;23;;925;421;421;50;371;45.51;11.88
241602_21913_42131;24;;1045;484;484;99;385;46.32;20.45
241602_21914_42131;25;;1103;434;434;48;386;39.35;11.06
241602_21915_42131;26;;1114;492;492;54;438;44.17;10.98
241602_21916_42131;27;;1338;392;392;87;305;29.30;22.19
241602_21917_42131;28;;935;421;421;52;369;45.03;12.35
241602_21918_42131;29;;921;391;391;50;341;42.45;12.79
241602_21919_42131;30;;1092;564;564;148;416;51.65;26.24
241602_21920_42131;31;;902;320;320;73;247;35.48;22.81
241602_21921_42131;32;;910;338;338;57;281;37.14;16.86
241602_21922_42131;33;;1589;604;604;72;532;38.01;11.92
241602_21923_42131;34;;973;493;493;57;436;50.67;11.56
241602_21924_42131;35;;912;495;495;55;440;54.28;11.11
241602_21925_42131;36;;1097;445;445;53;392;40.57;11.91
241602_21926_42131;37;;1001;397;397;42;355;39.66;10.58
241602_21927_42131;38;;995;366;366;63;303;36.78;17.21
241602_21928_42131;39;;1195;488;488;79;409;40.84;16.19
241602_30321_42131;40;;108;80;80;29;51;74.07;36.25
241602_30322_42131;41;;88;42;42;9;33;47.73;21.43
241603_21929_42131;1;;1398;761;761;177;584;54.43;23.26
241603_21930_42131;2;;479;318;318;59;259;66.39;18.55
241603_21931_42131;3;;392;211;211;63;148;53.83;29.86
241604_21932_42131;1;;1487;927;927;173;754;62.34;18.66
241604_21933_42131;2;;574;358;358;71;287;62.37;19.83
241604_21934_42131;3;;1265;786;786;152;634;62.13;19.34
241604_21935_42131;4;;778;419;419;66;353;53.86;15.75
241604_21936_42131;5;;1073;592;592;129;463;55.17;21.79
241605_21937_42131;1;;1712;953;953;206;747;55.67;21.62
241605_21938_42131;2;;1609;867;867;147;720;53.88;16.96
241605_21939_42131;3;;918;445;445;88;357;48.47;19.78
241605_21940_42131;4;;1556;807;807;161;646;51.86;19.95
241605_21941_42131;5;;641;331;331;89;242;51.64;26.89
241605_21942_42131;6;;2068;1019;1019;197;822;49.27;19.33
241605_21943_42131;7;;993;472;472;90;382;47.53;19.07
241605_21944_42131;8;;929;445;445;61;384;47.90;13.71
241605_21945_42131;9;;1178;536;536;149;387;45.50;27.80
241605_21946_42131;10;;1665;715;715;99;616;42.94;13.85
241606_21947_42131;1;;1581;1031;1031;113;918;65.21;10.96
241606_21948_42131;2;;1572;978;978;145;833;62.21;14.83
241606_21949_42131;3;;1265;597;597;80;517;47.19;13.40
241606_21950_42131;4;;1194;811;811;196;615;67.92;24.17
241606_21951_42131;5;;840;552;552;55;497;65.71;9.96
241606_21952_42131;6;;1446;925;925;95;830;63.97;10.27
241607_21953_42131;1;;637;451;451;38;413;70.80;8.43
241607_21954_42131;2;;636;432;432;32;400;67.92;7.41
241607_21955_42131;3;;2062;1318;1318;146;1172;63.92;11.08
241607_21956_42131;4;;956;592;592;77;515;61.92;13.01
241607_21957_42131;5;;894;525;525;71;454;58.72;13.52
241607_21958_42131;6;;1045;625;625;78;547;59.81;12.48
241607_21959_42131;7;;1155;675;675;95;580;58.44;14.07
241608_21960_42131;1;;837;553;553;116;437;66.07;20.98
241608_21961_42131;2;;628;284;284;62;222;45.22;21.83
241608_21962_42131;3;;853;514;514;124;390;60.26;24.12
241608_21963_42131;4;;919;572;572;89;483;62.24;15.56
241608_21964_42131;5;;413;289;289;47;242;69.98;16.26
241608_21965_42131;6;;353;225;225;33;192;63.74;14.67
241608_21966_42131;7;;226;126;126;26;100;55.75;20.63
241608_21967_42131;8;;319;172;172;48;124;53.92;27.91
241608_21968_42131;9;;647;383;384;74;309;59.20;19.32
241608_21969_42131;10;;725;441;441;87;354;60.83;19.73
241608_21970_42131;11;;348;214;214;51;163;61.49;23.83
241608_21971_42131;12;;496;321;321;76;245;64.72;23.68
241609_21972_42131;1;;456;276;276;39;237;60.53;14.13
241609_21973_42131;2;;1373;820;820;146;674;59.72;17.80
241609_21974_42131;3;;1456;867;867;135;732;59.55;15.57
241609_21975_42131;4;;701;449;449;66;383;64.05;14.70
241609_21976_42131;5;;429;266;266;28;238;62.00;10.53
241610_21977_42131;1;;859;558;558;95;463;64.96;17.03
241610_21978_42131;2;;809;413;414;47;366;51.05;11.38
241610_21979_42131;3;;421;215;215;25;190;51.07;11.63
241610_21980_42131;4;;518;308;308;36;272;59.46;11.69
241610_21981_42131;5;;254;147;147;24;123;57.87;16.33
241610_21982_42131;6;;633;342;342;72;270;54.03;21.05
241610_21983_42131;7;;330;196;196;28;168;59.39;14.29
241701_21984_42125;1;;1259;622;622;122;500;49.40;19.61
241701_21985_42125;2;;1093;567;567;91;476;51.88;16.05
241701_21986_42125;3;;1240;646;646;111;535;52.10;17.18
241701_21987_42125;4;;1209;677;677;144;533;56.00;21.27
241701_21988_42125;5;;1290;646;646;68;578;50.08;10.53
241701_21989_42125;6;;1131;618;618;106;512;54.64;17.15
241701_21990_42125;7;;1219;670;670;109;561;54.96;16.27
241701_21991_42125;8;;1295;733;733;144;589;56.60;19.65
241701_21992_42125;9;;1206;650;650;103;547;53.90;15.85
241701_21993_42125;10;;1260;734;734;171;563;58.25;23.30
241701_21994_42125;11;;719;407;407;77;330;56.61;18.92
241701_21995_42125;12;;552;317;317;65;252;57.43;20.50
241701_21996_42125;13;;1205;585;585;126;459;48.55;21.54
241701_21997_42125;14;;1366;705;705;95;610;51.61;13.48
241701_21998_42125;15;;1336;666;667;96;570;49.85;14.41
241701_21999_42125;16;;1344;608;608;93;515;45.24;15.30
241701_22000_42125;17;;1076;524;524;104;420;48.70;19.85
241701_22001_42125;18;;1197;631;631;131;500;52.72;20.76
241701_22002_42125;19;;1179;593;593;167;426;50.30;28.16
241701_22003_42125;20;;1139;569;569;116;453;49.96;20.39
241701_22004_42125;21;;1222;646;646;128;518;52.86;19.81
241701_22005_42125;22;;1202;608;608;84;524;50.58;13.82
241701_30323_42125;23;;65;35;35;5;30;53.85;14.29
241702_22006_42125;1;;1501;913;913;174;739;60.83;19.06
241702_22007_42125;2;;1195;763;763;166;597;63.85;21.76
241702_22008_42125;3;;1585;846;846;205;641;53.38;24.23
241702_22009_42125;4;;949;537;537;91;446;56.59;16.95
241702_22010_42125;5;;121;55;55;23;32;45.45;41.82
241703_22011_42125;1;;1255;755;755;165;590;60.16;21.85
241703_22012_42125;2;;1654;1023;1023;201;822;61.85;19.65
241703_22013_42125;3;;1891;1169;1169;263;906;61.82;22.50
241704_22014_42125;1;;1145;796;796;309;487;69.52;38.82
241704_22015_42125;2;;931;557;557;177;380;59.83;31.78
241704_22016_42125;3;;1660;1072;1072;296;776;64.58;27.61
241704_22017_42125;4;;1646;1120;1120;379;741;68.04;33.84
241704_22018_42125;5;;1340;928;928;286;642;69.25;30.82
241704_22019_42125;6;;987;639;639;152;487;64.74;23.79
241704_22020_42125;7;;1213;781;781;280;501;64.39;35.85
241704_22021_42125;8;;210;142;142;31;111;67.62;21.83
241704_22022_42125;9;;369;268;268;109;159;72.63;40.67
241704_22023_42125;10;;1340;898;898;369;529;67.01;41.09
241704_22024_42125;11;;82;46;46;7;39;56.10;15.22
241705_22025_42125;1;;709;539;539;152;387;76.02;28.20
241705_22026_42125;2;;693;574;574;161;413;82.83;28.05
241705_22027_42125;3;;533;417;417;131;286;78.24;31.41
241705_22028_42125;4;;170;136;136;25;111;80.00;18.38
241706_22029_42125;1;;2142;1267;1267;367;900;59.15;28.97
241706_22030_42125;2;;1481;868;868;237;631;58.61;27.30
241706_22031_42125;3;;1749;947;947;242;705;54.15;25.55
241706_22032_42125;4;;1077;595;595;154;441;55.25;25.88
241706_22033_42125;5;;762;478;478;96;382;62.73;20.08
241706_22034_42125;6;;626;393;393;82;311;62.78;20.87
241706_22035_42125;7;;386;213;213;62;151;55.18;29.11
241707_22036_42125;1;;1787;1119;1119;298;821;62.62;26.63
241707_22037_42125;2;;820;554;554;153;401;67.56;27.62
241707_22038_42125;3;;248;143;143;46;97;57.66;32.17
241707_22039_42125;4;;698;435;435;105;330;62.32;24.14
241708_22040_42125;1;;2171;1006;1006;218;788;46.34;21.67
241708_22041_42125;2;;1450;768;768;127;641;52.97;16.54
241708_22042_42125;3;;2107;1002;1002;239;763;47.56;23.85
241708_22043_42125;4;;810;479;479;113;366;59.14;23.59
241708_22044_42125;5;;1078;552;552;136;416;51.21;24.64
241708_22045_42125;6;;1631;617;617;234;383;37.83;37.93
241708_22046_42125;7;;1993;879;879;159;720;44.10;18.09
241709_22047_42125;1;;2014;1200;1200;426;774;59.58;35.50
241709_22048_42125;2;;1559;910;910;147;763;58.37;16.15
241709_22049_42125;3;;1116;599;599;146;453;53.67;24.37
241709_22050_42125;4;;1121;637;637;125;512;56.82;19.62
241709_22051_42125;5;;620;320;320;82;238;51.61;25.62
241709_22052_42125;6;;794;423;423;120;303;53.27;28.37
241709_22053_42125;7;;811;450;450;164;286;55.49;36.44
241710_22054_42125;1;;867;516;516;85;431;59.52;16.47
241710_22055_42125;2;;757;459;459;94;365;60.63;20.48
241710_22056_42125;3;;1379;881;881;217;664;63.89;24.63
241710_22057_42125;4;;775;434;434;141;293;56.00;32.49
241710_22058_42125;5;;1478;729;729;147;582;49.32;20.16
241710_22059_42125;6;;2105;1128;1128;374;754;53.59;33.16
241710_22060_42125;7;;1412;746;746;134;612;52.83;17.96
241710_22061_42125;8;;1565;775;775;206;569;49.52;26.58
241711_22062_42125;1;;355;215;215;46;169;60.56;21.40
241711_22063_42125;2;;1734;892;895;291;601;51.44;32.62
241711_22064_42125;3;;650;366;366;62;304;56.31;16.94
241711_22065_42125;4;;1203;579;579;174;405;48.13;30.05
241711_22066_42125;5;;1198;541;541;136;405;45.16;25.14
241711_22067_42125;6;;1024;541;541;149;392;52.83;27.54
241711_22068_42125;7;;372;206;206;58;148;55.38;28.16
241711_22069_42125;8;;715;341;341;74;267;47.69;21.70
241712_22070_42125;1;;1671;1125;1125;250;875;67.32;22.22
241712_22071_42125;2;;562;349;349;71;278;62.10;20.34
241712_22072_42125;3;;656;388;388;131;257;59.15;33.76
241713_22073_42125;1;;1582;804;804;112;692;50.82;13.93
241713_22074_42125;2;;1197;523;523;153;370;43.69;29.25
241713_22075_42125;3;;1262;723;723;178;545;57.29;24.62
241713_22076_42125;4;;1402;712;712;145;567;50.78;20.37
241713_22077_42125;5;;672;267;267;43;224;39.73;16.10
241713_22078_42125;6;;339;203;203;58;145;59.88;28.57
241714_22079_42125;1;;624;256;256;89;167;41.03;34.77
241714_22080_42125;2;;703;257;257;87;170;36.56;33.85
241714_22081_42125;3;;528;242;242;55;187;45.83;22.73
241714_22082_42125;4;;996;372;372;92;280;37.35;24.73
241714_22083_42125;5;;916;439;439;126;313;47.93;28.70
241715_22084_42125;1;;1271;730;730;252;478;57.44;34.52
241715_22085_42125;2;;1379;769;769;160;609;55.77;20.81
241715_22086_42125;3;;1742;971;971;177;794;55.74;18.23
241715_22087_42125;4;;1645;862;862;129;733;52.40;14.97
241715_22088_42125;5;;895;448;448;99;349;50.06;22.10
241715_22089_42125;6;;1580;786;786;133;653;49.75;16.92
241715_22090_42125;7;;1780;952;952;190;762;53.48;19.96
241715_22091_42125;8;;1673;884;884;301;583;52.84;34.05
246101_22092_42125;1;;1918;855;855;66;789;44.58;7.72
246101_22093_42125;2;;2189;883;883;70;813;40.34;7.93
246101_22094_42125;3;;2191;826;826;75;751;37.70;9.08
246101_22095_42125;4;;2148;977;977;84;893;45.48;8.60
246101_22096_42125;5;;2293;1036;1036;95;941;45.18;9.17
246101_22097_42125;6;;2184;931;931;65;866;42.63;6.98
246101_22098_42125;7;;2237;875;875;72;803;39.11;8.23
246101_22099_42125;8;;2289;1104;1104;88;1016;48.23;7.97
246101_22100_42125;9;;1933;657;657;48;609;33.99;7.31
246101_22101_42125;10;;1787;737;737;48;689;41.24;6.51
246101_22102_42125;11;;1758;656;656;129;527;37.32;19.66
246101_22103_42125;12;;1694;602;602;50;552;35.54;8.31
246101_22104_42125;13;;1916;790;790;94;696;41.23;11.90
246101_22105_42125;14;;2161;684;684;58;626;31.65;8.48
246101_22106_42125;15;;2251;962;962;71;891;42.74;7.38
246101_22107_42125;16;;2049;891;891;65;826;43.48;7.30
246101_22108_42125;17;;2260;978;978;126;852;43.27;12.88
246101_22109_42125;18;;1366;647;647;52;595;47.36;8.04
246101_22110_42125;19;;1367;621;621;58;563;45.43;9.34
246101_22111_42125;20;;2089;935;935;76;859;44.76;8.13
246101_22112_42125;21;;2294;964;964;104;860;42.02;10.79
246101_22113_42125;22;;1967;668;668;53;615;33.96;7.93
246101_22114_42125;23;;2152;994;994;113;881;46.19;11.37
246101_22115_42125;24;;1984;866;866;73;793;43.65;8.43
246101_22116_42125;25;;1324;591;591;63;528;44.64;10.66
246101_22117_42125;26;;1684;802;843;28;774;47.62;3.49
246101_22118_42125;27;;1841;844;844;66;778;45.84;7.82
246101_22119_42125;28;;1674;700;700;49;651;41.82;7.00
246101_22120_42125;29;;1207;313;313;36;277;25.93;11.50
246101_22121_42125;30;;1668;480;480;57;423;28.78;11.88
246101_22122_42125;31;;2042;913;913;91;822;44.71;9.97
246101_22123_42125;32;;1989;771;772;57;714;38.76;7.39
246101_22124_42125;33;;1898;703;703;61;642;37.04;8.68
246101_22125_42125;34;;2004;586;586;58;528;29.24;9.90
246101_22126_42125;35;;1756;695;695;112;583;39.58;16.12
246101_22127_42125;36;;2205;1019;1019;147;872;46.21;14.43
246101_22128_42125;37;;1730;705;705;47;658;40.75;6.67
246101_22129_42125;38;;1923;755;755;66;689;39.26;8.74
246101_22130_42125;39;;1812;831;831;54;777;45.86;6.50
246101_22131_42125;40;;1771;691;691;46;645;39.02;6.66
246101_22132_42125;41;;1693;591;591;86;505;34.91;14.55
246101_22133_42125;42;;2093;781;781;67;714;37.31;8.58
246101_22134_42125;43;;1900;709;709;70;639;37.32;9.87
246101_22135_42125;44;;1779;796;796;148;648;44.74;18.59
246101_22136_42125;45;;1638;788;788;56;732;48.11;7.11
246101_22137_42125;46;;1646;717;717;48;669;43.56;6.69
246101_22138_42125;47;;1761;824;824;62;762;46.79;7.52
246101_22139_42125;48;;1813;837;837;116;721;46.17;13.86
246101_22140_42125;49;;1664;712;712;49;663;42.79;6.88
246101_22141_42125;50;;2279;984;984;50;934;43.18;5.08
246101_22142_42125;51;;1404;631;631;50;581;44.94;7.92
246101_22143_42125;52;;1462;615;615;46;569;42.07;7.48
246101_22144_42125;53;;2026;1048;1048;134;914;51.73;12.79
246101_22145_42125;54;;1582;692;692;51;641;43.74;7.37
246101_22146_42125;55;;1762;816;816;74;742;46.31;9.07
246101_22147_42125;56;;1761;806;806;68;738;45.77;8.44
246101_22148_42125;57;;2296;1085;1085;94;991;47.26;8.66
246101_22149_42125;58;;1877;999;999;64;935;53.22;6.41
246101_22150_42125;59;;874;435;435;40;395;49.77;9.20
246101_22151_42125;60;;1507;699;699;45;654;46.38;6.44
246101_22152_42125;61;;2157;937;937;64;873;43.44;6.83
246101_22153_42125;62;;2048;888;888;102;786;43.36;11.49
246101_22154_42125;63;;2141;899;899;84;815;41.99;9.34
246101_22155_42125;64;;2243;970;970;77;893;43.25;7.94
246101_22156_42125;65;;2023;890;890;57;833;43.99;6.40
246101_22157_42125;66;;1987;895;895;66;829;45.04;7.37
246101_22158_42125;67;;2022;860;860;49;811;42.53;5.70
246101_22159_42125;68;;1484;701;701;62;639;47.24;8.84
246101_22160_42125;69;;1643;777;777;107;670;47.29;13.77
246101_22161_42125;70;;1479;782;782;45;737;52.87;5.75
246101_22162_42125;71;;2134;921;921;64;857;43.16;6.95
246101_22163_42125;72;;2048;932;932;64;868;45.51;6.87
246101_22164_42125;73;;1929;877;879;60;817;45.46;6.84
246101_30324_42125;74;;47;39;39;2;37;82.98;5.13
246101_30325_42125;75;;183;67;67;16;51;36.61;23.88
246101_30326_42125;76;;156;32;32;5;27;20.51;15.62
246101_30327_42125;77;;75;23;23;5;18;30.67;21.74
246101_30328_42125;78;;65;11;11;0;11;16.92;0.00
246101_30329_42125;79;;403;84;84;16;68;20.84;19.05
246101_30330_42125;80;;87;69;69;1;68;79.31;1.45
246201_22165_42128;1;;2076;780;780;131;649;37.57;16.79
246201_22166_42128;2;;2341;734;734;183;551;31.35;24.93
246201_22167_42128;3;;1989;463;463;59;404;23.28;12.74
246201_22168_42128;4;;2157;856;856;91;765;39.68;10.63
246201_22169_42128;5;;2310;852;852;86;766;36.88;10.09
246201_22170_42128;6;;2224;1025;1025;121;904;46.09;11.80
246201_22171_42128;7;;2054;666;666;58;608;32.42;8.71
246201_22172_42128;8;;2129;850;850;73;777;39.92;8.59
246201_22173_42128;9;;1737;719;719;46;673;41.39;6.40
246201_22174_42128;10;;1424;268;268;56;212;18.82;20.90
246201_22175_42128;11;;1732;606;607;85;521;34.99;14.03
246201_22176_42128;12;;1975;810;810;95;715;41.01;11.73
246201_22177_42128;13;;1569;434;434;125;309;27.66;28.80
246201_22178_42128;14;;1875;334;334;99;235;17.81;29.64
246201_22179_42128;15;;2025;518;518;73;445;25.58;14.09
246201_22180_42128;16;;2175;781;781;111;670;35.91;14.21
246201_22181_42128;17;;1951;662;662;85;577;33.93;12.84
246201_22182_42128;18;;1932;495;495;76;419;25.62;15.35
246201_22183_42128;19;;2126;770;770;77;693;36.22;10.00
246201_22184_42128;20;;1842;598;598;55;543;32.46;9.20
246201_22185_42128;21;;1913;709;709;73;636;37.06;10.30
246201_22186_42128;22;;2119;865;867;119;746;40.82;13.76
246201_22187_42128;23;;2262;774;774;110;664;34.22;14.21
246201_22188_42128;24;;2221;652;652;68;584;29.36;10.43
246201_22189_42128;25;;2194;587;587;74;513;26.75;12.61
246201_22190_42128;26;;2198;879;879;98;781;39.99;11.15
246201_22191_42128;27;;811;242;242;35;207;29.84;14.46
246201_22192_42128;28;;1266;386;386;38;348;30.49;9.84
246201_22193_42128;29;;1463;493;493;38;455;33.70;7.71
246201_22194_42128;30;;1371;660;660;83;577;48.14;12.58
246201_22195_42128;31;;1224;575;575;37;538;46.98;6.43
246201_22196_42128;32;;2016;706;707;98;608;35.02;13.88
246201_22197_42128;33;;2017;606;606;91;515;30.04;15.02
246201_22198_42128;34;;2099;645;645;88;557;30.73;13.64
246201_22199_42128;35;;1995;647;647;142;505;32.43;21.95
246201_22200_42128;36;;2057;554;554;86;468;26.93;15.52
246201_22201_42128;37;;2194;858;858;82;776;39.11;9.56
246201_22202_42128;38;;2004;801;801;76;725;39.97;9.49
246201_22203_42128;39;;1832;693;693;61;632;37.83;8.80
246201_22204_42128;40;;1627;374;374;41;333;22.99;10.96
246201_22205_42128;41;;2226;691;691;68;623;31.04;9.84
246201_22206_42128;42;;2121;711;711;59;652;33.52;8.30
246201_22207_42128;43;;2012;664;664;66;598;33.00;9.94
246201_22208_42128;44;;1858;590;590;72;518;31.75;12.20
246201_22209_42128;45;;1914;624;624;57;567;32.60;9.13
246201_22210_42128;46;;1364;422;422;46;376;30.94;10.90
246201_22211_42128;47;;1893;643;643;93;550;33.97;14.46
246201_22212_42128;48;;1905;510;510;69;441;26.77;13.53
246201_22213_42128;49;;1613;434;434;71;363;26.91;16.36
246201_22214_42128;50;;1671;367;367;47;320;21.96;12.81
246201_22215_42128;51;;1453;341;341;51;290;23.47;14.96
246201_22216_42128;52;;1462;400;400;52;348;27.36;13.00
246201_22217_42128;53;;1827;727;727;158;569;39.79;21.73
246201_22218_42128;54;;1893;592;592;102;490;31.27;17.23
246201_22219_42128;55;;1844;757;757;91;666;41.05;12.02
246201_22220_42128;56;;2242;945;945;95;850;42.15;10.05
246201_22221_42128;57;;2203;929;929;96;833;42.17;10.33
246201_22222_42128;58;;2363;813;813;104;709;34.41;12.79
246201_22223_42128;59;;1984;641;641;92;549;32.31;14.35
246201_22224_42128;60;;1852;635;635;81;554;34.29;12.76
246201_22225_42128;61;;1965;692;692;78;614;35.22;11.27
246201_22226_42128;62;;1769;576;576;78;498;32.56;13.54
246201_22227_42128;63;;1940;492;492;84;408;25.36;17.07
246201_22228_42128;64;;1669;587;587;38;549;35.17;6.47
246201_22229_42128;65;;1754;548;548;52;496;31.24;9.49
246201_22230_42128;66;;1888;673;673;79;594;35.65;11.74
246201_22231_42128;67;;1865;570;570;81;489;30.56;14.21
246201_22232_42128;68;;1072;345;345;36;309;32.18;10.43
246201_22233_42128;69;;1504;498;498;63;435;33.11;12.65
246201_30331_42128;70;;74;28;28;4;24;37.84;14.29
246201_30332_42128;71;;89;28;28;8;20;31.46;28.57
246201_30333_42128;72;;71;39;39;0;39;54.93;0.00
246201_30334_42128;73;;104;16;16;0;16;15.38;0.00
246201_30335_42128;74;;81;14;14;1;13;17.28;7.14
246201_30336_42128;75;;194;41;41;4;37;21.13;9.76
246201_30337_42128;76;;216;50;50;4;46;23.15;8.00
246201_30338_42128;77;;245;66;66;21;45;26.94;31.82
246201_30339_42128;78;;103;66;66;18;48;64.08;27.27
246201_30340_42128;79;;59;17;17;1;16;28.81;5.88
246301_22234_42129;1;;1817;720;720;102;618;39.63;14.17
246301_22235_42129;2;;966;382;382;38;344;39.54;9.95
246301_22236_42129;3;;2057;831;831;110;721;40.40;13.24
246301_22237_42129;4;;1736;805;805;98;707;46.37;12.17
246301_22238_42129;5;;1531;427;427;64;363;27.89;14.99
246301_22239_42129;6;;1586;678;678;67;611;42.75;9.88
246301_22240_42129;7;;1635;651;651;129;522;39.82;19.82
246301_22241_42129;8;;1416;436;437;68;368;30.79;15.60
246301_22242_42129;9;;1588;764;764;95;669;48.11;12.43
246301_22243_42129;10;;1466;669;669;88;581;45.63;13.15
246301_22244_42129;11;;1914;632;632;95;537;33.02;15.03
246301_22245_42129;12;;1748;526;526;74;452;30.09;14.07
246301_22246_42129;13;;1978;788;788;107;681;39.84;13.58
246301_22247_42129;14;;1813;626;626;92;534;34.53;14.70
246301_22248_42129;15;;2120;844;844;100;744;39.81;11.85
246301_22249_42129;16;;1922;862;862;129;733;44.85;14.97
246301_22250_42129;17;;2077;977;977;83;894;47.04;8.50
246301_22251_42129;18;;2019;712;712;134;578;35.26;18.82
246301_22252_42129;19;;2010;822;825;125;697;40.90;15.21
246301_22253_42129;20;;1508;603;603;52;551;39.99;8.62
246301_22254_42129;21;;968;273;273;35;238;28.20;12.82
246301_22255_42129;22;;1419;700;700;76;624;49.33;10.86
246301_22256_42129;23;;1313;388;388;81;307;29.55;20.88
246301_22257_42129;24;;1101;393;393;47;346;35.69;11.96
246301_22258_42129;25;;1134;452;452;52;400;39.86;11.50
246301_22259_42129;26;;1658;659;659;67;592;39.75;10.17
246301_22260_42129;27;;1922;958;959;101;857;49.84;10.54
246301_22261_42129;28;;1840;661;661;33;628;35.92;4.99
246301_22262_42129;29;;1780;748;748;73;675;42.02;9.76
246301_22263_42129;30;;1655;752;753;52;700;45.44;6.91
246301_22264_42129;31;;1677;878;878;67;811;52.36;7.63
246301_22265_42129;32;;1549;900;900;46;854;58.10;5.11
246301_22266_42129;33;;1472;704;707;62;642;47.83;8.81
246301_22267_42129;34;;1543;652;652;54;598;42.26;8.28
246301_22268_42129;35;;1798;626;626;71;555;34.82;11.34
246301_22269_42129;36;;1737;573;573;53;520;32.99;9.25
246301_22270_42129;37;;1450;650;650;74;576;44.83;11.38
246301_22271_42129;38;;1318;427;428;52;375;32.40;12.18
246301_22272_42129;39;;1479;531;531;67;464;35.90;12.62
246301_22273_42129;40;;1517;411;411;60;351;27.09;14.60
246301_22274_42129;41;;1674;806;806;67;739;48.15;8.31
246301_22275_42129;42;;1661;514;514;51;463;30.95;9.92
246301_22276_42129;43;;1307;335;335;55;280;25.63;16.42
246301_22277_42129;44;;1427;613;613;95;518;42.96;15.50
246301_22278_42129;45;;1619;719;719;88;631;44.41;12.24
246301_22279_42129;46;;1283;598;598;77;521;46.61;12.88
246301_22280_42129;47;;1325;533;533;52;481;40.23;9.76
246301_22281_42129;48;;1465;658;658;44;614;44.91;6.69
246301_22282_42129;49;;1339;603;603;82;521;45.03;13.60
246301_22283_42129;50;;1894;916;916;118;798;48.36;12.88
246301_22284_42129;51;;1796;756;756;86;670;42.09;11.38
246301_22285_42129;52;;1709;622;622;76;546;36.40;12.22
246301_22286_42129;53;;1704;615;615;94;521;36.09;15.28
246301_30341_42129;54;;142;56;56;12;44;39.44;21.43
246301_30342_42129;55;;66;19;19;0;19;28.79;0.00
246301_30343_42129;56;;56;56;56;1;55;100.00;1.79
246301_30344_42129;57;;68;32;32;0;32;47.06;0.00
246301_30345_42129;58;;154;49;49;12;37;31.82;24.49
246301_30346_42129;59;;107;26;26;8;18;24.30;30.77
246301_30347_42129;60;;59;13;13;2;11;22.03;15.38
246301_30348_42129;61;;48;40;40;5;35;83.33;12.50
246401_22287_42130;1;;1128;258;259;33;225;22.87;12.79
246401_22288_42130;2;;1240;420;420;59;361;33.87;14.05
246401_22289_42130;3;;521;130;130;13;117;24.95;10.00
246401_22290_42130;4;;938;323;323;36;287;34.43;11.15
246401_22291_42130;5;;1253;346;346;48;298;27.61;13.87
246401_22292_42130;6;;1466;371;371;27;344;25.31;7.28
246401_22293_42130;7;;1504;369;369;27;342;24.53;7.32
246401_22294_42130;8;;1061;253;253;32;221;23.85;12.65
246401_22295_42130;9;;1290;473;473;14;459;36.67;2.96
246401_22296_42130;10;;1421;611;611;51;560;43.00;8.35
246401_22297_42130;11;;1144;479;479;30;449;41.87;6.26
246401_22298_42130;12;;962;456;456;32;424;47.40;7.02
246401_22299_42130;13;;739;317;317;25;292;42.90;7.89
246401_22300_42130;14;;1230;406;406;31;375;33.01;7.64
246401_22301_42130;15;;1487;581;581;39;542;39.07;6.71
246401_22302_42130;16;;1397;586;586;80;506;41.95;13.65
246401_22303_42130;17;;1688;690;690;49;641;40.88;7.10
246401_22304_42130;18;;1013;405;405;32;373;39.98;7.90
246401_22305_42130;19;;1629;651;651;67;584;39.96;10.29
246401_22306_42130;20;;2003;906;906;72;834;45.23;7.95
246401_22307_42130;21;;1559;671;671;50;621;43.04;7.45
246401_22308_42130;22;;1670;659;659;79;580;39.46;11.99
246401_22309_42130;23;;2106;869;869;73;796;41.26;8.40
246401_22310_42130;24;;769;362;362;26;336;47.07;7.18
246401_22311_42130;25;;1468;658;658;48;610;44.82;7.29
246401_22312_42130;26;;1239;592;592;39;553;47.78;6.59
246401_22313_42130;27;;1193;517;517;49;468;43.34;9.48
246401_22314_42130;28;;1619;710;710;80;630;43.85;11.27
246401_22315_42130;29;;1235;480;480;22;458;38.87;4.58
246401_22316_42130;30;;1080;451;451;50;401;41.76;11.09
246401_22317_42130;31;;1490;612;612;59;553;41.07;9.64
246401_22318_42130;32;;1449;674;674;58;616;46.51;8.61
246401_22319_42130;33;;697;337;337;24;313;48.35;7.12
246401_22320_42130;34;;1850;938;938;42;896;50.70;4.48
246401_22321_42130;35;;1797;945;945;43;902;52.59;4.55
246401_22322_42130;36;;1747;794;794;65;729;45.45;8.19
246401_22323_42130;37;;1848;844;844;66;778;45.67;7.82
246401_22324_42130;38;;2074;1012;1012;226;786;48.79;22.33
246401_22325_42130;39;;2310;1100;1100;64;1036;47.62;5.82
246401_22326_42130;40;;1523;758;758;80;678;49.77;10.55
246401_22327_42130;41;;869;468;468;29;439;53.86;6.20
246401_22328_42130;42;;1953;846;846;47;799;43.32;5.56
246401_22329_42130;43;;1547;797;797;45;752;51.52;5.65
246401_22330_42130;44;;1796;814;814;39;775;45.32;4.79
246401_22331_42130;45;;1779;670;670;21;649;37.66;3.13
246401_22332_42130;46;;2050;893;893;136;757;43.56;15.23
246401_22333_42130;47;;1710;770;770;49;721;45.03;6.36
246401_22334_42130;48;;1874;856;856;123;733;45.68;14.37
246401_22335_42130;49;;1856;825;825;60;765;44.45;7.27
246401_22336_42130;50;;1778;766;766;74;692;43.08;9.66
246401_22337_42130;51;;1010;457;457;65;392;45.25;14.22
246401_22338_42130;52;;1769;817;817;72;745;46.18;8.81
246401_22339_42130;53;;447;229;229;15;214;51.23;6.55
246401_22340_42130;54;;1880;812;812;148;664;43.19;18.23
246401_22341_42130;55;;1740;719;720;78;641;41.32;10.85
246401_22342_42130;56;;1881;894;894;49;845;47.53;5.48
246401_22343_42130;57;;1628;652;652;40;612;40.05;6.13
246401_22344_42130;58;;1605;664;664;38;626;41.37;5.72
246401_22345_42130;59;;1458;621;621;38;583;42.59;6.12
246401_22346_42130;60;;1113;523;523;36;487;46.99;6.88
246401_22347_42130;61;;959;341;341;43;298;35.56;12.61
246401_22348_42130;62;;825;261;261;31;230;31.64;11.88
246401_22349_42130;63;;1268;484;484;66;418;38.17;13.64
246401_22350_42130;64;;1224;472;472;23;449;38.56;4.87
246401_22351_42130;65;;1267;529;529;26;503;41.75;4.91
246401_22352_42130;66;;1437;645;645;52;593;44.89;8.06
246401_22353_42130;67;;317;110;110;7;103;34.70;6.36
246401_22354_42130;68;;1190;449;449;45;404;37.73;10.02
246401_22355_42130;69;;1469;526;526;38;488;35.81;7.22
246401_22356_42130;70;;1295;498;498;55;443;38.46;11.04
246401_22357_42130;71;;1458;562;563;47;515;38.55;8.36
246401_22358_42130;72;;2001;861;861;85;776;43.03;9.87
246401_22359_42130;73;;1848;821;821;98;723;44.43;11.94
246401_22360_42130;74;;1491;398;398;51;347;26.69;12.81
246401_22361_42130;75;;1761;715;715;135;580;40.60;18.88
246401_22362_42130;76;;2070;906;906;72;834;43.77;7.95
246401_22363_42130;77;;1524;597;597;64;533;39.17;10.72
246401_22364_42130;78;;1050;444;444;42;402;42.29;9.46
246401_22365_42130;79;;2157;776;776;79;697;35.98;10.18
246401_22366_42130;80;;1599;630;630;51;579;39.40;8.10
246401_22367_42130;81;;1226;434;435;39;395;35.40;8.99
246401_22368_42130;82;;2051;820;820;102;718;39.98;12.44
246401_22369_42130;83;;1093;298;298;36;262;27.26;12.08
246401_22370_42130;84;;1586;645;645;70;575;40.67;10.85
246401_22371_42130;85;;1145;449;449;51;398;39.21;11.36
246401_22372_42130;86;;1834;794;794;52;742;43.29;6.55
246401_22373_42130;87;;1327;564;564;49;515;42.50;8.69
246401_22374_42130;88;;1711;733;733;59;674;42.84;8.05
246401_22375_42130;89;;1260;609;609;70;539;48.33;11.49
246401_22376_42130;90;;2248;861;861;76;785;38.30;8.83
246401_22377_42130;91;;2076;894;894;68;826;43.06;7.61
246401_22378_42130;92;;1989;764;822;0;764;38.41;0.00
246401_22379_42130;93;;1655;699;699;52;647;42.24;7.44
246401_22380_42130;94;;2182;868;868;94;774;39.78;10.83
246401_22381_42130;95;;2036;845;845;54;791;41.50;6.39
246401_22382_42130;96;;1592;673;673;50;623;42.27;7.43
246401_22383_42130;97;;1405;572;572;69;503;40.71;12.06
246401_22384_42130;98;;758;347;347;32;315;45.78;9.22
246401_22385_42130;99;;1766;796;796;65;731;45.07;8.17
246401_22386_42130;100;;1924;742;742;157;585;38.57;21.16
246401_22387_42130;101;;2050;814;814;56;758;39.71;6.88
246401_22388_42130;102;;1919;709;709;84;625;36.95;11.85
246401_22389_42130;103;;701;265;265;23;242;37.80;8.68
246401_22390_42130;104;;738;296;296;23;273;40.11;7.77
246401_22391_42130;105;;855;332;332;35;297;38.83;10.54
246401_22392_42130;106;;1538;561;561;66;495;36.48;11.76
246401_22393_42130;107;;1768;576;576;47;529;32.58;8.16
246401_22394_42130;108;;529;198;198;22;176;37.43;11.11
246401_22395_42130;109;;997;461;461;35;426;46.24;7.59
246401_22396_42130;110;;1266;531;531;46;485;41.94;8.66
246401_22397_42130;111;;1831;806;806;81;725;44.02;10.05
246401_22398_42130;112;;1846;731;731;60;671;39.60;8.21
246401_22399_42130;113;;1311;534;534;50;484;40.73;9.36
246401_22400_42130;114;;1363;582;582;59;523;42.70;10.14
246401_22401_42130;115;;1077;385;385;46;339;35.75;11.95
246401_22402_42130;116;;1442;520;520;92;428;36.06;17.69
246401_22403_42130;117;;1788;727;727;65;662;40.66;8.94
246401_22404_42130;118;;1129;448;448;33;415;39.68;7.37
246401_22405_42130;119;;2041;779;779;56;723;38.17;7.19
246401_22406_42130;120;;2068;859;859;57;802;41.54;6.64
246401_22407_42130;121;;1730;821;821;44;777;47.46;5.36
246401_22408_42130;122;;1921;1011;1012;44;967;52.63;4.35
246401_22409_42130;123;;1905;896;896;80;816;47.03;8.93
246401_22410_42130;124;;1909;921;921;60;861;48.25;6.51
246401_22411_42130;125;;774;287;287;22;265;37.08;7.67
246401_22412_42130;126;;2051;880;880;58;822;42.91;6.59
246401_30349_42130;127;;58;16;16;2;14;27.59;12.50
246401_30350_42130;128;;116;22;22;2;20;18.97;9.09
246401_30351_42130;129;;226;55;55;5;50;24.34;9.09
246401_30352_42130;130;;135;87;87;6;81;64.44;6.90
246401_30353_42130;131;;35;22;22;0;22;62.86;0.00
246401_30354_42130;132;;211;72;72;26;46;34.12;36.11
246401_30355_42130;133;;64;31;31;2;29;48.44;6.45
246401_30356_42130;134;;115;65;65;19;46;56.52;29.23
246401_30357_42130;135;;74;10;10;0;10;13.51;0.00
246501_22413_42131;1;;1457;661;661;88;573;45.37;13.31
246501_22414_42131;2;;615;234;234;28;206;38.05;11.97
246501_22415_42131;3;;1660;769;769;76;693;46.33;9.88
246501_22416_42131;4;;1808;713;713;137;576;39.44;19.21
246501_22417_42131;5;;1941;803;803;67;736;41.37;8.34
246501_22418_42131;6;;2091;906;906;105;801;43.33;11.59
246501_22419_42131;7;;1478;634;634;42;592;42.90;6.62
246501_22420_42131;8;;1334;444;444;34;410;33.28;7.66
246501_22421_42131;9;;2001;845;845;81;764;42.23;9.59
246501_22422_42131;10;;1972;720;720;65;655;36.51;9.03
246501_22423_42131;11;;1324;513;513;53;460;38.75;10.33
246501_22424_42131;12;;1620;517;517;48;469;31.91;9.28
246501_22425_42131;14;;1172;430;430;44;386;36.69;10.23
246501_22426_42131;15;;1756;689;689;64;625;39.24;9.29
246501_22427_42131;16;;1959;750;750;100;650;38.28;13.33
246501_22428_42131;17;;1464;502;503;82;420;34.29;16.33
246501_22429_42131;18;;1089;449;449;43;406;41.23;9.58
246501_22430_42131;19;;1820;699;699;94;605;38.41;13.45
246501_22431_42131;20;;1960;765;765;79;686;39.03;10.33
246501_22432_42131;21;;917;380;380;44;336;41.44;11.58
246501_22433_42131;22;;1477;723;723;166;557;48.95;22.96
246501_22434_42131;23;;2052;763;763;77;686;37.18;10.09
246501_22435_42131;24;;1485;605;605;66;539;40.74;10.91
246501_22436_42131;25;;1546;759;759;105;654;49.09;13.83
246501_22437_42131;26;;552;201;201;16;185;36.41;7.96
246501_22438_42131;27;;1579;651;651;72;579;41.23;11.06
246501_22439_42131;28;;1445;414;414;44;370;28.65;10.63
246501_22440_42131;29;;2300;894;894;95;799;38.87;10.63
246501_22441_42131;30;;1943;712;712;99;613;36.64;13.90
246501_22442_42131;31;;1749;668;668;61;607;38.19;9.13
246501_22443_42131;32;;1233;499;499;57;442;40.47;11.42
246501_22444_42131;34;;1878;864;864;91;773;46.01;10.53
246501_22445_42131;35;;1152;479;479;46;433;41.58;9.60
246501_22446_42131;36;;1103;511;511;53;458;46.33;10.37
246501_22447_42131;37;;1706;681;684;74;607;39.92;10.87
246501_22448_42131;38;;1841;759;762;74;685;41.23;9.75
246501_22449_42131;39;;1938;762;762;101;661;39.32;13.25
246501_22450_42131;40;;2047;805;805;101;704;39.33;12.55
246501_22451_42131;41;;1007;415;415;51;364;41.21;12.29
246501_22452_42131;42;;1814;704;704;63;641;38.81;8.95
246501_22453_42131;43;;1281;453;453;53;400;35.36;11.70
246501_22454_42131;44;;1506;494;494;69;425;32.80;13.97
246501_22455_42131;45;;873;316;316;37;279;36.20;11.71
246501_22456_42131;46;;1856;794;794;77;717;42.78;9.70
246501_22457_42131;47;;2062;642;642;63;579;31.13;9.81
246501_22458_42131;48;;2301;803;803;105;698;34.90;13.08
246501_22459_42131;49;;1294;480;480;59;421;37.09;12.29
246501_22460_42131;50;;1812;829;829;96;733;45.75;11.58
246501_22461_42131;51;;865;339;339;90;249;39.19;26.55
246501_22462_42131;52;;1386;580;580;70;510;41.85;12.07
246501_22463_42131;53;;1739;786;786;71;715;45.20;9.03
246501_22464_42131;54;;771;324;324;29;295;42.02;8.95
246501_22465_42131;55;;2389;1191;1191;173;1018;49.85;14.53
246501_22466_42131;56;;1111;366;366;62;304;32.94;16.94
246501_22467_42131;57;;1528;431;432;65;366;28.21;15.08
246501_22468_42131;58;;1984;1036;1036;147;889;52.22;14.19
246501_22469_42131;59;;613;342;342;55;287;55.79;16.08
246501_22470_42131;60;;1021;578;578;79;499;56.61;13.67
246501_22471_42131;61;;1480;740;740;101;639;50.00;13.65
246501_22472_42131;62;;1801;656;656;39;617;36.42;5.95
246501_22473_42131;63;;2123;725;725;112;613;34.15;15.45
246501_22474_42131;64;;1306;540;540;25;515;41.35;4.63
246501_22475_42131;65;;1721;717;717;86;631;41.66;11.99
246501_22476_42131;66;;1195;465;465;78;387;38.91;16.77
246501_22477_42131;67;;1222;581;581;100;481;47.55;17.21
246501_30358_42131;13;;271;65;65;14;51;23.99;21.54
246501_30359_42131;33;;101;61;61;2;59;60.40;3.28
246601_22478_42128;1;;613;275;275;34;241;44.86;12.36
246601_22479_42128;2;;1362;517;517;83;434;37.96;16.05
246601_22480_42128;3;;997;224;224;41;183;22.47;18.30
246601_22481_42128;4;;1123;421;421;51;370;37.49;12.11
246601_22482_42128;5;;1169;323;323;47;276;27.63;14.55
246601_22483_42128;6;;1293;403;403;61;342;31.17;15.14
246601_22484_42128;7;;1236;448;448;71;377;36.25;15.85
246601_22485_42128;8;;1292;415;415;72;343;32.12;17.35
246601_22486_42128;9;;1304;533;533;42;491;40.87;7.88
246601_22487_42128;10;;1568;624;624;62;562;39.80;9.94
246601_22488_42128;11;;1675;511;511;55;456;30.51;10.76
246601_22489_42128;12;;1643;697;697;60;637;42.42;8.61
246601_22490_42128;13;;1738;759;759;53;706;43.67;6.98
246601_22491_42128;14;;1665;714;714;39;675;42.88;5.46
246601_22492_42128;15;;1372;561;561;100;461;40.89;17.83
246601_22493_42128;16;;1316;557;557;65;492;42.33;11.67
246601_22494_42128;17;;1500;514;514;63;451;34.27;12.26
246601_22495_42128;18;;913;411;411;25;386;45.02;6.08
246601_22496_42128;19;;1606;634;634;47;587;39.48;7.41
246601_22497_42128;20;;1814;744;744;66;678;41.01;8.87
246601_22498_42128;21;;1531;671;671;57;614;43.83;8.49
246601_22499_42128;22;;1436;581;581;56;525;40.46;9.64
246601_22500_42128;23;;1696;760;760;57;703;44.81;7.50
246601_22501_42128;24;;1324;666;666;58;608;50.30;8.71
246601_22502_42128;25;;1401;661;661;56;605;47.18;8.47
246601_22503_42128;26;;1455;714;714;57;657;49.07;7.98
246601_22504_42128;27;;1476;680;680;56;624;46.07;8.24
246601_22505_42128;28;;1307;674;674;46;628;51.57;6.82
246601_22506_42128;29;;1317;555;555;46;509;42.14;8.29
246601_22507_42128;30;;1105;459;459;41;418;41.54;8.93
246601_22508_42128;31;;1105;431;431;32;399;39.00;7.42
246601_22509_42128;32;;952;416;416;69;347;43.70;16.59
246601_22510_42128;33;;994;335;335;32;303;33.70;9.55
246601_22511_42128;34;;1321;340;340;70;270;25.74;20.59
246601_22512_42128;35;;1353;324;325;32;292;23.95;9.88
246601_22513_42128;36;;1267;307;307;35;272;24.23;11.40
246601_22514_42128;37;;1042;445;445;39;406;42.71;8.76
246601_22515_42128;38;;1243;302;302;27;275;24.30;8.94
246601_22516_42128;39;;1687;731;731;60;671;43.33;8.21
246601_22517_42128;40;;1699;621;621;81;540;36.55;13.04
246601_22518_42128;41;;1590;638;638;75;563;40.13;11.76
246601_22519_42128;42;;1684;596;596;75;521;35.39;12.58
246601_22520_42128;43;;1649;590;590;70;520;35.78;11.86
246601_22521_42128;44;;1617;599;599;59;540;37.04;9.85
246601_22522_42128;45;;1523;491;491;51;440;32.24;10.39
246601_22523_42128;46;;1495;528;528;67;461;35.32;12.69
246601_22524_42128;47;;1345;479;479;37;442;35.61;7.72
246601_22525_42128;48;;1149;433;433;48;385;37.68;11.09
246601_22526_42128;49;;1603;684;684;70;614;42.67;10.23
246601_22527_42128;50;;1264;416;416;36;380;32.91;8.65
246601_22528_42128;51;;1078;377;377;34;343;34.97;9.02
246601_22529_42128;52;;1181;434;434;35;399;36.75;8.06
246601_22530_42128;53;;1316;494;494;44;450;37.54;8.91
246601_22531_42128;54;;1387;524;524;30;494;37.78;5.73
246601_22532_42128;55;;1233;455;455;29;426;36.90;6.37
246601_22533_42128;56;;1439;598;598;42;556;41.56;7.02
246601_22534_42128;57;;1684;483;483;67;416;28.68;13.87
246601_22535_42128;58;;1733;538;538;158;380;31.04;29.37
246601_22536_42128;59;;1865;606;606;86;520;32.49;14.19
246601_22537_42128;60;;1639;319;319;53;266;19.46;16.61
246601_22538_42128;61;;805;215;215;32;183;26.71;14.88
246601_22539_42128;62;;1275;405;405;39;366;31.76;9.63
246601_22540_42128;63;;1285;372;372;39;333;28.95;10.48
246601_22541_42128;64;;1579;528;528;82;446;33.44;15.53
246601_22542_42128;65;;1617;596;596;77;519;36.86;12.92
246601_22543_42128;66;;1417;496;496;75;421;35.00;15.12
246601_22544_42128;67;;1071;370;370;41;329;34.55;11.08
246601_22545_42128;68;;1682;678;678;96;582;40.31;14.16
246601_22546_42128;69;;1595;389;389;68;321;24.39;17.48
246601_22547_42128;70;;672;221;221;24;197;32.89;10.86
246601_22548_42128;71;;1238;383;383;60;323;30.94;15.67
246601_22549_42128;72;;1400;368;368;45;323;26.29;12.23
246601_22550_42128;73;;823;287;287;19;268;34.87;6.62
246601_22551_42128;74;;917;301;301;43;258;32.82;14.29
246601_22552_42128;75;;765;285;285;18;267;37.25;6.32
246601_22553_42128;76;;801;330;330;23;307;41.20;6.97
246601_22554_42128;77;;1088;458;458;80;378;42.10;17.47
246601_22555_42128;78;;1163;480;480;58;422;41.27;12.08
246601_22556_42128;79;;983;404;404;61;343;41.10;15.10
246601_22557_42128;80;;1167;409;409;37;372;35.05;9.05
246601_22558_42128;81;;1223;356;356;45;311;29.11;12.64
246601_22559_42128;82;;979;348;348;40;308;35.55;11.49
246601_22560_42128;83;;932;361;361;28;333;38.73;7.76
246601_22561_42128;84;;1745;743;743;40;703;42.58;5.38
246601_22562_42128;85;;1881;914;914;60;854;48.59;6.56
246601_22563_42128;86;;1664;773;773;43;730;46.45;5.56
246601_22564_42128;87;;1685;660;660;61;599;39.17;9.24
246601_22565_42128;88;;1440;612;612;45;567;42.50;7.35
246601_22566_42128;89;;820;411;411;39;372;50.12;9.49
246601_22567_42128;90;;879;394;394;24;370;44.82;6.09
246601_22568_42128;91;;1306;417;417;22;395;31.93;5.28
246601_22569_42128;92;;1432;579;579;37;542;40.43;6.39
246601_22570_42128;93;;1192;340;340;57;283;28.52;16.76
246601_22571_42128;94;;1401;491;491;40;451;35.05;8.15
246601_22572_42128;95;;908;330;330;41;289;36.34;12.42
246601_22573_42128;96;;1592;423;423;42;381;26.57;9.93
246601_22574_42128;97;;835;223;223;27;196;26.71;12.11
246601_22575_42128;98;;1115;407;407;41;366;36.50;10.07
246601_22576_42128;99;;1228;466;466;40;426;37.95;8.58
246601_22577_42128;100;;1398;516;516;41;475;36.91;7.95
246601_22578_42128;101;;1121;438;438;37;401;39.07;8.45
246601_22579_42128;102;;1652;699;699;78;621;42.31;11.16
246601_22580_42128;103;;1179;510;510;32;478;43.26;6.27
246601_22581_42128;104;;1074;340;340;21;319;31.66;6.18
246601_22582_42128;105;;1432;580;580;47;533;40.50;8.10
246601_22583_42128;106;;1515;641;641;35;606;42.31;5.46
246601_22584_42128;107;;1672;611;611;75;536;36.54;12.27
246601_22585_42128;108;;1323;549;549;80;469;41.50;14.57
246601_22586_42128;109;;1333;498;498;56;442;37.36;11.24
246601_22587_42128;110;;1362;541;541;42;499;39.72;7.76
246601_30360_42128;111;;34;7;7;0;7;20.59;0.00
246601_30361_42128;112;;96;14;14;2;12;14.58;14.29
246601_30362_42128;113;;68;25;25;2;23;36.76;8.00
246601_30363_42128;114;;64;28;28;1;27;43.75;3.57
246601_30364_42128;115;;54;3;3;0;3;5.56;0.00
246601_30365_42128;116;;24;12;12;0;12;50.00;0.00
246601_30366_42128;117;;148;9;9;1;8;6.08;11.11
246601_30367_42128;118;;54;29;29;2;27;53.70;6.90
246601_30368_42128;119;;115;64;64;17;47;55.65;26.56
246601_30369_42128;120;;342;138;138;34;104;40.35;24.64
246701_22598_42127;1;;2076;888;888;114;774;42.77;12.84
246701_22599_42127;2;;2240;909;909;145;764;40.58;15.95
246701_22600_42127;3;;2064;600;600;74;526;29.07;12.33
246701_22601_42127;4;;1347;716;716;77;639;53.16;10.75
246701_22602_42127;5;;1377;674;674;63;611;48.95;9.35
246701_22603_42127;6;;1884;790;790;112;678;41.93;14.18
246701_22604_42127;7;;1570;549;549;69;480;34.97;12.57
246701_22605_42127;8;;1928;1145;1145;202;943;59.39;17.64
246701_22606_42127;9;;1101;548;548;90;458;49.77;16.42
246701_22607_42127;10;;1663;731;731;74;657;43.96;10.12
246701_22608_42127;11;;1672;806;806;78;728;48.21;9.68
246701_22609_42127;12;;2303;946;946;90;856;41.08;9.51
246701_22610_42127;13;;2266;1036;1036;78;958;45.72;7.53
246701_22611_42127;14;;1666;608;608;73;535;36.49;12.01
246701_22612_42127;15;;1717;493;493;89;404;28.71;18.05
246701_22613_42127;16;;1174;559;559;76;483;47.61;13.60
246701_22614_42127;17;;2210;812;812;88;724;36.74;10.84
246701_22615_42127;18;;1958;911;911;87;824;46.53;9.55
246701_22616_42127;19;;1874;789;789;78;711;42.10;9.89
246701_22617_42127;20;;1950;802;802;119;683;41.13;14.84
246701_22618_42127;21;;2135;824;824;77;747;38.59;9.34
246701_22619_42127;22;;1910;750;750;98;652;39.27;13.07
246701_22620_42127;23;;2218;959;959;103;856;43.24;10.74
246701_22621_42127;24;;2040;879;879;95;784;43.09;10.81
246701_22622_42127;25;;1741;735;735;76;659;42.22;10.34
246701_22623_42127;26;;1563;653;653;79;574;41.78;12.10
246701_22624_42127;27;;1370;617;617;75;542;45.04;12.16
246701_22625_42127;28;;1655;767;767;114;653;46.34;14.86
246701_22626_42127;29;;1859;731;731;94;637;39.32;12.86
246701_22627_42127;30;;1792;719;719;86;633;40.12;11.96
246701_22628_42127;31;;1479;629;629;65;564;42.53;10.33
246701_22629_42127;32;;1700;652;652;66;586;38.35;10.12
246701_22630_42127;33;;1808;691;691;90;601;38.22;13.02
246701_22631_42127;34;;1552;629;629;78;551;40.53;12.40
246701_22632_42127;35;;1896;773;773;88;685;40.77;11.38
246701_22633_42127;36;;1424;574;574;67;507;40.31;11.67
246701_22634_42127;37;;1533;642;642;82;560;41.88;12.77
246701_22635_42127;38;;1612;638;638;63;575;39.58;9.87
246701_22636_42127;39;;2179;868;868;111;757;39.83;12.79
246701_22637_42127;40;;2253;1005;1005;118;887;44.61;11.74
246701_30370_42127;41;;701;42;42;10;32;5.99;23.81
246701_30371_42127;42;;79;36;36;3;33;45.57;8.33
246701_30372_42127;43;;77;21;21;0;21;27.27;0.00
246701_30373_42127;44;;38;20;20;2;18;52.63;10.00
246701_30374_42127;45;;26;26;26;6;20;100.00;23.08
246801_22638_42131;1;;1544;755;755;79;676;48.90;10.46
246801_22639_42131;2;;1536;703;703;59;644;45.77;8.39
246801_22640_42131;3;;1725;536;536;77;459;31.07;14.37
246801_22641_42131;4;;1793;756;756;106;650;42.16;14.02
246801_22642_42131;5;;1909;597;597;112;485;31.27;18.76
246801_22643_42131;6;;1558;477;477;74;403;30.62;15.51
246801_22644_42131;7;;1506;631;631;67;564;41.90;10.62
246801_22645_42131;8;;1541;634;634;71;563;41.14;11.20
246801_22646_42131;9;;1998;838;838;112;726;41.94;13.37
246801_22647_42131;10;;1930;789;789;118;671;40.88;14.96
246801_22648_42131;11;;1937;677;677;78;599;34.95;11.52
246801_22649_42131;12;;2032;806;806;217;589;39.67;26.92
246801_22650_42131;13;;1857;706;706;87;619;38.02;12.32
246801_22651_42131;14;;677;257;257;36;221;37.96;14.01
246801_22652_42131;15;;1654;595;595;131;464;35.97;22.02
246801_22653_42131;16;;1564;650;650;113;537;41.56;17.38
246801_22654_42131;17;;1879;809;809;105;704;43.05;12.98
246801_22655_42131;18;;2272;989;990;107;882;43.53;10.82
246801_22656_42131;19;;2133;992;992;127;865;46.51;12.80
246801_22657_42131;20;;1332;589;589;79;510;44.22;13.41
246801_22658_42131;21;;2016;833;833;100;733;41.32;12.00
246801_22659_42131;22;;1576;526;526;101;425;33.38;19.20
246801_22660_42131;23;;1883;788;788;87;701;41.85;11.04
246801_22661_42131;24;;1511;779;779;117;662;51.56;15.02
246801_22662_42131;25;;1100;538;539;104;434;48.91;19.33
246801_22663_42131;26;;1539;518;518;65;453;33.66;12.55
246801_22664_42131;27;;1771;660;660;81;579;37.27;12.27
246801_22665_42131;28;;1707;615;615;71;544;36.03;11.54
246801_22666_42131;29;;1863;759;759;96;663;40.74;12.65
246801_22667_42131;30;;1998;969;969;94;875;48.50;9.70
246801_22668_42131;31;;505;126;126;14;112;24.95;11.11
246801_22669_42131;32;;2214;1053;1053;88;965;47.56;8.36
246801_22670_42131;33;;1874;854;854;102;752;45.57;11.94
246801_22671_42131;34;;2176;1038;1038;155;883;47.70;14.93
246801_22672_42131;35;;2066;908;910;207;701;43.95;22.80
246801_22673_42131;36;;1705;810;810;124;686;47.51;15.31
246801_22674_42131;37;;1620;876;876;143;733;54.07;16.32
246801_22675_42131;38;;2104;1051;1051;145;906;49.95;13.80
246801_22676_42131;39;;2365;1257;1257;152;1105;53.15;12.09
246801_22677_42131;40;;1674;782;782;89;693;46.71;11.38
246801_22678_42131;41;;2042;960;960;148;812;47.01;15.42
246801_22679_42131;42;;975;478;478;48;430;49.03;10.04
246801_22680_42131;43;;1738;549;549;68;481;31.59;12.39
246801_22681_42131;44;;1226;542;542;48;494;44.21;8.86
246801_30375_42131;45;;92;46;46;9;37;50.00;19.57
246801_30376_42131;46;;178;65;65;14;51;36.52;21.54
246901_22682_42126;1;;2024;927;929;144;783;45.80;15.53
246901_22683_42126;2;;2005;1020;1020;42;978;50.87;4.12
246901_22684_42126;3;;2020;921;921;66;855;45.59;7.17
246901_22685_42126;4;;1729;690;690;70;620;39.91;10.14
246901_22686_42126;5;;1334;681;681;51;630;51.05;7.49
246901_22687_42126;6;;1941;941;941;95;846;48.48;10.10
246901_22688_42126;7;;2167;743;743;62;681;34.29;8.34
246901_22689_42126;8;;2189;825;825;65;760;37.69;7.88
246901_22690_42126;9;;2092;821;823;79;742;39.24;9.62
246901_22691_42126;10;;1805;590;590;59;531;32.69;10.00
246901_22692_42126;11;;987;442;442;36;406;44.78;8.14
246901_22693_42126;12;;1536;664;664;69;595;43.23;10.39
246901_22694_42126;13;;1487;689;689;80;609;46.33;11.61
246901_22695_42126;14;;984;404;404;30;374;41.06;7.43
246901_22696_42126;15;;1768;822;822;67;755;46.49;8.15
246901_22697_42126;16;;1309;594;594;53;541;45.38;8.92
246901_22698_42126;17;;1924;906;907;70;836;47.09;7.73
246901_22699_42126;18;;1260;564;564;51;513;44.76;9.04
246901_22700_42126;19;;1532;742;742;50;692;48.43;6.74
246901_22701_42126;20;;1947;757;757;77;680;38.88;10.17
246901_22702_42126;21;;1921;905;905;71;834;47.11;7.85
246901_22703_42126;22;;2139;927;927;82;845;43.34;8.85
246901_22704_42126;23;;2027;857;857;78;779;42.28;9.10
246901_22705_42126;24;;2144;869;972;0;869;40.53;0.00
246901_22706_42126;25;;1978;859;859;74;785;43.43;8.61
246901_22707_42126;26;;1856;998;998;67;931;53.77;6.71
246901_22708_42126;27;;2322;1104;1105;93;1011;47.55;8.42
246901_22709_42126;28;;2350;1167;1167;137;1030;49.66;11.74
246901_22710_42126;29;;983;318;318;51;267;32.35;16.04
246901_22711_42126;30;;1489;484;484;48;436;32.51;9.92
246901_22712_42126;31;;2256;1031;1031;93;938;45.70;9.02
246901_22713_42126;32;;2397;1208;1208;224;984;50.40;18.54
246901_22714_42126;33;;1606;762;762;86;676;47.45;11.29
246901_22715_42126;34;;1471;533;533;45;488;36.23;8.44
246901_22717_42126;36;;2268;841;841;57;784;37.08;6.78
246901_22718_42126;37;;1066;332;332;36;296;31.14;10.84
246901_22719_42126;38;;945;373;373;56;317;39.47;15.01
246901_22720_42126;39;;1454;415;415;45;370;28.54;10.84
246901_22721_42126;40;;1556;567;567;55;512;36.44;9.70
246901_22722_42126;41;;1032;230;230;28;202;22.29;12.17
246901_22723_42126;42;;1626;557;557;50;507;34.26;8.98
246901_22724_42126;43;;2015;543;543;76;467;26.95;14.00
246901_22725_42126;44;;1353;293;293;38;255;21.66;12.97
246901_22726_42126;45;;1219;217;217;24;193;17.80;11.06
246901_22727_42126;46;;1665;359;359;48;311;21.56;13.37
246901_22728_42126;47;;2020;493;493;54;439;24.41;10.95
246901_22729_42126;48;;1651;593;593;86;507;35.92;14.50
246901_22730_42126;49;;1469;455;455;51;404;30.97;11.21
246901_22731_42126;50;;1398;384;384;41;343;27.47;10.68
246901_22732_42126;51;;1933;634;634;64;570;32.80;10.09
246901_22733_42126;52;;1937;711;711;84;627;36.71;11.81
246901_22734_42126;53;;1867;677;677;85;592;36.26;12.56
246901_22735_42126;54;;1860;709;709;71;638;38.12;10.01
246901_22736_42126;55;;1992;725;725;142;583;36.40;19.59
246901_22737_42126;56;;2020;785;785;98;687;38.86;12.48
246901_22738_42126;57;;1295;485;485;48;437;37.45;9.90
246901_22739_42126;58;;1458;531;604;0;531;36.42;0.00
246901_22740_42126;59;;1871;641;642;56;585;34.26;8.74
246901_22741_42126;60;;1877;1092;1092;66;1026;58.18;6.04
246901_22742_42126;61;;485;206;206;16;190;42.47;7.77
246901_22743_42126;62;;1611;932;932;40;892;57.85;4.29
246901_22744_42126;63;;1671;783;783;47;736;46.86;6.00
246901_22745_42126;64;;1066;348;348;33;315;32.65;9.48
246901_22746_42126;65;;1215;582;582;51;531;47.90;8.76
246901_22747_42126;66;;597;165;165;10;155;27.64;6.06
246901_22748_42126;67;;801;201;201;16;185;25.09;7.96
246901_22749_42126;68;;1127;367;367;34;333;32.56;9.26
246901_22750_42126;69;;1213;323;323;26;297;26.63;8.05
246901_22751_42126;70;;1538;685;685;32;653;44.54;4.67
246901_22752_42126;71;;1616;570;570;36;534;35.27;6.32
246901_22753_42126;72;;1621;605;605;53;552;37.32;8.76
246901_22754_42126;73;;2091;814;814;72;742;38.93;8.85
246901_22755_42126;74;;1551;408;408;52;356;26.31;12.75
246901_22756_42126;75;;1152;546;546;26;520;47.40;4.76
246901_22757_42126;76;;1748;822;822;35;787;47.03;4.26
246901_22758_42126;77;;1607;555;555;76;479;34.54;13.69
246901_22759_42126;78;;1288;452;452;32;420;35.09;7.08
246901_22760_42126;79;;1595;562;562;43;519;35.24;7.65
246901_22761_42126;80;;1227;490;490;53;437;39.93;10.82
246901_22762_42126;81;;1178;267;267;16;251;22.67;5.99
246901_22763_42126;82;;1703;666;666;58;608;39.11;8.71
246901_22764_42126;83;;1700;899;899;45;854;52.88;5.01
246901_22765_42126;84;;1904;861;861;47;814;45.22;5.46
246901_22766_42126;85;;1896;871;871;66;805;45.94;7.58
246901_22767_42126;86;;1935;736;736;74;662;38.04;10.05
246901_22768_42126;87;;1594;736;736;64;672;46.17;8.70
246901_22769_42126;88;;1947;829;829;67;762;42.58;8.08
246901_22770_42126;89;;1712;729;729;70;659;42.58;9.60
246901_22771_42126;90;;1594;594;594;42;552;37.26;7.07
246901_22772_42126;91;;1262;486;486;51;435;38.51;10.49
246901_22773_42126;92;;1690;682;682;41;641;40.36;6.01
246901_22774_42126;93;;1458;696;696;37;659;47.74;5.32
246901_22775_42126;94;;2065;951;951;63;888;46.05;6.62
246901_22776_42126;95;;1613;721;721;70;651;44.70;9.71
246901_22777_42126;96;;1749;760;760;55;705;43.45;7.24
246901_22778_42126;97;;1896;826;826;54;772;43.57;6.54
246901_22779_42126;98;;1711;328;328;34;294;19.17;10.37
246901_22780_42126;99;;1964;555;555;42;513;28.26;7.57
246901_22781_42126;100;;1578;436;436;50;386;27.63;11.47
246901_22782_42126;101;;1539;370;370;42;328;24.04;11.35
246901_22783_42126;102;;1353;463;463;57;406;34.22;12.31
246901_22784_42126;103;;1964;594;594;60;534;30.24;10.10
246901_22785_42126;104;;1688;693;693;42;651;41.05;6.06
246901_22786_42126;105;;1058;360;360;24;336;34.03;6.67
246901_22787_42126;106;;1535;547;547;36;511;35.64;6.58
246901_22788_42126;107;;1591;599;599;59;540;37.65;9.85
246901_22789_42126;108;;1548;543;543;42;501;35.08;7.73
246901_22790_42126;109;;1803;735;735;61;674;40.77;8.30
246901_22791_42126;110;;1910;720;720;50;670;37.70;6.94
246901_22792_42126;111;;1848;804;804;71;733;43.51;8.83
246901_22793_42126;112;;1861;736;736;56;680;39.55;7.61
246901_22794_42126;113;;1864;798;798;163;635;42.81;20.43
246901_22795_42126;114;;1141;519;519;34;485;45.49;6.55
246901_22796_42126;115;;2045;976;976;50;926;47.73;5.12
246901_22797_42126;116;;1937;892;892;61;831;46.05;6.84
246901_22798_42126;117;;2216;788;788;66;722;35.56;8.38
246901_22799_42126;118;;1747;638;638;89;549;36.52;13.95
246901_22800_42126;119;;1716;702;704;63;639;40.91;8.97
246901_22801_42126;120;;2158;750;750;58;692;34.75;7.73
246901_22802_42126;121;;1863;757;757;56;701;40.63;7.40
246901_22803_42126;122;;1757;794;794;58;736;45.19;7.30
246901_22804_42126;123;;1604;617;617;58;559;38.47;9.40
246901_22805_42126;124;;1823;563;563;50;513;30.88;8.88
246901_22806_42126;125;;1594;618;618;56;562;38.77;9.06
246901_22807_42126;126;;1588;667;667;39;628;42.00;5.85
246901_22808_42126;127;;1727;685;685;78;607;39.66;11.39
246901_22809_42126;128;;1191;450;450;29;421;37.78;6.44
246901_22810_42126;129;;1262;559;559;40;519;44.29;7.16
246901_22811_42126;130;;2054;858;858;68;790;41.77;7.93
246901_22812_42126;131;;1870;719;720;63;656;38.45;8.76
246901_22813_42126;132;;1416;750;750;63;687;52.97;8.40
246901_22814_42126;133;;1368;421;421;39;382;30.77;9.26
246901_22815_42126;134;;1346;611;611;61;550;45.39;9.98
246901_22816_42126;135;;2124;929;929;81;848;43.74;8.72
246901_22817_42126;136;;2068;742;742;75;667;35.88;10.11
246901_22818_42126;137;;1543;399;399;44;355;25.86;11.03
246901_22819_42126;138;;1779;758;758;63;695;42.61;8.31
246901_22820_42126;139;;2020;973;973;70;903;48.17;7.19
246901_22821_42126;140;;1390;670;670;48;622;48.20;7.16
246901_22822_42126;141;;1123;540;540;56;484;48.09;10.37
246901_22823_42126;142;;1433;285;285;25;260;19.89;8.77
246901_22824_42126;143;;2371;935;936;84;851;39.43;8.98
246901_22825_42126;144;;1443;364;365;35;329;25.23;9.62
246901_22826_42126;145;;1258;498;498;36;462;39.59;7.23
246901_22827_42126;146;;1248;564;564;62;502;45.19;10.99
246901_30377_42126;147;;77;36;36;8;28;46.75;22.22
246901_30378_42126;148;;93;36;36;4;32;38.71;11.11
246901_30379_42126;149;;58;43;43;5;38;74.14;11.63
246901_30380_42126;150;;50;12;12;3;9;24.00;25.00
246901_30381_42126;151;;26;16;16;1;15;61.54;6.25
246901_30382_42126;152;;44;29;29;1;28;65.91;3.45
246901_30383_42126;153;;30;19;19;2;17;63.33;10.53
246901_30384_42126;154;;275;55;55;1;54;20.00;1.82
246901_30385_42126;155;;39;22;22;1;21;56.41;4.55
246901_30386_42126;156;;320;42;42;6;36;13.12;14.29
246901_30387_42126;157;;322;44;44;3;41;13.66;6.82
246901_30388_42126;158;;201;19;19;0;19;9.45;0.00
246901_30389_42126;159;;193;19;19;4;15;9.84;21.05
246901_30390_42126;160;;100;39;39;4;35;39.00;10.26
246901_30391_42126;161;;60;19;19;1;18;31.67;5.26
246901_30392_42126;162;;51;12;12;2;10;23.53;16.67
246901_30393_42126;163;;24;7;8;1;6;29.17;14.29
246901_30394_42126;164;;20;8;8;0;8;40.00;0.00
246901_30395_42126;165;;23;10;10;0;10;43.48;0.00
246901_30396_42126;166;;22;5;5;1;4;22.73;20.00
246901_30397_42126;167;;215;131;131;22;109;60.93;16.79
247001_22828_42126;1;;1541;557;557;98;459;36.15;17.59
247001_22829_42126;2;;1371;526;526;83;443;38.37;15.78
247001_22830_42126;3;;1609;592;592;102;490;36.79;17.23
247001_22831_42126;4;;1304;524;524;66;458;40.18;12.60
247001_22832_42126;5;;1439;657;657;89;568;45.66;13.55
247001_22833_42126;6;;1974;780;780;100;680;39.51;12.82
247001_22834_42126;7;;1888;808;808;113;695;42.80;13.99
247001_22835_42126;8;;1535;572;572;97;475;37.26;16.96
247001_22836_42126;9;;1028;359;359;48;311;34.92;13.37
247001_22837_42126;10;;1809;912;912;124;788;50.41;13.60
247001_22838_42126;11;;1495;734;734;89;645;49.10;12.13
247001_22839_42126;12;;1887;1022;1022;111;911;54.16;10.86
247001_22840_42126;13;;2242;1050;1050;82;968;46.83;7.81
247001_22841_42126;14;;1976;879;879;122;757;44.48;13.88
247001_22842_42126;15;;1938;978;979;126;852;50.46;12.88
247001_22843_42126;16;;975;533;533;34;499;54.67;6.38
247001_22844_42126;17;;1429;698;698;77;621;48.85;11.03
247001_22845_42126;18;;1754;815;815;117;698;46.47;14.36
247001_22846_42126;19;;1912;690;690;79;611;36.09;11.45
247001_22847_42126;20;;554;254;254;18;236;45.85;7.09
247001_22848_42126;21;;969;537;537;63;474;55.42;11.73
247001_22849_42126;22;;1675;805;805;108;697;48.06;13.42
247001_22850_42126;23;;1629;797;797;78;719;48.93;9.79
247001_22851_42126;24;;1464;689;689;76;613;47.06;11.03
247001_22852_42126;25;;1830;940;940;120;820;51.37;12.77
247001_22853_42126;26;;2263;1210;1210;192;1018;53.47;15.87
247001_22854_42126;27;;1712;728;728;117;611;42.52;16.07
247001_22855_42126;28;;2035;1042;1044;137;905;51.20;13.15
247001_22856_42126;29;;1455;785;785;77;708;53.95;9.81
247001_22857_42126;30;;1449;803;803;71;732;55.42;8.84
247001_22858_42126;31;;1135;535;535;78;457;47.14;14.58
247001_22859_42126;32;;1073;584;584;65;519;54.43;11.13
247001_22860_42126;33;;1875;1036;1036;99;937;55.25;9.56
247001_22861_42126;34;;2330;958;958;143;815;41.12;14.93
247001_22862_42126;35;;775;424;424;54;370;54.71;12.74
247001_22863_42126;36;;987;383;383;66;317;38.80;17.23
247001_22864_42126;37;;1025;419;419;48;371;40.88;11.46
247001_22865_42126;38;;1424;762;762;82;680;53.51;10.76
247001_30398_42126;39;;18;12;12;1;11;66.67;8.33
247001_30399_42126;40;;60;21;21;3;18;35.00;14.29
247001_30400_42126;41;;280;76;76;20;56;27.14;26.32
247101_22866_42129;1;;1352;629;629;96;533;46.52;15.26
247101_22867_42129;2;;1148;589;589;74;515;51.31;12.56
247101_22868_42129;3;;1854;715;715;115;600;38.57;16.08
247101_22869_42129;4;;2212;1034;1034;109;925;46.75;10.54
247101_22870_42129;5;;1977;818;818;105;713;41.38;12.84
247101_22871_42129;6;;1317;486;486;95;391;36.90;19.55
247101_22872_42129;7;;1296;577;577;86;491;44.52;14.90
247101_22873_42129;8;;1472;757;757;73;684;51.43;9.64
247101_22874_42129;9;;1529;688;688;126;562;45.00;18.31
247101_22875_42129;10;;1544;599;599;93;506;38.80;15.53
247101_22876_42129;11;;1782;889;889;128;761;49.89;14.40
247101_22877_42129;12;;1830;869;869;95;774;47.49;10.93
247101_22878_42129;13;;1983;919;919;123;796;46.34;13.38
247101_22879_42129;15;;2011;1119;1119;151;968;55.64;13.49
247101_22880_42129;16;;1926;872;872;127;745;45.28;14.56
247101_22881_42129;18;;1568;647;647;107;540;41.26;16.54
247101_22882_42129;20;;1222;383;383;68;315;31.34;17.75
247101_22883_42129;21;;1446;641;641;94;547;44.33;14.66
247101_22884_42129;22;;1566;720;720;69;651;45.98;9.58
247101_22885_42129;23;;1520;752;752;130;622;49.47;17.29
247101_22886_42129;24;;1202;618;618;62;556;51.41;10.03
247101_22887_42129;25;;1266;616;616;186;430;48.66;30.19
247101_22888_42129;26;;1537;760;760;93;667;49.45;12.24
247101_22889_42129;27;;1644;823;823;83;740;50.06;10.09
247101_22890_42129;28;;1934;826;828;119;707;42.71;14.41
247101_22891_42129;29;;1652;695;695;120;575;42.07;17.27
247101_22892_42129;31;;1447;839;839;100;739;57.98;11.92
247101_22893_42129;32;;1822;1027;1027;150;877;56.37;14.61
247101_30401_42129;14;;69;18;18;0;18;26.09;0.00
247101_30402_42129;17;;111;30;30;3;27;27.03;10.00
247101_30403_42129;19;;80;38;38;8;30;47.50;21.05
247101_30404_42129;30;;98;67;67;11;56;68.37;16.42
247201_22894_42129;1;;1550;367;367;83;284;23.68;22.62
247201_22895_42129;2;;1186;305;305;50;255;25.72;16.39
247201_22896_42129;3;;1284;524;524;50;474;40.81;9.54
247201_22897_42129;4;;1192;415;415;66;349;34.82;15.90
247201_22898_42129;5;;1070;389;389;48;341;36.36;12.34
247201_22899_42129;6;;1096;396;396;47;349;36.13;11.87
247201_22900_42129;7;;1663;435;435;61;374;26.16;14.02
247201_22901_42129;8;;637;244;244;35;209;38.30;14.34
247201_22902_42129;9;;1602;706;706;97;609;44.07;13.74
247201_22903_42129;10;;737;295;295;38;257;40.03;12.88
247201_22904_42129;11;;1890;754;754;102;652;39.89;13.53
247201_22905_42129;12;;1756;620;620;85;535;35.31;13.71
247201_22906_42129;13;;1083;447;447;53;394;41.27;11.86
247201_22907_42129;14;;1273;497;497;41;456;39.04;8.25
247201_22908_42129;15;;1901;497;497;72;425;26.14;14.49
247201_22909_42129;16;;1553;572;577;75;497;36.83;13.11
247201_22910_42129;17;;1662;789;796;65;724;47.47;8.24
247201_22911_42129;18;;1355;637;637;88;549;47.01;13.81
247201_22912_42129;19;;1058;488;488;64;424;46.12;13.11
247201_22913_42129;20;;1621;629;629;82;547;38.80;13.04
247201_22914_42129;21;;1677;728;728;80;648;43.41;10.99
247201_22915_42129;22;;1846;840;840;132;708;45.50;15.71
247201_22916_42129;23;;1464;538;538;69;469;36.75;12.83
247201_22917_42129;24;;1309;559;559;61;498;42.70;10.91
247201_22918_42129;25;;744;209;209;37;172;28.09;17.70
247201_22919_42129;26;;1970;508;508;85;423;25.79;16.73
247201_22920_42129;27;;1266;503;503;56;447;39.73;11.13
247201_22921_42129;28;;2018;755;755;113;642;37.41;14.97
247201_22922_42129;29;;1759;565;565;76;489;32.12;13.45
247201_22923_42129;30;;1032;499;499;46;453;48.35;9.22
247201_22924_42129;31;;1086;469;469;64;405;43.19;13.65
247201_22925_42129;32;;1884;686;686;109;577;36.41;15.89
247201_22926_42129;33;;1250;504;504;70;434;40.32;13.89
247201_22927_42129;34;;1415;489;489;66;423;34.56;13.50
247201_22928_42129;35;;573;218;218;31;187;38.05;14.22
247201_22929_42129;36;;1521;623;623;74;549;40.96;11.88
247201_22930_42129;37;;1575;586;586;61;525;37.21;10.41
247201_22931_42129;38;;1476;468;468;78;390;31.71;16.67
247201_22932_42129;39;;1622;733;733;82;651;45.19;11.19
247201_22933_42129;40;;1013;354;354;26;328;34.95;7.34
247201_22934_42129;41;;1211;413;413;48;365;34.10;11.62
247201_22935_42129;42;;871;165;165;25;140;18.94;15.15
247201_22936_42129;43;;1073;499;499;43;456;46.51;8.62
247201_22937_42129;44;;1497;528;528;71;457;35.27;13.45
247201_22938_42129;45;;1901;777;777;70;707;40.87;9.01
247201_22939_42129;46;;1593;598;600;55;543;37.54;9.20
247201_22940_42129;47;;1600;590;590;58;532;36.88;9.83
247201_22941_42129;48;;1421;543;543;57;486;38.21;10.50
247201_22942_42129;49;;1484;646;650;80;566;43.53;12.38
247201_22943_42129;50;;1339;559;559;69;490;41.75;12.34
247201_22944_42129;51;;2181;820;820;94;726;37.60;11.46
247201_22945_42129;52;;1511;494;494;77;417;32.69;15.59
247201_22946_42129;53;;1055;373;373;60;313;35.36;16.09
247201_22947_42129;54;;1615;646;646;49;597;40.00;7.59
247201_22948_42129;55;;1567;640;640;82;558;40.84;12.81
247201_22949_42129;56;;1558;678;678;72;606;43.52;10.62
247201_22950_42129;57;;1515;628;628;72;556;41.45;11.46
247201_22951_42129;58;;2067;652;652;51;601;31.54;7.82
247201_22952_42129;59;;1732;700;700;66;634;40.42;9.43
247201_22953_42129;60;;1569;704;704;55;649;44.87;7.81
247201_22954_42129;61;;1385;561;561;75;486;40.51;13.37
247201_22955_42129;62;;1485;560;560;54;506;37.71;9.64
247201_22956_42129;63;;1957;643;643;60;583;32.86;9.33
247201_22957_42129;64;;2208;1020;1020;109;911;46.20;10.69
247201_22958_42129;65;;2083;927;927;93;834;44.50;10.03
247201_22959_42129;66;;1687;637;637;80;557;37.76;12.56
247201_22960_42129;67;;1930;800;800;102;698;41.45;12.75
247201_22961_42129;68;;1849;981;981;89;892;53.06;9.07
247201_22962_42129;69;;1955;833;833;83;750;42.61;9.96
247201_22963_42129;70;;1807;748;748;87;661;41.39;11.63
247201_22964_42129;71;;1847;657;657;104;553;35.57;15.83
247201_22965_42129;72;;1982;811;811;100;711;40.92;12.33
247201_22966_42129;73;;1439;612;612;74;538;42.53;12.09
247201_22967_42129;74;;1661;711;711;88;623;42.81;12.38
247201_30405_42129;75;;79;34;34;10;24;43.04;29.41
247201_30406_42129;76;;84;43;43;8;35;51.19;18.60
247201_30407_42129;77;;43;25;25;5;20;58.14;20.00
247201_30408_42129;78;;141;57;57;25;32;40.43;43.86
247201_30409_42129;79;;74;53;53;18;35;71.62;33.96
247301_22968_42127;1;;1479;639;639;54;585;43.20;8.45
247301_22969_42127;2;;1369;505;505;48;457;36.89;9.50
247301_22970_42127;3;;1647;677;677;42;635;41.11;6.20
247301_22971_42127;4;;1847;743;743;60;683;40.23;8.08
247301_22972_42127;5;;1630;667;667;59;608;40.92;8.85
247301_22973_42127;6;;2122;892;892;58;834;42.04;6.50
247301_22974_42127;7;;1453;739;739;44;695;50.86;5.95
247301_22975_42127;8;;1304;683;683;60;623;52.38;8.78
247301_22976_42127;9;;1768;752;752;116;636;42.53;15.43
247301_22977_42127;10;;1743;757;757;79;678;43.43;10.44
247301_22978_42127;11;;1579;743;743;110;633;47.06;14.80
247301_22979_42127;12;;1471;655;655;61;594;44.53;9.31
247301_22980_42127;13;;1254;561;561;92;469;44.74;16.40
247301_22981_42127;14;;1457;615;615;69;546;42.21;11.22
247301_22982_42127;15;;1562;579;579;52;527;37.07;8.98
247301_22983_42127;16;;1827;932;932;102;830;51.01;10.94
247301_22984_42127;17;;590;270;270;31;239;45.76;11.48
247301_22985_42127;18;;1449;754;754;135;619;52.04;17.90
247301_22986_42127;19;;497;192;192;17;175;38.63;8.85
247301_22987_42127;20;;1551;733;733;102;631;47.26;13.92
247301_22988_42127;21;;1691;611;611;127;484;36.13;20.79
247301_22989_42127;22;;1885;675;675;70;605;35.81;10.37
247301_22990_42127;23;;1442;581;581;71;510;40.29;12.22
247301_22991_42127;24;;1618;730;730;82;648;45.12;11.23
247301_22992_42127;25;;1423;671;671;78;593;47.15;11.62
247301_22993_42127;26;;1377;608;608;142;466;44.15;23.36
247301_22994_42127;27;;2075;1019;1019;89;930;49.11;8.73
247301_22995_42127;28;;1801;792;792;115;677;43.98;14.52
247301_22996_42127;29;;2239;770;770;78;692;34.39;10.13
247301_22997_42127;30;;1557;468;468;58;410;30.06;12.39
247301_22998_42127;31;;1914;787;787;230;557;41.12;29.22
247301_22999_42127;32;;1608;430;430;84;346;26.74;19.53
247301_23000_42127;33;;1774;443;443;60;383;24.97;13.54
247301_23001_42127;34;;1939;507;507;103;404;26.15;20.32
247301_23002_42127;35;;2016;761;761;112;649;37.75;14.72
247301_23003_42127;36;;1087;509;509;35;474;46.83;6.88
247301_23004_42127;37;;1076;472;472;44;428;43.87;9.32
247301_23005_42127;38;;2183;729;729;81;648;33.39;11.11
247301_23006_42127;39;;2085;734;734;81;653;35.20;11.04
247301_23007_42127;40;;2061;783;783;72;711;37.99;9.20
247301_23008_42127;41;;1523;645;645;84;561;42.35;13.02
247301_23009_42127;42;;1217;579;579;60;519;47.58;10.36
247301_23010_42127;43;;1452;604;604;85;519;41.60;14.07
247301_23011_42127;44;;1706;502;502;68;434;29.43;13.55
247301_23012_42127;45;;1607;465;465;48;417;28.94;10.32
247301_23013_42127;46;;1459;473;473;64;409;32.42;13.53
247301_23014_42127;47;;1470;536;536;50;486;36.46;9.33
247301_23015_42127;48;;1837;795;795;72;723;43.28;9.06
247301_23016_42127;49;;1834;642;642;68;574;35.01;10.59
247301_23017_42127;50;;1847;633;633;77;556;34.27;12.16
247301_23018_42127;51;;2043;736;736;98;638;36.03;13.32
247301_23019_42127;52;;2249;654;654;96;558;29.08;14.68
247301_23020_42127;53;;2021;793;793;64;729;39.24;8.07
247301_23021_42127;54;;1514;604;604;39;565;39.89;6.46
247301_23022_42127;55;;2279;941;941;74;867;41.29;7.86
247301_23023_42127;56;;1669;677;677;60;617;40.56;8.86
247301_23024_42127;57;;2155;825;825;90;735;38.28;10.91
247301_23025_42127;58;;2179;705;705;61;644;32.35;8.65
247301_23026_42127;59;;1676;744;744;64;680;44.39;8.60
247301_23027_42127;60;;1895;699;699;66;633;36.89;9.44
247301_23028_42127;61;;1915;840;840;65;775;43.86;7.74
247301_23029_42127;62;;1954;892;892;72;820;45.65;8.07
247301_23030_42127;63;;1290;666;666;62;604;51.63;9.31
247301_23031_42127;64;;1392;706;706;53;653;50.72;7.51
247301_23032_42127;65;;1348;624;624;63;561;46.29;10.10
247301_23033_42127;66;;1129;476;476;56;420;42.16;11.76
247301_30410_42127;67;;313;71;71;8;63;22.68;11.27
247301_30411_42127;68;;138;55;55;13;42;39.86;23.64
247301_30412_42127;69;;319;42;42;6;36;13.17;14.29
247301_30413_42127;70;;27;10;10;2;8;37.04;20.00
247401_23034_42129;1;;1002;220;220;39;181;21.96;17.73
247401_23035_42129;2;;1112;410;410;47;363;36.87;11.46
247401_23036_42129;3;;1365;478;478;56;422;35.02;11.72
247401_23037_42129;4;;1566;501;501;53;448;31.99;10.58
247401_23038_42129;5;;1372;427;427;58;369;31.12;13.58
247401_23039_42129;6;;1281;444;444;48;396;34.66;10.81
247401_23040_42129;9;;1988;540;540;83;457;27.16;15.37
247401_23041_42129;10;;1999;610;610;52;558;30.52;8.52
247401_23042_42129;11;;1688;587;587;49;538;34.77;8.35
247401_23043_42129;12;;1146;609;609;42;567;53.14;6.90
247401_23044_42129;13;;1496;549;549;48;501;36.70;8.74
247401_23045_42129;14;;1540;704;705;64;640;45.71;9.09
247401_23046_42129;15;;2300;1026;1026;92;934;44.61;8.97
247401_23047_42129;16;;1776;891;891;97;794;50.17;10.89
247401_23048_42129;17;;1485;663;663;58;605;44.65;8.75
247401_23049_42129;18;;1864;742;742;57;685;39.81;7.68
247401_23050_42129;19;;1417;652;652;54;598;46.01;8.28
247401_23051_42129;20;;1177;578;578;57;521;49.11;9.86
247401_23052_42129;21;;1365;597;597;61;536;43.74;10.22
247401_23053_42129;22;;1549;715;715;81;634;46.16;11.33
247401_23054_42129;23;;1107;559;559;59;500;50.50;10.55
247401_23055_42129;24;;1242;593;593;51;542;47.75;8.60
247401_23056_42129;25;;1311;725;725;42;683;55.30;5.79
247401_23057_42129;26;;1320;473;473;74;399;35.83;15.64
247401_23058_42129;27;;1664;600;600;59;541;36.06;9.83
247401_23059_42129;28;;1617;585;585;83;502;36.18;14.19
247401_23060_42129;29;;393;185;185;8;177;47.07;4.32
247401_23061_42129;30;;1360;606;606;65;541;44.56;10.73
247401_23062_42129;31;;925;390;390;26;364;42.16;6.67
247401_23063_42129;32;;966;439;439;39;400;45.45;8.88
247401_23064_42129;33;;1605;754;754;84;670;46.98;11.14
247401_23065_42129;34;;1747;785;785;70;715;44.93;8.92
247401_23066_42129;35;;1832;803;803;93;710;43.83;11.58
247401_23067_42129;36;;1853;722;722;68;654;38.96;9.42
247401_23068_42129;37;;1339;502;502;83;419;37.49;16.53
247401_23069_42129;38;;682;235;235;32;203;34.46;13.62
247401_23070_42129;39;;1220;390;390;58;332;31.97;14.87
247401_23071_42129;40;;2016;979;979;102;877;48.56;10.42
247401_30414_42129;7;;41;5;5;0;5;12.20;0.00
247401_30415_42129;8;;146;32;32;5;27;21.92;15.62
247501_23072_42131;1;;1109;446;446;32;414;40.22;7.17
247501_23073_42131;2;;1715;638;638;60;578;37.20;9.40
247501_23074_42131;3;;1325;583;583;32;551;44.00;5.49
247501_23075_42131;4;;863;212;212;25;187;24.57;11.79
247501_23076_42131;5;;1064;474;474;23;451;44.55;4.85
247501_23077_42131;6;;1834;596;596;67;529;32.50;11.24
247501_23078_42131;7;;860;259;259;30;229;30.12;11.58
247501_23079_42131;8;;1261;598;598;35;563;47.42;5.85
247501_23080_42131;9;;782;174;174;25;149;22.25;14.37
247501_23081_42131;10;;1222;206;206;19;187;16.86;9.22
247501_23082_42131;11;;1443;672;672;46;626;46.57;6.85
247501_23083_42131;12;;1448;563;563;54;509;38.88;9.59
247501_23084_42131;13;;1275;486;486;54;432;38.12;11.11
247501_23085_42131;14;;2098;796;796;100;696;37.94;12.56
247501_23086_42131;15;;1571;550;551;53;497;35.01;9.64
247501_23087_42131;16;;2127;967;967;64;903;45.46;6.62
247501_23088_42131;17;;1865;826;826;79;747;44.29;9.56
247501_23089_42131;18;;1661;712;712;50;662;42.87;7.02
247501_23090_42131;19;;2286;1036;1036;103;933;45.32;9.94
247501_23091_42131;20;;1770;774;774;62;712;43.73;8.01
247501_23092_42131;21;;2027;782;782;69;713;38.58;8.82
247501_23093_42131;22;;2149;859;859;75;784;39.97;8.73
247501_23094_42131;23;;886;306;306;22;284;34.54;7.19
247501_23095_42131;24;;1728;593;593;103;490;34.32;17.37
247501_23096_42131;25;;1157;388;388;30;358;33.54;7.73
247501_23097_42131;26;;1830;561;561;50;511;30.66;8.91
247501_23098_42131;27;;1849;607;607;52;555;32.83;8.57
247501_23099_42131;28;;1583;537;537;49;488;33.92;9.12
247501_23100_42131;29;;2060;892;892;89;803;43.30;9.98
247501_23101_42131;30;;1614;675;675;64;611;41.82;9.48
247501_23102_42131;31;;1479;637;637;63;574;43.07;9.89
247501_23103_42131;32;;1550;638;638;38;600;41.16;5.96
247501_23104_42131;33;;1674;835;835;74;761;49.88;8.86
247501_23105_42131;34;;1368;527;527;43;484;38.52;8.16
247501_23106_42131;35;;1411;594;594;67;527;42.10;11.28
247501_23107_42131;36;;1080;412;412;39;373;38.15;9.47
247501_23108_42131;37;;1124;360;360;31;329;32.03;8.61
247501_23109_42131;38;;1424;517;517;56;461;36.31;10.83
247501_23110_42131;39;;1031;229;229;32;197;22.21;13.97
247501_23111_42131;40;;1874;703;703;79;624;37.51;11.24
247501_23112_42131;41;;1111;304;304;32;272;27.36;10.53
247501_23113_42131;42;;1321;598;598;24;574;45.27;4.01
247501_23114_42131;43;;2032;869;869;50;819;42.77;5.75
247501_23115_42131;44;;1245;505;505;49;456;40.56;9.70
247501_23116_42131;45;;1844;776;776;70;706;42.08;9.02
247501_23117_42131;46;;1546;685;685;55;630;44.31;8.03
247501_23118_42131;47;;1956;779;779;85;694;39.83;10.91
247501_23119_42131;48;;1934;798;798;56;742;41.26;7.02
247501_23120_42131;49;;1653;630;630;48;582;38.11;7.62
247501_23121_42131;50;;1468;600;600;34;566;40.87;5.67
247501_23122_42131;51;;1887;781;784;61;720;41.39;7.81
247501_23123_42131;52;;1273;485;485;50;435;38.10;10.31
247501_23124_42131;53;;2410;997;997;60;937;41.37;6.02
247501_23125_42131;54;;1322;597;597;41;556;45.16;6.87
247501_23126_42131;55;;474;89;89;14;75;18.78;15.73
247501_23127_42131;56;;970;322;322;28;294;33.20;8.70
247501_23128_42131;57;;1132;399;399;45;354;35.25;11.28
247501_23129_42131;58;;2074;730;730;93;637;35.20;12.74
247501_23130_42131;59;;2000;821;821;76;745;41.05;9.26
247501_23131_42131;60;;2082;698;698;56;642;33.53;8.02
247501_23132_42131;61;;762;293;293;26;267;38.45;8.87
247501_23133_42131;62;;2250;793;793;65;728;35.24;8.20
247501_23134_42131;63;;2079;728;728;73;655;35.02;10.03
247501_23135_42131;64;;1983;694;694;75;619;35.00;10.81
247501_23136_42131;65;;1832;708;708;81;627;38.65;11.44
247501_23137_42131;66;;1058;388;388;34;354;36.67;8.76
247501_23138_42131;67;;1639;499;499;60;439;30.45;12.02
247501_23139_42131;68;;1031;326;326;40;286;31.62;12.27
247501_23140_42131;69;;1550;637;637;64;573;41.10;10.05
247501_23141_42131;70;;1746;606;606;73;533;34.71;12.05
247501_23142_42131;71;;1774;639;639;52;587;36.02;8.14
247501_23143_42131;72;;2113;820;820;69;751;38.81;8.41
247501_23144_42131;73;;1964;701;701;74;627;35.69;10.56
247501_23145_42131;74;;2266;767;767;65;702;33.85;8.47
247501_23146_42131;75;;2164;506;506;51;455;23.38;10.08
247501_23147_42131;76;;1665;582;582;58;524;34.95;9.97
247501_23148_42131;77;;1215;466;466;48;418;38.35;10.30
247501_23149_42131;78;;1791;688;688;90;598;38.41;13.08
247501_23150_42131;79;;1768;759;759;63;696;42.93;8.30
247501_23151_42131;80;;1813;775;776;50;725;42.75;6.45
247501_23152_42131;81;;1454;585;585;48;537;40.23;8.21
247501_23153_42131;82;;1825;807;807;84;723;44.22;10.41
247501_23154_42131;83;;1108;401;401;33;368;36.19;8.23
247501_23155_42131;84;;1398;491;491;30;461;35.12;6.11
247501_23156_42131;85;;1644;653;653;40;613;39.72;6.13
247501_23157_42131;86;;1858;710;710;58;652;38.21;8.17
247501_23158_42131;87;;2172;1003;1003;83;920;46.18;8.28
247501_23159_42131;88;;2360;936;936;65;871;39.66;6.94
247501_23160_42131;89;;1598;622;622;56;566;38.92;9.00
247501_23161_42131;90;;917;330;330;46;284;35.99;13.94
247501_23162_42131;91;;1777;626;626;74;552;35.23;11.82
247501_23163_42131;92;;1802;592;592;67;525;32.85;11.32
247501_23164_42131;93;;2440;740;740;63;677;30.33;8.51
247501_23165_42131;94;;985;345;345;34;311;35.03;9.86
247501_23166_42131;95;;777;288;288;36;252;37.07;12.50
247501_23167_42131;96;;2136;692;692;81;611;32.40;11.71
247501_23168_42131;97;;1897;647;647;115;532;34.11;17.77
247501_23169_42131;98;;1953;630;630;59;571;32.26;9.37
247501_23170_42131;99;;1883;606;606;74;532;32.18;12.21
247501_23171_42131;100;;1271;436;436;45;391;34.30;10.32
247501_23172_42131;101;;1222;454;454;22;432;37.15;4.85
247501_23173_42131;102;;1416;654;654;62;592;46.19;9.48
247501_23174_42131;103;;1408;611;611;57;554;43.39;9.33
247501_23175_42131;104;;1309;615;615;45;570;46.98;7.32
247501_23176_42131;105;;830;337;337;47;290;40.60;13.95
247501_23177_42131;106;;1621;558;558;49;509;34.42;8.78
247501_23178_42131;107;;1500;537;538;40;497;35.80;7.45
247501_23179_42131;108;;1332;601;601;70;531;45.12;11.65
247501_23180_42131;109;;1286;506;506;28;478;39.35;5.53
247501_30416_42131;110;;69;35;35;4;31;50.72;11.43
247501_30417_42131;111;;227;30;30;0;30;13.22;0.00
247501_30418_42131;112;;77;51;51;11;40;66.23;21.57
247501_30419_42131;113;;180;39;39;5;34;21.67;12.82
247501_30420_42131;114;;290;32;32;6;26;11.03;18.75
247501_30421_42131;115;;43;5;5;0;5;11.63;0.00
247501_30422_42131;116;;261;41;41;8;33;15.71;19.51
247501_30423_42131;117;;67;38;38;14;24;56.72;36.84
247601_23181_42129;1;;1979;931;931;156;775;47.04;16.76
247601_23182_42129;2;;1927;491;492;122;369;25.48;24.85
247601_23183_42129;3;;1799;775;775;70;705;43.08;9.03
247601_23184_42129;4;;1922;842;842;111;731;43.81;13.18
247601_23185_42129;5;;1521;682;682;76;606;44.84;11.14
247601_23186_42129;6;;1230;542;542;52;490;44.07;9.59
247601_23187_42129;7;;1278;375;375;120;255;29.34;32.00
247601_23188_42129;8;;1505;521;521;109;412;34.62;20.92
247601_23189_42129;9;;1901;643;643;136;507;33.82;21.15
247601_23190_42129;10;;1982;940;941;109;831;47.43;11.60
247601_23191_42129;11;;1828;881;881;96;785;48.19;10.90
247601_23192_42129;12;;1962;1031;1031;121;910;52.55;11.74
247601_23193_42129;13;;1690;406;406;108;298;24.02;26.60
247601_23194_42129;14;;1935;933;933;96;837;48.22;10.29
247601_23195_42129;15;;1938;706;706;71;635;36.43;10.06
247601_23196_42129;16;;1465;709;709;89;620;48.40;12.55
247601_23197_42129;17;;1946;814;814;93;721;41.83;11.43
247601_23198_42129;18;;2071;597;597;67;530;28.83;11.22
247601_23199_42129;19;;1813;506;506;82;424;27.91;16.21
247601_23200_42129;20;;1369;665;665;79;586;48.58;11.88
247601_23201_42129;21;;1926;785;785;97;688;40.76;12.36
247601_23202_42129;22;;2267;971;971;191;780;42.83;19.67
247601_23203_42129;23;;1119;464;464;93;371;41.47;20.04
247601_30424_42129;24;;60;43;43;14;29;71.67;32.56
247601_30425_42129;25;;133;26;26;9;17;19.55;34.62
247601_30426_42129;26;;60;11;11;7;4;18.33;63.64
247701_23204_42126;1;;1687;822;822;80;742;48.73;9.73
247701_23205_42126;2;;1670;860;860;74;786;51.50;8.60
247701_23206_42126;3;;1724;719;719;72;647;41.71;10.01
247701_23207_42126;4;;1997;1017;1017;92;925;50.93;9.05
247701_23208_42126;5;;1798;839;839;90;749;46.66;10.73
247701_23209_42126;6;;1771;494;494;56;438;27.89;11.34
247701_23210_42126;7;;1282;408;408;51;357;31.83;12.50
247701_23211_42126;8;;1364;454;454;39;415;33.28;8.59
247701_23212_42126;9;;1771;541;541;51;490;30.55;9.43
247701_23213_42126;10;;2079;730;730;68;662;35.11;9.32
247701_23214_42126;11;;1364;432;432;38;394;31.67;8.80
247701_23215_42126;12;;1344;558;559;52;506;41.52;9.32
247701_23216_42126;13;;990;588;588;52;536;59.39;8.84
247701_23217_42126;14;;1571;635;635;64;571;40.42;10.08
247701_23218_42126;15;;1347;646;646;73;573;47.96;11.30
247701_23219_42126;16;;1641;571;571;59;512;34.80;10.33
247701_23220_42126;17;;1944;745;745;68;677;38.32;9.13
247701_23221_42126;18;;1972;869;869;73;796;44.07;8.40
247701_23222_42126;19;;1927;621;621;102;519;32.23;16.43
247701_23223_42126;20;;1729;582;582;83;499;33.66;14.26
247701_23224_42126;21;;1203;387;387;42;345;32.17;10.85
247701_23225_42126;22;;2017;753;753;79;674;37.33;10.49
247701_23226_42126;23;;1645;605;605;64;541;36.78;10.58
247701_23227_42126;24;;1366;489;489;39;450;35.80;7.98
247701_23228_42126;25;;1194;421;421;42;379;35.26;9.98
247701_23229_42126;26;;847;312;312;27;285;36.84;8.65
247701_23230_42126;27;;1390;583;583;41;542;41.94;7.03
247701_23231_42126;28;;1389;604;604;52;552;43.48;8.61
247701_23232_42126;29;;1973;680;680;70;610;34.47;10.29
247701_23233_42126;30;;1448;790;790;61;729;54.56;7.72
247701_23234_42126;31;;1541;627;627;46;581;40.69;7.34
247701_23235_42126;32;;1557;542;542;49;493;34.81;9.04
247701_23236_42126;33;;1652;633;633;57;576;38.32;9.00
247701_23237_42126;34;;1495;592;592;52;540;39.60;8.78
247701_23238_42126;35;;1462;614;614;67;547;42.00;10.91
247701_23239_42126;36;;1720;845;845;77;768;49.13;9.11
247701_23240_42126;37;;1257;508;508;41;467;40.41;8.07
247701_23241_42126;38;;1460;677;677;37;640;46.37;5.47
247701_23242_42126;39;;1160;487;487;40;447;41.98;8.21
247701_23243_42126;40;;2093;613;613;79;534;29.29;12.89
247701_23244_42126;41;;1608;567;567;68;499;35.26;11.99
247701_23245_42126;42;;1684;580;580;51;529;34.44;8.79
247701_23246_42126;43;;2141;671;671;75;596;31.34;11.18
247701_23247_42126;44;;1817;674;674;67;607;37.09;9.94
247701_23248_42126;45;;1767;629;629;50;579;35.60;7.95
247701_23249_42126;46;;1588;592;592;50;542;37.28;8.45
247701_23250_42126;47;;1695;676;676;78;598;39.88;11.54
247701_23251_42126;48;;1833;811;811;82;729;44.24;10.11
247701_23252_42126;49;;1512;561;561;48;513;37.10;8.56
247701_23253_42126;50;;1640;631;631;59;572;38.48;9.35
247701_23254_42126;51;;1371;620;620;63;557;45.22;10.16
247701_23255_42126;52;;1903;778;778;64;714;40.88;8.23
247701_23256_42126;53;;1552;657;657;57;600;42.33;8.68
247701_23257_42126;54;;1501;611;611;49;562;40.71;8.02
247701_23258_42126;55;;1669;705;705;77;628;42.24;10.92
247701_23259_42126;56;;1764;922;922;57;865;52.27;6.18
247701_23260_42126;57;;1941;652;652;41;611;33.59;6.29
247701_23261_42126;58;;1784;814;814;111;703;45.63;13.64
247701_23262_42126;59;;2056;924;924;87;837;44.94;9.42
247701_23263_42126;60;;1864;692;692;101;591;37.12;14.60
247701_23264_42126;61;;1789;670;670;61;609;37.45;9.10
247701_23265_42126;62;;1697;626;626;74;552;36.89;11.82
247701_23266_42126;63;;1504;521;521;31;490;34.64;5.95
247701_30427_42126;64;;26;16;16;2;14;61.54;12.50
247701_30428_42126;65;;186;50;50;7;43;26.88;14.00
247701_30429_42126;66;;47;21;21;3;18;44.68;14.29
247801_23267_42129;1;;1505;396;396;33;363;26.31;8.33
247801_23268_42129;2;;1811;442;442;14;428;24.41;3.17
247801_23269_42129;3;;1332;358;358;38;320;26.88;10.61
247801_23270_42129;4;;1667;529;529;56;473;31.73;10.59
247801_23271_42129;5;;1790;535;535;46;489;29.89;8.60
247801_23272_42129;6;;1690;492;492;69;423;29.11;14.02
247801_23273_42129;7;;1817;418;418;72;346;23.00;17.22
247801_23274_42129;8;;2253;668;668;59;609;29.65;8.83
247801_23275_42129;9;;1708;388;388;67;321;22.72;17.27
247801_23276_42129;10;;2138;657;657;89;568;30.73;13.55
247801_23277_42129;11;;2284;571;571;61;510;25.00;10.68
247801_23278_42129;12;;1775;684;684;84;600;38.54;12.28
247801_23279_42129;13;;2262;663;663;99;564;29.31;14.93
247801_23280_42129;14;;2052;390;390;31;359;19.01;7.95
247801_23281_42129;15;;1987;446;446;62;384;22.45;13.90
247801_23282_42129;16;;1337;289;289;35;254;21.62;12.11
247801_23283_42129;17;;2058;471;471;47;424;22.89;9.98
247801_23284_42129;18;;1580;559;559;33;526;35.38;5.90
247801_23285_42129;19;;1011;451;451;94;357;44.61;20.84
247801_23286_42129;20;;2100;817;817;178;639;38.90;21.79
247801_23287_42129;21;;1967;683;683;169;514;34.72;24.74
247801_23288_42129;22;;931;347;347;41;306;37.27;11.82
247801_23289_42129;23;;1933;555;555;41;514;28.71;7.39
247801_23290_42129;24;;2025;721;721;49;672;35.60;6.80
247801_23291_42129;25;;2084;633;633;49;584;30.37;7.74
247801_23292_42129;26;;1993;623;623;59;564;31.26;9.47
247801_23293_42129;27;;1866;464;464;39;425;24.87;8.41
247801_23294_42129;28;;2245;758;758;79;679;33.76;10.42
247801_23295_42129;29;;1310;507;507;37;470;38.70;7.30
247801_23296_42129;30;;2133;607;607;73;534;28.46;12.03
247801_23297_42129;31;;2050;744;744;67;677;36.29;9.01
247801_23298_42129;32;;2094;834;834;129;705;39.83;15.47
247801_23299_42129;33;;1275;401;401;45;356;31.45;11.22
247801_23300_42129;34;;1445;289;289;36;253;20.00;12.46
247801_23301_42129;35;;1616;315;315;55;260;19.49;17.46
247801_23302_42129;36;;1566;387;387;42;345;24.71;10.85
247801_23303_42129;37;;2104;660;660;44;616;31.37;6.67
247801_23304_42129;38;;1504;279;279;30;249;18.55;10.75
247801_23305_42129;39;;1566;359;359;66;293;22.92;18.38
247801_23306_42129;40;;1951;495;495;79;416;25.37;15.96
247801_23307_42129;41;;1595;377;377;78;299;23.64;20.69
247801_23308_42129;42;;1691;225;225;41;184;13.31;18.22
247801_23309_42129;43;;2222;677;677;108;569;30.47;15.95
247801_23310_42129;44;;1685;490;490;59;431;29.08;12.04
247801_23311_42129;45;;1976;597;597;72;525;30.21;12.06
247801_23312_42129;46;;2112;636;636;81;555;30.11;12.74
247801_23313_42129;47;;1915;580;580;68;512;30.29;11.72
247801_23314_42129;48;;1805;589;589;75;514;32.63;12.73
247801_23315_42129;49;;1692;627;627;55;572;37.06;8.77
247801_23316_42129;50;;297;78;78;12;66;26.26;15.38
247801_23317_42129;51;;1917;401;401;68;333;20.92;16.96
247801_23318_42129;52;;1506;308;308;37;271;20.45;12.01
247801_23319_42129;53;;2066;700;700;198;502;33.88;28.29
247801_23320_42129;54;;1605;474;474;47;427;29.53;9.92
247801_23321_42129;55;;1498;438;438;60;378;29.24;13.70
247801_23322_42129;56;;1634;536;536;39;497;32.80;7.28
247801_23323_42129;57;;1774;667;667;52;615;37.60;7.80
247801_23324_42129;58;;897;419;419;56;363;46.71;13.37
247801_23325_42129;59;;913;421;421;49;372;46.11;11.64
247801_23326_42129;60;;1767;616;616;97;519;34.86;15.75
247801_23327_42129;61;;2128;722;722;52;670;33.93;7.20
247801_23328_42129;62;;2029;566;566;93;473;27.90;16.43
247801_23329_42129;63;;2001;383;383;110;273;19.14;28.72
247801_23330_42129;64;;2071;580;580;70;510;28.01;12.07
247801_23331_42129;65;;1279;488;488;58;430;38.15;11.89
247801_23332_42129;66;;2052;742;742;61;681;36.16;8.22
247801_23333_42129;67;;1712;510;510;78;432;29.79;15.29
247801_23334_42129;68;;1845;522;522;70;452;28.29;13.41
247801_23335_42129;69;;1872;616;616;70;546;32.91;11.36
247801_23336_42129;70;;1555;378;378;57;321;24.31;15.08
247801_23337_42129;71;;1609;466;466;39;427;28.96;8.37
247801_23338_42129;72;;1462;368;368;67;301;25.17;18.21
247801_23339_42129;73;;2055;622;622;55;567;30.27;8.84
247801_23340_42129;74;;1930;739;739;99;640;38.29;13.40
247801_23341_42129;75;;2313;776;776;86;690;33.55;11.08
247801_23342_42129;76;;1907;535;535;114;421;28.05;21.31
247801_23343_42129;77;;2111;759;759;122;637;35.95;16.07
247801_23344_42129;78;;1845;367;367;61;306;19.89;16.62
247801_30430_42129;79;;90;39;39;8;31;43.33;20.51
247801_30431_42129;80;;64;30;30;13;17;46.88;43.33
247801_30432_42129;81;;46;25;25;4;21;54.35;16.00
247801_30433_42129;82;;73;39;39;6;33;53.42;15.38
247801_30434_42129;83;;30;5;5;0;5;16.67;0.00
247801_30435_42129;84;;383;56;56;12;44;14.62;21.43
247801_30436_42129;85;;203;78;78;18;60;38.42;23.08
247801_30437_42129;86;;143;36;36;2;34;25.17;5.56
247801_30438_42129;87;;45;12;12;1;11;26.67;8.33
247801_30439_42129;88;;131;36;36;3;33;27.48;8.33
247801_30440_42129;89;;69;21;21;2;19;30.43;9.52
247801_30441_42129;90;;68;17;17;3;14;25.00;17.65
247801_30442_42129;91;;35;12;12;2;10;34.29;16.67
247901_23345_42127;1;;1142;513;513;71;442;44.92;13.84
247901_23346_42127;2;;910;450;450;49;401;49.45;10.89
247901_23347_42127;3;;1785;748;748;87;661;41.90;11.63
247901_23348_42127;4;;865;312;312;41;271;36.07;13.14
247901_23349_42127;5;;1699;886;886;76;810;52.15;8.58
247901_23350_42127;6;;1246;626;626;56;570;50.24;8.95
247901_23351_42127;7;;1965;937;937;109;828;47.68;11.63
247901_23352_42127;8;;1291;570;570;78;492;44.15;13.68
247901_23353_42127;9;;1607;839;839;93;746;52.21;11.08
247901_23354_42127;10;;1907;776;776;113;663;40.69;14.56
247901_23355_42127;11;;1839;687;687;107;580;37.36;15.57
247901_23356_42127;12;;1964;730;730;163;567;37.17;22.33
247901_23357_42127;13;;1897;757;757;80;677;39.91;10.57
247901_23358_42127;14;;1737;726;726;89;637;41.80;12.26
247901_23359_42127;15;;1473;580;580;60;520;39.38;10.34
247901_23360_42127;16;;1529;617;617;92;525;40.35;14.91
247901_23361_42127;17;;1501;562;562;79;483;37.44;14.06
247901_23362_42127;18;;1681;536;536;77;459;31.89;14.37
247901_23363_42127;19;;1571;552;552;90;462;35.14;16.30
247901_23364_42127;20;;1614;606;606;76;530;37.55;12.54
247901_23365_42127;21;;1761;847;847;216;631;48.10;25.50
247901_23366_42127;22;;1358;686;686;115;571;50.52;16.76
247901_23367_42127;23;;988;438;438;63;375;44.33;14.38
247901_23368_42127;24;;1032;408;408;107;301;39.53;26.23
247901_23369_42127;25;;1933;740;740;205;535;38.28;27.70
247901_23370_42127;26;;1999;720;720;101;619;36.02;14.03
247901_23371_42127;27;;1909;719;719;129;590;37.66;17.94
247901_23372_42127;28;;1734;594;594;106;488;34.26;17.85
247901_23373_42127;29;;968;513;513;106;407;53.00;20.66
247901_23374_42127;30;;1429;643;643;114;529;45.00;17.73
247901_23375_42127;31;;1450;770;770;119;651;53.10;15.45
247901_30443_42127;32;;61;13;13;2;11;21.31;15.38
247901_30444_42127;33;;24;16;16;6;10;66.67;37.50
260101_23376_42055;1;;1365;731;731;109;622;53.55;14.91
260101_23377_42055;2;;1308;658;658;79;579;50.31;12.01
260101_23378_42055;3;;1135;577;577;64;513;50.84;11.09
260101_23379_42055;4;;1119;601;601;77;524;53.71;12.81
260101_23380_42055;5;;1099;544;544;74;470;49.50;13.60
260101_23381_42055;6;;1127;597;597;33;564;52.97;5.53
260101_23382_42055;7;;1186;630;630;63;567;53.12;10.00
260101_23383_42055;8;;1283;649;649;85;564;50.58;13.10
260101_23384_42055;9;;1251;733;733;78;655;58.59;10.64
260101_23385_42055;10;;1383;751;751;100;651;54.30;13.32
260101_23386_42055;11;;1437;778;778;84;694;54.14;10.80
260101_23387_42055;12;;1389;782;782;89;693;56.30;11.38
260101_23388_42055;13;;1187;664;664;74;590;55.94;11.14
260101_23389_42055;14;;1389;804;804;101;703;57.88;12.56
260101_23390_42055;15;;1529;762;762;94;668;49.84;12.34
260101_23391_42055;16;;1278;684;684;103;581;53.52;15.06
260101_23392_42055;17;;1197;690;690;75;615;57.64;10.87
260101_23393_42055;18;;1318;750;756;56;694;56.90;7.47
260101_23394_42055;19;;1169;601;601;91;510;51.41;15.14
260101_23395_42055;20;;1310;677;677;92;585;51.68;13.59
260101_23396_42055;21;;1411;784;784;111;673;55.56;14.16
260101_30445_42055;22;;45;16;16;3;13;35.56;18.75
260101_30767_42055;23;;89;14;14;3;11;15.73;21.43
260101_30768_42055;24;;41;17;17;3;14;41.46;17.65
260102_23397_42055;1;;857;610;610;88;522;71.18;14.43
260102_23398_42055;2;;1322;944;944;141;803;71.41;14.94
260102_23399_42055;3;;576;426;426;62;364;73.96;14.55
260102_23400_42055;4;;921;699;699;114;585;75.90;16.31
260102_30446_42055;5;;69;25;25;7;18;36.23;28.00
260103_23401_42055;1;;1582;990;990;109;881;62.58;11.01
260103_23402_42055;2;;681;432;432;47;385;63.44;10.88
260103_23403_42055;3;;720;442;442;58;384;61.39;13.12
260103_23404_42055;4;;1290;800;800;94;706;62.02;11.75
260103_23405_42055;5;;959;570;570;67;503;59.44;11.75
260104_23406_42055;1;;1673;1017;1017;116;901;60.79;11.41
260104_23407_42055;2;;999;548;548;86;462;54.85;15.69
260104_23408_42055;3;;1285;761;761;123;638;59.22;16.16
260104_23409_42055;4;;780;402;402;32;370;51.54;7.96
260104_23410_42055;5;;1096;658;658;103;555;60.04;15.65
260104_23411_42055;6;;517;344;344;38;306;66.54;11.05
260104_30447_42055;7;;70;37;37;2;35;52.86;5.41
260104_30448_42055;8;;37;24;24;11;13;64.86;45.83
260105_23412_42055;1;;572;364;364;68;296;63.64;18.68
260105_23413_42055;2;;714;449;449;95;354;62.89;21.16
260105_23414_42055;3;;1094;729;729;79;650;66.64;10.84
260105_23415_42055;4;;613;422;422;52;370;68.84;12.32
260105_23416_42055;5;;512;279;279;64;215;54.49;22.94
260105_23417_42055;6;;566;368;368;52;316;65.02;14.13
260105_30449_42055;7;;25;23;23;0;23;92.00;0.00
260105_30450_42055;8;;43;22;22;9;13;51.16;40.91
260106_23418_42055;1;;1925;1219;1219;190;1029;63.32;15.59
260106_23419_42055;2;;1930;1215;1215;189;1026;62.95;15.56
260106_23420_42055;3;;1928;1233;1233;210;1023;63.95;17.03
260106_23421_42055;4;;730;443;443;76;367;60.68;17.16
260107_23422_42055;1;;446;330;330;96;234;73.99;29.09
260107_23423_42055;2;;1554;1107;1107;228;879;71.24;20.60
260107_23424_42055;3;;1100;692;692;184;508;62.91;26.59
260108_23425_42055;1;;1244;807;807;123;684;64.87;15.24
260108_23426_42055;2;;1062;587;587;102;485;55.27;17.38
260108_23427_42055;3;;1045;675;675;115;560;64.59;17.04
260108_23429_42055;5;;765;512;512;96;416;66.93;18.75
260201_23430_42055;1;;1589;1045;1045;170;875;65.76;16.27
260201_23431_42055;2;;1062;704;704;161;543;66.29;22.87
260201_23432_42055;3;;561;302;302;72;230;53.83;23.84
260201_23433_42055;4;;462;255;255;64;191;55.19;25.10
260202_23434_42055;1;;1166;553;553;94;459;47.43;17.00
260202_23435_42055;2;;936;483;483;64;419;51.60;13.25
260202_23436_42055;3;;1391;697;697;83;614;50.11;11.91
260202_23437_42055;4;;889;377;377;57;320;42.41;15.12
260202_23438_42055;5;;1407;691;691;120;571;49.11;17.37
260202_23439_42055;6;;1093;530;530;88;442;48.49;16.60
260202_23440_42055;7;;939;435;435;88;347;46.33;20.23
260202_23441_42055;8;;963;492;492;88;404;51.09;17.89
260202_23442_42055;9;;855;341;341;49;292;39.88;14.37
260202_23443_42055;10;;1488;696;696;128;568;46.77;18.39
260202_23444_42055;11;;1093;548;548;53;495;50.14;9.67
260202_23445_42055;12;;889;445;445;58;387;50.06;13.03
260202_23446_42055;13;;1499;670;670;130;540;44.70;19.40
260202_23447_42055;14;;817;401;401;63;338;49.08;15.71
260202_23448_42055;15;;1545;814;814;145;669;52.69;17.81
260202_23449_42055;16;;994;566;566;89;477;56.94;15.72
260202_23450_42055;17;;920;501;501;99;402;54.46;19.76
260202_23451_42055;18;;676;336;336;59;277;49.70;17.56
260202_23452_42055;19;;1119;537;537;107;430;47.99;19.93
260202_23453_42055;20;;1487;785;785;171;614;52.79;21.78
260202_23454_42055;21;;1254;676;676;122;554;53.91;18.05
260202_30451_42055;22;;64;6;6;0;6;9.38;0.00
260202_30452_42055;23;;53;11;11;2;9;20.75;18.18
260203_23455_42055;1;;1458;944;944;157;787;64.75;16.63
260203_23456_42055;2;;1665;965;965;138;827;57.96;14.30
260203_23457_42055;3;;1337;856;856;179;677;64.02;20.91
260203_23458_42055;4;;718;437;437;82;355;60.86;18.76
260203_23459_42055;5;;1183;770;770;164;606;65.09;21.30
260203_23460_42055;6;;1223;761;761;148;613;62.22;19.45
260203_23461_42055;7;;1828;1141;1141;265;876;62.42;23.23
260204_23462_42055;1;;1049;685;685;136;549;65.30;19.85
260204_23463_42055;2;;275;142;142;30;112;51.64;21.13
260204_23464_42055;3;;694;412;412;85;327;59.37;20.63
260204_23465_42055;4;;487;311;311;61;250;63.86;19.61
260204_23466_42055;5;;804;459;459;132;327;57.09;28.76
260204_23467_42055;6;;417;241;241;43;198;57.79;17.84
260204_23468_42055;7;;469;276;276;31;245;58.85;11.23
260205_23469_42055;1;;1399;942;942;166;776;67.33;17.62
260205_23470_42055;2;;381;244;244;23;221;64.04;9.43
260205_23471_42055;3;;1458;941;941;181;760;64.54;19.23
260205_23472_42055;4;;329;178;178;35;143;54.10;19.66
260205_23473_42055;5;;314;171;171;49;122;54.46;28.65
260206_23474_42055;1;;737;352;352;40;312;47.76;11.36
260206_23475_42055;2;;825;483;483;57;426;58.55;11.80
260206_23476_42055;3;;459;278;278;51;227;60.57;18.35
260206_23477_42055;4;;967;651;651;118;533;67.32;18.13
260206_23478_42055;5;;712;466;466;148;318;65.45;31.76
260206_23479_42055;6;;689;312;312;83;229;45.28;26.60
260206_23480_42055;7;;534;339;339;67;272;63.48;19.76
260206_23481_42055;8;;1435;693;693;120;573;48.29;17.32
260206_23482_42055;9;;1611;787;787;149;638;48.85;18.93
260206_23483_42055;10;;791;383;383;70;313;48.42;18.28
260206_23484_42055;11;;1858;848;850;146;702;45.64;17.22
260207_23485_42055;1;;784;482;482;64;418;61.48;13.28
260207_23486_42055;2;;1370;924;924;149;775;67.45;16.13
260207_23487_42055;3;;538;343;343;77;266;63.75;22.45
260207_23488_42055;4;;902;551;551;109;442;61.09;19.78
260208_23489_42055;1;;806;550;550;130;420;68.24;23.64
260208_23490_42055;2;;1187;706;706;191;515;59.48;27.05
260208_23491_42055;3;;1126;706;706;168;538;62.70;23.80
260208_23492_42055;4;;1396;848;848;131;717;60.74;15.45
260208_23493_42055;5;;1718;1133;1133;234;899;65.95;20.65
260208_23494_42055;6;;660;420;420;82;338;63.64;19.52
260209_23495_42055;1;;1253;850;850;192;658;67.84;22.59
260209_23496_42055;2;;455;251;251;41;210;55.16;16.33
260209_23497_42055;3;;779;463;463;143;320;59.44;30.89
260209_23498_42055;4;;1225;698;698;104;594;56.98;14.90
260209_23499_42055;5;;440;244;244;49;195;55.45;20.08
260209_23500_42055;6;;813;422;422;151;271;51.91;35.78
260209_23501_42055;7;;849;387;387;60;327;45.58;15.50
260209_23502_42055;8;;325;216;216;39;177;66.46;18.06
260301_23503_42055;1;;2238;1197;1197;185;1012;53.49;15.46
260301_23504_42055;2;;1219;571;571;68;503;46.84;11.91
260301_30453_42055;3;;54;23;28;5;18;42.59;21.74
260302_23505_42055;1;;1124;670;670;83;587;59.61;12.39
260302_23506_42055;2;;885;546;546;81;465;61.69;14.84
260302_23507_42055;3;;1375;613;613;117;496;44.58;19.09
260303_23508_42055;1;;1128;547;547;79;468;48.49;14.44
260303_23509_42055;2;;1024;502;502;93;409;49.02;18.53
260303_23510_42055;3;;822;444;444;93;351;54.01;20.95
260303_23511_42055;4;;975;491;491;157;334;50.36;31.98
260303_23512_42055;5;;836;408;408;89;319;48.80;21.81
260303_23513_42055;6;;841;455;455;87;368;54.10;19.12
260303_23514_42055;7;;1144;547;547;103;444;47.81;18.83
260303_23515_42055;8;;1040;529;529;83;446;50.87;15.69
260303_23516_42055;9;;867;535;535;83;452;61.71;15.51
260303_23517_42055;10;;630;315;315;45;270;50.00;14.29
260303_23518_42055;11;;882;434;434;87;347;49.21;20.05
260303_23519_42055;12;;828;417;417;98;319;50.36;23.50
260303_23520_42055;13;;1006;444;444;89;355;44.14;20.05
260303_23521_42055;14;;859;366;366;59;307;42.61;16.12
260303_23522_42055;15;;907;464;464;95;369;51.16;20.47
260303_30454_42055;16;;67;33;33;8;25;49.25;24.24
260304_23523_42055;1;;1323;783;783;93;690;59.18;11.88
260304_23524_42055;2;;1038;663;663;67;596;63.87;10.11
260304_23525_42055;3;;651;424;424;51;373;65.13;12.03
260305_23526_42055;1;;1104;571;571;84;487;51.72;14.71
260305_23527_42055;2;;743;399;399;40;359;53.70;10.03
260305_23528_42055;3;;1031;479;479;55;424;46.46;11.48
260305_23529_42055;4;;733;362;362;39;323;49.39;10.77
260305_23530_42055;5;;633;292;292;39;253;46.13;13.36
260305_23531_42055;6;;1244;538;538;107;431;43.25;19.89
260401_23532_42054;1;;843;408;408;64;344;48.40;15.69
260401_23533_42054;2;;1714;753;753;111;642;43.93;14.74
260401_23534_42054;3;;1010;438;438;81;357;43.37;18.49
260401_23535_42054;4;;616;316;316;73;243;51.30;23.10
260401_23536_42054;5;;969;389;389;77;312;40.14;19.79
260401_23537_42054;6;;853;365;365;73;292;42.79;20.00
260401_23538_42054;7;;497;272;272;48;224;54.73;17.65
260401_23539_42054;8;;467;186;186;34;152;39.83;18.28
260401_23540_42054;9;;974;495;495;102;393;50.82;20.61
260402_23541_42054;1;;1874;1372;1372;225;1147;73.21;16.40
260402_23542_42054;2;;985;717;717;184;533;72.79;25.66
260402_23543_42054;3;;452;280;280;83;197;61.95;29.64
260402_23544_42054;4;;385;272;272;50;222;70.65;18.38
260402_23545_42054;5;;597;383;383;91;292;64.15;23.76
260402_23546_42054;6;;287;196;196;22;174;68.29;11.22
260402_23547_42054;7;;940;667;667;199;468;70.96;29.84
260402_23548_42054;8;;2217;1413;1413;243;1170;63.73;17.20
260402_23549_42054;9;;582;392;392;75;317;67.35;19.13
260402_23550_42054;10;;703;431;431;85;346;61.31;19.72
260402_23551_42054;11;;487;302;302;88;214;62.01;29.14
260403_23552_42054;1;;1891;1092;1092;121;971;57.75;11.08
260403_23553_42054;2;;650;353;353;84;269;54.31;23.80
260403_23554_42054;3;;1064;505;505;83;422;47.46;16.44
260403_23555_42054;4;;659;293;293;55;238;44.46;18.77
260403_23556_42054;5;;906;482;482;115;367;53.20;23.86
260403_23557_42054;6;;1514;857;857;189;668;56.61;22.05
260403_23558_42054;7;;539;311;311;60;251;57.70;19.29
260403_23559_42054;8;;1016;558;558;119;439;54.92;21.33
260403_23560_42054;9;;1105;542;542;66;476;49.05;12.18
260403_23561_42054;10;;923;382;382;75;307;41.39;19.63
260403_23562_42054;11;;624;343;343;82;261;54.97;23.91
260403_23563_42054;12;;599;287;287;61;226;47.91;21.25
260403_23564_42054;13;;653;369;369;105;264;56.51;28.46
260403_30822_42054;14;;247;40;40;5;35;16.19;12.50
260404_23565_42054;1;;1573;943;943;183;760;59.95;19.41
260404_23566_42054;2;;1637;1014;1014;176;838;61.94;17.36
260404_23567_42054;3;;1598;851;851;134;717;53.25;15.75
260404_23568_42054;4;;507;355;355;91;264;70.02;25.63
260404_23569_42054;5;;593;335;335;97;238;56.49;28.96
260404_23570_42054;6;;601;410;410;99;311;68.22;24.15
260404_23571_42054;7;;567;303;303;53;250;53.44;17.49
260404_23572_42054;8;;801;468;468;108;360;58.43;23.08
260404_23573_42054;9;;1301;727;727;94;633;55.88;12.93
260404_30455_42054;10;;53;12;12;4;8;22.64;33.33
260404_30456_42054;11;;128;38;38;16;22;29.69;42.11
260405_23574_42054;1;;1608;1080;1081;159;921;67.16;14.72
260405_23575_42054;2;;1237;805;805;142;663;65.08;17.64
260405_23576_42054;3;;1706;950;950;167;783;55.69;17.58
260405_23577_42054;4;;493;317;317;42;275;64.30;13.25
260405_23578_42054;5;;764;444;444;93;351;58.12;20.95
260405_23579_42054;6;;669;381;381;65;316;56.95;17.06
260405_23580_42054;7;;498;266;266;59;207;53.41;22.18
260405_23581_42054;8;;1143;752;752;192;560;65.79;25.53
260405_23582_42054;9;;191;123;123;16;107;64.40;13.01
260405_23583_42054;10;;907;453;453;106;347;49.94;23.40
260405_23584_42054;11;;643;326;326;57;269;50.70;17.48
260405_23585_42054;12;;1106;489;489;83;406;44.21;16.97
260405_23586_42054;13;;898;527;527;66;461;58.69;12.52
260405_23587_42054;14;;536;302;302;62;240;56.34;20.53
260406_23588_42054;1;;1359;1000;1000;184;816;73.58;18.40
260406_23589_42054;2;;992;581;581;95;486;58.57;16.35
260406_23590_42054;3;;2005;1215;1215;201;1014;60.60;16.54
260406_23591_42054;4;;1931;1340;1340;217;1123;69.39;16.19
260406_23592_42054;5;;1011;649;649;87;562;64.19;13.41
260406_23593_42054;6;;1319;817;817;150;667;61.94;18.36
260406_23594_42054;7;;1127;781;781;166;615;69.30;21.25
260406_23595_42054;8;;1138;812;812;155;657;71.35;19.09
260407_23596_42054;1;;1342;816;816;136;680;60.80;16.67
260407_23597_42054;2;;1895;1184;1184;291;893;62.48;24.58
260407_23598_42054;3;;1016;629;629;174;455;61.91;27.66
260407_23599_42054;4;;421;311;311;55;256;73.87;17.68
260407_23600_42054;5;;281;183;183;60;123;65.12;32.79
260407_23601_42054;6;;699;429;429;75;354;61.37;17.48
260408_23602_42054;1;;500;320;320;79;241;64.00;24.69
260408_23603_42054;2;;478;352;352;57;295;73.64;16.19
260408_23604_42054;3;;614;468;468;95;373;76.22;20.30
260408_23605_42054;4;;873;611;611;119;492;69.99;19.48
260408_23606_42054;5;;1487;1091;1091;171;920;73.37;15.67
260408_23607_42054;6;;1154;839;839;159;680;72.70;18.95
260408_23608_42054;7;;400;299;299;64;235;74.75;21.40
260408_23609_42054;8;;414;323;323;48;275;78.02;14.86
260408_23610_42054;9;;407;315;315;59;256;77.40;18.73
260408_23611_42054;10;;1038;692;692;102;590;66.67;14.74
260409_23612_42054;1;;687;426;426;110;316;62.01;25.82
260409_23613_42054;2;;767;546;546;134;412;71.19;24.54
260409_23614_42054;3;;895;483;483;78;405;53.97;16.15
260409_23615_42054;4;;914;593;593;75;518;64.88;12.65
260409_23616_42054;5;;1132;680;680;126;554;60.07;18.53
260409_23617_42054;6;;1395;851;851;137;714;61.00;16.10
260409_23618_42054;7;;1062;691;691;114;577;65.07;16.50
260409_23619_42054;8;;455;216;216;23;193;47.47;10.65
260409_23620_42054;9;;1065;635;635;90;545;59.62;14.17
260410_23621_42054;1;;2377;1257;1257;213;1044;52.88;16.95
260410_23622_42054;2;;1360;865;865;184;681;63.60;21.27
260410_23623_42054;3;;1301;739;739;147;592;56.80;19.89
260410_23624_42054;4;;1237;631;631;110;521;51.01;17.43
260410_23625_42054;5;;1517;902;902;109;793;59.46;12.08
260410_23626_42054;6;;1023;689;689;118;571;67.35;17.13
260411_23627_42054;1;;682;427;427;104;323;62.61;24.36
260411_23628_42054;2;;395;259;259;51;208;65.57;19.69
260411_23629_42054;3;;1867;1125;1126;216;909;60.26;19.20
260411_23630_42054;4;;2314;1549;1549;242;1307;66.94;15.62
260411_23631_42054;5;;599;341;341;85;256;56.93;24.93
260411_23632_42054;6;;1143;781;781;116;665;68.33;14.85
260411_23633_42054;7;;453;283;283;88;195;62.47;31.10
260412_23634_42054;1;;1745;949;949;114;835;54.38;12.01
260412_23635_42054;2;;1916;909;909;138;771;47.44;15.18
260412_23636_42054;3;;478;275;275;47;228;57.53;17.09
260412_23637_42054;4;;861;493;493;117;376;57.26;23.73
260412_23638_42054;5;;1429;685;685;163;522;47.94;23.80
260412_23639_42054;6;;2302;1215;1215;162;1053;52.78;13.33
260412_23640_42054;7;;940;522;522;58;464;55.53;11.11
260412_23641_42054;8;;1433;614;614;76;538;42.85;12.38
260412_23642_42054;9;;789;467;467;67;400;59.19;14.35
260413_23643_42054;1;;1515;936;936;198;738;61.78;21.15
260413_23644_42054;2;;427;241;242;45;196;56.44;18.67
260413_23645_42054;3;;896;598;598;91;507;66.74;15.22
260413_23646_42054;4;;1068;708;708;124;584;66.29;17.51
260413_23647_42054;5;;1978;1176;1176;185;991;59.45;15.73
260413_23648_42054;6;;994;630;630;141;489;63.38;22.38
260413_23649_42054;7;;782;488;488;53;435;62.40;10.86
260413_23650_42054;8;;550;416;416;76;340;75.64;18.27
260414_23651_42054;1;;1057;675;675;81;594;63.86;12.00
260414_23652_42054;2;;826;474;474;99;375;57.38;20.89
260414_23653_42054;3;;885;459;459;88;371;51.86;19.17
260414_23654_42054;4;;703;404;404;85;319;57.47;21.04
260414_23655_42054;5;;808;394;394;110;284;48.76;27.92
260414_23656_42054;6;;818;407;407;53;354;49.76;13.02
260414_23657_42054;7;;906;524;524;154;370;57.84;29.39
260414_23658_42054;8;;934;504;504;105;399;53.96;20.83
260414_23659_42054;9;;1181;608;608;148;460;51.48;24.34
260414_23660_42054;10;;1046;484;484;93;391;46.27;19.21
260414_23661_42054;11;;896;498;498;95;403;55.58;19.08
260414_23662_42054;12;;750;461;461;95;366;61.47;20.61
260414_23663_42054;13;;529;319;319;53;266;60.30;16.61
260414_23664_42054;14;;1034;512;513;110;402;49.52;21.48
260414_23665_42054;15;;452;214;214;58;156;47.35;27.10
260414_30457_42054;16;;21;18;18;0;18;85.71;0.00
260415_23666_42054;1;;1232;847;847;178;669;68.75;21.02
260415_23667_42054;2;;733;463;463;91;372;63.17;19.65
260415_23668_42054;3;;793;542;542;89;453;68.35;16.42
260415_23669_42054;4;;1140;786;786;110;676;68.95;13.99
260415_30458_42054;5;;50;33;33;18;15;66.00;54.55
260416_23670_42054;1;;425;243;243;56;187;57.18;23.05
260416_23671_42054;2;;369;207;207;31;176;56.10;14.98
260416_23672_42054;3;;538;277;277;45;232;51.49;16.25
260416_23673_42054;4;;680;422;422;73;349;62.06;17.30
260416_23674_42054;5;;665;356;356;53;303;53.53;14.89
260416_23675_42054;6;;352;166;166;28;138;47.16;16.87
260416_23676_42054;7;;350;215;215;39;176;61.43;18.14
260416_23677_42054;8;;260;162;162;38;124;62.31;23.46
260416_23678_42054;9;;664;423;423;70;353;63.70;16.55
260416_23679_42054;10;;574;248;248;51;197;43.21;20.56
260417_23680_42054;1;;603;451;451;80;371;74.79;17.74
260417_23681_42054;2;;568;374;374;68;306;65.85;18.18
260417_23682_42054;3;;873;577;577;122;455;66.09;21.14
260417_23683_42054;4;;938;590;590;99;491;62.90;16.78
260417_23684_42054;5;;1092;722;722;154;568;66.12;21.33
260417_23685_42054;6;;805;555;555;117;438;68.94;21.08
260417_23686_42054;7;;949;573;573;116;457;60.38;20.24
260418_23687_42054;1;;1515;896;896;143;753;59.14;15.96
260418_23688_42054;2;;1679;1116;1116;206;910;66.47;18.46
260418_23689_42054;3;;1186;677;677;130;547;57.08;19.20
260418_23690_42054;4;;714;429;429;80;349;60.08;18.65
260418_23691_42054;5;;1139;701;701;146;555;61.55;20.83
260418_23692_42054;6;;1103;684;684;125;559;62.01;18.27
260418_23693_42054;7;;842;530;530;128;402;62.95;24.15
260419_23694_42054;1;;501;296;296;63;233;59.08;21.28
260419_23695_42054;2;;1469;821;821;105;716;55.89;12.79
260419_23696_42054;3;;770;433;433;67;366;56.23;15.47
260419_23697_42054;4;;1677;900;900;98;802;53.67;10.89
260419_23698_42054;5;;1576;860;860;112;748;54.57;13.02
260419_23699_42054;6;;1200;688;688;112;576;57.33;16.28
260419_23700_42054;7;;511;210;210;44;166;41.10;20.95
260419_23701_42054;8;;723;456;456;70;386;63.07;15.35
260419_23702_42054;9;;700;358;358;63;295;51.14;17.60
260419_23703_42054;10;;1073;521;521;91;430;48.56;17.47
260419_23704_42054;11;;491;248;248;79;169;50.51;31.85
260501_23705_42053;1;;1370;820;820;280;540;59.85;34.15
260501_23706_42053;2;;1842;1068;1068;325;743;57.98;30.43
260501_23707_42053;3;;711;375;375;119;256;52.74;31.73
260502_23708_42053;1;;1139;725;725;145;580;63.65;20.00
260502_23709_42053;2;;521;293;293;100;193;56.24;34.13
260502_23710_42053;3;;924;587;587;137;450;63.53;23.34
260502_23711_42053;4;;595;337;337;96;241;56.64;28.49
260502_23712_42053;5;;688;419;419;122;297;60.90;29.12
260503_23713_42053;1;;1440;767;767;97;670;53.26;12.65
260503_23714_42053;2;;1473;697;697;97;600;47.32;13.92
260503_23715_42053;3;;1190;588;588;84;504;49.41;14.29
260503_23716_42053;4;;959;523;523;56;467;54.54;10.71
260503_23717_42053;5;;1670;863;863;104;759;51.68;12.05
260503_23718_42053;6;;1438;692;692;202;490;48.12;29.19
260503_23719_42053;7;;1380;758;758;230;528;54.93;30.34
260503_23720_42053;8;;1523;744;744;138;606;48.85;18.55
260503_23721_42053;9;;1831;914;914;131;783;49.92;14.33
260503_23722_42053;10;;1458;736;736;83;653;50.48;11.28
260503_23723_42053;11;;1410;796;797;95;701;56.45;11.93
260503_23724_42053;12;;1133;627;627;74;553;55.34;11.80
260503_23725_42053;13;;1211;544;544;97;447;44.92;17.83
260503_23726_42053;14;;1692;911;911;130;781;53.84;14.27
260503_23727_42053;15;;1397;770;770;135;635;55.12;17.53
260503_23728_42053;16;;1435;785;785;134;651;54.70;17.07
260503_23729_42053;17;;1492;758;758;128;630;50.80;16.89
260503_23730_42053;18;;1869;1036;1039;280;756;55.43;27.03
260503_23731_42053;19;;1326;682;682;116;566;51.43;17.01
260503_23732_42053;20;;1735;1045;1045;178;867;60.23;17.03
260503_23733_42053;21;;624;390;390;45;345;62.50;11.54
260503_23734_42053;22;;416;259;259;41;218;62.26;15.83
260503_30459_42053;23;;111;77;77;22;55;69.37;28.57
260503_30460_42053;24;;234;40;40;6;34;17.09;15.00
260504_23735_42053;1;;1546;1000;1000;167;833;64.68;16.70
260504_23736_42053;2;;1198;747;747;187;560;62.35;25.03
260504_23737_42053;3;;951;582;582;115;467;61.20;19.76
260504_23738_42053;4;;900;579;579;96;483;64.33;16.58
260504_23739_42053;5;;474;300;300;54;246;63.29;18.00
260504_23740_42053;6;;522;373;373;80;293;71.46;21.45
260504_23741_42053;7;;967;684;684;132;552;70.73;19.30
260504_23742_42053;8;;464;267;267;53;214;57.54;19.85
260504_23743_42053;9;;513;285;285;60;225;55.56;21.05
260505_23744_42053;1;;361;250;250;43;207;69.25;17.20
260505_23745_42053;2;;974;705;705;121;584;72.38;17.16
260505_23746_42053;3;;246;172;172;33;139;69.92;19.19
260505_23747_42053;4;;926;670;670;148;522;72.35;22.09
260505_23748_42053;5;;250;196;196;33;163;78.40;16.84
260506_23749_42053;1;;947;624;624;147;477;65.89;23.56
260506_23750_42053;2;;325;243;243;77;166;74.77;31.69
260506_23751_42053;3;;665;501;501;90;411;75.34;17.96
260506_23752_42053;4;;465;332;332;92;240;71.40;27.71
260506_23753_42053;5;;430;319;319;58;261;74.19;18.18
260507_23754_42053;1;;523;358;358;65;293;68.45;18.16
260507_23755_42053;2;;771;548;548;57;491;71.08;10.40
260507_23756_42053;3;;479;351;351;61;290;73.28;17.38
260507_23757_42053;4;;818;529;529;80;449;64.67;15.12
260507_23758_42053;5;;421;261;261;37;224;62.00;14.18
260508_23759_42053;1;;867;451;451;90;361;52.02;19.96
260508_23760_42053;2;;904;492;492;120;372;54.42;24.39
260508_23761_42053;3;;1215;671;671;84;587;55.23;12.52
260508_23762_42053;4;;1132;645;645;116;529;56.98;17.98
260508_23763_42053;5;;825;444;444;66;378;53.82;14.86
260508_23764_42053;6;;789;431;431;48;383;54.63;11.14
260508_23765_42053;7;;1081;530;530;103;427;49.03;19.43
260508_23766_42053;8;;1132;552;552;67;485;48.76;12.14
260508_23767_42053;9;;947;550;550;102;448;58.08;18.55
260508_23768_42053;10;;831;532;532;67;465;64.02;12.59
260508_23769_42053;11;;837;504;504;80;424;60.22;15.87
260508_23770_42053;12;;517;288;288;41;247;55.71;14.24
260508_23771_42053;13;;591;326;326;56;270;55.16;17.18
260508_23772_42053;14;;657;371;371;81;290;56.47;21.83
260508_23773_42053;15;;605;315;315;83;232;52.07;26.35
260508_23774_42053;16;;1047;520;520;93;427;49.67;17.88
260508_23775_42053;17;;1092;501;501;115;386;45.88;22.95
260601_23776_42052;1;;1915;1216;1216;337;879;63.50;27.71
260601_23777_42052;2;;966;574;574;89;485;59.42;15.51
260601_23778_42052;3;;708;369;369;102;267;52.12;27.64
260601_23779_42052;4;;560;364;364;90;274;65.00;24.73
260602_23781_42052;2;;1012;754;754;145;609;74.51;19.23
260602_23782_42052;3;;498;339;339;73;266;68.07;21.53
260602_23783_42052;4;;579;419;419;54;365;72.37;12.89
260602_23784_42052;5;;543;376;376;77;299;69.24;20.48
260602_23785_42052;6;;714;480;480;112;368;67.23;23.33
260603_23786_42052;1;;1711;1051;1051;183;868;61.43;17.41
260603_23787_42052;2;;1765;1010;1010;231;779;57.22;22.87
260603_23788_42052;3;;742;451;451;69;382;60.78;15.30
260603_23789_42052;4;;416;261;261;60;201;62.74;22.99
260604_23790_42052;1;;1334;862;864;125;737;64.62;14.50
260604_23791_42052;2;;1356;854;854;130;724;62.98;15.22
260604_23792_42052;3;;1334;856;856;111;745;64.17;12.97
260604_23793_42052;4;;1596;1056;1056;160;896;66.17;15.15
260604_23794_42052;5;;776;460;460;88;372;59.28;19.13
260604_23795_42052;6;;585;355;355;55;300;60.68;15.49
260604_23796_42052;7;;666;423;423;65;358;63.51;15.37
260604_23797_42052;8;;593;397;397;66;331;66.95;16.62
260604_23798_42052;9;;608;406;406;69;337;66.78;17.00
260604_23799_42052;10;;1166;705;705;140;565;60.46;19.86
260604_30461_42052;11;;105;94;94;34;60;89.52;36.17
260604_30462_42052;12;;49;15;15;5;10;30.61;33.33
260605_23800_42052;1;;1311;852;852;142;710;64.99;16.67
260605_23801_42052;2;;1216;750;751;97;653;61.68;12.93
260605_23802_42052;3;;1360;761;761;126;635;55.96;16.56
260605_23803_42052;4;;552;397;397;76;321;71.92;19.14
260605_23804_42052;5;;490;343;343;70;273;70.00;20.41
260605_23805_42052;6;;1118;724;724;128;596;64.76;17.68
260605_23806_42052;7;;635;441;441;101;340;69.45;22.90
260605_23807_42052;8;;573;387;387;73;314;67.54;18.86
260605_23808_42052;9;;489;273;273;36;237;55.83;13.19
260605_23809_42052;10;;654;359;359;69;290;54.89;19.22
260605_23810_42052;11;;653;420;420;93;327;64.32;22.14
260605_30463_42052;12;;42;41;41;12;29;97.62;29.27
260605_30464_42052;13;;31;20;20;7;13;64.52;35.00
260606_23811_42052;1;;972;623;623;109;514;64.09;17.50
260606_23812_42052;2;;936;567;567;110;457;60.58;19.40
260606_23813_42052;3;;820;547;547;141;406;66.71;25.78
260606_23814_42052;4;;738;445;445;69;376;60.30;15.51
260607_23815_42052;1;;1291;895;895;213;682;69.33;23.80
260607_23816_42052;2;;651;463;463;93;370;71.12;20.09
260607_23817_42052;3;;852;571;571;99;472;67.02;17.34
260607_23818_42052;4;;273;198;198;43;155;72.53;21.72
260607_23819_42052;5;;922;648;648;116;532;70.28;17.90
260607_23820_42052;6;;706;508;508;101;407;71.95;19.88
260608_23821_42052;1;;991;718;718;135;583;72.45;18.80
260608_23822_42052;2;;1166;754;754;134;620;64.67;17.77
260608_23823_42052;3;;732;485;486;70;415;66.26;14.43
260608_23824_42052;4;;646;405;405;82;323;62.69;20.25
260701_23825_42052;1;;1515;636;636;216;420;41.98;33.96
260701_23826_42052;2;;1360;668;668;102;566;49.12;15.27
260701_23827_42052;3;;1757;774;774;157;617;44.05;20.28
260701_23828_42052;4;;1739;596;596;115;481;34.27;19.30
260701_23829_42052;5;;1680;699;699;113;586;41.61;16.17
260701_23830_42052;6;;1122;450;450;158;292;40.11;35.11
260701_23831_42052;7;;1664;605;605;107;498;36.36;17.69
260701_23832_42052;8;;1472;519;519;81;438;35.26;15.61
260701_23833_42052;9;;1327;515;515;72;443;38.81;13.98
260701_23834_42052;10;;1546;582;582;58;524;37.65;9.97
260701_23835_42052;11;;2391;1024;1024;144;880;42.83;14.06
260701_23836_42052;12;;1765;654;654;90;564;37.05;13.76
260701_23837_42052;13;;1508;618;618;96;522;40.98;15.53
260701_23838_42052;14;;2031;852;852;128;724;41.95;15.02
260701_23839_42052;15;;2235;918;918;124;794;41.07;13.51
260701_23840_42052;16;;2271;809;809;109;700;35.62;13.47
260701_23841_42052;17;;2343;934;934;126;808;39.86;13.49
260701_23842_42052;18;;1500;559;560;132;427;37.27;23.61
260701_23843_42052;19;;1554;508;508;138;370;32.69;27.17
260701_23844_42052;20;;1569;622;622;73;549;39.64;11.74
260701_23845_42052;21;;1384;492;492;72;420;35.55;14.63
260701_23846_42052;22;;2452;942;942;113;829;38.42;12.00
260701_23847_42052;23;;1275;535;535;79;456;41.96;14.77
260701_23848_42052;24;;1248;531;531;79;452;42.55;14.88
260701_23849_42052;25;;1256;478;478;68;410;38.06;14.23
260701_23850_42052;26;;1213;459;459;65;394;37.84;14.16
260701_23851_42052;27;;1270;560;560;119;441;44.09;21.25
260701_23852_42052;28;;1220;530;530;74;456;43.44;13.96
260701_23853_42052;29;;2168;1066;1066;96;970;49.17;9.01
260701_23854_42052;30;;2085;895;895;66;829;42.93;7.37
260701_23855_42052;31;;1971;801;801;132;669;40.64;16.48
260701_23856_42052;32;;1617;751;751;69;682;46.44;9.19
260701_23857_42052;33;;2265;923;923;116;807;40.75;12.57
260701_23858_42052;34;;1466;697;697;110;587;47.54;15.78
260701_23859_42052;35;;1920;901;901;253;648;46.93;28.08
260701_30465_42052;36;;172;138;138;18;120;80.23;13.04
260701_30466_42052;37;;106;78;78;28;50;73.58;35.90
260701_30467_42052;38;;275;50;50;16;34;18.18;32.00
260702_23860_42052;1;;1134;809;809;121;688;71.34;14.96
260702_23861_42052;2;;668;442;442;121;321;66.17;27.38
260702_23862_42052;3;;697;529;529;94;435;75.90;17.77
260702_23863_42052;4;;542;398;398;95;303;73.43;23.87
260702_23864_42052;5;;94;75;75;12;63;79.79;16.00
260703_23865_42052;1;;1393;663;663;127;536;47.60;19.16
260703_23866_42052;2;;717;305;305;62;243;42.54;20.33
260703_23867_42052;3;;1317;520;520;115;405;39.48;22.12
260703_23868_42052;4;;1835;846;846;115;731;46.10;13.59
260703_23869_42052;5;;1054;475;475;102;373;45.07;21.47
260703_23870_42052;6;;778;316;316;75;241;40.62;23.73
260703_23871_42052;7;;908;390;390;76;314;42.95;19.49
260703_23872_42052;8;;912;325;325;69;256;35.64;21.23
260703_23873_42052;9;;575;292;292;57;235;50.78;19.52
260703_23874_42052;10;;627;234;234;64;170;37.32;27.35
260703_23875_42052;11;;749;314;314;51;263;41.92;16.24
260703_23876_42052;12;;383;209;209;52;157;54.57;24.88
260704_23877_42052;1;;1442;829;829;202;627;57.49;24.37
260704_23878_42052;2;;1838;1047;1047;229;818;56.96;21.87
260704_23879_42052;3;;1966;1154;1154;171;983;58.70;14.82
260704_23880_42052;4;;378;204;204;36;168;53.97;17.65
260704_23881_42052;5;;378;238;238;27;211;62.96;11.34
260704_23882_42052;6;;387;245;245;39;206;63.31;15.92
260705_23883_42052;1;;459;247;247;49;198;53.81;19.84
260705_23884_42052;2;;600;276;276;50;226;46.00;18.12
260705_23885_42052;3;;351;222;222;58;164;63.25;26.13
260705_23886_42052;4;;1183;637;637;156;481;53.85;24.49
260705_23887_42052;5;;1147;667;667;174;493;58.15;26.09
260705_23888_42052;6;;1807;938;938;218;720;51.91;23.24
260705_23889_42052;7;;587;307;307;76;231;52.30;24.76
260705_23890_42052;8;;466;194;194;32;162;41.63;16.49
260705_23891_42052;9;;663;328;328;77;251;49.47;23.48
260705_23892_42052;10;;647;327;327;105;222;50.54;32.11
260705_23893_42052;11;;402;217;217;41;176;53.98;18.89
260706_23894_42052;1;;1164;599;599;166;433;51.46;27.71
260706_23895_42052;2;;732;307;307;74;233;41.94;24.10
260706_23896_42052;3;;607;386;386;97;289;63.59;25.13
260706_23897_42052;4;;1554;669;669;179;490;43.05;26.76
260706_23898_42052;5;;792;372;372;77;295;46.97;20.70
260706_23899_42052;6;;856;390;390;73;317;45.56;18.72
260801_23900_42055;1;;868;385;385;66;319;44.35;17.14
260801_23901_42055;2;;941;573;573;101;472;60.89;17.63
260801_23902_42055;3;;919;505;505;44;461;54.95;8.71
260801_23903_42055;4;;522;290;290;53;237;55.56;18.28
260801_23904_42055;5;;631;373;373;62;311;59.11;16.62
260801_23905_42055;6;;577;302;302;56;246;52.34;18.54
260802_23906_42055;1;;556;327;327;42;285;58.81;12.84
260802_23907_42055;2;;1584;941;941;183;758;59.41;19.45
260802_23908_42055;3;;770;461;461;108;353;59.87;23.43
260802_23909_42055;4;;848;574;574;72;502;67.69;12.54
260803_23910_42055;1;;645;472;472;74;398;73.18;15.68
260803_23911_42055;2;;752;500;500;69;431;66.49;13.80
260803_23912_42055;3;;1267;914;914;137;777;72.14;14.99
260803_23913_42055;4;;475;307;307;98;209;64.63;31.92
260803_23914_42055;5;;783;452;453;84;368;57.73;18.58
260804_23915_42055;1;;1888;992;992;127;865;52.54;12.80
260804_23916_42055;2;;1377;724;724;135;589;52.58;18.65
260804_23917_42055;3;;1833;990;990;133;857;54.01;13.43
260804_23918_42055;4;;933;592;592;176;416;63.45;29.73
260804_23919_42055;5;;1609;839;839;126;713;52.14;15.02
260804_23920_42055;6;;867;429;430;74;355;49.48;17.25
260804_23921_42055;7;;961;542;542;50;492;56.40;9.23
260804_23922_42055;8;;909;533;533;51;482;58.64;9.57
260804_23923_42055;9;;1426;738;738;100;638;51.75;13.55
260804_23924_42055;10;;602;341;342;49;292;56.64;14.37
260804_23925_42055;11;;1544;798;798;76;722;51.68;9.52
260804_23926_42055;12;;1849;962;962;118;844;52.03;12.27
260804_23927_42055;13;;945;539;539;130;409;57.04;24.12
260804_23928_42055;14;;828;435;435;36;399;52.54;8.28
260804_30468_42055;15;;179;26;26;6;20;14.53;23.08
260804_30469_42055;16;;70;45;45;15;30;64.29;33.33
260804_30470_42055;17;;516;72;72;31;41;13.95;43.06
260805_23929_42055;1;;1243;823;823;114;709;66.21;13.85
260805_23930_42055;2;;1428;872;872;125;747;61.06;14.33
260805_23931_42055;3;;1266;869;869;117;752;68.64;13.46
260901_23932_42052;1;;1757;897;897;193;704;51.05;21.52
260901_23933_42052;2;;1943;1013;1013;161;852;52.14;15.89
260901_23934_42052;3;;1733;955;955;215;740;55.11;22.51
260901_23935_42052;4;;1087;565;565;90;475;51.98;15.93
260901_23936_42052;5;;1053;451;451;108;343;42.83;23.95
260901_23937_42052;6;;1030;444;444;69;375;43.11;15.54
260901_23938_42052;7;;2045;973;973;154;819;47.58;15.83
260901_23939_42052;8;;1942;960;960;111;849;49.43;11.56
260901_23940_42052;9;;935;419;419;78;341;44.81;18.62
260901_23941_42052;10;;1775;790;790;246;544;44.51;31.14
260901_23942_42052;11;;2157;1012;1012;199;813;46.92;19.66
260901_23943_42052;12;;808;428;428;43;385;52.97;10.05
260901_23944_42052;13;;1849;878;878;105;773;47.49;11.96
260901_30471_42052;14;;292;19;19;1;18;6.51;5.26
260901_30472_42052;15;;89;48;48;15;33;53.93;31.25
260902_23945_42052;1;;1584;722;722;132;590;45.58;18.28
260902_23946_42052;2;;662;315;315;60;255;47.58;19.05
260902_23947_42052;3;;728;378;378;78;300;51.92;20.63
260902_23948_42052;4;;641;330;330;64;266;51.48;19.39
260902_23949_42052;5;;1056;484;484;93;391;45.83;19.21
260902_23950_42052;6;;575;255;255;65;190;44.35;25.49
260902_23951_42052;7;;1013;430;430;105;325;42.45;24.42
260902_23952_42052;8;;1210;633;633;123;510;52.31;19.43
260903_23953_42052;1;;1636;1031;1031;217;814;63.02;21.05
260903_23954_42052;2;;1125;714;714;210;504;63.47;29.41
260903_23955_42052;3;;1100;749;749;175;574;68.09;23.36
260903_23956_42052;4;;482;305;305;62;243;63.28;20.33
260903_23957_42052;5;;594;324;324;78;246;54.55;24.07
260903_23958_42052;6;;649;497;497;154;343;76.58;30.99
260903_23959_42052;7;;417;211;211;35;176;50.60;16.59
260903_23960_42052;8;;923;602;602;159;443;65.22;26.41
260904_23961_42052;1;;2128;1347;1347;248;1099;63.30;18.41
260904_23962_42052;2;;746;491;491;109;382;65.82;22.20
260904_23963_42052;3;;431;252;252;51;201;58.47;20.24
260904_23964_42052;4;;679;451;451;66;385;66.42;14.63
260904_23965_42052;5;;708;456;456;78;378;64.41;17.11
260904_23966_42052;6;;431;298;298;57;241;69.14;19.13
260904_23967_42052;7;;623;371;371;96;275;59.55;25.88
260905_23968_42052;1;;2331;1415;1415;151;1264;60.70;10.67
260905_23969_42052;2;;860;454;454;75;379;52.79;16.52
260905_23970_42052;3;;1370;814;814;158;656;59.42;19.41
260905_23971_42052;4;;1677;1120;1120;156;964;66.79;13.93
260906_23972_42052;1;;1704;927;927;158;769;54.40;17.04
260906_23973_42052;2;;841;536;536;175;361;63.73;32.65
260906_23974_42052;3;;1065;568;568;101;467;53.33;17.78
260906_23975_42052;4;;1103;616;616;133;483;55.85;21.59
260906_23976_42052;5;;787;374;374;74;300;47.52;19.79
260907_23977_42052;1;;1565;889;889;163;726;56.81;18.34
260907_23978_42052;2;;918;551;551;85;466;60.02;15.43
260907_23979_42052;3;;908;558;558;98;460;61.45;17.56
260907_23980_42052;4;;1048;606;606;121;485;57.82;19.97
260907_23981_42052;5;;950;468;468;91;377;49.26;19.44
260907_23982_42052;6;;967;533;533;106;427;55.12;19.89
260907_23983_42052;7;;931;486;486;87;399;52.20;17.90
260908_23984_42052;1;;927;530;530;120;410;57.17;22.64
260908_23985_42052;2;;676;339;339;69;270;50.15;20.35
260908_23986_42052;3;;532;323;323;59;264;60.71;18.27
260908_23987_42052;4;;643;398;398;80;318;61.90;20.10
260908_23988_42052;5;;404;224;224;45;179;55.45;20.09
260909_23989_42052;1;;1524;1010;1010;215;795;66.27;21.29
260909_23990_42052;2;;1451;856;856;226;630;58.99;26.40
260909_23991_42052;3;;785;436;436;115;321;55.54;26.38
261001_23992_42053;1;;1143;551;551;78;473;48.21;14.16
261001_23993_42053;2;;1265;678;678;109;569;53.60;16.08
261001_23994_42053;3;;1415;621;621;109;512;43.89;17.55
261001_23995_42053;4;;810;330;330;39;291;40.74;11.82
261001_23996_42053;5;;1381;645;645;159;486;46.71;24.65
261001_23997_42053;6;;842;421;422;87;334;50.00;20.67
261001_23998_42053;7;;1536;705;705;114;591;45.90;16.17
261001_23999_42053;8;;1247;701;701;63;638;56.21;8.99
261001_24000_42053;9;;1210;558;558;77;481;46.12;13.80
261001_24001_42053;10;;1159;589;589;69;520;50.82;11.71
261001_24002_42053;11;;903;416;416;54;362;46.07;12.98
261001_24003_42053;12;;973;505;505;56;449;51.90;11.09
261001_24004_42053;13;;1918;810;810;127;683;42.23;15.68
261001_24005_42053;14;;2158;1030;1030;146;884;47.73;14.17
261001_24006_42053;15;;2288;974;974;120;854;42.57;12.32
261001_24007_42053;16;;1514;715;715;100;615;47.23;13.99
261001_24008_42053;17;;1281;562;562;80;482;43.87;14.23
261001_24009_42053;18;;2037;852;852;104;748;41.83;12.21
261001_24010_42053;19;;1717;733;733;99;634;42.69;13.51
261001_24011_42053;20;;1865;968;968;123;845;51.90;12.71
261001_24012_42053;21;;1491;666;666;76;590;44.67;11.41
261001_24013_42053;22;;1940;942;942;117;825;48.56;12.42
261001_24014_42053;23;;2103;1027;1029;127;900;48.83;12.37
261001_24015_42053;24;;2154;963;963;150;813;44.71;15.58
261001_24016_42053;25;;2228;1083;1083;187;896;48.61;17.27
261001_24017_42053;26;;1553;702;702;100;602;45.20;14.25
261001_30473_42053;27;;80;29;29;1;28;36.25;3.45
261001_30474_42053;28;;36;2;2;0;2;5.56;0.00
261001_30475_42053;29;;47;37;37;8;29;78.72;21.62
261002_24018_42053;1;;1494;759;759;153;606;50.80;20.16
261002_24019_42053;2;;2175;1041;1041;218;823;47.86;20.94
261002_24020_42053;3;;1739;889;889;172;717;51.12;19.35
261002_24021_42053;4;;973;428;428;107;321;43.99;25.00
261002_24022_42053;5;;695;318;318;60;258;45.76;18.87
261003_24023_42053;1;;851;563;563;103;460;66.16;18.29
261003_24024_42053;2;;235;172;172;46;126;73.19;26.74
261003_24025_42053;3;;1014;686;686;157;529;67.65;22.89
261003_24026_42053;4;;637;418;418;100;318;65.62;23.92
261003_24027_42053;5;;538;295;295;80;215;54.83;27.12
261003_24028_42053;6;;1008;637;637;113;524;63.19;17.74
261004_24029_42053;1;;808;454;454;92;362;56.19;20.26
261004_24030_42053;2;;605;380;380;62;318;62.81;16.32
261004_24031_42053;3;;2179;1316;1316;180;1136;60.39;13.68
261004_24032_42053;4;;1015;467;467;110;357;46.01;23.55
261004_24033_42053;5;;599;354;354;140;214;59.10;39.55
261005_24034_42053;1;;726;393;393;69;324;54.13;17.56
261005_24035_42053;2;;1163;650;650;144;506;55.89;22.15
261005_24036_42053;3;;698;398;398;81;317;57.02;20.35
261005_24037_42053;4;;810;458;458;81;377;56.54;17.69
261005_24038_42053;5;;669;410;410;98;312;61.29;23.90
261005_24039_42053;6;;571;353;353;75;278;61.82;21.25
261005_24040_42053;7;;581;342;342;60;282;58.86;17.54
261005_24041_42053;8;;1152;729;729;127;602;63.28;17.42
261005_24042_42053;9;;1037;591;591;118;473;56.99;19.97
261005_24043_42053;10;;818;486;486;79;407;59.41;16.26
261005_24044_42053;11;;367;238;238;49;189;64.85;20.59
261005_24045_42053;12;;396;215;215;41;174;54.29;19.07
261101_24046_42053;1;;2168;999;999;127;872;46.08;12.71
261101_24047_42053;2;;1597;694;694;141;553;43.46;20.32
261101_24048_42053;3;;1896;762;762;120;642;40.19;15.75
261101_24049_42053;4;;1412;648;648;106;542;45.89;16.36
261101_24050_42053;5;;2375;1103;1103;271;832;46.44;24.57
261101_24051_42053;6;;1948;730;730;110;620;37.47;15.07
261101_24052_42053;7;;1765;843;843;130;713;47.76;15.42
261101_24053_42053;8;;1754;849;849;127;722;48.40;14.96
261101_24054_42053;9;;1391;652;652;104;548;46.87;15.95
261101_24055_42053;10;;2092;939;939;124;815;44.89;13.21
261101_24056_42053;11;;2068;1006;1006;150;856;48.65;14.91
261101_24057_42053;12;;1855;922;922;119;803;49.70;12.91
261101_24058_42053;13;;2401;1017;1017;206;811;42.36;20.26
261101_24059_42053;14;;1912;846;846;122;724;44.25;14.42
261101_24060_42053;15;;1757;721;722;111;610;41.04;15.40
261101_24061_42053;16;;1713;772;772;102;670;45.07;13.21
261101_24062_42053;17;;1833;801;801;115;686;43.70;14.36
261101_24063_42053;18;;1864;787;787;113;674;42.22;14.36
261101_24064_42053;19;;2280;963;963;177;786;42.24;18.38
261101_24065_42053;20;;1642;819;819;119;700;49.88;14.53
261101_24066_42053;21;;1965;886;886;148;738;45.09;16.70
261101_24067_42053;22;;1785;810;810;105;705;45.38;12.96
261101_24068_42053;23;;1315;552;552;92;460;41.98;16.67
261101_30476_42053;24;;257;44;44;11;33;17.12;25.00
261101_30477_42053;25;;106;51;51;14;37;48.11;27.45
261102_24069_42053;1;;775;480;480;115;365;61.94;23.96
261102_24070_42053;2;;702;443;443;64;379;63.11;14.45
261102_24071_42053;3;;748;429;429;101;328;57.35;23.54
261102_24072_42053;4;;726;394;394;106;288;54.27;26.90
261102_24073_42053;5;;793;354;354;73;281;44.64;20.62
261102_24074_42053;6;;401;244;244;63;181;60.85;25.82
261102_24075_42053;7;;885;430;430;90;340;48.59;20.93
261102_24076_42053;8;;887;550;550;109;441;62.01;19.82
261102_24077_42053;9;;505;305;305;61;244;60.40;20.00
261102_24078_42053;10;;687;319;319;97;222;46.43;30.41
261102_24079_42053;11;;905;418;418;118;300;46.19;28.23
261102_24080_42053;12;;1027;632;632;135;497;61.54;21.36
261103_24081_42053;1;;1039;719;719;140;579;69.20;19.47
261103_24082_42053;2;;463;329;329;57;272;71.06;17.33
261103_24083_42053;3;;711;505;505;75;430;71.03;14.85
261103_24084_42053;4;;1005;689;689;126;563;68.56;18.29
261103_24085_42053;5;;1036;704;704;135;569;67.95;19.18
261103_24086_42053;6;;806;510;510;100;410;63.28;19.61
261103_24087_42053;7;;656;406;406;98;308;61.89;24.14
261103_24088_42053;8;;488;344;344;59;285;70.49;17.15
261103_24089_42053;9;;721;514;514;92;422;71.29;17.90
261104_24090_42053;1;;508;293;293;41;252;57.68;13.99
261104_24091_42053;2;;556;296;296;85;211;53.24;28.72
261104_24092_42053;3;;1544;989;989;184;805;64.05;18.60
261104_24093_42053;4;;844;469;469;120;349;55.57;25.59
261104_24094_42053;5;;1577;1068;1068;201;867;67.72;18.82
261104_24095_42053;6;;765;484;484;80;404;63.27;16.53
261104_24096_42053;7;;436;270;270;79;191;61.93;29.26
261104_24097_42053;8;;1260;671;671;199;472;53.25;29.66
261104_24098_42053;9;;1626;913;913;205;708;56.15;22.45
261104_24099_42053;10;;1379;758;758;154;604;54.97;20.32
261104_24100_42053;11;;534;319;319;85;234;59.74;26.65
261104_24101_42053;12;;461;275;275;50;225;59.65;18.18
261104_24102_42053;13;;611;369;369;115;254;60.39;31.17
261104_30478_42053;14;;78;45;45;12;33;57.69;26.67
261105_24103_42053;1;;1199;726;726;139;587;60.55;19.15
261105_24104_42053;2;;1220;682;682;123;559;55.90;18.04
261105_24105_42053;3;;1313;772;772;176;596;58.80;22.80
261105_24106_42053;4;;1286;694;694;131;563;53.97;18.88
261105_24107_42053;5;;528;307;307;53;254;58.14;17.26
261105_24108_42053;6;;384;243;243;44;199;63.28;18.11
261201_24109_42052;1;;1994;1235;1235;276;959;61.94;22.35
261201_24110_42052;2;;1145;795;795;147;648;69.43;18.49
261201_24111_42052;3;;471;326;327;68;258;69.21;20.86
261201_24112_42052;4;;422;273;273;85;188;64.69;31.14
261201_24113_42052;5;;1420;938;938;250;688;66.06;26.65
261201_24114_42052;6;;957;675;675;165;510;70.53;24.44
261202_24115_42052;1;;1290;797;797;166;631;61.78;20.83
261202_24116_42052;2;;713;438;438;83;355;61.43;18.95
261202_24117_42052;3;;975;568;568;155;413;58.26;27.29
261202_24118_42052;4;;552;366;366;104;262;66.30;28.42
261203_24119_42052;1;;480;282;282;82;200;58.75;29.08
261203_24120_42052;2;;1107;594;594;111;483;53.66;18.69
261203_24121_42052;3;;1108;497;497;127;370;44.86;25.55
261203_24122_42052;4;;593;328;328;77;251;55.31;23.48
261204_24123_42052;1;;1672;1287;1287;170;1117;76.97;13.21
261204_24124_42052;2;;266;171;171;55;116;64.29;32.16
261204_24125_42052;3;;871;589;589;107;482;67.62;18.17
261204_24126_42052;4;;813;552;552;148;404;67.90;26.81
261204_24127_42052;5;;854;666;666;156;510;77.99;23.42
261204_24128_42052;6;;380;246;246;49;197;64.74;19.92
261204_24129_42052;7;;523;364;365;59;305;69.60;16.21
261204_24130_42052;8;;601;401;401;78;323;66.72;19.45
261204_24131_42052;9;;433;325;325;44;281;75.06;13.54
261205_24132_42052;1;;2223;1282;1282;179;1103;57.67;13.96
261205_24133_42052;2;;1246;658;658;116;542;52.81;17.63
261205_24134_42052;3;;1474;806;806;152;654;54.68;18.86
261205_24135_42052;4;;2041;1258;1258;180;1078;61.64;14.31
261205_24136_42052;5;;594;361;361;53;308;60.77;14.68
261205_24137_42052;6;;590;345;345;54;291;58.47;15.65
261205_24138_42052;7;;663;387;387;90;297;58.37;23.26
261205_24139_42052;8;;1038;650;650;114;536;62.62;17.54
261206_24140_42052;1;;1534;785;785;175;610;51.17;22.29
261206_24141_42052;2;;759;428;428;76;352;56.39;17.76
261206_24142_42052;3;;1434;703;703;162;541;49.02;23.04
261206_24143_42052;4;;675;400;400;115;285;59.26;28.75
261206_24144_42052;5;;476;254;254;46;208;53.36;18.11
261206_24145_42052;6;;337;140;140;26;114;41.54;18.57
261207_24146_42052;1;;851;515;515;36;479;60.52;6.99
261207_24147_42052;2;;820;484;484;59;425;59.02;12.19
261207_24148_42052;3;;836;459;459;63;396;54.90;13.73
261207_24149_42052;4;;1058;583;583;63;520;55.10;10.81
261207_24150_42052;5;;1063;673;673;82;591;63.31;12.18
261207_24151_42052;6;;1070;593;593;63;530;55.42;10.62
261207_24152_42052;7;;1133;562;562;90;472;49.60;16.01
261207_24153_42052;8;;914;528;528;64;464;57.77;12.12
261207_24154_42052;9;;776;450;450;59;391;57.99;13.11
261207_24155_42052;10;;1092;652;652;89;563;59.71;13.65
261207_24156_42052;11;;1042;606;606;67;539;58.16;11.06
261207_24157_42052;12;;1084;630;630;73;557;58.12;11.59
261207_24158_42052;13;;1068;574;574;62;512;53.75;10.80
261207_24159_42052;14;;1140;659;659;170;489;57.81;25.80
261207_24160_42052;15;;1317;729;729;156;573;55.35;21.40
261207_24161_42052;16;;1245;773;773;121;652;62.09;15.65
261207_24162_42052;17;;1091;651;651;101;550;59.67;15.51
261207_24163_42052;18;;937;569;569;63;506;60.73;11.07
261207_24164_42052;19;;1089;610;610;86;524;56.01;14.10
261207_24165_42052;20;;1066;630;630;125;505;59.10;19.84
261207_24166_42052;21;;633;449;449;76;373;70.93;16.93
261207_24167_42052;22;;425;285;285;48;237;67.06;16.84
261207_30479_42052;23;;57;12;12;0;12;21.05;0.00
261207_30480_42052;24;;93;57;57;0;57;61.29;0.00
261207_30481_42052;25;;22;19;19;3;16;86.36;15.79
261208_24168_42052;1;;583;357;357;59;298;61.23;16.53
261208_24169_42052;2;;619;357;357;54;303;57.67;15.13
261208_24170_42052;3;;777;461;461;111;350;59.33;24.08
261208_24171_42052;4;;905;626;626;68;558;69.17;10.86
261208_24172_42052;5;;499;281;281;69;212;56.31;24.56
261208_24173_42052;6;;620;350;350;71;279;56.45;20.29
261208_30482_42052;7;;23;14;14;7;7;60.87;50.00
261301_24174_42055;1;;1797;1142;1142;148;994;63.55;12.96
261301_24175_42055;2;;667;392;392;57;335;58.77;14.54
261301_24176_42055;3;;932;538;538;103;435;57.73;19.14
261301_24177_42055;4;;884;561;561;126;435;63.46;22.46
261302_24178_42055;1;;1899;1096;1096;248;848;57.71;22.63
261302_24179_42055;2;;710;425;425;159;266;59.86;37.41
261302_24180_42055;3;;782;415;415;79;336;53.07;19.04
261302_24181_42055;4;;2074;1081;1081;187;894;52.12;17.30
261302_24182_42055;5;;692;396;396;102;294;57.23;25.76
261302_24183_42055;6;;844;450;450;109;341;53.32;24.22
261302_24184_42055;7;;1680;1037;1037;192;845;61.73;18.51
261303_24185_42055;1;;967;607;607;102;505;62.77;16.80
261303_24186_42055;2;;961;700;700;139;561;72.84;19.86
261303_24187_42055;3;;227;157;157;27;130;69.16;17.20
261303_24188_42055;4;;233;164;164;28;136;70.39;17.07
261304_24189_42055;1;;583;291;292;55;236;49.91;18.90
261304_24190_42055;2;;691;358;358;46;312;51.81;12.85
261304_24191_42055;3;;864;558;558;68;490;64.58;12.19
261305_24192_42055;1;;1080;729;729;174;555;67.50;23.87
261305_24193_42055;2;;598;341;341;90;251;57.02;26.39
261305_24194_42055;3;;544;323;323;80;243;59.38;24.77
261305_24195_42055;4;;399;264;264;70;194;66.17;26.52
261305_24196_42055;5;;343;199;199;40;159;58.02;20.10
261305_24197_42055;6;;688;469;469;62;407;68.17;13.22
261305_24198_42055;7;;493;327;327;83;244;66.33;25.38
261306_24199_42055;1;;943;603;603;86;517;63.94;14.26
261306_24200_42055;2;;1762;1054;1055;131;923;59.82;12.43
261306_24201_42055;3;;2286;1300;1300;146;1154;56.87;11.23
261306_24202_42055;4;;1546;897;898;120;777;58.02;13.38
261306_24203_42055;5;;2069;1162;1163;174;988;56.16;14.97
261306_24204_42055;6;;1746;1122;1124;131;991;64.26;11.68
261306_24205_42055;7;;996;607;607;44;563;60.94;7.25
261306_24206_42055;8;;605;392;392;75;317;64.79;19.13
261306_24207_42055;9;;824;503;503;46;457;61.04;9.15
261306_24208_42055;10;;806;485;485;71;414;60.17;14.64
261306_24209_42055;11;;695;413;413;61;352;59.42;14.77
261306_24210_42055;12;;666;351;351;47;304;52.70;13.39
261306_24211_42055;13;;1440;836;836;123;713;58.06;14.71
261306_30483_42055;14;;106;35;35;4;31;33.02;11.43
261306_30484_42055;15;;81;54;54;11;43;66.67;20.37
266101_24212_42054;1;;2267;867;867;66;801;38.24;7.61
266101_24213_42054;2;;2342;790;790;69;721;33.73;8.73
266101_24214_42054;3;;1939;882;882;86;796;45.49;9.75
266101_24215_42054;4;;1130;503;503;50;453;44.51;9.94
266101_24216_42054;5;;1750;824;824;61;763;47.09;7.40
266101_24217_42054;6;;1133;502;502;35;467;44.31;6.97
266101_24218_42054;7;;1009;347;347;55;292;34.39;15.85
266101_24219_42054;8;;2266;955;955;78;877;42.14;8.17
266101_24220_42054;9;;2146;862;862;47;815;40.17;5.45
266101_24221_42054;10;;2322;888;888;156;732;38.24;17.57
266101_24222_42054;11;;1729;690;690;42;648;39.91;6.09
266101_24223_42054;12;;2008;757;757;35;722;37.70;4.62
266101_24224_42054;13;;1789;615;615;33;582;34.38;5.37
266101_24225_42054;14;;1738;520;520;38;482;29.92;7.31
266101_24226_42054;15;;1888;738;738;40;698;39.09;5.42
266101_24227_42054;16;;1905;752;752;50;702;39.48;6.65
266101_24228_42054;17;;1797;726;727;35;691;40.40;4.82
266101_24229_42054;18;;1934;809;809;60;749;41.83;7.42
266101_24230_42054;19;;1973;668;668;58;610;33.86;8.68
266101_24231_42054;20;;2167;824;825;64;760;38.02;7.77
266101_24232_42054;21;;2247;887;887;66;821;39.47;7.44
266101_24233_42054;22;;1702;654;654;88;566;38.43;13.46
266101_24234_42054;23;;2038;943;943;51;892;46.27;5.41
266101_24235_42054;24;;2365;1073;1073;64;1009;45.37;5.96
266101_24236_42054;25;;2052;912;912;79;833;44.44;8.66
266101_24237_42054;26;;2353;957;957;47;910;40.67;4.91
266101_24238_42054;27;;2365;962;962;68;894;40.68;7.07
266101_24239_42054;28;;2239;985;998;55;930;43.99;5.58
266101_24240_42054;29;;2201;700;700;59;641;31.80;8.43
266101_24241_42054;30;;2165;699;699;140;559;32.29;20.03
266101_24242_42054;31;;2276;795;795;69;726;34.93;8.68
266101_24243_42054;32;;2343;725;725;92;633;30.94;12.69
266101_24244_42054;33;;1100;404;404;28;376;36.73;6.93
266101_24245_42054;34;;2439;1106;1106;40;1066;45.35;3.62
266101_24246_42054;35;;2163;1049;1049;63;986;48.50;6.01
266101_24247_42054;36;;2185;887;887;68;819;40.59;7.67
266101_24248_42054;37;;2226;884;884;84;800;39.71;9.50
266101_24249_42054;38;;2110;878;878;64;814;41.61;7.29
266101_24250_42054;39;;1367;581;581;27;554;42.50;4.65
266101_24251_42054;40;;1795;765;765;54;711;42.62;7.06
266101_24252_42054;41;;2405;943;943;81;862;39.21;8.59
266101_24253_42054;42;;2341;981;986;74;907;41.91;7.54
266101_24254_42054;43;;2472;937;937;68;869;37.90;7.26
266101_24255_42054;44;;2318;980;980;156;824;42.28;15.92
266101_24256_42054;45;;2335;1032;1032;63;969;44.20;6.10
266101_24257_42054;46;;2387;926;926;63;863;38.79;6.80
266101_24258_42054;47;;2360;898;898;51;847;38.05;5.68
266101_24259_42054;48;;1839;836;836;68;768;45.46;8.13
266101_24260_42054;49;;1672;722;722;26;696;43.18;3.60
266101_24261_42054;50;;1740;787;787;44;743;45.23;5.59
266101_24262_42054;51;;2294;994;994;97;897;43.33;9.76
266101_24263_42054;52;;2125;924;924;81;843;43.48;8.77
266101_24264_42054;53;;1962;856;856;81;775;43.63;9.46
266101_24265_42054;54;;1886;818;818;75;743;43.37;9.17
266101_24266_42054;55;;2006;895;895;64;831;44.62;7.15
266101_24267_42054;56;;2289;1114;1114;58;1056;48.67;5.21
266101_24268_42054;57;;1386;525;525;47;478;37.88;8.95
266101_24269_42054;58;;2180;834;839;62;772;38.26;7.43
266101_24270_42054;59;;2232;951;951;64;887;42.61;6.73
266101_24271_42054;60;;2118;909;909;32;877;42.92;3.52
266101_24272_42054;61;;2265;954;954;64;890;42.12;6.71
266101_24273_42054;62;;2062;931;931;83;848;45.15;8.92
266101_24274_42054;63;;2075;941;941;44;897;45.35;4.68
266101_24275_42054;64;;547;261;261;21;240;47.71;8.05
266101_24276_42054;65;;1774;846;846;64;782;47.69;7.57
266101_24277_42054;66;;2076;891;891;65;826;42.92;7.30
266101_24278_42054;67;;1929;953;953;61;892;49.40;6.40
266101_24279_42054;68;;1172;449;449;18;431;38.31;4.01
266101_24280_42054;69;;2332;659;659;49;610;28.26;7.44
266101_24281_42054;70;;1868;697;697;55;642;37.31;7.89
266101_24282_42054;71;;2364;928;928;75;853;39.26;8.08
266101_24283_42054;72;;2025;828;828;77;751;40.89;9.30
266101_24284_42054;73;;1711;730;730;57;673;42.67;7.81
266101_24285_42054;74;;1490;548;548;32;516;36.78;5.84
266101_24286_42054;75;;2260;1018;1018;81;937;45.04;7.96
266101_24287_42054;76;;896;373;373;37;336;41.63;9.92
266101_24288_42054;77;;1378;516;516;34;482;37.45;6.59
266101_24289_42054;78;;2285;914;914;66;848;40.00;7.22
266101_24290_42054;79;;1906;853;853;46;807;44.75;5.39
266101_24291_42054;80;;1883;812;812;43;769;43.12;5.30
266101_24292_42054;81;;803;413;413;38;375;51.43;9.20
266101_24293_42054;82;;1404;506;506;37;469;36.04;7.31
266101_30485_42054;83;;73;11;11;0;11;15.07;0.00
266101_30486_42054;84;;97;52;52;1;51;53.61;1.92
266101_30487_42054;85;;68;20;20;1;19;29.41;5.00
266101_30488_42054;86;;29;11;11;0;11;37.93;0.00
266101_30489_42054;87;;739;186;186;76;110;25.17;40.86
266101_30490_42054;88;;66;12;12;0;12;18.18;0.00
266101_30491_42054;89;;74;22;22;7;15;29.73;31.82
266101_30492_42054;90;;911;120;120;29;91;13.17;24.17
266101_30493_42054;91;;148;18;18;2;16;12.16;11.11
266101_30494_42054;92;;214;74;74;26;48;34.58;35.14
266101_30495_42054;93;;54;23;23;9;14;42.59;39.13
280101_24294_42122;1;;1781;747;747;102;645;41.94;13.65
280101_24295_42122;2;;2037;946;946;236;710;46.44;24.95
280101_24296_42122;3;;1941;872;872;139;733;44.93;15.94
280101_24297_42122;4;;2040;988;988;229;759;48.43;23.18
280101_24298_42122;5;;1964;726;726;106;620;36.97;14.60
280101_24299_42122;6;;2117;895;895;160;735;42.28;17.88
280101_24300_42122;7;;2054;961;961;131;830;46.79;13.63
280101_24301_42122;8;;1816;816;816;123;693;44.93;15.07
280101_24302_42122;9;;1616;702;702;131;571;43.44;18.66
280101_24303_42122;10;;1798;788;789;137;651;43.83;17.39
280101_24304_42122;11;;821;393;394;56;337;47.87;14.25
280101_30496_42122;12;;92;13;13;2;11;14.13;15.38
280101_30497_42122;13;;93;48;48;5;43;51.61;10.42
280101_30498_42122;14;;19;19;19;8;11;100.00;42.11
280102_24305_42122;1;;1690;967;967;175;792;57.22;18.10
280102_24306_42122;2;;1839;955;955;236;719;51.93;24.71
280103_24307_42122;1;;1651;709;709;172;537;42.94;24.26
280103_24308_42122;2;;1272;598;598;145;453;47.01;24.25
280103_24309_42122;3;;1579;815;815;126;689;51.61;15.46
280103_24310_42122;4;;649;327;327;76;251;50.39;23.24
280103_24311_42122;5;;1056;382;382;109;273;36.17;28.53
280103_24312_42122;6;;666;263;263;71;192;39.49;27.00
280103_24313_42122;7;;649;322;322;116;206;49.61;36.02
280103_24314_42122;8;;791;333;333;109;224;42.10;32.73
280103_24315_42122;9;;536;279;279;82;197;52.05;29.39
280104_24316_42122;1;;2044;1110;1110;397;713;54.31;35.77
280104_24317_42122;2;;1553;765;765;212;553;49.26;27.71
280104_24318_42122;3;;364;149;149;55;94;40.93;36.91
280104_24319_42122;4;;1463;748;748;205;543;51.13;27.41
280105_24320_42122;1;;1283;461;461;139;322;35.93;30.15
280105_24321_42122;2;;1120;542;542;92;450;48.39;16.97
280105_24322_42122;3;;1225;665;665;185;480;54.29;27.82
280105_24323_42122;4;;876;393;393;69;324;44.86;17.56
280105_24324_42122;5;;773;407;407;132;275;52.65;32.43
280105_24325_42122;6;;452;259;259;93;166;57.30;35.91
280105_30499_42122;7;;401;56;56;24;32;13.97;42.86
280106_24326_42122;1;;1737;903;903;261;642;51.99;28.90
280106_24327_42122;2;;750;341;341;99;242;45.47;29.03
280106_24328_42122;3;;797;363;363;129;234;45.55;35.54
280106_24329_42122;4;;790;359;359;100;259;45.44;27.86
280106_24330_42122;5;;588;265;265;76;189;45.07;28.68
280106_24331_42122;6;;722;340;340;87;253;47.09;25.59
280201_24332_42122;1;;1646;837;837;131;706;50.85;15.65
280201_24333_42122;2;;1596;856;856;147;709;53.63;17.17
280201_24334_42122;3;;1639;818;818;180;638;49.91;22.00
280201_24335_42122;4;;1702;886;886;210;676;52.06;23.70
280201_24336_42122;5;;1792;930;930;121;809;51.90;13.01
280201_24337_42122;6;;1773;934;934;174;760;52.68;18.63
280201_24338_42122;7;;1651;873;873;134;739;52.88;15.35
280201_24339_42122;8;;1914;1061;1061;183;878;55.43;17.25
280201_30818_42122;9;;63;11;11;5;6;17.46;45.45
280201_30819_42122;10;;67;16;16;1;15;23.88;6.25
280202_24340_42122;1;;1619;939;939;184;755;58.00;19.60
280202_24341_42122;2;;789;433;433;95;338;54.88;21.94
280202_24342_42122;3;;1214;661;661;86;575;54.45;13.01
280202_24343_42122;4;;681;414;414;72;342;60.79;17.39
280202_24344_42122;5;;700;427;427;89;338;61.00;20.84
280203_24345_42122;1;;1015;541;541;130;411;53.30;24.03
280203_24346_42122;2;;1254;734;734;126;608;58.53;17.17
280203_24347_42122;3;;864;500;500;86;414;57.87;17.20
280203_30500_42122;4;;151;50;50;9;41;33.11;18.00
280204_24348_42122;1;;997;616;616;129;487;61.79;20.94
280204_24349_42122;2;;716;356;356;93;263;49.72;26.12
280204_24350_42122;3;;336;191;191;55;136;56.85;28.80
280204_24351_42122;4;;486;235;235;70;165;48.35;29.79
280205_24352_42122;1;;1460;861;861;157;704;58.97;18.23
280205_24353_42122;2;;1039;581;581;150;431;55.92;25.82
280205_24354_42122;3;;1158;528;528;115;413;45.60;21.78
280205_24355_42122;4;;456;259;259;61;198;56.80;23.55
280205_24356_42122;5;;420;243;243;64;179;57.86;26.34
280205_24357_42122;6;;380;253;253;86;167;66.58;33.99
280205_24358_42122;7;;669;348;348;78;270;52.02;22.41
280206_24359_42122;1;;1040;591;591;121;470;56.83;20.47
280206_24360_42122;2;;550;261;261;50;211;47.45;19.16
280206_24361_42122;3;;484;274;274;55;219;56.61;20.07
280207_24362_42122;1;;1157;663;663;145;518;57.30;21.87
280207_24363_42122;2;;545;285;285;48;237;52.29;16.84
280207_24364_42122;3;;772;375;375;109;266;48.58;29.07
280301_24365_42121;1;;1684;930;930;150;780;55.23;16.13
280301_24366_42121;2;;1532;752;753;224;528;49.09;29.79
280301_24367_42121;3;;1554;805;805;145;660;51.80;18.01
280301_24368_42121;4;;743;332;332;69;263;44.68;20.78
280301_24369_42121;5;;786;335;335;53;282;42.62;15.82
280301_24370_42121;6;;792;356;356;63;293;44.95;17.70
280301_24371_42121;7;;1713;787;787;177;610;45.94;22.49
280301_24372_42121;8;;1709;799;799;188;611;46.75;23.53
280301_24373_42121;9;;1686;655;655;139;516;38.85;21.22
280301_24374_42121;10;;1698;781;781;169;612;46.00;21.64
280301_24375_42121;11;;1731;848;848;150;698;48.99;17.69
280301_24376_42121;12;;1690;780;780;154;626;46.15;19.74
280301_30501_42121;13;;100;16;16;6;10;16.00;37.50
280301_30502_42121;14;;44;19;19;4;15;43.18;21.05
280302_24377_42121;1;;571;343;343;83;260;60.07;24.20
280302_24378_42121;2;;346;170;170;44;126;49.13;25.88
280302_24379_42121;3;;771;431;431;132;299;55.90;30.63
280302_24380_42121;4;;649;309;309;117;192;47.61;37.86
280302_24381_42121;5;;866;442;442;125;317;51.04;28.28
280302_24382_42121;6;;1367;677;677;168;509;49.52;24.82
280302_24383_42121;7;;604;287;287;53;234;47.52;18.47
280302_24384_42121;8;;705;342;342;80;262;48.51;23.39
280302_24385_42121;9;;530;290;290;102;188;54.72;35.17
280302_24386_42121;10;;543;267;267;51;216;49.17;19.10
280302_24387_42121;11;;477;184;184;74;110;38.57;40.22
280302_30503_42121;12;;69;24;24;0;24;34.78;0.00
280303_24388_42121;1;;803;519;519;168;351;64.63;32.37
280303_24389_42121;2;;1670;993;993;287;706;59.46;28.90
280303_24390_42121;3;;607;365;365;150;215;60.13;41.10
280303_24391_42121;4;;754;488;488;186;302;64.72;38.11
280303_24392_42121;5;;1909;1065;1065;461;604;55.79;43.29
280304_24393_42121;1;;1561;893;894;205;688;57.21;22.96
280304_24394_42121;2;;1703;922;922;215;707;54.14;23.32
280304_24395_42121;3;;1534;809;809;191;618;52.74;23.61
280304_24396_42121;4;;1654;958;960;227;731;57.92;23.70
280304_24397_42121;5;;1558;777;777;202;575;49.87;26.00
280304_24398_42121;6;;829;428;428;110;318;51.63;25.70
280304_24399_42121;7;;741;424;424;116;308;57.22;27.36
280304_24400_42121;8;;725;407;407;94;313;56.14;23.10
280304_24401_42121;9;;414;220;220;51;169;53.14;23.18
280304_24402_42121;10;;1003;517;518;176;341;51.55;34.04
280305_24403_42121;1;;1416;771;771;240;531;54.45;31.13
280305_24404_42121;2;;939;495;495;117;378;52.72;23.64
280305_24405_42121;3;;572;283;283;79;204;49.48;27.92
280305_24406_42121;4;;1176;645;645;243;402;54.85;37.67
280305_24407_42121;5;;592;300;300;52;248;50.68;17.33
280306_24408_42121;1;;404;286;286;73;213;70.79;25.52
280306_24409_42121;2;;507;325;325;110;215;64.10;33.85
280306_24410_42121;3;;736;426;426;122;304;57.88;28.64
280306_24411_42121;4;;443;229;229;80;149;51.69;34.93
280306_24412_42121;5;;1145;819;819;237;582;71.53;28.94
280306_24413_42121;6;;570;359;359;122;237;62.98;33.98
280306_24414_42121;7;;475;314;314;101;213;66.11;32.17
280306_24415_42121;8;;1116;748;748;215;533;67.03;28.74
280306_24416_42121;9;;313;204;204;78;126;65.18;38.24
280401_24417_42122;1;;1177;569;569;144;425;48.34;25.31
280401_24418_42122;2;;1063;474;474;117;357;44.59;24.68
280401_24419_42122;3;;2018;1009;1009;250;759;50.00;24.78
280401_24420_42122;4;;960;455;455;136;319;47.40;29.89
280401_24421_42122;5;;561;312;312;105;207;55.61;33.65
280402_24422_42122;1;;851;406;406;97;309;47.71;23.89
280402_24423_42122;2;;1068;588;588;166;422;55.06;28.23
280402_24424_42122;3;;740;353;353;80;273;47.70;22.66
280403_24425_42122;1;;2197;878;878;237;641;39.96;26.99
280403_24426_42122;2;;1826;710;710;219;491;38.88;30.85
280404_24427_42122;1;;1138;697;697;229;468;61.25;32.86
280404_24428_42122;2;;869;497;497;163;334;57.19;32.80
280404_24429_42122;3;;1178;691;691;157;534;58.66;22.72
280405_24430_42122;1;;1583;932;932;419;513;58.88;44.96
280405_24431_42122;2;;1092;521;521;146;375;47.71;28.02
280406_24432_42122;1;;1618;998;998;249;749;61.68;24.95
280406_24433_42122;2;;1365;781;781;220;561;57.22;28.17
280406_24434_42122;3;;723;412;412;146;266;56.98;35.44
280407_24435_42122;1;;1144;546;546;81;465;47.73;14.84
280407_24436_42122;2;;1029;442;442;78;364;42.95;17.65
280407_24437_42122;3;;1089;506;506;137;369;46.46;27.08
280407_24438_42122;4;;1154;444;444;62;382;38.47;13.96
280407_24439_42122;5;;1118;487;487;89;398;43.56;18.28
280407_24440_42122;6;;1122;527;527;80;447;46.97;15.18
280407_24441_42122;7;;1126;401;401;77;324;35.61;19.20
280407_24442_42122;8;;1181;507;507;58;449;42.93;11.44
280407_24443_42122;9;;1144;485;485;60;425;42.40;12.37
280407_24444_42122;10;;918;365;365;70;295;39.76;19.18
280407_24445_42122;11;;1030;459;459;93;366;44.56;20.26
280407_24446_42122;12;;1385;468;468;100;368;33.79;21.37
280407_24447_42122;13;;1354;661;661;269;392;48.82;40.70
280407_24448_42122;14;;948;367;367;101;266;38.71;27.52
280407_30504_42122;15;;39;4;4;0;4;10.26;0.00
280408_24449_42122;1;;984;546;546;113;433;55.49;20.70
280408_24450_42122;2;;862;448;448;111;337;51.97;24.78
280408_24451_42122;3;;1366;731;731;267;464;53.51;36.53
280409_24452_42122;1;;629;248;248;41;207;39.43;16.53
280409_24453_42122;2;;1045;427;427;83;344;40.86;19.44
280409_24454_42122;3;;836;285;285;61;224;34.09;21.40
280409_24455_42122;4;;2126;861;861;184;677;40.50;21.37
280409_24456_42122;5;;31;16;16;0;16;51.61;0.00
280409_24457_42122;6;;93;41;41;10;31;44.09;24.39
280409_24458_42122;7;;582;264;264;63;201;45.36;23.86
280501_24459_42123;1;;2024;773;773;152;621;38.19;19.66
280501_24460_42123;2;;2077;859;859;166;693;41.36;19.32
280501_24461_42123;3;;1936;747;747;137;610;38.58;18.34
280501_24462_42123;4;;1795;824;824;133;691;45.91;16.14
280501_24463_42123;5;;2104;752;752;140;612;35.74;18.62
280501_24464_42123;6;;2016;737;737;149;588;36.56;20.22
280501_24465_42123;7;;1970;695;695;124;571;35.28;17.84
280501_24466_42123;8;;2031;784;784;179;605;38.60;22.83
280501_24467_42123;9;;2056;820;820;172;648;39.88;20.98
280501_24468_42123;10;;2141;862;862;135;727;40.26;15.66
280501_24469_42123;11;;2019;767;767;164;603;37.99;21.38
280501_24470_42123;12;;1886;651;651;110;541;34.52;16.90
280501_24471_42123;13;;2115;921;921;179;742;43.55;19.44
280501_24472_42123;14;;2213;977;977;194;783;44.15;19.86
280501_24473_42123;15;;1881;736;736;124;612;39.13;16.85
280501_24474_42123;16;;1930;725;725;157;568;37.56;21.66
280501_24475_42123;17;;2015;707;707;147;560;35.09;20.79
280501_24476_42123;18;;2193;931;931;150;781;42.45;16.11
280501_24477_42123;19;;2005;773;773;132;641;38.55;17.08
280501_24478_42123;20;;1899;652;652;87;565;34.33;13.34
280501_24479_42123;21;;1820;559;559;130;429;30.71;23.26
280501_24480_42123;22;;2059;789;789;184;605;38.32;23.32
280501_24481_42123;23;;2023;711;711;149;562;35.15;20.96
280501_30505_42123;24;;34;9;9;2;7;26.47;22.22
280501_30506_42123;25;;96;25;25;6;19;26.04;24.00
280502_24482_42123;1;;962;549;549;142;407;57.07;25.87
280502_24483_42123;2;;590;333;333;69;264;56.44;20.72
280502_24484_42123;3;;391;231;231;69;162;59.08;29.87
280502_24485_42123;4;;1038;470;470;117;353;45.28;24.89
280502_24486_42123;5;;754;438;438;167;271;58.09;38.13
280502_24487_42123;6;;856;427;427;105;322;49.88;24.59
280502_24488_42123;7;;645;325;325;101;224;50.39;31.08
280502_24489_42123;8;;457;247;247;75;172;54.05;30.36
280502_24490_42123;9;;526;283;283;73;210;53.80;25.80
280502_24491_42123;10;;470;259;259;57;202;55.11;22.01
280502_24492_42123;11;;1818;849;849;229;620;46.70;26.97
280502_30507_42123;12;;189;39;39;16;23;20.63;41.03
280503_24493_42123;1;;1706;713;713;233;480;41.79;32.68
280503_24494_42123;2;;731;252;252;87;165;34.47;34.52
280503_24495_42123;3;;703;264;264;89;175;37.55;33.71
280503_24496_42123;4;;808;328;328;113;215;40.59;34.45
280503_24497_42123;5;;642;195;195;52;143;30.37;26.67
280503_24498_42123;6;;814;292;292;128;164;35.87;43.84
280503_30508_42123;7;;64;33;33;2;31;51.56;6.06
280504_24499_42123;1;;960;515;515;180;335;53.65;34.95
280504_24500_42123;2;;1018;516;516;133;383;50.69;25.78
280504_24501_42123;3;;754;415;415;134;281;55.04;32.29
280504_24502_42123;4;;786;377;377;131;246;47.96;34.75
280504_24503_42123;5;;416;201;201;70;131;48.32;34.83
280504_24504_42123;6;;778;447;447;127;320;57.46;28.41
280504_24505_42123;7;;1208;583;583;212;371;48.26;36.36
280505_24506_42123;1;;1096;651;651;170;481;59.40;26.11
280505_24507_42123;2;;315;194;194;52;142;61.59;26.80
280505_24508_42123;3;;436;214;214;73;141;49.08;34.11
280505_24509_42123;4;;1308;762;762;191;571;58.26;25.07
280601_24510_42124;1;;2319;1018;1018;141;877;43.90;13.85
280601_24511_42124;2;;2147;1036;1036;129;907;48.25;12.45
280601_24512_42124;3;;2247;930;930;165;765;41.39;17.74
280601_24513_42124;4;;1338;539;539;128;411;40.28;23.75
280601_24514_42124;5;;2355;960;960;204;756;40.76;21.25
280601_24515_42124;6;;1180;461;461;84;377;39.07;18.22
280601_24516_42124;7;;2301;964;964;146;818;41.89;15.15
280601_24517_42124;8;;2317;939;939;160;779;40.53;17.04
280601_24518_42124;9;;2253;1027;1027;152;875;45.58;14.80
280601_24519_42124;10;;1173;515;515;87;428;43.90;16.89
280601_24520_42124;11;;2094;939;939;142;797;44.84;15.12
280601_24521_42124;12;;2193;986;986;192;794;44.96;19.47
280601_30509_42124;13;;67;41;41;11;30;61.19;26.83
280601_30510_42124;14;;141;45;45;6;39;31.91;13.33
280601_30511_42124;15;;123;38;38;14;24;30.89;36.84
280604_24522_42124;1;;457;220;220;82;138;48.14;37.27
280604_24523_42124;2;;520;257;257;85;172;49.42;33.07
280604_24524_42124;3;;647;306;306;87;219;47.30;28.43
280604_24525_42124;4;;1313;675;675;136;539;51.41;20.15
280604_24526_42124;5;;370;205;205;31;174;55.41;15.12
280604_24527_42124;6;;415;184;184;60;124;44.34;32.61
280604_24528_42124;7;;397;196;196;75;121;49.37;38.27
280604_24529_42124;8;;572;303;303;37;266;52.97;12.21
280604_24530_42124;9;;518;282;282;80;202;54.44;28.37
280604_24531_42124;10;;424;209;209;77;132;49.29;36.84
280604_24532_42124;11;;633;315;315;59;256;49.76;18.73
280604_24533_42124;12;;388;191;191;48;143;49.23;25.13
280605_24534_42124;1;;570;297;297;69;228;52.11;23.23
280605_24535_42124;2;;653;353;353;70;283;54.06;19.83
280605_24536_42124;3;;304;159;159;33;126;52.30;20.75
280605_24537_42124;4;;535;232;232;31;201;43.36;13.36
280605_24538_42124;5;;479;236;236;73;163;49.27;30.93
280606_24539_42124;1;;1329;732;732;186;546;55.08;25.41
280606_24540_42124;2;;606;308;308;100;208;50.83;32.47
280606_24541_42124;3;;1176;561;561;163;398;47.70;29.06
280608_24542_42124;1;;890;408;408;115;293;45.84;28.19
280608_24543_42124;2;;629;311;311;98;213;49.44;31.51
280608_24544_42124;3;;992;431;431;130;301;43.45;30.16
280608_24545_42124;4;;432;217;218;42;175;50.23;19.35
280608_24546_42124;5;;1205;518;518;176;342;42.99;33.98
280608_24547_42124;6;;355;178;178;53;125;50.14;29.78
280608_24548_42124;7;;332;173;173;56;117;52.11;32.37
280610_24549_42124;1;;697;325;325;105;220;46.63;32.31
280610_24550_42124;2;;338;171;171;50;121;50.59;29.24
280610_24551_42124;3;;354;209;209;86;123;59.04;41.15
280610_24552_42124;4;;1279;676;676;185;491;52.85;27.37
280610_24553_42124;5;;1927;1065;1065;267;798;55.27;25.07
280610_24554_42124;6;;392;197;197;77;120;50.26;39.09
280610_24555_42124;7;;302;132;132;22;110;43.71;16.67
280610_30512_42124;8;;28;25;25;10;15;89.29;40.00
280701_24556_42121;1;;1306;472;472;76;396;36.14;16.10
280701_24557_42121;2;;1253;379;379;113;266;30.25;29.82
280701_24558_42121;3;;1357;497;497;59;438;36.62;11.87
280701_24559_42121;4;;1393;611;611;86;525;43.86;14.08
280701_24560_42121;5;;1222;509;509;57;452;41.65;11.20
280701_24561_42121;6;;1186;448;448;48;400;37.77;10.71
280701_24562_42121;7;;1319;602;602;96;506;45.64;15.95
280701_24563_42121;8;;1237;443;443;64;379;35.81;14.45
280701_24564_42121;9;;1359;590;590;94;496;43.41;15.93
280701_24565_42121;10;;1255;427;427;47;380;34.02;11.01
280701_24566_42121;11;;1290;479;479;77;402;37.13;16.08
280701_24567_42121;12;;1379;458;458;102;356;33.21;22.27
280701_24568_42121;13;;1270;542;542;66;476;42.68;12.18
280701_24569_42121;14;;1332;538;538;67;471;40.39;12.45
280701_24570_42121;15;;1315;473;473;49;424;35.97;10.36
280701_24571_42121;16;;1129;487;487;58;429;43.14;11.91
280701_24572_42121;17;;1053;381;381;45;336;36.18;11.81
280701_24573_42121;18;;1233;508;508;55;453;41.20;10.83
280701_24574_42121;19;;1287;419;419;58;361;32.56;13.84
280701_24575_42121;20;;1129;403;403;69;334;35.70;17.12
280701_24576_42121;21;;1219;460;460;42;418;37.74;9.13
280701_30513_42121;22;;90;20;20;3;17;22.22;15.00
280702_24577_42121;1;;2304;1099;1099;221;878;47.70;20.11
280702_24578_42121;2;;1598;725;725;159;566;45.37;21.93
280702_24579_42121;3;;1746;856;856;287;569;49.03;33.53
280702_24580_42121;4;;1961;900;900;215;685;45.89;23.89
280703_24581_42121;1;;675;348;348;30;318;51.56;8.62
280703_24582_42121;2;;1426;604;604;115;489;42.36;19.04
280703_24583_42121;3;;1321;565;565;141;424;42.77;24.96
280703_24584_42121;4;;592;295;295;54;241;49.83;18.31
280703_24585_42121;5;;529;255;255;53;202;48.20;20.78
280703_24586_42121;6;;667;258;258;53;205;38.68;20.54
280703_24587_42121;7;;726;282;282;58;224;38.84;20.57
280703_24588_42121;8;;536;244;244;70;174;45.52;28.69
280703_24589_42121;9;;856;378;378;79;299;44.16;20.90
280703_24590_42121;10;;718;347;347;64;283;48.33;18.44
280703_24591_42121;11;;973;465;465;119;346;47.79;25.59
280703_24592_42121;12;;676;346;346;87;259;51.18;25.14
280704_24593_42121;1;;1023;657;657;121;536;64.22;18.42
280704_24594_42121;2;;991;565;565;110;455;57.01;19.47
280704_24595_42121;3;;642;373;373;88;285;58.10;23.59
280704_24596_42121;4;;707;425;425;91;334;60.11;21.41
280704_24597_42121;5;;726;388;388;116;272;53.44;29.90
280704_24598_42121;6;;276;155;155;53;102;56.16;34.19
280704_24599_42121;7;;568;265;265;55;210;46.65;20.75
280705_24600_42121;1;;1213;536;536;119;417;44.19;22.20
280705_24601_42121;2;;1456;725;725;151;574;49.79;20.83
280705_24602_42121;3;;428;248;248;68;180;57.94;27.42
280705_24603_42121;4;;612;299;299;58;241;48.86;19.40
280705_24604_42121;5;;802;270;270;77;193;33.67;28.52
280705_24605_42121;6;;1218;629;629;261;368;51.64;41.49
280705_24606_42121;7;;1029;536;536;126;410;52.09;23.51
280705_24607_42121;8;;1457;550;550;142;408;37.75;25.82
280706_24608_42121;1;;1018;505;505;157;348;49.61;31.09
280706_24609_42121;2;;1325;690;690;223;467;52.08;32.32
280706_24610_42121;3;;1676;926;926;274;652;55.25;29.59
280706_24611_42121;4;;1055;562;562;205;357;53.27;36.48
280706_24612_42121;5;;573;327;327;108;219;57.07;33.03
280706_24613_42121;6;;847;414;414;154;260;48.88;37.20
280706_24614_42121;7;;547;287;287;86;201;52.47;29.97
280706_24615_42121;8;;788;394;394;105;289;50.00;26.65
280706_24616_42121;9;;578;305;305;102;203;52.77;33.44
280706_24617_42121;10;;883;473;473;120;353;53.57;25.37
280706_24618_42121;11;;810;455;455;103;352;56.17;22.64
280707_24619_42121;1;;1859;1029;1029;222;807;55.35;21.57
280707_24620_42121;2;;1557;833;833;250;583;53.50;30.01
280707_24621_42121;3;;1363;709;709;251;458;52.02;35.40
280707_24622_42121;4;;918;474;474;154;320;51.63;32.49
280801_24623_42123;1;;2185;932;932;180;752;42.65;19.31
280801_24624_42123;2;;1111;522;522;84;438;46.98;16.09
280801_24625_42123;3;;1185;510;510;82;428;43.04;16.08
280801_24626_42123;4;;1124;550;550;90;460;48.93;16.36
280801_24627_42123;5;;1957;867;867;127;740;44.30;14.65
280801_24628_42123;6;;2306;913;913;177;736;39.59;19.39
280801_24629_42123;7;;2245;1010;1010;180;830;44.99;17.82
280801_24630_42123;8;;1003;394;394;62;332;39.28;15.74
280801_24631_42123;9;;1107;421;421;73;348;38.03;17.34
280801_24632_42123;10;;1093;452;452;79;373;41.35;17.48
280801_24633_42123;11;;1209;547;547;91;456;45.24;16.64
280801_24634_42123;12;;2251;1022;1022;160;862;45.40;15.66
280801_24635_42123;13;;2318;951;951;174;777;41.03;18.30
280801_24636_42123;14;;1806;763;763;141;622;42.25;18.48
280801_30515_42123;15;;74;19;19;10;9;25.68;52.63
280801_30516_42123;16;;52;10;10;4;6;19.23;40.00
280802_24637_42123;1;;972;552;552;154;398;56.79;27.90
280802_24638_42123;2;;813;415;415;142;273;51.05;34.22
280802_24639_42123;3;;895;440;440;178;262;49.16;40.45
280802_24640_42123;4;;712;377;377;81;296;52.95;21.49
280802_24641_42123;5;;459;226;226;78;148;49.24;34.51
280802_24642_42123;6;;669;297;297;80;217;44.39;26.94
280802_24643_42123;7;;849;459;459;164;295;54.06;35.73
280803_24644_42123;1;;305;147;147;36;111;48.20;24.49
280803_24645_42123;2;;502;210;210;51;159;41.83;24.29
280803_24646_42123;3;;876;380;380;68;312;43.38;17.89
280803_24647_42123;4;;529;209;209;57;152;39.51;27.27
280803_24648_42123;5;;523;235;235;66;169;44.93;28.09
280803_24649_42123;6;;444;183;183;43;140;41.22;23.50
280803_24650_42123;7;;964;389;389;93;296;40.35;23.91
280803_24651_42123;8;;742;389;389;49;340;52.43;12.60
280803_24652_42123;9;;532;241;241;54;187;45.30;22.41
280803_24653_42123;10;;514;225;225;47;178;43.77;20.89
280803_24654_42123;11;;358;168;168;52;116;46.93;30.95
280803_24655_42123;12;;387;186;186;74;112;48.06;39.78
280804_24656_42123;1;;1411;676;676;172;504;47.91;25.44
280804_24657_42123;2;;929;510;510;114;396;54.90;22.35
280804_24658_42123;3;;1421;726;726;161;565;51.09;22.18
280804_24659_42123;4;;747;374;374;126;248;50.07;33.69
280804_24660_42123;5;;1232;524;524;136;388;42.53;25.95
280804_24661_42123;6;;451;245;245;67;178;54.32;27.35
280804_24662_42123;7;;764;332;332;93;239;43.46;28.01
280804_24663_42123;8;;458;203;203;69;134;44.32;33.99
280804_24664_42123;9;;935;513;513;127;386;54.87;24.76
280804_30517_42123;10;;226;37;37;7;30;16.37;18.92
280805_24665_42123;1;;1255;549;549;119;430;43.75;21.68
280805_24666_42123;2;;872;364;364;62;302;41.74;17.03
280805_24667_42123;3;;864;368;368;80;288;42.59;21.74
280805_24668_42123;4;;1040;534;534;100;434;51.35;18.73
280805_24669_42123;5;;869;409;409;116;293;47.07;28.36
280805_24670_42123;6;;908;397;397;88;309;43.72;22.17
280805_24671_42123;7;;354;159;159;40;119;44.92;25.16
280805_24672_42123;8;;395;185;185;63;122;46.84;34.05
280805_30518_42123;9;;56;17;17;7;10;30.36;41.18
280805_30519_42123;10;;38;13;13;2;11;34.21;15.38
280806_24673_42123;1;;256;131;131;43;88;51.17;32.82
280806_24674_42123;2;;635;299;299;115;184;47.09;38.46
280806_24675_42123;3;;917;535;535;112;423;58.34;20.93
280806_24676_42123;4;;791;367;367;87;280;46.40;23.71
280806_24677_42123;5;;729;281;281;88;193;38.55;31.32
280901_24678_42122;1;;1678;872;872;123;749;51.97;14.11
280901_24679_42122;2;;845;419;419;88;331;49.59;21.00
280901_24680_42122;3;;859;404;404;76;328;47.03;18.81
280901_24681_42122;4;;1680;844;844;161;683;50.24;19.08
280901_24682_42122;5;;767;361;361;75;286;47.07;20.78
280901_24683_42122;6;;879;446;446;78;368;50.74;17.49
280901_24684_42122;7;;1910;958;958;138;820;50.16;14.41
280901_24685_42122;8;;864;494;494;52;442;57.18;10.53
280901_24686_42122;9;;1803;832;832;118;714;46.15;14.18
280901_24687_42122;10;;1778;823;823;195;628;46.29;23.69
280901_30520_42122;11;;60;10;10;0;10;16.67;0.00
280902_24688_42122;1;;743;502;502;120;382;67.56;23.90
280902_24689_42122;2;;882;491;491;206;285;55.67;41.96
280902_24690_42122;3;;601;324;324;62;262;53.91;19.14
280902_24691_42122;4;;602;370;370;104;266;61.46;28.11
280903_24692_42122;1;;1160;579;579;171;408;49.91;29.53
280903_24693_42122;2;;839;443;443;113;330;52.80;25.51
280903_24694_42122;3;;743;445;445;111;334;59.89;24.94
280903_24695_42122;4;;953;509;509;117;392;53.41;22.99
280903_24696_42122;5;;667;345;345;111;234;51.72;32.17
280903_24697_42122;6;;346;171;171;36;135;49.42;21.05
280903_24698_42122;7;;293;140;140;27;113;47.78;19.29
280903_24699_42122;8;;478;212;212;58;154;44.35;27.36
280904_24700_42122;1;;1838;1003;1003;258;745;54.57;25.72
280904_24701_42122;2;;397;212;212;40;172;53.40;18.87
280904_24702_42122;3;;705;357;357;74;283;50.64;20.73
280905_24703_42122;1;;2053;963;963;188;775;46.91;19.52
280905_24704_42122;2;;1948;1061;1061;183;878;54.47;17.25
280905_24705_42122;3;;1006;518;518;138;380;51.49;26.64
280905_24706_42122;4;;1424;706;706;192;514;49.58;27.20
280905_24707_42122;5;;1533;746;746;197;549;48.66;26.41
280905_24708_42122;6;;753;388;388;121;267;51.53;31.19
280905_24709_42122;7;;527;294;294;45;249;55.79;15.31
280905_24710_42122;8;;678;334;334;74;260;49.26;22.16
281001_24711_42124;1;;1567;810;810;141;669;51.69;17.41
281001_24712_42124;2;;1689;820;820;74;746;48.55;9.02
281001_24713_42124;3;;818;407;407;62;345;49.76;15.23
281001_24714_42124;4;;899;435;435;55;380;48.39;12.64
281001_24715_42124;5;;1776;840;840;128;712;47.30;15.24
281001_24716_42124;6;;1661;692;693;101;591;41.66;14.60
281001_24717_42124;7;;1748;817;817;92;725;46.74;11.26
281001_24718_42124;8;;1495;681;681;81;600;45.55;11.89
281001_24719_42124;9;;1903;883;883;108;775;46.40;12.23
281001_24720_42124;10;;1627;790;790;80;710;48.56;10.13
281001_24721_42124;11;;909;447;447;65;382;49.17;14.54
281001_24722_42124;12;;1750;780;780;114;666;44.57;14.62
281001_30521_42124;13;;47;8;8;1;7;17.02;12.50
281002_24723_42124;1;;1414;729;729;163;566;51.56;22.36
281002_24724_42124;2;;1670;864;864;183;681;51.74;21.18
281002_24725_42124;3;;1008;497;497;169;328;49.31;34.00
281002_24726_42124;4;;634;267;267;61;206;42.11;22.85
281002_24727_42124;5;;755;343;343;112;231;45.43;32.65
281002_24728_42124;6;;1216;623;623;162;461;51.23;26.00
281002_30522_42124;7;;74;37;37;19;18;50.00;51.35
281003_24729_42124;1;;880;351;351;45;306;39.89;12.82
281003_24730_42124;2;;1038;509;509;83;426;49.04;16.31
281003_24731_42124;3;;902;365;365;67;298;40.47;18.36
281003_24732_42124;4;;1040;436;436;64;372;41.92;14.68
281003_24733_42124;5;;895;383;383;65;318;42.79;16.97
281003_24734_42124;6;;451;180;180;34;146;39.91;18.89
281003_24735_42124;7;;1098;444;444;54;390;40.44;12.16
281004_24736_42124;1;;644;359;359;131;228;55.75;36.49
281004_24737_42124;2;;566;279;279;61;218;49.29;21.86
281004_24738_42124;3;;435;210;210;54;156;48.28;25.71
281004_24739_42124;4;;399;267;267;60;207;66.92;22.47
281004_24740_42124;5;;438;227;227;65;162;51.83;28.63
281004_24741_42124;6;;428;209;209;59;150;48.83;28.23
281004_24742_42124;7;;784;381;381;76;305;48.60;19.95
281004_24743_42124;8;;1703;903;903;192;711;53.02;21.26
281004_24744_42124;9;;926;515;515;111;404;55.62;21.55
281005_24745_42124;1;;751;459;459;140;319;61.12;30.50
281005_24746_42124;2;;718;429;429;70;359;59.75;16.32
281005_24747_42124;3;;1203;751;751;226;525;62.43;30.09
281005_24748_42124;4;;737;434;434;100;334;58.89;23.04
281005_24749_42124;5;;332;165;165;57;108;49.70;34.55
281101_24750_42124;1;;625;503;503;89;414;80.48;17.69
281101_24751_42124;2;;574;433;433;90;343;75.44;20.79
281101_24752_42124;3;;538;386;386;125;261;71.75;32.38
281101_24753_42124;4;;518;380;380;111;269;73.36;29.21
281101_24754_42124;5;;431;245;245;101;144;56.84;41.22
281102_24755_42124;1;;514;327;327;127;200;63.62;38.84
281102_24756_42124;2;;592;389;389;121;268;65.71;31.11
281102_24757_42124;3;;750;436;436;146;290;58.13;33.49
281102_24758_42124;4;;338;218;218;75;143;64.50;34.40
281103_24759_42124;1;;640;401;401;110;291;62.66;27.43
281103_24760_42124;2;;1004;653;653;192;461;65.04;29.40
281103_24761_42124;3;;708;338;338;140;198;47.74;41.42
281103_24762_42124;4;;390;221;221;76;145;56.67;34.39
281103_24763_42124;5;;1174;594;594;209;385;50.60;35.19
281103_24764_42124;6;;903;533;533;195;338;59.03;36.59
281104_24765_42124;1;;2220;1157;1157;168;989;52.12;14.52
281104_24766_42124;2;;883;425;425;86;339;48.13;20.24
281104_24767_42124;3;;1660;862;862;154;708;51.93;17.87
281104_24768_42124;4;;1739;928;928;184;744;53.36;19.83
281104_24769_42124;5;;1612;789;790;177;612;48.95;22.43
281104_24770_42124;6;;978;489;489;79;410;50.00;16.16
281104_24771_42124;7;;733;400;400;80;320;54.57;20.00
281104_24772_42124;8;;1811;932;932;127;805;51.46;13.63
281104_24773_42124;9;;903;346;346;111;235;38.32;32.08
281104_24774_42124;10;;1033;421;421;79;342;40.76;18.76
281104_24775_42124;11;;778;394;394;103;291;50.64;26.14
281104_24776_42124;12;;656;320;320;58;262;48.78;18.12
281104_24777_42124;13;;685;361;361;61;300;52.70;16.90
281104_24778_42124;14;;686;422;422;156;266;61.52;36.97
281104_24779_42124;15;;840;501;501;143;358;59.64;28.54
281104_30523_42124;16;;74;12;12;5;7;16.22;41.67
281201_24780_42121;1;;1120;426;426;96;330;38.04;22.54
281201_24781_42121;2;;1578;660;660;121;539;41.83;18.33
281201_24782_42121;3;;1917;873;873;170;703;45.54;19.47
281201_24783_42121;4;;1775;741;741;126;615;41.75;17.00
281201_24784_42121;5;;1093;488;488;94;394;44.65;19.26
281201_24785_42121;6;;1197;532;532;124;408;44.44;23.31
281202_24786_42121;1;;2134;1319;1319;321;998;61.81;24.34
281202_24787_42121;2;;1415;840;840;194;646;59.36;23.10
281202_24788_42121;3;;1054;495;495;146;349;46.96;29.49
281202_24789_42121;4;;809;463;463;85;378;57.23;18.36
281202_24791_42121;6;;749;425;425;102;323;56.74;24.00
281202_24792_42121;7;;708;452;452;106;346;63.84;23.45
281203_24793_42121;1;;1624;1049;1049;257;792;64.59;24.50
281203_24794_42121;2;;456;243;243;62;181;53.29;25.51
281203_24795_42121;3;;408;272;272;65;207;66.67;23.90
281203_24796_42121;4;;742;435;435;147;288;58.63;33.79
281203_24797_42121;5;;438;225;225;59;166;51.37;26.22
281203_24798_42121;6;;1286;710;710;192;518;55.21;27.04
281204_24799_42121;1;;1204;637;637;128;509;52.91;20.09
281204_24800_42121;2;;1466;691;691;155;536;47.14;22.43
281204_24801_42121;3;;1485;714;714;166;548;48.08;23.25
281204_24802_42121;4;;1351;677;677;178;499;50.11;26.29
281204_24803_42121;5;;1504;763;763;187;576;50.73;24.51
281205_24804_42121;1;;915;450;450;69;381;49.18;15.33
281205_24805_42121;2;;1227;681;681;185;496;55.50;27.17
281205_24806_42121;3;;1136;546;546;114;432;48.06;20.88
281205_24807_42121;4;;702;347;347;62;285;49.43;17.87
281205_24808_42121;5;;993;456;456;100;356;45.92;21.93
281205_24809_42121;6;;763;391;392;53;338;51.25;13.55
281205_24810_42121;7;;599;328;328;75;253;54.76;22.87
281303_24811_42123;1;;524;191;191;52;139;36.45;27.23
281303_24812_42123;2;;1181;543;543;140;403;45.98;25.78
281303_24813_42123;3;;760;369;369;87;282;48.55;23.58
281303_24814_42123;4;;785;337;337;62;275;42.93;18.40
281303_24815_42123;5;;992;367;367;78;289;37.00;21.25
281304_24816_42123;1;;910;365;365;70;295;40.11;19.18
281304_24817_42123;2;;759;339;339;40;299;44.66;11.80
281304_24818_42123;3;;851;390;390;33;357;45.83;8.46
281304_24819_42123;4;;887;381;381;46;335;42.95;12.07
281304_24820_42123;5;;747;278;278;26;252;37.22;9.35
281304_24821_42123;6;;867;339;339;53;286;39.10;15.63
281304_24822_42123;7;;785;344;344;54;290;43.82;15.70
281304_24823_42123;8;;772;315;315;38;277;40.80;12.06
281304_24824_42123;9;;793;321;321;64;257;40.48;19.94
281304_24825_42123;10;;918;417;417;41;376;45.42;9.83
281304_24826_42123;11;;789;324;324;30;294;41.06;9.26
281304_24827_42123;12;;798;352;352;36;316;44.11;10.23
281304_24828_42123;13;;838;334;334;65;269;39.86;19.46
281304_24829_42123;14;;610;174;174;28;146;28.52;16.09
281304_24830_42123;15;;876;361;361;70;291;41.21;19.39
281304_24831_42123;16;;854;354;354;63;291;41.45;17.80
281304_24832_42123;17;;853;351;351;55;296;41.15;15.67
281304_24833_42123;18;;709;357;357;58;299;50.35;16.25
281304_24834_42123;19;;865;301;301;52;249;34.80;17.28
281304_24835_42123;20;;873;267;267;52;215;30.58;19.48
281304_24836_42123;21;;858;292;292;54;238;34.03;18.49
281304_30524_42123;22;;69;12;12;0;12;17.39;0.00
281304_30525_42123;23;;62;9;9;0;9;14.52;0.00
281305_24837_42123;1;;1188;592;592;87;505;49.83;14.70
281305_24838_42123;2;;645;320;320;84;236;49.61;26.25
281305_24839_42123;3;;474;268;268;40;228;56.54;14.93
281305_24840_42123;4;;527;265;265;66;199;50.28;24.91
281305_24841_42123;5;;470;234;234;48;186;49.79;20.51
281306_24842_42123;1;;559;340;340;61;279;60.82;17.94
281306_24843_42123;2;;554;334;334;89;245;60.29;26.65
281306_24844_42123;3;;412;244;244;69;175;59.22;28.28
281306_24845_42123;4;;653;336;336;62;274;51.45;18.45
281306_24846_42123;5;;519;266;266;80;186;51.25;30.08
281401_24847_42120;1;;794;376;376;84;292;47.36;22.34
281401_24848_42120;2;;1004;482;482;196;286;48.01;40.66
281401_24849_42120;3;;1023;474;474;66;408;46.33;13.92
281401_24850_42120;4;;822;400;400;67;333;48.66;16.75
281401_24851_42120;5;;818;344;344;81;263;42.05;23.55
281401_24852_42120;6;;1079;437;437;114;323;40.50;26.09
281401_24853_42120;7;;1045;412;412;86;326;39.43;20.87
281401_24854_42120;8;;686;236;236;61;175;34.40;25.85
281401_24855_42120;9;;750;308;308;62;246;41.07;20.13
281401_24856_42120;10;;724;353;353;125;228;48.76;35.41
281401_24857_42120;11;;409;141;141;28;113;34.47;19.86
281401_24858_42120;12;;547;221;221;48;173;40.40;21.72
281401_24859_42120;13;;536;215;215;31;184;40.11;14.42
281401_24860_42120;14;;348;115;115;29;86;33.05;25.22
281401_24861_42120;15;;928;516;516;48;468;55.60;9.30
281401_24862_42120;16;;633;331;331;82;249;52.29;24.77
281401_24863_42120;17;;400;248;248;48;200;62.00;19.35
281401_24864_42120;18;;485;239;239;67;172;49.28;28.03
281401_24865_42120;19;;287;116;116;27;89;40.42;23.28
281401_30526_42120;20;;128;24;24;9;15;18.75;37.50
281401_30527_42120;21;;336;63;63;18;45;18.75;28.57
281402_24866_42120;1;;981;473;473;70;403;48.22;14.80
281402_24867_42120;2;;1088;517;517;103;414;47.52;19.92
281402_24869_42120;4;;876;423;423;40;383;48.29;9.46
281402_24870_42120;5;;1189;573;573;95;478;48.19;16.58
281402_24871_42120;6;;832;380;380;46;334;45.67;12.11
281402_24872_42120;7;;1247;594;594;67;527;47.63;11.28
281402_24873_42120;8;;1215;652;652;67;585;53.66;10.28
281402_24874_42120;9;;959;332;332;64;268;34.62;19.28
281402_24875_42120;10;;1024;431;431;67;364;42.09;15.55
281402_24876_42120;11;;332;167;167;20;147;50.30;11.98
281402_24877_42120;12;;626;245;245;44;201;39.14;17.96
281402_24878_42120;13;;668;294;294;70;224;44.01;23.81
281402_24879_42120;14;;316;149;149;34;115;47.15;22.82
281402_24880_42120;15;;491;169;169;37;132;34.42;21.89
281402_24881_42120;16;;622;279;279;54;225;44.86;19.35
281402_24882_42120;17;;361;94;94;14;80;26.04;14.89
281402_24883_42120;18;;504;242;242;53;189;48.02;21.90
281402_24884_42120;19;;853;371;371;84;287;43.49;22.64
281402_30528_42120;20;;63;19;19;3;16;30.16;15.79
281403_24885_42120;1;;861;463;463;94;369;53.77;20.30
281403_24886_42120;2;;1300;682;682;124;558;52.46;18.18
281403_24887_42120;3;;1588;657;657;118;539;41.37;17.96
281403_24888_42120;4;;936;413;413;55;358;44.12;13.32
281403_24889_42120;5;;1804;781;781;120;661;43.29;15.36
281403_24890_42120;6;;1987;1009;1009;151;858;50.78;14.97
281403_24891_42120;7;;491;207;207;34;173;42.16;16.43
281403_24892_42120;8;;460;247;247;62;185;53.70;25.10
281403_24893_42120;9;;392;192;192;36;156;48.98;18.75
281403_24894_42120;10;;340;133;133;18;115;39.12;13.53
281403_24895_42120;11;;513;257;257;31;226;50.10;12.06
281403_24896_42120;12;;338;157;157;41;116;46.45;26.11
281403_24897_42120;13;;344;135;135;39;96;39.24;28.89
281403_24898_42120;14;;539;228;228;48;180;42.30;21.05
281403_24899_42120;15;;404;160;160;24;136;39.60;15.00
281403_24900_42120;16;;575;195;195;46;149;33.91;23.59
281403_30529_42120;17;;79;3;3;0;3;3.80;0.00
281403_30530_42120;18;;15;9;9;1;8;60.00;11.11
281404_24901_42120;1;;1278;709;709;83;626;55.48;11.71
281404_24902_42120;2;;1175;647;647;77;570;55.06;11.90
281404_24903_42120;3;;943;542;542;149;393;57.48;27.49
281404_24904_42120;4;;705;358;358;56;302;50.78;15.64
281404_24905_42120;5;;582;254;254;57;197;43.64;22.44
281404_24906_42120;6;;770;391;391;81;310;50.78;20.72
281404_24907_42120;7;;685;350;350;47;303;51.09;13.43
281404_24908_42120;8;;1486;837;837;130;707;56.33;15.53
281404_24909_42120;9;;960;530;530;96;434;55.21;18.11
281404_30531_42120;10;;39;39;39;14;25;100.00;35.90
281405_24910_42120;1;;940;489;489;39;450;52.02;7.98
281405_24911_42120;2;;734;364;364;79;285;49.59;21.70
281405_24912_42120;3;;673;323;323;81;242;47.99;25.08
281405_24913_42120;4;;1344;701;701;159;542;52.16;22.68
281405_24914_42120;5;;1165;493;493;104;389;42.32;21.10
281405_30532_42120;6;;47;29;29;6;23;61.70;20.69
281406_24915_42120;1;;1346;666;666;158;508;49.48;23.72
281406_24916_42120;2;;1202;579;579;175;404;48.17;30.22
281406_24917_42120;3;;414;193;193;58;135;46.62;30.05
281406_24918_42120;4;;1674;680;680;144;536;40.62;21.18
281406_24919_42120;5;;885;313;313;73;240;35.37;23.32
281406_24920_42120;6;;730;287;287;99;188;39.32;34.49
281406_30533_42120;7;;98;45;45;21;24;45.92;46.67
281406_30534_42120;8;;106;23;23;2;21;21.70;8.70
281407_24921_42120;1;;1559;913;913;132;781;58.56;14.46
281407_24922_42120;2;;1218;635;635;210;425;52.13;33.07
281407_24923_42120;3;;695;358;358;71;287;51.51;19.83
281407_24924_42120;4;;1125;496;496;85;411;44.09;17.14
281407_24925_42120;5;;836;398;398;73;325;47.61;18.34
281407_30535_42120;6;;45;24;24;11;13;53.33;45.83
281408_24926_42120;1;;1031;560;560;232;328;54.32;41.43
281408_24927_42120;2;;878;439;439;130;309;50.00;29.61
281408_24928_42120;3;;863;432;432;144;288;50.06;33.33
281409_24929_42120;1;;551;314;314;46;268;56.99;14.65
281409_24930_42120;2;;671;322;322;65;257;47.99;20.19
281409_24931_42120;3;;855;414;414;105;309;48.42;25.36
281409_24932_42120;4;;723;313;313;75;238;43.29;23.96
281409_24933_42120;5;;909;350;350;114;236;38.50;32.57
281409_24934_42120;6;;893;398;398;53;345;44.57;13.32
281409_24935_42120;7;;760;395;395;79;316;51.97;20.00
281409_24936_42120;8;;554;280;280;53;227;50.54;18.93
281409_24937_42120;9;;285;131;131;42;89;45.96;32.06
281409_24938_42120;10;;316;148;148;30;118;46.84;20.27
281409_24939_42120;11;;517;226;226;43;183;43.71;19.03
281409_24940_42120;12;;531;235;235;43;192;44.26;18.30
281409_24941_42120;13;;769;321;321;102;219;41.74;31.78
281409_24942_42120;14;;846;346;346;110;236;40.90;31.79
281409_24943_42120;15;;583;309;309;70;239;53.00;22.65
281409_24944_42120;16;;291;141;141;25;116;48.45;17.73
281409_24945_42120;17;;455;229;229;79;150;50.33;34.50
281409_24946_42120;18;;301;146;146;32;114;48.50;21.92
281409_30536_42120;19;;125;43;43;6;37;34.40;13.95
281410_24947_42120;1;;1674;808;808;216;592;48.27;26.73
281410_24948_42120;2;;274;141;141;41;100;51.46;29.08
281410_24949_42120;3;;789;318;318;69;249;40.30;21.70
281410_24950_42120;4;;1187;594;594;130;464;50.04;21.89
281410_24951_42120;5;;2138;1098;1099;300;798;51.36;27.32
281410_24952_42120;6;;641;312;312;70;242;48.67;22.44
281411_24953_42120;1;;1439;899;899;170;729;62.47;18.91
281411_24954_42120;2;;639;345;345;77;268;53.99;22.32
281411_24955_42120;3;;479;246;246;57;189;51.36;23.17
281411_24956_42120;4;;1039;620;620;87;533;59.67;14.03
281411_24957_42120;5;;2007;912;912;181;731;45.44;19.85
281411_24958_42120;6;;581;330;330;82;248;56.80;24.85
281412_24959_42120;1;;725;410;410;134;276;56.55;32.68
281412_24960_42120;2;;830;428;428;170;258;51.57;39.72
281412_24961_42120;3;;606;266;266;77;189;43.89;28.95
281412_24962_42120;4;;374;149;149;47;102;39.84;31.54
281412_24963_42120;5;;480;312;312;142;170;65.00;45.51
281412_24964_42120;6;;298;143;143;60;83;47.99;41.96
281501_24965_42121;1;;1172;537;537;89;448;45.82;16.57
281501_24966_42121;2;;1306;564;564;64;500;43.19;11.35
281501_24967_42121;3;;1659;806;806;164;642;48.58;20.35
281501_24968_42121;4;;1093;363;363;107;256;33.21;29.48
281501_24969_42121;5;;1456;531;531;95;436;36.47;17.89
281501_24970_42121;6;;1228;440;440;76;364;35.83;17.27
281501_24971_42121;7;;1186;523;523;94;429;44.10;17.97
281501_24972_42121;8;;1311;517;517;128;389;39.44;24.76
281501_24973_42121;9;;1504;727;727;108;619;48.34;14.86
281501_24974_42121;10;;1227;581;581;116;465;47.35;19.97
281501_24975_42121;11;;1358;444;444;74;370;32.70;16.67
281501_24976_42121;12;;1405;625;625;108;517;44.48;17.28
281501_24977_42121;13;;1204;554;554;115;439;46.01;20.76
281501_24978_42121;14;;1184;463;463;99;364;39.10;21.38
281501_24979_42121;15;;1099;523;523;90;433;47.59;17.21
281501_24980_42121;16;;1324;584;584;95;489;44.11;16.27
281501_24981_42121;17;;1412;566;566;112;454;40.08;19.79
281501_24982_42121;18;;1261;544;544;96;448;43.14;17.65
281501_24983_42121;19;;1286;607;607;107;500;47.20;17.63
281501_24984_42121;20;;1084;494;494;80;414;45.57;16.19
281501_24985_42121;21;;1343;517;517;119;398;38.50;23.02
281501_30537_42121;22;;52;6;7;1;5;11.54;16.67
281501_30538_42121;23;;33;11;11;1;10;33.33;9.09
281502_24986_42121;1;;1526;936;936;208;728;61.34;22.22
281502_24987_42121;2;;313;168;168;48;120;53.67;28.57
281502_24988_42121;3;;1038;589;589;212;377;56.74;35.99
281502_24989_42121;4;;560;343;343;70;273;61.25;20.41
281503_24990_42121;1;;1539;798;798;237;561;51.85;29.70
281503_24991_42121;2;;1366;771;771;281;490;56.44;36.45
281503_24992_42121;3;;871;445;445;151;294;51.09;33.93
281503_24993_42121;4;;637;380;380;145;235;59.65;38.16
281504_24994_42121;1;;2253;1361;1361;427;934;60.41;31.37
281504_24995_42121;2;;897;469;469;167;302;52.29;35.61
281504_24996_42121;3;;397;218;218;59;159;54.91;27.06
281505_24997_42121;1;;826;475;475;99;376;57.51;20.84
281505_24998_42121;2;;2183;1111;1111;230;881;50.89;20.70
281505_24999_42121;3;;939;442;442;126;316;47.07;28.51
281505_25000_42121;4;;1177;586;586;140;446;49.79;23.89
281506_25001_42121;1;;2184;1129;1130;260;869;51.69;23.03
281506_25002_42121;2;;1197;578;578;136;442;48.29;23.53
281506_25003_42121;3;;611;229;229;50;179;37.48;21.83
281506_25004_42121;4;;358;152;152;35;117;42.46;23.03
281506_25005_42121;5;;233;125;125;26;99;53.65;20.80
281507_25006_42121;1;;2044;1144;1144;294;850;55.97;25.70
281507_25007_42121;2;;951;464;464;84;380;48.79;18.10
281507_25009_42121;4;;535;268;268;88;180;50.09;32.84
281507_25010_42121;5;;299;175;175;37;138;58.53;21.14
281508_25011_42121;1;;1233;641;641;134;507;51.99;20.90
281508_25012_42121;2;;733;410;410;65;345;55.93;15.85
281508_25013_42121;3;;947;459;459;70;389;48.47;15.25
281508_25014_42121;4;;1019;463;463;87;376;45.44;18.79
281508_25015_42121;5;;746;331;331;67;264;44.37;20.24
281508_25016_42121;6;;822;374;374;56;318;45.50;14.97
281508_25017_42121;7;;914;408;408;86;322;44.64;21.08
281508_25018_42121;8;;1101;496;496;94;402;45.05;18.95
281508_25019_42121;9;;765;374;374;52;322;48.89;13.90
281508_25020_42121;10;;871;515;515;99;416;59.13;19.22
281508_25021_42121;11;;1008;512;512;84;428;50.79;16.41
281508_25022_42121;12;;1251;665;665;108;557;53.16;16.24
281508_25023_42121;13;;1011;397;397;98;299;39.27;24.69
281508_25024_42121;14;;764;363;363;80;283;47.51;22.04
281508_25025_42121;15;;826;450;450;122;328;54.48;27.11
281508_25026_42121;16;;994;586;586;128;458;58.95;21.84
281508_25027_42121;17;;974;629;629;170;459;64.58;27.03
281508_25028_42121;18;;1032;592;592;159;433;57.36;26.86
281508_25029_42121;19;;925;514;514;216;298;55.57;42.02
281508_25030_42121;20;;972;386;536;0;386;39.71;0.00
281508_25031_42121;21;;881;574;574;125;449;65.15;21.78
281508_30539_42121;22;;94;34;34;1;33;36.17;2.94
281509_25032_42121;1;;953;364;364;81;283;38.20;22.25
281509_25033_42121;2;;908;414;414;106;308;45.59;25.60
281509_25034_42121;3;;871;440;440;121;319;50.52;27.50
281509_25035_42121;4;;1248;495;495;76;419;39.66;15.35
281509_25036_42121;5;;614;322;322;106;216;52.44;32.92
281509_25037_42121;6;;1059;336;336;37;299;31.73;11.01
281509_25038_42121;7;;740;403;403;112;291;54.46;27.79
281509_25039_42121;8;;921;405;407;86;319;43.97;21.23
281509_25040_42121;9;;1223;586;586;112;474;47.91;19.11
281509_25041_42121;10;;512;289;289;53;236;56.45;18.34
281509_25042_42121;11;;589;347;347;115;232;58.91;33.14
281509_25043_42121;12;;532;295;295;90;205;55.45;30.51
281509_25044_42121;13;;803;420;420;96;324;52.30;22.86
281509_25045_42121;14;;431;308;308;92;216;71.46;29.87
281509_25046_42121;15;;929;312;312;62;250;33.58;19.87
281601_25047_42124;1;;1399;797;797;223;574;56.97;27.98
281601_25048_42124;2;;1926;1114;1114;191;923;57.84;17.15
281601_25049_42124;3;;484;268;268;108;160;55.37;40.30
281601_25050_42124;4;;1788;924;926;224;700;51.68;24.24
281601_25051_42124;5;;512;274;274;82;192;53.52;29.93
281601_25052_42124;6;;543;278;278;66;212;51.20;23.74
281601_25053_42124;7;;822;459;459;112;347;55.84;24.40
281601_25054_42124;8;;1163;585;585;145;440;50.30;24.79
281601_25055_42124;9;;854;423;423;133;290;49.53;31.44
281602_25056_42124;1;;1516;801;801;206;595;52.84;25.72
281602_25057_42124;2;;1538;850;850;194;656;55.27;22.82
281602_25058_42124;3;;1597;919;919;157;762;57.55;17.08
281602_25059_42124;4;;541;279;279;68;211;51.57;24.37
281602_25060_42124;5;;977;580;580;124;456;59.37;21.38
281602_25061_42124;6;;473;267;267;67;200;56.45;25.09
281602_25062_42124;7;;448;234;234;59;175;52.23;25.21
281602_25063_42124;8;;460;264;264;52;212;57.39;19.70
281603_25064_42124;1;;653;344;344;80;264;52.68;23.26
281603_25065_42124;2;;573;278;281;61;217;48.52;21.94
281603_25066_42124;3;;980;513;513;80;433;52.35;15.59
281603_25067_42124;4;;666;329;329;53;276;49.40;16.11
281603_25068_42124;5;;1275;664;664;90;574;52.08;13.55
281603_25069_42124;6;;492;244;244;44;200;49.59;18.03
281603_25070_42124;7;;757;361;361;75;286;47.69;20.78
281603_25071_42124;8;;1078;594;594;100;494;55.10;16.84
281603_25072_42124;9;;1968;1032;1032;154;878;52.44;14.92
281603_25073_42124;10;;2049;968;968;131;837;47.24;13.53
281603_25074_42124;11;;1066;551;551;92;459;51.69;16.70
281603_25075_42124;12;;2167;1103;1103;141;962;50.90;12.78
281603_25076_42124;13;;2123;1090;1090;124;966;51.34;11.38
281603_25077_42124;14;;979;452;452;66;386;46.17;14.60
281603_25078_42124;15;;2040;1061;1061;171;890;52.01;16.12
281603_25079_42124;16;;2132;1196;1199;182;1014;56.10;15.22
281603_25080_42124;17;;1066;600;600;61;539;56.29;10.17
281603_30540_42124;18;;59;28;28;2;26;47.46;7.14
281604_25081_42124;1;;882;497;497;91;406;56.35;18.31
281604_25082_42124;2;;996;550;550;95;455;55.22;17.27
281604_25083_42124;3;;1093;627;627;138;489;57.37;22.01
281604_25084_42124;4;;886;457;457;81;376;51.58;17.72
281604_25085_42124;5;;845;498;498;142;356;58.93;28.51
281604_25086_42124;6;;935;527;527;124;403;56.36;23.53
281604_25087_42124;7;;898;523;523;106;417;58.24;20.27
281604_25088_42124;8;;336;201;201;50;151;59.82;24.88
281604_30541_42124;9;;34;21;21;8;13;61.76;38.10
281701_25089_42124;1;;1196;612;612;66;546;51.17;10.78
281701_25090_42124;2;;889;465;465;49;416;52.31;10.54
281701_25091_42124;3;;1069;563;563;99;464;52.67;17.58
281701_25092_42124;4;;749;284;284;59;225;37.92;20.77
281701_25093_42124;5;;960;404;404;52;352;42.08;12.87
281701_25094_42124;6;;1083;477;477;74;403;44.04;15.51
281701_25095_42124;7;;862;416;416;66;350;48.26;15.87
281701_25096_42124;8;;787;388;388;58;330;49.30;14.95
281701_25097_42124;9;;854;370;370;59;311;43.33;15.95
281701_25098_42124;10;;1107;536;536;79;457;48.42;14.74
281701_25099_42124;11;;690;316;316;22;294;45.80;6.96
281701_25100_42124;12;;923;443;443;82;361;48.00;18.51
281701_25101_42124;13;;713;369;369;58;311;51.75;15.72
281701_25102_42124;14;;1034;504;504;82;422;48.74;16.27
281701_25103_42124;15;;1068;541;541;82;459;50.66;15.16
281701_25104_42124;16;;1307;672;672;99;573;51.42;14.73
281701_25105_42124;17;;795;341;341;47;294;42.89;13.78
281701_25106_42124;18;;601;279;279;56;223;46.42;20.07
281701_25107_42124;19;;971;419;419;62;357;43.15;14.80
281701_25108_42124;20;;829;346;346;62;284;41.74;17.92
281701_25109_42124;21;;1172;515;515;53;462;43.94;10.29
281701_30542_42124;22;;105;73;73;7;66;69.52;9.59
281701_30543_42124;23;;56;24;24;2;22;42.86;8.33
281701_30544_42124;24;;107;45;45;13;32;42.06;28.89
281702_25110_42124;1;;286;143;144;26;117;50.00;18.18
281702_25111_42124;2;;1393;763;763;202;561;54.77;26.47
281702_25112_42124;3;;1346;869;869;151;718;64.56;17.38
281702_25113_42124;4;;589;341;341;70;271;57.89;20.53
281702_25114_42124;5;;687;435;435;114;321;63.32;26.21
281702_25115_42124;6;;1150;650;650;137;513;56.52;21.08
281703_25116_42124;1;;1046;670;670;165;505;64.05;24.63
281703_25117_42124;2;;855;493;493;129;364;57.66;26.17
281703_25118_42124;3;;578;331;331;94;237;57.27;28.40
281703_25119_42124;4;;513;255;255;59;196;49.71;23.14
281704_25120_42124;1;;472;322;322;127;195;68.22;39.44
281704_25121_42124;2;;329;191;191;60;131;58.05;31.41
281704_25122_42124;3;;416;243;243;39;204;58.41;16.05
281704_25123_42124;4;;637;404;404;107;297;63.42;26.49
281704_25124_42124;5;;340;199;199;69;130;58.53;34.67
281704_25125_42124;6;;528;300;300;89;211;56.82;29.67
281704_25126_42124;7;;876;492;492;144;348;56.16;29.27
281704_25127_42124;8;;678;400;400;97;303;59.00;24.25
281705_25128_42124;1;;1025;504;504;139;365;49.17;27.58
281705_25129_42124;2;;1219;791;791;211;580;64.89;26.68
281705_25130_42124;3;;499;279;279;105;174;55.91;37.63
281705_25131_42124;4;;699;428;428;136;292;61.23;31.78
281705_25132_42124;5;;308;173;173;36;137;56.17;20.81
281705_25133_42124;6;;404;228;228;84;144;56.44;36.84
281705_25134_42124;7;;440;228;228;68;160;51.82;29.82
281706_25135_42124;1;;1090;577;577;136;441;52.94;23.57
281706_25136_42124;2;;634;390;390;81;309;61.51;20.77
281706_25137_42124;3;;977;537;537;63;474;54.96;11.73
281706_25138_42124;4;;545;250;250;67;183;45.87;26.80
281706_25139_42124;5;;858;360;360;53;307;41.96;14.72
281706_25140_42124;6;;1122;603;603;122;481;53.74;20.23
281706_25141_42124;7;;700;402;402;116;286;57.43;28.86
281706_25142_42124;8;;710;344;344;42;302;48.45;12.21
281706_25143_42124;9;;832;418;418;110;308;50.24;26.32
281706_25144_42124;10;;1268;658;658;165;493;51.89;25.08
281706_25145_42124;11;;789;392;392;108;284;49.68;27.55
281707_25146_42124;1;;1174;747;747;192;555;63.63;25.70
281707_25147_42124;2;;603;277;277;86;191;45.94;31.05
281707_25148_42124;3;;1184;548;548;113;435;46.28;20.62
281707_25149_42124;4;;682;339;339;74;265;49.71;21.83
281707_25150_42124;5;;827;360;360;59;301;43.53;16.39
281707_25151_42124;6;;384;239;239;50;189;62.24;20.92
281707_30545_42124;7;;16;8;8;5;3;50.00;62.50
281708_25152_42124;1;;1069;536;536;134;402;50.14;25.00
281708_25153_42124;2;;726;393;393;119;274;54.13;30.28
281708_25154_42124;3;;966;486;486;138;348;50.31;28.40
281708_25155_42124;4;;1055;618;618;171;447;58.58;27.67
281708_25156_42124;5;;439;249;249;76;173;56.72;30.52
281708_25157_42124;6;;911;422;422;109;313;46.32;25.83
281801_25158_42123;1;;1175;687;687;135;552;58.47;19.65
281801_25159_42123;2;;737;382;382;122;260;51.83;31.94
281801_25160_42123;3;;565;316;316;121;195;55.93;38.29
281801_25161_42123;4;;842;447;447;107;340;53.09;23.94
281802_25162_42123;1;;1059;451;451;137;314;42.59;30.38
281802_25163_42123;2;;461;216;216;64;152;46.85;29.63
281802_25164_42123;3;;1032;379;379;139;240;36.72;36.68
281803_25165_42123;1;;777;321;321;95;226;41.31;29.60
281803_25166_42123;2;;819;384;384;95;289;46.89;24.74
281803_25167_42123;3;;654;343;343;55;288;52.45;16.03
281803_25168_42123;4;;766;354;354;92;262;46.21;25.99
281803_25169_42123;5;;847;411;411;61;350;48.52;14.84
281803_25170_42123;6;;399;183;183;41;142;45.86;22.40
281803_25171_42123;7;;1616;678;678;89;589;41.96;13.13
281803_25172_42123;8;;1613;756;756;96;660;46.87;12.70
281803_25173_42123;9;;1706;777;777;86;691;45.55;11.07
281803_25174_42123;10;;1468;690;690;96;594;47.00;13.91
281803_25175_42123;11;;806;374;374;42;332;46.40;11.23
281803_25176_42123;12;;1553;763;763;124;639;49.13;16.25
281803_25177_42123;13;;1468;638;638;72;566;43.46;11.29
281803_25178_42123;14;;1489;747;747;97;650;50.17;12.99
281803_30546_42123;15;;47;14;14;1;13;29.79;7.14
281901_25179_42123;1;;793;412;412;89;323;51.95;21.60
281901_25180_42123;2;;763;263;263;58;205;34.47;22.05
281901_25181_42123;3;;530;191;191;38;153;36.04;19.90
281901_25182_42123;4;;405;136;136;21;115;33.58;15.44
281902_25183_42123;1;;935;512;512;121;391;54.76;23.63
281902_25184_42123;2;;857;476;476;144;332;55.54;30.25
281902_25185_42123;3;;992;601;601;168;433;60.58;27.95
281903_25186_42123;1;;963;449;449;70;379;46.63;15.59
281903_25187_42123;2;;952;440;440;81;359;46.22;18.41
281903_25188_42123;3;;838;359;359;60;299;42.84;16.71
281903_25189_42123;4;;950;447;447;58;389;47.05;12.98
281903_25190_42123;5;;800;347;347;35;312;43.38;10.09
281903_25191_42123;6;;1043;377;377;69;308;36.15;18.30
281903_25192_42123;7;;997;411;411;51;360;41.22;12.41
281903_25193_42123;8;;804;334;334;61;273;41.54;18.26
281903_25194_42123;9;;998;444;444;67;377;44.49;15.09
281903_25195_42123;10;;977;422;422;72;350;43.19;17.06
281903_25196_42123;11;;828;329;329;61;268;39.73;18.54
281903_25197_42123;12;;914;354;354;76;278;38.73;21.47
281903_25198_42123;13;;974;463;463;75;388;47.54;16.20
281903_25199_42123;14;;784;269;269;46;223;34.31;17.10
281903_25200_42123;15;;966;349;349;57;292;36.13;16.33
281903_30547_42123;16;;146;17;17;0;17;11.64;0.00
281903_30548_42123;17;;61;17;17;1;16;27.87;5.88
281903_30549_42123;18;;205;29;29;11;18;14.15;37.93
286101_25201_42122;1;;1994;766;766;79;687;38.42;10.31
286101_25202_42122;2;;1915;798;798;100;698;41.67;12.53
286101_25203_42122;3;;1391;554;554;77;477;39.83;13.90
286101_25204_42122;4;;2017;739;739;207;532;36.64;28.01
286101_25205_42122;5;;1840;718;718;83;635;39.02;11.56
286101_25206_42122;6;;1363;443;443;48;395;32.50;10.84
286101_25207_42122;7;;845;178;178;16;162;21.07;8.99
286101_25208_42122;8;;1679;574;574;80;494;34.19;13.94
286101_25209_42122;9;;580;240;240;34;206;41.38;14.17
286101_25210_42122;10;;1465;600;600;66;534;40.96;11.00
286101_25211_42122;11;;1729;621;621;76;545;35.92;12.24
286101_25212_42122;12;;2116;796;796;65;731;37.62;8.17
286101_25213_42122;13;;2345;898;898;67;831;38.29;7.46
286101_25214_42122;14;;2109;825;825;95;730;39.12;11.52
286101_25215_42122;15;;2003;650;650;74;576;32.45;11.38
286101_25216_42122;16;;2030;772;772;83;689;38.03;10.75
286101_25217_42122;17;;1409;502;502;27;475;35.63;5.38
286101_25218_42122;18;;1924;647;647;128;519;33.63;19.78
286101_25219_42122;19;;1820;698;698;110;588;38.35;15.76
286101_25220_42122;20;;1843;645;645;93;552;35.00;14.42
286101_25221_42122;21;;1945;708;708;150;558;36.40;21.19
286101_25222_42122;22;;2244;741;742;93;648;33.02;12.55
286101_25223_42122;23;;1673;645;645;67;578;38.55;10.39
286101_25224_42122;24;;2036;761;761;68;693;37.38;8.94
286101_25225_42122;25;;1907;602;602;152;450;31.57;25.25
286101_25226_42122;26;;1724;655;655;63;592;37.99;9.62
286101_25227_42122;27;;1851;663;663;105;558;35.82;15.84
286101_25228_42122;28;;1586;687;687;88;599;43.32;12.81
286101_25229_42122;29;;1401;503;503;60;443;35.90;11.93
286101_25230_42122;30;;98;37;37;9;28;37.76;24.32
286101_25231_42122;31;;1618;552;552;54;498;34.12;9.78
286101_25232_42122;32;;1484;553;553;109;444;37.26;19.71
286101_25233_42122;33;;1761;635;635;51;584;36.06;8.03
286101_25234_42122;34;;1480;484;484;91;393;32.70;18.80
286101_25235_42122;35;;2252;858;858;163;695;38.10;19.00
286101_25236_42122;36;;1378;494;494;60;434;35.85;12.15
286101_25237_42122;37;;1778;610;610;50;560;34.31;8.20
286101_25238_42122;38;;2036;739;739;102;637;36.30;13.80
286101_25239_42122;39;;2076;760;760;100;660;36.61;13.16
286101_25240_42122;40;;1509;540;540;102;438;35.79;18.89
286101_25241_42122;41;;1368;587;587;76;511;42.91;12.95
286101_25242_42122;42;;1984;755;755;79;676;38.05;10.46
286101_25243_42122;43;;1819;518;518;80;438;28.48;15.44
286101_25244_42122;44;;1284;477;477;50;427;37.15;10.48
286101_25245_42122;45;;1721;630;630;84;546;36.61;13.33
286101_25246_42122;46;;1849;401;401;89;312;21.69;22.19
286101_25247_42122;47;;1037;308;308;28;280;29.70;9.09
286101_25248_42122;48;;1989;660;660;96;564;33.18;14.55
286101_25249_42122;49;;1918;640;640;96;544;33.37;15.00
286101_25250_42122;50;;1463;376;376;29;347;25.70;7.71
286101_25251_42122;51;;1876;626;626;85;541;33.37;13.58
286101_25252_42122;52;;1474;458;458;88;370;31.07;19.21
286101_25253_42122;53;;1500;460;460;73;387;30.67;15.87
286101_25254_42122;54;;2171;759;759;72;687;34.96;9.49
286101_25255_42122;55;;1561;530;530;61;469;33.95;11.51
286101_25256_42122;56;;1858;657;657;80;577;35.36;12.18
286101_25257_42122;57;;1425;523;523;50;473;36.70;9.56
286101_30550_42122;58;;140;34;34;6;28;24.29;17.65
286101_30551_42122;59;;31;13;13;1;12;41.94;7.69
286101_30552_42122;60;;99;38;38;8;30;38.38;21.05
286101_30553_42122;61;;19;0;0;0;0;0.00;NA
286101_30554_42122;62;;140;43;43;15;28;30.71;34.88
286201_25258_42120;1;;1027;389;389;38;351;37.88;9.77
286201_25259_42120;2;;646;279;279;32;247;43.19;11.47
286201_25260_42120;3;;1156;487;487;90;397;42.13;18.48
286201_25261_42120;4;;994;509;509;51;458;51.21;10.02
286201_25262_42120;5;;1246;556;556;66;490;44.62;11.87
286201_25263_42120;6;;778;346;346;23;323;44.47;6.65
286201_25264_42120;7;;1611;600;600;77;523;37.24;12.83
286201_25265_42120;8;;793;375;375;49;326;47.29;13.07
286201_25266_42120;9;;1545;728;728;78;650;47.12;10.71
286201_25267_42120;10;;1371;746;746;84;662;54.41;11.26
286201_25268_42120;11;;2156;984;984;96;888;45.64;9.76
286201_25269_42120;12;;1476;691;691;88;603;46.82;12.74
286201_25270_42120;13;;1680;740;740;95;645;44.05;12.84
286201_25271_42120;14;;1471;668;668;92;576;45.41;13.77
286201_25272_42120;15;;1338;586;586;81;505;43.80;13.82
286201_25273_42120;16;;1851;921;921;113;808;49.76;12.27
286201_25274_42120;17;;2469;1274;1274;91;1183;51.60;7.14
286201_25275_42120;18;;1851;1001;1001;60;941;54.08;5.99
286201_25276_42120;19;;1449;669;669;71;598;46.17;10.61
286201_25277_42120;20;;1216;662;662;57;605;54.44;8.61
286201_25278_42120;21;;1586;961;961;80;881;60.59;8.32
286201_25279_42120;22;;1397;716;716;60;656;51.25;8.38
286201_25280_42120;23;;1625;812;812;139;673;49.97;17.12
286201_25281_42120;24;;1850;963;963;66;897;52.05;6.85
286201_25282_42120;25;;962;519;519;29;490;53.95;5.59
286201_25283_42120;26;;913;483;483;34;449;52.90;7.04
286201_25284_42120;27;;621;357;357;29;328;57.49;8.12
286201_25285_42120;28;;938;366;366;57;309;39.02;15.57
286201_25286_42120;29;;1174;451;451;76;375;38.42;16.85
286201_25287_42120;30;;1348;617;617;93;524;45.77;15.07
286201_25288_42120;31;;1439;631;631;81;550;43.85;12.84
286201_25289_42120;32;;1460;686;686;66;620;46.99;9.62
286201_25290_42120;33;;1653;770;770;79;691;46.58;10.26
286201_25291_42120;34;;1137;491;491;70;421;43.18;14.26
286201_25292_42120;35;;1197;433;433;70;363;36.17;16.17
286201_25293_42120;36;;1248;584;584;50;534;46.79;8.56
286201_25294_42120;37;;1322;657;657;67;590;49.70;10.20
286201_25295_42120;38;;1579;755;755;122;633;47.82;16.16
286201_25296_42120;39;;1092;524;524;57;467;47.99;10.88
286201_25297_42120;40;;1619;763;764;84;679;47.13;11.01
286201_25298_42120;41;;1643;750;750;117;633;45.65;15.60
286201_25299_42120;42;;1510;655;655;96;559;43.38;14.66
286201_25300_42120;43;;1631;768;768;78;690;47.09;10.16
286201_25301_42120;44;;1231;556;556;70;486;45.17;12.59
286201_25302_42120;45;;1428;676;676;90;586;47.34;13.31
286201_25303_42120;46;;2184;930;930;84;846;42.58;9.03
286201_25304_42120;47;;1921;969;969;110;859;50.44;11.35
286201_25305_42120;48;;2191;1119;1119;104;1015;51.07;9.29
286201_25306_42120;49;;1776;827;827;60;767;46.57;7.26
286201_25307_42120;50;;2247;1084;1084;137;947;48.24;12.64
286201_25308_42120;51;;1729;857;857;112;745;49.57;13.07
286201_25309_42120;52;;2103;1010;1010;171;839;48.03;16.93
286201_25310_42120;53;;1429;655;655;91;564;45.84;13.89
286201_25311_42120;54;;2029;944;944;87;857;46.53;9.22
286201_25312_42120;55;;1804;857;857;107;750;47.51;12.49
286201_25313_42120;56;;1380;618;618;73;545;44.78;11.81
286201_25314_42120;57;;1442;685;685;48;637;47.50;7.01
286201_25315_42120;58;;1346;639;640;45;594;47.47;7.04
286201_25316_42120;59;;1500;704;704;55;649;46.93;7.81
286201_25317_42120;60;;1734;821;821;58;763;47.35;7.06
286201_25318_42120;61;;1432;644;644;82;562;44.97;12.73
286201_25319_42120;62;;862;419;419;41;378;48.61;9.79
286201_25320_42120;63;;1489;713;713;67;646;47.88;9.40
286201_25321_42120;64;;2188;984;984;107;877;44.97;10.87
286201_25322_42120;65;;1802;819;819;108;711;45.45;13.19
286201_25323_42120;66;;1823;872;872;86;786;47.83;9.86
286201_25324_42120;67;;1717;805;805;103;702;46.88;12.80
286201_25325_42120;68;;1565;700;700;114;586;44.73;16.29
286201_25326_42120;69;;1408;641;642;58;583;45.53;9.05
286201_25327_42120;70;;1909;889;889;64;825;46.57;7.20
286201_25328_42120;71;;2256;1141;1141;124;1017;50.58;10.87
286201_25329_42120;72;;2192;1020;1020;94;926;46.53;9.22
286201_25330_42120;73;;2013;961;961;97;864;47.74;10.09
286201_25331_42120;74;;2047;974;974;133;841;47.58;13.66
286201_25332_42120;75;;1476;563;563;56;507;38.14;9.95
286201_25333_42120;76;;2153;1004;1004;132;872;46.63;13.15
286201_25334_42120;77;;1525;610;610;152;458;40.00;24.92
286201_25335_42120;78;;2013;858;858;184;674;42.62;21.45
286201_25336_42120;79;;2068;816;817;144;672;39.46;17.65
286201_25337_42120;80;;1082;499;499;65;434;46.12;13.03
286201_25338_42120;81;;891;421;421;54;367;47.25;12.83
286201_25339_42120;82;;2010;812;812;124;688;40.40;15.27
286201_25340_42120;83;;2083;907;907;158;749;43.54;17.42
286201_25341_42120;84;;2130;1015;1015;111;904;47.65;10.94
286201_25342_42120;85;;1333;528;528;84;444;39.61;15.91
286201_25343_42120;86;;1073;468;468;53;415;43.62;11.32
286201_30555_42120;87;;140;7;7;1;6;5.00;14.29
286201_30556_42120;88;;66;5;5;0;5;7.58;0.00
286201_30557_42120;89;;233;28;28;5;23;12.02;17.86
286201_30558_42120;90;;237;12;12;3;9;5.06;25.00
286201_30559_42120;91;;180;30;30;2;28;16.67;6.67
286201_30560_42120;92;;142;30;30;4;26;21.13;13.33
286201_30561_42120;93;;91;34;34;6;28;37.36;17.65
286201_30562_42120;94;;186;77;77;14;63;41.40;18.18
286201_30563_42120;95;;126;45;45;4;41;35.71;8.89
286201_30564_42120;96;;80;26;26;6;20;32.50;23.08
286201_30565_42120;97;;34;13;13;3;10;38.24;23.08
286201_30566_42120;98;;44;39;39;4;35;88.64;10.26
286201_30567_42120;99;;102;51;51;20;31;50.00;39.22
286201_30568_42120;100;;129;20;20;9;11;15.50;45.00
300101_25344_42111;1;;2226;1082;1082;241;841;48.61;22.27
300101_25345_42111;2;;2129;1057;1057;222;835;49.65;21.00
300101_25346_42111;3;;2046;1060;1060;211;849;51.81;19.91
300101_25347_42111;4;;1991;895;895;264;631;44.95;29.50
300101_25348_42111;5;;1919;847;847;242;605;44.14;28.57
300101_25349_42111;6;;1932;857;857;248;609;44.36;28.94
300101_25350_42111;7;;1173;515;515;182;333;43.90;35.34
300101_25351_42111;8;;2074;1036;1036;360;676;49.95;34.75
300101_30569_42111;9;;109;45;45;11;34;41.28;24.44
300101_30570_42111;10;;42;15;15;2;13;35.71;13.33
300101_30571_42111;11;;141;51;51;6;45;36.17;11.76
300102_25352_42111;1;;1469;735;735;244;491;50.03;33.20
300102_25353_42111;2;;1968;878;878;241;637;44.61;27.45
300102_25354_42111;3;;1275;498;498;196;302;39.06;39.36
300102_25355_42111;4;;752;202;202;80;122;26.86;39.60
300102_25356_42111;5;;1154;417;417;129;288;36.14;30.94
300103_25357_42111;1;;840;505;505;115;390;60.12;22.77
300103_25358_42111;2;;682;358;358;128;230;52.49;35.75
300103_25359_42111;3;;961;436;436;119;317;45.37;27.29
300103_25360_42111;4;;395;117;117;16;101;29.62;13.68
300103_25361_42111;5;;541;253;253;67;186;46.77;26.48
300103_25362_42111;6;;320;168;168;47;121;52.50;27.98
300103_25363_42111;7;;265;156;156;44;112;58.87;28.21
300103_25364_42111;8;;571;246;246;58;188;43.08;23.58
300104_25365_42111;1;;1740;1242;1242;228;1014;71.38;18.36
300104_25366_42111;2;;1234;871;871;210;661;70.58;24.11
300104_25367_42111;3;;700;493;493;122;371;70.43;24.75
300104_25368_42111;4;;395;273;273;87;186;69.11;31.87
300104_25369_42111;5;;389;275;275;102;173;70.69;37.09
300104_25370_42111;6;;460;264;264;66;198;57.39;25.00
300105_25371_42111;1;;1564;791;791;284;507;50.58;35.90
300105_25372_42111;2;;1723;820;821;209;611;47.59;25.49
300105_25373_42111;3;;1254;530;530;122;408;42.26;23.02
300105_25374_42111;4;;507;158;158;42;116;31.16;26.58
300105_25375_42111;5;;827;403;403;162;241;48.73;40.20
300201_25376_42111;1;;1851;703;703;166;537;37.98;23.61
300201_25377_42111;2;;1876;814;814;163;651;43.39;20.02
300201_25378_42111;3;;1692;614;614;156;458;36.29;25.41
300201_25379_42111;4;;1847;861;861;155;706;46.62;18.00
300201_25380_42111;5;;1765;700;700;231;469;39.66;33.00
300201_30572_42111;6;;28;5;5;0;5;17.86;0.00
300202_25381_42111;1;;636;315;315;112;203;49.53;35.56
300202_25382_42111;2;;694;369;369;71;298;53.17;19.24
300202_25383_42111;3;;845;380;380;77;303;44.97;20.26
300202_25384_42111;4;;749;342;342;91;251;45.66;26.61
300202_25385_42111;5;;839;463;463;149;314;55.18;32.18
300202_25386_42111;6;;896;475;475;133;342;53.01;28.00
300202_25387_42111;7;;889;533;533;166;367;59.96;31.14
300202_25388_42111;8;;877;364;364;108;256;41.51;29.67
300202_25389_42111;9;;1078;457;457;177;280;42.39;38.73
300202_25390_42111;10;;636;292;292;89;203;45.91;30.48
300202_25391_42111;11;;615;253;253;79;174;41.14;31.23
300203_25392_42111;1;;1314;622;622;205;417;47.34;32.96
300203_25393_42111;2;;834;353;353;73;280;42.33;20.68
300203_25394_42111;3;;604;286;286;93;193;47.35;32.52
300203_25395_42111;4;;817;370;370;90;280;45.29;24.32
300203_25396_42111;5;;1185;514;514;176;338;43.38;34.24
300204_25397_42111;1;;2198;965;965;278;687;43.90;28.81
300204_25398_42111;2;;1824;715;715;240;475;39.20;33.57
300204_25399_42111;3;;1933;886;886;281;605;45.84;31.72
300204_25400_42111;4;;509;234;234;84;150;45.97;35.90
300204_25401_42111;5;;596;291;291;91;200;48.83;31.27
300205_25402_42111;1;;1220;744;744;364;380;60.98;48.92
300205_25403_42111;2;;1162;815;815;238;577;70.14;29.20
300205_25404_42111;3;;889;539;539;208;331;60.63;38.59
300205_25405_42111;4;;675;390;390;102;288;57.78;26.15
300205_25406_42111;5;;658;406;406;175;231;61.70;43.10
300205_30573_42111;6;;1202;628;628;238;390;52.25;37.90
300206_25407_42111;1;;1982;1099;1099;469;630;55.45;42.68
300206_25408_42111;2;;708;316;317;149;167;44.63;47.15
300206_25409_42111;3;;1503;631;631;222;409;41.98;35.18
300206_25410_42111;4;;664;386;386;84;302;58.13;21.76
300207_25411_42111;1;;949;417;417;74;343;43.94;17.75
300207_25412_42111;2;;984;430;430;61;369;43.70;14.19
300207_25413_42111;3;;869;401;401;63;338;46.14;15.71
300207_25414_42111;4;;869;307;307;71;236;35.33;23.13
300207_25415_42111;5;;952;340;340;88;252;35.71;25.88
300207_25416_42111;6;;915;332;332;76;256;36.28;22.89
300207_25417_42111;7;;662;326;326;68;258;49.24;20.86
300207_25418_42111;8;;1104;458;458;93;365;41.49;20.31
300207_25419_42111;9;;856;361;361;93;268;42.17;25.76
300207_25420_42111;10;;986;498;498;76;422;50.51;15.26
300207_25421_42111;11;;828;307;307;104;203;37.08;33.88
300207_25422_42111;12;;876;427;427;78;349;48.74;18.27
300207_25423_42111;13;;996;373;373;97;276;37.45;26.01
300207_25424_42111;14;;896;399;399;93;306;44.53;23.31
300207_25425_42111;15;;859;340;340;62;278;39.58;18.24
300207_25426_42111;16;;759;464;464;241;223;61.13;51.94
300207_25427_42111;17;;1002;335;335;51;284;33.43;15.22
300207_25428_42111;18;;1141;418;418;143;275;36.63;34.21
300207_25429_42111;19;;928;365;365;70;295;39.33;19.18
300207_25430_42111;20;;888;425;425;135;290;47.86;31.76
300207_25431_42111;21;;773;283;283;71;212;36.61;25.09
300207_30574_42111;22;;53;8;8;4;4;15.09;50.00
300208_25432_42111;1;;1676;891;891;325;566;53.16;36.48
300208_25433_42111;2;;151;94;94;10;84;62.25;10.64
300208_25434_42111;3;;2041;1182;1182;384;798;57.91;32.49
300208_25435_42111;4;;1323;569;569;141;428;43.01;24.78
300208_25436_42111;5;;1012;571;571;210;361;56.42;36.78
300208_25437_42111;6;;939;402;402;122;280;42.81;30.35
300208_25438_42111;7;;845;387;387;151;236;45.80;39.02
300208_25439_42111;8;;553;254;254;102;152;45.93;40.16
300208_25440_42111;9;;936;429;429;141;288;45.83;32.87
300208_25441_42111;10;;437;211;211;49;162;48.28;23.22
300301_25442_42112;1;;790;263;263;51;212;33.29;19.39
300301_25443_42112;2;;1521;586;586;116;470;38.53;19.80
300301_25444_42112;3;;1416;552;552;72;480;38.98;13.04
300301_25445_42112;4;;883;272;272;60;212;30.80;22.06
300301_25446_42112;5;;1218;456;456;102;354;37.44;22.37
300301_25447_42112;6;;1226;412;412;93;319;33.61;22.57
300301_25448_42112;7;;2184;649;649;209;440;29.72;32.20
300301_25449_42112;8;;2294;787;787;128;659;34.31;16.26
300301_25450_42112;9;;2376;1158;1158;143;1015;48.74;12.35
300301_25451_42112;10;;1185;534;534;72;462;45.06;13.48
300301_25452_42112;11;;1405;663;663;108;555;47.19;16.29
300301_25453_42112;12;;2261;1034;1034;292;742;45.73;28.24
300301_25454_42112;13;;1260;529;529;99;430;41.98;18.71
300301_25455_42112;14;;1246;560;560;78;482;44.94;13.93
300301_25456_42112;15;;1068;417;417;109;308;39.04;26.14
300301_25457_42112;16;;1393;566;566;78;488;40.63;13.78
300301_25458_42112;17;;1109;499;499;186;313;45.00;37.27
300301_25459_42112;18;;1344;670;670;105;565;49.85;15.67
300301_25460_42112;19;;1322;575;575;89;486;43.49;15.48
300301_25461_42112;20;;1242;567;567;85;482;45.65;14.99
300301_25462_42112;21;;2426;1160;1160;203;957;47.82;17.50
300301_25463_42112;22;;2480;1063;1063;303;760;42.86;28.50
300301_25464_42112;23;;1325;591;591;111;480;44.60;18.78
300301_25465_42112;24;;1337;523;523;81;442;39.12;15.49
300301_25466_42112;25;;1368;567;567;146;421;41.45;25.75
300301_25467_42112;26;;1274;562;564;60;502;44.11;10.68
300301_25468_42112;27;;2458;1112;1112;284;828;45.24;25.54
300301_25469_42112;28;;1853;816;816;107;709;44.04;13.11
300301_25470_42112;29;;702;331;331;42;289;47.15;12.69
300301_25471_42112;30;;2393;1161;1161;295;866;48.52;25.41
300301_25472_42112;31;;1983;991;991;188;803;49.97;18.97
300301_25473_42112;32;;2028;1014;1014;185;829;50.00;18.24
300301_25474_42112;33;;1961;937;937;165;772;47.78;17.61
300301_25475_42112;34;;1345;596;596;110;486;44.31;18.46
300301_25476_42112;35;;1288;611;611;117;494;47.44;19.15
300301_30575_42112;36;;524;66;67;18;48;12.60;27.27
300301_30576_42112;37;;74;36;36;12;24;48.65;33.33
300301_30577_42112;38;;73;26;26;7;19;35.62;26.92
300301_30578_42112;39;;65;47;47;7;40;72.31;14.89
300302_25477_42112;1;;2107;1137;1137;260;877;53.96;22.87
300302_25478_42112;2;;784;397;397;122;275;50.64;30.73
300302_25479_42112;3;;1601;839;839;190;649;52.40;22.65
300302_25480_42112;4;;1177;593;593;164;429;50.38;27.66
300302_30579_42112;5;;488;111;111;18;93;22.75;16.22
300303_25481_42112;1;;1771;885;885;296;589;49.97;33.45
300303_25482_42112;2;;1749;865;865;162;703;49.46;18.73
300303_25483_42112;3;;1490;798;798;141;657;53.56;17.67
300303_25484_42112;4;;1533;683;683;200;483;44.55;29.28
300303_25485_42112;5;;1681;760;760;170;590;45.21;22.37
300304_25486_42112;1;;1058;564;564;171;393;53.31;30.32
300304_25487_42112;2;;1062;378;378;133;245;35.59;35.19
300304_25488_42112;3;;1195;504;504;170;334;42.18;33.73
300304_25489_42112;4;;958;388;388;121;267;40.50;31.19
300305_25490_42112;1;;1278;803;803;201;602;62.83;25.03
300305_25491_42112;2;;849;557;558;153;404;65.61;27.47
300305_25492_42112;3;;932;575;575;208;367;61.70;36.17
300305_25493_42112;4;;833;448;448;139;309;53.78;31.03
300305_25494_42112;5;;1119;604;604;164;440;53.98;27.15
300305_25495_42112;6;;986;520;520;123;397;52.74;23.65
300306_25496_42112;1;;1363;666;666;217;449;48.86;32.58
300306_25497_42112;2;;1360;536;536;173;363;39.41;32.28
300306_25498_42112;3;;1100;606;606;177;429;55.09;29.21
300306_25499_42112;4;;890;477;477;131;346;53.60;27.46
300307_25500_42112;1;;846;346;346;79;267;40.90;22.83
300307_25501_42112;2;;809;249;249;77;172;30.78;30.92
300307_25502_42112;3;;604;208;208;45;163;34.44;21.63
300307_25503_42112;4;;842;338;338;84;254;40.14;24.85
300308_25504_42112;1;;1576;847;847;363;484;53.74;42.86
300308_25505_42112;2;;1148;529;529;141;388;46.08;26.65
300308_25506_42112;3;;1652;841;841;257;584;50.91;30.56
300309_25507_42112;1;;1683;723;723;262;461;42.96;36.24
300309_25508_42112;2;;1336;661;661;291;370;49.48;44.02
300309_25509_42112;3;;1564;817;817;250;567;52.24;30.60
300309_25510_42112;4;;1562;732;732;225;507;46.86;30.74
300309_25511_42112;5;;1333;532;532;151;381;39.91;28.38
300309_25512_42112;6;;845;367;367;124;243;43.43;33.79
300309_25513_42112;7;;687;207;207;84;123;30.13;40.58
300309_25514_42112;8;;783;289;289;97;192;36.91;33.56
300309_25515_42112;9;;1177;590;590;179;411;50.13;30.34
300309_25516_42112;10;;305;145;145;52;93;47.54;35.86
300309_30580_42112;11;;13;10;10;5;5;76.92;50.00
300310_25517_42112;1;;1566;645;645;139;506;41.19;21.55
300310_25518_42112;2;;1308;627;627;135;492;47.94;21.53
300310_25519_42112;3;;1414;670;670;221;449;47.38;32.99
300310_25520_42112;4;;684;334;334;106;228;48.83;31.74
300310_25521_42112;5;;799;309;309;110;199;38.67;35.60
300310_25522_42112;6;;729;299;300;145;154;41.02;48.49
300310_25523_42112;7;;802;369;369;80;289;46.01;21.68
300310_25524_42112;8;;1620;792;792;235;557;48.89;29.67
300310_25525_42112;9;;1165;571;571;146;425;49.01;25.57
300310_25526_42112;10;;725;348;348;83;265;48.00;23.85
300401_25527_42115;1;;1266;832;832;280;552;65.72;33.65
300401_25528_42115;2;;1372;858;858;318;540;62.54;37.06
300401_25529_42115;3;;1270;685;685;219;466;53.94;31.97
300401_25530_42115;4;;864;491;491;197;294;56.83;40.12
300401_25531_42115;5;;1295;695;695;240;455;53.67;34.53
300402_25532_42115;1;;1025;552;552;159;393;53.85;28.80
300402_25533_42115;2;;970;413;413;111;302;42.58;26.88
300402_25534_42115;3;;1067;526;526;144;382;49.30;27.38
300402_25535_42115;4;;1097;502;502;137;365;45.76;27.29
300402_25536_42115;5;;1007;554;554;122;432;55.01;22.02
300402_25537_42115;6;;1084;540;540;151;389;49.82;27.96
300402_25538_42115;7;;1104;625;625;149;476;56.61;23.84
300402_25539_42115;8;;1101;593;593;168;425;53.86;28.33
300402_25540_42115;9;;1215;654;654;175;479;53.83;26.76
300402_25541_42115;10;;1125;570;570;162;408;50.67;28.42
300402_25542_42115;11;;1261;574;574;145;429;45.52;25.26
300402_25543_42115;12;;1070;510;510;139;371;47.66;27.25
300402_25544_42115;13;;1140;680;680;204;476;59.65;30.00
300402_25545_42115;14;;1245;657;657;184;473;52.77;28.01
300402_25546_42115;15;;968;416;496;58;358;42.98;13.94
300402_25547_42115;16;;1014;391;391;180;211;38.56;46.04
300402_25548_42115;17;;863;308;308;108;200;35.69;35.06
300402_25549_42115;18;;1020;362;362;122;240;35.49;33.70
300402_25550_42115;19;;1017;361;361;96;265;35.50;26.59
300402_25551_42115;20;;1170;455;455;174;281;38.89;38.24
300402_25552_42115;21;;935;444;444;145;299;47.49;32.66
300402_30581_42115;22;;53;11;11;1;10;20.75;9.09
300403_25553_42115;1;;1378;708;708;205;503;51.38;28.95
300403_25554_42115;2;;2022;961;961;234;727;47.53;24.35
300403_25555_42115;3;;1828;695;695;177;518;38.02;25.47
300403_25556_42115;4;;2045;810;810;204;606;39.61;25.19
300403_25557_42115;5;;671;228;228;115;113;33.98;50.44
300403_25558_42115;6;;778;278;278;71;207;35.73;25.54
300403_25559_42115;7;;811;364;364;159;205;44.88;43.68
300403_25560_42115;8;;735;280;280;95;185;38.10;33.93
300403_30582_42115;9;;87;26;26;11;15;29.89;42.31
300404_25561_42115;1;;1480;880;880;238;642;59.46;27.05
300404_25562_42115;2;;1138;664;664;194;470;58.35;29.22
300404_25563_42115;3;;1054;584;584;206;378;55.41;35.27
300405_25565_42115;1;;1541;937;937;306;631;60.80;32.66
300405_25566_42115;2;;1027;644;644;222;422;62.71;34.47
300405_25567_42115;3;;1341;783;783;291;492;58.39;37.16
300405_25568_42115;4;;853;487;487;133;354;57.09;27.31
300405_25569_42115;5;;861;416;416;130;286;48.32;31.25
300405_25570_42115;6;;1183;664;664;204;460;56.13;30.72
300406_25571_42115;1;;1664;874;874;169;705;52.52;19.34
300406_25572_42115;2;;789;415;415;90;325;52.60;21.69
300406_25573_42115;3;;599;304;304;75;229;50.75;24.67
300406_25574_42115;4;;1017;438;438;82;356;43.07;18.72
300407_25575_42115;1;;2359;1053;1053;551;502;44.64;52.33
300407_25576_42115;2;;1686;705;705;362;343;41.81;51.35
300407_25577_42115;3;;1162;525;525;232;293;45.18;44.19
300407_25578_42115;4;;460;168;168;83;85;36.52;49.40
300407_25579_42115;5;;685;337;337;194;143;49.20;57.57
300501_25580_42115;1;;1197;497;497;145;352;41.52;29.18
300501_25581_42115;2;;863;405;405;91;314;46.93;22.47
300501_25582_42115;3;;456;222;222;89;133;48.68;40.09
300501_25583_42115;4;;1381;454;454;99;355;32.87;21.81
300502_25584_42115;1;;2161;1089;1089;263;826;50.39;24.15
300502_25585_42115;2;;1903;919;919;292;627;48.29;31.77
300502_25586_42115;3;;1034;437;437;221;216;42.26;50.57
300502_25587_42115;4;;2063;1019;1019;227;792;49.39;22.28
300502_25588_42115;5;;2082;1006;1006;241;765;48.32;23.96
300502_25589_42115;6;;1039;357;357;80;277;34.36;22.41
300502_25590_42115;7;;2064;779;779;282;497;37.74;36.20
300502_25591_42115;8;;1992;877;877;174;703;44.03;19.84
300502_25592_42115;9;;846;325;325;169;156;38.42;52.00
300502_30583_42115;10;;53;21;21;4;17;39.62;19.05
300503_25593_42115;1;;965;603;603;173;430;62.49;28.69
300503_25594_42115;2;;1025;404;404;91;313;39.41;22.52
300503_25595_42115;3;;1178;490;490;163;327;41.60;33.27
300503_25596_42115;4;;989;485;485;166;319;49.04;34.23
300503_25597_42115;5;;1023;577;577;240;337;56.40;41.59
300504_25598_42115;1;;1919;980;980;260;720;51.07;26.53
300504_25599_42115;2;;2102;1067;1067;289;778;50.76;27.09
300504_25600_42115;3;;1878;992;992;187;805;52.82;18.85
300504_25601_42115;4;;2111;919;919;290;629;43.53;31.56
300504_25602_42115;5;;1317;526;526;129;397;39.94;24.52
300504_25603_42115;6;;627;342;342;140;202;54.55;40.94
300505_25604_42115;1;;1400;897;897;253;644;64.07;28.21
300505_25605_42115;2;;848;408;408;120;288;48.11;29.41
300505_25606_42115;3;;1371;825;825;339;486;60.18;41.09
300505_25607_42115;4;;1270;692;692;249;443;54.49;35.98
300505_25608_42115;5;;530;284;284;79;205;53.58;27.82
300601_25609_42114;1;;596;352;352;57;295;59.06;16.19
300601_25610_42114;2;;1945;1117;1117;285;832;57.43;25.51
300601_25611_42114;3;;1605;945;945;240;705;58.88;25.40
300601_25612_42114;4;;768;439;439;82;357;57.16;18.68
300601_25613_42114;5;;1148;629;629;181;448;54.79;28.78
300601_25614_42114;6;;535;339;339;88;251;63.36;25.96
300602_25615_42114;1;;1829;914;914;209;705;49.97;22.87
300602_25616_42114;2;;1703;920;920;106;814;54.02;11.52
300602_25617_42114;3;;1622;804;804;158;646;49.57;19.65
300602_25618_42114;4;;1374;584;584;163;421;42.50;27.91
300602_25619_42114;5;;1807;969;969;149;820;53.62;15.38
300602_25620_42114;6;;1830;1039;1039;237;802;56.78;22.81
300602_25621_42114;7;;1586;861;861;177;684;54.29;20.56
300602_25622_42114;8;;1615;820;820;155;665;50.77;18.90
300602_25623_42114;9;;1731;902;902;201;701;52.11;22.28
300602_25624_42114;10;;2088;1051;1051;264;787;50.34;25.12
300602_25625_42114;11;;2240;1170;1170;206;964;52.23;17.61
300602_25626_42114;12;;1652;783;783;153;630;47.40;19.54
300602_25627_42114;13;;1812;836;836;204;632;46.14;24.40
300602_25628_42114;14;;1597;701;701;221;480;43.89;31.53
300602_25629_42114;15;;1102;540;540;177;363;49.00;32.78
300602_25630_42114;16;;2023;922;922;195;727;45.58;21.15
300602_25631_42114;17;;1500;804;804;136;668;53.60;16.92
300602_25632_42114;18;;1732;861;861;119;742;49.71;13.82
300602_25633_42114;19;;2113;1049;1049;224;825;49.65;21.35
300602_25634_42114;20;;2167;1018;1018;164;854;46.98;16.11
300602_25635_42114;21;;1225;683;683;86;597;55.76;12.59
300602_30584_42114;22;;52;21;21;4;17;40.38;19.05
300603_25636_42114;1;;1264;672;672;198;474;53.16;29.46
300603_25637_42114;2;;1362;815;815;175;640;59.84;21.47
300603_25638_42114;3;;1026;557;557;287;270;54.29;51.53
300603_25639_42114;4;;904;602;602;214;388;66.59;35.55
300603_25640_42114;5;;1188;605;605;178;427;50.93;29.42
300604_25641_42114;1;;1729;1171;1171;268;903;67.73;22.89
300604_25642_42114;2;;792;410;410;127;283;51.77;30.98
300604_25643_42114;3;;1260;567;567;163;404;45.00;28.75
300604_25644_42114;4;;730;340;340;81;259;46.58;23.82
300604_25645_42114;5;;613;326;326;93;233;53.18;28.53
300604_25646_42114;6;;1952;958;958;240;718;49.08;25.05
300604_25647_42114;7;;689;326;326;96;230;47.31;29.45
300604_25648_42114;8;;541;257;257;66;191;47.50;25.68
300701_25649_42114;1;;979;394;394;98;296;40.25;24.87
300701_25650_42114;2;;951;285;285;88;197;29.97;30.88
300701_25651_42114;3;;920;425;425;103;322;46.20;24.24
300701_25652_42114;4;;479;167;167;34;133;34.86;20.36
300701_25653_42114;5;;1964;1041;1041;232;809;53.00;22.29
300701_25654_42114;6;;981;465;465;97;368;47.40;20.86
300701_25655_42114;7;;1093;427;427;126;301;39.07;29.51
300701_25656_42114;8;;491;234;234;55;179;47.66;23.50
300702_25657_42114;1;;930;480;480;64;416;51.61;13.33
300702_25658_42114;2;;690;322;322;44;278;46.67;13.66
300702_25659_42114;3;;600;226;226;41;185;37.67;18.14
300702_25660_42114;4;;698;274;274;79;195;39.26;28.83
300702_25661_42114;5;;594;173;173;47;126;29.12;27.17
300702_25662_42114;6;;702;312;312;41;271;44.44;13.14
300702_25663_42114;7;;445;285;285;60;225;64.04;21.05
300703_25664_42114;1;;1743;996;996;203;793;57.14;20.38
300703_25665_42114;2;;843;473;473;106;367;56.11;22.41
300703_25666_42114;3;;947;547;547;185;362;57.76;33.82
300703_25667_42114;4;;336;184;184;29;155;54.76;15.76
300704_25668_42114;1;;1049;544;544;124;420;51.86;22.79
300704_25669_42114;2;;1090;631;631;156;475;57.89;24.72
300704_25670_42114;3;;1014;442;442;99;343;43.59;22.40
300704_25671_42114;4;;1021;500;500;74;426;48.97;14.80
300704_25672_42114;5;;785;365;365;108;257;46.50;29.59
300704_25673_42114;6;;418;185;185;22;163;44.26;11.89
300704_25674_42114;7;;444;214;214;61;153;48.20;28.50
300704_25675_42114;8;;954;533;533;130;403;55.87;24.39
300704_25676_42114;9;;551;268;268;44;224;48.64;16.42
300704_30585_42114;10;;88;11;11;1;10;12.50;9.09
300705_25677_42114;1;;1624;902;902;185;717;55.54;20.51
300705_25678_42114;2;;1273;572;572;136;436;44.93;23.78
300705_25679_42114;3;;1019;437;437;109;328;42.89;24.94
300705_25680_42114;4;;962;517;517;142;375;53.74;27.47
300705_25681_42114;5;;675;412;412;105;307;61.04;25.49
300705_25682_42114;6;;503;254;254;33;221;50.50;12.99
300706_25683_42114;1;;921;526;526;106;420;57.11;20.15
300706_25684_42114;2;;1066;613;613;157;456;57.50;25.61
300706_25685_42114;3;;1677;893;893;183;710;53.25;20.49
300706_25686_42114;4;;593;307;307;43;264;51.77;14.01
300706_30586_42114;5;;34;34;34;9;25;100.00;26.47
300707_25687_42114;1;;1461;800;800;273;527;54.76;34.12
300707_25688_42114;2;;1282;763;763;204;559;59.52;26.74
300707_25689_42114;3;;1291;748;748;232;516;57.94;31.02
300708_25690_42114;1;;1773;940;940;277;663;53.02;29.47
300708_25691_42114;2;;1329;694;694;142;552;52.22;20.46
300708_25692_42114;3;;1355;702;702;95;607;51.81;13.53
300708_25693_42114;4;;789;338;338;103;235;42.84;30.47
300708_25694_42114;5;;1933;819;819;152;667;42.37;18.56
300708_25695_42114;6;;1473;733;733;179;554;49.76;24.42
300709_25696_42114;1;;1271;727;727;259;468;57.20;35.63
300709_25697_42114;2;;2232;1234;1234;397;837;55.29;32.17
300709_25698_42114;3;;2369;1102;1102;271;831;46.52;24.59
300710_25699_42114;1;;1460;871;871;276;595;59.66;31.69
300710_25700_42114;2;;1270;704;704;215;489;55.43;30.54
300710_25701_42114;3;;1478;874;874;218;656;59.13;24.94
300710_25702_42114;4;;2095;1305;1305;299;1006;62.29;22.91
300711_25703_42114;1;;1261;714;714;194;520;56.62;27.17
300711_25704_42114;2;;1136;653;653;165;488;57.48;25.27
300711_25705_42114;3;;1241;659;659;125;534;53.10;18.97
300711_25706_42114;4;;513;313;313;82;231;61.01;26.20
300711_25707_42114;5;;1004;543;543;101;442;54.08;18.60
300711_25708_42114;6;;1106;631;631;138;493;57.05;21.87
300711_25709_42114;7;;781;477;477;151;326;61.08;31.66
300711_25710_42114;8;;510;283;283;93;190;55.49;32.86
300801_25711_42114;1;;1604;1010;1010;174;836;62.97;17.23
300801_25712_42114;2;;819;475;475;151;324;58.00;31.79
300801_25713_42114;3;;658;427;427;129;298;64.89;30.21
300801_25714_42114;4;;1268;809;809;199;610;63.80;24.60
300801_25715_42114;5;;1126;616;616;133;483;54.71;21.59
300801_25716_42114;6;;691;443;443;155;288;64.11;34.99
300802_25717_42114;1;;1243;802;802;227;575;64.52;28.30
300802_25718_42114;2;;967;587;587;126;461;60.70;21.47
300802_25719_42114;3;;536;353;353;102;251;65.86;28.90
300802_25720_42114;4;;645;378;378;127;251;58.60;33.60
300802_25721_42114;5;;696;415;415;120;295;59.63;28.92
300802_25722_42114;6;;318;200;200;53;147;62.89;26.50
300802_25723_42114;7;;236;165;165;24;141;69.92;14.55
300803_25724_42114;1;;2360;1264;1264;241;1023;53.56;19.07
300803_25725_42114;2;;2381;1371;1371;236;1135;57.58;17.21
300803_25726_42114;3;;797;413;413;124;289;51.82;30.02
300803_25727_42114;4;;2033;985;985;270;715;48.45;27.41
300803_25728_42114;5;;1764;971;971;173;798;55.05;17.82
300803_25729_42114;6;;1585;745;745;181;564;47.00;24.30
300803_25730_42114;7;;1939;1004;1004;224;780;51.78;22.31
300803_25731_42114;8;;1125;627;627;158;469;55.73;25.20
300803_25732_42114;9;;371;184;184;54;130;49.60;29.35
300803_25733_42114;10;;831;464;464;140;324;55.84;30.17
300803_25734_42114;11;;867;546;546;136;410;62.98;24.91
300803_25735_42114;12;;834;515;515;175;340;61.75;33.98
300803_25736_42114;13;;635;382;382;118;264;60.16;30.89
300803_25737_42114;14;;880;550;550;136;414;62.50;24.73
300803_25738_42114;15;;1277;678;678;128;550;53.09;18.88
300803_30587_42114;16;;59;12;12;4;8;20.34;33.33
300803_30588_42114;17;;48;23;23;11;12;47.92;47.83
300804_25739_42114;1;;1559;950;950;313;637;60.94;32.95
300804_25740_42114;2;;1027;600;600;225;375;58.42;37.50
300804_25741_42114;3;;1586;1043;1043;397;646;65.76;38.06
300805_25742_42114;1;;1357;732;732;241;491;53.94;32.92
300805_25743_42114;2;;710;336;336;108;228;47.32;32.14
300805_25744_42114;3;;1008;465;465;187;278;46.13;40.22
300806_25745_42114;1;;1385;840;840;225;615;60.65;26.79
300806_25746_42114;2;;445;281;281;87;194;63.15;30.96
300806_25747_42114;3;;433;211;211;78;133;48.73;36.97
300806_25748_42114;4;;922;458;458;128;330;49.67;27.95
300807_25749_42114;1;;1665;797;798;237;560;47.87;29.74
300807_25750_42114;2;;1608;719;719;230;489;44.71;31.99
300807_25751_42114;3;;585;257;257;58;199;43.93;22.57
300901_25752_42113;1;;1420;698;698;110;588;49.15;15.76
300901_25753_42113;2;;1279;528;528;177;351;41.28;33.52
300901_25754_42113;3;;1048;490;490;132;358;46.76;26.94
300901_25755_42113;4;;1878;811;811;153;658;43.18;18.87
300901_25756_42113;5;;1744;881;881;133;748;50.52;15.10
300901_25757_42113;6;;1621;744;744;127;617;45.90;17.07
300901_25758_42113;7;;2007;915;915;161;754;45.59;17.60
300901_25759_42113;8;;1039;494;494;115;379;47.55;23.28
300901_25760_42113;9;;1557;816;816;95;721;52.41;11.64
300901_25761_42113;10;;1017;522;522;61;461;51.33;11.69
300901_25762_42113;11;;1863;902;902;149;753;48.42;16.52
300901_25763_42113;12;;1957;837;837;111;726;42.77;13.26
300901_30589_42113;13;;81;62;62;14;48;76.54;22.58
300901_30590_42113;14;;62;25;25;4;21;40.32;16.00
300901_30591_42113;15;;28;8;8;2;6;28.57;25.00
300902_25764_42113;1;;1828;1089;1089;302;787;59.57;27.73
300902_25765_42113;2;;834;475;475;158;317;56.95;33.26
300902_25766_42113;3;;1358;707;707;174;533;52.06;24.61
300902_25767_42113;4;;1602;794;794;202;592;49.56;25.44
300902_25768_42113;5;;879;477;477;122;355;54.27;25.58
300903_25769_42113;1;;430;221;221;50;171;51.40;22.62
300903_25770_42113;2;;918;443;443;79;364;48.26;17.83
300903_25771_42113;3;;720;347;347;101;246;48.19;29.11
300903_25772_42113;4;;679;379;379;114;265;55.82;30.08
300904_25773_42113;1;;1706;1006;1006;276;730;58.97;27.44
300904_25774_42113;2;;1075;604;604;127;477;56.19;21.03
300904_25775_42113;3;;412;241;241;40;201;58.50;16.60
300904_25776_42113;4;;1125;713;713;183;530;63.38;25.67
300904_25777_42113;5;;1065;637;637;130;507;59.81;20.41
300905_25778_42113;1;;1575;984;984;231;753;62.48;23.48
300905_25779_42113;2;;1012;563;563;164;399;55.63;29.13
300905_25780_42113;3;;630;353;353;84;269;56.03;23.80
300905_25781_42113;4;;611;386;386;95;291;63.18;24.61
300905_25782_42113;5;;739;427;427;98;329;57.78;22.95
300906_25783_42113;1;;2152;1107;1107;316;791;51.44;28.55
300906_25784_42113;2;;1418;702;702;185;517;49.51;26.35
300906_25785_42113;3;;1514;733;733;149;584;48.41;20.33
300906_25786_42113;4;;1322;679;679;156;523;51.36;22.97
300906_25787_42113;5;;953;480;480;103;377;50.37;21.46
300906_25788_42113;6;;475;270;270;54;216;56.84;20.00
300906_25789_42113;7;;860;315;315;56;259;36.63;17.78
300906_25790_42113;8;;653;269;269;49;220;41.19;18.22
300906_25791_42113;9;;583;244;244;53;191;41.85;21.72
300906_25792_42113;10;;493;224;224;64;160;45.44;28.57
300906_25793_42113;11;;342;123;123;24;99;35.96;19.51
300907_25794_42113;1;;2139;1206;1206;287;919;56.38;23.80
300907_25795_42113;2;;1628;862;862;166;696;52.95;19.26
300907_25796_42113;3;;1025;598;598;154;444;58.34;25.75
300907_25797_42113;4;;1251;610;610;142;468;48.76;23.28
300908_25798_42113;1;;1223;641;641;216;425;52.41;33.70
300908_25799_42113;2;;1363;818;818;200;618;60.01;24.45
300908_25800_42113;3;;1385;764;764;213;551;55.16;27.88
300908_25801_42113;4;;1435;799;799;180;619;55.68;22.53
300909_25802_42113;1;;1716;617;617;229;388;35.96;37.12
300909_25803_42113;2;;1524;598;598;126;472;39.24;21.07
300909_25804_42113;3;;568;179;179;37;142;31.51;20.67
300910_25805_42113;1;;1887;821;821;200;621;43.51;24.36
300910_25806_42113;2;;1080;472;472;91;381;43.70;19.28
300910_25807_42113;3;;1740;624;624;100;524;35.86;16.03
300911_25808_42113;1;;1460;840;840;266;574;57.53;31.67
300911_25809_42113;2;;1078;650;650;176;474;60.30;27.08
300911_25810_42113;3;;982;644;644;213;431;65.58;33.07
301001_25811_42113;1;;1829;961;961;343;618;52.54;35.69
301001_25812_42113;2;;1828;932;932;296;636;50.98;31.76
301001_25813_42113;3;;1503;849;849;215;634;56.49;25.32
301001_25814_42113;4;;1398;726;726;228;498;51.93;31.40
301001_25815_42113;5;;1294;766;766;236;530;59.20;30.81
301001_25816_42113;6;;1170;612;612;196;416;52.31;32.03
301001_25817_42113;7;;624;340;340;124;216;54.49;36.47
301002_25818_42113;1;;1869;1201;1201;369;832;64.26;30.72
301002_25819_42113;2;;631;341;341;157;184;54.04;46.04
301002_25820_42113;3;;976;592;592;229;363;60.66;38.68
301002_25821_42113;4;;680;397;397;173;224;58.38;43.58
301003_25822_42113;1;;991;506;506;132;374;51.06;26.09
301003_25823_42113;2;;1809;972;972;323;649;53.73;33.23
301003_25824_42113;3;;1662;969;969;296;673;58.30;30.55
301003_25825_42113;4;;1593;933;933;303;630;58.57;32.48
301003_25826_42113;5;;1372;717;717;183;534;52.26;25.52
301003_25827_42113;6;;1652;822;822;188;634;49.76;22.87
301004_25828_42113;1;;1745;987;987;256;731;56.56;25.94
301004_25829_42113;2;;1695;845;845;238;607;49.85;28.17
301004_25830_42113;3;;1359;852;852;292;560;62.69;34.27
301004_25831_42113;4;;1040;580;580;254;326;55.77;43.79
301004_25832_42113;5;;1117;639;639;252;387;57.21;39.44
301004_25833_42113;6;;1076;549;549;195;354;51.02;35.52
301005_25834_42113;1;;1092;606;606;179;427;55.49;29.54
301005_25835_42113;2;;1089;616;616;186;430;56.57;30.19
301005_25836_42113;3;;970;520;520;170;350;53.61;32.69
301005_25837_42113;4;;614;403;403;101;302;65.64;25.06
301005_25838_42113;5;;665;397;397;101;296;59.70;25.44
301005_25839_42113;6;;530;276;276;45;231;52.08;16.30
301005_25840_42113;7;;618;270;270;85;185;43.69;31.48
301005_25841_42113;8;;1697;810;810;123;687;47.73;15.19
301005_25842_42113;9;;1350;740;740;204;536;54.81;27.57
301006_25843_42113;1;;2295;1196;1196;354;842;52.11;29.60
301006_25844_42113;2;;741;363;363;75;288;48.99;20.66
301006_25845_42113;3;;1735;888;888;217;671;51.18;24.44
301006_25846_42113;4;;321;204;204;98;106;63.55;48.04
301006_25847_42113;5;;947;532;532;185;347;56.18;34.77
301007_25848_42113;1;;923;566;566;161;405;61.32;28.45
301007_25849_42113;2;;777;478;478;158;320;61.52;33.05
301007_25850_42113;3;;2164;1483;1483;360;1123;68.53;24.28
301007_25851_42113;4;;840;512;512;121;391;60.95;23.63
301007_25852_42113;5;;437;329;329;109;220;75.29;33.13
301007_25853_42113;6;;554;310;310;99;211;55.96;31.94
301007_25854_42113;7;;1016;646;646;256;390;63.58;39.63
301008_25855_42113;1;;1647;1039;1039;294;745;63.08;28.30
301008_25856_42113;2;;1759;943;943;246;697;53.61;26.09
301008_25857_42113;3;;1059;636;636;181;455;60.06;28.46
301008_25858_42113;4;;1186;764;764;236;528;64.42;30.89
301009_25859_42113;1;;388;279;279;125;154;71.91;44.80
301009_25860_42113;2;;321;223;223;92;131;69.47;41.26
301009_25861_42113;3;;1405;908;908;269;639;64.63;29.63
301009_25862_42113;4;;658;417;417;133;284;63.37;31.89
301009_25863_42113;5;;339;258;258;110;148;76.11;42.64
301009_25864_42113;6;;344;206;206;74;132;59.88;35.92
301009_25865_42113;7;;563;374;374;100;274;66.43;26.74
301009_25866_42113;8;;438;230;230;86;144;52.51;37.39
301009_25867_42113;9;;531;316;316;120;196;59.51;37.97
301010_25868_42113;1;;1825;1103;1103;398;705;60.44;36.08
301010_25869_42113;2;;1546;832;832;264;568;53.82;31.73
301010_25870_42113;3;;1096;703;703;286;417;64.14;40.68
301010_25871_42113;4;;710;423;423;153;270;59.58;36.17
301010_25872_42113;5;;1716;998;998;350;648;58.16;35.07
301010_25873_42113;6;;1056;701;701;244;457;66.38;34.81
301010_25874_42113;7;;473;315;315;141;174;66.60;44.76
301011_25875_42113;1;;1122;596;596;122;474;53.12;20.47
301011_25876_42113;2;;1170;617;617;103;514;52.74;16.69
301011_25877_42113;3;;1795;903;903;185;718;50.31;20.49
301011_25878_42113;4;;721;355;355;100;255;49.24;28.17
301011_25879_42113;5;;1927;1045;1045;316;729;54.23;30.24
301011_25880_42113;6;;1060;572;572;169;403;53.96;29.55
301011_25881_42113;7;;511;325;325;130;195;63.60;40.00
301011_25882_42113;8;;732;373;373;76;297;50.96;20.38
301012_25883_42113;1;;1531;967;967;247;720;63.16;25.54
301012_25884_42113;2;;972;642;642;167;475;66.05;26.01
301012_25885_42113;3;;671;438;438;159;279;65.28;36.30
301012_25886_42113;4;;1596;877;877;279;598;54.95;31.81
301012_25887_42113;5;;1883;1186;1186;430;756;62.98;36.26
301012_25888_42113;6;;635;409;409;153;256;64.41;37.41
301012_25889_42113;7;;1633;848;848;319;529;51.93;37.62
301012_25890_42113;8;;730;438;438;128;310;60.00;29.22
301012_25891_42113;9;;1475;724;724;185;539;49.08;25.55
301012_30592_42113;10;;42;9;9;1;8;21.43;11.11
301013_25892_42113;1;;778;438;438;143;295;56.30;32.65
301013_25893_42113;2;;683;394;394;127;267;57.69;32.23
301013_25894_42113;3;;864;514;514;155;359;59.49;30.16
301013_25895_42113;4;;812;467;467;119;348;57.51;25.48
301013_25896_42113;5;;1100;640;640;234;406;58.18;36.56
301013_25897_42113;6;;839;479;479;164;315;57.09;34.24
301013_25898_42113;7;;864;347;347;113;234;40.16;32.56
301014_25899_42113;1;;1016;656;656;210;446;64.57;32.01
301014_25900_42113;2;;1097;710;710;209;501;64.72;29.44
301014_25901_42113;3;;708;494;494;224;270;69.77;45.34
301014_25902_42113;4;;766;517;517;212;305;67.49;41.01
301014_25903_42113;5;;649;454;454;151;303;69.95;33.26
301014_25904_42113;6;;735;478;478;208;270;65.03;43.51
301101_25905_42115;1;;1665;747;747;154;593;44.86;20.62
301101_25906_42115;2;;1364;533;533;162;371;39.08;30.39
301101_25907_42115;3;;1630;652;652;114;538;40.00;17.48
301101_25908_42115;4;;994;426;426;84;342;42.86;19.72
301101_25909_42115;5;;1560;673;673;129;544;43.14;19.17
301101_25910_42115;6;;1657;730;730;152;578;44.06;20.82
301101_25911_42115;7;;1099;469;469;87;382;42.68;18.55
301101_25912_42115;8;;2053;901;901;193;708;43.89;21.42
301101_25913_42115;9;;2076;915;915;155;760;44.08;16.94
301101_25914_42115;10;;2269;863;863;157;706;38.03;18.19
301101_25915_42115;11;;969;351;351;80;271;36.22;22.79
301101_25916_42115;12;;1888;785;785;202;583;41.58;25.73
301101_30593_42115;13;;137;46;46;13;33;33.58;28.26
301101_30594_42115;14;;122;30;30;3;27;24.59;10.00
301102_25917_42115;1;;2048;1123;1123;422;701;54.83;37.58
301102_25918_42115;2;;2193;1190;1190;490;700;54.26;41.18
301102_25919_42115;3;;1607;805;805;281;524;50.09;34.91
301102_25920_42115;4;;1692;836;836;275;561;49.41;32.89
301102_25921_42115;5;;1511;709;709;375;334;46.92;52.89
301102_30595_42115;6;;53;45;45;6;39;84.91;13.33
301103_25922_42115;1;;867;354;354;141;213;40.83;39.83
301103_25923_42115;2;;964;356;356;101;255;36.93;28.37
301103_25924_42115;3;;785;415;415;121;294;52.87;29.16
301103_25925_42115;4;;1231;471;471;129;342;38.26;27.39
301103_25926_42115;5;;1608;662;662;154;508;41.17;23.26
301103_25927_42115;6;;1525;555;555;117;438;36.39;21.08
301103_25928_42115;7;;830;371;371;118;253;44.70;31.81
301103_25929_42115;8;;649;344;344;98;246;53.00;28.49
301103_25930_42115;9;;676;293;293;69;224;43.34;23.55
301103_25931_42115;10;;1561;623;623;202;421;39.91;32.42
301103_25932_42115;11;;1794;720;720;186;534;40.13;25.83
301104_25933_42115;1;;1078;618;618;221;397;57.33;35.76
301104_25934_42115;2;;2047;1252;1252;547;705;61.16;43.69
301104_25935_42115;3;;2352;1502;1502;343;1159;63.86;22.84
301104_25936_42115;4;;1523;863;863;262;601;56.66;30.36
301104_25937_42115;5;;924;475;475;138;337;51.41;29.05
301105_25938_42115;1;;1420;702;702;149;553;49.44;21.23
301105_25939_42115;2;;1108;526;526;211;315;47.47;40.11
301105_25940_42115;3;;1061;517;517;170;347;48.73;32.88
301105_25941_42115;4;;1136;553;553;180;373;48.68;32.55
301105_25942_42115;5;;469;193;193;65;128;41.15;33.68
301105_25943_42115;6;;302;143;143;62;81;47.35;43.36
301105_25944_42115;7;;1258;624;624;185;439;49.60;29.65
301105_25945_42115;8;;530;268;268;99;169;50.57;36.94
301105_25946_42115;9;;293;148;148;57;91;50.51;38.51
301105_25947_42115;10;;232;167;167;51;116;71.98;30.54
301105_25948_42115;11;;1397;592;592;142;450;42.38;23.99
301105_25949_42115;12;;853;349;349;129;220;40.91;36.96
301105_25950_42115;13;;348;151;151;37;114;43.39;24.50
301105_25951_42115;14;;537;227;227;94;133;42.27;41.41
301105_25952_42115;15;;898;283;283;108;175;31.51;38.16
301105_25953_42115;16;;512;241;241;96;145;47.07;39.83
301105_25954_42115;17;;528;209;209;45;164;39.58;21.53
301105_25955_42115;18;;452;246;246;102;144;54.42;41.46
301105_25956_42115;19;;368;189;189;57;132;51.36;30.16
301105_25957_42115;20;;317;160;160;59;101;50.47;36.88
301201_25958_42115;1;;2227;1464;1464;380;1084;65.74;25.96
301202_25959_42115;1;;1304;609;609;181;428;46.70;29.72
301202_25960_42115;2;;1254;545;545;150;395;43.46;27.52
301202_25961_42115;3;;500;254;254;86;168;50.80;33.86
301202_25962_42115;4;;1130;443;443;124;319;39.20;27.99
301202_25963_42115;5;;600;264;264;95;169;44.00;35.98
301202_25964_42115;6;;634;280;280;86;194;44.16;30.71
301202_25965_42115;7;;647;307;307;71;236;47.45;23.13
301202_25966_42115;8;;397;183;183;57;126;46.10;31.15
301203_25967_42115;1;;2242;948;948;380;568;42.28;40.08
301203_25968_42115;2;;2154;864;864;258;606;40.11;29.86
301203_25969_42115;3;;1033;376;376;93;283;36.40;24.73
301203_25970_42115;4;;1104;563;563;141;422;51.00;25.04
301203_25971_42115;5;;1555;595;595;186;409;38.26;31.26
301203_25972_42115;6;;1020;447;447;150;297;43.82;33.56
301203_25973_42115;7;;1677;586;586;168;418;34.94;28.67
301203_30596_42115;8;;33;18;18;2;16;54.55;11.11
301204_25974_42115;1;;1836;849;849;134;715;46.24;15.78
301204_25975_42115;2;;1576;646;646;88;558;40.99;13.62
301204_25976_42115;3;;1272;556;556;56;500;43.71;10.07
301204_25977_42115;4;;1347;664;664;100;564;49.29;15.06
301204_25978_42115;5;;1408;633;633;101;532;44.96;15.96
301204_25979_42115;6;;1206;622;622;90;532;51.58;14.47
301204_25980_42115;7;;1304;537;537;78;459;41.18;14.53
301204_25981_42115;8;;1213;462;462;73;389;38.09;15.80
301204_25982_42115;9;;1705;692;692;230;462;40.59;33.24
301204_25983_42115;10;;1153;519;519;89;430;45.01;17.15
301204_25984_42115;11;;2016;765;765;139;626;37.95;18.17
301204_25985_42115;12;;1687;751;751;99;652;44.52;13.18
301204_25986_42115;13;;1725;877;877;107;770;50.84;12.20
301204_25987_42115;14;;1924;909;909;113;796;47.25;12.43
301204_25988_42115;15;;1878;817;817;125;692;43.50;15.30
301204_25989_42115;16;;1096;470;470;75;395;42.88;15.96
301204_25990_42115;17;;1611;827;827;80;747;51.33;9.67
301204_25991_42115;18;;2104;968;968;217;751;46.01;22.42
301204_25992_42115;19;;1403;724;724;193;531;51.60;26.66
301204_25993_42115;20;;1908;927;928;152;775;48.58;16.40
301204_25994_42115;21;;764;382;382;64;318;50.00;16.75
301204_30597_42115;22;;48;1;1;0;1;2.08;0.00
301204_30598_42115;23;;13;4;4;0;4;30.77;0.00
301204_30599_42115;24;;31;8;8;2;6;25.81;25.00
301205_25995_42115;1;;1353;853;853;239;614;63.05;28.02
301205_25996_42115;2;;1244;607;607;174;433;48.79;28.67
301205_25997_42115;3;;1436;755;755;210;545;52.58;27.81
301206_25998_42115;1;;1853;1000;1000;273;727;53.97;27.30
301206_25999_42115;2;;2139;1065;1065;243;822;49.79;22.82
301206_26000_42115;3;;666;372;372;92;280;55.86;24.73
301206_26001_42115;4;;982;343;343;90;253;34.93;26.24
301206_30600_42115;5;;139;82;82;33;49;58.99;40.24
301301_26002_42115;1;;1048;475;475;145;330;45.32;30.53
301301_26003_42115;2;;1913;1018;1018;315;703;53.21;30.94
301301_26004_42115;3;;1756;845;845;218;627;48.12;25.80
301301_26005_42115;4;;1230;606;606;187;419;49.27;30.86
301301_26006_42115;5;;832;456;456;143;313;54.81;31.36
301302_26007_42115;1;;965;350;350;113;237;36.27;32.29
301302_26008_42115;2;;1584;779;779;223;556;49.18;28.63
301302_26009_42115;3;;1912;771;771;193;578;40.32;25.03
301302_26010_42115;4;;1162;402;402;140;262;34.60;34.83
301303_26011_42115;1;;1962;1137;1137;348;789;57.95;30.61
301303_26012_42115;2;;2030;1099;1099;418;681;54.14;38.03
301303_26013_42115;3;;922;548;548;237;311;59.44;43.25
301303_26014_42115;4;;754;468;468;152;316;62.07;32.48
301303_26015_42115;5;;1473;726;726;406;320;49.29;55.92
301304_26016_42115;1;;325;184;184;40;144;56.62;21.74
301304_26017_42115;2;;1122;591;591;217;374;52.67;36.72
301304_26018_42115;3;;1369;894;894;172;722;65.30;19.24
301304_26019_42115;4;;931;610;610;167;443;65.52;27.38
301304_26020_42115;5;;733;453;453;164;289;61.80;36.20
301304_26021_42115;6;;292;169;169;71;98;57.88;42.01
301304_26022_42115;7;;267;145;145;39;106;54.31;26.90
301304_26023_42115;8;;507;283;283;70;213;55.82;24.73
301304_26024_42115;9;;908;502;502;138;364;55.29;27.49
301304_26025_42115;10;;433;268;268;90;178;61.89;33.58
301305_26026_42115;1;;2222;1115;1115;270;845;50.18;24.22
301305_26027_42115;2;;1691;586;586;167;419;34.65;28.50
301305_26028_42115;3;;1044;474;474;147;327;45.40;31.01
301305_26029_42115;4;;1044;431;431;122;309;41.28;28.31
301306_26030_42115;1;;1300;883;883;252;631;67.92;28.54
301306_26031_42115;2;;1533;962;962;332;630;62.75;34.51
301307_26032_42115;1;;1422;782;782;214;568;54.99;27.37
301307_26033_42115;2;;1385;678;678;230;448;48.95;33.92
301307_26034_42115;3;;679;309;309;70;239;45.51;22.65
301307_26035_42115;4;;1247;704;704;192;512;56.46;27.27
301307_26036_42115;5;;1185;488;488;153;335;41.18;31.35
301307_26037_42115;6;;1184;667;667;183;484;56.33;27.44
301401_26038_42111;1;;1358;759;759;283;476;55.89;37.29
301401_26039_42111;2;;1229;650;650;182;468;52.89;28.00
301401_30601_42111;3;;93;60;60;26;34;64.52;43.33
301402_26040_42111;1;;2218;1272;1272;362;910;57.35;28.46
301402_26041_42111;2;;1078;536;536;147;389;49.72;27.43
301402_26042_42111;3;;1660;839;839;291;548;50.54;34.68
301403_26043_42111;1;;1835;867;867;228;639;47.25;26.30
301403_26044_42111;2;;1860;914;914;210;704;49.14;22.98
301403_26045_42111;3;;1959;948;948;196;752;48.39;20.68
301403_26046_42111;4;;1796;729;729;147;582;40.59;20.16
301403_26047_42111;5;;862;408;408;92;316;47.33;22.55
301403_26048_42111;6;;1031;486;486;81;405;47.14;16.67
301403_26049_42111;7;;1960;897;897;249;648;45.77;27.76
301403_26050_42111;8;;997;434;434;84;350;43.53;19.35
301403_26051_42111;9;;1144;508;508;85;423;44.41;16.73
301403_26052_42111;10;;1109;418;418;92;326;37.69;22.01
301403_30602_42111;11;;39;24;24;5;19;61.54;20.83
301403_30603_42111;12;;27;5;5;1;4;18.52;20.00
301404_26053_42111;1;;1904;821;821;294;527;43.12;35.81
301404_26054_42111;2;;1987;821;821;277;544;41.32;33.74
301404_26055_42111;3;;2182;882;882;258;624;40.42;29.25
301404_26056_42111;4;;920;384;384;141;243;41.74;36.72
301501_26057_42115;1;;1683;922;922;276;646;54.78;29.93
301501_26058_42115;2;;1656;835;835;197;638;50.42;23.59
301501_26059_42115;3;;948;514;514;117;397;54.22;22.76
301502_26060_42115;1;;989;507;507;162;345;51.26;31.95
301502_26061_42115;2;;1405;783;783;185;598;55.73;23.63
301502_26062_42115;3;;1198;545;545;174;371;45.49;31.93
301502_26063_42115;4;;834;344;344;53;291;41.25;15.41
301502_26064_42115;5;;1596;747;747;156;591;46.80;20.88
301502_26065_42115;6;;1140;516;516;134;382;45.26;25.97
301503_26066_42115;1;;1827;961;961;353;608;52.60;36.73
301503_26067_42115;2;;1163;531;531;98;433;45.66;18.46
301504_26068_42115;1;;1771;982;982;219;763;55.45;22.30
301504_26069_42115;2;;1182;590;590;143;447;49.92;24.24
301504_26070_42115;3;;1902;1128;1128;286;842;59.31;25.35
301504_26071_42115;4;;2051;1164;1164;266;898;56.75;22.85
301504_26072_42115;5;;1198;703;703;109;594;58.68;15.50
301504_26073_42115;6;;1200;682;682;170;512;56.83;24.93
301504_26074_42115;7;;1706;963;963;202;761;56.45;20.98
301504_26075_42115;8;;915;489;489;95;394;53.44;19.43
301504_26076_42115;9;;1615;814;814;199;615;50.40;24.45
301504_26077_42115;10;;810;442;442;114;328;54.57;25.79
301504_26078_42115;11;;1236;645;645;147;498;52.18;22.79
301504_26079_42115;12;;909;481;481;98;383;52.92;20.37
301504_26080_42115;13;;848;411;411;122;289;48.47;29.68
301504_26081_42115;14;;1169;619;619;94;525;52.95;15.19
301504_26082_42115;15;;806;447;447;110;337;55.46;24.61
301504_26083_42115;16;;815;419;419;166;253;51.41;39.62
301504_30604_42115;17;;95;11;11;3;8;11.58;27.27
301505_26084_42115;1;;1681;937;937;220;717;55.74;23.48
301505_26085_42115;2;;1634;889;889;198;691;54.41;22.27
301505_26086_42115;3;;831;473;473;129;344;56.92;27.27
301505_26087_42115;4;;1782;1018;1018;222;796;57.13;21.81
301505_26088_42115;5;;1702;812;812;165;647;47.71;20.32
301505_26089_42115;6;;844;397;397;157;240;47.04;39.55
301505_26090_42115;7;;933;463;463;115;348;49.62;24.84
301505_26091_42115;8;;1590;715;715;137;578;44.97;19.16
301505_26092_42115;9;;789;448;448;104;344;56.78;23.21
301505_26093_42115;10;;988;482;482;100;382;48.79;20.75
301506_26094_42115;1;;1808;902;902;170;732;49.89;18.85
301506_26095_42115;2;;1264;509;509;127;382;40.27;24.95
301506_26096_42115;3;;815;421;421;156;265;51.66;37.05
301506_26097_42115;4;;1528;713;713;203;510;46.66;28.47
301506_26098_42115;5;;1438;645;645;160;485;44.85;24.81
301506_26099_42115;6;;750;271;271;66;205;36.13;24.35
301506_26100_42115;7;;619;330;330;110;220;53.31;33.33
301506_26101_42115;8;;451;184;184;57;127;40.80;30.98
301506_26102_42115;9;;706;370;370;116;254;52.41;31.35
301506_26103_42115;10;;720;223;223;88;135;30.97;39.46
301506_26104_42115;11;;631;291;291;82;209;46.12;28.18
301601_26105_42111;1;;1264;657;657;83;574;51.98;12.63
301601_26106_42111;2;;1158;528;528;88;440;45.60;16.67
301601_26107_42111;3;;1195;439;439;93;346;36.74;21.18
301601_26108_42111;4;;1331;613;613;128;485;46.06;20.88
301601_26109_42111;5;;1268;615;615;125;490;48.50;20.33
301601_26110_42111;6;;1200;521;521;92;429;43.42;17.66
301601_26111_42111;7;;1237;596;596;118;478;48.18;19.80
301601_26112_42111;8;;1307;598;598;126;472;45.75;21.07
301601_26113_42111;9;;1250;567;567;113;454;45.36;19.93
301601_26114_42111;10;;1363;664;664;131;533;48.72;19.73
301601_26115_42111;11;;1311;636;636;146;490;48.51;22.96
301601_26116_42111;12;;1318;605;605;104;501;45.90;17.19
301601_26117_42111;13;;1213;631;631;183;448;52.02;29.00
301601_26118_42111;14;;1162;653;653;160;493;56.20;24.50
301601_26119_42111;15;;1075;374;374;168;206;34.79;44.92
301601_26120_42111;16;;1155;520;520;121;399;45.02;23.27
301601_26121_42111;17;;1316;603;603;145;458;45.82;24.05
301601_26122_42111;18;;1123;500;500;119;381;44.52;23.80
301601_26123_42111;19;;1187;582;582;125;457;49.03;21.48
301601_26124_42111;20;;1279;513;513;100;413;40.11;19.49
301601_26125_42111;21;;1301;560;560;195;365;43.04;34.82
301601_30605_42111;22;;181;35;35;4;31;19.34;11.43
301601_30606_42111;23;;63;15;15;2;13;23.81;13.33
301602_26126_42111;1;;1456;778;778;204;574;53.43;26.22
301602_26127_42111;2;;808;398;398;127;271;49.26;31.91
301602_26128_42111;3;;1019;588;588;119;469;57.70;20.24
301602_26129_42111;4;;1929;1031;1031;304;727;53.45;29.49
301602_26130_42111;5;;866;453;453;122;331;52.31;26.93
301602_26131_42111;6;;2051;1085;1085;358;727;52.90;33.00
301602_26132_42111;7;;1358;613;613;217;396;45.14;35.40
301602_26133_42111;8;;634;376;376;103;273;59.31;27.39
301602_26134_42111;9;;972;514;515;167;347;52.88;32.49
301602_26135_42111;10;;1096;557;557;136;421;50.82;24.42
301602_26136_42111;11;;552;310;310;107;203;56.16;34.52
301602_26137_42111;12;;298;112;112;30;82;37.58;26.79
301602_26138_42111;13;;791;386;386;143;243;48.80;37.05
301603_26139_42111;1;;1945;1226;1226;413;813;63.03;33.69
301603_26140_42111;2;;1066;460;460;151;309;43.15;32.83
301603_26141_42111;3;;843;406;406;128;278;48.16;31.53
301603_26142_42111;4;;266;138;138;39;99;51.88;28.26
301603_26143_42111;5;;522;208;208;63;145;39.85;30.29
301603_26144_42111;6;;711;327;327;101;226;45.99;30.89
301603_26145_42111;7;;319;193;193;54;139;60.50;27.98
301701_26146_42114;1;;1427;536;536;71;465;37.56;13.25
301701_26147_42114;2;;1087;324;324;74;250;29.81;22.84
301701_26148_42114;3;;1422;661;661;192;469;46.48;29.05
301701_26149_42114;4;;1111;350;350;85;265;31.50;24.29
301701_26150_42114;5;;1332;489;489;135;354;36.71;27.61
301701_26151_42114;6;;1296;455;455;76;379;35.11;16.70
301701_26152_42114;7;;1484;676;676;148;528;45.55;21.89
301701_26153_42114;8;;987;373;373;73;300;37.79;19.57
301701_26154_42114;9;;990;445;445;74;371;44.95;16.63
301701_26155_42114;10;;1586;681;681;95;586;42.94;13.95
301701_26156_42114;11;;1340;601;601;106;495;44.85;17.64
301701_26157_42114;12;;1187;602;602;184;418;50.72;30.56
301701_26158_42114;13;;1974;1019;1019;268;751;51.62;26.30
301701_26159_42114;14;;1740;769;769;114;655;44.20;14.82
301701_26160_42114;15;;1669;771;771;210;561;46.20;27.24
301701_26161_42114;16;;1312;640;640;143;497;48.78;22.34
301701_26162_42114;17;;1592;641;641;100;541;40.26;15.60
301701_26163_42114;18;;1348;555;555;107;448;41.17;19.28
301701_26164_42114;19;;1548;699;699;116;583;45.16;16.60
301701_26165_42114;20;;1553;630;630;74;556;40.57;11.75
301701_26166_42114;21;;919;427;427;94;333;46.46;22.01
301701_26167_42114;22;;1032;425;425;84;341;41.18;19.76
301701_26168_42114;23;;1260;597;597;156;441;47.38;26.13
301701_26169_42114;24;;1366;576;576;105;471;42.17;18.23
301701_26170_42114;25;;1961;900;900;149;751;45.89;16.56
301701_26171_42114;26;;1972;919;919;189;730;46.60;20.57
301701_26172_42114;27;;1936;916;916;217;699;47.31;23.69
301701_26173_42114;28;;2335;1064;1064;223;841;45.57;20.96
301701_26174_42114;29;;1547;666;666;100;566;43.05;15.02
301701_26175_42114;30;;1017;473;473;73;400;46.51;15.43
301701_26176_42114;31;;1522;725;725;215;510;47.63;29.66
301701_26177_42114;32;;1224;584;584;90;494;47.71;15.41
301701_26178_42114;33;;1793;668;668;186;482;37.26;27.84
301701_26179_42114;34;;1578;719;719;109;610;45.56;15.16
301701_26180_42114;35;;1502;672;672;139;533;44.74;20.68
301701_26181_42114;36;;1664;748;748;192;556;44.95;25.67
301701_26182_42114;37;;2121;886;886;199;687;41.77;22.46
301701_26183_42114;38;;2184;989;989;154;835;45.28;15.57
301701_26184_42114;39;;2329;1016;1016;147;869;43.62;14.47
301701_30607_42114;40;;134;35;35;3;32;26.12;8.57
301701_30608_42114;41;;201;40;40;6;34;19.90;15.00
301701_30609_42114;42;;36;28;28;10;18;77.78;35.71
301702_26185_42114;1;;2215;1038;1038;338;700;46.86;32.56
301702_26186_42114;2;;1807;892;892;214;678;49.36;23.99
301702_26187_42114;3;;1717;899;899;301;598;52.36;33.48
301702_26188_42114;4;;1381;590;590;209;381;42.72;35.42
301702_26189_42114;5;;983;415;415;83;332;42.22;20.00
301702_26190_42114;6;;1064;475;475;171;304;44.64;36.00
301702_26191_42114;7;;545;191;191;75;116;35.05;39.27
301702_26192_42114;8;;1189;597;597;131;466;50.21;21.94
301702_26193_42114;9;;1503;664;664;162;502;44.18;24.40
301703_26194_42114;1;;932;580;607;100;480;62.23;17.24
301703_26195_42114;2;;519;371;371;78;293;71.48;21.02
301703_26196_42114;3;;567;372;372;103;269;65.61;27.69
301703_26197_42114;4;;774;546;546;106;440;70.54;19.41
301703_26198_42114;5;;766;518;518;115;403;67.62;22.20
301703_26199_42114;6;;544;352;352;86;266;64.71;24.43
301703_26200_42114;7;;603;421;421;110;311;69.82;26.13
301703_26201_42114;8;;763;457;457;108;349;59.90;23.63
301703_26202_42114;9;;1078;599;599;199;400;55.57;33.22
301703_26203_42114;10;;1059;651;651;105;546;61.47;16.13
301703_26204_42114;11;;1005;611;611;150;461;60.80;24.55
301703_26205_42114;12;;820;469;469;129;340;57.20;27.51
301703_26206_42114;13;;425;273;273;54;219;64.24;19.78
301703_26207_42114;14;;513;294;294;62;232;57.31;21.09
301703_26208_42114;15;;411;281;281;60;221;68.37;21.35
301703_26209_42114;16;;624;368;368;59;309;58.97;16.03
301704_26210_42114;1;;1102;476;476;120;356;43.19;25.21
301704_26211_42114;2;;1450;584;585;111;473;40.28;19.01
301704_26212_42114;3;;2010;846;846;158;688;42.09;18.68
301704_26213_42114;4;;918;450;450;74;376;49.02;16.44
301704_26214_42114;5;;1097;494;494;84;410;45.03;17.00
301704_26215_42114;6;;1363;682;682;115;567;50.04;16.86
301704_26216_42114;7;;591;270;270;78;192;45.69;28.89
301704_26217_42114;8;;1151;553;553;134;419;48.05;24.23
301704_26218_42114;9;;875;390;390;72;318;44.57;18.46
301704_26219_42114;10;;788;303;303;71;232;38.45;23.43
301704_26220_42114;11;;1276;617;617;184;433;48.35;29.82
301704_26221_42114;12;;1678;996;996;176;820;59.36;17.67
301704_26222_42114;13;;683;370;370;116;254;54.17;31.35
301705_26223_42114;1;;1409;691;691;158;533;49.04;22.87
301705_26224_42114;2;;865;494;494;137;357;57.11;27.73
301705_26225_42114;3;;1051;619;619;152;467;58.90;24.56
301705_26226_42114;4;;1763;1069;1069;231;838;60.64;21.61
301705_26227_42114;5;;1886;1107;1107;273;834;58.70;24.66
301705_26228_42114;6;;1244;625;625;154;471;50.24;24.64
301705_26229_42114;7;;558;327;327;100;227;58.60;30.58
301705_26230_42114;8;;712;476;476;102;374;66.85;21.43
301706_26231_42114;1;;639;286;286;80;206;44.76;27.97
301706_26232_42114;2;;570;296;296;94;202;51.93;31.76
301706_26233_42114;3;;1602;686;686;259;427;42.82;37.76
301706_26234_42114;4;;2082;1003;1003;229;774;48.17;22.83
301706_26235_42114;5;;1264;574;574;78;496;45.41;13.59
301706_26236_42114;6;;1164;606;606;126;480;52.06;20.79
301706_26237_42114;7;;1940;831;831;145;686;42.84;17.45
301707_26238_42114;1;;499;215;215;47;168;43.09;21.86
301707_26239_42114;2;;587;227;227;55;172;38.67;24.23
301707_26240_42114;3;;866;406;406;127;279;46.88;31.28
301707_26241_42114;4;;1605;723;723;183;540;45.05;25.31
301707_26242_42114;5;;828;296;296;85;211;35.75;28.72
301707_26243_42114;6;;1653;715;715;170;545;43.25;23.78
301707_26244_42114;7;;1583;635;635;213;422;40.11;33.54
301707_30610_42114;8;;85;26;26;11;15;30.59;42.31
301708_26245_42114;1;;2034;1237;1237;383;854;60.82;30.96
301708_26246_42114;2;;497;254;254;69;185;51.11;27.17
301708_26247_42114;3;;854;421;421;168;253;49.30;39.90
301708_26248_42114;4;;411;179;179;65;114;43.55;36.31
301708_26249_42114;5;;1040;689;689;156;533;66.25;22.64
301708_26250_42114;6;;403;238;238;96;142;59.06;40.34
301801_26251_42114;1;;1304;676;676;140;536;51.84;20.71
301801_26252_42114;2;;763;465;465;131;334;60.94;28.17
301802_26253_42114;1;;1536;754;754;166;588;49.09;22.02
301802_26254_42114;2;;720;320;320;97;223;44.44;30.31
301802_26255_42114;3;;518;276;276;63;213;53.28;22.83
301802_26256_42114;4;;832;446;446;146;300;53.61;32.74
301802_26257_42114;5;;513;222;222;58;164;43.27;26.13
301803_26258_42114;1;;1593;1022;1022;210;812;64.16;20.55
301803_26259_42114;2;;610;299;299;101;198;49.02;33.78
301803_26260_42114;3;;509;270;270;68;202;53.05;25.19
301803_26261_42114;4;;663;353;353;80;273;53.24;22.66
301803_26262_42114;5;;306;172;172;39;133;56.21;22.67
301803_26263_42114;6;;325;172;172;35;137;52.92;20.35
301803_26264_42114;7;;299;178;178;32;146;59.53;17.98
301803_26265_42114;8;;397;214;214;23;191;53.90;10.75
301803_26266_42114;9;;1567;795;795;146;649;50.73;18.36
301804_26267_42114;1;;1462;823;823;191;632;56.29;23.21
301804_26268_42114;2;;362;190;190;38;152;52.49;20.00
301804_26269_42114;3;;855;337;337;86;251;39.42;25.52
301804_26270_42114;4;;133;50;50;7;43;37.59;14.00
301804_26271_42114;5;;173;73;73;15;58;42.20;20.55
301804_26272_42114;6;;256;146;146;39;107;57.03;26.71
301804_26273_42114;7;;276;153;153;46;107;55.43;30.07
301804_26274_42114;8;;294;147;147;42;105;50.00;28.57
301804_26275_42114;9;;464;212;212;63;149;45.69;29.72
301804_26276_42114;10;;266;130;130;29;101;48.87;22.31
301804_26277_42114;11;;182;105;105;25;80;57.69;23.81
301804_30611_42114;12;;53;12;12;1;11;22.64;8.33
301805_26278_42114;1;;464;268;268;59;209;57.76;22.01
301805_26279_42114;2;;1393;919;919;247;672;65.97;26.88
301805_26280_42114;3;;1028;615;615;174;441;59.82;28.29
301806_26281_42114;1;;1744;960;960;253;707;55.05;26.35
301806_26282_42114;2;;485;239;239;71;168;49.28;29.71
301806_26283_42114;3;;676;346;346;95;251;51.18;27.46
301806_26284_42114;4;;620;341;341;91;250;55.00;26.69
301806_26285_42114;5;;611;316;316;76;240;51.72;24.05
301806_26286_42114;6;;530;287;287;86;201;54.15;29.97
301806_26287_42114;7;;280;172;172;45;127;61.43;26.16
301807_26288_42114;1;;1269;585;585;106;479;46.10;18.12
301807_26289_42114;2;;1883;760;760;139;621;40.36;18.29
301807_26290_42114;3;;1424;697;697;102;595;48.95;14.63
301807_26291_42114;4;;1522;593;593;80;513;38.96;13.49
301807_26292_42114;5;;1778;691;691;121;570;38.86;17.51
301807_26293_42114;6;;1731;730;730;115;615;42.17;15.75
301807_26294_42114;7;;2071;871;871;152;719;42.06;17.45
301807_26295_42114;8;;751;300;300;78;222;39.95;26.00
301807_26296_42114;9;;875;418;418;133;285;47.77;31.82
301807_26297_42114;10;;321;127;127;22;105;39.56;17.32
301807_26298_42114;11;;664;266;266;77;189;40.06;28.95
301807_26299_42114;12;;826;339;339;73;266;41.04;21.53
301807_26300_42114;13;;710;363;363;61;302;51.13;16.80
301807_26301_42114;14;;938;465;465;63;402;49.57;13.55
301807_26302_42114;15;;1090;427;427;71;356;39.17;16.63
301807_26303_42114;16;;1005;416;416;74;342;41.39;17.79
301807_30612_42114;17;;46;5;5;1;4;10.87;20.00
301807_30613_42114;18;;41;35;35;14;21;85.37;40.00
301901_26304_42111;1;;2257;801;801;188;613;35.49;23.47
301901_26305_42111;2;;2203;801;801;154;647;36.36;19.23
301901_26306_42111;3;;2462;899;899;301;598;36.52;33.48
301901_26307_42111;4;;2173;809;809;131;678;37.23;16.19
301901_26308_42111;5;;1305;458;458;72;386;35.10;15.72
301901_26309_42111;6;;1136;388;388;55;333;34.15;14.18
301901_26310_42111;7;;1769;689;689;200;489;38.95;29.03
301901_26311_42111;8;;1770;625;625;97;528;35.31;15.52
301901_26312_42111;9;;1514;584;584;94;490;38.57;16.10
301901_26313_42111;10;;1978;833;833;111;722;42.11;13.33
301901_26314_42111;11;;1588;720;720;90;630;45.34;12.50
301901_26315_42111;12;;1365;549;549;72;477;40.22;13.11
301901_26316_42111;13;;531;198;198;15;183;37.29;7.58
301901_26317_42111;14;;1116;445;445;95;350;39.87;21.35
301901_26318_42111;15;;2206;699;700;133;566;31.69;19.03
301901_26319_42111;16;;1378;532;532;123;409;38.61;23.12
301901_26320_42111;17;;1387;470;470;67;403;33.89;14.26
301901_26321_42111;18;;1096;451;451;77;374;41.15;17.07
301901_26322_42111;19;;1715;643;643;101;542;37.49;15.71
301901_26323_42111;20;;1871;742;742;138;604;39.66;18.60
301901_26324_42111;21;;1394;551;551;120;431;39.53;21.78
301901_26325_42111;22;;2294;826;826;232;594;36.01;28.09
301901_26326_42111;23;;1157;421;421;57;364;36.39;13.54
301901_26327_42111;24;;1281;628;628;70;558;49.02;11.15
301901_26328_42111;25;;1159;508;508;98;410;43.83;19.29
301901_26329_42111;26;;1116;498;498;57;441;44.62;11.45
301901_26330_42111;27;;2190;916;916;141;775;41.83;15.39
301901_26331_42111;28;;802;326;326;86;240;40.65;26.38
301901_26332_42111;29;;1148;502;502;86;416;43.73;17.13
301901_26333_42111;30;;1079;546;546;87;459;50.60;15.93
301901_26334_42111;31;;1451;712;712;98;614;49.07;13.76
301901_26335_42111;32;;1236;472;472;94;378;38.19;19.92
301901_26336_42111;33;;1430;563;563;60;503;39.37;10.66
301901_26337_42111;34;;1222;542;542;83;459;44.35;15.31
301901_26338_42111;35;;1352;517;517;73;444;38.24;14.12
301901_26339_42111;36;;648;337;337;70;267;52.01;20.77
301901_26340_42111;37;;1358;591;591;70;521;43.52;11.84
301901_26341_42111;38;;1416;590;590;100;490;41.67;16.95
301901_26342_42111;39;;2062;853;853;141;712;41.37;16.53
301901_30614_42111;40;;40;19;19;9;10;47.50;47.37
301901_30615_42111;41;;180;34;34;4;30;18.89;11.76
301902_26343_42111;1;;1219;694;694;244;450;56.93;35.16
301902_26344_42111;2;;1234;704;704;266;438;57.05;37.78
301902_26345_42111;3;;459;268;268;68;200;58.39;25.37
301902_26346_42111;4;;581;278;278;104;174;47.85;37.41
301902_26347_42111;5;;332;159;159;34;125;47.89;21.38
301903_26348_42111;1;;1435;800;800;247;553;55.75;30.88
301903_26349_42111;2;;2331;1346;1346;346;1000;57.74;25.71
301903_26350_42111;3;;1203;628;628;199;429;52.20;31.69
301903_26351_42111;4;;697;411;411;148;263;58.97;36.01
301903_26352_42111;5;;488;252;252;66;186;51.64;26.19
301904_26353_42111;1;;1549;858;858;405;453;55.39;47.20
301904_26354_42111;2;;1431;911;911;229;682;63.66;25.14
301904_26355_42111;3;;989;540;540;248;292;54.60;45.93
301904_26356_42111;4;;1116;564;564;229;335;50.54;40.60
301904_26357_42111;5;;1431;688;688;256;432;48.08;37.21
301904_26358_42111;6;;1090;593;594;157;436;54.40;26.48
301905_26359_42111;1;;1035;591;591;160;431;57.10;27.07
301905_26360_42111;2;;929;460;460;140;320;49.52;30.43
301905_26361_42111;3;;609;315;315;94;221;51.72;29.84
301906_26362_42111;1;;1470;859;859;269;590;58.44;31.32
301906_26363_42111;2;;829;521;521;148;373;62.85;28.41
301906_26364_42111;3;;1426;757;757;228;529;53.09;30.12
301906_26365_42111;4;;408;219;219;79;140;53.68;36.07
301906_26366_42111;5;;634;326;326;119;207;51.42;36.50
301906_26367_42111;6;;594;266;266;80;186;44.78;30.08
301906_26368_42111;7;;1420;779;779;150;629;54.86;19.26
301907_26369_42111;1;;1734;968;968;297;671;55.82;30.68
301907_26370_42111;2;;1349;766;766;204;562;56.78;26.63
301907_26371_42111;3;;469;290;290;93;197;61.83;32.07
301907_26372_42111;4;;413;207;207;83;124;50.12;40.10
301907_26373_42111;5;;823;432;432;132;300;52.49;30.56
301907_26374_42111;6;;819;488;488;165;323;59.58;33.81
301907_26375_42111;7;;409;247;247;83;164;60.39;33.60
301907_26376_42111;8;;463;247;247;81;166;53.35;32.79
301908_26377_42111;1;;1233;672;672;155;517;54.50;23.07
301908_26378_42111;2;;1298;659;659;158;501;50.77;23.98
301908_26379_42111;3;;1651;908;908;225;683;55.00;24.78
301908_26380_42111;4;;1650;764;764;192;572;46.30;25.13
301908_26381_42111;5;;1396;712;712;155;557;51.00;21.77
301908_26382_42111;6;;661;344;344;60;284;52.04;17.44
301908_26383_42111;7;;737;419;419;82;337;56.85;19.57
301908_26384_42111;8;;903;434;434;142;292;48.06;32.72
301908_26385_42111;9;;735;399;399;116;283;54.29;29.07
301908_26386_42111;10;;853;357;357;116;241;41.85;32.49
301908_30616_42111;11;;25;3;3;0;3;12.00;0.00
301909_26387_42111;1;;2175;1237;1238;529;708;56.87;42.76
301909_26388_42111;2;;1534;839;839;301;538;54.69;35.88
301909_26389_42111;3;;789;362;362;126;236;45.88;34.81
301909_26390_42111;4;;877;423;423;124;299;48.23;29.31
302001_26391_42114;1;;1152;731;731;167;564;63.45;22.85
302001_26392_42114;2;;1133;724;724;184;540;63.90;25.41
302001_26393_42114;3;;563;342;342;78;264;60.75;22.81
302001_26394_42114;4;;962;573;573;152;421;59.56;26.53
302002_26395_42114;1;;884;532;532;146;386;60.18;27.44
302002_26396_42114;2;;1418;839;839;234;605;59.17;27.89
302002_26397_42114;3;;1556;976;976;255;721;62.72;26.13
302003_26398_42114;1;;1086;667;667;208;459;61.42;31.18
302003_26399_42114;2;;811;475;475;159;316;58.57;33.47
302003_26400_42114;3;;654;368;368;151;217;56.27;41.03
302003_26401_42114;4;;612;298;298;84;214;48.69;28.19
302003_26402_42114;5;;726;432;432;144;288;59.50;33.33
302003_26403_42114;6;;1121;730;730;200;530;65.12;27.40
302003_26404_42114;7;;904;458;458;170;288;50.66;37.12
302003_26405_42114;8;;572;359;359;109;250;62.76;30.36
302003_30617_42114;9;;77;24;24;5;19;31.17;20.83
302004_26406_42114;1;;1229;822;822;258;564;66.88;31.39
302004_26407_42114;2;;987;625;625;218;407;63.32;34.88
302004_26408_42114;3;;858;575;575;196;379;67.02;34.09
302004_26409_42114;4;;588;348;348;129;219;59.18;37.07
302005_26410_42114;1;;2318;1279;1279;317;962;55.18;24.78
302005_26411_42114;2;;882;488;488;131;357;55.33;26.84
302005_26412_42114;3;;580;352;352;101;251;60.69;28.69
302005_26413_42114;4;;651;385;385;101;284;59.14;26.23
302005_26414_42114;5;;1999;788;788;175;613;39.42;22.21
302005_26415_42114;6;;1349;549;549;167;382;40.70;30.42
302005_26416_42114;7;;463;225;225;79;146;48.60;35.11
302006_26417_42114;1;;1339;674;674;143;531;50.34;21.22
302006_26418_42114;2;;709;336;336;59;277;47.39;17.56
302006_26419_42114;3;;588;298;298;44;254;50.68;14.77
302006_26420_42114;4;;1128;485;485;98;387;43.00;20.21
302006_26421_42114;5;;837;372;372;57;315;44.44;15.32
302006_26422_42114;6;;224;113;113;27;86;50.45;23.89
302006_26423_42114;7;;816;359;359;101;258;44.00;28.13
302006_26424_42114;8;;460;201;201;57;144;43.70;28.36
302006_26425_42114;9;;481;273;273;56;217;56.76;20.51
302006_26426_42114;10;;767;388;388;81;307;50.59;20.88
302006_26427_42114;11;;621;322;322;68;254;51.85;21.12
302006_26428_42114;12;;533;306;306;64;242;57.41;20.92
302006_26429_42114;13;;300;137;137;34;103;45.67;24.82
302006_26430_42114;14;;957;338;338;55;283;35.32;16.27
302006_26431_42114;15;;1627;830;830;152;678;51.01;18.31
302006_26432_42114;16;;642;309;312;64;245;48.13;20.71
302006_26433_42114;17;;958;476;482;81;395;49.69;17.02
302006_26434_42114;18;;687;286;286;58;228;41.63;20.28
302006_26435_42114;19;;1030;480;480;119;361;46.60;24.79
302006_26436_42114;20;;976;555;555;93;462;56.86;16.76
302006_26437_42114;21;;1446;686;686;87;599;47.44;12.68
302006_26438_42114;22;;1391;693;693;96;597;49.82;13.85
302006_26439_42114;23;;1131;495;495;84;411;43.77;16.97
302006_26440_42114;24;;1255;634;634;106;528;50.52;16.72
302006_26441_42114;25;;1280;669;669;92;577;52.27;13.75
302006_26442_42114;26;;1584;829;829;140;689;52.34;16.89
302006_30618_42114;27;;156;24;24;5;19;15.38;20.83
302006_30619_42114;28;;210;98;98;35;63;46.67;35.71
302101_26443_42112;1;;1098;453;453;73;380;41.26;16.11
302101_26444_42112;2;;1199;570;570;126;444;47.54;22.11
302101_26445_42112;3;;1132;499;499;120;379;44.08;24.05
302101_26446_42112;4;;1024;462;463;116;346;45.12;25.11
302101_26447_42112;5;;906;295;295;30;265;32.56;10.17
302101_26448_42112;6;;993;398;398;42;356;40.08;10.55
302101_26449_42112;7;;1086;440;440;94;346;40.52;21.36
302101_26450_42112;8;;1236;484;484;101;383;39.16;20.87
302101_26451_42112;9;;1181;482;482;87;395;40.81;18.05
302101_26452_42112;10;;990;379;379;85;294;38.28;22.43
302101_26453_42112;11;;1151;481;481;94;387;41.79;19.54
302101_26454_42112;12;;1098;463;463;61;402;42.17;13.17
302101_26455_42112;13;;1174;522;522;68;454;44.46;13.03
302101_26456_42112;14;;1253;487;487;142;345;38.87;29.16
302101_26457_42112;15;;1185;527;527;118;409;44.47;22.39
302101_26458_42112;16;;1088;570;570;107;463;52.39;18.77
302101_26459_42112;17;;1147;472;472;73;399;41.15;15.47
302101_26460_42112;18;;1185;460;460;137;323;38.82;29.78
302101_26461_42112;19;;1041;334;336;55;279;32.08;16.47
302101_26462_42112;20;;955;365;365;93;272;38.22;25.48
302101_26463_42112;21;;1159;485;485;130;355;41.85;26.80
302102_26464_42112;1;;1647;864;864;241;623;52.46;27.89
302102_26465_42112;2;;1043;618;618;126;492;59.25;20.39
302102_26466_42112;3;;1056;620;620;132;488;58.71;21.29
302102_26467_42112;4;;1532;915;915;135;780;59.73;14.75
302102_26468_42112;5;;1102;637;637;110;527;57.80;17.27
302102_26469_42112;6;;1520;843;844;145;698;55.46;17.20
302102_30620_42112;7;;237;11;11;2;9;4.64;18.18
302103_26470_42112;1;;2063;1036;1036;403;633;50.22;38.90
302103_26471_42112;2;;2154;1127;1127;276;851;52.32;24.49
302103_26472_42112;3;;2046;940;940;212;728;45.94;22.55
302103_26473_42112;4;;1311;720;720;222;498;54.92;30.83
302103_26474_42112;5;;1074;529;529;250;279;49.26;47.26
302103_26475_42112;6;;980;486;486;129;357;49.59;26.54
302104_26476_42112;1;;1906;853;853;208;645;44.75;24.38
302104_26477_42112;2;;1949;1028;1029;172;856;52.74;16.73
302104_26478_42112;3;;992;384;400;127;257;38.71;33.07
302104_26479_42112;4;;1811;754;754;174;580;41.63;23.08
302104_26480_42112;5;;1047;529;529;70;459;50.53;13.23
302104_26481_42112;6;;1671;808;808;122;686;48.35;15.10
302104_26482_42112;7;;1663;862;862;141;721;51.83;16.36
302104_26483_42112;8;;766;315;315;85;230;41.12;26.98
302104_26484_42112;9;;1147;442;443;54;388;38.54;12.22
302104_26485_42112;10;;1169;437;437;56;381;37.38;12.81
302104_26486_42112;11;;1076;357;357;59;298;33.18;16.53
302104_26487_42112;12;;1196;431;431;88;343;36.04;20.42
302104_26488_42112;13;;1151;429;429;68;361;37.27;15.85
302104_26489_42112;14;;1189;469;469;64;405;39.44;13.65
302104_26490_42112;15;;1515;731;732;106;625;48.25;14.50
302104_30621_42112;16;;380;51;51;12;39;13.42;23.53
302105_26491_42112;1;;1231;621;621;93;528;50.45;14.98
302105_26492_42112;2;;1457;794;794;68;726;54.50;8.56
302105_26493_42112;3;;732;377;377;40;337;51.50;10.61
302105_26494_42112;4;;873;504;504;98;406;57.73;19.44
302105_26495_42112;5;;1629;896;896;167;729;55.00;18.64
302105_26496_42112;6;;853;460;460;102;358;53.93;22.17
302105_26497_42112;7;;1287;701;701;121;580;54.47;17.26
302105_26498_42112;8;;1696;842;842;178;664;49.65;21.14
302105_26499_42112;9;;2275;1247;1248;218;1029;54.81;17.48
302105_26500_42112;10;;2126;1214;1214;151;1063;57.10;12.44
302105_26501_42112;11;;906;412;412;140;272;45.47;33.98
302105_26502_42112;12;;962;529;529;123;406;54.99;23.25
302105_30622_42112;13;;76;33;33;10;23;43.42;30.30
302106_26503_42112;1;;1873;984;984;225;759;52.54;22.87
302106_26504_42112;2;;1401;769;769;177;592;54.89;23.02
302106_26505_42112;3;;1946;997;997;148;849;51.23;14.84
302107_26506_42112;1;;790;446;446;109;337;56.46;24.44
302107_26507_42112;2;;540;316;316;110;206;58.52;34.81
302107_26508_42112;3;;703;365;365;49;316;51.92;13.42
302107_26509_42112;4;;758;389;389;68;321;51.32;17.48
302107_26510_42112;5;;1018;446;446;176;270;43.81;39.46
302107_26511_42112;6;;942;502;502;108;394;53.29;21.51
302107_26512_42112;7;;770;376;376;47;329;48.83;12.50
302107_26513_42112;8;;1070;330;330;31;299;30.84;9.39
302107_26514_42112;9;;716;345;345;90;255;48.18;26.09
302107_26515_42112;10;;975;423;424;49;374;43.38;11.58
302107_26516_42112;11;;733;316;318;46;270;43.11;14.56
302107_26517_42112;12;;859;423;423;125;298;49.24;29.55
302107_26518_42112;13;;832;402;402;79;323;48.32;19.65
302107_26519_42112;14;;1092;512;512;121;391;46.89;23.63
302107_26520_42112;15;;939;460;460;143;317;48.99;31.09
302107_26521_42112;16;;961;493;493;126;367;51.30;25.56
302107_26522_42112;17;;585;269;269;82;187;45.98;30.48
302107_26523_42112;18;;834;403;403;103;300;48.32;25.56
302107_26524_42112;19;;690;316;316;41;275;45.80;12.97
302107_26525_42112;20;;734;321;321;85;236;43.73;26.48
302107_26526_42112;21;;709;306;306;61;245;43.16;19.93
302108_26527_42112;1;;789;357;357;105;252;45.25;29.41
302108_26528_42112;2;;924;411;411;135;276;44.48;32.85
302108_26529_42112;3;;743;377;377;120;257;50.74;31.83
302108_26530_42112;4;;827;419;419;130;289;50.67;31.03
302108_26531_42112;5;;1850;918;918;275;643;49.62;29.96
302108_26532_42112;6;;1087;560;560;170;390;51.52;30.36
302108_26533_42112;7;;883;468;468;133;335;53.00;28.42
302108_26534_42112;8;;2133;1122;1122;295;827;52.60;26.29
302108_26535_42112;9;;1761;839;839;238;601;47.64;28.37
302108_26536_42112;10;;953;551;551;154;397;57.82;27.95
302108_26537_42112;11;;1729;898;898;263;635;51.94;29.29
302109_26538_42112;1;;806;485;485;110;375;60.17;22.68
302109_26539_42112;2;;1685;993;993;176;817;58.93;17.72
302109_26540_42112;3;;1328;728;728;117;611;54.82;16.07
302109_26541_42112;4;;1961;1007;1007;353;654;51.35;35.05
302109_26542_42112;5;;1872;883;883;190;693;47.17;21.52
302109_26543_42112;6;;814;396;396;111;285;48.65;28.03
302109_26544_42112;7;;669;345;345;67;278;51.57;19.42
302109_26545_42112;8;;957;374;375;88;286;39.08;23.53
302109_26546_42112;9;;757;392;392;107;285;51.78;27.30
302109_26547_42112;10;;1685;793;793;175;618;47.06;22.07
302109_26548_42112;11;;643;213;213;83;130;33.13;38.97
302109_26549_42112;12;;1626;834;834;72;762;51.29;8.63
302109_26550_42112;13;;1835;918;918;110;808;50.03;11.98
302109_26551_42112;14;;812;447;447;94;353;55.05;21.03
302110_26552_42112;1;;1550;660;660;210;450;42.58;31.82
302110_26553_42112;2;;1008;410;410;171;239;40.67;41.71
302110_26554_42112;3;;1298;642;642;180;462;49.46;28.04
302110_26555_42112;4;;1391;722;722;301;421;51.91;41.69
302110_26556_42112;5;;847;359;359;80;279;42.38;22.28
302110_26557_42112;6;;714;369;369;77;292;51.68;20.87
302110_26558_42112;7;;622;304;304;140;164;48.87;46.05
302110_26559_42112;8;;1001;507;507;134;373;50.65;26.43
302110_26560_42112;9;;1515;674;674;208;466;44.49;30.86
302110_26561_42112;10;;1184;518;518;90;428;43.75;17.37
302110_26562_42112;11;;815;349;349;77;272;42.82;22.06
302110_26563_42112;12;;1061;410;410;78;332;38.64;19.02
302110_26564_42112;13;;1068;507;507;119;388;47.47;23.47
302110_26565_42112;14;;1360;602;602;132;470;44.26;21.93
302110_26566_42112;15;;1014;523;523;154;369;51.58;29.45
302110_26567_42112;16;;1311;649;649;100;549;49.50;15.41
302110_26568_42112;17;;897;399;399;145;254;44.48;36.34
302110_26569_42112;18;;1524;718;718;281;437;47.11;39.14
302110_26570_42112;19;;1171;602;602;195;407;51.41;32.39
302110_26571_42112;20;;917;467;467;90;377;50.93;19.27
302110_26572_42112;21;;918;508;508;146;362;55.34;28.74
302110_30623_42112;22;;117;22;22;7;15;18.80;31.82
302111_26573_42112;1;;405;244;245;78;166;60.25;31.97
302111_26574_42112;2;;958;513;513;212;301;53.55;41.33
302111_26575_42112;3;;947;564;564;215;349;59.56;38.12
302111_26576_42112;4;;884;515;515;152;363;58.26;29.51
302111_26577_42112;5;;623;325;325;115;210;52.17;35.38
302111_26578_42112;6;;1004;576;576;154;422;57.37;26.74
302111_26579_42112;7;;1488;924;924;341;583;62.10;36.90
302111_26580_42112;8;;1910;1181;1181;306;875;61.83;25.91
302111_26581_42112;9;;766;508;508;163;345;66.32;32.09
302111_26582_42112;10;;2019;1005;1005;215;790;49.78;21.39
302111_26583_42112;11;;2171;1203;1203;225;978;55.41;18.70
302112_26584_42112;1;;1167;668;668;147;521;57.24;22.01
302112_26585_42112;2;;1001;538;538;148;390;53.75;27.51
302112_26586_42112;3;;995;545;545;205;340;54.77;37.61
302112_26587_42112;4;;1833;974;974;399;575;53.14;40.97
302112_26588_42112;5;;2069;1204;1204;297;907;58.19;24.67
302112_26589_42112;6;;1747;800;800;282;518;45.79;35.25
302112_26590_42112;7;;1038;518;518;141;377;49.90;27.22
302112_26591_42112;8;;881;384;384;140;244;43.59;36.46
302112_26592_42112;9;;2056;1044;1044;200;844;50.78;19.16
302112_26593_42112;10;;1976;1165;1167;260;905;58.96;22.32
302112_30624_42112;11;;61;61;61;32;29;100.00;52.46
302113_26594_42112;1;;884;409;409;83;326;46.27;20.29
302113_26595_42112;2;;1827;825;825;246;579;45.16;29.82
302113_26596_42112;3;;2279;849;849;133;716;37.25;15.67
302113_26597_42112;4;;1683;823;823;201;622;48.90;24.42
302113_26598_42112;5;;1023;380;380;101;279;37.15;26.58
302113_26599_42112;6;;658;338;338;96;242;51.37;28.40
302113_26600_42112;7;;686;303;303;79;224;44.17;26.07
302113_26601_42112;8;;450;205;205;50;155;45.56;24.39
302113_29322_42112;9;;1351;557;557;94;463;41.23;16.88
302114_26602_42112;1;;1577;607;607;158;449;38.49;26.03
302114_26603_42112;2;;1588;645;645;191;454;40.62;29.61
302114_26604_42112;3;;1429;604;605;143;461;42.27;23.68
302114_26605_42112;4;;1519;636;636;182;454;41.87;28.62
302114_26606_42112;5;;1606;516;516;132;384;32.13;25.58
302114_26607_42112;6;;1101;355;355;89;266;32.24;25.07
302114_26608_42112;7;;1176;432;432;209;223;36.73;48.38
302114_26609_42112;8;;1760;626;626;155;471;35.57;24.76
302115_26610_42112;1;;1776;777;777;127;650;43.75;16.34
302115_26611_42112;2;;2324;1192;1192;244;948;51.29;20.47
302115_26612_42112;3;;1567;796;796;70;726;50.80;8.79
302115_26613_42112;4;;1483;718;718;104;614;48.42;14.48
302115_26614_42112;5;;1757;972;972;133;839;55.32;13.68
302115_26615_42112;6;;1504;828;839;76;752;55.05;9.18
302115_26616_42112;7;;1416;755;755;207;548;53.32;27.42
302116_26617_42112;1;;1965;905;905;188;717;46.06;20.77
302116_26618_42112;2;;1976;1009;1009;136;873;51.06;13.48
302116_26619_42112;3;;1590;696;696;78;618;43.77;11.21
302116_26620_42112;4;;1312;628;628;105;523;47.87;16.72
302116_26621_42112;5;;1829;820;820;177;643;44.83;21.59
302116_26622_42112;6;;1786;921;921;213;708;51.57;23.13
302116_26623_42112;7;;1923;909;909;190;719;47.27;20.90
302116_26624_42112;8;;1833;922;922;239;683;50.30;25.92
302116_26625_42112;9;;1663;757;757;167;590;45.52;22.06
302116_26626_42112;10;;1313;553;553;106;447;42.12;19.17
302116_26627_42112;11;;1453;701;701;145;556;48.25;20.68
302116_26628_42112;12;;1611;797;797;176;621;49.47;22.08
302116_26629_42112;13;;1893;905;905;283;622;47.81;31.27
302116_26630_42112;14;;1648;801;801;161;640;48.60;20.10
302116_26631_42112;15;;1036;489;489;120;369;47.20;24.54
302116_26632_42112;16;;1305;569;569;149;420;43.60;26.19
302116_26633_42112;17;;2217;1113;1113;111;1002;50.20;9.97
302116_26634_42112;18;;765;362;362;96;266;47.32;26.52
302116_26635_42112;19;;620;259;259;84;175;41.77;32.43
302116_26636_42112;20;;1389;723;723;146;577;52.05;20.19
302116_26637_42112;21;;1606;878;878;224;654;54.67;25.51
302116_26638_42112;22;;1221;620;620;110;510;50.78;17.74
302116_26639_42112;23;;1512;703;703;123;580;46.49;17.50
302117_26640_42112;1;;1695;824;824;200;624;48.61;24.27
302117_26641_42112;2;;2052;1008;1008;156;852;49.12;15.48
302117_26642_42112;3;;1717;840;840;121;719;48.92;14.40
302117_26643_42112;4;;838;423;423;155;268;50.48;36.64
302117_26644_42112;5;;1951;990;990;120;870;50.74;12.12
302117_26645_42112;6;;1685;794;794;147;647;47.12;18.51
302117_26646_42112;7;;1569;839;839;162;677;53.47;19.31
302117_26647_42112;8;;720;282;282;70;212;39.17;24.82
302117_26648_42112;9;;1683;741;741;92;649;44.03;12.42
302117_26649_42112;10;;707;415;415;48;367;58.70;11.57
302117_26650_42112;11;;1074;530;530;125;405;49.35;23.58
302117_26651_42112;12;;1718;798;798;148;650;46.45;18.55
302117_26652_42112;13;;661;353;353;31;322;53.40;8.78
302201_26653_42115;1;;993;534;534;161;373;53.78;30.15
302201_26654_42115;2;;1443;767;767;211;556;53.15;27.51
302201_26655_42115;3;;1653;860;860;291;569;52.03;33.84
302201_26656_42115;4;;1286;564;564;166;398;43.86;29.43
302201_26657_42115;5;;893;297;297;86;211;33.26;28.96
302201_26658_42115;6;;741;303;303;124;179;40.89;40.92
302201_30813_42115;7;;87;35;35;11;24;40.23;31.43
302202_26659_42115;1;;1551;619;619;181;438;39.91;29.24
302202_26660_42115;2;;1536;432;432;161;271;28.12;37.27
302202_26661_42115;3;;1169;447;447;141;306;38.24;31.54
302202_26662_42115;4;;1280;461;461;215;246;36.02;46.64
302203_26663_42115;1;;1288;794;794;235;559;61.65;29.60
302203_26664_42115;2;;1347;806;806;245;561;59.84;30.40
302203_26665_42115;3;;1043;555;555;156;399;53.21;28.11
302203_26666_42115;4;;852;552;552;235;317;64.79;42.57
302203_26667_42115;5;;1026;564;564;202;362;54.97;35.82
302203_26668_42115;6;;1909;1154;1154;412;742;60.45;35.70
302204_26669_42115;1;;1183;501;501;125;376;42.35;24.95
302204_26670_42115;2;;633;339;339;83;256;53.55;24.48
302204_26671_42115;3;;1165;695;695;187;508;59.66;26.91
302204_26672_42115;4;;669;332;332;65;267;49.63;19.58
302205_26673_42115;1;;1075;576;576;113;463;53.58;19.62
302205_26674_42115;2;;1102;529;529;105;424;48.00;19.85
302205_26675_42115;3;;1017;479;479;88;391;47.10;18.37
302205_26676_42115;4;;791;375;375;90;285;47.41;24.00
302205_26677_42115;5;;1134;497;497;102;395;43.83;20.52
302205_26678_42115;6;;1144;558;558;126;432;48.78;22.58
302205_26679_42115;7;;1011;438;438;120;318;43.32;27.40
302205_26680_42115;8;;865;338;338;68;270;39.08;20.12
302205_26681_42115;9;;1181;505;505;139;366;42.76;27.52
302205_26682_42115;10;;1150;549;549;103;446;47.74;18.76
302205_26683_42115;11;;1032;521;521;78;443;50.48;14.97
302205_26684_42115;12;;1272;661;661;155;506;51.97;23.45
302205_26685_42115;13;;1320;652;652;159;493;49.39;24.39
302205_26686_42115;14;;1158;574;574;103;471;49.57;17.94
302205_26687_42115;15;;1409;761;761;200;561;54.01;26.28
302205_26688_42115;16;;1175;619;619;128;491;52.68;20.68
302205_26689_42115;17;;1064;430;430;133;297;40.41;30.93
302205_26690_42115;18;;1395;701;701;164;537;50.25;23.40
302205_26691_42115;19;;875;484;484;166;318;55.31;34.30
302205_26692_42115;20;;1346;612;612;122;490;45.47;19.93
302205_26693_42115;21;;1282;643;643;175;468;50.16;27.22
302205_30625_42115;22;;81;9;9;1;8;11.11;11.11
302205_30626_42115;23;;341;110;110;28;82;32.26;25.45
302301_26694_42113;1;;1397;611;611;120;491;43.74;19.64
302301_26695_42113;2;;1371;607;607;145;462;44.27;23.89
302301_26696_42113;3;;2358;1111;1111;194;917;47.12;17.46
302301_26697_42113;4;;1690;773;773;123;650;45.74;15.91
302301_26698_42113;5;;1480;670;670;129;541;45.27;19.25
302301_26699_42113;6;;1701;773;773;120;653;45.44;15.52
302301_26700_42113;7;;1469;616;616;107;509;41.93;17.37
302301_30627_42113;8;;83;21;21;4;17;25.30;19.05
302302_26701_42113;1;;859;510;510;164;346;59.37;32.16
302302_26702_42113;2;;2302;1435;1435;436;999;62.34;30.38
302302_26703_42113;3;;1560;869;869;252;617;55.71;29.00
302303_26704_42113;1;;1155;723;723;217;506;62.60;30.01
302303_26705_42113;2;;375;258;258;123;135;68.80;47.67
302303_26706_42113;3;;315;216;217;81;135;68.57;37.50
302303_26707_42113;4;;349;195;195;78;117;55.87;40.00
302303_26708_42113;5;;438;254;254;91;163;57.99;35.83
302303_26709_42113;6;;497;293;293;126;167;58.95;43.00
302304_26710_42113;1;;1535;746;746;274;472;48.60;36.73
302304_26711_42113;2;;1246;569;569;195;374;45.67;34.27
302304_26712_42113;3;;626;304;304;136;168;48.56;44.74
302304_26713_42113;4;;777;262;262;102;160;33.72;38.93
302305_26714_42113;1;;1040;812;812;190;622;78.08;23.40
302305_26715_42113;2;;823;607;607;332;275;73.75;54.70
302306_26716_42113;1;;1344;722;722;182;540;53.72;25.21
302306_26717_42113;2;;803;462;462;125;337;57.53;27.06
302306_26718_42113;3;;1140;570;570;149;421;50.00;26.14
302306_26719_42113;4;;1472;662;662;161;501;44.97;24.32
302306_26720_42113;5;;1558;827;827;240;587;53.08;29.02
302306_26721_42113;6;;1215;555;555;151;404;45.68;27.21
302307_26722_42113;1;;1628;790;790;175;615;48.53;22.15
302307_26723_42113;2;;1687;775;775;184;591;45.94;23.74
302307_26724_42113;3;;1038;471;471;137;334;45.38;29.09
302307_26725_42113;4;;1437;666;666;173;493;46.35;25.98
302307_26726_42113;5;;1180;501;501;186;315;42.46;37.13
302307_26727_42113;6;;978;376;376;120;256;38.45;31.91
302307_30628_42113;7;;68;38;38;15;23;55.88;39.47
302308_26728_42113;1;;1384;722;722;238;484;52.17;32.96
302308_26729_42113;2;;970;431;431;131;300;44.43;30.39
302308_26730_42113;3;;1935;986;986;315;671;50.96;31.95
302308_26731_42113;4;;1608;912;912;334;578;56.72;36.62
302308_26732_42113;5;;1256;640;640;211;429;50.96;32.97
302308_30629_42113;6;;56;53;53;21;32;94.64;39.62
302401_26733_42111;1;;1923;1230;1230;463;767;63.96;37.64
302402_26734_42111;1;;1019;645;645;206;439;63.30;31.94
302402_26735_42111;2;;1400;836;836;277;559;59.71;33.13
302402_26736_42111;3;;1691;1031;1031;418;613;60.97;40.54
302402_26737_42111;4;;1914;1111;1111;381;730;58.05;34.29
302402_26738_42111;5;;798;371;371;128;243;46.49;34.50
302403_26739_42111;1;;1619;965;965;276;689;59.60;28.60
302403_26740_42111;2;;827;377;377;144;233;45.59;38.20
302403_26741_42111;3;;709;385;385;109;276;54.30;28.31
302403_26742_42111;4;;698;357;357;159;198;51.15;44.54
302403_26743_42111;5;;923;589;589;189;400;63.81;32.09
302403_26744_42111;6;;1396;875;875;222;653;62.68;25.37
302404_26745_42111;1;;2231;1098;1098;462;636;49.22;42.08
302404_26746_42111;2;;1242;555;555;152;403;44.69;27.39
302405_26747_42111;1;;1695;1004;1004;311;693;59.23;30.98
302405_26748_42111;2;;2214;1189;1189;563;626;53.70;47.35
302406_26749_42111;1;;2124;1297;1297;454;843;61.06;35.00
302406_26750_42111;2;;2020;1167;1167;382;785;57.77;32.73
302406_26751_42111;3;;529;256;256;90;166;48.39;35.16
302406_26752_42111;4;;1267;633;633;240;393;49.96;37.91
302406_26753_42111;5;;620;306;306;116;190;49.35;37.91
302406_26754_42111;6;;2079;1314;1314;318;996;63.20;24.20
302406_26755_42111;7;;1119;622;622;232;390;55.59;37.30
302407_26756_42111;1;;1958;901;901;270;631;46.02;29.97
302407_26757_42111;2;;1890;908;909;179;729;48.04;19.71
302407_26758_42111;3;;1709;822;822;169;653;48.10;20.56
302407_26759_42111;4;;1155;551;551;98;453;47.71;17.79
302407_26760_42111;5;;1254;552;552;82;470;44.02;14.86
302407_26761_42111;6;;871;451;451;96;355;51.78;21.29
302407_26762_42111;7;;1578;749;749;148;601;47.47;19.76
302407_26763_42111;8;;1079;394;394;112;282;36.52;28.43
302407_26764_42111;9;;1319;596;596;112;484;45.19;18.79
302407_26765_42111;10;;1338;636;636;105;531;47.53;16.51
302407_26766_42111;11;;1096;401;401;87;314;36.59;21.70
302407_26767_42111;12;;1442;620;620;132;488;43.00;21.29
302407_26768_42111;13;;1886;947;947;225;722;50.21;23.76
302407_26769_42111;14;;1874;1075;1075;445;630;57.36;41.40
302407_26770_42111;15;;1734;740;740;156;584;42.68;21.08
302407_26771_42111;16;;1004;381;381;107;274;37.95;28.08
302407_30630_42111;17;;31;5;5;0;5;16.13;0.00
302407_30631_42111;18;;155;26;26;9;17;16.77;34.62
302408_26772_42111;1;;1808;912;912;202;710;50.44;22.15
302408_26773_42111;2;;1059;458;458;143;315;43.25;31.22
302408_26774_42111;3;;1060;507;507;134;373;47.83;26.43
302408_26775_42111;4;;1107;490;490;131;359;44.26;26.73
302408_26776_42111;5;;1065;563;563;142;421;52.86;25.22
302408_26777_42111;6;;1375;679;679;134;545;49.38;19.73
302408_26778_42111;7;;1729;897;897;238;659;51.88;26.53
302408_26779_42111;8;;1065;397;397;96;301;37.28;24.18
302408_26780_42111;9;;1290;553;553;131;422;42.87;23.69
302408_26781_42111;10;;968;435;435;61;374;44.94;14.02
302408_26782_42111;11;;1686;839;839;245;594;49.76;29.20
302408_26783_42111;12;;769;281;282;79;202;36.54;28.11
302408_30632_42111;13;;914;69;69;17;52;7.55;24.64
302501_26784_42112;1;;1054;709;709;217;492;67.27;30.61
302501_26785_42112;2;;653;388;388;112;276;59.42;28.87
302501_26786_42112;3;;588;346;346;108;238;58.84;31.21
302502_26787_42112;1;;1247;671;671;159;512;53.81;23.70
302502_26788_42112;2;;1425;848;848;278;570;59.51;32.78
302502_26789_42112;3;;1623;787;787;203;584;48.49;25.79
302502_26790_42112;4;;1044;471;471;138;333;45.11;29.30
302503_26791_42112;1;;1408;616;616;201;415;43.75;32.63
302503_26792_42112;2;;1662;697;697;259;438;41.94;37.16
302503_26793_42112;3;;1082;542;542;163;379;50.09;30.07
302503_26794_42112;4;;1534;757;757;152;605;49.35;20.08
302503_26795_42112;5;;1460;564;564;164;400;38.63;29.08
302504_26796_42112;1;;1093;505;505;172;333;46.20;34.06
302504_26797_42112;2;;1092;504;504;180;324;46.15;35.71
302504_26798_42112;3;;1239;711;711;146;565;57.38;20.53
302504_26799_42112;4;;1152;656;656;121;535;56.94;18.45
302504_26800_42112;5;;1115;606;606;190;416;54.35;31.35
302504_26801_42112;6;;1302;673;673;160;513;51.69;23.77
302504_26802_42112;7;;1329;747;747;176;571;56.21;23.56
302504_26803_42112;8;;1166;575;575;163;412;49.31;28.35
302504_26804_42112;9;;1132;692;692;153;539;61.13;22.11
302504_26805_42112;10;;1250;685;685;152;533;54.80;22.19
302504_26806_42112;11;;1221;685;685;140;545;56.10;20.44
302504_26807_42112;12;;1183;624;624;114;510;52.75;18.27
302504_26808_42112;13;;1128;584;584;205;379;51.77;35.10
302504_26809_42112;14;;1240;658;658;139;519;53.06;21.12
302504_26810_42112;15;;1175;656;656;137;519;55.83;20.88
302504_26811_42112;16;;1074;450;450;127;323;41.90;28.22
302504_26812_42112;17;;1194;512;512;130;382;42.88;25.39
302504_26813_42112;18;;1204;465;465;87;378;38.62;18.71
302504_26814_42112;19;;1223;660;660;155;505;53.97;23.48
302504_26815_42112;20;;1095;473;473;122;351;43.20;25.79
302504_26816_42112;21;;1115;525;525;136;389;47.09;25.90
302504_30633_42112;22;;31;4;4;1;3;12.90;25.00
302504_30634_42112;23;;67;33;33;8;25;49.25;24.24
302505_26817_42112;1;;1413;733;733;311;422;51.88;42.43
302505_26818_42112;2;;2106;1443;1443;382;1061;68.52;26.47
302505_26819_42112;3;;771;427;427;136;291;55.38;31.85
302505_26820_42112;4;;992;490;490;201;289;49.40;41.02
302601_26821_42112;1;;1263;626;626;216;410;49.56;34.50
302601_26822_42112;2;;936;330;330;152;178;35.26;46.06
302601_26823_42112;3;;1038;453;453;114;339;43.64;25.17
302601_26824_42112;4;;611;336;336;105;231;54.99;31.25
302602_26825_42112;1;;1243;754;754;214;540;60.66;28.38
302602_26826_42112;2;;910;430;430;163;267;47.25;37.91
302602_26827_42112;3;;617;305;305;125;180;49.43;40.98
302602_26828_42112;4;;865;419;419;120;299;48.44;28.64
302602_26829_42112;5;;969;494;494;187;307;50.98;37.85
302603_26830_42112;1;;2191;1231;1231;469;762;56.18;38.10
302603_26831_42112;2;;1595;761;761;233;528;47.71;30.62
302603_26832_42112;3;;1825;905;905;292;613;49.59;32.27
302603_26833_42112;4;;1051;485;485;245;240;46.15;50.52
302604_26834_42112;1;;1399;654;654;193;461;46.75;29.51
302604_26835_42112;2;;1475;623;623;105;518;42.24;16.85
302604_26836_42112;3;;1436;638;638;136;502;44.43;21.32
302604_26837_42112;4;;1907;841;841;214;627;44.10;25.45
302604_26838_42112;5;;1623;713;713;120;593;43.93;16.83
302604_26839_42112;6;;1793;789;789;144;645;44.00;18.25
302604_26840_42112;7;;1606;701;701;132;569;43.65;18.83
302604_26841_42112;8;;1562;635;635;155;480;40.65;24.41
302604_26842_42112;9;;1397;578;581;91;487;41.37;15.74
302604_26843_42112;10;;1524;720;720;111;609;47.24;15.42
302604_26844_42112;11;;1630;643;643;138;505;39.45;21.46
302604_26845_42112;12;;1191;514;514;114;400;43.16;22.18
302604_26846_42112;13;;1323;596;596;148;448;45.05;24.83
302604_26847_42112;14;;1596;630;630;108;522;39.47;17.14
302604_26848_42112;15;;1953;798;798;199;599;40.86;24.94
302604_26849_42112;16;;1645;720;720;130;590;43.77;18.06
302604_26850_42112;17;;1059;532;532;141;391;50.24;26.50
302604_26851_42112;18;;1159;510;510;116;394;44.00;22.75
302604_26852_42112;19;;1377;525;525;123;402;38.13;23.43
302604_26853_42112;20;;1583;665;665;113;552;42.01;16.99
302604_26854_42112;21;;793;295;295;74;221;37.20;25.08
302604_26855_42112;22;;948;374;374;65;309;39.45;17.38
302604_30635_42112;23;;93;45;45;15;30;48.39;33.33
302604_30636_42112;24;;70;49;49;10;39;70.00;20.41
302604_30637_42112;25;;63;34;34;12;22;53.97;35.29
302604_30638_42112;26;;116;19;19;1;18;16.38;5.26
302604_30639_42112;27;;114;25;25;7;18;21.93;28.00
302701_26856_42113;1;;1186;572;572;71;501;48.23;12.41
302701_26857_42113;2;;2139;883;883;152;731;41.28;17.21
302701_26858_42113;3;;1181;590;590;138;452;49.96;23.39
302701_26859_42113;4;;1240;716;716;152;564;57.74;21.23
302701_26860_42113;5;;1125;675;675;124;551;60.00;18.37
302701_26861_42113;6;;1084;508;508;106;402;46.86;20.87
302701_26862_42113;7;;1142;445;445;85;360;38.97;19.10
302701_26863_42113;8;;1230;672;672;108;564;54.63;16.07
302701_26864_42113;9;;1234;653;653;159;494;52.92;24.35
302701_26865_42113;10;;1114;555;555;138;417;49.82;24.86
302701_26866_42113;11;;2054;977;977;152;825;47.57;15.56
302701_26867_42113;12;;1094;545;545;102;443;49.82;18.72
302701_26868_42113;13;;1224;671;671;116;555;54.82;17.29
302701_26869_42113;14;;1867;961;961;257;704;51.47;26.74
302701_26870_42113;15;;2185;974;974;195;779;44.58;20.02
302701_26871_42113;16;;1109;583;583;93;490;52.57;15.95
302701_26872_42113;17;;1083;544;544;120;424;50.23;22.06
302701_30640_42113;18;;39;22;22;7;15;56.41;31.82
302702_26873_42113;1;;1179;642;642;138;504;54.45;21.50
302702_26874_42113;2;;1262;688;688;161;527;54.52;23.40
302702_26875_42113;3;;225;161;161;36;125;71.56;22.36
302702_26876_42113;4;;858;398;398;78;320;46.39;19.60
302702_26877_42113;5;;384;189;189;37;152;49.22;19.58
302702_26878_42113;6;;865;463;463;84;379;53.53;18.14
302703_26879_42113;1;;1444;831;831;186;645;57.55;22.38
302703_26880_42113;2;;1288;674;674;166;508;52.33;24.63
302703_26881_42113;3;;811;342;342;99;243;42.17;28.95
302703_26882_42113;4;;768;415;415;96;319;54.04;23.13
302703_26883_42113;5;;341;170;170;51;119;49.85;30.00
302703_26884_42113;6;;379;201;201;60;141;53.03;29.85
302704_26885_42113;1;;951;606;606;105;501;63.72;17.33
302704_26886_42113;2;;1305;791;791;181;610;60.61;22.88
302704_26887_42113;3;;540;331;331;65;266;61.30;19.64
302704_26888_42113;4;;1441;907;907;194;713;62.94;21.39
302705_26889_42113;1;;1420;777;777;236;541;54.72;30.37
302705_26890_42113;2;;1394;698;698;307;391;50.07;43.98
302705_26891_42113;3;;911;526;526;142;384;57.74;27.00
302705_26892_42113;4;;1422;893;893;240;653;62.80;26.88
302706_26893_42113;1;;2004;1285;1285;394;891;64.12;30.66
302706_26894_42113;2;;1094;753;753;233;520;68.83;30.94
302706_26895_42113;3;;425;295;295;88;207;69.41;29.83
302707_26896_42113;1;;1630;925;925;227;698;56.75;24.54
302707_26897_42113;2;;1112;597;597;143;454;53.69;23.95
302707_26898_42113;3;;2195;1288;1288;400;888;58.68;31.06
302707_26899_42113;4;;922;542;542;166;376;58.79;30.63
302707_26900_42113;5;;1886;1037;1037;268;769;54.98;25.84
302707_26901_42113;6;;704;470;470;180;290;66.76;38.30
302708_26902_42113;1;;937;530;530;181;349;56.56;34.15
302708_26903_42113;2;;553;381;381;106;275;68.90;27.82
302708_26904_42113;3;;1527;770;770;174;596;50.43;22.60
302708_26905_42113;4;;1593;855;855;247;608;53.67;28.89
302708_26906_42113;5;;455;222;222;48;174;48.79;21.62
302708_26907_42113;6;;702;386;386;103;283;54.99;26.68
302708_26908_42113;7;;897;442;442;95;347;49.28;21.49
302708_26909_42113;8;;319;210;210;65;145;65.83;30.95
302709_26910_42113;1;;990;639;641;128;511;64.55;20.03
302709_26911_42113;2;;1220;859;859;144;715;70.41;16.76
302709_26912_42113;3;;470;288;288;63;225;61.28;21.88
302709_26913_42113;4;;1302;751;751;128;623;57.68;17.04
302709_26914_42113;5;;788;447;447;100;347;56.73;22.37
302709_26915_42113;6;;841;531;531;137;394;63.14;25.80
302709_26916_42113;7;;834;563;563;130;433;67.51;23.09
302801_26917_42111;1;;2150;933;933;142;791;43.40;15.22
302801_26918_42111;2;;1986;759;759;125;634;38.22;16.47
302801_26919_42111;3;;1970;849;849;211;638;43.10;24.85
302801_26920_42111;4;;2097;851;851;172;679;40.58;20.21
302801_26921_42111;5;;1115;539;539;69;470;48.34;12.80
302801_26922_42111;6;;1425;585;586;94;491;41.05;16.07
302801_26923_42111;7;;1591;699;699;115;584;43.93;16.45
302801_26924_42111;8;;2186;668;668;117;551;30.56;17.51
302801_26925_42111;9;;1786;739;739;183;556;41.38;24.76
302801_26926_42111;10;;1788;863;863;268;595;48.27;31.05
302801_26927_42111;11;;1834;757;757;82;675;41.28;10.83
302801_30641_42111;12;;103;17;17;4;13;16.50;23.53
302802_26928_42111;1;;1701;1055;1055;296;759;62.02;28.06
302802_26929_42111;2;;530;289;289;79;210;54.53;27.34
302802_26930_42111;3;;1547;750;750;299;451;48.48;39.87
302802_26931_42111;4;;605;341;341;108;233;56.36;31.67
302803_26932_42111;1;;1781;928;928;372;556;52.11;40.09
302803_26933_42111;2;;1919;1026;1026;257;769;53.47;25.05
302803_26934_42111;3;;843;460;460;108;352;54.57;23.48
302803_26935_42111;4;;718;405;405;130;275;56.41;32.10
302803_26936_42111;5;;472;226;226;75;151;47.88;33.19
302803_26937_42111;6;;500;212;212;63;149;42.40;29.72
302803_26938_42111;7;;391;174;174;38;136;44.50;21.84
302804_26939_42111;1;;1947;805;805;202;603;41.35;25.09
302804_26940_42111;2;;340;146;146;23;123;42.94;15.75
302804_26941_42111;3;;1305;539;539;131;408;41.30;24.30
302804_26942_42111;4;;263;128;128;46;82;48.67;35.94
302804_26943_42111;5;;877;303;303;96;207;34.55;31.68
302805_26944_42111;1;;949;480;480;69;411;50.58;14.37
302805_26945_42111;2;;1037;414;414;64;350;39.92;15.46
302805_26946_42111;3;;1286;571;571;123;448;44.40;21.54
302805_26947_42111;4;;609;184;184;39;145;30.21;21.20
302805_26948_42111;5;;460;92;92;25;67;20.00;27.17
302805_26949_42111;6;;1101;360;360;120;240;32.70;33.33
302805_26950_42111;7;;603;210;210;41;169;34.83;19.52
302805_26951_42111;8;;1063;441;441;124;317;41.49;28.12
302806_26952_42111;1;;1751;926;926;258;668;52.88;27.86
302806_26953_42111;2;;678;321;321;73;248;47.35;22.74
302807_26954_42111;1;;1866;700;700;143;557;37.51;20.43
302807_26955_42111;2;;743;308;308;72;236;41.45;23.38
302807_26956_42111;3;;1138;432;432;106;326;37.96;24.54
302807_26957_42111;4;;1671;669;669;169;500;40.04;25.26
302807_26959_42111;6;;1903;815;815;178;637;42.83;21.84
302807_26960_42111;7;;558;221;221;62;159;39.61;28.05
302901_26961_42115;1;;1557;904;904;297;607;58.06;32.85
302901_26962_42115;2;;712;332;332;65;267;46.63;19.58
302901_26963_42115;3;;901;486;486;142;344;53.94;29.22
302901_26964_42115;4;;2055;1018;1018;265;753;49.54;26.03
302901_26965_42115;5;;2095;893;893;309;584;42.63;34.60
302901_26966_42115;6;;1606;788;788;231;557;49.07;29.31
302901_26967_42115;7;;1431;681;681;220;461;47.59;32.31
302901_26968_42115;8;;631;285;285;62;223;45.17;21.75
302902_26969_42115;1;;1515;857;857;234;623;56.57;27.30
302902_26970_42115;2;;809;389;389;153;236;48.08;39.33
302902_26971_42115;3;;741;410;410;122;288;55.33;29.76
302902_26972_42115;4;;1207;654;654;204;450;54.18;31.19
302902_26973_42115;5;;1482;705;705;240;465;47.57;34.04
302902_26974_42115;6;;1349;635;635;157;478;47.07;24.72
302902_26976_42115;8;;1043;508;508;224;284;48.71;44.09
302902_26977_42115;9;;1127;572;572;167;405;50.75;29.20
302903_26978_42115;1;;1108;534;534;121;413;48.19;22.66
302903_26979_42115;2;;1259;650;650;107;543;51.63;16.46
302903_26980_42115;3;;1499;797;797;103;694;53.17;12.92
302903_26981_42115;4;;2351;1243;1243;245;998;52.87;19.71
302903_26982_42115;5;;895;443;443;105;338;49.50;23.70
302903_26983_42115;6;;2206;1145;1145;210;935;51.90;18.34
302903_26984_42115;7;;1372;740;740;148;592;53.94;20.00
302903_26985_42115;8;;764;346;346;74;272;45.29;21.39
302903_26986_42115;9;;594;357;357;63;294;60.10;17.65
302903_26987_42115;10;;1759;921;921;265;656;52.36;28.77
302903_26988_42115;11;;1489;808;808;265;543;54.26;32.80
302903_26989_42115;12;;928;507;507;150;357;54.63;29.59
302903_26990_42115;13;;1015;508;508;141;367;50.05;27.76
302903_26991_42115;14;;1086;587;587;163;424;54.05;27.77
302903_26992_42115;15;;437;225;225;72;153;51.49;32.00
302903_26993_42115;16;;651;322;322;89;233;49.46;27.64
302903_26994_42115;17;;796;380;380;108;272;47.74;28.42
302903_26995_42115;18;;459;244;244;44;200;53.16;18.03
302903_26996_42115;19;;576;325;325;116;209;56.42;35.69
302903_26997_42115;20;;1115;571;571;201;370;51.21;35.20
302903_26998_42115;21;;1287;739;739;151;588;57.42;20.43
302903_30642_42115;22;;81;50;50;8;42;61.73;16.00
302903_30643_42115;23;;96;20;20;6;14;20.83;30.00
303001_26999_42112;1;;1283;809;809;193;616;63.06;23.86
303001_27000_42112;2;;1332;622;622;154;468;46.70;24.76
303001_27001_42112;3;;511;312;312;62;250;61.06;19.87
303001_27002_42112;4;;941;428;428;101;327;45.48;23.60
303001_27003_42112;5;;707;327;327;105;222;46.25;32.11
303002_27004_42112;1;;1946;1119;1119;341;778;57.50;30.47
303002_27005_42112;2;;1440;718;718;197;521;49.86;27.44
303002_27006_42112;3;;524;320;320;64;256;61.07;20.00
303002_27007_42112;4;;1894;1023;1023;318;705;54.01;31.09
303002_27008_42112;5;;697;342;342;91;251;49.07;26.61
303002_27009_42112;6;;859;369;369;88;281;42.96;23.85
303002_27010_42112;7;;947;546;546;167;379;57.66;30.59
303003_27011_42112;1;;1924;1049;1049;445;604;54.52;42.42
303003_27012_42112;2;;1944;1095;1095;374;721;56.33;34.16
303003_27013_42112;3;;862;412;412;113;299;47.80;27.43
303003_27014_42112;4;;983;512;512;190;322;52.09;37.11
303004_27015_42112;1;;1563;943;943;252;691;60.33;26.72
303004_27016_42112;2;;1204;767;767;245;522;63.70;31.94
303004_27017_42112;3;;860;457;457;130;327;53.14;28.45
303004_27018_42112;4;;757;411;411;152;259;54.29;36.98
303004_27019_42112;5;;671;348;348;77;271;51.86;22.13
303004_27020_42112;6;;700;403;403;113;290;57.57;28.04
303005_27021_42112;1;;1740;525;525;94;431;30.17;17.90
303005_27022_42112;2;;1345;432;432;67;365;32.12;15.51
303005_27023_42112;3;;1835;738;738;140;598;40.22;18.97
303005_27024_42112;4;;1844;726;726;101;625;39.37;13.91
303005_27025_42112;5;;1699;699;699;108;591;41.14;15.45
303005_27026_42112;6;;1376;693;693;109;584;50.36;15.73
303005_27027_42112;7;;1354;443;443;59;384;32.72;13.32
303005_27028_42112;8;;1406;511;511;105;406;36.34;20.55
303005_27029_42112;9;;1773;731;731;126;605;41.23;17.24
303005_27030_42112;10;;1744;636;636;130;506;36.47;20.44
303005_27031_42112;11;;1638;649;649;89;560;39.62;13.71
303005_27032_42112;12;;1697;617;617;65;552;36.36;10.53
303005_27033_42112;13;;1730;745;745;158;587;43.06;21.21
303005_27034_42112;14;;2082;755;755;107;648;36.26;14.17
303005_27035_42112;15;;767;224;224;44;180;29.20;19.64
303005_27036_42112;16;;974;372;372;88;284;38.19;23.66
303005_27037_42112;17;;1384;510;510;107;403;36.85;20.98
303005_27038_42112;18;;572;173;173;45;128;30.24;26.01
303005_27039_42112;19;;1503;555;555;137;418;36.93;24.68
303005_27040_42112;20;;1149;385;385;104;281;33.51;27.01
303005_27041_42112;21;;503;117;117;30;87;23.26;25.64
303005_27042_42112;22;;679;260;260;49;211;38.29;18.85
303005_27043_42112;23;;740;237;237;95;142;32.03;40.08
303005_27044_42112;24;;2146;818;818;159;659;38.12;19.44
303005_27045_42112;25;;657;222;222;76;146;33.79;34.23
303005_27046_42112;26;;1296;391;391;52;339;30.17;13.30
303005_30644_42112;27;;62;9;9;1;8;14.52;11.11
303005_30645_42112;28;;38;14;14;1;13;36.84;7.14
303101_27047_42111;1;;2031;987;987;146;841;48.60;14.79
303101_27048_42111;2;;1877;893;893;181;712;47.58;20.27
303101_27049_42111;3;;2103;970;970;175;795;46.12;18.04
303101_27050_42111;4;;1830;855;855;177;678;46.72;20.70
303101_27051_42111;5;;1764;746;746;169;577;42.29;22.65
303101_27052_42111;6;;1877;854;854;189;665;45.50;22.13
303101_27053_42111;7;;2238;1028;1028;215;813;45.93;20.91
303101_27054_42111;8;;1058;410;410;106;304;38.75;25.85
303101_30646_42111;9;;119;27;27;3;24;22.69;11.11
303101_30647_42111;10;;109;33;33;6;27;30.28;18.18
303102_27055_42111;1;;1611;764;764;232;532;47.42;30.37
303102_27056_42111;2;;1809;746;746;347;399;41.24;46.51
303102_27057_42111;3;;2096;997;997;323;674;47.57;32.40
303102_27058_42111;4;;1321;523;523;152;371;39.59;29.06
303102_27059_42111;5;;1119;473;473;146;327;42.27;30.87
303102_27060_42111;6;;1296;545;545;193;352;42.05;35.41
303103_27061_42111;1;;1251;704;704;210;494;56.27;29.83
303103_27062_42111;2;;660;366;366;99;267;55.45;27.05
303103_27063_42111;3;;1766;972;972;248;724;55.04;25.51
303103_27064_42111;4;;552;314;314;97;217;56.88;30.89
303103_27065_42111;5;;392;199;199;87;112;50.77;43.72
303103_27066_42111;6;;353;210;210;53;157;59.49;25.24
303103_27067_42111;7;;453;256;256;116;140;56.51;45.31
303103_27068_42111;8;;539;328;328;95;233;60.85;28.96
303104_27069_42111;1;;551;243;243;44;199;44.10;18.11
303104_27070_42111;2;;1545;659;659;166;493;42.65;25.19
303104_27071_42111;3;;1373;630;630;98;532;45.88;15.56
303104_27072_42111;4;;958;386;386;110;276;40.29;28.50
303105_27073_42111;1;;1266;726;726;240;486;57.35;33.06
303105_27074_42111;2;;1879;1015;1015;348;667;54.02;34.29
303105_27075_42111;3;;469;192;192;98;94;40.94;51.04
303105_27076_42111;4;;1079;428;428;154;274;39.67;35.98
303105_27077_42111;5;;559;254;254;107;147;45.44;42.13
303105_27078_42111;6;;1003;410;410;148;262;40.88;36.10
303105_27079_42111;7;;419;184;184;68;116;43.91;36.96
303105_27080_42111;8;;399;210;210;79;131;52.63;37.62
303106_27081_42111;1;;1687;1019;1019;392;627;60.40;38.47
303106_27082_42111;2;;296;187;187;61;126;63.18;32.62
303106_27083_42111;3;;495;267;267;130;137;53.94;48.69
303107_27084_42111;1;;1209;674;674;165;509;55.75;24.48
303107_27085_42111;2;;995;399;399;54;345;40.10;13.53
303107_27086_42111;3;;462;189;189;40;149;40.91;21.16
303107_27087_42111;4;;1262;663;663;123;540;52.54;18.55
303108_27088_42111;1;;2163;920;920;335;585;42.53;36.41
303108_27089_42111;2;;1698;805;805;190;615;47.41;23.60
303108_27090_42111;3;;991;425;425;67;358;42.89;15.76
303108_27091_42111;4;;1604;779;779;238;541;48.57;30.55
303108_27092_42111;5;;795;392;392;99;293;49.31;25.26
306101_27093_42114;1;;1745;633;633;116;517;36.28;18.33
306101_27094_42114;2;;1202;396;396;122;274;32.95;30.81
306101_27095_42114;3;;1297;440;440;76;364;33.92;17.27
306101_27096_42114;4;;2111;796;796;102;694;37.71;12.81
306101_27097_42114;5;;1654;514;514;83;431;31.08;16.15
306101_27098_42114;6;;1847;579;579;154;425;31.35;26.60
306101_27099_42114;7;;2286;803;803;109;694;35.13;13.57
306101_27100_42114;8;;1197;408;408;71;337;34.09;17.40
306101_27101_42114;9;;2182;1004;1004;82;922;46.01;8.17
306101_27102_42114;10;;965;395;395;37;358;40.93;9.37
306101_27103_42114;11;;818;286;286;45;241;34.96;15.73
306101_27104_42114;12;;1756;740;740;137;603;42.14;18.51
306101_27105_42114;13;;2198;767;767;91;676;34.90;11.86
306101_27106_42114;14;;815;296;296;30;266;36.32;10.14
306101_27107_42114;15;;2216;944;944;116;828;42.60;12.29
306101_27108_42114;16;;1877;831;831;189;642;44.27;22.74
306101_27109_42114;17;;1419;431;431;82;349;30.37;19.03
306101_27110_42114;18;;1864;721;721;70;651;38.68;9.71
306101_27111_42114;19;;2268;988;988;110;878;43.56;11.13
306101_27112_42114;20;;1131;488;488;89;399;43.15;18.24
306101_27113_42114;21;;1819;798;798;103;695;43.87;12.91
306101_27114_42114;22;;1659;727;727;59;668;43.82;8.12
306101_27115_42114;23;;2042;983;983;113;870;48.14;11.50
306101_27116_42114;24;;2212;979;979;96;883;44.26;9.81
306101_27117_42114;25;;2010;953;953;122;831;47.41;12.80
306101_27118_42114;26;;948;430;430;51;379;45.36;11.86
306101_27119_42114;27;;1964;690;690;94;596;35.13;13.62
306101_27120_42114;28;;1701;681;681;100;581;40.04;14.68
306101_27121_42114;29;;1642;681;681;73;608;41.47;10.72
306101_27122_42114;30;;1816;775;775;95;680;42.68;12.26
306101_27123_42114;31;;1591;669;669;70;599;42.05;10.46
306101_27124_42114;32;;1922;864;864;219;645;44.95;25.35
306101_27125_42114;33;;2233;980;980;93;887;43.89;9.49
306101_27126_42114;34;;2372;1237;1237;110;1127;52.15;8.89
306101_27127_42114;35;;1350;599;599;73;526;44.37;12.19
306101_27128_42114;36;;2210;959;959;89;870;43.39;9.28
306101_27129_42114;37;;1798;776;776;110;666;43.16;14.18
306101_27130_42114;38;;1922;831;831;109;722;43.24;13.12
306101_27131_42114;39;;864;392;392;58;334;45.37;14.80
306101_27132_42114;40;;2298;1066;1066;125;941;46.39;11.73
306101_27133_42114;41;;1146;554;554;80;474;48.34;14.44
306101_27134_42114;42;;712;274;274;39;235;38.48;14.23
306101_27135_42114;43;;1441;617;617;59;558;42.82;9.56
306101_27136_42114;44;;1410;609;609;92;517;43.19;15.11
306101_27137_42114;45;;823;335;335;46;289;40.70;13.73
306101_27138_42114;46;;714;323;323;41;282;45.24;12.69
306101_27139_42114;47;;1340;466;466;63;403;34.78;13.52
306101_27140_42114;48;;601;260;260;23;237;43.26;8.85
306101_27141_42114;49;;1437;584;584;54;530;40.64;9.25
306101_27142_42114;50;;1830;830;830;97;733;45.36;11.69
306101_27143_42114;51;;1634;649;649;92;557;39.72;14.18
306101_30648_42114;52;;197;43;43;7;36;21.83;16.28
306101_30649_42114;53;;38;6;6;1;5;15.79;16.67
306101_30650_42114;54;;176;59;59;17;42;33.52;28.81
306101_30651_42114;55;;165;86;86;32;54;52.12;37.21
306201_27144_42113;1;;2029;702;702;155;547;34.60;22.08
306201_27145_42113;2;;1902;775;775;99;676;40.75;12.77
306201_27146_42113;3;;2024;766;766;75;691;37.85;9.79
306201_27147_42113;4;;980;459;459;60;399;46.84;13.07
306201_27148_42113;5;;884;323;323;48;275;36.54;14.86
306201_27149_42113;6;;1763;719;719;121;598;40.78;16.83
306201_27150_42113;7;;2150;1025;1025;134;891;47.67;13.07
306201_27151_42113;8;;1111;438;438;51;387;39.42;11.64
306201_27152_42113;9;;792;266;266;32;234;33.59;12.03
306201_27153_42113;10;;1653;632;632;75;557;38.23;11.87
306201_27154_42113;11;;1446;501;501;83;418;34.65;16.57
306201_27155_42113;12;;822;267;267;41;226;32.48;15.36
306201_27156_42113;13;;1228;461;461;78;383;37.54;16.92
306201_27157_42113;14;;1270;477;477;51;426;37.56;10.69
306201_27158_42113;15;;1819;622;622;115;507;34.19;18.49
306201_27159_42113;16;;959;345;345;43;302;35.97;12.46
306201_27160_42113;17;;831;296;296;73;223;35.62;24.66
306201_27161_42113;18;;2152;950;950;112;838;44.14;11.79
306201_27162_42113;19;;2093;1073;1073;91;982;51.27;8.48
306201_27163_42113;20;;1952;850;850;91;759;43.55;10.71
306201_27164_42113;21;;662;352;352;43;309;53.17;12.22
306201_27165_42113;22;;1375;508;508;61;447;36.95;12.01
306201_27166_42113;23;;833;332;332;40;292;39.86;12.05
306201_27167_42113;24;;1334;527;527;103;424;39.51;19.54
306201_27168_42113;25;;1269;603;603;85;518;47.52;14.10
306201_27169_42113;26;;1235;578;578;58;520;46.80;10.03
306201_27170_42113;27;;1764;718;718;119;599;40.70;16.57
306201_27171_42113;28;;1307;470;470;88;382;35.96;18.72
306201_27172_42113;29;;913;374;374;57;317;40.96;15.24
306201_27173_42113;30;;96;34;34;7;27;35.42;20.59
306201_27174_42113;31;;1535;563;563;81;482;36.68;14.39
306201_27175_42113;32;;1532;577;577;71;506;37.66;12.31
306201_27176_42113;33;;1094;434;434;71;363;39.67;16.36
306201_27177_42113;34;;1504;573;573;75;498;38.10;13.09
306201_27178_42113;35;;1455;571;571;82;489;39.24;14.36
306201_27179_42113;36;;965;421;421;57;364;43.63;13.54
306201_27180_42113;37;;940;407;407;46;361;43.30;11.30
306201_27181_42113;38;;1690;730;730;93;637;43.20;12.74
306201_27182_42113;39;;1723;686;686;81;605;39.81;11.81
306201_27183_42113;40;;643;212;212;14;198;32.97;6.60
306201_27184_42113;41;;1239;533;533;70;463;43.02;13.13
306201_27185_42113;42;;2098;817;817;112;705;38.94;13.71
306201_27186_42113;43;;1919;757;757;95;662;39.45;12.55
306201_27187_42113;44;;1925;719;719;134;585;37.35;18.64
306201_27188_42113;45;;1647;501;501;85;416;30.42;16.97
306201_30652_42113;46;;34;16;16;3;13;47.06;18.75
306201_30653_42113;47;;12;8;8;1;7;66.67;12.50
306301_27189_42115;2;;2090;860;860;109;751;41.15;12.67
306301_27190_42115;3;;1745;727;727;73;654;41.66;10.04
306301_27191_42115;4;;1710;850;850;84;766;49.71;9.88
306301_27192_42115;5;;1655;724;724;118;606;43.75;16.30
306301_27193_42115;6;;2249;1042;1042;142;900;46.33;13.63
306301_27194_42115;7;;1319;477;477;65;412;36.16;13.63
306301_27195_42115;8;;1809;820;820;94;726;45.33;11.46
306301_27196_42115;9;;1403;552;552;56;496;39.34;10.14
306301_27197_42115;10;;1615;657;657;130;527;40.68;19.79
306301_27198_42115;11;;1411;594;595;106;488;42.10;17.85
306301_27199_42115;12;;1059;409;409;76;333;38.62;18.58
306301_27200_42115;13;;1127;499;499;66;433;44.28;13.23
306301_27201_42115;14;;1395;593;593;89;504;42.51;15.01
306301_27202_42115;15;;1398;597;597;81;516;42.70;13.57
306301_27203_42115;16;;1025;470;470;65;405;45.85;13.83
306301_27204_42115;17;;1710;775;775;98;677;45.32;12.65
306301_27205_42115;18;;1510;615;615;98;517;40.73;15.93
306301_27206_42115;19;;1406;557;557;86;471;39.62;15.44
306301_27207_42115;20;;1408;492;492;101;391;34.94;20.53
306301_27208_42115;21;;1150;390;390;65;325;33.91;16.67
306301_27209_42115;22;;1307;426;426;78;348;32.59;18.31
306301_27210_42115;23;;1512;497;497;88;409;32.87;17.71
306301_27211_42115;24;;1904;762;762;101;661;40.02;13.25
306301_27212_42115;25;;1470;659;659;92;567;44.83;13.96
306301_27213_42115;26;;1701;858;858;86;772;50.44;10.02
306301_27214_42115;27;;2018;857;857;136;721;42.47;15.87
306301_27215_42115;28;;1428;692;692;96;596;48.46;13.87
306301_27216_42115;29;;1900;804;804;141;663;42.32;17.54
306301_27217_42115;30;;1729;766;766;86;680;44.30;11.23
306301_27218_42115;31;;1702;692;692;86;606;40.66;12.43
306301_27219_42115;32;;1309;603;603;77;526;46.07;12.77
306301_27220_42115;33;;2313;981;981;178;803;42.41;18.14
306301_30654_42115;1;;179;29;29;2;27;16.20;6.90
306301_30655_42115;34;;43;17;17;6;11;39.53;35.29
306401_27221_42110;1;;1526;580;580;59;521;38.01;10.17
306401_27222_42110;2;;1556;549;549;44;505;35.28;8.01
306401_27223_42110;3;;1815;484;484;49;435;26.67;10.12
306401_27224_42110;4;;1846;557;557;74;483;30.17;13.29
306401_27225_42110;5;;1772;558;558;57;501;31.49;10.22
306401_27226_42110;6;;1855;538;538;82;456;29.00;15.24
306401_27227_42110;7;;1774;610;610;63;547;34.39;10.33
306401_27228_42110;8;;1766;553;553;51;502;31.31;9.22
306401_27229_42110;9;;1521;389;390;51;338;25.58;13.11
306401_27230_42110;10;;1708;485;485;90;395;28.40;18.56
306401_27231_42110;11;;2067;768;768;86;682;37.16;11.20
306401_27232_42110;12;;1953;540;540;63;477;27.65;11.67
306401_27233_42110;13;;939;280;280;41;239;29.82;14.64
306401_27234_42110;14;;1859;668;668;42;626;35.93;6.29
306401_27235_42110;15;;1432;413;413;42;371;28.84;10.17
306401_27236_42110;16;;1525;471;471;50;421;30.89;10.62
306401_27237_42110;17;;1621;509;509;30;479;31.40;5.89
306401_27238_42110;18;;1639;586;586;38;548;35.75;6.48
306401_27239_42110;19;;1523;498;498;37;461;32.70;7.43
306401_27240_42110;20;;1679;572;572;53;519;34.07;9.27
306401_27241_42110;21;;1984;538;538;62;476;27.12;11.52
306401_27242_42110;22;;1856;507;507;40;467;27.32;7.89
306401_27243_42110;23;;1946;456;457;52;404;23.43;11.40
306401_27244_42110;24;;2077;718;718;54;664;34.57;7.52
306401_27245_42110;25;;1942;649;649;80;569;33.42;12.33
306401_27246_42110;26;;2210;751;751;78;673;33.98;10.39
306401_27247_42110;27;;2016;735;735;94;641;36.46;12.79
306401_27248_42110;28;;2188;828;829;99;729;37.84;11.96
306401_27249_42110;29;;2161;836;836;117;719;38.69;14.00
306401_27250_42110;30;;2187;720;720;86;634;32.92;11.94
306401_27251_42110;31;;1856;744;744;85;659;40.09;11.42
306401_27252_42110;32;;1623;496;496;67;429;30.56;13.51
306401_27253_42110;33;;1553;411;411;37;374;26.46;9.00
306401_27254_42110;34;;1805;707;707;60;647;39.17;8.49
306401_27255_42110;35;;1400;635;635;59;576;45.36;9.29
306401_27256_42110;36;;1379;581;581;47;534;42.13;8.09
306401_27257_42110;37;;1738;743;744;47;696;42.75;6.33
306401_27258_42110;38;;1665;594;594;69;525;35.68;11.62
306401_27259_42110;39;;2031;777;777;98;679;38.26;12.61
306401_27260_42110;40;;1770;615;615;77;538;34.75;12.52
306401_27261_42110;41;;1915;673;673;84;589;35.14;12.48
306401_27262_42110;42;;1903;872;872;88;784;45.82;10.09
306401_27263_42110;43;;1981;778;779;54;724;39.27;6.94
306401_27264_42110;44;;1953;664;664;66;598;34.00;9.94
306401_27265_42110;45;;1919;533;533;59;474;27.77;11.07
306401_27266_42110;46;;1902;552;552;72;480;29.02;13.04
306401_27267_42110;47;;2123;596;596;116;480;28.07;19.46
306401_27268_42110;48;;1609;402;402;41;361;24.98;10.20
306401_27269_42110;49;;1591;512;512;65;447;32.18;12.70
306401_27270_42110;50;;1581;480;480;46;434;30.36;9.58
306401_27271_42110;51;;1807;650;650;45;605;35.97;6.92
306401_27272_42110;52;;1721;573;573;41;532;33.29;7.16
306401_27273_42110;53;;1406;578;578;32;546;41.11;5.54
306401_27274_42110;54;;1354;662;662;56;606;48.89;8.46
306401_27275_42110;55;;1698;584;584;77;507;34.39;13.18
306401_27276_42110;56;;1226;347;347;40;307;28.30;11.53
306401_27277_42110;57;;1875;657;657;73;584;35.04;11.11
306401_27278_42110;58;;1762;565;565;74;491;32.07;13.10
306401_27279_42110;59;;1388;360;360;40;320;25.94;11.11
306401_27280_42110;60;;1453;319;319;55;264;21.95;17.24
306401_27281_42110;61;;1376;456;456;42;414;33.14;9.21
306401_27282_42110;62;;1852;547;547;62;485;29.54;11.33
306401_27283_42110;63;;1766;705;705;37;668;39.92;5.25
306401_27284_42110;64;;1800;591;591;56;535;32.83;9.48
306401_27285_42110;65;;1795;584;584;36;548;32.53;6.16
306401_27286_42110;66;;1487;545;545;47;498;36.65;8.62
306401_27287_42110;67;;1727;625;625;60;565;36.19;9.60
306401_27288_42110;68;;1928;878;878;56;822;45.54;6.38
306401_27289_42110;69;;1929;803;803;62;741;41.63;7.72
306401_27290_42110;70;;1162;533;533;25;508;45.87;4.69
306401_27291_42110;71;;1304;498;498;37;461;38.19;7.43
306401_27292_42110;72;;2066;694;694;27;667;33.59;3.89
306401_27293_42110;73;;1984;897;897;106;791;45.21;11.82
306401_27294_42110;74;;2001;952;954;73;879;47.58;7.67
306401_27295_42110;75;;2044;879;879;73;806;43.00;8.30
306401_27296_42110;76;;2090;760;760;53;707;36.36;6.97
306401_27297_42110;77;;1523;645;645;43;602;42.35;6.67
306401_27298_42110;78;;2177;714;714;56;658;32.80;7.84
306401_27299_42110;79;;1952;852;852;70;782;43.65;8.22
306401_27300_42110;80;;1952;889;889;83;806;45.54;9.34
306401_27301_42110;81;;2071;783;783;74;709;37.81;9.45
306401_27302_42110;82;;2198;960;960;77;883;43.68;8.02
306401_27303_42110;83;;2001;835;835;65;770;41.73;7.78
306401_27304_42110;84;;1926;844;844;64;780;43.82;7.58
306401_27305_42110;85;;1850;700;700;50;650;37.84;7.14
306401_27306_42110;86;;1994;831;833;61;770;41.68;7.34
306401_27307_42110;87;;1566;727;727;74;653;46.42;10.18
306401_27308_42110;88;;1902;701;701;63;638;36.86;8.99
306401_27309_42110;89;;1807;677;677;90;587;37.47;13.29
306401_27310_42110;90;;1923;834;834;69;765;43.37;8.27
306401_27311_42110;91;;1857;768;768;58;710;41.36;7.55
306401_27312_42110;92;;2005;819;819;53;766;40.85;6.47
306401_27313_42110;93;;1843;790;790;67;723;42.86;8.48
306401_27314_42110;94;;1128;455;455;43;412;40.34;9.45
306401_27315_42110;95;;1791;718;718;54;664;40.09;7.52
306401_27316_42110;96;;1672;679;679;51;628;40.61;7.51
306401_27317_42110;97;;1917;832;832;62;770;43.40;7.45
306401_27318_42110;98;;2000;1092;1092;59;1033;54.60;5.40
306401_27319_42110;99;;1839;815;815;54;761;44.32;6.63
306401_27320_42110;100;;1727;728;728;67;661;42.15;9.20
306401_27321_42110;101;;1964;1007;1007;70;937;51.27;6.95
306401_27322_42110;102;;1353;562;562;41;521;41.54;7.30
306401_27323_42110;103;;1661;726;726;52;674;43.71;7.16
306401_27324_42110;104;;1607;765;765;41;724;47.60;5.36
306401_27325_42110;105;;1833;716;717;40;676;39.06;5.59
306401_27326_42110;106;;2026;805;805;77;728;39.73;9.57
306401_27327_42110;107;;1837;701;701;69;632;38.16;9.84
306401_27328_42110;108;;1805;807;807;114;693;44.71;14.13
306401_27329_42110;109;;1849;936;936;40;896;50.62;4.27
306401_27330_42110;110;;1602;400;400;53;347;24.97;13.25
306401_27331_42110;111;;1720;459;459;61;398;26.69;13.29
306401_27332_42110;112;;1679;470;471;62;408;27.99;13.19
306401_27333_42110;113;;1227;350;350;66;284;28.52;18.86
306401_27334_42110;114;;2102;768;768;157;611;36.54;20.44
306401_27335_42110;115;;1752;516;516;102;414;29.45;19.77
306401_27336_42110;116;;1850;815;816;65;750;44.05;7.98
306401_27337_42110;117;;1968;835;835;132;703;42.43;15.81
306401_27338_42110;118;;1951;785;786;72;713;40.24;9.17
306401_27339_42110;119;;2026;844;844;107;737;41.66;12.68
306401_27340_42110;120;;1911;736;736;158;578;38.51;21.47
306401_27341_42110;121;;1848;723;723;101;622;39.12;13.97
306401_27342_42110;122;;1983;781;781;59;722;39.38;7.55
306401_27343_42110;123;;2267;897;897;38;859;39.57;4.24
306401_27344_42110;124;;1834;812;812;75;737;44.27;9.24
306401_27345_42110;125;;1787;658;658;57;601;36.82;8.66
306401_27346_42110;126;;2004;917;917;66;851;45.76;7.20
306401_27347_42110;127;;1944;790;790;66;724;40.64;8.35
306401_27348_42110;128;;2065;975;975;179;796;47.22;18.36
306401_27349_42110;129;;1812;724;724;42;682;39.96;5.80
306401_27350_42110;130;;1772;890;891;50;840;50.23;5.62
306401_27351_42110;131;;2045;858;859;148;710;41.96;17.25
306401_27352_42110;132;;1737;700;700;44;656;40.30;6.29
306401_27353_42110;133;;1678;686;686;34;652;40.88;4.96
306401_27354_42110;134;;1773;806;806;126;680;45.46;15.63
306401_27355_42110;135;;1701;615;615;23;592;36.16;3.74
306401_27356_42110;136;;1671;701;701;21;680;41.95;3.00
306401_27357_42110;137;;2028;800;800;67;733;39.45;8.38
306401_27358_42110;138;;2075;837;837;173;664;40.34;20.67
306401_27359_42110;139;;2046;856;856;83;773;41.84;9.70
306401_27360_42110;140;;2040;940;940;95;845;46.08;10.11
306401_27361_42110;141;;2010;786;789;74;712;39.10;9.41
306401_27362_42110;142;;2137;865;865;70;795;40.48;8.09
306401_27363_42110;143;;2038;906;906;92;814;44.46;10.15
306401_27364_42110;144;;2015;730;732;77;653;36.23;10.55
306401_27365_42110;145;;1859;723;723;64;659;38.89;8.85
306401_27366_42110;146;;1916;784;784;106;678;40.92;13.52
306401_27367_42110;147;;1973;833;833;97;736;42.22;11.64
306401_27368_42110;148;;2115;877;877;185;692;41.47;21.09
306401_27369_42110;149;;2005;827;827;98;729;41.25;11.85
306401_27370_42110;150;;2086;894;894;65;829;42.86;7.27
306401_27371_42110;151;;1974;900;900;90;810;45.59;10.00
306401_27372_42110;152;;2071;815;815;58;757;39.35;7.12
306401_27373_42110;153;;2011;864;864;65;799;42.96;7.52
306401_27374_42110;154;;2132;893;893;82;811;41.89;9.18
306401_27375_42110;155;;2162;797;797;75;722;36.86;9.41
306401_27376_42110;156;;2099;765;765;65;700;36.45;8.50
306401_27377_42110;157;;1602;622;622;48;574;38.83;7.72
306401_27378_42110;158;;1966;600;600;57;543;30.52;9.50
306401_27379_42110;159;;1861;696;696;81;615;37.40;11.64
306401_27380_42110;160;;1972;893;893;88;805;45.28;9.85
306401_27381_42110;161;;1981;583;583;96;487;29.43;16.47
306401_27382_42110;162;;1750;743;743;93;650;42.46;12.52
306401_27383_42110;163;;1545;546;546;74;472;35.34;13.55
306401_27384_42110;164;;1799;765;765;55;710;42.52;7.19
306401_27385_42110;165;;1960;1025;1025;65;960;52.30;6.34
306401_27386_42110;166;;1964;991;991;63;928;50.46;6.36
306401_27387_42110;167;;1946;599;600;74;525;30.78;12.35
306401_27388_42110;168;;2041;626;626;93;533;30.67;14.86
306401_27389_42110;169;;1939;746;746;59;687;38.47;7.91
306401_27390_42110;170;;2048;667;667;54;613;32.57;8.10
306401_27391_42110;171;;1923;615;615;63;552;31.98;10.24
306401_27392_42110;172;;2042;684;684;92;592;33.50;13.45
306401_27393_42110;173;;1873;757;757;92;665;40.42;12.15
306401_27394_42110;174;;1849;683;683;50;633;36.94;7.32
306401_27395_42110;175;;1874;890;890;47;843;47.49;5.28
306401_27396_42110;176;;1736;803;803;54;749;46.26;6.72
306401_27397_42110;177;;1870;779;779;39;740;41.66;5.01
306401_27398_42110;178;;1757;692;692;65;627;39.39;9.39
306401_27399_42110;179;;1902;781;781;58;723;41.06;7.43
306401_27400_42110;180;;1874;704;704;73;631;37.57;10.37
306401_27401_42110;181;;2048;888;888;65;823;43.36;7.32
306401_27402_42110;182;;2042;840;840;64;776;41.14;7.62
306401_27403_42110;183;;1929;862;862;57;805;44.69;6.61
306401_27404_42110;184;;1918;718;718;67;651;37.43;9.33
306401_27405_42110;185;;1837;616;616;67;549;33.53;10.88
306401_27406_42110;186;;1677;628;628;64;564;37.45;10.19
306401_27407_42110;187;;1547;516;516;58;458;33.35;11.24
306401_27408_42110;188;;1664;551;551;62;489;33.11;11.25
306401_27409_42110;189;;1683;637;637;74;563;37.85;11.62
306401_27410_42110;190;;1396;417;417;67;350;29.87;16.07
306401_27411_42110;191;;1806;778;778;38;740;43.08;4.88
306401_27412_42110;192;;1689;743;743;55;688;43.99;7.40
306401_27413_42110;193;;1988;1005;1005;59;946;50.55;5.87
306401_27414_42110;194;;1720;694;694;44;650;40.35;6.34
306401_27415_42110;195;;1832;657;657;54;603;35.86;8.22
306401_27416_42110;196;;1821;789;789;75;714;43.33;9.51
306401_27417_42110;197;;2082;882;882;57;825;42.36;6.46
306401_27418_42110;198;;1985;801;801;66;735;40.35;8.24
306401_27419_42110;199;;2041;844;844;75;769;41.35;8.89
306401_27420_42110;200;;1981;804;804;65;739;40.59;8.08
306401_27421_42110;201;;1806;737;737;40;697;40.81;5.43
306401_27422_42110;202;;1752;821;821;52;769;46.86;6.33
306401_27423_42110;203;;2071;876;876;46;830;42.30;5.25
306401_27424_42110;204;;2059;909;909;60;849;44.15;6.60
306401_27425_42110;205;;2010;881;881;70;811;43.83;7.95
306401_27426_42110;206;;2104;800;800;74;726;38.02;9.25
306401_27427_42110;207;;2082;850;850;65;785;40.83;7.65
306401_27428_42110;208;;2213;956;956;97;859;43.20;10.15
306401_27429_42110;209;;2139;827;827;107;720;38.66;12.94
306401_27430_42110;210;;2164;911;911;134;777;42.10;14.71
306401_27431_42110;211;;2151;936;936;74;862;43.51;7.91
306401_27432_42110;212;;2058;837;837;56;781;40.67;6.69
306401_27433_42110;213;;2137;902;902;63;839;42.21;6.98
306401_27434_42110;214;;1992;861;861;62;799;43.22;7.20
306401_27435_42110;215;;1873;820;820;46;774;43.78;5.61
306401_27436_42110;216;;2168;1029;1029;48;981;47.46;4.66
306401_27437_42110;217;;2031;727;727;53;674;35.80;7.29
306401_27438_42110;218;;1707;811;816;39;772;47.51;4.81
306401_27439_42110;219;;1828;998;998;54;944;54.60;5.41
306401_27440_42110;220;;1661;765;765;38;727;46.06;4.97
306401_27441_42110;221;;2133;835;835;74;761;39.15;8.86
306401_27442_42110;222;;2167;868;868;63;805;40.06;7.26
306401_27443_42110;223;;2177;991;991;74;917;45.52;7.47
306401_27444_42110;224;;1415;572;572;44;528;40.42;7.69
306401_30656_42110;225;;143;36;36;4;32;25.17;11.11
306401_30657_42110;226;;223;62;62;8;54;27.80;12.90
306401_30658_42110;227;;30;0;0;0;0;0.00;NA
306401_30659_42110;228;;407;106;106;22;84;26.04;20.75
306401_30660_42110;229;;215;23;23;4;19;10.70;17.39
306401_30661_42110;230;;117;58;58;7;51;49.57;12.07
306401_30662_42110;231;;44;16;16;0;16;36.36;0.00
306401_30663_42110;232;;61;13;13;0;13;21.31;0.00
306401_30664_42110;233;;121;38;38;4;34;31.40;10.53
306401_30665_42110;234;;183;79;79;11;68;43.17;13.92
306401_30666_42110;235;;91;24;24;5;19;26.37;20.83
306401_30667_42110;236;;111;16;16;3;13;14.41;18.75
306401_30668_42110;237;;129;50;50;5;45;38.76;10.00
306401_30669_42110;238;;149;26;26;4;22;17.45;15.38
306401_30670_42110;239;;77;17;17;0;17;22.08;0.00
306401_30671_42110;240;;78;11;11;2;9;14.10;18.18
306401_30672_42110;241;;134;69;69;15;54;51.49;21.74
306401_30673_42110;242;;391;69;69;3;66;17.65;4.35
306401_30674_42110;243;;96;45;45;5;40;46.88;11.11
306401_30675_42110;244;;87;41;41;6;35;47.13;14.63
306401_30676_42110;245;;101;41;41;7;34;40.59;17.07
306401_30677_42110;246;;302;33;33;5;28;10.93;15.15
306401_30678_42110;247;;64;44;44;0;44;68.75;0.00
306401_30679_42110;248;;37;13;13;1;12;35.14;7.69
306401_30680_42110;249;;65;52;52;5;47;80.00;9.62
306401_30681_42110;250;;67;25;25;6;19;37.31;24.00
306401_30682_42110;251;;80;46;46;4;42;57.50;8.70
306401_30683_42110;252;;119;73;73;21;52;61.34;28.77
306401_30684_42110;253;;74;35;35;4;31;47.30;11.43
320101_27445_42058;1;;1491;727;727;133;594;48.76;18.29
320101_27446_42058;2;;980;516;516;83;433;52.65;16.09
320101_27447_42058;3;;1780;875;875;193;682;49.16;22.06
320101_27448_42058;4;;850;364;364;61;303;42.82;16.76
320101_27449_42058;5;;1004;465;465;82;383;46.31;17.63
320101_27450_42058;6;;1796;828;828;97;731;46.10;11.71
320101_27451_42058;7;;1875;958;958;133;825;51.09;13.88
320101_27452_42058;8;;926;419;419;104;315;45.25;24.82
320101_27453_42058;9;;936;410;410;97;313;43.80;23.66
320101_27454_42058;10;;955;432;432;81;351;45.24;18.75
320101_27455_42058;11;;894;461;461;63;398;51.57;13.67
320101_27456_42058;12;;854;413;413;77;336;48.36;18.64
320101_27457_42058;13;;1875;983;983;253;730;52.43;25.74
320101_27458_42058;14;;1769;816;816;142;674;46.13;17.40
320101_27459_42058;15;;1066;550;550;50;500;51.59;9.09
320101_30685_42058;16;;170;31;31;3;28;18.24;9.68
320101_30686_42058;17;;35;7;7;2;5;20.00;28.57
320101_30687_42058;18;;47;20;20;9;11;42.55;45.00
320101_30688_42058;19;;125;80;80;8;72;64.00;10.00
320102_27460_42058;1;;760;379;379;133;246;49.87;35.09
320102_27461_42058;2;;1243;641;641;206;435;51.57;32.14
320102_27462_42058;3;;1570;853;853;237;616;54.33;27.78
320102_27463_42058;4;;1683;744;744;192;552;44.21;25.81
320102_27464_42058;5;;943;511;511;142;369;54.19;27.79
320103_27465_42058;1;;1278;557;557;137;420;43.58;24.60
320103_27466_42058;2;;1745;865;865;210;655;49.57;24.28
320103_27467_42058;3;;1606;924;925;185;739;57.53;20.02
320103_27468_42058;4;;847;354;354;146;208;41.79;41.24
320103_27469_42058;5;;1129;451;451;144;307;39.95;31.93
320103_27470_42058;6;;587;255;255;48;207;43.44;18.82
320104_27471_42058;1;;869;441;441;120;321;50.75;27.21
320104_27472_42058;2;;740;340;340;94;246;45.95;27.65
320104_27473_42058;3;;1596;717;717;178;539;44.92;24.83
320104_27474_42058;4;;1061;627;627;129;498;59.10;20.57
320104_27475_42058;5;;1230;553;553;145;408;44.96;26.22
320104_30689_42058;6;;308;35;35;2;33;11.36;5.71
320201_27476_42058;1;;1858;1122;1122;300;822;60.39;26.74
320201_27477_42058;2;;1296;682;682;239;443;52.62;35.04
320201_27478_42058;3;;822;490;490;159;331;59.61;32.45
320202_27479_42058;1;;866;442;442;57;385;51.04;12.90
320202_27480_42058;2;;1600;739;739;144;595;46.19;19.49
320202_27481_42058;3;;1488;728;728;112;616;48.92;15.38
320202_27482_42058;4;;1042;421;421;110;311;40.40;26.13
320202_27483_42058;5;;647;311;311;73;238;48.07;23.47
320202_27484_42058;6;;894;362;362;68;294;40.49;18.78
320202_27485_42058;7;;871;373;373;57;316;42.82;15.28
320202_27486_42058;8;;928;466;466;88;378;50.22;18.88
320202_27487_42058;9;;830;342;342;65;277;41.20;19.01
320202_27488_42058;10;;1376;601;601;79;522;43.68;13.14
320202_27489_42058;11;;919;380;380;52;328;41.35;13.68
320202_27490_42058;12;;893;347;347;51;296;38.86;14.70
320202_27491_42058;13;;791;307;307;52;255;38.81;16.94
320202_27492_42058;14;;758;450;450;129;321;59.37;28.67
320202_27493_42058;15;;1088;585;585;140;445;53.77;23.93
320202_27494_42058;16;;957;443;443;80;363;46.29;18.06
320202_27495_42058;17;;1020;597;597;168;429;58.53;28.14
320202_27496_42058;18;;619;259;259;28;231;41.84;10.81
320202_30690_42058;19;;267;7;7;1;6;2.62;14.29
320202_30691_42058;20;;82;28;28;11;17;34.15;39.29
320202_30692_42058;21;;57;42;42;11;31;73.68;26.19
320203_27497_42058;1;;1064;598;598;117;481;56.20;19.57
320203_27498_42058;2;;1350;734;734;161;573;54.37;21.93
320203_27499_42058;3;;935;447;447;100;347;47.81;22.37
320203_27500_42058;4;;411;273;273;71;202;66.42;26.01
320203_27501_42058;5;;465;229;229;66;163;49.25;28.82
320203_30693_42058;6;;78;54;54;19;35;69.23;35.19
320204_27502_42058;1;;1754;1144;1144;380;764;65.22;33.22
320204_27503_42058;2;;1324;796;796;323;473;60.12;40.58
320205_27504_42058;1;;2161;1038;1038;270;768;48.03;26.01
320205_27505_42058;2;;1580;816;816;168;648;51.65;20.59
320205_27506_42058;3;;967;411;411;131;280;42.50;31.87
320205_27507_42058;4;;1563;713;714;232;481;45.62;32.54
320206_27508_42058;1;;1467;821;821;191;630;55.96;23.26
320206_27509_42058;2;;1210;675;675;148;527;55.79;21.93
320206_27510_42058;3;;970;399;399;120;279;41.13;30.08
320206_27511_42058;4;;877;469;469;158;311;53.48;33.69
320301_27512_42058;1;;1992;921;921;244;677;46.23;26.49
320301_27513_42058;2;;1298;572;572;165;407;44.07;28.85
320301_27514_42058;3;;1190;528;528;109;419;44.37;20.64
320301_27515_42058;4;;1337;543;543;148;395;40.61;27.26
320301_27516_42058;5;;1303;590;590;234;356;45.28;39.66
320301_27517_42058;6;;600;271;271;93;178;45.17;34.32
320301_27518_42058;7;;897;398;398;128;270;44.37;32.16
320301_27519_42058;8;;980;437;437;156;281;44.59;35.70
320302_27520_42058;1;;833;385;385;93;292;46.22;24.16
320302_27521_42058;2;;911;420;420;93;327;46.10;22.14
320302_27522_42058;3;;926;424;424;109;315;45.79;25.71
320302_27523_42058;4;;971;430;430;91;339;44.28;21.16
320302_27524_42058;5;;853;325;325;118;207;38.10;36.31
320302_27525_42058;6;;850;366;366;89;277;43.06;24.32
320302_27526_42058;7;;788;317;317;91;226;40.23;28.71
320302_27527_42058;8;;955;443;443;102;341;46.39;23.02
320302_27528_42058;9;;863;370;370;89;281;42.87;24.05
320302_27529_42058;10;;848;379;379;100;279;44.69;26.39
320302_27530_42058;11;;857;362;362;94;268;42.24;25.97
320302_27531_42058;12;;1126;344;344;100;244;30.55;29.07
320302_27532_42058;13;;707;226;226;101;125;31.97;44.69
320302_27533_42058;14;;832;339;339;83;256;40.75;24.48
320302_27534_42058;15;;1222;397;397;121;276;32.49;30.48
320302_30694_42058;16;;15;8;8;0;8;53.33;0.00
320303_27535_42058;1;;788;424;424;132;292;53.81;31.13
320303_27536_42058;2;;737;422;422;110;312;57.26;26.07
320303_27537_42058;3;;1237;651;651;169;482;52.63;25.96
320303_27538_42058;4;;1170;677;677;165;512;57.86;24.37
320303_27539_42058;5;;807;461;461;120;341;57.13;26.03
320303_27540_42058;6;;1107;544;544;197;347;49.14;36.21
320304_27541_42058;1;;875;472;472;104;368;53.94;22.03
320304_27542_42058;2;;658;390;390;83;307;59.27;21.28
320304_27543_42058;3;;246;123;123;33;90;50.00;26.83
320304_27544_42058;4;;271;126;126;52;74;46.49;41.27
320305_27545_42058;1;;925;322;322;99;223;34.81;30.75
320305_27546_42058;2;;737;239;239;89;150;32.43;37.24
320305_27547_42058;3;;925;407;407;139;268;44.00;34.15
320305_27548_42058;4;;997;436;436;148;288;43.73;33.94
320305_30695_42058;5;;166;35;35;10;25;21.08;28.57
320306_27549_42058;1;;799;404;404;55;349;50.56;13.61
320306_27550_42058;2;;857;374;374;57;317;43.64;15.24
320306_27551_42058;3;;834;323;323;53;270;38.73;16.41
320306_27552_42058;4;;856;385;385;74;311;44.98;19.22
320306_27553_42058;5;;945;424;424;96;328;44.87;22.64
320306_27554_42058;6;;1701;799;799;138;661;46.97;17.27
320306_27555_42058;7;;845;366;366;82;284;43.31;22.40
320306_27556_42058;8;;1557;591;591;218;373;37.96;36.89
320306_27557_42058;9;;1512;663;663;122;541;43.85;18.40
320306_27558_42058;10;;773;322;322;83;239;41.66;25.78
320306_27559_42058;11;;271;118;118;27;91;43.54;22.88
320306_27560_42058;12;;562;248;248;59;189;44.13;23.79
320306_27561_42058;13;;212;79;79;20;59;37.26;25.32
320306_27562_42058;14;;321;165;165;40;125;51.40;24.24
320306_27563_42058;15;;375;152;152;19;133;40.53;12.50
320306_30696_42058;16;;66;34;34;2;32;51.52;5.88
320402_27564_42057;1;;1283;547;547;162;385;42.63;29.62
320402_27565_42057;2;;1219;487;487;98;389;39.95;20.12
320402_27566_42057;3;;1364;635;635;119;516;46.55;18.74
320402_27567_42057;4;;1295;497;497;86;411;38.38;17.30
320402_27568_42057;5;;1345;513;513;111;402;38.14;21.64
320402_27569_42057;6;;1226;531;531;70;461;43.31;13.18
320402_27570_42057;7;;1366;612;612;113;499;44.80;18.46
320402_27571_42057;8;;1239;521;521;116;405;42.05;22.26
320402_27572_42057;9;;1291;557;557;102;455;43.14;18.31
320402_27573_42057;10;;1348;513;513;96;417;38.06;18.71
320402_27574_42057;11;;1351;509;509;93;416;37.68;18.27
320402_27575_42057;12;;1175;430;430;76;354;36.60;17.67
320402_27576_42057;13;;1335;572;572;92;480;42.85;16.08
320402_27577_42057;14;;1255;525;525;85;440;41.83;16.19
320402_27578_42057;15;;1281;418;418;69;349;32.63;16.51
320402_27579_42057;16;;1355;556;556;128;428;41.03;23.02
320402_27580_42057;17;;1307;457;457;92;365;34.97;20.13
320402_27581_42057;18;;1251;462;462;77;385;36.93;16.67
320402_27582_42057;19;;1678;642;642;123;519;38.26;19.16
320402_27583_42057;20;;1354;453;453;166;287;33.46;36.64
320402_27584_42057;21;;1263;456;456;42;414;36.10;9.21
320402_30697_42057;22;;116;8;8;0;8;6.90;0.00
320402_30698_42057;23;;635;102;102;13;89;16.06;12.75
320403_27585_42057;1;;1764;750;750;231;519;42.52;30.80
320403_27586_42057;2;;1260;751;751;247;504;59.60;32.89
320403_27587_42057;3;;1332;757;757;232;525;56.83;30.65
320403_27588_42057;4;;1343;682;682;326;356;50.78;47.80
320403_27589_42057;5;;1070;527;527;203;324;49.25;38.52
320404_27590_42057;1;;791;430;430;79;351;54.36;18.37
320404_27591_42057;2;;1985;1137;1137;171;966;57.28;15.04
320404_27592_42057;3;;1835;958;958;203;755;52.21;21.19
320404_27593_42057;4;;1976;1071;1071;207;864;54.20;19.33
320404_27594_42057;5;;1836;911;911;174;737;49.62;19.10
320404_27595_42057;6;;950;443;443;97;346;46.63;21.90
320404_27596_42057;7;;2022;997;997;172;825;49.31;17.25
320404_27597_42057;8;;1913;963;963;194;769;50.34;20.15
320404_27598_42057;9;;880;425;425;112;313;48.30;26.35
320404_27599_42057;10;;860;383;383;75;308;44.53;19.58
320404_27600_42057;11;;865;335;335;92;243;38.73;27.46
320404_27601_42057;12;;790;404;404;86;318;51.14;21.29
320404_27602_42057;13;;946;467;467;114;353;49.37;24.41
320404_27603_42057;14;;750;313;313;71;242;41.73;22.68
320404_27604_42057;15;;927;518;518;170;348;55.88;32.82
320404_30699_42057;16;;91;40;40;26;14;43.96;65.00
320404_30700_42057;17;;43;27;27;13;14;62.79;48.15
320404_30701_42057;18;;602;94;94;21;73;15.61;22.34
320404_30702_42057;19;;46;12;12;3;9;26.09;25.00
320405_27605_42057;1;;1479;731;731;172;559;49.43;23.53
320405_27606_42057;2;;835;477;477;127;350;57.13;26.62
320406_27607_42057;1;;2144;1048;1048;263;785;48.88;25.10
320406_27608_42057;2;;1271;439;439;163;276;34.54;37.13
320406_27609_42057;3;;648;321;321;108;213;49.54;33.64
320407_27610_42057;1;;2367;1051;1051;328;723;44.40;31.21
320407_27611_42057;2;;1026;374;375;115;259;36.45;30.75
320407_27612_42057;3;;513;232;232;91;141;45.22;39.22
320501_27613_42057;1;;1514;937;937;207;730;61.89;22.09
320501_27614_42057;2;;884;501;502;187;314;56.67;37.33
320501_27615_42057;3;;616;385;385;92;293;62.50;23.90
320502_27616_42057;1;;1624;910;910;134;776;56.03;14.73
320502_27617_42057;2;;1256;652;652;151;501;51.91;23.16
320502_27618_42057;3;;777;398;399;72;326;51.22;18.09
320502_27619_42057;4;;700;386;386;78;308;55.14;20.21
320502_27620_42057;5;;967;605;605;120;485;62.56;19.83
320502_27621_42057;6;;442;244;244;63;181;55.20;25.82
320502_27622_42057;7;;2094;1071;1071;178;893;51.15;16.62
320502_27623_42057;8;;1981;1080;1080;142;938;54.52;13.15
320502_27624_42057;9;;1535;849;849;119;730;55.31;14.02
320502_27625_42057;10;;816;424;424;57;367;51.96;13.44
320502_27626_42057;11;;1549;786;786;127;659;50.74;16.16
320502_27627_42057;12;;1510;754;754;126;628;49.93;16.71
320502_27628_42057;13;;1971;974;974;191;783;49.42;19.61
320502_27629_42057;14;;1863;944;944;157;787;50.67;16.63
320502_30703_42057;15;;172;31;31;8;23;18.02;25.81
320502_30704_42057;16;;44;35;35;3;32;79.55;8.57
320503_27630_42057;1;;1534;991;991;215;776;64.60;21.70
320503_27631_42057;2;;1824;1158;1158;247;911;63.49;21.33
320504_27632_42057;1;;1855;1069;1069;174;895;57.63;16.28
320504_27633_42057;2;;1510;847;847;165;682;56.09;19.48
320504_27634_42057;3;;936;534;534;131;403;57.05;24.53
320504_27635_42057;4;;428;162;162;58;104;37.85;35.80
320504_27636_42057;5;;338;201;201;47;154;59.47;23.38
320504_27637_42057;6;;639;286;286;66;220;44.76;23.08
320504_27638_42057;7;;522;311;311;61;250;59.58;19.61
320504_27639_42057;8;;270;136;136;43;93;50.37;31.62
320504_27640_42057;9;;306;112;112;32;80;36.60;28.57
320504_27641_42057;10;;453;224;224;38;186;49.45;16.96
320504_30705_42057;11;;213;43;43;15;28;20.19;34.88
320507_27642_42057;1;;1128;683;683;113;570;60.55;16.54
320507_27643_42057;2;;1067;690;690;91;599;64.67;13.19
320507_27644_42057;3;;928;593;593;114;479;63.90;19.22
320508_27645_42057;1;;963;487;487;82;405;50.57;16.84
320508_27646_42057;2;;1977;1012;1012;191;821;51.19;18.87
320508_27647_42057;3;;2111;1001;1001;167;834;47.42;16.68
320508_27648_42057;4;;1583;799;799;149;650;50.47;18.65
320508_27649_42057;5;;1666;733;733;138;595;44.00;18.83
320508_27650_42057;6;;679;308;308;80;228;45.36;25.97
320508_27651_42057;7;;586;339;339;71;268;57.85;20.94
320508_27652_42057;8;;579;280;280;105;175;48.36;37.50
320508_27653_42057;9;;1063;507;507;109;398;47.70;21.50
320508_27654_42057;10;;1717;798;798;153;645;46.48;19.17
320508_30706_42057;11;;201;100;100;17;83;49.75;17.00
320601_27655_42060;1;;1787;836;836;212;624;46.78;25.36
320601_27656_42060;2;;839;344;344;101;243;41.00;29.36
320601_27657_42060;3;;1296;389;389;109;280;30.02;28.02
320601_27658_42060;4;;1211;392;392;116;276;32.37;29.59
320602_27659_42060;1;;1358;866;866;313;553;63.77;36.14
320602_27660_42060;2;;2203;1180;1180;541;639;53.56;45.85
320603_27661_42060;1;;1460;671;673;156;515;45.96;23.25
320603_27662_42060;2;;1583;724;724;175;549;45.74;24.17
320603_27663_42060;3;;1439;658;659;123;535;45.73;18.69
320603_27664_42060;4;;1383;629;629;136;493;45.48;21.62
320603_27665_42060;5;;410;148;148;44;104;36.10;29.73
320603_27666_42060;6;;1083;421;421;149;272;38.87;35.39
320603_27667_42060;7;;1138;483;483;131;352;42.44;27.12
320603_27668_42060;8;;1336;546;546;157;389;40.87;28.75
320603_27669_42060;9;;644;305;305;105;200;47.36;34.43
320603_27670_42060;10;;653;303;303;107;196;46.40;35.31
320604_27671_42060;1;;1107;534;534;92;442;48.24;17.23
320604_27672_42060;2;;1655;769;769;143;626;46.47;18.60
320604_27673_42060;3;;1670;788;788;148;640;47.19;18.78
320604_27674_42060;4;;1537;681;681;115;566;44.31;16.89
320604_27675_42060;5;;1461;728;728;134;594;49.83;18.41
320604_27676_42060;6;;1191;615;615;113;502;51.64;18.37
320604_27677_42060;7;;1298;730;730;102;628;56.24;13.97
320604_27678_42060;8;;1190;596;596;105;491;50.08;17.62
320604_27679_42060;9;;1391;685;685;79;606;49.25;11.53
320604_27680_42060;10;;1402;658;658;124;534;46.93;18.84
320604_27681_42060;11;;2066;957;957;126;831;46.32;13.17
320604_27682_42060;12;;1045;459;460;70;389;43.92;15.25
320604_27683_42060;13;;1257;566;566;101;465;45.03;17.84
320604_27684_42060;14;;1056;460;460;129;331;43.56;28.04
320604_27685_42060;15;;1205;475;475;105;370;39.42;22.11
320604_27686_42060;16;;905;514;514;162;352;56.80;31.52
320604_27687_42060;17;;1372;798;798;142;656;58.16;17.79
320604_27688_42060;18;;884;399;399;103;296;45.14;25.81
320604_27689_42060;19;;1404;820;820;137;683;58.40;16.71
320604_30707_42060;20;;65;37;37;21;16;56.92;56.76
320604_30708_42060;21;;37;19;19;9;10;51.35;47.37
320605_27690_42060;1;;1519;707;707;215;492;46.54;30.41
320605_27691_42060;2;;1310;659;659;178;481;50.31;27.01
320605_27692_42060;3;;975;464;464;162;302;47.59;34.91
320605_27693_42060;4;;697;366;366;116;250;52.51;31.69
320605_27694_42060;5;;655;345;345;101;244;52.67;29.28
320605_27695_42060;6;;742;339;339;137;202;45.69;40.41
320606_27696_42060;1;;1761;957;957;246;711;54.34;25.71
320606_27697_42060;2;;1080;459;459;144;315;42.50;31.37
320606_27698_42060;3;;608;295;295;128;167;48.52;43.39
320606_30709_42060;4;;78;42;42;1;41;53.85;2.38
320607_27699_42060;1;;638;491;491;150;341;76.96;30.55
320607_27700_42060;2;;994;647;647;169;478;65.09;26.12
320607_27701_42060;3;;1485;870;871;307;563;58.59;35.29
320608_27702_42060;1;;1953;1161;1161;343;818;59.45;29.54
320608_27703_42060;2;;1277;700;700;234;466;54.82;33.43
320608_27704_42060;3;;1197;629;629;162;467;52.55;25.76
320608_30710_42060;4;;70;43;43;10;33;61.43;23.26
320609_27705_42060;1;;1872;1010;1010;268;742;53.95;26.53
320609_27706_42060;2;;1055;527;527;157;370;49.95;29.79
320609_27707_42060;3;;899;433;433;124;309;48.16;28.64
320609_27708_42060;4;;552;230;230;84;146;41.67;36.52
320701_27709_42057;1;;495;227;227;58;169;45.86;25.55
320701_27710_42057;2;;646;359;359;92;267;55.57;25.63
320701_27711_42057;3;;1012;527;527;83;444;52.08;15.75
320701_27712_42057;4;;654;360;360;76;284;55.05;21.11
320701_27713_42057;5;;563;266;266;68;198;47.25;25.56
320702_27714_42057;1;;2223;1527;1527;290;1237;68.69;18.99
320702_27715_42057;2;;1263;758;758;213;545;60.02;28.10
320702_27716_42057;3;;1397;740;740;204;536;52.97;27.57
320703_27717_42057;1;;1543;687;687;111;576;44.52;16.16
320703_27718_42057;2;;1616;830;830;139;691;51.36;16.75
320703_27719_42057;3;;1577;822;822;118;704;52.12;14.36
320703_27720_42057;4;;1642;863;863;121;742;52.56;14.02
320703_27721_42057;5;;1623;756;756;148;608;46.58;19.58
320703_27722_42057;6;;775;333;333;49;284;42.97;14.71
320703_27723_42057;7;;830;448;448;108;340;53.98;24.11
320703_27724_42057;8;;864;400;400;95;305;46.30;23.75
320703_27725_42057;9;;685;271;271;61;210;39.56;22.51
320703_27726_42057;10;;723;302;302;78;224;41.77;25.83
320703_30711_42057;11;;63;31;31;6;25;49.21;19.35
320703_30712_42057;12;;17;5;5;1;4;29.41;20.00
320703_30713_42057;13;;51;47;47;6;41;92.16;12.77
320703_30714_42057;14;;113;31;31;4;27;27.43;12.90
320704_27727_42057;1;;1148;537;537;122;415;46.78;22.72
320704_27728_42057;2;;1030;487;487;136;351;47.28;27.93
320704_27729_42057;3;;1140;433;433;93;340;37.98;21.48
320704_27730_42057;4;;1248;589;589;118;471;47.20;20.03
320704_27731_42057;5;;869;397;397;93;304;45.68;23.43
320705_27732_42057;1;;901;503;503;118;385;55.83;23.46
320705_27733_42057;2;;954;424;424;105;319;44.44;24.76
320705_27734_42057;3;;553;263;263;60;203;47.56;22.81
320705_27735_42057;4;;985;607;607;129;478;61.62;21.25
320706_27736_42057;1;;766;418;418;103;315;54.57;24.64
320706_27737_42057;2;;1215;572;572;124;448;47.08;21.68
320706_27738_42057;3;;1284;658;658;166;492;51.25;25.23
320706_27739_42057;4;;744;365;365;78;287;49.06;21.37
320706_27740_42057;5;;549;226;226;72;154;41.17;31.86
320706_27741_42057;6;;610;289;289;95;194;47.38;32.87
320706_27742_42057;7;;683;331;331;51;280;48.46;15.41
320706_27743_42057;8;;721;328;328;79;249;45.49;24.09
320706_27744_42057;9;;563;223;223;64;159;39.61;28.70
320706_27745_42057;10;;718;236;236;52;184;32.87;22.03
320706_27746_42057;11;;398;181;181;61;120;45.48;33.70
320706_27747_42057;12;;622;318;318;93;225;51.13;29.25
320706_27748_42057;13;;566;271;271;77;194;47.88;28.41
320706_27749_42057;14;;505;257;257;87;170;50.89;33.85
320801_27750_42058;1;;1409;566;566;93;473;40.17;16.43
320801_27751_42058;2;;1625;692;692;129;563;42.58;18.64
320801_27752_42058;3;;1760;893;893;148;745;50.74;16.57
320801_27753_42058;4;;2113;906;906;168;738;42.88;18.54
320801_27754_42058;5;;2202;1049;1049;191;858;47.64;18.21
320801_27755_42058;6;;1528;697;697;93;604;45.62;13.34
320801_27756_42058;7;;1197;593;593;104;489;49.54;17.54
320801_27757_42058;8;;1814;765;767;164;601;42.17;21.44
320801_27758_42058;9;;1666;754;755;125;629;45.26;16.58
320801_27759_42058;10;;2116;915;915;101;814;43.24;11.04
320801_27760_42058;11;;1805;895;895;135;760;49.58;15.08
320801_27761_42058;12;;1836;832;832;135;697;45.32;16.23
320801_27762_42058;13;;1930;762;762;107;655;39.48;14.04
320801_27763_42058;14;;1683;668;668;148;520;39.69;22.16
320801_27764_42058;15;;1966;930;930;104;826;47.30;11.18
320801_27765_42058;16;;1368;595;595;110;485;43.49;18.49
320801_27766_42058;17;;1160;593;593;82;511;51.12;13.83
320801_27767_42058;18;;801;328;328;67;261;40.95;20.43
320801_27768_42058;19;;2048;906;906;130;776;44.24;14.35
320801_27769_42058;20;;1271;552;552;96;456;43.43;17.39
320801_27770_42058;21;;1302;566;567;81;485;43.47;14.31
320801_27771_42058;22;;2277;1004;1004;132;872;44.09;13.15
320801_30715_42058;23;;143;53;53;11;42;37.06;20.75
320801_30716_42058;24;;15;14;14;4;10;93.33;28.57
320802_27772_42058;1;;1928;1159;1159;286;873;60.11;24.68
320802_27773_42058;2;;1153;588;588;166;422;51.00;28.23
320802_27774_42058;3;;436;194;217;20;174;44.50;10.31
320802_27775_42058;4;;838;481;481;146;335;57.40;30.35
320802_30717_42058;5;;68;28;28;12;16;41.18;42.86
320802_30718_42058;6;;23;18;18;6;12;78.26;33.33
320803_27776_42058;1;;642;224;224;83;141;34.89;37.05
320803_27777_42058;2;;1096;362;362;100;262;33.03;27.62
320803_27778_42058;3;;1039;374;374;97;277;36.00;25.94
320803_27779_42058;4;;790;280;280;51;229;35.44;18.21
320803_27780_42058;5;;481;172;172;31;141;35.76;18.02
320803_30719_42058;6;;55;22;22;6;16;40.00;27.27
320804_27781_42058;1;;1109;511;511;138;373;46.08;27.01
320804_27782_42058;2;;584;281;281;60;221;48.12;21.35
320804_27783_42058;3;;1809;775;775;162;613;42.84;20.90
320804_27784_42058;4;;648;305;305;49;256;47.07;16.07
320804_27785_42058;5;;651;365;365;60;305;56.07;16.44
320804_27786_42058;6;;1248;647;647;133;514;51.84;20.56
320804_27787_42058;7;;413;216;216;79;137;52.30;36.57
320804_27788_42058;8;;1332;657;657;87;570;49.32;13.24
320804_27789_42058;9;;529;284;284;90;194;53.69;31.69
320805_27790_42058;1;;998;557;557;151;406;55.81;27.11
320805_27791_42058;2;;783;416;416;91;325;53.13;21.88
320805_27792_42058;3;;608;284;284;48;236;46.71;16.90
320805_27793_42058;4;;955;450;450;84;366;47.12;18.67
320806_27794_42058;1;;1196;539;539;102;437;45.07;18.92
320806_27795_42058;2;;1751;873;873;281;592;49.86;32.19
320807_27796_42058;1;;2488;1486;1486;336;1150;59.73;22.61
320807_27797_42058;2;;551;361;361;153;208;65.52;42.38
320901_27798_42059;1;;1696;680;680;140;540;40.09;20.59
320901_27799_42059;2;;885;374;374;92;282;42.26;24.60
320901_27800_42059;3;;996;414;414;100;314;41.57;24.15
320901_27801_42059;4;;923;346;346;66;280;37.49;19.08
320901_27802_42059;5;;1461;585;585;136;449;40.04;23.25
320901_27803_42059;6;;882;332;332;95;237;37.64;28.61
320902_27804_42059;1;;1978;1084;1084;292;792;54.80;26.94
320902_27805_42059;2;;2423;1220;1220;192;1028;50.35;15.74
320902_27806_42059;3;;537;301;301;85;216;56.05;28.24
320902_30720_42059;4;;36;29;29;8;21;80.56;27.59
320903_27807_42059;1;;2076;1112;1112;210;902;53.56;18.88
320903_27808_42059;2;;1357;737;737;200;537;54.31;27.14
320903_27809_42059;3;;1251;681;681;232;449;54.44;34.07
320903_27810_42059;4;;414;194;194;58;136;46.86;29.90
320903_27811_42059;5;;502;213;213;64;149;42.43;30.05
320903_27812_42059;6;;537;296;296;61;235;55.12;20.61
320903_27813_42059;7;;660;308;308;105;203;46.67;34.09
320903_27814_42059;8;;434;172;172;54;118;39.63;31.40
320903_27815_42059;9;;332;171;171;61;110;51.51;35.67
320903_30721_42059;10;;53;4;4;0;4;7.55;0.00
320903_30722_42059;11;;40;24;24;9;15;60.00;37.50
320904_27816_42059;1;;785;387;387;100;287;49.30;25.84
320904_27817_42059;2;;1533;764;764;161;603;49.84;21.07
320904_27818_42059;3;;941;386;386;100;286;41.02;25.91
320904_27819_42059;4;;455;231;231;49;182;50.77;21.21
320904_27820_42059;5;;772;420;420;79;341;54.40;18.81
320904_27821_42059;6;;221;71;71;25;46;32.13;35.21
320904_27822_42059;7;;303;129;129;23;106;42.57;17.83
320904_27823_42059;8;;290;217;217;72;145;74.83;33.18
320905_27824_42059;1;;1059;650;650;152;498;61.38;23.38
320905_27825_42059;2;;1054;654;654;128;526;62.05;19.57
320905_27826_42059;3;;371;195;195;49;146;52.56;25.13
320905_27827_42059;4;;744;474;474;101;373;63.71;21.31
320905_27828_42059;5;;884;518;518;121;397;58.60;23.36
320905_30723_42059;6;;56;27;27;15;12;48.21;55.56
320906_27829_42059;1;;1479;777;777;157;620;52.54;20.21
320906_27830_42059;2;;927;489;489;109;380;52.75;22.29
320906_27831_42059;3;;406;207;207;91;116;50.99;43.96
320906_27832_42059;4;;1357;551;551;171;380;40.60;31.03
320906_27833_42059;5;;899;382;382;126;256;42.49;32.98
320906_27834_42059;6;;624;304;304;67;237;48.72;22.04
320906_27835_42059;7;;1292;455;455;130;325;35.22;28.57
320906_30724_42059;8;;27;24;24;5;19;88.89;20.83
320906_30725_42059;9;;89;33;33;14;19;37.08;42.42
320907_27836_42059;1;;1709;935;935;248;687;54.71;26.52
320907_27837_42059;2;;1507;786;786;186;600;52.16;23.66
320907_27838_42059;3;;2076;1065;1065;226;839;51.30;21.22
320907_27839_42059;4;;902;558;558;157;401;61.86;28.14
320907_27840_42059;5;;674;373;373;109;264;55.34;29.22
320907_27841_42059;6;;923;490;490;121;369;53.09;24.69
320907_27842_42059;7;;746;400;400;78;322;53.62;19.50
320907_27843_42059;8;;433;255;255;83;172;58.89;32.55
320907_27844_42059;9;;638;368;368;87;281;57.68;23.64
320907_27845_42059;10;;580;383;383;86;297;66.03;22.45
320907_27846_42059;11;;744;440;440;98;342;59.14;22.27
320908_27847_42059;1;;1493;817;817;164;653;54.72;20.07
320908_27848_42059;2;;951;431;431;70;361;45.32;16.24
320908_27849_42059;3;;597;297;297;71;226;49.75;23.91
320908_27850_42059;4;;668;349;349;96;253;52.25;27.51
320908_27851_42059;5;;432;254;254;65;189;58.80;25.59
320908_27852_42059;6;;575;286;286;91;195;49.74;31.82
320908_27853_42059;7;;680;418;418;53;365;61.47;12.68
321001_27854_42060;1;;1241;527;527;139;388;42.47;26.38
321001_27855_42060;2;;1056;445;445;81;364;42.14;18.20
321001_27856_42060;3;;1109;506;506;110;396;45.63;21.74
321001_27857_42060;4;;1153;529;529;85;444;45.88;16.07
321001_27858_42060;5;;883;440;440;90;350;49.83;20.45
321001_27859_42060;6;;843;355;355;79;276;42.11;22.25
321001_27860_42060;7;;1181;516;516;73;443;43.69;14.15
321001_27861_42060;8;;755;368;368;64;304;48.74;17.39
321001_27862_42060;9;;1081;473;473;84;389;43.76;17.76
321001_27863_42060;10;;984;434;434;54;380;44.11;12.44
321001_27864_42060;11;;933;394;394;79;315;42.23;20.05
321001_27865_42060;12;;646;309;309;77;232;47.83;24.92
321001_27866_42060;13;;535;233;233;55;178;43.55;23.61
321001_27867_42060;14;;981;470;470;105;365;47.91;22.34
321001_27868_42060;15;;876;365;365;91;274;41.67;24.93
321001_27869_42060;16;;1263;505;505;93;412;39.98;18.42
321001_30726_42060;17;;74;7;7;1;6;9.46;14.29
321002_27870_42060;1;;1437;830;830;384;446;57.76;46.27
321002_27871_42060;2;;519;311;311;126;185;59.92;40.51
321002_27872_42060;3;;403;229;229;85;144;56.82;37.12
321003_27873_42060;1;;2321;831;831;162;669;35.80;19.49
321003_27874_42060;2;;1621;638;638;130;508;39.36;20.38
321003_27875_42060;3;;2394;1171;1171;172;999;48.91;14.69
321003_27876_42060;4;;1705;790;790;108;682;46.33;13.67
321003_27877_42060;5;;1582;608;608;102;506;38.43;16.78
321003_27878_42060;6;;1486;633;633;102;531;42.60;16.11
321003_27879_42060;7;;885;465;465;105;360;52.54;22.58
321003_27880_42060;8;;963;435;435;95;340;45.17;21.84
321003_27881_42060;9;;882;400;400;123;277;45.35;30.75
321003_27882_42060;10;;1058;405;405;146;259;38.28;36.05
321003_27883_42060;11;;725;249;249;59;190;34.34;23.69
321003_27884_42060;12;;414;167;167;27;140;40.34;16.17
321003_27885_42060;13;;455;228;228;49;179;50.11;21.49
321003_30727_42060;14;;43;7;7;4;3;16.28;57.14
321004_27886_42060;1;;1561;713;713;136;577;45.68;19.07
321004_27887_42060;2;;1467;613;613;141;472;41.79;23.00
321004_27888_42060;3;;1464;692;692;114;578;47.27;16.47
321004_27889_42060;4;;1549;756;757;114;642;48.81;15.08
321004_27890_42060;5;;1644;811;811;151;660;49.33;18.62
321004_27891_42060;6;;1608;776;776;99;677;48.26;12.76
321004_27892_42060;7;;1378;711;711;129;582;51.60;18.14
321004_27893_42060;8;;782;392;392;114;278;50.13;29.08
321004_27894_42060;9;;831;423;423;99;324;50.90;23.40
321004_27895_42060;10;;916;417;417;103;314;45.52;24.70
321004_27896_42060;11;;744;375;375;104;271;50.40;27.73
321004_27897_42060;12;;724;335;335;109;226;46.27;32.54
321004_27898_42060;13;;1643;718;718;170;548;43.70;23.68
321004_30728_42060;14;;155;74;74;49;25;47.74;66.22
321005_27899_42060;1;;1086;568;568;199;369;52.30;35.04
321005_27900_42060;2;;1035;560;560;212;348;54.11;37.86
321005_27901_42060;3;;569;254;254;78;176;44.64;30.71
321101_27902_42056;1;;2278;1159;1159;199;960;50.88;17.17
321101_27903_42056;2;;1682;722;722;153;569;42.93;21.19
321101_27904_42056;3;;1838;733;733;33;700;39.88;4.50
321101_27905_42056;4;;1276;524;524;48;476;41.07;9.16
321101_27906_42056;5;;1734;674;674;35;639;38.87;5.19
321101_27907_42056;6;;1159;454;454;41;413;39.17;9.03
321101_27908_42056;7;;1107;380;380;125;255;34.33;32.89
321101_27909_42056;8;;1798;821;821;43;778;45.66;5.24
321101_27910_42056;9;;1677;585;585;66;519;34.88;11.28
321102_27911_42056;1;;1983;968;968;254;714;48.81;26.24
321102_27912_42056;2;;1934;898;898;273;625;46.43;30.40
321102_27913_42056;3;;1098;447;447;146;301;40.71;32.66
321102_27914_42056;4;;1590;724;725;87;637;45.53;12.02
321102_27915_42056;5;;1025;443;443;71;372;43.22;16.03
321102_27916_42056;6;;1049;434;434;38;396;41.37;8.76
321103_27917_42056;1;;995;502;502;149;353;50.45;29.68
321103_27918_42056;2;;337;145;145;29;116;43.03;20.00
321104_27919_42056;1;;1110;431;431;44;387;38.83;10.21
321104_27920_42056;2;;203;85;85;25;60;41.87;29.41
321104_27921_42056;3;;1290;540;540;71;469;41.86;13.15
321104_27922_42056;4;;1744;793;794;169;624;45.47;21.31
321104_27923_42056;5;;1072;395;395;80;315;36.85;20.25
321104_27924_42056;6;;253;74;74;4;70;29.25;5.41
321104_27925_42056;7;;200;77;77;11;66;38.50;14.29
321104_27926_42056;8;;1029;353;353;121;232;34.31;34.28
321104_27927_42056;9;;1652;696;696;140;556;42.13;20.11
321104_27928_42056;10;;1619;622;622;142;480;38.42;22.83
321104_27929_42056;11;;1108;390;390;72;318;35.20;18.46
321104_27930_42056;12;;490;242;242;33;209;49.39;13.64
321104_27931_42056;13;;1424;685;685;66;619;48.10;9.64
321104_27932_42056;14;;1173;474;474;103;371;40.41;21.73
321104_27933_42056;15;;2006;848;848;146;702;42.27;17.22
321104_27934_42056;16;;1480;675;675;82;593;45.61;12.15
321104_27935_42056;17;;1464;550;550;95;455;37.57;17.27
321104_27936_42056;18;;1918;686;686;97;589;35.77;14.14
321104_27937_42056;19;;1586;747;747;108;639;47.10;14.46
321104_27938_42056;20;;2036;900;900;163;737;44.20;18.11
321104_27939_42056;21;;1580;672;672;117;555;42.53;17.41
321104_27940_42056;22;;1293;600;600;110;490;46.40;18.33
321104_27941_42056;23;;1350;560;560;94;466;41.48;16.79
321104_27942_42056;24;;1308;481;481;78;403;36.77;16.22
321104_27943_42056;25;;1650;606;606;97;509;36.73;16.01
321104_30729_42056;26;;145;21;21;4;17;14.48;19.05
321201_27944_42060;1;;1459;953;953;337;616;65.32;35.36
321201_27945_42060;2;;1000;613;613;223;390;61.30;36.38
321202_27946_42060;1;;1385;836;836;317;519;60.36;37.92
321202_27947_42060;2;;774;465;465;143;322;60.08;30.75
321203_27948_42060;1;;1670;862;862;204;658;51.62;23.67
321203_27949_42060;2;;1297;651;651;154;497;50.19;23.66
321203_27950_42060;3;;909;392;392;103;289;43.12;26.28
321203_27951_42060;4;;1025;495;495;112;383;48.29;22.63
321204_27952_42060;1;;680;361;361;53;308;53.09;14.68
321204_27953_42060;2;;1009;534;534;138;396;52.92;25.84
321204_27954_42060;3;;1395;825;825;125;700;59.14;15.15
321204_27955_42060;4;;1198;517;517;136;381;43.16;26.31
321205_27956_42060;1;;1554;842;842;195;647;54.18;23.16
321205_27957_42060;2;;866;472;476;97;375;54.50;20.55
321205_27958_42060;3;;2396;1196;1196;279;917;49.92;23.33
321205_27959_42060;4;;811;409;409;76;333;50.43;18.58
321205_27960_42060;5;;1732;964;964;185;779;55.66;19.19
321205_27961_42060;6;;1625;840;840;152;688;51.69;18.10
321205_27962_42060;7;;1197;626;626;159;467;52.30;25.40
321205_27963_42060;8;;1331;578;578;168;410;43.43;29.07
321205_27964_42060;9;;1503;793;793;212;581;52.76;26.73
321205_27965_42060;10;;1211;764;764;173;591;63.09;22.64
321205_27966_42060;11;;751;357;357;109;248;47.54;30.53
321205_27967_42060;12;;617;378;378;131;247;61.26;34.66
321205_30730_42060;13;;76;13;13;4;9;17.11;30.77
321206_27968_42060;1;;1604;967;967;333;634;60.29;34.44
321206_27969_42060;2;;1243;786;786;283;503;63.23;36.01
321301_27970_42059;1;;1020;537;537;115;422;52.65;21.42
321301_27971_42059;2;;1521;625;625;121;504;41.09;19.36
321301_27972_42059;3;;1514;590;590;217;373;38.97;36.78
321301_27973_42059;4;;1517;632;649;115;517;41.66;18.20
321301_27974_42059;5;;1317;625;625;116;509;47.46;18.56
321301_27975_42059;6;;1495;749;749;138;611;50.10;18.42
321301_27976_42059;7;;1549;658;659;99;559;42.48;15.05
321301_27977_42059;8;;1505;618;618;101;517;41.06;16.34
321302_27978_42059;1;;1887;883;883;188;695;46.79;21.29
321302_27979_42059;2;;2100;829;829;179;650;39.48;21.59
321302_27980_42059;3;;1905;847;847;180;667;44.46;21.25
321302_27981_42059;4;;1985;886;886;211;675;44.63;23.81
321302_27982_42059;5;;2346;1088;1088;210;878;46.38;19.30
321302_30731_42059;6;;13;8;8;0;8;61.54;0.00
321303_27983_42059;1;;348;230;230;64;166;66.09;27.83
321303_27984_42059;2;;409;245;245;54;191;59.90;22.04
321303_27985_42059;3;;424;284;284;67;217;66.98;23.59
321303_27986_42059;4;;404;250;250;72;178;61.88;28.80
321303_27987_42059;5;;470;310;310;80;230;65.96;25.81
321303_27988_42059;6;;446;276;276;54;222;61.88;19.57
321303_27989_42059;7;;349;224;224;33;191;64.18;14.73
321303_27990_42059;8;;501;337;337;80;257;67.27;23.74
321303_27991_42059;9;;439;304;304;87;217;69.25;28.62
321303_27992_42059;10;;536;325;325;73;252;60.63;22.46
321303_27993_42059;11;;343;236;236;49;187;68.80;20.76
321303_27994_42059;12;;516;337;337;109;228;65.31;32.34
321303_27995_42059;13;;313;204;204;60;144;65.18;29.41
321303_27996_42059;14;;337;221;221;43;178;65.58;19.46
321303_27997_42059;15;;580;393;393;73;320;67.76;18.58
321304_27998_42059;1;;1359;792;792;173;619;58.28;21.84
321304_27999_42059;2;;1708;1008;1008;227;781;59.02;22.52
321304_28000_42059;3;;1116;633;633;189;444;56.72;29.86
321304_28001_42059;4;;1076;582;582;202;380;54.09;34.71
321305_28002_42059;1;;1646;784;784;198;586;47.63;25.26
321305_28003_42059;2;;1711;875;875;407;468;51.14;46.51
321305_28004_42059;3;;746;309;309;94;215;41.42;30.42
321305_28005_42059;4;;695;343;343;156;187;49.35;45.48
321305_28006_42059;5;;817;410;410;116;294;50.18;28.29
321306_28007_42059;1;;401;191;191;55;136;47.63;28.80
321306_28008_42059;2;;520;296;296;82;214;56.92;27.70
321306_28009_42059;3;;1171;543;543;159;384;46.37;29.28
321306_28010_42059;4;;1110;562;562;162;400;50.63;28.83
321306_28011_42059;5;;1423;710;710;228;482;49.89;32.11
321306_28012_42059;6;;1048;441;441;142;299;42.08;32.20
321306_28013_42059;7;;1316;611;611;190;421;46.43;31.10
321401_28014_42060;1;;2408;933;933;154;779;38.75;16.51
321401_28015_42060;2;;2105;739;739;92;647;35.11;12.45
321401_28016_42060;3;;1990;642;642;110;532;32.26;17.13
321401_28017_42060;4;;1947;715;715;95;620;36.72;13.29
321401_28018_42060;5;;1242;481;481;79;402;38.73;16.42
321401_28019_42060;6;;1673;591;591;95;496;35.33;16.07
321401_28020_42060;7;;1411;545;545;118;427;38.63;21.65
321401_28021_42060;8;;1326;531;531;113;418;40.05;21.28
321401_28022_42060;9;;1824;703;703;87;616;38.54;12.38
321401_28023_42060;10;;1694;734;734;88;646;43.33;11.99
321401_28024_42060;11;;1614;656;656;80;576;40.64;12.20
321401_28025_42060;12;;1964;652;652;127;525;33.20;19.48
321401_28026_42060;13;;1386;475;475;76;399;34.27;16.00
321401_28027_42060;14;;1260;361;361;81;280;28.65;22.44
321401_28028_42060;15;;1451;442;442;87;355;30.46;19.68
321401_28029_42060;16;;2414;828;828;157;671;34.30;18.96
321401_28030_42060;17;;2024;681;681;149;532;33.65;21.88
321401_28031_42060;18;;2235;863;863;130;733;38.61;15.06
321401_28032_42060;19;;1403;592;592;136;456;42.20;22.97
321401_28033_42060;20;;1209;441;441;69;372;36.48;15.65
321401_28034_42060;21;;2032;592;593;143;449;29.13;24.16
321401_28035_42060;22;;1381;552;552;89;463;39.97;16.12
321401_28036_42060;23;;1208;428;428;82;346;35.43;19.16
321401_28037_42060;24;;1282;474;474;95;379;36.97;20.04
321401_28038_42060;25;;1608;620;620;111;509;38.56;17.90
321401_28039_42060;26;;2018;788;788;108;680;39.05;13.71
321401_28040_42060;27;;1628;564;564;80;484;34.64;14.18
321401_28041_42060;28;;1079;378;378;78;300;35.03;20.63
321401_28042_42060;29;;2476;911;911;256;655;36.79;28.10
321401_28043_42060;30;;1856;902;902;187;715;48.60;20.73
321401_28044_42060;31;;1489;370;370;85;285;24.85;22.97
321401_28045_42060;32;;1630;582;582;159;423;35.71;27.32
321401_30732_42060;33;;131;8;8;2;6;6.11;25.00
321401_30733_42060;34;;320;48;48;12;36;15.00;25.00
321402_28046_42060;1;;2209;1138;1138;306;832;51.52;26.89
321402_28047_42060;2;;1665;891;891;442;449;53.51;49.61
321402_28048_42060;3;;961;566;566;159;407;58.90;28.09
321403_28049_42060;1;;2012;1150;1150;263;887;57.16;22.87
321403_28050_42060;2;;2109;1008;1008;319;689;47.80;31.65
321404_28051_42060;1;;1723;872;872;167;705;50.61;19.15
321404_28052_42060;2;;970;400;400;162;238;41.24;40.50
321404_28053_42060;3;;651;186;186;58;128;28.57;31.18
321404_28054_42060;4;;1141;572;572;166;406;50.13;29.02
321404_28055_42060;5;;1135;356;356;74;282;31.37;20.79
321404_28056_42060;6;;686;284;284;90;194;41.40;31.69
321404_30734_42060;7;;55;16;16;7;9;29.09;43.75
321405_28057_42060;1;;1772;1062;1062;266;796;59.93;25.05
321405_28058_42060;2;;1250;639;639;170;469;51.12;26.60
321406_28059_42060;1;;1365;843;843;147;696;61.76;17.44
321406_28060_42060;2;;1277;683;683;166;517;53.48;24.30
321406_28061_42060;3;;1313;735;735;115;620;55.98;15.65
321408_28062_42060;1;;587;347;347;97;250;59.11;27.95
321408_28063_42060;2;;547;300;300;65;235;54.84;21.67
321408_28064_42060;3;;1043;617;617;101;516;59.16;16.37
321408_28065_42060;4;;341;156;156;26;130;45.75;16.67
321409_28066_42060;1;;1151;741;741;196;545;64.38;26.45
321409_28067_42060;2;;927;525;525;179;346;56.63;34.10
321409_28068_42060;3;;874;431;431;108;323;49.31;25.06
321410_28069_42060;1;;637;264;264;60;204;41.44;22.73
321410_28070_42060;2;;1517;578;578;181;397;38.10;31.31
321410_28071_42060;3;;716;331;331;130;201;46.23;39.27
321410_28072_42060;4;;908;423;423;80;343;46.59;18.91
321410_28073_42060;5;;1264;385;385;117;268;30.46;30.39
321410_28074_42060;6;;933;307;307;73;234;32.90;23.78
321410_28075_42060;7;;1292;525;574;109;416;40.63;20.76
321410_28076_42060;8;;1361;612;612;156;456;44.97;25.49
321410_28077_42060;9;;554;207;207;62;145;37.36;29.95
321410_28078_42060;10;;688;350;350;73;277;50.87;20.86
321411_28079_42060;1;;1192;659;659;169;490;55.29;25.64
321411_28080_42060;2;;725;412;412;130;282;56.83;31.55
321411_28081_42060;3;;681;347;347;105;242;50.95;30.26
321411_28082_42060;4;;876;464;464;153;311;52.97;32.97
321501_28083_42059;1;;1224;613;613;121;492;50.08;19.74
321501_28084_42059;2;;1571;767;767;93;674;48.82;12.13
321501_28085_42059;3;;1983;1035;1035;143;892;52.19;13.82
321501_28086_42059;4;;1366;655;655;82;573;47.95;12.52
321501_28087_42059;5;;1086;437;437;80;357;40.24;18.31
321501_28088_42059;6;;1354;653;653;75;578;48.23;11.49
321501_28089_42059;7;;1337;598;598;179;419;44.73;29.93
321501_28090_42059;8;;1117;461;461;63;398;41.27;13.67
321501_28091_42059;9;;1360;647;647;95;552;47.57;14.68
321501_28092_42059;10;;1138;489;489;153;336;42.97;31.29
321501_28093_42059;11;;1195;526;526;93;433;44.02;17.68
321501_28094_42059;12;;1888;855;855;103;752;45.29;12.05
321501_28095_42059;13;;1718;659;659;158;501;38.36;23.98
321501_28096_42059;14;;1799;730;730;127;603;40.58;17.40
321501_28097_42059;15;;1622;810;810;103;707;49.94;12.72
321501_28098_42059;16;;1841;897;897;144;753;48.72;16.05
321501_28099_42059;17;;1509;630;630;101;529;41.75;16.03
321501_28100_42059;18;;1494;671;671;94;577;44.91;14.01
321501_28101_42059;19;;1358;646;646;97;549;47.57;15.02
321501_28102_42059;20;;2084;1054;1054;169;885;50.58;16.03
321501_28103_42059;21;;2130;1042;1042;209;833;48.92;20.06
321501_30735_42059;22;;51;29;29;4;25;56.86;13.79
321501_30736_42059;23;;114;35;35;2;33;30.70;5.71
321502_28104_42059;1;;1650;826;826;231;595;50.06;27.97
321502_28105_42059;2;;1433;685;685;172;513;47.80;25.11
321502_28106_42059;3;;819;331;331;102;229;40.42;30.82
321502_28107_42059;4;;1352;630;630;158;472;46.60;25.08
321502_28108_42059;5;;1770;827;827;261;566;46.72;31.56
321503_28109_42059;1;;959;461;461;115;346;48.07;24.95
321503_28110_42059;2;;964;451;451;110;341;46.78;24.39
321503_28111_42059;3;;777;433;433;148;285;55.73;34.18
321503_28112_42059;4;;488;261;261;89;172;53.48;34.10
321503_28113_42059;5;;1120;563;563;173;390;50.27;30.73
321504_28114_42059;1;;1505;738;738;77;661;49.04;10.43
321504_28115_42059;2;;2146;939;939;164;775;43.76;17.47
321504_28116_42059;3;;1366;532;532;148;384;38.95;27.82
321504_28117_42059;4;;1614;779;779;213;566;48.27;27.34
321504_28118_42059;5;;953;412;412;112;300;43.23;27.18
321504_30737_42059;6;;113;59;59;14;45;52.21;23.73
321505_28119_42059;1;;2160;1112;1112;413;699;51.48;37.14
321505_28120_42059;2;;627;283;283;76;207;45.14;26.86
321505_28121_42059;3;;522;281;281;71;210;53.83;25.27
321505_28122_42059;4;;819;465;465;148;317;56.78;31.83
321506_28123_42059;1;;1348;721;721;219;502;53.49;30.37
321506_28124_42059;2;;576;337;337;93;244;58.51;27.60
321506_28125_42059;3;;1549;872;873;343;529;56.29;39.33
321506_28126_42059;4;;469;277;277;110;167;59.06;39.71
321506_28127_42059;5;;1413;822;822;281;541;58.17;34.18
321506_28128_42059;6;;887;499;499;185;314;56.26;37.07
321506_28129_42059;7;;1155;659;659;175;484;57.06;26.56
321601_28130_42058;1;;1910;792;792;248;544;41.47;31.31
321601_28131_42058;2;;1594;698;698;163;535;43.79;23.35
321601_28132_42058;3;;1410;609;609;134;475;43.19;22.00
321601_28133_42058;4;;1629;743;743;176;567;45.61;23.69
321601_28134_42058;5;;1889;840;840;171;669;44.47;20.36
321601_28135_42058;6;;1875;847;847;225;622;45.17;26.56
321601_28136_42058;7;;1433;626;626;166;460;43.68;26.52
321601_28137_42058;8;;794;313;313;48;265;39.42;15.34
321602_28138_42058;1;;1876;1002;1002;302;700;53.41;30.14
321602_28139_42058;2;;433;158;158;45;113;36.49;28.48
321603_28140_42058;1;;1065;564;564;100;464;52.96;17.73
321603_28141_42058;2;;1870;814;814;217;597;43.53;26.66
321603_28142_42058;3;;1479;719;719;132;587;48.61;18.36
321603_28143_42058;4;;1884;845;845;201;644;44.85;23.79
321603_28144_42058;5;;1723;796;796;177;619;46.20;22.24
321603_28145_42058;6;;1707;802;802;182;620;46.98;22.69
321603_28146_42058;7;;772;346;346;134;212;44.82;38.73
321603_28147_42058;8;;1707;681;681;143;538;39.89;21.00
321603_28148_42058;9;;692;353;353;103;250;51.01;29.18
321603_30738_42058;10;;43;5;5;1;4;11.63;20.00
321604_28149_42058;1;;1366;728;728;161;567;53.29;22.12
321604_28150_42058;2;;671;341;341;135;206;50.82;39.59
321604_28151_42058;3;;545;246;246;65;181;45.14;26.42
321604_28152_42058;4;;504;235;235;83;152;46.63;35.32
321605_28153_42058;1;;788;469;469;169;300;59.52;36.03
321605_28154_42058;2;;831;474;474;103;371;57.04;21.73
321605_28155_42058;3;;963;515;515;169;346;53.48;32.82
321605_28156_42058;4;;732;364;364;94;270;49.73;25.82
321605_30739_42058;5;;54;29;29;20;9;53.70;68.97
321606_28157_42058;1;;562;318;318;82;236;56.58;25.79
321606_28158_42058;2;;673;301;301;77;224;44.73;25.58
321606_28159_42058;3;;486;265;265;65;200;54.53;24.53
321606_28160_42058;4;;537;269;269;114;155;50.09;42.38
321606_28161_42058;5;;702;350;350;121;229;49.86;34.57
321606_28162_42058;6;;635;321;321;83;238;50.55;25.86
321606_28163_42058;7;;932;411;411;117;294;44.10;28.47
321606_28164_42058;8;;433;218;218;46;172;50.35;21.10
321701_28165_42058;1;;754;349;349;80;269;46.29;22.92
321701_28166_42058;2;;1894;839;839;138;701;44.30;16.45
321701_28167_42058;3;;1945;902;902;233;669;46.38;25.83
321701_28168_42058;4;;1935;839;839;182;657;43.36;21.69
321701_28169_42058;5;;1872;844;844;178;666;45.09;21.09
321701_28170_42058;6;;1831;1054;1054;182;872;57.56;17.27
321701_28171_42058;7;;1968;1003;1003;171;832;50.97;17.05
321701_28172_42058;8;;1823;913;913;181;732;50.08;19.82
321701_28173_42058;9;;1756;721;721;131;590;41.06;18.17
321701_28174_42058;10;;2415;1135;1136;283;852;47.00;24.93
321701_28175_42058;11;;2343;1148;1148;220;928;49.00;19.16
321701_30740_42058;12;;34;29;29;8;21;85.29;27.59
321701_30741_42058;13;;56;45;45;6;39;80.36;13.33
321702_28176_42058;1;;1932;1220;1220;415;805;63.15;34.02
321702_28177_42058;2;;1360;693;693;317;376;50.96;45.74
321702_28178_42058;3;;348;213;213;78;135;61.21;36.62
321702_28179_42058;4;;457;277;277;87;190;60.61;31.41
321703_28180_42058;1;;1277;539;539;144;395;42.21;26.72
321703_28181_42058;2;;1437;616;616;166;450;42.87;26.95
321703_28182_42058;3;;445;209;209;44;165;46.97;21.05
321703_28183_42058;4;;605;234;234;60;174;38.68;25.64
321703_28184_42058;5;;491;251;251;84;167;51.12;33.47
321704_28185_42058;1;;816;486;486;131;355;59.56;26.95
321704_28186_42058;2;;754;341;341;120;221;45.23;35.19
321704_28187_42058;3;;840;421;421;130;291;50.12;30.88
321704_28188_42058;4;;385;197;197;99;98;51.17;50.25
321704_28189_42058;5;;420;241;241;99;142;57.38;41.08
321704_28190_42058;6;;817;445;445;151;294;54.47;33.93
321705_28191_42058;1;;1327;672;672;176;496;50.64;26.19
321705_28192_42058;2;;1449;741;741;167;574;51.14;22.54
321705_28193_42058;3;;684;362;362;105;257;52.92;29.01
321705_28194_42058;4;;1385;781;781;117;664;56.39;14.98
321705_28195_42058;5;;754;345;345;113;232;45.76;32.75
321705_28196_42058;6;;1376;752;752;162;590;54.65;21.54
321705_28197_42058;7;;1185;576;576;111;465;48.61;19.27
321705_28198_42058;8;;1202;601;601;113;488;50.00;18.80
321705_28199_42058;9;;603;322;322;43;279;53.40;13.35
321801_28200_42057;1;;1870;1079;1079;372;707;57.70;34.48
321801_28201_42057;2;;1096;563;563;198;365;51.37;35.17
321801_28202_42057;3;;652;287;287;114;173;44.02;39.72
321802_28203_42057;1;;1479;794;794;168;626;53.68;21.16
321802_28204_42057;2;;1483;643;643;114;529;43.36;17.73
321802_28205_42057;3;;1458;614;614;130;484;42.11;21.17
321802_28206_42057;4;;759;295;295;52;243;38.87;17.63
321802_28207_42057;5;;1652;742;742;157;585;44.92;21.16
321802_28208_42057;6;;786;285;285;67;218;36.26;23.51
321802_28209_42057;7;;769;366;366;97;269;47.59;26.50
321802_28210_42057;8;;699;216;216;52;164;30.90;24.07
321802_28211_42057;9;;735;340;340;107;233;46.26;31.47
321802_28212_42057;10;;696;249;249;56;193;35.78;22.49
321802_28213_42057;11;;803;278;278;90;188;34.62;32.37
321803_28214_42057;1;;974;620;620;214;406;63.66;34.52
321803_28215_42057;2;;569;270;270;63;207;47.45;23.33
321803_28216_42057;3;;628;298;298;106;192;47.45;35.57
321803_28217_42057;4;;847;398;398;159;239;46.99;39.95
321804_28218_42057;1;;1989;933;933;275;658;46.91;29.47
321804_28219_42057;2;;2192;965;965;256;709;44.02;26.53
321804_28220_42057;3;;444;187;187;48;139;42.12;25.67
321804_28221_42057;4;;567;243;243;60;183;42.86;24.69
321804_28222_42057;5;;1142;473;473;111;362;41.42;23.47
321804_30742_42057;6;;62;40;40;21;19;64.52;52.50
321805_28223_42057;1;;2222;1184;1184;362;822;53.29;30.57
321805_28224_42057;2;;1024;463;463;169;294;45.21;36.50
321805_28225_42057;3;;865;387;387;114;273;44.74;29.46
321805_28226_42057;4;;1699;840;840;273;567;49.44;32.50
326101_28227_42059;1;;1601;723;724;96;627;45.16;13.28
326101_28228_42059;2;;1780;749;749;84;665;42.08;11.21
326101_28229_42059;3;;1986;1001;1001;94;907;50.40;9.39
326101_28230_42059;4;;1726;862;862;68;794;49.94;7.89
326101_28231_42059;5;;2009;896;896;96;800;44.60;10.71
326101_28232_42059;6;;1603;777;777;66;711;48.47;8.49
326101_28233_42059;7;;2237;1145;1145;114;1031;51.18;9.96
326101_28234_42059;8;;1381;637;637;50;587;46.13;7.85
326101_28235_42059;9;;2176;1144;1144;98;1046;52.57;8.57
326101_28236_42059;10;;2236;959;959;112;847;42.89;11.68
326101_28237_42059;11;;2257;907;907;122;785;40.19;13.45
326101_28238_42059;12;;1996;764;764;83;681;38.28;10.86
326101_28239_42059;13;;1703;727;727;71;656;42.69;9.77
326101_28240_42059;14;;969;463;463;64;399;47.78;13.82
326101_28241_42059;15;;1192;409;409;39;370;34.31;9.54
326101_28242_42059;16;;1927;863;863;112;751;44.78;12.98
326101_28243_42059;17;;2292;808;808;84;724;35.25;10.40
326101_28244_42059;18;;2100;771;771;79;692;36.71;10.25
326101_28245_42059;19;;1764;922;922;98;824;52.27;10.63
326101_28246_42059;20;;1970;957;957;74;883;48.58;7.73
326101_28247_42059;21;;2224;1034;1034;75;959;46.49;7.25
326101_28248_42059;22;;2060;994;1039;40;954;48.25;4.02
326101_28249_42059;23;;1918;861;861;103;758;44.89;11.96
326101_28250_42059;24;;1938;730;730;76;654;37.67;10.41
326101_28251_42059;25;;1853;859;859;93;766;46.36;10.83
326101_28252_42059;26;;2350;941;941;96;845;40.04;10.20
326101_28253_42059;27;;1138;428;428;44;384;37.61;10.28
326101_28254_42059;28;;541;231;231;18;213;42.70;7.79
326101_28255_42059;29;;1779;635;635;83;552;35.69;13.07
326101_28256_42059;30;;1382;483;483;56;427;34.95;11.59
326101_28257_42059;31;;1410;572;572;69;503;40.57;12.06
326101_28258_42059;32;;1156;416;416;71;345;35.99;17.07
326101_28259_42059;33;;1903;721;721;104;617;37.89;14.42
326101_28260_42059;34;;1881;709;709;100;609;37.69;14.10
326101_28261_42059;35;;1571;586;586;92;494;37.30;15.70
326101_28262_42059;36;;1013;326;326;53;273;32.18;16.26
326101_28263_42059;37;;1763;883;883;87;796;50.09;9.85
326101_28264_42059;38;;1828;549;549;64;485;30.03;11.66
326101_28265_42059;39;;985;300;300;50;250;30.46;16.67
326101_28266_42059;40;;1528;595;595;81;514;38.94;13.61
326101_28267_42059;41;;1728;690;690;86;604;39.93;12.46
326101_28268_42059;42;;1884;791;791;80;711;41.99;10.11
326101_28269_42059;43;;2091;1034;1034;62;972;49.45;6.00
326101_28270_42059;44;;2040;906;906;98;808;44.41;10.82
326101_28271_42059;45;;1782;739;739;85;654;41.47;11.50
326101_28272_42059;46;;1909;760;760;75;685;39.81;9.87
326101_28273_42059;47;;2057;927;927;118;809;45.07;12.73
326101_28274_42059;48;;1924;691;691;66;625;35.91;9.55
326101_28275_42059;49;;961;465;465;62;403;48.39;13.33
326101_30743_42059;50;;207;40;40;4;36;19.32;10.00
326101_30744_42059;51;;67;7;7;0;7;10.45;0.00
326101_30745_42059;52;;196;84;84;12;72;42.86;14.29
326101_30746_42059;53;;235;60;60;21;39;25.53;35.00
326201_28276_42056;1;;1141;543;543;120;423;47.59;22.10
326201_28277_42056;2;;2193;835;835;99;736;38.08;11.86
326201_28278_42056;3;;1397;544;544;66;478;38.94;12.13
326201_28279_42056;4;;1709;696;696;110;586;40.73;15.80
326201_28280_42056;5;;1713;691;691;48;643;40.34;6.95
326201_28281_42056;6;;1432;514;514;37;477;35.89;7.20
326201_28282_42056;7;;1306;358;358;69;289;27.41;19.27
326201_28283_42056;8;;1402;461;461;82;379;32.88;17.79
326201_28284_42056;9;;1442;525;525;35;490;36.41;6.67
326201_28285_42056;10;;1493;459;459;45;414;30.74;9.80
326201_28286_42056;11;;2276;839;839;58;781;36.86;6.91
326201_28287_42056;12;;1440;476;476;38;438;33.06;7.98
326201_28288_42056;13;;2154;541;541;37;504;25.12;6.84
326201_28289_42056;14;;2091;616;616;64;552;29.46;10.39
326201_28290_42056;15;;2056;809;809;51;758;39.35;6.30
326201_28291_42056;16;;1509;578;578;51;527;38.30;8.82
326201_28292_42056;17;;1485;551;551;49;502;37.10;8.89
326201_28293_42056;18;;1847;636;636;34;602;34.43;5.35
326201_28294_42056;19;;1248;437;437;37;400;35.02;8.47
326201_28295_42056;20;;1615;611;611;35;576;37.83;5.73
326201_28296_42056;21;;1474;541;541;34;507;36.70;6.28
326201_28297_42056;22;;1171;421;421;88;333;35.95;20.90
326201_28298_42056;23;;1669;597;597;54;543;35.77;9.05
326201_28299_42056;24;;1573;580;580;52;528;36.87;8.97
326201_28300_42056;25;;1725;628;628;45;583;36.41;7.17
326201_28301_42056;26;;704;226;226;11;215;32.10;4.87
326201_28302_42056;27;;1899;685;685;63;622;36.07;9.20
326201_28303_42056;28;;1383;389;389;31;358;28.13;7.97
326201_28304_42056;29;;1255;499;499;43;456;39.76;8.62
326201_28305_42056;30;;1902;702;702;77;625;36.91;10.97
326201_28306_42056;31;;2323;964;964;57;907;41.50;5.91
326201_28307_42056;32;;2073;883;884;54;829;42.60;6.12
326201_28308_42056;33;;1950;646;646;56;590;33.13;8.67
326201_28309_42056;34;;1474;537;537;67;470;36.43;12.48
326201_28310_42056;35;;1197;447;447;38;409;37.34;8.50
326201_28311_42056;36;;2231;667;667;89;578;29.90;13.34
326201_28312_42056;37;;1657;504;504;59;445;30.42;11.71
326201_28313_42056;38;;1658;586;586;62;524;35.34;10.58
326201_28314_42056;39;;2428;896;896;66;830;36.90;7.37
326201_28315_42056;40;;1533;491;491;56;435;32.03;11.41
326201_28316_42056;41;;1952;498;498;48;450;25.51;9.64
326201_28317_42056;42;;847;169;169;11;158;19.95;6.51
326201_28318_42056;43;;1140;373;373;36;337;32.72;9.65
326201_28319_42056;44;;1986;747;747;47;700;37.61;6.29
326201_28320_42056;45;;2180;805;805;107;698;36.93;13.29
326201_28321_42056;46;;1426;492;492;36;456;34.50;7.32
326201_28322_42056;47;;2137;852;852;59;793;39.87;6.92
326201_28323_42056;48;;1796;647;647;70;577;36.02;10.82
326201_28324_42056;49;;1917;740;740;58;682;38.60;7.84
326201_28325_42056;50;;1184;343;343;42;301;28.97;12.24
326201_28326_42056;51;;1597;619;619;62;557;38.76;10.02
326201_28327_42056;52;;1564;618;618;61;557;39.51;9.87
326201_28328_42056;53;;935;371;371;25;346;39.68;6.74
326201_28329_42056;54;;2335;1044;1044;68;976;44.71;6.51
326201_28330_42056;55;;2349;883;883;63;820;37.59;7.13
326201_28331_42056;56;;1036;518;518;43;475;50.00;8.30
326201_28332_42056;57;;1582;643;643;58;585;40.64;9.02
326201_28333_42056;58;;1239;435;435;31;404;35.11;7.13
326201_28334_42056;59;;1197;408;408;23;385;34.09;5.64
326201_28335_42056;60;;2010;761;761;31;730;37.86;4.07
326201_28336_42056;61;;2223;891;891;78;813;40.08;8.75
326201_28337_42056;62;;1807;702;702;50;652;38.85;7.12
326201_28338_42056;63;;2136;737;737;51;686;34.50;6.92
326201_28339_42056;64;;1497;481;481;26;455;32.13;5.41
326201_28340_42056;65;;886;250;250;22;228;28.22;8.80
326201_28341_42056;66;;1626;411;411;44;367;25.28;10.71
326201_28342_42056;67;;1696;456;456;51;405;26.89;11.18
326201_28343_42056;68;;1118;390;390;20;370;34.88;5.13
326201_28344_42056;69;;2241;751;751;46;705;33.51;6.13
326201_28345_42056;70;;741;268;268;14;254;36.17;5.22
326201_28346_42056;71;;1633;501;501;29;472;30.68;5.79
326201_28347_42056;72;;1636;541;541;25;516;33.07;4.62
326201_28348_42056;73;;1377;355;355;20;335;25.78;5.63
326201_28349_42056;74;;1825;518;518;43;475;28.38;8.30
326201_28350_42056;75;;1759;669;669;53;616;38.03;7.92
326201_28351_42056;76;;528;89;89;6;83;16.86;6.74
326201_28352_42056;77;;1492;374;374;27;347;25.07;7.22
326201_28353_42056;78;;1163;373;373;37;336;32.07;9.92
326201_28354_42056;79;;1746;368;368;65;303;21.08;17.66
326201_28355_42056;80;;1814;515;515;89;426;28.39;17.28
326201_28356_42056;81;;1833;436;436;44;392;23.79;10.09
326201_28357_42056;82;;1464;386;386;30;356;26.37;7.77
326201_28358_42056;83;;1712;403;403;44;359;23.54;10.92
326201_28359_42056;84;;1766;443;443;52;391;25.08;11.74
326201_28360_42056;85;;1903;495;495;69;426;26.01;13.94
326201_28361_42056;86;;841;294;294;20;274;34.96;6.80
326201_28362_42056;87;;1129;474;474;55;419;41.98;11.60
326201_28363_42056;88;;2185;654;654;66;588;29.93;10.09
326201_28364_42056;89;;2235;580;580;29;551;25.95;5.00
326201_28365_42056;90;;1720;619;619;56;563;35.99;9.05
326201_28366_42056;91;;1501;552;552;52;500;36.78;9.42
326201_28367_42056;92;;1499;350;350;59;291;23.35;16.86
326201_28368_42056;93;;1713;576;576;39;537;33.63;6.77
326201_28369_42056;94;;1172;229;229;28;201;19.54;12.23
326201_28370_42056;95;;1405;461;461;31;430;32.81;6.72
326201_28371_42056;96;;1806;440;440;42;398;24.36;9.55
326201_28372_42056;97;;1448;474;474;41;433;32.73;8.65
326201_28373_42056;98;;1641;577;577;54;523;35.16;9.36
326201_28374_42056;99;;918;344;344;28;316;37.47;8.14
326201_28375_42056;100;;1923;617;617;57;560;32.09;9.24
326201_28376_42056;101;;838;275;275;20;255;32.82;7.27
326201_28377_42056;102;;2110;813;813;55;758;38.53;6.77
326201_28378_42056;103;;1543;589;589;53;536;38.17;9.00
326201_28379_42056;104;;998;383;383;22;361;38.38;5.74
326201_28380_42056;105;;1639;439;439;51;388;26.78;11.62
326201_28381_42056;106;;1650;469;469;35;434;28.42;7.46
326201_28382_42056;107;;2071;676;676;47;629;32.64;6.95
326201_28383_42056;108;;1715;367;367;39;328;21.40;10.63
326201_28384_42056;109;;1144;498;498;29;469;43.53;5.82
326201_28385_42056;110;;1282;506;506;41;465;39.47;8.10
326201_28386_42056;111;;1738;599;599;51;548;34.46;8.51
326201_28387_42056;112;;1488;519;519;49;470;34.88;9.44
326201_28388_42056;113;;1195;409;409;24;385;34.23;5.87
326201_28389_42056;114;;1747;632;632;62;570;36.18;9.81
326201_28390_42056;115;;2051;750;751;59;691;36.57;7.87
326201_28391_42056;116;;2323;811;811;63;748;34.91;7.77
326201_28392_42056;117;;882;318;318;18;300;36.05;5.66
326201_28393_42056;118;;1382;549;549;41;508;39.73;7.47
326201_28394_42056;119;;1442;403;403;53;350;27.95;13.15
326201_28395_42056;120;;1496;623;623;63;560;41.64;10.11
326201_28396_42056;121;;1916;763;763;72;691;39.82;9.44
326201_28397_42056;122;;2093;880;880;45;835;42.04;5.11
326201_28398_42056;123;;1772;619;619;51;568;34.93;8.24
326201_28399_42056;124;;2197;940;940;86;854;42.79;9.15
326201_28400_42056;125;;1042;420;420;24;396;40.31;5.71
326201_28401_42056;126;;1194;479;479;34;445;40.12;7.10
326201_28402_42056;127;;1962;734;734;65;669;37.41;8.86
326201_28403_42056;128;;2323;999;999;77;922;43.00;7.71
326201_28404_42056;129;;2103;878;878;55;823;41.75;6.26
326201_28405_42056;130;;2210;858;858;36;822;38.82;4.20
326201_28406_42056;131;;2341;899;899;50;849;38.40;5.56
326201_28407_42056;132;;1864;701;701;42;659;37.61;5.99
326201_28408_42056;133;;1061;340;340;32;308;32.05;9.41
326201_28409_42056;134;;1660;684;684;59;625;41.20;8.63
326201_28410_42056;135;;1983;760;760;68;692;38.33;8.95
326201_28411_42056;136;;1992;673;673;68;605;33.79;10.10
326201_28412_42056;137;;2091;830;830;44;786;39.69;5.30
326201_28413_42056;138;;1001;263;263;19;244;26.27;7.22
326201_28414_42056;139;;1741;515;515;52;463;29.58;10.10
326201_28415_42056;140;;1507;553;553;56;497;36.70;10.13
326201_28416_42056;141;;1470;691;691;35;656;47.01;5.07
326201_28417_42056;142;;1487;567;567;36;531;38.13;6.35
326201_28418_42056;143;;1638;695;695;51;644;42.43;7.34
326201_28419_42056;144;;1562;674;674;24;650;43.15;3.56
326201_28420_42056;145;;1230;405;405;23;382;32.93;5.68
326201_28421_42056;146;;1783;844;844;37;807;47.34;4.38
326201_28422_42056;147;;992;478;478;22;456;48.19;4.60
326201_28423_42056;148;;2203;923;923;56;867;41.90;6.07
326201_28424_42056;149;;1894;799;799;42;757;42.19;5.26
326201_28425_42056;150;;1843;583;583;74;509;31.63;12.69
326201_28426_42056;151;;1955;710;710;71;639;36.32;10.00
326201_28427_42056;152;;1492;646;646;37;609;43.30;5.73
326201_28428_42056;153;;945;277;277;25;252;29.31;9.03
326201_28429_42056;154;;1891;528;528;41;487;27.92;7.77
326201_28430_42056;155;;2083;600;600;48;552;28.80;8.00
326201_28431_42056;156;;1772;710;710;86;624;40.07;12.11
326201_28432_42056;157;;2420;660;660;46;614;27.27;6.97
326201_28433_42056;158;;2304;762;762;61;701;33.07;8.01
326201_28434_42056;159;;2432;1180;1180;71;1109;48.52;6.02
326201_28435_42056;160;;1294;449;449;24;425;34.70;5.35
326201_28436_42056;161;;1763;611;611;58;553;34.66;9.49
326201_28437_42056;162;;1424;601;602;24;577;42.21;3.99
326201_28438_42056;163;;1926;986;987;87;899;51.19;8.82
326201_28439_42056;164;;2001;935;935;43;892;46.73;4.60
326201_28440_42056;165;;2235;1059;1059;71;988;47.38;6.70
326201_28441_42056;166;;2055;812;812;52;760;39.51;6.40
326201_28442_42056;167;;2442;1016;1016;59;957;41.61;5.81
326201_28443_42056;168;;2040;855;855;74;781;41.91;8.65
326201_28444_42056;169;;1404;609;609;50;559;43.38;8.21
326201_28445_42056;170;;2424;956;956;58;898;39.44;6.07
326201_28446_42056;171;;1868;555;556;49;506;29.71;8.83
326201_28447_42056;172;;1490;509;509;43;466;34.16;8.45
326201_28448_42056;173;;1865;624;624;71;553;33.46;11.38
326201_28449_42056;174;;2139;748;749;100;648;34.97;13.37
326201_28450_42056;175;;2584;1006;1006;59;947;38.93;5.86
326201_28451_42056;176;;2083;824;824;49;775;39.56;5.95
326201_28452_42056;177;;1781;592;592;60;532;33.24;10.14
326201_28453_42056;178;;1146;282;282;33;249;24.61;11.70
326201_28454_42056;179;;849;261;261;46;215;30.74;17.62
326201_28455_42056;180;;776;200;200;25;175;25.77;12.50
326201_28456_42056;181;;1509;638;638;52;586;42.28;8.15
326201_28457_42056;182;;2148;903;903;75;828;42.04;8.31
326201_28458_42056;183;;996;211;211;29;182;21.18;13.74
326201_28459_42056;184;;1928;453;453;37;416;23.50;8.17
326201_28460_42056;185;;1385;276;276;60;216;19.93;21.74
326201_28461_42056;186;;1349;372;372;47;325;27.58;12.63
326201_28462_42056;187;;1173;378;378;55;323;32.23;14.55
326201_30749_42056;190;;185;60;60;10;50;32.43;16.67
326201_30750_42056;191;;18;9;9;3;6;50.00;33.33
326301_28463_42057;1;;441;166;166;12;154;37.64;7.23
326301_28464_42057;2;;1896;813;813;76;737;42.88;9.35
326301_28465_42057;3;;1193;441;441;49;392;36.97;11.11
326301_28466_42057;4;;1175;481;481;64;417;40.94;13.31
326301_28467_42057;5;;1401;585;586;84;501;41.76;14.36
326301_28468_42057;6;;1662;644;644;91;553;38.75;14.13
326301_28469_42057;7;;1551;709;709;73;636;45.71;10.30
326301_28470_42057;8;;1606;639;639;68;571;39.79;10.64
326301_28471_42057;9;;1782;777;777;78;699;43.60;10.04
326301_28472_42057;10;;969;363;363;40;323;37.46;11.02
326301_28473_42057;11;;1283;516;516;71;445;40.22;13.76
326301_28474_42057;12;;1798;758;758;83;675;42.16;10.95
326301_28475_42057;13;;1514;566;566;68;498;37.38;12.01
326301_28476_42057;14;;1714;692;692;96;596;40.37;13.87
326301_28477_42057;15;;1652;749;749;94;655;45.34;12.55
326301_28478_42057;16;;1733;634;634;69;565;36.58;10.88
326301_28479_42057;17;;1658;560;560;64;496;33.78;11.43
326301_28480_42057;18;;1342;476;476;48;428;35.47;10.08
326301_28481_42057;19;;1515;669;669;62;607;44.16;9.27
326301_28482_42057;20;;1021;411;411;29;382;40.25;7.06
326301_28483_42057;21;;1415;436;436;61;375;30.81;13.99
326301_28484_42057;22;;1071;421;421;63;358;39.31;14.96
326301_28485_42057;23;;566;294;294;46;248;51.94;15.65
326301_28486_42057;24;;968;487;487;61;426;50.31;12.53
326301_30760_42057;25;;53;11;11;4;7;20.75;36.36
326301_30761_42057;26;;24;1;1;0;1;4.17;0.00
326301_30762_42057;27;;31;12;12;2;10;38.71;16.67
